0.000000 0.247538 0.793096 0.526602 0.769088 0.544046 0.645057 0.479818 0.767422 0.665440 0.333341 0.303492 0.386167 0.480569 0.581988 0.424152 0.297087 0.352737 0.384032 0.344809 0.730171 0.927466 0.751380 0.739633 0.899305 0.998171 0.942127 0.954981 0.455034 0.457236 0.900560 0.943805 0.469254 0.464445 0.836543 0.685257 0.705027 0.759668 0.812890 0.625344 0.716620 0.788110 0.672237 0.692987 0.727165 0.619813 0.387132 0.370341 0.449846 0.453409 0.726670 0.640390 0.983062 0.719911 0.523586 0.489062 0.281548 0.272381 0.303813 0.380106 0.316082 0.391201 0.383178 0.337956 0.666723 0.416689 0.755522 0.800752 0.420734 0.470529 0.685427 0.742983 0.680889 0.647183 0.706018 0.756026 0.626799 0.713485 0.471010 0.530996 0.266929 0.274635 0.683811 0.397656 0.527037 0.602152 0.998715 0.886961 0.651481 0.546728 0.770565 0.912645 0.749755 0.952112 0.676244 0.716022 0.703365 0.712211 0.501038 0.588807 0.877419 0.946714 0.709358 0.737990 0.587529 0.603227 0.972377 0.956373 0.778497 0.933999 0.922504 0.510449 0.711521 0.937883 0.757733 0.969168
0.247538 0.000000 0.726602 0.472889 0.843087 0.533677 0.608693 0.474357 0.688230 0.677283 0.333616 0.312169 0.417452 0.474868 0.580737 0.366558 0.280201 0.323784 0.387717 0.310515 0.677134 0.949049 0.727225 0.654623 0.857938 0.908809 0.909332 0.867276 0.353590 0.416164 0.785202 0.786495 0.403190 0.395895 0.926947 0.673115 0.670700 0.748077 0.767104 0.634072 0.766261 0.709339 0.559498 0.568296 0.678888 0.564259 0.410292 0.384387 0.415093 0.421566 0.588956 0.569470 0.873399 0.798814 0.605210 0.520106 0.237165 0.214618 0.355459 0.405886 0.314152 0.410929 0.393104 0.351216 0.632932 0.427190 0.717579 0.714991 0.409182 0.439033 0.590333 0.618789 0.598472 0.558208 0.684009 0.828285 0.576808 0.644347 0.441448 0.450315 0.312024 0.339417 0.650017 0.438479 0.573646 0.586723 0.936224 0.917230 0.671946 0.596880 0.754227 0.855451 0.721526 0.964427 0.631542 0.729492 0.771153 0.725393 0.511729 0.547960 0.913265 0.988079 0.716724 0.749342 0.610637 0.579152 0.970353 0.916410 0.773047 0.987006 0.916318 0.509029 0.723324 0.874061 0.790627 0.976308
0.793096 0.726602 0.000000 0.396686 0.933387 0.829579 0.550363 0.711494 0.703439 0.970472 0.831184 0.877050 0.711361 0.859003 0.760633 0.668576 0.958906 0.905988 0.620105 0.770123 0.652636 0.921061 0.669973 0.732016 0.434366 0.430024 0.939647 0.947906 0.812621 0.894572 0.595218 0.636184 0.592153 0.676036 0.860632 0.888233 0.597941 0.615415 0.515390 0.721918 0.784434 0.790506 0.682702 0.720610 0.869892 0.811027 0.623131 0.803904 0.894414 0.751337 0.662480 0.729406 0.894285 0.972824 0.757920 0.893172 0.803102 0.767355 0.785621 0.702013 0.599094 0.810189 0.988152 0.991903 0.436324 0.508911 0.658797 0.592276 0.611621 0.581041 0.720356 0.656571 0.685668 0.604320 0.926890 0.858371 0.651897 0.761519 0.588585 0.812247 0.892008 0.822775 0.900131 0.864525 0.727540 0.723246 0.907128 0.868454 0.926123 0.888890 0.653678 0.575196 0.594616 0.671320 0.821065 0.900389 0.764390 0.816128 0.880356 0.807281 0.994503 0.820772 0.963701 0.978520 0.676367 0.786897 0.935474 0.755544 0.891803 0.894303 0.976503 0.859136 0.764357 0.924171 0.766735 0.918831
0.526602 0.472889 0.396686 0.000000 0.917788 0.615381 0.487072 0.401046 0.594086 0.747667 0.500524 0.482395 0.463547 0.449289 0.569010 0.433452 0.708241 0.617052 0.471464 0.483085 0.604394 0.989093 0.573697 0.564566 0.627168 0.554165 0.914316 0.912107 0.563137 0.607453 0.646478 0.659523 0.448974 0.512406 0.866233 0.803637 0.603453 0.615401 0.547281 0.712936 0.848111 0.886509 0.625749 0.619379 0.734403 0.666137 0.512908 0.668611 0.610097 0.471289 0.518375 0.518106 0.734636 0.974632 0.623192 0.670945 0.604973 0.556228 0.663493 0.613205 0.409992 0.505641 0.665895 0.637844 0.427479 0.342827 0.679245 0.657538 0.496908 0.317095 0.647588 0.667778 0.808978 0.688975 0.814748 0.736189 0.645181 0.721300 0.413230 0.638707 0.636138 0.515381 0.754393 0.634950 0.567296 0.562291 0.923735 0.984974 0.769072 0.638293 0.638072 0.653762 0.556783 0.670774 0.633146 0.749784 0.794825 0.817419 0.704403 0.731339 0.863018 0.804393 0.870588 0.952024 0.596703 0.667047 0.898967 0.980192 0.977762 0.934626 0.913833 0.793928 0.734781 0.975052 0.688493 0.840574
0.769088 0.843087 0.933387 0.917788 0.000000 0.958495 0.914471 0.885924 0.929290 0.908936 0.860642 0.802205 0.630325 0.791033 0.638793 0.733318 0.868999 0.832373 0.876472 0.909358 0.997886 0.778392 0.710195 0.665922 0.865959 0.858160 0.632278 0.982252 0.902363 0.796021 0.921752 0.876396 0.812201 0.986429 0.990569 0.984563 0.942297 0.977552 0.952565 0.879791 0.924354 0.855837 0.908029 0.898395 0.853822 0.755187 0.725711 0.782044 0.646613 0.732446 0.849500 0.760816 0.832342 0.860747 0.732546 0.765565 0.856927 0.753623 0.802229 0.757975 0.690733 0.779899 0.719269 0.717954 0.751364 0.818808 0.969153 0.938319 0.866891 0.830623 0.790083 0.769534 0.794020 0.944888 0.829745 0.913621 0.903557 0.887288 0.996527 0.745133 0.733164 0.765197 0.773749 0.719971 0.623473 0.672595 0.684230 0.827177 0.633057 0.614590 0.950407 0.793599 0.840542 0.830028 0.957780 0.980861 0.941002 0.927298 0.913944 0.844286 0.872174 0.962466 0.957322 0.990736 0.947630 0.890003 0.849316 0.983910 0.949569 0.968340 0.897619 0.855363 0.750963 0.984428 0.965429 0.840430
0.544046 0.533677 0.829579 0.615381 0.958495 0.000000 0.657832 0.555787 0.745376 0.765453 0.652575 0.587097 0.785858 0.744861 0.920744 0.616259 0.627270 0.659230 0.625173 0.687114 0.750698 0.949269 0.945451 0.879589 0.942093 0.851975 0.802327 0.978966 0.722181 0.683525 0.789654 0.754637 0.579657 0.613771 0.993902 0.703493 0.777771 0.888231 0.845211 0.690318 0.687724 0.861255 0.596754 0.669686 0.837625 0.788650 0.669041 0.786109 0.719779 0.715253 0.714940 0.710426 0.851812 0.930881 0.752907 0.686851 0.587519 0.668676 0.587935 0.676523 0.643291 0.597795 0.799525 0.670975 0.904195 0.580281 0.790784 0.639511 0.695367 0.822723 0.591309 0.658889 0.632656 0.706306 0.888251 0.965549 0.721991 0.746962 0.717007 0.665391 0.603194 0.620386 0.963025 0.753759 0.839429 0.863053 0.893714 0.819900 0.992983 0.885201 0.682020 0.837431 0.748489 0.911946 0.629288 0.811265 0.810468 0.813601 0.574964 0.742167 0.747895 0.985701 0.800840 0.908847 0.699961 0.881908 0.973954 0.986038 0.919691 0.949476 0.908474 0.731814 0.781777 0.826472 0.824791 0.984540
0.645057 0.608693 0.550363 0.487072 0.914471 0.657832 0.000000 0.362768 0.346914 0.476630 0.550293 0.627712 0.709573 0.763788 0.658633 0.444752 0.578810 0.486911 0.343051 0.538002 0.732466 0.973329 0.554928 0.700795 0.904800 0.828843 0.814331 0.825482 0.467683 0.401255 0.345192 0.384190 0.290738 0.299905 0.874475 0.976446 0.848817 0.734394 0.806595 0.909764 0.922164 0.915396 0.323829 0.359703 0.303315 0.358344 0.634328 0.635273 0.552138 0.654550 0.491514 0.538035 0.556098 0.685454 0.737836 0.753062 0.508325 0.765437 0.723652 0.961751 0.404744 0.720549 0.554590 0.581340 0.724115 0.744057 0.313124 0.414835 0.774743 0.700011 0.531009 0.512495 0.540240 0.522120 0.886128 0.753410 0.522189 0.485979 0.540050 0.596406 0.617230 0.668408 0.664585 0.817358 0.749914 0.811283 0.931122 0.964784 0.982450 0.856269 0.477336 0.542076 0.602268 0.705077 0.607069 0.578523 0.650192 0.587272 0.404436 0.387602 0.761424 0.555312 0.618541 0.755501 0.563279 0.789053 0.841730 0.845565 0.769944 0.897449 0.818285 0.615997 0.421292 0.887809 0.671016 0.944094
0.479818 0.474357 0.711494 0.401046 0.885924 0.555787 0.362768 0.000000 0.421602 0.324997 0.369138 0.306087 0.563693 0.495390 0.712773 0.476668 0.508599 0.433367 0.440168 0.433409 0.832517 0.896978 0.771059 0.806125 0.983052 0.957794 0.808329 0.871187 0.439038 0.397028 0.669182 0.708264 0.432184 0.383620 0.895065 0.818320 0.824831 0.760994 0.850300 0.782437 0.883510 0.953720 0.491822 0.530127 0.460684 0.433442 0.529725 0.554227 0.477493 0.572008 0.521090 0.525515 0.679156 0.883234 0.638819 0.585235 0.518667 0.602612 0.554714 0.701803 0.297405 0.308625 0.438346 0.352354 0.780609 0.500513 0.528328 0.537375 0.687004 0.535852 0.604583 0.643562 0.707707 0.686112 0.761256 0.674892 0.551350 0.672834 0.485875 0.627885 0.479769 0.506851 0.774156 0.695918 0.749947 0.828106 0.920325 0.908053 0.853124 0.642958 0.507629 0.705880 0.598357 0.813639 0.650752 0.618880 0.640301 0.625448 0.424699 0.455581 0.610389 0.756793 0.658947 0.772510 0.557222 0.696710 0.968644 0.984569 0.767508 0.860543 0.827765 0.588979 0.514346 0.939776 0.702026 0.898476
0.767422 0.688230 0.703439 0.594086 0.929290 0.745376 0.346914 0.421602 0.000000 0.401489 0.570753 0.606980 0.813707 0.803363 0.788158 0.578009 0.652522 0.519540 0.539522 0.579594 0.781364 0.987910 0.766910 0.899959 0.949133 0.792250 0.791693 0.825985 0.481212 0.485456 0.415473 0.491381 0.466869 0.410369 0.898910 0.997110 0.798315 0.858499 0.769151 0.860858 0.936063 0.858848 0.429591 0.434312 0.402980 0.485788 0.812082 0.747503 0.680229 0.725599 0.518868 0.591659 0.539933 0.628731 0.896759 0.886769 0.564430 0.850193 0.894098 0.909830 0.558535 0.685848 0.589056 0.581570 0.852962 0.839347 0.484061 0.579027 0.820285 0.739653 0.510897 0.537384 0.630163 0.675367 0.998899 0.730841 0.511416 0.521495 0.589265 0.633209 0.706389 0.830979 0.726031 0.879085 0.968062 0.993829 0.781089 0.896708 0.829639 0.952109 0.454758 0.527823 0.605777 0.616360 0.654031 0.708690 0.770628 0.659201 0.521515 0.470215 0.640579 0.527438 0.663152 0.740369 0.645573 0.901806 0.931558 0.853245 0.859407 0.986312 0.855544 0.630584 0.638374 0.985918 0.708037 0.911996
0.665440 0.677283 0.970472 0.747667 0.908936 0.765453 0.476630 0.324997 0.401489 0.000000 0.502512 0.476934 0.822374 0.747294 0.884396 0.653717 0.533435 0.429304 0.597389 0.514563 0.958263 0.831685 0.944284 0.934117 0.779664 0.880085 0.791870 0.787608 0.448040 0.431870 0.674816 0.754975 0.591116 0.459620 0.838940 0.952415 0.845885 0.846335 0.892398 0.860443 0.956135 0.920457 0.515676 0.554037 0.401933 0.442909 0.791216 0.692857 0.591408 0.809202 0.675874 0.701456 0.678441 0.760002 0.872926 0.801559 0.578642 0.781660 0.775540 0.968052 0.525912 0.528524 0.454386 0.389627 0.925144 0.876706 0.560242 0.650504 0.866438 0.803566 0.559330 0.629428 0.723615 0.713242 0.923519 0.748839 0.623916 0.604796 0.629770 0.710624 0.582531 0.766135 0.855099 0.926461 0.950808 0.856411 0.852429 0.806041 0.976469 0.809155 0.457381 0.654198 0.643942 0.752782 0.795102 0.632317 0.772210 0.665622 0.360941 0.420266 0.541426 0.653982 0.558223 0.636442 0.643531 0.797756 0.939633 0.985853 0.737593 0.921528 0.655817 0.562321 0.545672 0.985278 0.796986 0.910801
0.333341 0.333616 0.831184 0.500524 0.860642 0.652575 0.550293 0.369138 0.570753 0.502512 0.000000 0.263387 0.509551 0.421686 0.648430 0.468526 0.314356 0.268835 0.353647 0.340197 0.748957 0.906559 0.819341 0.737362 0.896128 0.939679 0.968179 0.977960 0.325782 0.308633 0.747119 0.820328 0.445628 0.375200 0.881781 0.684792 0.772759 0.744127 0.803997 0.680500 0.810076 0.854900 0.585208 0.600670 0.615673 0.537208 0.539792 0.510331 0.512446 0.570754 0.644558 0.638447 0.834382 0.970229 0.693526 0.639583 0.334238 0.375421 0.485452 0.587741 0.371938 0.402195 0.339489 0.273129 0.861957 0.522370 0.702915 0.720579 0.606296 0.526534 0.672059 0.661594 0.603369 0.624916 0.782209 0.639022 0.567501 0.683592 0.413490 0.515841 0.362937 0.361659 0.744235 0.522076 0.751359 0.754407 0.989236 0.944425 0.763472 0.587816 0.736771 0.874683 0.786601 0.868949 0.715134 0.732548 0.788266 0.686824 0.509425 0.633231 0.837868 0.830667 0.683299 0.719205 0.657033 0.751625 0.830351 0.900988 0.769099 0.951840 0.925876 0.567846 0.629983 0.965298 0.746287 0.851342
0.303492 0.312169 0.877050 0.482395 0.802205 0.587097 0.627712 0.306087 0.606980 0.476934 0.263387 0.000000 0.400419 0.332539 0.596212 0.407120 0.346792 0.350118 0.489889 0.377117 0.799971 0.933642 0.822960 0.734961 0.916626 0.928273 0.986857 0.997287 0.391849 0.395279 0.897180 0.929826 0.502273 0.468868 0.946754 0.697934 0.768160 0.771712 0.871246 0.673287 0.845055 0.911601 0.648185 0.636703 0.632042 0.495197 0.443940 0.436067 0.394366 0.426315 0.569098 0.515722 0.752998 0.966640 0.535903 0.555502 0.383654 0.347653 0.442445 0.504521 0.300536 0.230406 0.319308 0.223548 0.781392 0.420980 0.780579 0.768521 0.560106 0.469485 0.726572 0.782724 0.765838 0.772189 0.703484 0.705912 0.613005 0.730987 0.479980 0.563552 0.296239 0.310671 0.670957 0.447101 0.646092 0.672948 0.986262 0.938108 0.630380 0.526396 0.702227 0.924730 0.771606 0.978056 0.716651 0.698916 0.803696 0.747601 0.553531 0.624822 0.747393 0.917660 0.751255 0.761135 0.611901 0.677875 0.840482 0.958197 0.753095 0.939093 0.884138 0.577497 0.730720 0.991681 0.773889 0.885505
0.386167 0.417452 0.711361 0.463547 0.630325 0.785858 0.709573 0.563693 0.813707 0.822374 0.509551 0.400419 0.000000 0.320824 0.288210 0.316206 0.618030 0.633426 0.552550 0.523171 0.838995 0.904897 0.434588 0.407612 0.754495 0.935576 0.656805 0.849715 0.608144 0.654064 0.998744 0.993464 0.561532 0.635330 0.970928 0.748269 0.728687 0.806977 0.791701 0.692429 0.962743 0.892286 0.769799 0.758935 0.737271 0.567747 0.399587 0.451072 0.328089 0.304612 0.498319 0.410650 0.724876 0.968135 0.542798 0.471256 0.533771 0.419501 0.524620 0.467910 0.341403 0.433613 0.518051 0.506748 0.375191 0.399271 0.942223 0.986874 0.553445 0.392083 0.995224 0.966073 0.937437 0.968343 0.675407 0.788009 0.667893 0.812204 0.609639 0.575234 0.458527 0.342723 0.514062 0.351350 0.308784 0.344728 0.841707 0.827322 0.474269 0.413705 0.901802 0.999369 0.910563 0.999205 0.747628 0.776586 0.899702 0.838173 0.733312 0.736127 0.941525 0.913205 0.990589 0.989182 0.744157 0.737229 0.910894 0.994104 0.863984 0.936840 0.976421 0.734975 0.757765 0.996848 0.679103 0.945485
0.480569 0.474868 0.859003 0.449289 0.791033 0.744861 0.763788 0.495390 0.803363 0.747294 0.421686 0.332539 0.320824 0.000000 0.384991 0.366775 0.604729 0.543572 0.561586 0.472740 0.866387 0.894506 0.562572 0.463384 0.990786 0.986099 0.776468 0.873955 0.538357 0.553698 0.989487 0.942324 0.595942 0.687474 0.879303 0.657474 0.775647 0.785855 0.894242 0.725776 0.922861 0.931360 0.829512 0.757166 0.791051 0.635418 0.574133 0.613748 0.460826 0.382081 0.564348 0.476945 0.713910 0.958491 0.587101 0.602015 0.594031 0.458163 0.679959 0.614326 0.466394 0.433289 0.510126 0.446474 0.603469 0.445602 0.928235 0.937917 0.654797 0.460162 0.984475 0.973289 0.948965 0.971496 0.801972 0.760972 0.751933 0.933319 0.564967 0.634099 0.524987 0.384887 0.557544 0.422316 0.531104 0.494434 0.891291 0.786245 0.567798 0.430803 0.939723 0.897845 0.938516 0.955866 0.772305 0.802997 0.999603 0.914743 0.815003 0.866329 0.974062 0.984034 0.958000 0.950408 0.824687 0.813478 0.845272 0.802780 0.858886 0.979475 0.940873 0.839135 0.856173 0.906516 0.726939 0.888408
0.581988 0.580737 0.760633 0.569010 0.638793 0.920744 0.658633 0.712773 0.788158 0.884396 0.648430 0.596212 0.288210 0.384991 0.000000 0.297187 0.714517 0.646768 0.546250 0.575160 0.797501 0.980823 0.266208 0.324134 0.770478 0.886846 0.584617 0.824644 0.614401 0.605921 0.801010 0.834294 0.544002 0.674014 0.952546 0.825775 0.768184 0.864106 0.834353 0.841262 0.990909 0.935629 0.730879 0.668345 0.643804 0.547548 0.599312 0.584347 0.407504 0.357226 0.500908 0.439215 0.554477 0.832453 0.587774 0.639922 0.584699 0.561049 0.731186 0.751347 0.484683 0.706261 0.563568 0.608466 0.409130 0.628902 0.938532 0.969326 0.656386 0.566524 0.986442 0.973554 0.905922 0.994725 0.838162 0.805982 0.736720 0.753487 0.743755 0.569333 0.559146 0.488667 0.422518 0.450528 0.362028 0.367226 0.780016 0.723473 0.564522 0.510201 0.946944 0.993636 0.979323 0.986577 0.763175 0.783029 0.971963 0.941997 0.747397 0.728366 0.878403 0.763206 0.948104 0.906650 0.806414 0.890866 0.916590 0.965423 0.832097 0.966076 0.919692 0.820701 0.757944 0.996186 0.728439 0.996008
0.424152 0.366558 0.668576 0.433452 0.733318 0.616259 0.444752 0.476668 0.578009 0.653717 0.468526 0.407120 0.316206 0.366775 0.297187 0.000000 0.483991 0.452897 0.387005 0.396348 0.731016 0.961832 0.365060 0.395421 0.828066 0.847935 0.809928 0.954275 0.482991 0.446423 0.618413 0.629738 0.336350 0.439934 0.985450 0.760720 0.650830 0.670345 0.765444 0.678060 0.849601 0.845013 0.451102 0.416667 0.494197 0.384955 0.473028 0.461333 0.337425 0.335171 0.348744 0.302879 0.504573 0.811917 0.570341 0.568740 0.362980 0.450017 0.603930 0.709641 0.338492 0.520750 0.489518 0.456152 0.468937 0.506170 0.742805 0.773508 0.561068 0.541563 0.705470 0.693281 0.795494 0.716041 0.780051 0.744615 0.572429 0.596667 0.503775 0.448891 0.411535 0.429897 0.450971 0.461453 0.457453 0.466039 0.977464 0.926325 0.645129 0.586928 0.670234 0.798157 0.762037 0.886753 0.600919 0.637969 0.878092 0.812738 0.547075 0.536420 0.910992 0.734982 0.774530 0.842271 0.654295 0.739894 0.914086 0.935295 0.756894 0.988209 0.898614 0.607704 0.594814 0.902632 0.612809 0.994736
0.297087 0.280201 0.958906 0.708241 0.868999 0.627270 0.578810 0.508599 0.652522 0.533435 0.314356 0.346792 0.618030 0.604729 0.714517 0.483991 0.000000 0.198519 0.395332 0.353179 0.748689 0.958516 0.887705 0.850091 0.855857 0.857923 0.941127 0.986265 0.307845 0.288137 0.753743 0.795613 0.461502 0.368843 0.861909 0.710484 0.799750 0.847942 0.998675 0.725293 0.741510 0.755596 0.515597 0.537003 0.572604 0.521355 0.544130 0.412870 0.476272 0.592266 0.725921 0.716213 0.922035 0.827119 0.667292 0.629487 0.216588 0.321615 0.421985 0.629317 0.416047 0.527556 0.282182 0.252597 0.943743 0.687550 0.669762 0.729515 0.555501 0.666164 0.558070 0.582908 0.500825 0.531124 0.746844 0.836977 0.615834 0.619820 0.461379 0.459606 0.290653 0.401307 0.650853 0.547034 0.767860 0.815754 0.957125 0.856935 0.807719 0.712716 0.743366 0.911541 0.816459 0.987410 0.677593 0.679999 0.740626 0.649696 0.428745 0.487001 0.838528 0.889539 0.631179 0.570682 0.632715 0.624226 0.962847 0.911944 0.640240 0.973133 0.756863 0.484091 0.686959 0.867884 0.839175 0.982023
0.352737 0.323784 0.905988 0.617052 0.832373 0.659230 0.486911 0.433367 0.519540 0.429304 0.268835 0.350118 0.633426 0.543572 0.646768 0.452897 0.198519 0.000000 0.327859 0.301844 0.703811 0.979244 0.789391 0.785139 0.846621 0.919124 0.987521 0.992884 0.243482 0.207084 0.667450 0.708853 0.394885 0.306776 0.932971 0.771838 0.783592 0.824264 0.966714 0.753915 0.758051 0.755605 0.473112 0.488986 0.477407 0.456542 0.598319 0.453028 0.483611 0.597227 0.684365 0.676113 0.790137 0.934599 0.731961 0.688053 0.248363 0.355428 0.514004 0.723624 0.397547 0.531664 0.259140 0.239110 0.898260 0.681239 0.628808 0.674463 0.599970 0.618249 0.536771 0.550085 0.538717 0.533637 0.834160 0.756548 0.617705 0.553499 0.458073 0.423691 0.345462 0.450840 0.606773 0.568230 0.771707 0.814268 0.931872 0.937941 0.865757 0.672502 0.678014 0.847494 0.782272 0.916367 0.666294 0.643088 0.779083 0.660034 0.383490 0.454055 0.805528 0.801349 0.601641 0.554157 0.622470 0.676954 0.998114 0.993351 0.709553 0.969272 0.791653 0.482918 0.637968 0.923810 0.769619 0.919685
0.384032 0.387717 0.620105 0.471464 0.876472 0.625173 0.343051 0.440168 0.539522 0.597389 0.353647 0.489889 0.552550 0.561586 0.546250 0.387005 0.395332 0.327859 0.000000 0.371828 0.734555 0.959776 0.559942 0.653205 0.950494 0.897367 0.971448 0.984867 0.353075 0.348230 0.550312 0.558975 0.342213 0.301996 0.880846 0.799825 0.791561 0.748416 0.770683 0.763451 0.803707 0.848235 0.509835 0.544895 0.518959 0.496979 0.533643 0.496938 0.537381 0.586831 0.659505 0.642522 0.779575 0.981599 0.693048 0.689812 0.369122 0.473390 0.519558 0.685206 0.370542 0.646369 0.463103 0.461093 0.700367 0.596188 0.538684 0.642542 0.585457 0.591694 0.587241 0.541675 0.578644 0.528742 0.818993 0.780674 0.523238 0.555598 0.422468 0.512873 0.461915 0.428445 0.674278 0.549527 0.642298 0.707396 0.978056 0.992550 0.861207 0.757919 0.663804 0.777606 0.710475 0.826533 0.608988 0.658752 0.741375 0.792377 0.472556 0.467548 0.915946 0.730407 0.709215 0.753408 0.659187 0.733623 0.978635 0.959383 0.742625 0.901098 0.950572 0.566101 0.547055 0.960836 0.691285 0.940114
0.344809 0.310515 0.770123 0.483085 0.909358 0.687114 0.538002 0.433409 0.579594 0.514563 0.340197 0.377117 0.523171 0.472740 0.575160 0.396348 0.353179 0.301844 0.371828 0.000000 0.730168 0.965650 0.681707 0.729482 0.945906 0.961681 0.959211 0.976199 0.350437 0.387753 0.718518 0.775288 0.459127 0.370257 0.931214 0.715353 0.699260 0.756288 0.779036 0.765873 0.776854 0.833673 0.586325 0.584557 0.623460 0.578268 0.599381 0.529373 0.554341 0.551767 0.685451 0.659786 0.806601 0.959805 0.699765 0.656303 0.316009 0.388126 0.574123 0.682795 0.398794 0.508931 0.411047 0.379013 0.729387 0.581531 0.751058 0.794162 0.555869 0.494425 0.535879 0.572108 0.675817 0.626731 0.861322 0.794571 0.552056 0.651676 0.474112 0.565777 0.476828 0.490971 0.635522 0.618067 0.713466 0.799220 0.968796 0.917742 0.828708 0.631176 0.650541 0.769353 0.683547 0.822824 0.712852 0.628751 0.816641 0.727016 0.473283 0.478884 0.795290 0.854759 0.707836 0.745384 0.615855 0.652393 0.975529 0.973349 0.771754 0.957958 0.939310 0.491871 0.644430 0.968624 0.805549 0.888832
0.730171 0.677134 0.652636 0.604394 0.997886 0.750698 0.732466 0.832517 0.781364 0.958263 0.748957 0.799971 0.838995 0.866387 0.797501 0.731016 0.748689 0.703811 0.734555 0.730168 0.000000 0.895223 0.843105 0.846841 0.843031 0.765747 0.913169 0.820357 0.788012 0.716431 0.669804 0.787181 0.719021 0.705589 0.993147 0.937219 0.631019 0.865537 0.728160 0.723513 0.882908 0.836806 0.689006 0.701093 0.879414 0.907636 0.746590 0.800205 0.874066 0.845672 0.856206 0.874593 0.935144 0.921003 0.839915 0.961397 0.672415 0.689699 0.771537 0.831309 0.748949 0.831089 0.869761 0.829792 0.749506 0.728975 0.736520 0.659326 0.632123 0.651758 0.716710 0.749742 0.660985 0.674166 0.822677 0.863507 0.861610 0.715165 0.762633 0.648780 0.737653 0.737350 0.872139 0.829087 0.839387 0.769920 0.918839 0.916658 0.968638 0.963198 0.850180 0.863532 0.855928 0.874517 0.703484 0.921007 0.829614 0.928791 0.807297 0.828358 0.904672 0.859609 0.899591 0.789692 0.647177 0.832632 0.967328 0.929400 0.793500 0.916544 0.997307 0.916867 0.868145 0.899405 0.835192 0.923248
0.927466 0.949049 0.921061 0.989093 0.778392 0.949269 0.973329 0.896978 0.987910 0.831685 0.906559 0.933642 0.904897 0.894506 0.980823 0.961832 0.958516 0.979244 0.959776 0.965650 0.895223 0.000000 0.992979 0.941943 0.898564 0.848032 0.917417 0.916676 0.956460 0.931870 0.828020 0.725504 0.927006 0.901640 0.852259 0.907570 0.794197 0.836137 0.945370 0.938449 0.922047 0.874469 0.877412 0.943823 0.992405 0.968245 0.957463 0.945178 0.894291 0.983699 0.962780 0.977233 0.964654 0.915812 0.935459 0.848399 0.921245 0.981713 0.967172 0.902218 0.912648 0.811143 0.874904 0.864233 0.999654 0.917742 0.926272 0.930561 0.981640 0.898883 0.761941 0.850145 0.812095 0.835460 0.935466 0.998182 0.941564 0.972700 0.926151 0.892692 0.990273 0.975599 0.999284 0.999842 0.967352 0.983627 0.924038 0.897122 0.923228 0.724653 0.940517 0.836935 0.876420 0.933585 0.891071 0.910860 0.944350 0.996000 0.997500 0.955635 0.905858 0.999041 0.891339 0.753120 0.919647 0.898427 0.935840 0.948406 0.822170 0.824546 0.944625 0.961978 0.996171 0.807169 0.930865 0.962775
0.751380 0.727225 0.669973 0.573697 0.710195 0.945451 0.554928 0.771059 0.766910 0.944284 0.819341 0.822960 0.434588 0.562572 0.266208 0.365060 0.887705 0.789391 0.559942 0.681707 0.843105 0.992979 0.000000 0.298564 0.718809 0.790691 0.621752 0.815674 0.710576 0.713874 0.711173 0.697335 0.506335 0.691319 0.937229 0.986172 0.873802 0.921750 0.787142 0.961156 0.947845 0.996669 0.688467 0.637982 0.559545 0.521538 0.679920 0.671759 0.497694 0.436362 0.499110 0.414642 0.501294 0.701150 0.696532 0.689822 0.733014 0.769973 0.906652 0.912693 0.575137 0.911296 0.725739 0.817332 0.371230 0.753226 0.808483 0.922419 0.789480 0.634457 0.974477 0.961497 0.885362 0.980803 0.825800 0.897088 0.779277 0.749002 0.796716 0.702995 0.749503 0.660744 0.479678 0.605996 0.359107 0.386510 0.891773 0.693438 0.703374 0.639891 0.874928 0.870022 0.912683 0.950566 0.797861 0.737320 0.987915 0.904710 0.776475 0.675489 0.870772 0.726157 0.950708 0.983636 0.790797 0.875210 0.893304 0.934260 0.903068 0.935584 0.925757 0.843949 0.644392 0.987367 0.677333 0.997476
0.739633 0.654623 0.732016 0.564566 0.665922 0.879589 0.700795 0.806125 0.899959 0.934117 0.737362 0.734961 0.407612 0.463384 0.324134 0.395421 0.850091 0.785139 0.653205 0.729482 0.846841 0.941943 0.298564 0.000000 0.734325 0.857589 0.668378 0.847677 0.746810 0.713140 0.866336 0.771128 0.569711 0.751157 0.982910 0.826526 0.831888 0.912788 0.772172 0.918848 0.993203 0.931201 0.719836 0.630764 0.714294 0.595974 0.654878 0.716851 0.511799 0.406086 0.461676 0.408242 0.542223 0.778343 0.711880 0.653063 0.722597 0.653350 0.854984 0.781419 0.614537 0.832177 0.721491 0.779291 0.454097 0.648852 0.944101 0.974130 0.811864 0.639337 0.931933 0.977269 0.935197 0.931138 0.812170 0.902144 0.782536 0.834409 0.770143 0.597799 0.691674 0.582846 0.502196 0.488733 0.405579 0.325541 0.873560 0.661135 0.596622 0.589749 0.995994 0.992407 0.972589 0.934248 0.816584 0.803841 0.950681 0.937869 0.899136 0.830717 0.802530 0.876608 0.988182 0.982905 0.895668 0.918866 0.998019 0.974450 0.879432 0.989791 0.852807 0.880363 0.744817 0.992408 0.757301 0.950393
0.899305 0.857938 0.434366 0.627168 0.865959 0.942093 0.904800 0.983052 0.949133 0.779664 0.896128 0.916626 0.754495 0.990786 0.770478 0.828066 0.855857 0.846621 0.950494 0.945906 0.843031 0.898564 0.718809 0.734325 0.000000 0.432784 0.793926 0.940441 0.945106 0.807625 0.855032 0.839074 0.801821 0.946190 0.915096 0.963286 0.651822 0.781497 0.618906 0.880435 0.791296 0.815464 0.899307 0.931210 0.915230 0.939959 0.771136 0.906425 0.953908 0.770548 0.807139 0.870154 0.950718 0.851340 0.808362 0.872416 0.945698 0.876713 0.919525 0.738845 0.808741 0.978256 0.822842 0.784164 0.414764 0.633072 0.928566 0.864013 0.631632 0.666945 0.865922 0.864864 0.975152 0.813659 0.753348 0.926190 0.835800 0.859395 0.918084 0.898412 0.987849 0.975522 0.991300 0.915087 0.648258 0.663819 0.942909 0.875736 0.856870 0.911541 0.829155 0.680745 0.627713 0.699859 0.887397 0.997226 0.779466 0.962730 0.997374 0.999049 0.900202 0.997278 0.980105 0.946789 0.684135 0.812859 0.946530 0.811177 0.831535 0.848763 0.880944 0.915128 0.924009 0.873880 0.885725 0.935228
0.998171 0.908809 0.430024 0.554165 0.858160 0.851975 0.828843 0.957794 0.792250 0.880085 0.939679 0.928273 0.935576 0.986099 0.886846 0.847935 0.857923 0.919124 0.897367 0.961681 0.765747 0.848032 0.790691 0.857589 0.432784 0.000000 0.940770 0.845282 0.994042 0.883598 0.694097 0.686772 0.757293 0.916759 0.765827 0.994780 0.614490 0.782551 0.556595 0.777110 0.877453 0.779333 0.795477 0.844663 0.955878 0.943714 0.865936 0.993441 0.911415 0.864500 0.752946 0.850584 0.925269 0.983763 0.966183 0.935524 0.976232 0.959586 0.957044 0.927808 0.899855 0.997116 0.814937 0.781827 0.553102 0.687258 0.846096 0.743303 0.708150 0.744085 0.694944 0.680689 0.885570 0.754153 0.929928 0.913783 0.795550 0.843479 0.836359 0.910680 0.912902 0.937843 0.960132 0.960690 0.880513 0.835952 0.784908 0.857365 0.899249 0.975666 0.685046 0.554385 0.564541 0.623139 0.812538 0.926578 0.798456 0.939550 0.992886 0.970902 0.970257 0.958304 0.911925 0.973221 0.719241 0.878754 0.934717 0.743051 0.806863 0.965852 0.816056 0.966934 0.971554 0.956350 0.823393 0.994201
0.942127 0.909332 0.939647 0.914316 0.632278 0.802327 0.814331 0.808329 0.791693 0.791870 0.968179 0.986857 0.656805 0.776468 0.584617 0.809928 0.941127 0.987521 0.971448 0.959211 0.913169 0.917417 0.621752 0.668378 0.793926 0.940770 0.000000 0.601617 0.974959 0.959670 0.876953 0.857243 0.999849 0.840304 0.907558 0.964404 0.912934 0.971890 0.965551 0.904431 0.974381 0.860474 0.931030 0.933415 0.924744 0.984271 0.891607 0.852761 0.752228 0.729023 0.869526 0.800153 0.817849 0.918367 0.849176 0.905728 0.994987 0.827039 0.981708 0.842972 0.950844 0.955024 0.942775 0.983101 0.584432 0.918912 0.723698 0.709091 0.868491 0.762826 0.740795 0.718215 0.674924 0.829385 0.903841 0.985637 0.860735 0.927647 0.998459 0.800370 0.928315 0.845525 0.732885 0.761374 0.581554 0.556363 0.820748 0.757438 0.602016 0.767249 0.768964 0.846040 0.825341 0.921985 0.927913 0.918852 0.785038 0.750217 0.817560 0.847721 0.670957 0.905632 0.778191 0.946160 0.914054 0.885408 0.984780 0.941014 0.841044 0.977031 0.960645 0.903668 0.850699 0.964040 0.933292 0.972781
0.954981 0.867276 0.947906 0.912107 0.982252 0.978966 0.825482 0.871187 0.825985 0.787608 0.977960 0.997287 0.849715 0.873955 0.824644 0.954275 0.986265 0.992884 0.984867 0.976199 0.820357 0.916676 0.815674 0.847677 0.940441 0.845282 0.601617 0.000000 0.966736 0.964910 0.846190 0.832488 0.946612 0.895798 0.838903 0.830385 0.961436 0.768811 0.959692 0.832967 0.886543 0.963844 0.944275 0.913377 0.827049 0.866549 0.927169 0.970120 0.948982 0.875625 0.994950 0.989177 0.943070 0.799977 0.902262 0.809746 0.973980 0.824998 0.975083 0.815349 0.986810 0.966047 0.953754 0.982942 0.783724 0.875977 0.773818 0.902076 0.751723 0.850532 0.909511 0.903459 0.881545 0.903170 0.894539 0.788970 0.997063 0.890972 0.968973 0.973490 0.960992 0.858344 0.931221 0.860673 0.779113 0.712108 0.955406 0.950222 0.785482 0.736164 0.759182 0.885874 0.825600 0.866456 0.943232 0.888443 0.795828 0.862163 0.875347 0.864417 0.648366 0.801415 0.729544 0.868623 0.930307 0.944924 0.907924 0.939836 0.989824 0.936597 0.876558 0.963940 0.794089 0.905650 0.881778 0.973368
0.455034 0.353590 0.812621 0.563137 0.902363 0.722181 0.467683 0.439038 0.481212 0.448040 0.325782 0.391849 0.608144 0.538357 0.614401 0.482991 0.307845 0.243482 0.353075 0.350437 0.788012 0.956460 0.710576 0.746810 0.945106 0.994042 0.974959 0.966736 0.000000 0.282793 0.649973 0.709952 0.386737 0.308621 0.995370 0.813043 0.802604 0.885842 0.920046 0.832419 0.840928 0.814161 0.548092 0.555309 0.463396 0.462494 0.610929 0.517128 0.459983 0.566578 0.634257 0.681867 0.743367 0.956088 0.729222 0.695368 0.340968 0.432831 0.576362 0.730558 0.396239 0.583731 0.283747 0.305255 0.834078 0.707728 0.603772 0.707901 0.625179 0.577038 0.602117 0.582741 0.577503 0.633787 0.809337 0.802920 0.592311 0.561829 0.485641 0.488927 0.407904 0.458297 0.574056 0.579334 0.731145 0.788792 0.948970 0.941412 0.835528 0.662900 0.719325 0.817194 0.749989 0.888876 0.737752 0.660398 0.848547 0.642267 0.454741 0.519014 0.844759 0.787650 0.649816 0.600069 0.680449 0.697110 0.941308 0.946919 0.755694 0.972830 0.883032 0.561786 0.677067 0.954950 0.875093 0.867003
0.457236 0.416164 0.894572 0.607453 0.796021 0.683525 0.401255 0.397028 0.485456 0.431870 0.308633 0.395279 0.654064 0.553698 0.605921 0.446423 0.288137 0.207084 0.348230 0.387753 0.716431 0.931870 0.713874 0.713140 0.807625 0.883598 0.959670 0.964910 0.282793 0.000000 0.585394 0.655442 0.384404 0.345718 0.970020 0.823664 0.842829 0.845772 0.984177 0.800297 0.844396 0.823547 0.457929 0.401222 0.379513 0.358850 0.623606 0.516417 0.452473 0.578523 0.586530 0.582654 0.665610 0.896201 0.646255 0.679919 0.337437 0.469048 0.536900 0.802935 0.394048 0.565308 0.256218 0.256586 0.928363 0.737088 0.538437 0.622896 0.700999 0.654125 0.619241 0.606330 0.568863 0.613614 0.846430 0.734694 0.612915 0.538503 0.474206 0.431108 0.368623 0.447326 0.582274 0.582969 0.766936 0.775999 0.989478 0.933754 0.869939 0.690155 0.719195 0.899988 0.844406 0.963871 0.657990 0.647282 0.756265 0.657663 0.429215 0.453535 0.852880 0.733238 0.597245 0.589015 0.663817 0.735555 0.955551 0.993554 0.752879 0.983140 0.830421 0.537328 0.582555 0.939562 0.740086 0.968226
0.900560 0.785202 0.595218 0.646478 0.921752 0.789654 0.345192 0.669182 0.415473 0.674816 0.747119 0.897180 0.998744 0.989487 0.801010 0.618413 0.753743 0.667450 0.550312 0.718518 0.669804 0.828020 0.711173 0.866336 0.855032 0.694097 0.876953 0.846190 0.649973 0.585394 0.000000 0.300384 0.453130 0.486192 0.897907 0.919414 0.776946 0.632034 0.753508 0.907753 0.864269 0.807238 0.395690 0.375784 0.468487 0.576567 0.903518 0.899630 0.812590 0.838037 0.564545 0.691047 0.605459 0.617702 0.864421 0.981622 0.607652 0.956232 0.965867 0.800395 0.720054 0.988879 0.819028 0.828383 0.836879 0.963339 0.452606 0.515095 0.831440 0.900825 0.450344 0.423878 0.548634 0.491577 0.958947 0.775699 0.625247 0.429645 0.639153 0.651510 0.796861 0.947738 0.826394 0.951059 0.984793 0.968724 0.809173 0.798323 0.788756 0.822196 0.543072 0.457123 0.571234 0.597770 0.659624 0.817423 0.725209 0.835145 0.581973 0.589620 0.811932 0.477371 0.618152 0.765133 0.665724 0.951554 0.824314 0.815249 0.872992 0.892807 0.870235 0.819641 0.606543 0.893743 0.778957 0.971071
0.943805 0.786495 0.636184 0.659523 0.876396 0.754637 0.384190 0.708264 0.491381 0.754975 0.820328 0.929826 0.993464 0.942324 0.834294 0.629738 0.795613 0.708853 0.558975 0.775288 0.787181 0.725504 0.697335 0.771128 0.839074 0.686772 0.857243 0.832488 0.709952 0.655442 0.300384 0.000000 0.517288 0.546343 0.940246 0.936608 0.815735 0.726754 0.832046 0.880987 0.878349 0.917572 0.414171 0.427795 0.527021 0.603506 0.880020 0.920650 0.808657 0.819162 0.559474 0.662379 0.634944 0.657511 0.906989 0.976507 0.677485 0.972848 0.963382 0.792628 0.790724 0.933330 0.870594 0.905570 0.840591 0.972855 0.515699 0.567111 0.902683 0.877670 0.487833 0.523018 0.589640 0.582075 0.893802 0.892083 0.678103 0.561494 0.673280 0.672693 0.898218 0.949259 0.839617 0.994455 0.993604 0.933837 0.767456 0.997092 0.801532 0.843971 0.613543 0.520396 0.616850 0.694634 0.651309 0.816028 0.785203 0.899618 0.666273 0.625301 0.863025 0.592980 0.678669 0.829209 0.663706 0.929573 0.906453 0.879486 0.929265 0.917098 0.851786 0.845094 0.637689 0.903279 0.751471 0.954954
0.469254 0.403190 0.592153 0.448974 0.812201 0.579657 0.290738 0.432184 0.466869 0.591116 0.445628 0.502273 0.561532 0.595942 0.544002 0.336350 0.461502 0.394885 0.342213 0.459127 0.719021 0.927006 0.506335 0.569711 0.801821 0.757293 0.999849 0.946612 0.386737 0.384404 0.453130 0.517288 0.000000 0.305370 0.912411 0.877905 0.773072 0.657709 0.798289 0.780952 0.749557 0.742767 0.342278 0.352883 0.407183 0.387182 0.547485 0.529875 0.442697 0.453054 0.415715 0.447179 0.590098 0.827966 0.639221 0.636566 0.355008 0.500980 0.587136 0.733914 0.340113 0.606753 0.499539 0.507317 0.585751 0.549750 0.484890 0.507575 0.584623 0.599916 0.546262 0.503756 0.574719 0.496241 0.695396 0.759951 0.531108 0.482832 0.509887 0.519035 0.451757 0.511251 0.575561 0.601309 0.585184 0.597467 0.942726 0.967869 0.827422 0.722207 0.547819 0.627306 0.622448 0.793148 0.590168 0.606804 0.640999 0.554732 0.407787 0.486762 0.830688 0.716879 0.593144 0.743657 0.522113 0.682900 0.905586 0.826423 0.829764 0.952036 0.914874 0.576432 0.477107 0.875641 0.650909 0.928451
0.464445 0.395895 0.676036 0.512406 0.986429 0.613771 0.299905 0.383620 0.410369 0.459620 0.375200 0.468868 0.635330 0.687474 0.674014 0.439934 0.368843 0.306776 0.301996 0.370257 0.705589 0.901640 0.691319 0.751157 0.946190 0.916759 0.840304 0.895798 0.308621 0.345718 0.486192 0.546343 0.305370 0.000000 0.963491 0.904471 0.727972 0.742008 0.784462 0.784956 0.803560 0.810694 0.395836 0.461739 0.391009 0.427777 0.589063 0.520662 0.528733 0.654457 0.583495 0.659853 0.716753 0.886502 0.815588 0.678971 0.329957 0.509385 0.563571 0.763665 0.370491 0.606141 0.440655 0.436429 0.772524 0.674921 0.450127 0.523048 0.637936 0.614153 0.419355 0.437986 0.463320 0.419844 0.735452 0.784828 0.479080 0.458507 0.491838 0.486839 0.465767 0.554004 0.693039 0.670109 0.767216 0.830003 0.828352 0.848032 0.948222 0.832699 0.548506 0.612644 0.623381 0.749840 0.577108 0.506788 0.700755 0.589406 0.324215 0.378473 0.762395 0.652849 0.585469 0.654836 0.551317 0.679527 0.952115 0.847964 0.752460 0.950943 0.854614 0.488275 0.507784 0.801185 0.705544 0.890195
0.836543 0.926947 0.860632 0.866233 0.990569 0.993902 0.874475 0.895065 0.898910 0.838940 0.881781 0.946754 0.970928 0.879303 0.952546 0.985450 0.861909 0.932971 0.880846 0.931214 0.993147 0.852259 0.937229 0.982910 0.915096 0.765827 0.907558 0.838903 0.995370 0.970020 0.897907 0.940246 0.912411 0.963491 0.000000 0.817442 0.982801 0.904226 0.965607 0.978998 0.814835 0.865236 0.776262 0.876504 0.796728 0.819279 0.938489 0.961958 0.978252 0.920623 0.847851 0.918166 0.805049 0.858555 0.938415 0.953416 0.886797 0.951711 0.964582 0.976515 0.917588 0.955220 0.981226 0.954729 0.874524 0.984142 0.797838 0.715512 0.974371 0.985870 0.814788 0.859411 0.948347 0.986516 0.944234 0.972682 0.907108 0.832253 0.998323 0.904128 0.868278 0.848645 0.942244 0.767123 0.955473 0.992367 0.891596 0.873330 0.975822 0.913002 0.784579 0.758935 0.848084 0.898937 0.961050 0.787615 0.880266 0.905040 0.897474 0.886199 0.748573 0.892421 0.878413 0.970600 0.873387 0.918656 0.962001 0.812154 0.873559 0.887486 0.952897 0.962951 0.830883 0.898653 0.863730 0.939179
0.685257 0.673115 0.888233 0.803637 0.984563 0.703493 0.976446 0.818320 0.997110 0.952415 0.684792 0.697934 0.748269 0.657474 0.825775 0.760720 0.710484 0.771838 0.799825 0.715353 0.937219 0.907570 0.986172 0.826526 0.963286 0.994780 0.964404 0.830385 0.813043 0.823664 0.919414 0.936608 0.877905 0.904471 0.817442 0.000000 0.758094 0.983372 0.966057 0.810997 0.720671 0.871017 0.960419 0.900057 0.839443 0.970845 0.806614 0.837335 0.843996 0.786360 0.936759 0.863477 0.954262 0.836714 0.806128 0.817120 0.695682 0.657387 0.800308 0.691536 0.829456 0.746550 0.796135 0.733541 0.910639 0.685987 0.864190 0.940548 0.766336 0.902759 0.920189 0.945459 0.758929 0.926211 0.944636 0.896833 0.793715 0.976084 0.770724 0.877488 0.799407 0.666556 0.852305 0.684082 0.890532 0.880422 0.980939 0.994226 0.878504 0.734008 0.979229 0.963198 0.968962 0.933059 0.926378 0.943810 0.910845 0.977669 0.957876 0.990031 0.920750 0.798717 0.843373 0.880371 0.970268 0.976233 0.943817 0.933968 0.971726 0.861353 0.947529 0.845546 0.972768 0.968012 0.895627 0.956014
0.705027 0.670700 0.597941 0.603453 0.942297 0.777771 0.848817 0.824831 0.798315 0.845885 0.772759 0.768160 0.728687 0.775647 0.768184 0.650830 0.799750 0.783592 0.791561 0.699260 0.631019 0.794197 0.873802 0.831888 0.651822 0.614490 0.912934 0.961436 0.802604 0.842829 0.776946 0.815735 0.773072 0.727972 0.982801 0.758094 0.000000 0.652402 0.722650 0.543939 0.683918 0.664595 0.758548 0.730996 0.919819 0.900643 0.736014 0.825361 0.864735 0.828469 0.808429 0.811607 0.969071 0.941604 0.940366 0.972116 0.667145 0.692295 0.784852 0.798690 0.735269 0.783745 0.892752 0.847822 0.673593 0.673717 0.858366 0.874572 0.615642 0.713937 0.552104 0.660653 0.718611 0.686924 0.984147 0.900551 0.812907 0.729429 0.703641 0.715349 0.739921 0.841876 0.946731 0.806154 0.932416 0.887228 0.673697 0.709459 0.985370 0.937549 0.669873 0.620606 0.607341 0.614623 0.826898 0.819224 0.947882 0.931866 0.746628 0.809835 0.811307 0.838915 0.776764 0.819122 0.802689 0.817422 0.940871 0.899879 0.992976 0.991686 0.941700 0.799887 0.993593 0.928292 0.840316 0.829628
0.759668 0.748077 0.615415 0.615401 0.977552 0.888231 0.734394 0.760994 0.858499 0.846335 0.744127 0.771712 0.806977 0.785855 0.864106 0.670345 0.847942 0.824264 0.748416 0.756288 0.865537 0.836137 0.921750 0.912788 0.781497 0.782551 0.971890 0.768811 0.885842 0.845772 0.632034 0.726754 0.657709 0.742008 0.904226 0.983372 0.652402 0.000000 0.799514 0.738084 0.847022 0.781985 0.760464 0.738744 0.866757 0.827640 0.841798 0.881999 0.933293 0.862287 0.725911 0.765761 0.895705 0.884255 0.826390 0.986902 0.703828 0.768814 0.828922 0.874722 0.741261 0.780192 0.958244 0.899739 0.756657 0.663438 0.789537 0.823440 0.635575 0.732390 0.653090 0.616935 0.770589 0.536235 0.869431 0.676813 0.779980 0.756832 0.598460 0.845941 0.823610 0.888172 0.916069 0.917666 0.979534 0.906871 0.956034 0.771460 0.877251 0.967266 0.678362 0.663889 0.611969 0.608157 0.851556 0.896760 0.851467 0.943157 0.826861 0.946845 0.815841 0.776392 0.748674 0.954343 0.816615 0.804734 0.901113 0.859139 0.944446 0.988608 0.968783 0.867696 0.786952 0.891415 0.640521 0.988367
