0.000000 0.327051 0.668648 0.637304 0.799318 0.605111 0.394147 0.356788 0.551531 0.568956 0.371582 0.275168 0.320381 0.451111 0.589984 0.631351 0.413929 0.405400 0.422510 0.394316 0.999542 0.846977 0.774050 0.968014 0.838956 0.975617 0.844266 0.881336 0.428174 0.491492 0.847664 0.932284 0.369048 0.320017 0.656187 0.963573 0.810468 0.938092 0.812508 0.960892 0.834199 0.797273 0.619414 0.600621 0.588568 0.580376 0.498005 0.551263 0.891086 0.823710 0.669570 0.602014 0.819235 0.916489 0.756931 0.715304 0.405219 0.369427 0.243125 0.295553 0.254694 0.280763 0.391859 0.363602 0.706985 0.554989 0.467264 0.490119 0.552112 0.645653 0.595699 0.697483 0.814654 0.782844 0.900383 0.836670 0.591042 0.786934 0.611600 0.807500 0.363315 0.575803 0.828995 0.701589 0.577560 0.735909 0.967663 0.816114 0.538217 0.635958 0.668475 0.738137 0.705882 0.746438 0.758999 0.780235 0.537713 0.686080 0.434991 0.420490 0.620076 0.682123 0.506137 0.589263 0.451931 0.519462 0.768233 0.587575 0.651606 0.668956 0.688739 0.626948 0.633941 0.850251 0.643769 0.947633
0.327051 0.000000 0.679323 0.584744 0.903500 0.682012 0.477479 0.368996 0.707813 0.702208 0.610279 0.426283 0.553971 0.571293 0.777639 0.701887 0.476193 0.484927 0.404431 0.319799 0.952705 0.884848 0.785089 0.820813 0.998490 0.834778 0.930895 0.871388 0.547365 0.656226 0.779165 0.839289 0.408994 0.366351 0.735670 0.866739 0.830083 0.996946 0.974992 0.918691 0.769065 0.892305 0.474475 0.485751 0.512122 0.485224 0.442139 0.484835 0.741217 0.688841 0.551886 0.540697 0.811129 0.914155 0.672189 0.763979 0.301491 0.255845 0.387762 0.364540 0.455412 0.326306 0.620623 0.576433 0.696537 0.490311 0.490441 0.454986 0.493112 0.516142 0.657379 0.744104 0.658215 0.670500 0.744379 0.765670 0.660699 0.745541 0.637842 0.707669 0.457405 0.498505 0.743117 0.691512 0.589601 0.611837 0.947358 0.964760 0.647795 0.670744 0.726882 0.835158 0.766990 0.892412 0.672506 0.887964 0.511686 0.717944 0.484534 0.430885 0.726236 0.738332 0.574891 0.685742 0.484970 0.541710 0.952243 0.627556 0.645941 0.687805 0.610674 0.544740 0.649107 0.761440 0.558733 0.994206
0.668648 0.679323 0.000000 0.199144 0.834369 0.845970 0.339186 0.484698 0.569118 0.976489 0.945937 0.846692 0.607738 0.670514 0.578289 0.459829 0.961964 0.945720 0.510224 0.623214 0.593432 0.890122 0.306556 0.408199 0.402437 0.302388 0.855058 0.885336 0.988648 0.960598 0.371531 0.543001 0.477137 0.454112 0.452318 0.739932 0.446520 0.659579 0.829827 0.833312 0.923171 0.977529 0.432956 0.572294 0.733716 0.812101 0.503607 0.461302 0.826391 0.901187 0.699088 0.648389 0.721850 0.659849 0.695314 0.832492 0.980919 0.912082 0.681182 0.778789 0.587610 0.666718 0.983475 0.966686 0.218279 0.359689 0.351161 0.394841 0.719031 0.891621 0.471781 0.430340 0.635316 0.693359 0.832885 0.975285 0.568921 0.567311 0.822468 0.701769 0.847209 0.759344 0.794320 0.941504 0.385859 0.378088 0.892356 0.906702 0.658939 0.663478 0.545365 0.601168 0.559579 0.582286 0.625417 0.855955 0.647677 0.946421 0.699826 0.622028 0.810049 0.798267 0.829077 0.916557 0.593591 0.472178 0.761535 0.750949 0.746803 0.917662 0.704843 0.887124 0.830300 0.894462 0.756231 0.926575
0.637304 0.584744 0.199144 0.000000 0.916037 0.763442 0.317827 0.422654 0.605904 0.962735 0.934738 0.753214 0.630434 0.627796 0.617705 0.487364 0.994542 0.917195 0.475502 0.537027 0.581419 0.919417 0.339760 0.376719 0.450834 0.321050 0.866149 0.888339 0.974153 0.976240 0.436037 0.559892 0.475328 0.433021 0.458167 0.713211 0.535020 0.698323 0.807386 0.831843 0.875016 0.979074 0.386710 0.497261 0.715406 0.783376 0.450886 0.409952 0.841788 0.878401 0.660890 0.616145 0.704502 0.650175 0.752596 0.832223 0.899757 0.856516 0.630653 0.680644 0.578505 0.586412 0.996171 0.957240 0.221127 0.265565 0.301182 0.307707 0.737792 0.842609 0.427246 0.402811 0.600429 0.687663 0.748818 0.933560 0.550768 0.560512 0.835892 0.655258 0.851115 0.780592 0.810060 0.960293 0.393740 0.366451 0.816449 0.943759 0.663736 0.666245 0.485375 0.586184 0.520001 0.558755 0.627489 0.803326 0.592555 0.869498 0.643612 0.559755 0.732650 0.724582 0.815409 0.898531 0.544301 0.438488 0.785293 0.706067 0.705030 0.894745 0.647881 0.823018 0.809632 0.885546 0.657187 0.891944
0.799318 0.903500 0.834369 0.916037 0.000000 0.975699 0.832243 0.879316 0.729573 0.798803 0.864672 0.841633 0.690196 0.800203 0.705549 0.852802 0.744154 0.808975 0.780843 0.937950 0.942013 0.931541 0.794696 0.981764 0.937331 0.940046 0.741127 0.991951 0.820351 0.780296 0.879177 0.954499 0.735453 0.787275 0.680276 0.845456 0.841518 0.872085 0.917762 0.769189 0.967977 0.986901 0.946427 0.927792 0.919047 0.973546 0.976827 0.989538 0.943446 0.849141 0.975337 0.993291 0.966496 0.980701 0.897645 0.932897 0.812147 0.747668 0.745955 0.898570 0.742485 0.897702 0.622405 0.715078 0.822407 0.934217 0.773873 0.861702 0.991499 0.967773 0.857397 0.880442 0.994479 0.890902 0.875127 0.931461 0.945618 0.884984 0.956392 0.976596 0.707573 0.941123 0.848127 0.765661 0.746102 0.897938 0.967325 0.716222 0.689036 0.920911 0.912351 0.912467 0.930119 0.859880 0.930505 0.963166 0.863836 0.914586 0.842448 0.940163 0.953089 0.953722 0.766192 0.932311 0.916919 0.795439 0.958473 0.871759 0.897526 0.897765 0.875858 0.966159 0.971546 0.974883 0.986094 0.889789
0.605111 0.682012 0.845970 0.763442 0.975699 0.000000 0.560832 0.500976 0.645449 0.630275 0.682536 0.635839 0.778704 0.874130 0.946294 0.918940 0.819524 0.781568 0.747645 0.692557 0.971568 0.827811 0.974680 0.891690 0.758804 0.998333 0.746856 0.834280 0.808990 0.949450 0.923910 0.933092 0.749161 0.663717 0.845770 0.938867 0.966713 0.907961 0.823994 0.977725 0.859696 0.885013 0.660838 0.586166 0.720702 0.693089 0.667414 0.705425 0.955957 0.793511 0.728216 0.628839 0.746134 0.724043 0.901391 0.763526 0.819543 0.801491 0.620954 0.545254 0.630695 0.532649 0.864724 0.843806 0.916401 0.657704 0.611747 0.583310 0.790636 0.731038 0.740856 0.742120 0.847163 0.856707 0.915072 0.939084 0.752234 0.818862 0.870389 0.887586 0.806132 0.931723 0.777529 0.943796 0.993469 0.980052 0.942851 0.889462 0.812403 0.921220 0.538865 0.587558 0.564849 0.610507 0.932465 0.883106 0.708882 0.790931 0.518649 0.581681 0.628300 0.586865 0.656814 0.646318 0.702130 0.715989 0.779507 0.692444 0.935445 0.823083 0.673776 0.630536 0.708036 0.822594 0.577853 0.850019
0.394147 0.477479 0.339186 0.317827 0.832243 0.560832 0.000000 0.207428 0.327225 0.525833 0.569475 0.483798 0.443588 0.580302 0.521605 0.491918 0.687992 0.598591 0.394187 0.472222 0.791838 0.863313 0.534054 0.746022 0.838187 0.609318 0.884387 0.947959 0.649602 0.673554 0.592136 0.748680 0.379609 0.288779 0.454661 0.788386 0.685778 0.805298 0.959324 0.893080 0.792999 0.837373 0.364599 0.383735 0.471242 0.513027 0.449599 0.411808 0.950018 0.754710 0.485214 0.418413 0.526209 0.527877 0.648436 0.735988 0.751976 0.657918 0.368381 0.519520 0.365617 0.401879 0.677569 0.662954 0.447432 0.399715 0.230852 0.305305 0.671451 0.748641 0.345200 0.412865 0.613374 0.676638 0.816186 0.958639 0.423660 0.582840 0.638487 0.776000 0.569784 0.710789 0.837899 0.844402 0.539858 0.613765 0.989023 0.841396 0.569449 0.677233 0.320861 0.393931 0.357094 0.409187 0.617641 0.734827 0.385663 0.668659 0.329936 0.329854 0.556791 0.515931 0.529637 0.609494 0.403063 0.342835 0.657606 0.537113 0.642436 0.750793 0.543706 0.612410 0.620408 0.722099 0.558840 0.857847
0.356788 0.368996 0.484698 0.422654 0.879316 0.500976 0.207428 0.000000 0.418430 0.472459 0.517648 0.382873 0.474263 0.565276 0.666417 0.642071 0.645541 0.588581 0.441313 0.435538 0.907131 0.880767 0.704774 0.856693 0.990920 0.743390 0.760061 0.862778 0.591329 0.698189 0.715360 0.823619 0.424596 0.322581 0.555788 0.863116 0.861165 0.943512 0.919550 0.888271 0.758870 0.812897 0.375411 0.391339 0.541491 0.537345 0.462555 0.473329 0.915792 0.776010 0.537755 0.464187 0.639368 0.662996 0.750855 0.753304 0.608193 0.547024 0.333139 0.400412 0.343381 0.271667 0.664953 0.617625 0.587378 0.387699 0.295172 0.308458 0.673913 0.656934 0.434905 0.457937 0.693249 0.680746 0.814308 0.859029 0.519949 0.693024 0.697005 0.785084 0.593272 0.744994 0.903435 0.920416 0.658253 0.725315 0.934217 0.791264 0.595125 0.746685 0.366304 0.466579 0.398077 0.509305 0.661739 0.739890 0.365545 0.592992 0.319346 0.295248 0.500953 0.507324 0.520010 0.607735 0.376242 0.344405 0.656396 0.516185 0.617524 0.662455 0.448425 0.512372 0.528324 0.748664 0.474073 0.827666
0.551531 0.707813 0.569118 0.605904 0.729573 0.645449 0.327225 0.418430 0.000000 0.449338 0.521397 0.579849 0.532628 0.780654 0.623539 0.626609 0.698804 0.695003 0.675367 0.657033 0.889797 0.998494 0.756407 0.969372 0.935539 0.874056 0.811820 0.864597 0.599779 0.668392 0.836794 0.991368 0.599575 0.484798 0.665431 0.923294 0.858352 0.889127 0.816162 0.957545 0.829610 0.766246 0.634643 0.561597 0.597106 0.634648 0.750733 0.702402 0.901090 0.858048 0.649169 0.574863 0.558284 0.610509 0.657261 0.753716 0.957571 0.773851 0.421658 0.609258 0.463697 0.551504 0.647490 0.632398 0.701687 0.745246 0.491463 0.586229 0.802087 0.820982 0.459122 0.600724 0.744225 0.839050 0.915173 0.897365 0.529958 0.747543 0.684886 0.964909 0.656614 0.866725 0.967223 0.835806 0.813898 0.961794 0.914974 0.805396 0.592029 0.850060 0.480482 0.434544 0.486733 0.436866 0.738460 0.979907 0.502455 0.727163 0.452724 0.473844 0.613417 0.592548 0.630052 0.673375 0.537416 0.480180 0.635819 0.593052 0.734075 0.786859 0.658634 0.674948 0.617096 0.778559 0.682887 0.870222
0.568956 0.702208 0.976489 0.962735 0.798803 0.630275 0.525833 0.472459 0.449338 0.000000 0.457003 0.528327 0.700136 0.884638 0.761895 0.914158 0.519543 0.506359 0.720666 0.733285 0.808372 0.956403 0.853988 0.566881 0.568743 0.734711 0.701989 0.809490 0.470966 0.565823 0.842915 0.743074 0.799564 0.629786 0.784474 0.962751 0.852672 0.907453 0.773312 0.989469 0.782698 0.686078 0.776214 0.669803 0.592307 0.576736 0.887152 0.901726 0.746953 0.795677 0.604499 0.588622 0.648685 0.701477 0.930129 0.805394 0.760659 0.657174 0.462548 0.671941 0.633676 0.625854 0.545213 0.469162 0.862518 0.985134 0.666618 0.779699 0.810144 0.836199 0.540518 0.731613 0.908977 0.863123 0.968478 0.963554 0.605164 0.847173 0.772002 0.856881 0.567931 0.901320 0.944856 0.845175 0.872318 0.692502 0.820543 0.680661 0.796806 0.944975 0.496284 0.468830 0.501161 0.516803 0.859555 0.814265 0.512608 0.606453 0.357905 0.469410 0.576456 0.548857 0.415835 0.483629 0.612402 0.637391 0.751176 0.555532 0.795409 0.685409 0.628621 0.631544 0.486405 0.732592 0.680329 0.816303
0.371582 0.610279 0.945937 0.934738 0.864672 0.682536 0.569475 0.517648 0.521397 0.457003 0.000000 0.291053 0.395559 0.524982 0.723885 0.784392 0.433142 0.414000 0.626987 0.596832 0.784672 0.962811 0.951741 0.774153 0.553921 0.724779 0.699475 0.735349 0.352467 0.378670 0.946432 0.923188 0.577702 0.503494 0.868515 0.864470 0.889048 0.887562 0.857260 0.972733 0.985719 0.752690 0.974447 0.808238 0.705778 0.672567 0.851345 0.861424 0.871049 0.921645 0.862992 0.839367 0.889763 0.974293 0.828598 0.839655 0.653135 0.546101 0.425263 0.485567 0.350270 0.387468 0.314727 0.263752 0.990027 0.850442 0.730045 0.744111 0.805864 0.820506 0.826377 0.952962 0.876862 0.969765 0.921455 0.948885 0.822731 0.960684 0.590241 0.942194 0.395318 0.648603 0.990657 0.686337 0.881738 0.954448 0.840424 0.823818 0.677170 0.802104 0.832185 0.851971 0.851535 0.859195 0.878898 0.869312 0.710989 0.745080 0.587934 0.611337 0.641116 0.751196 0.651261 0.713961 0.619037 0.713001 0.786042 0.766683 0.788583 0.737723 0.749222 0.778049 0.746467 0.999234 0.751711 0.905293
0.275168 0.426283 0.846692 0.753214 0.841633 0.635839 0.483798 0.382873 0.579849 0.528327 0.291053 0.000000 0.325681 0.433625 0.679746 0.720964 0.407326 0.408618 0.544248 0.443693 0.956181 0.912009 0.914644 0.957349 0.668825 0.863577 0.825659 0.779899 0.386288 0.402790 0.988944 0.964313 0.472109 0.393763 0.786911 0.970351 0.927873 0.937145 0.857749 0.902334 0.853125 0.829361 0.786413 0.705285 0.675039 0.675942 0.682589 0.676803 0.898917 0.927442 0.816236 0.752765 0.899715 0.992267 0.865977 0.828675 0.475858 0.453749 0.310869 0.361343 0.288074 0.249407 0.364970 0.293025 0.850357 0.603991 0.573032 0.557318 0.751794 0.690181 0.716160 0.830087 0.995158 0.902446 0.836055 0.879484 0.674159 0.878166 0.629279 0.844909 0.399031 0.635442 0.882439 0.723181 0.745437 0.863893 0.942511 0.849765 0.632824 0.739254 0.729211 0.813164 0.784137 0.799369 0.793800 0.845977 0.617946 0.727702 0.474846 0.500733 0.623463 0.736212 0.574132 0.610626 0.522973 0.565708 0.814520 0.705045 0.714460 0.751490 0.674986 0.624803 0.718998 0.974014 0.656166 0.955600
0.320381 0.553971 0.607738 0.630434 0.690196 0.778704 0.443588 0.474263 0.532628 0.700136 0.395559 0.325681 0.000000 0.306125 0.455603 0.479658 0.568719 0.527252 0.502745 0.517003 0.860713 0.944370 0.563220 0.809724 0.963192 0.902801 0.961500 0.888801 0.502846 0.395764 0.687980 0.834051 0.323651 0.360464 0.664819 0.952198 0.790743 0.814807 0.943103 0.858882 0.905079 0.866449 0.777544 0.775922 0.828482 0.839361 0.718672 0.684638 0.792332 0.870843 0.963561 0.855043 0.967574 0.989953 0.847827 0.912163 0.623662 0.567034 0.383096 0.470274 0.214362 0.351992 0.335308 0.374838 0.595442 0.533510 0.521231 0.563242 0.810600 0.760501 0.671286 0.751776 0.928812 0.968604 0.872824 0.955098 0.721578 0.787377 0.693005 0.744676 0.435145 0.670425 0.798826 0.777056 0.464957 0.639710 0.921296 0.812104 0.629110 0.678431 0.766163 0.849146 0.815413 0.775138 0.853861 0.849950 0.729411 0.875495 0.627614 0.641669 0.700165 0.757132 0.695779 0.788508 0.564882 0.495257 0.771941 0.748160 0.783886 0.824628 0.826185 0.817858 0.866941 0.962649 0.714905 0.992444
0.451111 0.571293 0.670514 0.627796 0.800203 0.874130 0.580302 0.565276 0.780654 0.884638 0.524982 0.433625 0.306125 0.000000 0.524885 0.486062 0.726313 0.593124 0.454463 0.595810 0.908923 0.960898 0.510392 0.656946 0.975749 0.881029 0.959244 0.973668 0.647680 0.488528 0.633592 0.687896 0.307800 0.414002 0.671554 0.847137 0.727393 0.882536 0.939049 0.834345 0.941982 0.920605 0.848046 0.882355 0.945055 0.957042 0.822032 0.788268 0.688449 0.754344 0.959262 0.996432 0.907790 0.848132 0.991663 0.924152 0.564595 0.593476 0.505913 0.506107 0.345186 0.456495 0.454177 0.506695 0.616726 0.482072 0.561926 0.482633 0.970979 0.835165 0.789907 0.687149 0.944163 0.937947 0.827315 0.856139 0.886363 0.797722 0.661334 0.673400 0.580919 0.793671 0.683210 0.818420 0.446630 0.534195 0.792910 0.971584 0.630397 0.632249 0.884228 0.953942 0.906561 0.958571 0.920831 0.794933 0.848905 0.930925 0.788263 0.763398 0.681206 0.923019 0.858058 0.975967 0.645420 0.644274 0.948045 0.860862 0.796355 0.850745 0.820579 0.910250 0.970273 0.891778 0.766672 0.968906
0.589984 0.777639 0.578289 0.617705 0.705549 0.946294 0.521605 0.666417 0.623539 0.761895 0.723885 0.679746 0.455603 0.524885 0.000000 0.460933 0.778222 0.693286 0.589487 0.732474 0.656286 0.894563 0.436140 0.732394 0.821982 0.791580 0.871236 0.919404 0.731254 0.615065 0.534413 0.779158 0.438907 0.487500 0.555159 0.810888 0.614497 0.724798 0.997397 0.955569 0.791660 0.919284 0.790757 0.896477 0.751965 0.842174 0.811025 0.689314 0.794015 0.943072 0.808964 0.717879 0.720859 0.735533 0.802317 0.813427 0.839284 0.784597 0.524376 0.709426 0.464428 0.707929 0.566622 0.609771 0.599044 0.709731 0.517858 0.624927 0.814138 0.780797 0.570735 0.576981 0.821723 0.934533 0.885465 0.965217 0.765791 0.806520 0.715967 0.882459 0.693419 0.907087 0.601910 0.808109 0.496358 0.657565 0.788872 0.968650 0.686087 0.646801 0.704180 0.728289 0.768387 0.673602 0.839530 0.820486 0.725283 0.886131 0.672213 0.701945 0.856613 0.814333 0.771264 0.808820 0.654119 0.529389 0.754356 0.631114 0.832164 0.956122 0.824474 0.899065 0.942881 0.776118 0.753956 0.967333
0.631351 0.701887 0.459829 0.487364 0.852802 0.918940 0.491918 0.642071 0.626609 0.914158 0.784392 0.720964 0.479658 0.486062 0.460933 0.000000 0.843439 0.670956 0.498671 0.594458 0.661264 0.977476 0.364996 0.521526 0.684790 0.571194 0.820247 0.922462 0.697449 0.621903 0.438999 0.539390 0.414453 0.457707 0.548128 0.699804 0.481663 0.688917 0.976882 0.919274 0.862306 0.975380 0.681679 0.695225 0.748865 0.769379 0.664242 0.658510 0.835061 0.954631 0.791678 0.706893 0.776549 0.750341 0.743062 0.936073 0.809769 0.814425 0.653795 0.796035 0.557367 0.700778 0.728273 0.782941 0.507160 0.563776 0.517677 0.556591 0.874928 0.853096 0.595263 0.553124 0.712219 0.645746 0.801995 0.931154 0.736875 0.728846 0.598117 0.628117 0.643779 0.739717 0.626497 0.828027 0.415828 0.473304 0.813106 0.961404 0.744433 0.738057 0.655344 0.796386 0.718037 0.667951 0.667345 0.939785 0.747687 0.879274 0.748917 0.753947 0.803963 0.828829 0.823716 0.944292 0.609987 0.672178 0.861470 0.783392 0.820516 0.934855 0.901162 0.893036 0.955320 0.910475 0.790515 0.922529
0.413929 0.476193 0.961964 0.994542 0.744154 0.819524 0.687992 0.645541 0.698804 0.519543 0.433142 0.407326 0.568719 0.726313 0.778222 0.843439 0.000000 0.287941 0.533078 0.479884 0.794395 0.871876 0.926256 0.807106 0.651581 0.701240 0.929255 0.873836 0.315323 0.409469 0.924528 0.828683 0.612397 0.582645 0.846416 0.956900 0.998355 0.948794 0.908179 0.949405 0.800259 0.789156 0.885056 0.749240 0.500530 0.459897 0.760184 0.771740 0.593031 0.675430 0.647715 0.675015 0.764448 0.923705 0.723945 0.696453 0.416059 0.321559 0.458005 0.579004 0.566790 0.572678 0.342847 0.304912 0.931161 0.974406 0.780535 0.807303 0.621954 0.753761 0.810251 0.924544 0.974792 0.865834 0.932001 0.835538 0.787065 0.935319 0.647648 0.975046 0.268405 0.493905 0.770874 0.497891 0.833725 0.998903 0.888832 0.934955 0.721596 0.727698 0.885070 0.907169 0.944969 0.949465 0.764557 0.984460 0.610356 0.709573 0.560819 0.638320 0.821512 0.875332 0.501441 0.501237 0.701177 0.785610 0.971822 0.795953 0.742150 0.757705 0.817637 0.659985 0.738797 0.763945 0.843820 0.991753
0.405400 0.484927 0.945720 0.917195 0.808975 0.781568 0.598591 0.588581 0.695003 0.506359 0.414000 0.408618 0.527252 0.593124 0.693286 0.670956 0.287941 0.000000 0.470197 0.463636 0.879150 0.823222 0.980867 0.871736 0.726370 0.852368 0.962964 0.914936 0.283561 0.307203 0.931286 0.966363 0.528045 0.514589 0.810864 0.968354 0.836417 0.937708 0.853156 0.917620 0.835000 0.741507 0.848642 0.725099 0.486515 0.456373 0.746179 0.775671 0.677678 0.706148 0.606806 0.644387 0.766296 0.874256 0.710796 0.827117 0.392827 0.339935 0.467224 0.645579 0.548624 0.569668 0.359976 0.295604 0.991648 0.887448 0.684850 0.710983 0.621419 0.713669 0.757033 0.924955 0.864358 0.734519 0.996085 0.815297 0.784083 0.879511 0.518188 0.860291 0.219423 0.431427 0.711952 0.538529 0.796087 0.889412 0.869198 0.905338 0.659993 0.775804 0.801485 0.851412 0.834849 0.888860 0.793607 0.895906 0.600381 0.778941 0.532698 0.598025 0.704026 0.829243 0.465820 0.509246 0.589169 0.790828 0.948759 0.786323 0.791627 0.741579 0.778698 0.697111 0.741457 0.777672 0.818642 0.971009
0.422510 0.404431 0.510224 0.475502 0.780843 0.747645 0.394187 0.441313 0.675367 0.720666 0.626987 0.544248 0.502745 0.454463 0.589487 0.498671 0.533078 0.470197 0.000000 0.403809 0.901130 0.905797 0.522386 0.670437 0.863623 0.744312 0.979772 0.960717 0.588826 0.614395 0.577793 0.713805 0.294627 0.334442 0.460534 0.757521 0.615439 0.864946 0.934757 0.912771 0.840220 0.945621 0.525499 0.512254 0.476468 0.479871 0.508015 0.481199 0.859732 0.738529 0.561392 0.548038 0.668102 0.741593 0.662190 0.762956 0.507415 0.448409 0.489231 0.550145 0.466211 0.504638 0.577640 0.613794 0.531730 0.506902 0.428923 0.405243 0.612250 0.682554 0.564107 0.622432 0.742398 0.694342 0.791150 0.743225 0.640895 0.647684 0.618308 0.666237 0.460730 0.578399 0.631165 0.678860 0.440487 0.523057 0.924652 0.967798 0.622066 0.593941 0.624028 0.782531 0.697286 0.769205 0.742830 0.778946 0.531375 0.838388 0.523425 0.528247 0.743531 0.808795 0.611359 0.764494 0.595914 0.568386 0.901964 0.680409 0.659734 0.765285 0.686946 0.694209 0.761650 0.809228 0.816840 0.980227
0.394316 0.319799 0.623214 0.537027 0.937950 0.692557 0.472222 0.435538 0.657033 0.733285 0.596832 0.443693 0.517003 0.595810 0.732474 0.594458 0.479884 0.463636 0.403809 0.000000 0.825476 0.935812 0.705922 0.714547 0.935550 0.808254 0.975180 0.957692 0.535176 0.626949 0.764241 0.721023 0.420269 0.395756 0.700760 0.903448 0.795455 0.972776 0.982917 0.925336 0.803204 0.894945 0.534134 0.505880 0.583084 0.547575 0.509275 0.457814 0.868755 0.701687 0.666252 0.606944 0.822510 0.850093 0.660617 0.734490 0.445328 0.409601 0.480078 0.467838 0.508703 0.412036 0.626003 0.601083 0.634904 0.496630 0.524282 0.470947 0.543685 0.629586 0.654079 0.763343 0.723798 0.642412 0.734792 0.662712 0.704754 0.809143 0.596168 0.711044 0.435962 0.448631 0.735159 0.712102 0.555587 0.607343 0.872810 0.967720 0.752628 0.663259 0.695003 0.795500 0.752663 0.822419 0.629053 0.942296 0.561431 0.791549 0.567723 0.465712 0.759619 0.729300 0.562362 0.717071 0.463696 0.589798 0.842855 0.752572 0.786470 0.825322 0.738951 0.650438 0.660088 0.800286 0.601905 0.939213
0.999542 0.952705 0.593432 0.581419 0.942013 0.971568 0.791838 0.907131 0.889797 0.808372 0.784672 0.956181 0.860713 0.908923 0.656286 0.661264 0.794395 0.879150 0.901130 0.825476 0.000000 0.896668 0.515285 0.538876 0.536150 0.543445 0.656128 0.835794 0.771858 0.912248 0.640952 0.722828 0.772849 0.791676 0.770132 0.838928 0.701433 0.705392 0.901498 0.912157 0.825202 0.856927 0.723705 0.854619 0.969666 0.893804 0.755203 0.814706 0.692683 0.870820 0.997387 0.928571 0.948840 0.784162 0.970566 0.996156 0.932910 0.885257 0.921034 0.968041 0.891712 0.939220 0.839210 0.804799 0.514536 0.608889 0.677456 0.696429 0.890630 0.966929 0.714221 0.674563 0.832789 0.863035 0.832976 0.990281 0.880964 0.773166 0.955798 0.800157 0.892890 0.971267 0.780095 0.882382 0.638709 0.604606 0.640060 0.932659 0.945097 0.851064 0.773877 0.787811 0.856186 0.724252 0.817573 0.962369 0.966326 0.929941 0.963436 0.863985 0.971601 0.901316 0.926773 0.935921 0.784300 0.660497 0.872559 0.911055 0.821865 0.810465 0.920586 0.987757 0.983435 0.930281 0.780056 0.959876
0.846977 0.884848 0.890122 0.919417 0.931541 0.827811 0.863313 0.880767 0.998494 0.956403 0.962811 0.912009 0.944370 0.960898 0.894563 0.977476 0.871876 0.823222 0.905797 0.935812 0.896668 0.000000 0.945700 0.986323 0.958877 0.996268 0.941472 0.888388 0.896807 0.936092 0.934317 0.883972 0.924643 0.934152 0.884435 0.950111 0.911910 0.986675 0.925132 0.986695 0.730592 0.702614 0.937982 0.964545 0.754701 0.850826 0.902518 0.805014 0.859491 0.835154 0.766368 0.788440 0.874103 0.780807 0.911187 0.769398 0.817735 0.870705 0.874786 0.853894 0.890979 0.941604 0.878331 0.866740 0.966697 0.977286 0.858526 0.882288 0.809423 0.775839 0.911330 0.945931 0.963733 0.814653 0.837074 0.905212 0.766600 0.804102 0.911821 0.987102 0.862150 0.867507 0.861952 0.898131 0.983176 0.883972 0.973493 0.948474 0.893597 0.724192 0.902014 0.868082 0.879041 0.956641 0.790191 0.864109 0.879450 0.954371 0.815437 0.817720 0.937998 0.969325 0.863217 0.784760 0.948858 0.900300 0.971291 0.919095 0.951995 0.935647 0.846515 0.879401 0.950078 0.869514 0.853680 0.869828
0.774050 0.785089 0.306556 0.339760 0.794696 0.974680 0.534054 0.704774 0.756407 0.853988 0.951741 0.914644 0.563220 0.510392 0.436140 0.364996 0.926256 0.980867 0.522386 0.705922 0.515285 0.945700 0.000000 0.278172 0.387968 0.413608 0.698999 0.818662 0.935706 0.896573 0.299368 0.435460 0.412897 0.493689 0.486819 0.717529 0.452020 0.658248 0.825346 0.865929 0.904522 0.914628 0.591443 0.740863 0.918415 0.964912 0.666618 0.583794 0.623658 0.864911 0.914777 0.824278 0.875876 0.796968 0.821324 0.952444 0.948152 0.934090 0.776108 0.850345 0.607991 0.785805 0.899135 0.986677 0.252897 0.418334 0.476296 0.483796 0.903048 0.915932 0.608708 0.506221 0.761863 0.795293 0.775987 0.950946 0.753197 0.560426 0.856990 0.707795 0.889063 0.906785 0.630565 0.972760 0.264909 0.302413 0.755627 0.948778 0.709935 0.583054 0.745978 0.841307 0.779903 0.753642 0.717292 0.833476 0.834735 0.949089 0.877137 0.805737 0.948486 0.937687 0.975288 0.896493 0.684505 0.559256 0.919985 0.825486 0.935543 0.921130 0.904659 0.950101 0.959704 0.941235 0.857095 0.921283
0.968014 0.820813 0.408199 0.376719 0.981764 0.891690 0.746022 0.856693 0.969372 0.566881 0.774153 0.957349 0.809724 0.656946 0.732394 0.521526 0.807106 0.871736 0.670437 0.714547 0.538876 0.986323 0.278172 0.000000 0.310599 0.353204 0.648766 0.773957 0.768535 0.917148 0.372978 0.367815 0.604283 0.705997 0.661343 0.732787 0.556544 0.730726 0.737806 0.914667 0.967574 0.804859 0.663747 0.818487 0.990257 0.964775 0.687742 0.595707 0.684832 0.929463 0.982472 0.960223 0.987431 0.936339 0.823734 0.986023 0.981071 0.979275 0.974256 0.996833 0.831286 0.879845 0.862305 0.764139 0.308210 0.419236 0.654419 0.576709 0.936134 0.987805 0.843215 0.713889 0.792307 0.797580 0.763195 0.890992 0.936162 0.718843 0.912567 0.601604 0.972866 0.831750 0.664310 0.995151 0.339831 0.248283 0.677611 0.770997 0.867403 0.615999 0.942042 0.925945 0.989637 0.998871 0.713332 0.949325 0.944689 0.850749 0.878041 0.985247 0.916687 0.889439 0.782940 0.703718 0.868206 0.761936 0.904136 0.918339 0.980336 0.836315 0.990188 0.855421 0.823604 0.970582 0.908632 0.993044
0.838956 0.998490 0.402437 0.450834 0.937331 0.758804 0.838187 0.990920 0.935539 0.568743 0.553921 0.668825 0.963192 0.975749 0.821982 0.684790 0.651581 0.726370 0.863623 0.935550 0.536150 0.958877 0.387968 0.310599 0.000000 0.275882 0.568183 0.765951 0.619023 0.761147 0.386587 0.494159 0.822236 0.880021 0.690708 0.758017 0.451880 0.586775 0.667408 0.864132 0.957281 0.840767 0.667103 0.864035 0.995765 0.914172 0.724439 0.712177 0.780040 0.999448 0.897816 0.950590 0.959913 0.823881 0.854294 0.982496 0.838428 0.818258 0.819424 0.757775 0.900852 0.831013 0.655758 0.572172 0.360897 0.616331 0.741786 0.749497 0.923678 0.917097 0.812021 0.709409 0.678321 0.784185 0.840710 0.914786 0.845881 0.671000 0.959086 0.771046 0.826066 0.914403 0.727805 0.945252 0.502506 0.385006 0.842507 0.933440 0.967822 0.753761 0.936184 0.953336 0.909697 0.949002 0.754281 0.921593 0.972275 0.817605 0.848707 0.981733 0.806347 0.880232 0.831028 0.779414 0.936078 0.834569 0.995716 0.959633 0.949573 0.882211 0.988020 0.785783 0.818507 0.988108 0.988702 0.941415
0.975617 0.834778 0.302388 0.321050 0.940046 0.998333 0.609318 0.743390 0.874056 0.734711 0.724779 0.863577 0.902801 0.881029 0.791580 0.571194 0.701240 0.852368 0.744312 0.808254 0.543445 0.996268 0.413608 0.353204 0.275882 0.000000 0.779573 0.862909 0.750602 0.814917 0.365191 0.437176 0.717554 0.753659 0.703885 0.671771 0.438643 0.614238 0.769994 0.921561 0.989680 0.880367 0.495799 0.680218 0.863703 0.912436 0.572639 0.579982 0.843204 0.903130 0.722015 0.729615 0.804175 0.675728 0.763711 0.992816 0.878311 0.892098 0.996430 0.949561 0.908056 0.914841 0.664788 0.632515 0.329390 0.453094 0.577211 0.589221 0.863803 0.999890 0.655183 0.547817 0.547686 0.676709 0.895078 0.960142 0.725073 0.653146 0.975448 0.688735 0.887673 0.909967 0.814157 0.888633 0.528392 0.395699 0.819834 0.988034 0.878585 0.824072 0.689636 0.742693 0.694488 0.730776 0.712226 0.899033 0.796241 0.972964 0.934576 0.816789 0.924357 0.906057 0.969698 0.913501 0.767400 0.671069 0.840381 0.874691 0.878957 0.962856 0.869781 0.983318 0.991695 0.941700 0.821580 0.987665
0.844266 0.930895 0.855058 0.866149 0.741127 0.746856 0.884387 0.760061 0.811820 0.701989 0.699475 0.825659 0.961500 0.959244 0.871236 0.820247 0.929255 0.962964 0.979772 0.975180 0.656128 0.941472 0.698999 0.648766 0.568183 0.779573 0.000000 0.789748 0.758786 0.946963 0.753719 0.834366 0.914008 0.971157 0.893143 0.750403 0.665733 0.753385 0.780333 0.838241 0.842860 0.938355 0.977324 0.873505 0.926131 0.833044 0.946242 0.928086 0.817035 0.898097 0.967896 0.868647 0.867935 0.997093 0.993974 0.902455 0.961069 0.993267 0.880124 0.759360 0.866126 0.771396 0.956889 0.887455 0.731187 0.909396 0.946949 0.931582 0.948933 0.892419 0.991112 0.959374 0.942829 0.926792 0.932828 0.839421 0.990405 0.862556 0.976827 0.953273 0.969275 0.930507 0.751417 0.957902 0.713950 0.689128 0.958441 0.971048 0.978266 0.849109 0.866379 0.873502 0.898047 0.934851 0.854018 0.992627 0.919651 0.839614 0.885539 0.851658 0.692372 0.771845 0.906905 0.931669 0.926542 0.967737 0.771598 0.843333 0.868127 0.762037 0.822289 0.779851 0.769133 0.966777 0.911629 0.945756
0.881336 0.871388 0.885336 0.888339 0.991951 0.834280 0.947959 0.862778 0.864597 0.809490 0.735349 0.779899 0.888801 0.973668 0.919404 0.922462 0.873836 0.914936 0.960717 0.957692 0.835794 0.888388 0.818662 0.773957 0.765951 0.862909 0.789748 0.000000 0.799945 0.803041 0.815247 0.926982 0.946810 0.931645 0.825576 0.993490 0.786246 0.898541 0.997838 0.980918 0.900533 0.816073 0.993686 0.948785 0.957490 0.950243 0.992964 0.941421 0.857487 0.990969 0.969428 0.947065 0.945962 0.917782 0.976844 0.761024 0.974860 0.884415 0.903083 0.962444 0.887384 0.806699 0.875580 0.758029 0.865155 0.945306 0.948009 0.893470 0.889276 0.958674 0.939379 0.871745 0.895591 0.991497 0.915393 0.948202 0.895291 0.880927 0.930685 0.815128 0.942878 0.999787 0.980856 0.902428 0.889993 0.808588 0.932269 0.862909 0.881661 0.788352 0.977167 0.962864 0.993850 0.982916 0.965730 0.875090 0.950230 0.886482 0.887068 0.867999 0.832493 0.887677 0.949030 0.959567 0.937986 0.868748 0.940468 0.863345 0.949392 0.913981 0.939112 0.815683 0.839557 0.958305 0.884902 0.984689
0.428174 0.547365 0.988648 0.974153 0.820351 0.808990 0.649602 0.591329 0.599779 0.470966 0.352467 0.386288 0.502846 0.647680 0.731254 0.697449 0.315323 0.283561 0.588826 0.535176 0.771858 0.896807 0.935706 0.768535 0.619023 0.750602 0.758786 0.799945 0.000000 0.291577 0.996851 0.900209 0.564058 0.570258 0.865942 0.862102 0.995118 0.975710 0.735238 0.990883 0.891599 0.759773 0.911248 0.781335 0.532588 0.477914 0.828061 0.805058 0.590130 0.691662 0.689218 0.683385 0.781318 0.931648 0.705914 0.708819 0.513816 0.451143 0.470244 0.600816 0.510197 0.520186 0.343026 0.278955 0.889367 0.997963 0.814461 0.860403 0.730355 0.727864 0.853069 0.976205 0.878543 0.754793 0.923834 0.844799 0.804993 0.998486 0.519978 0.976710 0.329314 0.533228 0.726420 0.515763 0.883653 0.961646 0.938138 0.941625 0.717348 0.820421 0.868712 0.907085 0.920639 0.932070 0.813897 0.964687 0.633706 0.789090 0.580384 0.605333 0.750391 0.859057 0.566994 0.605416 0.658247 0.812631 0.849197 0.813880 0.766552 0.644545 0.752834 0.702268 0.658030 0.772273 0.793098 0.951128
0.491492 0.656226 0.960598 0.976240 0.780296 0.949450 0.673554 0.698189 0.668392 0.565823 0.378670 0.402790 0.395764 0.488528 0.615065 0.621903 0.409469 0.307203 0.614395 0.626949 0.912248 0.936092 0.896573 0.917148 0.761147 0.814917 0.946963 0.803041 0.291577 0.000000 0.933425 0.981476 0.545340 0.537517 0.892299 0.896072 0.919618 0.895524 0.903496 0.895071 0.972535 0.844452 0.977007 0.898652 0.694428 0.688161 0.924279 0.904585 0.830176 0.927532 0.833200 0.859863 0.915169 0.956486 0.861235 0.931700 0.577634 0.541170 0.528859 0.734680 0.510874 0.589168 0.291524 0.258034 0.994240 0.944352 0.808763 0.843087 0.867746 0.914582 0.872735 0.972794 0.974203 0.900009 0.948486 0.966483 0.801128 0.868819 0.568864 0.900950 0.311801 0.552798 0.671115 0.534815 0.750434 0.902917 0.903021 0.932011 0.753180 0.797873 0.942872 0.999122 0.978817 0.966416 0.866339 0.888086 0.802386 0.912340 0.698406 0.755279 0.784424 0.936618 0.667823 0.709114 0.688334 0.848147 0.950760 0.916126 0.948045 0.820963 0.907056 0.844632 0.881569 0.933600 0.867634 0.922532
0.847664 0.779165 0.371531 0.436037 0.879177 0.923910 0.592136 0.715360 0.836794 0.842915 0.946432 0.988944 0.687980 0.633592 0.534413 0.438999 0.924528 0.931286 0.577793 0.764241 0.640952 0.934317 0.299368 0.372978 0.386587 0.365191 0.753719 0.815247 0.996851 0.933425 0.000000 0.374355 0.462262 0.614573 0.562987 0.800794 0.456310 0.657723 0.877024 0.945531 0.900472 0.979872 0.589970 0.734067 0.810949 0.840033 0.695095 0.694690 0.797827 0.997876 0.790592 0.797697 0.869160 0.788415 0.792393 0.955958 0.910102 0.882578 0.852807 0.950607 0.689507 0.831591 0.987855 0.943555 0.381032 0.517357 0.567661 0.589088 0.815058 0.856669 0.725228 0.550925 0.649996 0.727851 0.806044 0.905680 0.855520 0.730453 0.801165 0.622008 0.898887 0.818437 0.600594 0.986918 0.394319 0.386649 0.797494 0.937656 0.773281 0.649488 0.790838 0.898634 0.817277 0.867537 0.675466 0.875168 0.762567 0.932598 0.941064 0.814535 0.955628 0.887485 0.967544 0.928127 0.711752 0.617950 0.822912 0.836064 0.920456 0.980761 0.894962 0.961881 0.964190 0.892170 0.842257 0.934224
0.932284 0.839289 0.543001 0.559892 0.954499 0.933092 0.748680 0.823619 0.991368 0.743074 0.923188 0.964313 0.834051 0.687896 0.779158 0.539390 0.828683 0.966363 0.713805 0.721023 0.722828 0.883972 0.435460 0.367815 0.494159 0.437176 0.834366 0.926982 0.900209 0.981476 0.374355 0.000000 0.610815 0.696437 0.758047 0.808449 0.633948 0.790367 0.776339 0.988908 0.890451 0.840021 0.699058 0.736987 0.976722 0.937527 0.736782 0.739145 0.762831 0.928918 0.917705 0.927257 0.977268 0.971164 0.851570 0.830806 0.936292 0.976993 0.980139 0.954199 0.842711 0.884029 0.898411 0.862646 0.511199 0.542694 0.705055 0.640385 0.978894 0.950171 0.912868 0.734900 0.728662 0.688736 0.839526 0.817153 0.978380 0.808045 0.851220 0.657047 0.968944 0.829270 0.722499 0.936783 0.527243 0.425884 0.863694 0.895638 0.915021 0.864141 0.899715 0.969765 0.898231 0.974723 0.699641 0.919375 0.926271 0.997962 0.965151 0.933388 0.930720 0.937951 0.895858 0.786759 0.727184 0.840438 0.998186 0.935712 0.834476 0.855263 0.984411 0.905945 0.950138 0.992890 0.888225 0.958182
0.369048 0.408994 0.477137 0.475328 0.735453 0.749161 0.379609 0.424596 0.599575 0.799564 0.577702 0.472109 0.323651 0.307800 0.438907 0.414453 0.612397 0.528045 0.294627 0.420269 0.772849 0.924643 0.412897 0.604283 0.822236 0.717554 0.914008 0.946810 0.564058 0.545340 0.462262 0.610815 0.000000 0.274609 0.502283 0.850827 0.602196 0.829020 0.984875 0.937411 0.812521 0.936149 0.570949 0.606929 0.633878 0.643721 0.581474 0.534591 0.917444 0.952957 0.745710 0.687785 0.844265 0.885985 0.751369 0.798474 0.505288 0.472047 0.399032 0.464181 0.303749 0.415872 0.485324 0.541728 0.463938 0.421487 0.388951 0.378287 0.698405 0.679357 0.623471 0.564819 0.749514 0.743129 0.789651 0.806140 0.731232 0.675204 0.567452 0.669949 0.485331 0.624311 0.604314 0.725893 0.356449 0.434922 0.854606 0.975362 0.566356 0.541951 0.701559 0.856540 0.758645 0.800836 0.735495 0.795406 0.620309 0.868793 0.578530 0.536046 0.758262 0.776571 0.706881 0.789264 0.491293 0.488991 0.833983 0.731364 0.770470 0.771807 0.735011 0.774392 0.795369 0.844678 0.658852 0.965148
0.320017 0.366351 0.454112 0.433021 0.787275 0.663717 0.288779 0.322581 0.484798 0.629786 0.503494 0.393763 0.360464 0.414002 0.487500 0.457707 0.582645 0.514589 0.334442 0.395756 0.791676 0.934152 0.493689 0.705997 0.880021 0.753659 0.971157 0.931645 0.570258 0.537517 0.614573 0.696437 0.274609 0.000000 0.517566 0.822091 0.704638 0.836815 0.944417 0.903408 0.826881 0.853637 0.466213 0.438227 0.558243 0.579575 0.501706 0.466492 0.983990 0.844618 0.638828 0.543098 0.702889 0.747588 0.699454 0.827984 0.560030 0.501203 0.379252 0.468949 0.321145 0.367884 0.530415 0.529770 0.502552 0.404818 0.307857 0.325191 0.658957 0.660422 0.497317 0.536607 0.751971 0.732144 0.754730 0.873751 0.569717 0.611836 0.592400 0.755642 0.469522 0.610696 0.677495 0.739625 0.448081 0.521065 0.914721 0.947905 0.507414 0.620542 0.543473 0.659998 0.568945 0.637536 0.674753 0.821207 0.550416 0.816086 0.434281 0.416415 0.652239 0.637220 0.578507 0.641624 0.439018 0.438261 0.743986 0.562012 0.741237 0.786520 0.703682 0.662714 0.672418 0.821559 0.622358 0.977679
0.656187 0.735670 0.452318 0.458167 0.680276 0.845770 0.454661 0.555788 0.665431 0.784474 0.868515 0.786911 0.664819 0.671554 0.555159 0.548128 0.846416 0.810864 0.460534 0.700760 0.770132 0.884435 0.486819 0.661343 0.690708 0.703885 0.893143 0.825576 0.865942 0.892299 0.562987 0.758047 0.502283 0.517566 0.000000 0.763685 0.684613 0.789031 0.938276 0.877968 0.796854 0.790785 0.522566 0.584665 0.616824 0.697012 0.600846 0.546318 0.936742 0.856628 0.667071 0.650094 0.619013 0.667429 0.699801 0.716719 0.850523 0.839634 0.636196 0.768567 0.610370 0.744441 0.829104 0.880289 0.429971 0.545782 0.368780 0.474095 0.810108 0.900917 0.490898 0.503958 0.688147 0.658769 0.987475 0.894184 0.645617 0.637592 0.794647 0.843531 0.767917 0.823010 0.763195 0.850375 0.503850 0.554864 0.797341 0.877206 0.740397 0.681910 0.486579 0.613942 0.561808 0.540396 0.681944 0.738625 0.599419 0.813090 0.636589 0.605169 0.802032 0.759166 0.705461 0.882910 0.675660 0.493764 0.927687 0.698651 0.722810 0.737684 0.735992 0.873360 0.808086 0.848067 0.842584 0.972798
0.963573 0.866739 0.739932 0.713211 0.845456 0.938867 0.788386 0.863116 0.923294 0.962751 0.864470 0.970351 0.952198 0.847137 0.810888 0.699804 0.956900 0.968354 0.757521 0.903448 0.838928 0.950111 0.717529 0.732787 0.758017 0.671771 0.750403 0.993490 0.862102 0.896072 0.800794 0.808449 0.850827 0.822091 0.763685 0.000000 0.656734 0.902256 0.866250 0.942788 0.866502 0.864949 0.706086 0.800956 0.824327 0.918148 0.873719 0.763968 0.907480 0.985132 0.742142 0.728710 0.689627 0.672046 0.834838 0.908586 0.951284 0.951956 0.990528 0.930390 0.979101 0.996078 0.927600 0.891587 0.740855 0.729361 0.659577 0.687446 0.902441 0.829918 0.721426 0.732009 0.808367 0.868991 0.997225 0.949648 0.769990 0.907870 0.911609 0.985565 0.977222 0.949161 0.820130 0.937190 0.752643 0.661800 0.870330 0.989286 0.850190 0.899634 0.706526 0.763023 0.668692 0.710347 0.953026 0.937207 0.872083 0.948923 0.845391 0.917146 0.804424 0.797477 0.852842 0.955793 0.882503 0.809180 0.980984 0.834630 0.863319 0.948629 0.909687 0.854682 0.917196 0.992384 0.958232 0.968549
0.810468 0.830083 0.446520 0.535020 0.841518 0.966713 0.685778 0.861165 0.858352 0.852672 0.889048 0.927873 0.790743 0.727393 0.614497 0.481663 0.998355 0.836417 0.615439 0.795455 0.701433 0.911910 0.452020 0.556544 0.451880 0.438643 0.665733 0.786246 0.995118 0.919618 0.456310 0.633948 0.602196 0.704638 0.684613 0.656734 0.000000 0.500733 0.789728 0.805871 0.893631 0.948990 0.713732 0.873925 0.836557 0.904369 0.637022 0.755217 0.860185 0.927449 0.747746 0.768697 0.860021 0.789959 0.798692 0.935796 0.877900 0.871811 0.834707 0.996549 0.850696 0.990874 0.962121 0.970606 0.490755 0.678322 0.635106 0.613483 0.825500 0.930083 0.666030 0.588318 0.677312 0.693660 0.952059 0.964571 0.770122 0.667191 0.732222 0.862595 0.810401 0.849827 0.679415 0.874203 0.486103 0.477490 0.948815 0.926124 0.720612 0.667712 0.833010 0.821192 0.811600 0.825947 0.787415 0.861661 0.847289 0.966187 0.871568 0.821430 0.974008 0.929145 0.863498 0.934006 0.748465 0.782965 0.891018 0.816486 0.843130 0.947460 0.882113 0.937165 0.969180 0.916743 0.991531 0.954657
0.938092 0.996946 0.659579 0.698323 0.872085 0.907961 0.805298 0.943512 0.889127 0.907453 0.887562 0.937145 0.814807 0.882536 0.724798 0.688917 0.948794 0.937708 0.864946 0.972776 0.705392 0.986675 0.658248 0.730726 0.586775 0.614238 0.753385 0.898541 0.975710 0.895524 0.657723 0.790367 0.829020 0.836815 0.789031 0.902256 0.500733 0.000000 0.752860 0.960036 0.977081 0.910839 0.850877 0.907147 0.919798 0.979563 0.781912 0.859011 0.830226 0.979565 0.855784 0.865787 0.906237 0.820217 0.883256 0.974409 0.932546 0.962943 0.885644 0.913811 0.927958 0.935012 0.997965 0.981828 0.656876 0.821295 0.743976 0.774815 0.978660 0.985928 0.725642 0.761638 0.656859 0.829453 0.984947 0.854230 0.803973 0.814679 0.941035 0.882818 0.950346 0.931137 0.835512 0.961903 0.740824 0.694749 0.940797 0.809367 0.917633 0.946689 0.820427 0.812957 0.821923 0.805076 0.806378 0.872727 0.829566 0.857160 0.965157 0.933106 0.970309 0.986938 0.942998 0.931220 0.932956 0.810538 0.808319 0.783161 0.897300 0.922374 0.931771 0.983690 0.990051 0.723150 0.970516 0.796835
