0.000000 0.222393 0.681509 0.794974 0.942442 0.801390 0.483887 0.408274 0.869552 0.485131 0.240972 0.230991 0.347455 0.401258 0.411121 0.483042 0.257130 0.227232 0.283526 0.263359 0.861742 0.852053 0.356483 0.903411 0.930004 0.935605 0.926085 0.892688 0.230715 0.259606 0.459140 0.420949 0.342207 0.311383 0.966421 0.931030 0.581545 0.826937 0.863314 0.910829 0.722098 0.778122 0.665037 0.580134 0.635317 0.530400 0.497713 0.448763 0.544316 0.590152 0.710519 0.703795 0.766683 0.977171 0.690322 0.738991 0.289992 0.243829 0.354345 0.337355 0.307839 0.500044 0.224813 0.231159 0.989540 0.995263 0.713125 0.697413 0.323390 0.268671 0.456442 0.541009 0.552046 0.593830 0.693823 0.863409 0.504481 0.592864 0.448721 0.300448 0.212460 0.286952 0.555465 0.534866 0.718326 0.983363 0.875504 0.820483 0.805828 0.711290 0.909112 0.891851 0.919689 0.926153 0.624325 0.709885 0.649813 0.837178 0.502506 0.507538 0.725516 0.690093 0.506606 0.540970 0.524933 0.534245 0.871051 0.989493 0.998433 0.830574 0.785959 0.639734 0.513987 0.695599 0.805146 0.875012
0.222393 0.000000 0.771081 0.847458 0.922238 0.845851 0.511437 0.416031 0.884467 0.446687 0.293859 0.285750 0.504812 0.538037 0.511720 0.550784 0.177567 0.175892 0.316720 0.260073 0.927966 0.789404 0.397151 0.949356 0.844947 0.869731 0.837081 0.988437 0.241028 0.240410 0.493034 0.451792 0.357627 0.320066 0.970278 0.825710 0.660488 0.769159 0.967025 0.966598 0.832143 0.620013 0.576743 0.491526 0.533814 0.471488 0.529741 0.430317 0.467772 0.559611 0.650805 0.663512 0.715508 0.929965 0.836844 0.827008 0.171985 0.162871 0.383596 0.398600 0.416154 0.598855 0.199026 0.186964 0.867051 0.900537 0.698792 0.684019 0.380974 0.285119 0.371826 0.462114 0.536235 0.550820 0.701501 0.783453 0.461126 0.405745 0.418693 0.360086 0.191314 0.357518 0.545549 0.567469 0.845318 0.877191 0.740582 0.679143 0.933540 0.860083 0.813422 0.799533 0.812391 0.963148 0.591435 0.706763 0.603228 0.674605 0.438459 0.408984 0.709923 0.607258 0.390434 0.437413 0.495775 0.473412 0.790712 0.884797 0.914187 0.857998 0.682476 0.552380 0.505189 0.694430 0.763558 0.909985
0.681509 0.771081 0.000000 0.217894 0.940108 0.619585 0.273793 0.421606 0.676756 0.773605 0.695287 0.771133 0.614236 0.589587 0.687484 0.589090 0.822290 0.720901 0.611301 0.636678 0.648436 0.804146 0.406931 0.415836 0.599859 0.391576 0.859558 0.962421 0.872355 0.756535 0.411291 0.490128 0.424418 0.461516 0.557368 0.594296 0.605997 0.677802 0.491394 0.685510 0.926070 0.886621 0.391391 0.429490 0.488621 0.487043 0.390229 0.373205 0.816760 0.677800 0.616523 0.626934 0.636620 0.816571 0.611273 0.602174 0.881522 0.856518 0.681852 0.676255 0.518459 0.558743 0.797276 0.875443 0.424123 0.420323 0.271326 0.346173 0.823853 0.734003 0.535035 0.473408 0.653020 0.549707 0.735100 0.874770 0.532176 0.823880 0.671105 0.542674 0.752903 0.615755 0.807796 0.816572 0.620200 0.548486 0.865564 0.996371 0.795158 0.634340 0.598124 0.673485 0.540151 0.516877 0.666674 0.682419 0.421050 0.805276 0.586870 0.571458 0.616671 0.638904 0.721282 0.744886 0.462458 0.605568 0.750481 0.678204 0.925587 0.834827 0.835003 0.726063 0.646444 0.687979 0.700913 0.893112
0.794974 0.847458 0.217894 0.000000 0.927789 0.651560 0.343875 0.432753 0.725876 0.799755 0.757343 0.867718 0.721915 0.680662 0.776056 0.650322 0.884880 0.798002 0.661794 0.687371 0.670651 0.795582 0.479860 0.444746 0.625560 0.398648 0.774546 0.957266 0.917350 0.836463 0.530095 0.544700 0.520318 0.550583 0.547324 0.539433 0.601902 0.706898 0.554402 0.805118 0.996457 0.875919 0.474580 0.514761 0.565849 0.580582 0.446764 0.477827 0.833531 0.689914 0.677525 0.683546 0.703025 0.848080 0.664700 0.653655 0.921980 0.908602 0.690828 0.727739 0.686204 0.618874 0.895413 0.973147 0.460379 0.412613 0.294475 0.377225 0.852197 0.803805 0.550311 0.512305 0.738571 0.605146 0.879843 0.941980 0.562630 0.821607 0.727216 0.647182 0.829132 0.643106 0.885533 0.878154 0.668167 0.552250 0.869653 0.884410 0.797393 0.605986 0.554057 0.624084 0.497436 0.450975 0.799990 0.630361 0.498100 0.759025 0.643261 0.577466 0.591802 0.697565 0.767070 0.738169 0.506053 0.659491 0.784153 0.733051 0.895777 0.869041 0.827487 0.732945 0.653849 0.685490 0.799024 0.784369
0.942442 0.922238 0.940108 0.927789 0.000000 0.934615 0.995811 0.951474 0.945505 0.962238 0.988108 0.979291 0.965097 0.870283 0.909317 0.967594 0.903057 0.953414 0.973406 0.895991 0.903735 0.985579 0.967585 0.956571 0.981652 0.994758 0.907659 0.884038 0.988152 0.975784 0.928957 0.936046 0.965876 0.934395 0.999776 0.963309 0.809411 0.996561 0.933278 0.926235 0.852858 0.984226 0.935818 0.983479 0.938891 0.918595 0.958149 0.946959 0.888609 0.873595 0.896783 0.878359 0.892208 0.862290 0.968748 0.922666 0.888144 0.902294 0.916379 0.911708 0.936632 0.833838 0.898312 0.891716 0.932060 0.856115 0.921610 0.905738 0.973980 0.978522 0.875079 0.867076 0.974135 0.978445 0.892670 0.987232 0.934330 0.983384 0.919483 0.988734 0.877803 0.906533 0.833434 0.986070 0.923526 0.921451 0.817962 0.940093 0.919705 0.944624 0.891198 0.982542 0.901126 0.991835 0.988798 0.961695 0.991333 0.790632 0.973798 0.857342 0.875034 0.934119 0.970890 0.920732 0.913046 0.978219 0.858734 0.979045 0.681389 0.892805 0.882891 0.835990 0.812385 0.990165 0.897114 0.986290
0.801390 0.845851 0.619585 0.651560 0.934615 0.000000 0.580281 0.748294 0.736403 0.721153 0.830864 0.722022 0.576755 0.695528 0.646708 0.502313 0.916174 0.850581 0.672784 0.770930 0.803356 0.758182 0.606844 0.646174 0.923741 0.699748 0.831843 0.695716 0.876447 0.816497 0.709583 0.727979 0.646197 0.598299 0.871249 0.884796 0.926439 0.973380 0.732015 0.883595 0.882610 0.996647 0.675844 0.647653 0.851463 0.851806 0.798897 0.686710 0.901547 0.786098 0.842964 0.764054 0.825197 0.886826 0.882827 0.868721 0.987112 0.912598 0.812765 0.809266 0.794534 0.925903 0.862825 0.897782 0.853554 0.873774 0.735782 0.835503 0.917061 0.688815 0.783071 0.742700 0.843393 0.661238 0.756428 0.855810 0.736984 0.789177 0.769095 0.628606 0.820546 0.717316 0.983171 0.961371 0.800430 0.825156 0.882470 0.769559 0.953355 0.918020 0.695798 0.707698 0.760428 0.687446 0.790324 0.748837 0.735649 0.879987 0.766776 0.725356 0.929415 0.821538 0.832434 0.796069 0.692821 0.802685 0.963583 0.879031 0.960651 0.862152 0.951001 0.876254 0.727110 0.934371 0.880095 0.985787
0.483887 0.511437 0.273793 0.343875 0.995811 0.580281 0.000000 0.208491 0.503703 0.395754 0.514662 0.584576 0.476804 0.611202 0.615335 0.568352 0.585996 0.518023 0.379029 0.411301 0.764374 0.785367 0.267567 0.637126 0.959486 0.703802 0.922090 0.884780 0.619867 0.519403 0.300319 0.425146 0.267496 0.244498 0.684534 0.564388 0.631538 0.733611 0.723810 0.841332 0.924297 0.758703 0.239773 0.250378 0.296175 0.294014 0.342651 0.287925 0.492373 0.395086 0.407601 0.392932 0.436292 0.647221 0.720898 0.635095 0.593967 0.555685 0.368548 0.424543 0.394138 0.535063 0.501220 0.547722 0.765646 0.738156 0.298636 0.407908 0.740220 0.507465 0.307555 0.269550 0.648438 0.464810 0.770228 0.779427 0.365962 0.608002 0.468847 0.407421 0.553258 0.569759 0.844330 0.821312 0.856342 0.923254 0.979308 0.852573 0.786761 0.811707 0.371178 0.423743 0.423126 0.458846 0.612681 0.599637 0.342167 0.659964 0.265194 0.274579 0.436566 0.418138 0.426761 0.438014 0.347999 0.389357 0.562901 0.591356 0.802863 0.840962 0.644757 0.518360 0.384061 0.552929 0.612296 0.878140
0.408274 0.416031 0.421606 0.432753 0.951474 0.748294 0.208491 0.000000 0.532246 0.331028 0.375287 0.494762 0.490398 0.606232 0.665264 0.665151 0.468922 0.444391 0.368930 0.339573 0.909278 0.841023 0.345429 0.810037 0.857158 0.886290 0.874588 0.828531 0.477298 0.456508 0.409339 0.437883 0.322509 0.298612 0.804013 0.619426 0.638313 0.806885 0.891140 0.957283 0.858128 0.662336 0.385881 0.400029 0.365629 0.368377 0.443013 0.404103 0.434519 0.432207 0.502405 0.493126 0.560727 0.763101 0.798683 0.651366 0.479418 0.427048 0.324197 0.391973 0.422628 0.473457 0.411698 0.429955 0.928161 0.855146 0.421971 0.511173 0.627861 0.444527 0.306992 0.317644 0.671098 0.586139 0.775550 0.887051 0.373432 0.608551 0.493533 0.450570 0.467639 0.510192 0.827376 0.803918 0.937287 0.932209 0.937785 0.802455 0.708592 0.775574 0.409524 0.461331 0.465090 0.547677 0.617352 0.628001 0.405407 0.609184 0.264626 0.266115 0.394044 0.453112 0.370981 0.382738 0.354817 0.402887 0.592492 0.664414 0.784956 0.830284 0.585428 0.470103 0.332381 0.506120 0.640892 0.933555
0.869552 0.884467 0.676756 0.725876 0.945505 0.736403 0.503703 0.532246 0.000000 0.438822 0.776734 0.839449 0.661819 0.958062 0.935616 0.902303 0.948155 0.988195 0.798233 0.843511 0.988523 0.853874 0.751925 0.945764 0.743794 0.943789 0.815343 0.876656 0.959574 0.955668 0.757206 0.921647 0.802696 0.682702 0.969185 0.791492 0.878867 0.953410 0.935059 0.865653 0.864776 0.991341 0.651432 0.667098 0.651560 0.612560 0.786101 0.740628 0.608772 0.498965 0.518776 0.507531 0.507839 0.578268 0.955180 0.929382 0.991761 0.893435 0.494004 0.613606 0.682017 0.758447 0.806397 0.818999 0.908224 0.954092 0.761573 0.875917 0.961332 0.811953 0.705509 0.680322 0.898964 0.956385 0.924865 0.911181 0.700373 0.826617 0.769908 0.821328 0.986233 0.898465 0.765008 0.796646 0.735626 0.721282 0.927311 0.776580 0.820752 0.963278 0.531371 0.588185 0.679235 0.574703 0.835617 0.906663 0.772370 0.950551 0.556632 0.548048 0.697411 0.615957 0.610994 0.651230 0.696338 0.705362 0.689654 0.639419 0.824362 0.934196 0.811483 0.782677 0.638078 0.781052 0.667475 0.848109
0.485131 0.446687 0.773605 0.799755 0.962238 0.721153 0.395754 0.331028 0.438822 0.000000 0.448381 0.471520 0.430618 0.667455 0.615397 0.697689 0.529345 0.554439 0.392266 0.403985 0.992169 0.831418 0.463982 0.951229 0.532604 0.736121 0.725636 0.837439 0.469530 0.462622 0.576851 0.595252 0.478128 0.413317 0.842205 0.786872 0.848403 0.999406 0.908736 0.870597 0.944803 0.708276 0.539243 0.509568 0.517327 0.491709 0.624738 0.560483 0.330634 0.396620 0.523377 0.499180 0.575173 0.724967 0.991961 0.881884 0.549862 0.457632 0.312479 0.442062 0.572508 0.784067 0.405021 0.403806 0.627203 0.678464 0.829701 0.952568 0.655997 0.434896 0.458479 0.473203 0.793788 0.703578 0.772080 0.754374 0.472534 0.568440 0.452937 0.524645 0.517943 0.708626 0.971006 0.917487 0.762072 0.535577 0.774124 0.673352 0.817735 0.918453 0.514299 0.458843 0.673349 0.744259 0.742699 0.795416 0.590592 0.714433 0.310845 0.324593 0.570385 0.468382 0.352554 0.399386 0.633395 0.530355 0.670260 0.698949 0.769378 0.867153 0.722762 0.629695 0.406305 0.673571 0.765607 0.888529
0.240972 0.293859 0.695287 0.757343 0.988108 0.830864 0.514662 0.375287 0.776734 0.448381 0.000000 0.309774 0.373397 0.449169 0.518058 0.555466 0.356066 0.327549 0.336712 0.293299 0.962922 0.826781 0.457606 0.947551 0.877393 0.925122 0.920464 0.898968 0.318526 0.323286 0.508984 0.493875 0.402620 0.404326 0.976733 0.872234 0.658608 0.890207 0.933008 0.935866 0.748938 0.747941 0.709407 0.627827 0.635438 0.548227 0.612937 0.583256 0.523041 0.609806 0.730183 0.714420 0.761180 0.990864 0.738772 0.729754 0.405875 0.335092 0.401458 0.431878 0.408702 0.557562 0.299555 0.318070 0.928919 0.959875 0.755194 0.762295 0.353261 0.341917 0.481187 0.493495 0.595205 0.656253 0.675379 0.944251 0.474423 0.577824 0.512838 0.361016 0.312279 0.370955 0.687074 0.640268 0.862172 0.881320 0.912880 0.736436 0.777214 0.782115 0.829858 0.844716 0.850766 0.983848 0.709642 0.741164 0.655711 0.846105 0.502720 0.497998 0.728214 0.636702 0.469655 0.533194 0.564164 0.578934 0.877148 0.962272 0.950806 0.850699 0.742385 0.689389 0.526409 0.663558 0.788684 0.991249
0.230991 0.285750 0.771133 0.867718 0.979291 0.722022 0.584576 0.494762 0.839449 0.471520 0.309774 0.000000 0.277253 0.381157 0.368264 0.348069 0.304504 0.292750 0.362392 0.362270 0.873348 0.836038 0.357651 0.844558 0.892123 0.921725 0.948649 0.955622 0.269792 0.286757 0.575285 0.480643 0.422114 0.395400 0.917239 0.956383 0.739429 0.975017 0.934106 0.998728 0.862465 0.850288 0.737377 0.637277 0.760637 0.615395 0.634961 0.505907 0.609000 0.586981 0.723456 0.677847 0.775670 0.919085 0.803417 0.841257 0.405501 0.304962 0.425396 0.404283 0.332959 0.510179 0.231800 0.254297 0.943927 0.974424 0.846923 0.820029 0.431241 0.325639 0.558487 0.576301 0.516261 0.524659 0.616330 0.778169 0.583935 0.551251 0.484015 0.352496 0.270830 0.333794 0.592341 0.568972 0.711196 0.987729 0.831979 0.927731 0.834953 0.763642 0.922255 0.945231 0.988433 0.812189 0.647249 0.791923 0.738052 0.890309 0.609126 0.556956 0.796941 0.722361 0.586427 0.674496 0.532533 0.556223 0.920297 0.926701 0.974587 0.812825 0.873256 0.704940 0.559713 0.807784 0.793309 0.980757
0.347455 0.504812 0.614236 0.721915 0.965097 0.576755 0.476804 0.490398 0.661819 0.430618 0.373397 0.277253 0.000000 0.341397 0.374764 0.326159 0.562092 0.523437 0.387876 0.478971 0.798192 0.881861 0.356310 0.702220 0.929119 0.969478 0.942377 0.940952 0.441569 0.410585 0.572990 0.523139 0.462284 0.429147 0.899482 0.999277 0.743214 0.974043 0.785759 0.864785 0.879266 0.966304 0.699431 0.622422 0.784424 0.619580 0.594275 0.534388 0.631532 0.534952 0.676826 0.616653 0.700710 0.844724 0.739348 0.729404 0.683092 0.531147 0.442076 0.455516 0.330486 0.571193 0.395041 0.452016 0.962883 0.971803 0.842793 0.861965 0.513680 0.426111 0.620805 0.621412 0.599447 0.617050 0.736628 0.792970 0.605306 0.673298 0.525896 0.368558 0.481228 0.441425 0.758414 0.693724 0.749351 0.975836 0.911996 0.954902 0.677700 0.804879 0.866675 0.848505 0.991006 0.994180 0.714819 0.821073 0.695392 0.929883 0.606253 0.588908 0.774388 0.688458 0.637831 0.702986 0.640811 0.644077 0.955233 0.962109 0.913707 0.767789 0.969186 0.815980 0.586463 0.808793 0.810167 0.952879
0.401258 0.538037 0.589587 0.680662 0.870283 0.695528 0.611202 0.606232 0.958062 0.667455 0.449169 0.381157 0.341397 0.000000 0.314269 0.339734 0.587557 0.504420 0.393785 0.404196 0.728392 0.741205 0.395613 0.581908 0.909850 0.872509 0.942736 0.966843 0.442401 0.420848 0.590548 0.438745 0.503453 0.493224 0.923254 0.971802 0.747150 0.958721 0.689164 0.857315 0.855307 0.888736 0.810935 0.776300 0.953383 0.832098 0.588391 0.631977 0.903945 0.918319 0.983852 0.961434 0.993138 0.814833 0.666501 0.803335 0.688963 0.639326 0.687276 0.733251 0.536889 0.702467 0.580244 0.598193 0.836421 0.858941 0.855062 0.867430 0.445548 0.478026 0.752086 0.769894 0.528589 0.652963 0.699322 0.841992 0.634387 0.711888 0.650182 0.476420 0.483029 0.332305 0.603196 0.552196 0.588269 0.769836 0.936169 0.931450 0.812582 0.728524 0.962951 0.993258 0.929579 0.889794 0.729353 0.766767 0.777737 0.862596 0.808826 0.764398 0.844532 0.816747 0.756014 0.803762 0.723931 0.775659 0.898590 0.823112 0.901922 0.769305 0.996035 0.890993 0.799896 0.857706 0.945301 0.967901
0.411121 0.511720 0.687484 0.776056 0.909317 0.646708 0.615335 0.665264 0.935616 0.615397 0.518058 0.368264 0.374764 0.314269 0.000000 0.358682 0.509445 0.444706 0.387548 0.397744 0.777629 0.749075 0.397323 0.641910 0.962941 0.914931 0.972576 0.916228 0.460636 0.364115 0.494357 0.402098 0.489207 0.466186 0.950419 0.988027 0.802005 0.964839 0.761263 0.906173 0.857177 0.987142 0.743068 0.674202 0.885612 0.779822 0.635895 0.577687 0.836991 0.790664 0.925933 0.853497 0.927608 0.926580 0.860077 0.955193 0.647054 0.581348 0.605058 0.655765 0.559393 0.822807 0.530542 0.542279 0.992840 0.981955 0.867779 0.896931 0.436220 0.499346 0.673986 0.676793 0.502015 0.564741 0.718805 0.786118 0.670802 0.605534 0.452943 0.478713 0.477834 0.432348 0.659997 0.572984 0.776733 0.900807 0.925068 0.943475 0.880952 0.897149 0.988411 0.997677 0.883251 0.858880 0.713281 0.826245 0.732121 0.853380 0.736399 0.695465 0.862750 0.843019 0.715821 0.750575 0.747245 0.772354 0.962583 0.828625 0.971834 0.770021 0.983547 0.884458 0.760201 0.877359 0.956757 0.972692
0.483042 0.550784 0.589090 0.650322 0.967594 0.502313 0.568352 0.665151 0.902303 0.697689 0.555466 0.348069 0.326159 0.339734 0.358682 0.000000 0.556483 0.523317 0.423061 0.503476 0.716983 0.721018 0.340037 0.468831 0.798246 0.775126 0.906349 0.840045 0.535651 0.443893 0.563926 0.450149 0.463549 0.428148 0.990367 0.960194 0.742950 0.952235 0.737575 0.850312 0.965800 0.993801 0.641276 0.571157 0.850827 0.703315 0.593064 0.501380 0.857121 0.684507 0.783739 0.708876 0.807025 0.878467 0.687263 0.888611 0.715400 0.626279 0.630753 0.679738 0.492294 0.673818 0.529182 0.587619 0.771848 0.781528 0.774244 0.777668 0.597698 0.491860 0.673602 0.631659 0.519830 0.480747 0.687567 0.744449 0.669984 0.652672 0.556797 0.434452 0.534334 0.435740 0.705825 0.640227 0.592309 0.691967 0.811547 0.888812 0.870904 0.774990 0.956082 0.923740 0.972633 0.928774 0.750558 0.710975 0.719529 0.837333 0.744026 0.670782 0.910824 0.776455 0.745792 0.822615 0.600423 0.644391 0.979310 0.921781 0.885572 0.684616 0.986786 0.821591 0.706838 0.859359 0.887827 0.908634
0.257130 0.177567 0.822290 0.884880 0.903057 0.916174 0.585996 0.468922 0.948155 0.529345 0.356066 0.304504 0.562092 0.587557 0.509445 0.556483 0.000000 0.179262 0.355943 0.295596 0.931753 0.789562 0.443537 0.958274 0.915894 0.882495 0.871331 0.992849 0.278727 0.254230 0.486392 0.447279 0.385316 0.364233 0.998335 0.870029 0.712984 0.793091 0.974274 0.956251 0.810290 0.635848 0.592855 0.541882 0.568605 0.509578 0.542007 0.453671 0.485797 0.589544 0.688113 0.702740 0.778811 0.967025 0.873661 0.904680 0.200893 0.201783 0.418992 0.464708 0.472426 0.633062 0.223481 0.227756 0.884852 0.920721 0.739012 0.739622 0.400506 0.309505 0.442336 0.502798 0.537142 0.560585 0.654289 0.837340 0.518662 0.486433 0.422374 0.407831 0.205930 0.386720 0.507490 0.577423 0.824463 0.904909 0.788500 0.712377 0.916631 0.856325 0.885389 0.879072 0.902466 0.884301 0.662396 0.762624 0.651509 0.700206 0.520672 0.464923 0.729409 0.698826 0.457859 0.502203 0.526772 0.474424 0.822518 0.946315 0.924012 0.858672 0.745820 0.588419 0.535230 0.676700 0.734886 0.926241
0.227232 0.175892 0.720901 0.798002 0.953414 0.850581 0.518023 0.444391 0.988195 0.554439 0.327549 0.292750 0.523437 0.504420 0.444706 0.523317 0.179262 0.000000 0.314859 0.230037 0.882455 0.762063 0.362148 0.846198 0.983598 0.996108 0.892450 0.984377 0.246056 0.219292 0.441626 0.395357 0.347102 0.303952 0.883644 0.869402 0.637270 0.765511 0.874246 0.992972 0.711704 0.677641 0.563900 0.488431 0.555037 0.508584 0.544044 0.401624 0.544318 0.610391 0.721338 0.728470 0.779634 0.975858 0.799680 0.828325 0.197459 0.200503 0.451541 0.461465 0.447671 0.627417 0.236660 0.231638 0.961303 0.981654 0.669130 0.641392 0.390453 0.334589 0.408555 0.456846 0.489378 0.483678 0.717864 0.776342 0.476409 0.449891 0.439845 0.337016 0.191969 0.296973 0.495210 0.518167 0.741860 0.991016 0.841427 0.796699 0.903763 0.791608 0.825842 0.836548 0.815772 0.955482 0.583752 0.771354 0.630774 0.676065 0.500839 0.466005 0.758089 0.655410 0.459417 0.511282 0.475492 0.485384 0.816637 0.981737 0.963644 0.826965 0.737591 0.557563 0.547362 0.630459 0.799370 0.886008
0.283526 0.316720 0.611301 0.661794 0.973406 0.672784 0.379029 0.368930 0.798233 0.392266 0.336712 0.362392 0.387876 0.393785 0.387548 0.423061 0.355943 0.314859 0.000000 0.221477 0.793076 0.689727 0.308831 0.787119 0.950096 0.978844 0.905481 0.975907 0.284563 0.263654 0.377443 0.335088 0.284972 0.247276 0.988039 0.778194 0.663345 0.824359 0.821025 0.965317 0.894507 0.678917 0.519738 0.481607 0.584849 0.530470 0.480289 0.416727 0.525757 0.562095 0.716135 0.683309 0.789005 0.984566 0.877900 0.827582 0.389082 0.367715 0.380120 0.468540 0.503474 0.770415 0.344531 0.387073 0.905831 0.907123 0.679734 0.799322 0.432352 0.314222 0.426928 0.453128 0.557696 0.528757 0.684279 0.780824 0.474479 0.471619 0.460179 0.365315 0.371990 0.409376 0.735766 0.724140 0.910641 0.898419 0.793388 0.826961 0.887613 0.922876 0.743285 0.679015 0.821104 0.906882 0.763801 0.601668 0.607155 0.682284 0.419331 0.396198 0.620746 0.575096 0.424685 0.430964 0.546425 0.550452 0.819107 0.894671 0.960064 0.836802 0.761469 0.633368 0.466477 0.615197 0.845508 0.983601
0.263359 0.260073 0.636678 0.687371 0.895991 0.770930 0.411301 0.339573 0.843511 0.403985 0.293299 0.362270 0.478971 0.404196 0.397744 0.503476 0.295596 0.230037 0.221477 0.000000 0.881974 0.696718 0.333263 0.828455 0.885282 0.969623 0.792562 0.996379 0.273491 0.215062 0.384367 0.311723 0.302860 0.255246 0.959293 0.792294 0.612607 0.777942 0.833374 0.974126 0.763282 0.652440 0.523964 0.473427 0.563500 0.552617 0.521470 0.432726 0.560620 0.639783 0.769314 0.747184 0.810851 0.971087 0.843730 0.881314 0.312743 0.304954 0.414204 0.512431 0.524219 0.724198 0.337015 0.322689 0.883487 0.905825 0.681481 0.730847 0.413469 0.318767 0.418811 0.445425 0.545976 0.539636 0.691858 0.777216 0.411276 0.473983 0.408101 0.394163 0.303628 0.348850 0.702837 0.673608 0.915472 0.888108 0.754185 0.741713 0.931030 0.857143 0.743148 0.666001 0.780472 0.914286 0.646489 0.682382 0.564282 0.631108 0.413137 0.395574 0.631470 0.569644 0.361234 0.407562 0.502914 0.498471 0.793998 0.888776 0.970467 0.795572 0.672025 0.589381 0.511138 0.561910 0.793436 0.987848
0.861742 0.927966 0.648436 0.670651 0.903735 0.803356 0.764374 0.909278 0.988523 0.992169 0.962922 0.873348 0.798192 0.728392 0.777629 0.716983 0.931753 0.882455 0.793076 0.881974 0.000000 0.889856 0.690226 0.626440 0.615007 0.678056 0.814507 0.885964 0.993363 0.902663 0.752803 0.723633 0.802994 0.754757 0.792509 0.918010 0.787389 0.881885 0.529500 0.845031 0.894576 0.953843 0.832679 0.838737 0.919908 0.874587 0.638780 0.699193 0.939583 0.990974 0.999918 0.969093 0.980299 0.836989 0.857853 0.844796 0.876250 0.969685 0.907024 0.913285 0.809161 0.890577 0.905697 0.999327 0.651841 0.733208 0.729376 0.766907 0.910824 0.888847 0.947349 0.920679 0.784160 0.834224 0.803512 0.786917 0.960341 0.978111 0.936059 0.817994 0.910896 0.773258 0.786558 0.697225 0.690510 0.677064 0.994246 0.905177 0.953395 0.818467 0.908495 0.907190 0.993128 0.987437 0.950804 0.698767 0.873443 0.854332 0.940014 0.924417 0.958013 0.902321 0.920033 0.976745 0.992647 0.981870 0.903458 0.917429 0.973069 0.929127 0.886761 0.891985 0.954064 0.982304 0.884713 0.901033
0.852053 0.789404 0.804146 0.795582 0.985579 0.758182 0.785367 0.841023 0.853874 0.831418 0.826781 0.836038 0.881861 0.741205 0.749075 0.721018 0.789562 0.762063 0.689727 0.696718 0.889856 0.000000 0.772247 0.875944 0.932049 0.922691 0.827378 0.788360 0.814706 0.746997 0.703118 0.701074 0.729311 0.725553 0.837523 0.808818 0.811408 0.652055 0.928956 0.984997 0.880742 0.844513 0.749918 0.763470 0.823275 0.864729 0.920449 0.792198 0.949541 0.895520 0.946091 0.896351 0.895554 0.932730 0.955555 0.934508 0.858979 0.886817 0.861894 0.994996 0.983445 0.899868 0.860240 0.893471 0.969806 0.973705 0.875666 0.928974 0.863605 0.802515 0.767957 0.750694 0.772518 0.738301 0.905011 0.823171 0.862094 0.749089 0.875794 0.775946 0.836979 0.867101 0.982718 0.928984 0.925049 0.971444 0.883696 0.802957 0.900072 0.868759 0.814600 0.856604 0.871490 0.873835 0.891756 0.804106 0.928403 0.739125 0.793046 0.791299 0.902799 0.802089 0.690918 0.615280 0.798985 0.878043 0.989298 0.901943 0.943448 0.793114 0.882290 0.883229 0.886522 0.777993 0.981110 0.878400
0.356483 0.397151 0.406931 0.479860 0.967585 0.606844 0.267567 0.345429 0.751925 0.463982 0.457606 0.357651 0.356310 0.395613 0.397323 0.340037 0.443537 0.362148 0.308831 0.333263 0.690226 0.772247 0.000000 0.524206 0.908944 0.736420 0.968299 0.989252 0.450253 0.331726 0.287855 0.278979 0.229401 0.218679 0.814576 0.775801 0.615371 0.823607 0.701716 0.917977 0.894957 0.767396 0.375679 0.341534 0.475897 0.408943 0.371834 0.312693 0.571519 0.508223 0.555605 0.519306 0.601641 0.784959 0.691178 0.743981 0.484276 0.445483 0.430756 0.468569 0.352456 0.590042 0.363850 0.409092 0.825656 0.839133 0.492197 0.538130 0.599424 0.405556 0.385518 0.360121 0.490483 0.337803 0.705846 0.719900 0.408694 0.549884 0.397336 0.356593 0.391807 0.396586 0.633156 0.636009 0.696173 0.856084 0.928311 0.942453 0.875402 0.816334 0.642387 0.665105 0.699135 0.843119 0.629564 0.640298 0.474431 0.707331 0.431320 0.406641 0.660937 0.590159 0.476149 0.535578 0.414600 0.432850 0.675132 0.869388 0.902979 0.727110 0.707031 0.593464 0.450606 0.677226 0.711609 0.946151
0.903411 0.949356 0.415836 0.444746 0.956571 0.646174 0.637126 0.810037 0.945764 0.951229 0.947551 0.844558 0.702220 0.581908 0.641910 0.468831 0.958274 0.846198 0.787119 0.828455 0.626440 0.875944 0.524206 0.000000 0.508705 0.428034 0.774384 0.910991 0.984773 0.813023 0.658001 0.572649 0.648204 0.698063 0.734545 0.830574 0.781045 0.929054 0.477233 0.781894 0.949674 0.922206 0.699108 0.707701 0.890844 0.867236 0.650351 0.630248 0.870162 0.998723 0.983664 0.964631 0.998614 0.964632 0.754146 0.784830 0.944041 0.942807 0.951587 0.957656 0.788941 0.832196 0.991439 0.936830 0.452230 0.469938 0.609760 0.609204 0.949578 0.919329 0.841367 0.764150 0.670019 0.591551 0.892848 0.882190 0.768268 0.938368 0.816380 0.747426 0.897024 0.648644 0.738645 0.661833 0.514142 0.418520 0.862999 0.684111 0.853430 0.765038 0.883218 0.919905 0.870451 0.858167 0.805124 0.843187 0.703823 0.809278 0.966536 0.887599 0.915797 0.951132 0.978344 0.887625 0.791882 0.841176 0.989717 0.971087 0.972645 0.817621 0.970037 0.967386 0.954847 0.963569 0.994192 0.896308
0.930004 0.844947 0.599859 0.625560 0.981652 0.923741 0.959486 0.857158 0.743794 0.532604 0.877393 0.892123 0.929119 0.909850 0.962941 0.798246 0.915894 0.983598 0.950096 0.885282 0.615007 0.932049 0.908944 0.508705 0.000000 0.321297 0.612947 0.782395 0.806675 0.883524 0.780396 0.810618 0.882638 0.981778 0.516005 0.846192 0.840139 0.738686 0.485168 0.669285 0.962121 0.903469 0.900779 0.890639 0.947644 0.933072 0.767002 0.774170 0.719223 0.849066 0.962643 0.906121 0.922188 0.867512 0.743450 0.888994 0.859132 0.792745 0.804058 0.876275 0.946748 0.880233 0.850079 0.737336 0.324840 0.391561 0.632679 0.597339 0.984100 0.859773 0.907645 0.976667 0.733725 0.782470 0.886712 0.869617 0.973135 0.875295 0.915875 0.914962 0.935443 0.855039 0.696011 0.817246 0.458847 0.300468 0.784721 0.728732 0.955016 0.650602 0.752475 0.643739 0.890034 0.941765 0.891199 0.954479 0.902407 0.865169 0.713690 0.787048 0.851511 0.858653 0.709894 0.698617 0.945811 0.921073 0.868694 0.889702 0.871939 0.970824 0.951379 0.801245 0.778662 0.962394 0.953535 0.930778
0.935605 0.869731 0.391576 0.398648 0.994758 0.699748 0.703802 0.886290 0.943789 0.736121 0.925122 0.921725 0.969478 0.872509 0.914931 0.775126 0.882495 0.996108 0.978844 0.969623 0.678056 0.922691 0.736420 0.428034 0.321297 0.000000 0.632542 0.804273 0.809908 0.909627 0.674750 0.715251 0.768813 0.825242 0.455906 0.766941 0.822459 0.772998 0.464960 0.604686 0.952657 0.942308 0.673820 0.682818 0.781688 0.807974 0.672892 0.687714 0.860774 0.969696 0.852064 0.882057 0.864558 0.914900 0.662386 0.710478 0.836777 0.785960 0.918448 0.942369 0.872386 0.824831 0.872141 0.752695 0.287176 0.308415 0.441592 0.441692 0.943092 0.926474 0.889614 0.769031 0.712887 0.660979 0.938906 0.903997 0.893657 0.952507 0.972892 0.838364 0.982183 0.784067 0.785310 0.883805 0.490813 0.285099 0.826646 0.684567 0.934407 0.637681 0.881951 0.979283 0.768796 0.672571 0.882771 0.871184 0.715474 0.977342 0.947035 0.982166 0.965052 0.894138 0.871747 0.886898 0.707116 0.912683 0.932671 0.939486 0.906038 0.886800 0.999255 0.999009 0.967993 0.919933 0.903694 0.915056
0.926085 0.837081 0.859558 0.774546 0.907659 0.831843 0.922090 0.874588 0.815343 0.725636 0.920464 0.948649 0.942377 0.942736 0.972576 0.906349 0.871331 0.892450 0.905481 0.792562 0.814507 0.827378 0.968299 0.774384 0.612947 0.632542 0.000000 0.760931 0.885462 0.789818 0.865244 0.930182 0.954156 0.855329 0.885103 0.946428 0.867086 0.954157 0.777043 0.808668 0.995303 0.866165 0.904377 0.878251 0.860580 0.929429 0.927598 0.995371 0.997007 0.926940 0.935782 0.900313 0.905531 0.864652 0.798177 0.775506 0.814996 0.813032 0.891765 0.959377 0.971075 0.959694 0.862922 0.785462 0.586350 0.642183 0.906688 0.930653 0.923392 0.944774 0.823833 0.821192 0.916562 0.940936 0.889567 0.868772 0.931655 0.823372 0.883476 0.972529 0.924480 0.848097 0.858853 0.926215 0.512698 0.537713 0.778337 0.568889 0.853456 0.607572 0.843517 0.853503 0.962678 0.937684 0.797829 0.944603 0.853745 0.771345 0.724382 0.819043 0.838670 0.826482 0.643791 0.720325 0.952538 0.796126 0.802532 0.730039 0.803623 0.888194 0.696851 0.836256 0.837408 0.862874 0.919704 0.906385
0.892688 0.988437 0.962421 0.957266 0.884038 0.695716 0.884780 0.828531 0.876656 0.837439 0.898968 0.955622 0.940952 0.966843 0.916228 0.840045 0.992849 0.984377 0.975907 0.996379 0.885964 0.788360 0.989252 0.910991 0.782395 0.804273 0.760931 0.000000 0.949494 0.989230 0.974490 0.909141 0.998575 0.991920 0.810851 0.990176 0.968726 0.999007 0.863269 0.969719 0.964853 0.934280 0.985192 0.961958 0.917620 0.955586 0.974118 0.967843 0.933706 0.933330 0.936603 0.948539 0.941740 0.963044 0.954919 0.898171 0.963860 0.963130 0.892665 0.842569 0.812322 0.777937 0.955227 0.893919 0.962556 0.976277 0.982449 0.960358 0.960124 0.974373 0.956584 0.806683 0.985530 0.922082 0.927818 0.916709 0.975290 0.958461 0.980956 0.972903 0.972129 0.974892 0.925204 0.930875 0.914183 0.838197 0.751009 0.880228 0.739936 0.934674 0.853236 0.898473 0.843753 0.938025 0.795799 0.907883 0.919597 0.991508 0.857579 0.902559 0.735318 0.826339 0.882677 0.965970 0.937723 0.924828 0.793235 0.840065 0.812019 0.855199 0.961026 0.920531 0.901957 0.898295 0.972697 0.998779
0.230715 0.241028 0.872355 0.917350 0.988152 0.876447 0.619867 0.477298 0.959574 0.469530 0.318526 0.269792 0.441569 0.442401 0.460636 0.535651 0.278727 0.246056 0.284563 0.273491 0.993363 0.814706 0.450253 0.984773 0.806675 0.809908 0.885462 0.949494 0.000000 0.211783 0.543628 0.456561 0.451680 0.379499 0.929534 0.994990 0.654571 0.871388 0.996334 0.898259 0.768352 0.679400 0.712295 0.632117 0.714262 0.627368 0.671986 0.551358 0.544429 0.626584 0.782183 0.760766 0.843546 0.991662 0.835592 0.822140 0.296713 0.271244 0.452984 0.469742 0.496977 0.697072 0.256522 0.247296 0.756587 0.793904 0.885521 0.893298 0.345060 0.291486 0.498377 0.600439 0.518029 0.596421 0.732257 0.816547 0.534896 0.466154 0.545656 0.409646 0.253118 0.365553 0.619525 0.620743 0.895096 0.836944 0.743913 0.796184 0.912755 0.871522 0.921714 0.838359 0.979954 0.873011 0.688618 0.746823 0.716402 0.775340 0.543154 0.540999 0.767737 0.623724 0.480552 0.523930 0.624830 0.591177 0.921002 0.986081 0.960483 0.766643 0.752150 0.598264 0.525340 0.658018 0.900732 0.860021
0.259606 0.240410 0.756535 0.836463 0.975784 0.816497 0.519403 0.456508 0.955668 0.462622 0.323286 0.286757 0.410585 0.420848 0.364115 0.443893 0.254230 0.219292 0.263654 0.215062 0.902663 0.746997 0.331726 0.813023 0.883524 0.909627 0.789818 0.989230 0.211783 0.000000 0.395015 0.348992 0.332018 0.287011 0.988452 0.910848 0.628908 0.807290 0.852763 0.959835 0.793551 0.687492 0.558348 0.490648 0.617452 0.556434 0.593286 0.459819 0.572639 0.600829 0.731097 0.693881 0.784872 0.924024 0.855501 0.879109 0.311097 0.278487 0.488793 0.519606 0.464731 0.728390 0.260007 0.255462 0.815835 0.847732 0.794055 0.793010 0.354919 0.306219 0.438042 0.494418 0.429888 0.426475 0.742190 0.733309 0.474777 0.424855 0.409335 0.382300 0.264506 0.357880 0.612777 0.608294 0.918389 0.872490 0.758241 0.730563 0.957867 0.954881 0.851144 0.783625 0.931776 0.898855 0.618424 0.714405 0.599899 0.651822 0.478865 0.453993 0.703651 0.598662 0.418621 0.500160 0.609355 0.489154 0.816420 0.909696 0.890336 0.731612 0.726163 0.557639 0.515339 0.586503 0.851400 0.989263
0.459140 0.493034 0.411291 0.530095 0.928957 0.709583 0.300319 0.409339 0.757206 0.576851 0.508984 0.575285 0.572990 0.590548 0.494357 0.563926 0.486392 0.441626 0.377443 0.384367 0.752803 0.703118 0.287855 0.658001 0.780396 0.674750 0.865244 0.974490 0.543628 0.395015 0.000000 0.285669 0.248723 0.252792 0.660506 0.695448 0.580523 0.681039 0.653731 0.811657 0.876164 0.750315 0.308381 0.278352 0.337785 0.335329 0.378835 0.331591 0.561015 0.546379 0.516403 0.517626 0.568964 0.773548 0.770681 0.779171 0.560899 0.566791 0.495720 0.583825 0.477588 0.727196 0.459392 0.530733 0.861798 0.880193 0.437937 0.510626 0.639452 0.505409 0.388299 0.361587 0.412804 0.358452 0.688883 0.825437 0.408881 0.613893 0.433945 0.411338 0.506859 0.576436 0.630910 0.754171 0.881500 0.930903 0.953124 0.749060 0.963776 0.947925 0.683600 0.723662 0.759172 0.823093 0.676897 0.651041 0.436828 0.722198 0.413836 0.454808 0.688322 0.516503 0.470958 0.490085 0.484028 0.490305 0.620722 0.690595 0.838007 0.798514 0.589110 0.602053 0.461737 0.571710 0.600874 0.937765
0.420949 0.451792 0.490128 0.544700 0.936046 0.727979 0.425146 0.437883 0.921647 0.595252 0.493875 0.480643 0.523139 0.438745 0.402098 0.450149 0.447279 0.395357 0.335088 0.311723 0.723633 0.701074 0.278979 0.572649 0.810618 0.715251 0.930182 0.909141 0.456561 0.348992 0.285669 0.000000 0.298613 0.328379 0.758786 0.757134 0.556990 0.823232 0.683366 0.917298 0.915812 0.702284 0.478397 0.461042 0.552433 0.573789 0.458324 0.443352 0.693779 0.755470 0.786753 0.785527 0.865816 0.961609 0.778976 0.844638 0.521533 0.528600 0.577806 0.680380 0.561429 0.781093 0.471653 0.536061 0.887075 0.906100 0.594009 0.663363 0.558296 0.452437 0.517738 0.493732 0.451194 0.434189 0.676163 0.890840 0.503229 0.632590 0.458736 0.498348 0.445399 0.442912 0.646484 0.682051 0.804409 0.871739 0.899794 0.905900 0.907484 0.887273 0.831141 0.828357 0.867044 0.932027 0.752617 0.695877 0.505530 0.698839 0.553226 0.550934 0.745412 0.624771 0.525641 0.543093 0.550511 0.585483 0.851092 0.877616 0.944875 0.693452 0.738076 0.646584 0.561483 0.646007 0.755305 0.904102
0.342207 0.357627 0.424418 0.520318 0.965876 0.646197 0.267496 0.322509 0.802696 0.478128 0.402620 0.422114 0.462284 0.503453 0.489207 0.463549 0.385316 0.347102 0.284972 0.302860 0.802994 0.729311 0.229401 0.648204 0.882638 0.768813 0.954156 0.998575 0.451680 0.332018 0.248723 0.298613 0.000000 0.204295 0.745810 0.644899 0.605061 0.672681 0.742208 0.914235 0.916571 0.712775 0.320102 0.298326 0.350031 0.330233 0.324661 0.313589 0.492367 0.486027 0.508009 0.495676 0.571619 0.789547 0.700872 0.671133 0.436546 0.415080 0.420606 0.462657 0.382392 0.584575 0.345556 0.414626 0.837965 0.843779 0.421017 0.489344 0.566116 0.391905 0.330475 0.346210 0.457407 0.347008 0.702433 0.780193 0.384780 0.563583 0.413113 0.363019 0.369949 0.425568 0.648732 0.739757 0.750664 0.911387 0.871420 0.772151 0.923398 0.846722 0.615706 0.641695 0.644029 0.799477 0.660683 0.629459 0.435040 0.638441 0.353603 0.370933 0.578556 0.508148 0.453299 0.463498 0.354812 0.408164 0.679245 0.722661 0.917938 0.774885 0.612975 0.576940 0.397062 0.601673 0.630524 0.907256
0.311383 0.320066 0.461516 0.550583 0.934395 0.598299 0.244498 0.298612 0.682702 0.413317 0.404326 0.395400 0.429147 0.493224 0.466186 0.428148 0.364233 0.303952 0.247276 0.255246 0.754757 0.725553 0.218679 0.698063 0.981778 0.825242 0.855329 0.991920 0.379499 0.287011 0.252792 0.328379 0.204295 0.000000 0.771026 0.725516 0.575001 0.723859 0.749259 0.926595 0.840509 0.728585 0.323300 0.271563 0.392413 0.350187 0.382078 0.304928 0.478224 0.439042 0.509956 0.503658 0.573354 0.784449 0.733396 0.721724 0.391597 0.373205 0.361410 0.438053 0.399214 0.633450 0.320372 0.366944 0.934392 0.931275 0.471005 0.528789 0.552510 0.340183 0.322351 0.334447 0.522077 0.399800 0.756322 0.729057 0.389488 0.490777 0.391536 0.313513 0.355460 0.420223 0.662308 0.671775 0.825509 0.974400 0.775078 0.778969 0.900813 0.887411 0.601922 0.577858 0.664484 0.775016 0.546559 0.611379 0.481935 0.631902 0.336487 0.333416 0.620565 0.489210 0.383777 0.416211 0.376229 0.374842 0.678088 0.726541 0.888537 0.775114 0.636691 0.522548 0.383786 0.563873 0.676509 0.992795
0.966421 0.970278 0.557368 0.547324 0.999776 0.871249 0.684534 0.804013 0.969185 0.842205 0.976733 0.917239 0.899482 0.923254 0.950419 0.990367 0.998335 0.883644 0.988039 0.959293 0.792509 0.837523 0.814576 0.734545 0.516005 0.455906 0.885103 0.810851 0.929534 0.988452 0.660506 0.758786 0.745810 0.771026 0.000000 0.673516 0.705174 0.658461 0.631823 0.805296 0.920732 0.989035 0.621724 0.650629 0.590617 0.675568 0.731012 0.660773 0.990809 0.862209 0.772353 0.799502 0.815455 0.856550 0.752613 0.779381 0.916170 0.954021 0.970303 0.893029 0.827277 0.728067 0.958259 0.991180 0.548955 0.533152 0.433369 0.363506 0.965333 0.934157 0.722781 0.701207 0.817968 0.704040 0.930416 0.955123 0.816970 0.917355 0.925212 0.870783 0.925095 0.868393 0.852439 0.897588 0.739468 0.614930 0.836419 0.970600 0.935142 0.735649 0.741008 0.946376 0.682181 0.657154 0.772446 0.846267 0.677588 0.892800 0.818302 0.836765 0.836018 0.876672 0.972897 0.884239 0.639650 0.745697 0.817003 0.784456 0.874025 0.979414 0.712347 0.759953 0.892313 0.819833 0.855584 0.861981
0.931030 0.825710 0.594296 0.539433 0.963309 0.884796 0.564388 0.619426 0.791492 0.786872 0.872234 0.956383 0.999277 0.971802 0.988027 0.960194 0.870029 0.869402 0.778194 0.792294 0.918010 0.808818 0.775801 0.830574 0.846192 0.766941 0.946428 0.990176 0.994990 0.910848 0.695448 0.757134 0.644899 0.725516 0.673516 0.000000 0.734144 0.558235 0.834503 0.945277 0.987461 0.846761 0.548987 0.602306 0.494283 0.625601 0.595356 0.678164 0.756963 0.714751 0.707820 0.733582 0.743674 0.827274 0.844974 0.885407 0.832125 0.843624 0.776617 0.822317 0.876072 0.804803 0.895010 0.911662 0.776350 0.731412 0.430757 0.522619 0.967873 0.848542 0.522658 0.615719 0.913429 0.813105 0.873242 0.809790 0.584495 0.728468 0.807045 0.927097 0.849825 0.908077 0.968666 0.991536 0.976169 0.902061 0.937402 0.862365 0.936337 0.884714 0.553501 0.633294 0.498402 0.553394 0.897530 0.659246 0.614790 0.588180 0.572586 0.510745 0.639897 0.615582 0.760835 0.640580 0.651336 0.676378 0.803798 0.579526 0.859174 0.997975 0.711038 0.674354 0.644733 0.661045 0.664928 0.781694
0.581545 0.660488 0.605997 0.601902 0.809411 0.926439 0.631538 0.638313 0.878867 0.848403 0.658608 0.739429 0.743214 0.747150 0.802005 0.742950 0.712984 0.637270 0.663345 0.612607 0.787389 0.811408 0.615371 0.781045 0.840139 0.822459 0.867086 0.968726 0.654571 0.628908 0.580523 0.556990 0.605061 0.575001 0.705174 0.734144 0.000000 0.670660 0.636624 0.912830 0.790660 0.857949 0.703442 0.633300 0.674769 0.675961 0.582788 0.562548 0.872230 0.777976 0.788231 0.820604 0.856164 0.931900 0.809688 0.819598 0.686371 0.715892 0.704889 0.694832 0.636148 0.698186 0.704003 0.725671 0.823055 0.806715 0.619791 0.628475 0.725556 0.653101 0.601713 0.720740 0.731733 0.645993 0.891757 0.986102 0.588876 0.674776 0.757530 0.685833 0.705319 0.671819 0.839120 0.865743 0.892263 0.861643 0.939596 0.808563 0.940421 0.785082 0.905242 0.866732 0.858483 0.881895 0.786715 0.678899 0.681607 0.816148 0.678101 0.695662 0.911450 0.744211 0.601927 0.724286 0.653413 0.687906 0.953705 0.812425 0.956300 0.767653 0.697574 0.670635 0.721253 0.832109 0.772381 0.783267
0.826937 0.769159 0.677802 0.706898 0.996561 0.973380 0.733611 0.806885 0.953410 0.999406 0.890207 0.975017 0.974043 0.958721 0.964839 0.952235 0.793091 0.765511 0.824359 0.777942 0.881885 0.652055 0.823607 0.929054 0.738686 0.772998 0.954157 0.999007 0.871388 0.807290 0.681039 0.823232 0.672681 0.723859 0.658461 0.558235 0.670660 0.000000 0.732822 0.882612 0.967009 0.894678 0.640530 0.624480 0.580855 0.636519 0.647225 0.621672 0.859329 0.707854 0.680591 0.699037 0.698203 0.790495 0.805626 0.803383 0.761923 0.811910 0.829300 0.786674 0.793468 0.807215 0.822182 0.851510 0.761461 0.749685 0.547035 0.539980 0.860476 0.800080 0.607803 0.670345 0.706613 0.695356 0.881530 0.957852 0.780952 0.766379 0.861898 0.865084 0.805316 0.828413 0.858156 0.999826 0.894028 0.829273 0.871686 0.770624 0.928220 0.931934 0.847222 0.858322 0.770093 0.811105 0.853046 0.656862 0.710245 0.753950 0.763437 0.708469 0.762091 0.723910 0.725035 0.737310 0.708239 0.722833 0.816631 0.768681 0.965151 0.939668 0.679545 0.737047 0.827590 0.616162 0.803749 0.867467
