0.000000 0.167022 0.314283 0.299976 0.632851 0.557188 0.245939 0.204406 0.400073 0.317625 0.144509 0.141868 0.135633 0.232596 0.216318 0.258245 0.158674 0.153014 0.152485 0.164742 0.515696 0.866554 0.326254 0.539629 0.734173 0.732844 0.906077 0.859638 0.205197 0.193715 0.278419 0.395036 0.155645 0.168351 0.501758 0.653377 0.372845 0.422446 0.730638 0.633634 0.633484 0.538795 0.244817 0.217965 0.255089 0.198673 0.235972 0.238438 0.721812 0.381548 0.464547 0.374054 0.519468 0.552165 0.494978 0.523117 0.179706 0.163961 0.182163 0.193284 0.129459 0.189778 0.130946 0.136575 0.388253 0.298345 0.281263 0.295147 0.314268 0.212699 0.271485 0.259175 0.439618 0.444081 0.639116 0.592435 0.366178 0.284928 0.196814 0.221328 0.149457 0.209493 0.462843 0.352176 0.272490 0.490382 0.968000 0.785809 0.422094 0.536575 0.572703 0.670641 0.584393 0.750204 0.492662 0.515093 0.322544 0.552846 0.235676 0.243207 0.527825 0.560246 0.245818 0.303463 0.290193 0.279893 0.709410 0.584079 0.646926 0.449100 0.621613 0.347379 0.353031 0.455085 0.397927 0.970719
0.167022 0.000000 0.476049 0.397412 0.654929 0.595594 0.361223 0.248547 0.448147 0.355986 0.232715 0.133746 0.161504 0.163185 0.195984 0.209293 0.147662 0.126483 0.180160 0.169029 0.537739 0.859460 0.321098 0.481490 0.696905 0.826566 0.936149 0.882803 0.160020 0.174911 0.333653 0.420252 0.215703 0.229666 0.583552 0.644659 0.382854 0.451401 0.816880 0.677772 0.656288 0.470895 0.262153 0.227450 0.271157 0.228046 0.300745 0.245734 0.700854 0.431629 0.521677 0.432934 0.603220 0.667351 0.639467 0.657855 0.111041 0.100341 0.266656 0.277032 0.218166 0.237270 0.158336 0.128332 0.536332 0.439745 0.412064 0.388771 0.360247 0.259882 0.247882 0.261442 0.540660 0.560076 0.690483 0.581246 0.312485 0.270589 0.255237 0.218617 0.156789 0.219880 0.389844 0.336433 0.333142 0.478910 0.887705 0.816331 0.518927 0.577336 0.656488 0.704775 0.667219 0.833850 0.461272 0.513168 0.369250 0.469254 0.278151 0.248629 0.572969 0.690281 0.287928 0.269319 0.339464 0.288313 0.762843 0.597324 0.616724 0.467887 0.568265 0.356059 0.440710 0.390770 0.441647 0.870221
0.314283 0.476049 0.000000 0.143551 0.616619 0.559984 0.136192 0.215514 0.426228 0.327930 0.310741 0.361584 0.318770 0.442017 0.397780 0.381273 0.399829 0.375313 0.252215 0.326727 0.464648 0.840267 0.278237 0.483581 0.565638 0.432073 0.965871 0.815480 0.425406 0.328780 0.222739 0.357710 0.230181 0.240452 0.395273 0.662792 0.404310 0.483287 0.592442 0.610803 0.741192 0.686015 0.288545 0.299073 0.471731 0.403577 0.363959 0.300570 0.967818 0.590392 0.670514 0.580330 0.599779 0.491367 0.475719 0.584400 0.494046 0.487122 0.285209 0.322158 0.231461 0.331542 0.309685 0.355808 0.200711 0.180170 0.178407 0.216375 0.466108 0.291392 0.369799 0.397228 0.449099 0.463582 0.506238 0.784397 0.476191 0.446441 0.317342 0.418135 0.317625 0.276048 0.576111 0.359444 0.310248 0.461445 0.922234 0.915804 0.418289 0.506361 0.545364 0.610929 0.546628 0.696657 0.594516 0.606390 0.433355 0.682785 0.443834 0.380831 0.538786 0.388856 0.386271 0.341015 0.383555 0.380076 0.739932 0.659399 0.626360 0.466850 0.660936 0.569130 0.454884 0.570572 0.542423 0.960776
0.299976 0.397412 0.143551 0.000000 0.657943 0.470402 0.152911 0.145484 0.439237 0.241362 0.348297 0.281871 0.261138 0.310292 0.293378 0.261889 0.348762 0.308488 0.227945 0.279664 0.420711 0.782260 0.184875 0.355567 0.522686 0.417600 0.983967 0.927433 0.343045 0.256734 0.185046 0.276753 0.188642 0.197817 0.371887 0.619240 0.329677 0.455085 0.548237 0.574183 0.746992 0.562124 0.230082 0.265390 0.421478 0.364257 0.319165 0.240641 0.966390 0.547547 0.641037 0.540648 0.576345 0.500974 0.465737 0.578763 0.429489 0.407731 0.292892 0.331212 0.238133 0.281090 0.258851 0.270901 0.211268 0.175699 0.187224 0.203375 0.515350 0.281632 0.287348 0.363534 0.504435 0.577823 0.486228 0.714204 0.388049 0.380045 0.269236 0.379194 0.232053 0.191466 0.451427 0.253757 0.251860 0.351239 0.919295 0.953640 0.398832 0.420843 0.518047 0.558200 0.493492 0.689290 0.536319 0.494052 0.388344 0.613292 0.387574 0.274137 0.474365 0.411586 0.301110 0.296289 0.320079 0.311479 0.805946 0.617494 0.621284 0.415641 0.609143 0.465189 0.417150 0.460265 0.527531 0.930871
0.632851 0.654929 0.616619 0.657943 0.000000 0.793952 0.611026 0.606948 0.720787 0.661977 0.740125 0.693169 0.626248 0.706333 0.646733 0.668707 0.713820 0.681542 0.589704 0.715554 0.700424 0.912180 0.638188 0.729246 0.879278 0.965156 0.908222 0.772409 0.661675 0.725126 0.744013 0.836077 0.589349 0.658704 0.690061 0.813678 0.749768 0.678668 0.867487 0.836854 0.917594 0.620396 0.555984 0.575114 0.550929 0.590556 0.670484 0.633741 0.778951 0.714429 0.679073 0.672726 0.760258 0.710100 0.776504 0.824541 0.649827 0.702024 0.632445 0.623925 0.562004 0.594359 0.637457 0.641798 0.612461 0.610631 0.612709 0.598959 0.720262 0.722367 0.602409 0.669465 0.882936 0.906458 0.911768 0.959276 0.766238 0.753885 0.771642 0.790883 0.676125 0.702905 0.698159 0.676504 0.631534 0.641469 0.990975 0.862149 0.839147 0.741871 0.675284 0.696461 0.697692 0.746119 0.912155 0.838388 0.711529 0.831964 0.624872 0.584883 0.698820 0.657660 0.584216 0.589594 0.531803 0.703952 0.763845 0.688080 0.850945 0.931321 0.682334 0.657448 0.721361 0.768716 0.677755 0.930474
0.557188 0.595594 0.559984 0.470402 0.793952 0.000000 0.449142 0.417676 0.589136 0.409539 0.596644 0.536515 0.538154 0.616715 0.577937 0.569751 0.608068 0.568485 0.542779 0.535521 0.715254 0.854328 0.522549 0.728904 0.868015 0.601664 0.977877 0.788655 0.612329 0.600330 0.550032 0.618479 0.530526 0.508854 0.582417 0.829893 0.549812 0.861296 0.787777 0.860534 0.835255 0.570129 0.453305 0.550271 0.509693 0.550722 0.492031 0.562723 0.894933 0.761652 0.729540 0.709806 0.738625 0.771565 0.731956 0.708682 0.609885 0.635277 0.606217 0.674039 0.547766 0.581785 0.533012 0.546905 0.574097 0.518241 0.459899 0.456516 0.783602 0.671155 0.418684 0.514563 0.783231 0.847271 0.750142 0.803883 0.590809 0.555408 0.558655 0.696839 0.504349 0.547081 0.783565 0.611997 0.566022 0.719418 0.902112 0.752957 0.757382 0.744750 0.408509 0.469735 0.368978 0.585760 0.733116 0.721261 0.487570 0.750185 0.422713 0.416325 0.521620 0.478746 0.582406 0.520267 0.546975 0.503313 0.940584 0.590566 0.840687 0.686280 0.696845 0.459628 0.488859 0.698977 0.631996 0.975819
0.245939 0.361223 0.136192 0.152911 0.611026 0.449142 0.000000 0.132498 0.392665 0.216354 0.276433 0.282720 0.263310 0.372967 0.346602 0.332545 0.301657 0.273672 0.174988 0.263749 0.486273 0.844934 0.261164 0.516942 0.681382 0.557788 0.895761 0.790822 0.344253 0.269094 0.239525 0.355302 0.182790 0.174875 0.400348 0.627143 0.384651 0.467676 0.593991 0.612339 0.713551 0.550716 0.206077 0.200978 0.319779 0.273256 0.312905 0.236195 0.964934 0.572829 0.604095 0.522021 0.579542 0.489630 0.485613 0.633924 0.354601 0.366108 0.222862 0.292256 0.166881 0.279362 0.217990 0.262185 0.251446 0.174284 0.135828 0.141692 0.449298 0.282573 0.282522 0.277918 0.450142 0.477177 0.508896 0.724461 0.404110 0.344343 0.284071 0.372723 0.224266 0.229205 0.550901 0.343214 0.308340 0.482981 0.978868 0.805153 0.414731 0.577594 0.469454 0.506426 0.454220 0.618703 0.568864 0.510233 0.349855 0.589347 0.302176 0.253323 0.464045 0.319555 0.319025 0.274556 0.316848 0.299973 0.745363 0.576219 0.554631 0.397101 0.546772 0.408036 0.325139 0.469022 0.476649 0.922242
0.204406 0.248547 0.215514 0.145484 0.606948 0.417676 0.132498 0.000000 0.370980 0.162354 0.276372 0.179780 0.181821 0.223571 0.229824 0.219860 0.226769 0.200001 0.170643 0.206786 0.457631 0.787003 0.205004 0.421430 0.652462 0.582178 0.904909 0.905525 0.250426 0.198775 0.230428 0.330697 0.149820 0.149569 0.388606 0.561578 0.353211 0.407472 0.666008 0.588374 0.649421 0.491693 0.173905 0.195478 0.251682 0.234782 0.276864 0.218436 0.828068 0.477912 0.517651 0.427529 0.522349 0.489619 0.509089 0.610997 0.279564 0.267767 0.243410 0.281364 0.167615 0.191657 0.173271 0.156987 0.292782 0.209298 0.177562 0.190824 0.468786 0.252853 0.236803 0.277754 0.482337 0.561238 0.556692 0.659941 0.312461 0.256996 0.213158 0.338796 0.158549 0.176560 0.416550 0.277428 0.252144 0.405480 0.966914 0.828856 0.436094 0.478503 0.394000 0.444270 0.387933 0.587727 0.470234 0.411484 0.285863 0.510135 0.218696 0.160859 0.379596 0.386563 0.245255 0.222205 0.245766 0.255189 0.733675 0.489029 0.567687 0.385326 0.523279 0.330435 0.304551 0.388824 0.442809 0.960375
0.400073 0.448147 0.426228 0.439237 0.720787 0.589136 0.392665 0.370980 0.000000 0.356934 0.406707 0.398040 0.417662 0.524214 0.498998 0.491168 0.455627 0.448924 0.427630 0.389937 0.718899 0.986394 0.503937 0.750460 0.737457 0.741826 0.895031 0.813276 0.452625 0.456658 0.446648 0.612520 0.391483 0.403505 0.571726 0.731131 0.506175 0.569954 0.840675 0.712353 0.741472 0.771843 0.449091 0.436784 0.452869 0.440213 0.449687 0.472522 0.905891 0.613297 0.646659 0.572667 0.681571 0.666114 0.678416 0.678617 0.470931 0.471119 0.440705 0.433714 0.360321 0.364958 0.440450 0.442621 0.461606 0.410405 0.425155 0.425017 0.436113 0.434514 0.444154 0.478172 0.405494 0.445922 0.755021 0.640175 0.479574 0.421520 0.533554 0.506363 0.442693 0.485888 0.726297 0.591899 0.549724 0.715105 0.878402 0.615938 0.652912 0.739579 0.539037 0.543459 0.543735 0.579958 0.628615 0.582271 0.591072 0.802321 0.380834 0.421362 0.558953 0.498167 0.524106 0.413172 0.473611 0.516818 0.777401 0.603649 0.751050 0.550988 0.574957 0.563291 0.427899 0.651554 0.547921 0.866887
0.317625 0.355986 0.327930 0.241362 0.661977 0.409539 0.216354 0.162354 0.356934 0.000000 0.343699 0.278665 0.305025 0.353690 0.336001 0.337657 0.303611 0.300313 0.280532 0.314938 0.577457 0.748132 0.329181 0.560489 0.769823 0.607697 0.870847 0.892033 0.345373 0.288929 0.335546 0.422494 0.254766 0.249629 0.381420 0.630052 0.424744 0.533400 0.692091 0.620447 0.759527 0.479233 0.297186 0.313893 0.339280 0.353727 0.446952 0.346800 0.920428 0.604299 0.628037 0.538160 0.607500 0.588298 0.605974 0.636017 0.381005 0.403808 0.377178 0.428860 0.281262 0.294094 0.307793 0.284553 0.382471 0.275818 0.272453 0.287455 0.494357 0.346382 0.311065 0.346818 0.430858 0.527655 0.616192 0.551843 0.388615 0.278685 0.334403 0.435787 0.246046 0.286388 0.539964 0.381048 0.427061 0.571225 0.993930 0.754341 0.559143 0.629879 0.396557 0.405158 0.370915 0.520782 0.559155 0.428262 0.380292 0.573732 0.235223 0.213730 0.440471 0.376880 0.366210 0.278058 0.362470 0.355823 0.728148 0.488521 0.692423 0.463653 0.532536 0.388334 0.351981 0.436858 0.516048 0.958449
0.144509 0.232715 0.310741 0.348297 0.740125 0.596644 0.276433 0.276372 0.406707 0.343699 0.000000 0.158675 0.178381 0.277898 0.263709 0.268708 0.164105 0.164941 0.177756 0.163444 0.549791 0.917277 0.365682 0.523083 0.720010 0.691401 0.926115 0.829507 0.209809 0.173924 0.292743 0.365149 0.210570 0.196857 0.546976 0.692040 0.439734 0.498727 0.751314 0.666080 0.590339 0.616679 0.330550 0.277073 0.412493 0.312425 0.336631 0.327613 0.929469 0.546119 0.628111 0.542625 0.630377 0.700357 0.595314 0.633976 0.210794 0.222658 0.261200 0.293569 0.162605 0.235070 0.169612 0.188292 0.427126 0.293429 0.324641 0.370979 0.267155 0.230564 0.341441 0.310349 0.354512 0.355121 0.691596 0.558646 0.388304 0.297988 0.222950 0.210892 0.191417 0.238889 0.482722 0.388365 0.377200 0.570297 0.987813 0.767602 0.479446 0.647034 0.688694 0.792754 0.719634 0.870798 0.578907 0.577812 0.424445 0.613090 0.353468 0.336731 0.601418 0.594344 0.351799 0.337309 0.401129 0.345808 0.755605 0.750384 0.679724 0.464702 0.693819 0.457269 0.441296 0.486253 0.462590 0.957119
0.141868 0.133746 0.361584 0.281871 0.693169 0.536515 0.282720 0.179780 0.398040 0.278665 0.158675 0.000000 0.110478 0.128278 0.140842 0.144179 0.117699 0.094431 0.145783 0.133699 0.518816 0.840137 0.253760 0.404920 0.667152 0.716288 0.942274 0.956104 0.125896 0.111960 0.260101 0.321959 0.146833 0.171926 0.554296 0.656010 0.362975 0.452284 0.756049 0.600976 0.599014 0.496901 0.265281 0.236843 0.320616 0.253077 0.282736 0.263353 0.787858 0.477382 0.564644 0.463463 0.602667 0.647190 0.588998 0.652929 0.149880 0.136363 0.264353 0.274258 0.166538 0.172174 0.115559 0.089086 0.447591 0.310727 0.346872 0.354641 0.350388 0.211066 0.252868 0.246065 0.465099 0.522991 0.664847 0.560858 0.293109 0.217354 0.174302 0.203594 0.119796 0.160037 0.332360 0.257703 0.281429 0.420268 0.993860 0.857196 0.444580 0.553681 0.621513 0.688914 0.627598 0.824378 0.451964 0.467749 0.361502 0.491539 0.276053 0.232944 0.532666 0.596406 0.268130 0.259900 0.295385 0.296617 0.768197 0.621668 0.649028 0.397074 0.630594 0.366421 0.388225 0.382606 0.434410 0.937380
0.135633 0.161504 0.318770 0.261138 0.626248 0.538154 0.263310 0.181821 0.417662 0.305025 0.178381 0.110478 0.000000 0.130063 0.115298 0.138602 0.158722 0.132865 0.162918 0.180220 0.452865 0.869881 0.203265 0.349672 0.611688 0.670814 0.967066 0.924465 0.165821 0.141240 0.229199 0.333951 0.156319 0.188390 0.534356 0.669745 0.316241 0.393578 0.707620 0.638672 0.612369 0.486606 0.246897 0.232351 0.314402 0.247174 0.259020 0.248206 0.778463 0.446399 0.529218 0.426859 0.588428 0.592134 0.562603 0.626547 0.182158 0.160374 0.252802 0.265728 0.139464 0.163745 0.105390 0.101444 0.353718 0.285617 0.328733 0.346058 0.411709 0.259776 0.260774 0.282522 0.490709 0.518461 0.650620 0.596151 0.359328 0.253401 0.191354 0.239398 0.135641 0.176176 0.324289 0.257836 0.202915 0.348321 0.999685 0.922124 0.416021 0.469486 0.626037 0.690400 0.627156 0.833464 0.450798 0.471667 0.350796 0.512746 0.304151 0.260236 0.569270 0.588476 0.256368 0.277397 0.304209 0.277331 0.733534 0.607086 0.612808 0.422536 0.649526 0.395167 0.403859 0.421622 0.416476 0.994124
0.232596 0.163185 0.442017 0.310292 0.706333 0.616715 0.372967 0.223571 0.524214 0.353690 0.277898 0.128278 0.130063 0.000000 0.119869 0.114314 0.191469 0.155278 0.226285 0.216761 0.473207 0.819093 0.208484 0.287756 0.581443 0.696505 0.979394 0.961489 0.147671 0.139701 0.253518 0.315075 0.192860 0.233783 0.556430 0.659701 0.373725 0.447014 0.742670 0.603767 0.659891 0.474727 0.297470 0.284224 0.375705 0.305403 0.310720 0.275963 0.750700 0.495933 0.577009 0.484971 0.589795 0.653330 0.600457 0.680458 0.201321 0.174676 0.325669 0.345172 0.232495 0.206627 0.153856 0.112978 0.450920 0.360167 0.414898 0.420308 0.471702 0.306994 0.306916 0.362937 0.574931 0.674823 0.712094 0.621635 0.324264 0.253565 0.220775 0.276646 0.168440 0.182956 0.235277 0.239645 0.235965 0.296809 0.976365 0.973663 0.475251 0.468393 0.713810 0.759524 0.715366 0.932428 0.442850 0.471366 0.406850 0.463663 0.385886 0.297575 0.589836 0.691605 0.278870 0.303560 0.349344 0.320493 0.804772 0.638408 0.629579 0.448314 0.653954 0.428580 0.463010 0.404298 0.480528 0.980094
0.216318 0.195984 0.397780 0.293378 0.646733 0.577937 0.346602 0.229824 0.498998 0.336001 0.263709 0.140842 0.115298 0.119869 0.000000 0.137901 0.207004 0.174752 0.230374 0.236818 0.425532 0.813339 0.208027 0.329255 0.561076 0.663460 0.950163 0.988379 0.191552 0.165853 0.256157 0.339097 0.199811 0.237252 0.542505 0.699976 0.331146 0.443766 0.745814 0.607795 0.651430 0.498643 0.302557 0.272022 0.373448 0.304470 0.319423 0.268668 0.764521 0.484674 0.576008 0.460685 0.611336 0.621341 0.562531 0.632631 0.225240 0.197179 0.322056 0.325039 0.215081 0.196150 0.163602 0.134074 0.386701 0.329518 0.407012 0.412647 0.482552 0.314294 0.300324 0.337090 0.558127 0.662684 0.719002 0.635762 0.358612 0.275612 0.211058 0.283266 0.171158 0.191667 0.310403 0.260289 0.224637 0.310749 0.937656 0.979881 0.435242 0.427853 0.669568 0.710405 0.666104 0.876857 0.451481 0.438961 0.386824 0.504534 0.352765 0.286376 0.611968 0.638711 0.281737 0.297460 0.320288 0.320274 0.750636 0.621593 0.657753 0.469944 0.672273 0.409147 0.451488 0.398821 0.462606 0.981353
0.258245 0.209293 0.381273 0.261889 0.668707 0.569751 0.332545 0.219860 0.491168 0.337657 0.268708 0.144179 0.138602 0.114314 0.137901 0.000000 0.194582 0.151743 0.206348 0.206959 0.467986 0.845499 0.158722 0.250518 0.544977 0.641102 0.983262 0.969379 0.160564 0.129842 0.231958 0.279158 0.187942 0.218162 0.570563 0.691020 0.329660 0.460625 0.678485 0.596185 0.666464 0.462246 0.272690 0.258767 0.429826 0.346194 0.327934 0.280575 0.877438 0.564539 0.656710 0.564355 0.667780 0.702559 0.662362 0.715917 0.214374 0.205046 0.348439 0.376585 0.224745 0.207088 0.162045 0.127926 0.394109 0.294290 0.380273 0.383017 0.468025 0.309894 0.272564 0.325457 0.558661 0.658073 0.693021 0.622295 0.346929 0.242108 0.213286 0.257857 0.157379 0.164196 0.243399 0.218416 0.243973 0.280095 0.969613 0.936951 0.470604 0.458374 0.698245 0.725894 0.704661 0.904259 0.490094 0.451366 0.442568 0.505123 0.403835 0.296627 0.611228 0.627315 0.268864 0.268436 0.333597 0.310684 0.793681 0.713321 0.626357 0.429049 0.689739 0.446370 0.468785 0.412902 0.493197 0.982299
0.158674 0.147662 0.399829 0.348762 0.713820 0.608068 0.301657 0.226769 0.455627 0.303611 0.164105 0.117699 0.158722 0.191469 0.207004 0.194582 0.000000 0.095790 0.154909 0.142699 0.546136 0.828268 0.325117 0.476087 0.721400 0.762151 0.943985 0.861222 0.133899 0.121352 0.307990 0.345541 0.184898 0.158473 0.567566 0.665019 0.391840 0.477349 0.766471 0.622620 0.590268 0.506767 0.291839 0.227376 0.350901 0.277798 0.317276 0.284378 0.859856 0.533208 0.648667 0.525478 0.689491 0.722317 0.660667 0.690131 0.135873 0.138807 0.262502 0.287188 0.193190 0.216460 0.139226 0.125934 0.495805 0.335440 0.361081 0.347198 0.318081 0.210283 0.293465 0.283645 0.426706 0.468628 0.684786 0.526820 0.327828 0.253057 0.175135 0.168908 0.118202 0.170268 0.402449 0.301808 0.358011 0.496075 0.951162 0.851121 0.495889 0.629135 0.690492 0.729537 0.694039 0.824343 0.453915 0.494018 0.383572 0.476626 0.318632 0.248155 0.622879 0.617998 0.289914 0.259527 0.346017 0.299835 0.787748 0.652530 0.666250 0.412957 0.595133 0.367241 0.442944 0.347362 0.503463 0.847486
0.153014 0.126483 0.375313 0.308488 0.681542 0.568485 0.273672 0.200001 0.448924 0.300313 0.164941 0.094431 0.132865 0.155278 0.174752 0.151743 0.095790 0.000000 0.128615 0.121528 0.500608 0.859461 0.275378 0.424040 0.690357 0.758506 0.937929 0.879183 0.117775 0.096062 0.289367 0.325255 0.159732 0.155233 0.551800 0.688352 0.376484 0.461313 0.759265 0.627082 0.625059 0.472412 0.252449 0.197411 0.335752 0.251399 0.303097 0.248469 0.858001 0.517306 0.629061 0.516056 0.642053 0.694459 0.621210 0.698842 0.112115 0.119361 0.267745 0.292330 0.175818 0.206891 0.112258 0.100471 0.467551 0.327378 0.348203 0.344107 0.324379 0.228231 0.256300 0.241708 0.457837 0.498957 0.642181 0.592390 0.301539 0.213194 0.164296 0.174969 0.101961 0.144115 0.341202 0.262251 0.315693 0.448108 0.990325 0.870763 0.489429 0.602977 0.655134 0.697762 0.657667 0.828234 0.475301 0.476253 0.380652 0.500087 0.309324 0.233446 0.594243 0.604958 0.267322 0.245897 0.309798 0.291653 0.767900 0.678215 0.634104 0.398170 0.592995 0.349057 0.394466 0.369215 0.455287 0.904423
0.152485 0.180160 0.252215 0.227945 0.589704 0.542779 0.174988 0.170643 0.427630 0.280532 0.177756 0.145783 0.162918 0.226285 0.230374 0.206348 0.154909 0.128615 0.000000 0.130103 0.493626 0.867991 0.239647 0.428409 0.624393 0.673588 0.911378 0.774629 0.176194 0.153239 0.218453 0.286131 0.135910 0.129935 0.468522 0.609676 0.372083 0.460125 0.642620 0.612273 0.693375 0.477964 0.214015 0.181648 0.336266 0.271431 0.293126 0.205862 0.922928 0.537642 0.647793 0.540639 0.658657 0.637605 0.589629 0.724562 0.180386 0.201491 0.227475 0.264155 0.144228 0.238531 0.122231 0.144915 0.378673 0.254466 0.252267 0.245994 0.330873 0.219740 0.202968 0.235839 0.468501 0.501989 0.595637 0.634865 0.341506 0.261863 0.203825 0.221668 0.126628 0.155009 0.387480 0.271440 0.302517 0.431750 0.992617 0.818825 0.467719 0.615602 0.623742 0.680743 0.627361 0.800573 0.512920 0.520249 0.350030 0.484710 0.316419 0.242199 0.581805 0.506055 0.285179 0.250573 0.316607 0.290866 0.713636 0.658735 0.595998 0.407424 0.563313 0.372128 0.418015 0.429290 0.428650 0.913506
0.164742 0.169029 0.326727 0.279664 0.715554 0.535521 0.263749 0.206786 0.389937 0.314938 0.163444 0.133699 0.180220 0.216761 0.236818 0.206959 0.142699 0.121528 0.130103 0.000000 0.483993 0.859914 0.290208 0.436913 0.630846 0.679911 0.934966 0.854509 0.173040 0.139107 0.242665 0.276219 0.177874 0.149692 0.532439 0.636533 0.382207 0.493723 0.747484 0.647554 0.609842 0.564041 0.254875 0.216934 0.380379 0.292238 0.308942 0.270110 0.931313 0.545593 0.681276 0.575286 0.683146 0.719213 0.623913 0.702067 0.172388 0.183292 0.277166 0.304367 0.200631 0.243203 0.156534 0.154448 0.464966 0.329907 0.321497 0.322772 0.298389 0.232302 0.225727 0.269739 0.412375 0.451861 0.659363 0.606649 0.340599 0.248218 0.187491 0.179161 0.138189 0.168712 0.430482 0.316757 0.372031 0.491134 0.968391 0.806524 0.485694 0.653015 0.653416 0.727222 0.665998 0.837904 0.477892 0.555948 0.404964 0.571402 0.341862 0.279590 0.585889 0.579260 0.317420 0.284990 0.365507 0.296303 0.767178 0.691066 0.623392 0.422140 0.571569 0.384295 0.442766 0.407268 0.450292 0.926027
0.515696 0.537739 0.464648 0.420711 0.700424 0.715254 0.486273 0.457631 0.718899 0.577457 0.549791 0.518816 0.452865 0.473207 0.425532 0.467986 0.546136 0.500608 0.493626 0.483993 0.000000 0.742945 0.427058 0.492632 0.467831 0.639567 0.999913 0.967081 0.540456 0.474780 0.454374 0.574912 0.493381 0.465800 0.651999 0.865799 0.508152 0.580400 0.672199 0.753808 0.745485 0.631245 0.494277 0.486784 0.629421 0.553442 0.519168 0.469505 0.889650 0.592871 0.723901 0.669296 0.754601 0.639267 0.509170 0.709163 0.575509 0.535021 0.521310 0.529494 0.504850 0.512468 0.474240 0.475776 0.483879 0.545366 0.543167 0.554033 0.675136 0.599524 0.534459 0.569433 0.629816 0.780263 0.731138 0.903746 0.563161 0.537501 0.454144 0.574383 0.485295 0.450175 0.592631 0.517046 0.453809 0.549643 0.966235 0.969030 0.691801 0.525895 0.716061 0.759789 0.692801 0.907207 0.636461 0.533665 0.595227 0.733588 0.640875 0.542478 0.748933 0.701646 0.475031 0.543287 0.512496 0.469817 0.858174 0.814992 0.524861 0.639350 0.717484 0.680276 0.556293 0.608825 0.646178 0.909081
0.866554 0.859460 0.840267 0.782260 0.912180 0.854328 0.844934 0.787003 0.986394 0.748132 0.917277 0.840137 0.869881 0.819093 0.813339 0.845499 0.828268 0.859461 0.867991 0.859914 0.742945 0.000000 0.804930 0.858190 0.949511 0.872151 0.813360 0.956211 0.803117 0.792481 0.805810 0.834975 0.829413 0.790697 0.857605 0.796721 0.762852 0.753963 0.877061 0.759265 0.803037 0.794257 0.760503 0.769090 0.843749 0.848055 0.896274 0.865455 0.856847 0.871263 0.894887 0.811546 0.812234 0.777659 0.834432 0.881044 0.889832 0.897124 0.821615 0.910479 0.907729 0.873580 0.873925 0.846252 0.880510 0.858546 0.840774 0.845924 0.956823 0.777738 0.790396 0.870732 0.847586 0.951401 0.799316 0.699532 0.869875 0.846652 0.782637 0.831120 0.817277 0.827221 0.797438 0.789301 0.865403 0.862937 0.870387 0.909847 0.788492 0.878220 0.950421 0.929515 0.930202 0.902801 0.852743 0.704738 0.906522 0.826634 0.805751 0.789549 0.810393 0.760394 0.793465 0.709036 0.827600 0.790101 0.980726 0.886460 0.912138 0.836578 0.859602 0.851317 0.886451 0.756949 0.859127 0.979337
0.326254 0.321098 0.278237 0.184875 0.638188 0.522549 0.261164 0.205004 0.503937 0.329181 0.365682 0.253760 0.203265 0.208484 0.208027 0.158722 0.325117 0.275378 0.239647 0.290208 0.427058 0.804930 0.000000 0.208978 0.477322 0.506691 0.975001 0.942310 0.286670 0.245469 0.177146 0.231132 0.209286 0.249767 0.497326 0.610140 0.296786 0.474779 0.623071 0.639152 0.775976 0.468039 0.276060 0.308770 0.477665 0.418002 0.370300 0.299689 0.993374 0.639799 0.719519 0.620553 0.665147 0.616145 0.599546 0.728436 0.355157 0.353499 0.388670 0.434032 0.262950 0.304009 0.222437 0.228708 0.268319 0.252307 0.323824 0.338277 0.593140 0.392034 0.241538 0.365411 0.609864 0.699894 0.657201 0.773205 0.400813 0.319741 0.302408 0.372397 0.213489 0.195519 0.322750 0.227729 0.187768 0.217940 0.937346 0.909968 0.423457 0.438300 0.635411 0.658322 0.613364 0.842392 0.528821 0.450966 0.429946 0.546738 0.445361 0.318258 0.575351 0.555839 0.323969 0.316006 0.404739 0.308930 0.848882 0.644820 0.630092 0.492134 0.700459 0.486018 0.481409 0.516564 0.487051 0.975777
0.539629 0.481490 0.483581 0.355567 0.729246 0.728904 0.516942 0.421430 0.750460 0.560489 0.523083 0.404920 0.349672 0.287756 0.329255 0.250518 0.476087 0.424040 0.428409 0.436913 0.492632 0.858190 0.208978 0.000000 0.391886 0.601447 0.995529 0.960159 0.382442 0.346856 0.347669 0.281694 0.393922 0.430838 0.672140 0.729754 0.451980 0.606499 0.664240 0.760402 0.873859 0.630308 0.502397 0.536202 0.745236 0.676914 0.562939 0.504772 0.911504 0.833302 0.904798 0.826859 0.856972 0.841174 0.755490 0.888267 0.503792 0.497619 0.629781 0.661335 0.483143 0.474349 0.384326 0.378469 0.465895 0.440831 0.565968 0.619219 0.727562 0.551605 0.445316 0.586786 0.730984 0.821718 0.787202 0.816133 0.561110 0.486432 0.440800 0.468281 0.377911 0.319018 0.332310 0.303465 0.338025 0.235976 0.858732 0.702764 0.554319 0.478816 0.890360 0.929677 0.872467 0.893115 0.665633 0.569513 0.666729 0.606804 0.725618 0.544850 0.708020 0.810158 0.525473 0.500611 0.574912 0.513506 0.996835 0.870036 0.669884 0.640632 0.826160 0.674276 0.743401 0.571094 0.706112 0.942436
0.734173 0.696905 0.565638 0.522686 0.879278 0.868015 0.681382 0.652462 0.737457 0.769823 0.720010 0.667152 0.611688 0.581443 0.561076 0.544977 0.721400 0.690357 0.624393 0.630846 0.467831 0.949511 0.477322 0.391886 0.000000 0.487350 0.843662 0.992335 0.637216 0.605156 0.464783 0.535228 0.644472 0.649235 0.703837 0.922203 0.631709 0.816195 0.652496 0.869311 0.869067 0.873321 0.673899 0.721452 0.910046 0.839425 0.630421 0.594530 0.869108 0.808546 0.998258 0.868727 0.949064 0.870714 0.719865 0.870147 0.767840 0.710386 0.748326 0.690028 0.703474 0.700808 0.672922 0.663451 0.571599 0.632704 0.730503 0.739779 0.749424 0.733148 0.651175 0.733828 0.640260 0.805118 0.807386 0.974625 0.708579 0.726150 0.651376 0.645988 0.638631 0.549586 0.660812 0.577251 0.580694 0.513079 0.949678 0.894697 0.783823 0.571051 0.985718 0.988615 0.916593 0.880195 0.749543 0.744706 0.788254 0.808614 0.889098 0.791894 0.904038 0.932323 0.787520 0.703898 0.728193 0.691263 0.959337 0.966159 0.690192 0.717264 0.817623 0.879472 0.929640 0.739377 0.835302 0.889403
0.732844 0.826566 0.432073 0.417600 0.965156 0.601664 0.557788 0.582178 0.741826 0.607697 0.691401 0.716288 0.670814 0.696505 0.663460 0.641102 0.762151 0.758506 0.673588 0.679911 0.639567 0.872151 0.506691 0.601447 0.487350 0.000000 0.718634 0.870305 0.719094 0.665380 0.426137 0.516411 0.602670 0.595093 0.450467 0.801008 0.604175 0.902301 0.617253 0.736778 0.944250 0.809747 0.608688 0.664033 0.814418 0.742488 0.552922 0.565058 0.952711 0.753310 0.879717 0.767896 0.718077 0.750091 0.600021 0.624694 0.876057 0.832133 0.617857 0.625465 0.637805 0.660966 0.703679 0.726709 0.415145 0.440193 0.511371 0.517196 0.778492 0.676585 0.687510 0.758101 0.660368 0.757944 0.582242 0.926157 0.750957 0.776757 0.652122 0.690791 0.636797 0.568012 0.741530 0.620032 0.534461 0.551724 0.960377 0.838772 0.580484 0.530540 0.866043 0.915985 0.784955 0.990085 0.715290 0.844719 0.682811 0.916532 0.815570 0.698337 0.799544 0.746064 0.710601 0.684391 0.791609 0.662716 0.862687 0.894812 0.871276 0.749816 0.989280 0.822886 0.814150 0.803050 0.684721 0.991937
0.906077 0.936149 0.965871 0.983967 0.908222 0.977877 0.895761 0.904909 0.895031 0.870847 0.926115 0.942274 0.967066 0.979394 0.950163 0.983262 0.943985 0.937929 0.911378 0.934966 0.999913 0.813360 0.975001 0.995529 0.843662 0.718634 0.000000 0.874444 0.996275 0.984402 0.911808 0.921852 0.937252 0.970104 0.912857 0.942158 0.963302 0.877023 0.918880 0.871786 0.921550 0.964185 0.961830 0.936922 0.953832 0.969183 0.928238 0.967107 0.972365 0.952805 0.942721 0.956532 0.897619 0.966784 0.984035 0.959484 0.960990 0.994200 0.989935 0.985201 0.907339 0.904429 0.924529 0.922557 0.978902 0.968267 0.943937 0.975895 0.915284 0.964954 0.928548 0.931482 0.992133 0.931389 0.934078 0.922624 0.980074 0.860290 0.956456 0.924870 0.949888 0.939402 0.991827 0.996565 0.997313 0.970134 0.892628 0.845180 0.866582 0.849845 0.780334 0.834290 0.803154 0.792173 0.930220 0.941798 0.939227 0.993606 0.866985 0.925183 0.928343 0.976834 0.939673 0.964237 0.820498 0.992532 0.949366 0.894508 0.882432 0.870392 0.929246 0.969382 0.842097 0.935377 0.990823 0.934186
0.859638 0.882803 0.815480 0.927433 0.772409 0.788655 0.790822 0.905525 0.813276 0.892033 0.829507 0.956104 0.924465 0.961489 0.988379 0.969379 0.861222 0.879183 0.774629 0.854509 0.967081 0.956211 0.942310 0.960159 0.992335 0.870305 0.874444 0.000000 0.910640 0.898881 0.919779 0.925120 0.907364 0.825529 0.911458 0.873777 0.850756 0.818171 0.749744 0.931580 0.914071 0.875623 0.822792 0.795209 0.855715 0.837902 0.968410 0.802286 0.904610 0.882543 0.973494 0.915956 0.993266 0.851553 0.985515 0.896053 0.836022 0.906703 0.894284 0.913517 0.811407 0.907005 0.909363 0.943257 0.860246 0.861459 0.817008 0.843639 0.852894 0.851336 0.853757 0.823317 0.720524 0.693822 0.972137 0.991765 0.920745 0.916071 0.953028 0.859660 0.906338 0.944394 0.963744 0.935997 0.982364 0.977515 0.972957 0.957503 0.965701 0.963786 0.911309 0.904521 0.965891 0.853338 0.897288 0.960362 0.959875 0.972866 0.865435 0.921260 0.839089 0.821553 0.876315 0.875134 0.897561 0.905267 0.845287 0.984792 0.958720 0.925699 0.722223 0.969966 0.952764 0.995950 0.907409 0.966275
0.205197 0.160020 0.425406 0.343045 0.661675 0.612329 0.344253 0.250426 0.452625 0.345373 0.209809 0.125896 0.165821 0.147671 0.191552 0.160564 0.133899 0.117775 0.176194 0.173040 0.540456 0.803117 0.286670 0.382442 0.637216 0.719094 0.996275 0.910640 0.000000 0.117847 0.281550 0.301082 0.171284 0.171812 0.566864 0.681898 0.402522 0.537095 0.726393 0.609006 0.694610 0.475275 0.306579 0.249171 0.384519 0.297954 0.292906 0.257778 0.823379 0.529145 0.632519 0.514990 0.639302 0.710938 0.603655 0.679386 0.153384 0.160168 0.287871 0.321378 0.207741 0.212105 0.141837 0.128293 0.481206 0.335321 0.369348 0.369380 0.326429 0.220771 0.313100 0.342195 0.471719 0.543492 0.678614 0.574317 0.355105 0.251112 0.189970 0.198849 0.126222 0.167513 0.319669 0.247129 0.307391 0.384499 0.949253 0.960052 0.514626 0.544332 0.752372 0.786756 0.737552 0.925976 0.478170 0.512289 0.439623 0.482404 0.380290 0.284709 0.599881 0.618567 0.284262 0.265639 0.343360 0.326791 0.803051 0.766354 0.723296 0.462554 0.592621 0.420027 0.494241 0.347588 0.492069 0.915883
0.193715 0.174911 0.328780 0.256734 0.725126 0.600330 0.269094 0.198775 0.456658 0.288929 0.173924 0.111960 0.141240 0.139701 0.165853 0.129842 0.121352 0.096062 0.153239 0.139107 0.474780 0.792481 0.245469 0.346856 0.605156 0.665380 0.984402 0.898881 0.117847 0.000000 0.236401 0.256982 0.159843 0.150371 0.528356 0.687750 0.351230 0.459490 0.733933 0.611924 0.648795 0.519697 0.256587 0.206567 0.394896 0.288647 0.319952 0.236880 0.905970 0.532076 0.647117 0.534483 0.634606 0.668591 0.605729 0.666235 0.166252 0.171300 0.277899 0.312290 0.184909 0.196127 0.133493 0.116548 0.416142 0.274662 0.333560 0.336647 0.342750 0.219452 0.304079 0.299463 0.415077 0.477227 0.606543 0.550177 0.336814 0.221562 0.153140 0.179157 0.117278 0.135134 0.321677 0.230674 0.310656 0.401541 0.961956 0.961003 0.460250 0.568756 0.713341 0.749958 0.723881 0.886540 0.472653 0.486189 0.430418 0.496421 0.372020 0.261804 0.593108 0.593230 0.287044 0.234746 0.331388 0.289717 0.771161 0.726219 0.627069 0.355769 0.611910 0.400360 0.437759 0.372952 0.493180 0.955675
0.278419 0.333653 0.222739 0.185046 0.744013 0.550032 0.239525 0.230428 0.446648 0.335546 0.292743 0.260101 0.229199 0.253518 0.256157 0.231958 0.307990 0.289367 0.218453 0.242665 0.454374 0.805810 0.177146 0.347669 0.464783 0.426137 0.911808 0.919779 0.281550 0.236401 0.000000 0.213746 0.192159 0.214337 0.454217 0.657503 0.337329 0.539844 0.564094 0.610605 0.746450 0.603698 0.284792 0.282214 0.459835 0.395372 0.334735 0.274252 0.977459 0.595194 0.698349 0.594625 0.610762 0.599742 0.513903 0.614766 0.366374 0.356297 0.304928 0.345404 0.234647 0.301507 0.241752 0.262919 0.298576 0.243307 0.273204 0.297221 0.442178 0.313793 0.294944 0.373688 0.458642 0.553076 0.596499 0.691232 0.432886 0.336971 0.289924 0.310341 0.236241 0.218798 0.405148 0.295167 0.261171 0.357889 0.902120 0.945827 0.382355 0.497397 0.721349 0.772233 0.705074 0.898150 0.521229 0.567467 0.376261 0.593693 0.466138 0.383803 0.631202 0.533926 0.379842 0.362504 0.454291 0.309360 0.720140 0.697108 0.668635 0.485049 0.674957 0.525720 0.522617 0.496480 0.523875 0.993511
0.395036 0.420252 0.357710 0.276753 0.836077 0.618479 0.355302 0.330697 0.612520 0.422494 0.365149 0.321959 0.333951 0.315075 0.339097 0.279158 0.345541 0.325255 0.286131 0.276219 0.574912 0.834975 0.231132 0.281694 0.535228 0.516411 0.921852 0.925120 0.301082 0.256982 0.213746 0.000000 0.288287 0.260859 0.616001 0.666863 0.458612 0.702114 0.655688 0.701652 0.867501 0.640252 0.393310 0.402050 0.628486 0.548356 0.487744 0.363953 0.849934 0.790721 0.890432 0.794348 0.775962 0.787901 0.671905 0.808870 0.409783 0.442683 0.457820 0.524765 0.362194 0.420350 0.290982 0.327312 0.435339 0.316743 0.386227 0.414703 0.545854 0.391275 0.413498 0.491252 0.549685 0.630255 0.641329 0.712362 0.525984 0.381598 0.287183 0.346185 0.258115 0.228668 0.395372 0.247853 0.354906 0.330176 0.870044 0.865379 0.457002 0.593287 0.862709 0.919295 0.836360 0.927614 0.635279 0.586272 0.557120 0.610287 0.619897 0.456752 0.698585 0.655615 0.495131 0.429216 0.583277 0.438700 0.849990 0.890832 0.717593 0.526581 0.736119 0.607002 0.675133 0.555828 0.609536 0.982006
0.155645 0.215703 0.230181 0.188642 0.589349 0.530526 0.182790 0.149820 0.391483 0.254766 0.210570 0.146833 0.156319 0.192860 0.199811 0.187942 0.184898 0.159732 0.135910 0.177874 0.493381 0.829413 0.209286 0.393922 0.644472 0.602670 0.937252 0.907364 0.171284 0.159843 0.192159 0.288287 0.000000 0.126351 0.411962 0.607686 0.336282 0.455370 0.645488 0.551712 0.717014 0.505383 0.235185 0.208288 0.316631 0.250280 0.275739 0.235939 0.835912 0.512096 0.583350 0.491295 0.590071 0.566574 0.483493 0.560101 0.231296 0.220676 0.198470 0.249404 0.134157 0.205061 0.130939 0.140983 0.308437 0.214901 0.221446 0.217916 0.362045 0.197545 0.242770 0.266272 0.461715 0.552938 0.579439 0.702612 0.334224 0.243126 0.182391 0.234840 0.126826 0.138039 0.377737 0.247384 0.217490 0.337129 0.936985 0.938269 0.374742 0.503845 0.587692 0.621942 0.573512 0.753570 0.465394 0.505768 0.369472 0.531489 0.293245 0.231785 0.538025 0.429952 0.244954 0.230928 0.284841 0.302940 0.755792 0.626238 0.675859 0.437413 0.600487 0.357955 0.417275 0.381686 0.453642 0.978797
0.168351 0.229666 0.240452 0.197817 0.658704 0.508854 0.174875 0.149569 0.403505 0.249629 0.196857 0.171926 0.188390 0.233783 0.237252 0.218162 0.158473 0.155233 0.129935 0.149692 0.465800 0.790697 0.249767 0.430838 0.649235 0.595093 0.970104 0.825529 0.171812 0.150371 0.214337 0.260859 0.126351 0.000000 0.379620 0.589519 0.341184 0.446893 0.600049 0.554581 0.710241 0.503096 0.218229 0.184824 0.320162 0.260910 0.274047 0.213100 0.891865 0.516276 0.618580 0.508846 0.587080 0.594108 0.492839 0.589167 0.219569 0.225711 0.195632 0.247229 0.143269 0.205120 0.131904 0.154691 0.304721 0.194713 0.177629 0.192440 0.356393 0.189318 0.268251 0.294215 0.435074 0.528233 0.619405 0.625039 0.336015 0.257351 0.167901 0.223535 0.114352 0.135364 0.396341 0.247878 0.259389 0.386565 0.996844 0.865904 0.411545 0.523465 0.576128 0.640753 0.574076 0.751823 0.469608 0.475085 0.355891 0.482361 0.308233 0.223180 0.521333 0.453646 0.232006 0.210627 0.295619 0.252703 0.773636 0.632110 0.671056 0.429182 0.550018 0.336705 0.388545 0.354109 0.446032 0.952659
0.501758 0.583552 0.395273 0.371887 0.690061 0.582417 0.400348 0.388606 0.571726 0.381420 0.546976 0.554296 0.534356 0.556430 0.542505 0.570563 0.567566 0.551800 0.468522 0.532439 0.651999 0.857605 0.497326 0.672140 0.703837 0.450467 0.912857 0.911458 0.566864 0.528356 0.454217 0.616001 0.411962 0.379620 0.000000 0.515058 0.529322 0.620897 0.702565 0.702611 0.893950 0.633634 0.466714 0.495222 0.511557 0.508798 0.543014 0.456345 0.904277 0.632867 0.704710 0.611844 0.586986 0.658836 0.555823 0.543087 0.606581 0.610937 0.440734 0.461550 0.434059 0.473296 0.509532 0.516005 0.366514 0.372757 0.335297 0.363057 0.579436 0.532711 0.505451 0.607745 0.580686 0.727436 0.674923 0.813287 0.554270 0.558807 0.535010 0.638197 0.447251 0.430656 0.609345 0.543751 0.457020 0.558906 0.982434 0.883180 0.610578 0.614583 0.579729 0.618469 0.545656 0.641953 0.749533 0.724251 0.473761 0.631770 0.479385 0.429672 0.594321 0.594692 0.454812 0.462226 0.470232 0.498337 0.766712 0.585482 0.903912 0.720854 0.664791 0.420093 0.598598 0.656841 0.569836 0.987238
0.653377 0.644659 0.662792 0.619240 0.813678 0.829893 0.627143 0.561578 0.731131 0.630052 0.692040 0.656010 0.669745 0.659701 0.699976 0.691020 0.665019 0.688352 0.609676 0.636533 0.865799 0.796721 0.610140 0.729754 0.922203 0.801008 0.942158 0.873777 0.681898 0.687750 0.657503 0.666863 0.607686 0.589519 0.515058 0.000000 0.661454 0.530512 0.870436 0.803710 0.961194 0.770386 0.616792 0.674344 0.672941 0.700362 0.763146 0.631653 0.957563 0.805351 0.792881 0.731350 0.791460 0.783496 0.916717 0.896851 0.662027 0.670008 0.641649 0.656376 0.623244 0.651287 0.624315 0.616675 0.708732 0.676767 0.572906 0.580925 0.808960 0.676156 0.626838 0.809813 0.863706 0.895586 0.825130 0.757950 0.729289 0.737524 0.700421 0.708705 0.622343 0.642561 0.702136 0.719670 0.633643 0.658634 0.889490 0.924438 0.683120 0.696790 0.775478 0.837154 0.794316 0.830220 0.807775 0.702251 0.601882 0.684049 0.635038 0.625972 0.619218 0.698093 0.610820 0.590205 0.724927 0.604165 0.713701 0.670289 0.884313 0.879784 0.695502 0.681071 0.776189 0.755942 0.620590 0.970187
0.372845 0.382854 0.404310 0.329677 0.749768 0.549812 0.384651 0.353211 0.506175 0.424744 0.439734 0.362975 0.316241 0.373725 0.331146 0.329660 0.391840 0.376484 0.372083 0.382207 0.508152 0.762852 0.296786 0.451980 0.631709 0.604175 0.963302 0.850756 0.402522 0.351230 0.337329 0.458612 0.336282 0.341184 0.529322 0.661454 0.000000 0.427624 0.690196 0.713809 0.767195 0.495950 0.368779 0.376619 0.449400 0.404473 0.446772 0.358909 0.800139 0.538076 0.614564 0.534860 0.688826 0.648026 0.602115 0.588696 0.401257 0.399974 0.386743 0.439536 0.346386 0.359909 0.338904 0.341227 0.375104 0.394348 0.398911 0.416584 0.616514 0.434015 0.330033 0.437977 0.695267 0.713708 0.648050 0.663354 0.419722 0.413060 0.388005 0.445652 0.332103 0.333116 0.499710 0.317180 0.303999 0.405887 0.995251 0.952923 0.494611 0.476222 0.636883 0.669321 0.619035 0.757486 0.456383 0.611728 0.410648 0.548347 0.414679 0.373292 0.583567 0.560410 0.310292 0.429116 0.405989 0.320667 0.868643 0.615898 0.688305 0.636739 0.699897 0.502961 0.539689 0.557979 0.453525 0.887673
0.422446 0.451401 0.483287 0.455085 0.678668 0.861296 0.467676 0.407472 0.569954 0.533400 0.498727 0.452284 0.393578 0.447014 0.443766 0.460625 0.477349 0.461313 0.460125 0.493723 0.580400 0.753963 0.474779 0.606499 0.816195 0.902301 0.877023 0.818171 0.537095 0.459490 0.539844 0.702114 0.455370 0.446893 0.620897 0.530512 0.427624 0.000000 0.717395 0.579326 0.797510 0.665380 0.373825 0.409045 0.442217 0.406316 0.507784 0.455155 0.693385 0.484027 0.483693 0.457875 0.591037 0.514933 0.633783 0.648015 0.467309 0.461685 0.432659 0.442697 0.382200 0.395680 0.401101 0.400016 0.447677 0.493661 0.468906 0.512879 0.669271 0.486654 0.503341 0.581765 0.727163 0.697233 0.851067 0.709175 0.497164 0.553550 0.501540 0.522225 0.472081 0.487186 0.533347 0.501518 0.422020 0.550132 0.912981 0.948663 0.515986 0.543788 0.613544 0.668208 0.703343 0.728768 0.545243 0.435145 0.492507 0.599852 0.442687 0.448934 0.577244 0.651008 0.351395 0.377626 0.446085 0.385966 0.680837 0.495699 0.567705 0.550945 0.677355 0.590064 0.529592 0.607900 0.476701 0.918548
