0.000000 0.312157 0.995894 0.821262 0.897542 0.798643 0.959029 0.915745 0.806436 0.801320 0.533180 0.349767 0.513231 0.460323 0.739021 0.610909 0.408562 0.370801 0.426006 0.336244 0.974363 0.682172 0.885287 0.777472 0.794868 0.834828 0.733087 0.985722 0.717909 0.571099 0.728278 0.973189 0.891583 0.872962 0.973657 0.957401 0.732506 0.565618 0.867177 0.693433 0.824220 0.930617 0.866128 0.785100 0.959017 0.848638 0.612799 0.668613 0.758105 0.480826 0.727193 0.524061 0.844228 0.979419 0.648516 0.680905 0.370423 0.325424 0.625104 0.527572 0.891107 0.912830 0.668092 0.517902 0.948877 0.984419 0.874891 0.909704 0.354216 0.397588 0.967298 0.914839 0.950090 0.804191 0.775202 0.878619 0.853023 0.982891 0.673474 0.524042 0.324302 0.275695 0.518966 0.368717 0.597695 0.683382 0.708253 0.715589 0.833422 0.541315 0.954317 0.927415 0.912200 0.994520 0.998778 0.983810 0.828729 0.964571 0.848790 0.934832 0.787557 0.993243 0.710040 0.864191 0.955124 0.967826 0.935693 0.940187 0.944467 0.815045 0.980029 0.968577 0.965992 0.823317 0.899822 0.969485
0.312157 0.000000 0.920593 0.779957 0.992267 0.751099 0.916736 0.863772 0.855112 0.863885 0.559198 0.357963 0.564244 0.518139 0.786553 0.605447 0.347148 0.311081 0.371385 0.339962 0.945165 0.745600 0.791198 0.791098 0.733266 0.866914 0.730504 0.936018 0.599118 0.516768 0.833211 0.936129 0.841721 0.768484 0.988743 0.994673 0.810207 0.546573 0.907798 0.718638 0.944595 0.984209 0.732876 0.642556 0.914410 0.725205 0.579060 0.612249 0.672965 0.410895 0.621139 0.443258 0.700923 0.920640 0.747748 0.745306 0.263822 0.231328 0.565684 0.439049 0.815816 0.865922 0.588480 0.414088 0.908935 0.987841 0.972010 0.995631 0.449854 0.406925 0.920956 0.898308 0.986786 0.756140 0.883362 0.991479 0.851064 0.911232 0.586466 0.581901 0.326590 0.364605 0.519618 0.411936 0.582545 0.666022 0.786882 0.725073 0.910785 0.617302 0.898122 0.983950 0.903411 0.891141 0.936582 0.999309 0.947662 0.924016 0.877220 0.883747 0.854657 0.985058 0.667990 0.874451 0.915229 0.957591 0.979278 0.995486 0.927245 0.737953 0.814875 0.938137 0.829321 0.699599 0.787541 0.969657
0.995894 0.920593 0.000000 0.320781 0.720567 0.800067 0.371213 0.392409 0.529618 0.980538 0.964957 0.890513 0.632117 0.731718 0.715188 0.669198 0.819123 0.849551 0.753525 0.890492 0.850324 0.876965 0.450613 0.567818 0.492793 0.456894 0.940149 0.984258 0.857337 0.835383 0.645861 0.730354 0.590884 0.742343 0.678724 0.851870 0.666619 0.873500 0.814030 0.945198 0.986910 0.899513 0.732587 0.792746 0.805163 0.844828 0.730681 0.798551 0.791825 0.984164 0.982298 0.945285 0.771468 0.824267 0.853646 0.945957 0.964464 0.973003 0.889914 0.888147 0.385913 0.453032 0.848290 0.939731 0.328005 0.304824 0.472063 0.496242 0.988464 0.933205 0.592812 0.640857 0.746592 0.803848 0.988172 0.721503 0.796458 0.788637 0.955848 0.970842 0.867971 0.974840 0.880103 0.939465 0.629180 0.523506 0.792690 0.923298 0.869917 0.859553 0.578944 0.799310 0.533958 0.799736 0.850091 0.974585 0.737573 0.888359 0.692244 0.666291 0.730404 0.998833 0.886628 0.947027 0.552737 0.778460 0.866337 0.767896 0.633137 0.824353 0.765029 0.793102 0.763778 0.946402 0.716322 0.968049
0.821262 0.779957 0.320781 0.000000 0.705899 0.836464 0.512378 0.400739 0.630427 0.960655 0.980790 0.716876 0.484148 0.557362 0.548619 0.461585 0.941345 0.981592 0.621614 0.716832 0.928157 0.741581 0.323178 0.406970 0.459200 0.561236 0.789778 0.920757 0.930853 0.952325 0.760866 0.713222 0.707099 0.825404 0.730110 0.834380 0.616952 0.835521 0.729539 0.920542 0.942872 0.919464 0.750639 0.761315 0.900077 0.850074 0.697901 0.718466 0.858245 0.908209 0.944174 0.809498 0.693680 0.724592 0.778056 0.990457 0.872969 0.876490 0.844040 0.791968 0.480267 0.461363 0.853804 0.937214 0.317060 0.350424 0.574345 0.612244 0.823588 0.955982 0.547747 0.685518 0.828847 0.859175 0.980621 0.778482 0.744474 0.802149 0.832774 0.868313 0.939676 0.862883 0.769694 0.866164 0.521582 0.434567 0.667644 0.828899 0.706024 0.721558 0.619319 0.765748 0.574825 0.779712 0.828478 0.968085 0.607138 0.914191 0.716275 0.649876 0.807620 0.990315 0.900876 0.856685 0.503324 0.667031 0.937817 0.732722 0.583979 0.733293 0.821687 0.774182 0.792465 0.963812 0.723233 0.963664
0.897542 0.992267 0.720567 0.705899 0.000000 0.817451 0.801966 0.833226 0.848620 0.948433 0.867823 0.988597 0.806305 0.917093 0.792704 0.865219 0.850916 0.864862 0.922749 0.948559 0.988794 0.956039 0.622184 0.719560 0.733193 0.772710 0.700471 0.838125 0.894510 0.858662 0.898651 0.931978 0.989927 0.971451 0.993382 0.922929 0.892127 0.960078 0.881581 0.841097 0.922993 0.765975 0.997547 0.931280 0.914459 0.884517 0.952791 0.877584 0.812138 0.880478 0.871217 0.954629 0.905408 0.962150 0.930681 0.932611 0.918288 0.946506 0.902558 0.986539 0.842582 0.894794 0.915255 0.917411 0.671874 0.753368 0.805330 0.902886 0.999759 0.934202 0.783316 0.980422 0.965234 0.999680 0.990268 0.903044 0.887996 0.949702 0.887438 0.973202 0.890631 0.942567 0.949780 0.883779 0.803737 0.750868 0.830288 0.834138 0.894393 0.988529 0.875796 0.898428 0.800563 0.846710 0.953216 0.971454 0.811316 0.879048 0.989661 0.975181 0.984410 0.933509 0.782712 0.844782 0.881743 0.719402 0.930111 0.937581 0.903126 0.869621 0.903383 0.929830 0.976940 0.855011 0.986631 0.830686
0.798643 0.751099 0.800067 0.836464 0.817451 0.000000 0.899289 0.788109 0.756202 0.928122 0.661611 0.893302 0.916237 0.897072 0.799205 0.812668 0.588780 0.589373 0.737142 0.843867 0.876919 0.875093 0.831566 0.792850 0.790143 0.629732 0.902053 0.758691 0.686928 0.776227 0.844730 0.985550 0.892665 0.997783 0.906436 0.948511 0.830573 0.860258 0.861202 0.874283 0.939273 0.982927 0.930596 0.936375 0.933012 0.936298 0.939642 0.989618 0.937860 0.919959 0.966048 0.999077 0.730827 0.764404 0.763390 0.874723 0.610119 0.676314 0.842763 0.927089 0.815114 0.688405 0.640264 0.768213 0.805621 0.647165 0.790810 0.800724 0.900150 0.867206 0.694105 0.812717 0.737556 0.902392 0.903248 0.930865 0.970586 0.992222 0.874000 0.934443 0.766613 0.871544 0.813956 0.808435 0.848409 0.791861 0.937886 0.985749 0.962992 0.934480 0.646152 0.789464 0.677725 0.858856 0.983380 0.875076 0.673096 0.920823 0.868682 0.913158 0.828667 0.901866 0.785214 0.974172 0.804328 0.856243 0.800356 0.957511 0.916305 0.975982 0.967143 0.923827 0.880320 0.938823 0.987099 0.935728
0.959029 0.916736 0.371213 0.512378 0.801966 0.899289 0.000000 0.349548 0.549073 0.772486 0.896171 0.848839 0.888436 0.951084 0.992043 0.915176 0.976821 0.910225 0.768014 0.929508 0.873906 0.950548 0.673517 0.863384 0.750009 0.602582 0.854247 0.805551 0.901769 0.919894 0.514333 0.590422 0.423507 0.486883 0.638361 0.752577 0.816984 0.936586 0.968545 0.910727 0.817667 0.880440 0.529181 0.611675 0.493066 0.556737 0.640939 0.654300 0.881162 0.822033 0.762531 0.814347 0.706204 0.736423 0.975359 0.956226 0.957948 0.986507 0.644192 0.715809 0.326203 0.476882 0.842235 0.798030 0.605476 0.494429 0.290216 0.315063 0.863422 0.889045 0.761742 0.738032 0.749678 0.824631 0.949998 0.727891 0.703756 0.623734 0.948114 0.898175 0.968270 0.887941 0.962775 0.883274 0.876688 0.772271 0.986819 0.904702 0.906263 0.905282 0.716356 0.938750 0.702404 0.939324 0.813905 0.929397 0.836282 0.768722 0.546108 0.565132 0.554203 0.875853 0.888217 0.864510 0.632621 0.725475 0.841254 0.777773 0.735600 0.823864 0.669416 0.808867 0.647174 0.814528 0.610231 0.989691
0.915745 0.863772 0.392409 0.400739 0.833226 0.788109 0.349548 0.000000 0.514286 0.664245 0.837830 0.703181 0.769002 0.802290 0.893495 0.733561 0.965008 0.910617 0.663625 0.795678 0.996861 0.943918 0.649251 0.795400 0.740382 0.603441 0.950312 0.959729 0.935202 0.904281 0.582267 0.591520 0.477460 0.474898 0.738284 0.860898 0.613456 0.830121 0.894147 0.956902 0.944112 0.996946 0.460732 0.499352 0.575017 0.540708 0.488070 0.478320 0.850302 0.716802 0.692670 0.676118 0.687827 0.598848 0.836943 0.996461 0.942258 0.980109 0.633886 0.676232 0.375433 0.322645 0.975073 0.778592 0.621405 0.420658 0.431459 0.368546 0.955389 0.972759 0.620753 0.649463 0.753739 0.832291 0.997392 0.815890 0.677246 0.638108 0.935369 0.841957 0.991668 0.952148 0.956897 0.965249 0.869166 0.742963 0.948612 0.889171 0.997967 0.957739 0.630454 0.854140 0.713077 0.965116 0.857437 0.881459 0.686450 0.827422 0.491108 0.447769 0.532691 0.904639 0.811087 0.807896 0.534014 0.712199 0.942967 0.694061 0.690449 0.741368 0.696245 0.725494 0.612839 0.753811 0.640140 0.955825
0.806436 0.855112 0.529618 0.630427 0.848620 0.756202 0.549073 0.514286 0.000000 0.648663 0.990301 0.897511 0.968554 0.952857 0.921672 0.899072 0.780663 0.684505 0.943058 0.903506 0.990638 0.877413 0.783948 0.926937 0.771434 0.440390 0.842283 0.930174 0.975565 0.826502 0.509270 0.637802 0.551618 0.690605 0.643624 0.927043 0.780198 0.970433 0.881276 0.978944 0.989111 0.868399 0.615767 0.691170 0.634989 0.709045 0.699845 0.780720 0.990738 0.969962 0.831352 0.915690 0.741206 0.567179 0.911054 0.986518 0.877002 0.744044 0.901683 0.974959 0.522987 0.500418 0.819643 0.917139 0.702261 0.539223 0.482289 0.500188 0.859610 0.801335 0.632665 0.606862 0.581495 0.721953 0.955014 0.864102 0.787696 0.743316 0.986094 0.871001 0.722536 0.723862 0.963403 0.725335 0.922821 0.846031 0.963617 0.909302 0.959823 0.978406 0.524386 0.792303 0.622519 0.830960 0.867373 0.951580 0.784916 0.805220 0.540484 0.583553 0.622380 0.923306 0.913828 0.765753 0.678272 0.715088 0.772918 0.683030 0.730855 0.846349 0.718187 0.753088 0.643998 0.849844 0.806630 0.892820
0.801320 0.863885 0.980538 0.960655 0.948433 0.928122 0.772486 0.664245 0.648663 0.000000 0.804594 0.991827 0.618263 0.646648 0.697090 0.729707 0.951919 0.834002 0.950216 0.904073 0.840808 0.756695 0.799357 0.577494 0.749996 0.922397 0.721453 0.885133 0.736529 0.818769 0.589466 0.678665 0.681226 0.565911 0.817567 0.969997 0.841221 0.832811 0.957851 0.992974 0.963583 0.741248 0.488979 0.552037 0.469589 0.480548 0.716648 0.628481 0.559439 0.748543 0.672653 0.897421 0.873178 0.660892 0.932227 0.960827 0.893250 0.802458 0.768084 0.928666 0.804880 0.655454 0.932828 0.796313 0.779871 0.990130 0.751608 0.644844 0.881708 0.899786 0.846860 0.759694 0.699866 0.724707 0.927352 0.929825 0.774836 0.662210 0.954398 0.845478 0.848691 0.646809 0.794650 0.736917 0.633609 0.656159 0.612396 0.678807 0.855197 0.695010 0.924199 0.834892 0.893564 0.776196 0.990219 0.883658 0.934089 0.805530 0.541154 0.543463 0.587805 0.955917 0.641376 0.673737 0.851803 0.825184 0.988756 0.687194 0.955006 0.861315 0.755008 0.694808 0.650059 0.785498 0.932770 0.942830
0.533180 0.559198 0.964957 0.980790 0.867823 0.661611 0.896171 0.837830 0.990301 0.804594 0.000000 0.553108 0.983949 0.911120 0.795148 0.962107 0.485880 0.450758 0.523449 0.537999 0.847997 0.954926 0.819612 0.856933 0.870247 0.780998 0.872524 0.799553 0.559354 0.513917 0.953431 0.896776 0.765774 0.603334 0.875906 0.999089 0.920510 0.624976 0.973009 0.864198 0.936377 0.868710 0.771424 0.663236 0.838660 0.682405 0.675899 0.667639 0.684256 0.531064 0.779096 0.722199 0.990637 0.967268 0.916279 0.872568 0.491157 0.567009 0.616067 0.574288 0.938289 0.993326 0.492183 0.486163 0.797789 0.812640 0.978206 0.917395 0.663724 0.626518 0.886873 0.882817 0.918179 0.784833 0.909346 0.851112 0.820278 0.928379 0.813438 0.779174 0.577826 0.661107 0.777528 0.658441 0.960342 0.891936 0.929605 0.959613 0.902380 0.950279 0.889401 0.984262 0.783314 0.883879 0.988722 0.905978 0.990907 0.741479 0.736753 0.774807 0.946398 0.842031 0.552988 0.630597 0.890467 0.908046 0.838573 0.947760 0.861172 0.852703 0.923847 0.984225 0.766511 0.690346 0.947571 0.952427
0.349767 0.357963 0.890513 0.716876 0.988597 0.893302 0.848839 0.703181 0.897511 0.991827 0.553108 0.000000 0.555679 0.560571 0.780006 0.603043 0.482097 0.447393 0.438366 0.320143 0.949362 0.693647 0.830449 0.794533 0.775729 0.946916 0.749366 0.882966 0.621060 0.460013 0.942341 0.904834 0.756672 0.666013 0.919336 0.993037 0.645453 0.497032 0.794959 0.680736 0.852368 0.873076 0.720615 0.666718 0.846750 0.678664 0.533275 0.521353 0.628830 0.436922 0.624637 0.471367 0.772982 0.857607 0.649834 0.721254 0.451601 0.376600 0.588181 0.454777 0.737126 0.717058 0.631845 0.413027 0.901188 0.903896 0.928153 0.878909 0.440132 0.473337 0.929768 0.990925 0.954748 0.862715 0.939180 0.978432 0.812651 0.901139 0.696719 0.562849 0.347230 0.388332 0.584745 0.454964 0.657000 0.682571 0.758061 0.814070 0.900027 0.692617 0.946091 0.970693 0.907502 0.837320 0.964385 0.898259 0.759509 0.851461 0.812630 0.817412 0.996361 0.992522 0.680589 0.809259 0.831573 0.898618 0.903149 0.987046 0.879166 0.711916 0.898812 0.924101 0.923057 0.727240 0.867952 0.999629
0.513231 0.564244 0.632117 0.484148 0.806305 0.916237 0.888436 0.769002 0.968554 0.618263 0.983949 0.555679 0.000000 0.310791 0.365483 0.342824 0.844855 0.743106 0.587675 0.547759 0.850260 0.600012 0.438233 0.386862 0.531726 0.847663 0.620631 0.898574 0.945338 0.972594 0.830222 0.945792 0.943648 0.897348 0.994197 0.988841 0.745159 0.812510 0.771635 0.825481 0.861562 0.923321 0.992478 0.984841 0.794706 0.904832 0.766352 0.858141 0.835400 0.845945 0.960968 0.661953 0.808275 0.909075 0.716057 0.797105 0.700061 0.597254 0.916735 0.723340 0.718298 0.722267 0.921050 0.891509 0.464647 0.576987 0.963047 0.975866 0.628710 0.655815 0.732108 0.930809 0.955520 0.956719 0.859256 0.997712 0.870470 0.870475 0.836355 0.684075 0.671111 0.494597 0.588305 0.628218 0.343563 0.362749 0.512823 0.640228 0.677841 0.470151 0.767394 0.671829 0.689644 0.759952 0.908965 0.901942 0.662444 0.997686 0.998434 0.930656 0.813438 0.998005 0.828943 0.826312 0.747373 0.928810 0.929042 0.990034 0.725466 0.891387 0.993498 0.967824 0.951653 0.966295 0.843926 0.969296
0.460323 0.518139 0.731718 0.557362 0.917093 0.897072 0.951084 0.802290 0.952857 0.646648 0.911120 0.560571 0.310791 0.000000 0.392753 0.294475 0.746789 0.688977 0.579037 0.526335 0.922020 0.648417 0.521325 0.415001 0.527178 0.781830 0.716236 0.799983 0.982872 0.887962 0.854015 0.940578 0.873347 0.965070 0.985226 0.948471 0.744919 0.745427 0.742330 0.769296 0.909898 0.973824 0.913620 0.872575 0.888076 0.994566 0.652298 0.823875 0.966215 0.740458 0.808348 0.561197 0.624700 0.803239 0.666943 0.756229 0.621199 0.577271 0.881235 0.696863 0.734409 0.712434 0.941173 0.850053 0.573386 0.613058 0.975608 0.997837 0.591700 0.623595 0.815432 0.949540 0.924335 0.951020 0.822326 0.979896 0.888278 0.891984 0.735645 0.640873 0.581414 0.467991 0.511135 0.555880 0.344309 0.350387 0.520393 0.684337 0.660544 0.463114 0.776346 0.723275 0.768539 0.823428 0.923318 0.974892 0.677726 0.989252 0.948383 0.962717 0.813968 0.947373 0.943985 0.983882 0.829978 0.878987 0.884477 0.993830 0.802709 0.849521 0.971017 0.976371 0.984409 0.886581 0.832800 0.910242
0.739021 0.786553 0.715188 0.548619 0.792704 0.799205 0.992043 0.893495 0.921672 0.697090 0.795148 0.780006 0.365483 0.392753 0.000000 0.309340 0.970184 0.932008 0.811340 0.752976 0.863889 0.716380 0.395188 0.382006 0.496338 0.748002 0.613534 0.754256 0.900278 0.891179 0.916276 0.942123 0.994731 0.831185 0.871594 0.992169 0.782082 0.841332 0.735233 0.914745 0.905068 0.947600 0.994284 0.961113 0.811887 0.875135 0.813067 0.948668 0.793574 0.988445 0.988714 0.763653 0.760852 0.869627 0.748056 0.798190 0.854654 0.790724 0.991249 0.877898 0.773452 0.744503 0.786636 0.970195 0.432507 0.578908 0.965547 0.956055 0.749008 0.831813 0.703388 0.933789 0.941186 0.985770 0.957640 0.974735 0.930889 0.891795 0.788094 0.791391 0.843354 0.689748 0.586806 0.737405 0.344870 0.345834 0.588039 0.635003 0.563095 0.492223 0.818380 0.799239 0.766502 0.768304 0.860841 0.994487 0.664495 0.993717 0.975286 0.994889 0.773247 0.848826 0.750250 0.760309 0.698226 0.825746 0.826272 0.931198 0.694196 0.884393 0.974907 0.973630 0.962258 0.876534 0.913282 0.993033
0.610909 0.605447 0.669198 0.461585 0.865219 0.812668 0.915176 0.733561 0.899072 0.729707 0.962107 0.603043 0.342824 0.294475 0.309340 0.000000 0.848904 0.796763 0.674228 0.616600 0.940210 0.673652 0.382933 0.337671 0.496864 0.735611 0.688068 0.755181 0.994218 0.911025 0.997284 0.873088 0.873820 0.996674 0.875097 0.970745 0.753021 0.765701 0.688284 0.843758 0.889532 0.997996 0.851495 0.840715 0.921369 0.950432 0.646796 0.753442 0.941571 0.787016 0.801118 0.583215 0.600703 0.777625 0.684958 0.776411 0.718900 0.653883 0.859000 0.702366 0.687335 0.625607 0.887023 0.858671 0.470900 0.541773 0.895886 0.930256 0.695122 0.719400 0.718861 0.939572 0.970824 0.947121 0.918356 0.963474 0.890537 0.991543 0.691158 0.737680 0.686400 0.597083 0.518356 0.590845 0.339089 0.303052 0.598131 0.670776 0.578687 0.482153 0.788246 0.792902 0.777110 0.896625 0.898537 0.989886 0.658368 0.947143 0.959360 0.879477 0.848720 0.860078 0.889067 0.886758 0.679409 0.771418 0.879463 0.927402 0.719368 0.843201 0.925040 0.927078 0.954482 0.908025 0.767192 0.912542
0.408562 0.347148 0.819123 0.941345 0.850916 0.588780 0.976821 0.965008 0.780663 0.951919 0.485880 0.482097 0.844855 0.746789 0.970184 0.848904 0.000000 0.294751 0.495405 0.448322 0.817472 0.908637 0.928608 0.940883 0.975453 0.660255 0.846631 0.920318 0.472394 0.412823 0.807257 0.983125 0.855949 0.744147 0.987683 0.982524 0.935164 0.601283 0.971720 0.766732 0.983719 0.975087 0.750439 0.654630 0.880755 0.691400 0.643767 0.664744 0.550808 0.415971 0.623611 0.513205 0.872294 0.958375 0.857668 0.724809 0.312300 0.302632 0.527018 0.487808 0.986652 0.903547 0.438057 0.367469 0.818095 0.688073 0.898076 0.924240 0.530272 0.446319 0.729472 0.779810 0.945625 0.871779 0.982709 0.874452 0.867843 0.879544 0.542563 0.622992 0.298891 0.457671 0.542179 0.454548 0.838707 0.953695 0.964432 0.807543 0.998207 0.738757 0.688446 0.840818 0.656440 0.772184 0.856899 0.913346 0.886605 0.784885 0.879377 0.945481 0.824588 0.942768 0.595510 0.807958 0.885714 0.928175 0.944960 0.949714 0.976339 0.815006 0.856609 0.991823 0.891831 0.728456 0.789605 0.875680
0.370801 0.311081 0.849551 0.981592 0.864862 0.589373 0.910225 0.910617 0.684505 0.834002 0.450758 0.447393 0.743106 0.688977 0.932008 0.796763 0.294751 0.000000 0.443728 0.404215 0.868866 0.794316 0.995451 0.929147 0.989724 0.639227 0.770052 0.909030 0.522774 0.449545 0.699720 0.947621 0.942886 0.835736 0.982081 0.987266 0.977311 0.583385 0.999287 0.767813 0.968517 0.940916 0.927856 0.774907 0.959914 0.839583 0.754741 0.764815 0.709540 0.500806 0.775723 0.626259 0.949814 0.866794 0.839701 0.774001 0.279905 0.261814 0.630740 0.539774 0.928246 0.834126 0.453692 0.391013 0.897475 0.705206 0.812802 0.802190 0.494752 0.430023 0.806969 0.720544 0.882431 0.909365 0.883100 0.906983 0.948866 0.989305 0.596216 0.665177 0.336448 0.395500 0.521548 0.376472 0.760788 0.894056 0.854709 0.743183 0.958717 0.690466 0.699755 0.905774 0.701976 0.854757 0.940902 0.937454 0.965096 0.839541 0.989590 0.983020 0.738150 0.962705 0.653876 0.914917 0.932438 0.895584 0.909636 0.887022 0.873280 0.836115 0.936101 0.924751 0.912895 0.722011 0.925429 0.924088
0.426006 0.371385 0.753525 0.621614 0.922749 0.737142 0.768014 0.663625 0.943058 0.950216 0.523449 0.438366 0.587675 0.579037 0.811340 0.674228 0.495405 0.443728 0.000000 0.380300 0.877569 0.724081 0.720329 0.732562 0.713722 0.987649 0.705317 0.864579 0.651977 0.653115 0.933267 0.823915 0.737918 0.705897 0.936983 0.989183 0.692221 0.595266 0.887170 0.822833 0.830300 0.997032 0.734763 0.637633 0.917084 0.749514 0.605853 0.596382 0.808552 0.531683 0.805699 0.594046 0.873205 0.879984 0.827170 0.874090 0.390026 0.412987 0.657139 0.559977 0.745896 0.798855 0.691205 0.531850 0.785305 0.875666 0.894289 0.894985 0.525889 0.608023 0.876988 0.964546 0.956554 0.868426 0.946393 0.988079 0.792898 0.877020 0.661024 0.613682 0.516210 0.537007 0.583698 0.536883 0.652755 0.718256 0.795147 0.851522 0.902766 0.746765 0.990034 0.938392 0.988584 0.987548 0.838707 0.953338 0.841344 0.877377 0.739544 0.739186 0.954490 0.885310 0.687524 0.997993 0.832960 0.973652 0.885698 0.853213 0.924504 0.606394 0.829631 0.940461 0.804997 0.694860 0.837935 0.972789
0.336244 0.339962 0.890492 0.716832 0.948559 0.843867 0.929508 0.795678 0.903506 0.904073 0.537999 0.320143 0.547759 0.526335 0.752976 0.616600 0.448322 0.404215 0.380300 0.000000 0.941691 0.694536 0.806939 0.745100 0.774471 0.928622 0.685462 0.950759 0.673062 0.553026 0.804854 0.988858 0.842741 0.774987 0.979482 0.937560 0.643817 0.471187 0.852579 0.617409 0.807175 0.937209 0.820424 0.740970 0.995225 0.818481 0.604380 0.599350 0.738968 0.478756 0.754098 0.537069 0.807735 0.899044 0.658495 0.731855 0.406358 0.339742 0.703718 0.529387 0.859638 0.831203 0.726105 0.495733 0.882015 0.957896 0.965068 0.970826 0.405936 0.413875 0.926004 0.980509 0.964350 0.845639 0.896704 0.995526 0.818113 0.952233 0.643211 0.662746 0.382727 0.376987 0.590913 0.399185 0.599640 0.697922 0.726914 0.766334 0.860567 0.628060 0.971445 0.907598 0.972758 0.999553 0.954995 0.950768 0.766825 0.877757 0.836916 0.833371 0.945394 0.908427 0.731941 0.933810 0.831913 0.996929 0.909788 0.926760 0.897750 0.676278 0.970272 0.960373 0.949536 0.800365 0.896868 0.937675
0.974363 0.945165 0.850324 0.928157 0.988794 0.876919 0.873906 0.996861 0.990638 0.840808 0.847997 0.949362 0.850260 0.922020 0.863889 0.940210 0.817472 0.868866 0.877569 0.941691 0.000000 0.955174 0.917306 0.852153 0.870771 0.879852 0.971502 0.987761 0.903277 0.851564 0.836784 0.890475 0.860414 0.974652 0.936214 0.820687 0.872009 0.812260 0.958066 0.910713 0.874292 0.963631 0.983227 0.914388 0.878900 0.949780 0.991540 0.847073 0.967472 0.949207 0.961565 0.955106 0.934075 0.978353 0.931473 0.924131 0.864627 0.914975 0.997527 0.920404 0.783525 0.908126 0.991155 0.921101 0.851835 0.805207 0.830668 0.842894 0.833709 0.916673 0.965563 0.914835 0.928010 0.942328 0.966408 0.869671 0.907093 0.938644 0.964823 0.965224 0.971968 0.937487 0.986118 0.907450 0.809634 0.760959 0.900256 0.926140 0.896350 0.851565 0.883347 0.976839 0.843349 0.976026 0.902122 0.927368 0.985041 0.880954 0.945772 0.882572 0.995778 0.850985 0.884137 0.963822 0.946344 0.959577 0.825905 0.919487 0.955078 0.890226 0.865062 0.911206 0.979457 0.889181 0.946617 0.948555
0.682172 0.745600 0.876965 0.741581 0.956039 0.875093 0.950548 0.943918 0.877413 0.756695 0.954926 0.693647 0.600012 0.648417 0.716380 0.673652 0.908637 0.794316 0.724081 0.694536 0.955174 0.000000 0.721599 0.670875 0.800585 0.973905 0.675314 0.994730 0.940029 0.939196 0.892176 0.962554 0.992990 0.882207 0.945346 0.813994 0.874717 0.778473 0.805238 0.632042 0.930403 0.951554 0.961326 0.964495 0.800409 0.922838 0.904518 0.889500 0.911917 0.868625 0.960455 0.805386 0.920680 0.890412 0.823149 0.810905 0.782137 0.746333 0.964088 0.870722 0.924401 0.958367 0.955235 0.908800 0.771976 0.873666 0.864770 0.894317 0.708179 0.763301 0.941424 0.977099 0.935469 0.772144 0.716107 0.997232 0.957338 0.793699 0.914867 0.766105 0.745864 0.683559 0.660206 0.615707 0.706043 0.687376 0.622800 0.703172 0.744938 0.718449 0.966798 0.949049 0.993139 0.909329 0.966757 0.898620 0.752306 0.986378 0.942237 0.945654 0.914464 0.966033 0.906829 0.847078 0.894764 0.934134 0.846116 0.899130 0.874592 0.882656 0.991195 0.919170 0.861178 0.885764 0.842188 0.978293
0.885287 0.791198 0.450613 0.323178 0.622184 0.831566 0.673517 0.649251 0.783948 0.799357 0.819612 0.830449 0.438233 0.521325 0.395188 0.382933 0.928608 0.995451 0.720329 0.806939 0.917306 0.721599 0.000000 0.322409 0.462348 0.620127 0.683797 0.842618 0.921235 0.902183 0.907934 0.846570 0.864190 0.977762 0.810017 0.909857 0.749575 0.888797 0.791898 0.965527 0.989819 0.884032 0.899464 0.928366 0.941588 0.978076 0.858508 0.902452 0.759202 0.961735 0.975518 0.855762 0.677246 0.833468 0.859380 0.936771 0.887627 0.836735 0.998406 0.877745 0.599318 0.632768 0.821631 0.998077 0.270974 0.445409 0.690391 0.824502 0.899086 0.965355 0.600593 0.773858 0.869089 0.960808 0.972650 0.763943 0.855637 0.951406 0.805542 0.906342 0.957883 0.879431 0.682631 0.857631 0.381875 0.351264 0.663294 0.738538 0.677391 0.627330 0.716372 0.799277 0.623042 0.751233 0.787118 0.980511 0.658508 0.971504 0.916776 0.795143 0.943066 0.884581 0.770004 0.670323 0.612127 0.659428 0.870051 0.839502 0.671992 0.779390 0.900935 0.822072 0.904406 0.969884 0.785569 0.944294
0.777472 0.791098 0.567818 0.406970 0.719560 0.792850 0.863384 0.795400 0.926937 0.577494 0.856933 0.794533 0.386862 0.415001 0.382006 0.337671 0.940883 0.929147 0.732562 0.745100 0.852153 0.670875 0.322409 0.000000 0.433496 0.675080 0.600861 0.771640 0.854311 0.896282 0.977955 0.938327 0.938535 0.858235 0.894083 0.876256 0.815067 0.935753 0.661360 0.951291 0.894456 0.901907 0.904487 0.935063 0.761471 0.814558 0.922155 0.982754 0.669391 0.944717 0.863886 0.904792 0.780850 0.974416 0.765853 0.940231 0.881254 0.810891 0.909704 0.904537 0.748494 0.759728 0.792916 0.918825 0.350524 0.501741 0.877630 0.950511 0.780469 0.927342 0.692017 0.954710 0.960409 0.937018 0.910536 0.875630 0.937331 0.944614 0.779190 0.802644 0.868824 0.694912 0.630018 0.725797 0.355599 0.310228 0.543246 0.633741 0.572571 0.546196 0.796984 0.795400 0.681771 0.798045 0.850047 0.933600 0.648205 0.972422 0.920318 0.987778 0.832200 0.936926 0.695955 0.705463 0.676405 0.818267 0.969143 0.939429 0.797710 0.898375 0.971683 0.963903 0.962924 0.933671 0.878273 0.910600
0.794868 0.733266 0.492793 0.459200 0.733193 0.790143 0.750009 0.740382 0.771434 0.749996 0.870247 0.775729 0.531726 0.527178 0.496338 0.496864 0.975453 0.989724 0.713722 0.774471 0.870771 0.800585 0.462348 0.433496 0.000000 0.520134 0.678407 0.836136 0.887361 0.881600 0.838491 0.815159 0.781788 0.963246 0.792109 0.933401 0.648280 0.765751 0.625777 0.912663 0.867871 0.921756 0.900931 0.960427 0.986421 0.966553 0.809068 0.918353 0.839527 0.945429 0.966493 0.894858 0.755653 0.931289 0.712547 0.816656 0.820347 0.830874 0.987480 0.858248 0.645941 0.681120 0.804880 0.941402 0.410079 0.519292 0.760136 0.802039 0.718241 0.896553 0.727872 0.713676 0.801863 0.790082 0.964408 0.861081 0.906540 0.935149 0.708665 0.806922 0.848429 0.713942 0.680910 0.802449 0.413745 0.382064 0.681838 0.641058 0.680500 0.602036 0.802785 0.913389 0.706667 0.904950 0.850267 0.904624 0.767155 0.944638 0.930277 0.947006 0.932227 0.869058 0.850987 0.864255 0.697309 0.808313 0.796191 0.904388 0.729606 0.812287 0.935455 0.967499 0.923514 0.894760 0.839519 0.956065
0.834828 0.866914 0.456894 0.561236 0.772710 0.629732 0.602582 0.603441 0.440390 0.922397 0.780998 0.946916 0.847663 0.781830 0.748002 0.735611 0.660255 0.639227 0.987649 0.928622 0.879852 0.973905 0.620127 0.675080 0.520134 0.000000 0.961499 0.905099 0.749385 0.768115 0.546958 0.722327 0.634554 0.826536 0.694218 0.901096 0.695691 0.973806 0.709279 0.897563 0.906042 0.921028 0.777203 0.881521 0.782102 0.888454 0.784889 0.872999 0.856774 0.904258 0.954444 0.987687 0.672065 0.785349 0.799511 0.976617 0.807836 0.755403 0.935737 0.960152 0.515974 0.499577 0.667157 0.765302 0.518763 0.400120 0.543764 0.539951 0.906949 0.846721 0.630110 0.619773 0.612689 0.785251 0.969497 0.814196 0.979862 0.863772 0.987023 0.935223 0.774758 0.844812 0.931278 0.799525 0.707575 0.615325 0.859874 0.855464 0.851181 0.901838 0.625615 0.900821 0.619378 0.935214 0.878860 0.918318 0.748375 0.981534 0.733052 0.817358 0.755571 0.955931 0.844124 0.979848 0.653939 0.705298 0.835372 0.872460 0.731800 0.870699 0.805986 0.990346 0.917473 0.954267 0.843211 0.913509
0.733087 0.730504 0.940149 0.789778 0.700471 0.902053 0.854247 0.950312 0.842283 0.721453 0.872524 0.749366 0.620631 0.716236 0.613534 0.688068 0.846631 0.770052 0.705317 0.685462 0.971502 0.675314 0.683797 0.600861 0.678407 0.961499 0.000000 0.920390 0.989850 0.976639 0.775375 0.933164 0.804709 0.843036 0.922315 0.922724 0.910922 0.758337 0.853705 0.919995 0.814330 0.898894 0.774976 0.876625 0.618449 0.739332 0.990970 0.955784 0.787763 0.979081 0.791645 0.950143 0.933850 0.832975 0.896181 0.864878 0.775489 0.706978 0.918476 0.898374 0.929915 0.911725 0.946696 0.951340 0.750184 0.951963 0.800941 0.802300 0.664565 0.803944 0.964112 0.870592 0.901435 0.918912 0.969997 0.979898 0.959334 0.822411 0.756441 0.889419 0.785974 0.649886 0.726434 0.738276 0.644928 0.708860 0.711296 0.538199 0.847812 0.656729 0.931065 0.922508 0.992876 0.871988 0.894080 0.929368 0.836661 0.953206 0.822247 0.951685 0.734495 0.964118 0.923649 0.802935 0.919922 0.871964 0.912165 0.975057 0.975851 0.878198 0.902710 0.987928 0.857756 0.862322 0.944527 0.974909
0.985722 0.936018 0.984258 0.920757 0.838125 0.758691 0.805551 0.959729 0.930174 0.885133 0.799553 0.882966 0.898574 0.799983 0.754256 0.755181 0.920318 0.909030 0.864579 0.950759 0.987761 0.994730 0.842618 0.771640 0.836136 0.905099 0.920390 0.000000 0.714210 0.774523 0.964946 0.903796 0.861564 0.831456 0.892381 0.949542 0.847058 0.949688 0.846356 0.986721 0.927185 0.999174 0.952048 0.915685 0.798927 0.850211 0.955326 0.897844 0.818742 0.898407 0.886092 0.912991 0.903606 0.937533 0.953195 0.948874 0.955801 0.930941 0.793184 0.799905 0.876040 0.984271 0.693284 0.786608 0.868798 0.902758 0.810747 0.856511 0.894137 0.883578 0.947376 0.981264 0.903771 0.903090 0.860303 0.949694 0.972432 0.925658 0.999774 0.913557 0.927044 0.981419 0.927859 0.918241 0.847651 0.816366 0.862797 0.863158 0.867400 0.793891 0.948596 0.987436 0.971815 0.996933 0.997376 0.933449 0.986084 0.825370 0.888958 0.841762 0.811117 0.717914 0.783828 0.773590 0.984483 0.949122 0.958666 0.980009 0.914257 0.823558 0.904792 0.996398 0.944486 0.846264 0.935853 0.984504
0.717909 0.599118 0.857337 0.930853 0.894510 0.686928 0.901769 0.935202 0.975565 0.736529 0.559354 0.621060 0.945338 0.982872 0.900278 0.994218 0.472394 0.522774 0.651977 0.673062 0.903277 0.940029 0.921235 0.854311 0.887361 0.749385 0.989850 0.714210 0.000000 0.383973 0.922505 0.753314 0.700384 0.621813 0.989000 0.872040 0.938746 0.686038 0.910874 0.834466 0.821683 0.882762 0.703170 0.635742 0.651554 0.552371 0.676265 0.654887 0.494046 0.500442 0.620728 0.658335 0.888904 0.946266 0.976711 0.847931 0.551123 0.558963 0.572902 0.563700 0.883263 0.982893 0.455629 0.418023 0.797283 0.754104 0.924908 0.942327 0.780857 0.805687 0.803476 0.794387 0.935061 0.815835 0.935997 0.960004 0.923339 0.800150 0.707341 0.820781 0.554940 0.792644 0.735779 0.718743 0.985129 0.914356 0.850352 0.995588 0.890494 0.982932 0.710126 0.684546 0.594541 0.659607 0.925246 0.869209 0.913689 0.859615 0.833989 0.837220 0.997684 0.997918 0.553163 0.714414 0.984017 0.984608 0.998720 0.973775 0.901133 0.834742 0.805622 0.896043 0.794021 0.657187 0.841948 0.966702
0.571099 0.516768 0.835383 0.952325 0.858662 0.776227 0.919894 0.904281 0.826502 0.818769 0.513917 0.460013 0.972594 0.887962 0.891179 0.911025 0.412823 0.449545 0.653115 0.553026 0.851564 0.939196 0.902183 0.896282 0.881600 0.768115 0.976639 0.774523 0.383973 0.000000 0.966175 0.811347 0.749440 0.579532 0.936985 0.914939 0.990150 0.651032 0.961598 0.760576 0.916628 0.906879 0.676155 0.588025 0.682949 0.546214 0.579580 0.574168 0.435476 0.382391 0.533650 0.533674 0.796370 0.986610 0.903215 0.730675 0.530844 0.495496 0.500125 0.468328 0.905286 0.948869 0.430102 0.322132 0.755888 0.746491 0.942525 0.896202 0.696289 0.625201 0.772118 0.779724 0.982300 0.815700 0.956354 0.981302 0.961867 0.738383 0.647705 0.668394 0.403305 0.645970 0.636428 0.598971 0.988401 0.942795 0.897005 0.890142 0.891387 0.961048 0.710460 0.726006 0.582644 0.637421 0.998738 0.973215 0.958007 0.808237 0.843532 0.849991 0.981958 0.973570 0.521563 0.677613 0.972639 0.889407 0.918050 0.935023 0.967640 0.797689 0.850670 0.906839 0.933441 0.635840 0.702125 0.918707
0.728278 0.833211 0.645861 0.760866 0.898651 0.844730 0.514333 0.582267 0.509270 0.589466 0.953431 0.942341 0.830222 0.854015 0.916276 0.997284 0.807257 0.699720 0.933267 0.804854 0.836784 0.892176 0.907934 0.977955 0.838491 0.546958 0.775375 0.964946 0.922505 0.966175 0.000000 0.462090 0.493250 0.569174 0.681649 0.837855 0.885839 0.995824 0.783568 0.925204 0.900925 0.958750 0.505936 0.622407 0.424936 0.490140 0.717948 0.698459 0.775851 0.864983 0.713688 0.904152 0.721943 0.727346 0.919177 0.963533 0.847050 0.726998 0.807307 0.916014 0.537206 0.554727 0.947714 0.976685 0.870428 0.692561 0.486295 0.416242 0.765904 0.719337 0.916085 0.804369 0.769777 0.771931 0.923768 0.783595 0.823097 0.555980 0.973963 0.942854 0.818442 0.673484 0.997473 0.738190 0.903017 0.975008 0.786233 0.892104 0.973780 0.841572 0.888895 0.809541 0.934396 0.781160 0.941217 0.824771 0.938569 0.792816 0.669501 0.705025 0.549088 0.956938 0.932529 0.835403 0.712952 0.715644 0.825699 0.756214 0.823334 0.940882 0.696429 0.836294 0.762489 0.822260 0.711973 0.876726
0.973189 0.936129 0.730354 0.713222 0.931978 0.985550 0.590422 0.591520 0.637802 0.678665 0.896776 0.904834 0.945792 0.940578 0.942123 0.873088 0.983125 0.947621 0.823915 0.988858 0.890475 0.962554 0.846570 0.938327 0.815159 0.722327 0.933164 0.903796 0.753314 0.811347 0.462090 0.000000 0.547053 0.615990 0.768816 0.888168 0.914417 0.860671 0.831516 0.956771 0.904768 0.983869 0.476856 0.502287 0.525586 0.487935 0.598889 0.641542 0.715502 0.688436 0.616039 0.692827 0.640872 0.622162 0.958037 0.941707 0.914780 0.962390 0.687186 0.762223 0.621638 0.667066 0.906937 0.812616 0.880971 0.770521 0.623821 0.558557 0.964359 0.897182 0.916609 0.919742 0.877429 0.853521 0.989613 0.915828 0.771616 0.653801 0.814471 0.828034 0.952960 0.880363 0.818919 0.994024 0.959931 0.900367 0.957280 0.935939 0.975184 0.881512 0.856174 0.855385 0.966737 0.947082 0.979884 0.835522 0.849380 0.941688 0.599113 0.730552 0.653973 0.814870 0.761456 0.880787 0.623944 0.746189 0.794047 0.701200 0.769594 0.834354 0.762210 0.866977 0.640101 0.849627 0.634730 0.950839
0.891583 0.841721 0.590884 0.707099 0.989927 0.892665 0.423507 0.477460 0.551618 0.681226 0.765774 0.756672 0.943648 0.873347 0.994731 0.873820 0.855949 0.942886 0.737918 0.842741 0.860414 0.992990 0.864190 0.938535 0.781788 0.634554 0.804709 0.861564 0.700384 0.749440 0.493250 0.547053 0.000000 0.421327 0.666685 0.735470 0.731266 0.791667 0.887687 0.954335 0.923262 0.810320 0.448632 0.495482 0.391646 0.429528 0.440637 0.605874 0.664185 0.625414 0.599967 0.699574 0.677671 0.739516 0.794010 0.905232 0.830751 0.902182 0.588658 0.694186 0.387525 0.514357 0.759751 0.683341 0.797465 0.663143 0.450919 0.421525 0.967100 0.956732 0.876129 0.830116 0.657468 0.702878 0.877540 0.848428 0.771044 0.657802 0.821023 0.789292 0.838916 0.955651 0.792793 0.948181 0.832804 0.785225 0.923039 0.976817 0.997174 0.975017 0.852181 0.905440 0.990972 0.817562 0.817106 0.941951 0.816984 0.751560 0.542087 0.648469 0.699892 0.897875 0.768068 0.670945 0.721054 0.851772 0.933441 0.898023 0.814261 0.844389 0.657757 0.823616 0.605637 0.675343 0.642433 0.909593
0.872962 0.768484 0.742343 0.825404 0.971451 0.997783 0.486883 0.474898 0.690605 0.565911 0.603334 0.666013 0.897348 0.965070 0.831185 0.996674 0.744147 0.835736 0.705897 0.774987 0.974652 0.882207 0.977762 0.858235 0.963246 0.826536 0.843036 0.831456 0.621813 0.579532 0.569174 0.615990 0.421327 0.000000 0.737616 0.809908 0.795805 0.747231 0.930606 0.978124 0.959188 0.897298 0.407206 0.440258 0.394683 0.357881 0.448452 0.453505 0.583283 0.529713 0.543081 0.665941 0.759771 0.789622 0.956921 0.982116 0.757754 0.834744 0.447962 0.543394 0.500023 0.564388 0.604764 0.513671 0.991369 0.810192 0.503425 0.429507 0.961127 0.867073 0.983160 0.921241 0.818894 0.727768 0.997406 0.940571 0.834080 0.593344 0.821092 0.811527 0.806114 0.987425 0.865536 0.963650 0.915757 0.985802 0.819712 0.884196 0.879460 0.835708 0.947505 0.780819 0.850783 0.660773 0.912359 0.962124 0.939026 0.758153 0.582861 0.631470 0.559518 0.998069 0.629611 0.568987 0.753977 0.767002 0.997507 0.775593 0.997268 0.704923 0.708773 0.882159 0.616506 0.664070 0.705252 0.963962
0.973657 0.988743 0.678724 0.730110 0.993382 0.906436 0.638361 0.738284 0.643624 0.817567 0.875906 0.919336 0.994197 0.985226 0.871594 0.875097 0.987683 0.982081 0.936983 0.979482 0.936214 0.945346 0.810017 0.894083 0.792109 0.694218 0.922315 0.892381 0.989000 0.936985 0.681649 0.768816 0.666685 0.737616 0.000000 0.899918 0.925650 0.898147 0.809443 0.988993 0.995803 0.904723 0.732773 0.802417 0.699313 0.734065 0.732326 0.787404 0.908661 0.866055 0.898100 0.960392 0.794565 0.839411 0.756598 0.841753 0.986743 0.945268 0.790249 0.857166 0.642699 0.665488 0.920092 0.867230 0.730768 0.752479 0.551546 0.575392 0.980659 0.938658 0.750735 0.808739 0.747967 0.732091 0.858921 0.970175 0.887811 0.703919 0.868739 0.918406 0.999711 0.987073 0.813980 0.950660 0.857508 0.811129 0.939665 0.955554 0.821079 0.873364 0.855247 0.995440 0.833163 0.956667 0.869559 0.918049 0.737216 0.621815 0.689095 0.786925 0.901920 0.975191 0.809473 0.848174 0.727074 0.751939 0.742123 0.814386 0.767125 0.844941 0.901746 0.880356 0.632292 0.946181 0.789242 0.942356
0.957401 0.994673 0.851870 0.834380 0.922929 0.948511 0.752577 0.860898 0.927043 0.969997 0.999089 0.993037 0.988841 0.948471 0.992169 0.970745 0.982524 0.987266 0.989183 0.937560 0.820687 0.813994 0.909857 0.876256 0.933401 0.901096 0.922724 0.949542 0.872040 0.914939 0.837855 0.888168 0.735470 0.809908 0.899918 0.000000 0.900967 0.847552 0.837616 0.780691 0.769662 0.947641 0.914940 0.870717 0.795116 0.842368 0.921707 0.925981 0.956080 0.921764 0.963518 0.998030 0.856242 0.948681 0.965218 0.844320 0.963127 0.977215 0.853209 0.969407 0.802295 0.907701 0.935079 0.956044 0.873321 0.855849 0.727841 0.781656 0.851690 0.868071 0.999747 0.880002 0.963651 0.847708 0.933124 0.893029 0.997512 0.713883 0.948548 0.917823 0.970498 0.998450 0.997712 0.908364 0.966926 0.910755 0.883688 0.976103 0.876471 0.983494 0.976384 0.960523 0.983248 0.988117 0.887059 0.887294 0.964174 0.991594 0.994834 0.914852 0.864727 0.978002 0.977672 0.898007 0.931487 0.991673 0.959235 0.877185 0.938736 0.943652 0.859375 0.910782 0.926120 0.971114 0.848878 0.839992
0.732506 0.810207 0.666619 0.616952 0.892127 0.830573 0.816984 0.613456 0.780198 0.841221 0.920510 0.645453 0.745159 0.744919 0.782082 0.753021 0.935164 0.977311 0.692221 0.643817 0.872009 0.874717 0.749575 0.815067 0.648280 0.695691 0.910922 0.847058 0.938746 0.990150 0.885839 0.914417 0.731266 0.795805 0.925650 0.900967 0.000000 0.624188 0.767393 0.855321 0.646213 0.817996 0.719749 0.791661 0.845287 0.837049 0.682382 0.706249 0.890291 0.838908 0.896747 0.838572 0.843610 0.752626 0.626240 0.853583 0.832695 0.832885 0.929352 0.928129 0.704897 0.602182 0.812725 0.899181 0.736168 0.693381 0.831033 0.781656 0.607633 0.743124 0.689005 0.586720 0.688798 0.754258 0.971388 0.916919 0.736195 0.943079 0.909314 0.865525 0.873022 0.806743 0.855734 0.806595 0.721456 0.736938 0.793331 0.918425 0.894496 0.817325 0.799770 0.900568 0.855265 0.949375 0.961954 0.991584 0.650422 0.966398 0.677212 0.734331 0.868281 0.987046 0.968314 0.958963 0.761109 0.899488 0.885502 0.815392 0.727350 0.755863 0.891302 0.873313 0.939796 0.993886 0.975518 0.997550
0.565618 0.546573 0.873500 0.835521 0.960078 0.860258 0.936586 0.830121 0.970433 0.832811 0.624976 0.497032 0.812510 0.745427 0.841332 0.765701 0.601283 0.583385 0.595266 0.471187 0.812260 0.778473 0.888797 0.935753 0.765751 0.973806 0.758337 0.949688 0.686038 0.651032 0.995824 0.860671 0.791667 0.747231 0.898147 0.847552 0.624188 0.000000 0.768978 0.665946 0.847630 0.777368 0.793493 0.769258 0.895006 0.806356 0.640170 0.647857 0.735494 0.602474 0.796763 0.725736 0.799885 0.952621 0.674367 0.670698 0.527328 0.566299 0.795477 0.730436 0.861653 0.814105 0.794764 0.604187 0.932298 0.984334 0.966486 0.973486 0.518499 0.606673 0.880961 0.865942 0.916410 0.828642 0.843948 0.953361 0.880218 0.913409 0.756107 0.852220 0.549416 0.613748 0.695304 0.551316 0.767829 0.844003 0.849832 0.796133 0.949014 0.763775 0.941965 0.901304 0.879989 0.897209 0.940015 0.853737 0.796958 0.856687 0.806308 0.829362 0.989882 0.884655 0.668465 0.924659 0.828708 0.926836 0.992276 0.971110 0.965583 0.668415 0.879655 0.780568 0.901937 0.791483 0.987805 0.974779
