0.000000 0.180504 0.430686 0.543256 0.693250 0.876271 0.339548 0.499182 0.872232 0.706347 0.402400 0.332332 0.255489 0.426345 0.552272 0.643680 0.352369 0.355895 0.253909 0.263533 0.642992 0.974269 0.525712 0.638405 0.647537 0.785150 0.813674 0.868631 0.633026 0.613640 0.759645 0.934081 0.282555 0.298315 0.549151 0.936618 0.442227 0.649899 0.619599 0.710795 0.695764 0.870978 0.787412 0.735557 0.914434 0.824812 0.422316 0.483122 0.805542 0.543244 0.670146 0.571601 0.971720 0.730414 0.389842 0.497758 0.276186 0.195313 0.268809 0.324143 0.222533 0.350317 0.306839 0.314859 0.486505 0.369632 0.316313 0.474938 0.260473 0.254571 0.636232 0.861332 0.612585 0.737471 0.715599 0.871546 0.634458 0.844764 0.510923 0.518080 0.278012 0.259153 0.356096 0.343074 0.262411 0.361273 0.558776 0.639656 0.436059 0.436057 0.678984 0.570079 0.764521 0.663467 0.871287 0.872198 0.423729 0.927924 0.891257 0.966188 0.633851 0.884125 0.828875 0.841446 0.568676 0.517752 0.951472 0.957429 0.848990 0.641919 0.988317 0.759481 0.966569 0.888660 0.678027 0.852412
0.180504 0.000000 0.482169 0.529176 0.735310 0.875808 0.359823 0.431649 0.892347 0.777569 0.408678 0.273572 0.293418 0.381377 0.575176 0.641531 0.313264 0.303771 0.234899 0.227455 0.663154 0.922417 0.514153 0.630266 0.725373 0.889188 0.860213 0.896517 0.538996 0.520372 0.763639 0.846697 0.263696 0.287685 0.594852 0.933602 0.480542 0.609988 0.656170 0.729625 0.717574 0.761570 0.654252 0.631738 0.819244 0.742919 0.359163 0.430490 0.722418 0.494501 0.606159 0.519193 0.996681 0.787790 0.442602 0.525405 0.240149 0.168787 0.271838 0.323313 0.250061 0.354282 0.267678 0.258983 0.578740 0.417817 0.318961 0.445294 0.323512 0.296368 0.556283 0.775138 0.622296 0.724594 0.758895 0.812685 0.524047 0.700491 0.398862 0.453198 0.252161 0.266373 0.385947 0.390900 0.335758 0.409517 0.633423 0.655600 0.498886 0.475531 0.732280 0.662721 0.830746 0.681528 0.846804 0.851706 0.399239 0.876378 0.788287 0.855804 0.711477 0.920698 0.730379 0.769902 0.542464 0.497890 0.943611 0.940372 0.889258 0.615350 0.945152 0.712228 0.896103 0.873607 0.614660 0.818587
0.430686 0.482169 0.000000 0.262277 0.747405 0.967345 0.431916 0.633776 0.680454 0.616303 0.826605 0.716611 0.357175 0.674730 0.507961 0.553442 0.805667 0.824007 0.635196 0.597465 0.545743 0.859533 0.394466 0.363932 0.305381 0.345990 0.605139 0.721345 0.887614 0.857029 0.631099 0.846852 0.534041 0.638072 0.417902 0.917231 0.343538 0.522754 0.390529 0.659285 0.687760 0.929948 0.979395 0.973152 0.866830 0.980053 0.624919 0.640019 0.911746 0.659601 0.833748 0.674981 0.974427 0.794016 0.271916 0.549762 0.724302 0.537126 0.464459 0.421341 0.396858 0.475271 0.779689 0.770102 0.197564 0.246718 0.391036 0.503194 0.326726 0.388184 0.834696 0.930578 0.678921 0.750355 0.786642 0.999844 0.738417 0.899622 0.801522 0.884556 0.742902 0.617831 0.646867 0.545763 0.276340 0.247786 0.593964 0.762992 0.289862 0.338528 0.696486 0.628037 0.894904 0.869826 0.792469 0.939432 0.705867 0.976282 0.742758 0.695230 0.597914 0.762606 0.807338 0.789769 0.651170 0.654671 0.845477 0.983804 0.966210 0.885019 0.923348 0.907128 0.822584 0.931627 0.766820 0.962226
0.543256 0.529176 0.262277 0.000000 0.776964 0.974063 0.458458 0.475725 0.672399 0.750248 0.966674 0.695531 0.433994 0.589002 0.502956 0.481921 0.893565 0.854489 0.703486 0.643590 0.627231 0.957409 0.362992 0.300781 0.341794 0.416109 0.581891 0.758060 0.901236 0.838889 0.632119 0.985684 0.606474 0.660586 0.494077 0.830413 0.414497 0.487306 0.383368 0.631965 0.785720 0.832731 0.881582 0.873510 0.915714 0.887781 0.588186 0.550119 0.978487 0.620408 0.747753 0.634208 0.998654 0.842306 0.352311 0.614900 0.783509 0.595299 0.529512 0.472476 0.484744 0.476816 0.848330 0.788745 0.272226 0.293943 0.442343 0.507870 0.496136 0.483622 0.878061 0.926523 0.843677 0.860589 0.789368 0.989461 0.656819 0.994128 0.788717 0.941834 0.820309 0.749197 0.678903 0.610304 0.374818 0.262760 0.643102 0.831934 0.377614 0.318685 0.853761 0.740885 0.959487 0.951159 0.820983 0.811683 0.748113 0.970860 0.862769 0.826505 0.669941 0.727348 0.862042 0.873878 0.614411 0.590201 0.783833 0.862633 0.885839 0.829209 0.982592 0.980930 0.873042 0.989685 0.765281 0.978315
0.693250 0.735310 0.747405 0.776964 0.000000 0.925610 0.745846 0.805854 0.898901 0.882407 0.822554 0.773434 0.612451 0.805761 0.687446 0.712798 0.811131 0.847491 0.768788 0.782068 0.878176 0.791012 0.655499 0.735233 0.657511 0.759243 0.861415 0.817586 0.894032 0.922546 0.792338 0.988873 0.752244 0.758064 0.835682 0.964448 0.747303 0.817454 0.882074 0.737636 0.957113 0.997289 0.951249 0.962923 0.924740 0.986223 0.823692 0.741330 0.933490 0.918222 0.919479 0.901982 0.932338 0.802049 0.730971 0.892219 0.749029 0.764960 0.742485 0.765182 0.712115 0.742864 0.821402 0.777774 0.727057 0.713649 0.808836 0.820508 0.661978 0.641325 0.962011 0.917977 0.840860 0.952591 0.846223 0.902329 0.950782 0.999567 0.850930 0.835979 0.763629 0.789294 0.764443 0.761819 0.677770 0.694250 0.861800 0.817572 0.749687 0.727350 0.862686 0.850662 0.975538 0.836691 0.856598 0.981673 0.906359 0.908227 0.964157 0.945403 0.835591 0.967050 0.962780 0.902086 0.917958 0.798632 0.953518 0.944133 0.909793 0.994461 0.829377 0.993553 0.988444 0.904390 0.791151 0.973298
0.876271 0.875808 0.967345 0.974063 0.925610 0.000000 0.891234 0.912475 0.861776 0.914406 0.888661 0.875937 0.964474 0.931690 0.959522 0.906306 0.873760 0.809543 0.913095 0.910941 0.749602 0.896893 0.933018 0.989864 0.989093 0.975351 0.933903 0.726893 0.883122 0.910672 0.832139 0.932022 0.945387 0.902994 0.953356 0.717213 0.989640 0.961179 0.948460 0.728317 0.814881 0.885425 0.813688 0.802146 0.876048 0.881556 0.896065 0.972152 0.942185 0.929071 0.961146 0.923972 0.923876 0.830205 0.952497 0.943000 0.819806 0.882702 0.966680 0.970214 0.956277 0.975295 0.996093 0.996927 0.999691 0.907240 0.892781 0.912007 0.931277 0.892542 0.985080 0.983760 0.927310 0.976590 0.780068 0.970866 0.927692 0.995848 0.995305 0.864722 0.904507 0.854008 0.961406 0.940614 0.979938 0.927040 0.889875 0.961510 0.932917 0.919434 0.752120 0.889234 0.808389 0.831000 0.986324 0.883283 0.810184 0.686513 0.777343 0.753608 0.901132 0.956801 0.887861 0.876238 0.997146 0.924449 0.915999 0.974567 0.988145 0.893234 0.873253 0.890429 0.944639 0.975620 0.946904 0.721553
0.339548 0.359823 0.431916 0.458458 0.745846 0.891234 0.000000 0.294714 0.582337 0.940824 0.530449 0.481493 0.328513 0.376941 0.444342 0.540747 0.507477 0.485269 0.355510 0.385329 0.752356 0.984153 0.612078 0.648182 0.744179 0.728687 0.933056 0.945792 0.634052 0.722468 0.587584 0.749483 0.315733 0.290537 0.630232 0.910905 0.489073 0.552977 0.654094 0.760632 0.776864 0.785805 0.508000 0.466982 0.600484 0.503507 0.366832 0.356658 0.627391 0.442180 0.480641 0.449508 0.752908 0.956157 0.393014 0.471880 0.469878 0.396185 0.346571 0.421221 0.287999 0.375650 0.488596 0.453534 0.545319 0.381477 0.262374 0.296572 0.464329 0.443555 0.542491 0.658868 0.646230 0.552828 0.692888 0.786777 0.448749 0.701612 0.537729 0.630289 0.505608 0.531171 0.548556 0.529251 0.453968 0.458110 0.737676 0.833116 0.565113 0.594479 0.991044 0.905149 0.988388 0.939842 0.829463 0.772930 0.492555 0.970219 0.704735 0.748327 0.885041 0.868768 0.758578 0.709025 0.434295 0.512315 0.773095 0.841150 0.893560 0.732354 0.835828 0.632995 0.817683 0.716156 0.599861 0.881827
0.499182 0.431649 0.633776 0.475725 0.805854 0.912475 0.294714 0.000000 0.652154 0.813858 0.625901 0.438612 0.491739 0.321297 0.555961 0.523344 0.613870 0.570536 0.489421 0.502834 0.864314 0.982229 0.703979 0.700854 0.895855 0.885599 0.996422 0.960371 0.601699 0.693710 0.705983 0.665586 0.481202 0.392663 0.764654 0.849846 0.617764 0.619805 0.722521 0.788245 0.959446 0.775549 0.456897 0.462743 0.600335 0.442157 0.335678 0.357325 0.566833 0.452311 0.410489 0.415870 0.696549 0.899539 0.506602 0.574748 0.582460 0.508369 0.419001 0.469711 0.388804 0.327876 0.528863 0.450972 0.732418 0.478822 0.427038 0.386728 0.699929 0.573078 0.708919 0.734444 0.826619 0.701696 0.760059 0.758626 0.471481 0.653303 0.562314 0.656890 0.605261 0.703371 0.587052 0.657842 0.659704 0.564474 0.849651 0.907217 0.718865 0.666749 0.919768 0.954988 0.970105 0.863206 0.961343 0.758403 0.551366 0.890070 0.590545 0.621513 0.956559 0.962912 0.663455 0.712308 0.531301 0.541033 0.775818 0.740327 0.930402 0.763099 0.806097 0.569913 0.724220 0.717149 0.626840 0.796727
0.872232 0.892347 0.680454 0.672399 0.898901 0.861776 0.582337 0.652154 0.000000 0.792211 0.900226 0.979604 0.710265 0.842109 0.722001 0.848262 0.969674 0.964206 0.870052 0.908006 0.976231 0.989331 0.812369 0.755045 0.791102 0.678873 0.918713 0.983134 0.993786 0.870190 0.645252 0.978945 0.765519 0.826646 0.741649 0.958290 0.684488 0.686277 0.793710 0.923470 0.939484 0.819061 0.732500 0.756634 0.657580 0.657313 0.715649 0.701389 0.787280 0.662761 0.637662 0.647345 0.644132 0.718604 0.658456 0.679854 0.975630 0.932310 0.736758 0.850229 0.706379 0.736304 0.977540 0.960154 0.714325 0.696395 0.636058 0.586544 0.796593 0.880247 0.794869 0.758064 0.833710 0.722691 0.803167 0.955931 0.633762 0.890852 0.955416 0.982920 0.932368 0.917816 0.922115 0.910107 0.834070 0.766185 0.983632 0.917634 0.731901 0.848987 0.926453 0.914602 0.958672 0.901705 0.775178 0.921112 0.938678 0.942422 0.852649 0.871861 0.961254 0.908911 0.961172 0.846376 0.714931 0.720434 0.784475 0.835983 0.801547 0.976119 0.902736 0.833120 0.911924 0.892125 0.805666 0.902049
0.706347 0.777569 0.616303 0.750248 0.882407 0.914406 0.940824 0.813858 0.792211 0.000000 0.974917 0.944042 0.706439 0.983152 0.903243 0.911996 0.914877 0.954378 0.883506 0.810635 0.770332 0.980327 0.615210 0.584883 0.496052 0.658246 0.540024 0.720268 0.754134 0.858751 0.946066 0.694282 0.873179 0.965591 0.653420 0.938914 0.671575 0.943531 0.579565 0.829233 0.812231 0.909273 0.513248 0.567082 0.371481 0.429702 0.975205 0.878360 0.484254 0.835522 0.653025 0.808926 0.564314 0.475051 0.695255 0.893064 0.851110 0.742239 0.912075 0.850657 0.861781 0.939562 0.931919 0.977618 0.523238 0.673378 0.934292 0.882575 0.593446 0.709031 0.934081 0.723277 0.902437 0.749775 0.988608 0.782339 0.813623 0.691022 0.947396 0.971710 0.798135 0.624168 0.646802 0.621801 0.462633 0.530411 0.731874 0.690649 0.596227 0.488627 0.437966 0.454263 0.691144 0.672408 0.933079 0.821906 0.967125 0.759103 0.422246 0.379975 0.452097 0.596956 0.528492 0.537417 0.862527 0.928017 0.886658 0.704088 0.915874 0.992147 0.625108 0.683640 0.559798 0.741424 0.870597 0.894166
0.402400 0.408678 0.826605 0.966674 0.822554 0.888661 0.530449 0.625901 0.900226 0.974917 0.000000 0.354831 0.565964 0.527585 0.851003 0.888870 0.394739 0.337646 0.395912 0.366325 0.845997 0.890342 0.978436 0.938655 0.878648 0.812607 0.818779 0.879720 0.472916 0.403263 0.971235 0.801959 0.489026 0.376218 0.899304 0.985184 0.815100 0.892030 0.955576 0.940422 0.793989 0.889724 0.740675 0.734177 0.747192 0.764787 0.608860 0.653752 0.693639 0.712214 0.771726 0.767479 0.898299 0.814484 0.764580 0.726447 0.389866 0.426160 0.534318 0.618299 0.469134 0.585005 0.369076 0.399050 0.928575 0.697625 0.563943 0.598393 0.591725 0.573260 0.724414 0.785544 0.670083 0.618275 0.720160 0.856797 0.717486 0.765379 0.532094 0.474422 0.347466 0.402661 0.585997 0.587063 0.683414 0.776546 0.806490 0.893123 0.838892 0.849125 0.879033 0.818657 0.912772 0.774036 0.990560 0.979401 0.594947 0.921850 0.697069 0.831413 0.925762 0.890230 0.653555 0.709661 0.696320 0.729677 0.867109 0.905816 0.700172 0.749289 0.935544 0.732052 0.870665 0.839647 0.771878 0.840012
0.332332 0.273572 0.716611 0.695531 0.773434 0.875937 0.481493 0.438612 0.979604 0.944042 0.354831 0.000000 0.442169 0.344593 0.629875 0.624027 0.387923 0.309814 0.307778 0.291069 0.757085 0.882316 0.654318 0.758366 0.924130 0.891652 0.962033 0.954743 0.446652 0.412846 0.883920 0.746999 0.406547 0.343915 0.796917 0.905420 0.663479 0.703276 0.898878 0.783396 0.884610 0.819872 0.662770 0.692563 0.814852 0.768896 0.493756 0.549000 0.740490 0.632869 0.678282 0.659641 0.936199 0.770079 0.670546 0.634497 0.319126 0.321968 0.449072 0.502200 0.340568 0.338945 0.313861 0.257891 0.796054 0.560006 0.542838 0.549333 0.531356 0.441590 0.675032 0.769498 0.626894 0.681398 0.776271 0.803781 0.648764 0.634549 0.451803 0.423545 0.315929 0.393011 0.531303 0.527193 0.546009 0.576687 0.757312 0.781061 0.714624 0.644554 0.798572 0.676238 0.836342 0.593529 0.997345 0.757373 0.523627 0.849297 0.713156 0.770701 0.854260 0.970034 0.607898 0.718240 0.585106 0.558152 0.943215 0.915849 0.862551 0.653732 0.873931 0.667758 0.809945 0.812192 0.655830 0.831902
0.255489 0.293418 0.357175 0.433994 0.612451 0.964474 0.328513 0.491739 0.710265 0.706439 0.565964 0.442169 0.000000 0.428626 0.404877 0.456149 0.450330 0.511129 0.358704 0.356628 0.608984 0.987484 0.369757 0.482387 0.540813 0.688892 0.745764 0.785014 0.720344 0.745603 0.582019 0.926312 0.332852 0.371256 0.591730 0.978901 0.392174 0.606570 0.553330 0.663274 0.646167 0.919987 0.790909 0.722445 0.983726 0.821742 0.476338 0.453683 0.898077 0.530663 0.651879 0.546118 0.993632 0.846359 0.407331 0.521680 0.446416 0.327463 0.342940 0.344233 0.243409 0.335877 0.416880 0.396579 0.390842 0.324289 0.388259 0.522960 0.312338 0.304714 0.645585 0.839753 0.582722 0.653510 0.708885 0.829994 0.571107 0.808426 0.557419 0.551422 0.431653 0.405215 0.436696 0.420617 0.269969 0.313939 0.560597 0.645470 0.430788 0.414229 0.648643 0.619384 0.701006 0.700186 0.878278 0.947588 0.562144 0.933477 0.996035 0.936473 0.638515 0.837681 0.915714 0.872364 0.604413 0.497023 0.878418 0.902148 0.961510 0.821496 0.960611 0.824162 0.960101 0.946958 0.649522 0.882319
0.426345 0.381377 0.674730 0.589002 0.805761 0.931690 0.376941 0.321297 0.842109 0.983152 0.527585 0.344593 0.428626 0.000000 0.553955 0.488627 0.465030 0.392625 0.330007 0.351855 0.807473 0.862626 0.599924 0.600049 0.886046 0.951251 0.828501 0.953329 0.489460 0.493618 0.719360 0.599913 0.428783 0.363721 0.713213 0.866138 0.684623 0.564777 0.759031 0.751332 0.957069 0.784562 0.626740 0.598473 0.812346 0.674228 0.479755 0.519168 0.787498 0.681752 0.660844 0.664161 0.998632 0.862736 0.645203 0.633940 0.430849 0.450278 0.536610 0.595929 0.439574 0.417000 0.475979 0.392068 0.740993 0.510766 0.511855 0.564367 0.638330 0.590070 0.650951 0.650048 0.730722 0.736553 0.777083 0.737842 0.610777 0.580056 0.487452 0.517968 0.436601 0.496778 0.489231 0.535696 0.568002 0.520204 0.777219 0.755388 0.717761 0.662229 0.876920 0.789445 0.857173 0.767689 0.916199 0.719488 0.573193 0.930383 0.756125 0.741031 0.857098 0.923893 0.704186 0.725532 0.590014 0.607601 0.900656 0.994689 0.954284 0.751691 0.879652 0.653956 0.814293 0.786587 0.745788 0.822104
0.552272 0.575176 0.507961 0.502956 0.687446 0.959522 0.444342 0.555961 0.722001 0.903243 0.851003 0.629875 0.404877 0.553955 0.000000 0.350654 0.670815 0.675696 0.594910 0.577867 0.734533 0.925907 0.414227 0.478368 0.593684 0.706210 0.732006 0.825012 0.790737 0.857379 0.465223 0.750994 0.500579 0.571537 0.816817 0.977785 0.553300 0.592764 0.699259 0.888150 0.747471 0.796506 0.800768 0.755874 0.990277 0.892653 0.599907 0.601180 0.995923 0.720019 0.802017 0.712617 0.909830 0.882370 0.562870 0.713534 0.644610 0.571897 0.641747 0.620884 0.490383 0.463158 0.650309 0.569164 0.533306 0.486033 0.670525 0.698111 0.553283 0.550174 0.710821 0.773600 0.751087 0.768570 0.889618 0.781694 0.739656 0.773062 0.727937 0.696573 0.624883 0.626055 0.610432 0.557076 0.485475 0.471578 0.650270 0.703024 0.565557 0.518242 0.832149 0.815503 0.821681 0.799182 0.911230 0.838190 0.664353 0.870521 0.979611 0.957781 0.857857 0.994544 0.924028 0.934162 0.667686 0.723138 0.821698 0.968303 0.932227 0.952749 0.923146 0.908711 0.977018 0.845996 0.798358 0.966081
0.643680 0.641531 0.553442 0.481921 0.712798 0.906306 0.540747 0.523344 0.848262 0.911996 0.888870 0.624027 0.456149 0.488627 0.350654 0.000000 0.809740 0.769842 0.673387 0.679761 0.671105 0.987400 0.437793 0.429452 0.561835 0.686014 0.738885 0.854415 0.872851 0.931110 0.547167 0.741604 0.615864 0.604402 0.753410 0.874639 0.578918 0.644083 0.682694 0.685434 0.727445 0.966223 0.802695 0.731108 0.904384 0.906211 0.597444 0.640112 0.924934 0.867226 0.880000 0.813421 0.994790 0.830181 0.638056 0.802716 0.738525 0.676952 0.691833 0.616372 0.544872 0.494256 0.779758 0.671166 0.577818 0.482693 0.725544 0.768426 0.642873 0.576789 0.873105 0.819087 0.802235 0.752121 0.892771 0.691855 0.810051 0.786653 0.799989 0.775818 0.774686 0.748127 0.710596 0.641814 0.586974 0.447947 0.754040 0.815402 0.596864 0.546773 0.842039 0.796647 0.912388 0.823038 0.992987 0.877674 0.775192 0.923369 0.981192 0.988968 0.875297 0.863017 0.929458 0.951537 0.776210 0.656163 0.815272 0.964470 0.897285 0.930068 0.958549 0.878226 0.857592 0.929521 0.769113 0.941570
0.352369 0.313264 0.805667 0.893565 0.811131 0.873760 0.507477 0.613870 0.969674 0.914877 0.394739 0.387923 0.450330 0.465030 0.670815 0.809740 0.000000 0.236735 0.252971 0.284998 0.903185 0.920900 0.736264 0.892889 0.972347 0.835503 0.981202 0.952071 0.367752 0.329501 0.778871 0.662093 0.317413 0.332701 0.896963 0.962973 0.705842 0.829832 0.982771 0.826295 0.727329 0.738521 0.585127 0.551854 0.740708 0.716835 0.507802 0.571525 0.695445 0.664015 0.696423 0.683188 0.982115 0.874696 0.721901 0.650523 0.227232 0.282548 0.504370 0.569546 0.454309 0.553870 0.259059 0.259471 0.883900 0.693004 0.544010 0.611693 0.533885 0.552252 0.497549 0.664045 0.648252 0.730310 0.788967 0.724029 0.607761 0.554688 0.374121 0.358802 0.205301 0.276160 0.422434 0.462683 0.557743 0.698858 0.797399 0.618176 0.760783 0.764864 0.835712 0.849523 0.798574 0.705737 0.991750 0.949265 0.501869 0.891309 0.669169 0.748697 0.882503 0.818784 0.560743 0.579592 0.660643 0.673574 0.971845 0.927606 0.870619 0.683493 0.928334 0.643569 0.824629 0.795675 0.687072 0.852015
0.355895 0.303771 0.824007 0.854489 0.847491 0.809543 0.485269 0.570536 0.964206 0.954378 0.337646 0.309814 0.511129 0.392625 0.675696 0.769842 0.236735 0.000000 0.263396 0.207565 0.833486 0.852722 0.764645 0.847140 0.969588 0.838253 0.954392 0.959897 0.342925 0.291146 0.840247 0.611663 0.331774 0.306981 0.869645 0.916736 0.735183 0.673546 0.947461 0.870959 0.735190 0.690495 0.575810 0.568757 0.716437 0.735867 0.544827 0.606738 0.730337 0.749293 0.802446 0.813623 0.848508 0.720503 0.755466 0.695710 0.188876 0.270427 0.555528 0.661046 0.503234 0.596343 0.317878 0.290290 0.892895 0.682451 0.526172 0.580387 0.527622 0.528482 0.518020 0.585071 0.685157 0.686563 0.807110 0.768905 0.660568 0.527974 0.350704 0.325441 0.210777 0.259873 0.460414 0.502793 0.577944 0.672448 0.788351 0.701843 0.770307 0.752214 0.952856 0.871746 0.972409 0.820374 0.966247 0.773867 0.465203 0.855014 0.636725 0.680592 0.924177 0.851538 0.511150 0.589538 0.562315 0.654778 0.968943 0.926048 0.857418 0.619805 0.842702 0.623814 0.897277 0.779485 0.767753 0.824934
0.253909 0.234899 0.635196 0.703486 0.768788 0.913095 0.355510 0.489421 0.870052 0.883506 0.395912 0.307778 0.358704 0.330007 0.594910 0.673387 0.252971 0.263396 0.000000 0.240197 0.763020 0.894305 0.629753 0.738143 0.904145 0.970256 0.861314 0.977494 0.411014 0.403222 0.711092 0.692814 0.293528 0.260158 0.692146 0.939397 0.634070 0.661701 0.810694 0.720871 0.807742 0.774485 0.620164 0.585573 0.761926 0.712251 0.433905 0.489282 0.725627 0.591999 0.628814 0.591127 0.987273 0.852017 0.566435 0.585943 0.234039 0.259649 0.376819 0.462049 0.336571 0.463158 0.271639 0.268120 0.747536 0.552606 0.384772 0.519863 0.444276 0.452770 0.461718 0.686299 0.612026 0.704245 0.749125 0.742109 0.568531 0.603379 0.418866 0.437851 0.248448 0.301345 0.436432 0.457913 0.462341 0.557821 0.767770 0.672391 0.670883 0.678502 0.783909 0.746259 0.777487 0.686499 0.940130 0.792576 0.433618 0.920068 0.725985 0.742560 0.758619 0.919271 0.654654 0.611419 0.525962 0.540821 0.953278 0.997121 0.869910 0.601544 0.910079 0.631132 0.849013 0.804183 0.607344 0.866286
0.263533 0.227455 0.597465 0.643590 0.782068 0.910941 0.385329 0.502834 0.908006 0.810635 0.366325 0.291069 0.356628 0.351855 0.577867 0.679761 0.284998 0.207565 0.240197 0.000000 0.733669 0.828646 0.583263 0.672003 0.815489 0.952225 0.847769 0.980579 0.463763 0.399457 0.692743 0.710814 0.266173 0.297570 0.678971 0.916758 0.575153 0.554255 0.775765 0.790088 0.729626 0.697688 0.644222 0.628099 0.808425 0.811863 0.514396 0.564059 0.819638 0.661781 0.761727 0.722055 0.873461 0.718415 0.597787 0.634807 0.204456 0.224673 0.451099 0.529104 0.371098 0.473599 0.322024 0.294044 0.664624 0.500568 0.407857 0.502574 0.382765 0.411174 0.470827 0.612237 0.627589 0.659521 0.755709 0.811118 0.556809 0.589471 0.375135 0.378347 0.239784 0.249146 0.429801 0.439295 0.407530 0.492713 0.715895 0.686229 0.624378 0.590375 0.807599 0.751135 0.889952 0.793805 0.973241 0.852954 0.448836 0.952869 0.798217 0.835928 0.759044 0.935847 0.640745 0.705477 0.505894 0.596185 0.971615 0.945907 0.858034 0.658526 0.909078 0.709214 0.964509 0.820534 0.722164 0.824257
0.642992 0.663154 0.545743 0.627231 0.878176 0.749602 0.752356 0.864314 0.976231 0.770332 0.845997 0.757085 0.608984 0.807473 0.734533 0.671105 0.903185 0.833486 0.763020 0.733669 0.000000 0.873589 0.655133 0.599966 0.608704 0.647529 0.723549 0.601319 0.956687 0.970975 0.909446 0.941964 0.787837 0.784040 0.643272 0.728248 0.630582 0.629825 0.654676 0.760532 0.766956 0.939421 0.909223 0.976485 0.864786 0.925649 0.825262 0.963619 0.846930 0.932728 0.969009 0.953305 0.765488 0.697581 0.641850 0.970242 0.766137 0.702108 0.736309 0.704111 0.646992 0.705233 0.920207 0.887339 0.542325 0.532058 0.686202 0.879491 0.566579 0.605357 0.937314 0.943506 0.823371 0.913827 0.990361 0.973660 0.839755 0.974489 0.974907 0.851164 0.853444 0.712476 0.815989 0.771991 0.585979 0.516456 0.794680 0.870879 0.637957 0.619523 0.794347 0.677246 0.924355 0.901838 0.841867 0.936431 0.810545 0.924330 0.846746 0.820573 0.737300 0.841371 0.937338 0.833527 0.927428 0.906328 0.960028 0.808040 0.984379 0.992416 0.940582 0.863468 0.887743 0.910375 0.840138 0.959346
0.974269 0.922417 0.859533 0.957409 0.791012 0.896893 0.984153 0.982229 0.989331 0.980327 0.890342 0.882316 0.987484 0.862626 0.925907 0.987400 0.920900 0.852722 0.894305 0.828646 0.873589 0.000000 0.970277 0.989139 0.968235 0.944622 0.865006 0.997286 0.854056 0.815062 0.893154 0.805244 0.925770 0.960945 0.943135 0.851416 0.980008 0.969445 0.920850 0.845521 0.875220 0.969252 0.799460 0.836836 0.917436 0.991536 0.875858 0.955106 0.988854 0.952584 0.925624 0.964688 0.874647 0.930986 0.856983 0.922092 0.816845 0.923302 0.962504 0.936351 0.977793 0.898703 0.991995 0.951994 0.916343 0.959563 0.971140 0.998936 0.909107 0.905849 0.931465 0.974240 0.987878 0.948560 0.964876 0.971837 0.871846 0.754089 0.906296 0.984328 0.923621 0.957922 0.894891 0.995101 0.952727 0.974626 0.947052 0.880690 0.938417 0.983620 0.963992 0.881606 0.871546 0.876879 0.913949 0.962234 0.961791 0.920219 0.943702 0.895694 0.959331 0.942810 0.860227 0.945727 0.975876 0.871170 0.970178 0.991541 0.760784 0.924367 0.982034 0.995919 0.885561 0.976038 0.973209 0.911562
0.525712 0.514153 0.394466 0.362992 0.655499 0.933018 0.612078 0.703979 0.812369 0.615210 0.978436 0.654318 0.369757 0.599924 0.414227 0.437793 0.736264 0.764645 0.629753 0.583263 0.655133 0.970277 0.000000 0.247203 0.346448 0.540177 0.514153 0.763832 0.972559 0.978153 0.500621 0.973822 0.559850 0.720588 0.610741 0.931828 0.444952 0.554924 0.578021 0.745299 0.776794 0.854612 0.988805 0.940656 0.749512 0.877564 0.675998 0.694222 0.806032 0.764087 0.923994 0.772630 0.890560 0.770456 0.541568 0.748954 0.649475 0.547309 0.646678 0.584684 0.538770 0.546972 0.716930 0.644253 0.378337 0.447081 0.638071 0.761679 0.436794 0.463927 0.733037 0.841787 0.779471 0.901979 0.809159 0.918106 0.814339 0.941060 0.723166 0.769039 0.663214 0.615549 0.613645 0.554033 0.328773 0.314148 0.552286 0.608844 0.424208 0.352851 0.680162 0.654044 0.802216 0.780026 0.857557 0.896941 0.750309 0.896173 0.785969 0.785516 0.546051 0.732139 0.894017 0.928589 0.716625 0.677097 0.925124 0.930044 0.873370 0.898696 0.957404 0.910082 0.876902 0.898098 0.812858 0.991702
0.638405 0.630266 0.363932 0.300781 0.735233 0.989864 0.648182 0.700854 0.755045 0.584883 0.938655 0.758366 0.482387 0.600049 0.478368 0.429452 0.892889 0.847140 0.738143 0.672003 0.599966 0.989139 0.247203 0.000000 0.284275 0.432228 0.440203 0.716399 0.914955 0.892217 0.602763 0.979858 0.688064 0.771445 0.546349 0.805480 0.476230 0.490729 0.488897 0.673229 0.805441 0.842297 0.921933 0.963535 0.703607 0.828793 0.737499 0.767081 0.722044 0.917267 0.926878 0.944588 0.760906 0.636362 0.486056 0.710636 0.764662 0.649201 0.757602 0.711405 0.637637 0.613903 0.930440 0.836491 0.333301 0.399554 0.678877 0.788453 0.519967 0.570088 0.874138 0.886502 0.960178 0.985740 0.850694 0.980506 0.889591 0.990959 0.837720 0.902937 0.795950 0.683770 0.627920 0.559731 0.365764 0.271420 0.626805 0.653428 0.408159 0.320193 0.728252 0.616307 0.929855 0.843889 0.921360 0.827889 0.864695 0.894696 0.736457 0.717721 0.600834 0.690756 0.776124 0.811690 0.777338 0.780147 0.901374 0.863253 0.809134 0.998927 0.895863 0.878785 0.744931 0.848965 0.948742 0.994471
0.647537 0.725373 0.305381 0.341794 0.657511 0.989093 0.744179 0.895855 0.791102 0.496052 0.878648 0.924130 0.540813 0.886046 0.593684 0.561835 0.972347 0.969588 0.904145 0.815489 0.608704 0.968235 0.346448 0.284275 0.000000 0.274217 0.483423 0.634472 0.660828 0.641520 0.665645 0.773247 0.767803 0.914316 0.461680 0.858394 0.419146 0.603859 0.429509 0.655329 0.727843 0.966671 0.772088 0.829172 0.611785 0.716779 0.863396 0.836520 0.635959 0.978214 0.856867 0.982679 0.785945 0.627056 0.440019 0.737929 0.890345 0.739070 0.762038 0.681750 0.671752 0.712445 0.934359 0.978983 0.222405 0.394497 0.697316 0.804190 0.457034 0.495925 0.970715 0.939650 0.908561 0.993551 0.921625 0.875762 0.998434 0.763126 0.998355 0.954858 0.930650 0.763311 0.735928 0.586298 0.346645 0.294002 0.585980 0.719557 0.335734 0.303523 0.730133 0.611548 0.996397 0.898710 0.834682 0.984902 0.934520 0.905882 0.562623 0.549176 0.529362 0.649090 0.613198 0.642239 0.884906 0.829687 0.902774 0.899747 0.916601 0.976394 0.755963 0.734233 0.678718 0.753297 0.990947 0.932103
0.785150 0.889188 0.345990 0.416109 0.759243 0.975351 0.728687 0.885599 0.678873 0.658246 0.812607 0.891652 0.688892 0.951251 0.706210 0.686014 0.835503 0.838253 0.970256 0.952225 0.647529 0.944622 0.540177 0.432228 0.274217 0.000000 0.582523 0.612438 0.587104 0.528264 0.697201 0.815356 0.844943 0.984920 0.532107 0.816496 0.518911 0.621187 0.472975 0.645941 0.831479 0.996674 0.839912 0.878602 0.765155 0.832496 0.865331 0.912738 0.717870 0.963420 0.919464 0.944002 0.928537 0.824776 0.441640 0.741708 0.978568 0.907215 0.803681 0.762081 0.769565 0.831782 0.791077 0.797002 0.288155 0.434524 0.665917 0.754175 0.556432 0.661491 0.930305 0.993545 0.955214 0.976146 0.929598 0.820259 0.979644 0.692200 0.886093 0.841843 0.872171 0.952629 0.898398 0.774653 0.510297 0.391880 0.782498 0.897261 0.431889 0.456903 0.919739 0.811148 0.882180 0.903771 0.764276 0.948838 0.997248 0.922793 0.626584 0.622619 0.671851 0.776771 0.606918 0.582391 0.956844 0.884647 0.850010 0.862137 0.901872 0.947126 0.867047 0.750207 0.717642 0.824856 0.978981 0.796441
0.813674 0.860213 0.605139 0.581891 0.861415 0.933903 0.933056 0.996422 0.918713 0.540024 0.818779 0.962033 0.745764 0.828501 0.732006 0.738885 0.981202 0.954392 0.861314 0.847769 0.723549 0.865006 0.514153 0.440203 0.483423 0.582523 0.000000 0.751302 0.829870 0.850392 0.800840 0.928850 0.869228 0.994786 0.722315 0.862089 0.784940 0.659545 0.698690 0.870294 0.964199 0.896418 0.779309 0.746204 0.583766 0.657443 0.971612 0.914802 0.582303 0.865353 0.786089 0.854444 0.646007 0.610388 0.735838 0.958340 0.918770 0.879908 0.985367 0.934539 0.922951 0.905310 0.920843 0.966835 0.517891 0.608029 0.813135 0.983644 0.688995 0.781316 0.963552 0.983617 0.974054 0.806293 0.857804 0.967471 0.891407 0.819656 0.971500 0.988176 0.934824 0.823644 0.746091 0.819628 0.575786 0.519516 0.740774 0.802235 0.611999 0.563873 0.817092 0.713052 0.972881 0.899123 0.993401 0.942011 0.884529 0.972697 0.699529 0.672410 0.655608 0.733554 0.757126 0.736362 0.913834 0.997735 0.916459 0.827032 0.780932 0.971644 0.816938 0.798281 0.640575 0.877701 0.882000 0.847776
0.868631 0.896517 0.721345 0.758060 0.817586 0.726893 0.945792 0.960371 0.983134 0.720268 0.879720 0.954743 0.785014 0.953329 0.825012 0.854415 0.952071 0.959897 0.977494 0.980579 0.601319 0.997286 0.763832 0.716399 0.634472 0.612438 0.751302 0.000000 0.900446 0.803097 0.894879 0.847074 0.952907 0.954427 0.891612 0.757970 0.787301 0.984422 0.830604 0.751904 0.873827 0.961895 0.982646 0.994988 0.775861 0.881260 0.900294 0.904945 0.840787 0.968024 0.938178 0.994820 0.884503 0.837429 0.776016 0.920095 0.928604 0.887559 0.856135 0.801622 0.899319 0.938677 0.938208 0.921579 0.663869 0.737437 0.891358 0.923661 0.772079 0.717022 0.912756 0.847600 0.922171 0.818055 0.896057 0.950940 0.870687 0.886948 0.980856 0.980839 0.994199 0.902582 0.943487 0.932557 0.758941 0.702380 0.940055 0.996933 0.812683 0.716131 0.896636 0.897665 0.932083 0.991472 0.884439 0.784923 0.953015 0.845748 0.772223 0.728824 0.790288 0.805296 0.733349 0.764899 0.811287 0.904223 0.843833 0.860470 0.909110 0.907736 0.848772 0.769565 0.916662 0.911701 0.933773 0.783960
0.633026 0.538996 0.887614 0.901236 0.894032 0.883122 0.634052 0.601699 0.993786 0.754134 0.472916 0.446652 0.720344 0.489460 0.790737 0.872851 0.367752 0.342925 0.411014 0.463763 0.956687 0.854056 0.972559 0.914955 0.660828 0.587104 0.829870 0.900446 0.000000 0.213048 0.806046 0.441417 0.535141 0.437009 0.855586 0.977639 0.961636 0.956332 0.779626 0.958795 0.955859 0.841132 0.437470 0.463854 0.563950 0.586355 0.631186 0.627732 0.595855 0.711362 0.644406 0.736915 0.873171 0.946544 0.995565 0.815786 0.404392 0.549412 0.669947 0.780047 0.676739 0.695453 0.366911 0.345491 0.755169 0.976189 0.742774 0.729165 0.867058 0.830310 0.525989 0.620405 0.766396 0.733925 0.866706 0.718534 0.631409 0.420881 0.415467 0.381795 0.389688 0.566428 0.649189 0.784207 0.948253 0.984639 0.969141 0.892980 0.917082 0.895820 0.955433 0.913840 0.899671 0.775916 0.956233 0.828655 0.542945 0.949178 0.518810 0.491050 0.809641 0.731544 0.432667 0.408491 0.686669 0.758146 0.999832 0.953879 0.854935 0.709150 0.781993 0.567503 0.683807 0.726942 0.764599 0.862484
0.613640 0.520372 0.857029 0.838889 0.922546 0.910672 0.722468 0.693710 0.870190 0.858751 0.403263 0.412846 0.745603 0.493618 0.857379 0.931110 0.329501 0.291146 0.403222 0.399457 0.970975 0.815062 0.978153 0.892217 0.641520 0.528264 0.850392 0.803097 0.213048 0.000000 0.883890 0.508447 0.542248 0.489390 0.878157 0.987251 0.999811 0.938285 0.760328 0.979194 0.956125 0.818450 0.586117 0.600223 0.692996 0.745544 0.710742 0.759568 0.713328 0.823124 0.787195 0.864598 0.990920 0.917617 0.927060 0.916688 0.355396 0.516066 0.729665 0.829251 0.706920 0.739241 0.358679 0.336441 0.737192 0.998546 0.794423 0.810440 0.839490 0.837304 0.561572 0.638280 0.729700 0.742130 0.828380 0.686582 0.742478 0.451935 0.415611 0.366353 0.338296 0.475063 0.623120 0.731690 0.915409 0.975242 0.949894 0.819368 0.901493 0.912271 0.938431 0.993785 0.841679 0.749384 0.974198 0.894835 0.573274 0.919800 0.597765 0.597510 0.918075 0.769210 0.422835 0.470371 0.689311 0.755079 0.883623 0.955391 0.837754 0.730709 0.808824 0.625552 0.788955 0.772160 0.802346 0.809286
0.759645 0.763639 0.631099 0.632119 0.792338 0.832139 0.587584 0.705983 0.645252 0.946066 0.971235 0.883920 0.582019 0.719360 0.465223 0.547167 0.778871 0.840247 0.711092 0.692743 0.909446 0.893154 0.500621 0.602763 0.665645 0.697201 0.800840 0.894879 0.806046 0.883890 0.000000 0.637715 0.591729 0.745012 0.868945 0.952411 0.518301 0.705733 0.828462 0.840590 0.815343 0.890908 0.717861 0.658681 0.953290 0.891785 0.752004 0.746708 0.947602 0.780230 0.801427 0.762973 0.759665 0.890664 0.709560 0.848825 0.761094 0.765535 0.772896 0.737287 0.699098 0.707584 0.815588 0.738943 0.694832 0.670602 0.765408 0.737618 0.698284 0.764807 0.613381 0.692095 0.691073 0.710013 0.805897 0.763108 0.690253 0.697431 0.742758 0.796341 0.822756 0.847720 0.843058 0.814798 0.691244 0.668526 0.888888 0.931647 0.720722 0.803758 0.858372 0.986252 0.876014 0.922679 0.805327 0.949948 0.777925 0.683263 0.943994 0.977951 0.851135 0.971469 0.861160 0.835461 0.682771 0.810615 0.799544 0.924508 0.924856 0.891853 0.930269 0.920715 0.940040 0.880187 0.905749 0.945905
0.934081 0.846697 0.846852 0.985684 0.988873 0.932022 0.749483 0.665586 0.978945 0.694282 0.801959 0.746999 0.926312 0.599913 0.750994 0.741604 0.662093 0.611663 0.692814 0.710814 0.941964 0.805244 0.973822 0.979858 0.773247 0.815356 0.928850 0.847074 0.441417 0.508447 0.637715 0.000000 0.692617 0.642371 0.792356 0.906111 0.981325 0.890691 0.851585 0.909897 0.975436 0.811721 0.513266 0.476607 0.674753 0.673872 0.778826 0.847381 0.814960 0.920576 0.846740 0.931318 0.888432 0.925915 0.993785 0.995627 0.655531 0.825754 0.977507 0.963821 0.954677 0.920817 0.763685 0.699645 0.770357 0.991216 0.922994 0.829590 0.960981 0.887651 0.733607 0.616574 0.987643 0.872266 0.930993 0.767533 0.790310 0.511833 0.689597 0.703013 0.687696 0.821354 0.844307 0.842380 0.926682 0.983592 0.853314 0.969265 0.912587 0.917515 0.748093 0.778331 0.846208 0.994809 0.900674 0.838320 0.819980 0.880658 0.602796 0.513704 0.741197 0.704676 0.525114 0.574914 0.823719 0.879822 0.949920 0.964312 0.961619 0.857525 0.768345 0.651472 0.772319 0.734396 0.891564 0.996248
0.282555 0.263696 0.534041 0.606474 0.752244 0.945387 0.315733 0.481202 0.765519 0.873179 0.489026 0.406547 0.332852 0.428783 0.500579 0.615864 0.317413 0.331774 0.293528 0.266173 0.787837 0.925770 0.559850 0.688064 0.767803 0.844943 0.869228 0.952907 0.535141 0.542248 0.591729 0.692617 0.000000 0.279077 0.706372 0.995169 0.493191 0.627063 0.735258 0.776497 0.630124 0.768154 0.550689 0.520671 0.749823 0.689995 0.418019 0.487062 0.726800 0.562564 0.633138 0.586361 0.905124 0.880618 0.498425 0.527828 0.269756 0.261993 0.408018 0.475151 0.344205 0.450865 0.323838 0.329518 0.627417 0.484910 0.365091 0.424589 0.391333 0.426876 0.459205 0.659034 0.614866 0.659794 0.685978 0.739966 0.479255 0.649712 0.392938 0.472002 0.299321 0.340742 0.444586 0.428826 0.402924 0.470759 0.746043 0.675389 0.544863 0.604217 0.883175 0.796009 0.931018 0.776550 0.920587 0.892268 0.464450 0.980063 0.753330 0.793871 0.846625 0.878360 0.696859 0.688204 0.533131 0.535514 0.989035 0.988981 0.982030 0.641260 0.876426 0.644735 0.877277 0.743506 0.655572 0.885758
0.298315 0.287685 0.638072 0.660586 0.758064 0.902994 0.290537 0.392663 0.826646 0.965591 0.376218 0.343915 0.371256 0.363721 0.571537 0.604402 0.332701 0.306981 0.260158 0.297570 0.784040 0.960945 0.720588 0.771445 0.914316 0.984920 0.994786 0.954427 0.437009 0.489390 0.745012 0.642371 0.279077 0.000000 0.720562 0.917488 0.595908 0.694777 0.791245 0.735845 0.670354 0.794589 0.530337 0.493558 0.644112 0.559595 0.399782 0.440585 0.590259 0.527025 0.553004 0.563063 0.900800 0.919376 0.538604 0.483256 0.296292 0.286573 0.363078 0.437669 0.303486 0.369575 0.310189 0.287563 0.745507 0.533761 0.378969 0.427186 0.485059 0.453690 0.562108 0.713992 0.638487 0.598699 0.725312 0.762514 0.527520 0.593984 0.448659 0.471411 0.296683 0.368144 0.429129 0.457187 0.506827 0.562978 0.759750 0.751369 0.629537 0.702948 0.888715 0.781537 0.903892 0.761788 0.949713 0.765697 0.425636 0.925078 0.618184 0.689449 0.962157 0.850616 0.613281 0.608701 0.503418 0.560652 0.933482 0.972429 0.902472 0.629235 0.835128 0.533529 0.805728 0.735599 0.651760 0.861271
0.549151 0.594852 0.417902 0.494077 0.835682 0.953356 0.630232 0.764654 0.741649 0.653420 0.899304 0.796917 0.591730 0.713213 0.816817 0.753410 0.896963 0.869645 0.692146 0.678971 0.643272 0.943135 0.610741 0.546349 0.461680 0.532107 0.722315 0.891612 0.855586 0.878157 0.868945 0.792356 0.706372 0.720562 0.000000 0.929306 0.524912 0.504499 0.443397 0.671458 0.825520 0.946204 0.842246 0.964377 0.855036 0.874374 0.798210 0.799556 0.818752 0.910517 0.994246 0.876055 0.842911 0.727375 0.447319 0.594098 0.759916 0.634893 0.636572 0.641655 0.581844 0.671492 0.890601 0.874661 0.398858 0.455627 0.523710 0.639987 0.500355 0.592366 0.880665 0.904498 0.790726 0.875114 0.970638 0.918744 0.898208 0.897007 0.894627 0.920095 0.802595 0.658759 0.689623 0.597719 0.443961 0.434995 0.802967 0.749625 0.425049 0.528271 0.683097 0.613511 0.920403 0.935962 0.884693 0.997903 0.779292 0.956800 0.704134 0.724023 0.511067 0.867801 0.758346 0.806739 0.765117 0.779124 0.918834 0.878778 0.949257 0.945843 0.806833 0.860924 0.726377 0.819761 0.819433 0.848043
0.936618 0.933602 0.917231 0.830413 0.964448 0.717213 0.910905 0.849846 0.958290 0.938914 0.985184 0.905420 0.978901 0.866138 0.977785 0.874639 0.962973 0.916736 0.939397 0.916758 0.728248 0.851416 0.931828 0.805480 0.858394 0.816496 0.862089 0.757970 0.977639 0.987251 0.952411 0.906111 0.995169 0.917488 0.929306 0.000000 0.977874 0.734093 0.858598 0.777833 0.898041 0.835850 0.891803 0.862001 0.992272 0.983683 0.940088 0.904269 0.980358 0.885904 0.922374 0.927067 0.850560 0.814536 0.903943 0.955150 0.911095 0.938493 0.996860 0.960619 0.989427 0.961794 0.836486 0.921495 0.888748 0.845442 0.925349 0.914545 0.936937 0.822035 0.917740 0.907918 0.981797 0.966607 0.860670 0.903856 0.968505 0.977756 0.946112 0.954116 0.985748 0.994386 0.958427 0.940895 0.957676 0.866249 0.974509 0.809875 0.967471 0.884629 0.759761 0.981002 0.805459 0.903002 0.942410 0.873326 0.945382 0.935494 0.919079 0.883361 0.964621 0.961196 0.936909 0.948433 0.895313 0.896317 0.893924 0.998090 0.918080 0.922276 0.899083 0.997556 0.933939 0.851618 0.827121 0.853064
0.442227 0.480542 0.343538 0.414497 0.747303 0.989640 0.489073 0.617764 0.684488 0.671575 0.815100 0.663479 0.392174 0.684623 0.553300 0.578918 0.705842 0.735183 0.634070 0.575153 0.630582 0.980008 0.444952 0.476230 0.419146 0.518911 0.784940 0.787301 0.961636 0.999811 0.518301 0.981325 0.493191 0.595908 0.524912 0.977874 0.000000 0.644330 0.605190 0.724155 0.635554 0.931832 0.900967 0.814802 0.947697 0.944593 0.631701 0.593280 0.965769 0.660972 0.822422 0.703481 0.954188 0.846937 0.378824 0.579386 0.624809 0.494362 0.508717 0.519568 0.427375 0.501367 0.692329 0.665762 0.367596 0.380680 0.513797 0.602050 0.391841 0.419542 0.759496 0.864664 0.702261 0.731223 0.761010 0.952828 0.728243 0.925924 0.710542 0.771858 0.657979 0.584076 0.568966 0.549030 0.361435 0.344273 0.684624 0.715109 0.409468 0.445719 0.642801 0.645770 0.856901 0.844220 0.789608 0.979406 0.712262 0.849742 0.827512 0.794659 0.577254 0.767796 0.987984 0.925737 0.722829 0.721986 0.937610 0.981926 0.957106 0.767191 0.883466 0.978971 0.864082 0.944046 0.767829 0.820641
0.649899 0.609988 0.522754 0.487306 0.817454 0.961179 0.552977 0.619805 0.686277 0.943531 0.892030 0.703276 0.606570 0.564777 0.592764 0.644083 0.829832 0.673546 0.661701 0.554255 0.629825 0.969445 0.554924 0.490729 0.603859 0.621187 0.659545 0.984422 0.956332 0.938285 0.705733 0.890691 0.627063 0.694777 0.504499 0.734093 0.644330 0.000000 0.609908 0.744852 0.877888 0.633820 0.868637 0.820408 0.909627 0.945175 0.778661 0.815106 0.964907 0.898514 0.954392 0.897242 0.789835 0.744492 0.622903 0.775877 0.685841 0.634282 0.797366 0.810212 0.691075 0.713300 0.892809 0.806446 0.523478 0.526623 0.572880 0.602872 0.585980 0.654876 0.672047 0.511890 0.799144 0.795688 0.988201 0.943265 0.725416 0.825541 0.800268 0.738402 0.779970 0.707390 0.811656 0.761859 0.574467 0.517670 0.861869 0.836518 0.599272 0.632785 0.967676 0.913720 0.810268 0.861722 0.998114 0.796637 0.809209 0.903606 0.937683 0.943506 0.767860 0.900424 0.876810 0.991891 0.591213 0.709165 0.744540 0.985072 0.892967 0.946226 0.950368 0.992048 0.818704 0.947585 0.859414 0.933296
