0.000000 0.247246 0.658960 0.611515 0.929323 0.761549 0.565000 0.591927 0.893228 0.588545 0.408616 0.381384 0.393896 0.360683 0.634506 0.607130 0.356058 0.242217 0.326198 0.271643 0.663981 0.912961 0.769423 0.595208 0.678638 0.838476 0.781012 0.803099 0.697000 0.628254 0.840699 0.854076 0.490214 0.454212 0.769520 0.721498 0.686505 0.603819 0.722852 0.717146 0.709364 0.837498 0.636259 0.570639 0.885041 0.830265 0.476418 0.628257 0.889409 0.735726 0.955261 0.788628 0.811259 0.553374 0.464951 0.666252 0.244070 0.256596 0.380098 0.433699 0.559885 0.881062 0.486574 0.514263 0.648227 0.557820 0.574299 0.646811 0.335319 0.414725 0.800013 0.932884 0.845624 0.955386 0.800281 0.869116 0.784889 0.978723 0.663914 0.476955 0.269539 0.224441 0.561311 0.369015 0.410025 0.431488 0.623137 0.639154 0.558371 0.431201 0.739290 0.820479 0.641041 0.778241 0.731017 0.993863 0.676175 0.915422 0.734720 0.774877 0.768851 0.848118 0.788838 0.661773 0.823633 0.818734 0.894991 0.847728 0.929953 0.837489 0.963064 0.900805 0.917294 0.943335 0.910396 0.871641
0.247246 0.000000 0.524138 0.469388 0.824249 0.755934 0.489134 0.513125 0.998606 0.621048 0.551097 0.413603 0.351245 0.342165 0.527413 0.492590 0.363047 0.271696 0.321831 0.259295 0.646394 0.870202 0.593687 0.489823 0.583017 0.744636 0.713937 0.829971 0.679551 0.620786 0.938502 0.781587 0.446364 0.462826 0.715593 0.825336 0.669297 0.563830 0.653958 0.696379 0.713994 0.826562 0.506847 0.488738 0.813389 0.767384 0.395867 0.517381 0.869408 0.658301 0.837077 0.660776 0.916309 0.611699 0.474628 0.692929 0.222015 0.191543 0.324308 0.329743 0.463307 0.736205 0.472411 0.469361 0.534425 0.456525 0.476889 0.526304 0.377151 0.426593 0.726175 0.811852 0.944129 0.860683 0.861162 0.994839 0.741363 0.898546 0.536872 0.500231 0.299980 0.259243 0.490404 0.428618 0.320255 0.340433 0.639943 0.533412 0.516628 0.367111 0.736058 0.817866 0.572722 0.769959 0.627436 0.984154 0.657641 0.931680 0.724860 0.751579 0.752079 0.907984 0.777699 0.716456 0.699284 0.679924 0.997978 0.965356 0.883515 0.807596 0.836733 0.831913 0.890526 0.908144 0.709928 0.931299
0.658960 0.524138 0.000000 0.253853 0.625309 0.750496 0.329773 0.370235 0.676067 0.766175 0.966467 0.613957 0.435763 0.647960 0.505807 0.561011 0.793581 0.771713 0.640461 0.553198 0.648433 0.930581 0.343125 0.350611 0.338269 0.398502 0.632416 0.801256 0.998678 0.971479 0.696010 0.854602 0.481613 0.644652 0.632530 0.745854 0.453578 0.459147 0.664571 0.773433 0.765880 0.787743 0.764242 0.793782 0.852186 0.969274 0.703705 0.847068 0.850974 0.993144 0.919855 0.914087 0.908450 0.777523 0.538937 0.836970 0.657056 0.597625 0.692854 0.670399 0.316956 0.395610 0.898172 0.773953 0.228232 0.248299 0.431861 0.452031 0.548429 0.678657 0.557889 0.567155 0.809684 0.843783 0.920258 0.835803 0.818451 0.785268 0.789732 0.847949 0.752463 0.674119 0.803757 0.770542 0.337291 0.327934 0.743268 0.735914 0.598480 0.478668 0.772781 0.976343 0.645091 0.814923 0.714778 0.934346 0.728669 0.938134 0.956197 0.887985 0.923382 0.994173 0.913603 0.885301 0.637121 0.727661 0.912781 0.966369 0.824696 0.849638 0.818085 0.888992 0.997343 0.840840 0.816085 0.817485
0.611515 0.469388 0.253853 0.000000 0.616937 0.711413 0.345844 0.323676 0.758849 0.764884 0.958328 0.513802 0.414823 0.557900 0.475659 0.518367 0.756500 0.647621 0.521366 0.437159 0.671982 0.925661 0.302712 0.284897 0.367736 0.508729 0.543576 0.881119 0.899374 0.955477 0.786939 0.769842 0.497095 0.615737 0.609594 0.749066 0.491580 0.452847 0.623998 0.760436 0.764612 0.740346 0.693092 0.741976 0.834365 0.923706 0.690181 0.725929 0.920227 0.946076 0.933223 0.915328 0.885434 0.717365 0.516356 0.765551 0.594705 0.523240 0.660267 0.631929 0.386088 0.481966 0.848078 0.709600 0.250427 0.289451 0.374443 0.417660 0.561673 0.706700 0.505578 0.499640 0.854100 0.852019 0.936409 0.825354 0.739571 0.728080 0.703218 0.752352 0.644663 0.592991 0.764080 0.689432 0.287769 0.311545 0.657931 0.658907 0.560335 0.432129 0.674971 0.882064 0.524331 0.717778 0.683681 0.825351 0.666582 0.921090 0.854553 0.771946 0.906869 0.975772 0.926816 0.955827 0.539344 0.570214 0.928876 0.867554 0.813492 0.747271 0.820800 0.796528 0.990587 0.874308 0.805052 0.827824
0.929323 0.824249 0.625309 0.616937 0.000000 0.872472 0.683356 0.672844 0.816238 0.918450 0.964144 0.817161 0.684444 0.920273 0.697730 0.765218 0.993875 0.941531 0.867953 0.813444 0.826887 0.871554 0.561008 0.599331 0.583827 0.634878 0.633785 0.913606 0.980894 0.917944 0.759816 0.876126 0.797651 0.808160 0.905636 0.791141 0.746401 0.826351 0.922754 0.952723 0.863522 0.930598 0.878116 0.945531 0.968772 0.919854 0.956149 0.931528 0.827492 0.901436 0.870804 0.934214 0.989705 0.848401 0.892477 0.978063 0.868373 0.837349 0.983248 0.869402 0.677132 0.685599 0.968213 0.887288 0.591296 0.616915 0.766518 0.731398 0.750606 0.756794 0.778750 0.831057 0.813101 0.927913 0.938701 0.922944 0.996277 0.924256 0.991172 0.821730 0.909455 0.918186 0.872560 0.983539 0.691291 0.674667 0.875458 0.795476 0.980418 0.791082 0.898886 0.967943 0.730070 0.924938 0.857297 0.980505 0.884686 0.888915 0.905610 0.948616 0.910013 0.991353 0.980417 0.954072 0.835940 0.783803 0.957254 0.913910 0.933986 0.896225 0.912666 0.956544 0.939158 0.750483 0.966553 0.841560
0.761549 0.755934 0.750496 0.711413 0.872472 0.000000 0.639052 0.690304 0.995377 0.971251 0.701545 0.711223 0.868000 0.826788 0.834009 0.856637 0.867347 0.720520 0.703266 0.769680 0.713571 0.935544 0.824626 0.777650 0.921641 0.877013 0.922284 0.924213 0.790164 0.764231 0.927786 0.872611 0.766765 0.689156 0.784181 0.629320 0.962454 0.895200 0.889872 0.841712 0.860548 0.857512 0.794004 0.855809 0.832688 0.910851 0.895023 0.938657 0.971653 0.899105 0.875514 0.854403 0.898296 0.688325 0.803103 0.872883 0.782847 0.813185 0.796908 0.804847 0.769244 0.844767 0.883825 0.899630 0.749048 0.713150 0.599977 0.693526 0.805834 0.932045 0.732101 0.921519 0.904183 0.942614 0.810150 0.964703 0.925215 0.946246 0.902463 0.920877 0.767814 0.733660 0.964162 0.850336 0.734872 0.734039 0.801290 0.912083 0.876963 0.844753 0.751188 0.844939 0.666545 0.749398 0.794843 0.982217 0.584125 0.764934 0.707887 0.712981 0.978978 0.903247 0.967665 0.996303 0.721897 0.640678 0.987471 0.854069 0.990849 0.699731 0.913891 0.818329 0.777830 0.986020 0.964267 0.830567
0.565000 0.489134 0.329773 0.345844 0.683356 0.639052 0.000000 0.228327 0.665892 0.964254 0.769395 0.594688 0.459341 0.593547 0.461743 0.588726 0.606498 0.588885 0.484495 0.485409 0.813380 0.914869 0.445002 0.489917 0.566792 0.555262 0.793294 0.907172 0.774555 0.880314 0.754205 0.659647 0.345588 0.423225 0.563618 0.754447 0.514849 0.571078 0.693353 0.863357 0.774840 0.736837 0.462666 0.492965 0.583034 0.652882 0.520956 0.578481 0.857737 0.772155 0.879027 0.739555 0.835766 0.906743 0.432539 0.567336 0.546204 0.491974 0.514162 0.597786 0.324390 0.471588 0.654764 0.572449 0.365825 0.367339 0.290398 0.304538 0.607845 0.694930 0.422689 0.564181 0.846244 0.793818 0.993941 0.791446 0.619150 0.716617 0.606690 0.763382 0.551905 0.536479 0.663613 0.597596 0.350121 0.411050 0.715934 0.644392 0.608681 0.509677 0.530543 0.767850 0.495240 0.696489 0.600966 0.840924 0.499959 0.789922 0.617305 0.531953 0.951402 0.787187 0.872737 0.882091 0.473453 0.583024 0.849770 0.828975 0.728229 0.697930 0.754059 0.677909 0.755208 0.967221 0.774024 0.877134
0.591927 0.513125 0.370235 0.323676 0.672844 0.690304 0.228327 0.000000 0.717990 0.930784 0.815425 0.573671 0.514290 0.568906 0.541751 0.612439 0.701555 0.626186 0.533289 0.483233 0.783903 0.829642 0.527846 0.497030 0.586743 0.572165 0.759000 0.966987 0.893470 0.948765 0.901005 0.727929 0.462007 0.484881 0.580112 0.742813 0.523185 0.568036 0.747998 0.819721 0.785884 0.710214 0.589604 0.603168 0.667871 0.732923 0.563335 0.627241 0.900031 0.829945 0.921526 0.783260 0.873494 0.888228 0.394980 0.596462 0.588455 0.512408 0.568456 0.654139 0.394643 0.470833 0.766071 0.643463 0.418279 0.377815 0.351579 0.362590 0.646224 0.700671 0.504089 0.581391 0.911141 0.860400 0.951939 0.801613 0.694382 0.803127 0.695053 0.788157 0.579285 0.538021 0.669299 0.588416 0.400525 0.449037 0.663016 0.607573 0.663627 0.517337 0.484344 0.774217 0.465061 0.673443 0.695402 0.815488 0.551478 0.832337 0.622441 0.549825 0.897194 0.780763 0.821609 0.962654 0.526155 0.656623 0.915867 0.820419 0.748196 0.811409 0.813283 0.723466 0.865547 0.996688 0.815101 0.958619
0.893228 0.998606 0.676067 0.758849 0.816238 0.995377 0.665892 0.717990 0.000000 0.774235 0.832319 0.882612 0.944563 0.874548 0.877690 0.936417 0.961777 0.855619 0.984345 0.977433 0.977824 0.947158 0.756306 0.856086 0.720465 0.558400 0.930256 0.956715 0.968391 0.891798 0.578720 0.806526 0.617468 0.849135 0.689448 0.925168 0.775845 0.829223 0.892941 0.886073 0.990763 0.730212 0.791125 0.849897 0.641764 0.783648 0.842319 0.878642 0.852505 0.814738 0.738797 0.797869 0.762827 0.791177 0.679518 0.722143 0.967710 0.959648 0.921589 0.977071 0.674999 0.688887 0.925834 0.883065 0.726811 0.818449 0.675620 0.579299 0.926120 0.996364 0.745831 0.738201 0.744383 0.804783 0.950805 0.951264 0.803798 0.818952 0.892253 0.856445 0.925524 0.856996 0.877366 0.973771 0.806538 0.845442 0.985640 0.739365 0.893406 0.815816 0.857011 0.921336 0.928360 0.993390 0.793273 0.894240 0.940710 0.861271 0.857959 0.859526 0.897311 0.977668 0.975672 0.932746 0.812636 0.793272 0.834080 0.892183 0.885372 0.948452 0.743502 0.716985 0.903645 0.974657 0.824085 0.972549
0.588545 0.621048 0.766175 0.764884 0.918450 0.971251 0.964254 0.930784 0.774235 0.000000 0.896611 0.669289 0.494364 0.545050 0.753765 0.629979 0.794544 0.706901 0.624198 0.640930 0.819060 0.915508 0.771942 0.597051 0.721690 0.946312 0.653338 0.830981 0.963634 0.980534 0.869219 0.874173 0.918003 0.998195 0.891904 0.919556 0.807375 0.988132 0.885159 0.825074 0.813978 0.837536 0.845361 0.928721 0.555884 0.605608 0.904385 0.909845 0.572652 0.812583 0.683961 0.946236 0.610925 0.591122 0.915686 0.846559 0.642046 0.623791 0.920331 0.779767 0.868334 0.949702 0.947622 0.986316 0.723086 0.665217 0.991730 0.900962 0.639877 0.730352 0.962756 0.929999 0.632606 0.761029 0.995906 0.877229 0.857487 0.883557 0.930268 0.643589 0.732737 0.604959 0.840723 0.737557 0.640512 0.626116 0.842782 0.915919 0.846824 0.701305 0.869482 0.935345 0.967599 0.950672 0.977287 0.917700 0.922664 0.749939 0.726688 0.777225 0.673430 0.964603 0.796335 0.889945 0.871607 0.898897 0.910449 0.732921 0.885664 0.956621 0.818563 0.802133 0.764450 0.931603 0.996270 0.960175
0.408616 0.551097 0.966467 0.958328 0.964144 0.701545 0.769395 0.815425 0.832319 0.896611 0.000000 0.570092 0.780005 0.655389 0.943839 0.905752 0.530188 0.389797 0.546430 0.524165 0.837037 0.893790 0.882352 0.957620 0.938649 0.892845 0.957954 0.958231 0.616801 0.469051 0.753059 0.799505 0.673505 0.492692 0.890013 0.784207 0.942775 0.894738 0.838109 0.821935 0.732977 0.888976 0.695592 0.660614 0.825249 0.797541 0.636235 0.770844 0.738229 0.798207 0.999898 0.931573 0.862119 0.696337 0.673764 0.745406 0.466073 0.554875 0.559155 0.654089 0.864752 0.866954 0.512535 0.645031 0.964722 0.922464 0.696824 0.756313 0.594209 0.618532 0.970385 0.900641 0.903042 0.919048 0.823515 0.874730 0.835343 0.918939 0.733518 0.652287 0.395159 0.440337 0.765064 0.562440 0.815096 0.837765 0.728720 0.806748 0.801371 0.790667 0.712179 0.724840 0.641866 0.735090 0.765866 0.984524 0.630191 0.764096 0.599648 0.704354 0.990711 0.781041 0.742892 0.638018 0.950947 0.898041 0.810566 0.870764 0.878732 0.826694 0.955559 0.817397 0.804859 0.923008 0.943862 0.871830
0.381384 0.413603 0.613957 0.513802 0.817161 0.711223 0.594688 0.573671 0.882612 0.669289 0.570092 0.000000 0.480814 0.412675 0.578447 0.513287 0.615004 0.368237 0.451394 0.351615 0.646032 0.880321 0.645349 0.492097 0.623520 0.841348 0.690726 0.962881 0.749076 0.646551 0.848572 0.850045 0.627497 0.516897 0.711982 0.692202 0.652829 0.557122 0.749176 0.657775 0.846645 0.875455 0.751997 0.764758 0.971350 0.976208 0.679205 0.754061 0.966017 0.983337 0.844629 0.978125 0.740781 0.476682 0.584070 0.821191 0.401620 0.414621 0.621593 0.640911 0.544588 0.674413 0.679119 0.564398 0.576857 0.499655 0.622608 0.627431 0.496576 0.542227 0.813882 0.826376 0.966904 0.893094 0.980588 0.917048 0.936222 0.967050 0.732689 0.532571 0.415134 0.377999 0.720548 0.509714 0.454505 0.428873 0.547108 0.699728 0.636668 0.473826 0.766330 0.863875 0.601866 0.867937 0.835209 0.865519 0.679325 0.847468 0.805406 0.813153 0.893234 0.949859 0.828754 0.833613 0.706483 0.714620 0.827885 0.910823 0.850587 0.836363 0.929199 0.889424 0.922063 0.933882 0.906013 0.877967
0.393896 0.351245 0.435763 0.414823 0.684444 0.868000 0.459341 0.514290 0.944563 0.494364 0.780005 0.480814 0.000000 0.327714 0.330068 0.342529 0.474135 0.464124 0.335594 0.354478 0.703668 0.842130 0.355166 0.326789 0.504364 0.736766 0.592315 0.821767 0.767388 0.808257 0.902040 0.797286 0.504087 0.609391 0.881164 0.833413 0.571304 0.641773 0.779615 0.819076 0.691776 0.979355 0.669383 0.631424 0.976137 0.999756 0.573472 0.681756 0.834347 0.868639 0.959575 0.728488 0.896221 0.747298 0.644361 0.792961 0.378674 0.345003 0.572401 0.485587 0.430824 0.649930 0.619980 0.558781 0.393792 0.381833 0.609160 0.690831 0.489397 0.551060 0.547421 0.707866 0.991983 0.924191 0.928383 0.857093 0.754643 0.806500 0.658311 0.445591 0.460436 0.392061 0.623282 0.554864 0.289913 0.349109 0.573918 0.600237 0.617959 0.468600 0.767065 0.726495 0.656928 0.740197 0.742789 0.993280 0.718064 0.932608 0.869887 0.776858 0.805157 0.857975 0.893703 0.876884 0.721134 0.746904 0.978296 0.930075 0.883938 0.856022 0.911056 0.878073 0.932725 0.995389 0.813462 0.865146
0.360683 0.342165 0.647960 0.557900 0.920273 0.826788 0.593547 0.568906 0.874548 0.545050 0.655389 0.412675 0.327714 0.000000 0.414177 0.343023 0.451226 0.362113 0.310276 0.393555 0.811915 0.750564 0.607420 0.454987 0.734008 0.909771 0.652927 0.954813 0.697003 0.658699 0.824333 0.740879 0.631623 0.594194 0.853291 0.795033 0.841009 0.689897 0.813640 0.806187 0.879126 0.993067 0.671350 0.619813 0.982801 0.889678 0.520757 0.673346 0.971247 0.837634 0.975085 0.731215 0.915626 0.656764 0.667997 0.698600 0.318093 0.340634 0.529473 0.489833 0.562239 0.776726 0.637962 0.594188 0.614301 0.522838 0.678636 0.736380 0.653493 0.648986 0.829274 0.941986 0.857109 0.967731 0.880332 0.999166 0.878421 0.936840 0.601697 0.403282 0.390745 0.336101 0.539241 0.446427 0.421655 0.445032 0.623326 0.601213 0.659864 0.539860 0.772257 0.773196 0.701262 0.779988 0.817337 0.938409 0.759777 0.898495 0.780182 0.709678 0.838641 0.836081 0.798795 0.818650 0.762967 0.799354 0.966595 0.856139 0.841226 0.839414 0.882742 0.847754 0.899649 0.914293 0.824662 0.873915
0.634506 0.527413 0.505807 0.475659 0.697730 0.834009 0.461743 0.541751 0.877690 0.753765 0.943839 0.578447 0.330068 0.414177 0.000000 0.258230 0.597538 0.587629 0.480398 0.563498 0.781652 0.833360 0.351772 0.378157 0.582206 0.786055 0.688782 0.861005 0.632467 0.783803 0.765675 0.630663 0.532261 0.592284 0.844344 0.807598 0.704622 0.672157 0.844353 0.970003 0.813832 0.929384 0.585336 0.603751 0.827275 0.822207 0.566544 0.631480 0.962686 0.871825 0.939077 0.738305 0.890377 0.847126 0.754352 0.812674 0.495149 0.494059 0.616704 0.564834 0.397727 0.532721 0.648209 0.538933 0.436586 0.450608 0.648632 0.641756 0.744939 0.721937 0.625226 0.809414 0.926635 0.795791 0.896541 0.788946 0.759470 0.657879 0.596632 0.491204 0.570748 0.567649 0.607193 0.647257 0.378846 0.433775 0.688827 0.557487 0.677611 0.580811 0.883828 0.851655 0.804007 0.881166 0.743667 0.997242 0.684869 0.968114 0.847649 0.677816 0.927775 0.881745 0.875210 0.899157 0.631345 0.683129 0.920169 0.912154 0.801106 0.885549 0.850838 0.815418 0.806178 0.926343 0.771405 0.909408
0.607130 0.492590 0.561011 0.518367 0.765218 0.856637 0.588726 0.612439 0.936417 0.629979 0.905752 0.513287 0.342529 0.343023 0.258230 0.000000 0.591476 0.546529 0.492785 0.520258 0.770109 0.803430 0.382904 0.353182 0.565305 0.813675 0.665271 0.856902 0.698875 0.770520 0.834386 0.683017 0.598521 0.628074 0.866481 0.829994 0.705870 0.710871 0.825227 0.878124 0.778276 0.993555 0.654208 0.653469 0.988540 0.954303 0.572095 0.692688 0.843351 0.990763 0.935507 0.874670 0.958348 0.680751 0.795022 0.832429 0.442862 0.448161 0.659049 0.558371 0.460472 0.581420 0.725116 0.566808 0.493555 0.467462 0.745565 0.772214 0.710842 0.651375 0.742662 0.837537 0.983306 0.797104 0.923679 0.736640 0.885342 0.730125 0.602330 0.510040 0.537308 0.505881 0.575077 0.569332 0.371112 0.392245 0.705368 0.617076 0.612901 0.530041 0.937741 0.904147 0.803717 0.949028 0.880584 0.964503 0.780892 0.995643 0.923061 0.793170 0.856117 0.941236 0.857617 0.984143 0.681961 0.698437 0.954896 0.965898 0.812112 0.962841 0.932802 0.830262 0.846864 0.949785 0.756172 0.930690
0.356058 0.363047 0.793581 0.756500 0.993875 0.867347 0.606498 0.701555 0.961777 0.794544 0.530188 0.615004 0.474135 0.451226 0.597538 0.591476 0.000000 0.314370 0.356218 0.410002 0.863467 0.889918 0.785524 0.721768 0.845123 0.963305 0.871184 0.792774 0.497580 0.506884 0.973708 0.651476 0.464558 0.469694 0.836243 0.940720 0.788513 0.785862 0.829515 0.755969 0.713230 0.836606 0.423486 0.329764 0.753209 0.621252 0.406897 0.455888 0.712375 0.582725 0.697636 0.567715 0.905126 0.834247 0.550668 0.582987 0.277370 0.317284 0.357116 0.324226 0.668214 0.966410 0.312796 0.379572 0.836725 0.786669 0.629029 0.668664 0.508069 0.524122 0.740595 0.899439 0.982761 0.844423 0.808749 0.890000 0.620583 0.793732 0.473692 0.516169 0.261395 0.304835 0.453090 0.392930 0.541466 0.619120 0.797128 0.526729 0.601363 0.562412 0.774039 0.703353 0.781644 0.853771 0.661501 0.889245 0.713225 0.834534 0.610720 0.680378 0.823110 0.768994 0.621305 0.477248 0.777483 0.762909 0.974147 0.978959 0.912048 0.813663 0.838801 0.745853 0.728022 0.913093 0.698307 0.961034
0.242217 0.271696 0.771713 0.647621 0.941531 0.720520 0.588885 0.626186 0.855619 0.706901 0.389797 0.368237 0.464124 0.362113 0.587629 0.546529 0.314370 0.000000 0.306716 0.278506 0.765565 0.914476 0.780098 0.628635 0.800934 0.972041 0.859125 0.918350 0.542060 0.469975 0.841867 0.705591 0.503794 0.403077 0.768741 0.775672 0.800424 0.682501 0.746144 0.729293 0.718446 0.819177 0.476126 0.453954 0.804999 0.717533 0.438111 0.489141 0.777365 0.671487 0.885206 0.752375 0.859682 0.566340 0.530520 0.614969 0.211827 0.243427 0.325153 0.371130 0.648425 0.959203 0.397722 0.402527 0.760870 0.689943 0.559560 0.623405 0.440928 0.452848 0.789408 0.905365 0.918420 0.839873 0.800032 0.926446 0.766907 0.876136 0.494537 0.403890 0.211192 0.212596 0.505418 0.375429 0.470254 0.513681 0.641607 0.600470 0.556821 0.470710 0.690761 0.702099 0.578514 0.739554 0.685733 0.893176 0.572516 0.780419 0.599566 0.639772 0.889889 0.886433 0.602956 0.575349 0.683196 0.674568 0.969566 0.943049 0.899639 0.740375 0.878244 0.791117 0.805825 0.876940 0.800832 0.927197
0.326198 0.321831 0.640461 0.521366 0.867953 0.703266 0.484495 0.533289 0.984345 0.624198 0.546430 0.451394 0.335594 0.310276 0.480398 0.492785 0.356218 0.306716 0.000000 0.314601 0.787781 0.822320 0.614256 0.513231 0.761255 0.917571 0.686252 0.972969 0.604100 0.620349 0.905727 0.679261 0.516766 0.508492 0.768863 0.870280 0.776321 0.729646 0.722827 0.711869 0.711368 0.903848 0.560699 0.522943 0.872887 0.839987 0.487711 0.559442 0.918395 0.773786 0.978127 0.718274 0.914058 0.707802 0.540583 0.636358 0.297409 0.323562 0.450063 0.438768 0.567707 0.865435 0.476736 0.536791 0.619115 0.551114 0.495988 0.600906 0.532362 0.657537 0.582914 0.814227 0.956935 0.966757 0.877583 0.928266 0.710616 0.879810 0.565452 0.447421 0.315435 0.291559 0.629172 0.448195 0.413237 0.482518 0.642912 0.541054 0.630026 0.574377 0.648090 0.626239 0.569018 0.679639 0.699522 0.872317 0.543533 0.842393 0.648122 0.552079 0.846113 0.718011 0.736921 0.680488 0.682518 0.646775 0.934057 0.990933 0.846781 0.666719 0.874136 0.724308 0.793864 0.944410 0.744624 0.807912
0.271643 0.259295 0.553198 0.437159 0.813444 0.769680 0.485409 0.483233 0.977433 0.640930 0.524165 0.351615 0.354478 0.393555 0.563498 0.520258 0.410002 0.278506 0.314601 0.000000 0.688101 0.902487 0.602134 0.476365 0.613111 0.778413 0.676639 0.900500 0.709447 0.642363 0.950339 0.791386 0.470319 0.479737 0.753097 0.790905 0.609870 0.549524 0.665548 0.682109 0.728068 0.776616 0.560773 0.535971 0.927799 0.904376 0.486398 0.588452 0.961260 0.739766 0.982901 0.770869 0.858245 0.608072 0.453505 0.656943 0.268475 0.252070 0.409116 0.442346 0.539369 0.794234 0.533011 0.481593 0.559095 0.500660 0.480678 0.565694 0.327758 0.430617 0.607658 0.689259 0.957763 0.894884 0.878328 0.969718 0.634918 0.847127 0.594059 0.503928 0.284743 0.250795 0.582085 0.403946 0.354207 0.392207 0.574473 0.619901 0.531519 0.389390 0.637964 0.681609 0.510571 0.667500 0.697998 0.884443 0.577416 0.882175 0.710803 0.658623 0.918783 0.852321 0.691016 0.724804 0.651802 0.640045 0.902739 0.990272 0.850136 0.777616 0.896477 0.819960 0.931088 0.921332 0.797405 0.894664
0.663981 0.646394 0.648433 0.671982 0.826887 0.713571 0.813380 0.783903 0.977824 0.819060 0.837037 0.646032 0.703668 0.811915 0.781652 0.770109 0.863467 0.765565 0.787781 0.688101 0.000000 0.936951 0.768868 0.650968 0.637922 0.761099 0.826119 0.635589 0.937195 0.899622 0.856496 0.933669 0.748837 0.721928 0.714009 0.687451 0.766444 0.679650 0.653884 0.810838 0.854399 0.914588 0.963378 0.916942 0.956373 0.987955 0.858896 0.924440 0.938046 0.963521 0.884623 0.888781 0.711823 0.592188 0.729013 0.890414 0.714479 0.702961 0.746879 0.782076 0.553135 0.609169 0.894626 0.801657 0.601552 0.554012 0.779501 0.810185 0.655537 0.719553 0.911215 0.973642 0.948685 0.925275 0.877796 0.986926 0.914539 0.954819 0.943809 0.800760 0.769857 0.709068 0.778455 0.836161 0.614854 0.549335 0.721798 0.848276 0.716037 0.641734 0.889541 0.739945 0.960266 0.867260 0.912053 0.949839 0.862519 0.902140 0.911652 0.917902 0.823934 0.911711 0.991849 0.869803 0.973865 0.914893 0.874332 0.933958 0.981994 0.881021 0.952022 0.881239 0.953645 0.921007 0.963037 0.993359
0.912961 0.870202 0.930581 0.925661 0.871554 0.935544 0.914869 0.829642 0.947158 0.915508 0.893790 0.880321 0.842130 0.750564 0.833360 0.803430 0.889918 0.914476 0.822320 0.902487 0.936951 0.000000 0.945355 0.887764 0.938756 0.973011 0.938619 0.916119 0.985014 0.963839 0.892532 0.949073 0.942876 0.986389 0.981543 0.915718 0.973852 0.919339 0.836287 0.951868 0.976811 0.967531 0.936340 0.921699 0.981265 0.933089 0.847508 0.897442 0.916429 0.812491 0.817196 0.710250 0.733346 0.877102 0.876755 0.870485 0.878535 0.818072 0.866177 0.765679 0.872947 0.862065 0.864150 0.809787 0.994364 0.968408 0.953052 0.996869 0.906350 0.943412 0.918437 0.920667 0.992428 0.848098 0.959605 0.990445 0.967235 0.950836 0.943736 0.786693 0.883838 0.824906 0.872944 0.833642 0.924536 0.948193 0.892790 0.757207 0.992537 0.975790 0.908947 0.819733 0.983663 0.940364 0.786676 0.935899 0.739473 0.988353 0.847482 0.819092 0.855023 0.710504 0.969439 0.887753 0.907962 0.999150 0.947213 0.870777 0.926543 0.893205 0.870321 0.909606 0.911548 0.886801 0.743435 0.945314
0.769423 0.593687 0.343125 0.302712 0.561008 0.824626 0.445002 0.527846 0.756306 0.771942 0.882352 0.645349 0.355166 0.607420 0.351772 0.382904 0.785524 0.780098 0.614256 0.602134 0.768868 0.945355 0.000000 0.258648 0.370932 0.552416 0.536571 0.854998 0.885404 0.984279 0.638396 0.766557 0.571849 0.722310 0.716408 0.843564 0.527352 0.579450 0.730253 0.898705 0.789848 0.926141 0.713255 0.783667 0.941789 0.988763 0.758362 0.798543 0.791681 0.976915 0.904402 0.911592 0.936356 0.815834 0.781096 0.875625 0.680824 0.629873 0.806508 0.701516 0.408423 0.458918 0.868681 0.694866 0.262851 0.354802 0.543902 0.586720 0.690347 0.755852 0.509609 0.535826 0.779351 0.806305 0.910547 0.711764 0.809290 0.681347 0.697352 0.745584 0.776038 0.736958 0.746014 0.813407 0.315266 0.348475 0.726132 0.690661 0.593208 0.515092 0.849987 0.914914 0.700842 0.823738 0.738589 0.960672 0.781880 0.989246 0.961896 0.832491 0.816304 0.981769 0.998608 0.879914 0.600733 0.610345 0.892390 0.934915 0.875026 0.822065 0.843778 0.837339 0.942203 0.886909 0.775715 0.852686
0.595208 0.489823 0.350611 0.284897 0.599331 0.777650 0.489917 0.497030 0.856086 0.597051 0.957620 0.492097 0.326789 0.454987 0.378157 0.353182 0.721768 0.628635 0.513231 0.476365 0.650968 0.887764 0.258648 0.000000 0.351376 0.580442 0.475636 0.806432 0.861618 0.930113 0.785501 0.779005 0.565085 0.658294 0.698890 0.746021 0.584334 0.538584 0.660452 0.838255 0.778264 0.887287 0.813373 0.825344 0.953276 0.907427 0.727072 0.825089 0.741998 0.935233 0.775647 0.985925 0.771230 0.598795 0.646726 0.836419 0.547455 0.519127 0.755615 0.657421 0.429863 0.545485 0.842125 0.704464 0.290315 0.325419 0.595767 0.621653 0.568769 0.713540 0.609321 0.661877 0.938155 0.882201 0.978426 0.885695 0.866341 0.750965 0.691164 0.597819 0.633888 0.562879 0.691737 0.629195 0.267456 0.268810 0.703874 0.677050 0.497635 0.427049 0.902719 0.969458 0.699198 0.879219 0.785221 0.926896 0.765737 0.984148 0.971261 0.890200 0.821085 0.991890 0.987283 0.900273 0.664889 0.684787 0.996556 0.957405 0.978327 0.912896 0.937614 0.894398 0.961385 0.864982 0.857941 0.858981
0.678638 0.583017 0.338269 0.367736 0.583827 0.921641 0.566792 0.586743 0.720465 0.721690 0.938649 0.623520 0.504364 0.734008 0.582206 0.565305 0.845123 0.800934 0.761255 0.613111 0.637922 0.938756 0.370932 0.351376 0.000000 0.344519 0.521510 0.753174 0.922324 0.866287 0.617492 0.856488 0.534409 0.715920 0.651082 0.707034 0.424425 0.505139 0.701931 0.763690 0.729875 0.847689 0.881827 0.885686 0.983161 0.898507 0.787356 0.904139 0.741616 0.867155 0.804509 0.900186 0.731246 0.602049 0.619387 0.908045 0.684647 0.647966 0.825706 0.757225 0.421440 0.480809 0.987046 0.809149 0.278224 0.330231 0.641965 0.619658 0.483366 0.560503 0.760310 0.614277 0.847336 0.804667 0.966838 0.917364 0.942673 0.812383 0.854502 0.824194 0.808306 0.715175 0.734266 0.738565 0.334700 0.298186 0.803295 0.778537 0.504463 0.392637 0.981347 0.795677 0.779415 0.961298 0.781267 0.935051 0.963266 0.947524 0.871996 0.867742 0.770511 0.864579 0.902798 0.856135 0.754446 0.776685 0.936996 0.929218 0.903512 0.979169 0.977295 0.947994 0.868593 0.766700 0.890814 0.886651
0.838476 0.744636 0.398502 0.508729 0.634878 0.877013 0.555262 0.572165 0.558400 0.946312 0.892845 0.841348 0.736766 0.909771 0.786055 0.813675 0.963305 0.972041 0.917571 0.778413 0.761099 0.973011 0.552416 0.580442 0.344519 0.000000 0.693636 0.763852 0.823002 0.786878 0.557789 0.847116 0.590035 0.758517 0.669030 0.640748 0.511924 0.598095 0.663508 0.729958 0.917754 0.789757 0.867256 0.900949 0.876237 0.966900 0.791009 0.953559 0.860292 0.961299 0.974939 0.975300 0.954859 0.827382 0.569113 0.862701 0.850497 0.807351 0.845728 0.842212 0.494793 0.527857 0.893077 0.966700 0.398122 0.440373 0.584008 0.561896 0.601752 0.679301 0.809007 0.622632 0.779753 0.855077 0.966811 0.964878 0.979476 0.967152 0.954653 0.980294 0.970536 0.918877 0.780219 0.922487 0.507317 0.450165 0.931446 0.880352 0.616671 0.543774 0.916771 0.764849 0.871380 0.933155 0.807918 0.936087 0.966476 0.994181 0.905476 0.908439 0.919447 0.887830 0.858102 0.803412 0.814174 0.777099 0.938710 0.910502 0.874195 0.893631 0.863701 0.968153 0.846551 0.817417 0.918855 0.864726
0.781012 0.713937 0.632416 0.543576 0.633785 0.922284 0.793294 0.759000 0.930256 0.653338 0.957954 0.690726 0.592315 0.652927 0.688782 0.665271 0.871184 0.859125 0.686252 0.676639 0.826119 0.938619 0.536571 0.475636 0.521510 0.693636 0.000000 0.859516 0.902090 0.871519 0.971957 0.935996 0.885114 0.989609 0.876463 0.849334 0.816487 0.691847 0.771378 0.925263 0.932476 0.935000 0.967942 0.962685 0.710879 0.726443 0.878016 0.961504 0.626713 0.831087 0.732173 0.946846 0.735055 0.737431 0.888621 0.942073 0.776258 0.778417 0.987602 0.817356 0.757831 0.795259 0.990385 0.960685 0.549829 0.564130 0.839094 0.839106 0.738137 0.792976 0.845209 0.887553 0.966908 0.949965 0.974376 0.956873 0.892862 0.949436 0.846887 0.827688 0.897541 0.780179 0.893542 0.929138 0.595272 0.563415 0.784794 0.806539 0.836442 0.651187 0.909302 0.922584 0.779366 0.855952 0.921447 0.930349 0.978869 0.983178 0.908512 0.993760 0.834657 0.967196 0.924803 0.937119 0.848337 0.848476 0.998308 0.972534 0.955447 0.898217 0.896578 0.991652 0.926462 0.795608 0.989117 0.839478
0.803099 0.829971 0.801256 0.881119 0.913606 0.924213 0.907172 0.966987 0.956715 0.830981 0.958231 0.962881 0.821767 0.954813 0.861005 0.856902 0.792774 0.918350 0.972969 0.900500 0.635589 0.916119 0.854998 0.806432 0.753174 0.763852 0.859516 0.000000 0.930886 0.969881 0.762942 0.987650 0.835653 0.985619 0.973427 0.753970 0.796606 0.912638 0.873654 0.978819 0.917483 0.841550 0.887734 0.858474 0.939667 0.976634 0.903425 0.957008 0.909718 0.989420 0.982594 0.969553 0.886835 0.792550 0.890170 0.854995 0.832462 0.835879 0.858161 0.813113 0.861094 0.927151 0.981877 0.957164 0.815029 0.812956 0.968408 0.973624 0.739652 0.717860 0.843915 0.965306 0.963837 0.874258 0.969394 0.937922 0.859605 0.966360 0.996605 0.987724 0.896806 0.878991 0.860192 0.992864 0.790269 0.766328 0.907271 0.898444 0.878077 0.725638 0.847137 0.825784 0.854679 0.805924 0.867665 0.747401 0.949679 0.836700 0.854475 0.789869 0.705792 0.894864 0.952740 0.929377 0.972707 0.882629 0.967200 0.968861 0.888191 0.805425 0.849467 0.865463 0.995117 0.930649 0.920954 0.923621
0.697000 0.679551 0.998678 0.899374 0.980894 0.790164 0.774555 0.893470 0.968391 0.963634 0.616801 0.749076 0.767388 0.697003 0.632467 0.698875 0.497580 0.542060 0.604100 0.709447 0.937195 0.985014 0.885404 0.861618 0.922324 0.823002 0.902090 0.930886 0.000000 0.332229 0.902682 0.458055 0.639823 0.540472 0.904720 0.999467 0.944875 0.998497 0.901815 0.992301 0.867394 0.923216 0.498195 0.474626 0.627095 0.578181 0.626838 0.529381 0.718320 0.705538 0.742621 0.757928 0.819865 0.942910 0.814609 0.745759 0.540211 0.651351 0.538759 0.640170 0.777731 0.966189 0.422442 0.493153 0.995468 0.966483 0.706539 0.760779 0.868829 0.975026 0.837043 0.990997 0.926358 0.715881 0.932382 0.950557 0.771008 0.682625 0.531761 0.591434 0.486115 0.639400 0.657541 0.617539 0.791345 0.874287 0.789812 0.721065 0.858405 0.914658 0.973012 0.838519 0.930622 0.984515 0.634295 0.847239 0.598386 0.995764 0.703140 0.670241 0.991276 0.851219 0.736189 0.526398 0.739749 0.739028 0.938543 0.918813 0.836226 0.842766 0.817523 0.686850 0.693446 0.879023 0.781626 0.982802
0.628254 0.620786 0.971479 0.955477 0.917944 0.764231 0.880314 0.948765 0.891798 0.980534 0.469051 0.646551 0.808257 0.658699 0.783803 0.770520 0.506884 0.469975 0.620349 0.642363 0.899622 0.963839 0.984279 0.930113 0.866287 0.786878 0.871519 0.969881 0.332229 0.000000 0.931359 0.623230 0.737424 0.570873 0.874597 0.908614 0.993098 0.952756 0.938341 0.852056 0.845072 0.990119 0.582062 0.553558 0.714224 0.671789 0.688722 0.643048 0.696236 0.734519 0.802075 0.844153 0.935365 0.791921 0.871078 0.776965 0.525480 0.625796 0.541229 0.572925 0.847558 0.939656 0.464220 0.493323 0.926193 0.991535 0.730699 0.799946 0.818134 0.869742 0.944871 0.953830 0.894009 0.741063 0.948947 0.951364 0.896697 0.746021 0.551119 0.572241 0.454310 0.576723 0.659015 0.606093 0.858546 0.922276 0.766767 0.684240 0.871056 0.903068 0.958766 0.836584 0.916310 0.960966 0.711912 0.837203 0.678137 0.873685 0.700135 0.750821 0.949085 0.993329 0.684446 0.560944 0.871222 0.722613 0.841292 0.870831 0.887404 0.872403 0.856433 0.797933 0.800101 0.898930 0.853607 0.943827
0.840699 0.938502 0.696010 0.786939 0.759816 0.927786 0.754205 0.901005 0.578720 0.869219 0.753059 0.848572 0.902040 0.824333 0.765675 0.834386 0.973708 0.841867 0.905727 0.950339 0.856496 0.892532 0.638396 0.785501 0.617492 0.557789 0.971957 0.762942 0.902682 0.931359 0.000000 0.592000 0.626453 0.860943 0.750018 0.970481 0.673180 0.897031 0.699882 0.956718 0.898949 0.866680 0.757797 0.763392 0.762454 0.811576 0.916552 0.925339 0.997066 0.941059 0.866684 0.929210 0.822745 0.908779 0.871272 0.940529 0.968710 0.958437 0.938588 0.933676 0.660065 0.669709 0.969993 0.819888 0.690845 0.811506 0.822012 0.739014 0.890485 0.973688 0.832039 0.785951 0.646592 0.723391 0.851763 0.786270 0.820339 0.604859 0.873369 0.964253 0.954474 0.876008 0.835667 0.997087 0.775268 0.782391 0.885679 0.947983 0.780841 0.838094 0.758662 0.705600 0.793880 0.705864 0.858250 0.921630 0.975992 0.887804 0.863322 0.910994 0.987488 0.895850 0.918742 0.918536 0.877760 0.829558 0.839195 0.968218 0.893221 0.967730 0.917950 0.981294 0.924221 0.951919 0.901431 0.975938
0.854076 0.781587 0.854602 0.769842 0.876126 0.872611 0.659647 0.727929 0.806526 0.874173 0.799505 0.850045 0.797286 0.740879 0.630663 0.683017 0.651476 0.705591 0.679261 0.791386 0.933669 0.949073 0.766557 0.779005 0.856488 0.847116 0.935996 0.987650 0.458055 0.623230 0.592000 0.000000 0.574038 0.534453 0.770191 0.924400 0.776970 0.911791 0.780222 0.911954 0.906982 0.939755 0.523958 0.463805 0.633487 0.607660 0.646216 0.630220 0.815492 0.759963 0.814611 0.789169 0.822274 0.976444 0.690184 0.714418 0.658187 0.750408 0.617840 0.685385 0.670458 0.855311 0.660611 0.592253 0.842487 0.841098 0.655784 0.685697 0.884271 0.957163 0.844394 0.926762 0.794895 0.675743 0.929227 0.965320 0.756623 0.670181 0.594607 0.701778 0.604803 0.740593 0.624653 0.624432 0.713865 0.779648 0.903155 0.689225 0.747724 0.816864 0.966452 0.986554 0.965038 0.983450 0.752834 0.937848 0.765836 0.971606 0.764104 0.679708 0.923827 0.859247 0.731544 0.748164 0.711903 0.687122 0.923248 0.979574 0.760459 0.814700 0.832761 0.768080 0.733929 0.938433 0.783805 0.994305
0.490214 0.446364 0.481613 0.497095 0.797651 0.766765 0.345588 0.462007 0.617468 0.918003 0.673505 0.627497 0.504087 0.631623 0.532261 0.598521 0.464558 0.503794 0.516766 0.470319 0.748837 0.942876 0.571849 0.565085 0.534409 0.590035 0.885114 0.835653 0.639823 0.737424 0.626453 0.574038 0.000000 0.368254 0.546325 0.813329 0.537967 0.604904 0.669366 0.803912 0.697303 0.641639 0.391416 0.411331 0.565038 0.618863 0.452213 0.518276 0.793951 0.693934 0.795890 0.727320 0.937826 0.823179 0.428480 0.572323 0.452115 0.442984 0.400765 0.519671 0.369207 0.652219 0.489325 0.457186 0.490399 0.515122 0.367066 0.394613 0.491742 0.563027 0.565328 0.682089 0.838752 0.704665 0.827392 0.834908 0.600889 0.730130 0.537516 0.642589 0.457454 0.505258 0.553420 0.504682 0.373087 0.421080 0.780471 0.599451 0.502420 0.468491 0.770575 0.913386 0.696205 0.866413 0.677953 0.988388 0.657602 0.887699 0.721476 0.732569 0.908445 0.843519 0.839156 0.724817 0.605312 0.608723 0.913693 0.988761 0.876985 0.825502 0.897443 0.785570 0.733215 0.912606 0.760374 0.974030
0.454212 0.462826 0.644652 0.615737 0.808160 0.689156 0.423225 0.484881 0.849135 0.998195 0.492692 0.516897 0.609391 0.594194 0.592284 0.628074 0.469694 0.403077 0.508492 0.479737 0.721928 0.986389 0.722310 0.658294 0.715920 0.758517 0.989609 0.985619 0.540472 0.570873 0.860943 0.534453 0.368254 0.000000 0.565006 0.753812 0.646015 0.656493 0.753413 0.810780 0.653839 0.705423 0.491883 0.445653 0.554001 0.592686 0.442755 0.552843 0.713715 0.729695 0.824927 0.820690 0.979054 0.716976 0.412838 0.540261 0.415561 0.410787 0.401938 0.493291 0.427830 0.659419 0.440713 0.379248 0.649544 0.601342 0.448801 0.445403 0.525879 0.586975 0.757732 0.814221 0.902515 0.670586 0.869600 0.971357 0.832378 0.762949 0.683853 0.634693 0.350273 0.418127 0.474860 0.410621 0.462525 0.504947 0.655943 0.589673 0.520846 0.582050 0.812270 0.965238 0.733259 0.925531 0.748450 0.955675 0.562443 0.891411 0.637087 0.723013 0.973024 0.876918 0.775895 0.656179 0.641133 0.644566 0.992941 0.957595 0.864414 0.788310 0.875718 0.786946 0.781459 0.985508 0.823146 0.973943
0.769520 0.715593 0.632530 0.609594 0.905636 0.784181 0.563618 0.580112 0.689448 0.891904 0.890013 0.711982 0.881164 0.853291 0.844344 0.866481 0.836243 0.768741 0.768863 0.753097 0.714009 0.981543 0.716408 0.698890 0.651082 0.669030 0.876463 0.973427 0.904720 0.874597 0.750018 0.770191 0.546325 0.565006 0.000000 0.851798 0.739403 0.583674 0.527617 0.763800 0.980287 0.716610 0.753319 0.752648 0.676090 0.794777 0.729343 0.874365 0.878551 0.964024 0.967828 0.951099 0.895727 0.743900 0.526015 0.614321 0.782247 0.770995 0.670393 0.781037 0.543574 0.594374 0.789972 0.665326 0.599545 0.603756 0.451824 0.454157 0.751007 0.876623 0.753723 0.729864 0.824686 0.933273 0.970820 0.923050 0.881567 0.871342 0.758589 0.869864 0.757405 0.747099 0.667354 0.769271 0.605960 0.562070 0.998291 0.763069 0.599326 0.611467 0.972384 0.792319 0.822652 0.963951 0.787232 0.897243 0.738789 0.694720 0.867359 0.880271 0.895774 0.905903 0.960308 0.957982 0.769591 0.768620 0.874946 0.985527 0.953830 0.921813 0.978276 0.817417 0.946680 0.878314 0.844612 0.984244
0.721498 0.825336 0.745854 0.749066 0.791141 0.629320 0.754447 0.742813 0.925168 0.919556 0.784207 0.692202 0.833413 0.795033 0.807598 0.829994 0.940720 0.775672 0.870280 0.790905 0.687451 0.915718 0.843564 0.746021 0.707034 0.640748 0.849334 0.753970 0.999467 0.908614 0.970481 0.924400 0.813329 0.753812 0.851798 0.000000 0.807887 0.722087 0.876952 0.902444 0.965632 0.907994 0.997741 0.938558 0.952283 0.945863 0.919351 0.840379 0.843760 0.828243 0.786406 0.807395 0.717168 0.615980 0.742093 0.958948 0.806210 0.837920 0.887347 0.878754 0.775068 0.833917 0.898581 0.988884 0.675046 0.666500 0.808973 0.816597 0.734978 0.694011 0.971058 0.934839 0.858912 0.990445 0.915055 0.960120 0.883359 0.909726 0.962037 0.764330 0.835450 0.804028 0.859160 0.901005 0.705142 0.660918 0.932137 0.938021 0.798644 0.785598 0.897441 0.875776 0.947569 0.996940 0.930093 0.988154 0.919335 0.958659 0.940673 0.963138 0.954713 0.934026 0.952531 0.844187 0.875277 0.892726 0.994008 0.861584 0.996575 0.883451 0.999126 0.887399 0.856425 0.734746 0.798525 0.852807
0.686505 0.669297 0.453578 0.491580 0.746401 0.962454 0.514849 0.523185 0.775845 0.807375 0.942775 0.652829 0.571304 0.841009 0.704622 0.705870 0.788513 0.800424 0.776321 0.609870 0.766444 0.973852 0.527352 0.584334 0.424425 0.511924 0.816487 0.796606 0.944875 0.993098 0.673180 0.776970 0.537967 0.646015 0.739403 0.807887 0.000000 0.567679 0.769656 0.782427 0.747439 0.847271 0.821929 0.766037 0.867294 0.952628 0.751825 0.803622 0.941231 0.967307 0.937939 0.966636 0.937186 0.838427 0.498857 0.846634 0.708675 0.643192 0.736443 0.803828 0.478121 0.603162 0.867643 0.696148 0.483830 0.503853 0.600112 0.636374 0.535777 0.624912 0.659386 0.527388 0.918122 0.745135 0.990951 0.867502 0.834044 0.835226 0.849978 0.914710 0.702522 0.663274 0.743376 0.645801 0.484610 0.506110 0.812021 0.748953 0.672009 0.554495 0.862089 0.977086 0.790637 0.928784 0.789596 0.910515 0.801110 0.834445 0.953116 0.960529 0.890658 0.964556 0.986904 0.961064 0.784914 0.806839 0.936494 0.889340 0.821478 0.857199 0.964178 0.967361 0.963980 0.902274 0.896622 0.921325
0.603819 0.563830 0.459147 0.452847 0.826351 0.895200 0.571078 0.568036 0.829223 0.988132 0.894738 0.557122 0.641773 0.689897 0.672157 0.710871 0.785862 0.682501 0.729646 0.549524 0.679650 0.919339 0.579450 0.538584 0.505139 0.598095 0.691847 0.912638 0.998497 0.952756 0.897031 0.911791 0.604904 0.656493 0.583674 0.722087 0.567679 0.000000 0.622402 0.685046 0.925562 0.655882 0.831802 0.840345 0.847819 0.917513 0.697781 0.847234 0.969849 0.871887 0.984628 0.933268 0.821244 0.687628 0.539294 0.753121 0.663546 0.592589 0.689139 0.751090 0.499039 0.576363 0.862851 0.676113 0.480379 0.499782 0.589082 0.552871 0.557239 0.632336 0.765939 0.672496 0.834677 0.834085 0.987795 0.962086 0.736270 0.961169 0.820944 0.827590 0.689852 0.652321 0.801465 0.717042 0.497262 0.469189 0.758578 0.750756 0.612275 0.472042 0.804336 0.920261 0.708651 0.864616 0.972663 0.929822 0.844868 0.840823 0.839141 0.852918 0.952363 0.973006 0.874828 0.914693 0.704089 0.774981 0.892579 0.961324 0.938372 0.881184 0.853328 0.917101 0.828128 0.894386 0.895584 0.960158
