0.000000 0.396972 0.895963 0.723041 0.987037 0.807877 0.877430 0.815597 0.595546 0.825023 0.463086 0.430785 0.573268 0.463568 0.765814 0.843948 0.473161 0.360209 0.489248 0.388388 0.738845 0.976143 0.756543 0.708981 0.887802 0.956912 0.909745 0.835300 0.690378 0.630873 0.946651 0.801154 0.560475 0.607313 0.993687 0.971298 0.917138 0.888469 0.791379 0.911411 0.864477 0.866325 0.829035 0.858233 0.967455 0.893430 0.807193 0.692767 0.856438 0.830206 0.988249 0.941002 0.849475 0.713768 0.721219 0.762527 0.326859 0.360520 0.605639 0.615131 0.766477 0.937583 0.492579 0.484552 0.978585 0.949849 0.734528 0.822981 0.391593 0.573762 0.878850 0.837436 0.825054 0.817491 0.788531 0.812219 0.884549 0.883353 0.707139 0.622701 0.426723 0.464579 0.486778 0.459134 0.523868 0.576770 0.880750 0.769958 0.833493 0.590252 0.751477 0.664683 0.814881 0.709872 0.907916 0.888968 0.945704 0.915877 0.953440 0.949355 0.966194 0.938573 0.875299 0.660633 0.909983 0.660021 0.875439 0.951856 0.966993 0.748888 0.942265 0.920371 0.931508 0.773071 0.924425 0.750371
0.396972 0.000000 0.807945 0.580548 0.928443 0.833262 0.770774 0.642030 0.822213 0.982324 0.669612 0.473903 0.688708 0.528564 0.767892 0.767194 0.564034 0.498331 0.533735 0.443655 0.859059 0.890926 0.761578 0.726911 0.886306 0.874085 0.880135 0.830839 0.747713 0.762826 0.849489 0.849539 0.607616 0.568281 0.954404 0.969111 0.787764 0.773577 0.685456 0.953445 0.891953 0.813480 0.932515 0.714502 0.956352 0.812610 0.756622 0.677595 0.778794 0.732669 0.874286 0.815464 0.981205 0.883330 0.780410 0.690074 0.308591 0.296580 0.678288 0.742134 0.796346 0.883526 0.639374 0.569663 0.866624 0.965786 0.788132 0.834141 0.498561 0.511463 0.931256 0.976250 0.823918 0.747439 0.819596 0.828541 0.718263 0.889382 0.670499 0.632750 0.475855 0.544238 0.590525 0.525172 0.616690 0.691931 0.960002 0.904220 0.804118 0.614604 0.914186 0.818542 0.959566 0.847315 0.803742 0.994851 0.954320 0.925141 0.986059 0.931957 0.915471 0.926712 0.918838 0.737448 0.944275 0.720178 0.945164 0.934369 0.964181 0.711063 0.854392 0.959944 0.949086 0.690498 0.935635 0.777926
0.895963 0.807945 0.000000 0.514553 0.982238 0.804649 0.793474 0.733403 0.664640 0.960006 0.967329 0.860615 0.618485 0.862888 0.612200 0.557191 0.861870 0.922567 0.898017 0.853589 0.753583 0.936464 0.643032 0.666877 0.524752 0.571786 0.776356 0.908127 0.968416 0.995939 0.714105 0.704237 0.955912 0.930022 0.758604 0.894830 0.636756 0.792053 0.829323 0.752063 0.880284 0.828289 0.848160 0.858028 0.881079 0.900759 0.947800 0.974010 0.852324 0.971841 0.932939 0.985292 0.918087 0.915116 0.958163 0.891467 0.872729 0.842867 0.963913 0.939690 0.817074 0.582539 0.825736 0.898187 0.485202 0.562722 0.988141 0.935785 0.808768 0.872126 0.710227 0.766363 0.832088 0.865377 0.981647 0.992910 0.675988 0.808720 0.909130 0.806441 0.906202 0.956077 0.952522 0.991859 0.899320 0.764841 0.849189 0.744636 0.759602 0.877302 0.962331 0.972665 0.930930 0.963346 0.811390 0.812358 0.754017 0.922896 0.950052 0.851251 0.678817 0.933874 0.889450 0.870852 0.975716 0.864263 0.847632 0.960974 0.859332 0.925188 0.986679 0.887533 0.906372 0.797443 0.628750 0.959524
0.723041 0.580548 0.514553 0.000000 0.977492 0.978141 0.793765 0.490581 0.923334 0.993212 0.935264 0.614205 0.714247 0.659062 0.755202 0.566168 0.956967 0.845948 0.756696 0.798256 0.670286 0.824157 0.690858 0.535600 0.521472 0.536289 0.733450 0.996376 0.920795 0.962640 0.778351 0.727101 0.833736 0.807072 0.831831 0.922679 0.607550 0.676246 0.668682 0.829556 0.941914 0.740505 0.990609 0.847145 0.741345 0.838117 0.966622 0.993555 0.779189 0.915410 0.859829 0.909927 0.823424 0.799787 0.984002 0.973401 0.614361 0.599442 0.968061 0.912836 0.892234 0.649906 0.989531 0.866229 0.594540 0.648970 0.993685 0.998381 0.676072 0.725632 0.854418 0.838594 0.976251 0.990147 0.978006 0.975709 0.752616 0.940416 0.856835 0.945928 0.982298 0.907738 0.844439 0.828019 0.929569 0.691224 0.963967 0.856098 0.777076 0.695320 0.863632 0.761686 0.954046 0.887779 0.863776 0.789413 0.970026 0.833949 0.921587 0.959276 0.758161 0.866010 0.844648 0.969585 0.835009 0.782154 0.872844 0.998305 0.967569 0.883870 0.933019 0.806444 0.907308 0.746178 0.717694 0.889403
0.987037 0.928443 0.982238 0.977492 0.000000 0.934469 0.809528 0.931134 0.969210 0.909625 0.878869 0.857718 0.801716 0.910332 0.872330 0.908822 0.955410 0.925881 0.869900 0.953125 0.933246 0.974094 0.798282 0.949438 0.938428 0.993953 0.954171 0.935389 0.912033 0.878843 0.741570 0.944491 0.901031 0.847216 0.944894 0.767698 0.990574 0.873450 0.983027 0.955723 0.923744 0.842724 0.932428 0.901131 0.949757 0.968288 0.952824 0.935848 0.986979 0.976158 0.972784 0.962040 0.885658 0.863672 0.865842 0.994685 0.808415 0.917299 0.862829 0.919383 0.781391 0.868934 0.880596 0.918624 0.984491 0.866174 0.812758 0.746621 0.984596 0.839682 0.797606 0.834396 0.825282 0.759110 0.950029 0.990103 0.997444 0.783019 0.975158 0.961748 0.953114 0.925284 0.978979 0.982149 0.920233 0.895580 0.950132 0.909095 0.835814 0.930881 0.989042 0.930600 0.955910 0.900896 0.979495 0.899653 0.968189 0.961160 0.889564 0.769127 0.848674 0.759831 0.822587 0.865575 0.757692 0.735087 0.985178 0.974898 0.885625 0.941665 0.896362 0.916265 0.975178 0.795703 0.847445 0.894428
0.807877 0.833262 0.804649 0.978141 0.934469 0.000000 0.943272 0.947904 0.725562 0.877960 0.928816 0.865638 0.968375 0.796679 0.931055 0.854523 0.800152 0.773177 0.778181 0.864905 0.907820 0.889390 0.927129 0.935527 0.918248 0.844111 0.874763 0.753706 0.912794 0.964307 0.873512 0.978292 0.851922 0.891074 0.934222 0.882949 0.886545 0.939031 0.933411 0.815992 0.729649 0.813039 0.887392 0.944533 0.877955 0.840596 0.795584 0.807332 0.822909 0.818788 0.858922 0.888625 0.991867 0.947186 0.940519 0.725533 0.743570 0.795074 0.843968 0.956225 0.999140 0.802353 0.786829 0.839135 0.928773 0.795905 0.843139 0.920304 0.889600 0.930485 0.788631 0.792287 0.700913 0.748274 0.943704 0.813704 0.931147 0.776834 0.877209 0.954084 0.776176 0.815102 0.820936 0.744448 0.765770 0.827408 0.730353 0.881133 0.957309 0.749132 0.969189 0.929479 0.989958 0.850050 0.978495 0.963128 0.862819 0.910771 0.969768 0.996492 0.984538 0.911361 0.967363 0.775393 0.953209 0.974200 0.932632 0.834354 0.857233 0.911558 0.948741 0.975120 0.956412 0.995982 0.937601 0.813556
0.877430 0.770774 0.793474 0.793765 0.809528 0.943272 0.000000 0.341501 0.772568 0.468076 0.859911 0.657355 0.623255 0.849463 0.796719 0.910365 0.746086 0.787146 0.653990 0.955950 0.862468 0.920206 0.759818 0.806306 0.721671 0.861735 0.815523 0.646045 0.733684 0.770529 0.589837 0.871094 0.581702 0.484237 0.867132 0.861331 0.955669 0.774591 0.831254 0.824991 0.903042 0.950588 0.466882 0.450817 0.561160 0.598215 0.667924 0.687131 0.639847 0.615687 0.539480 0.550259 0.590449 0.582370 0.880871 0.792588 0.824505 0.739835 0.455653 0.583386 0.338928 0.516252 0.581108 0.535976 0.857089 0.948507 0.421510 0.467793 0.989599 0.991636 0.543337 0.574912 0.864117 0.845784 0.887555 0.834113 0.529061 0.876324 0.618038 0.880904 0.856011 0.875806 0.987435 0.905320 0.948085 0.801122 0.997355 0.730703 0.931449 0.981765 0.610954 0.627135 0.664696 0.717872 0.746239 0.842013 0.622853 0.699562 0.428690 0.443937 0.689855 0.626359 0.660723 0.632199 0.685254 0.720562 0.727565 0.643579 0.761588 0.836247 0.630113 0.615074 0.520387 0.769706 0.610171 0.998742
0.815597 0.642030 0.733403 0.490581 0.931134 0.947904 0.341501 0.000000 0.829945 0.558406 0.899331 0.559523 0.652816 0.731272 0.820363 0.719951 0.776069 0.775087 0.682569 0.910219 0.982065 0.827791 0.773894 0.967526 0.958087 0.947730 0.987176 0.774159 0.880523 0.847795 0.633575 0.852984 0.659654 0.531329 0.900887 0.907951 0.899431 0.986902 0.939640 0.900524 0.878429 0.840498 0.608585 0.523142 0.802205 0.800039 0.815001 0.832150 0.855924 0.786720 0.731827 0.741179 0.763129 0.764524 0.990708 0.871172 0.688215 0.637900 0.573379 0.675946 0.461411 0.457715 0.679955 0.572622 0.975467 0.864419 0.578195 0.628734 0.939144 0.836187 0.600709 0.625671 0.920193 0.923427 0.913187 0.882001 0.589063 0.890540 0.628173 0.929251 0.925314 0.910345 0.957495 0.959341 0.907022 0.949803 0.916204 0.692494 0.815037 0.933525 0.775917 0.873103 0.758186 0.871264 0.814668 0.922733 0.732336 0.704381 0.647715 0.585273 0.858511 0.855844 0.865042 0.720160 0.686714 0.781059 0.711441 0.684172 0.839813 0.807323 0.695652 0.835269 0.609891 0.716126 0.639659 0.921215
0.595546 0.822213 0.664640 0.923334 0.969210 0.725562 0.772568 0.829945 0.000000 0.657230 0.732248 0.818868 0.989125 0.682511 0.772863 0.861703 0.672051 0.617799 0.848421 0.724122 0.988519 0.838443 0.874272 0.810235 0.955570 0.876365 0.935130 0.962599 0.907987 0.804086 0.689841 0.931164 0.943862 0.921334 0.849335 0.855436 0.922468 0.935607 0.862618 0.941350 0.910503 0.947452 0.575779 0.780298 0.899252 0.996739 0.973167 0.879784 0.964373 0.962975 0.913280 0.930035 0.836340 0.799976 0.772572 0.792211 0.696413 0.741171 0.841050 0.891022 0.889951 0.651784 0.718751 0.753923 0.808402 0.834962 0.921230 0.968940 0.729449 0.609179 0.528243 0.575648 0.731307 0.779891 0.904565 0.775883 0.740817 0.655448 0.898355 0.877631 0.634686 0.651856 0.626470 0.599615 0.731933 0.671276 0.655699 0.629748 0.919807 0.683886 0.663029 0.680031 0.799390 0.739964 0.996247 0.786407 0.822951 0.946438 0.746214 0.669006 0.984528 0.850036 0.971923 0.796268 0.915784 0.971952 0.704686 0.804035 0.866344 0.925437 0.942872 0.912896 0.760231 0.858726 0.733375 0.749174
0.825023 0.982324 0.960006 0.993212 0.909625 0.877960 0.468076 0.558406 0.657230 0.000000 0.979219 0.937205 0.965251 0.843504 0.910480 0.980802 0.922582 0.938485 0.934905 0.779909 0.815636 0.908769 0.973023 0.627641 0.631176 0.783970 0.692691 0.748390 0.839586 0.924634 0.567638 0.842657 0.725693 0.682894 0.941273 0.956570 0.859732 0.680037 0.797790 0.794526 0.957171 0.941642 0.460040 0.530159 0.569878 0.595058 0.690717 0.834663 0.633643 0.699199 0.555506 0.577411 0.539795 0.572411 0.926688 0.975048 0.960130 0.999816 0.637497 0.816825 0.553165 0.628031 0.787052 0.730435 0.734495 0.756783 0.661528 0.688320 0.753983 0.804554 0.577530 0.602893 0.893456 0.821542 0.988334 0.782021 0.596423 0.821647 0.736889 0.950460 0.916518 0.538999 0.736026 0.601493 0.624382 0.505593 0.793210 0.492808 0.831190 0.678133 0.711708 0.668757 0.797177 0.805250 0.969906 0.963881 0.723851 0.803071 0.513204 0.612283 0.755267 0.728186 0.698333 0.770404 0.812564 0.920638 0.812308 0.728699 0.759163 0.909681 0.744455 0.700850 0.575102 0.928085 0.802928 0.908262
0.463086 0.669612 0.967329 0.935264 0.878869 0.928816 0.859911 0.899331 0.732248 0.979219 0.000000 0.532507 0.646849 0.562052 0.818073 0.918170 0.433523 0.396367 0.641762 0.468479 0.852418 0.970580 0.907613 0.997597 0.960240 0.916481 0.995424 0.875702 0.569903 0.456724 0.825631 0.811830 0.622941 0.649820 0.821109 0.989747 0.985871 0.982764 0.913828 0.997045 0.822528 0.835842 0.782685 0.966852 0.861349 0.917931 0.951804 0.913457 0.986836 0.951625 0.847507 0.889824 0.781839 0.721476 0.855450 0.938642 0.607183 0.600083 0.781431 0.781471 0.777205 0.981744 0.484730 0.471542 0.764632 0.866939 0.903089 0.944582 0.450216 0.673186 0.962577 0.921704 0.864236 0.832442 0.834653 0.841508 0.904890 0.829441 0.708425 0.808567 0.556005 0.700480 0.622995 0.632161 0.822875 0.871501 0.942775 0.900596 0.992260 0.903400 0.733326 0.678277 0.708637 0.776987 0.967167 0.774128 0.951881 0.939820 0.860209 0.867247 0.934490 0.994892 0.922199 0.665439 0.881412 0.596946 0.922356 0.994376 0.974504 0.859006 0.992946 0.911292 0.954106 0.975242 0.980520 0.757429
0.430785 0.473903 0.860615 0.614205 0.857718 0.865638 0.657355 0.559523 0.818868 0.937205 0.532507 0.000000 0.462402 0.393286 0.636449 0.641593 0.468298 0.375930 0.415275 0.463773 0.820992 0.945895 0.605970 0.782605 0.940014 0.971083 0.909550 0.741086 0.629986 0.551577 0.690751 0.662575 0.505460 0.501735 0.934811 0.984957 0.835441 0.894285 0.903478 0.975196 0.847720 0.898115 0.948344 0.714348 0.992598 0.917406 0.762077 0.722654 0.914735 0.927177 0.960983 0.942632 0.924172 0.853748 0.795641 0.781757 0.437148 0.430224 0.589075 0.706243 0.584090 0.770484 0.436201 0.384709 0.953524 0.996870 0.690596 0.751953 0.519068 0.700464 0.873777 0.840880 0.971456 0.998575 0.858464 0.995305 0.759104 0.925941 0.556644 0.730559 0.521231 0.637105 0.573685 0.586477 0.696942 0.750901 0.948228 0.970404 0.812004 0.718937 0.868805 0.730999 0.879795 0.796541 0.868211 0.883726 0.975622 0.867679 0.932596 0.897990 0.939814 0.997095 0.875895 0.595295 0.684085 0.577753 0.952961 0.895509 0.889674 0.720774 0.893927 0.995645 0.899195 0.820787 0.741433 0.770809
0.573268 0.688708 0.618485 0.714247 0.801716 0.968375 0.623255 0.652816 0.989125 0.965251 0.646849 0.462402 0.000000 0.499020 0.491322 0.574027 0.717459 0.602786 0.493111 0.603023 0.822167 0.930792 0.468605 0.730550 0.814689 0.905909 0.913139 0.679002 0.718190 0.673415 0.624966 0.631070 0.566715 0.592080 0.827948 0.985690 0.918586 0.987313 0.957195 0.974785 0.921262 0.999503 0.807312 0.686378 0.873278 0.822420 0.687954 0.669754 0.868046 0.832705 0.869046 0.801420 0.974240 0.990195 0.803397 0.854239 0.656696 0.644249 0.617907 0.626777 0.480580 0.656959 0.602172 0.603207 0.803922 0.804048 0.640252 0.604998 0.672982 0.817511 0.802175 0.818856 0.891924 0.902921 0.953994 0.972539 0.762063 0.826788 0.765708 0.655870 0.722153 0.733497 0.751302 0.684091 0.627734 0.651405 0.880658 0.979165 0.702171 0.727945 0.932771 0.912388 0.903092 0.878154 0.843882 0.872761 0.758700 0.856698 0.810944 0.764511 0.998780 0.789713 0.794763 0.660415 0.766863 0.639747 0.928599 0.993132 0.820251 0.799501 0.783427 0.996829 0.830770 0.737516 0.596697 0.960806
0.463568 0.528564 0.862888 0.659062 0.910332 0.796679 0.849463 0.731272 0.682511 0.843504 0.562052 0.393286 0.499020 0.000000 0.640007 0.604291 0.534289 0.397208 0.454385 0.447786 0.821132 0.964802 0.646124 0.641490 0.822611 0.950439 0.929499 0.762823 0.709014 0.533820 0.850441 0.710000 0.550723 0.629783 0.963546 0.847777 0.735929 0.792152 0.784319 0.887651 0.925998 0.920914 0.927206 0.858326 0.927654 0.997449 0.889167 0.794099 0.983224 0.982114 0.963202 0.980050 0.855945 0.848968 0.809045 0.772222 0.471273 0.486505 0.753602 0.857977 0.730869 0.791636 0.565551 0.524776 0.948212 0.866714 0.814277 0.843841 0.581106 0.647208 0.986811 0.988237 0.970134 0.956448 0.931345 0.851702 0.919967 0.936269 0.742411 0.698023 0.512572 0.546100 0.466456 0.437727 0.626370 0.552660 0.804308 0.817450 0.633265 0.645547 0.774673 0.653018 0.786456 0.724411 0.881291 0.905516 0.964345 0.890352 0.904270 0.957167 0.908533 0.985404 0.980605 0.623908 0.845279 0.726465 0.884977 0.992976 0.952514 0.833309 0.930556 0.989213 0.918785 0.817283 0.848904 0.782804
0.765814 0.767892 0.612200 0.755202 0.872330 0.931055 0.796719 0.820363 0.772863 0.910480 0.818073 0.636449 0.491322 0.640007 0.000000 0.427980 0.813649 0.777494 0.573671 0.702035 0.796516 0.914283 0.462861 0.738339 0.819946 0.971117 0.947098 0.791625 0.611446 0.599570 0.493435 0.579119 0.592266 0.659493 0.799984 0.940445 0.741364 0.994349 0.940618 0.889453 0.984477 0.908375 0.749714 0.679310 0.925265 0.891412 0.693499 0.671014 0.944155 0.952969 0.923545 0.827397 0.984001 0.969699 0.908378 0.931953 0.784872 0.807618 0.811773 0.861399 0.623699 0.699069 0.763927 0.744267 0.785983 0.810269 0.839649 0.768625 0.811100 0.996047 0.691635 0.763366 0.789478 0.879370 0.930756 0.982726 0.737311 0.678106 0.798917 0.717644 0.781905 0.862157 0.770352 0.852173 0.735173 0.772211 0.971111 0.890418 0.868142 0.945047 0.846635 0.823358 0.707508 0.768821 0.884551 0.943600 0.974090 0.985632 0.922004 0.830641 0.818860 0.862725 0.922570 0.824446 0.931234 0.600517 0.956558 0.966024 0.756440 0.837526 0.931830 0.950205 0.989202 0.820780 0.563653 0.975000
0.843948 0.767194 0.557191 0.566168 0.908822 0.854523 0.910365 0.719951 0.861703 0.980802 0.918170 0.641593 0.574027 0.604291 0.427980 0.000000 0.912743 0.863845 0.717095 0.740332 0.772528 0.987085 0.493305 0.596727 0.604756 0.799364 0.865729 0.899016 0.814689 0.720151 0.565181 0.585884 0.779057 0.765435 0.877618 0.993400 0.618865 0.762373 0.697621 0.832707 0.832559 0.911909 0.880382 0.842870 0.838332 0.888665 0.899836 0.921910 0.785621 0.813675 0.870480 0.961160 0.857370 0.857888 0.998515 0.881960 0.820852 0.860708 0.953348 0.961026 0.748696 0.595785 0.977417 0.885039 0.619131 0.576921 0.997458 0.872234 0.839070 0.858403 0.696534 0.817385 0.691457 0.879562 0.986395 0.963504 0.855097 0.739946 0.899844 0.785922 0.955526 0.918626 0.741567 0.855855 0.877269 0.683923 0.945136 0.838043 0.775337 0.890050 0.692407 0.627575 0.640683 0.641653 0.950467 0.918374 0.927433 0.996509 0.871469 0.975938 0.675213 0.989209 0.801540 0.975905 0.985360 0.778447 0.975389 0.924441 0.823010 0.885229 0.950524 0.806544 0.948679 0.917506 0.620141 0.964020
0.473161 0.564034 0.861870 0.956967 0.955410 0.800152 0.746086 0.776069 0.672051 0.922582 0.433523 0.468298 0.717459 0.534289 0.813649 0.912743 0.000000 0.287512 0.531436 0.465536 0.946858 0.958484 0.923762 0.917675 0.750846 0.665468 0.913250 0.799603 0.420692 0.372666 0.834166 0.842678 0.479263 0.491518 0.808299 0.900445 0.968959 0.978817 0.994081 0.986790 0.787586 0.835220 0.952132 0.756759 0.881711 0.797206 0.754139 0.689156 0.763681 0.784089 0.851091 0.817373 0.964717 0.973718 0.850457 0.728034 0.453977 0.455043 0.573055 0.769876 0.666715 0.942520 0.320530 0.307002 0.624080 0.662830 0.667288 0.791029 0.544597 0.659704 0.979217 0.939625 0.959327 0.994718 0.755589 0.894750 0.853744 0.994011 0.539229 0.771030 0.401371 0.707411 0.571439 0.671560 0.797803 0.919434 0.967765 0.908291 0.963642 0.887308 0.842054 0.739585 0.790521 0.751402 0.891153 0.707938 0.947761 0.861084 0.935204 0.970139 0.884844 0.970187 0.782344 0.495320 0.838458 0.667140 0.951699 0.889344 0.885656 0.790638 0.964731 0.874744 0.931419 0.944661 0.977515 0.756956
0.360209 0.498331 0.922567 0.845948 0.925881 0.773177 0.787146 0.775087 0.617799 0.938485 0.396367 0.375930 0.602786 0.397208 0.777494 0.863845 0.287512 0.000000 0.427986 0.390704 0.927676 0.941024 0.825675 0.899427 0.890369 0.815626 0.960758 0.838811 0.490945 0.415010 0.895156 0.803000 0.467294 0.486077 0.846383 0.926814 0.951832 0.945081 0.916138 0.957534 0.819118 0.817538 0.873782 0.850653 0.986640 0.899177 0.837134 0.747234 0.856379 0.891092 0.975921 0.951094 0.910145 0.845012 0.838841 0.724736 0.394108 0.399702 0.574678 0.724813 0.682111 0.982630 0.336288 0.328296 0.769834 0.828829 0.701638 0.781549 0.439839 0.578693 0.971799 0.912474 0.978126 0.981392 0.771127 0.859870 0.968191 0.991442 0.530783 0.725834 0.343189 0.523793 0.508867 0.481515 0.664441 0.752253 0.853492 0.794387 0.929261 0.747411 0.802880 0.672263 0.776676 0.724241 0.863864 0.801423 0.912520 0.821328 0.996576 0.972033 0.963126 0.960578 0.873780 0.518734 0.811860 0.613608 0.888809 0.925367 0.973779 0.824746 0.999061 0.929967 0.989980 0.861028 0.961740 0.733598
0.489248 0.533735 0.898017 0.756696 0.869900 0.778181 0.653990 0.682569 0.848421 0.934905 0.641762 0.415275 0.493111 0.454385 0.573671 0.717095 0.531436 0.427986 0.000000 0.476967 0.891237 0.971349 0.471357 0.766687 0.989952 0.855821 0.985179 0.695793 0.581852 0.565681 0.647613 0.630969 0.410999 0.481918 0.962244 0.886506 0.871660 0.906968 0.926999 0.932871 0.987405 0.986499 0.768918 0.605613 0.771463 0.672038 0.540257 0.497477 0.702988 0.719867 0.779146 0.719017 0.945533 0.991827 0.821060 0.678517 0.501468 0.508409 0.476384 0.573799 0.536585 0.829655 0.438352 0.436288 0.999724 0.972325 0.560620 0.531697 0.647435 0.791665 0.892914 0.922216 0.917111 0.909159 0.804781 0.910613 0.837275 0.993063 0.606579 0.750801 0.518032 0.651492 0.575545 0.552170 0.539084 0.673708 0.797495 0.856086 0.835284 0.672888 0.936898 0.828853 0.867861 0.786882 0.765391 0.814611 0.949118 0.836348 0.814120 0.764088 0.978936 0.958640 0.809152 0.541366 0.780101 0.567570 0.938165 0.999808 0.850051 0.761456 0.848715 0.843958 0.847259 0.763468 0.764326 0.872314
0.388388 0.443655 0.853589 0.798256 0.953125 0.864905 0.955950 0.910219 0.724122 0.779909 0.468479 0.463773 0.603023 0.447786 0.702035 0.740332 0.465536 0.390704 0.476967 0.000000 0.831497 0.942515 0.705099 0.686963 0.856643 0.974395 0.785201 0.834669 0.601804 0.555379 0.846660 0.783738 0.621096 0.658817 0.943716 0.970757 0.812394 0.801250 0.772507 0.883465 0.842345 0.815614 0.846774 0.941474 0.880887 0.990332 0.826733 0.756253 0.976553 0.950317 0.890269 0.949039 0.764813 0.643610 0.779508 0.808364 0.422348 0.437617 0.761010 0.761608 0.851266 0.986196 0.585400 0.565124 0.932447 0.988158 0.874974 0.863380 0.433545 0.558890 0.906474 0.846850 0.948007 0.925345 0.756208 0.761214 0.891896 0.950700 0.770532 0.704348 0.465270 0.463948 0.525720 0.416820 0.540476 0.587774 0.965977 0.774631 0.861415 0.651887 0.715129 0.605065 0.693672 0.643886 0.847428 0.841817 0.917891 0.965544 0.824949 0.865544 0.835898 0.841039 0.996031 0.749837 0.947935 0.682815 0.843989 0.910182 0.881169 0.789389 0.985641 0.907491 0.893068 0.895062 0.984628 0.753764
0.738845 0.859059 0.753583 0.670286 0.933246 0.907820 0.862468 0.982065 0.988519 0.815636 0.852418 0.820992 0.822167 0.821132 0.796516 0.772528 0.946858 0.927676 0.891237 0.831497 0.000000 0.971745 0.783578 0.722306 0.625146 0.789877 0.911868 0.924595 0.974021 0.985106 0.949387 0.739150 0.931563 0.994223 0.948529 0.825214 0.814815 0.774544 0.804956 0.807030 0.888705 0.833579 0.815094 0.992236 0.774319 0.830117 0.977144 0.966754 0.818886 0.871598 0.795026 0.845298 0.782235 0.696763 0.973948 0.850061 0.752332 0.799240 0.926202 0.942088 0.935289 0.984986 0.980200 0.971756 0.737732 0.830840 0.906094 0.822608 0.691150 0.918993 0.868972 0.926509 0.889774 0.918542 0.922924 0.915058 0.941905 0.830884 0.909701 0.949599 0.950099 0.843109 0.788941 0.868628 0.825291 0.717105 0.895519 0.971946 0.887062 0.846884 0.791421 0.678928 0.813492 0.801928 0.967354 0.896742 0.959337 0.905913 0.854642 0.885677 0.732797 0.794493 0.896560 0.979710 0.982095 0.916360 0.942939 0.849270 0.961203 0.908082 0.869351 0.664613 0.805595 0.850641 0.746391 0.845719
0.976143 0.890926 0.936464 0.824157 0.974094 0.889390 0.920206 0.827791 0.838443 0.908769 0.970580 0.945895 0.930792 0.964802 0.914283 0.987085 0.958484 0.941024 0.971349 0.942515 0.971745 0.000000 0.933467 0.966852 0.935349 0.988798 0.988343 0.981326 0.888293 0.985245 0.897954 0.991253 0.932991 0.992078 0.817022 0.825860 0.888216 0.999440 0.853075 0.858600 0.848297 0.959718 0.895557 0.818165 0.913995 0.925398 0.989347 0.989950 0.905807 0.865702 0.880968 0.890269 0.912420 0.848770 0.865225 0.884964 0.935497 0.917428 0.972866 0.960899 0.949106 0.907507 0.980072 0.992223 0.978995 0.988090 0.991812 0.982406 0.915657 0.947686 0.984626 0.972094 0.878505 0.920458 0.940938 0.954217 0.885642 0.882209 0.922658 0.982665 0.957956 0.951914 0.940711 0.995772 0.992451 0.993501 0.912773 0.956194 0.963640 0.952761 0.921482 0.957098 0.888550 0.987187 0.978796 0.947220 0.873600 0.906736 0.978686 0.815616 0.994229 0.888231 0.935571 0.958149 0.967576 0.928579 0.868496 0.845856 0.966936 0.989012 0.981875 0.807311 0.917260 0.859896 0.957388 0.969588
0.756543 0.761578 0.643032 0.690858 0.798282 0.927129 0.759818 0.773894 0.874272 0.973023 0.907613 0.605970 0.468605 0.646124 0.462861 0.493305 0.923762 0.825675 0.471357 0.705099 0.783578 0.933467 0.000000 0.586674 0.694659 0.896438 0.899305 0.706167 0.792576 0.801680 0.494385 0.461922 0.626495 0.741112 0.862437 0.985178 0.839637 0.962580 0.914391 0.961006 0.919683 0.939889 0.743193 0.697734 0.920362 0.837167 0.582884 0.627821 0.938358 0.931092 0.940285 0.843499 0.940862 0.938054 0.919901 0.895737 0.811301 0.828625 0.716376 0.737249 0.631546 0.701025 0.818257 0.797108 0.644799 0.736419 0.701010 0.617263 0.838203 0.965950 0.766726 0.808133 0.853282 0.967103 0.965937 0.933221 0.783591 0.888830 0.900327 0.823323 0.890447 0.827310 0.689503 0.742212 0.565877 0.601677 0.921317 0.933411 0.803734 0.639164 0.876375 0.842328 0.828025 0.856054 0.795081 0.911963 0.964073 0.914513 0.872927 0.756551 0.924930 0.897942 0.942729 0.840386 0.891596 0.672705 0.901840 0.933488 0.844974 0.897896 0.829417 0.972092 0.874385 0.894808 0.535995 0.985642
0.708981 0.726911 0.666877 0.535600 0.949438 0.935527 0.806306 0.967526 0.810235 0.627641 0.997597 0.782605 0.730550 0.641490 0.738339 0.596727 0.917675 0.899427 0.766687 0.686963 0.722306 0.966852 0.586674 0.000000 0.395967 0.568339 0.651357 0.983096 0.891164 0.964317 0.974408 0.733005 0.991958 0.967787 0.813183 0.978897 0.731941 0.662473 0.610112 0.737074 0.925481 0.910533 0.812469 0.922667 0.689062 0.800536 0.989740 0.939097 0.743832 0.843971 0.722001 0.795506 0.677202 0.629425 0.952772 0.943979 0.746434 0.793866 0.938352 0.920514 0.882577 0.882704 0.873884 0.900200 0.470591 0.534244 0.933896 0.994572 0.723064 0.742078 0.896721 0.863145 0.868751 0.894007 0.997786 0.860234 0.979398 0.922446 0.891899 0.886598 0.979188 0.687586 0.698360 0.643651 0.601561 0.353689 0.868834 0.759815 0.673573 0.476596 0.676066 0.617542 0.762885 0.729609 0.893687 0.827015 0.886061 0.981956 0.727424 0.843098 0.644325 0.786299 0.792054 0.910981 0.970749 0.888444 0.781721 0.718643 0.956590 0.884022 0.980024 0.684065 0.776782 0.932862 0.868332 0.879221
0.887802 0.886306 0.524752 0.521472 0.938428 0.918248 0.721671 0.958087 0.955570 0.631176 0.960240 0.940014 0.814689 0.822611 0.819946 0.604756 0.750846 0.890369 0.989952 0.856643 0.625146 0.935349 0.694659 0.395967 0.000000 0.385290 0.593739 0.815445 0.752786 0.843168 0.922648 0.741027 0.825600 0.806005 0.868403 0.856736 0.670130 0.613064 0.605801 0.696252 0.893399 0.853612 0.736910 0.796202 0.522403 0.614772 0.831609 0.873988 0.526071 0.658299 0.569102 0.640421 0.604247 0.565526 0.935369 0.811723 0.923136 0.962023 0.678897 0.916886 0.762309 0.874648 0.651877 0.714189 0.378868 0.481097 0.721969 0.805503 0.749993 0.886054 0.989198 0.917334 0.980363 0.964537 0.939724 0.869536 0.978551 0.930565 0.676646 0.991279 0.782621 0.891306 0.858338 0.847840 0.822005 0.483187 0.967599 0.970786 0.707189 0.677274 0.631575 0.627131 0.701664 0.785318 0.977128 0.772145 0.927819 0.861621 0.637494 0.769462 0.572090 0.778410 0.728875 0.750726 0.887578 0.926677 0.935304 0.715172 0.967738 0.997591 0.947251 0.525617 0.805085 0.981496 0.826140 0.976077
0.956912 0.874085 0.571786 0.536289 0.993953 0.844111 0.861735 0.947730 0.876365 0.783970 0.916481 0.971083 0.905909 0.950439 0.971117 0.799364 0.665468 0.815626 0.855821 0.974395 0.789877 0.988798 0.896438 0.568339 0.385290 0.000000 0.694832 0.825773 0.688498 0.721079 0.985066 0.966104 0.743572 0.777389 0.851802 0.838887 0.734641 0.614915 0.647652 0.914656 0.983373 0.773985 0.833393 0.780640 0.597116 0.630568 0.735349 0.752527 0.612455 0.752795 0.639969 0.678635 0.728195 0.686687 0.919547 0.846465 0.993881 0.952059 0.667920 0.902585 0.773632 0.825104 0.615684 0.682002 0.453241 0.555059 0.704855 0.764359 0.804466 0.881290 0.958609 0.988552 0.995850 0.953326 0.939430 0.997874 0.935903 0.995928 0.704217 0.978009 0.777304 0.936567 0.948171 0.924275 0.941482 0.685105 0.968634 0.999012 0.708668 0.757013 0.853385 0.878204 0.953818 0.977306 0.958080 0.775455 0.937217 0.906054 0.800177 0.786169 0.699394 0.926820 0.790111 0.758756 0.962315 0.976702 0.978087 0.915908 0.965664 0.978084 0.934958 0.711903 0.951576 0.827255 0.921496 0.999747
0.909745 0.880135 0.776356 0.733450 0.954171 0.874763 0.815523 0.987176 0.935130 0.692691 0.995424 0.909550 0.913139 0.929499 0.947098 0.865729 0.913250 0.960758 0.985179 0.785201 0.911868 0.988343 0.899305 0.651357 0.593739 0.694832 0.000000 0.738721 0.854032 0.898280 0.955821 0.971743 0.855793 0.893615 0.995224 0.974689 0.752296 0.750503 0.815168 0.848728 0.940938 0.965279 0.806932 0.935870 0.733148 0.800634 0.954133 0.977608 0.811425 0.906649 0.757209 0.833063 0.751852 0.720626 0.949737 0.967933 0.900149 0.886416 0.846187 0.979744 0.826640 0.990730 0.824614 0.890925 0.701987 0.765676 0.849692 0.857762 0.885470 0.827510 0.875338 0.933969 0.919647 0.936360 0.939083 0.883227 0.978745 0.992289 0.816979 0.949362 0.845509 0.888152 0.889424 0.770157 0.871496 0.652339 0.931467 0.886205 0.840970 0.666597 0.811067 0.858090 0.874761 0.958749 0.820225 0.917827 0.979832 0.974125 0.785450 0.884202 0.814481 0.836026 0.974028 0.807003 0.956325 0.969150 0.867977 0.814919 0.914356 0.854788 0.874960 0.740420 0.958383 0.931280 0.992538 0.919381
0.835300 0.830839 0.908127 0.996376 0.935389 0.753706 0.646045 0.774159 0.962599 0.748390 0.875702 0.741086 0.679002 0.762823 0.791625 0.899016 0.799603 0.838811 0.695793 0.834669 0.924595 0.981326 0.706167 0.983096 0.815445 0.825773 0.738721 0.000000 0.829878 0.840241 0.807885 0.823491 0.674473 0.724921 0.854073 0.903592 0.955879 0.759641 0.936447 0.793100 0.951230 0.832996 0.702776 0.683324 0.653245 0.620142 0.602270 0.664839 0.631362 0.611448 0.645240 0.621515 0.767202 0.784346 0.765985 0.743351 0.828629 0.844728 0.609479 0.701431 0.585683 0.799199 0.680109 0.742526 0.973927 0.911566 0.611336 0.649871 0.972810 0.914411 0.912992 0.910583 0.973395 0.883250 0.965291 0.903743 0.703780 0.954460 0.873804 0.726857 0.805633 0.959322 0.865592 0.890225 0.802907 0.994020 0.893774 0.902799 0.999144 0.970589 0.861665 0.889749 0.870728 0.964817 0.977379 0.972496 0.806659 0.919628 0.702631 0.739911 0.915706 0.853989 0.907600 0.748997 0.875943 0.946171 0.998302 0.983373 0.896161 0.905927 0.925107 0.811654 0.754165 0.950645 0.863369 0.877760
0.690378 0.747713 0.968416 0.920795 0.912033 0.912794 0.733684 0.880523 0.907987 0.839586 0.569903 0.629986 0.718190 0.709014 0.611446 0.814689 0.420692 0.490945 0.581852 0.601804 0.974021 0.888293 0.792576 0.891164 0.752786 0.688498 0.854032 0.829878 0.000000 0.314240 0.669392 0.751186 0.533138 0.471737 0.918507 0.956762 0.977889 0.965400 0.944771 0.942253 0.905068 0.986242 0.899258 0.785816 0.827087 0.813623 0.728360 0.664126 0.792659 0.859106 0.821335 0.763463 0.938036 0.945775 0.945271 0.913054 0.695844 0.701637 0.628713 0.808287 0.594069 0.949319 0.463452 0.453887 0.709064 0.785453 0.724634 0.722840 0.683687 0.852349 0.816844 0.977771 0.732309 0.793218 0.733328 0.862218 0.837342 0.837584 0.601515 0.834850 0.537583 0.867533 0.658829 0.849717 0.907611 0.953777 0.967279 0.965256 0.935721 0.948765 0.807050 0.788479 0.677023 0.760524 0.891397 0.786574 0.966306 0.895853 0.913414 0.943191 0.940366 0.941199 0.789215 0.623277 0.889144 0.611366 0.980440 0.920744 0.719569 0.935233 0.927750 0.862271 0.872051 0.964028 0.880678 0.840776
0.630873 0.762826 0.995939 0.962640 0.878843 0.964307 0.770529 0.847795 0.804086 0.924634 0.456724 0.551577 0.673415 0.533820 0.599570 0.720151 0.372666 0.415010 0.565681 0.555379 0.985106 0.985245 0.801680 0.964317 0.843168 0.721079 0.898280 0.840241 0.314240 0.000000 0.685774 0.729162 0.536563 0.489511 0.907740 0.868837 0.906127 0.981260 0.994133 0.953499 0.925401 0.943073 0.946312 0.864072 0.995987 0.952993 0.833277 0.781958 0.959798 0.997574 0.988940 0.912898 0.907817 0.944236 0.897415 0.883965 0.680862 0.690572 0.690017 0.860892 0.601719 0.915490 0.440879 0.411316 0.700248 0.876080 0.767963 0.788346 0.621141 0.807132 0.882040 0.989580 0.697780 0.704433 0.748998 0.903085 0.853844 0.816209 0.629007 0.803869 0.535193 0.843168 0.619577 0.744559 0.939978 0.953157 0.945809 0.998363 0.962686 0.967750 0.686132 0.653099 0.588187 0.666223 0.979132 0.797985 0.901057 0.854172 0.937047 0.970891 0.997082 0.998264 0.922519 0.618689 0.878713 0.603062 0.998353 0.965782 0.800977 0.936996 0.854689 0.942597 0.994011 0.951769 0.870857 0.833383
0.946651 0.849489 0.714105 0.778351 0.741570 0.873512 0.589837 0.633575 0.689841 0.567638 0.825631 0.690751 0.624966 0.850441 0.493435 0.565181 0.834166 0.895156 0.647613 0.846660 0.949387 0.897954 0.494385 0.974408 0.922648 0.985066 0.955821 0.807885 0.669392 0.685774 0.000000 0.522107 0.582969 0.592747 0.906303 0.906633 0.875753 0.904231 0.995875 0.985076 0.934026 0.956310 0.586407 0.564716 0.806750 0.756661 0.609965 0.635897 0.877249 0.884622 0.779826 0.734333 0.829106 0.853762 0.998067 0.952072 0.905704 0.906000 0.714788 0.810397 0.505851 0.571258 0.754389 0.690881 0.908987 0.907277 0.699933 0.582144 0.971777 0.941103 0.562622 0.650400 0.689562 0.799592 0.863831 0.927240 0.629188 0.662187 0.741499 0.951335 0.952449 0.830584 0.905036 0.918917 0.964831 0.992641 0.826671 0.689155 0.955948 0.972997 0.960298 0.976322 0.826476 0.937408 0.874934 0.944016 0.880398 0.860227 0.755344 0.652292 0.972640 0.830998 0.808468 0.778203 0.876826 0.642635 0.821851 0.877714 0.682033 0.983363 0.793532 0.903008 0.750875 0.900660 0.547776 0.979630
0.801154 0.849539 0.704237 0.727101 0.944491 0.978292 0.871094 0.852984 0.931164 0.842657 0.811830 0.662575 0.631070 0.710000 0.579119 0.585884 0.842678 0.803000 0.630969 0.783738 0.739150 0.991253 0.461922 0.733005 0.741027 0.966104 0.971743 0.823491 0.751186 0.729162 0.522107 0.000000 0.577387 0.781366 0.996037 0.886920 0.863091 0.928130 0.975977 0.884942 0.985210 0.874660 0.878758 0.792191 0.985232 0.895130 0.624439 0.786977 0.959206 0.977043 0.955218 0.903290 0.934929 0.911402 0.975529 0.973051 0.757551 0.845521 0.800827 0.859059 0.744972 0.789994 0.786984 0.756584 0.876498 0.939219 0.855174 0.829188 0.732108 0.925871 0.827433 0.791356 0.878847 0.886530 0.990821 0.901797 0.778974 0.805226 0.827339 0.926627 0.864569 0.971736 0.721297 0.886037 0.840673 0.827171 0.833020 0.841717 0.939952 0.864855 0.787251 0.742729 0.689945 0.782376 0.943779 0.942857 0.963026 0.830995 0.949663 0.956973 0.889169 0.981397 0.941108 0.758327 0.992076 0.686307 0.843821 0.988832 0.884119 0.963733 0.949391 0.897973 0.892730 0.908677 0.652077 0.849912
0.560475 0.607616 0.955912 0.833736 0.901031 0.851922 0.581702 0.659654 0.943862 0.725693 0.622941 0.505460 0.566715 0.550723 0.592266 0.779057 0.479263 0.467294 0.410999 0.621096 0.931563 0.932991 0.626495 0.991958 0.825600 0.743572 0.855793 0.674473 0.533138 0.536563 0.582969 0.577387 0.000000 0.453422 0.911052 0.933337 0.975681 0.877375 0.895310 0.978702 0.962555 0.894591 0.755612 0.527518 0.654963 0.574322 0.598585 0.547707 0.611365 0.636217 0.602344 0.578487 0.760221 0.799693 0.835498 0.692314 0.521188 0.541932 0.480957 0.711353 0.478613 0.818571 0.393449 0.402138 0.824758 0.789287 0.535945 0.593906 0.721672 0.840270 0.812711 0.810002 0.985144 0.942344 0.797613 0.867781 0.804810 0.852811 0.548651 0.759036 0.517914 0.802569 0.625932 0.702110 0.750588 0.898660 0.947697 0.941396 0.944345 0.852519 0.979140 0.957086 0.933742 0.875565 0.852683 0.851708 0.980858 0.757372 0.697614 0.708558 0.915023 0.902117 0.737718 0.474419 0.825761 0.628954 0.936263 0.867775 0.896640 0.845970 0.778355 0.788624 0.783861 0.706565 0.720683 0.917741
0.607313 0.568281 0.930022 0.807072 0.847216 0.891074 0.484237 0.531329 0.921334 0.682894 0.649820 0.501735 0.592080 0.629783 0.659493 0.765435 0.491518 0.486077 0.481918 0.658817 0.994223 0.992078 0.741112 0.967787 0.806005 0.777389 0.893615 0.724921 0.471737 0.489511 0.592747 0.781366 0.453422 0.000000 0.982996 0.797785 0.982955 0.929402 0.927293 0.891490 0.942143 0.928628 0.731223 0.538561 0.680802 0.640514 0.636575 0.529136 0.678555 0.703974 0.673287 0.610874 0.804179 0.823062 0.827203 0.709765 0.590600 0.579724 0.415160 0.619050 0.399382 0.729214 0.412550 0.401182 0.863276 0.908338 0.508826 0.509976 0.764089 0.830330 0.827033 0.880863 0.917848 0.917673 0.743615 0.964850 0.694804 0.839057 0.520283 0.782917 0.629447 0.932347 0.706493 0.811785 0.925180 0.963818 0.965301 0.834319 0.938328 0.913693 0.958961 0.932002 0.909394 0.826463 0.827361 0.797930 0.960563 0.694188 0.731601 0.683744 0.878669 0.881878 0.731330 0.549409 0.828348 0.592504 0.853749 0.907292 0.748669 0.885722 0.859599 0.828706 0.824700 0.773902 0.688502 0.888419
0.993687 0.954404 0.758604 0.831831 0.944894 0.934222 0.867132 0.900887 0.849335 0.941273 0.821109 0.934811 0.827948 0.963546 0.799984 0.877618 0.808299 0.846383 0.962244 0.943716 0.948529 0.817022 0.862437 0.813183 0.868403 0.851802 0.995224 0.854073 0.918507 0.907740 0.906303 0.996037 0.911052 0.982996 0.000000 0.988483 0.930696 0.887045 0.987038 0.804703 0.702144 0.900153 0.839989 0.890026 0.823903 0.815383 0.900397 0.842387 0.894366 0.783729 0.791683 0.781111 0.839750 0.860070 0.895218 0.847679 0.985954 0.983400 0.941541 0.845443 0.841853 0.764686 0.924819 0.875344 0.751267 0.838789 0.881544 0.828624 0.882287 0.905693 0.892704 0.944147 0.830840 0.989345 0.886409 0.923678 0.742401 0.973740 0.954977 0.937461 0.933913 0.991885 0.924690 0.999739 0.889635 0.866578 0.795805 0.917133 0.903350 0.837193 0.963232 0.898663 0.898341 0.947764 0.953637 0.823305 0.928817 0.942783 0.900545 0.856700 0.793968 0.926560 0.992817 0.969352 0.951100 0.880067 0.962758 0.893171 0.975632 0.952386 0.894404 0.878671 0.831237 0.910866 0.883118 0.978897
0.971298 0.969111 0.894830 0.922679 0.767698 0.882949 0.861331 0.907951 0.855436 0.956570 0.989747 0.984957 0.985690 0.847777 0.940445 0.993400 0.900445 0.926814 0.886506 0.970757 0.825214 0.825860 0.985178 0.978897 0.856736 0.838887 0.974689 0.903592 0.956762 0.868837 0.906633 0.886920 0.933337 0.797785 0.988483 0.000000 0.882575 0.979824 0.920753 0.947583 0.847844 0.959503 0.896903 0.883091 0.792497 0.845993 0.884613 0.813874 0.872167 0.850850 0.793391 0.850228 0.749788 0.722190 0.941793 0.836054 0.966821 0.976297 0.828908 0.996723 0.844971 0.900477 0.875709 0.880273 0.871792 0.980724 0.789055 0.778985 0.878397 0.960012 0.961982 0.975506 0.978598 0.965721 0.903338 0.966777 0.943719 0.989848 0.911011 0.992443 0.973699 0.930501 0.922099 0.942588 0.974734 0.932721 0.879417 0.853213 0.959685 0.860521 0.883371 0.820273 0.856353 0.950565 0.957939 0.884894 0.990209 0.781524 0.833617 0.734034 0.824123 0.885870 0.835323 0.788592 0.919674 0.924652 0.879983 0.889384 0.886699 0.961196 0.909871 0.690174 0.943244 0.963684 0.960003 0.897578
0.917138 0.787764 0.636756 0.607550 0.990574 0.886545 0.955669 0.899431 0.922468 0.859732 0.985871 0.835441 0.918586 0.735929 0.741364 0.618865 0.968959 0.951832 0.871660 0.812394 0.814815 0.888216 0.839637 0.731941 0.670130 0.734641 0.752296 0.955879 0.977889 0.906127 0.875753 0.863091 0.975681 0.982955 0.930696 0.882575 0.000000 0.632966 0.756167 0.756305 0.909892 0.955213 0.999540 0.936981 0.753420 0.829904 0.941434 0.999046 0.804003 0.849011 0.841311 0.884074 0.915320 0.903557 0.948744 0.970263 0.819845 0.824337 0.800369 0.778786 0.906310 0.805551 0.827619 0.964753 0.703084 0.731032 0.763005 0.892471 0.831016 0.850008 0.945650 0.796043 0.917391 0.987871 0.887368 0.937213 0.957219 0.872505 0.925986 0.911676 0.942662 0.910801 0.852206 0.859062 0.930469 0.760128 0.994963 0.971192 0.805980 0.864179 0.927578 0.874180 0.870565 0.941464 0.963998 0.838335 0.953925 0.998196 0.850905 0.979458 0.744131 0.947335 0.914144 0.970948 0.888272 0.858748 0.886992 0.983893 0.828272 0.942430 0.850143 0.982351 0.883220 0.909688 0.909162 0.975175
0.888469 0.773577 0.792053 0.676246 0.873450 0.939031 0.774591 0.986902 0.935607 0.680037 0.982764 0.894285 0.987313 0.792152 0.994349 0.762373 0.978817 0.945081 0.906968 0.801250 0.774544 0.999440 0.962580 0.662473 0.613064 0.614915 0.750503 0.759641 0.965400 0.981260 0.904231 0.928130 0.877375 0.929402 0.887045 0.979824 0.632966 0.000000 0.712433 0.848124 0.871801 0.701152 0.767120 0.828652 0.583420 0.595539 0.731397 0.764937 0.657386 0.664451 0.700711 0.642905 0.762734 0.724708 0.897205 0.854440 0.791113 0.824511 0.670518 0.757627 0.724421 0.902172 0.804579 0.902117 0.724354 0.696711 0.638968 0.685659 0.762133 0.718623 0.951062 0.973379 0.966658 0.974365 0.956416 0.840004 0.944720 0.927816 0.976887 0.969463 0.946553 0.741818 0.808903 0.760325 0.968545 0.763023 0.842210 0.927983 0.690577 0.805236 0.845210 0.733702 0.843346 0.897868 0.946603 0.941511 0.899567 0.993400 0.696536 0.701474 0.785346 0.783195 0.731240 0.855658 0.916249 0.962136 0.999958 0.886060 0.964121 0.981777 0.859415 0.721974 0.717017 0.872628 0.902295 0.839338
