0.000000 0.237727 0.857907 0.615261 0.942491 0.817142 0.779622 0.620134 0.904623 0.968512 0.338748 0.298310 0.528840 0.618514 0.650066 0.542698 0.323170 0.356475 0.457968 0.402878 0.671862 0.885622 0.834141 0.727763 0.884789 0.936728 0.862735 0.846268 0.521741 0.528829 0.886248 0.930359 0.507717 0.527614 0.900801 0.691774 0.658375 0.628936 0.742816 0.619648 0.589451 0.682144 0.740611 0.672818 0.822229 0.693766 0.421118 0.470000 0.534480 0.547776 0.695958 0.698774 0.930764 0.688113 0.500510 0.551337 0.260130 0.277363 0.305715 0.399867 0.403900 0.445064 0.450720 0.363530 0.735134 0.511207 0.770119 0.782980 0.397762 0.483611 0.844661 0.802483 0.706419 0.702479 0.747608 0.872526 0.771396 0.833769 0.459506 0.471799 0.291703 0.310720 0.636001 0.392693 0.541121 0.555630 0.903696 0.974226 0.653358 0.601288 0.953829 0.864240 0.979983 0.853520 0.603932 0.911987 0.862638 0.869499 0.786226 0.825907 0.991790 0.905256 0.808290 0.752407 0.654880 0.638343 0.941323 0.958381 0.883680 0.936389 0.927827 0.611034 0.862736 0.867974 0.781410 0.990724
0.237727 0.000000 0.787120 0.557772 0.935563 0.815407 0.733374 0.572330 0.820468 0.949456 0.342300 0.286967 0.530954 0.591160 0.624512 0.488878 0.335300 0.362929 0.475382 0.360138 0.639488 0.804712 0.793677 0.677905 0.813634 0.872766 0.871797 0.790014 0.428221 0.521032 0.800079 0.863963 0.444752 0.444114 0.934033 0.693225 0.615501 0.651368 0.678201 0.624383 0.619942 0.652026 0.683345 0.611772 0.757846 0.650013 0.436016 0.448450 0.517704 0.523674 0.608749 0.654401 0.848884 0.783362 0.549080 0.592713 0.242129 0.256954 0.342386 0.405982 0.393144 0.411935 0.486532 0.392347 0.677633 0.502603 0.711719 0.721036 0.364585 0.440156 0.753307 0.692518 0.649759 0.636386 0.743357 0.913842 0.706184 0.745167 0.440106 0.441801 0.332004 0.373246 0.604543 0.416433 0.556541 0.571571 0.946657 0.975835 0.683707 0.619812 0.999912 0.943651 0.959280 0.890610 0.612716 0.842822 0.877090 0.860997 0.734676 0.763978 0.952285 0.922136 0.798866 0.776014 0.616838 0.612526 0.960062 0.927776 0.881295 0.969987 0.911216 0.603630 0.875443 0.866172 0.813511 0.993183
0.857907 0.787120 0.000000 0.339216 0.891500 0.903506 0.575756 0.554754 0.650753 0.976763 0.843495 0.825180 0.687998 0.721458 0.777023 0.666206 0.918201 0.959915 0.666027 0.788828 0.614034 0.961021 0.648163 0.698252 0.442796 0.379853 0.912528 0.882619 0.908827 0.994469 0.575958 0.630671 0.616006 0.729232 0.789553 0.931452 0.626009 0.602268 0.506678 0.707165 0.959787 0.853804 0.587876 0.643521 0.767375 0.712923 0.635827 0.745908 0.802656 0.689437 0.615654 0.620054 0.817218 0.810525 0.855335 0.923973 0.896180 0.940802 0.881860 0.787897 0.786523 0.705986 0.788332 0.831621 0.450772 0.480442 0.633660 0.614424 0.749279 0.641718 0.733713 0.708676 0.688996 0.627283 0.947713 0.831937 0.576797 0.673554 0.632186 0.887467 0.978633 0.980161 0.992402 0.981772 0.810726 0.774785 0.937249 0.907641 0.971231 0.836174 0.722583 0.682757 0.633573 0.660761 0.823303 0.928832 0.804222 0.802603 0.835525 0.795808 0.998166 0.821024 0.996683 0.897783 0.651544 0.856606 0.958710 0.807335 0.898656 0.906297 0.943136 0.884489 0.763124 0.951016 0.739441 0.985603
0.615261 0.557772 0.339216 0.000000 0.831254 0.843832 0.580025 0.444922 0.659006 0.983551 0.621850 0.577621 0.539184 0.468357 0.587672 0.506190 0.879571 0.797869 0.549547 0.556433 0.547285 0.922503 0.529924 0.534870 0.468799 0.402622 0.820975 0.836018 0.726023 0.801285 0.586101 0.631900 0.467216 0.595391 0.827360 0.874950 0.532661 0.562019 0.454969 0.678428 0.866165 0.836662 0.579131 0.567987 0.722734 0.659659 0.573945 0.656935 0.642148 0.490824 0.528574 0.525538 0.710158 0.856527 0.716164 0.762579 0.678519 0.705287 0.751170 0.673284 0.651498 0.581048 0.979923 0.915967 0.385486 0.383647 0.649564 0.680735 0.548956 0.398604 0.700677 0.668402 0.789359 0.674731 0.862861 0.790896 0.621273 0.674582 0.465295 0.709124 0.796793 0.750448 0.838344 0.760886 0.625663 0.579924 0.938363 0.972899 0.818311 0.671428 0.780246 0.745770 0.636890 0.698200 0.665247 0.813949 0.848721 0.889961 0.767291 0.786396 0.942222 0.845206 0.910171 0.972276 0.566562 0.673104 0.947472 0.941905 0.973720 0.943842 0.797465 0.877006 0.797534 0.930294 0.656223 0.968136
0.942491 0.935563 0.891500 0.831254 0.000000 0.942976 0.955253 0.882983 0.868864 0.961891 0.954202 0.898221 0.749500 0.923975 0.763449 0.845134 0.968142 0.973221 0.963443 0.959248 0.956806 0.832951 0.942792 0.892053 0.896894 0.753973 0.885224 0.889781 0.961178 0.889234 0.890783 0.893222 0.982203 0.892008 0.777784 0.993371 0.807813 0.964379 0.857565 0.972943 0.967339 0.890200 0.859816 0.860484 0.912433 0.906243 0.999480 0.852254 0.968288 0.946936 0.928174 0.985635 0.908383 0.972272 0.945147 0.917282 0.993902 0.969332 0.972654 0.987398 0.863965 0.925417 0.916862 0.904895 0.931067 0.971367 0.887543 0.817588 0.903803 0.889839 0.821721 0.859014 0.814905 0.925879 0.949047 0.935135 0.873968 0.993446 0.864809 0.885780 0.923044 0.979923 0.979746 0.932962 0.982184 0.930514 0.745691 0.832122 0.856010 0.993712 0.980964 0.875183 0.889264 0.956732 0.895112 0.826430 0.968698 0.964718 0.945955 0.965909 0.835745 0.918379 0.946234 0.982981 0.952172 0.916319 0.973901 0.898138 0.981616 0.903506 0.972209 0.973218 0.881073 0.971823 0.989874 0.862307
0.817142 0.815407 0.903506 0.843832 0.942976 0.000000 0.665840 0.548164 0.742308 0.591968 0.877511 0.681760 0.794138 0.875658 0.966363 0.691796 0.783871 0.904597 0.691761 0.782531 0.825885 0.967417 0.927652 0.901636 0.849955 0.948741 0.603464 0.897737 0.798391 0.791923 0.855289 0.750794 0.749279 0.717409 0.799347 0.768089 0.999182 0.912493 0.988185 0.899129 0.899196 0.929925 0.882260 0.996665 0.959820 0.836295 0.998414 0.840646 0.875637 0.861372 0.946715 0.925835 0.971196 0.991259 0.886934 0.926150 0.962375 0.975948 0.907932 0.973219 0.723691 0.654672 0.966469 0.960262 0.828857 0.737993 0.938760 0.804760 0.964971 0.859454 0.536041 0.559148 0.627170 0.673448 0.928038 0.918449 0.719601 0.788220 0.893182 0.871870 0.982430 0.998514 0.784194 0.932564 0.795146 0.860046 0.796464 0.736041 0.798600 0.726131 0.533777 0.575376 0.564836 0.673500 0.840257 0.906641 0.701537 0.814419 0.537401 0.703680 0.706048 0.811951 0.723396 0.874410 0.877563 0.982851 0.997988 0.895713 0.842345 0.952560 0.910198 0.727652 0.721113 0.919856 0.946018 0.933988
0.779622 0.733374 0.575756 0.580025 0.955253 0.665840 0.000000 0.325542 0.376562 0.529015 0.663071 0.713274 0.785159 0.842957 0.724320 0.484612 0.688432 0.654058 0.376292 0.611036 0.693988 0.896410 0.621899 0.789803 0.942262 0.793009 0.758690 0.847510 0.566126 0.512833 0.300601 0.328126 0.330018 0.342652 0.979467 0.991024 0.858581 0.777458 0.825852 0.924337 0.954354 0.932802 0.436493 0.487210 0.419835 0.578533 0.798606 0.817311 0.763570 0.845295 0.624133 0.705206 0.608161 0.627352 0.916877 0.913237 0.671335 0.941786 0.875287 0.895637 0.552577 0.837386 0.827768 0.818985 0.847148 0.836715 0.356831 0.471798 0.905474 0.878357 0.511991 0.432580 0.480620 0.477877 0.979863 0.807606 0.536692 0.499105 0.615746 0.663983 0.821204 0.882217 0.835683 0.972503 0.942013 0.941489 0.885136 0.934525 0.842743 0.937490 0.534051 0.548300 0.601261 0.655641 0.653731 0.665866 0.646901 0.652181 0.429488 0.433346 0.767618 0.508972 0.619256 0.767266 0.612663 0.854348 0.826611 0.804206 0.780289 0.977782 0.855981 0.668289 0.442419 0.872666 0.691537 0.985979
0.620134 0.572330 0.554754 0.444922 0.882983 0.548164 0.325542 0.000000 0.425680 0.482747 0.543550 0.478794 0.697814 0.647625 0.761754 0.477854 0.630177 0.620370 0.367111 0.451423 0.688786 0.884721 0.762739 0.822128 0.879326 0.713567 0.744199 0.905376 0.549059 0.517170 0.429718 0.457225 0.380951 0.348904 0.981879 0.854326 0.719526 0.698492 0.737454 0.742825 0.800175 0.813904 0.480476 0.538096 0.562699 0.672582 0.731686 0.783607 0.796821 0.789902 0.625385 0.698424 0.738635 0.786486 0.871899 0.799250 0.619971 0.810792 0.740996 0.889837 0.504152 0.515319 0.849174 0.766905 0.828602 0.598826 0.493247 0.541307 0.775580 0.762217 0.381467 0.327486 0.486727 0.440856 0.876731 0.802793 0.469411 0.561092 0.486320 0.649832 0.748033 0.836395 0.990038 0.925068 0.993825 0.944724 0.751233 0.792060 0.917359 0.976501 0.469160 0.510602 0.462400 0.623886 0.647902 0.720491 0.561878 0.673670 0.414038 0.439344 0.662518 0.602571 0.518498 0.689113 0.552390 0.728533 0.902065 0.838700 0.835712 0.996147 0.948199 0.610505 0.532929 0.803152 0.638910 0.959504
0.904623 0.820468 0.650753 0.659006 0.868864 0.742308 0.376562 0.425680 0.000000 0.451547 0.769474 0.725758 0.847516 0.867808 0.823672 0.586448 0.808155 0.754197 0.557077 0.635378 0.743985 0.986711 0.741439 0.930328 0.977540 0.699573 0.793973 0.840972 0.596544 0.640991 0.370202 0.414141 0.495188 0.482180 0.927673 0.943264 0.795010 0.892360 0.740367 0.870749 0.977851 0.801083 0.469779 0.513647 0.481985 0.642114 0.912939 0.864980 0.814956 0.844046 0.649617 0.698200 0.629400 0.570620 0.868578 0.980183 0.766720 0.923651 0.930121 0.769382 0.752509 0.829055 0.943322 0.922596 0.876522 0.926927 0.551582 0.673043 0.953907 0.909589 0.458622 0.452653 0.577516 0.564249 0.939641 0.767760 0.504966 0.453654 0.690155 0.735819 0.968878 0.892441 0.929377 0.912234 0.882314 0.911985 0.695914 0.792562 0.734700 0.882474 0.459439 0.469451 0.523970 0.517966 0.755972 0.769508 0.752643 0.664983 0.480518 0.412718 0.684359 0.492057 0.607676 0.743643 0.705351 0.957913 0.869161 0.793433 0.836377 0.940038 0.870955 0.632058 0.641042 0.977366 0.762692 0.995068
0.968512 0.949456 0.976763 0.983551 0.961891 0.591968 0.529015 0.482747 0.451547 0.000000 0.785663 0.732269 0.993053 0.972897 0.952901 0.743137 0.708578 0.708095 0.628556 0.648301 0.943820 0.928248 0.921832 0.773837 0.688384 0.953982 0.622834 0.660917 0.581948 0.555355 0.589471 0.600686 0.694243 0.568488 0.936171 0.999576 0.987216 0.955956 0.870996 0.994810 0.992525 0.886923 0.721812 0.801838 0.691061 0.906393 0.820277 0.849591 0.917055 0.794209 0.968853 0.933387 0.862401 0.713108 0.748633 0.876489 0.880817 0.877515 0.886940 0.663569 0.745743 0.826672 0.871444 0.849085 0.671048 0.911596 0.731225 0.779387 0.856187 0.772220 0.393928 0.400933 0.546508 0.550525 0.904557 0.814673 0.638138 0.582038 0.817678 0.875049 0.976530 0.833371 0.827648 0.743181 0.545540 0.592768 0.648104 0.677977 0.721752 0.675857 0.370628 0.435290 0.496905 0.545542 0.860552 0.759960 0.669684 0.671553 0.395834 0.467814 0.546183 0.538074 0.417928 0.553514 0.807463 0.953867 0.945880 0.848841 0.769833 0.914957 0.679936 0.609580 0.591925 0.976452 0.848412 0.986899
0.338748 0.342300 0.843495 0.621850 0.954202 0.877511 0.663071 0.543550 0.769474 0.785663 0.000000 0.329313 0.612031 0.630650 0.666945 0.582103 0.310989 0.263841 0.402525 0.374908 0.747060 0.968731 0.879522 0.758874 0.966441 0.986835 0.913930 0.947122 0.351734 0.334567 0.765465 0.818434 0.481361 0.408915 0.892636 0.710308 0.704635 0.715946 0.736832 0.769151 0.651298 0.721517 0.781742 0.715653 0.775354 0.736066 0.590171 0.636911 0.722335 0.747949 0.777009 0.859053 0.958649 0.781242 0.654150 0.704154 0.330251 0.346332 0.479265 0.559085 0.341974 0.492413 0.363330 0.306652 0.877006 0.614777 0.707106 0.749546 0.491576 0.522648 0.790521 0.687507 0.632661 0.646405 0.804695 0.799995 0.774143 0.809123 0.408495 0.480856 0.384183 0.391274 0.667264 0.492335 0.746079 0.711824 0.998603 0.958123 0.798930 0.687100 0.977523 0.960559 0.986139 0.927795 0.645900 0.817604 0.871006 0.825662 0.763202 0.826420 0.994443 0.896232 0.752955 0.660590 0.691269 0.711218 0.817380 0.910983 0.919352 0.896690 0.946399 0.627045 0.793924 0.992754 0.750043 0.934691
0.298310 0.286967 0.825180 0.577621 0.898221 0.681760 0.713274 0.478794 0.725758 0.732269 0.329313 0.000000 0.439925 0.474719 0.575688 0.411354 0.337990 0.387329 0.445195 0.358744 0.699562 0.873593 0.839468 0.726941 0.967079 0.916000 0.932534 0.939725 0.406297 0.444317 0.801279 0.816710 0.478019 0.462888 0.878980 0.690652 0.664996 0.703563 0.748514 0.665572 0.661162 0.669250 0.726488 0.684339 0.785335 0.715888 0.513029 0.598086 0.621687 0.615203 0.664597 0.706558 0.840714 0.864102 0.638154 0.668898 0.365630 0.387658 0.478845 0.531461 0.340702 0.322087 0.497711 0.405332 0.810136 0.489778 0.821685 0.822999 0.503686 0.569281 0.647414 0.615874 0.666358 0.623898 0.719874 0.853325 0.679559 0.728421 0.452020 0.495076 0.395929 0.468050 0.731185 0.512181 0.749679 0.663396 0.922618 0.903398 0.689760 0.727296 0.798058 0.887811 0.797029 0.967945 0.666027 0.833208 0.811282 0.856772 0.680262 0.724974 0.879524 0.893728 0.665011 0.638141 0.642110 0.673315 0.860734 0.961267 0.852439 0.983743 0.947247 0.581838 0.876144 0.909529 0.753823 0.974300
0.528840 0.530954 0.687998 0.539184 0.749500 0.794138 0.785159 0.697814 0.847516 0.993053 0.612031 0.439925 0.000000 0.353507 0.322425 0.324984 0.749229 0.791927 0.583998 0.595217 0.798539 0.941987 0.490525 0.427732 0.784349 0.824294 0.705013 0.877413 0.729019 0.759068 0.921583 0.887484 0.583400 0.720896 0.881573 0.751011 0.749586 0.753115 0.696907 0.731893 0.957328 0.766493 0.830245 0.788574 0.866820 0.762338 0.554484 0.685957 0.568948 0.515853 0.560395 0.536232 0.681109 0.875874 0.717300 0.653238 0.650630 0.617911 0.686021 0.624355 0.496972 0.502492 0.803270 0.770991 0.517953 0.450205 0.998055 0.957712 0.700858 0.595513 0.940454 0.929783 0.996853 0.910492 0.797370 0.823428 0.653115 0.829950 0.646214 0.631023 0.677158 0.596365 0.671298 0.542226 0.558133 0.451923 0.883666 0.794051 0.569267 0.690369 0.903178 0.930514 0.906919 0.903759 0.751132 0.908052 0.996354 0.892326 0.862129 0.865134 0.882953 0.906606 0.957466 0.985146 0.822796 0.775868 0.888189 0.999943 0.990355 0.968729 0.844562 0.765448 0.845169 0.921559 0.668303 0.980174
0.618514 0.591160 0.721458 0.468357 0.923975 0.875658 0.842957 0.647625 0.867808 0.972897 0.630650 0.474719 0.353507 0.000000 0.354363 0.376168 0.812035 0.758939 0.604204 0.530894 0.840990 0.946202 0.486950 0.419701 0.779299 0.780351 0.700525 0.825867 0.680697 0.737833 0.897714 0.851389 0.595970 0.768347 0.950946 0.720844 0.723708 0.746691 0.749956 0.736096 0.905603 0.875138 0.801439 0.744564 0.819700 0.722891 0.659860 0.699843 0.600497 0.492869 0.611472 0.545562 0.693372 0.848259 0.754849 0.757817 0.709766 0.659178 0.808967 0.709551 0.674256 0.573037 0.876923 0.811467 0.535087 0.490813 0.913447 0.895186 0.725086 0.605046 0.891608 0.877823 0.963799 0.939970 0.882268 0.834015 0.697782 0.858318 0.576202 0.715146 0.782835 0.718372 0.691106 0.640556 0.664504 0.532882 0.973640 0.867348 0.654704 0.563734 0.939174 0.967865 0.868743 0.896478 0.837941 0.838862 0.931426 0.962926 0.868493 0.895314 0.941327 0.950098 0.880575 0.937578 0.831904 0.779726 0.885056 0.886755 0.995558 0.972671 0.794427 0.898859 0.959170 0.986386 0.705237 0.962012
0.650066 0.624512 0.777023 0.587672 0.763449 0.966363 0.724320 0.761754 0.823672 0.952901 0.666945 0.575688 0.322425 0.354363 0.000000 0.314104 0.791958 0.724872 0.593094 0.622126 0.794375 0.974127 0.312628 0.324189 0.791368 0.846022 0.586827 0.854143 0.691230 0.651410 0.747346 0.798042 0.530998 0.738687 0.968706 0.856540 0.763026 0.792105 0.750444 0.865763 0.999300 0.870197 0.753375 0.636580 0.661248 0.584358 0.640778 0.664064 0.486216 0.440686 0.480849 0.448954 0.492167 0.712543 0.653821 0.716475 0.627832 0.666823 0.802101 0.823598 0.587638 0.715958 0.725476 0.716460 0.495234 0.660159 0.922356 0.952968 0.742686 0.625751 0.959501 0.979576 0.910424 0.988940 0.884138 0.852885 0.777332 0.788079 0.722411 0.624321 0.655670 0.621142 0.503897 0.557431 0.498545 0.428812 0.811183 0.675197 0.635528 0.606218 0.976916 0.922131 0.946810 0.958333 0.769615 0.849213 0.898532 0.993241 0.894763 0.843060 0.829407 0.828668 0.966629 0.950558 0.828055 0.902504 0.982079 0.907873 0.963193 0.942808 0.866594 0.867178 0.862446 0.940045 0.698127 0.975795
0.542698 0.488878 0.666206 0.506190 0.845134 0.691796 0.484612 0.477854 0.586448 0.743137 0.582103 0.411354 0.324984 0.376168 0.314104 0.000000 0.620537 0.614213 0.424953 0.441605 0.694628 0.911807 0.409469 0.457214 0.825231 0.789328 0.881710 0.958019 0.564647 0.557641 0.561828 0.578261 0.350761 0.485736 0.946086 0.808467 0.714832 0.687020 0.715219 0.739398 0.880875 0.767311 0.534353 0.513492 0.561094 0.550725 0.602497 0.637546 0.513477 0.525074 0.440518 0.455409 0.497635 0.704656 0.729203 0.714971 0.515047 0.660972 0.735164 0.843813 0.452973 0.535016 0.766805 0.694245 0.565925 0.556631 0.765481 0.805215 0.697232 0.697683 0.683991 0.627984 0.767966 0.686514 0.867760 0.765568 0.551556 0.582105 0.548277 0.532113 0.636334 0.689783 0.609297 0.652584 0.653582 0.583298 0.988089 0.968571 0.758487 0.772667 0.703849 0.765734 0.745376 0.805035 0.652770 0.714167 0.887035 0.847375 0.591696 0.583713 0.911526 0.702743 0.733062 0.824630 0.666274 0.784661 0.940758 0.899935 0.795512 0.900071 0.998555 0.651173 0.636645 0.868259 0.611291 0.914741
0.323170 0.335300 0.918201 0.879571 0.968142 0.783871 0.688432 0.630177 0.808155 0.708578 0.310989 0.337990 0.749229 0.812035 0.791958 0.620537 0.000000 0.216306 0.455314 0.413447 0.788218 0.860987 0.963240 0.946708 0.767535 0.813996 0.915598 0.992872 0.334605 0.320078 0.822033 0.864641 0.551752 0.427899 0.792757 0.718450 0.800121 0.814241 0.934546 0.828421 0.617591 0.706245 0.799990 0.724345 0.784973 0.780333 0.663553 0.641007 0.738871 0.852898 0.879537 0.955277 0.995961 0.713079 0.692624 0.746014 0.284464 0.358887 0.444599 0.657918 0.379013 0.564746 0.290059 0.241103 0.899014 0.801783 0.718449 0.756953 0.553167 0.736874 0.719902 0.636104 0.554839 0.610700 0.843366 0.925168 0.846817 0.820926 0.506900 0.483269 0.324900 0.405798 0.638906 0.540129 0.833269 0.860521 0.989144 0.971399 0.840105 0.860395 0.940765 0.944484 0.992598 0.852759 0.666245 0.834190 0.816071 0.802743 0.684902 0.730269 0.884618 0.965199 0.683604 0.569642 0.758388 0.685379 0.960256 0.973685 0.744366 0.978739 0.902702 0.533500 0.831225 0.916951 0.909266 0.990782
0.356475 0.362929 0.959915 0.797869 0.973221 0.904597 0.654058 0.620370 0.754197 0.708095 0.263841 0.387329 0.791927 0.758939 0.724872 0.614213 0.216306 0.000000 0.425415 0.385307 0.759821 0.936671 0.929577 0.863654 0.816287 0.867383 0.977860 0.988694 0.302185 0.263879 0.754459 0.794788 0.493412 0.388488 0.894153 0.777946 0.759925 0.770501 0.899393 0.836836 0.594700 0.712478 0.770504 0.670881 0.703898 0.692808 0.670305 0.624008 0.709440 0.801672 0.825648 0.899187 0.905062 0.761776 0.698781 0.799171 0.270343 0.343060 0.494422 0.697608 0.386325 0.619028 0.261327 0.222221 0.989009 0.809068 0.668661 0.716547 0.529325 0.638175 0.774300 0.657957 0.607702 0.645267 0.890208 0.893713 0.894072 0.782861 0.487343 0.455049 0.332259 0.421231 0.574717 0.521487 0.783951 0.817348 0.983441 0.941234 0.886887 0.782149 0.980612 0.901905 0.945390 0.852753 0.632637 0.804454 0.894532 0.866235 0.715441 0.743529 0.919966 0.945962 0.711377 0.585909 0.712025 0.715929 0.911519 0.925520 0.841383 0.981107 0.924452 0.586221 0.829471 0.959019 0.830152 0.917921
0.457968 0.475382 0.666027 0.549547 0.963443 0.691761 0.376292 0.367111 0.557077 0.628556 0.402525 0.445195 0.583998 0.604204 0.593094 0.424953 0.455314 0.425415 0.000000 0.383860 0.744691 0.955437 0.653504 0.735634 0.977016 0.893439 0.930536 0.925379 0.379030 0.370303 0.542446 0.549598 0.378452 0.338435 0.847975 0.833878 0.833012 0.771087 0.760031 0.865635 0.812113 0.832879 0.645236 0.660210 0.606605 0.668233 0.645259 0.691615 0.707414 0.749683 0.736927 0.766085 0.811254 0.940151 0.796784 0.796277 0.493460 0.634738 0.627241 0.780389 0.378535 0.622723 0.614253 0.573435 0.837784 0.640168 0.565178 0.689791 0.708428 0.709858 0.606529 0.520879 0.558361 0.520914 0.899002 0.814869 0.598850 0.607598 0.471121 0.569315 0.591689 0.605483 0.773914 0.691331 0.816923 0.816076 0.886996 0.985876 0.959676 0.909358 0.713320 0.812635 0.747847 0.846574 0.580550 0.718914 0.763238 0.781155 0.570461 0.547001 0.908011 0.725616 0.693221 0.711628 0.693515 0.786340 0.975856 0.950382 0.825369 0.891559 0.980887 0.611612 0.654956 0.934944 0.663009 0.950076
0.402878 0.360138 0.788828 0.556433 0.959248 0.782531 0.611036 0.451423 0.635378 0.648301 0.374908 0.358744 0.595217 0.530894 0.622126 0.441605 0.413447 0.385307 0.383860 0.000000 0.699017 0.959416 0.746674 0.744953 0.959777 0.878210 0.995421 0.940880 0.388565 0.449911 0.665683 0.704070 0.475253 0.409744 0.945274 0.696997 0.708229 0.700658 0.752684 0.800323 0.733062 0.713409 0.645418 0.614135 0.696273 0.703233 0.686081 0.676450 0.681064 0.682363 0.718005 0.740529 0.797034 0.999744 0.799108 0.782158 0.384683 0.520037 0.660436 0.759688 0.491955 0.541787 0.604624 0.520395 0.817830 0.650592 0.764729 0.829734 0.622315 0.637791 0.561069 0.527861 0.631751 0.598286 0.905805 0.902553 0.628746 0.673781 0.486004 0.589715 0.595576 0.640314 0.737158 0.711206 0.843823 0.844947 0.917879 0.972688 0.918423 0.772691 0.778660 0.832945 0.783688 0.854753 0.661339 0.784949 0.858725 0.815927 0.602582 0.587753 0.835198 0.854693 0.726748 0.712981 0.651753 0.695520 0.986272 0.995074 0.876491 0.891840 0.942859 0.537786 0.724574 0.928691 0.767404 0.945649
0.671862 0.639488 0.614034 0.547285 0.956806 0.825885 0.693988 0.688786 0.743985 0.943820 0.747060 0.699562 0.798539 0.840990 0.794375 0.694628 0.788218 0.759821 0.744691 0.699017 0.000000 0.919058 0.778875 0.832341 0.752193 0.702161 0.861771 0.845036 0.794209 0.773995 0.667144 0.846476 0.649357 0.702265 0.920749 0.945011 0.592707 0.819887 0.623524 0.724476 0.886166 0.712128 0.666061 0.651107 0.773435 0.799479 0.640823 0.686984 0.779655 0.780077 0.809821 0.765313 0.851121 0.997201 0.862081 0.933810 0.694967 0.743110 0.721541 0.781316 0.713163 0.682608 0.929601 0.843353 0.699071 0.679214 0.648568 0.611528 0.653283 0.637034 0.749499 0.766804 0.699819 0.656454 0.836139 0.820651 0.815263 0.671369 0.709541 0.686513 0.757904 0.798101 0.900249 0.849242 0.794976 0.758348 0.949808 0.904398 0.997484 0.879846 0.804728 0.834718 0.805563 0.835793 0.772915 0.896649 0.801588 0.905973 0.744576 0.740317 0.778228 0.878759 0.829706 0.771461 0.596069 0.738688 0.908859 0.983467 0.786251 0.926505 0.945502 0.852032 0.831377 0.887728 0.851405 0.884565
0.885622 0.804712 0.961021 0.922503 0.832951 0.967417 0.896410 0.884721 0.986711 0.928248 0.968731 0.873593 0.941987 0.946202 0.974127 0.911807 0.860987 0.936671 0.955437 0.959416 0.919058 0.000000 0.941194 0.936609 0.847738 0.937773 0.983935 0.977257 0.975932 0.944351 0.892313 0.855699 0.888007 0.824202 0.846022 0.968934 0.750583 0.846922 0.896642 0.886209 0.904741 0.946328 0.861414 0.903333 0.879918 0.913541 0.843550 0.773671 0.960211 0.955314 0.912052 0.917821 0.931166 0.995259 0.925279 0.982774 0.838100 0.883822 0.859915 0.954882 0.928648 0.978175 0.949027 0.916671 0.905139 0.997953 0.836185 0.900367 0.927341 0.901900 0.806457 0.925518 0.916874 0.912110 0.771566 0.971534 0.979470 0.955320 0.981222 0.796189 0.859218 0.853118 0.919124 0.861770 0.842421 0.892990 0.971458 0.946669 0.999168 0.930681 0.947474 0.889230 0.888813 0.995030 0.989997 0.922672 0.999817 0.966442 0.903002 0.890362 0.809970 0.968301 0.884559 0.824888 0.875214 0.965279 0.971837 0.932115 0.763758 0.945803 0.952441 0.896137 0.964120 0.861387 0.981038 0.981808
0.834141 0.793677 0.648163 0.529924 0.942792 0.927652 0.621899 0.762739 0.741439 0.921832 0.879522 0.839468 0.490525 0.486950 0.312628 0.409469 0.963240 0.929577 0.653504 0.746674 0.778875 0.941194 0.000000 0.301521 0.665189 0.677759 0.608702 0.761976 0.849235 0.858533 0.652030 0.679703 0.524641 0.760896 0.846447 0.948459 0.817994 0.824590 0.743248 0.883206 0.904041 0.993095 0.594068 0.540204 0.499131 0.462218 0.685681 0.646966 0.462928 0.414873 0.422314 0.346675 0.361444 0.502688 0.751174 0.761005 0.791057 0.891449 0.961289 0.972331 0.812899 0.960837 0.988088 0.999965 0.386596 0.763966 0.771154 0.907463 0.861890 0.675526 0.959278 0.989175 0.892358 0.960905 0.889982 0.864151 0.696573 0.709591 0.801262 0.753721 0.878629 0.834012 0.589844 0.733117 0.472381 0.443541 0.860472 0.709896 0.745765 0.636377 0.956460 0.955211 0.968278 0.938336 0.816469 0.782094 0.879285 0.950148 0.832910 0.730923 0.864653 0.797387 0.995310 0.946573 0.747805 0.899458 0.899979 0.973234 0.932396 0.931321 0.865464 0.916920 0.705955 0.951268 0.655284 0.940955
0.727763 0.677905 0.698252 0.534870 0.892053 0.901636 0.789803 0.822128 0.930328 0.773837 0.758874 0.726941 0.427732 0.419701 0.324189 0.457214 0.946708 0.863654 0.735634 0.744953 0.832341 0.936609 0.301521 0.000000 0.607596 0.747163 0.583798 0.752702 0.850285 0.846707 0.860313 0.834501 0.612464 0.791488 0.886460 0.890989 0.740635 0.810145 0.701511 0.887067 0.985120 0.883969 0.675128 0.579951 0.635702 0.515281 0.610156 0.599071 0.447357 0.368228 0.419006 0.367537 0.459228 0.684789 0.681533 0.709154 0.714328 0.705954 0.817201 0.761168 0.771350 0.834109 0.892655 0.876290 0.399385 0.650208 0.860282 0.958605 0.772838 0.610316 0.873829 0.911278 0.889264 0.884981 0.853418 0.941973 0.750326 0.830214 0.748168 0.656634 0.728241 0.685214 0.545389 0.570063 0.418396 0.339179 0.831647 0.655169 0.614466 0.508907 0.882457 0.890524 0.905280 0.912774 0.789110 0.846433 0.834821 0.983383 0.973798 0.898904 0.747437 0.954208 0.922102 0.940978 0.807996 0.874027 0.988865 0.942381 0.938464 0.939571 0.747342 0.966285 0.849262 0.938455 0.716070 0.992998
0.884789 0.813634 0.442796 0.468799 0.896894 0.849955 0.942262 0.879326 0.977540 0.688384 0.966441 0.967079 0.784349 0.779299 0.791368 0.825231 0.767535 0.816287 0.977016 0.959777 0.752193 0.847738 0.665189 0.607596 0.000000 0.404005 0.731591 0.761118 0.840434 0.722112 0.807587 0.852255 0.778974 0.973368 0.767177 0.951109 0.619996 0.639120 0.633519 0.683683 0.901109 0.928146 0.655630 0.651676 0.854658 0.719051 0.635175 0.665663 0.662645 0.513940 0.547489 0.531036 0.775206 0.861855 0.711837 0.812967 0.886566 0.896106 0.889186 0.733593 0.956715 0.845537 0.724617 0.781896 0.347787 0.571198 0.828380 0.806443 0.676810 0.570500 0.968076 0.987987 0.945443 0.926753 0.739663 0.910694 0.753362 0.803448 0.841041 0.888795 0.975812 0.959040 0.947815 0.881421 0.586076 0.601499 0.905321 0.992856 0.807592 0.670536 0.987322 0.936928 0.852334 0.836246 0.896134 0.977395 0.984104 0.990383 0.966938 0.970114 0.897766 0.912684 0.890216 0.790005 0.600050 0.845225 0.966298 0.921880 0.833340 0.877064 0.864148 0.875133 0.932820 0.838684 0.842245 0.921841
0.936728 0.872766 0.379853 0.402622 0.753973 0.948741 0.793009 0.713567 0.699573 0.953982 0.986835 0.916000 0.824294 0.780351 0.846022 0.789328 0.813996 0.867383 0.893439 0.878210 0.702161 0.937773 0.677759 0.747163 0.404005 0.000000 0.878264 0.810556 0.983861 0.858008 0.719876 0.731746 0.716579 0.895488 0.647447 0.968882 0.589095 0.741999 0.582286 0.688811 0.978715 0.915251 0.631340 0.689731 0.823709 0.771427 0.734412 0.771635 0.800889 0.618872 0.623692 0.616612 0.819332 0.826773 0.915887 0.931906 0.991514 0.982545 0.963319 0.893185 0.995457 0.808579 0.717643 0.749495 0.461426 0.589233 0.771030 0.755079 0.747317 0.644962 0.775909 0.788008 0.871143 0.781004 0.889937 0.814364 0.655352 0.710365 0.825083 0.943042 0.918779 0.905902 0.983804 0.965739 0.804183 0.789442 0.842977 0.864046 0.953192 0.799470 0.741809 0.702005 0.624649 0.688171 0.796253 0.973286 0.814125 0.850893 0.868272 0.825770 0.957313 0.952228 0.987545 0.929131 0.596586 0.834442 0.902418 0.766795 0.937877 0.864160 0.877098 0.945626 0.878362 0.999258 0.764184 0.977785
0.862735 0.871797 0.912528 0.820975 0.885224 0.603464 0.758690 0.744199 0.793973 0.622834 0.913930 0.932534 0.705013 0.700525 0.586827 0.881710 0.915598 0.977860 0.930536 0.995421 0.861771 0.983935 0.608702 0.583798 0.731591 0.878264 0.000000 0.673360 0.985464 0.959182 0.877479 0.800601 0.995317 0.850908 0.835075 0.949797 0.795330 0.841663 0.870117 0.906315 0.999877 0.903141 0.981455 0.910982 0.976009 0.799136 0.805639 0.727823 0.679894 0.602190 0.778918 0.687615 0.718345 0.930698 0.706517 0.884526 0.889627 0.766425 0.933698 0.778342 0.976654 0.988522 0.929333 0.943783 0.537274 0.869789 0.864921 0.787167 0.775547 0.607837 0.643422 0.620819 0.686338 0.744244 0.831818 0.910911 0.916803 0.948742 0.940111 0.841511 0.837895 0.770826 0.632989 0.694236 0.529619 0.512264 0.719319 0.701235 0.551592 0.634939 0.683895 0.683655 0.718898 0.787144 0.974894 0.951736 0.674706 0.725499 0.692505 0.752584 0.605446 0.764848 0.727786 0.896720 0.991544 0.886290 0.859021 0.801514 0.843764 0.921360 0.842772 0.896651 0.762215 0.932210 0.886481 0.957646
0.846268 0.790014 0.882619 0.836018 0.889781 0.897737 0.847510 0.905376 0.840972 0.660917 0.947122 0.939725 0.877413 0.825867 0.854143 0.958019 0.992872 0.988694 0.925379 0.940880 0.845036 0.977257 0.761976 0.752702 0.761118 0.810556 0.673360 0.000000 0.973833 0.865377 0.861504 0.775253 0.963957 0.892859 0.826386 0.886464 0.887697 0.975208 0.811780 0.751637 0.930232 0.995102 0.928066 0.888478 0.992675 0.897977 0.830791 0.727598 0.759470 0.676768 0.828453 0.741199 0.884143 0.934272 0.735491 0.755501 0.902665 0.771757 0.860811 0.765691 0.915424 0.990948 0.986826 0.956776 0.672278 0.843358 0.904688 0.991102 0.746238 0.733136 0.807560 0.841172 0.849926 0.844815 0.876156 0.826491 0.905492 0.916878 0.860153 0.964364 0.917432 0.786993 0.836397 0.790670 0.602210 0.622775 0.778881 0.850178 0.754147 0.617833 0.729276 0.835414 0.801065 0.873336 0.888642 0.813564 0.737928 0.941320 0.852632 0.863173 0.696503 0.726975 0.695317 0.814314 0.982144 0.961228 0.982212 0.939819 0.928153 0.963167 0.815819 0.958631 0.891565 0.973944 0.860201 0.971890
0.521741 0.428221 0.908827 0.726023 0.961178 0.798391 0.566126 0.549059 0.596544 0.581948 0.351734 0.406297 0.729019 0.680697 0.691230 0.564647 0.334605 0.302185 0.379030 0.388565 0.794209 0.975932 0.849235 0.850285 0.840434 0.983861 0.985464 0.973833 0.000000 0.299042 0.667558 0.699244 0.457033 0.351184 0.904857 0.819540 0.822582 0.881307 0.885004 0.919612 0.758116 0.733430 0.776835 0.721477 0.662381 0.725936 0.745888 0.750211 0.736669 0.818027 0.800736 0.911080 0.850492 0.987310 0.850102 0.868510 0.431548 0.532476 0.657751 0.818359 0.428795 0.681690 0.406708 0.404690 0.979245 0.837129 0.659591 0.780142 0.665975 0.717578 0.671229 0.556403 0.544876 0.622178 0.919096 0.880345 0.746041 0.692387 0.525979 0.550129 0.507728 0.575790 0.669445 0.660678 0.911938 0.894991 0.904095 0.980093 0.937980 0.888689 0.837151 0.902281 0.862344 0.955783 0.701444 0.779142 0.912203 0.770393 0.645224 0.684696 0.919951 0.822371 0.655288 0.562169 0.769792 0.728778 0.875322 0.981928 0.817951 0.997365 0.981861 0.588427 0.813613 0.992916 0.908470 0.879989
0.528829 0.521032 0.994469 0.801285 0.889234 0.791923 0.512833 0.517170 0.640991 0.555355 0.334567 0.444317 0.759068 0.737833 0.651410 0.557641 0.320078 0.263879 0.370303 0.449911 0.773995 0.944351 0.858533 0.846707 0.722112 0.858008 0.959182 0.865377 0.299042 0.000000 0.632964 0.676806 0.475220 0.390671 0.899538 0.829590 0.868619 0.880976 0.956111 0.961750 0.757926 0.723427 0.760530 0.664903 0.613118 0.686041 0.772717 0.778674 0.773240 0.883952 0.831660 0.910998 0.838951 0.981061 0.776410 0.854265 0.445525 0.558826 0.614414 0.853845 0.368267 0.647905 0.356674 0.351537 0.908093 0.856840 0.590472 0.698102 0.703314 0.808709 0.689361 0.591572 0.569251 0.615888 0.936373 0.847060 0.813518 0.670376 0.548327 0.525975 0.476461 0.563751 0.673090 0.658776 0.938112 0.893055 0.924267 0.917885 0.958198 0.915216 0.837741 0.961823 0.932917 0.977375 0.631134 0.725239 0.763577 0.806970 0.615038 0.628731 0.920635 0.754312 0.609094 0.536733 0.748540 0.764943 0.954350 0.999796 0.839252 0.966090 0.950487 0.586026 0.734953 0.998023 0.760593 0.987436
0.886248 0.800079 0.575958 0.586101 0.890783 0.855289 0.300601 0.429718 0.370202 0.589471 0.765465 0.801279 0.921583 0.897714 0.747346 0.561828 0.822033 0.754459 0.542446 0.665683 0.667144 0.892313 0.652030 0.860313 0.807587 0.719876 0.877479 0.861504 0.667558 0.632964 0.000000 0.344591 0.422648 0.455256 0.925422 0.901736 0.770442 0.696554 0.769645 0.876559 0.954881 0.894151 0.411619 0.424252 0.408976 0.540888 0.859630 0.818655 0.741960 0.787135 0.574563 0.659634 0.585658 0.557411 0.891733 0.988955 0.698877 0.983362 0.968342 0.818831 0.715976 0.864984 0.935710 0.891471 0.779137 0.906674 0.414739 0.524287 0.869749 0.855750 0.509809 0.470343 0.569372 0.522853 0.963543 0.755489 0.600821 0.421441 0.652938 0.702864 0.862361 0.984283 0.881707 0.916645 0.988351 0.982423 0.815105 0.756736 0.817419 0.907997 0.564682 0.533280 0.560203 0.612514 0.738809 0.749244 0.709114 0.809305 0.489026 0.484648 0.776117 0.503916 0.627353 0.781973 0.597665 0.914748 0.811246 0.814641 0.774874 0.917921 0.821291 0.807984 0.562530 0.904154 0.771480 0.983161
0.930359 0.863963 0.630671 0.631900 0.893222 0.750794 0.328126 0.457225 0.414141 0.600686 0.818434 0.816710 0.887484 0.851389 0.798042 0.578261 0.864641 0.794788 0.549598 0.704070 0.846476 0.855699 0.679703 0.834501 0.852255 0.731746 0.800601 0.775253 0.699244 0.676806 0.344591 0.000000 0.532362 0.515183 0.960856 0.922576 0.840665 0.830684 0.863205 0.966433 0.961841 0.986805 0.496600 0.559781 0.500266 0.643868 0.850916 0.922054 0.807223 0.842172 0.656019 0.716640 0.656339 0.598741 0.952850 0.991890 0.793540 0.921185 0.946250 0.788541 0.738149 0.954862 0.964583 0.957883 0.834537 0.909057 0.471453 0.589497 0.965194 0.875296 0.535314 0.535771 0.600987 0.613405 0.931065 0.807965 0.638066 0.555657 0.727791 0.716606 0.973742 0.948578 0.924850 0.915449 0.961160 0.984027 0.722068 0.938724 0.783327 0.850373 0.563353 0.538352 0.545733 0.648687 0.683041 0.763105 0.752334 0.821060 0.545992 0.510271 0.781237 0.567707 0.646200 0.782302 0.580402 0.907324 0.882926 0.889077 0.878723 0.955323 0.801557 0.833132 0.597901 0.914247 0.753033 0.913681
0.507717 0.444752 0.616006 0.467216 0.982203 0.749279 0.330018 0.380951 0.495188 0.694243 0.481361 0.478019 0.583400 0.595970 0.530998 0.350761 0.551752 0.493412 0.378452 0.475253 0.649357 0.888007 0.524641 0.612464 0.778974 0.716579 0.995317 0.963957 0.457033 0.475220 0.422648 0.532362 0.000000 0.313420 0.911611 0.915163 0.716900 0.651829 0.759719 0.740037 0.751979 0.763613 0.412324 0.414213 0.438974 0.469910 0.579805 0.574080 0.522835 0.556425 0.460111 0.529692 0.578647 0.781637 0.711248 0.716576 0.433784 0.602425 0.619565 0.779742 0.434650 0.572004 0.683741 0.640746 0.612751 0.576098 0.471122 0.524945 0.604126 0.616755 0.599546 0.518907 0.597629 0.505489 0.813801 0.768533 0.561136 0.520957 0.519506 0.535589 0.568411 0.644384 0.627643 0.676386 0.663339 0.644961 0.984134 0.961257 0.880028 0.744329 0.701326 0.755016 0.716884 0.829224 0.601545 0.624802 0.725424 0.647186 0.466103 0.560495 0.863540 0.719722 0.611304 0.793856 0.504829 0.714657 0.934626 0.864272 0.836672 0.945555 0.989814 0.616073 0.568181 0.895217 0.658020 0.990331
0.527614 0.444114 0.729232 0.595391 0.892008 0.717409 0.342652 0.348904 0.482180 0.568488 0.408915 0.462888 0.720896 0.768347 0.738687 0.485736 0.427899 0.388488 0.338435 0.409744 0.702265 0.824202 0.760896 0.791488 0.973368 0.895488 0.850908 0.892859 0.351184 0.390671 0.455256 0.515183 0.313420 0.000000 0.957095 0.908438 0.738714 0.745970 0.760975 0.828769 0.751039 0.760693 0.526431 0.544177 0.491599 0.588991 0.691619 0.679828 0.703259 0.810799 0.655063 0.782848 0.731288 0.879395 0.902066 0.816967 0.416893 0.607512 0.631131 0.828366 0.406004 0.622756 0.588154 0.543933 0.882120 0.747776 0.457141 0.543356 0.713856 0.724794 0.489607 0.417267 0.430713 0.434445 0.780407 0.868211 0.578475 0.551521 0.503143 0.513066 0.573819 0.675854 0.785471 0.751152 0.891380 0.891311 0.782855 0.879083 0.960674 0.971285 0.661428 0.700883 0.711593 0.815520 0.580139 0.623564 0.714051 0.705344 0.449075 0.473915 0.788757 0.692895 0.578734 0.629736 0.598346 0.694070 0.936395 0.834333 0.803040 0.943310 0.928371 0.526619 0.578627 0.783170 0.689652 0.905805
0.900801 0.934033 0.789553 0.827360 0.777784 0.799347 0.979467 0.981879 0.927673 0.936171 0.892636 0.878980 0.881573 0.950946 0.968706 0.946086 0.792757 0.894153 0.847975 0.945274 0.920749 0.846022 0.846447 0.886460 0.767177 0.647447 0.835075 0.826386 0.904857 0.899538 0.925422 0.960856 0.911611 0.957095 0.000000 0.713976 0.853607 0.789162 0.796006 0.879486 0.875580 0.947400 0.702241 0.727991 0.752777 0.661262 0.899168 0.792398 0.787244 0.796575 0.754733 0.777571 0.796385 0.808722 0.986193 0.993665 0.967295 0.992030 0.965572 0.975250 0.890790 0.927129 0.867770 0.854947 0.758226 0.995075 0.796786 0.770614 0.886103 0.909097 0.965347 0.970967 0.992014 0.993705 0.982887 0.885243 0.893887 0.864414 0.933025 0.880932 0.953986 0.862415 0.962947 0.859469 0.914340 0.914359 0.992440 0.894825 0.924373 0.752120 0.994016 0.987486 0.987335 0.984263 0.821791 0.801348 0.950759 0.865047 0.976059 0.914697 0.857446 0.966761 0.985528 0.983656 0.788243 0.849768 0.926327 0.863063 0.941986 0.815389 0.978910 0.966595 0.825747 0.968947 0.806411 0.989027
0.691774 0.693225 0.931452 0.874950 0.993371 0.768089 0.991024 0.854326 0.943264 0.999576 0.710308 0.690652 0.751011 0.720844 0.856540 0.808467 0.718450 0.777946 0.833878 0.696997 0.945011 0.968934 0.948459 0.890989 0.951109 0.968882 0.949797 0.886464 0.819540 0.829590 0.901736 0.922576 0.915163 0.908438 0.713976 0.000000 0.828228 0.980913 0.968373 0.879052 0.680362 0.945922 0.930120 0.989650 0.757294 0.861309 0.887733 0.958180 0.994736 0.929448 0.979113 0.989680 0.888814 0.758296 0.801798 0.858019 0.722285 0.686614 0.795796 0.701166 0.758506 0.721662 0.784460 0.742080 0.964324 0.704089 0.859312 0.945403 0.800206 0.893941 0.942591 0.931570 0.743881 0.953514 0.970956 0.918696 0.850145 0.981857 0.797716 0.861141 0.820826 0.734495 0.858242 0.732306 0.927506 0.906687 0.954104 0.958248 0.922592 0.842679 0.978429 0.987535 0.991696 0.972314 0.908303 0.911952 0.957753 0.970951 0.980547 0.939362 0.886924 0.784985 0.907347 0.913116 0.977957 0.881000 0.971386 0.952225 0.979282 0.836372 0.965314 0.886763 0.913506 0.965074 0.883736 0.961483
0.658375 0.615501 0.626009 0.532661 0.807813 0.999182 0.858581 0.719526 0.795010 0.987216 0.704635 0.664996 0.749586 0.723708 0.763026 0.714832 0.800121 0.759925 0.833012 0.708229 0.592707 0.750583 0.817994 0.740635 0.619996 0.589095 0.795330 0.887697 0.822582 0.868619 0.770442 0.840665 0.716900 0.738714 0.853607 0.828228 0.000000 0.583919 0.678162 0.565548 0.730719 0.719857 0.642906 0.587077 0.782433 0.691474 0.659265 0.684855 0.655419 0.643520 0.656473 0.652457 0.841173 0.979497 0.799159 0.837041 0.625600 0.658445 0.731458 0.738649 0.795129 0.672086 0.884701 0.789285 0.605351 0.632973 0.778941 0.795958 0.625002 0.572921 0.783313 0.784333 0.775453 0.779533 0.971483 0.856149 0.769537 0.733269 0.688499 0.623372 0.685537 0.760088 0.801651 0.732025 0.752840 0.758145 0.852654 0.824907 0.915841 0.738119 0.887822 0.913705 0.820071 0.890808 0.789567 0.844343 0.983126 0.950601 0.814717 0.850262 0.835252 0.977712 0.905504 0.848778 0.763718 0.778587 0.954317 0.996145 0.999149 0.980608 0.966670 0.883559 0.967797 0.847965 0.788784 0.874162
0.628936 0.651368 0.602268 0.562019 0.964379 0.912493 0.777458 0.698492 0.892360 0.955956 0.715946 0.703563 0.753115 0.746691 0.792105 0.687020 0.814241 0.770501 0.771087 0.700658 0.819887 0.846922 0.824590 0.810145 0.639120 0.741999 0.841663 0.975208 0.881307 0.880976 0.696554 0.830684 0.651829 0.745970 0.789162 0.980913 0.583919 0.000000 0.739925 0.670999 0.798276 0.822042 0.689543 0.640857 0.777581 0.672994 0.708507 0.653085 0.695170 0.681629 0.618023 0.668845 0.835318 0.990885 0.684163 0.873537 0.615035 0.665832 0.697131 0.740646 0.719375 0.690472 0.876927 0.803128 0.612016 0.631003 0.767700 0.792249 0.513348 0.567260 0.834175 0.786626 0.849409 0.641246 0.818244 0.720164 0.837476 0.798771 0.595251 0.761155 0.694619 0.763888 0.753225 0.797819 0.737254 0.734782 0.928122 0.863003 0.712268 0.712268 0.940948 0.937851 0.840874 0.855337 0.750046 0.925666 0.915007 0.905153 0.882453 0.966782 0.905443 0.929156 0.872944 0.952982 0.763313 0.777187 0.945031 0.886057 0.978677 0.910061 0.999327 0.880854 0.820846 0.912684 0.657908 0.977889
