0.000000 0.121855 0.201081 0.209409 0.612085 0.485851 0.162274 0.143093 0.349661 0.267456 0.162486 0.114212 0.124382 0.214492 0.211567 0.228035 0.115467 0.110585 0.111551 0.126664 0.417947 0.774748 0.220089 0.392977 0.605873 0.539491 0.899271 0.965581 0.157779 0.128599 0.223329 0.308038 0.133281 0.141060 0.402823 0.565818 0.341677 0.415943 0.684011 0.660005 0.680012 0.489096 0.187517 0.169452 0.205796 0.158729 0.181055 0.173556 0.603088 0.279732 0.330496 0.246814 0.394631 0.405303 0.420055 0.445932 0.140124 0.131422 0.121432 0.146366 0.104432 0.165789 0.112330 0.117894 0.311332 0.210969 0.186742 0.161806 0.267505 0.181810 0.227346 0.224271 0.325222 0.304337 0.557323 0.523480 0.305638 0.252588 0.146038 0.174100 0.098752 0.138955 0.407739 0.284592 0.207495 0.365936 0.984128 0.943628 0.380507 0.488127 0.490063 0.555832 0.483563 0.637303 0.406526 0.434357 0.284461 0.459500 0.217184 0.213511 0.482428 0.528064 0.259643 0.275205 0.295223 0.275048 0.717237 0.516461 0.543944 0.320018 0.647285 0.345858 0.290767 0.420153 0.427662 0.919965
0.121855 0.000000 0.235842 0.226044 0.620453 0.505854 0.184791 0.149180 0.405476 0.285007 0.192708 0.119104 0.141900 0.194977 0.221038 0.238419 0.127836 0.105593 0.115844 0.131891 0.390738 0.760671 0.232068 0.390365 0.606626 0.552514 0.910987 0.984549 0.139805 0.134836 0.225726 0.293392 0.137512 0.155473 0.456609 0.556004 0.331158 0.454762 0.698195 0.643256 0.754649 0.403402 0.174166 0.155472 0.204203 0.167620 0.189853 0.152785 0.558325 0.308808 0.344824 0.274323 0.440107 0.416499 0.432822 0.462201 0.113566 0.095179 0.120667 0.151791 0.128770 0.189397 0.121797 0.108971 0.363202 0.268176 0.207750 0.175376 0.279418 0.165201 0.241762 0.236190 0.407226 0.387082 0.578481 0.545694 0.311689 0.285384 0.188164 0.204553 0.110343 0.136743 0.374113 0.240594 0.217014 0.350541 0.953143 0.911771 0.409218 0.467727 0.545718 0.598392 0.523924 0.693681 0.321498 0.466049 0.292148 0.370551 0.250513 0.220626 0.500356 0.559040 0.288689 0.222720 0.287075 0.267000 0.790062 0.558862 0.558269 0.331122 0.637197 0.340511 0.344446 0.365661 0.407641 0.881497
0.201081 0.235842 0.000000 0.114624 0.628422 0.467950 0.142764 0.167699 0.300565 0.324642 0.247137 0.222370 0.220154 0.326112 0.295259 0.297972 0.265646 0.209675 0.183181 0.181748 0.358080 0.750452 0.212037 0.327474 0.430968 0.338296 0.947440 0.937680 0.276869 0.221074 0.166126 0.269906 0.153858 0.195012 0.433880 0.638097 0.324548 0.492677 0.614878 0.681619 0.768477 0.564591 0.195223 0.192255 0.281789 0.271785 0.249056 0.253249 0.719226 0.380703 0.435119 0.356355 0.457340 0.395562 0.440123 0.521050 0.302695 0.285928 0.287561 0.295875 0.185827 0.237894 0.279305 0.274194 0.191052 0.143863 0.180954 0.180645 0.306384 0.243045 0.228492 0.271972 0.291295 0.244562 0.622281 0.586386 0.292353 0.273966 0.253448 0.283642 0.216058 0.198351 0.457816 0.303199 0.263871 0.318252 0.927793 0.953135 0.437226 0.459602 0.418130 0.486157 0.426318 0.527083 0.388179 0.529725 0.370399 0.542646 0.306913 0.296015 0.454225 0.446452 0.399868 0.281257 0.314173 0.363479 0.802848 0.540040 0.623991 0.442376 0.692782 0.453521 0.342101 0.517477 0.467641 0.926922
0.209409 0.226044 0.114624 0.000000 0.664776 0.423352 0.146046 0.134136 0.320564 0.276912 0.301184 0.194546 0.214893 0.277986 0.258264 0.248162 0.253906 0.207840 0.190876 0.194681 0.341857 0.717874 0.178575 0.302998 0.415749 0.328321 0.940791 0.887406 0.255359 0.204083 0.158040 0.238791 0.132686 0.168686 0.369984 0.603146 0.303964 0.491592 0.557318 0.704243 0.743125 0.510064 0.163962 0.178203 0.236786 0.237530 0.207252 0.222762 0.634215 0.329845 0.400728 0.310042 0.449938 0.388055 0.410936 0.485341 0.295795 0.263857 0.259464 0.270716 0.195854 0.212793 0.274241 0.239697 0.212062 0.147865 0.157750 0.138944 0.340155 0.240629 0.201324 0.267945 0.322604 0.348966 0.575179 0.593152 0.253127 0.282277 0.226779 0.291466 0.188904 0.161221 0.399346 0.240289 0.228932 0.261070 0.937684 0.974990 0.430605 0.407157 0.387691 0.458566 0.380765 0.507115 0.348185 0.489392 0.335871 0.496858 0.272942 0.249793 0.447542 0.439382 0.346195 0.262355 0.263594 0.325803 0.849793 0.559282 0.648015 0.428926 0.615269 0.387007 0.324313 0.431369 0.477844 0.971475
0.612085 0.620453 0.628422 0.664776 0.000000 0.720959 0.609119 0.610616 0.755288 0.680027 0.672580 0.654320 0.555240 0.657363 0.625334 0.603493 0.668257 0.662419 0.605843 0.698191 0.658636 0.755032 0.614127 0.693492 0.947143 0.921260 0.835179 0.940941 0.655391 0.683858 0.748172 0.844075 0.629037 0.672010 0.810979 0.819908 0.853073 0.755617 0.889335 0.859282 0.756895 0.704494 0.578014 0.625567 0.628072 0.620508 0.580596 0.647604 0.806360 0.667852 0.556082 0.580398 0.716122 0.560778 0.788758 0.705783 0.634679 0.695246 0.642441 0.702750 0.576172 0.595803 0.593735 0.599226 0.638501 0.631810 0.591413 0.642997 0.788521 0.704370 0.480081 0.601374 0.771232 0.727760 0.988693 0.665731 0.737449 0.723759 0.729998 0.705845 0.632957 0.670499 0.591137 0.675327 0.569254 0.630058 0.941479 0.935894 0.826201 0.727055 0.639033 0.642878 0.677435 0.709576 0.895676 0.750173 0.742269 0.721585 0.637353 0.626768 0.704430 0.784128 0.591307 0.681216 0.571974 0.669325 0.786380 0.586170 0.767963 0.891374 0.820543 0.740177 0.688232 0.689775 0.652310 0.949627
0.485851 0.505854 0.467950 0.423352 0.720959 0.000000 0.378750 0.368941 0.522188 0.420073 0.542795 0.496706 0.500955 0.603631 0.597441 0.527311 0.551091 0.501580 0.485553 0.537773 0.615057 0.969686 0.526616 0.648152 0.784245 0.603642 0.959614 0.847803 0.547945 0.549732 0.524020 0.635711 0.479046 0.488565 0.504014 0.762346 0.625236 0.855272 0.842617 0.937643 0.709902 0.586167 0.370402 0.462664 0.409011 0.428962 0.402902 0.450819 0.745155 0.565349 0.531809 0.482742 0.585158 0.521184 0.665487 0.695654 0.594185 0.582083 0.516531 0.548727 0.496344 0.541973 0.502360 0.524084 0.606282 0.483029 0.351115 0.393778 0.653578 0.507619 0.371155 0.398892 0.632619 0.667908 0.642917 0.683698 0.458315 0.500317 0.437022 0.636965 0.435701 0.463492 0.698147 0.502261 0.528728 0.636990 0.893167 0.919572 0.800319 0.710641 0.330095 0.415053 0.310619 0.468244 0.580062 0.667563 0.438810 0.720811 0.426133 0.449354 0.457774 0.455249 0.546723 0.509800 0.436241 0.590395 0.934610 0.625815 0.781128 0.693895 0.695087 0.546917 0.453275 0.570659 0.605451 0.882244
0.162274 0.184791 0.142764 0.146046 0.609119 0.378750 0.000000 0.101559 0.286744 0.197705 0.203600 0.188164 0.196984 0.314642 0.304616 0.311613 0.185986 0.151310 0.136238 0.173264 0.364714 0.729764 0.270339 0.442730 0.636091 0.509604 0.861214 0.983309 0.241110 0.201559 0.227679 0.324338 0.143426 0.141586 0.451067 0.626223 0.387856 0.504458 0.685405 0.703259 0.681520 0.478740 0.139499 0.114415 0.164477 0.176014 0.214530 0.202972 0.678076 0.370688 0.373129 0.315324 0.473447 0.358423 0.427480 0.562186 0.202866 0.221148 0.206989 0.275910 0.150604 0.241189 0.214553 0.219671 0.289341 0.180779 0.111378 0.119488 0.300763 0.230633 0.188306 0.181266 0.300386 0.278694 0.582289 0.517738 0.255751 0.225304 0.243538 0.269637 0.165500 0.179521 0.463945 0.310358 0.296553 0.412347 0.956687 0.862266 0.467686 0.562843 0.341219 0.380569 0.334218 0.411568 0.356094 0.471115 0.290847 0.465076 0.206716 0.205408 0.388377 0.333764 0.320493 0.216259 0.275577 0.303748 0.845624 0.499694 0.590724 0.390560 0.578142 0.333841 0.237461 0.375862 0.443879 0.900791
0.143093 0.149180 0.167699 0.134136 0.610616 0.368941 0.101559 0.000000 0.325026 0.177911 0.233262 0.138447 0.164719 0.243532 0.241776 0.251118 0.163389 0.140563 0.158320 0.168428 0.379066 0.752349 0.228426 0.405173 0.626267 0.501001 0.864596 0.935160 0.200831 0.174871 0.237060 0.316883 0.120130 0.130843 0.385142 0.568681 0.341668 0.449897 0.681259 0.675741 0.645954 0.438036 0.126484 0.138978 0.142321 0.152548 0.188393 0.184506 0.555331 0.300370 0.312319 0.253012 0.410885 0.359341 0.406756 0.477196 0.185927 0.174826 0.168644 0.211856 0.131996 0.157956 0.181134 0.146173 0.277849 0.177229 0.113564 0.108654 0.352567 0.193738 0.204721 0.217202 0.361211 0.373805 0.586950 0.532326 0.241723 0.228596 0.178253 0.279889 0.133839 0.156579 0.427659 0.264835 0.224905 0.348599 0.980178 0.880289 0.428600 0.432295 0.312006 0.361483 0.302881 0.435094 0.298561 0.389444 0.240232 0.400694 0.164138 0.151157 0.339542 0.381360 0.254786 0.185724 0.208180 0.262126 0.820903 0.450178 0.580882 0.351602 0.536391 0.299909 0.234291 0.344386 0.422556 0.907181
0.349661 0.405476 0.300565 0.320564 0.755288 0.522188 0.286744 0.325026 0.000000 0.346902 0.352213 0.337552 0.339759 0.445013 0.416047 0.394955 0.400940 0.371982 0.357524 0.338188 0.543407 0.852350 0.366190 0.527768 0.689356 0.564206 0.921153 0.951714 0.414033 0.368414 0.365413 0.453549 0.338025 0.348214 0.550656 0.689678 0.439843 0.492740 0.809002 0.735802 0.847254 0.708129 0.359193 0.331076 0.387094 0.378123 0.367044 0.384984 0.792699 0.489446 0.459612 0.422858 0.543101 0.472193 0.563496 0.603878 0.413418 0.435213 0.385248 0.429688 0.300426 0.361384 0.383020 0.414424 0.333228 0.314127 0.329404 0.327719 0.402464 0.407317 0.360877 0.447558 0.358356 0.330654 0.658166 0.514636 0.397317 0.369970 0.425877 0.391882 0.382245 0.396834 0.565451 0.517256 0.431550 0.538426 0.924838 0.886967 0.575117 0.651749 0.498335 0.494836 0.481299 0.513495 0.536860 0.491024 0.506169 0.739719 0.351737 0.376370 0.499652 0.417669 0.464733 0.373213 0.446248 0.476069 0.769772 0.551807 0.653416 0.552349 0.599561 0.546625 0.408149 0.606417 0.499292 0.917620
0.267456 0.285007 0.324642 0.276912 0.680027 0.420073 0.197705 0.177911 0.346902 0.000000 0.288665 0.241872 0.295274 0.363026 0.358550 0.375085 0.251188 0.248257 0.286067 0.306514 0.528889 0.793094 0.391570 0.570864 0.824626 0.628379 0.904034 0.986358 0.304242 0.274329 0.385054 0.427006 0.231835 0.236064 0.435003 0.678163 0.452968 0.512312 0.774801 0.738262 0.760171 0.440418 0.252149 0.265953 0.254855 0.275352 0.368975 0.323453 0.640732 0.430978 0.419494 0.353240 0.551116 0.455826 0.522822 0.575571 0.295290 0.307102 0.261050 0.323514 0.247121 0.256779 0.298868 0.264241 0.401024 0.266445 0.246071 0.237324 0.407131 0.255676 0.332563 0.303078 0.374326 0.409417 0.578589 0.499941 0.314761 0.272459 0.314604 0.361329 0.245529 0.293590 0.571990 0.363896 0.412265 0.547957 0.956683 0.799051 0.538366 0.605066 0.364214 0.361375 0.348968 0.417323 0.425350 0.411933 0.342552 0.479460 0.195871 0.217503 0.378714 0.310859 0.334032 0.238030 0.331440 0.350725 0.864241 0.488814 0.670514 0.465973 0.562947 0.372067 0.277883 0.373688 0.496609 0.910738
0.162486 0.192708 0.247137 0.301184 0.672580 0.542795 0.203600 0.233262 0.352213 0.288665 0.000000 0.157593 0.168329 0.253386 0.276996 0.287464 0.136114 0.128129 0.134076 0.149010 0.442196 0.780114 0.310245 0.426187 0.691633 0.573667 0.984005 0.980038 0.170757 0.141574 0.257730 0.294075 0.202712 0.180946 0.547897 0.636899 0.445600 0.518861 0.743097 0.611084 0.692122 0.532785 0.287575 0.235498 0.344599 0.307134 0.308707 0.277246 0.842414 0.486942 0.520314 0.449204 0.564731 0.542636 0.524482 0.657115 0.163940 0.201558 0.229774 0.286224 0.154142 0.260503 0.152715 0.192132 0.371558 0.253171 0.280920 0.267682 0.256050 0.261315 0.317672 0.298888 0.359504 0.309000 0.664067 0.554761 0.360862 0.272766 0.250220 0.194710 0.171708 0.222477 0.406336 0.337439 0.361241 0.501134 0.913178 0.889498 0.503248 0.666463 0.619851 0.672276 0.630842 0.712635 0.462367 0.563427 0.421581 0.558573 0.367002 0.318513 0.587127 0.524960 0.359574 0.266524 0.451561 0.378574 0.816476 0.620350 0.679363 0.408548 0.675892 0.445656 0.376544 0.460290 0.487396 0.990316
0.114212 0.119104 0.222370 0.194546 0.654320 0.496706 0.188164 0.138447 0.337552 0.241872 0.157593 0.000000 0.101143 0.132290 0.150889 0.156830 0.108410 0.097559 0.119268 0.131313 0.420417 0.755061 0.183864 0.334017 0.605738 0.529595 0.958216 0.934617 0.111482 0.095014 0.212483 0.256540 0.122180 0.151438 0.416135 0.555454 0.348859 0.414088 0.667225 0.629076 0.693060 0.446986 0.198142 0.190588 0.242110 0.208128 0.213829 0.190255 0.625097 0.346542 0.382056 0.305323 0.473470 0.461604 0.458653 0.506556 0.130511 0.133875 0.143365 0.178199 0.104724 0.143258 0.099138 0.088271 0.306482 0.208041 0.212141 0.187447 0.295401 0.185808 0.242456 0.261040 0.371386 0.369686 0.573999 0.526878 0.281049 0.233783 0.153674 0.202614 0.111881 0.163577 0.331114 0.251136 0.213634 0.344367 0.972450 0.904951 0.402204 0.490652 0.544467 0.602600 0.529201 0.702627 0.353454 0.447330 0.350218 0.415113 0.251485 0.218820 0.507630 0.561844 0.269350 0.236046 0.297470 0.268913 0.774984 0.558115 0.599853 0.308851 0.597417 0.368552 0.332648 0.373336 0.417014 0.967379
0.124382 0.141900 0.220154 0.214893 0.555240 0.500955 0.196984 0.164719 0.339759 0.295274 0.168329 0.101143 0.000000 0.116364 0.106646 0.122537 0.140527 0.136680 0.132646 0.175166 0.367223 0.772155 0.139426 0.271115 0.577053 0.554674 0.973647 0.995860 0.136000 0.123687 0.197038 0.281644 0.153622 0.181738 0.456927 0.587454 0.324971 0.379203 0.669344 0.643706 0.659159 0.462452 0.204808 0.193224 0.267719 0.232874 0.211259 0.191977 0.668505 0.367934 0.376304 0.306486 0.468931 0.448587 0.471352 0.537780 0.154649 0.171522 0.174957 0.225084 0.097728 0.161311 0.100808 0.105895 0.264961 0.218302 0.218431 0.216081 0.358774 0.261216 0.228888 0.268715 0.394203 0.381619 0.628784 0.510487 0.326174 0.249692 0.197521 0.239452 0.137265 0.195805 0.284990 0.298195 0.177789 0.302236 0.956306 0.985704 0.416125 0.457945 0.556062 0.613779 0.542115 0.707283 0.387042 0.474813 0.363334 0.451633 0.290934 0.265473 0.527473 0.565523 0.259877 0.276891 0.294726 0.253832 0.724383 0.523150 0.583414 0.356997 0.639030 0.417463 0.390997 0.421134 0.405086 0.995362
0.214492 0.194977 0.326112 0.277986 0.657363 0.603631 0.314642 0.243532 0.445013 0.363026 0.253386 0.132290 0.116364 0.000000 0.102509 0.120158 0.202063 0.200173 0.215299 0.246403 0.385831 0.745827 0.158919 0.226984 0.590867 0.590375 0.991222 0.865503 0.157176 0.160979 0.241368 0.271926 0.209204 0.246398 0.464693 0.609147 0.356134 0.394496 0.678758 0.642237 0.714792 0.474932 0.282109 0.278535 0.353155 0.317050 0.274732 0.246999 0.636569 0.416388 0.427109 0.381446 0.540736 0.535745 0.529482 0.588073 0.211773 0.220969 0.219264 0.283717 0.175089 0.214650 0.148767 0.135190 0.322021 0.292268 0.293852 0.282627 0.450047 0.321601 0.315901 0.379771 0.527854 0.536894 0.664962 0.583559 0.344583 0.287764 0.233376 0.311595 0.209669 0.264235 0.246153 0.338625 0.204934 0.281762 0.951105 0.945106 0.462538 0.461166 0.662187 0.728222 0.641454 0.832312 0.393738 0.494183 0.448691 0.409677 0.374988 0.327007 0.577274 0.666280 0.275703 0.343975 0.332986 0.294008 0.814624 0.597965 0.600287 0.390705 0.630342 0.482752 0.493657 0.453207 0.438925 0.964386
0.211567 0.221038 0.295259 0.258264 0.625334 0.597441 0.304616 0.241776 0.416047 0.358550 0.276996 0.150889 0.106646 0.102509 0.000000 0.114254 0.231880 0.228254 0.232823 0.274954 0.396088 0.778797 0.127223 0.241261 0.542163 0.549414 0.954901 0.962930 0.196386 0.181024 0.225955 0.297268 0.215241 0.263964 0.431513 0.644018 0.335469 0.409457 0.677277 0.632488 0.703584 0.519216 0.274431 0.273926 0.342572 0.308593 0.284235 0.236081 0.644982 0.389563 0.404854 0.329321 0.475303 0.479646 0.482750 0.530412 0.247266 0.249064 0.244572 0.278060 0.162769 0.191446 0.174582 0.157588 0.262415 0.260527 0.296116 0.296717 0.465802 0.334074 0.304185 0.359158 0.439488 0.481614 0.632345 0.567275 0.360634 0.296007 0.261870 0.321765 0.218563 0.267000 0.282360 0.358454 0.179422 0.275283 0.906111 0.920037 0.410115 0.397777 0.632004 0.686525 0.605281 0.803154 0.406321 0.492225 0.439319 0.474116 0.345652 0.319203 0.572815 0.657497 0.288855 0.352952 0.313538 0.283004 0.707227 0.546637 0.656520 0.450027 0.672758 0.474725 0.475891 0.487348 0.445119 0.934132
0.228035 0.238419 0.297972 0.248162 0.603493 0.527311 0.311613 0.251118 0.394955 0.375085 0.287464 0.156830 0.122537 0.120158 0.114254 0.000000 0.236832 0.235334 0.227866 0.286948 0.375876 0.816283 0.110349 0.201117 0.510625 0.540037 0.930327 0.895173 0.192112 0.187726 0.198515 0.276529 0.217858 0.266461 0.461208 0.624110 0.367417 0.412903 0.643680 0.634060 0.678185 0.489200 0.265227 0.283153 0.363613 0.320737 0.268408 0.257929 0.707315 0.404977 0.424312 0.352605 0.484496 0.452846 0.539357 0.556014 0.278404 0.282303 0.258411 0.299583 0.181648 0.220795 0.182160 0.168261 0.290023 0.259073 0.275889 0.303409 0.415248 0.326782 0.246538 0.323248 0.449789 0.499648 0.608763 0.546481 0.351039 0.274677 0.240896 0.302751 0.207938 0.255640 0.243760 0.310944 0.195095 0.240450 0.949913 0.925737 0.466581 0.460613 0.611070 0.676784 0.581242 0.781175 0.423473 0.478732 0.464068 0.462239 0.394065 0.364547 0.601676 0.614586 0.295297 0.379129 0.320821 0.303103 0.702461 0.645315 0.644773 0.475338 0.750787 0.530696 0.504506 0.442803 0.458525 0.986882
0.115467 0.127836 0.265646 0.253906 0.668257 0.551091 0.185986 0.163389 0.400940 0.251188 0.136114 0.108410 0.140527 0.202063 0.231880 0.236832 0.000000 0.086225 0.112083 0.131713 0.437421 0.697394 0.272317 0.424147 0.701340 0.610653 0.930586 0.981902 0.119596 0.101700 0.252283 0.260753 0.150046 0.128156 0.494864 0.561334 0.403820 0.477495 0.704626 0.629887 0.684362 0.462406 0.228081 0.176271 0.251918 0.225984 0.249199 0.222650 0.688396 0.379606 0.435561 0.346093 0.515773 0.467271 0.479450 0.558809 0.115473 0.124246 0.158510 0.200661 0.135465 0.200232 0.119734 0.119410 0.384152 0.244509 0.226424 0.202804 0.264342 0.180624 0.284909 0.265558 0.358664 0.344432 0.596327 0.484785 0.317526 0.242518 0.163925 0.169899 0.106331 0.156954 0.359337 0.278610 0.290194 0.417333 0.987038 0.922393 0.443730 0.571344 0.588837 0.631467 0.585078 0.685976 0.365683 0.472892 0.336151 0.409821 0.293488 0.229494 0.567730 0.543915 0.284763 0.235263 0.357993 0.272619 0.812436 0.589864 0.620211 0.323863 0.626557 0.342958 0.351821 0.337889 0.488543 0.935278
0.110585 0.105593 0.209675 0.207840 0.662419 0.501580 0.151310 0.140563 0.371982 0.248257 0.128129 0.097559 0.136680 0.200173 0.228254 0.235334 0.086225 0.000000 0.086226 0.098604 0.407050 0.734890 0.259935 0.409795 0.652607 0.554123 0.896289 0.971863 0.106973 0.088608 0.225057 0.254894 0.124759 0.115964 0.471082 0.594420 0.370314 0.474386 0.680974 0.594123 0.743560 0.444714 0.190034 0.142297 0.226529 0.192448 0.203879 0.172745 0.660038 0.363837 0.411981 0.332446 0.497021 0.458389 0.452808 0.534154 0.100885 0.106270 0.150989 0.190919 0.111971 0.182314 0.106200 0.105049 0.349752 0.214633 0.198067 0.178503 0.247869 0.176994 0.273360 0.251541 0.376001 0.344570 0.571609 0.532253 0.299635 0.232628 0.161651 0.181188 0.106317 0.136292 0.354494 0.239335 0.265018 0.391876 0.945161 0.885332 0.448610 0.529018 0.550166 0.605186 0.547847 0.670688 0.350201 0.463429 0.333033 0.403337 0.265148 0.214889 0.530129 0.529931 0.287468 0.208199 0.317553 0.283484 0.821256 0.599303 0.607394 0.308346 0.650178 0.322394 0.296535 0.359629 0.424453 0.936518
0.111551 0.115844 0.183181 0.190876 0.605843 0.485553 0.136238 0.158320 0.357524 0.286067 0.134076 0.119268 0.132646 0.215299 0.232823 0.227866 0.112083 0.086226 0.000000 0.108392 0.369493 0.700000 0.234845 0.382476 0.576337 0.525779 0.920725 0.991704 0.144255 0.113469 0.188307 0.268787 0.139209 0.128878 0.453894 0.590583 0.372020 0.467059 0.627695 0.635763 0.728226 0.437481 0.174020 0.140307 0.229597 0.200164 0.191016 0.175233 0.681975 0.338292 0.399998 0.324068 0.502969 0.429418 0.437056 0.564529 0.133152 0.141334 0.168706 0.212447 0.116963 0.219118 0.125840 0.140318 0.319651 0.214193 0.186491 0.171940 0.240821 0.192724 0.215161 0.209795 0.332847 0.298402 0.580719 0.492598 0.316684 0.250762 0.204050 0.167954 0.119531 0.145629 0.360133 0.271900 0.253443 0.373110 0.945511 0.910125 0.457764 0.552952 0.547758 0.611740 0.540981 0.659306 0.385132 0.486598 0.350455 0.441123 0.277742 0.251564 0.542666 0.528596 0.308752 0.245547 0.329485 0.288956 0.758406 0.582830 0.581030 0.338879 0.653069 0.346824 0.332506 0.399158 0.428315 0.963115
0.126664 0.131891 0.181748 0.194681 0.698191 0.537773 0.173264 0.168428 0.338188 0.306514 0.149010 0.131313 0.175166 0.246403 0.274954 0.286948 0.131713 0.098604 0.108392 0.000000 0.419266 0.732054 0.268313 0.383469 0.577001 0.462799 0.938520 0.970763 0.146363 0.112479 0.208526 0.233449 0.133325 0.126331 0.458035 0.614767 0.362807 0.494097 0.697186 0.617201 0.765963 0.525504 0.210285 0.175036 0.260151 0.218095 0.214511 0.211906 0.676070 0.358968 0.443990 0.371902 0.512947 0.507843 0.461516 0.534892 0.142797 0.139816 0.171650 0.197886 0.146718 0.212009 0.150876 0.159215 0.344164 0.226555 0.221434 0.181979 0.241906 0.193903 0.278193 0.285973 0.330421 0.301450 0.603262 0.556291 0.298613 0.268409 0.194542 0.173861 0.135918 0.136727 0.410933 0.264866 0.287099 0.407973 0.896514 0.906656 0.403152 0.535089 0.581725 0.652565 0.589753 0.709846 0.376858 0.530829 0.354678 0.480097 0.292672 0.254983 0.526319 0.578089 0.352661 0.252757 0.368533 0.320169 0.786557 0.587445 0.571325 0.331900 0.621446 0.364785 0.351154 0.434144 0.436555 0.908389
0.417947 0.390738 0.358080 0.341857 0.658636 0.615057 0.364714 0.379066 0.543407 0.528889 0.442196 0.420417 0.367223 0.385831 0.396088 0.375876 0.437421 0.407050 0.369493 0.419266 0.000000 0.781765 0.341991 0.364865 0.514982 0.534519 0.992864 0.898873 0.451781 0.438871 0.339459 0.486153 0.376092 0.363815 0.502445 0.674851 0.481555 0.499013 0.615859 0.691103 0.662963 0.626481 0.333848 0.329832 0.436698 0.413914 0.377355 0.380596 0.760786 0.474911 0.556127 0.506716 0.631488 0.486637 0.549326 0.689709 0.451218 0.424905 0.406413 0.441308 0.398171 0.461056 0.415024 0.411047 0.404830 0.417132 0.366246 0.398376 0.539885 0.478918 0.336890 0.399646 0.536207 0.579853 0.816236 0.703941 0.343081 0.372712 0.455225 0.440793 0.401423 0.375419 0.394515 0.458383 0.378676 0.435967 0.967049 0.982493 0.636703 0.563046 0.552767 0.631531 0.558040 0.674110 0.473947 0.563713 0.439972 0.601171 0.538157 0.480761 0.651048 0.558458 0.409649 0.430172 0.404074 0.445156 0.856646 0.605663 0.593761 0.670286 0.690398 0.594560 0.519155 0.565104 0.552319 0.881557
0.774748 0.760671 0.750452 0.717874 0.755032 0.969686 0.729764 0.752349 0.852350 0.793094 0.780114 0.755061 0.772155 0.745827 0.778797 0.816283 0.697394 0.734890 0.700000 0.732054 0.781765 0.000000 0.775643 0.832362 0.993240 0.807013 0.892848 0.771192 0.700965 0.724234 0.824762 0.705360 0.701408 0.708315 0.887155 0.793205 0.820377 0.895372 0.759159 0.743182 0.917914 0.869064 0.758193 0.721169 0.775925 0.811979 0.773177 0.796565 0.824537 0.823911 0.800244 0.811394 0.933947 0.766163 0.778915 0.923065 0.742993 0.782634 0.797377 0.851266 0.741216 0.777827 0.765765 0.756587 0.742167 0.716772 0.734820 0.696563 0.806839 0.781622 0.772406 0.824222 0.803801 0.799121 0.892643 0.626141 0.758385 0.786015 0.871547 0.738971 0.755810 0.736031 0.688250 0.760170 0.773751 0.720762 0.913231 0.897158 0.777628 0.770820 0.848952 0.913458 0.919527 0.873871 0.790878 0.843673 0.853629 0.716988 0.767295 0.715144 0.911952 0.912589 0.761442 0.692567 0.807487 0.745090 0.969420 0.754374 0.932310 0.842737 0.752016 0.775980 0.816369 0.792622 0.757834 0.882939
0.220089 0.232068 0.212037 0.178575 0.614127 0.526616 0.270339 0.228426 0.366190 0.391570 0.310245 0.183864 0.139426 0.158919 0.127223 0.110349 0.272317 0.259935 0.234845 0.268313 0.341991 0.775643 0.000000 0.167562 0.393660 0.407845 0.928128 0.923327 0.224175 0.216055 0.146722 0.241145 0.186809 0.244040 0.406103 0.592503 0.304683 0.404660 0.595332 0.678838 0.736808 0.505723 0.230664 0.258676 0.338954 0.297769 0.230343 0.244058 0.668081 0.362792 0.406939 0.322056 0.428973 0.420502 0.457442 0.500352 0.301321 0.294637 0.260436 0.280912 0.177130 0.203051 0.213280 0.204588 0.195614 0.202231 0.227380 0.246799 0.410853 0.311277 0.218964 0.327077 0.376966 0.435235 0.641442 0.577467 0.326414 0.290389 0.246686 0.311530 0.200663 0.226047 0.280273 0.290543 0.131834 0.170022 0.982170 0.882410 0.398708 0.374816 0.560885 0.646944 0.533260 0.746847 0.367678 0.485784 0.411809 0.473293 0.368032 0.349165 0.556693 0.612963 0.319377 0.364046 0.309564 0.279899 0.722361 0.588050 0.628774 0.496760 0.727870 0.514050 0.463256 0.511239 0.408076 0.988687
0.392977 0.390365 0.327474 0.302998 0.693492 0.648152 0.442730 0.405173 0.527768 0.570864 0.426187 0.334017 0.271115 0.226984 0.241261 0.201117 0.424147 0.409795 0.382476 0.383469 0.364865 0.832362 0.167562 0.000000 0.341541 0.377808 0.932419 0.818729 0.332413 0.320360 0.221672 0.269376 0.325384 0.385515 0.496488 0.688385 0.429219 0.558704 0.586990 0.704448 0.807292 0.621798 0.403513 0.432768 0.539156 0.480476 0.376064 0.391226 0.781217 0.519103 0.576994 0.535385 0.565887 0.570200 0.558424 0.632218 0.480756 0.460297 0.436675 0.474372 0.347585 0.379330 0.348374 0.363729 0.320568 0.328952 0.391354 0.416240 0.557201 0.475966 0.374153 0.495272 0.517602 0.565276 0.777162 0.671593 0.456101 0.410293 0.383114 0.412888 0.341130 0.331989 0.267790 0.360778 0.255404 0.190417 0.810872 0.685084 0.499857 0.458324 0.740673 0.840244 0.729760 0.918912 0.474308 0.649373 0.579077 0.581829 0.625791 0.558292 0.681776 0.740283 0.510794 0.528165 0.473423 0.480600 0.833875 0.708749 0.688622 0.610869 0.797955 0.712158 0.662263 0.682205 0.558011 0.968769
0.605873 0.606626 0.430968 0.415749 0.947143 0.784245 0.636091 0.626267 0.689356 0.824626 0.691633 0.605738 0.577053 0.590867 0.542163 0.510625 0.701340 0.652607 0.576337 0.577001 0.514982 0.993240 0.393660 0.341541 0.000000 0.270677 0.844360 0.842840 0.642692 0.592501 0.346886 0.491251 0.543254 0.616468 0.538142 0.786787 0.513805 0.737388 0.493043 0.864702 0.868713 0.830604 0.601914 0.635072 0.739221 0.677920 0.532186 0.589616 0.874533 0.599675 0.770519 0.656885 0.663976 0.721111 0.542513 0.669909 0.763537 0.646748 0.676289 0.579567 0.608857 0.589091 0.672140 0.652257 0.421431 0.503055 0.622553 0.600422 0.616744 0.620225 0.584784 0.636804 0.534455 0.635135 0.722172 0.854656 0.648677 0.697656 0.597880 0.578259 0.579422 0.519168 0.621750 0.571442 0.452113 0.369557 0.957135 0.879666 0.665198 0.491206 0.874665 0.950735 0.810448 0.999849 0.617210 0.818748 0.706724 0.810980 0.805228 0.787684 0.923031 0.910876 0.834114 0.747947 0.634994 0.685073 0.829697 0.941065 0.774222 0.711590 0.972808 0.822997 0.785755 0.873396 0.690981 0.965066
0.539491 0.552514 0.338296 0.328321 0.921260 0.603642 0.509604 0.501001 0.564206 0.628379 0.573667 0.529595 0.554674 0.590375 0.549414 0.540037 0.610653 0.554123 0.525779 0.462799 0.534519 0.807013 0.407845 0.377808 0.270677 0.000000 0.831209 0.727502 0.554584 0.521559 0.339254 0.387761 0.436528 0.466851 0.461630 0.749025 0.458912 0.763467 0.513796 0.700062 0.912341 0.762999 0.470950 0.504245 0.581656 0.530585 0.433619 0.496708 0.709455 0.519428 0.638292 0.554894 0.540352 0.620098 0.548473 0.541180 0.675399 0.590247 0.569998 0.529086 0.516411 0.496027 0.607743 0.595503 0.352361 0.336799 0.482021 0.439078 0.561613 0.523010 0.531899 0.564297 0.444590 0.544419 0.761800 0.805746 0.470062 0.575546 0.546654 0.500769 0.493587 0.431592 0.622782 0.457650 0.436709 0.379400 0.930887 0.869043 0.509708 0.461346 0.675720 0.769498 0.667893 0.826197 0.519658 0.750486 0.589546 0.727856 0.622101 0.551905 0.695895 0.737375 0.728261 0.545104 0.590212 0.657726 0.875865 0.738948 0.790340 0.727150 0.932950 0.675601 0.603413 0.803250 0.549865 0.986209
0.899271 0.910987 0.947440 0.940791 0.835179 0.959614 0.861214 0.864596 0.921153 0.904034 0.984005 0.958216 0.973647 0.991222 0.954901 0.930327 0.930586 0.896289 0.920725 0.938520 0.992864 0.892848 0.928128 0.932419 0.844360 0.831209 0.000000 0.985678 0.950399 0.938443 0.911518 0.892774 0.898249 0.903292 0.991747 0.958482 0.963243 0.893967 0.859653 0.926845 0.945720 0.910176 0.929561 0.941125 0.862999 0.867294 0.947736 0.944840 0.832477 0.920899 0.828709 0.895743 0.977549 0.857354 0.854903 0.859988 0.885254 0.915545 0.906176 0.925027 0.912900 0.883035 0.909589 0.899804 0.972129 0.928403 0.882014 0.893934 0.967000 0.956106 0.997888 0.928395 0.979812 0.962236 0.999751 0.852730 0.974714 0.902844 0.967605 0.983396 0.928872 0.866402 0.980195 0.923616 0.945358 0.948819 0.922790 0.980773 0.960118 0.984930 0.813445 0.799433 0.858802 0.781126 0.966876 0.887641 0.949829 0.886530 0.838168 0.872010 0.922706 0.883528 0.856532 0.866685 0.759174 0.969240 0.979306 0.953785 0.943782 0.738897 0.932314 0.812691 0.788652 0.914067 0.997741 0.863453
0.965581 0.984549 0.937680 0.887406 0.940941 0.847803 0.983309 0.935160 0.951714 0.986358 0.980038 0.934617 0.995860 0.865503 0.962930 0.895173 0.981902 0.971863 0.991704 0.970763 0.898873 0.771192 0.923327 0.818729 0.842840 0.727502 0.985678 0.000000 0.919568 0.963156 0.961380 0.917944 0.888298 0.983950 0.940097 0.980339 0.910362 0.922109 0.988543 0.824375 0.911242 0.959474 0.953132 0.966992 0.962784 0.999503 0.897115 0.971944 0.976440 0.917350 0.991647 0.928330 0.888850 0.978863 0.966099 0.981305 0.969917 0.993249 0.984477 0.963516 0.988954 0.962314 0.951595 0.924121 0.948565 0.912904 0.944474 0.911129 0.991099 0.975186 0.957295 0.998991 0.997873 0.906367 0.965580 0.903563 0.806386 0.904078 0.977087 0.938578 0.968824 0.940171 0.881732 0.909427 0.952332 0.864806 0.979725 0.996517 0.975480 0.927723 0.889536 0.941187 0.919841 0.972115 0.938725 0.875717 0.892332 0.860638 0.967593 0.926335 0.974328 0.995007 0.930443 0.939524 0.872725 0.915414 0.778282 0.992477 0.941438 0.977766 0.946891 0.937353 0.990627 0.953214 0.846575 0.940414
0.157779 0.139805 0.276869 0.255359 0.655391 0.547945 0.241110 0.200831 0.414033 0.304242 0.170757 0.111482 0.136000 0.157176 0.196386 0.192112 0.119596 0.106973 0.144255 0.146363 0.451781 0.700965 0.224175 0.332413 0.642692 0.554584 0.950399 0.919568 0.000000 0.095996 0.227694 0.241000 0.148706 0.167253 0.480210 0.613045 0.374803 0.507601 0.667157 0.579886 0.770092 0.432049 0.256059 0.213514 0.309202 0.263856 0.230290 0.200328 0.643458 0.399268 0.444959 0.365580 0.513206 0.505204 0.482376 0.514313 0.144463 0.159395 0.188999 0.228434 0.140881 0.196161 0.113170 0.116476 0.359779 0.243695 0.248288 0.235484 0.290071 0.217628 0.304372 0.333415 0.415043 0.413450 0.632490 0.532998 0.343426 0.256878 0.174627 0.206682 0.128262 0.166353 0.311565 0.245828 0.242888 0.340370 0.923091 0.979048 0.461588 0.474188 0.646724 0.711601 0.640147 0.809005 0.374220 0.512837 0.393247 0.421626 0.345264 0.259318 0.565264 0.614878 0.302036 0.260862 0.362371 0.278393 0.818332 0.653594 0.634991 0.369899 0.645715 0.403881 0.384830 0.378858 0.437214 0.954311
0.128599 0.134836 0.221074 0.204083 0.683858 0.549732 0.201559 0.174871 0.368414 0.274329 0.141574 0.095014 0.123687 0.160979 0.181024 0.187726 0.101700 0.088608 0.113469 0.112479 0.438871 0.724234 0.216055 0.320360 0.592501 0.521559 0.938443 0.963156 0.095996 0.000000 0.195725 0.210897 0.130821 0.129970 0.449509 0.609460 0.355960 0.490603 0.671006 0.604619 0.760397 0.499650 0.246404 0.196298 0.290788 0.239592 0.239543 0.208078 0.703457 0.372388 0.443342 0.357037 0.488991 0.473633 0.437633 0.516451 0.145334 0.143445 0.186113 0.216952 0.123287 0.185300 0.114976 0.113469 0.330473 0.217908 0.230970 0.213294 0.259497 0.184654 0.287392 0.296875 0.359377 0.349287 0.545465 0.527556 0.326414 0.243082 0.161044 0.166847 0.110685 0.127430 0.315254 0.230721 0.252311 0.333800 0.855112 0.982448 0.413212 0.512601 0.612055 0.674429 0.616008 0.747630 0.367648 0.524568 0.395513 0.450252 0.324186 0.264419 0.573834 0.568241 0.309290 0.258978 0.371431 0.294106 0.784657 0.640757 0.650901 0.341953 0.655991 0.397861 0.373185 0.393220 0.470662 0.991394
0.223329 0.225726 0.166126 0.158040 0.748172 0.524020 0.227679 0.237060 0.365413 0.385054 0.257730 0.212483 0.197038 0.241368 0.225955 0.198515 0.252283 0.225057 0.188307 0.208526 0.339459 0.824762 0.146722 0.221672 0.346886 0.339254 0.911518 0.961380 0.227694 0.195725 0.000000 0.179788 0.174878 0.205233 0.422863 0.618854 0.307087 0.515483 0.563124 0.729572 0.732194 0.557299 0.233657 0.223814 0.345827 0.307944 0.249752 0.247502 0.736576 0.398380 0.488183 0.397367 0.476434 0.464979 0.437377 0.554209 0.300076 0.276420 0.272268 0.293392 0.204313 0.265222 0.247071 0.252149 0.248711 0.191919 0.229558 0.234724 0.293747 0.272824 0.253201 0.291906 0.308846 0.336946 0.569222 0.634727 0.338235 0.277260 0.240652 0.244497 0.193108 0.179673 0.331022 0.253399 0.217187 0.237288 0.922708 0.922868 0.406187 0.463294 0.612545 0.692915 0.582853 0.744706 0.399856 0.567333 0.381288 0.560507 0.423257 0.396743 0.585468 0.543084 0.425210 0.377837 0.388676 0.366994 0.756554 0.700384 0.647168 0.463621 0.751130 0.508761 0.456838 0.474906 0.498248 0.977244
0.308038 0.293392 0.269906 0.238791 0.844075 0.635711 0.324338 0.316883 0.453549 0.427006 0.294075 0.256540 0.281644 0.271926 0.297268 0.276529 0.260753 0.254894 0.268787 0.233449 0.486153 0.705360 0.241145 0.269376 0.491251 0.387761 0.892774 0.917944 0.241000 0.210897 0.179788 0.000000 0.233348 0.227924 0.551332 0.712753 0.386943 0.634353 0.588538 0.655481 0.884585 0.614187 0.324831 0.287630 0.433649 0.414339 0.347961 0.335726 0.823460 0.523591 0.624117 0.540301 0.598066 0.614594 0.569436 0.673406 0.315715 0.320780 0.340954 0.386822 0.291777 0.351720 0.305134 0.308747 0.368770 0.263462 0.323270 0.309124 0.378236 0.341897 0.380694 0.415839 0.415223 0.438647 0.618190 0.632812 0.385456 0.331315 0.283200 0.261209 0.259718 0.249764 0.357633 0.278826 0.344097 0.308985 0.910325 0.883881 0.438657 0.541630 0.734696 0.850145 0.742108 0.862924 0.426360 0.628846 0.501989 0.556328 0.502532 0.440341 0.694965 0.673326 0.501102 0.382274 0.501712 0.421537 0.897959 0.803307 0.765910 0.526496 0.726018 0.518737 0.570948 0.556966 0.578032 0.983348
0.133281 0.137512 0.153858 0.132686 0.629037 0.479046 0.143426 0.120130 0.338025 0.231835 0.202712 0.122180 0.153622 0.209204 0.215241 0.217858 0.150046 0.124759 0.139209 0.133325 0.376092 0.701408 0.186809 0.325384 0.543254 0.436528 0.898249 0.888298 0.148706 0.130821 0.174878 0.233348 0.000000 0.131473 0.398816 0.556863 0.347986 0.462145 0.659737 0.630818 0.775766 0.503481 0.167238 0.154631 0.222765 0.189706 0.198472 0.209677 0.612674 0.350833 0.383696 0.314772 0.469227 0.412775 0.418017 0.459036 0.173683 0.164944 0.160628 0.207877 0.123250 0.161856 0.160516 0.143359 0.265365 0.161870 0.162043 0.132906 0.260178 0.171350 0.212964 0.236078 0.308712 0.337732 0.588699 0.562913 0.255373 0.198612 0.161469 0.205707 0.112036 0.129650 0.374894 0.237828 0.212454 0.296092 0.961560 0.936626 0.394526 0.447030 0.471909 0.522968 0.464869 0.603361 0.324568 0.453050 0.302087 0.400633 0.240095 0.200684 0.495565 0.461957 0.299569 0.202095 0.286001 0.290586 0.784775 0.547247 0.578287 0.336093 0.641769 0.344996 0.323648 0.363307 0.437351 0.976855
0.141060 0.155473 0.195012 0.168686 0.672010 0.488565 0.141586 0.130843 0.348214 0.236064 0.180946 0.151438 0.181738 0.246398 0.263964 0.266461 0.128156 0.115964 0.128878 0.126331 0.363815 0.708315 0.244040 0.385515 0.616468 0.466851 0.903292 0.983950 0.167253 0.129970 0.205233 0.227924 0.131473 0.000000 0.397531 0.577746 0.328863 0.464202 0.628073 0.618548 0.743437 0.453290 0.181447 0.144431 0.213591 0.195770 0.204375 0.212531 0.658761 0.337046 0.402759 0.329768 0.463748 0.434318 0.449921 0.511941 0.158253 0.154653 0.175093 0.234485 0.139360 0.201672 0.163856 0.154528 0.290937 0.171178 0.146443 0.141410 0.291559 0.185776 0.255771 0.242431 0.316158 0.364605 0.573185 0.531928 0.264087 0.209085 0.185510 0.186143 0.129601 0.129081 0.362303 0.248130 0.243418 0.341337 0.947379 0.989318 0.417257 0.495997 0.472349 0.551100 0.483014 0.580517 0.356492 0.446179 0.329132 0.416598 0.246621 0.202475 0.457951 0.453826 0.271801 0.200556 0.329685 0.293064 0.801991 0.521115 0.644104 0.415223 0.633654 0.295538 0.299846 0.375784 0.434020 0.895187
0.402823 0.456609 0.433880 0.369984 0.810979 0.504014 0.451067 0.385142 0.550656 0.435003 0.547897 0.416135 0.456927 0.464693 0.431513 0.461208 0.494864 0.471082 0.453894 0.458035 0.502445 0.887155 0.406103 0.496488 0.538142 0.461630 0.991747 0.940097 0.480210 0.449509 0.422863 0.551332 0.398816 0.397531 0.000000 0.606476 0.444102 0.575829 0.749491 0.902831 0.689344 0.544178 0.410546 0.467109 0.431324 0.381677 0.440522 0.465367 0.548224 0.371308 0.455401 0.377178 0.452578 0.504057 0.424752 0.480668 0.564750 0.472791 0.414577 0.378313 0.416094 0.387016 0.465428 0.436384 0.382098 0.389236 0.397586 0.396642 0.508258 0.375764 0.478512 0.464647 0.450188 0.563942 0.615413 0.709025 0.439285 0.449015 0.412292 0.496549 0.391274 0.369390 0.647323 0.468045 0.340546 0.424022 0.945294 0.956246 0.582332 0.485276 0.534902 0.600752 0.517071 0.639133 0.560903 0.622669 0.458874 0.617009 0.413250 0.410326 0.543054 0.651932 0.466629 0.508016 0.416460 0.479900 0.806621 0.579385 0.686399 0.686739 0.702032 0.424457 0.508857 0.685249 0.547210 0.909365
0.565818 0.556004 0.638097 0.603146 0.819908 0.762346 0.626223 0.568681 0.689678 0.678163 0.636899 0.555454 0.587454 0.609147 0.644018 0.624110 0.561334 0.594420 0.590583 0.614767 0.674851 0.793205 0.592503 0.688385 0.786787 0.749025 0.958482 0.980339 0.613045 0.609460 0.618854 0.712753 0.556863 0.577746 0.606476 0.000000 0.619967 0.531503 0.935260 0.788988 0.724893 0.637630 0.556111 0.615781 0.607257 0.600944 0.635357 0.592078 0.747286 0.629048 0.642987 0.583373 0.680878 0.658499 0.749330 0.710283 0.577536 0.559807 0.549668 0.568468 0.606842 0.620159 0.549117 0.566554 0.682115 0.663576 0.553255 0.554927 0.733967 0.559197 0.602669 0.621473 0.739396 0.765344 0.907799 0.735109 0.621302 0.628996 0.558530 0.648636 0.537809 0.576420 0.600746 0.576161 0.563199 0.611992 0.899560 0.990367 0.686240 0.663605 0.724417 0.707907 0.727959 0.730747 0.589732 0.667591 0.604193 0.525674 0.619626 0.631392 0.745608 0.678584 0.538334 0.548409 0.691689 0.639961 0.863534 0.655580 0.724183 0.648578 0.696170 0.646081 0.610133 0.745479 0.631168 0.962891
0.341677 0.331158 0.324548 0.303964 0.853073 0.625236 0.387856 0.341668 0.439843 0.452968 0.445600 0.348859 0.324971 0.356134 0.335469 0.367417 0.403820 0.370314 0.372020 0.362807 0.481555 0.820377 0.304683 0.429219 0.513805 0.458912 0.963243 0.910362 0.374803 0.355960 0.307087 0.386943 0.347986 0.328863 0.444102 0.619967 0.000000 0.398471 0.531744 0.690231 0.807918 0.483906 0.344209 0.339352 0.357721 0.354941 0.361775 0.301734 0.535477 0.388253 0.426176 0.357774 0.495172 0.572044 0.571878 0.494538 0.381207 0.343279 0.314373 0.326363 0.308089 0.290111 0.382534 0.337021 0.283610 0.321624 0.358526 0.319507 0.506729 0.389902 0.466576 0.448557 0.553537 0.528302 0.591728 0.645274 0.450537 0.384694 0.371249 0.436602 0.371757 0.361022 0.534689 0.381880 0.279388 0.321456 0.840753 0.889741 0.414555 0.359339 0.639318 0.702919 0.590451 0.733464 0.431386 0.526793 0.452253 0.523673 0.373013 0.413457 0.497104 0.626512 0.325025 0.397581 0.383384 0.362678 0.767735 0.578473 0.693866 0.545045 0.786440 0.504178 0.552816 0.616307 0.506213 0.865067
0.415943 0.454762 0.492677 0.491592 0.755617 0.855272 0.504458 0.449897 0.492740 0.512312 0.518861 0.414088 0.379203 0.394496 0.409457 0.412903 0.477495 0.474386 0.467059 0.494097 0.499013 0.895372 0.404660 0.558704 0.737388 0.763467 0.893967 0.922109 0.507601 0.490603 0.515483 0.634353 0.462145 0.464202 0.575829 0.531503 0.398471 0.000000 0.745182 0.751752 0.738025 0.587870 0.432311 0.478320 0.496068 0.471075 0.526236 0.465181 0.646647 0.492858 0.476426 0.470320 0.684403 0.626337 0.705828 0.662611 0.436831 0.464885 0.417547 0.443139 0.382963 0.387819 0.409272 0.384474 0.409051 0.477814 0.491520 0.484634 0.656343 0.554860 0.551348 0.588437 0.627078 0.644703 0.813207 0.740513 0.496424 0.510005 0.521483 0.540215 0.507651 0.553162 0.561136 0.600302 0.400797 0.523495 0.784744 0.906982 0.561220 0.617668 0.634316 0.636608 0.647860 0.730762 0.533282 0.493269 0.585679 0.537798 0.423347 0.494516 0.633024 0.624514 0.359240 0.458447 0.457731 0.423890 0.691420 0.607285 0.599115 0.468845 0.797891 0.648851 0.598386 0.679425 0.421156 0.966998
