0.000000 0.319622 0.922068 0.950276 0.753724 0.678142 0.653538 0.562366 0.715275 0.571557 0.457441 0.503422 0.827064 0.825610 0.953112 0.848649 0.352077 0.385155 0.477902 0.458083 0.887213 0.922968 0.739428 0.746076 0.727860 0.795818 0.843441 0.785373 0.554360 0.545011 0.949387 0.855086 0.578439 0.581421 0.932311 0.863913 0.882446 0.854977 0.966676 0.970483 0.740302 0.942967 0.620769 0.559850 0.500201 0.477460 0.779875 0.570435 0.490284 0.536846 0.640376 0.694930 0.786886 0.812975 0.882916 0.874122 0.317004 0.354023 0.496717 0.797765 0.486191 0.659927 0.494622 0.419935 0.688733 0.963549 0.705537 0.653356 0.704417 0.633248 0.799293 0.797356 0.842072 0.700907 0.914104 0.776240 0.616850 0.729053 0.774272 0.660520 0.436789 0.566182 0.955302 0.796922 0.834374 0.728943 0.913926 0.627341 0.776903 0.802332 0.604997 0.659793 0.727803 0.839346 0.835451 0.875906 0.637440 0.876465 0.447711 0.490618 0.603913 0.773043 0.495881 0.582303 0.860236 0.824759 0.864267 0.824251 0.931884 0.896336 0.662220 0.608390 0.680494 0.902740 0.824713 0.973986
0.319622 0.000000 0.826054 0.907266 0.777305 0.691127 0.751657 0.602439 0.847793 0.584803 0.512256 0.477889 0.910967 0.816211 0.891384 0.957206 0.378300 0.377545 0.511351 0.461489 0.856787 0.801948 0.705646 0.680459 0.740434 0.762507 0.915796 0.801917 0.557675 0.531556 0.946081 0.862944 0.556336 0.557566 0.951338 0.920798 0.895898 0.831064 0.972245 0.981748 0.772685 0.855740 0.646684 0.571726 0.508757 0.459820 0.835628 0.616403 0.526535 0.544291 0.712244 0.757980 0.913256 0.887532 0.865899 0.802990 0.277925 0.285336 0.561796 0.743935 0.575025 0.639948 0.579422 0.419038 0.677332 0.952325 0.683276 0.613635 0.749360 0.624495 0.761602 0.836629 0.842938 0.711187 0.888926 0.744901 0.626889 0.687530 0.715432 0.656948 0.453935 0.606994 0.958501 0.842116 0.775219 0.750447 0.862374 0.716190 0.708048 0.761719 0.640910 0.679914 0.750227 0.823006 0.809532 0.907127 0.657493 0.861807 0.504095 0.548805 0.599621 0.756002 0.514967 0.595791 0.934637 0.883382 0.984540 0.861694 0.986757 0.897420 0.662775 0.559432 0.667479 0.907522 0.917502 0.957870
0.922068 0.826054 0.000000 0.379039 0.950854 0.818820 0.579355 0.809063 0.710755 0.939937 0.860359 0.655926 0.988389 0.945683 0.754174 0.958539 0.881371 0.790194 0.758172 0.885078 0.998464 0.858666 0.426824 0.549764 0.576117 0.613135 0.996938 0.871672 0.947447 0.764964 0.459090 0.532241 0.684718 0.821626 0.688938 0.913213 0.820718 0.901713 0.762941 0.803610 0.930572 0.929586 0.742900 0.866600 0.967025 0.916419 0.686767 0.840113 0.777093 0.966953 0.925589 0.819417 0.820041 0.774890 0.758749 0.888348 0.835027 0.761632 0.843546 0.970046 0.942500 0.894052 0.967960 0.678163 0.427332 0.592149 0.631830 0.818502 0.950896 0.917415 0.819709 0.757038 0.846536 0.836929 0.997119 0.853772 0.719309 0.718161 0.927066 0.979852 0.817623 0.838728 0.949024 0.763558 0.629214 0.723163 0.987811 0.882036 0.977848 0.784155 0.845887 0.751313 0.833005 0.666983 0.996212 0.910190 0.963061 0.932766 0.958894 0.854136 0.875722 0.739168 0.941595 0.923587 0.785540 0.690933 0.897927 0.738204 0.985437 0.934085 0.902180 0.922547 0.999252 0.952629 0.888623 0.909648
0.950276 0.907266 0.379039 0.000000 0.915473 0.856861 0.708406 0.790182 0.701867 0.890831 0.791989 0.787378 0.920740 0.940916 0.870338 0.926485 0.855098 0.760227 0.859827 0.969544 0.954364 0.952300 0.490033 0.502334 0.551088 0.566364 0.930596 0.766824 0.910022 0.743097 0.510256 0.671238 0.796162 0.931399 0.652249 0.961215 0.677581 0.732559 0.743549 0.857017 0.805246 0.986953 0.878392 0.988382 0.815136 0.788998 0.825887 0.924302 0.696679 0.903908 0.950137 0.893103 0.867826 0.742042 0.721748 0.952213 0.877839 0.846811 0.768003 0.808379 0.919247 0.891670 0.927761 0.792473 0.496487 0.470147 0.693016 0.849063 0.937176 0.968005 0.749463 0.681855 0.745831 0.798104 0.906966 0.847421 0.731507 0.839678 0.866237 0.930443 0.933004 0.868231 0.930070 0.901722 0.727240 0.708940 0.914326 0.847744 0.951950 0.720097 0.837877 0.799473 0.780101 0.686643 0.932925 0.927394 0.942583 0.964373 0.967197 0.972448 0.967350 0.728754 0.953117 0.971779 0.769040 0.774683 0.894818 0.742347 0.883794 0.940216 0.932014 0.869457 0.891645 0.818390 0.998684 0.906736
0.753724 0.777305 0.950854 0.915473 0.000000 0.713512 0.914041 0.904988 0.990551 0.817677 0.733114 0.739111 0.851077 0.885427 0.940530 0.942425 0.850605 0.774620 0.765800 0.751196 0.908900 0.971830 0.977448 0.970808 0.916813 0.787330 0.965240 0.893059 0.840361 0.843848 0.982895 0.878611 0.785930 0.856404 0.918447 0.738919 0.952334 0.948594 0.868397 0.877506 0.925871 0.902100 0.976172 0.905431 0.834182 0.843047 0.927525 0.861786 0.974485 0.944936 0.981625 0.987234 0.984655 0.977359 0.829660 0.991615 0.808143 0.777353 0.964086 0.967183 0.856814 0.914674 0.825629 0.913509 0.847678 0.996276 0.803153 0.786028 0.967705 0.883878 0.914630 0.975177 0.880310 0.783960 0.992564 0.935448 0.892226 0.834334 0.922939 0.960340 0.766172 0.720271 0.970585 0.999537 0.949288 0.996168 0.976570 0.983920 0.846748 0.725350 0.932989 0.913676 0.964310 0.924633 0.973858 0.987141 0.866100 0.963376 0.881455 0.891810 0.938052 0.916075 0.959658 0.970983 0.947497 0.842070 0.818955 0.971308 0.994332 0.864156 0.816305 0.944601 0.891341 0.950731 0.991421 0.732998
0.678142 0.691127 0.818820 0.856861 0.713512 0.000000 0.736723 0.649229 0.755090 0.602046 0.616589 0.575860 0.751163 0.802810 0.915881 0.728472 0.721947 0.700572 0.748009 0.765541 0.985654 0.937348 0.737981 0.741055 0.685825 0.733464 0.733449 0.930737 0.735525 0.671152 0.964286 0.973088 0.902741 0.766251 0.795521 0.852737 0.972919 0.968727 0.967043 0.863007 0.929063 0.841515 0.850208 0.762487 0.695419 0.660340 0.941797 0.794485 0.720968 0.813722 0.888844 0.931059 0.851316 0.827266 0.804424 0.884214 0.682073 0.762191 0.815537 0.909289 0.678827 0.765228 0.727827 0.697000 0.652864 0.888981 0.902393 0.823850 0.952960 0.830715 0.853808 0.892672 0.908826 0.865580 0.892552 0.754404 0.858491 0.865560 0.809083 0.806007 0.854203 0.804152 0.940886 0.927196 0.761418 0.688661 0.878224 0.971148 0.900997 0.691107 0.735045 0.799917 0.752278 0.823494 0.902398 0.996916 0.699876 0.770253 0.584723 0.759441 0.640402 0.729739 0.805914 0.743052 0.877806 0.952465 0.667122 0.996977 0.909683 0.958476 0.785676 0.780711 0.724736 0.925578 0.953133 0.766023
0.653538 0.751657 0.579355 0.708406 0.914041 0.736723 0.000000 0.382754 0.560782 0.456274 0.561600 0.827339 0.687095 0.731585 0.896563 0.905690 0.680933 0.729556 0.396875 0.758905 0.841783 0.971057 0.867855 0.982552 0.806968 0.893570 0.635693 0.845040 0.703262 0.697604 0.729405 0.580580 0.553408 0.462500 0.988188 0.891079 0.880918 0.974802 0.865454 0.904518 0.963044 0.915910 0.498516 0.540904 0.483077 0.538503 0.594712 0.566297 0.690268 0.716642 0.575139 0.596757 0.633701 0.555869 0.961917 0.969422 0.727736 0.883977 0.506484 0.886055 0.504437 0.845757 0.524475 0.788285 0.956039 0.888129 0.484810 0.574620 0.973276 0.907114 0.694874 0.670949 0.798457 0.679914 0.976305 0.654400 0.533138 0.647622 0.770738 0.777268 0.889494 0.872123 0.862873 0.993241 0.974214 0.869753 0.908364 0.732118 0.859011 0.901384 0.436394 0.413683 0.575349 0.559143 0.792294 0.833019 0.701070 0.901179 0.476977 0.472589 0.694455 0.523607 0.709343 0.671139 0.881693 0.657807 0.743909 0.663009 0.970569 0.991608 0.661780 0.733040 0.603198 0.888383 0.915392 0.935256
0.562366 0.602439 0.809063 0.790182 0.904988 0.649229 0.382754 0.000000 0.572627 0.406255 0.503703 0.528280 0.656013 0.608565 0.937460 0.799414 0.627646 0.708409 0.430730 0.701552 0.718677 0.905751 0.856646 0.743358 0.656033 0.820120 0.619845 0.772025 0.648412 0.586349 0.924537 0.777981 0.648800 0.554476 0.882098 0.852190 0.849460 0.944022 0.885137 0.987704 0.957078 0.995858 0.582427 0.570292 0.524661 0.538579 0.784555 0.593552 0.599909 0.700644 0.563506 0.668358 0.646759 0.529768 0.866678 0.965348 0.635411 0.755770 0.503714 0.638727 0.398773 0.499640 0.577515 0.573096 0.774801 0.865291 0.707478 0.627658 0.904618 0.838591 0.679776 0.769565 0.800583 0.733202 0.998619 0.787489 0.600187 0.798226 0.828393 0.784261 0.869483 0.961947 0.791101 0.933622 0.656471 0.564070 0.825605 0.639595 0.816864 0.830148 0.376004 0.425554 0.593824 0.596129 0.711990 0.886670 0.649193 0.770914 0.460030 0.526194 0.532458 0.438657 0.637002 0.557359 0.992978 0.699089 0.796904 0.771677 0.905525 0.949834 0.699380 0.676455 0.599283 0.787014 0.910709 0.969413
0.715275 0.847793 0.710755 0.701867 0.990551 0.755090 0.560782 0.572627 0.000000 0.672327 0.783038 0.848305 0.846769 0.861076 0.946405 0.685187 0.741430 0.815541 0.664628 0.825927 0.885761 0.870095 0.936914 0.989467 0.973433 0.862288 0.875888 0.957536 0.856472 0.898591 0.788622 0.773082 0.807001 0.776937 0.987349 0.768195 0.614828 0.819609 0.859160 0.809432 0.864166 0.950051 0.635254 0.674240 0.738886 0.800156 0.654046 0.659750 0.756739 0.672465 0.577317 0.640270 0.594765 0.584026 0.984759 0.971123 0.759914 0.870101 0.602558 0.694676 0.610241 0.734352 0.861472 0.804317 0.883779 0.779696 0.816283 0.916204 0.838540 0.824881 0.724115 0.693915 0.878518 0.776409 0.878092 0.857471 0.701435 0.856218 0.863964 0.889294 0.893689 0.978795 0.886009 0.900269 0.907999 0.787587 0.836081 0.829065 0.937704 0.910552 0.587833 0.649990 0.686543 0.730459 0.838623 0.920325 0.780188 0.972989 0.632720 0.640307 0.744894 0.772414 0.665770 0.765615 0.897657 0.652751 0.697466 0.752350 0.934598 0.995934 0.840858 0.821895 0.832973 0.958152 0.801067 0.894379
0.571557 0.584803 0.939937 0.890831 0.817677 0.602046 0.456274 0.406255 0.672327 0.000000 0.437288 0.564851 0.641222 0.674923 0.971316 0.828408 0.547242 0.549535 0.467364 0.660892 0.758370 0.886225 0.718070 0.639729 0.479467 0.571830 0.638283 0.769177 0.593335 0.480094 0.956344 0.848002 0.805642 0.548235 0.758570 0.834027 0.991130 0.918693 0.953669 0.889325 0.960809 0.957460 0.550533 0.510382 0.408841 0.402296 0.781616 0.588943 0.447616 0.649122 0.585876 0.749040 0.771467 0.728388 0.750577 0.974010 0.564024 0.707221 0.648065 0.907569 0.563130 0.757569 0.499144 0.539039 0.533897 0.751381 0.784132 0.794466 0.991904 0.874408 0.685425 0.742129 0.932852 0.742401 0.956854 0.766599 0.622190 0.825138 0.842273 0.817762 0.779127 0.838818 0.797099 0.900889 0.643614 0.543258 0.881429 0.789222 0.737871 0.647192 0.401924 0.473509 0.637916 0.739551 0.752500 0.934090 0.699834 0.775747 0.428394 0.474636 0.552504 0.643860 0.524853 0.481354 0.971355 0.871511 0.824000 0.780066 0.956277 0.987906 0.724297 0.532752 0.574880 0.803144 0.945314 0.818908
0.457441 0.512256 0.860359 0.791989 0.733114 0.616589 0.561600 0.503703 0.783038 0.437288 0.000000 0.493582 0.589906 0.615545 0.963094 0.909519 0.449679 0.419521 0.488638 0.509973 0.812053 0.928191 0.627054 0.574277 0.483436 0.564948 0.737048 0.659219 0.448511 0.395978 0.900564 0.877526 0.697029 0.536346 0.756763 0.867795 0.961627 0.853978 0.988562 0.977994 0.952674 0.948163 0.652411 0.541332 0.398722 0.395194 0.806581 0.562080 0.417466 0.546408 0.635660 0.641943 0.796038 0.780551 0.752960 0.964779 0.489327 0.561206 0.596581 0.816657 0.472663 0.717894 0.471098 0.507959 0.542424 0.859936 0.793587 0.714724 0.882744 0.771116 0.859047 0.958774 0.921316 0.744466 0.992142 0.763879 0.763159 0.763576 0.908887 0.694774 0.669078 0.663269 0.984432 0.864620 0.727420 0.636431 0.855310 0.773474 0.789942 0.605841 0.558502 0.604670 0.815381 0.858233 0.838475 0.943249 0.780278 0.872159 0.461849 0.471882 0.614564 0.732349 0.713832 0.677999 0.909716 0.893548 0.793920 0.887797 0.985329 0.924025 0.725266 0.616926 0.534458 0.872934 0.945855 0.919724
0.503422 0.477889 0.655926 0.787378 0.739111 0.575860 0.827339 0.528280 0.848305 0.564851 0.493582 0.000000 0.756743 0.661966 0.803070 0.677442 0.558134 0.552723 0.708652 0.584547 0.793003 0.832491 0.520844 0.562880 0.499740 0.587390 0.716528 0.716492 0.615682 0.511472 0.735898 0.906262 0.854433 0.768843 0.755595 0.874564 0.857507 0.944038 0.994228 0.877362 0.825899 0.881920 0.906617 0.793772 0.640498 0.609438 0.987338 0.721087 0.551118 0.742646 0.715066 0.853329 0.814665 0.805075 0.748289 0.935575 0.524459 0.509409 0.660323 0.646834 0.513949 0.453541 0.596222 0.369603 0.461541 0.926528 0.985855 0.803478 0.714890 0.650633 0.961556 0.994450 0.849919 0.771537 0.951840 0.901054 0.848211 0.991260 0.891598 0.820096 0.648535 0.719058 0.936889 0.678531 0.545043 0.540950 0.877759 0.790581 0.839445 0.715092 0.687345 0.799681 0.854885 0.940192 0.710792 0.954747 0.705272 0.814453 0.631459 0.746322 0.580581 0.785107 0.754266 0.639045 0.820505 0.975031 0.890262 0.990756 0.932092 0.821434 0.723678 0.758079 0.737432 0.787393 0.952395 0.852500
0.827064 0.910967 0.988389 0.920740 0.851077 0.751163 0.687095 0.656013 0.846769 0.641222 0.589906 0.756743 0.000000 0.548326 0.747283 0.767478 0.849420 0.824476 0.762286 0.897601 0.872506 0.989640 0.762648 0.776348 0.652483 0.701764 0.770498 0.784073 0.786948 0.697975 0.879803 0.970234 0.966840 0.847762 0.664242 0.918937 0.776701 0.813034 0.860988 0.961986 0.771466 0.795905 0.733524 0.661351 0.756738 0.699797 0.825184 0.730079 0.789341 0.892745 0.941320 0.960857 0.995854 0.953892 0.724107 0.961947 0.899319 0.988639 0.862349 0.956816 0.705105 0.897176 0.683554 0.841506 0.770069 0.793608 0.997302 0.953972 0.877416 0.922082 0.855315 0.893868 0.888391 0.998876 0.968807 0.813762 0.824658 0.877173 0.917934 0.930866 0.899863 0.891578 0.906394 0.881592 0.802291 0.658001 0.954100 0.872275 0.986843 0.706685 0.634922 0.678577 0.831977 0.810985 0.855213 0.893270 0.893519 0.841906 0.635087 0.663979 0.695515 0.731937 0.889577 0.785780 0.873759 0.958367 0.879390 0.909696 0.942668 0.997769 0.729100 0.802602 0.707127 0.890371 0.937830 0.979949
0.825610 0.816211 0.945683 0.940916 0.885427 0.802810 0.731585 0.608565 0.861076 0.674923 0.615545 0.661966 0.548326 0.000000 0.816730 0.758528 0.759076 0.725868 0.627696 0.735500 0.683460 0.940727 0.861706 0.858529 0.785992 0.773054 0.911405 0.793254 0.570838 0.609199 0.942461 0.888083 0.851653 0.756128 0.792064 0.897260 0.989762 0.947960 0.945750 0.911581 0.925956 0.942929 0.687021 0.637384 0.747057 0.709900 0.889450 0.646859 0.763203 0.868724 0.966238 0.904377 0.994609 0.961856 0.770538 0.948231 0.856943 0.938329 0.926213 0.927764 0.835568 0.840687 0.788873 0.850953 0.862871 0.974708 0.993104 0.961754 0.959205 0.978379 0.944456 0.968870 0.880603 0.896651 0.921404 0.734091 0.790617 0.919883 0.967026 0.822397 0.971708 0.962832 0.897136 0.899681 0.742166 0.708197 0.945770 0.857778 0.831506 0.654836 0.709237 0.783043 0.975904 0.900366 0.859186 0.837208 0.982241 0.791829 0.698696 0.713541 0.673013 0.713013 0.963056 0.856822 0.853093 0.955290 0.884123 0.923782 0.940559 0.910269 0.808072 0.777963 0.646707 0.965344 0.927009 0.984741
0.953112 0.891384 0.754174 0.870338 0.940530 0.915881 0.896563 0.937460 0.946405 0.971316 0.963094 0.803070 0.747283 0.816730 0.000000 0.743813 0.997396 0.988817 0.926567 0.989437 0.807757 0.893240 0.815112 0.759113 0.829719 0.869379 0.819543 0.796916 0.827850 0.989350 0.873682 0.806540 0.931061 0.944746 0.880670 0.909624 0.899463 0.786353 0.909949 0.881242 0.966493 0.907476 0.710971 0.740173 0.991821 0.945676 0.671467 0.769944 0.970377 0.997530 0.904496 0.965328 0.937748 0.822008 0.974031 0.873493 0.968137 0.897808 0.916161 0.723315 0.883274 0.717502 0.990875 0.792351 0.730746 0.984666 0.928911 0.799241 0.912029 0.822331 0.970028 0.995329 0.754542 0.799663 0.916028 0.980353 0.926180 0.895063 0.975752 0.940610 0.909476 0.844014 0.856074 0.833547 0.796949 0.955502 0.884885 0.947841 0.921703 0.979352 0.986620 0.971618 0.943376 0.970189 0.915084 0.966084 0.877690 0.997258 0.901001 0.812445 0.884727 0.978309 0.947849 0.997945 0.989983 0.981852 0.884629 0.778179 0.939704 0.912461 0.821226 0.876061 0.955548 0.951483 0.927585 0.945160
0.848649 0.957206 0.958539 0.926485 0.942425 0.728472 0.905690 0.799414 0.685187 0.828408 0.909519 0.677442 0.767478 0.758528 0.743813 0.000000 0.914817 0.966918 0.950837 0.872431 0.822556 0.959693 0.937674 0.936697 0.955986 0.943222 0.938898 0.974756 0.873285 0.894371 0.989617 0.978936 0.838622 0.930172 0.853536 0.754981 0.741736 0.976150 0.915318 0.889016 0.852780 0.901852 0.870233 0.894585 0.961598 0.908658 0.838606 0.783254 0.782470 0.939308 0.836872 0.964629 0.782313 0.926275 0.926837 0.921137 0.953584 0.958064 0.865343 0.943152 0.872254 0.812613 0.942966 0.840974 0.897312 0.962361 0.753985 0.814299 0.878666 0.954537 0.992140 0.903794 0.947177 0.980345 0.965004 0.979973 0.964084 0.879408 0.993799 0.992565 0.904031 0.948011 0.872436 0.760971 0.922344 0.819291 0.978697 0.988253 0.902496 0.943215 0.877579 0.983431 0.947165 0.926966 0.838094 0.948889 0.947124 0.838306 0.853833 0.944094 0.835038 0.924932 0.950963 0.839497 0.872298 0.947689 0.734165 0.954665 0.967635 0.992664 0.894991 0.998844 0.964935 0.946023 0.960681 0.899715
0.352077 0.378300 0.881371 0.855098 0.850605 0.721947 0.680933 0.627646 0.741430 0.547242 0.449679 0.558134 0.849420 0.759076 0.997396 0.914817 0.000000 0.284568 0.461796 0.478644 0.939063 0.919523 0.747417 0.675331 0.698887 0.746449 0.844896 0.800615 0.386705 0.407787 0.979914 0.838472 0.582241 0.522948 0.863686 0.877010 0.857869 0.907337 0.924039 0.900579 0.804900 0.985134 0.538445 0.511273 0.451795 0.477346 0.750085 0.534518 0.457123 0.503924 0.623658 0.672259 0.853039 0.870131 0.785737 0.870596 0.297457 0.392076 0.595131 0.852253 0.612995 0.795658 0.555487 0.462699 0.673926 0.976886 0.754984 0.711274 0.720591 0.643538 0.877883 0.828390 0.851176 0.762978 0.876975 0.720955 0.695943 0.789393 0.706042 0.580027 0.427381 0.605455 0.945771 0.805174 0.807261 0.771125 0.834087 0.685899 0.718349 0.781994 0.657405 0.738720 0.820174 0.951068 0.802363 0.876312 0.752464 0.973689 0.485880 0.447611 0.631544 0.831463 0.526047 0.685546 0.966985 0.930309 0.868528 0.871519 0.961881 0.901960 0.638473 0.613679 0.624401 0.922041 0.819574 0.922914
0.385155 0.377545 0.790194 0.760227 0.774620 0.700572 0.729556 0.708409 0.815541 0.549535 0.419521 0.552723 0.824476 0.725868 0.988817 0.966918 0.284568 0.000000 0.493138 0.449279 0.903951 0.934586 0.679571 0.654083 0.645328 0.641071 0.918029 0.783080 0.405448 0.381453 0.927115 0.840180 0.620670 0.538707 0.816354 0.831715 0.945536 0.953090 0.985567 0.976305 0.874156 0.999721 0.582401 0.522458 0.430514 0.430831 0.792377 0.529630 0.447605 0.492257 0.691603 0.670783 0.929454 0.938616 0.739125 0.923107 0.307567 0.403566 0.709862 0.950782 0.662790 0.855945 0.556116 0.500456 0.626938 0.912109 0.787811 0.754853 0.785213 0.673432 0.933492 0.933180 0.973995 0.795062 0.934571 0.731671 0.686412 0.731291 0.730684 0.635008 0.468388 0.595631 0.991003 0.847995 0.794506 0.740984 0.892608 0.734872 0.658177 0.729413 0.732445 0.780708 0.904492 0.951220 0.818542 0.919394 0.799042 0.965497 0.514649 0.485076 0.668516 0.900293 0.555431 0.734591 0.991354 0.982174 0.917954 0.875072 0.913256 0.968747 0.694281 0.557261 0.603364 0.916098 0.848867 0.905367
0.477902 0.511351 0.758172 0.859827 0.765800 0.748009 0.396875 0.430730 0.664628 0.467364 0.488638 0.708652 0.762286 0.627696 0.926567 0.950837 0.461796 0.493138 0.000000 0.571629 0.830619 0.968726 0.996578 0.840312 0.810090 0.791836 0.750519 0.832033 0.531450 0.527876 0.812177 0.601442 0.454142 0.409798 0.994569 0.884869 0.944303 0.969097 0.903033 0.940374 0.911364 0.971189 0.434095 0.444816 0.426496 0.435248 0.729102 0.469431 0.587516 0.574708 0.645959 0.605682 0.769014 0.746285 0.928764 0.920855 0.511917 0.636350 0.558598 0.857784 0.554998 0.866626 0.521516 0.662767 0.891988 0.916492 0.513581 0.554659 0.896863 0.823269 0.723645 0.836516 0.864513 0.756433 0.970610 0.675671 0.536632 0.604207 0.686259 0.693343 0.693936 0.772667 0.911792 0.966230 0.932501 0.794636 0.898050 0.692165 0.750892 0.821781 0.503611 0.492437 0.677602 0.709582 0.876679 0.846594 0.695816 0.883266 0.415317 0.386970 0.606019 0.586668 0.621848 0.706069 0.888471 0.787807 0.770899 0.827318 0.888187 0.961384 0.698409 0.595818 0.579366 0.932049 0.838875 0.893633
0.458083 0.461489 0.885078 0.969544 0.751196 0.765541 0.758905 0.701552 0.825927 0.660892 0.509973 0.584547 0.897601 0.735500 0.989437 0.872431 0.478644 0.449279 0.571629 0.000000 0.863935 0.881273 0.789289 0.852347 0.801297 0.751418 0.979532 0.798061 0.545798 0.591328 0.995364 0.834377 0.595846 0.619727 0.978108 0.929248 0.749321 0.867029 0.990083 0.987482 0.745896 0.852222 0.734405 0.664081 0.610880 0.643401 0.817554 0.620453 0.639485 0.628670 0.787240 0.757724 0.875869 0.933739 0.914939 0.965427 0.486334 0.457268 0.611895 0.789490 0.653921 0.774136 0.640838 0.568634 0.748783 0.950832 0.786032 0.752802 0.706377 0.654237 0.871717 0.929886 0.781585 0.694396 0.983136 0.891865 0.720879 0.799339 0.771786 0.701756 0.493194 0.568530 0.951457 0.798515 0.898556 0.861255 0.921700 0.746295 0.799167 0.794455 0.745851 0.721940 0.856790 0.968874 0.812854 0.895988 0.904729 0.924565 0.627277 0.613083 0.764241 0.937111 0.746486 0.703184 0.927640 0.955065 0.890494 0.887940 0.985348 0.979349 0.764882 0.698495 0.778660 0.975900 0.958103 0.970002
0.887213 0.856787 0.998464 0.954364 0.908900 0.985654 0.841783 0.718677 0.885761 0.758370 0.812053 0.793003 0.872506 0.683460 0.807757 0.822556 0.939063 0.903951 0.830619 0.863935 0.000000 0.971946 0.865707 0.872145 0.865522 0.908886 0.879360 0.932667 0.749214 0.789338 0.974824 0.987011 0.990220 0.947890 0.811458 0.836067 0.955328 0.973830 0.985649 0.876047 0.995155 0.985346 0.843612 0.917082 0.881086 0.842109 0.803260 0.930904 0.806296 0.898643 0.937137 0.925785 0.901157 0.935790 0.961206 0.824385 0.908771 0.914591 0.900558 0.937981 0.857594 0.758053 0.945517 0.800250 0.936391 0.989762 0.861204 0.949102 0.930813 0.985591 0.932587 0.955756 0.794720 0.989177 0.833363 0.902093 0.860694 0.903021 0.945514 0.994214 0.953057 0.909528 0.937381 0.991783 0.738327 0.681952 0.959551 0.848950 0.961341 0.936438 0.851394 0.833451 0.921920 0.991051 0.838021 0.984257 0.949453 0.970545 0.822905 0.917601 0.922718 0.861698 0.798729 0.834751 0.970090 0.858980 0.991762 0.961547 0.895675 0.902614 0.991001 0.805994 0.819354 0.896040 0.971063 0.868524
0.922968 0.801948 0.858666 0.952300 0.971830 0.937348 0.971057 0.905751 0.870095 0.886225 0.928191 0.832491 0.989640 0.940727 0.893240 0.959693 0.919523 0.934586 0.968726 0.881273 0.971946 0.000000 0.821190 0.843724 0.847406 0.941431 0.990714 0.833557 0.963852 0.872476 0.856451 0.833299 0.958759 0.972790 0.902787 0.966536 0.909101 0.875615 0.976268 0.963663 0.957790 0.987287 0.937268 0.996736 0.965279 0.991747 0.918901 0.846549 0.937113 0.981454 0.927770 0.973775 0.992907 0.929538 0.954439 0.962461 0.914787 0.866655 0.970937 0.928335 0.916248 0.815860 0.998263 0.835962 0.860155 0.997041 0.907177 0.979081 0.936718 0.946310 0.936551 0.990154 0.863668 0.965969 0.916796 0.958818 0.942598 0.931398 0.899443 0.979751 0.882237 0.936430 0.902577 0.890327 0.880341 0.907466 0.966369 0.937408 0.898526 0.800239 0.934692 0.973175 0.858804 0.901367 0.949781 0.754829 0.857096 0.995165 0.989327 0.960429 0.945993 0.958207 0.883075 0.975145 0.836614 0.966076 0.872322 0.783328 0.879177 0.872000 0.975935 0.927135 0.857192 0.971272 0.819520 0.988395
0.739428 0.705646 0.426824 0.490033 0.977448 0.737981 0.867855 0.856646 0.936914 0.718070 0.627054 0.520844 0.762648 0.861706 0.815112 0.937674 0.747417 0.679571 0.996578 0.789289 0.865707 0.821190 0.000000 0.334210 0.402213 0.553904 0.813265 0.712332 0.814038 0.667029 0.483420 0.704974 0.816672 0.984169 0.572537 0.809238 0.881519 0.867892 0.757936 0.834757 0.820805 0.988592 0.940352 0.908433 0.806034 0.754783 0.878876 0.999901 0.642568 0.822182 0.966983 0.966795 0.881114 0.917311 0.747301 0.879006 0.700716 0.713434 0.962085 0.876788 0.742479 0.715848 0.815642 0.521589 0.423507 0.640689 0.705375 0.885258 0.971934 0.821889 0.924268 0.826653 0.779538 0.842962 0.878362 0.920058 0.899225 0.862845 0.872669 0.976200 0.903642 0.984502 0.885973 0.810350 0.398129 0.428611 0.959567 0.862900 0.919092 0.772357 0.883810 0.942235 0.952351 0.847096 0.845202 0.940602 0.915794 0.795988 0.735149 0.882246 0.665987 0.944415 0.826632 0.763188 0.806145 0.894136 0.929852 0.830493 0.900443 0.994926 0.960398 0.705250 0.797442 0.903184 0.935755 0.996373
0.746076 0.680459 0.549764 0.502334 0.970808 0.741055 0.982552 0.743358 0.989467 0.639729 0.574277 0.562880 0.776348 0.858529 0.759113 0.936697 0.675331 0.654083 0.840312 0.852347 0.872145 0.843724 0.334210 0.000000 0.396310 0.572872 0.732629 0.700736 0.753231 0.599473 0.543493 0.776360 0.959026 0.874515 0.609378 0.890496 0.846152 0.920533 0.705184 0.935180 0.771868 0.947718 0.912588 0.818099 0.662897 0.643445 0.883615 0.917191 0.588235 0.738094 0.828599 0.915801 0.984738 0.980414 0.730928 0.860220 0.664752 0.704002 0.882033 0.820729 0.663153 0.728086 0.752366 0.532281 0.455284 0.716228 0.871619 0.962040 0.995042 0.844806 0.922345 0.818959 0.847010 0.848877 0.949114 0.983563 0.981247 0.973004 0.997872 0.878657 0.892657 0.980880 0.916887 0.915144 0.395096 0.418882 0.981869 0.843384 0.863466 0.751940 0.784294 0.847643 0.948275 0.985779 0.797514 0.953704 0.846962 0.866246 0.653730 0.759882 0.717958 0.892253 0.766200 0.741510 0.866602 0.935508 0.989843 0.822475 0.965009 0.926302 0.951256 0.654040 0.642992 0.797703 0.925466 0.968335
0.727860 0.740434 0.576117 0.551088 0.916813 0.685825 0.806968 0.656033 0.973433 0.479467 0.483436 0.499740 0.652483 0.785992 0.829719 0.955986 0.698887 0.645328 0.810090 0.801297 0.865522 0.847406 0.402213 0.396310 0.000000 0.402370 0.631756 0.646959 0.737629 0.554654 0.538270 0.783510 0.931647 0.823737 0.585034 0.860867 0.825844 0.769471 0.815879 0.814678 0.821200 0.993013 0.943397 0.811715 0.580701 0.573235 0.960851 0.853652 0.510473 0.782165 0.747182 0.869819 0.875931 0.869828 0.761044 0.904539 0.695227 0.761296 0.806746 0.905287 0.620471 0.756525 0.521019 0.479802 0.318682 0.554424 0.961183 0.960245 0.989147 0.870304 0.969325 0.959192 0.879386 0.959608 0.943230 0.996452 0.945694 0.962041 0.959222 0.986928 0.893329 0.881662 0.841490 0.853859 0.460791 0.483501 0.886949 0.910524 0.829732 0.741184 0.674426 0.719866 0.865831 0.914524 0.711185 0.951587 0.787759 0.820306 0.632858 0.722940 0.620175 0.865167 0.747347 0.613120 0.901387 0.987010 0.968646 0.967458 0.972875 0.849471 0.880733 0.664198 0.658015 0.787457 0.964908 0.835896
0.795818 0.762507 0.613135 0.566364 0.787330 0.733464 0.893570 0.820120 0.862288 0.571830 0.564948 0.587390 0.701764 0.773054 0.869379 0.943222 0.746449 0.641071 0.791836 0.751418 0.908886 0.941431 0.553904 0.572872 0.402370 0.000000 0.725060 0.663983 0.700932 0.553063 0.693373 0.876666 0.997433 0.860333 0.785884 0.885698 0.753969 0.792584 0.714833 0.783205 0.838237 0.930821 0.974505 0.872506 0.648711 0.640564 0.853717 0.877990 0.684312 0.843837 0.940028 0.999766 0.980222 0.969683 0.722380 0.960284 0.755726 0.753541 0.941401 0.994383 0.800122 0.945052 0.606496 0.635373 0.418495 0.592971 0.977653 0.914063 0.979120 0.934382 0.951222 0.929878 0.925367 0.857405 0.879410 0.914479 0.825433 0.905754 0.980059 0.969106 0.885254 0.790588 0.874875 0.889323 0.664156 0.700377 0.919308 0.941271 0.803546 0.728772 0.758749 0.772142 0.890028 0.958065 0.809608 0.942803 0.839008 0.862972 0.683408 0.741260 0.763715 0.929503 0.871126 0.733189 0.855563 0.796840 0.972288 0.953196 0.964497 0.934407 0.830713 0.723738 0.767079 0.800292 0.955303 0.891825
0.843441 0.915796 0.996938 0.930596 0.965240 0.733449 0.635693 0.619845 0.875888 0.638283 0.737048 0.716528 0.770498 0.911405 0.819543 0.938898 0.844896 0.918029 0.750519 0.979532 0.879360 0.990714 0.813265 0.732629 0.631756 0.725060 0.000000 0.785574 0.879410 0.736890 0.932525 0.977332 0.844475 0.836336 0.795219 0.816355 0.926891 0.998669 0.945111 0.885330 0.949644 0.986783 0.817288 0.855667 0.773864 0.765079 0.789867 0.935412 0.754613 0.954306 0.820993 0.919324 0.750942 0.850008 0.911739 0.991792 0.928399 0.968951 0.753719 0.912130 0.654518 0.822300 0.640642 0.689821 0.696627 0.805952 0.936966 0.819473 0.974027 0.921445 0.864216 0.869054 0.985788 0.992061 0.903091 0.911968 0.898409 0.920570 0.945512 0.920657 0.990297 0.928219 0.751941 0.857484 0.794647 0.701645 0.968203 0.859810 0.873249 0.981937 0.715307 0.764391 0.800236 0.967343 0.859722 0.983921 0.776917 0.883803 0.719972 0.770458 0.723232 0.762378 0.880262 0.771243 0.889088 0.853659 0.925735 0.861124 0.988056 0.928446 0.950817 0.892816 0.816985 0.901644 0.904387 0.907893
0.785373 0.801917 0.871672 0.766824 0.893059 0.930737 0.845040 0.772025 0.957536 0.769177 0.659219 0.716492 0.784073 0.793254 0.796916 0.974756 0.800615 0.783080 0.832033 0.798061 0.932667 0.833557 0.712332 0.700736 0.646959 0.663983 0.785574 0.000000 0.802035 0.656660 0.783248 0.912279 0.849288 0.832132 0.747369 0.997948 0.961851 0.955955 0.959424 0.925698 0.882831 0.905265 0.944015 0.872346 0.710429 0.761474 0.935539 0.928834 0.750979 0.878472 0.847632 0.900636 0.916959 0.909391 0.823581 0.899563 0.879812 0.847783 0.900006 0.902325 0.762732 0.824544 0.711660 0.744476 0.706732 0.896009 0.972372 0.849249 0.951381 0.931325 0.965150 0.936971 0.983626 0.824730 0.900666 0.938430 0.997436 0.895301 0.996938 0.808850 0.873084 0.783282 0.858687 0.913308 0.821972 0.802328 0.839573 0.944534 0.904408 0.716349 0.851653 0.866829 0.983616 0.905599 0.906697 0.894679 0.992268 0.937350 0.823186 0.812708 0.884608 0.895768 0.973783 0.968411 0.961171 0.902139 0.993221 0.878624 0.922142 0.818547 0.916232 0.818834 0.802542 0.836074 0.974972 0.979873
0.554360 0.557675 0.947447 0.910022 0.840361 0.735525 0.703262 0.648412 0.856472 0.593335 0.448511 0.615682 0.786948 0.570838 0.827850 0.873285 0.386705 0.405448 0.531450 0.545798 0.749214 0.963852 0.814038 0.753231 0.737629 0.700932 0.879410 0.802035 0.000000 0.377048 0.950351 0.879305 0.721499 0.624074 0.820337 0.869666 0.967328 0.987329 0.930785 0.903800 0.908911 0.905308 0.584015 0.571661 0.509757 0.527747 0.759146 0.560743 0.524952 0.609269 0.711700 0.678229 0.885023 0.903519 0.832068 0.933722 0.516190 0.586419 0.768464 0.909885 0.723511 0.836727 0.632546 0.634581 0.721913 0.954763 0.903103 0.818928 0.783308 0.796913 0.976468 0.966374 0.914153 0.789534 0.915426 0.729786 0.761413 0.764462 0.801695 0.673892 0.619922 0.729082 0.875879 0.855489 0.837367 0.791014 0.928133 0.808976 0.764039 0.738086 0.764329 0.825089 0.928596 0.973362 0.843061 0.890123 0.921822 0.921852 0.587412 0.569502 0.703291 0.778370 0.726553 0.820510 0.961144 0.994882 0.856085 0.853315 0.985903 0.961622 0.657904 0.717488 0.623185 0.922803 0.853732 0.983763
0.545011 0.531556 0.764964 0.743097 0.843848 0.671152 0.697604 0.586349 0.898591 0.480094 0.395978 0.511472 0.697975 0.609199 0.989350 0.894371 0.407787 0.381453 0.527876 0.591328 0.789338 0.872476 0.667029 0.599473 0.554654 0.553063 0.736890 0.656660 0.377048 0.000000 0.893014 0.954551 0.734142 0.606911 0.663575 0.812056 0.894442 0.952871 0.961738 0.991835 0.931330 0.902013 0.599108 0.533352 0.439429 0.443358 0.878280 0.555251 0.429859 0.607806 0.718184 0.736342 0.899408 0.863184 0.679769 0.996875 0.498046 0.601231 0.781636 0.914504 0.669769 0.811416 0.567364 0.540284 0.526180 0.818912 0.942692 0.781119 0.879772 0.891736 0.985714 0.951358 0.965309 0.874773 0.995469 0.814789 0.830640 0.844599 0.783482 0.611713 0.613884 0.690273 0.999643 0.874240 0.676381 0.607689 0.904253 0.819140 0.700369 0.581896 0.712700 0.804155 0.978139 0.998350 0.825737 0.966713 0.864640 0.937472 0.576910 0.592376 0.635574 0.751893 0.675775 0.750091 0.834187 0.932065 0.832563 0.965414 0.979236 0.992114 0.759460 0.693574 0.617942 0.878559 0.972140 0.867502
0.949387 0.946081 0.459090 0.510256 0.982895 0.964286 0.729405 0.924537 0.788622 0.956344 0.900564 0.735898 0.879803 0.942461 0.873682 0.989617 0.979914 0.927115 0.812177 0.995364 0.974824 0.856451 0.483420 0.543493 0.538270 0.693373 0.932525 0.783248 0.950351 0.893014 0.000000 0.547338 0.729116 0.800266 0.639943 0.994468 0.795567 0.887620 0.635056 0.796559 0.813879 0.884629 0.772414 0.904909 0.981859 0.943199 0.841430 0.885269 0.832755 0.985364 0.997739 0.898471 0.946498 0.878367 0.805883 0.843012 0.917769 0.882851 0.964374 0.940287 0.905725 0.864986 0.841515 0.709217 0.563643 0.693664 0.756022 0.871621 0.990849 0.937515 0.724069 0.714494 0.814591 0.734835 0.861474 0.674858 0.739319 0.768628 0.891283 0.818891 0.990375 0.960928 0.904037 0.860186 0.635492 0.685629 0.894567 0.982971 0.983837 0.963148 0.967155 0.922480 0.908248 0.815901 0.829970 0.947139 0.965522 0.897732 0.987720 0.952413 0.963536 0.812209 0.946932 0.897031 0.907940 0.830818 0.969915 0.747550 0.980560 0.932335 0.930400 0.907771 0.940581 0.854095 0.986322 0.994421
0.855086 0.862944 0.532241 0.671238 0.878611 0.973088 0.580580 0.777981 0.773082 0.848002 0.877526 0.906262 0.970234 0.888083 0.806540 0.978936 0.838472 0.840180 0.601442 0.834377 0.987011 0.833299 0.704974 0.776360 0.783510 0.876666 0.977332 0.912279 0.879305 0.954551 0.547338 0.000000 0.590817 0.588956 0.795539 0.981644 0.797143 0.965098 0.709347 0.725800 0.854592 0.963074 0.644443 0.730188 0.714966 0.734079 0.658721 0.592812 0.872803 0.692417 0.743656 0.619345 0.785357 0.755821 0.816678 0.978049 0.836814 0.920950 0.740362 0.986906 0.827983 0.953552 0.873677 0.931305 0.717691 0.736788 0.584792 0.665155 0.885428 0.901388 0.839016 0.796619 0.950306 0.815428 0.976403 0.690008 0.630128 0.587424 0.759267 0.723636 0.940060 0.894113 0.907623 0.928752 0.726145 0.838116 0.986102 0.843529 0.880721 0.912171 0.783009 0.776612 0.877789 0.750154 0.937964 0.897364 0.954196 0.909772 0.827220 0.721596 0.994907 0.870198 0.914277 0.932637 0.867591 0.751730 0.920543 0.755229 0.873822 0.939982 0.799304 0.822457 0.816404 0.885081 0.865286 0.936524
0.578439 0.556336 0.684718 0.796162 0.785930 0.902741 0.553408 0.648800 0.807001 0.805642 0.697029 0.854433 0.966840 0.851653 0.931061 0.838622 0.582241 0.620670 0.454142 0.595846 0.990220 0.958759 0.816672 0.959026 0.931647 0.997433 0.844475 0.849288 0.721499 0.734142 0.729116 0.590817 0.000000 0.468392 0.843752 0.873199 0.819550 0.755713 0.829450 0.851273 0.777532 0.937912 0.586324 0.635434 0.571962 0.648163 0.712529 0.636641 0.830097 0.656877 0.755118 0.682578 0.813275 0.820411 0.974848 0.917450 0.595524 0.660939 0.565751 0.753916 0.639811 0.863659 0.663611 0.796087 0.912113 0.692698 0.442100 0.408600 0.846011 0.797794 0.783384 0.843246 0.779152 0.690717 0.937934 0.748886 0.650636 0.642980 0.676950 0.614276 0.666970 0.665997 0.969809 0.951878 0.836089 0.890002 0.934326 0.763796 0.725457 0.944691 0.735747 0.699206 0.797534 0.794893 0.839106 0.784400 0.817618 0.920256 0.677922 0.629128 0.792736 0.728500 0.757297 0.858648 0.790307 0.755258 0.956611 0.932056 0.934791 0.885070 0.767643 0.868049 0.755361 0.941030 0.948386 0.976645
0.581421 0.557566 0.821626 0.931399 0.856404 0.766251 0.462500 0.554476 0.776937 0.548235 0.536346 0.768843 0.847762 0.756128 0.944746 0.930172 0.522948 0.538707 0.409798 0.619727 0.947890 0.972790 0.984169 0.874515 0.823737 0.860333 0.836336 0.832132 0.624074 0.606911 0.800266 0.588956 0.468392 0.000000 0.982768 0.907966 0.856536 0.971859 0.864588 0.972911 0.909202 0.940618 0.606495 0.556237 0.416449 0.482481 0.657305 0.542792 0.604652 0.538618 0.598826 0.534539 0.798269 0.677223 0.991695 0.998568 0.554454 0.676818 0.565803 0.836760 0.580894 0.830998 0.578342 0.710770 0.909395 0.857910 0.486130 0.466493 0.822904 0.752154 0.797848 0.864626 0.772033 0.669287 0.935840 0.605342 0.632592 0.613650 0.759611 0.661469 0.712645 0.732580 0.981157 0.917220 0.955695 0.934066 0.916674 0.837485 0.731665 0.855711 0.610798 0.641300 0.769876 0.740006 0.825455 0.841717 0.790217 0.853894 0.550820 0.546780 0.709121 0.705640 0.750531 0.818954 0.893625 0.771480 0.816403 0.826198 0.956804 0.943602 0.762689 0.634616 0.522336 0.960333 0.936614 0.848118
0.932311 0.951338 0.688938 0.652249 0.918447 0.795521 0.988188 0.882098 0.987349 0.758570 0.756763 0.755595 0.664242 0.792064 0.880670 0.853536 0.863686 0.816354 0.994569 0.978108 0.811458 0.902787 0.572537 0.609378 0.585034 0.785884 0.795219 0.747369 0.820337 0.663575 0.639943 0.795539 0.843752 0.982768 0.000000 0.845317 0.840620 0.938996 0.983427 0.966604 0.831918 0.820945 0.883044 0.812551 0.806981 0.755296 0.934560 0.926109 0.692960 0.868611 0.909020 0.930569 0.908697 0.978011 0.663868 0.906082 0.912817 0.972898 0.932664 0.925704 0.894729 0.899577 0.883302 0.854841 0.641885 0.704691 0.708070 0.819975 0.880697 0.979064 0.840610 0.916682 0.759550 0.838070 0.956607 0.960706 0.876301 0.978418 0.963388 0.927692 0.916643 0.894618 0.913468 0.995314 0.616352 0.553405 0.945235 0.934881 0.977502 0.691458 0.966736 0.970203 0.934720 0.864488 0.918918 0.983067 0.971381 0.877773 0.804733 0.929049 0.723849 0.989247 0.892937 0.802083 0.862983 0.939587 0.917830 0.911135 0.932469 0.973309 0.974259 0.748135 0.726375 0.764011 0.885743 0.910747
0.863913 0.920798 0.913213 0.961215 0.738919 0.852737 0.891079 0.852190 0.768195 0.834027 0.867795 0.874564 0.918937 0.897260 0.909624 0.754981 0.877010 0.831715 0.884869 0.929248 0.836067 0.966536 0.809238 0.890496 0.860867 0.885698 0.816355 0.997948 0.869666 0.812056 0.994468 0.981644 0.873199 0.907966 0.845317 0.000000 0.988796 0.868132 0.950797 0.918269 0.876788 0.945634 0.821043 0.844706 0.960866 0.859238 0.958466 0.885280 0.805319 0.932911 0.949883 0.962664 0.963089 0.984349 0.821082 0.994746 0.879314 0.940490 0.979201 0.871710 0.991267 0.958328 0.969550 0.896154 0.878394 0.819058 0.780087 0.762103 0.941839 0.984347 0.851533 0.899259 0.895746 0.906285 0.861347 0.955037 0.997582 0.970124 0.853844 0.980851 0.965432 0.981196 0.812932 0.895689 0.810694 0.703182 0.988016 0.891273 0.979941 0.978289 0.852351 0.805728 0.898382 0.964386 0.980151 0.920194 0.900569 0.944613 0.775044 0.783319 0.782565 0.947727 0.817002 0.879662 0.824942 0.961858 0.898723 0.979506 0.895388 0.945321 0.991064 0.887334 0.957928 0.999343 0.928064 0.921486
0.882446 0.895898 0.820718 0.677581 0.952334 0.972919 0.880918 0.849460 0.614828 0.991130 0.961627 0.857507 0.776701 0.989762 0.899463 0.741736 0.857869 0.945536 0.944303 0.749321 0.955328 0.909101 0.881519 0.846152 0.825844 0.753969 0.926891 0.961851 0.967328 0.894442 0.795567 0.797143 0.819550 0.856536 0.840620 0.988796 0.000000 0.736305 0.827054 0.806379 0.661141 0.790612 0.970446 0.920224 0.973625 0.855240 0.911014 0.993273 0.991111 0.908180 0.702423 0.776870 0.725913 0.720376 0.837519 0.931712 0.873043 0.843058 0.689057 0.689083 0.846412 0.717163 0.901844 0.877572 0.822376 0.644594 0.935641 0.885294 0.737486 0.719427 0.922562 0.767564 0.715082 0.768581 0.910828 0.887004 0.857186 0.986072 0.839842 0.899162 0.768341 0.871620 0.936497 0.783025 0.963225 0.914365 0.774963 0.869998 0.902799 0.791129 0.933249 0.996720 0.897740 0.965545 0.787434 0.906640 0.953247 0.943065 0.972736 0.961239 0.996948 0.987528 0.960910 0.986202 0.957169 0.826836 0.991880 0.870367 0.831702 0.992795 0.961261 0.944526 0.969431 0.903845 0.981745 0.962427
0.854977 0.831064 0.901713 0.732559 0.948594 0.968727 0.974802 0.944022 0.819609 0.918693 0.853978 0.944038 0.813034 0.947960 0.786353 0.976150 0.907337 0.953090 0.969097 0.867029 0.973830 0.875615 0.867892 0.920533 0.769471 0.792584 0.998669 0.955955 0.987329 0.952871 0.887620 0.965098 0.755713 0.971859 0.938996 0.868132 0.736305 0.000000 0.927798 0.900749 0.699272 0.930034 0.938881 0.980466 0.975160 0.952472 0.905510 0.967665 0.953986 0.896554 0.880899 0.922533 0.884355 0.922867 0.905678 0.823120 0.904103 0.867952 0.806112 0.676203 0.883641 0.754615 0.950009 0.896300 0.839834 0.615193 0.876057 0.786876 0.756621 0.907599 0.968596 0.883942 0.795270 0.888531 0.818990 0.972632 0.923445 0.965533 0.869743 0.902817 0.816768 0.834938 0.979407 0.874015 0.937446 0.864160 0.920648 0.915511 0.987866 0.885834 0.928237 0.855683 0.978724 0.943877 0.995548 0.904086 0.996351 0.984247 0.969488 0.952826 0.911680 0.937874 0.826540 0.971132 0.774203 0.801646 0.958756 0.920702 0.903906 0.955055 0.877744 0.980457 0.938778 0.910611 0.872819 0.906997
