0.000000 0.272318 0.712540 0.603044 0.689711 0.802783 0.910032 0.997456 0.496807 0.558276 0.465048 0.430551 0.629344 0.502587 0.864673 0.936096 0.417433 0.318306 0.445810 0.311444 0.630781 0.835097 0.799048 0.608521 0.554263 0.640393 0.707876 0.975625 0.850661 0.757243 0.977431 0.803052 0.557079 0.655981 0.829950 0.938829 0.738796 0.852177 0.641026 0.904172 0.905188 0.739176 0.993015 0.759319 0.858187 0.952822 0.675206 0.598839 0.913494 0.834211 0.909356 0.999656 0.654058 0.509447 0.605015 0.608857 0.253857 0.273891 0.478688 0.456829 0.982153 0.776333 0.579382 0.546231 0.656721 0.990253 0.749318 0.964235 0.323099 0.451412 0.735052 0.700766 0.773945 0.723106 0.989146 0.842037 0.840659 0.860621 0.604359 0.480542 0.347142 0.340856 0.548554 0.333061 0.411100 0.372138 0.944273 0.668589 0.789519 0.383552 0.547478 0.576391 0.733174 0.672157 0.980005 0.846577 0.862589 0.851250 0.918380 0.949812 0.800716 0.738015 0.890879 0.660921 0.818642 0.689380 0.989115 0.943403 0.803532 0.620669 0.893093 0.861354 0.934013 0.770469 0.887852 0.790968
0.272318 0.000000 0.625982 0.479556 0.676655 0.835243 0.922150 0.930708 0.597085 0.608720 0.571433 0.484616 0.714391 0.539972 0.801059 0.953611 0.452161 0.397129 0.447076 0.319390 0.641662 0.876990 0.773276 0.606132 0.484916 0.542952 0.661425 0.928244 0.825523 0.748862 0.852098 0.780960 0.590328 0.609494 0.805134 0.952863 0.643996 0.770560 0.544065 0.935019 0.947676 0.691275 0.907708 0.713083 0.809188 0.980355 0.655374 0.607529 0.954847 0.869127 0.903575 0.985137 0.646778 0.512173 0.683308 0.646700 0.254141 0.233087 0.530313 0.518514 0.920645 0.834944 0.694225 0.599610 0.564348 0.966156 0.825782 0.986062 0.308356 0.416988 0.869629 0.740124 0.847358 0.764541 0.983377 0.842511 0.756823 0.894564 0.582350 0.503691 0.364735 0.390362 0.603109 0.370434 0.509117 0.425362 0.982156 0.783449 0.810208 0.413932 0.482096 0.555269 0.657641 0.660041 0.957081 0.902581 0.854837 0.866880 0.857170 0.944879 0.666189 0.690659 0.970740 0.724797 0.896449 0.690262 0.862525 0.977104 0.882280 0.606858 0.920370 0.877399 0.932936 0.795829 0.896794 0.782503
0.712540 0.625982 0.000000 0.417812 0.779985 0.910960 0.810144 0.755572 0.918585 0.828558 0.950934 0.807615 0.635233 0.853802 0.683054 0.753816 0.993023 0.937030 0.703026 0.716496 0.682509 0.913575 0.674212 0.704449 0.444902 0.484079 0.719326 0.965622 0.993096 0.989542 0.652050 0.652486 0.809029 0.795869 0.714750 0.875853 0.555050 0.836145 0.815241 0.828063 0.899870 0.763931 0.728390 0.748000 0.855891 0.941519 0.788275 0.837939 0.881125 0.985613 0.896613 0.987286 0.745378 0.756739 0.818942 0.946726 0.691792 0.683601 0.786325 0.693089 0.885370 0.766417 0.869541 0.953249 0.378318 0.597812 0.864567 0.948156 0.640509 0.745014 0.783733 0.799373 0.834899 0.880884 0.897961 0.927945 0.663691 0.842565 0.850402 0.708381 0.881970 0.762936 0.944239 0.823821 0.844896 0.680686 0.824616 0.806655 0.795291 0.731560 0.831291 0.994701 0.935136 0.953087 0.897448 0.963378 0.671912 0.753101 0.882145 0.784594 0.632462 0.977085 0.932397 0.981979 0.877761 0.778520 0.700265 0.912360 0.914303 0.824126 0.908108 0.931338 0.903687 0.824816 0.629085 0.982316
0.603044 0.479556 0.417812 0.000000 0.824800 0.997091 0.824064 0.536691 0.934261 0.864496 0.806512 0.616556 0.684014 0.626615 0.764917 0.701460 0.795267 0.723982 0.709593 0.705586 0.648082 0.967473 0.814737 0.545509 0.492585 0.468315 0.711293 0.971832 0.965925 0.876017 0.768606 0.727965 0.743805 0.704403 0.800229 0.899969 0.585573 0.721515 0.609016 0.801701 0.939308 0.698051 0.967856 0.827516 0.763385 0.899353 0.914930 0.880568 0.855109 0.980600 0.875387 0.987966 0.756304 0.733294 0.829409 0.851971 0.517452 0.476204 0.765513 0.715033 0.922436 0.808502 0.926118 0.804865 0.529123 0.689538 0.912743 0.972950 0.516491 0.604008 0.931405 0.983128 0.959677 0.995754 0.996908 0.971297 0.699534 0.954221 0.731663 0.715088 0.794810 0.783534 0.822456 0.735135 0.916196 0.623434 0.953082 0.866063 0.796632 0.667895 0.684187 0.722335 0.882451 0.826210 0.970394 0.929072 0.855996 0.763805 0.949280 0.967383 0.637874 0.808787 0.901102 0.877519 0.941515 0.775647 0.744259 0.962231 0.957249 0.810981 0.895228 0.821540 0.941969 0.750478 0.718776 0.892505
0.689711 0.676655 0.779985 0.824800 0.000000 0.889907 0.619083 0.766879 0.765190 0.647114 0.943510 0.988456 0.852078 0.988970 0.903060 0.832620 0.829674 0.839365 0.905414 0.691729 0.777716 0.887131 0.824976 0.931184 0.671177 0.733258 0.797468 0.902417 0.909455 0.959207 0.856798 0.948929 0.958885 0.910945 0.909249 0.786545 0.767389 0.815464 0.851125 0.907266 0.919185 0.746560 0.938899 0.970401 0.701779 0.787929 0.939525 0.945208 0.822117 0.836718 0.732355 0.776879 0.557290 0.528679 0.951787 0.995460 0.568624 0.663175 0.972899 0.805945 0.662982 0.739223 0.872296 0.963762 0.807266 0.931675 0.836604 0.661792 0.631007 0.627225 0.711917 0.685735 0.850656 0.785022 0.856900 0.965017 0.938483 0.840907 0.794245 0.857966 0.715846 0.672757 0.932734 0.745539 0.908290 0.832382 0.890413 0.982027 0.876697 0.822682 0.608467 0.656804 0.773461 0.758416 0.951304 0.953493 0.914555 0.970556 0.768721 0.715479 0.627084 0.618090 0.823896 0.967589 0.893881 0.914934 0.996042 0.991760 0.896058 0.884676 0.797687 0.794223 0.931526 0.887731 0.851974 0.814120
0.802783 0.835243 0.910960 0.997091 0.889907 0.000000 0.814644 0.813372 0.655792 0.772830 0.872465 0.913610 0.941939 0.861302 0.830118 0.791945 0.778783 0.777771 0.788639 0.826842 0.923685 0.852219 0.987215 0.915038 0.952027 0.922411 0.929738 0.737205 0.949802 0.972891 0.820790 0.910923 0.886608 0.980068 0.858991 0.952368 0.928976 0.882956 0.911082 0.763146 0.762819 0.841402 0.881106 0.930404 0.995241 0.947995 0.908298 0.916601 0.925392 0.888930 0.968368 0.988931 0.869382 0.900226 0.984073 0.832680 0.761686 0.787654 0.838581 0.934333 0.882763 0.688312 0.841154 0.886173 0.979056 0.793784 0.882768 0.996558 0.839088 0.905915 0.740483 0.645341 0.684851 0.810971 0.885488 0.839132 0.897428 0.746635 0.962062 0.945944 0.785012 0.794604 0.836803 0.738679 0.744491 0.774260 0.740963 0.901170 0.951771 0.749191 0.798871 0.840683 0.962224 0.783544 0.904564 0.983129 0.858789 0.929110 0.914989 0.918917 0.928128 0.875713 0.942913 0.906708 0.999242 0.964292 0.976638 0.799475 0.900325 0.882191 0.908201 0.975515 0.954384 0.928955 0.858389 0.741485
0.910032 0.922150 0.810144 0.824064 0.619083 0.814644 0.000000 0.339508 0.714440 0.467035 0.973549 0.699972 0.581909 0.823867 0.583146 0.726124 0.948956 0.959129 0.757782 0.984585 0.988679 0.955688 0.490177 0.997007 0.765870 0.864767 0.906938 0.783673 0.566173 0.614843 0.539543 0.735207 0.666101 0.527411 0.857419 0.912915 0.986729 0.943273 0.894971 0.982544 0.857124 0.978841 0.563640 0.546989 0.460333 0.483896 0.713308 0.684366 0.551057 0.507057 0.482789 0.501817 0.525217 0.508667 0.739410 0.751378 0.886544 0.959451 0.755057 0.925195 0.322638 0.400969 0.638833 0.607761 0.913979 0.887961 0.489295 0.449599 0.858337 0.854331 0.490539 0.591667 0.679868 0.571301 0.872215 0.796445 0.587093 0.686029 0.851182 0.879605 0.929319 0.745623 0.861820 0.797310 0.973751 0.919423 0.998975 0.849275 0.872052 0.959712 0.586639 0.611910 0.763506 0.865623 0.686007 0.827741 0.743920 0.873052 0.440457 0.443266 0.749168 0.621917 0.703514 0.804898 0.729650 0.652887 0.831198 0.846966 0.807350 0.816631 0.700260 0.709228 0.501509 0.739094 0.522604 0.798957
0.997456 0.930708 0.755572 0.536691 0.766879 0.813372 0.339508 0.000000 0.776095 0.566513 0.997571 0.628264 0.587712 0.697240 0.643476 0.538536 0.932456 0.929560 0.851704 0.987866 0.906415 0.878816 0.643727 0.803348 0.937297 0.960374 0.993583 0.868520 0.775832 0.702706 0.620778 0.784384 0.741223 0.566245 0.899431 0.975964 0.954001 0.867993 0.869977 0.912008 0.805591 0.910836 0.755356 0.677201 0.715506 0.706420 0.880854 0.847817 0.776207 0.705690 0.657688 0.636059 0.668984 0.655653 0.869880 0.862344 0.958677 0.887475 0.796079 0.940619 0.423353 0.402316 0.715513 0.619747 0.847213 0.729219 0.645462 0.622755 0.962139 0.955779 0.597058 0.718106 0.817568 0.714645 0.841664 0.919763 0.644863 0.763292 0.827748 0.863471 0.921838 0.776239 0.877074 0.847816 0.911045 0.982927 0.935469 0.746011 0.773589 0.980765 0.825006 0.921148 0.868637 0.985918 0.863555 0.905419 0.833976 0.874188 0.684297 0.666742 0.963080 0.875807 0.913739 0.867581 0.860180 0.805215 0.789642 0.871113 0.915828 0.836518 0.772371 0.951385 0.649522 0.720461 0.574978 0.908530
0.496807 0.597085 0.918585 0.934261 0.765190 0.655792 0.714440 0.776095 0.000000 0.547079 0.634096 0.717526 0.999746 0.591329 0.738423 0.736656 0.487340 0.465375 0.688075 0.553250 0.904312 0.774190 0.902844 0.731712 0.799325 0.897493 0.785337 0.961556 0.955485 0.827965 0.750563 0.978563 0.849128 0.889261 0.937572 0.816442 0.865709 0.891802 0.820397 0.950154 0.871656 0.950441 0.833144 0.950871 0.882565 0.993420 0.851421 0.768615 0.949877 0.921349 0.890982 0.907519 0.723893 0.666464 0.713872 0.679310 0.520219 0.547199 0.665013 0.743991 0.778327 0.635790 0.713696 0.694480 0.980906 0.821229 0.867728 0.957770 0.604674 0.562408 0.542158 0.558946 0.744420 0.742982 0.944530 0.910661 0.885592 0.682496 0.792335 0.776839 0.503413 0.522171 0.637578 0.470360 0.626755 0.537081 0.761406 0.623772 0.828104 0.549569 0.576774 0.620261 0.762509 0.742207 0.959139 0.746078 0.998725 0.813458 0.782474 0.815921 0.956573 0.791262 0.906554 0.678765 0.968377 0.924619 0.837196 0.907576 0.854556 0.773137 0.979156 0.947051 0.774180 0.979130 0.772494 0.714013
0.558276 0.608720 0.828558 0.864496 0.647114 0.772830 0.467035 0.566513 0.547079 0.000000 0.804163 0.944408 0.974250 0.805780 0.789041 0.781697 0.812315 0.702716 0.858553 0.639191 0.803499 0.879183 0.800759 0.717231 0.539263 0.659090 0.706348 0.839735 0.718584 0.860026 0.610789 0.808329 0.900109 0.787075 0.974248 0.991814 0.739103 0.806880 0.765140 0.945874 0.925758 0.935760 0.672992 0.751746 0.478401 0.551422 0.877971 0.940972 0.597239 0.656274 0.509372 0.555953 0.433346 0.423496 0.959852 0.973653 0.609244 0.634282 0.951330 0.755414 0.531431 0.509073 0.878827 0.856644 0.778356 0.858201 0.802206 0.681642 0.536700 0.610294 0.538496 0.599056 0.749764 0.631417 0.920943 0.797245 0.749083 0.692298 0.951294 0.831028 0.635852 0.391827 0.813800 0.473600 0.638106 0.502941 0.825955 0.610925 0.853090 0.594233 0.603229 0.653416 0.900503 0.907482 0.897807 0.972302 0.936661 0.992925 0.559062 0.669940 0.737554 0.714742 0.806931 0.987239 0.923540 0.948847 0.998197 0.937754 0.763413 0.961735 0.847798 0.791554 0.571614 0.947662 0.785098 0.755566
0.465048 0.571433 0.950934 0.806512 0.943510 0.872465 0.973549 0.997571 0.634096 0.804163 0.000000 0.548666 0.710169 0.599193 0.959023 0.854129 0.549289 0.439348 0.670532 0.504813 0.741736 0.946018 0.966499 0.935998 0.876235 0.872850 0.887741 0.965480 0.828384 0.744527 0.976499 0.934890 0.711499 0.782143 0.980379 0.973829 0.908791 0.966312 0.850973 0.991892 0.819169 0.882625 0.902583 0.909547 0.888295 0.993296 0.925765 0.822104 0.935512 0.903505 0.849833 0.866981 0.716893 0.637497 0.711433 0.763848 0.556207 0.538367 0.767378 0.777936 0.973379 0.846736 0.606391 0.581267 0.973610 0.878714 0.916615 0.967793 0.541498 0.668054 0.804612 0.909662 0.941206 0.951330 0.992024 0.957830 0.959216 0.990118 0.759862 0.678800 0.534995 0.565520 0.638666 0.536905 0.677558 0.725462 0.863984 0.787872 0.940340 0.658333 0.817965 0.765765 0.906400 0.932132 0.936615 0.821396 0.961244 0.923768 0.814478 0.915742 0.929766 0.961648 0.868507 0.788598 0.804767 0.708728 0.985360 0.975962 0.842879 0.756942 0.852591 0.960387 0.945989 0.865170 0.999620 0.860877
0.430551 0.484616 0.807615 0.616556 0.988456 0.913610 0.699972 0.628264 0.717526 0.944408 0.548666 0.000000 0.474869 0.403339 0.638124 0.753952 0.468630 0.377379 0.481072 0.465412 0.738255 0.815819 0.607186 0.711422 0.852614 0.870628 0.814415 0.889527 0.646868 0.545346 0.760412 0.729624 0.491400 0.459007 0.876763 0.951366 0.892972 0.871883 0.786844 0.930042 0.987356 0.916536 0.872937 0.655094 0.865163 0.732669 0.674366 0.580944 0.692457 0.675361 0.810713 0.755061 0.965862 0.847852 0.544756 0.584224 0.507002 0.452477 0.518344 0.638406 0.671692 0.879112 0.406797 0.358296 0.814633 0.969203 0.651124 0.756482 0.547077 0.682190 0.990091 0.943080 0.920018 0.998284 0.804186 0.991065 0.704676 0.972080 0.543960 0.505298 0.467932 0.605654 0.526855 0.562831 0.576555 0.610142 0.922639 0.824223 0.776621 0.605159 0.782731 0.751795 0.848096 0.686351 0.867942 0.824177 0.947443 0.936508 0.917060 0.937395 0.964674 0.870402 0.857103 0.670189 0.767141 0.654280 0.960983 0.989612 0.944170 0.637048 0.823172 0.950943 0.904745 0.764960 0.701975 0.839160
0.629344 0.714391 0.635233 0.684014 0.852078 0.941939 0.581909 0.587712 0.999746 0.974250 0.710169 0.474869 0.000000 0.542659 0.520730 0.593282 0.832715 0.688720 0.595163 0.725933 0.789910 0.894851 0.502187 0.654267 0.861813 0.852268 0.877653 0.739639 0.791432 0.732453 0.675877 0.670078 0.648439 0.575006 0.784318 0.994719 0.997022 0.928446 0.856066 0.942177 0.826328 0.992767 0.818380 0.738076 0.823266 0.753392 0.715067 0.663746 0.758884 0.682847 0.750884 0.665506 0.884821 0.953773 0.639656 0.715406 0.728180 0.685389 0.502748 0.541282 0.463516 0.675143 0.581924 0.630711 0.688425 0.715764 0.577982 0.555779 0.806965 0.835188 0.855121 0.875814 0.969000 0.997077 0.975162 0.909721 0.733343 0.907619 0.772399 0.544026 0.763137 0.791099 0.736783 0.774511 0.619218 0.598282 0.837825 0.919177 0.730677 0.661033 0.966581 0.962095 0.953976 0.866682 0.877724 0.895766 0.728316 0.939911 0.726519 0.738782 0.981660 0.822235 0.817989 0.851260 0.792242 0.730973 0.958413 0.918210 0.968261 0.772316 0.713320 0.999609 0.800352 0.749970 0.607198 0.918751
0.502587 0.539972 0.853802 0.626615 0.988970 0.861302 0.823867 0.697240 0.591329 0.805780 0.599193 0.403339 0.542659 0.000000 0.743315 0.707690 0.523738 0.409929 0.543389 0.522283 0.821551 0.963877 0.720374 0.564108 0.854225 0.829612 0.898565 0.761974 0.781866 0.492139 0.895833 0.805845 0.605366 0.562555 0.883345 0.856719 0.855124 0.838575 0.679988 0.857607 0.934746 0.944515 0.968697 0.835883 0.970310 0.875342 0.838959 0.720628 0.854662 0.798907 0.913902 0.847947 0.892215 0.872527 0.559622 0.574310 0.545656 0.504085 0.600489 0.698850 0.742908 0.854801 0.502757 0.496350 0.870875 0.821060 0.711625 0.796542 0.640038 0.641515 0.878011 0.809808 0.924749 0.932026 0.939157 0.918510 0.835084 0.911564 0.704434 0.538237 0.478544 0.574579 0.460192 0.464734 0.608410 0.480202 0.715808 0.678384 0.634017 0.576872 0.706053 0.652035 0.867050 0.642036 0.902368 0.868613 0.942542 0.961510 0.934554 0.957028 0.851868 0.881194 0.931387 0.761647 0.930857 0.818812 0.973012 0.954990 0.934214 0.862209 0.901566 0.911077 0.938628 0.865346 0.883533 0.828322
0.864673 0.801059 0.683054 0.764917 0.903060 0.830118 0.583146 0.643476 0.738423 0.789041 0.959023 0.638124 0.520730 0.743315 0.000000 0.501427 0.926241 0.889774 0.664384 0.848877 0.859143 0.953267 0.431418 0.790681 0.967183 0.939274 0.983628 0.785240 0.646053 0.627395 0.472763 0.666899 0.588320 0.548095 0.682772 0.920232 0.872265 0.915490 0.907694 0.903205 0.863293 0.906499 0.579758 0.583828 0.671599 0.652507 0.640492 0.570298 0.659182 0.666442 0.622057 0.535283 0.748773 0.822580 0.697341 0.691127 0.897306 0.870187 0.659507 0.767365 0.469601 0.611057 0.731008 0.712543 0.720994 0.767112 0.665070 0.623510 0.992564 0.943896 0.678568 0.698580 0.809880 0.918572 0.928656 0.869539 0.609216 0.746957 0.697748 0.615173 0.794770 0.938816 0.846033 0.943054 0.742459 0.848473 0.976402 0.960840 0.870500 0.913985 0.930638 0.935273 0.914711 0.833765 0.843262 0.928416 0.878213 0.953998 0.639600 0.664344 0.879796 0.898593 0.852193 0.875205 0.836574 0.654557 0.804445 0.991678 0.842649 0.843962 0.827101 0.886206 0.803419 0.766951 0.509975 0.872280
0.936096 0.953611 0.753816 0.701460 0.832620 0.791945 0.726124 0.538536 0.736656 0.781697 0.854129 0.753952 0.593282 0.707690 0.501427 0.000000 0.929586 0.934287 0.987080 0.927933 0.925657 0.980594 0.676675 0.722603 0.995448 0.951887 0.911769 0.770093 0.937704 0.769712 0.643324 0.763526 0.911108 0.761490 0.958990 0.991611 0.968551 0.912585 0.811954 0.882284 0.724844 0.939674 0.913228 0.951673 0.949165 0.945804 0.994849 0.974259 0.991381 0.992443 0.851212 0.745299 0.829665 0.821622 0.970158 0.943038 0.953991 0.997131 0.861229 0.965029 0.576899 0.555426 0.952390 0.915377 0.837643 0.612323 0.931743 0.779108 0.876330 0.989903 0.731138 0.780215 0.852205 0.995450 0.890828 0.979849 0.828498 0.944194 0.913397 0.732342 0.953456 0.874585 0.866310 0.887169 0.911444 0.925594 0.944413 0.787194 0.877535 0.935999 0.923183 0.859062 0.872487 0.736728 0.977458 0.902217 0.887065 0.907534 0.951620 0.958759 0.783112 0.951582 0.789948 0.841962 0.823287 0.974499 0.863111 0.929954 0.872116 0.978157 0.991571 0.944315 0.987205 0.954984 0.722290 0.923865
0.417433 0.452161 0.993023 0.795267 0.829674 0.778783 0.948956 0.932456 0.487340 0.812315 0.549289 0.468630 0.832715 0.523738 0.926241 0.929586 0.000000 0.298505 0.518386 0.397046 0.782428 0.840318 0.858463 0.872612 0.919311 0.986574 0.835458 0.997339 0.579737 0.465450 0.917225 0.894261 0.508192 0.548184 0.969571 0.943012 0.750650 0.869348 0.780768 0.865617 0.871382 0.788908 0.956261 0.641122 0.897920 0.714104 0.641104 0.546652 0.660068 0.614481 0.817722 0.780748 0.924390 0.819063 0.599310 0.509734 0.413471 0.397263 0.587779 0.741892 0.958518 0.803744 0.434634 0.382357 0.989351 0.738160 0.695214 0.899064 0.528786 0.577298 0.839262 0.707593 0.865207 0.888593 0.914278 0.992751 0.828417 0.930244 0.545810 0.624315 0.340839 0.538321 0.501755 0.513979 0.554162 0.606261 0.942850 0.657860 0.916507 0.560029 0.719122 0.679130 0.741905 0.649257 0.858670 0.763627 0.969725 0.916570 0.995286 0.991383 0.947997 0.756337 0.833331 0.622004 0.773798 0.742034 0.961694 0.955527 0.944804 0.694206 0.982648 0.800351 0.966273 0.927919 0.980441 0.840018
0.318306 0.397129 0.937030 0.723982 0.839365 0.777771 0.959129 0.929560 0.465375 0.702716 0.439348 0.377379 0.688720 0.409929 0.889774 0.934287 0.298505 0.000000 0.425206 0.341047 0.767784 0.854781 0.821295 0.730951 0.843089 0.897518 0.850996 0.981299 0.651897 0.542064 0.989338 0.857772 0.499700 0.534940 0.940966 0.945533 0.812213 0.868181 0.742626 0.853984 0.891200 0.799891 0.995517 0.717553 0.958515 0.804230 0.713748 0.589837 0.744999 0.712426 0.953957 0.916090 0.805887 0.698191 0.556750 0.485524 0.360084 0.350793 0.525231 0.645472 0.946715 0.828430 0.415400 0.402123 0.867892 0.881871 0.680609 0.858534 0.447778 0.515632 0.799805 0.713094 0.875024 0.895916 0.911172 0.938562 0.927093 0.909340 0.527934 0.524288 0.283942 0.394684 0.485214 0.360200 0.455106 0.492162 0.845450 0.584300 0.862440 0.478231 0.680613 0.629570 0.759824 0.654305 0.841675 0.783489 0.951638 0.865407 0.945415 0.987952 0.892531 0.785019 0.877108 0.626662 0.781414 0.667351 0.972662 0.978690 0.805746 0.681279 0.928564 0.908008 0.973613 0.804705 0.937106 0.850003
0.445810 0.447076 0.703026 0.709593 0.905414 0.788639 0.757782 0.851704 0.688075 0.858553 0.670532 0.481072 0.595163 0.543389 0.664384 0.987080 0.518386 0.425206 0.000000 0.385939 0.745571 0.815876 0.458700 0.720687 0.744667 0.858396 0.783151 0.897321 0.572042 0.606454 0.649023 0.653783 0.376801 0.429034 0.764466 0.909626 0.743165 0.980200 0.779821 0.988152 0.951946 0.870876 0.582033 0.458084 0.705034 0.545027 0.421482 0.354161 0.560809 0.517965 0.709548 0.653754 0.998142 0.876649 0.537014 0.438515 0.480390 0.477509 0.395412 0.496297 0.711502 0.958990 0.498460 0.498983 0.602613 0.969843 0.490127 0.608034 0.576565 0.680505 0.964312 0.886245 0.968228 0.974332 0.932094 0.992458 0.755865 0.957458 0.532856 0.517142 0.438612 0.525919 0.534329 0.488331 0.382540 0.475310 0.852452 0.723828 0.780832 0.460264 0.828724 0.925100 0.832275 0.730047 0.743929 0.712163 0.803136 0.768580 0.730127 0.672009 0.901784 0.910171 0.748812 0.579984 0.705059 0.512570 0.879853 0.998209 0.995860 0.643605 0.769950 0.784152 0.818200 0.684042 0.726842 0.943575
0.311444 0.319390 0.716496 0.705586 0.691729 0.826842 0.984585 0.987866 0.553250 0.639191 0.504813 0.465412 0.725933 0.522283 0.848877 0.927933 0.397046 0.341047 0.385939 0.000000 0.688580 0.790415 0.731318 0.712463 0.646832 0.715719 0.673747 0.990625 0.733437 0.668181 0.846917 0.828619 0.523191 0.597232 0.842018 0.973593 0.706676 0.806425 0.698181 0.917136 0.898891 0.747367 0.849894 0.670776 0.966985 0.864574 0.628616 0.566916 0.828977 0.781589 0.974379 0.981526 0.693941 0.550269 0.591599 0.591219 0.344423 0.335751 0.544699 0.554728 0.971125 0.850922 0.606283 0.549064 0.656513 0.985881 0.738131 0.909600 0.381554 0.486465 0.826539 0.718628 0.996101 0.924997 0.907879 0.937543 0.805274 0.927340 0.565742 0.532168 0.331931 0.344966 0.571799 0.349589 0.435668 0.462019 0.998036 0.691871 0.850859 0.429110 0.633486 0.697472 0.773888 0.681055 0.877593 0.757020 0.902100 0.845648 0.951440 0.995061 0.754731 0.746648 0.917287 0.660537 0.787953 0.665521 0.945368 0.993325 0.970705 0.648511 0.859687 0.964102 0.938736 0.846119 0.934106 0.815346
0.630781 0.641662 0.682509 0.648082 0.777716 0.923685 0.988679 0.906415 0.904312 0.803499 0.741736 0.738255 0.789910 0.821551 0.859143 0.925657 0.782428 0.767784 0.745571 0.688580 0.000000 0.883906 0.838239 0.854494 0.667464 0.712164 0.861871 0.893418 0.933818 0.971860 0.855110 0.668898 0.709287 0.779366 0.998200 0.910349 0.813411 0.803576 0.830210 0.805341 0.955912 0.795326 0.905807 0.765678 0.965724 0.969223 0.836111 0.727263 0.975401 0.903740 0.976627 0.968714 0.909529 0.755439 0.733584 0.899805 0.599204 0.655725 0.780655 0.684596 0.976315 0.985612 0.859568 0.839712 0.653265 0.890646 0.904453 0.925482 0.610744 0.782813 0.879623 0.904026 0.947195 0.922769 0.976325 0.986986 0.811666 0.887590 0.790126 0.664556 0.717631 0.723322 0.745155 0.788894 0.776875 0.697800 0.921555 0.916721 0.882920 0.739709 0.850869 0.837690 0.974794 0.908230 0.889428 0.852230 0.911598 0.884975 0.919647 0.915926 0.786968 0.834279 0.969164 0.792929 0.918540 0.789875 0.881843 0.973193 0.925524 0.774972 0.941935 0.843797 0.963217 0.635670 0.719863 0.804298
0.835097 0.876990 0.913575 0.967473 0.887131 0.852219 0.955688 0.878816 0.774190 0.879183 0.946018 0.815819 0.894851 0.963877 0.953267 0.980594 0.840318 0.854781 0.815876 0.790415 0.883906 0.000000 0.824996 0.873285 0.828685 0.847146 0.876006 0.930678 0.779380 0.931735 0.957010 0.905418 0.934651 0.819530 0.912339 0.873924 0.905911 0.950648 0.990067 0.879107 0.872851 0.953437 0.902600 0.902694 0.962825 0.944601 0.779269 0.815402 0.959888 0.988351 0.953074 0.966138 0.882944 0.799206 0.858048 0.905127 0.894488 0.923946 0.882633 0.860062 0.935411 0.957938 0.990230 0.961264 0.853634 0.974631 0.887885 0.997749 0.826160 0.947479 0.958346 0.971170 0.950244 0.894621 0.936747 0.923767 0.908717 0.867029 0.898944 0.842446 0.820109 0.843932 0.865846 0.902874 0.880674 0.847600 0.957332 0.856615 0.956247 0.813811 0.855564 0.968466 0.909576 0.909712 0.977044 0.882619 0.959623 0.979738 0.954188 0.923575 0.983613 0.889885 0.968769 0.995154 0.892021 0.906600 0.959939 0.950195 0.985952 0.833918 0.989892 0.929922 0.937628 0.985623 0.938744 0.966299
0.799048 0.773276 0.674212 0.814737 0.824976 0.987215 0.490177 0.643727 0.902844 0.800759 0.966499 0.607186 0.502187 0.720374 0.431418 0.676675 0.858463 0.821295 0.458700 0.731318 0.838239 0.824996 0.000000 0.741068 0.898823 0.936183 0.954759 0.721789 0.604322 0.687619 0.412342 0.519208 0.492153 0.490989 0.741842 0.971103 0.965433 0.879904 0.919250 0.948113 0.822163 0.998229 0.454832 0.455692 0.534392 0.453755 0.422327 0.443702 0.504281 0.516364 0.549280 0.482516 0.726482 0.811655 0.627046 0.596671 0.892166 0.843379 0.507054 0.652413 0.449964 0.636843 0.659475 0.651810 0.609262 0.818784 0.455886 0.461430 0.902284 0.979617 0.667768 0.808043 0.759073 0.820197 0.900906 0.885293 0.576887 0.832869 0.702217 0.600868 0.795883 0.886492 0.709881 0.859030 0.560442 0.705153 0.945006 0.890710 0.831603 0.687595 0.951030 0.833452 0.992637 0.872852 0.747238 0.895447 0.813793 0.845342 0.516082 0.529631 0.966305 0.834408 0.749380 0.762194 0.811126 0.592268 0.885236 0.975061 0.931165 0.786193 0.706075 0.768335 0.684144 0.764341 0.471069 0.933931
0.608521 0.606132 0.704449 0.545509 0.931184 0.915038 0.997007 0.803348 0.731712 0.717231 0.935998 0.711422 0.654267 0.564108 0.790681 0.722603 0.872612 0.730951 0.720687 0.712463 0.854494 0.873285 0.741068 0.000000 0.628128 0.646138 0.775801 0.901736 0.907486 0.944446 0.946926 0.765983 0.834102 0.809561 0.831690 0.969356 0.899434 0.853283 0.639517 0.854585 0.884859 0.860883 0.889573 0.996484 0.814885 0.911120 0.905837 0.858360 0.880083 0.947198 0.900473 0.991515 0.778186 0.741058 0.829935 0.798452 0.642330 0.629595 0.613736 0.589100 0.931114 0.937352 0.870978 0.897924 0.672353 0.628999 0.784424 0.831713 0.670803 0.664055 0.841713 0.805557 0.775850 0.769610 0.948635 0.811952 0.925238 0.807558 0.854257 0.740312 0.771505 0.681607 0.702539 0.643739 0.688054 0.417516 0.821258 0.783758 0.680945 0.536387 0.676957 0.658494 0.885088 0.744195 0.967356 0.995121 0.965519 0.824264 0.947747 0.943019 0.697449 0.801483 0.867726 0.886008 0.905672 0.944722 0.901403 0.865411 0.881424 0.855680 0.814352 0.819912 0.841637 0.929162 0.834859 0.856200
0.554263 0.484916 0.444902 0.492585 0.671177 0.952027 0.765870 0.937297 0.799325 0.539263 0.876235 0.852614 0.861813 0.854225 0.967183 0.995448 0.919311 0.843089 0.744667 0.646832 0.667464 0.828685 0.898823 0.628128 0.000000 0.306817 0.616060 0.855518 0.766009 0.796730 0.899069 0.816662 0.901000 0.977834 0.766840 0.894600 0.656878 0.780074 0.603181 0.909550 0.901193 0.717850 0.928675 0.895900 0.603930 0.738374 0.857574 0.884384 0.701025 0.792906 0.653958 0.740223 0.529123 0.457684 0.915914 0.935679 0.554131 0.562303 0.801793 0.565730 0.743147 0.912814 0.758397 0.859592 0.384696 0.663937 0.971617 0.806375 0.491646 0.625870 0.922016 0.870620 0.925983 0.886646 0.913027 0.916167 0.822658 0.968849 0.853300 0.751143 0.806230 0.605439 0.938966 0.630275 0.778711 0.502613 0.871930 0.967096 0.811630 0.546499 0.533551 0.741597 0.824245 0.886938 0.948456 0.969558 0.810505 0.872210 0.827359 0.937682 0.607804 0.739773 0.915079 0.947396 0.936635 0.806085 0.782821 0.962297 0.929937 0.792294 0.921473 0.692504 0.884160 0.906338 0.854223 0.863616
0.640393 0.542952 0.484079 0.468315 0.733258 0.922411 0.864767 0.960374 0.897493 0.659090 0.872850 0.870628 0.852268 0.829612 0.939274 0.951887 0.986574 0.897518 0.858396 0.715719 0.712164 0.847146 0.936183 0.646138 0.306817 0.000000 0.645576 0.848104 0.776304 0.843568 0.868471 0.846354 0.965789 0.951205 0.846426 0.877642 0.675151 0.688043 0.578058 0.976137 0.970959 0.612944 0.972213 0.963006 0.591559 0.689010 0.939217 0.991447 0.690052 0.764942 0.655667 0.736974 0.591078 0.534970 0.890390 0.936251 0.651320 0.607171 0.954762 0.669061 0.773578 0.974599 0.773917 0.866364 0.476082 0.662177 0.877379 0.766177 0.516786 0.645222 0.978434 0.919801 0.983273 0.953862 0.889750 0.967506 0.791681 0.995939 0.875790 0.763895 0.860287 0.700325 0.989112 0.683223 0.887668 0.614949 0.860405 0.974384 0.751727 0.639533 0.627316 0.827540 0.946205 0.974536 0.922035 0.956384 0.753043 0.926543 0.905065 0.881712 0.656730 0.844967 0.874142 0.981293 0.879645 0.833117 0.791861 0.971894 0.957914 0.812845 0.879437 0.746789 0.941435 0.843220 0.878896 0.901295
0.707876 0.661425 0.719326 0.711293 0.797468 0.929738 0.906938 0.993583 0.785337 0.706348 0.887741 0.814415 0.877653 0.898565 0.983628 0.911769 0.835458 0.850996 0.783151 0.673747 0.861871 0.876006 0.954759 0.775801 0.616060 0.645576 0.000000 0.752318 0.891537 0.958999 0.949646 0.988078 0.974357 0.904672 0.934504 0.953650 0.712941 0.871287 0.817775 0.873271 0.907989 0.878790 0.949914 0.856725 0.819706 0.918526 0.843699 0.847736 0.936249 0.988002 0.864343 0.965751 0.758867 0.735433 0.814487 0.832754 0.697782 0.684609 0.824883 0.707634 0.877535 0.897761 0.996859 0.920523 0.805563 0.903614 0.942571 0.920685 0.721278 0.721391 0.920658 0.957376 0.903565 0.996336 0.851254 0.939839 0.839560 0.992547 0.903725 0.910321 0.894678 0.735926 0.934718 0.676396 0.863032 0.683253 0.937287 0.865469 0.861288 0.616011 0.784891 0.986842 0.961038 0.954068 0.992302 0.795212 0.847130 0.792109 0.981534 0.973593 0.826333 0.869801 0.924229 0.855211 0.860458 0.856699 0.985755 0.957922 0.945896 0.784238 0.784149 0.901364 0.964775 0.931368 0.906587 0.979871
0.975625 0.928244 0.965622 0.971832 0.902417 0.737205 0.783673 0.868520 0.961556 0.839735 0.965480 0.889527 0.739639 0.761974 0.785240 0.770093 0.997339 0.981299 0.897321 0.990625 0.893418 0.930678 0.721789 0.901736 0.855518 0.848104 0.752318 0.000000 0.907807 0.855854 0.837334 0.809423 0.789200 0.853610 0.954686 0.992981 0.819470 0.814919 0.898288 0.809960 0.942906 0.723463 0.966722 0.972210 0.806868 0.793365 0.865427 0.865242 0.799116 0.760801 0.742207 0.718100 0.880468 0.834830 0.837212 0.888895 0.963255 0.951545 0.788756 0.879194 0.685255 0.868322 0.773771 0.891459 0.991472 0.968451 0.751969 0.758063 0.908343 0.796651 0.958838 0.933045 0.914518 0.893888 0.964944 0.999276 0.887481 0.996369 0.943410 0.883093 0.981778 0.898874 0.781438 0.999678 0.905663 0.962032 0.867464 0.919386 0.975621 0.936478 0.983041 0.980679 0.908886 0.833290 0.991064 0.929403 0.964688 0.896049 0.852503 0.882810 0.984370 0.880262 0.886261 0.931326 0.889165 0.962021 0.980682 0.855932 0.897546 0.943775 0.982119 0.951524 0.938954 0.949648 0.982413 0.937648
0.850661 0.825523 0.993096 0.965925 0.909455 0.949802 0.566173 0.775832 0.955485 0.718584 0.828384 0.646868 0.791432 0.781866 0.646053 0.937704 0.579737 0.651897 0.572042 0.733437 0.933818 0.779380 0.604322 0.907486 0.766009 0.776304 0.891537 0.907807 0.000000 0.369452 0.646809 0.728346 0.488034 0.403596 0.887895 0.914182 0.914189 0.942280 0.952270 0.997900 0.956830 0.959868 0.575579 0.479428 0.485015 0.435136 0.543999 0.470267 0.423829 0.455198 0.464491 0.519525 0.642035 0.700252 0.669062 0.590515 0.838154 0.837479 0.685816 0.936300 0.585663 0.772426 0.493397 0.478606 0.951021 0.814105 0.558824 0.625170 0.978778 0.940492 0.702694 0.815411 0.781097 0.724650 0.931614 0.910591 0.722294 0.763781 0.619020 0.734062 0.635180 0.942343 0.649330 0.949767 0.789547 0.981692 0.992804 0.891778 0.919578 0.916376 0.856759 0.874750 0.878108 0.884854 0.778123 0.759037 0.874323 0.907237 0.626886 0.645917 0.786442 0.877967 0.683770 0.740839 0.704988 0.591892 0.828528 0.842741 0.921437 0.763672 0.894497 0.624194 0.660213 0.707614 0.757157 0.924427
0.757243 0.748862 0.989542 0.876017 0.959207 0.972891 0.614843 0.702706 0.827965 0.860026 0.744527 0.545346 0.732453 0.492139 0.627395 0.769712 0.465450 0.542064 0.606454 0.668181 0.971860 0.931735 0.687619 0.944446 0.796730 0.843568 0.958999 0.855854 0.369452 0.000000 0.721893 0.801541 0.502954 0.431349 0.908197 0.829793 0.807101 0.892096 0.932308 0.910478 0.976759 0.946466 0.817747 0.615213 0.681315 0.598093 0.672728 0.573437 0.575275 0.570594 0.605707 0.589967 0.781663 0.796664 0.598775 0.538780 0.766728 0.723473 0.690843 0.944153 0.588126 0.757047 0.468812 0.413224 0.883718 0.924126 0.655328 0.708235 0.883490 0.861641 0.895468 0.933463 0.841795 0.832181 0.912090 0.886840 0.733733 0.903495 0.597424 0.626571 0.544364 0.853098 0.575166 0.773082 0.817219 0.893367 0.865592 0.810874 0.863446 0.859725 0.984382 0.922162 0.841225 0.752568 0.826589 0.802362 0.942965 0.920048 0.840576 0.830066 0.888224 0.995323 0.871699 0.778896 0.787345 0.710410 0.844495 0.896523 0.967022 0.829214 0.993269 0.641274 0.825133 0.842619 0.854869 0.928311
0.977431 0.852098 0.652050 0.768606 0.856798 0.820790 0.539543 0.620778 0.750563 0.610789 0.976499 0.760412 0.675877 0.895833 0.472763 0.643324 0.917225 0.989338 0.649023 0.846917 0.855110 0.957010 0.412342 0.946926 0.899069 0.868471 0.949646 0.837334 0.646809 0.721893 0.000000 0.537208 0.534444 0.513679 0.804258 0.968020 0.865019 0.934708 0.939800 0.987096 0.848396 0.922067 0.439760 0.455312 0.621012 0.543747 0.514222 0.524078 0.618246 0.607903 0.564896 0.526485 0.702075 0.772241 0.723393 0.723696 0.967790 0.933936 0.706631 0.810752 0.550417 0.545361 0.826432 0.755155 0.679180 0.866047 0.626962 0.589196 0.973065 0.935609 0.576666 0.673956 0.705027 0.725814 0.979680 0.776057 0.532803 0.655407 0.686702 0.743392 0.939931 0.887979 0.895191 0.933723 0.871340 0.927301 0.814997 0.854278 0.902357 0.899042 0.982258 0.803375 0.952813 0.933005 0.760011 0.849451 0.749189 0.921641 0.532615 0.552275 0.980617 0.841666 0.776681 0.894920 0.868647 0.666298 0.729326 0.850735 0.796378 0.866310 0.730063 0.745246 0.657891 0.826548 0.535132 0.785819
0.803052 0.780960 0.652486 0.727965 0.948929 0.910923 0.735207 0.784384 0.978563 0.808329 0.934890 0.729624 0.670078 0.805845 0.666899 0.763526 0.894261 0.857772 0.653783 0.828619 0.668898 0.905418 0.519208 0.765983 0.816662 0.846354 0.988078 0.809423 0.728346 0.801541 0.537208 0.000000 0.554756 0.633518 0.961493 0.938766 0.976849 0.952679 0.964387 0.881574 0.888093 0.899182 0.700885 0.615873 0.738976 0.648253 0.526300 0.586352 0.674474 0.700442 0.703024 0.646109 0.882287 0.975312 0.671927 0.673054 0.763916 0.798352 0.596196 0.680667 0.695180 0.736305 0.779252 0.798148 0.731512 0.936569 0.688019 0.712349 0.819877 0.935918 0.869526 0.800056 0.913263 0.912132 0.967092 0.986094 0.677979 0.881258 0.717562 0.652452 0.803901 0.937642 0.705943 0.921546 0.813178 0.814369 0.850614 0.903741 0.944040 0.750059 0.913787 0.951049 0.885712 0.853918 0.886433 0.893660 0.777674 0.799143 0.690952 0.751192 0.920311 0.951079 0.847907 0.800954 0.992808 0.700178 0.981507 0.926260 0.995638 0.847458 0.823278 0.942288 0.724412 0.765575 0.636519 0.973273
0.557079 0.590328 0.809029 0.743805 0.958885 0.886608 0.666101 0.741223 0.849128 0.900109 0.711499 0.491400 0.648439 0.605366 0.588320 0.911108 0.508192 0.499700 0.376801 0.523191 0.709287 0.934651 0.492153 0.834102 0.901000 0.965789 0.974357 0.789200 0.488034 0.502954 0.534444 0.554756 0.000000 0.393678 0.745214 0.989921 0.888021 0.995887 0.888413 0.934625 0.926039 0.843506 0.624027 0.428761 0.611122 0.473203 0.456775 0.380483 0.481904 0.445895 0.555410 0.532274 0.831851 0.944778 0.581509 0.465186 0.560429 0.573070 0.479932 0.638924 0.601101 0.840264 0.453120 0.442829 0.742475 0.930193 0.487981 0.635824 0.696907 0.793527 0.921054 0.984801 0.967986 0.909289 0.927535 0.968819 0.697958 0.816179 0.502487 0.570946 0.520071 0.734148 0.564187 0.655272 0.560354 0.665848 0.982690 0.847468 0.886376 0.632450 0.865764 0.941355 0.843975 0.723950 0.739172 0.813115 0.842806 0.861735 0.656850 0.645402 0.955209 0.896621 0.728911 0.621100 0.669000 0.551739 0.965937 0.934530 0.979298 0.713480 0.801625 0.795634 0.724214 0.637726 0.699255 0.947657
0.655981 0.609494 0.795869 0.704403 0.910945 0.980068 0.527411 0.566245 0.889261 0.787075 0.782143 0.459007 0.575006 0.562555 0.548095 0.761490 0.548184 0.534940 0.429034 0.597232 0.779366 0.819530 0.490989 0.809561 0.977834 0.951205 0.904672 0.853610 0.403596 0.431349 0.513679 0.633518 0.393678 0.000000 0.833286 0.840821 0.799387 0.933102 0.804065 0.965630 0.893008 0.805380 0.559773 0.386643 0.583393 0.475264 0.463105 0.399790 0.502895 0.481904 0.530389 0.497676 0.750299 0.828444 0.565789 0.476526 0.671237 0.651562 0.481411 0.710452 0.508841 0.642989 0.446596 0.402795 0.784211 0.964386 0.483951 0.551811 0.811198 0.828958 0.787876 0.877918 0.880897 0.791130 0.946998 0.918232 0.593213 0.705149 0.521881 0.592919 0.630068 0.886410 0.624240 0.771447 0.714799 0.737284 0.989054 0.916770 0.798689 0.701579 0.913839 0.945717 0.857408 0.709793 0.749136 0.742324 0.801531 0.802397 0.605644 0.601103 0.988204 0.941853 0.762886 0.691353 0.721936 0.532356 0.796827 0.990765 0.951767 0.697339 0.854557 0.770977 0.746335 0.674258 0.593609 0.899929
0.829950 0.805134 0.714750 0.800229 0.909249 0.858991 0.857419 0.899431 0.937572 0.974248 0.980379 0.876763 0.784318 0.883345 0.682772 0.958990 0.969571 0.940966 0.764466 0.842018 0.998200 0.912339 0.741842 0.831690 0.766840 0.846426 0.934504 0.954686 0.887895 0.908197 0.804258 0.961493 0.745214 0.833286 0.000000 0.972974 0.936797 0.833147 0.874084 0.879521 0.766864 0.902000 0.711324 0.726183 0.863536 0.834691 0.735069 0.742990 0.896443 0.803671 0.828379 0.848160 0.959323 0.985714 0.885677 0.781539 0.833957 0.836308 0.771885 0.749088 0.799342 0.837210 0.933742 0.926166 0.685270 0.870491 0.762572 0.845594 0.928313 0.996118 0.844919 0.935021 0.998789 0.913981 0.848209 0.970799 0.675837 0.858245 0.875951 0.900882 0.910816 0.908228 0.963996 0.871339 0.795007 0.802951 0.947736 0.966388 0.875543 0.791185 0.862567 0.958411 0.898853 0.781399 0.974281 0.850779 0.831281 0.962893 0.847687 0.770178 0.779701 0.930194 0.871852 0.840224 0.765656 0.877740 0.898404 0.911763 0.986185 0.882409 0.919634 0.873609 0.782043 0.879959 0.769075 0.998922
0.938829 0.952863 0.875853 0.899969 0.786545 0.952368 0.912915 0.975964 0.816442 0.991814 0.973829 0.951366 0.994719 0.856719 0.920232 0.991611 0.943012 0.945533 0.909626 0.973593 0.910349 0.873924 0.971103 0.969356 0.894600 0.877642 0.953650 0.992981 0.914182 0.829793 0.968020 0.938766 0.989921 0.840821 0.972974 0.000000 0.912569 0.989276 0.963162 0.963149 0.758322 0.924234 0.967821 0.927432 0.810197 0.868018 0.918180 0.841152 0.926946 0.870329 0.839841 0.875761 0.808514 0.771349 0.892784 0.812709 0.894265 0.931609 0.880491 0.931345 0.882575 0.929495 0.869156 0.921540 0.912160 0.977812 0.805439 0.748480 0.846461 0.974803 0.960779 0.983063 0.943056 0.993436 0.847198 0.939454 0.956278 0.996492 0.991690 0.999677 0.965947 0.931914 0.913375 0.952110 0.954193 0.872636 0.822113 0.819735 0.953368 0.856851 0.925057 0.902094 0.908819 0.975241 0.999150 0.777470 0.942328 0.742882 0.891294 0.785023 0.869574 0.914445 0.891941 0.740420 0.971281 0.953291 0.993246 0.982870 0.931369 0.939362 0.909851 0.764852 0.969704 0.975235 0.951293 0.843934
0.738796 0.643996 0.555050 0.585573 0.767389 0.928976 0.986729 0.954001 0.865709 0.739103 0.908791 0.892972 0.997022 0.855124 0.872265 0.968551 0.750650 0.812213 0.743165 0.706676 0.813411 0.905911 0.965433 0.899434 0.656878 0.675151 0.712941 0.819470 0.914189 0.807101 0.865019 0.976849 0.888021 0.799387 0.936797 0.912569 0.000000 0.771093 0.737053 0.839635 0.934567 0.833816 0.850132 0.803013 0.843064 0.925197 0.865683 0.813181 0.879910 0.945065 0.854478 0.937080 0.782823 0.780826 0.797906 0.849137 0.712626 0.700392 0.967309 0.952765 0.893052 0.975867 0.914451 0.963823 0.652365 0.823958 0.988278 0.903047 0.689586 0.751115 0.979923 0.838680 0.830896 0.911944 0.920570 0.865667 0.831874 0.924519 0.775858 0.807485 0.763779 0.773658 0.908705 0.775669 0.907970 0.765714 0.908581 0.976894 0.781945 0.797429 0.794288 0.894469 0.724828 0.914396 0.977462 0.947368 0.900065 0.821034 0.942917 0.935337 0.748658 0.858409 0.992464 0.794312 0.849513 0.801880 0.711389 0.857129 0.893116 0.939185 0.904648 0.959604 0.923693 0.879758 0.802275 0.970618
0.852177 0.770560 0.836145 0.721515 0.815464 0.882956 0.943273 0.867993 0.891802 0.806880 0.966312 0.871883 0.928446 0.838575 0.915490 0.912585 0.869348 0.868181 0.980200 0.806425 0.803576 0.950648 0.879904 0.853283 0.780074 0.688043 0.871287 0.814919 0.942280 0.892096 0.934708 0.952679 0.995887 0.933102 0.833147 0.989276 0.771093 0.000000 0.772401 0.977468 0.855197 0.653853 0.917715 0.971035 0.760700 0.763684 0.868323 0.840472 0.802951 0.767785 0.810860 0.755902 0.850763 0.817585 0.970048 0.972749 0.774648 0.765581 0.853980 0.944861 0.845687 0.903638 0.933209 0.961650 0.876515 0.785482 0.812761 0.759418 0.696708 0.673765 0.971768 0.958472 0.862146 0.895383 0.877199 0.881284 0.993362 0.928172 0.761192 0.863649 0.848532 0.767422 0.824739 0.853606 0.926738 0.917388 0.792617 0.980355 0.778991 0.878246 0.876690 0.776022 0.962473 0.950478 0.899492 0.839160 0.968041 0.873578 0.858746 0.835777 0.879539 0.838600 0.807023 0.948278 0.958138 0.940510 0.844817 0.705604 0.925163 0.907395 0.880872 0.763191 0.815142 0.806592 0.934153 0.821411
