0.000000 0.526369 0.675913 0.757165 0.821509 0.925906 0.578051 0.595274 0.799443 0.755915 0.761379 0.769952 0.725192 0.908966 0.820557 0.997286 0.490132 0.498444 0.562743 0.748200 0.884613 0.978316 0.801113 0.985501 0.791100 0.789738 0.960772 0.982612 0.687217 0.630480 0.845634 0.935253 0.594241 0.584892 0.767659 0.899450 0.961828 0.726366 0.879009 0.891209 0.985960 0.936880 0.777735 0.714999 0.871771 0.765516 0.668419 0.771125 0.849373 0.838380 0.824482 0.899525 0.845493 0.921421 0.822084 0.920437 0.483922 0.613962 0.670161 0.866038 0.500093 0.628716 0.493137 0.486940 0.667652 0.756586 0.790998 0.821981 0.905245 0.844135 0.910598 0.979848 0.844600 0.859802 0.959092 0.996644 0.792513 0.855847 0.798606 0.916756 0.486954 0.553968 0.821800 0.614366 0.586074 0.694011 0.939098 0.886761 0.792393 0.691962 0.826915 0.889091 0.964637 0.915652 0.878765 0.760765 0.859388 0.917301 0.718030 0.690490 0.957916 0.958067 0.885581 0.812098 0.999273 0.889535 0.895468 0.984865 0.778960 0.939027 0.924035 0.992366 0.859970 0.995622 0.959810 0.975112
0.526369 0.000000 0.856323 0.852827 0.874480 0.865150 0.841387 0.715896 0.899990 0.881403 0.898799 0.692378 0.767558 0.773441 0.757049 0.864754 0.530935 0.548191 0.666976 0.808826 0.977548 0.985589 0.901885 0.950589 0.815272 0.898824 0.958561 0.841655 0.653671 0.621600 0.928695 0.913211 0.620596 0.735985 0.785217 0.996686 0.940910 0.887184 0.965059 0.886220 0.984415 0.877273 0.770256 0.647546 0.795721 0.726431 0.735846 0.737560 0.819807 0.833343 0.936416 0.879328 0.783205 0.830368 0.838167 0.979716 0.540827 0.538061 0.757284 0.900866 0.655903 0.627870 0.608858 0.526774 0.787892 0.850541 0.967631 0.921726 0.892954 0.733940 0.894796 0.962917 0.867761 0.832704 0.991094 0.997905 0.872782 0.932826 0.727159 0.853674 0.551207 0.667444 0.813349 0.659740 0.804363 0.784980 0.953622 0.983823 0.831231 0.773683 0.966921 0.880731 0.942993 0.925423 0.828772 0.815139 0.887917 0.972103 0.784501 0.855247 0.954035 0.917499 0.881407 0.868225 0.959215 0.893998 0.981980 0.971057 0.913399 0.977349 0.989047 0.945489 0.984671 0.978641 0.837410 0.926760
0.675913 0.856323 0.000000 0.472913 0.835599 0.925807 0.369704 0.438087 0.769817 0.723697 0.863617 0.889374 0.878440 0.902988 0.968367 0.796955 0.873762 0.726095 0.719304 0.718309 0.820273 0.878907 0.651388 0.891519 0.689396 0.903756 0.926440 0.848081 0.960595 0.880933 0.786812 0.872645 0.576505 0.597874 0.766972 0.865792 0.955108 0.952209 0.878727 0.764944 0.968028 0.856339 0.655223 0.748428 0.951299 0.924230 0.712614 0.716467 0.902418 0.898554 0.701523 0.745832 0.971076 0.899835 0.900396 0.850763 0.793499 0.943080 0.506012 0.673036 0.518702 0.731281 0.740270 0.786016 0.460623 0.578644 0.516809 0.522999 0.898104 0.921905 0.910899 0.867244 0.829030 0.859464 0.945029 0.996402 0.717024 0.963223 0.936459 0.895899 0.633269 0.640149 0.926584 0.748631 0.515402 0.691337 0.836170 0.960829 0.808838 0.667581 0.667185 0.713694 0.676179 0.633382 0.774157 0.714824 0.730473 0.996320 0.560910 0.564896 0.728562 0.847537 0.843961 0.765185 0.679997 0.630185 0.931126 0.791363 0.788337 0.877437 0.708276 0.841522 0.916424 0.921125 0.895814 0.924220
0.757165 0.852827 0.472913 0.000000 0.968933 0.916548 0.560816 0.417281 0.951705 0.919534 0.953057 0.999194 0.917098 0.962540 0.836112 0.843065 0.988740 0.787554 0.878843 0.733208 0.793573 0.888481 0.685757 0.727616 0.604814 0.794011 0.913627 0.971380 0.921515 0.964829 0.844776 0.879550 0.675755 0.569048 0.718272 0.803377 0.889088 0.881487 0.794748 0.694233 0.970661 0.814972 0.674402 0.700279 0.993660 0.955950 0.786532 0.686285 0.857380 0.986665 0.768829 0.817211 0.928198 0.862728 0.984338 0.847475 0.923166 0.984529 0.686399 0.691493 0.734150 0.711499 0.882053 0.875979 0.465014 0.444247 0.475185 0.433849 0.727730 0.955473 0.722494 0.673754 0.882276 0.833868 0.965387 0.889331 0.725705 0.896466 0.888293 0.889736 0.694328 0.707330 0.990348 0.846619 0.647683 0.638583 0.896960 0.839168 0.988499 0.597786 0.758654 0.799101 0.673932 0.692511 0.807606 0.647780 0.744325 0.940840 0.618545 0.693636 0.740395 0.896768 0.841671 0.765258 0.631545 0.630621 0.926037 0.778755 0.760526 0.856113 0.680880 0.894216 0.965389 0.978327 0.880601 0.851044
0.821509 0.874480 0.835599 0.968933 0.000000 0.750860 0.774021 0.920463 0.768113 0.801388 0.868621 0.876736 0.833108 0.960608 0.808422 0.938098 0.737995 0.746738 0.770758 0.906581 0.799149 0.870027 0.667372 0.876731 0.833735 0.845685 0.850561 0.874462 0.903030 0.698067 0.706109 0.899411 0.829605 0.861490 0.986006 0.765995 0.821321 0.847354 0.882708 0.959183 0.932536 0.982539 0.954169 0.957574 0.828430 0.880737 0.851899 0.897929 0.771644 0.873973 0.879032 0.959445 0.850145 0.848244 0.896517 0.878096 0.691595 0.796468 0.963914 0.926292 0.747218 0.891358 0.753378 0.882917 0.842840 0.919314 0.986201 0.964346 0.907043 0.903297 0.864433 0.980579 0.712955 0.916042 0.960826 0.936047 0.954799 0.951550 0.916075 0.861460 0.759023 0.701174 0.762186 0.699579 0.654154 0.684270 0.876563 0.622021 0.767796 0.784056 0.982216 0.960675 0.987086 0.941729 0.866392 0.985260 0.948457 0.964097 0.908099 0.919011 0.879644 0.848163 0.875091 0.953229 0.973867 0.903458 0.948060 0.850798 0.910925 0.947859 0.952530 0.886373 0.979171 0.995555 0.894764 0.927299
0.925906 0.865150 0.925807 0.916548 0.750860 0.000000 0.951469 0.839638 0.870040 0.977444 0.968713 0.920234 0.945052 0.948018 0.837161 0.746163 0.945434 0.976022 0.969005 0.809416 0.848486 0.973290 0.892775 0.913225 0.926857 0.866012 0.752837 0.906802 0.977834 0.896063 0.858674 0.937966 0.913960 0.873339 0.994993 0.884812 0.815516 0.946619 0.866313 0.998737 0.761258 0.932674 0.863013 0.781029 0.977292 0.919174 0.911343 0.979411 0.886200 0.991940 0.972878 0.836526 0.769632 0.728047 0.877514 0.860776 0.985568 0.895562 0.713447 0.706799 0.940999 0.877553 0.940292 0.805096 0.999257 0.908008 0.849236 0.890508 0.868395 0.762946 0.858021 0.872897 0.926284 0.840279 0.954275 0.849813 0.919554 0.878204 0.946487 0.887055 0.982838 0.969345 0.950678 0.935561 0.938718 0.816427 0.854946 0.814544 0.920343 0.997333 0.990777 0.948864 0.894775 0.986426 0.967196 0.850759 0.776441 0.952850 0.929040 0.956538 0.952264 0.956520 0.840973 0.902717 0.965579 0.953831 0.872858 0.765380 0.952277 0.916977 0.855271 0.921132 0.925306 0.873151 0.995862 0.979047
0.578051 0.841387 0.369704 0.560816 0.774021 0.951469 0.000000 0.497177 0.676309 0.646850 0.858222 0.899885 0.793546 0.896173 0.962887 0.796957 0.786878 0.653224 0.623365 0.688366 0.842307 0.959127 0.620681 0.933054 0.769873 0.868645 0.928115 0.787458 0.920869 0.789074 0.771977 0.942434 0.516371 0.589242 0.767882 0.891875 0.973360 0.855027 0.891457 0.881260 0.956826 0.888474 0.707306 0.763337 0.913794 0.849413 0.750112 0.746529 0.993144 0.819919 0.714845 0.764136 0.980302 0.913220 0.882664 0.880424 0.709762 0.856787 0.527529 0.728456 0.402791 0.705959 0.579043 0.675568 0.503946 0.645556 0.560727 0.607257 0.935699 0.943066 0.976966 0.998133 0.853887 0.885727 0.942455 0.976380 0.767113 0.973277 0.903378 0.929312 0.552135 0.553202 0.837552 0.687414 0.422258 0.689493 0.898552 0.920888 0.772548 0.688746 0.632765 0.664067 0.729115 0.708392 0.768182 0.772362 0.758938 0.978985 0.560046 0.572027 0.831037 0.833940 0.928463 0.763931 0.747040 0.707695 0.955603 0.869246 0.714838 0.879521 0.705365 0.885351 0.931897 0.956312 0.939622 0.924812
0.595274 0.715896 0.438087 0.417281 0.920463 0.839638 0.497177 0.000000 0.860401 0.714971 0.846822 0.841449 0.930704 0.971783 0.910285 0.830571 0.837210 0.678453 0.735541 0.627259 0.919115 0.969022 0.698862 0.930589 0.746810 0.947568 0.984687 0.870505 0.863295 0.829638 0.858732 0.903033 0.639451 0.485691 0.714773 0.829923 0.960157 0.919228 0.891315 0.699864 0.921058 0.885624 0.742799 0.755304 0.926544 0.981105 0.737989 0.760428 0.821263 0.937889 0.881096 0.821570 0.901973 0.799929 0.912905 0.891517 0.824664 0.860784 0.524361 0.538710 0.534879 0.465572 0.750062 0.641784 0.513941 0.440316 0.554575 0.485999 0.834032 0.863713 0.806978 0.775312 0.801013 0.787991 0.898520 0.967067 0.650143 0.888381 0.852073 0.912757 0.605873 0.681975 0.969664 0.795193 0.650059 0.733324 0.812425 0.818671 0.855591 0.517288 0.793565 0.893343 0.774204 0.856993 0.810164 0.653947 0.689313 0.936123 0.592362 0.621046 0.790129 0.945096 0.795250 0.821561 0.654098 0.626227 0.968345 0.828015 0.745673 0.829876 0.650621 0.914760 0.997914 0.956969 0.875039 0.929429
0.799443 0.899990 0.769817 0.951705 0.768113 0.870040 0.676309 0.860401 0.000000 0.617025 0.868813 0.934423 0.788434 0.832563 0.856448 0.982010 0.846249 0.802879 0.861263 0.946522 0.945427 0.964940 0.655169 0.953509 0.902902 0.996720 0.921290 0.871164 0.834219 0.825200 0.870902 0.993105 0.774374 0.899822 0.962911 0.988551 0.858471 0.865933 0.951472 0.877485 0.964930 0.982173 0.979776 0.922783 0.885276 0.945159 0.941822 0.977465 0.836183 0.908895 0.893509 0.934841 0.797813 0.909419 0.921413 0.955738 0.709682 0.821489 0.836471 0.995135 0.624533 0.874716 0.666992 0.697361 0.789184 0.990705 0.949217 0.949452 0.852025 0.998984 0.909315 0.774943 0.941823 0.924608 0.886212 0.969950 0.968847 0.967332 0.804466 0.978329 0.804060 0.784603 0.723925 0.765961 0.667767 0.844488 0.802050 0.761570 0.868814 0.789109 0.949628 0.963959 0.912886 0.970951 0.902414 0.960840 0.819982 0.936620 0.875320 0.774994 0.965602 0.956598 0.951720 0.942501 0.903425 0.950978 0.905648 0.987025 0.882663 0.800316 0.923053 0.940081 0.996940 0.886216 0.961323 0.921310
0.755915 0.881403 0.723697 0.919534 0.801388 0.977444 0.646850 0.714971 0.617025 0.000000 0.704478 0.970105 0.999846 0.717298 0.926199 0.708403 0.746295 0.708814 0.621303 0.773634 0.895164 0.978014 0.709332 0.848832 0.854921 0.903999 0.786289 0.806278 0.723654 0.775420 0.746335 0.940668 0.653914 0.702168 0.844569 0.986640 0.990664 0.918814 0.959458 0.982996 0.906406 0.965960 0.921379 0.944730 0.810739 0.831622 0.793508 0.990956 0.782492 0.835021 0.808387 0.804963 0.953367 0.938358 0.789838 0.908922 0.690593 0.790318 0.716863 0.847137 0.648350 0.787833 0.579439 0.553291 0.956269 0.984642 0.776681 0.814730 0.839171 0.861057 0.942217 0.876141 0.873517 0.877000 0.834450 0.988902 0.949946 0.962090 0.961053 0.992128 0.705971 0.730239 0.907397 0.716942 0.735557 0.982685 0.900325 0.830339 0.835590 0.714025 0.819551 0.870008 0.808409 0.991799 0.938422 0.745484 0.642443 0.907921 0.690576 0.738097 0.828001 0.960945 0.787902 0.808368 0.821346 0.872186 0.884603 0.917293 0.826481 0.850536 0.812509 0.998190 0.992564 0.966313 0.909130 0.867963
0.761379 0.898799 0.863617 0.953057 0.868621 0.968713 0.858222 0.846822 0.868813 0.704478 0.000000 0.807110 0.803915 0.973725 0.908131 0.913024 0.711131 0.739482 0.747786 0.728754 0.849155 0.956315 0.987496 0.884935 0.992943 0.910879 0.872657 0.861756 0.764634 0.780542 0.848408 0.995816 0.832420 0.700309 0.846610 0.766084 0.949859 0.808260 0.951527 0.976895 0.979293 0.926235 0.935293 0.926196 0.981898 0.922983 0.944354 0.958445 0.967866 0.968289 0.980421 0.861642 0.993289 0.984986 0.902461 0.941737 0.813959 0.906909 0.920253 0.945832 0.770492 0.805668 0.703089 0.713661 0.926125 0.975865 0.965907 0.926760 0.930700 0.913129 0.932365 0.803217 0.753766 0.931508 0.952049 0.893286 0.867827 0.832916 0.891124 0.884777 0.735619 0.785903 0.946901 0.846796 0.911387 0.991572 0.789278 0.868555 0.935027 0.857592 0.923646 0.791849 0.917345 0.868981 0.985590 0.756042 0.849610 0.890485 0.942370 0.976693 0.958904 0.996833 0.826035 0.990630 0.995897 0.833952 0.995795 0.913545 0.972986 0.920510 0.985523 0.934205 0.937723 0.905910 0.947261 0.957092
0.769952 0.692378 0.889374 0.999194 0.876736 0.920234 0.899885 0.841449 0.934423 0.970105 0.807110 0.000000 0.747701 0.657509 0.892901 0.779334 0.768764 0.789267 0.853033 0.770358 0.818708 0.847657 0.901386 0.923437 0.990648 0.923149 0.972197 0.997790 0.820453 0.783777 0.824497 0.991026 0.998655 0.849958 0.831231 0.873496 0.981337 0.843069 0.990546 0.960843 0.928139 0.984039 0.931501 0.911047 0.835002 0.977983 0.958419 0.996809 0.900746 0.861323 0.817865 0.932086 0.959489 0.959584 0.836961 0.998421 0.851600 0.706653 0.930761 0.831227 0.862126 0.652421 0.850282 0.688652 0.993552 0.908041 0.827398 0.912116 0.882922 0.892593 0.944729 0.911999 0.993052 0.956318 0.936333 0.888327 0.808678 0.784289 0.789915 0.980874 0.812986 0.911470 0.971030 0.889442 0.948286 0.947055 0.955696 0.913601 0.891319 0.877802 0.832857 0.761973 0.824339 0.759841 0.943650 0.880670 0.958181 0.970147 0.968724 0.964697 0.893141 0.970393 0.877464 0.869012 0.952068 0.961059 0.878780 0.910424 0.996739 0.997568 0.940345 0.910395 0.998476 0.992425 0.919320 0.996823
0.725192 0.767558 0.878440 0.917098 0.833108 0.945052 0.793546 0.930704 0.788434 0.999846 0.803915 0.747701 0.000000 0.617355 0.554111 0.657461 0.786215 0.722870 0.805986 0.783815 0.974741 0.841779 0.886339 0.920808 0.974967 0.912115 0.896486 0.947707 0.828519 0.730356 0.996956 0.965980 0.906973 0.930088 0.958156 0.984146 0.996892 0.698324 0.994218 0.940391 0.995254 0.814555 0.904041 0.975316 0.859880 0.971257 0.943542 0.971903 0.848667 0.978870 0.817042 0.910373 0.975494 0.991390 0.893777 0.942827 0.780108 0.735518 0.869158 0.860871 0.595021 0.731985 0.759053 0.752226 0.899727 0.985261 0.742577 0.812042 0.981878 0.915784 0.807795 0.875267 0.910501 0.891327 0.974677 0.730014 0.943002 0.957047 0.826373 0.832554 0.768240 0.751254 0.820178 0.805427 0.748592 0.950902 0.855934 0.846436 0.740111 0.993098 0.888237 0.790546 0.746285 0.801021 0.979585 0.949768 0.939698 0.840017 0.999800 0.974390 0.819331 0.996955 0.921355 0.774611 0.972709 0.990242 0.901548 0.732694 0.923591 0.970601 0.939960 0.975759 0.961800 0.940897 0.852199 0.989264
0.908966 0.773441 0.902988 0.962540 0.960608 0.948018 0.896173 0.971783 0.832563 0.717298 0.973725 0.657509 0.617355 0.000000 0.609683 0.489970 0.933362 0.890845 0.993758 0.875884 0.905015 0.882545 0.936434 0.952713 0.874284 0.987410 0.967701 0.876294 0.939482 0.792906 0.989460 0.802906 0.956470 0.939103 0.869123 0.977210 0.986712 0.970028 0.935650 0.870768 0.984147 0.895918 0.975448 0.866862 0.887927 0.989416 0.858360 0.851376 0.842798 0.879008 0.799542 0.920488 0.977649 0.974190 0.881568 0.896694 0.978636 0.890287 0.932937 0.930205 0.903701 0.761879 0.982490 0.935222 0.938294 0.855636 0.826401 0.910669 0.888004 0.914427 0.986806 0.790419 0.982478 0.998791 0.913731 0.824241 0.979235 0.906207 0.855311 0.794997 0.948192 0.904583 0.817818 0.885972 0.988267 0.898404 0.887161 0.995072 0.896164 0.980116 0.782708 0.732689 0.698760 0.791279 0.956483 0.963001 0.838016 0.819096 0.907013 0.888447 0.858666 0.947356 0.914916 0.774523 0.923020 0.997863 0.897400 0.803252 0.849654 0.997457 0.875546 0.941017 0.985635 0.957523 0.833021 0.912945
0.820557 0.757049 0.968367 0.836112 0.808422 0.837161 0.962887 0.910285 0.856448 0.926199 0.908131 0.892901 0.554111 0.609683 0.000000 0.534505 0.785755 0.704570 0.833899 0.985090 0.986847 0.884055 0.748864 0.897132 0.986678 0.993248 0.987988 0.947668 0.742421 0.613755 0.805932 0.670497 0.847834 0.993759 0.998974 0.947613 0.927018 0.902152 0.954757 0.958665 0.972037 0.891694 0.981068 0.941977 0.894203 0.863168 0.796106 0.832046 0.881910 0.865489 0.900315 0.987019 0.840029 0.812217 0.849203 0.911144 0.717748 0.733291 0.941448 0.863028 0.797659 0.909931 0.772394 0.840496 0.887594 0.997339 0.771977 0.833119 0.993310 0.959595 0.933469 0.994738 0.913743 0.988371 0.957523 0.778578 0.960636 0.961309 0.794155 0.869251 0.809172 0.728956 0.644379 0.650677 0.758274 0.763436 0.638281 0.641240 0.833633 0.983556 0.807494 0.818468 0.699442 0.778730 0.954875 0.939054 0.861738 0.991388 0.945513 0.952964 0.846024 0.842261 0.750512 0.818013 0.872355 0.922323 0.875902 0.732782 0.961750 0.913418 0.884473 0.915834 0.858148 0.956915 0.869897 0.888383
0.997286 0.864754 0.796955 0.843065 0.938098 0.746163 0.796957 0.830571 0.982010 0.708403 0.913024 0.779334 0.657461 0.489970 0.534505 0.000000 0.993247 0.960557 0.955676 0.928555 0.976785 0.885272 0.946709 0.815369 0.893772 0.910401 0.830986 0.769646 0.945985 0.824457 0.961811 0.796698 0.902598 0.941505 0.914323 0.909654 0.896450 0.964553 0.916624 0.991966 0.878174 0.804702 0.881351 0.946262 0.934803 0.992734 0.955981 0.899625 0.976187 0.909453 0.804983 0.790969 0.927447 0.826523 0.961890 0.938009 0.958976 0.887582 0.716101 0.820940 0.947563 0.961353 0.964276 0.949163 0.989375 0.981650 0.701576 0.782859 0.905173 0.978551 0.976409 0.829010 0.988423 0.877557 0.934295 0.855470 0.924245 0.901478 0.910671 0.760687 0.969349 0.935722 0.772585 0.849038 0.954538 0.838254 0.735807 0.841956 0.993369 0.936408 0.767855 0.741030 0.698756 0.755789 0.868515 0.911930 0.685723 0.891810 0.811137 0.798216 0.843543 0.809559 0.789464 0.704384 0.926443 0.958101 0.931741 0.683079 0.884474 0.953246 0.736500 0.973577 0.948155 0.934316 0.861668 0.997640
0.490132 0.530935 0.873762 0.988740 0.737995 0.945434 0.786878 0.837210 0.846249 0.746295 0.711131 0.768764 0.786215 0.933362 0.785755 0.993247 0.000000 0.506007 0.580332 0.753650 0.983645 0.981256 0.861408 0.941279 0.915136 0.900439 0.969327 0.939820 0.636524 0.552335 0.829332 0.909353 0.657261 0.787277 0.795168 0.838439 0.883154 0.803696 0.936374 0.985394 0.961164 0.936893 0.889180 0.713605 0.758495 0.672425 0.731284 0.771181 0.702224 0.736092 0.811416 0.888832 0.747505 0.814828 0.713353 0.888949 0.485111 0.594432 0.818334 0.955079 0.645443 0.739194 0.494300 0.515132 0.858047 0.939650 0.963221 0.955129 0.855172 0.795511 0.931342 0.900307 0.896778 0.848626 0.995453 0.928610 0.882275 0.954641 0.769793 0.872322 0.484813 0.580224 0.720403 0.582737 0.700036 0.770497 0.925176 0.724632 0.827911 0.811799 0.929348 0.981769 0.937363 0.955587 0.893718 0.841423 0.832538 0.975295 0.852769 0.903359 0.966061 0.897465 0.894669 0.912144 0.883027 0.914439 0.982527 0.942374 0.894096 0.975025 0.991479 0.981696 0.845673 0.944669 0.927685 0.949545
0.498444 0.548191 0.726095 0.787554 0.746738 0.976022 0.653224 0.678453 0.802879 0.708814 0.739482 0.789267 0.722870 0.890845 0.704570 0.960557 0.506007 0.000000 0.537136 0.722063 0.936856 0.937673 0.699475 0.948853 0.809217 0.870649 0.950309 0.993395 0.629279 0.490779 0.717224 0.801303 0.536506 0.651438 0.832226 0.765387 0.928424 0.791941 0.815605 0.843210 0.982623 0.965837 0.846942 0.696318 0.792771 0.725849 0.653509 0.734280 0.825418 0.809472 0.890194 0.919820 0.815038 0.848925 0.687608 0.835061 0.467540 0.649404 0.788736 0.934083 0.526388 0.659421 0.443625 0.506794 0.721193 0.788934 0.849293 0.817500 0.994809 0.811295 0.850878 0.997430 0.750768 0.846548 0.987983 0.947960 0.898090 0.973810 0.740061 0.813764 0.410012 0.439169 0.715749 0.537051 0.606086 0.651555 0.928140 0.759539 0.819627 0.674248 0.922062 0.951785 0.948142 0.936721 0.831717 0.799856 0.861124 0.990242 0.811313 0.800690 0.966021 0.910809 0.988846 0.972226 0.933464 0.915124 0.996017 0.879137 0.847777 0.900183 0.964282 0.976396 0.927245 0.992883 0.929160 0.993455
0.562743 0.666976 0.719304 0.878843 0.770758 0.969005 0.623365 0.735541 0.861263 0.621303 0.747786 0.853033 0.805986 0.993758 0.833899 0.955676 0.580332 0.537136 0.000000 0.654999 0.941182 0.976725 0.749826 0.948611 0.956579 0.865517 0.956450 0.956490 0.588273 0.554215 0.774947 0.882780 0.570330 0.659106 0.834778 0.901511 0.888197 0.786159 0.857430 0.993371 0.960649 0.933852 0.883068 0.822597 0.897159 0.791149 0.690251 0.822229 0.869697 0.858303 0.894323 0.907143 0.954107 0.999824 0.743923 0.835080 0.584329 0.692864 0.756291 0.939890 0.594337 0.731205 0.441482 0.576860 0.828157 0.848496 0.795753 0.825999 0.831544 0.848940 0.905618 0.972495 0.800620 0.760273 0.988594 0.936406 0.828818 0.951494 0.841366 0.860590 0.523759 0.574779 0.784309 0.615974 0.661741 0.785799 0.866882 0.843755 0.721187 0.790176 0.881035 0.956973 0.995799 0.933810 0.888629 0.814657 0.823914 0.953402 0.723752 0.819242 0.846224 0.934086 0.860062 0.939345 0.918391 0.849932 0.920485 0.974681 0.867899 0.953576 0.900934 0.987023 0.879527 0.991414 0.939465 0.868193
0.748200 0.808826 0.718309 0.733208 0.906581 0.809416 0.688366 0.627259 0.946522 0.773634 0.728754 0.770358 0.783815 0.875884 0.985090 0.928555 0.753650 0.722063 0.654999 0.000000 0.938721 0.938078 0.787969 0.989658 0.976402 0.880902 0.955987 0.756168 0.889713 0.811860 0.966339 0.996240 0.727037 0.701731 0.757067 0.960536 0.961450 0.814571 0.929805 0.901012 0.910721 0.960329 0.932854 0.847947 0.831668 0.990625 0.949188 0.838859 0.833766 0.966152 0.941787 0.947051 0.769921 0.672943 0.977336 0.884896 0.824825 0.729016 0.662633 0.604273 0.680943 0.621494 0.753280 0.671050 0.891504 0.732421 0.843707 0.789180 0.909416 0.871089 0.982611 0.968422 0.894826 0.913331 0.873743 0.989906 0.762006 0.945576 0.868228 0.881926 0.653210 0.691403 0.899629 0.801374 0.800438 0.961591 0.858415 0.991505 0.876717 0.712892 0.922332 0.975549 0.961406 0.909544 0.912351 0.733872 0.766181 0.874461 0.833530 0.850348 0.826091 0.913831 0.776841 0.940750 0.726541 0.824067 0.980382 0.983366 0.842374 0.921228 0.701266 0.925202 0.926400 0.839470 0.938783 0.919076
0.884613 0.977548 0.820273 0.793573 0.799149 0.848486 0.842307 0.919115 0.945427 0.895164 0.849155 0.818708 0.974741 0.905015 0.986847 0.976785 0.983645 0.936856 0.941182 0.938721 0.000000 0.968810 0.828272 0.839680 0.792204 0.807118 0.999768 0.984547 0.943911 0.976306 0.813249 0.898200 0.854800 0.874542 0.838150 0.929220 0.867821 0.952211 0.906082 0.982693 0.999296 0.894859 0.868583 0.842434 0.920935 0.966850 0.830868 0.948241 0.968199 0.968119 0.889433 0.989734 0.955575 0.993672 0.947847 0.959645 0.916428 0.932905 0.939198 0.888422 0.961663 0.952716 0.958185 0.964200 0.868462 0.896159 0.764760 0.822067 0.947255 0.942832 0.906893 0.953382 0.953629 0.944100 0.939160 0.982940 0.920928 0.962176 0.998805 0.876854 0.912080 0.944355 0.952108 0.968982 0.827681 0.818342 0.982688 0.882759 0.977071 0.888393 0.931120 0.979178 0.894266 0.858405 0.888351 0.792927 0.857657 0.966509 0.897697 0.966293 0.889597 0.905142 0.943482 0.894929 0.809946 0.938305 0.979556 0.990270 0.775843 0.960072 0.880071 0.967597 0.952931 0.935459 0.958342 0.956250
0.978316 0.985589 0.878907 0.888481 0.870027 0.973290 0.959127 0.969022 0.964940 0.978014 0.956315 0.847657 0.841779 0.882545 0.884055 0.885272 0.981256 0.937673 0.976725 0.938078 0.968810 0.000000 0.977936 0.956811 0.922865 0.978996 0.929840 0.871355 0.880955 0.967427 0.990114 0.984266 0.954035 0.924586 0.936312 0.949769 0.991600 0.932947 0.881613 0.925519 0.924158 0.926320 0.816588 0.947694 0.953155 0.995119 0.814058 0.950006 0.921255 0.900532 0.802830 0.840028 0.865900 0.994093 0.883480 0.848610 0.880141 0.940029 0.883470 0.976891 0.953560 0.932460 0.994621 0.939816 0.885042 0.913128 0.852067 0.841992 0.991600 0.991630 0.963267 0.951636 0.887885 0.865305 0.973970 0.908823 0.958209 0.987857 0.978218 0.895076 0.979720 0.997538 0.986452 0.999363 0.990112 0.963454 0.782793 0.848888 0.967151 0.989281 0.927806 0.974284 0.846126 0.814675 0.937142 0.998509 0.912537 0.895547 0.881176 0.914025 0.865699 0.795198 0.959829 0.814261 0.974755 0.914657 0.877797 0.934101 0.981848 0.937450 0.988617 0.922829 0.898271 0.915789 0.992599 0.875455
0.801113 0.901885 0.651388 0.685757 0.667372 0.892775 0.620681 0.698862 0.655169 0.709332 0.987496 0.901386 0.886339 0.936434 0.748864 0.946709 0.861408 0.699475 0.749826 0.787969 0.828272 0.977936 0.000000 0.593230 0.821292 0.878275 0.944103 0.902958 0.921633 0.718244 0.570995 0.716551 0.667768 0.736458 0.847409 0.876191 0.721001 0.980933 0.874116 0.884383 0.992505 0.981079 0.865604 0.956501 0.820973 0.826119 0.732128 0.765567 0.858257 0.820281 0.847921 0.865131 0.997340 0.996479 0.861279 0.751748 0.725781 0.832088 0.871399 0.935587 0.688974 0.848013 0.646516 0.746112 0.634305 0.698717 0.773467 0.714106 0.898319 0.877766 0.878936 0.868932 0.845261 0.918172 0.886723 0.994957 0.956499 0.960655 0.811255 0.907824 0.640493 0.505889 0.639756 0.570219 0.445766 0.546794 0.854379 0.682237 0.839300 0.644509 0.932033 0.947449 0.893731 0.951523 0.864559 0.785757 0.812561 0.975269 0.761663 0.757101 0.833280 0.876238 0.914158 0.962068 0.759336 0.780509 0.983277 0.991591 0.778603 0.926139 0.863494 0.964989 0.994673 0.875315 0.886620 0.873576
0.985501 0.950589 0.891519 0.727616 0.876731 0.913225 0.933054 0.930589 0.953509 0.848832 0.884935 0.923437 0.920808 0.952713 0.897132 0.815369 0.941279 0.948853 0.948611 0.989658 0.839680 0.956811 0.593230 0.000000 0.755798 0.734691 0.718915 0.939015 0.866778 0.957143 0.792614 0.783391 0.961912 0.852870 0.988072 0.893194 0.804482 0.822970 0.842350 0.852751 0.981926 0.907480 0.981929 0.966178 0.990076 0.999170 0.880634 0.816459 0.943973 0.951027 0.964907 0.914563 0.827113 0.942990 0.886001 0.806662 0.974585 0.855820 0.845115 0.903412 0.904017 0.955166 0.949286 0.887914 0.721655 0.679201 0.830132 0.747546 0.836557 0.981086 0.921232 0.775439 0.981059 0.994035 0.943810 0.931733 0.931284 0.983651 0.910944 0.846636 0.874375 0.761272 0.816785 0.873827 0.688034 0.564794 0.890277 0.803885 0.941634 0.906150 0.970508 0.996823 0.977446 0.972409 0.970263 0.923850 0.982409 0.964245 0.970941 0.975300 0.824364 0.784184 0.840888 0.856150 0.827809 0.805408 0.889877 0.974269 0.915619 0.970781 0.884898 0.949975 0.968050 0.955839 0.924710 0.906420
0.791100 0.815272 0.689396 0.604814 0.833735 0.926857 0.769873 0.746810 0.902902 0.854921 0.992943 0.990648 0.974967 0.874284 0.986678 0.893772 0.915136 0.809217 0.956579 0.976402 0.792204 0.922865 0.821292 0.755798 0.000000 0.690703 0.842962 0.881779 0.857976 0.925541 0.773449 0.819487 0.780687 0.754009 0.747672 0.903252 0.911078 0.891413 0.803515 0.850008 0.798848 0.875461 0.556462 0.652889 0.818103 0.787013 0.731870 0.629840 0.940962 0.868126 0.737591 0.926705 0.874237 0.835368 0.985403 0.763841 0.858784 0.988067 0.920780 0.963203 0.849277 0.899465 0.903863 0.993368 0.592910 0.619109 0.679774 0.660149 0.801515 0.833460 0.742271 0.682521 0.882403 0.983099 0.908647 0.963157 0.845318 0.873698 0.766278 0.874894 0.684419 0.708053 0.861060 0.802552 0.673751 0.520261 0.963459 0.969724 0.954670 0.834396 0.766008 0.881536 0.795907 0.698153 0.797862 0.802106 0.971376 0.997538 0.843046 0.819912 0.828302 0.984598 0.958324 0.820208 0.873869 0.829735 0.893097 0.910676 0.918174 0.948709 0.922846 0.905044 0.924029 0.971733 0.882653 0.904729
0.789738 0.898824 0.903756 0.794011 0.845685 0.866012 0.868645 0.947568 0.996720 0.903999 0.910879 0.923149 0.912115 0.987410 0.993248 0.910401 0.900439 0.870649 0.865517 0.880902 0.807118 0.978996 0.878275 0.734691 0.690703 0.000000 0.846243 0.793265 0.995366 0.861214 0.724556 0.920223 0.795344 0.838196 0.930780 0.878416 0.791081 0.962339 0.741496 0.942270 0.866514 0.803955 0.799710 0.803398 0.847392 0.844096 0.828163 0.787890 0.801643 0.999230 0.807732 0.885748 0.837627 0.733397 0.823039 0.849970 0.834395 0.916896 0.876766 0.725353 0.972554 0.927035 0.855320 0.953579 0.763587 0.877578 0.760568 0.844259 0.894751 0.979771 0.776503 0.763039 0.812885 0.891889 0.797954 0.934458 0.889594 0.855306 0.956923 0.923778 0.842478 0.811515 0.828022 0.845985 0.792542 0.586308 0.908793 0.912751 0.952886 0.865832 0.884378 0.853453 0.906550 0.813313 0.874786 0.964338 0.946528 0.890800 0.870195 0.933505 0.924533 0.988339 0.961622 0.931910 0.930352 0.975630 0.906412 0.937084 0.993438 0.957256 0.941337 0.946982 0.961423 0.946407 0.866745 0.931488
0.960772 0.958561 0.926440 0.913627 0.850561 0.752837 0.928115 0.984687 0.921290 0.786289 0.872657 0.972197 0.896486 0.967701 0.987988 0.830986 0.969327 0.950309 0.956450 0.955987 0.999768 0.929840 0.944103 0.718915 0.842962 0.846243 0.000000 0.943477 0.966671 0.909152 0.985087 0.895179 0.921334 0.970067 0.888122 0.879502 0.971734 0.941711 0.693273 0.868949 0.836456 0.996632 0.812664 0.902613 0.903212 0.863449 0.911953 0.924732 0.917616 0.825071 0.911550 0.818920 0.963427 0.991487 0.910385 0.850858 0.931634 0.907160 0.838644 0.891549 0.920798 0.973199 0.933205 0.836506 0.874902 0.790687 0.968268 0.951888 0.798772 0.968756 0.898235 0.848972 0.921219 0.998876 0.964329 0.931235 0.950873 0.933361 0.969729 0.790222 0.953867 0.923817 0.984246 0.983528 0.957692 0.754936 0.992855 0.950568 0.777199 0.947658 0.847081 0.907486 0.895461 0.945800 0.922428 0.818268 0.857738 0.919963 0.881623 0.825674 0.910909 0.755231 0.771623 0.772085 0.890256 0.980271 0.932204 0.916641 0.916689 0.987432 0.842136 0.745708 0.994764 0.988281 0.971181 0.957577
0.982612 0.841655 0.848081 0.971380 0.874462 0.906802 0.787458 0.870505 0.871164 0.806278 0.861756 0.997790 0.947707 0.876294 0.947668 0.769646 0.939820 0.993395 0.956490 0.756168 0.984547 0.871355 0.902958 0.939015 0.881779 0.793265 0.943477 0.000000 0.893619 0.994467 0.930638 0.934298 0.913589 0.945973 0.986903 0.984009 0.918260 0.895694 0.974748 0.944946 0.957023 0.975701 0.868236 0.905668 0.887165 0.951003 0.901161 0.924670 0.931412 0.975432 0.994154 0.943893 0.785743 0.783706 0.991095 0.935930 0.998828 0.944510 0.793119 0.795788 0.790105 0.895896 0.951237 0.880699 0.944269 0.978521 0.997011 0.925533 0.998909 0.925301 0.925377 0.828336 0.911047 0.970974 0.907118 0.939524 0.949533 0.911671 0.977449 0.870142 0.920195 0.915901 0.942183 0.969268 0.903417 0.853209 0.944142 0.925205 0.909265 0.946132 0.917289 0.897514 0.910340 0.991715 0.969535 0.951163 0.784307 0.841698 0.956710 0.953605 0.986726 0.907077 0.954838 0.962897 0.910859 0.961961 0.948498 0.866177 0.792665 0.948017 0.872176 0.998665 0.911590 0.945214 0.883248 0.977544
0.687217 0.653671 0.960595 0.921515 0.903030 0.977834 0.920869 0.863295 0.834219 0.723654 0.764634 0.820453 0.828519 0.939482 0.742421 0.945985 0.636524 0.629279 0.588273 0.889713 0.943911 0.880955 0.921633 0.866778 0.857976 0.995366 0.966671 0.893619 0.000000 0.492578 0.839721 0.846810 0.769185 0.767268 0.930248 0.997901 0.916952 0.790276 0.985876 0.972025 0.980550 0.999834 0.961921 0.899072 0.910170 0.889210 0.777976 0.954129 0.847895 0.976128 0.960835 0.954104 0.762075 0.872811 0.847604 0.854197 0.689821 0.779279 0.943882 0.965912 0.745863 0.681645 0.629063 0.647273 0.982999 0.982091 0.933437 0.987766 0.915669 0.826570 0.886219 0.875263 0.723996 0.710024 0.915329 0.811103 0.920221 0.934210 0.870349 0.911501 0.746074 0.813917 0.787038 0.693237 0.934507 0.931168 0.984320 0.871761 0.891272 0.873911 0.873758 0.786605 0.782452 0.761106 0.960221 0.924855 0.955768 0.976028 0.938799 0.973852 0.937599 0.922700 0.942534 0.986123 0.915429 0.878320 0.966418 0.874395 0.965506 0.995290 0.992353 0.986941 0.764109 0.977241 0.976460 0.813728
0.630480 0.621600 0.880933 0.964829 0.698067 0.896063 0.789074 0.829638 0.825200 0.775420 0.780542 0.783777 0.730356 0.792906 0.613755 0.824457 0.552335 0.490779 0.554215 0.811860 0.976306 0.967427 0.718244 0.957143 0.925541 0.861214 0.909152 0.994467 0.492578 0.000000 0.649912 0.710014 0.631827 0.724021 0.816837 0.815264 0.862907 0.789514 0.838938 0.893986 0.978807 0.919497 0.963962 0.841220 0.845369 0.816268 0.705037 0.800027 0.773799 0.920693 0.955812 0.973762 0.798339 0.814821 0.709423 0.832749 0.600098 0.681617 0.955321 0.940106 0.622595 0.711913 0.507697 0.601551 0.834432 0.882831 0.992235 0.952113 0.951041 0.910606 0.995503 0.965420 0.777243 0.825059 0.972549 0.832475 0.999439 0.916098 0.690157 0.722761 0.562296 0.527588 0.605231 0.490822 0.683588 0.683637 0.884597 0.678646 0.831866 0.775385 0.865790 0.808599 0.765531 0.778288 0.891307 0.957346 0.992095 0.938495 0.880331 0.982564 0.870976 0.900077 0.934936 0.934894 0.947629 0.956181 0.998244 0.757790 0.954204 0.964261 0.961825 0.928610 0.888998 0.983983 0.979294 0.839655
0.845634 0.928695 0.786812 0.844776 0.706109 0.858674 0.771977 0.858732 0.870902 0.746335 0.848408 0.824497 0.996956 0.989460 0.805932 0.961811 0.829332 0.717224 0.774947 0.966339 0.813249 0.990114 0.570995 0.792614 0.773449 0.724556 0.985087 0.930638 0.839721 0.649912 0.000000 0.632119 0.575617 0.750755 0.782579 0.838691 0.791556 0.944441 0.864377 0.834481 0.915402 0.986979 0.746725 0.795773 0.592596 0.651572 0.666036 0.643742 0.644601 0.780511 0.720966 0.891409 0.840888 0.734618 0.822187 0.760503 0.737434 0.909113 0.937280 0.843119 0.813429 0.989588 0.684883 0.845789 0.878645 0.913949 0.768838 0.744727 0.809799 0.855062 0.790234 0.850944 0.785103 0.807285 0.954796 0.938207 0.964620 0.946721 0.891591 0.895481 0.704000 0.618998 0.668529 0.592696 0.641003 0.613765 0.985655 0.699390 0.992026 0.886828 0.903420 0.944167 0.903391 0.998232 0.935964 0.887124 0.871572 0.943777 0.713178 0.864175 0.981316 0.949338 0.933117 0.987374 0.997808 0.990953 0.871808 0.994479 0.924735 0.906430 0.945457 0.853030 0.939287 0.920333 0.970791 0.842079
0.935253 0.913211 0.872645 0.879550 0.899411 0.937966 0.942434 0.903033 0.993105 0.940668 0.995816 0.991026 0.965980 0.802906 0.670497 0.796698 0.909353 0.801303 0.882780 0.996240 0.898200 0.984266 0.716551 0.783391 0.819487 0.920223 0.895179 0.934298 0.846810 0.710014 0.632119 0.000000 0.746094 0.779680 0.863793 0.861457 0.928556 0.928905 0.850079 0.677242 0.957327 0.927311 0.898304 0.875553 0.809294 0.872121 0.736023 0.735358 0.957822 0.931661 0.973412 0.999409 0.945720 0.953525 0.811804 0.729771 0.875880 0.946516 0.851421 0.932946 0.940680 0.946848 0.846949 0.889764 0.840383 0.810337 0.819549 0.784313 0.880565 0.938740 0.985489 0.790071 0.927985 0.824229 0.921544 0.867645 0.987140 0.960921 0.798252 0.825609 0.839234 0.721471 0.709316 0.671711 0.773427 0.672338 0.808740 0.762542 0.949878 0.844748 0.915695 0.894906 0.878501 0.980152 0.896903 0.851718 0.999216 0.887285 0.851958 0.980319 0.954274 0.877015 0.903222 0.907955 0.897987 0.953065 0.988362 0.972215 0.974223 0.916859 0.960727 0.872221 0.914417 0.993555 0.897006 0.787227
0.594241 0.620596 0.576505 0.675755 0.829605 0.913960 0.516371 0.639451 0.774374 0.653914 0.832420 0.998655 0.906973 0.956470 0.847834 0.902598 0.657261 0.536506 0.570330 0.727037 0.854800 0.954035 0.667768 0.961912 0.780687 0.795344 0.921334 0.913589 0.769185 0.631827 0.575617 0.746094 0.000000 0.581199 0.712996 0.923196 0.930645 0.965816 0.876913 0.893286 0.858011 0.870504 0.650852 0.588047 0.661849 0.604864 0.720144 0.608869 0.757807 0.726972 0.750256 0.788877 0.834149 0.906739 0.840161 0.914478 0.554511 0.657510 0.707683 0.917966 0.563726 0.784743 0.489163 0.576507 0.720850 0.831512 0.647203 0.663630 0.961070 0.882305 0.870488 0.982277 0.846978 0.803427 0.921062 0.979644 0.844170 0.979710 0.829768 0.952958 0.488278 0.521439 0.730186 0.563646 0.573743 0.679170 0.929153 0.825799 0.855157 0.769066 0.780773 0.841270 0.804252 0.866569 0.772152 0.759306 0.749167 0.934135 0.541412 0.691813 0.896786 0.960641 0.904443 0.759238 0.895044 0.839729 0.851285 0.890055 0.821866 0.891293 0.801057 0.872957 0.942654 0.985742 0.937355 0.840544
0.584892 0.735985 0.597874 0.569048 0.861490 0.873339 0.589242 0.485691 0.899822 0.702168 0.700309 0.849958 0.930088 0.939103 0.993759 0.941505 0.787277 0.651438 0.659106 0.701731 0.874542 0.924586 0.736458 0.852870 0.754009 0.838196 0.970067 0.945973 0.767268 0.724021 0.750755 0.779680 0.581199 0.000000 0.743677 0.795028 0.900861 0.948015 0.867959 0.699282 0.991615 0.957250 0.766145 0.712359 0.932209 0.818599 0.727095 0.693477 0.996946 0.942901 0.842241 0.816842 0.974410 0.882537 0.936694 0.789914 0.755163 0.789868 0.696120 0.694344 0.639583 0.587474 0.641502 0.598236 0.686108 0.590739 0.567021 0.499540 0.940249 0.808209 0.941578 0.865738 0.730480 0.730508 0.924859 0.995859 0.852624 0.852238 0.861512 0.874109 0.627614 0.645811 0.930186 0.713988 0.647468 0.711015 0.893315 0.978739 0.859677 0.640056 0.864328 0.972642 0.873341 0.931306 0.841006 0.692001 0.737155 0.931335 0.595011 0.684384 0.777145 0.999477 0.800459 0.855645 0.743206 0.842897 0.989516 0.875871 0.822951 0.857910 0.787253 0.904656 0.898451 0.848401 0.904604 0.987107
0.767659 0.785217 0.766972 0.718272 0.986006 0.994993 0.767882 0.714773 0.962911 0.844569 0.846610 0.831231 0.958156 0.869123 0.998974 0.914323 0.795168 0.832226 0.834778 0.757067 0.838150 0.936312 0.847409 0.988072 0.747672 0.930780 0.888122 0.986903 0.930248 0.816837 0.782579 0.863793 0.712996 0.743677 0.000000 0.894993 0.831945 0.926629 0.949587 0.821147 0.960465 0.847367 0.639742 0.706433 0.777273 0.726267 0.812675 0.694027 0.876842 0.795508 0.760748 0.743030 0.872483 0.925389 0.879472 0.765760 0.887611 0.844989 0.818922 0.851857 0.784184 0.769116 0.812867 0.776964 0.806434 0.831626 0.738895 0.713752 0.977210 0.842149 0.760798 0.808062 0.908465 0.846255 0.943159 0.949940 0.837367 0.817133 0.746580 0.998460 0.739162 0.767137 0.845506 0.744559 0.801014 0.829913 0.859386 0.977946 0.937537 0.847810 0.835801 0.887102 0.785603 0.871086 0.778608 0.664993 0.843341 0.997795 0.698180 0.845389 0.972383 0.749188 0.817228 0.760207 0.990849 0.856856 0.901221 0.853156 0.863832 0.997370 0.880787 0.829393 0.947034 0.981948 0.953787 0.976560
0.899450 0.996686 0.865792 0.803377 0.765995 0.884812 0.891875 0.829923 0.988551 0.986640 0.766084 0.873496 0.984146 0.977210 0.947613 0.909654 0.838439 0.765387 0.901511 0.960536 0.929220 0.949769 0.876191 0.893194 0.903252 0.878416 0.879502 0.984009 0.997901 0.815264 0.838691 0.861457 0.923196 0.795028 0.894993 0.000000 0.807489 0.904006 0.872362 0.752087 0.978987 0.995893 0.954382 0.989576 0.924723 0.943281 0.992804 0.913354 0.971982 0.980013 0.915304 0.982475 0.901222 0.842063 0.813166 0.818095 0.908464 0.992731 0.937914 0.988114 0.851566 0.865794 0.857949 0.923665 0.802983 0.854843 0.909368 0.841982 0.790326 0.996671 0.775639 0.929424 0.780268 0.926684 0.862426 0.961806 0.989340 0.871307 0.926023 0.928413 0.835750 0.778628 0.962376 0.907405 0.847308 0.780295 0.982118 0.916978 0.932089 0.803993 0.978579 0.914160 0.948158 0.991065 0.739593 0.989285 0.956023 0.930608 0.871735 0.948631 0.956085 0.873728 0.950000 0.886926 0.989780 0.962745 0.904900 0.914842 0.981999 0.954952 0.976176 0.930778 0.940547 0.933798 0.939129 0.999056
0.961828 0.940910 0.955108 0.889088 0.821321 0.815516 0.973360 0.960157 0.858471 0.990664 0.949859 0.981337 0.996892 0.986712 0.927018 0.896450 0.883154 0.928424 0.888197 0.961450 0.867821 0.991600 0.721001 0.804482 0.911078 0.791081 0.971734 0.918260 0.916952 0.862907 0.791556 0.928556 0.930645 0.900861 0.831945 0.807489 0.000000 0.787944 0.942173 0.973966 0.973873 0.883440 0.879016 0.871251 0.847061 0.838811 0.908821 0.808862 0.828753 0.863601 0.887280 0.885243 0.821312 0.780431 0.882452 0.771104 0.876114 0.938069 0.916789 0.899672 0.989645 0.990739 0.888969 0.968391 0.876642 0.954882 0.955061 0.893789 0.961762 0.950464 0.786649 0.851252 0.995073 0.767916 0.891549 0.951277 0.930899 0.769990 0.828186 0.908209 0.922411 0.877185 0.772253 0.762171 0.856372 0.786746 0.935076 0.844243 0.984361 0.903665 0.904207 0.996161 0.817203 0.998777 0.951348 0.970763 0.848489 0.869598 0.900125 0.825674 0.943779 0.942468 0.847224 0.963416 0.924765 0.929428 0.902440 0.999096 0.986230 0.882646 0.960963 0.879403 0.890078 0.770665 0.844921 0.949856
0.726366 0.887184 0.952209 0.881487 0.847354 0.946619 0.855027 0.919228 0.865933 0.918814 0.808260 0.843069 0.698324 0.970028 0.902152 0.964553 0.803696 0.791941 0.786159 0.814571 0.952211 0.932947 0.980933 0.822970 0.891413 0.962339 0.941711 0.895694 0.790276 0.789514 0.944441 0.928905 0.965816 0.948015 0.926629 0.904006 0.787944 0.000000 0.972438 0.990278 0.969280 0.801257 0.725170 0.775518 0.740546 0.731037 0.839395 0.803118 0.844730 0.829493 0.763359 0.778014 0.929046 0.862682 0.951201 0.925812 0.813393 0.758196 0.876071 0.840510 0.697687 0.798918 0.796341 0.780920 0.989469 0.971800 0.808259 0.756747 0.844127 0.908890 0.803566 0.735785 0.821484 0.902471 0.959988 0.880248 0.931642 0.919534 0.937243 0.932302 0.826083 0.876896 0.994245 0.986337 0.921743 0.953124 0.991871 0.995622 0.764290 0.861996 0.849814 0.829893 0.742797 0.796373 0.901207 0.963610 0.902780 0.832550 0.916089 0.953027 0.879597 0.874171 0.883470 0.813548 0.940826 0.882777 0.931446 0.890646 0.914761 0.923255 0.993436 0.875843 0.968711 0.874857 0.965773 0.882659
