0.000000 0.392393 0.931890 0.956244 0.965358 0.655396 0.559888 0.527642 0.778021 0.620317 0.589715 0.405874 0.520620 0.531776 0.617094 0.591364 0.417452 0.451910 0.562874 0.685237 0.856296 0.822464 0.648725 0.863583 0.707803 0.761100 0.863164 0.981089 0.531165 0.524420 0.661126 0.862701 0.526979 0.568662 0.917555 0.806516 0.758084 0.893018 0.804604 0.955179 0.991939 0.988074 0.502507 0.464846 0.490074 0.500956 0.514646 0.521122 0.463024 0.477417 0.521044 0.611259 0.670391 0.817892 0.550569 0.653558 0.513883 0.436754 0.470078 0.481370 0.462584 0.523619 0.480431 0.388050 0.941017 0.926970 0.617586 0.674858 0.669108 0.535296 0.819073 0.720558 0.895058 0.965917 0.932093 0.957486 0.584507 0.696887 0.683116 0.728999 0.378461 0.495208 0.623013 0.707632 0.397148 0.576372 0.774852 0.977443 0.649678 0.772122 0.637667 0.912731 0.772393 0.909337 0.770771 0.845074 0.791024 0.935105 0.454284 0.492337 0.686736 0.625634 0.484316 0.802176 0.656319 0.809528 0.920550 0.826190 0.869161 0.756910 0.759656 0.756463 0.654872 0.758355 0.818614 0.889109
0.392393 0.000000 0.886895 0.832131 0.983079 0.776689 0.746443 0.644833 0.846468 0.743678 0.780851 0.634601 0.746384 0.710322 0.787364 0.802186 0.531841 0.609589 0.703427 0.636767 0.983784 0.789066 0.762244 0.821821 0.999858 0.908917 0.969302 0.864616 0.678496 0.668336 0.769362 0.995760 0.740720 0.680340 0.910363 0.812001 0.893894 0.977311 0.781741 0.929034 0.865594 0.944649 0.559393 0.575323 0.647489 0.639280 0.600941 0.655973 0.530379 0.468873 0.518894 0.541177 0.667299 0.701244 0.631150 0.656349 0.419580 0.354318 0.572373 0.457858 0.701275 0.656797 0.695252 0.611937 0.957976 0.901028 0.644973 0.740438 0.526610 0.460132 0.885645 0.666778 0.913781 0.923208 0.990723 0.977890 0.702257 0.774552 0.737970 0.746779 0.598256 0.634613 0.670625 0.857305 0.580617 0.702690 0.817474 0.927459 0.716435 0.772880 0.664712 0.868904 0.733043 0.947289 0.899045 0.807754 0.657057 0.846669 0.560264 0.506844 0.813989 0.718889 0.664024 0.823027 0.701179 0.881527 0.928404 0.879453 0.961522 0.736623 0.913509 0.761890 0.720460 0.688417 0.825234 0.845362
0.931890 0.886895 0.000000 0.668071 0.807755 0.918073 0.655673 0.674042 0.879472 0.938133 0.887622 0.895871 0.993512 0.867571 0.927093 0.799492 0.820573 0.841434 0.847209 0.817136 0.944234 0.870720 0.862508 0.992349 0.635187 0.725472 0.874574 0.960774 0.830464 0.877152 0.723064 0.751494 0.828408 0.636644 0.764462 0.952438 0.826826 0.962575 0.829346 0.957359 0.911635 0.748326 0.912600 0.935674 0.832793 0.918847 0.696484 0.985676 0.832086 0.904094 0.960498 0.755284 0.819329 0.724334 0.852188 0.856978 0.684149 0.860557 0.683614 0.907691 0.807522 0.964047 0.775525 0.862600 0.642734 0.600503 0.659313 0.660279 0.996731 0.826026 0.968646 0.909150 0.869608 0.867316 0.893821 0.884660 0.869262 0.804694 0.756949 0.946499 0.836133 0.695068 0.913869 0.813833 0.971281 0.720375 0.714391 0.992545 0.801597 0.876572 0.770528 0.727755 0.735905 0.818716 0.932191 0.969492 0.966132 0.944197 0.840031 0.899532 0.989118 0.880117 0.976219 0.882480 0.831810 0.969430 0.797700 0.896143 0.999306 0.831500 0.915065 0.798928 0.829632 0.972312 0.927603 0.937712
0.956244 0.832131 0.668071 0.000000 0.799314 0.746690 0.944823 0.777516 0.974684 0.936824 0.873244 0.919717 0.752719 0.763137 0.824606 0.996519 0.918410 0.954664 0.892428 0.829749 0.927662 0.927295 0.860944 0.675296 0.614867 0.710561 0.940560 0.961557 0.955748 0.992123 0.873809 0.760455 0.896611 0.763516 0.802686 0.880073 0.967730 0.731218 0.914966 0.966369 0.894552 0.955301 0.880622 0.853140 0.993919 0.950223 0.839971 0.961791 0.988159 0.751980 0.762620 0.754483 0.811287 0.810975 0.812175 0.789249 0.718630 0.780927 0.748874 0.629978 0.986790 0.981587 0.969402 0.967693 0.669010 0.506047 0.497161 0.538696 0.864040 0.765742 0.828291 0.749456 0.755344 0.777586 0.885628 0.829831 0.861360 0.934602 0.937877 0.945126 0.980645 0.915722 0.874914 0.953876 0.935717 0.586397 0.825366 0.939560 0.857700 0.814296 0.810934 0.771249 0.751137 0.752677 0.955845 0.953798 0.921062 0.946770 0.940233 0.917368 0.913479 0.997147 0.915957 0.951112 0.756875 0.914954 0.929659 0.851659 0.929028 0.986142 0.921558 0.956795 0.899604 0.912974 0.905764 0.974320
0.965358 0.983079 0.807755 0.799314 0.000000 0.702800 0.838051 0.892706 0.778387 0.779240 0.721767 0.771977 0.624500 0.741711 0.604887 0.771612 0.876180 0.886406 0.769418 0.921628 0.871487 0.985198 0.757001 0.960344 0.605052 0.574993 0.978754 0.754461 0.765413 0.765570 0.977181 0.967978 0.854002 0.922317 0.955341 0.943415 0.945913 0.842948 0.978630 0.999367 0.927136 0.880432 0.881030 0.826215 0.678046 0.716780 0.976152 0.908240 0.743497 0.906946 0.766525 0.842072 0.714587 0.804331 0.953882 0.846983 0.849368 0.978423 0.987261 0.999818 0.767119 0.778797 0.821694 0.777039 0.648923 0.693232 0.939701 0.886487 0.991373 0.984030 0.783956 0.866141 0.864121 0.952003 0.881263 0.906365 0.825684 0.755862 0.871621 0.884559 0.809283 0.922330 0.796847 0.793476 0.764382 0.986460 0.845354 0.846758 0.867994 0.928162 0.777384 0.840196 0.846405 0.931243 0.938537 0.922108 0.877514 0.848501 0.791831 0.828908 0.822777 0.893760 0.870954 0.997118 0.847969 0.908324 0.813888 0.946382 0.766581 0.843471 0.822842 0.677616 0.872254 0.934435 0.950455 0.951788
0.655396 0.776689 0.918073 0.746690 0.702800 0.000000 0.556576 0.477721 0.691907 0.510126 0.732833 0.676119 0.727279 0.780507 0.672033 0.687430 0.611235 0.628870 0.556266 0.724157 0.811725 0.993915 0.626200 0.792638 0.779367 0.913109 0.847973 0.898324 0.611827 0.675287 0.627262 0.829957 0.588523 0.583046 0.795852 0.999648 0.830967 0.962867 0.965910 0.936826 0.991558 0.910298 0.577980 0.540816 0.465018 0.472708 0.651575 0.567159 0.537643 0.542331 0.475148 0.631575 0.579907 0.693653 0.707518 0.554665 0.850220 0.771817 0.670172 0.619992 0.540822 0.569569 0.656298 0.570789 0.900719 0.856008 0.596399 0.625308 0.932228 0.752369 0.753386 0.836164 0.895148 0.952340 0.891865 0.973032 0.570737 0.724948 0.783648 0.585994 0.535374 0.580671 0.850354 0.807740 0.593978 0.625030 0.890521 0.941286 0.821672 0.897919 0.539677 0.698885 0.578045 0.968658 0.860501 0.915285 0.848927 0.870970 0.505807 0.620319 0.674177 0.655000 0.605128 0.846111 0.800051 0.936653 0.991290 0.873892 0.841224 0.928734 0.822137 0.694250 0.788484 0.847201 0.885772 0.875364
0.559888 0.746443 0.655673 0.944823 0.838051 0.556576 0.000000 0.254027 0.657285 0.332701 0.396082 0.460858 0.441984 0.623111 0.568336 0.856631 0.421924 0.474119 0.414712 0.618455 0.884988 0.853250 0.956090 0.782355 0.607766 0.792955 0.542685 0.957114 0.364536 0.453849 0.504731 0.719125 0.379790 0.346789 0.915420 0.984970 0.869583 0.767449 0.864296 0.952372 0.885517 0.955479 0.424833 0.384546 0.481863 0.416514 0.448274 0.489508 0.572753 0.764011 0.608287 0.993226 0.914047 0.870771 0.709972 0.629269 0.731795 0.813606 0.435181 0.711682 0.231713 0.435903 0.328298 0.352990 0.780023 0.857145 0.637917 0.574809 0.945446 0.780636 0.918632 0.954142 0.890457 0.995982 0.948715 0.996628 0.514257 0.886612 0.574240 0.617944 0.364323 0.411578 0.814753 0.739732 0.587802 0.795022 0.828665 0.832800 0.997613 0.820900 0.766721 0.923310 0.907783 0.599850 0.874747 0.914711 0.814292 0.928786 0.570374 0.647509 0.534030 0.839199 0.559873 0.760367 0.634018 0.910787 0.862739 0.877977 0.767681 0.715687 0.777449 0.852541 0.758211 0.832028 0.909050 0.925996
0.527642 0.644833 0.674042 0.777516 0.892706 0.477721 0.254027 0.000000 0.592499 0.322807 0.484895 0.439925 0.494179 0.589833 0.573961 0.781959 0.469085 0.485749 0.395656 0.575547 0.891158 0.877952 0.813207 0.976677 0.694055 0.867818 0.618333 0.942115 0.396955 0.458332 0.491077 0.732087 0.354299 0.342946 0.834033 0.886398 0.875956 0.893883 0.923746 0.972386 0.900677 0.945573 0.432113 0.362227 0.422530 0.362229 0.452779 0.494001 0.473898 0.620192 0.533797 0.823621 0.757280 0.991592 0.594121 0.580714 0.637248 0.695246 0.417152 0.573999 0.276425 0.360919 0.384982 0.352606 0.803964 0.757812 0.539323 0.474846 0.978657 0.639001 0.784186 0.788882 0.905199 0.975347 0.859336 0.918508 0.490413 0.868322 0.640357 0.585053 0.363913 0.465929 0.792699 0.703467 0.564255 0.697237 0.795532 0.906278 0.888719 0.951991 0.702987 0.907167 0.802390 0.760220 0.827003 0.956474 0.789958 0.944295 0.479679 0.618712 0.542156 0.758137 0.543655 0.653247 0.569870 0.913041 0.913790 0.871719 0.838662 0.739734 0.739461 0.856360 0.786434 0.771689 0.912871 0.905254
0.778021 0.846468 0.879472 0.974684 0.778387 0.691907 0.657285 0.592499 0.000000 0.524164 0.684748 0.676572 0.616503 0.735408 0.764562 0.807652 0.895688 0.860789 0.657548 0.883583 0.676068 0.992271 0.853200 0.928519 0.868991 0.867257 0.964097 0.920474 0.744537 0.770448 0.775053 0.950365 0.768947 0.759878 0.942414 0.939631 0.930067 0.958668 0.893900 0.899424 0.854607 0.983740 0.728425 0.750722 0.689717 0.707136 0.846291 0.821703 0.691901 0.999439 0.862597 0.995360 0.851008 0.960186 0.715606 0.786436 0.936523 0.845455 0.873157 0.925166 0.642423 0.461817 0.837460 0.741702 0.861380 0.879480 0.958841 0.990509 0.777526 0.733634 0.715590 0.808556 0.987914 0.945425 0.855422 0.926254 0.804686 0.844757 0.951273 0.884500 0.762599 0.876275 0.797762 0.878698 0.704490 0.979481 0.841520 0.965412 0.834676 0.983586 0.804490 0.857838 0.920612 0.997480 0.957334 0.981029 0.926286 0.844893 0.733788 0.880258 0.780499 0.837082 0.908814 0.906605 0.908526 0.999065 0.859079 0.836274 0.907777 0.762660 0.881479 0.975058 0.885318 0.908579 0.808150 0.982452
0.620317 0.743678 0.938133 0.936824 0.779240 0.510126 0.332701 0.322807 0.524164 0.000000 0.540787 0.491319 0.466793 0.546803 0.517295 0.754096 0.590766 0.541859 0.416640 0.604186 0.832787 0.947746 0.789390 0.815363 0.569019 0.824253 0.631538 0.886965 0.433789 0.522396 0.491539 0.851118 0.439617 0.451945 0.951802 0.964341 0.762504 0.880502 0.983705 0.898657 0.907384 0.923936 0.405204 0.368185 0.320841 0.308307 0.526379 0.535362 0.381712 0.633499 0.559702 0.836592 0.745351 0.941349 0.720725 0.647215 0.851005 0.836496 0.628480 0.733369 0.349395 0.343017 0.529668 0.465513 0.623567 0.964807 0.765100 0.678697 0.982572 0.735503 0.731973 0.798381 0.981048 0.971624 0.964677 0.916640 0.542644 0.865896 0.778701 0.661274 0.483117 0.636018 0.796537 0.839480 0.606340 0.912721 0.879735 0.829147 0.946480 0.911250 0.571653 0.797012 0.675627 0.868510 0.897558 0.864693 0.855734 0.833860 0.419345 0.532816 0.564913 0.728567 0.561514 0.747256 0.720942 0.976627 0.855069 0.999683 0.784534 0.726546 0.711177 0.729632 0.755790 0.777175 0.843256 0.898225
0.589715 0.780851 0.887622 0.873244 0.721767 0.732833 0.396082 0.484895 0.684748 0.540787 0.000000 0.404491 0.365216 0.503581 0.526056 0.719042 0.514507 0.550670 0.502264 0.729470 0.940439 0.865796 0.918285 0.832066 0.514402 0.640422 0.652189 0.842104 0.434107 0.437597 0.723671 0.793969 0.464756 0.469658 0.971350 0.927844 0.865073 0.687714 0.785040 0.856291 0.886376 0.952033 0.594573 0.514910 0.573118 0.526616 0.587167 0.545212 0.643479 0.872471 0.723399 0.943719 0.996997 0.857327 0.742690 0.800586 0.824070 0.876084 0.576334 0.855938 0.314003 0.485019 0.365963 0.408146 0.701204 0.965711 0.821322 0.776769 0.982857 0.825470 0.914279 0.965003 0.999983 0.886353 0.903615 0.893171 0.684965 0.771024 0.707869 0.680659 0.431951 0.478078 0.652993 0.659714 0.562973 0.809743 0.849613 0.945602 0.781370 0.922272 0.877989 0.776325 0.978705 0.560681 0.911232 0.944467 0.829784 0.936909 0.657137 0.828107 0.538593 0.882232 0.621541 0.795483 0.748181 0.959489 0.993541 0.798716 0.749915 0.820786 0.843797 0.974259 0.776726 0.861907 0.944941 0.999344
0.405874 0.634601 0.895871 0.919717 0.771977 0.676119 0.460858 0.439925 0.676572 0.491319 0.404491 0.000000 0.312839 0.335776 0.422651 0.468092 0.467347 0.436890 0.423758 0.621283 0.792891 0.887608 0.643509 0.915999 0.510156 0.667947 0.791650 0.856918 0.396675 0.372800 0.543920 0.719755 0.398668 0.469860 0.947795 0.921409 0.825862 0.868724 0.817600 0.948385 0.897878 0.978447 0.595907 0.464721 0.424249 0.429507 0.594212 0.587576 0.462560 0.665033 0.695728 0.854783 0.805279 0.934807 0.686251 0.742466 0.713327 0.707974 0.614095 0.778129 0.348983 0.383155 0.438262 0.340774 0.721827 0.989533 0.760777 0.752410 0.873047 0.600501 0.760180 0.799874 0.965533 0.970832 0.919265 0.991534 0.613655 0.819133 0.709372 0.591359 0.345682 0.447445 0.522340 0.641352 0.395302 0.679251 0.826729 0.942954 0.648219 0.902399 0.804819 0.939397 0.953438 0.781515 0.910537 0.912609 0.863959 0.980419 0.521689 0.587335 0.602936 0.696461 0.493763 0.666733 0.734591 0.911209 0.939228 0.915895 0.815905 0.801568 0.769335 0.770887 0.741657 0.692506 0.945694 0.968318
0.520620 0.746384 0.993512 0.752719 0.624500 0.727279 0.441984 0.494179 0.616503 0.466793 0.365216 0.312839 0.000000 0.302181 0.329017 0.531188 0.549840 0.549111 0.484799 0.683903 0.797638 0.911190 0.691770 0.922721 0.409315 0.524076 0.725598 0.897380 0.373063 0.350594 0.616685 0.793832 0.402916 0.517764 0.975146 0.944150 0.881217 0.711576 0.828477 0.879784 0.887797 0.907552 0.625178 0.525154 0.450138 0.430568 0.646474 0.582276 0.514593 0.802863 0.738597 0.973382 0.896281 0.852309 0.812459 0.751864 0.877157 0.792291 0.671475 0.904467 0.300251 0.385104 0.435248 0.345016 0.619726 0.874656 0.906718 0.836088 0.961362 0.723338 0.765301 0.863687 0.993071 0.927545 0.960643 0.902166 0.635445 0.823955 0.783416 0.679531 0.401420 0.540464 0.508304 0.638810 0.449234 0.828441 0.894879 0.939809 0.720868 0.966774 0.919571 0.881085 0.920283 0.646924 0.942988 0.906058 0.827103 0.931159 0.588994 0.677095 0.575972 0.787035 0.572352 0.712541 0.885911 0.884216 0.945552 0.898643 0.742262 0.840781 0.740465 0.807542 0.768882 0.765108 0.910591 0.998467
0.531776 0.710322 0.867571 0.763137 0.741711 0.780507 0.623111 0.589833 0.735408 0.546803 0.503581 0.335776 0.302181 0.000000 0.323374 0.436260 0.618606 0.541882 0.571698 0.599157 0.876583 0.953708 0.582731 0.938884 0.453004 0.656385 0.781118 0.963986 0.456460 0.434611 0.693204 0.800410 0.498341 0.613241 0.947145 0.982214 0.818796 0.822262 0.911984 0.916989 0.899792 0.840734 0.684357 0.531815 0.442305 0.442001 0.657464 0.652726 0.448375 0.727881 0.745122 0.841304 0.835898 0.970283 0.802012 0.819507 0.915747 0.728634 0.843098 0.886400 0.452877 0.405412 0.569774 0.436365 0.678181 0.874467 0.922221 0.895948 0.933326 0.673955 0.724154 0.763330 0.946765 0.942044 0.942289 0.992678 0.666666 0.894680 0.816747 0.625905 0.478409 0.577179 0.464670 0.694433 0.420062 0.821353 0.976800 0.913273 0.634370 0.848309 0.852571 0.991702 0.955775 0.811188 0.881103 0.947335 0.832237 0.930160 0.547454 0.661252 0.609202 0.707335 0.592997 0.706972 0.823586 0.950771 0.993696 0.907973 0.779428 0.863295 0.721530 0.840112 0.760192 0.699520 0.944272 0.910646
0.617094 0.787364 0.927093 0.824606 0.604887 0.672033 0.568336 0.573961 0.764562 0.517295 0.526056 0.422651 0.329017 0.323374 0.000000 0.429651 0.626413 0.545816 0.602728 0.643790 0.897374 0.912996 0.487302 0.894187 0.444688 0.556548 0.784071 0.893123 0.424863 0.409263 0.701384 0.786016 0.451948 0.593378 0.990029 0.991448 0.829768 0.800251 0.927690 0.875877 0.997967 0.907318 0.683687 0.588093 0.420417 0.419145 0.683704 0.620610 0.441963 0.682556 0.652024 0.792103 0.758136 0.947218 0.880470 0.788593 0.989144 0.778143 0.829802 0.933127 0.454072 0.531653 0.523784 0.441291 0.647542 0.743374 0.895819 0.883762 0.942283 0.703271 0.691261 0.748105 0.988232 0.995481 0.890158 0.927506 0.659473 0.982332 0.819804 0.673343 0.499568 0.614504 0.470263 0.596931 0.408935 0.768110 0.958744 0.869858 0.671141 0.874214 0.856793 0.964240 0.924286 0.795553 0.950084 0.965672 0.932450 0.914144 0.539526 0.634775 0.629711 0.807564 0.579572 0.714972 0.901003 0.879402 0.923402 0.877015 0.935427 0.970689 0.771661 0.677963 0.854030 0.784128 0.909404 0.933659
0.591364 0.802186 0.799492 0.996519 0.771612 0.687430 0.856631 0.781959 0.807652 0.754096 0.719042 0.468092 0.531188 0.436260 0.429651 0.000000 0.729546 0.623524 0.698874 0.749220 0.825345 0.910703 0.329631 0.596621 0.646405 0.628019 0.979669 0.877352 0.670562 0.514529 0.775311 0.721570 0.649601 0.755692 0.955387 0.939807 0.863608 0.935060 0.982250 0.901353 0.829949 0.829177 0.879343 0.711762 0.559547 0.596695 0.899187 0.704770 0.572079 0.624737 0.687974 0.644207 0.676614 0.826902 0.823792 0.823170 0.977599 0.775520 0.925171 0.870980 0.672345 0.692526 0.711172 0.575141 0.888284 0.833756 0.842771 0.934134 0.942419 0.714852 0.646260 0.725384 0.883147 0.930086 0.886753 0.967334 0.845683 0.925210 0.908949 0.707040 0.625405 0.693777 0.404818 0.701368 0.400542 0.557993 0.940413 0.738078 0.514698 0.608625 0.820468 0.836422 0.833374 0.990355 0.891946 0.966404 0.948745 0.970756 0.632191 0.658405 0.880359 0.761135 0.621977 0.948043 0.863358 0.816816 0.960224 0.897206 0.963342 0.945995 0.819989 0.778339 0.832183 0.807863 0.853676 0.972219
0.417452 0.531841 0.820573 0.918410 0.876180 0.611235 0.421924 0.469085 0.895688 0.590766 0.514507 0.467347 0.549840 0.618606 0.626413 0.729546 0.000000 0.342915 0.503013 0.631504 0.924208 0.803219 0.844892 0.988150 0.663040 0.712899 0.693912 0.901900 0.371675 0.422562 0.566228 0.690313 0.465666 0.429873 0.854056 0.934163 0.866342 0.800093 0.871968 0.952533 0.986385 0.814509 0.535653 0.484439 0.558273 0.498917 0.457313 0.494150 0.606335 0.646151 0.553269 0.824120 0.849204 0.980570 0.622158 0.636169 0.566346 0.601882 0.410722 0.548346 0.398559 0.611035 0.328675 0.329268 0.798089 0.941273 0.520701 0.569654 0.892964 0.693037 0.927367 0.858777 0.811654 0.992382 0.975328 0.967020 0.536525 0.742942 0.495998 0.734794 0.348215 0.410046 0.697517 0.708860 0.586921 0.699255 0.863235 0.953162 0.862825 0.993183 0.705044 0.891340 0.852930 0.730811 0.915981 0.864009 0.769657 0.913586 0.550525 0.561029 0.569226 0.760881 0.516272 0.794421 0.677769 0.707040 0.987579 0.903489 0.803579 0.667893 0.855818 0.733636 0.633156 0.715634 0.886165 0.794715
0.451910 0.609589 0.841434 0.954664 0.886406 0.628870 0.474119 0.485749 0.860789 0.541859 0.550670 0.436890 0.549111 0.541882 0.545816 0.623524 0.342915 0.000000 0.467461 0.505598 0.937268 0.947980 0.714470 0.897283 0.674095 0.819048 0.737480 0.994155 0.356826 0.359208 0.523846 0.575813 0.443899 0.482413 0.949323 0.864059 0.865072 0.888554 0.880058 0.938485 0.968430 0.866550 0.498954 0.480829 0.520214 0.425074 0.473688 0.482790 0.514051 0.578761 0.517787 0.770944 0.842877 0.934509 0.677416 0.656328 0.631782 0.634141 0.504881 0.607644 0.444820 0.597879 0.361771 0.351667 0.797245 0.968594 0.527770 0.571702 0.890763 0.645527 0.830872 0.845018 0.760857 0.890679 0.969432 0.932424 0.692181 0.837840 0.484604 0.600949 0.324696 0.417634 0.646676 0.665720 0.526113 0.656004 0.862789 0.954796 0.849074 0.971200 0.737114 0.889877 0.817497 0.724034 0.791094 0.940879 0.824885 0.893072 0.517835 0.531593 0.642153 0.769852 0.400198 0.756035 0.648495 0.748944 0.950492 0.816748 0.859822 0.783664 0.767540 0.784492 0.677771 0.745116 0.977995 0.870656
0.562874 0.703427 0.847209 0.892428 0.769418 0.556266 0.414712 0.395656 0.657548 0.416640 0.502264 0.423758 0.484799 0.571698 0.602728 0.698874 0.503013 0.467461 0.000000 0.492549 0.739240 0.878744 0.785199 0.981781 0.617578 0.827662 0.674947 0.915737 0.409139 0.473234 0.538600 0.655723 0.473845 0.425748 0.916050 0.949486 0.826680 0.881657 0.929570 0.899256 0.949962 0.922421 0.427354 0.351832 0.421269 0.386674 0.538305 0.514760 0.545511 0.652405 0.631405 0.860638 0.832664 0.987301 0.692883 0.669984 0.720939 0.800146 0.568712 0.697276 0.387561 0.403323 0.480945 0.442089 0.775275 0.789786 0.604176 0.584450 0.878168 0.756896 0.741034 0.749608 0.770642 0.835258 0.933351 0.985408 0.626071 0.748695 0.695089 0.639934 0.440543 0.479409 0.688883 0.664490 0.583653 0.776370 0.834537 0.961757 0.796744 0.977676 0.632380 0.991539 0.795917 0.808384 0.870435 0.972354 0.892943 0.978703 0.502865 0.604004 0.675653 0.733263 0.452043 0.730281 0.737743 0.973756 0.981430 0.844951 0.706822 0.789663 0.798513 0.746324 0.718776 0.729635 0.823900 0.882398
0.685237 0.636767 0.817136 0.829749 0.921628 0.724157 0.618455 0.575547 0.883583 0.604186 0.729470 0.621283 0.683903 0.599157 0.643790 0.749220 0.631504 0.505598 0.492549 0.000000 0.982957 0.904683 0.757775 0.860963 0.821126 0.986681 0.849663 0.874483 0.539293 0.556263 0.641973 0.693095 0.550884 0.567491 0.986772 0.868528 0.947503 0.980147 0.990517 0.918660 0.972359 0.971937 0.633276 0.540076 0.584217 0.526003 0.535550 0.643020 0.608878 0.637693 0.604138 0.770190 0.884443 0.959705 0.688548 0.696771 0.715119 0.670382 0.649328 0.694384 0.600170 0.592683 0.587678 0.526893 0.899974 0.792904 0.588434 0.599108 0.809796 0.657949 0.822572 0.796883 0.913007 0.737319 0.892687 0.923170 0.709814 0.985198 0.626568 0.532997 0.575820 0.560189 0.763141 0.652669 0.630124 0.716349 0.883399 0.869963 0.790772 0.983673 0.795311 0.952751 0.885736 0.833219 0.764664 0.917084 0.889975 0.872726 0.666335 0.653247 0.858615 0.922114 0.679296 0.630907 0.689882 0.946756 0.966572 0.859229 0.828669 0.851617 0.866955 0.792385 0.951864 0.825238 0.951132 0.901556
0.856296 0.983784 0.944234 0.927662 0.871487 0.811725 0.884988 0.891158 0.676068 0.832787 0.940439 0.792891 0.797638 0.876583 0.897374 0.825345 0.924208 0.937268 0.739240 0.982957 0.000000 0.963052 0.862744 0.920589 0.855787 0.850942 0.815219 0.991632 0.909260 0.951185 0.973770 0.999463 0.974911 0.893119 0.975510 0.987354 0.857568 0.852148 0.750966 0.999372 0.984451 0.993431 0.879748 0.866288 0.820140 0.829615 0.983585 0.814391 0.875153 0.920764 0.883906 0.909927 0.829756 0.858487 0.975232 0.876656 0.915882 0.967454 0.976619 0.923382 0.864924 0.783858 0.952592 0.887106 0.942954 0.999919 0.969686 0.935604 0.907809 0.821032 0.824781 0.794151 0.982104 0.992642 0.859073 0.935503 0.992534 0.905405 0.979271 0.925538 0.909859 0.906105 0.834489 0.909506 0.838848 0.964715 0.937687 0.904845 0.857901 0.889883 0.773522 0.854991 0.887564 0.966095 0.971735 0.888802 0.958281 0.903685 0.905574 0.852660 0.943380 0.766708 0.885082 0.932714 0.988783 0.890221 0.937209 0.983220 0.856674 0.882194 0.935675 0.913015 0.922569 0.873291 0.798205 0.907132
0.822464 0.789066 0.870720 0.927295 0.985198 0.993915 0.853250 0.877952 0.992271 0.947746 0.865796 0.887608 0.911190 0.953708 0.912996 0.910703 0.803219 0.947980 0.878744 0.904683 0.963052 0.000000 0.931354 0.767522 0.993874 0.961807 0.930496 0.945315 0.873110 0.946006 0.949396 0.986454 0.865475 0.886332 0.828880 0.790613 0.865431 0.987812 0.835688 0.859533 0.944371 0.863595 0.891926 0.909295 0.996487 0.975635 0.809218 0.901203 0.906147 0.979636 0.988018 0.919441 0.968160 0.925447 0.977738 0.978309 0.763788 0.861494 0.896147 0.880995 0.882567 0.883605 0.924706 0.934062 0.991626 0.988961 0.971880 0.934542 0.898362 0.947957 0.874260 0.907859 0.901710 0.965612 0.991337 0.945287 0.998658 0.913158 0.986185 0.962218 0.969371 0.907043 0.927700 0.940807 0.967893 0.915393 0.863321 0.783007 0.900909 0.907707 0.942295 0.871580 0.944591 0.896490 0.862389 0.953738 0.892769 0.917780 0.966512 0.991892 0.898947 0.973789 0.986702 0.991402 0.981045 0.978075 0.830291 0.969759 0.887431 0.890905 0.947929 0.954299 0.925241 0.986360 0.842076 0.870173
0.648725 0.762244 0.862508 0.860944 0.757001 0.626200 0.956090 0.813207 0.853200 0.789390 0.918285 0.643509 0.691770 0.582731 0.487302 0.329631 0.844892 0.714470 0.785199 0.757775 0.862744 0.931354 0.000000 0.488343 0.797546 0.768530 0.837068 0.928591 0.760577 0.650414 0.803313 0.756489 0.694373 0.859124 0.905899 0.946634 0.836756 0.923643 0.872265 0.929718 0.837926 0.901611 0.846128 0.752428 0.574434 0.609288 0.899089 0.805838 0.556056 0.523637 0.665780 0.539791 0.573947 0.698481 0.867371 0.793034 0.990246 0.722592 0.999022 0.847355 0.810220 0.778230 0.889098 0.737713 0.952791 0.894308 0.797082 0.898878 0.945493 0.620339 0.572365 0.616124 0.874306 0.961761 0.979045 0.992926 0.782199 0.931356 0.982361 0.694006 0.734885 0.797832 0.488503 0.722217 0.449687 0.498779 0.942981 0.677437 0.569843 0.471484 0.765526 0.669180 0.699470 0.819604 0.849939 0.999594 0.982927 0.978444 0.674247 0.649872 0.934825 0.760412 0.668417 0.896032 0.952611 0.891336 0.901760 0.871782 0.945775 0.838032 0.761734 0.723336 0.953426 0.876727 0.904705 0.993164
0.863583 0.821821 0.992349 0.675296 0.960344 0.792638 0.782355 0.976677 0.928519 0.815363 0.832066 0.915999 0.922721 0.938884 0.894187 0.596621 0.988150 0.897283 0.981781 0.860963 0.920589 0.767522 0.488343 0.000000 0.896131 0.966268 0.668365 0.960210 0.933757 0.938648 0.995539 0.795284 0.957971 0.966538 0.844217 0.794094 0.947292 0.791237 0.961554 0.961045 0.817983 0.989253 0.855992 0.963158 0.933522 0.960508 0.956813 0.949073 0.932463 0.680077 0.835133 0.624982 0.728771 0.711932 0.866478 0.843991 0.916132 0.771145 0.982384 0.809807 0.867253 0.916201 0.929703 0.951662 0.730367 0.857429 0.656378 0.828259 0.908452 0.599294 0.781590 0.743597 0.983945 0.901337 0.815479 0.852635 0.959005 0.993422 0.966169 0.836768 0.912396 0.873326 0.748098 0.848704 0.769720 0.468377 0.920042 0.634658 0.672503 0.561544 0.861579 0.790975 0.808826 0.746626 0.866826 0.943344 0.896351 0.990208 0.903740 0.816923 0.825734 0.827040 0.861966 0.875449 0.907141 0.849916 0.746032 0.791553 0.943705 0.784519 0.937801 0.883408 0.951933 0.879719 0.988410 0.896909
0.707803 0.999858 0.635187 0.614867 0.605052 0.779367 0.607766 0.694055 0.868991 0.569019 0.514402 0.510156 0.409315 0.453004 0.444688 0.646405 0.663040 0.674095 0.617578 0.821126 0.855787 0.993874 0.797546 0.896131 0.000000 0.510901 0.701833 0.924563 0.551115 0.575566 0.801515 0.906009 0.566296 0.754402 0.831120 0.964846 0.779809 0.730406 0.969116 0.852791 0.896471 0.849921 0.737896 0.626034 0.432602 0.472577 0.788399 0.675788 0.548813 0.827579 0.773616 0.923811 0.879738 0.961243 0.888264 0.912201 0.917154 0.949670 0.861581 0.999515 0.488468 0.556468 0.592125 0.517123 0.450076 0.716463 0.980076 0.970338 0.825196 0.911504 0.869138 0.959551 0.894226 0.876107 0.922063 0.878549 0.659975 0.825218 0.865385 0.709111 0.549175 0.730204 0.691318 0.805818 0.637842 0.949098 0.929965 0.940252 0.736420 0.951316 0.761108 0.993488 0.881883 0.731850 0.925810 0.995010 0.898092 0.978841 0.535971 0.687155 0.590264 0.756078 0.579970 0.790179 0.896051 0.865624 0.906394 0.983335 0.752593 0.969950 0.684940 0.710931 0.664580 0.786493 0.995829 0.939086
0.761100 0.908917 0.725472 0.710561 0.574993 0.913109 0.792955 0.867818 0.867257 0.824253 0.640422 0.667947 0.524076 0.656385 0.556548 0.628019 0.712899 0.819048 0.827662 0.986681 0.850942 0.961807 0.768530 0.966268 0.510901 0.000000 0.916797 0.809633 0.758862 0.697795 0.943226 0.945005 0.788298 0.915676 0.881472 0.891818 0.914921 0.777296 0.981365 0.952300 0.966818 0.894897 0.904995 0.841593 0.718825 0.728234 0.988632 0.820520 0.740952 0.871598 0.838219 0.894288 0.829183 0.945212 0.983295 0.949926 0.924570 0.929719 0.943398 0.945262 0.686943 0.768473 0.694734 0.650144 0.632147 0.609697 0.918215 0.910114 0.882708 0.993869 0.851094 0.988969 0.897228 0.847649 0.911546 0.978754 0.871669 0.794488 0.960853 0.943295 0.777888 0.911859 0.636814 0.830960 0.687634 0.931031 0.977780 0.940231 0.770884 0.904822 0.887186 0.972306 0.982425 0.818174 0.864748 0.940630 0.976584 0.923102 0.779006 0.741938 0.830761 0.957946 0.739704 0.918050 0.954621 0.902295 0.967311 0.968128 0.959220 0.995676 0.927667 0.793940 0.929855 0.986985 0.823794 0.953692
0.863164 0.969302 0.874574 0.940560 0.978754 0.847973 0.542685 0.618333 0.964097 0.631538 0.652189 0.791650 0.725598 0.781118 0.784071 0.979669 0.693912 0.737480 0.674947 0.849663 0.815219 0.930496 0.837068 0.668365 0.701833 0.916797 0.000000 0.926700 0.647203 0.723260 0.722766 0.857586 0.736397 0.631594 0.936823 0.874436 0.817132 0.671366 0.976236 0.926713 0.973412 0.875975 0.719045 0.681134 0.707311 0.697256 0.600919 0.728681 0.783113 0.902027 0.900991 0.867045 0.829347 0.813468 0.837015 0.934291 0.996808 0.920491 0.749184 0.927776 0.579229 0.735286 0.636662 0.687368 0.782022 0.997494 0.810240 0.690952 0.708034 0.864067 0.930614 0.985965 0.978182 0.980326 0.910575 0.990759 0.835643 0.981129 0.810385 0.882151 0.679280 0.737132 0.949950 0.994649 0.935442 0.928968 0.876998 0.753793 0.896889 0.739581 0.922902 0.874526 0.980873 0.697883 0.896986 0.943727 0.999923 0.937659 0.747534 0.851136 0.738297 0.972605 0.771535 0.919131 0.828786 0.934253 0.834991 0.981474 0.939363 0.780202 0.903647 0.990780 0.746813 0.880113 0.994386 0.859489
0.981089 0.864616 0.960774 0.961557 0.754461 0.898324 0.957114 0.942115 0.920474 0.886965 0.842104 0.856918 0.897380 0.963986 0.893123 0.877352 0.901900 0.994155 0.915737 0.874483 0.991632 0.945315 0.928591 0.960210 0.924563 0.809633 0.926700 0.000000 0.977564 0.942799 0.952842 0.976115 0.980484 0.964020 0.933728 0.848494 0.838497 0.801039 0.915587 0.975127 0.821275 0.978225 0.842450 0.901802 0.990319 0.921453 0.970873 0.935112 0.961045 0.934939 0.918250 0.904148 0.932015 0.943357 0.847949 0.996387 0.887556 0.898329 0.911609 0.835861 0.918918 0.922791 0.944365 0.929136 0.973809 0.871463 0.981209 0.951017 0.936065 0.812805 0.960252 0.884485 0.892798 0.863975 0.975068 0.904503 0.981810 0.891811 0.929718 0.902877 0.915210 0.874699 0.932583 0.984230 0.859616 0.811871 0.994137 0.944674 0.958130 0.912256 0.935752 0.931117 0.925363 0.944630 0.938811 0.969531 0.844641 0.938962 0.937759 0.902996 0.946388 0.999970 0.908802 0.961090 0.795732 0.903326 0.849342 0.987422 0.926726 0.971860 0.951683 0.947863 0.978795 0.834983 0.913862 0.995270
0.531165 0.678496 0.830464 0.955748 0.765413 0.611827 0.364536 0.396955 0.744537 0.433789 0.434107 0.396675 0.373063 0.456460 0.424863 0.670562 0.371675 0.356826 0.409139 0.539293 0.909260 0.873110 0.760577 0.933757 0.551115 0.758862 0.647203 0.977564 0.000000 0.307941 0.438454 0.646708 0.378144 0.357304 0.894427 0.994118 0.885050 0.772137 0.854515 0.824088 0.944649 0.976430 0.521320 0.442158 0.449947 0.354989 0.464318 0.491540 0.503797 0.661133 0.593074 0.902908 0.873480 0.942660 0.707625 0.605733 0.712716 0.739545 0.520157 0.737547 0.331153 0.492809 0.321872 0.321577 0.596802 0.960575 0.647916 0.635131 0.955068 0.732124 0.798362 0.794305 0.843245 0.958221 0.995351 0.902608 0.547818 0.915906 0.506074 0.580514 0.281049 0.367895 0.667206 0.611047 0.532057 0.783779 0.916911 0.942208 0.887612 0.979086 0.820886 0.844385 0.952635 0.630673 0.943994 0.936915 0.790165 0.901791 0.549462 0.629473 0.487520 0.740640 0.515410 0.668997 0.742094 0.834319 0.954567 0.779431 0.736317 0.739957 0.784897 0.717603 0.704842 0.662720 0.978580 0.815465
0.524420 0.668336 0.877152 0.992123 0.765570 0.675287 0.453849 0.458332 0.770448 0.522396 0.437597 0.372800 0.350594 0.434611 0.409263 0.514529 0.422562 0.359208 0.473234 0.556263 0.951185 0.946006 0.650414 0.938648 0.575566 0.697795 0.723260 0.942799 0.307941 0.000000 0.533131 0.587740 0.349868 0.366726 0.937550 0.979435 0.890642 0.840364 0.819858 0.795944 0.945632 0.952329 0.600819 0.508133 0.507075 0.419480 0.557709 0.557333 0.553868 0.678654 0.590903 0.865050 0.925799 0.901832 0.671657 0.617602 0.703084 0.728908 0.511088 0.736289 0.350042 0.525040 0.334894 0.292975 0.690114 0.963198 0.645470 0.605963 0.945541 0.693122 0.754966 0.890120 0.827564 0.863762 0.930854 0.949451 0.675352 0.861655 0.591012 0.582508 0.352720 0.448801 0.551490 0.580888 0.506910 0.680061 0.873330 0.826353 0.743322 0.957616 0.942647 0.776146 0.954573 0.586874 0.938613 0.906904 0.787746 0.980593 0.610550 0.657091 0.631918 0.838670 0.499457 0.761835 0.746634 0.721789 0.969394 0.854150 0.844365 0.788087 0.804268 0.791420 0.753914 0.713127 0.983030 0.930695
0.661126 0.769362 0.723064 0.873809 0.977181 0.627262 0.504731 0.491077 0.775053 0.491539 0.723671 0.543920 0.616685 0.693204 0.701384 0.775311 0.566228 0.523846 0.538600 0.641973 0.973770 0.949396 0.803313 0.995539 0.801515 0.943226 0.722766 0.952842 0.438454 0.533131 0.000000 0.600361 0.490773 0.482933 0.903161 0.974890 0.959353 0.901003 0.984323 0.936302 0.854055 0.984504 0.630361 0.577980 0.600593 0.553450 0.601293 0.645449 0.637790 0.704671 0.753386 0.942808 0.903180 0.898160 0.792801 0.662418 0.681187 0.793146 0.624947 0.835395 0.529785 0.620314 0.567282 0.501258 0.769778 0.975492 0.669026 0.658324 0.971495 0.808633 0.899388 0.734256 0.928905 0.972065 0.930276 0.780147 0.644363 0.999668 0.703327 0.647202 0.458011 0.586458 0.902959 0.786211 0.677884 0.785837 0.717208 0.881833 0.987828 0.988235 0.897325 0.900814 0.934999 0.804477 0.886577 0.888001 0.962104 0.966583 0.696531 0.625201 0.678367 0.742665 0.602410 0.789988 0.811140 0.849507 0.896122 0.972922 0.903363 0.791268 0.798262 0.841201 0.854834 0.765612 0.906410 0.869949
0.862701 0.995760 0.751494 0.760455 0.967978 0.829957 0.719125 0.732087 0.950365 0.851118 0.793969 0.719755 0.793832 0.800410 0.786016 0.721570 0.690313 0.575813 0.655723 0.693095 0.999463 0.986454 0.756489 0.795284 0.906009 0.945005 0.857586 0.976115 0.646708 0.587740 0.600361 0.000000 0.584544 0.624554 0.906720 0.821291 0.975577 0.947693 0.941204 0.774947 0.968924 0.929297 0.803179 0.730250 0.876974 0.723529 0.732224 0.755311 0.918365 0.868675 0.888876 0.959074 0.898914 0.802113 0.953560 0.795580 0.882145 0.976282 0.789218 0.921071 0.723330 0.891750 0.678808 0.681320 0.934589 0.797822 0.595335 0.602211 0.942749 0.905034 0.881151 0.860026 0.649418 0.841987 0.934332 0.954842 0.874182 0.962616 0.719364 0.755341 0.660863 0.592217 0.756969 0.667811 0.815455 0.632221 0.979392 0.782799 0.964672 0.807684 0.964372 0.804034 0.962376 0.778956 0.988693 0.873745 0.944523 0.995987 0.889526 0.862654 0.967324 0.989008 0.601064 0.953998 0.784585 0.830912 0.912999 0.756952 0.957143 0.965794 0.887192 0.992234 0.985185 0.993240 0.849941 0.978906
0.526979 0.740720 0.828408 0.896611 0.854002 0.588523 0.379790 0.354299 0.768947 0.439617 0.464756 0.398668 0.402916 0.498341 0.451948 0.649601 0.465666 0.443899 0.473845 0.550884 0.974911 0.865475 0.694373 0.957971 0.566296 0.788298 0.736397 0.980484 0.378144 0.349868 0.490773 0.584544 0.000000 0.399649 0.900059 0.951028 0.910299 0.880700 0.955373 0.935637 0.880437 0.996929 0.539931 0.433620 0.431707 0.373038 0.493452 0.515704 0.526856 0.685446 0.634478 0.887024 0.889295 0.873319 0.715305 0.681119 0.696544 0.727546 0.494827 0.733147 0.311007 0.463432 0.369460 0.312710 0.746509 0.883298 0.602426 0.511972 0.967276 0.632305 0.797699 0.862316 0.838551 0.866633 0.933901 0.884592 0.552503 0.844177 0.673028 0.545335 0.348920 0.466334 0.704380 0.614218 0.553684 0.670965 0.917651 0.968778 0.796440 0.937298 0.874519 0.878546 0.967833 0.651282 0.878027 0.983121 0.836738 0.968352 0.536065 0.641689 0.597561 0.830755 0.496186 0.607520 0.675377 0.821612 0.920662 0.872780 0.886258 0.863323 0.725218 0.798136 0.859490 0.857104 0.984826 0.999463
0.568662 0.680340 0.636644 0.763516 0.922317 0.583046 0.346789 0.342946 0.759878 0.451945 0.469658 0.469860 0.517764 0.613241 0.593378 0.755692 0.429873 0.482413 0.425748 0.567491 0.893119 0.886332 0.859124 0.966538 0.754402 0.915676 0.631594 0.964020 0.357304 0.366726 0.482933 0.624554 0.399649 0.000000 0.915824 0.954186 0.826788 0.889803 0.798284 0.817325 0.958091 0.954082 0.536528 0.405780 0.532540 0.434415 0.431806 0.564050 0.601491 0.678498 0.574189 0.893132 0.893438 0.920448 0.618342 0.604491 0.662754 0.791852 0.432620 0.666277 0.337177 0.528071 0.338925 0.359559 0.813888 0.831084 0.542670 0.471046 0.994983 0.730362 0.808138 0.812289 0.921684 0.939157 0.893490 0.972273 0.570204 0.903632 0.634532 0.658998 0.396625 0.404145 0.799840 0.632548 0.594459 0.646571 0.810762 0.972814 0.950375 0.925847 0.846335 0.854129 0.980696 0.597648 0.988424 0.918089 0.874962 0.970944 0.630296 0.698315 0.648521 0.794109 0.556232 0.792579 0.664831 0.832481 0.870385 0.750051 0.783996 0.747745 0.775811 0.858007 0.843823 0.801284 0.869089 0.925966
0.917555 0.910363 0.764462 0.802686 0.955341 0.795852 0.915420 0.834033 0.942414 0.951802 0.971350 0.947795 0.975146 0.947145 0.990029 0.955387 0.854056 0.949323 0.916050 0.986772 0.975510 0.828880 0.905899 0.844217 0.831120 0.881472 0.936823 0.933728 0.894427 0.937550 0.903161 0.906720 0.900059 0.915824 0.000000 0.893659 0.992561 0.912217 0.875417 0.962543 0.861353 0.806613 0.979265 0.998693 0.971226 0.955663 0.862474 0.943565 0.992761 0.876178 0.987642 0.969045 0.997808 0.972528 0.734360 0.863118 0.862560 0.830142 0.836688 0.792208 0.909618 0.975594 0.919830 0.931106 0.832973 0.772850 0.712239 0.786053 0.927360 0.922466 0.962555 0.777546 0.903217 0.961394 0.818656 0.791606 0.857302 0.896163 0.773132 0.898438 0.875341 0.873418 0.982472 0.894960 0.991003 0.790923 0.982484 0.991012 0.987962 0.988822 0.932742 0.951493 0.907115 0.923374 0.960737 0.917839 0.961310 0.869724 0.945054 0.867780 0.929112 0.866452 0.991927 0.917703 0.974452 0.919236 0.906938 0.961090 0.963302 0.785028 0.794738 0.987421 0.948767 0.955181 0.863834 0.959347
0.806516 0.812001 0.952438 0.880073 0.943415 0.999648 0.984970 0.886398 0.939631 0.964341 0.927844 0.921409 0.944150 0.982214 0.991448 0.939807 0.934163 0.864059 0.949486 0.868528 0.987354 0.790613 0.946634 0.794094 0.964846 0.891818 0.874436 0.848494 0.994118 0.979435 0.974890 0.821291 0.951028 0.954186 0.893659 0.000000 0.906706 0.877942 0.985265 0.991794 0.858301 0.968342 0.995313 0.981872 0.936847 0.989418 0.868460 0.918261 0.865921 0.841502 0.839070 0.788424 0.797825 0.849660 0.765574 0.836443 0.724379 0.643155 0.838326 0.698221 0.946731 0.934186 0.983993 0.922701 0.990982 0.918667 0.854025 0.923684 0.855907 0.640126 0.919717 0.858406 0.961037 0.962237 0.968865 0.844378 0.978625 0.987324 0.934908 0.939642 0.900141 0.958704 0.949839 0.966090 0.949527 0.952328 0.782341 0.897295 0.750965 0.954722 0.879368 0.863292 0.857542 0.766324 0.750607 0.958483 0.973283 0.894752 0.849234 0.816930 0.894944 0.952000 0.964158 0.860766 0.798653 0.870322 0.893980 0.927323 0.910486 0.985971 0.811146 0.983774 0.985057 0.802981 0.946524 0.853571
0.758084 0.893894 0.826826 0.967730 0.945913 0.830967 0.869583 0.875956 0.930067 0.762504 0.865073 0.825862 0.881217 0.818796 0.829768 0.863608 0.866342 0.865072 0.826680 0.947503 0.857568 0.865431 0.836756 0.947292 0.779809 0.914921 0.817132 0.838497 0.885050 0.890642 0.959353 0.975577 0.910299 0.826788 0.992561 0.906706 0.000000 0.890223 0.817038 0.863806 0.998542 0.803963 0.760643 0.759519 0.671162 0.697066 0.905990 0.897778 0.686202 0.767766 0.831821 0.805346 0.865331 0.784851 0.984961 0.928284 0.887210 0.937809 0.987302 0.956215 0.843868 0.828137 0.913071 0.856533 0.792500 0.801806 0.933401 0.970800 0.894520 0.929664 0.932563 0.855592 0.968909 0.976899 0.957319 0.990771 0.804824 0.921608 0.890100 0.912015 0.862647 0.905585 0.953189 0.971127 0.866206 0.977723 0.966157 0.782861 0.963667 0.996824 0.688304 0.800701 0.704934 0.981228 0.945960 0.946322 0.967909 0.946751 0.698272 0.870027 0.918339 0.820901 0.804920 0.971198 0.969165 0.965582 0.937156 0.875246 0.878058 0.843771 0.802891 0.832119 0.632602 0.864141 0.907432 0.877711
0.893018 0.977311 0.962575 0.731218 0.842948 0.962867 0.767449 0.893883 0.958668 0.880502 0.687714 0.868724 0.711576 0.822262 0.800251 0.935060 0.800093 0.888554 0.881657 0.980147 0.852148 0.987812 0.923643 0.791237 0.730406 0.777296 0.671366 0.801039 0.772137 0.840364 0.901003 0.947693 0.880700 0.889803 0.912217 0.877942 0.890223 0.000000 0.911245 0.860990 0.983716 0.866159 0.954424 0.886492 0.882429 0.902505 0.908888 0.900524 0.962262 0.966023 0.913895 0.824620 0.816443 0.824136 0.965196 0.849025 0.917545 0.930468 0.898994 0.908044 0.711340 0.902832 0.715436 0.771163 0.842934 0.903619 0.950902 0.941794 0.838538 0.843203 0.875563 0.988722 0.997155 0.794707 0.802448 0.996703 0.822355 0.925431 0.872513 0.930723 0.746734 0.824624 0.931665 0.988460 0.857600 0.972590 0.971861 0.931375 0.846866 0.956568 0.984020 0.889642 0.941812 0.759316 0.964302 0.853267 0.901665 0.909690 0.887623 0.918243 0.840974 0.878120 0.952217 0.969407 0.894157 0.985417 0.888168 0.929315 0.802597 0.918104 0.979066 0.978173 0.715798 0.972535 0.888269 0.986639
