0.000000 0.523623 0.641872 0.648470 0.825965 0.897041 0.631709 0.572206 0.907981 0.712275 0.570200 0.631983 0.749996 0.868669 0.896539 0.886957 0.496226 0.468425 0.590830 0.618020 0.734359 0.997889 0.805068 0.648766 0.883298 0.812361 0.953762 0.765354 0.872478 0.848646 0.907178 0.820596 0.558694 0.582779 0.627960 0.941236 0.754347 0.873848 0.887445 0.832799 0.660503 0.844315 0.749694 0.728466 0.782905 0.640700 0.552054 0.672730 0.762238 0.909816 0.892172 0.979243 0.933232 0.945003 0.691256 0.594712 0.466816 0.564738 0.484297 0.704595 0.548667 0.594939 0.577487 0.519780 0.829671 0.725224 0.657572 0.735977 0.681775 0.608580 0.875664 0.997744 0.981493 0.862014 0.986747 0.893848 0.863281 0.766981 0.544908 0.973898 0.476149 0.534168 0.917697 0.725200 0.839987 0.773349 0.835907 0.798684 0.764299 0.571647 0.804133 0.974092 0.818872 0.947711 0.783139 0.726419 0.690082 0.813067 0.600077 0.693788 0.875087 0.971709 0.590144 0.638415 0.983686 0.697123 0.930427 0.773007 0.959686 0.944805 0.915563 0.744565 0.875959 0.840713 0.970915 0.975456
0.523623 0.000000 0.789180 0.703380 0.756968 0.827864 0.905390 0.730948 0.985762 0.997750 0.835975 0.697641 0.688845 0.668425 0.899064 0.842070 0.620687 0.640512 0.662230 0.681112 0.834051 0.835711 0.909729 0.908370 0.814557 0.746203 0.955446 0.738835 0.980430 0.912276 0.924885 0.904517 0.659528 0.796850 0.779596 0.945012 0.779462 0.878975 0.983597 0.910542 0.801346 0.863581 0.669415 0.595019 0.821786 0.691090 0.685726 0.655296 0.729705 0.758920 0.813952 0.827412 0.917728 0.887796 0.739659 0.817838 0.554334 0.524299 0.614458 0.640170 0.807572 0.723140 0.885174 0.798847 0.802402 0.695212 0.857104 0.790429 0.656457 0.567973 0.788873 0.822457 0.868860 0.982862 0.978491 0.933228 0.789451 0.688028 0.660575 0.903743 0.692812 0.745196 0.882336 0.886783 0.990186 0.812227 0.956427 0.847415 0.836610 0.708812 0.913306 0.992881 0.887362 0.954855 0.826364 0.792404 0.699329 0.864279 0.721768 0.764734 0.886870 0.892149 0.702992 0.656461 0.863483 0.759873 0.850114 0.720307 0.866278 0.830238 0.978687 0.840366 0.776984 0.807317 0.777848 0.896413
0.641872 0.789180 0.000000 0.414973 0.986981 0.967539 0.420367 0.615334 0.789234 0.838559 0.774053 0.985092 0.982081 0.836800 0.734037 0.647762 0.800928 0.700551 0.782688 0.779698 0.767070 0.849780 0.984447 0.963455 0.684637 0.695151 0.891170 0.813406 0.932151 0.858915 0.869363 0.950619 0.561004 0.709214 0.624313 0.851722 0.792419 0.861262 0.799458 0.704659 0.757513 0.766974 0.688468 0.671727 0.716211 0.708523 0.705848 0.731786 0.937468 0.936471 0.812346 0.885253 0.994340 0.933906 0.743024 0.651504 0.728311 0.865303 0.652647 0.736505 0.647658 0.807380 0.874871 0.899652 0.468771 0.600326 0.428330 0.514681 0.949205 0.764103 0.795837 0.862929 0.944939 0.977291 0.855144 0.917550 0.750426 0.868470 0.758991 0.988397 0.688881 0.642292 0.906948 0.834689 0.692495 0.561813 0.863455 0.846840 0.776529 0.619009 0.569455 0.663966 0.495657 0.589820 0.798611 0.724636 0.646053 0.767756 0.622997 0.625299 0.831794 0.822067 0.699161 0.685793 0.770619 0.595236 0.945901 0.741035 0.988008 0.886225 0.736558 0.719338 0.822699 0.873227 0.920778 0.910718
0.648470 0.703380 0.414973 0.000000 0.908754 0.765319 0.523122 0.479328 0.919811 0.880056 0.813290 0.827675 0.928201 0.960857 0.674058 0.800434 0.953065 0.772337 0.799011 0.759430 0.773234 0.794606 0.937641 0.952431 0.729665 0.698557 0.902199 0.843115 0.819480 0.867900 0.885702 0.863922 0.651714 0.662085 0.615055 0.852586 0.870978 0.898707 0.675750 0.622856 0.772653 0.854242 0.588190 0.587854 0.776195 0.714674 0.633494 0.614408 0.975566 0.988065 0.808899 0.904755 0.921103 0.981660 0.831881 0.661416 0.884695 0.919143 0.679057 0.597962 0.691071 0.671476 0.999408 0.955557 0.523764 0.428602 0.419142 0.413808 0.939541 0.747143 0.625943 0.658555 0.908594 0.961262 0.946635 0.945930 0.638612 0.803804 0.776342 0.941135 0.776884 0.778860 0.725289 0.975764 0.906047 0.650635 0.770038 0.644815 0.943764 0.638938 0.568044 0.681635 0.479366 0.601886 0.797551 0.693485 0.614017 0.762283 0.510977 0.652640 0.771249 0.799610 0.677077 0.612690 0.711392 0.607242 0.979822 0.733657 0.934089 0.919643 0.718803 0.751995 0.888221 0.784679 0.903848 0.846127
0.825965 0.756968 0.986981 0.908754 0.000000 0.927906 0.844138 0.986702 0.636344 0.834917 0.927189 0.937696 0.900544 0.950547 0.734305 0.895432 0.888154 0.978626 0.923896 0.937254 0.833928 0.875204 0.573466 0.687049 0.876363 0.749411 0.943754 0.655545 0.817282 0.782617 0.898203 0.812090 0.982688 0.969809 0.996126 0.946706 0.911716 0.696639 0.939659 0.894744 0.841687 0.882158 0.650729 0.655392 0.938332 0.831219 0.764911 0.754575 0.845043 0.861284 0.909204 0.975211 0.897205 0.842493 0.921618 0.903296 0.918469 0.966473 0.752120 0.825819 0.807125 0.942388 0.871046 0.941134 0.830932 0.986068 0.866551 0.841966 0.793371 0.814152 0.864571 0.937931 0.789797 0.777515 0.936135 0.952836 0.915938 0.728712 0.980995 0.964179 0.945770 0.862059 0.702187 0.797116 0.647995 0.694724 0.832471 0.716825 0.890002 0.977078 0.943646 0.979844 0.969237 0.920268 0.989161 0.935283 0.998384 0.783217 0.890172 0.909512 0.899671 0.822927 0.703395 0.787441 0.981127 0.827180 0.922951 0.839119 0.776596 0.942812 0.995069 0.969747 0.928562 0.951196 0.949413 0.840870
0.897041 0.827864 0.967539 0.765319 0.927906 0.000000 0.995353 0.807874 0.962972 0.987517 0.941079 0.822778 0.780752 0.798271 0.995864 0.743424 0.912057 0.956545 0.983270 0.892775 0.928613 0.759861 0.901241 0.939033 0.956816 0.871771 0.819504 0.763580 0.872905 0.925470 0.977314 0.850887 0.945830 0.996326 0.902752 0.978828 0.990695 0.947894 0.887268 0.888779 0.828693 0.941983 0.985000 0.999712 0.890976 0.909399 0.981577 0.979042 0.884989 0.895831 0.985015 0.902777 0.907205 0.966380 0.945339 0.917651 0.959628 0.999433 0.995918 0.916760 0.909631 0.801397 0.894066 0.906680 0.864879 0.759173 0.948730 0.902379 0.924599 0.934048 0.703546 0.703963 0.995830 0.974739 0.995057 0.841686 0.816960 0.841395 0.972299 0.977929 0.970881 0.914250 0.708939 0.817402 0.804748 0.984695 0.920784 0.733044 0.967458 0.983697 0.899661 0.929661 0.768211 0.873063 0.927286 0.950094 0.952395 0.894645 0.846225 0.941392 0.919716 0.818208 0.915478 0.869755 0.822193 0.860435 0.952063 0.994796 0.927551 0.996963 0.890498 0.937410 0.980567 0.892046 0.697026 0.806400
0.631709 0.905390 0.420367 0.523122 0.844138 0.995353 0.000000 0.481723 0.680533 0.528935 0.700379 0.824305 0.888995 0.838154 0.770585 0.695845 0.735872 0.618899 0.650653 0.805172 0.951586 0.963868 0.885314 0.941832 0.985264 0.968397 0.940907 0.931330 0.878891 0.859391 0.821677 0.968689 0.502646 0.534525 0.630927 0.880743 0.978632 0.923562 0.900435 0.864745 0.762053 0.865870 0.833614 0.836014 0.599945 0.592427 0.794627 0.764592 0.921962 0.946729 0.996650 0.874299 0.864561 0.949357 0.789552 0.716609 0.831448 0.979920 0.816440 0.950051 0.404019 0.616827 0.565523 0.627798 0.641712 0.696596 0.510150 0.625419 0.931840 0.880381 0.944531 0.972636 0.963114 0.955902 0.870399 0.867265 0.876265 0.952577 0.747172 0.843748 0.541564 0.506483 0.955105 0.713032 0.583423 0.584758 0.861907 0.929871 0.874751 0.772091 0.519109 0.737608 0.537870 0.770002 0.734501 0.794610 0.713691 0.850331 0.527180 0.630348 0.912446 0.948091 0.767772 0.700952 0.894114 0.750929 0.759192 0.895685 0.845711 0.940266 0.719066 0.690535 0.865452 0.866824 0.884729 0.911282
0.572206 0.730948 0.615334 0.479328 0.986702 0.807874 0.481723 0.000000 0.946162 0.523144 0.539828 0.468181 0.732068 0.851585 0.695004 0.928563 0.758106 0.643343 0.676616 0.711970 0.980374 0.999683 0.826427 0.790366 0.841827 0.937135 0.945983 0.936178 0.867676 0.772393 0.982460 0.866845 0.644144 0.421304 0.726382 0.894456 0.982901 0.873854 0.720384 0.679728 0.794447 0.941224 0.775835 0.776954 0.760251 0.669195 0.703918 0.653571 0.992545 0.751103 0.831616 0.689986 0.643099 0.654837 0.764432 0.737571 0.947153 0.958686 0.721976 0.717953 0.416019 0.351041 0.663585 0.587097 0.853557 0.512218 0.561057 0.518480 0.872049 0.767585 0.826522 0.837691 0.986346 0.935481 0.940880 0.911181 0.752910 0.803778 0.783088 0.890359 0.673783 0.681722 0.781014 0.884065 0.991957 0.819133 0.731002 0.618884 0.995779 0.798110 0.739537 0.979644 0.701409 0.999135 0.765453 0.845711 0.725550 0.855675 0.503788 0.804582 0.748147 0.979270 0.687066 0.711036 0.925220 0.778579 0.817968 0.964139 0.838520 0.938671 0.754376 0.802286 0.914653 0.799563 0.914346 0.986075
0.907981 0.985762 0.789234 0.919811 0.636344 0.962972 0.680533 0.946162 0.000000 0.822258 0.946155 0.940447 0.778633 0.888147 0.777976 0.974219 0.843006 0.834496 0.908803 0.982678 0.940203 0.977207 0.669080 0.851266 0.973388 0.954921 0.937032 0.984977 0.884178 0.928181 0.876552 0.931143 0.834509 0.996538 0.933481 0.881018 0.992894 0.836278 0.965370 0.869689 0.904731 0.922986 0.855206 0.864893 0.974795 0.994767 0.915099 0.840755 0.983909 0.957281 0.998752 0.956614 0.808470 0.724894 0.965183 0.953845 0.851371 0.870666 0.909190 0.867134 0.679626 0.907281 0.767159 0.844020 0.645529 0.927392 0.984873 0.832869 0.942342 0.913116 0.909630 0.821613 0.860282 0.958374 0.955710 0.981264 0.987382 0.931764 0.763986 0.933903 0.774882 0.738704 0.676275 0.753878 0.570491 0.546383 0.794674 0.794934 0.837633 0.838175 0.829429 0.846802 0.875571 0.863855 0.961532 0.954229 0.905069 0.968621 0.991270 0.812411 0.842932 0.950185 0.958208 0.918758 0.880329 0.972706 0.963881 0.957536 0.865615 0.987797 0.863852 0.939996 0.941860 0.887901 0.965654 0.864143
0.712275 0.997750 0.838559 0.880056 0.834917 0.987517 0.528935 0.523144 0.822258 0.000000 0.593980 0.659518 0.836303 0.986450 0.882870 0.933627 0.724082 0.635373 0.668937 0.800826 0.959071 0.867731 0.968390 0.818002 0.578627 0.661057 0.879457 0.755144 0.699268 0.675737 0.925216 0.999542 0.721168 0.555338 0.859589 0.893131 0.828580 0.782731 0.986828 0.964109 0.887234 0.972860 0.842303 0.874281 0.802617 0.782556 0.866422 0.908776 0.989858 0.759015 0.698038 0.635336 0.678822 0.673445 0.857001 0.913584 0.980586 0.976541 0.900695 0.982927 0.427947 0.521959 0.435703 0.427143 0.900686 0.915204 0.762187 0.851137 0.928674 0.948183 0.850826 0.842047 0.895162 0.999839 0.988637 0.824066 0.884269 0.851552 0.854702 0.739426 0.601910 0.585071 0.949968 0.697892 0.807137 0.913930 0.856200 0.968855 0.974378 0.939257 0.815120 0.891993 0.902186 0.827826 0.827067 0.881306 0.914428 0.952321 0.703922 0.874248 0.925163 0.822137 0.802976 0.827151 0.981366 0.901725 0.741271 0.829348 0.855492 0.972194 0.947670 0.880545 0.970012 0.957256 0.774874 0.777762
0.570200 0.835975 0.774053 0.813290 0.927189 0.941079 0.700379 0.539828 0.946155 0.593980 0.000000 0.494794 0.714718 0.992467 0.668689 0.859656 0.603362 0.665346 0.830928 0.763611 0.880731 0.898328 0.603350 0.572133 0.845460 0.930959 0.866156 0.983398 0.838728 0.865927 0.807930 0.735669 0.788225 0.535052 0.763938 0.962378 0.860996 0.976374 0.922891 0.813130 0.741265 0.828842 0.938811 0.941265 0.928802 0.790387 0.757820 0.883227 0.988883 0.789634 0.711405 0.637240 0.615024 0.600984 0.725602 0.693444 0.879960 0.899728 0.714962 0.839481 0.558079 0.512989 0.625342 0.536565 0.888759 0.839916 0.743245 0.807305 0.846888 0.700290 0.835409 0.926639 0.801478 0.886670 0.916849 0.884310 0.927102 0.886867 0.744093 0.922942 0.679678 0.752642 0.855145 0.818244 0.891206 0.938016 0.772361 0.683485 0.899698 0.838144 0.845560 0.806773 0.873473 0.913494 0.811491 0.845207 0.785626 0.836037 0.723880 0.950192 0.827452 0.945210 0.644810 0.798495 0.911228 0.864584 0.813275 0.991056 0.856719 0.938129 0.987472 0.855804 0.932929 0.867832 0.901021 0.920112
0.631983 0.697641 0.985092 0.827675 0.937696 0.822778 0.824305 0.468181 0.940447 0.659518 0.494794 0.000000 0.501501 0.600289 0.882789 0.787869 0.694727 0.700547 0.655919 0.717304 0.923476 0.854434 0.700202 0.769510 0.738754 0.788794 0.936779 0.944082 0.828052 0.707450 0.794136 0.824862 0.870367 0.579874 0.878378 0.961833 0.973822 0.785139 0.858594 0.865468 0.867875 0.957505 0.886134 0.856645 0.926437 0.782995 0.768124 0.816453 0.991152 0.743774 0.743027 0.643044 0.690480 0.659557 0.743136 0.824160 0.912203 0.872114 0.824971 0.857733 0.549635 0.418576 0.657696 0.576768 0.853557 0.720093 0.917256 0.871991 0.931776 0.689518 0.973844 0.951091 0.978256 0.995213 0.914768 0.990945 0.806424 0.732856 0.775768 0.872542 0.734980 0.828942 0.823031 0.920861 0.800274 0.959377 0.782430 0.676748 0.982924 0.952081 0.992747 0.751235 0.999338 0.759316 0.836835 0.971509 0.848286 0.928583 0.744246 0.969048 0.782708 0.886386 0.735894 0.869707 0.941237 0.981492 0.864820 0.987664 0.866557 0.982556 0.961981 0.948561 0.918594 0.834471 0.912989 0.990891
0.749996 0.688845 0.982081 0.928201 0.900544 0.780752 0.888995 0.732068 0.778633 0.836303 0.714718 0.501501 0.000000 0.535254 0.791712 0.615638 0.760001 0.790425 0.636646 0.818163 0.884459 0.977725 0.987803 0.949215 0.838781 0.855262 0.968989 0.996684 0.797971 0.780995 0.941697 0.978283 0.902832 0.776754 0.977038 0.917179 0.885127 0.770836 0.996481 0.944874 0.894936 0.899960 0.943808 0.903682 0.944649 0.781403 0.848834 0.967385 0.995360 0.922643 0.861614 0.858693 0.967341 0.973583 0.801789 0.815176 0.851355 0.837684 0.940222 0.990665 0.624895 0.552576 0.794643 0.765151 0.986238 0.731029 0.899996 0.922573 0.864264 0.783848 0.991986 0.995012 0.823940 0.961276 0.958263 0.828098 0.801990 0.757600 0.815023 0.937014 0.816003 0.877757 0.930435 0.980571 0.986157 0.844168 0.974349 0.935584 0.943018 0.960244 0.909661 0.903066 0.948156 0.886173 0.995623 0.955176 0.855201 0.949006 0.863338 0.947841 0.983651 0.897440 0.890479 0.954653 0.925381 0.900721 0.942326 0.990050 0.946221 0.981348 0.944308 0.968976 0.806235 0.734162 0.988102 0.936156
0.868669 0.668425 0.836800 0.960857 0.950547 0.798271 0.838154 0.851585 0.888147 0.986450 0.992467 0.600289 0.535254 0.000000 0.704750 0.554023 0.933979 0.887691 0.642136 0.729847 0.924608 0.986973 0.980988 0.876097 0.882958 0.982282 0.895365 0.967757 0.854023 0.821655 0.987304 0.860142 0.933386 0.923453 0.992185 0.987017 0.856213 0.843214 0.886793 0.964467 0.837953 0.846964 0.863439 0.818600 0.903758 0.926033 0.798988 0.844914 0.991603 0.921220 0.941979 0.975298 0.984263 0.979263 0.882847 0.881242 0.939808 0.881535 0.948310 0.867661 0.929232 0.733750 0.998819 0.960599 0.917072 0.760095 0.856506 0.970847 0.897046 0.843232 0.828792 0.790205 0.824405 0.892108 0.999831 0.804258 0.695996 0.759730 0.883799 0.989728 0.969648 0.991927 0.887544 0.933848 0.814111 0.966631 0.902998 0.946680 0.968205 0.991420 0.898110 0.861645 0.895618 0.829680 0.909983 0.981997 0.987641 0.965505 0.986025 0.984332 0.881564 0.912639 0.934964 0.984607 0.993293 0.927841 0.852911 0.989931 0.900185 0.914130 0.993557 0.990845 0.926912 0.948858 0.914801 0.926718
0.896539 0.899064 0.734037 0.674058 0.734305 0.995864 0.770585 0.695004 0.777976 0.882870 0.668689 0.882789 0.791712 0.704750 0.000000 0.567828 0.915401 0.914743 0.871602 0.970114 0.837999 0.960727 0.536024 0.643736 0.968109 0.946027 0.855107 0.973079 0.734058 0.756176 0.768151 0.668442 0.991486 0.756320 0.865019 0.940070 0.941172 0.802371 0.816503 0.775387 0.820598 0.778139 0.759528 0.830082 0.904079 0.891366 0.924422 0.860791 0.898058 0.820917 0.957376 0.812219 0.596641 0.613439 0.923468 0.867606 0.826254 0.771530 0.758885 0.805493 0.900162 0.851949 0.957354 0.965166 0.949864 0.847850 0.562199 0.619883 0.918907 0.860834 0.958683 0.916227 0.763179 0.902443 0.879594 0.861282 0.941330 0.958801 0.901939 0.960917 0.933949 0.910856 0.651291 0.816361 0.740189 0.787513 0.720072 0.564982 0.967674 0.973859 0.791442 0.899726 0.694775 0.789469 0.901087 0.891286 0.816564 0.790236 0.738355 0.903070 0.745515 0.891289 0.712458 0.811206 0.953606 0.803740 0.821153 0.856150 0.997252 0.952950 0.792341 0.919755 0.971884 0.902317 0.936362 0.862285
0.886957 0.842070 0.647762 0.800434 0.895432 0.743424 0.695845 0.928563 0.974219 0.933627 0.859656 0.787869 0.615638 0.554023 0.567828 0.000000 0.960739 0.932206 0.898528 0.987966 0.874299 0.996107 0.802533 0.702694 0.855632 0.879799 0.897522 0.966808 0.887432 0.792665 0.951873 0.745779 0.909557 0.907425 0.738193 0.962562 0.879402 0.832091 0.941024 0.885559 0.901198 0.717125 0.878230 0.896040 0.788693 0.845901 0.950287 0.880571 0.882320 0.957346 0.955265 0.994537 0.806613 0.846824 0.989100 0.809463 0.968483 0.891745 0.774628 0.995141 0.964977 0.907717 0.895008 0.905825 0.920349 0.886161 0.683592 0.819084 0.938530 0.946451 0.879121 0.934518 0.709800 0.815868 0.902351 0.776592 0.900258 0.837085 0.979979 0.937463 0.842600 0.822922 0.958665 0.899203 0.901607 0.950381 0.829615 0.849040 0.887446 0.828962 0.795599 0.840389 0.751751 0.787650 0.877013 0.766187 0.849074 0.820528 0.845922 0.816658 0.951424 0.930026 0.846518 0.855465 0.984295 0.794813 0.859712 0.868300 0.990722 0.992410 0.854162 0.797788 0.798506 0.905461 0.904722 0.964972
0.496226 0.620687 0.800928 0.953065 0.888154 0.912057 0.735872 0.758106 0.843006 0.724082 0.603362 0.694727 0.760001 0.933979 0.915401 0.960739 0.000000 0.464146 0.660654 0.602392 0.897009 0.880467 0.977574 0.804679 0.952051 0.975927 0.996998 0.977454 0.712043 0.702294 0.997148 0.885234 0.646882 0.726970 0.727427 0.946583 0.718210 0.950256 0.872765 0.909156 0.843058 0.870569 0.956885 0.950037 0.847685 0.779196 0.811797 0.827842 0.803357 0.903093 0.994542 0.976488 0.981378 0.994747 0.665339 0.747340 0.545867 0.555446 0.637498 0.894968 0.579945 0.661417 0.509269 0.468685 0.925953 0.923172 0.895392 0.976139 0.700220 0.646420 0.908022 0.836151 0.989392 0.935290 0.959355 0.899755 0.991794 0.974565 0.646080 0.949649 0.454521 0.505790 0.854087 0.562560 0.728273 0.786575 0.927492 0.937257 0.750901 0.713707 0.921605 0.839496 0.961262 0.852356 0.796875 0.788623 0.780475 0.992577 0.815902 0.863029 0.941802 0.840005 0.724489 0.826950 0.925571 0.887441 0.839542 0.933540 0.972930 0.932198 0.955896 0.824689 0.861442 0.968407 0.966073 0.953641
0.468425 0.640512 0.700551 0.772337 0.978626 0.956545 0.618899 0.643343 0.834496 0.635373 0.665346 0.700547 0.790425 0.887691 0.914743 0.932206 0.464146 0.000000 0.614078 0.640026 0.886776 0.912578 0.956132 0.818866 0.958970 0.973909 0.911416 0.948625 0.675824 0.619463 0.839235 0.976325 0.576064 0.612652 0.692352 0.858781 0.795776 0.950865 0.952950 0.892447 0.801608 0.865702 0.902415 0.849288 0.773410 0.711376 0.599156 0.708565 0.758305 0.926279 0.971992 0.982753 0.986344 0.963825 0.592367 0.660912 0.506608 0.618144 0.606566 0.812249 0.526445 0.620151 0.440832 0.442785 0.837210 0.837320 0.777641 0.826690 0.807923 0.684344 0.989504 0.887835 0.975776 0.867880 0.987095 0.874186 0.994957 0.978218 0.618331 0.934083 0.345846 0.388880 0.828065 0.515750 0.659245 0.682314 0.968857 0.981757 0.724373 0.606487 0.927222 0.823979 0.994993 0.858333 0.760638 0.736453 0.838422 0.935606 0.751127 0.797955 0.985177 0.853547 0.781092 0.802807 0.933040 0.750248 0.876583 0.984407 0.895763 0.878697 0.986567 0.799803 0.897551 0.946792 0.976510 0.925451
0.590830 0.662230 0.782688 0.799011 0.923896 0.983270 0.650653 0.676616 0.908803 0.668937 0.830928 0.655919 0.636646 0.642136 0.871602 0.898528 0.660654 0.614078 0.000000 0.611126 0.994530 0.980682 0.880822 0.905195 0.917102 0.978831 0.943003 0.984512 0.739929 0.722311 0.797398 0.847291 0.643534 0.667829 0.723023 0.899362 0.994585 0.853374 0.998327 0.941242 0.877583 0.984196 0.926107 0.839664 0.872633 0.711966 0.736280 0.769944 0.949030 0.988937 0.969550 0.993129 0.944912 0.961334 0.736507 0.741954 0.745335 0.768202 0.897372 0.897492 0.568352 0.638134 0.572146 0.627597 0.880540 0.747741 0.876272 0.881509 0.839409 0.831381 0.968512 0.977539 0.847785 0.918180 0.997327 0.989156 0.876218 0.823070 0.663430 0.961614 0.565096 0.577863 0.925941 0.763433 0.716999 0.707261 0.862824 0.958983 0.874178 0.844318 0.813906 0.986492 0.880854 0.960400 0.878877 0.894863 0.787607 0.997459 0.684090 0.743672 0.973674 0.813310 0.769955 0.887677 0.938925 0.843618 0.896976 0.875162 0.950626 0.872402 0.900980 0.826598 0.830423 0.877855 0.961261 0.788867
0.618020 0.681112 0.779698 0.759430 0.937254 0.892775 0.805172 0.711970 0.982678 0.800826 0.763611 0.717304 0.818163 0.729847 0.970114 0.987966 0.602392 0.640026 0.611126 0.000000 0.811671 0.946793 0.985582 0.937747 0.979519 0.984421 0.986513 0.939034 0.858711 0.853146 0.804052 0.984719 0.723219 0.733524 0.677382 0.996793 0.783326 0.897478 0.911779 0.846682 0.961009 0.941770 0.833548 0.779049 0.887558 0.747635 0.672366 0.601874 0.858181 0.857067 0.877731 0.825791 0.912462 0.957645 0.813896 0.686079 0.727163 0.653687 0.637067 0.611087 0.768915 0.696811 0.773473 0.721316 0.915444 0.716256 0.764389 0.741936 0.833673 0.643581 0.887754 0.903475 0.865813 0.886993 0.866421 0.888293 0.849722 0.974351 0.601529 0.984303 0.663055 0.719410 0.959631 0.822011 0.891070 0.837764 0.832905 0.891823 0.846656 0.699870 0.855257 0.972504 0.925778 0.995813 0.953727 0.756475 0.719494 0.871584 0.686977 0.845383 0.799580 0.873310 0.656171 0.766693 0.946434 0.818531 0.945324 0.848078 0.988651 0.977359 0.798457 0.880014 0.896825 0.965572 0.961854 0.973768
0.734359 0.834051 0.767070 0.773234 0.833928 0.928613 0.951586 0.980374 0.940203 0.959071 0.880731 0.923476 0.884459 0.924608 0.837999 0.874299 0.897009 0.886776 0.994530 0.811671 0.000000 0.874007 0.822472 0.783146 0.750830 0.746500 0.987252 0.807773 0.797114 0.738882 0.946976 0.881453 0.853931 0.953316 0.772765 0.970560 0.771479 0.814225 0.911919 0.950025 0.891116 0.919146 0.716621 0.753791 0.966511 0.928603 0.794807 0.848475 0.906049 0.836688 0.793141 0.832821 0.979652 0.988410 0.920412 0.948862 0.741790 0.837229 0.666368 0.813909 0.968358 0.939492 0.921882 0.938468 0.855028 0.906466 0.780228 0.817086 0.729571 0.782956 0.890605 0.950180 0.934495 0.813994 0.878417 0.989620 0.948158 0.962020 0.888301 0.828802 0.973900 0.990070 0.786350 0.901798 0.944219 0.956309 0.970348 0.849927 0.895795 0.727378 0.844490 0.879048 0.842681 0.805495 0.937539 0.723896 0.777975 0.907200 0.954548 0.875056 0.901550 0.916483 0.718667 0.789062 0.957796 0.791136 0.865666 0.839636 0.998761 0.920715 0.922722 0.831989 0.940832 0.940984 0.909422 0.783161
0.997889 0.835711 0.849780 0.794606 0.875204 0.759861 0.963868 0.999683 0.977207 0.867731 0.898328 0.854434 0.977725 0.986973 0.960727 0.996107 0.880467 0.912578 0.980682 0.946793 0.874007 0.000000 0.979920 0.964682 0.906112 0.831344 0.869601 0.700844 0.825575 0.808815 0.994570 0.878974 0.999700 0.987595 0.895033 0.950715 0.911576 0.849816 0.988523 0.837438 0.937122 0.806073 0.926531 0.936071 0.915063 0.904005 0.923144 0.996765 0.972370 0.854341 0.793990 0.794004 0.895345 0.898641 0.963000 0.939803 0.936107 0.987238 0.875319 0.724821 0.860860 0.967379 0.772727 0.798530 0.809776 0.795075 0.830131 0.824128 0.952837 0.994386 0.804925 0.795238 0.992855 0.982175 0.937715 0.965560 0.896184 0.936715 0.986547 0.935447 0.933123 0.893117 0.719901 0.800305 0.916014 0.929823 0.873214 0.882986 0.934238 0.906225 0.891946 0.896300 0.801750 0.743489 0.946183 0.982864 0.952297 0.951134 0.861102 0.824802 0.863891 0.807018 0.943008 0.910775 0.742998 0.747086 0.915336 0.800468 0.892357 0.944550 0.966087 0.848282 0.942948 0.980641 0.831766 0.936328
0.805068 0.909729 0.984447 0.937641 0.573466 0.901241 0.885314 0.826427 0.669080 0.968390 0.603350 0.700202 0.987803 0.980988 0.536024 0.802533 0.977574 0.956132 0.880822 0.985582 0.822472 0.979920 0.000000 0.434344 0.952099 0.976346 0.882866 0.822180 0.878611 0.798078 0.573464 0.557335 0.870569 0.870077 0.971398 0.924764 0.894276 0.879958 0.832455 0.838426 0.839052 0.817496 0.784022 0.783562 0.975331 0.947724 0.864024 0.876038 0.994031 0.856014 0.867008 0.763477 0.666571 0.587495 0.933661 0.870053 0.986638 0.986779 0.693287 0.819996 0.951205 0.857999 0.953892 0.925634 0.666756 0.972464 0.888520 0.903760 0.773890 0.761054 0.912889 0.977865 0.620006 0.755663 0.884752 0.995618 0.851112 0.855714 0.939925 0.993131 0.925006 0.785509 0.577223 0.749448 0.446750 0.556337 0.682350 0.481280 0.970800 0.962935 0.951028 0.820185 0.971308 0.982816 0.978211 0.963026 0.930412 0.757804 0.879311 0.920951 0.749565 0.947463 0.641607 0.814773 0.918694 0.894266 0.978705 0.940592 0.920395 0.947809 0.987644 0.924207 0.986692 0.976807 0.992754 0.776882
0.648766 0.908370 0.963455 0.952431 0.687049 0.939033 0.941832 0.790366 0.851266 0.818002 0.572133 0.769510 0.949215 0.876097 0.643736 0.702694 0.804679 0.818866 0.905195 0.937747 0.783146 0.964682 0.434344 0.000000 0.919232 0.993078 0.763044 0.915186 0.998101 0.944995 0.709668 0.558426 0.986776 0.783874 0.951733 0.915739 0.814205 0.923904 0.904688 0.881115 0.757448 0.864975 0.875742 0.877198 0.899318 0.850379 0.813066 0.853097 0.809179 0.942335 0.873083 0.773427 0.766163 0.631848 0.944389 0.841045 0.832269 0.874253 0.610005 0.886023 0.885283 0.836233 0.798846 0.681462 0.730500 0.856346 0.866108 0.955025 0.748519 0.742772 0.875102 0.949715 0.565421 0.661565 0.951333 0.891870 0.989210 0.934033 0.965548 0.883850 0.805950 0.928421 0.822965 0.912301 0.721448 0.705818 0.792183 0.650346 0.927701 0.875255 0.974391 0.829829 0.973771 0.927193 0.980529 0.874190 0.942595 0.814037 0.823333 0.909347 0.834796 0.940514 0.618041 0.766872 0.898553 0.880722 0.858333 0.983440 0.977934 0.941401 0.988914 0.813667 0.985766 0.951365 0.944604 0.925653
0.883298 0.814557 0.684637 0.729665 0.876363 0.956816 0.985264 0.841827 0.973388 0.578627 0.845460 0.738754 0.838781 0.882958 0.968109 0.855632 0.952051 0.958970 0.917102 0.979519 0.750830 0.906112 0.952099 0.919232 0.000000 0.418117 0.846526 0.654212 0.709575 0.695773 0.838724 0.977618 0.837062 0.852979 0.860476 0.792543 0.730793 0.692276 0.804173 0.860706 0.895183 0.782321 0.613382 0.614039 0.920223 0.897488 0.798267 0.893225 0.865091 0.682976 0.607605 0.595492 0.717050 0.679820 0.929119 0.837402 0.679621 0.803849 0.830183 0.881750 0.780412 0.713711 0.721899 0.666489 0.584946 0.848601 0.793436 0.813638 0.907049 0.846279 0.757323 0.813929 0.905807 0.927273 0.996171 0.954371 0.796202 0.820888 0.840750 0.780480 0.982866 0.987355 0.992728 0.970056 0.854610 0.778847 0.918888 0.994576 0.735953 0.737180 0.853649 0.705998 0.785334 0.628979 0.900714 0.749743 0.805355 0.791582 0.990139 0.823855 0.944686 0.805771 0.990189 0.895459 0.827462 0.829108 0.896105 0.697018 0.935404 0.921991 0.875441 0.937068 0.865824 0.995848 0.719127 0.742531
0.812361 0.746203 0.695151 0.698557 0.749411 0.871771 0.968397 0.937135 0.954921 0.661057 0.930959 0.788794 0.855262 0.982282 0.946027 0.879799 0.975927 0.973909 0.978831 0.984421 0.746500 0.831344 0.976346 0.993078 0.418117 0.000000 0.895883 0.655416 0.748360 0.703786 0.798968 0.943913 0.845569 0.929337 0.827616 0.819410 0.682905 0.671907 0.772677 0.867356 0.846461 0.758417 0.615533 0.625305 0.968103 0.926337 0.847451 0.828190 0.851353 0.739127 0.653930 0.681037 0.776247 0.690560 0.862870 0.792356 0.735125 0.804575 0.818690 0.825038 0.833655 0.815943 0.750676 0.750225 0.601926 0.838575 0.788033 0.805953 0.836767 0.854242 0.724728 0.819951 0.908417 0.908383 0.986618 0.954425 0.695946 0.702732 0.808963 0.756134 0.976976 0.998892 0.963371 0.996207 0.949090 0.816949 0.979266 0.918794 0.760209 0.685996 0.809991 0.696666 0.733820 0.602104 0.843953 0.806888 0.816560 0.718133 0.899306 0.790069 0.958998 0.719218 0.820984 0.808487 0.898049 0.733880 0.890193 0.698374 0.826055 0.889516 0.928106 0.806901 0.879684 0.974443 0.675980 0.734213
0.953762 0.955446 0.891170 0.902199 0.943754 0.819504 0.940907 0.945983 0.937032 0.879457 0.866156 0.936779 0.968989 0.895365 0.855107 0.897522 0.996998 0.911416 0.943003 0.986513 0.987252 0.869601 0.882866 0.763044 0.846526 0.895883 0.000000 0.837063 0.878444 0.945358 0.981815 0.835727 0.987013 0.880898 0.918400 0.947514 0.983711 0.947631 0.985398 0.984530 0.999272 0.977675 0.846006 0.930309 0.731733 0.727534 0.983404 0.928305 0.802977 0.887148 0.984638 0.901226 0.904816 0.910770 0.833505 0.830808 0.978983 0.956288 0.982890 0.903576 0.959844 0.984657 0.942291 0.873757 0.802236 0.831979 0.969394 0.989133 0.859910 0.928085 0.943806 0.951762 0.831009 0.887818 0.967198 0.926264 0.917377 0.995501 0.975241 0.875134 0.946216 0.918740 0.995876 0.961129 0.957582 0.823733 0.988489 0.970464 0.931653 0.847787 0.849995 0.948396 0.910532 0.989529 0.911523 0.945846 0.947981 0.937787 0.918021 0.877323 0.942550 0.902817 0.925508 0.942052 0.718983 0.904301 0.978123 0.950707 0.910649 0.958382 0.931539 0.949314 0.940636 0.849798 0.829417 0.969676
0.765354 0.738835 0.813406 0.843115 0.655545 0.763580 0.931330 0.936178 0.984977 0.755144 0.983398 0.944082 0.996684 0.967757 0.973079 0.966808 0.977454 0.948625 0.984512 0.939034 0.807773 0.700844 0.822180 0.915186 0.654212 0.655416 0.837063 0.000000 0.922558 0.827226 0.908089 0.903491 0.933717 0.992562 0.926673 0.970414 0.788637 0.733186 0.961350 0.875557 0.823494 0.959480 0.819033 0.831084 0.868017 0.920919 0.829312 0.963626 0.956938 0.952915 0.877695 0.860200 0.858690 0.933208 0.950207 0.819173 0.735247 0.857887 0.777720 0.813408 0.898481 0.921862 0.898950 0.874541 0.797931 0.844310 0.885736 0.958588 0.730764 0.908860 0.868432 0.895139 0.982569 0.799665 0.966558 0.905153 0.920735 0.829962 0.870021 0.815582 0.965085 0.996693 0.825124 0.930958 0.937231 0.959234 0.994004 0.820159 0.905087 0.736636 0.972205 0.960899 0.898175 0.814995 0.924980 0.920590 0.892850 0.782913 0.953765 0.889231 0.942242 0.864582 0.804756 0.836158 0.799666 0.744616 0.937308 0.771461 0.847121 0.946993 0.960273 0.918088 0.932221 0.966635 0.765702 0.790664
0.872478 0.980430 0.932151 0.819480 0.817282 0.872905 0.878891 0.867676 0.884178 0.699268 0.838728 0.828052 0.797971 0.854023 0.734058 0.887432 0.712043 0.675824 0.739929 0.858711 0.797114 0.825575 0.878611 0.998101 0.709575 0.748360 0.878444 0.922558 0.000000 0.453122 0.949609 0.783827 0.872185 0.749800 0.930798 0.978850 0.896582 0.723947 0.874735 0.809286 0.923680 0.972753 0.714085 0.794291 0.924944 0.973464 0.957172 0.952262 0.946301 0.762053 0.619174 0.671575 0.941270 0.831013 0.974201 0.865799 0.932627 0.990360 0.885090 0.827591 0.704284 0.712771 0.578004 0.622857 0.872444 0.933500 0.808271 0.811916 0.914064 0.949872 0.786263 0.784380 0.954077 0.847897 0.979185 0.984188 0.918151 0.965397 0.901902 0.942911 0.714046 0.712594 0.712077 0.666407 0.836459 0.918118 0.892688 0.801922 0.989870 0.961756 0.803674 0.617579 0.711677 0.572812 0.979075 0.980105 0.768965 0.837733 0.954970 0.932248 0.850405 0.626442 0.923264 0.890379 0.834274 0.844105 0.878842 0.699797 0.964219 0.995740 0.999168 0.983842 0.900032 0.949506 0.908882 0.718676
0.848646 0.912276 0.858915 0.867900 0.782617 0.925470 0.859391 0.772393 0.928181 0.675737 0.865927 0.707450 0.780995 0.821655 0.756176 0.792665 0.702294 0.619463 0.722311 0.853146 0.738882 0.808815 0.798078 0.944995 0.695773 0.703786 0.945358 0.827226 0.453122 0.000000 0.835755 0.789940 0.819266 0.678031 0.996684 0.863403 0.936422 0.779092 0.949774 0.933945 0.985448 0.892855 0.799000 0.811137 0.979964 0.946624 0.888393 0.955270 0.899458 0.860418 0.787675 0.754265 0.934547 0.873266 0.827850 0.917764 0.884838 0.907889 0.961570 0.908557 0.674430 0.670949 0.526057 0.554087 0.884866 0.982592 0.860938 0.918354 0.852826 0.910766 0.876603 0.910466 0.881609 0.846698 0.880388 0.991883 0.854392 0.989613 0.852464 0.987359 0.691397 0.624606 0.670687 0.604609 0.783784 0.891823 0.839734 0.823240 0.938934 0.944673 0.760839 0.601603 0.709618 0.544839 0.873666 0.888282 0.837582 0.815347 0.941347 0.904867 0.837039 0.683700 0.837236 0.923033 0.888934 0.963620 0.808902 0.766152 0.878781 0.977047 0.999164 0.961427 0.951530 0.950925 0.914515 0.739869
0.907178 0.924885 0.869363 0.885702 0.898203 0.977314 0.821677 0.982460 0.876552 0.925216 0.807930 0.794136 0.941697 0.987304 0.768151 0.951873 0.997148 0.839235 0.797398 0.804052 0.946976 0.994570 0.573464 0.709668 0.838724 0.798968 0.981815 0.908089 0.949609 0.835755 0.000000 0.679540 0.678237 0.940889 0.835835 0.812050 0.984485 0.762461 0.980829 0.980709 0.940992 0.903569 0.938267 0.953125 0.830071 0.788773 0.893176 0.788185 0.734726 0.672030 0.724809 0.689287 0.792475 0.694258 0.979481 0.925687 0.812212 0.810572 0.957510 0.887387 0.940485 0.948527 0.906174 0.975013 0.773614 0.914562 0.877028 0.804252 0.823077 0.873436 0.710774 0.909302 0.795385 0.818472 0.834747 0.995929 0.995704 0.996600 0.856491 0.929439 0.841582 0.783360 0.775373 0.782711 0.603457 0.728286 0.846096 0.763673 0.957382 0.884462 0.875992 0.840210 0.854231 0.911367 0.919039 0.974530 0.910372 0.953970 0.816530 0.778363 0.876340 0.953044 0.877932 0.914213 0.920352 0.871928 0.982387 0.891338 0.930281 0.980229 0.839519 0.994885 0.970953 0.925932 0.872015 0.851195
0.820596 0.904517 0.950619 0.863922 0.812090 0.850887 0.968689 0.866845 0.931143 0.999542 0.735669 0.824862 0.978283 0.860142 0.668442 0.745779 0.885234 0.976325 0.847291 0.984719 0.881453 0.878974 0.557335 0.558426 0.977618 0.943913 0.835727 0.903491 0.783827 0.789940 0.679540 0.000000 0.921187 0.970595 0.941049 0.734667 0.773129 0.873002 0.942361 0.915867 0.796967 0.909839 0.909386 0.907539 0.986582 0.933791 0.952774 0.991988 0.928902 0.963330 0.980255 0.935485 0.807101 0.801682 0.915431 0.924218 0.952681 0.906492 0.652723 0.836857 0.951282 0.874239 0.982921 0.870852 0.896715 0.968384 0.864396 0.992693 0.779794 0.726477 0.975739 0.977940 0.732624 0.714080 0.883453 0.864775 0.964758 0.954392 0.967952 0.932106 0.901676 0.948199 0.740937 0.944529 0.709646 0.815572 0.787022 0.624468 0.853589 0.977187 0.850206 0.982823 0.824949 0.944318 0.886737 0.986251 0.837407 0.774292 0.855589 0.990006 0.923143 0.843964 0.685097 0.813697 0.981761 0.836446 0.981545 0.939015 0.932484 0.859078 0.891968 0.823618 0.965403 0.895823 0.970027 0.803008
0.558694 0.659528 0.561004 0.651714 0.982688 0.945830 0.502646 0.644144 0.834509 0.721168 0.788225 0.870367 0.902832 0.933386 0.991486 0.909557 0.646882 0.576064 0.643534 0.723219 0.853931 0.999700 0.870569 0.986776 0.837062 0.845569 0.987013 0.933717 0.872185 0.819266 0.678237 0.921187 0.000000 0.606422 0.668984 0.860301 0.863681 0.901894 0.945198 0.921902 0.748916 0.827359 0.765833 0.721847 0.629806 0.558433 0.730843 0.683810 0.801108 0.835586 0.878906 0.928813 0.977014 0.950326 0.770355 0.817032 0.608148 0.721923 0.676389 0.805766 0.575224 0.713631 0.680006 0.707792 0.724897 0.711750 0.599527 0.614731 0.903080 0.827360 0.862644 0.978197 0.891186 0.890853 0.988274 0.870706 0.826455 0.892557 0.711041 0.876767 0.562232 0.586414 0.952253 0.745254 0.635694 0.669584 0.894079 0.995541 0.851229 0.761476 0.670816 0.848154 0.690919 0.879427 0.800874 0.724958 0.618259 0.848263 0.595899 0.678348 0.882904 0.966036 0.801019 0.698114 0.952425 0.689567 0.875022 0.790366 0.887611 0.832188 0.837438 0.707359 0.762379 0.836956 0.956706 0.953429
0.582779 0.796850 0.709214 0.662085 0.969809 0.996326 0.534525 0.421304 0.996538 0.555338 0.535052 0.579874 0.776754 0.923453 0.756320 0.907425 0.726970 0.612652 0.667829 0.733524 0.953316 0.987595 0.870077 0.783874 0.852979 0.929337 0.880898 0.992562 0.749800 0.678031 0.940889 0.970595 0.606422 0.000000 0.717520 0.821040 0.960710 0.956822 0.838825 0.725155 0.785556 0.951472 0.831967 0.873569 0.803019 0.686167 0.735792 0.704350 0.951185 0.822429 0.830071 0.732333 0.653386 0.647517 0.727160 0.690946 0.892784 0.954586 0.770011 0.769611 0.494938 0.455485 0.586957 0.539472 0.966570 0.677439 0.610651 0.585411 0.971930 0.755642 0.985568 0.938871 0.990648 0.993488 0.982581 0.923168 0.930550 0.839058 0.779846 0.900838 0.632899 0.628344 0.900246 0.813778 0.886272 0.853429 0.896377 0.806413 0.958639 0.830889 0.784551 0.898823 0.797040 0.921361 0.805698 0.867860 0.796447 0.955493 0.540111 0.740833 0.836535 0.938497 0.765801 0.785343 0.980972 0.795128 0.773756 0.947319 0.918749 0.901061 0.800518 0.746770 0.832875 0.892939 0.859028 0.873215
0.627960 0.779596 0.624313 0.615055 0.996126 0.902752 0.630927 0.726382 0.933481 0.859589 0.763938 0.878378 0.977038 0.992185 0.865019 0.738193 0.727427 0.692352 0.723023 0.677382 0.772765 0.895033 0.971398 0.951733 0.860476 0.827616 0.918400 0.926673 0.930798 0.996684 0.835835 0.941049 0.668984 0.717520 0.000000 0.921011 0.805691 0.822696 0.927194 0.843298 0.815394 0.803974 0.783623 0.811136 0.795567 0.713528 0.764223 0.723006 0.863096 0.853285 0.802398 0.837992 0.990753 0.924468 0.806247 0.662141 0.741562 0.793888 0.737123 0.772042 0.727684 0.829943 0.791783 0.768517 0.738790 0.778986 0.662862 0.706923 0.788717 0.723793 0.808782 0.827257 0.890905 0.973997 0.937211 0.946205 0.976154 0.970396 0.681016 0.965597 0.616585 0.626102 0.988149 0.726628 0.724023 0.670463 0.836232 0.924201 0.990107 0.659254 0.683248 0.717001 0.671330 0.788060 0.843220 0.731704 0.626248 0.750895 0.687115 0.662114 0.968428 0.879253 0.720991 0.725949 0.957954 0.721182 0.994022 0.670637 0.773385 0.968886 0.830870 0.876955 0.981446 0.920018 0.908609 0.936369
0.941236 0.945012 0.851722 0.852586 0.946706 0.978828 0.880743 0.894456 0.881018 0.893131 0.962378 0.961833 0.917179 0.987017 0.940070 0.962562 0.946583 0.858781 0.899362 0.996793 0.970560 0.950715 0.924764 0.915739 0.792543 0.819410 0.947514 0.970414 0.978850 0.863403 0.812050 0.734667 0.860301 0.821040 0.921011 0.000000 0.852545 0.971861 0.930203 0.785494 0.977823 0.881959 0.836057 0.908278 0.884003 0.933660 0.865390 0.794881 0.906477 0.996155 0.939585 0.982486 0.969709 0.929628 0.859363 0.871582 0.916566 0.943656 0.979566 0.966710 0.963457 0.986019 0.965985 0.973663 0.767702 0.844369 0.859355 0.745423 0.821271 0.932549 0.863351 0.859614 0.966749 0.962398 0.935183 0.959079 0.888300 0.898691 0.887503 0.891290 0.910053 0.874835 0.995124 0.973939 0.860938 0.840919 0.937786 0.966735 0.972520 0.848388 0.987101 0.996937 0.938562 0.922375 0.798541 0.995566 0.968323 0.964031 0.875745 0.908702 0.966548 0.935978 0.897741 0.930714 0.969323 0.858897 0.804735 0.992659 0.930605 0.999233 0.982919 0.961865 0.915687 0.969872 0.896775 0.954389
0.754347 0.779462 0.792419 0.870978 0.911716 0.990695 0.978632 0.982901 0.992894 0.828580 0.860996 0.973822 0.885127 0.856213 0.941172 0.879402 0.718210 0.795776 0.994585 0.783326 0.771479 0.911576 0.894276 0.814205 0.730793 0.682905 0.983711 0.788637 0.896582 0.936422 0.984485 0.773129 0.863681 0.960710 0.805691 0.852545 0.000000 0.688405 0.929625 0.871819 0.806131 0.774582 0.901906 0.882369 0.941710 0.940813 0.845525 0.894043 0.861168 0.832646 0.769799 0.753495 0.855999 0.871179 0.728798 0.772547 0.650893 0.648952 0.635930 0.737193 0.963984 0.972146 0.990921 0.948836 0.798494 0.939766 0.838764 0.851928 0.787036 0.788696 0.888543 0.943459 0.968807 0.916858 0.902953 0.831575 0.997708 0.857749 0.669863 0.862260 0.823511 0.904988 0.966574 0.841247 0.932136 0.900738 0.969657 0.878962 0.779100 0.641545 0.908390 0.976517 0.892297 0.862316 0.908059 0.909056 0.761468 0.882540 0.905958 0.907368 0.989661 0.805802 0.716313 0.894928 0.835745 0.667197 0.985771 0.790504 0.991046 0.859595 0.936215 0.869246 0.935518 0.949018 0.718826 0.864390
0.873848 0.878975 0.861262 0.898707 0.696639 0.947894 0.923562 0.873854 0.836278 0.782731 0.976374 0.785139 0.770836 0.843214 0.802371 0.832091 0.950256 0.950865 0.853374 0.897478 0.814225 0.849816 0.879958 0.923904 0.692276 0.671907 0.947631 0.733186 0.723947 0.779092 0.762461 0.873002 0.901894 0.956822 0.822696 0.971861 0.688405 0.000000 0.948988 0.900980 0.804544 0.727242 0.804084 0.812658 0.976017 0.880017 0.891036 0.877727 0.770122 0.669290 0.591670 0.628243 0.896135 0.855041 0.849809 0.856754 0.784668 0.836226 0.699625 0.698045 0.741140 0.801991 0.786541 0.828622 0.963747 0.990750 0.786113 0.776271 0.856960 0.920542 0.734764 0.790543 0.956910 0.990701 0.877743 0.940016 0.956463 0.887272 0.959932 0.892715 0.935374 0.894758 0.865565 0.953736 0.951344 0.921919 0.929609 0.939656 0.936696 0.839603 0.879383 0.765641 0.765903 0.717222 0.995039 0.959077 0.788045 0.813865 0.882031 0.804293 0.914321 0.789952 0.819359 0.762014 0.791016 0.677598 0.840189 0.659571 0.998882 0.875728 0.943199 0.986424 0.904386 0.856108 0.811054 0.762095
