0.000000 0.239201 0.809807 0.580190 0.906160 0.841331 0.757661 0.586838 0.894754 0.927857 0.340572 0.286841 0.489012 0.577468 0.597607 0.526937 0.308702 0.361170 0.443723 0.383877 0.690580 0.942955 0.764150 0.702284 0.800827 0.935174 0.843429 0.864142 0.509299 0.532652 0.917183 0.970542 0.498259 0.509996 0.907982 0.728319 0.629649 0.659033 0.725252 0.644540 0.628413 0.689774 0.717864 0.674765 0.769652 0.621428 0.390601 0.395267 0.459306 0.462191 0.725328 0.670293 0.981215 0.663420 0.499121 0.509504 0.277997 0.280742 0.301520 0.383149 0.368508 0.414391 0.419456 0.333772 0.631010 0.484811 0.737212 0.793148 0.374369 0.446631 0.846437 0.814804 0.733293 0.699480 0.699791 0.859395 0.741424 0.791502 0.483538 0.507641 0.285570 0.303343 0.626136 0.384027 0.500624 0.536629 0.895273 0.975740 0.626817 0.533860 0.992836 0.900340 0.956976 0.884215 0.663032 0.843856 0.813138 0.844353 0.723357 0.750306 0.984573 0.928420 0.802516 0.749384 0.610849 0.592962 0.953016 0.978971 0.824310 0.900010 0.928057 0.588308 0.823723 0.900260 0.779909 0.970448
0.239201 0.000000 0.743778 0.514155 0.949706 0.829638 0.725244 0.567831 0.811517 0.929719 0.341458 0.283515 0.525674 0.556397 0.605191 0.473711 0.316819 0.357431 0.466028 0.355837 0.641104 0.843663 0.746747 0.639206 0.754017 0.846909 0.848062 0.786498 0.425491 0.518620 0.804328 0.868145 0.438217 0.437232 0.970644 0.700375 0.593004 0.637618 0.662401 0.625135 0.632084 0.648784 0.634800 0.574423 0.715345 0.574438 0.406635 0.390753 0.442739 0.434282 0.601973 0.600993 0.856888 0.774903 0.547999 0.583162 0.239945 0.250877 0.336056 0.396607 0.388150 0.412643 0.454999 0.362207 0.595232 0.484003 0.689405 0.712831 0.352785 0.425761 0.744030 0.699051 0.652791 0.630058 0.710864 0.906037 0.673966 0.710975 0.440321 0.452921 0.324277 0.359448 0.599938 0.412161 0.541343 0.550216 0.953923 0.995404 0.665175 0.570334 0.990588 0.959074 0.935467 0.909405 0.635028 0.818881 0.872122 0.851705 0.715492 0.729704 0.970031 0.918742 0.793592 0.788998 0.589229 0.584440 0.946396 0.922249 0.858252 0.959683 0.912433 0.590328 0.857725 0.867257 0.812533 0.992943
0.809807 0.743778 0.000000 0.358505 0.959888 0.817053 0.537065 0.526845 0.667114 0.910072 0.789782 0.766468 0.676931 0.765694 0.788249 0.662216 0.993350 0.974746 0.619968 0.760802 0.626108 0.913831 0.699229 0.760805 0.484546 0.425699 0.984839 0.907685 0.856259 0.950529 0.622046 0.675025 0.622581 0.691408 0.920155 0.876189 0.637048 0.618868 0.543708 0.696454 0.908862 0.924770 0.668896 0.732704 0.841076 0.797276 0.664543 0.806171 0.882875 0.765337 0.670305 0.685757 0.870825 0.907508 0.822548 0.902130 0.873027 0.882036 0.842270 0.765385 0.661125 0.664550 0.897874 0.943757 0.500326 0.478942 0.641969 0.613709 0.734818 0.636326 0.726004 0.678230 0.671623 0.616095 0.971014 0.864080 0.631706 0.735411 0.639059 0.868510 0.939877 0.884304 0.988853 0.921907 0.807491 0.796789 0.937320 0.920940 0.968388 0.895517 0.690042 0.652703 0.625686 0.663910 0.853101 0.963439 0.767421 0.814611 0.846509 0.822568 0.968160 0.790986 0.994813 0.897806 0.685959 0.896416 0.944676 0.799249 0.935377 0.902942 0.956616 0.875346 0.744347 0.975589 0.774944 0.899334
0.580190 0.514155 0.358505 0.000000 0.879719 0.768858 0.554732 0.430441 0.674238 0.918974 0.568269 0.522536 0.539890 0.492363 0.601119 0.500320 0.784677 0.724810 0.509599 0.540936 0.550642 0.885136 0.570831 0.571626 0.520289 0.441090 0.885908 0.847516 0.673431 0.749310 0.621159 0.663452 0.475313 0.559382 0.906556 0.813525 0.545936 0.561863 0.502032 0.674032 0.824499 0.881791 0.640509 0.628211 0.779002 0.721175 0.590838 0.707427 0.693808 0.529801 0.568637 0.564473 0.744763 0.938856 0.693067 0.749231 0.651085 0.646488 0.715621 0.657335 0.549076 0.549979 0.855623 0.793303 0.418376 0.384916 0.658486 0.679877 0.534823 0.399170 0.675397 0.642629 0.784951 0.667553 0.867110 0.830140 0.672276 0.712771 0.454153 0.690719 0.724797 0.650584 0.834788 0.701481 0.634935 0.589868 0.929098 0.987096 0.816124 0.713029 0.763719 0.723984 0.641704 0.704676 0.690796 0.840852 0.832202 0.920399 0.787130 0.817751 0.921382 0.817948 0.916388 0.989284 0.597719 0.706328 0.927820 0.938366 0.999633 0.951185 0.794362 0.869658 0.795836 0.942613 0.686464 0.902976
0.906160 0.949706 0.959888 0.879719 0.000000 0.985982 0.982198 0.947849 0.898296 0.939244 0.945896 0.868265 0.683061 0.855994 0.685601 0.812379 0.979426 0.985679 0.935616 0.994889 0.963024 0.778682 0.849658 0.843547 0.999535 0.768026 0.816721 0.874545 0.986070 0.888840 0.886561 0.867317 0.976966 0.927869 0.807312 0.943030 0.839064 0.942630 0.900883 0.943935 0.980333 0.844778 0.894837 0.873454 0.988380 0.978024 0.938407 0.946961 0.955754 0.979252 0.922224 0.978644 0.946332 0.985404 0.934735 0.987999 0.990091 0.976200 0.953043 0.949537 0.830145 0.858767 0.945524 0.929272 0.948867 0.917702 0.933178 0.814730 0.957534 0.954692 0.835195 0.852570 0.791197 0.944262 0.976935 0.909224 0.928129 0.915154 0.872285 0.917506 0.932075 0.998230 0.999957 0.926526 0.921047 0.892880 0.724566 0.880318 0.816872 0.924540 0.977722 0.904711 0.959315 0.988565 0.874794 0.921541 0.958831 0.991442 0.964427 0.941194 0.837456 0.884464 0.929326 0.981707 0.973116 0.974312 0.963414 0.929439 0.962171 0.952469 0.992894 0.932111 0.847193 0.993799 0.976172 0.910006
0.841331 0.829638 0.817053 0.768858 0.985982 0.000000 0.663383 0.560672 0.701663 0.630432 0.898177 0.707607 0.807340 0.814857 0.987285 0.668683 0.836065 0.947371 0.704432 0.793278 0.797885 0.999867 0.991269 0.962669 0.933303 0.838062 0.646448 0.911641 0.825039 0.812918 0.802277 0.700491 0.713311 0.730223 0.880572 0.799368 0.963747 0.933003 0.924548 0.893002 0.924501 0.874725 0.760238 0.909563 0.968245 0.913545 0.966388 0.897152 0.949262 0.945428 0.994044 0.992132 0.987259 0.930431 0.874620 0.932843 0.969739 0.939200 0.925779 0.976744 0.793663 0.674542 0.861561 0.951422 0.910933 0.706293 0.913284 0.780505 0.965470 0.867741 0.510311 0.550797 0.611863 0.653159 0.942320 0.873400 0.619760 0.726665 0.884096 0.866840 0.967661 0.936034 0.779265 0.891512 0.809542 0.883898 0.791893 0.714509 0.797376 0.767674 0.528396 0.572335 0.550113 0.640336 0.810455 0.864503 0.724156 0.787222 0.520249 0.673134 0.716120 0.813250 0.705150 0.861626 0.826576 0.931712 0.987186 0.889748 0.868339 0.954971 0.915445 0.722443 0.706107 0.895360 0.900974 0.872460
0.757661 0.725244 0.537065 0.554732 0.982198 0.663383 0.000000 0.325231 0.369714 0.504040 0.656761 0.693979 0.756595 0.822055 0.701097 0.475277 0.667185 0.641975 0.366045 0.598465 0.705265 0.927649 0.582398 0.775563 0.906887 0.783349 0.755537 0.839388 0.551169 0.503021 0.318184 0.350087 0.324637 0.335330 0.968688 0.996717 0.856631 0.779665 0.822922 0.937472 0.964245 0.929872 0.387634 0.466954 0.376325 0.517722 0.775984 0.780731 0.718260 0.809446 0.630652 0.679102 0.629573 0.634677 0.906567 0.887352 0.666939 0.934918 0.856026 0.923272 0.521789 0.810208 0.802736 0.794892 0.797743 0.817379 0.343561 0.468033 0.885690 0.857279 0.500478 0.437552 0.488366 0.475109 0.986732 0.804615 0.508872 0.474324 0.622921 0.676157 0.806756 0.874263 0.830312 0.966736 0.914347 0.928126 0.883584 0.911477 0.868818 0.961094 0.522388 0.535740 0.585017 0.639423 0.676124 0.636216 0.636604 0.643746 0.420370 0.416703 0.774447 0.497382 0.614550 0.768028 0.588559 0.840678 0.832367 0.792078 0.758637 0.966466 0.854384 0.659228 0.426886 0.878312 0.691389 0.982657
0.586838 0.567831 0.526845 0.430441 0.947849 0.560672 0.325231 0.000000 0.431922 0.446281 0.542231 0.454275 0.638930 0.620545 0.709832 0.478347 0.602599 0.606395 0.361097 0.446140 0.727283 0.951266 0.711834 0.820631 0.815134 0.719519 0.758364 0.894176 0.521705 0.523092 0.479404 0.517315 0.376682 0.341004 0.988230 0.866765 0.724988 0.727677 0.751270 0.784455 0.822863 0.804649 0.450713 0.557982 0.513062 0.613259 0.695090 0.723500 0.719263 0.732940 0.651298 0.681622 0.782443 0.829262 0.847299 0.746988 0.618957 0.797407 0.706649 0.841685 0.443889 0.476379 0.813575 0.722301 0.746940 0.572140 0.477568 0.543772 0.747622 0.727448 0.395291 0.354610 0.528023 0.455431 0.819692 0.803949 0.439960 0.519537 0.514646 0.672517 0.722435 0.823088 0.973420 0.906102 0.924255 0.917398 0.767050 0.754356 0.961479 0.920512 0.459632 0.500946 0.439742 0.610509 0.697200 0.675283 0.524040 0.658214 0.379940 0.402006 0.662716 0.591819 0.529875 0.684819 0.511126 0.702099 0.896616 0.807059 0.792935 0.983953 0.948563 0.624905 0.501145 0.803631 0.641517 0.950478
0.894754 0.811517 0.667114 0.674238 0.898296 0.701663 0.369714 0.431922 0.000000 0.430434 0.748635 0.709300 0.852863 0.885625 0.832410 0.593874 0.763045 0.718569 0.552405 0.648745 0.760123 0.976346 0.760957 0.962932 0.986168 0.712454 0.754169 0.829645 0.574766 0.618441 0.380156 0.425869 0.491773 0.478794 0.952805 0.965286 0.813258 0.905625 0.766292 0.883254 0.999882 0.808371 0.449953 0.519315 0.477312 0.639103 0.930093 0.889164 0.815884 0.858201 0.653192 0.701861 0.633415 0.588959 0.884368 0.975533 0.751741 0.941595 0.946931 0.780434 0.712829 0.819443 0.891765 0.864401 0.906211 0.931767 0.558226 0.664319 0.959853 0.922581 0.451647 0.438460 0.576976 0.565432 0.931846 0.775719 0.498023 0.465509 0.701832 0.711930 0.936478 0.918634 0.927138 0.929979 0.890304 0.901926 0.696439 0.800056 0.732414 0.854797 0.455444 0.467404 0.535570 0.520613 0.759259 0.777938 0.740201 0.671196 0.496242 0.441595 0.656979 0.472585 0.608222 0.739734 0.711713 0.971158 0.853637 0.780955 0.845365 0.922447 0.862637 0.651091 0.630029 0.959277 0.764614 0.979262
0.927857 0.929719 0.910072 0.918974 0.939244 0.630432 0.504040 0.446281 0.430434 0.000000 0.786765 0.711834 0.921152 0.912468 0.965212 0.711932 0.717502 0.716716 0.610681 0.627645 0.944288 0.845207 0.983834 0.809949 0.779873 0.997498 0.659378 0.684045 0.568668 0.571944 0.589767 0.608964 0.655168 0.541883 0.959825 0.964185 0.927568 0.971163 0.891767 0.992296 0.959816 0.852053 0.630053 0.760646 0.579961 0.788433 0.906040 0.953243 0.968243 0.878857 0.954851 0.995520 0.881328 0.697493 0.768849 0.957934 0.877470 0.881193 0.920472 0.724019 0.728270 0.775047 0.895916 0.860621 0.788151 0.970236 0.669128 0.765074 0.898665 0.861637 0.395413 0.407830 0.582440 0.537050 0.941643 0.783933 0.550670 0.503340 0.798166 0.877828 0.983868 0.800822 0.854308 0.749750 0.641605 0.643148 0.661112 0.618131 0.734827 0.779018 0.359518 0.420480 0.451965 0.517966 0.910451 0.674630 0.654625 0.674506 0.332772 0.384911 0.566259 0.497017 0.420717 0.572745 0.729604 0.876923 0.930599 0.838042 0.740764 0.929076 0.672530 0.609299 0.537367 0.955898 0.819706 0.953494
0.340572 0.341458 0.789782 0.568269 0.945896 0.898177 0.656761 0.542231 0.748635 0.786765 0.000000 0.332766 0.614253 0.582694 0.649888 0.564559 0.304242 0.258260 0.399872 0.375020 0.750681 0.984130 0.824090 0.705284 0.965320 0.966279 0.878303 0.938345 0.354103 0.334151 0.746848 0.799000 0.456893 0.409962 0.953148 0.718915 0.682124 0.687016 0.700237 0.765114 0.648644 0.703121 0.700447 0.651870 0.714147 0.638903 0.559072 0.571435 0.622224 0.642821 0.735573 0.790131 0.932325 0.793350 0.642775 0.704596 0.314267 0.341765 0.469506 0.544056 0.356526 0.504046 0.343147 0.282854 0.793712 0.588409 0.682425 0.722045 0.485130 0.514043 0.794844 0.689887 0.621109 0.639600 0.779341 0.769630 0.716906 0.767046 0.409948 0.468099 0.375515 0.389386 0.659469 0.498318 0.717528 0.681193 0.993878 0.984130 0.775514 0.627468 0.977179 0.965492 0.968234 0.949656 0.634951 0.803703 0.867586 0.794794 0.741930 0.792266 0.999248 0.915517 0.742410 0.657759 0.648007 0.672007 0.820876 0.924482 0.917677 0.901869 0.953089 0.636468 0.765829 0.978716 0.729890 0.948096
0.286841 0.283515 0.766468 0.522536 0.868265 0.707607 0.693979 0.454275 0.709300 0.711834 0.332766 0.000000 0.414902 0.420744 0.529878 0.392693 0.330827 0.389560 0.434216 0.349954 0.713264 0.944566 0.760386 0.682063 0.872272 0.879268 0.897772 0.935062 0.398853 0.455567 0.807926 0.828335 0.453736 0.449028 0.944377 0.715951 0.629263 0.708164 0.726134 0.674807 0.687506 0.655710 0.657508 0.650484 0.707761 0.610199 0.464338 0.509826 0.504812 0.495149 0.653146 0.636885 0.854306 0.859022 0.625294 0.629571 0.364475 0.385181 0.461050 0.502024 0.326931 0.308089 0.483448 0.382964 0.689357 0.453523 0.779013 0.807872 0.483216 0.529109 0.654145 0.625234 0.685264 0.618576 0.679585 0.829004 0.617347 0.669856 0.459354 0.503134 0.389363 0.471318 0.717031 0.508032 0.692037 0.627265 0.926879 0.853566 0.667818 0.642759 0.781253 0.867565 0.753608 0.938717 0.700669 0.780650 0.781773 0.832565 0.624515 0.654790 0.885816 0.883420 0.661924 0.642586 0.583114 0.616580 0.874785 0.942199 0.820310 0.972910 0.954095 0.585076 0.827547 0.895470 0.737864 0.995722
0.489012 0.525674 0.676931 0.539890 0.683061 0.807340 0.756595 0.638930 0.852863 0.921152 0.614253 0.414902 0.000000 0.352790 0.303031 0.341518 0.713194 0.770400 0.561025 0.566505 0.845089 0.977711 0.449221 0.446899 0.725321 0.866482 0.721662 0.897877 0.688394 0.763373 0.976402 0.950956 0.586533 0.681722 0.904352 0.771692 0.747507 0.799979 0.732335 0.767741 0.980920 0.793838 0.848543 0.847398 0.824870 0.720620 0.524184 0.626493 0.501923 0.464896 0.626798 0.540128 0.764560 0.951028 0.702321 0.594736 0.656535 0.605927 0.647905 0.585715 0.419820 0.458747 0.744815 0.709305 0.433453 0.440015 0.952354 0.968398 0.671448 0.553134 0.951241 0.936620 0.975133 0.907941 0.752323 0.833408 0.648932 0.787892 0.670039 0.670713 0.645983 0.580285 0.669503 0.530254 0.510691 0.453665 0.885756 0.876709 0.559211 0.632789 0.867497 0.891352 0.842493 0.880722 0.834114 0.856159 0.910099 0.876232 0.779180 0.775224 0.902294 0.881390 0.955273 0.970863 0.774470 0.751044 0.902868 0.968852 0.903293 0.992141 0.865931 0.767681 0.787639 0.932565 0.696829 0.979094
0.577468 0.556397 0.765694 0.492363 0.855994 0.814857 0.822055 0.620545 0.885625 0.912468 0.582694 0.420744 0.352790 0.000000 0.351576 0.368736 0.724385 0.693648 0.570283 0.511207 0.870920 0.961911 0.503437 0.442770 0.825670 0.857933 0.749328 0.850087 0.628872 0.693591 0.949174 0.902407 0.596391 0.738867 0.853287 0.676707 0.745918 0.774668 0.793468 0.747473 0.870279 0.917539 0.874572 0.821841 0.862672 0.769482 0.678517 0.727926 0.616304 0.501682 0.653844 0.577717 0.734879 0.927328 0.723527 0.732092 0.684841 0.605214 0.771307 0.685834 0.568913 0.535379 0.759835 0.690069 0.558153 0.488587 0.896985 0.881995 0.711969 0.603413 0.896731 0.865195 0.956685 0.946271 0.879168 0.856731 0.736242 0.894505 0.591039 0.697173 0.707260 0.630751 0.676751 0.580031 0.649578 0.536631 0.966360 0.862257 0.634643 0.578614 0.916697 0.951401 0.858962 0.904902 0.862567 0.847077 0.987602 0.960656 0.859850 0.902061 0.974905 0.934085 0.880289 0.923341 0.849323 0.796991 0.896950 0.901327 0.959788 0.970851 0.796609 0.899487 0.941151 0.999793 0.726132 0.983230
0.597607 0.605191 0.788249 0.601119 0.685601 0.987285 0.701097 0.709832 0.832410 0.965212 0.649888 0.529878 0.303031 0.351576 0.000000 0.316558 0.733668 0.684912 0.561679 0.589162 0.839734 0.981772 0.289748 0.336911 0.771252 0.904874 0.614785 0.880693 0.645652 0.636470 0.805170 0.856491 0.533145 0.703058 0.938959 0.844737 0.783176 0.819206 0.783654 0.889322 0.992458 0.903076 0.788245 0.695612 0.654266 0.565771 0.627135 0.638699 0.439716 0.402211 0.529237 0.453830 0.552978 0.789298 0.629165 0.675009 0.615149 0.635495 0.754579 0.778440 0.487684 0.664489 0.633032 0.624449 0.451612 0.643645 0.904988 0.960863 0.718931 0.604013 0.949073 0.980136 0.902143 0.987756 0.846611 0.865926 0.791644 0.777564 0.742861 0.639662 0.598567 0.571829 0.501984 0.528259 0.465077 0.427270 0.815760 0.723968 0.603942 0.584291 0.988990 0.958539 0.994862 0.976821 0.814308 0.837281 0.983682 0.962714 0.843245 0.795626 0.855902 0.822444 0.962403 0.932828 0.804643 0.904278 0.977092 0.941688 0.897919 0.952235 0.882784 0.868622 0.817469 0.945499 0.723771 0.991735
0.526937 0.473711 0.662216 0.500320 0.812379 0.668683 0.475277 0.478347 0.593874 0.711932 0.564559 0.392693 0.341518 0.368736 0.316558 0.000000 0.575918 0.587566 0.411022 0.434700 0.706235 0.918140 0.391934 0.449385 0.825243 0.813124 0.904848 0.968064 0.547119 0.536859 0.591914 0.607870 0.357517 0.474119 0.910195 0.799112 0.709742 0.699268 0.728767 0.741438 0.876789 0.794144 0.533602 0.523178 0.556116 0.526831 0.600701 0.628394 0.495220 0.497096 0.465204 0.438298 0.533700 0.735862 0.720466 0.698381 0.509694 0.638679 0.718642 0.828967 0.411769 0.523924 0.705132 0.633831 0.539722 0.554983 0.761204 0.813150 0.685486 0.685519 0.680047 0.627469 0.773455 0.685894 0.858722 0.772998 0.555763 0.591961 0.558410 0.534692 0.603606 0.650749 0.602956 0.626438 0.645633 0.582172 0.987744 0.980717 0.748560 0.766109 0.691953 0.753379 0.735716 0.802489 0.686924 0.700489 0.872150 0.852469 0.592115 0.580223 0.914999 0.686989 0.732666 0.833807 0.668796 0.782617 0.942649 0.900096 0.771218 0.910675 0.991812 0.636537 0.625562 0.885011 0.627503 0.929974
0.308702 0.316819 0.993350 0.784677 0.979426 0.836065 0.667185 0.602599 0.763045 0.717502 0.304242 0.330827 0.713194 0.724385 0.733668 0.575918 0.000000 0.212862 0.438759 0.394044 0.770122 0.941796 0.930914 0.857590 0.883864 0.898683 0.992654 0.978979 0.327249 0.320112 0.774387 0.821949 0.492568 0.407650 0.928837 0.747621 0.735529 0.775522 0.872584 0.814808 0.638524 0.640190 0.645625 0.599109 0.651865 0.602610 0.578331 0.503678 0.562305 0.682087 0.808454 0.832790 0.967052 0.754368 0.677674 0.716339 0.253588 0.352069 0.421409 0.621473 0.408056 0.552659 0.297766 0.239727 0.952501 0.743650 0.652674 0.712692 0.520783 0.685198 0.709666 0.631253 0.543473 0.581116 0.795945 0.873491 0.732123 0.719860 0.474794 0.460237 0.327236 0.425645 0.611933 0.547365 0.772175 0.800372 0.991598 0.916503 0.815871 0.741793 0.937574 0.951140 0.967375 0.884727 0.655715 0.770902 0.814147 0.766690 0.621769 0.644978 0.900787 0.971419 0.661758 0.562690 0.666286 0.590601 0.964025 0.958602 0.740436 0.977577 0.894236 0.524488 0.782294 0.870889 0.862509 0.941132
0.361170 0.357431 0.974746 0.724810 0.985679 0.947371 0.641975 0.606395 0.718569 0.716716 0.258260 0.389560 0.770400 0.693648 0.684912 0.587566 0.212862 0.000000 0.420622 0.387265 0.745706 0.993378 0.850173 0.796089 0.898586 0.930670 0.907323 0.994285 0.300937 0.260676 0.717460 0.764918 0.451667 0.380960 0.998218 0.801702 0.716989 0.743998 0.856226 0.838107 0.613431 0.656247 0.651850 0.574068 0.600917 0.552632 0.614547 0.528088 0.580338 0.673039 0.772285 0.807234 0.876553 0.796555 0.692054 0.781509 0.254739 0.343439 0.486241 0.678350 0.413794 0.612938 0.254909 0.211799 0.897400 0.768690 0.624659 0.685521 0.510908 0.610627 0.763240 0.656114 0.607687 0.626817 0.851101 0.858956 0.811442 0.704935 0.470203 0.441267 0.339715 0.433736 0.557897 0.526753 0.745678 0.774751 0.983793 0.976076 0.872115 0.696055 0.977155 0.907104 0.974649 0.875963 0.626738 0.751783 0.886789 0.842518 0.674576 0.690470 0.925480 0.943826 0.698619 0.585304 0.645500 0.650912 0.913244 0.942516 0.845303 0.980098 0.926533 0.584894 0.799689 0.928228 0.789623 0.966875
0.443723 0.466028 0.619968 0.509599 0.935616 0.704432 0.366045 0.361097 0.552405 0.610681 0.399872 0.434216 0.561025 0.570283 0.561679 0.411022 0.438759 0.420622 0.000000 0.376352 0.754200 0.997060 0.595006 0.707255 0.968705 0.878584 0.938046 0.929559 0.373724 0.371211 0.560694 0.570111 0.369356 0.329944 0.878122 0.850151 0.803279 0.781209 0.749928 0.864964 0.832074 0.835158 0.601092 0.643171 0.551652 0.591634 0.609309 0.631339 0.636280 0.679801 0.743390 0.726768 0.836760 0.952754 0.786752 0.758412 0.493724 0.625929 0.611171 0.753042 0.361535 0.601487 0.587795 0.545672 0.757766 0.615596 0.536960 0.688062 0.687540 0.671276 0.610023 0.528997 0.576117 0.517687 0.875139 0.801696 0.560742 0.577461 0.477729 0.577581 0.580414 0.597694 0.761683 0.679961 0.774899 0.792520 0.890546 0.974631 0.943959 0.852880 0.701110 0.797050 0.717947 0.829062 0.625255 0.675608 0.752309 0.777939 0.540180 0.505003 0.919266 0.709288 0.692994 0.724019 0.658387 0.747550 0.982116 0.944520 0.795409 0.906433 0.973020 0.604475 0.624050 0.936160 0.661389 0.966033
0.383877 0.355837 0.760802 0.540936 0.994889 0.793278 0.598465 0.446140 0.648745 0.627645 0.375020 0.349954 0.566505 0.511207 0.589162 0.434700 0.394044 0.387265 0.376352 0.000000 0.721056 0.996642 0.698249 0.735130 0.907461 0.895912 0.983929 0.955836 0.390378 0.453611 0.718308 0.758562 0.482796 0.404808 0.906725 0.728681 0.674277 0.739338 0.741564 0.800733 0.755980 0.758381 0.650341 0.635246 0.673384 0.662173 0.664947 0.625440 0.645511 0.635696 0.764418 0.736287 0.864010 0.960170 0.787911 0.733004 0.401466 0.510392 0.645834 0.732220 0.453783 0.520093 0.563465 0.482302 0.756099 0.635617 0.743592 0.852052 0.597829 0.594740 0.582248 0.548982 0.655828 0.604620 0.888147 0.891334 0.626545 0.678833 0.518249 0.617109 0.573421 0.624067 0.724222 0.690872 0.796059 0.832086 0.930570 0.933790 0.893350 0.724887 0.755365 0.813991 0.744751 0.842525 0.728261 0.736686 0.829043 0.807226 0.571983 0.543714 0.861202 0.839215 0.728113 0.723180 0.634356 0.658794 0.968178 0.993586 0.816172 0.933810 0.955676 0.514953 0.694684 0.970386 0.785382 0.943322
0.690580 0.641104 0.626108 0.550642 0.963024 0.797885 0.705265 0.727283 0.760123 0.944288 0.750681 0.713264 0.845089 0.870920 0.839734 0.706235 0.770122 0.745706 0.754200 0.721056 0.000000 0.904572 0.812287 0.842914 0.788017 0.696431 0.893417 0.829210 0.805151 0.769608 0.668192 0.832227 0.674419 0.716550 0.921068 0.912598 0.594796 0.797959 0.645957 0.699371 0.857781 0.745951 0.662073 0.639988 0.801935 0.815319 0.662967 0.721831 0.797446 0.794246 0.807604 0.759757 0.833964 0.986475 0.867762 0.966277 0.689239 0.731385 0.726614 0.796870 0.728024 0.726211 0.897329 0.810551 0.730436 0.704736 0.663641 0.603570 0.679266 0.666111 0.751967 0.764329 0.684835 0.662645 0.794856 0.833644 0.841222 0.706825 0.707930 0.668521 0.744615 0.775614 0.910739 0.849287 0.826225 0.770906 0.968153 0.918571 0.978316 0.910838 0.828254 0.844557 0.841235 0.846028 0.775942 0.952216 0.858011 0.937032 0.796971 0.785453 0.793360 0.895628 0.838878 0.812212 0.632598 0.763287 0.927327 0.963995 0.813083 0.953933 0.962458 0.870240 0.844168 0.864847 0.877931 0.909385
0.942955 0.843663 0.913831 0.885136 0.778682 0.999867 0.927649 0.951266 0.976346 0.845207 0.984130 0.944566 0.977711 0.961911 0.981772 0.918140 0.941796 0.993378 0.997060 0.996642 0.904572 0.000000 0.916247 0.871093 0.780486 0.825315 0.986644 0.946574 0.955482 0.896042 0.835119 0.782958 0.888979 0.881064 0.911167 0.947588 0.720392 0.790319 0.953305 0.847513 0.890687 0.941630 0.753175 0.792982 0.848554 0.837908 0.857463 0.754735 0.905478 0.870473 0.828382 0.819320 0.847893 0.908744 0.941967 0.948326 0.844405 0.922258 0.901454 0.988449 0.944740 0.930718 0.949711 0.989322 0.863173 0.988233 0.844416 0.877511 0.968378 0.939153 0.830216 0.935956 0.883022 0.920530 0.811779 0.986701 0.934299 0.964002 0.988852 0.770681 0.906448 0.916778 0.931113 0.917792 0.867741 0.883540 0.955349 0.960435 0.988011 0.940191 0.989206 0.922626 0.928156 0.989451 0.932226 0.966798 0.923809 0.983723 0.951864 0.922297 0.839790 0.970140 0.882517 0.836406 0.876699 0.948271 0.959956 0.958227 0.837615 0.916386 0.935435 0.931998 0.976508 0.811525 0.963147 0.965623
0.764150 0.746747 0.699229 0.570831 0.849658 0.991269 0.582398 0.711834 0.760957 0.983834 0.824090 0.760386 0.449221 0.503437 0.289748 0.391934 0.930914 0.850173 0.595006 0.698249 0.812287 0.916247 0.000000 0.330889 0.719773 0.788604 0.670023 0.799541 0.774758 0.798274 0.724026 0.756486 0.526152 0.708641 0.983851 0.986306 0.855894 0.870478 0.801866 0.907622 0.929679 0.927673 0.688744 0.638322 0.536686 0.503480 0.701091 0.676109 0.492858 0.445573 0.491091 0.391574 0.427819 0.594497 0.712070 0.711210 0.764596 0.829111 0.910149 0.938272 0.653495 0.888196 0.836450 0.857491 0.407461 0.763534 0.779089 0.928231 0.831455 0.657795 0.957298 0.979827 0.877143 0.952613 0.867677 0.904424 0.763165 0.748130 0.818898 0.753047 0.782231 0.722888 0.565575 0.653790 0.447445 0.445350 0.847552 0.702912 0.709768 0.665123 0.916063 0.922768 0.944302 0.947127 0.861022 0.775563 0.961809 0.947289 0.813140 0.727365 0.894183 0.759211 0.995439 0.962453 0.768046 0.938803 0.893833 0.953132 0.861660 0.946834 0.865900 0.891257 0.679142 0.996922 0.689180 0.987621
0.702284 0.639206 0.760805 0.571626 0.843547 0.962669 0.775563 0.820631 0.962932 0.809949 0.705284 0.682063 0.446899 0.442770 0.336911 0.449385 0.857590 0.796089 0.707255 0.735130 0.842914 0.871093 0.330889 0.000000 0.686560 0.836432 0.632904 0.766725 0.809776 0.791034 0.908503 0.878085 0.627286 0.769624 0.984923 0.835829 0.763854 0.834700 0.750889 0.889288 0.944762 0.939491 0.760982 0.641647 0.699775 0.570596 0.646701 0.659513 0.502058 0.399148 0.453311 0.392140 0.486105 0.745934 0.656903 0.701535 0.690728 0.645701 0.794450 0.758595 0.680837 0.813453 0.758421 0.751441 0.452922 0.669617 0.890800 0.984745 0.768291 0.621940 0.865672 0.917979 0.881435 0.867977 0.870898 0.986871 0.823259 0.900516 0.754446 0.628216 0.648946 0.571903 0.523159 0.490407 0.430506 0.340926 0.817730 0.608223 0.605238 0.551034 0.886157 0.889703 0.882920 0.875820 0.808971 0.872870 0.853798 0.985583 0.992243 0.949544 0.763069 0.932472 0.908559 0.932228 0.863445 0.922707 0.985717 0.934110 0.919390 0.936586 0.734675 0.954096 0.860415 0.969874 0.746114 0.937409
0.800827 0.754017 0.484546 0.520289 0.999535 0.933303 0.906887 0.815134 0.986168 0.779873 0.965320 0.872272 0.725321 0.825670 0.771252 0.825243 0.883864 0.898586 0.968705 0.907461 0.788017 0.780486 0.719773 0.686560 0.000000 0.501570 0.823327 0.817351 0.918806 0.768212 0.900462 0.959343 0.782560 0.920825 0.972419 0.896486 0.654792 0.685632 0.684864 0.709341 0.841072 0.997303 0.793502 0.795319 0.953918 0.840219 0.666318 0.716169 0.744598 0.586339 0.632047 0.631564 0.868756 0.992077 0.647895 0.753569 0.853465 0.815036 0.825027 0.685888 0.846779 0.750928 0.873200 0.935666 0.388544 0.557356 0.852128 0.827435 0.627269 0.551594 0.966109 0.997568 0.931814 0.932462 0.697944 0.961123 0.846040 0.867989 0.875561 0.885989 0.852804 0.822209 0.934120 0.784432 0.550419 0.611905 0.878186 0.974444 0.755708 0.725627 0.959934 0.899363 0.821609 0.844643 0.931444 0.962741 0.868729 0.992482 0.983568 0.951522 0.952031 0.935293 0.884493 0.826806 0.615257 0.890858 0.940721 0.884963 0.907588 0.842065 0.853705 0.889587 0.913766 0.893099 0.883080 0.979728
0.935174 0.846909 0.425699 0.441090 0.768026 0.838062 0.783349 0.719519 0.712454 0.997498 0.966279 0.879268 0.866482 0.857933 0.904874 0.813124 0.898683 0.930670 0.878584 0.895912 0.696431 0.825315 0.788604 0.836432 0.501570 0.000000 0.969802 0.833148 0.978015 0.904148 0.745980 0.757967 0.737913 0.885623 0.781810 0.956707 0.628206 0.748953 0.636346 0.687991 0.957543 0.962968 0.728177 0.777304 0.945575 0.920992 0.808432 0.899202 0.947217 0.737241 0.660298 0.703627 0.842349 0.904486 0.902094 0.960152 0.978614 0.975221 0.967061 0.913343 0.908080 0.795638 0.817659 0.847603 0.580490 0.615151 0.820482 0.758653 0.753868 0.693446 0.735441 0.746458 0.852236 0.776731 0.914144 0.866758 0.735276 0.789737 0.835312 0.919833 0.979658 0.999669 0.966233 0.985669 0.859457 0.835955 0.829341 0.921784 0.929431 0.920737 0.718703 0.682597 0.651025 0.706748 0.780376 0.953804 0.793473 0.880161 0.935580 0.926798 0.903211 0.932797 0.998374 0.924537 0.658956 0.914762 0.901614 0.745651 0.922497 0.870895 0.858522 0.946841 0.913826 0.973342 0.791419 0.928400
0.843429 0.848062 0.984839 0.885908 0.816721 0.646448 0.755537 0.758364 0.754169 0.659378 0.878303 0.897772 0.721662 0.749328 0.614785 0.904848 0.992654 0.907323 0.938046 0.983929 0.893417 0.986644 0.670023 0.632904 0.823327 0.969802 0.000000 0.662118 0.971068 0.984224 0.839158 0.767353 0.988623 0.860510 0.868938 0.980059 0.842081 0.852652 0.959749 0.913281 0.942157 0.931674 0.887821 0.998035 0.954852 0.872215 0.840875 0.798223 0.700410 0.638988 0.795450 0.726621 0.708696 0.987114 0.668253 0.887688 0.856761 0.705926 0.899145 0.763865 0.942867 0.998925 0.800439 0.810450 0.598652 0.891375 0.831019 0.789674 0.793376 0.632785 0.602018 0.622151 0.664945 0.715484 0.857904 0.950835 0.845209 0.898302 0.943701 0.787546 0.760179 0.672366 0.618598 0.630565 0.527506 0.512901 0.706298 0.668321 0.554779 0.674072 0.662865 0.669093 0.684248 0.746441 0.965867 0.877987 0.703312 0.689046 0.666822 0.697932 0.656756 0.757108 0.695014 0.891707 0.965547 0.933752 0.861419 0.811657 0.827919 0.972092 0.852285 0.832316 0.761471 0.978519 0.910188 0.887879
0.864142 0.786498 0.907685 0.847516 0.874545 0.911641 0.839388 0.894176 0.829645 0.684045 0.938345 0.935062 0.897877 0.850087 0.880693 0.968064 0.978979 0.994285 0.929559 0.955836 0.829210 0.946574 0.799541 0.766725 0.817351 0.833148 0.662118 0.000000 0.983149 0.885687 0.856703 0.770825 0.989622 0.899628 0.832327 0.854694 0.912784 0.984932 0.849652 0.760382 0.925810 0.989395 0.966920 0.905263 0.952848 0.943144 0.842797 0.765723 0.811841 0.714212 0.851915 0.761907 0.895386 0.917192 0.756084 0.778413 0.908856 0.766441 0.869418 0.788031 0.925230 0.990999 0.947756 0.930026 0.702960 0.863988 0.888150 0.999214 0.751929 0.760225 0.843326 0.844111 0.845809 0.847375 0.863840 0.782412 0.941021 0.910415 0.840896 0.983391 0.922432 0.753553 0.849887 0.780228 0.657450 0.639173 0.789760 0.830766 0.768707 0.649987 0.724562 0.838187 0.783027 0.859453 0.881841 0.790291 0.732466 0.901552 0.822137 0.829121 0.693467 0.736964 0.688000 0.786917 0.982015 0.992314 0.929974 0.936127 0.927639 0.962968 0.795365 0.979936 0.852158 0.994854 0.838953 0.964802
0.509299 0.425491 0.856259 0.673431 0.986070 0.825039 0.551169 0.521705 0.574766 0.568668 0.354103 0.398853 0.688394 0.628872 0.645652 0.547119 0.327249 0.300937 0.373724 0.390378 0.805151 0.955482 0.774758 0.809776 0.918806 0.978015 0.971068 0.983149 0.000000 0.308352 0.662342 0.700473 0.426890 0.342457 0.991838 0.838950 0.796599 0.880494 0.867303 0.931215 0.781601 0.700667 0.696593 0.679046 0.573875 0.615858 0.693559 0.668216 0.617165 0.712607 0.774841 0.848813 0.847338 0.994640 0.833737 0.828382 0.425659 0.531805 0.637147 0.783495 0.420301 0.654534 0.390762 0.383240 0.916728 0.794845 0.619598 0.755959 0.648206 0.682189 0.673796 0.561503 0.564159 0.615636 0.878306 0.856624 0.674991 0.624218 0.526369 0.548474 0.505443 0.584547 0.657370 0.660107 0.853160 0.856779 0.908263 0.933343 0.917863 0.809908 0.824329 0.885744 0.823038 0.928215 0.722488 0.729647 0.875345 0.750513 0.594129 0.624433 0.912911 0.810676 0.652775 0.567060 0.705667 0.674412 0.888898 0.955272 0.804083 0.996517 0.978299 0.604355 0.768035 0.960995 0.881958 0.913151
0.532652 0.518620 0.950529 0.749310 0.888840 0.812918 0.503021 0.523092 0.618441 0.571944 0.334151 0.455567 0.763373 0.693591 0.636470 0.536859 0.320112 0.260676 0.371211 0.453611 0.769608 0.896042 0.798274 0.791034 0.768212 0.904148 0.984224 0.885687 0.308352 0.000000 0.602399 0.641532 0.446936 0.393437 0.974889 0.843865 0.829949 0.859263 0.923632 0.941186 0.758690 0.707519 0.663168 0.581899 0.532520 0.568481 0.738678 0.715871 0.669520 0.784337 0.782463 0.831347 0.804941 0.986845 0.767423 0.850701 0.429967 0.556274 0.608662 0.839993 0.402088 0.665930 0.344156 0.336880 0.974388 0.834223 0.556287 0.669470 0.702009 0.787715 0.699850 0.588051 0.557630 0.605668 0.940105 0.809250 0.749982 0.632589 0.540596 0.497189 0.474210 0.575496 0.659103 0.666308 0.905464 0.862989 0.918310 0.944302 0.956382 0.854523 0.845105 0.964257 0.921110 0.993492 0.626953 0.704388 0.787290 0.793774 0.598991 0.596465 0.931313 0.760788 0.599803 0.546912 0.707589 0.712171 0.968838 0.997658 0.851010 0.978612 0.932849 0.599181 0.701629 0.958355 0.736862 0.960507
0.917183 0.804328 0.622046 0.621159 0.886561 0.802277 0.318184 0.479404 0.380156 0.589767 0.746848 0.807926 0.976402 0.949174 0.805170 0.591914 0.774387 0.717460 0.560694 0.718308 0.668192 0.835119 0.724026 0.908503 0.900462 0.745980 0.839158 0.856703 0.662342 0.602399 0.000000 0.339317 0.443991 0.475902 0.959373 0.948178 0.814060 0.690836 0.820453 0.889850 0.918589 0.894133 0.406996 0.423342 0.443956 0.576755 0.911780 0.901310 0.799936 0.851227 0.573621 0.683464 0.570162 0.563738 0.896104 0.971499 0.691335 0.994306 0.976917 0.794675 0.714518 0.890862 0.878318 0.832706 0.870509 0.943247 0.452570 0.520454 0.903247 0.916116 0.486922 0.453427 0.563419 0.529259 0.990692 0.787588 0.627541 0.461999 0.658839 0.674268 0.844402 0.977999 0.895968 0.927862 0.961309 0.985117 0.810711 0.803337 0.789297 0.827783 0.584316 0.551081 0.615866 0.639034 0.723374 0.794738 0.741837 0.846410 0.563462 0.578031 0.746324 0.489484 0.637298 0.799712 0.648421 0.965961 0.820953 0.813613 0.829161 0.883502 0.824154 0.835596 0.597119 0.882306 0.781367 0.948834
0.970542 0.868145 0.675025 0.663452 0.867317 0.700491 0.350087 0.517315 0.425869 0.608964 0.799000 0.828335 0.950956 0.902407 0.856491 0.607870 0.821949 0.764918 0.570111 0.758562 0.832227 0.782958 0.756486 0.878085 0.959343 0.757967 0.767353 0.770825 0.700473 0.641532 0.339317 0.000000 0.561218 0.536795 0.994588 0.963739 0.877632 0.828999 0.912447 0.978383 0.939410 0.981334 0.507401 0.563430 0.545600 0.698931 0.903545 0.987756 0.896299 0.928675 0.667213 0.753075 0.652550 0.596596 0.970457 0.951573 0.796646 0.925496 0.926428 0.753576 0.750520 0.979237 0.916261 0.917120 0.936124 0.950828 0.512074 0.600033 0.993635 0.934203 0.496920 0.520373 0.599239 0.615673 0.955149 0.847471 0.673750 0.598842 0.724956 0.701281 0.972511 0.982949 0.941156 0.927171 0.894679 0.946167 0.718795 0.990946 0.747496 0.762307 0.582988 0.557688 0.605796 0.680512 0.676930 0.795233 0.796832 0.874664 0.628471 0.610641 0.765886 0.541929 0.656594 0.813043 0.641773 0.960755 0.906803 0.897061 0.927267 0.935953 0.815562 0.836933 0.651710 0.917920 0.764567 0.932628
0.498259 0.438217 0.622581 0.475313 0.976966 0.713311 0.324637 0.376682 0.491773 0.655168 0.456893 0.453736 0.586533 0.596391 0.533145 0.357517 0.492568 0.451667 0.369356 0.482796 0.674419 0.888979 0.526152 0.627286 0.782560 0.737913 0.988623 0.989622 0.426890 0.446936 0.443991 0.561218 0.000000 0.308519 0.942405 0.895432 0.750572 0.660758 0.781833 0.774871 0.730218 0.762067 0.391999 0.422777 0.429708 0.447735 0.594094 0.577433 0.494879 0.533756 0.468323 0.525925 0.592886 0.816504 0.691775 0.713008 0.418124 0.581496 0.599095 0.766454 0.378167 0.554365 0.608451 0.561882 0.605101 0.573163 0.479621 0.515287 0.602459 0.637406 0.589313 0.512304 0.598956 0.508634 0.784168 0.779621 0.556306 0.517426 0.542496 0.527717 0.525232 0.597752 0.626763 0.653942 0.656628 0.647356 0.987569 0.961844 0.856319 0.755754 0.686001 0.744231 0.712399 0.825499 0.602591 0.619933 0.685723 0.630139 0.470379 0.574543 0.828676 0.713800 0.606678 0.771595 0.498706 0.723153 0.925798 0.832825 0.829741 0.951867 0.992616 0.629014 0.556407 0.887731 0.657715 0.962546
0.509996 0.437232 0.691408 0.559382 0.927869 0.730223 0.335330 0.341004 0.478794 0.541883 0.409962 0.449028 0.681722 0.738867 0.703058 0.474119 0.407650 0.380960 0.329944 0.404808 0.716550 0.881064 0.708641 0.769624 0.920825 0.885623 0.860510 0.899628 0.342457 0.393437 0.475902 0.536795 0.308519 0.000000 0.992742 0.916519 0.719234 0.750286 0.763344 0.834940 0.771671 0.757822 0.474346 0.525488 0.432864 0.507123 0.650520 0.621444 0.627308 0.749974 0.660857 0.746663 0.754302 0.895887 0.890280 0.779250 0.417553 0.599501 0.611089 0.796592 0.382469 0.598562 0.554299 0.509264 0.805700 0.720403 0.430762 0.537338 0.694338 0.689117 0.487805 0.428441 0.453416 0.434200 0.747411 0.862877 0.540854 0.512343 0.505414 0.525761 0.563374 0.669584 0.777036 0.742779 0.847871 0.866437 0.781992 0.839746 0.980057 0.917249 0.652599 0.685091 0.684439 0.796133 0.625992 0.586122 0.704643 0.707969 0.426257 0.436666 0.802326 0.678387 0.582344 0.652251 0.563131 0.662832 0.932031 0.825364 0.774944 0.950852 0.921505 0.527909 0.550031 0.776160 0.690582 0.921200
0.907982 0.970644 0.920155 0.906556 0.807312 0.880572 0.968688 0.988230 0.952805 0.959825 0.953148 0.944377 0.904352 0.853287 0.938959 0.910195 0.928837 0.998218 0.878122 0.906725 0.921068 0.911167 0.983851 0.984923 0.972419 0.781810 0.868938 0.832327 0.991838 0.974889 0.959373 0.994588 0.942405 0.992742 0.000000 0.815137 0.942771 0.811400 0.961436 0.934280 0.888655 0.915053 0.818227 0.848784 0.831021 0.791147 0.926160 0.916683 0.918321 0.980320 0.829747 0.908415 0.839230 0.908383 0.990780 0.991302 0.981441 0.955166 0.996747 0.981296 0.984307 0.995257 0.962264 0.985466 0.909540 0.971703 0.822544 0.770324 0.890797 0.949237 0.957619 0.934758 0.965966 0.999673 0.959843 0.999188 0.984118 0.866913 0.980580 0.881676 0.998294 0.975353 0.978008 0.928114 0.978431 0.958787 0.988105 0.933592 0.972986 0.850340 0.998723 0.996302 0.952741 0.937694 0.868056 0.820236 0.922632 0.973397 0.987953 0.994330 0.793218 0.945293 0.987603 0.964811 0.850937 0.948767 0.998860 0.830553 0.936193 0.849101 0.988109 0.972584 0.869427 0.973473 0.836148 0.955363
0.728319 0.700375 0.876189 0.813525 0.943030 0.799368 0.996717 0.866765 0.965286 0.964185 0.718915 0.715951 0.771692 0.676707 0.844737 0.799112 0.747621 0.801702 0.850151 0.728681 0.912598 0.947588 0.986306 0.835829 0.896486 0.956707 0.980059 0.854694 0.838950 0.843865 0.948178 0.963739 0.895432 0.916519 0.815137 0.000000 0.787835 0.998475 0.944200 0.874760 0.707039 0.881282 0.993246 0.936176 0.805556 0.918174 0.852457 0.916087 0.938629 0.857321 0.974028 0.941838 0.922594 0.811812 0.817862 0.862881 0.728146 0.705494 0.814306 0.712065 0.825805 0.738208 0.835769 0.787392 0.887438 0.685396 0.881003 0.958968 0.801447 0.886668 0.921505 0.930012 0.752864 0.940248 0.982341 0.931442 0.779209 0.960765 0.767747 0.855429 0.868157 0.765518 0.855916 0.745992 0.929757 0.882239 0.955210 0.948480 0.944090 0.789217 0.964947 0.979161 0.991321 0.964969 0.915893 0.942474 0.932660 0.952840 0.990985 0.955721 0.879695 0.794717 0.903002 0.900235 0.947300 0.907928 0.984225 0.952232 0.948595 0.840544 0.980700 0.889691 0.906144 0.990488 0.917292 0.895327
0.629649 0.593004 0.637048 0.545936 0.839064 0.963747 0.856631 0.724988 0.813258 0.927568 0.682124 0.629263 0.747507 0.745918 0.783176 0.709742 0.735529 0.716989 0.803279 0.674277 0.594796 0.720392 0.855894 0.763854 0.654792 0.628206 0.842081 0.912784 0.796599 0.829949 0.814060 0.877632 0.750572 0.719234 0.942771 0.787835 0.000000 0.557513 0.700848 0.557712 0.696980 0.774468 0.702862 0.619728 0.844608 0.740175 0.674916 0.715190 0.710883 0.689295 0.705977 0.695715 0.880223 0.954753 0.797662 0.846754 0.611825 0.624921 0.711847 0.734860 0.724301 0.664036 0.787712 0.707129 0.643937 0.646355 0.798820 0.808337 0.607552 0.583564 0.750285 0.784431 0.750042 0.778547 0.952265 0.892181 0.837856 0.769052 0.692218 0.647516 0.634208 0.694690 0.809519 0.707852 0.782963 0.778019 0.820504 0.832253 0.883145 0.785740 0.873878 0.892877 0.825647 0.887232 0.802377 0.879223 0.987143 0.951850 0.849229 0.875214 0.861475 0.996004 0.897436 0.871097 0.803599 0.834097 0.901809 0.990793 0.953108 0.961161 0.961464 0.838654 0.991222 0.897168 0.838598 0.927508
0.659033 0.637618 0.618868 0.561863 0.942630 0.933003 0.779665 0.727677 0.905625 0.971163 0.687016 0.708164 0.799979 0.774668 0.819206 0.699268 0.775522 0.743998 0.781209 0.739338 0.797959 0.790319 0.870478 0.834700 0.685632 0.748953 0.852652 0.984932 0.880494 0.859263 0.690836 0.828999 0.660758 0.750286 0.811400 0.998475 0.557513 0.000000 0.769967 0.658483 0.787304 0.818908 0.695779 0.637919 0.800113 0.688981 0.733468 0.695178 0.738955 0.708890 0.624611 0.671848 0.846524 0.998894 0.691013 0.879992 0.613720 0.643971 0.710078 0.764668 0.729404 0.702840 0.833444 0.755642 0.640827 0.652174 0.779807 0.807439 0.525638 0.585226 0.819932 0.767775 0.863486 0.632692 0.854247 0.734800 0.857052 0.832138 0.582340 0.730937 0.683747 0.719714 0.747809 0.762857 0.771233 0.749786 0.911361 0.891342 0.759009 0.734106 0.951887 0.952169 0.870039 0.886022 0.771544 0.924006 0.946243 0.967219 0.916009 0.987186 0.890461 0.885561 0.886745 0.979098 0.800392 0.777130 0.948312 0.905277 0.950099 0.918623 0.991504 0.880231 0.844690 0.914040 0.654577 0.977423
