0.000000 0.116402 0.236501 0.323599 0.755024 0.633504 0.622601 0.486938 0.527781 0.613211 0.309965 0.218276 0.259730 0.303526 0.480079 0.555403 0.200251 0.177571 0.206758 0.159640 0.428967 0.960074 0.491926 0.355449 0.231028 0.461955 0.371557 0.851035 0.385501 0.363590 0.706637 0.572938 0.290196 0.390682 0.694709 0.930452 0.504620 0.545531 0.754076 0.658288 0.536889 0.639843 0.969479 0.756831 0.836884 0.931299 0.507972 0.587292 0.839462 0.659415 0.786679 0.700961 0.995740 0.704589 0.302295 0.427341 0.119907 0.122099 0.333463 0.276216 0.283283 0.416858 0.188049 0.211023 0.215244 0.330337 0.572061 0.674128 0.228772 0.266013 0.757186 0.536275 0.973517 0.900887 0.730475 0.970782 0.959803 0.934498 0.423639 0.367475 0.204403 0.234869 0.275093 0.187096 0.157751 0.161006 0.732368 0.439305 0.441524 0.221693 0.295081 0.360024 0.336194 0.349012 0.964352 0.901944 0.930185 0.882825 0.769452 0.877399 0.670586 0.651384 0.986056 0.774356 0.771278 0.790045 0.901073 0.830151 0.693432 0.713569 0.771395 0.986962 0.820680 0.997457 0.649894 0.571494
0.116402 0.000000 0.235000 0.301261 0.831393 0.653787 0.587195 0.439835 0.544698 0.662723 0.366449 0.216964 0.292731 0.309512 0.471283 0.519939 0.190707 0.179699 0.208517 0.171134 0.459063 0.993837 0.429473 0.326015 0.255476 0.479774 0.381216 0.882590 0.367087 0.337698 0.619417 0.539017 0.271506 0.337736 0.657548 0.865676 0.491017 0.522462 0.698249 0.703969 0.577062 0.630696 0.898080 0.691933 0.908375 0.857083 0.454092 0.533617 0.772532 0.599212 0.706079 0.619039 0.919585 0.792045 0.298567 0.388571 0.114106 0.115299 0.304908 0.268025 0.280336 0.383012 0.190920 0.189214 0.235988 0.333566 0.521009 0.619908 0.259921 0.250257 0.822718 0.577040 0.911402 0.949087 0.707783 0.928773 0.959082 0.947702 0.385477 0.335479 0.181977 0.259822 0.276802 0.199720 0.180954 0.169876 0.729044 0.448938 0.473840 0.220865 0.292028 0.355287 0.335746 0.327135 0.996408 0.912890 0.950372 0.912826 0.800687 0.931581 0.657137 0.666616 0.966900 0.819925 0.749328 0.747667 0.836511 0.814288 0.742697 0.697533 0.751913 0.974482 0.876998 0.984442 0.621818 0.606354
0.236501 0.235000 0.000000 0.223489 0.887628 0.794602 0.458534 0.363670 0.693545 0.776033 0.481201 0.339661 0.296883 0.337505 0.488967 0.515791 0.328669 0.302481 0.241729 0.272686 0.480781 0.896386 0.384369 0.316969 0.336568 0.458983 0.499763 0.968368 0.441066 0.460901 0.603137 0.477298 0.341151 0.371327 0.715958 0.957068 0.511726 0.501425 0.824232 0.651086 0.585209 0.576647 0.807738 0.654587 0.949883 0.864015 0.500234 0.579137 0.789649 0.608218 0.689376 0.629954 0.855599 0.897096 0.362097 0.502841 0.234847 0.251198 0.382623 0.315213 0.315492 0.372534 0.288989 0.295581 0.291268 0.309025 0.510946 0.617941 0.363005 0.311162 0.960716 0.760068 0.767782 0.877974 0.747882 0.870435 0.887109 0.860336 0.405600 0.430518 0.305765 0.357945 0.360971 0.365652 0.278229 0.235629 0.779969 0.534805 0.453557 0.330402 0.538283 0.550950 0.544098 0.507068 0.880073 0.865648 0.845081 0.940922 0.976244 0.936084 0.817698 0.829453 0.996294 0.831566 0.710711 0.657433 0.716946 0.978132 0.824610 0.697288 0.741678 0.909310 0.977458 0.907650 0.586690 0.686200
0.323599 0.301261 0.223489 0.000000 0.982327 0.891041 0.345042 0.189597 0.874784 0.973712 0.657744 0.388697 0.378150 0.333897 0.537096 0.403652 0.433765 0.417516 0.340160 0.423313 0.583309 0.951008 0.271480 0.257657 0.456139 0.488054 0.619250 0.999566 0.542025 0.513167 0.450708 0.416879 0.334536 0.374522 0.615520 0.859931 0.502126 0.551883 0.830864 0.674427 0.687094 0.642392 0.656451 0.540319 0.888990 0.718850 0.462704 0.512869 0.663531 0.474194 0.477762 0.409293 0.607673 0.815094 0.416902 0.512092 0.305620 0.317466 0.316689 0.223909 0.317299 0.285418 0.336011 0.295284 0.409785 0.300798 0.418185 0.450120 0.551963 0.335718 0.852921 0.896776 0.650599 0.792424 0.721344 0.816072 0.776891 0.785426 0.355330 0.456548 0.403511 0.549972 0.448524 0.479535 0.389369 0.282086 0.920981 0.609227 0.497802 0.359220 0.654695 0.656313 0.637864 0.550395 0.809368 0.846732 0.826592 0.838534 0.888735 0.818753 0.928558 0.984453 0.965092 0.768099 0.649724 0.573871 0.625989 0.866693 0.864279 0.677961 0.718756 0.789855 0.893367 0.838615 0.493990 0.867052
0.755024 0.831393 0.887628 0.982327 0.000000 0.674215 0.885434 0.885126 0.639825 0.573915 0.792042 0.946424 0.946677 0.977152 0.835726 0.756510 0.901321 0.879069 0.841122 0.773592 0.913056 0.881750 0.883116 0.937817 0.814854 0.942820 0.887749 0.999664 0.929893 0.960317 0.806417 0.848645 0.938225 0.945864 0.977904 0.754188 0.967215 0.903587 0.880368 0.891829 0.840568 0.970017 0.830367 0.903502 0.719255 0.818884 0.996310 0.950142 0.888324 0.903829 0.804951 0.813038 0.635950 0.553332 0.920934 0.910439 0.810516 0.834944 0.860496 0.827379 0.995044 0.873056 0.911651 0.948635 0.831474 0.971422 0.985279 0.907585 0.667199 0.803258 0.655747 0.716120 0.707581 0.652746 0.845109 0.955261 0.950167 0.825605 0.988443 0.951504 0.893892 0.814812 0.950852 0.798961 0.807035 0.815935 0.943628 0.762534 0.787198 0.804220 0.802216 0.838756 0.902957 0.830111 0.906182 0.947304 0.803404 0.817324 0.823780 0.892304 0.773120 0.741283 0.795447 0.990913 0.935675 0.897891 0.897223 0.957302 0.772907 0.926293 0.964020 0.908695 0.804061 0.918315 0.946642 0.724297
0.633504 0.653787 0.794602 0.891041 0.674215 0.000000 0.816594 0.903242 0.459221 0.553810 0.596617 0.716610 0.887321 0.803681 0.978088 0.920522 0.696146 0.673904 0.697541 0.627237 0.882794 0.894706 0.952662 0.862002 0.715470 0.971321 0.670315 0.968294 0.837448 0.761999 0.862658 0.867036 0.819898 0.936159 0.960491 0.922416 0.870962 0.911757 0.895564 0.974973 0.676756 0.877617 0.702129 0.800589 0.664657 0.821031 0.994019 0.972330 0.877484 0.889977 0.788154 0.794250 0.652680 0.509318 0.908473 0.886692 0.648756 0.657628 0.807943 0.795978 0.871593 0.977965 0.773233 0.774153 0.666814 0.917545 0.954126 0.905895 0.574856 0.732016 0.662705 0.669253 0.600450 0.587456 0.928433 0.824543 0.637618 0.684183 0.952804 0.969183 0.794444 0.700323 0.765147 0.629186 0.709881 0.729752 0.806300 0.728695 0.925138 0.731046 0.492927 0.611283 0.643217 0.669618 0.850757 0.888208 0.893099 0.925564 0.644228 0.679540 0.745050 0.676182 0.911011 0.964946 0.808360 0.819115 0.826750 0.707765 0.734595 0.932739 0.845702 0.879438 0.646588 0.786753 0.819020 0.757873
0.622601 0.587195 0.458534 0.345042 0.885434 0.816594 0.000000 0.203303 0.935444 0.556570 0.953979 0.657341 0.642707 0.604989 0.711875 0.579970 0.647344 0.673569 0.498500 0.696181 0.708523 0.887150 0.347190 0.609816 0.786114 0.664958 0.862660 0.989880 0.565471 0.659870 0.336135 0.381470 0.367493 0.333830 0.639525 0.890044 0.556105 0.589134 0.931917 0.718672 0.897863 0.562264 0.404272 0.332634 0.502489 0.428258 0.431818 0.458134 0.402810 0.321140 0.273432 0.278109 0.356976 0.520661 0.518158 0.530090 0.557208 0.587185 0.359513 0.391144 0.407255 0.349555 0.451611 0.435983 0.729593 0.565630 0.338749 0.355048 0.890967 0.564894 0.527664 0.861276 0.375800 0.471540 0.722163 0.595526 0.579349 0.484356 0.403435 0.566314 0.626894 0.868113 0.633792 0.797956 0.675888 0.618918 0.755254 0.944288 0.619968 0.643649 0.944135 0.986985 0.850258 0.802817 0.668538 0.689098 0.655805 0.672605 0.540245 0.480920 0.861353 0.732987 0.714339 0.597301 0.476528 0.404227 0.519583 0.699441 0.922709 0.748553 0.686424 0.558496 0.535204 0.553098 0.349456 0.953492
0.486938 0.439835 0.363670 0.189597 0.885126 0.903242 0.203303 0.000000 0.896788 0.698741 0.808808 0.465938 0.484643 0.431244 0.578424 0.360016 0.535884 0.536440 0.463568 0.590832 0.667421 0.969205 0.268556 0.367967 0.648555 0.598519 0.774940 0.981733 0.518703 0.522428 0.358931 0.426444 0.346684 0.353756 0.596403 0.848160 0.498669 0.511040 0.921758 0.698797 0.806503 0.643381 0.515883 0.434212 0.672653 0.567897 0.461576 0.513138 0.545228 0.391498 0.327759 0.294157 0.408445 0.571468 0.466905 0.550729 0.431363 0.439038 0.374927 0.311737 0.295672 0.194463 0.385598 0.313315 0.551451 0.335897 0.382007 0.348835 0.781630 0.443541 0.632376 0.898588 0.453225 0.584710 0.681215 0.680476 0.675398 0.608895 0.363166 0.516350 0.513794 0.747506 0.535968 0.651953 0.558193 0.449704 0.985139 0.800099 0.552564 0.528126 0.798843 0.773256 0.718607 0.625187 0.760291 0.789717 0.805449 0.823987 0.748663 0.666642 0.958204 0.903944 0.889539 0.753628 0.532403 0.537852 0.578737 0.788630 0.989975 0.741108 0.729183 0.704027 0.727284 0.715231 0.437551 0.966906
0.527781 0.544698 0.693545 0.874784 0.639825 0.459221 0.935444 0.896788 0.000000 0.481709 0.576395 0.660593 0.778584 0.698998 0.858833 0.926097 0.534187 0.513950 0.540316 0.483480 0.714605 0.970710 0.965658 0.786529 0.482038 0.645359 0.518164 0.954906 0.732579 0.707387 0.962815 0.901142 0.679263 0.728343 0.859161 0.878890 0.727630 0.872114 0.812922 0.915747 0.703649 0.998996 0.893129 0.939043 0.844183 0.994623 0.749957 0.758216 0.908339 0.875075 0.925894 0.971643 0.766217 0.570814 0.603712 0.504977 0.530704 0.548224 0.607757 0.685441 0.869472 0.993814 0.641171 0.697208 0.683010 0.896738 0.794484 0.969726 0.449927 0.652011 0.595562 0.569960 0.757632 0.728462 0.919946 0.998887 0.918646 0.731781 0.802171 0.714031 0.548580 0.446508 0.600353 0.398015 0.523236 0.577404 0.777512 0.543489 0.715286 0.497991 0.510901 0.669647 0.615427 0.687305 0.975277 0.894070 0.977977 0.980415 0.791206 0.943589 0.700270 0.730178 0.851889 0.762929 0.969742 0.890319 0.967216 0.795289 0.695007 0.791178 0.778576 0.932081 0.792141 0.967169 0.941504 0.700318
0.613211 0.662723 0.776033 0.973712 0.573915 0.553810 0.556570 0.698741 0.481709 0.000000 0.516146 0.749775 0.736368 0.844444 0.881936 0.866280 0.741557 0.675808 0.821223 0.600559 0.754815 0.920432 0.792012 0.838250 0.562561 0.837202 0.613627 0.841030 0.999320 0.890297 0.563783 0.782838 0.941571 0.872503 0.916364 0.911000 0.976260 0.863047 0.761026 0.934017 0.662835 0.909252 0.491498 0.584562 0.365370 0.469663 0.847382 0.808440 0.546054 0.617261 0.472571 0.543477 0.383981 0.281247 0.895216 0.965084 0.688489 0.672784 0.981534 0.966655 0.979124 0.837981 0.898313 0.915096 0.614419 0.831517 0.747739 0.623823 0.432246 0.740164 0.330285 0.483974 0.497304 0.469079 0.904857 0.681847 0.596788 0.473325 0.920032 0.876689 0.686666 0.461372 0.765226 0.533846 0.604589 0.643283 0.584638 0.582089 0.838642 0.691362 0.538256 0.555762 0.723482 0.759520 0.664676 0.854324 0.807405 0.671254 0.428693 0.490017 0.564997 0.505050 0.749077 0.809118 0.730783 0.729275 0.734833 0.580194 0.680156 0.979491 0.936887 0.570686 0.421327 0.735578 0.725183 0.572455
0.309965 0.366449 0.481201 0.657744 0.792042 0.596617 0.953979 0.808808 0.576395 0.516146 0.000000 0.269822 0.284936 0.339376 0.418899 0.585021 0.286875 0.233139 0.435530 0.271534 0.578690 0.831324 0.829263 0.581714 0.405828 0.737372 0.435416 0.779759 0.390257 0.339272 0.956147 0.862689 0.593457 0.619032 0.969209 0.931287 0.687560 0.692123 0.830123 0.779483 0.510583 0.923578 0.670877 0.849067 0.566874 0.715849 0.889753 0.985444 0.765379 0.937695 0.782970 0.858244 0.692318 0.466052 0.551429 0.708704 0.352091 0.325676 0.788557 0.720079 0.359910 0.547666 0.390384 0.398055 0.216347 0.399392 0.995203 0.947232 0.364678 0.603475 0.582046 0.558552 0.862112 0.783139 0.738645 0.890487 0.600510 0.768247 0.730670 0.620939 0.408229 0.326765 0.400630 0.325451 0.335348 0.390133 0.486338 0.586932 0.595765 0.545323 0.276588 0.292407 0.272147 0.383227 0.753102 0.927320 0.711286 0.628125 0.409544 0.533432 0.519862 0.543979 0.784386 0.922549 0.867630 0.864104 0.808907 0.608347 0.653640 0.967645 0.965644 0.709450 0.552504 0.723041 0.924479 0.540808
0.218276 0.216964 0.339661 0.388697 0.946424 0.716610 0.657341 0.465938 0.660593 0.749775 0.269822 0.000000 0.195101 0.186510 0.305105 0.342832 0.161290 0.150317 0.264942 0.214768 0.484241 0.880056 0.447129 0.338601 0.289690 0.546366 0.405475 0.875690 0.283211 0.208247 0.645281 0.571248 0.328447 0.365032 0.659529 0.847410 0.485894 0.532440 0.729407 0.656179 0.559023 0.773977 0.996194 0.790814 0.880450 0.938857 0.570316 0.652659 0.916654 0.707978 0.811151 0.729190 0.928239 0.826765 0.320487 0.478385 0.221503 0.182205 0.529027 0.445774 0.192772 0.268825 0.195149 0.160019 0.199573 0.233505 0.685739 0.696344 0.349596 0.387752 0.871190 0.721745 0.868984 0.965587 0.623716 0.972292 0.928733 0.983914 0.448278 0.359102 0.230906 0.290054 0.231368 0.242214 0.230874 0.228816 0.583602 0.479973 0.450321 0.363969 0.301421 0.325064 0.271985 0.289990 0.933740 0.959677 0.849992 0.779676 0.676163 0.803029 0.659747 0.683284 0.994910 0.897294 0.799914 0.858978 0.960627 0.740680 0.689840 0.739549 0.812016 0.926787 0.768072 0.863874 0.652554 0.632013
0.259730 0.292731 0.296883 0.378150 0.946677 0.887321 0.642707 0.484643 0.778584 0.736368 0.284936 0.195101 0.000000 0.176256 0.243809 0.320742 0.266323 0.225108 0.309561 0.281540 0.516875 0.929890 0.477113 0.324330 0.318679 0.481866 0.441181 0.827321 0.376825 0.351942 0.750553 0.536579 0.411147 0.413259 0.726814 0.984449 0.590156 0.600752 0.838565 0.683951 0.567907 0.720561 0.969641 0.871098 0.770824 0.926289 0.653253 0.764952 0.958800 0.806322 0.880221 0.789687 0.962103 0.813403 0.371991 0.580080 0.290374 0.263662 0.608403 0.503792 0.213801 0.337980 0.253920 0.263475 0.205768 0.196877 0.787838 0.807956 0.398367 0.439661 0.807354 0.731901 0.842218 0.928583 0.653949 0.981661 0.894519 0.968542 0.511164 0.418104 0.280654 0.277561 0.297309 0.308349 0.229752 0.211837 0.587986 0.481469 0.442842 0.429610 0.433645 0.433377 0.388245 0.420969 0.889996 0.995639 0.876327 0.776041 0.705340 0.826265 0.673007 0.816156 0.900509 0.936715 0.863442 0.871389 0.933831 0.793530 0.685397 0.898602 0.880266 0.825639 0.738734 0.863112 0.665663 0.616191
0.303526 0.309512 0.337505 0.333897 0.977152 0.803681 0.604989 0.431244 0.698998 0.844444 0.339376 0.186510 0.176256 0.000000 0.229812 0.246548 0.235088 0.209345 0.280702 0.294052 0.551687 0.884384 0.381849 0.257461 0.333296 0.475237 0.464453 0.911430 0.355862 0.269200 0.613396 0.467197 0.370514 0.357461 0.704456 0.865554 0.545288 0.632529 0.779807 0.712375 0.637728 0.823466 0.910892 0.754234 0.917342 0.917638 0.561175 0.626677 0.905074 0.671772 0.751511 0.663765 0.821252 0.967099 0.342944 0.491225 0.301258 0.269333 0.546682 0.464769 0.222317 0.280320 0.254634 0.222353 0.271559 0.197314 0.680781 0.678172 0.470520 0.464706 0.920100 0.798601 0.774049 0.825143 0.641065 0.883818 0.980050 0.979616 0.445091 0.405260 0.286119 0.323442 0.261980 0.283052 0.276690 0.229289 0.599973 0.437604 0.461489 0.409590 0.440370 0.457837 0.397723 0.415658 0.983364 0.967334 0.875201 0.871014 0.785225 0.941270 0.738335 0.844126 0.980821 0.853970 0.827900 0.763874 0.851774 0.838608 0.667786 0.850706 0.766541 0.957340 0.842629 0.920206 0.619061 0.708455
0.480079 0.471283 0.488967 0.537096 0.835726 0.978088 0.711875 0.578424 0.858833 0.881936 0.418899 0.305105 0.243809 0.229812 0.000000 0.286452 0.350090 0.343225 0.475095 0.421627 0.625265 0.894158 0.501086 0.381952 0.486970 0.586369 0.592082 0.814076 0.386143 0.356742 0.738198 0.628801 0.553375 0.445145 0.797978 0.941661 0.686334 0.767686 0.807385 0.788985 0.772592 0.822688 0.921464 0.821321 0.920543 0.989273 0.690923 0.746169 0.969863 0.801900 0.834304 0.780299 0.847212 0.984971 0.457737 0.612100 0.494419 0.459065 0.772046 0.708788 0.324335 0.400707 0.428775 0.404771 0.347503 0.299894 0.868347 0.874589 0.619409 0.675766 0.896976 0.858441 0.724624 0.770346 0.656945 0.952186 0.989247 0.946317 0.545602 0.498109 0.394153 0.422146 0.419993 0.447706 0.400595 0.408813 0.653026 0.552754 0.585633 0.604160 0.577440 0.576578 0.468760 0.542939 0.936791 0.984811 0.762519 0.807009 0.786507 0.903304 0.704995 0.872296 0.982891 0.927620 0.910688 0.867049 0.875525 0.782892 0.732260 0.996827 0.914871 0.893888 0.854935 0.852360 0.728931 0.794483
0.555403 0.519939 0.515791 0.403652 0.756510 0.920522 0.579970 0.360016 0.926097 0.866280 0.585021 0.342832 0.320742 0.246548 0.286452 0.000000 0.432401 0.443399 0.539679 0.570877 0.678439 0.876308 0.390906 0.325835 0.573358 0.629920 0.725577 0.953721 0.443515 0.368915 0.553818 0.511829 0.522712 0.450410 0.765711 0.873169 0.653868 0.662426 0.889150 0.685590 0.806419 0.868457 0.824857 0.745884 0.947024 0.858040 0.666592 0.707857 0.865985 0.663670 0.631647 0.561832 0.610835 0.739936 0.489743 0.671303 0.513230 0.478657 0.677225 0.596237 0.310172 0.255875 0.426001 0.359924 0.483315 0.261509 0.746842 0.623385 0.795199 0.611313 0.873631 0.971059 0.643083 0.707921 0.585372 0.797853 0.887722 0.857585 0.517895 0.507176 0.488629 0.608823 0.450124 0.580572 0.542795 0.453195 0.683028 0.717729 0.642143 0.629256 0.657827 0.606810 0.544499 0.525219 0.958615 0.989091 0.794030 0.878221 0.902567 0.970369 0.869041 0.947392 0.984187 0.960367 0.860738 0.829926 0.786304 0.934440 0.876839 0.951058 0.860618 0.979840 0.958061 0.950020 0.664898 0.855562
0.200251 0.190707 0.328669 0.433765 0.901321 0.696146 0.647344 0.535884 0.534187 0.741557 0.286875 0.161290 0.266323 0.235088 0.350090 0.432401 0.000000 0.133248 0.205918 0.185707 0.467207 0.955720 0.454909 0.367230 0.263707 0.518359 0.424728 0.881609 0.227357 0.208568 0.614788 0.524152 0.278232 0.315881 0.680357 0.859980 0.521227 0.609800 0.726927 0.678001 0.636894 0.716137 0.908513 0.699333 0.974881 0.819117 0.438145 0.520291 0.773617 0.597562 0.744379 0.667979 0.908431 0.818116 0.276178 0.375068 0.188632 0.169278 0.432988 0.418479 0.256743 0.366785 0.183007 0.179455 0.238486 0.337669 0.589058 0.631986 0.320249 0.385191 0.856772 0.633746 0.887194 0.958550 0.674532 0.872088 0.974297 0.970745 0.411619 0.332674 0.172335 0.247873 0.205184 0.206386 0.200841 0.226674 0.643628 0.457150 0.472878 0.309668 0.305030 0.365517 0.265236 0.313944 0.991991 0.947248 0.962142 0.848880 0.772063 0.911632 0.681475 0.654889 0.885912 0.784964 0.794638 0.767997 0.925722 0.764776 0.696685 0.720741 0.779236 0.940437 0.875023 0.918089 0.632615 0.620328
0.177571 0.179699 0.302481 0.417516 0.879069 0.673904 0.673569 0.536440 0.513950 0.675808 0.233139 0.150317 0.225108 0.209345 0.343225 0.443399 0.133248 0.000000 0.206360 0.166368 0.466190 0.900887 0.485602 0.336617 0.255782 0.493271 0.414539 0.829537 0.264160 0.226614 0.684877 0.539022 0.306539 0.350850 0.701119 0.826578 0.534613 0.575537 0.737638 0.683337 0.598223 0.737354 0.973870 0.764301 0.897778 0.907921 0.516281 0.592906 0.863107 0.665378 0.819968 0.737129 0.965017 0.759223 0.270401 0.405516 0.171884 0.153181 0.464234 0.431881 0.250434 0.354287 0.187365 0.180187 0.197054 0.284450 0.630709 0.689805 0.299955 0.373410 0.804218 0.622371 0.925540 0.990370 0.707115 0.902512 0.926009 0.951841 0.418659 0.342764 0.168847 0.211408 0.221910 0.177038 0.180753 0.201431 0.594847 0.436012 0.498696 0.296534 0.284853 0.325002 0.271018 0.314894 0.977469 0.920736 0.922993 0.862408 0.714256 0.871578 0.638552 0.623322 0.941213 0.848209 0.799139 0.814005 0.962712 0.745865 0.672939 0.752901 0.792175 0.949562 0.824828 0.938619 0.638684 0.586694
0.206758 0.208517 0.241729 0.340160 0.841122 0.697541 0.498500 0.463568 0.540316 0.821223 0.435530 0.264942 0.309561 0.280702 0.475095 0.539679 0.205918 0.206360 0.000000 0.185014 0.468898 0.892655 0.317868 0.373797 0.270757 0.451967 0.442392 0.961847 0.321963 0.347210 0.488059 0.384406 0.196346 0.269715 0.566844 0.842931 0.461416 0.591891 0.751902 0.659479 0.599314 0.631856 0.745804 0.539609 0.908487 0.686185 0.332303 0.403399 0.654461 0.465481 0.626707 0.561370 0.814115 0.905174 0.256608 0.328936 0.207911 0.208122 0.325125 0.318456 0.301530 0.396989 0.185877 0.199862 0.307911 0.401374 0.432658 0.546040 0.322432 0.326647 0.986903 0.717153 0.773654 0.855971 0.739402 0.823469 0.836322 0.877520 0.344619 0.336143 0.212702 0.293580 0.246884 0.253795 0.207037 0.211243 0.757132 0.463062 0.476489 0.264407 0.447103 0.533502 0.447905 0.435620 0.806031 0.800219 0.849661 0.910847 0.992717 0.881768 0.877341 0.805319 0.745937 0.630371 0.612428 0.572161 0.764854 0.886684 0.760489 0.627655 0.639606 0.858771 0.979153 0.870850 0.509104 0.654382
0.159640 0.171134 0.272686 0.423313 0.773592 0.627237 0.696181 0.590832 0.483480 0.600559 0.271534 0.214768 0.281540 0.294052 0.421627 0.570877 0.185707 0.166368 0.185014 0.000000 0.432523 0.979902 0.485828 0.404889 0.252608 0.497912 0.347046 0.876926 0.337144 0.312349 0.672666 0.600478 0.313851 0.365748 0.742509 0.866945 0.544141 0.562634 0.732706 0.719027 0.539862 0.731548 0.974606 0.761185 0.853870 0.930525 0.511018 0.590902 0.873515 0.687537 0.860001 0.774993 0.956679 0.675813 0.323038 0.436650 0.188452 0.179715 0.455728 0.404076 0.315849 0.454963 0.235602 0.237524 0.207773 0.376327 0.628442 0.738993 0.237269 0.337844 0.786061 0.599105 0.946400 0.959818 0.727902 0.972499 0.969505 0.965090 0.445698 0.395786 0.222657 0.232159 0.282678 0.205892 0.194244 0.220428 0.640642 0.452633 0.486411 0.277224 0.303753 0.376050 0.332851 0.355334 0.990297 0.886232 0.994524 0.871837 0.733376 0.844486 0.659444 0.626904 0.957392 0.818884 0.789794 0.818375 0.919121 0.757813 0.764099 0.726550 0.794114 0.958426 0.800804 0.942581 0.694798 0.589644
0.428967 0.459063 0.480781 0.583309 0.913056 0.882794 0.708523 0.667421 0.714605 0.754815 0.578690 0.484241 0.516875 0.551687 0.625265 0.678439 0.467207 0.466190 0.468898 0.432523 0.000000 0.918661 0.589165 0.601292 0.452951 0.587592 0.613019 0.939320 0.551683 0.555838 0.694308 0.568767 0.468859 0.542239 0.988125 0.956042 0.637120 0.688366 0.839337 0.766513 0.814686 0.773604 0.874750 0.732389 0.944868 0.833082 0.598297 0.586328 0.791351 0.666471 0.811336 0.745180 0.891062 0.885806 0.478904 0.606167 0.458631 0.474025 0.551719 0.538006 0.523345 0.622041 0.421742 0.466652 0.529164 0.594051 0.632520 0.709758 0.496095 0.601568 0.963303 0.742631 0.876206 0.935011 0.828511 0.895186 0.959701 0.973341 0.578971 0.398714 0.436424 0.481897 0.426050 0.515162 0.460348 0.488902 0.905857 0.753858 0.671338 0.540424 0.593420 0.619965 0.654618 0.682645 0.980522 0.827935 0.880574 0.957905 0.951973 0.995880 0.821556 0.797057 0.886255 0.757206 0.808627 0.730889 0.956207 0.837764 0.791736 0.731539 0.828139 0.975662 0.928225 0.772691 0.610987 0.747975
0.960074 0.993837 0.896386 0.951008 0.881750 0.894706 0.887150 0.969205 0.970710 0.920432 0.831324 0.880056 0.929890 0.884384 0.894158 0.876308 0.955720 0.900887 0.892655 0.979902 0.918661 0.000000 0.833012 0.990945 0.908123 0.809690 0.841069 0.854522 0.971222 0.866836 0.791458 0.829123 0.916558 0.880116 0.870127 0.904036 0.806631 0.931007 0.924576 0.902634 0.956345 0.739823 0.747232 0.758214 0.824750 0.793367 0.769583 0.795719 0.758165 0.800584 0.806087 0.822881 0.899962 0.906725 0.948832 0.960467 0.940371 0.933863 0.921037 0.936190 0.886016 0.927108 0.958162 0.961603 0.927120 0.857097 0.785617 0.958399 0.960920 0.962220 0.813876 0.971893 0.969627 0.856866 0.979266 0.976676 0.684402 0.905775 0.953672 0.986832 0.988756 0.962255 0.980883 0.933441 0.992691 0.983999 0.916859 0.986772 0.953233 0.938258 0.852058 0.755621 0.824600 0.811805 0.749066 0.811262 0.813822 0.877596 0.675145 0.828479 0.905635 0.927039 0.828624 0.802783 0.821726 0.707256 0.879043 0.955691 0.840302 0.714779 0.923368 0.846609 0.791701 0.728686 0.906985 0.840172
0.491926 0.429473 0.384369 0.271480 0.883116 0.952662 0.347190 0.268556 0.965658 0.792012 0.829263 0.447129 0.477113 0.381849 0.501086 0.390906 0.454909 0.485602 0.317868 0.485828 0.589165 0.833012 0.000000 0.346350 0.484053 0.496035 0.728766 0.938861 0.496440 0.510709 0.248162 0.277673 0.296035 0.308236 0.490040 0.805923 0.501047 0.631943 0.799160 0.727843 0.877594 0.626216 0.414509 0.302501 0.588441 0.436914 0.269043 0.313345 0.460259 0.293772 0.327047 0.278401 0.429815 0.588319 0.383499 0.416146 0.469632 0.449015 0.394172 0.358101 0.413072 0.347285 0.377728 0.318975 0.554246 0.451029 0.342559 0.362010 0.672557 0.456177 0.610639 0.901520 0.460264 0.533007 0.688294 0.663213 0.553491 0.670053 0.318040 0.393955 0.406257 0.601988 0.455181 0.561636 0.440711 0.386860 0.972081 0.620342 0.617694 0.420134 0.804904 0.813398 0.740978 0.630045 0.712717 0.763451 0.838400 0.747163 0.694098 0.593331 0.898494 0.911594 0.653243 0.615270 0.472883 0.406964 0.605345 0.900290 0.938664 0.607561 0.647604 0.704300 0.712730 0.734298 0.399081 0.938043
0.355449 0.326015 0.316969 0.257657 0.937817 0.862002 0.609816 0.367967 0.786529 0.838250 0.581714 0.338601 0.324330 0.257461 0.381952 0.325835 0.367230 0.336617 0.373797 0.404889 0.601292 0.990945 0.346350 0.000000 0.376233 0.426970 0.615803 0.946859 0.524055 0.429693 0.604894 0.496372 0.415486 0.456782 0.653681 0.859590 0.601146 0.630385 0.757605 0.785202 0.721980 0.744304 0.800144 0.687243 0.985942 0.850573 0.492847 0.562098 0.826359 0.588991 0.629415 0.538935 0.705385 0.880501 0.385163 0.524792 0.327103 0.316161 0.472004 0.388279 0.372542 0.346829 0.378061 0.329332 0.363741 0.247332 0.557549 0.578313 0.500997 0.390434 0.982416 0.906443 0.793944 0.847365 0.784286 0.879318 0.912225 0.988465 0.443353 0.439988 0.319170 0.389245 0.374457 0.354891 0.340042 0.237834 0.694056 0.419810 0.500832 0.356442 0.583852 0.553238 0.558721 0.522419 0.900756 0.911890 0.996313 0.940509 0.938048 0.936850 0.858236 0.863979 0.956442 0.843213 0.749634 0.709834 0.823688 0.900999 0.689427 0.807063 0.730253 0.996443 0.921276 0.972510 0.705077 0.819606
0.231028 0.255476 0.336568 0.456139 0.814854 0.715470 0.786114 0.648555 0.482038 0.562561 0.405828 0.289690 0.318679 0.333296 0.486970 0.573358 0.263707 0.255782 0.270757 0.252608 0.452951 0.908123 0.484053 0.376233 0.000000 0.314736 0.392274 0.922557 0.505236 0.454781 0.729982 0.548624 0.387337 0.470943 0.639836 0.939544 0.521015 0.592552 0.624177 0.735536 0.590221 0.710516 0.970102 0.777224 0.850589 0.953844 0.499002 0.585754 0.890248 0.691532 0.870517 0.769365 0.965950 0.736688 0.386160 0.446617 0.268458 0.241952 0.468138 0.417059 0.454934 0.563825 0.309466 0.314693 0.324326 0.421275 0.646131 0.738580 0.256557 0.368636 0.765167 0.608195 0.999784 0.914983 0.726529 0.992690 0.995330 0.870158 0.510347 0.406117 0.248731 0.223713 0.317915 0.204539 0.206799 0.214811 0.645287 0.403080 0.477323 0.251977 0.391107 0.429469 0.440610 0.435106 0.970206 0.916658 0.991414 0.868539 0.789506 0.913233 0.725356 0.672152 0.900255 0.763334 0.791285 0.726507 0.933636 0.689556 0.719816 0.666226 0.800743 0.911082 0.789971 0.982011 0.661733 0.583900
0.461955 0.479774 0.458983 0.488054 0.942820 0.971321 0.664958 0.598519 0.645359 0.837202 0.737372 0.546366 0.481866 0.475237 0.586369 0.629920 0.518359 0.493271 0.451967 0.497912 0.587592 0.809690 0.496035 0.426970 0.314736 0.000000 0.558195 0.983643 0.692417 0.647218 0.615220 0.512553 0.474839 0.478154 0.606138 0.881449 0.578242 0.610881 0.746875 0.802329 0.787212 0.588824 0.752769 0.620307 0.914877 0.780135 0.476076 0.534275 0.749674 0.584699 0.678223 0.593790 0.784979 0.958798 0.406988 0.419211 0.477228 0.467359 0.493182 0.459154 0.618820 0.615274 0.470645 0.485402 0.595036 0.528637 0.568246 0.627526 0.495427 0.444516 0.959452 0.815597 0.861611 0.884872 0.828049 0.872804 0.816510 0.938477 0.526533 0.505346 0.413486 0.446666 0.509762 0.395303 0.409848 0.361438 0.789941 0.546906 0.506658 0.374499 0.722179 0.749371 0.758157 0.657683 0.900697 0.714975 0.820600 0.931850 0.854852 0.825595 0.904799 0.980613 0.852225 0.661833 0.654621 0.611295 0.778963 0.950169 0.818376 0.674862 0.877066 0.933884 0.955259 0.834212 0.607493 0.780402
0.371557 0.381216 0.499763 0.619250 0.887749 0.670315 0.862660 0.774940 0.518164 0.613627 0.435416 0.405475 0.441181 0.464453 0.592082 0.725577 0.424728 0.414539 0.442392 0.347046 0.613019 0.841069 0.728766 0.615803 0.392274 0.558195 0.000000 0.846175 0.588724 0.541882 0.840482 0.763336 0.580587 0.555896 0.825484 0.805905 0.533435 0.677258 0.704649 0.710437 0.607759 0.857619 0.877091 0.954166 0.762276 0.909611 0.742473 0.816381 0.973225 0.905645 0.997108 0.914133 0.863621 0.652597 0.518861 0.648575 0.406588 0.398090 0.640693 0.568711 0.522219 0.639322 0.453024 0.463532 0.438828 0.543297 0.807601 0.933509 0.430659 0.561375 0.732980 0.633025 0.977030 0.870465 0.600510 0.853195 0.907352 0.814227 0.712983 0.616443 0.480159 0.398005 0.504314 0.409810 0.376722 0.391870 0.700959 0.558249 0.568091 0.489145 0.397914 0.514969 0.467963 0.558619 0.881021 0.998404 0.895076 0.791061 0.720567 0.737452 0.577508 0.732220 0.979061 0.816758 0.950521 0.846495 0.973857 0.682557 0.882681 0.843347 0.747567 0.873703 0.715752 0.921279 0.761410 0.739491
0.851035 0.882590 0.968368 0.999566 0.999664 0.968294 0.989880 0.981733 0.954906 0.841030 0.779759 0.875690 0.827321 0.911430 0.814076 0.953721 0.881609 0.829537 0.961847 0.876926 0.939320 0.854522 0.938861 0.946859 0.922557 0.983643 0.846175 0.000000 0.926207 0.954275 0.752419 0.867391 0.970981 0.994010 0.955899 0.918850 0.948304 0.935069 0.962401 0.990902 0.955133 0.899507 0.870462 0.908347 0.813541 0.812687 0.900674 0.896184 0.858838 0.833559 0.872147 0.877199 0.893161 0.788904 0.960974 0.952462 0.855068 0.832457 0.985049 0.983121 0.863908 0.943018 0.914806 0.912011 0.777547 0.806742 0.856075 0.791584 0.888465 0.930316 0.865139 0.868760 0.956163 0.997670 0.912993 0.953808 0.768160 0.799032 0.986306 0.978857 0.882297 0.795020 0.983960 0.892271 0.823869 0.854444 0.924244 0.922541 0.991974 0.854065 0.839157 0.832790 0.798495 0.922668 0.874543 0.981442 0.814971 0.876914 0.812992 0.850272 0.714994 0.913141 0.938528 0.977883 0.990695 0.857034 0.839965 0.918389 0.973860 0.807552 0.906321 0.835549 0.863671 0.883093 0.982343 0.777415
0.385501 0.367087 0.441066 0.542025 0.929893 0.837448 0.565471 0.518703 0.732579 0.999320 0.390257 0.283211 0.376825 0.355862 0.386143 0.443515 0.227357 0.264160 0.321963 0.337144 0.551683 0.971222 0.496440 0.524055 0.505236 0.692417 0.588724 0.926207 0.000000 0.193300 0.576211 0.571371 0.323164 0.299953 0.753160 0.799304 0.562562 0.604666 0.839389 0.656277 0.734784 0.696761 0.803241 0.627376 0.855664 0.719068 0.499456 0.557694 0.698001 0.580220 0.687352 0.664329 0.807302 0.991729 0.369392 0.450410 0.371781 0.353828 0.567332 0.576510 0.284492 0.341311 0.292204 0.271442 0.368568 0.424152 0.587931 0.607594 0.562218 0.524517 0.897965 0.894702 0.713808 0.750173 0.680948 0.828878 0.901763 0.780518 0.461157 0.429016 0.333647 0.479198 0.304699 0.438432 0.416128 0.455647 0.727565 0.657068 0.588334 0.511847 0.500898 0.545221 0.368379 0.440110 0.935205 0.866467 0.988940 0.921038 0.891279 0.994003 0.854878 0.802780 0.825534 0.812264 0.759577 0.746463 0.818191 0.907781 0.804484 0.724322 0.811544 0.900481 0.989732 0.956558 0.610719 0.777502
0.363590 0.337698 0.460901 0.513167 0.960317 0.761999 0.659870 0.522428 0.707387 0.890297 0.339272 0.208247 0.351942 0.269200 0.356742 0.368915 0.208568 0.226614 0.347210 0.312349 0.555838 0.866836 0.510709 0.429693 0.454781 0.647218 0.541882 0.954275 0.193300 0.000000 0.571688 0.583784 0.368281 0.341565 0.768796 0.710440 0.526755 0.523728 0.706292 0.698225 0.692912 0.782304 0.957898 0.758161 0.984543 0.838814 0.555762 0.623760 0.852114 0.673572 0.781643 0.723117 0.877580 0.934688 0.375376 0.488191 0.345158 0.310042 0.601873 0.584871 0.249784 0.281247 0.282925 0.235661 0.331600 0.330759 0.666003 0.651402 0.515430 0.492804 0.985048 0.855130 0.791134 0.855965 0.689339 0.850833 0.947056 0.920564 0.482669 0.409112 0.310067 0.457563 0.269831 0.369049 0.416168 0.406307 0.598592 0.596695 0.553629 0.488110 0.379507 0.368861 0.307433 0.326622 0.992784 0.915249 0.895411 0.845688 0.724337 0.847525 0.800494 0.672456 0.948146 0.929990 0.858069 0.849749 0.900030 0.746027 0.782321 0.766242 0.838539 0.999988 0.866951 0.922644 0.693819 0.787589
0.706637 0.619417 0.603137 0.450708 0.806417 0.862658 0.336135 0.358931 0.962815 0.563783 0.956147 0.645281 0.750553 0.613396 0.738198 0.553818 0.614788 0.684877 0.488059 0.672666 0.694308 0.791458 0.248162 0.604894 0.729982 0.615220 0.840482 0.752419 0.576211 0.571688 0.000000 0.307916 0.356079 0.306141 0.549550 0.705643 0.520952 0.660753 0.867264 0.769857 0.961551 0.679735 0.368632 0.272976 0.409261 0.301564 0.272350 0.297877 0.360084 0.253116 0.264177 0.235857 0.347153 0.454235 0.478781 0.458563 0.651994 0.649346 0.440595 0.467547 0.559885 0.441378 0.494320 0.450826 0.834037 0.707343 0.310157 0.293584 0.912931 0.611933 0.463940 0.811695 0.448335 0.493993 0.786264 0.611255 0.441307 0.519661 0.363413 0.501062 0.587132 0.894749 0.616355 0.778853 0.714441 0.656515 0.894541 0.838483 0.722061 0.613981 0.914801 0.938097 0.865872 0.725172 0.587174 0.736118 0.718260 0.727524 0.533813 0.506938 0.803793 0.856139 0.597578 0.634780 0.477378 0.397312 0.572734 0.789067 0.822282 0.604765 0.692868 0.522412 0.548785 0.679673 0.418522 0.861327
0.572938 0.539017 0.477298 0.416879 0.848645 0.867036 0.381470 0.426444 0.901142 0.782838 0.862689 0.571248 0.536579 0.467197 0.628801 0.511829 0.524152 0.539022 0.384406 0.600478 0.568767 0.829123 0.277673 0.496372 0.548624 0.512553 0.763336 0.867391 0.571371 0.583784 0.307916 0.000000 0.354763 0.339016 0.631378 0.772496 0.550678 0.679300 0.915318 0.695368 0.964357 0.638494 0.550970 0.419990 0.625611 0.489451 0.341173 0.355010 0.520100 0.368209 0.420907 0.369192 0.488443 0.656624 0.416114 0.460038 0.537473 0.533579 0.406875 0.437256 0.504267 0.478474 0.406078 0.423164 0.701145 0.586230 0.417859 0.390429 0.737629 0.583890 0.707296 0.986598 0.564367 0.618467 0.678884 0.730121 0.668235 0.745412 0.422678 0.414720 0.479668 0.659200 0.449763 0.617807 0.541959 0.491398 0.980940 0.727888 0.692403 0.520849 0.822865 0.834859 0.792870 0.721652 0.701237 0.846698 0.805549 0.772077 0.675256 0.583880 0.879447 0.891485 0.599361 0.576630 0.601597 0.396590 0.694462 0.907197 0.952968 0.665259 0.633801 0.724232 0.659898 0.675168 0.440029 0.988332
0.290196 0.271506 0.341151 0.334536 0.938225 0.819898 0.367493 0.346684 0.679263 0.941571 0.593457 0.328447 0.411147 0.370514 0.553375 0.522712 0.278232 0.306539 0.196346 0.313851 0.468859 0.916558 0.296035 0.415486 0.387337 0.474839 0.580587 0.970981 0.323164 0.368281 0.356079 0.354763 0.000000 0.213939 0.538398 0.852933 0.455828 0.559834 0.822333 0.696441 0.740931 0.614836 0.598817 0.408450 0.709870 0.514223 0.257242 0.330582 0.482772 0.339152 0.432053 0.381337 0.619346 0.867823 0.295122 0.301598 0.254420 0.266107 0.263340 0.263087 0.303800 0.337708 0.206430 0.201501 0.423530 0.457258 0.327754 0.409555 0.456975 0.317730 0.868041 0.845630 0.626808 0.731972 0.744581 0.693341 0.736816 0.762176 0.259359 0.324427 0.266750 0.467290 0.312658 0.364927 0.315297 0.306653 0.946839 0.559658 0.512389 0.331176 0.523067 0.626223 0.516123 0.481441 0.746621 0.790974 0.742918 0.923108 0.846709 0.758603 0.932769 0.929537 0.697361 0.591253 0.516763 0.508333 0.693942 0.981490 0.842787 0.603163 0.654261 0.719961 0.800694 0.771526 0.472542 0.824868
0.390682 0.337736 0.371327 0.374522 0.945864 0.936159 0.333830 0.353756 0.728343 0.872503 0.619032 0.365032 0.413259 0.357461 0.445145 0.450410 0.315881 0.350850 0.269715 0.365748 0.542239 0.880116 0.308236 0.456782 0.470943 0.478154 0.555896 0.994010 0.299953 0.341565 0.306141 0.339016 0.213939 0.000000 0.551487 0.718918 0.410817 0.538530 0.763572 0.751115 0.795311 0.594418 0.585375 0.408761 0.692696 0.534078 0.280275 0.374094 0.515276 0.379297 0.444480 0.401476 0.569872 0.801596 0.325475 0.301667 0.354129 0.363671 0.351785 0.392310 0.302518 0.324095 0.236979 0.228818 0.493540 0.460350 0.380102 0.443475 0.591898 0.419720 0.785220 0.946638 0.552602 0.639009 0.703588 0.712803 0.671874 0.664235 0.300700 0.358654 0.326706 0.546256 0.372605 0.451396 0.413214 0.399035 0.949443 0.632803 0.502907 0.416840 0.571594 0.645754 0.523438 0.498305 0.797109 0.822530 0.820185 0.908307 0.823449 0.726019 0.894502 0.987176 0.737638 0.637245 0.604965 0.515878 0.591513 0.978502 0.915770 0.678614 0.703813 0.702646 0.793353 0.798765 0.403995 0.911489
0.694709 0.657548 0.715958 0.615520 0.977904 0.960491 0.639525 0.596403 0.859161 0.916364 0.969209 0.659529 0.726814 0.704456 0.797978 0.765711 0.680357 0.701119 0.566844 0.742509 0.988125 0.870127 0.490040 0.653681 0.639836 0.606138 0.825484 0.955899 0.753160 0.768796 0.549550 0.631378 0.538398 0.551487 0.000000 0.844130 0.564446 0.804940 0.831529 0.852720 0.740381 0.728176 0.573277 0.482923 0.681356 0.602012 0.458379 0.531973 0.627407 0.511085 0.543791 0.545286 0.621015 0.741058 0.583335 0.502559 0.675887 0.673576 0.591727 0.585309 0.711527 0.642117 0.613056 0.558282 0.762630 0.718374 0.521552 0.556370 0.814994 0.631994 0.811497 0.889720 0.721823 0.730341 0.886742 0.769543 0.652213 0.712970 0.604537 0.645428 0.599892 0.735193 0.713264 0.666499 0.617653 0.605063 0.908707 0.732336 0.586330 0.582928 0.913348 0.910155 0.872719 0.752058 0.725672 0.837338 0.793580 0.902234 0.748580 0.656625 0.887492 0.993321 0.577047 0.629243 0.518244 0.630389 0.733415 0.910528 0.909404 0.609691 0.658363 0.714871 0.792580 0.898396 0.527181 0.998895
0.930452 0.865676 0.957068 0.859931 0.754188 0.922416 0.890044 0.848160 0.878890 0.911000 0.931287 0.847410 0.984449 0.865554 0.941661 0.873169 0.859980 0.826578 0.842931 0.866945 0.956042 0.904036 0.805923 0.859590 0.939544 0.881449 0.805905 0.918850 0.799304 0.710440 0.705643 0.772496 0.852933 0.718918 0.844130 0.000000 0.692634 0.763805 0.817565 0.964890 0.954938 0.849350 0.902986 0.810656 0.808190 0.811436 0.820992 0.745837 0.918638 0.847621 0.876307 0.832035 0.865428 0.832704 0.851361 0.749035 0.909351 0.901069 0.880240 0.941623 0.876563 0.785578 0.851121 0.786078 0.994711 0.899043 0.759787 0.712465 0.933413 0.839391 0.810874 0.721199 0.803393 0.919778 0.849103 0.939112 0.970755 0.843568 0.842290 0.839005 0.879773 0.985100 0.839677 0.896156 0.953208 0.894063 0.872044 0.932611 0.947891 0.861115 0.900155 0.842722 0.889958 0.843694 0.995475 0.734850 0.876245 0.687814 0.959899 0.933142 0.894389 0.966495 0.815389 0.811242 0.913443 0.809950 0.907295 0.857814 0.931272 0.831311 0.916061 0.943242 0.937088 0.945833 0.731709 0.858763
0.504620 0.491017 0.511726 0.502126 0.967215 0.870962 0.556105 0.498669 0.727630 0.976260 0.687560 0.485894 0.590156 0.545288 0.686334 0.653868 0.521227 0.534613 0.461416 0.544141 0.637120 0.806631 0.501047 0.601146 0.521015 0.578242 0.533435 0.948304 0.562562 0.526755 0.520952 0.550678 0.455828 0.410817 0.564446 0.692634 0.000000 0.533963 0.674294 0.722058 0.659737 0.712257 0.817912 0.641380 0.897168 0.763746 0.565386 0.600164 0.768075 0.612459 0.681896 0.640343 0.790061 0.938643 0.508551 0.507570 0.530741 0.507410 0.499329 0.527037 0.497188 0.497371 0.412024 0.401903 0.635849 0.615827 0.509960 0.582460 0.642424 0.527774 0.824552 0.980729 0.686373 0.826494 0.644912 0.994578 0.805188 0.893461 0.614395 0.636973 0.559989 0.687103 0.498621 0.560227 0.535251 0.509640 0.809292 0.721396 0.547035 0.545320 0.599579 0.634027 0.563730 0.553110 0.880577 0.837208 0.950194 0.987023 0.979336 0.934225 0.911267 0.905998 0.780959 0.636677 0.662340 0.639860 0.833776 0.907624 0.958870 0.715514 0.805404 0.875915 0.965146 0.909924 0.613194 0.944580
0.545531 0.522462 0.501425 0.551883 0.903587 0.911757 0.589134 0.511040 0.872114 0.863047 0.692123 0.532440 0.600752 0.632529 0.767686 0.662426 0.609800 0.575537 0.591891 0.562634 0.688366 0.931007 0.631943 0.630385 0.592552 0.610881 0.677258 0.935069 0.604666 0.523728 0.660753 0.679300 0.559834 0.538530 0.804940 0.763805 0.533963 0.000000 0.726735 0.829810 0.657479 0.717958 0.996460 0.853939 0.943175 0.959875 0.736849 0.813243 0.973399 0.834606 0.849525 0.798447 0.896102 0.961230 0.610790 0.691558 0.524628 0.494116 0.662889 0.620772 0.475811 0.458197 0.516205 0.439614 0.591177 0.510180 0.727714 0.711151 0.629920 0.416100 0.901116 0.975151 0.779190 0.870535 0.706996 0.929000 0.989166 0.981565 0.646919 0.726716 0.599047 0.713508 0.558816 0.633203 0.640723 0.569921 0.834170 0.812163 0.594666 0.572472 0.596647 0.546539 0.627647 0.480752 0.962099 0.875807 0.999527 0.926781 0.881446 0.961885 0.971887 0.858983 0.953796 0.963797 0.866987 0.796506 0.808137 0.905683 0.935520 0.821386 0.999605 0.925340 0.855996 0.968419 0.704893 0.701034
