0.000000 0.350076 0.811036 0.702972 0.905809 0.952918 0.888818 0.740695 0.832441 0.977329 0.441982 0.371264 0.598552 0.486205 0.754526 0.675758 0.420369 0.359754 0.501109 0.361190 0.841043 0.948097 0.844716 0.804161 0.829253 0.895118 0.958932 0.875433 0.538111 0.488688 0.862512 0.831131 0.499345 0.526071 0.905620 0.932034 0.725356 0.655969 0.758428 0.835596 0.849218 0.621540 0.963395 0.790867 0.986603 0.904477 0.743147 0.733675 0.873764 0.828679 0.995984 0.906167 0.947318 0.848079 0.717761 0.790798 0.365090 0.335564 0.691533 0.698424 0.694707 0.792861 0.590711 0.475467 0.953427 0.993077 0.847535 0.906246 0.358118 0.464123 0.857872 0.942122 0.766160 0.783315 0.771739 0.974685 0.826395 0.970525 0.515210 0.612059 0.397605 0.447524 0.466171 0.471396 0.514982 0.632625 0.975240 0.945758 0.852415 0.617328 0.805170 0.712914 0.786898 0.665197 0.991583 0.937718 0.992425 0.755422 0.969529 0.989609 0.830115 0.942002 0.850438 0.659050 0.937989 0.750250 0.986843 0.937772 0.923000 0.761834 0.974655 0.970750 0.991997 0.767808 0.947954 0.888590
0.350076 0.000000 0.779556 0.656345 0.846776 0.841487 0.797793 0.660399 0.992779 0.896478 0.569176 0.418946 0.731766 0.571180 0.872742 0.757005 0.497116 0.430183 0.455969 0.400531 0.914438 0.973841 0.887293 0.876431 0.838556 0.870842 0.923509 0.807802 0.614087 0.676938 0.862499 0.847816 0.575980 0.542953 0.913767 0.972849 0.687912 0.568335 0.776360 0.868282 0.878788 0.643762 0.799684 0.628927 0.864631 0.754578 0.704500 0.710310 0.716136 0.678041 0.830246 0.791891 0.896351 0.997133 0.799322 0.721633 0.262813 0.253956 0.750289 0.777051 0.779738 0.774430 0.702565 0.566545 0.954139 0.937369 0.868828 0.935463 0.485506 0.463231 0.817734 0.867107 0.890506 0.889312 0.918744 0.979258 0.709424 0.958114 0.493713 0.637981 0.422776 0.482349 0.590624 0.472959 0.552167 0.731195 0.979428 0.967524 0.864454 0.619681 0.996161 0.924961 0.986632 0.868531 0.856965 0.940735 0.937932 0.793206 0.890062 0.864096 0.877901 0.976753 0.804795 0.732576 0.960461 0.849345 0.893456 0.804344 0.982569 0.660202 0.820018 0.902570 0.870016 0.627415 0.976845 0.946008
0.811036 0.779556 0.000000 0.503045 0.959702 0.686535 0.854380 0.733037 0.620093 0.958501 0.991750 0.770935 0.558169 0.684252 0.550296 0.504645 0.908471 0.944046 0.863856 0.766115 0.777571 0.882779 0.504126 0.574082 0.491687 0.518516 0.743801 0.976352 0.967269 0.930578 0.605451 0.667038 0.858532 0.928911 0.671293 0.872225 0.606014 0.813017 0.755468 0.718680 0.893974 0.855062 0.879748 0.866349 0.892581 0.944029 0.815684 0.861722 0.857773 0.976851 0.965757 0.913559 0.990275 0.990096 0.835632 0.967882 0.923585 0.865153 0.914238 0.923656 0.768172 0.528348 0.816544 0.923948 0.440587 0.496586 0.993706 0.891557 0.780046 0.842325 0.626590 0.738786 0.782621 0.849226 0.933673 0.962669 0.656743 0.898986 0.929044 0.798577 0.952210 0.903960 0.855300 0.853937 0.658737 0.552326 0.995576 0.750960 0.708177 0.701767 0.995338 0.965808 0.947731 0.965182 0.835700 0.840407 0.722585 0.997213 0.951981 0.907583 0.673957 0.963373 0.939417 0.881448 0.918796 0.857369 0.802934 0.958540 0.767004 0.940012 0.984351 0.916905 0.901098 0.899198 0.672774 0.940841
0.702972 0.656345 0.503045 0.000000 0.960146 0.836541 0.879340 0.494224 0.841416 0.987083 0.967601 0.580330 0.646264 0.551878 0.669432 0.511913 0.961510 0.894106 0.788806 0.744320 0.642285 0.816592 0.573090 0.458384 0.497446 0.492857 0.726706 0.892082 0.907615 0.948910 0.662645 0.669967 0.775957 0.871825 0.831808 0.874705 0.581817 0.722735 0.597780 0.781434 0.968172 0.726093 0.968849 0.863122 0.736053 0.842571 0.989236 0.960142 0.753357 0.914662 0.886810 0.948369 0.920544 0.879828 0.897141 0.941583 0.760500 0.698829 0.929157 0.948267 0.873423 0.583820 0.953324 0.876460 0.548497 0.588940 0.969352 0.997555 0.667878 0.735011 0.743910 0.770579 0.948702 0.996855 0.916661 0.954951 0.698238 0.995073 0.886845 0.952216 0.963812 0.879477 0.782298 0.780226 0.782302 0.543168 0.957012 0.799260 0.708058 0.561736 0.924450 0.778530 0.988033 0.893520 0.882635 0.839889 0.898185 0.957878 0.918820 0.987176 0.760262 0.848926 0.851162 0.980703 0.816574 0.789770 0.856483 0.995896 0.880773 0.905329 0.937235 0.775021 0.909718 0.843528 0.796512 0.938533
0.905809 0.846776 0.959702 0.960146 0.000000 0.968317 0.727624 0.899489 0.880144 0.847664 0.889074 0.961392 0.830915 0.943007 0.897782 0.979292 0.996192 0.994101 0.915344 0.846963 0.975354 0.990095 0.826970 0.883593 0.996242 0.894136 0.865080 0.790170 0.922221 0.891531 0.697852 0.915487 0.922950 0.835296 0.842163 0.806331 0.902001 0.748992 0.975343 0.865443 0.846760 0.775790 0.891558 0.923080 0.938623 0.977890 0.961249 0.957080 0.982959 0.970176 0.992193 0.964709 0.969775 0.937487 0.876402 0.909335 0.812562 0.864592 0.775692 0.828048 0.735706 0.969975 0.826258 0.901597 0.991829 0.890241 0.757638 0.701690 0.959494 0.721654 0.873897 0.926588 0.863899 0.806445 0.922000 0.898876 0.997962 0.711585 0.891982 0.933031 0.917427 0.827344 0.959263 0.888339 0.973188 0.981356 0.979916 0.995349 0.889632 0.837206 0.948812 0.966452 0.933025 0.956651 0.939241 0.913518 0.921163 0.977915 0.896264 0.808736 0.895812 0.816002 0.890528 0.862275 0.833770 0.684350 0.939914 0.970096 0.885190 0.891177 0.930381 0.916048 0.935786 0.815265 0.690655 0.942917
0.952918 0.841487 0.686535 0.836541 0.968317 0.000000 0.951579 0.951991 0.773244 0.991984 0.834861 0.986083 0.803985 0.912179 0.670382 0.693994 0.754505 0.739049 0.777249 0.977217 0.921617 0.821463 0.816580 0.751149 0.790274 0.703896 0.848513 0.690946 0.792923 0.928007 0.809510 0.932371 0.921526 0.809134 0.933149 0.891775 0.804337 0.916533 0.887000 0.854798 0.845471 0.966031 0.993663 0.899709 0.818320 0.811337 0.929022 0.881992 0.767556 0.857958 0.852970 0.933131 0.963891 0.950497 0.825254 0.965463 0.679910 0.781437 0.809608 0.984423 0.958942 0.730852 0.779046 0.842937 0.730159 0.663692 0.869684 0.979669 0.959556 0.961837 0.767543 0.784091 0.751789 0.900832 0.857708 0.893214 0.905841 0.953585 0.878587 0.928730 0.831141 0.951125 0.922800 0.849571 0.903922 0.896332 0.957837 0.942188 0.893953 0.968175 0.897180 0.946158 0.910281 0.831602 0.990299 0.962835 0.795728 0.916398 0.991747 0.906902 0.980500 0.932692 0.950988 0.844433 0.980917 0.932806 0.853036 0.988706 0.802496 0.913940 0.994880 0.933270 0.942994 0.889004 0.934078 0.915098
0.888818 0.797793 0.854380 0.879340 0.727624 0.951579 0.000000 0.370474 0.797180 0.423529 0.806967 0.747344 0.751968 0.979415 0.954544 0.910792 0.738231 0.768165 0.603963 0.973092 0.810932 0.985493 0.793681 0.701074 0.677720 0.794664 0.751071 0.546054 0.746494 0.811010 0.659928 0.894794 0.576105 0.449258 0.862074 0.853197 0.854885 0.721990 0.731739 0.768996 0.861322 0.944156 0.476385 0.481247 0.496750 0.484233 0.570750 0.533343 0.546108 0.528660 0.503181 0.495514 0.639545 0.635928 0.929034 0.799409 0.800833 0.751315 0.417430 0.494660 0.371626 0.731129 0.509201 0.515941 0.798094 0.890060 0.321441 0.395038 0.944913 0.969626 0.678589 0.744692 0.967607 0.968828 0.980364 0.880032 0.577206 0.928938 0.695373 0.927345 0.901070 0.852169 0.956584 0.958804 0.971424 0.768573 0.999351 0.720731 0.948545 0.929331 0.654431 0.642834 0.680974 0.700096 0.787856 0.931558 0.751549 0.669363 0.409782 0.457852 0.662394 0.621968 0.585424 0.603992 0.734112 0.724606 0.803374 0.640483 0.858641 0.816209 0.536130 0.602300 0.473512 0.724799 0.587956 0.955528
0.740695 0.660399 0.733037 0.494224 0.899489 0.951991 0.370474 0.000000 0.806960 0.494812 0.865991 0.540617 0.622289 0.688996 0.822155 0.758064 0.756638 0.755663 0.607882 0.833747 0.982878 0.863900 0.658957 0.907480 0.960751 0.929300 0.937248 0.731723 0.880376 0.855675 0.587079 0.789804 0.556908 0.523443 0.852272 0.927662 0.902873 0.940512 0.936347 0.888273 0.897493 0.863695 0.617960 0.514927 0.742280 0.673408 0.648295 0.647931 0.773214 0.671387 0.654247 0.631700 0.713192 0.734359 0.895061 0.789193 0.718814 0.648650 0.587657 0.605437 0.439849 0.508453 0.641816 0.536097 0.936301 0.854789 0.499316 0.541976 0.907460 0.823440 0.601521 0.679887 0.991772 0.984174 0.889458 0.961426 0.559077 0.989856 0.661139 0.929653 0.904477 0.963444 0.896785 0.950945 0.905857 0.928493 0.985374 0.660139 0.855182 0.809163 0.742515 0.851725 0.720259 0.853948 0.810451 0.957606 0.708645 0.708986 0.586365 0.596544 0.837253 0.847075 0.780295 0.666909 0.691442 0.756277 0.790913 0.698358 0.843089 0.786788 0.614099 0.827557 0.546812 0.726921 0.674898 0.948762
0.832441 0.992779 0.620093 0.841416 0.880144 0.773244 0.797180 0.806960 0.000000 0.735042 0.854374 0.992390 0.845860 0.990436 0.686238 0.789312 0.734214 0.739056 0.956885 0.922664 0.997904 0.874726 0.682092 0.927654 0.839840 0.727553 0.987614 0.923160 0.937464 0.833596 0.664429 0.896319 0.935404 0.953607 0.770731 0.936670 0.810249 0.991540 0.985813 0.945199 0.992465 0.997720 0.608789 0.761840 0.864771 0.934384 0.812340 0.928719 0.954110 0.901826 0.856291 0.839805 0.795676 0.728935 0.988618 0.989904 0.851387 0.877296 0.868882 0.971788 0.819582 0.563167 0.746895 0.834246 0.724454 0.685274 0.974162 0.933313 0.826334 0.751425 0.500417 0.552933 0.763443 0.786853 0.933484 0.918977 0.671792 0.705586 0.916707 0.948911 0.765756 0.861671 0.763219 0.828518 0.930000 0.982029 0.868740 0.757675 0.953668 0.999881 0.564525 0.608316 0.675914 0.649911 0.876535 0.854990 0.763069 0.961933 0.667073 0.636507 0.955397 0.778914 0.902352 0.888884 0.828199 0.870550 0.717922 0.817238 0.864385 0.934764 0.818465 0.964040 0.756555 0.872635 0.820840 0.650959
0.977329 0.896478 0.958501 0.987083 0.847664 0.991984 0.423529 0.494812 0.735042 0.000000 0.881967 0.840801 0.848312 0.964058 0.972140 0.935471 0.872516 0.932665 0.760921 0.882165 0.843646 0.960166 0.909155 0.731180 0.688234 0.833776 0.738918 0.627372 0.847124 0.965546 0.654054 0.857400 0.667634 0.658808 0.967569 0.886410 0.860598 0.736421 0.790779 0.781478 0.998260 0.974420 0.450829 0.478400 0.498440 0.493064 0.583637 0.674472 0.511071 0.555758 0.491868 0.508021 0.529924 0.562188 0.987936 0.899906 0.884480 0.869989 0.565880 0.640200 0.504478 0.678064 0.685458 0.627414 0.737686 0.807069 0.490537 0.597684 0.817705 0.897467 0.615406 0.631746 0.969266 0.886080 0.996042 0.898064 0.565689 0.812250 0.739075 0.976832 0.988750 0.711538 0.789058 0.722324 0.807252 0.638497 0.876148 0.588697 0.920903 0.858443 0.598586 0.566823 0.639023 0.648929 0.887477 0.918239 0.653729 0.712312 0.402285 0.496189 0.628725 0.633020 0.525455 0.642481 0.764902 0.832517 0.931864 0.658583 0.870878 0.747010 0.501482 0.715477 0.579925 0.801630 0.794776 0.900742
0.441982 0.569176 0.991750 0.967601 0.889074 0.834861 0.806967 0.865991 0.854374 0.881967 0.000000 0.529002 0.753030 0.726496 0.907617 0.923502 0.396086 0.363731 0.562906 0.440525 0.975945 0.897321 0.977465 0.889439 0.946464 0.902519 0.954272 0.805706 0.435730 0.403714 0.796294 0.813228 0.572770 0.533535 0.944232 0.949026 0.984240 0.864312 0.982606 0.968049 0.790236 0.670307 0.911244 0.905453 0.971589 0.979082 0.821912 0.835646 0.900633 0.968240 0.922252 0.964502 0.828090 0.793909 0.863228 0.993987 0.509053 0.512691 0.716419 0.715523 0.741094 0.974980 0.475594 0.432928 0.754248 0.803492 0.852371 0.900866 0.458745 0.611665 0.943224 0.964330 0.749943 0.697999 0.871250 0.904620 0.877032 0.755818 0.623622 0.847664 0.538522 0.689721 0.654550 0.606634 0.816210 0.947428 0.925880 0.981034 0.847991 0.970766 0.767167 0.724010 0.678520 0.726530 0.943165 0.874146 0.920751 0.764902 0.988053 0.985399 0.973539 0.946660 0.795612 0.615047 0.943997 0.638573 0.923087 0.944876 0.980691 0.844356 0.960120 0.967291 0.947551 0.886164 0.970001 0.859279
0.371264 0.418946 0.770935 0.580330 0.961392 0.986083 0.747344 0.540617 0.992390 0.840801 0.529002 0.000000 0.464598 0.379582 0.648150 0.534713 0.462336 0.393100 0.432518 0.413000 0.837795 0.951480 0.624389 0.762487 0.819465 0.891581 0.944902 0.794012 0.581691 0.493116 0.658095 0.639872 0.469341 0.519252 0.973618 0.976818 0.679225 0.693543 0.817247 0.964538 0.828007 0.672510 0.884736 0.702444 0.984032 0.933197 0.720801 0.782644 0.936983 0.922363 0.957555 0.926892 0.994408 0.974930 0.793978 0.788189 0.472441 0.423730 0.741738 0.784579 0.598031 0.631921 0.568227 0.424194 0.969483 0.930051 0.805786 0.854812 0.449816 0.563034 0.670160 0.694959 0.695008 0.758664 0.831450 0.978581 0.722841 0.881684 0.460115 0.731991 0.492071 0.557776 0.539213 0.531512 0.588581 0.694317 0.990931 0.915350 0.810089 0.640132 0.963388 0.801261 0.924383 0.804371 0.971275 0.908108 0.926573 0.755516 0.883408 0.882432 0.942772 0.969206 0.873295 0.624211 0.772802 0.696326 0.961602 0.801207 0.880082 0.737947 0.959007 0.970970 0.883211 0.806856 0.842922 0.902302
0.598552 0.731766 0.558169 0.646264 0.830915 0.803985 0.751968 0.622289 0.845860 0.848312 0.753030 0.464598 0.000000 0.465769 0.410328 0.427930 0.749347 0.707318 0.646716 0.629841 0.782822 0.978978 0.432153 0.680036 0.730167 0.810310 0.946237 0.833671 0.725651 0.620743 0.493046 0.630657 0.559232 0.637688 0.828429 0.977217 0.760152 0.939792 0.819491 0.952220 0.937599 0.869109 0.819638 0.773439 0.967227 0.909152 0.682359 0.733302 0.998469 0.911870 0.915264 0.807161 0.899642 0.907473 0.788174 0.851390 0.839006 0.745155 0.797031 0.786054 0.495109 0.524150 0.742946 0.659548 0.718216 0.711629 0.798908 0.721455 0.627528 0.747469 0.593361 0.690735 0.639755 0.728211 0.855221 0.996638 0.722871 0.839058 0.697771 0.692277 0.754913 0.748895 0.749049 0.741714 0.575165 0.616360 0.893297 0.841720 0.658745 0.674654 0.967622 0.898939 0.900631 0.836452 0.978779 0.851956 0.725606 0.842835 0.836425 0.843014 0.897837 0.851420 0.917038 0.714659 0.794067 0.735855 0.933904 0.953743 0.675151 0.899255 0.933739 0.974704 0.875852 0.880586 0.647775 0.995457
0.486205 0.571180 0.684252 0.551878 0.943007 0.912179 0.979415 0.688996 0.990436 0.964058 0.726496 0.379582 0.465769 0.000000 0.547233 0.376529 0.619435 0.559332 0.621884 0.465478 0.768068 0.950094 0.583249 0.564668 0.667934 0.731005 0.958192 0.996396 0.726604 0.569113 0.707291 0.599575 0.550424 0.775089 0.920373 0.988092 0.583210 0.624748 0.643853 0.755747 0.900109 0.688042 0.974925 0.897126 0.870724 0.917086 0.886492 0.950207 0.873488 0.932981 0.978581 0.994762 0.953895 0.986178 0.792243 0.877451 0.653485 0.602349 0.986821 0.986080 0.751950 0.542180 0.798102 0.637044 0.787548 0.742509 0.993937 0.983942 0.521991 0.576311 0.646748 0.718829 0.653539 0.869871 0.771178 0.863325 0.835248 0.949431 0.679911 0.760988 0.552242 0.554758 0.510049 0.534742 0.527605 0.522249 0.849171 0.911029 0.681742 0.610066 0.944181 0.741550 0.884072 0.757528 0.981372 0.918836 0.898838 0.895958 0.976353 0.918554 0.811266 0.977558 0.920364 0.701744 0.925118 0.805820 0.943586 0.935349 0.853423 0.865912 0.957214 0.937463 0.982891 0.844805 0.958370 0.902424
0.754526 0.872742 0.550296 0.669432 0.897782 0.670382 0.954544 0.822155 0.686238 0.972140 0.907617 0.648150 0.410328 0.547233 0.000000 0.385586 0.900237 0.886955 0.757428 0.736018 0.723105 0.857785 0.414446 0.594221 0.658587 0.780717 0.931106 0.993794 0.799770 0.660432 0.492656 0.594004 0.636256 0.854384 0.809670 0.901828 0.664382 0.931153 0.837686 0.818495 0.969918 0.941748 0.890930 0.866890 0.896864 0.927532 0.781688 0.808730 0.854498 0.918193 0.951388 0.924999 0.990627 0.991384 0.846334 0.936312 0.980337 0.922301 0.984332 0.928274 0.676343 0.607144 0.926482 0.847971 0.629529 0.626466 0.995850 0.892881 0.701418 0.894593 0.560674 0.693659 0.642477 0.819022 0.826956 0.921412 0.792647 0.756826 0.829048 0.723315 0.820146 0.792329 0.750260 0.833785 0.562426 0.600143 0.989233 0.915677 0.709583 0.824277 0.934798 0.836763 0.792782 0.814192 0.971237 0.990329 0.872440 0.913349 0.978826 0.964142 0.760358 0.967925 0.930713 0.903590 0.874976 0.713457 0.905063 0.968933 0.671711 0.896439 0.936988 0.858193 0.909363 0.960708 0.692788 0.990941
0.675758 0.757005 0.504645 0.511913 0.979292 0.693994 0.910792 0.758064 0.789312 0.935471 0.923502 0.534713 0.427930 0.376529 0.385586 0.000000 0.941398 0.878961 0.774388 0.635021 0.703516 0.911803 0.397986 0.387448 0.486300 0.580824 0.831631 0.928673 0.924296 0.749166 0.570503 0.557860 0.729721 0.956814 0.803368 0.891265 0.537733 0.697000 0.574484 0.743337 0.982572 0.770437 0.993315 0.947048 0.778442 0.829146 0.863007 0.977277 0.723878 0.819629 0.862622 0.958964 0.985823 0.970929 0.792387 0.963098 0.894360 0.863424 0.842055 0.941902 0.788282 0.477169 0.910261 0.926451 0.501489 0.474208 0.890183 0.983921 0.682702 0.711191 0.562211 0.691852 0.572843 0.826102 0.837727 0.886914 0.881908 0.906241 0.858340 0.782304 0.850493 0.710767 0.623308 0.709796 0.512352 0.405340 0.912495 0.899020 0.670855 0.597400 0.918070 0.754157 0.840656 0.759756 0.994905 0.989121 0.856278 0.962461 0.915883 0.943015 0.667168 0.957568 0.820636 0.973994 0.962165 0.848309 0.939694 0.966310 0.797996 0.907513 0.917502 0.756141 0.911781 0.993403 0.827237 0.949522
0.420369 0.497116 0.908471 0.961510 0.996192 0.754505 0.738231 0.756638 0.734214 0.872516 0.396086 0.462336 0.749347 0.619435 0.900237 0.941398 0.000000 0.254126 0.472127 0.444900 0.991326 0.912609 0.977353 0.834770 0.827862 0.722989 0.906018 0.772357 0.373873 0.339833 0.893808 0.872662 0.471921 0.460482 0.868564 0.906637 0.921119 0.858422 0.974801 0.966866 0.773090 0.723505 0.964033 0.719375 0.841364 0.783145 0.729634 0.721030 0.718506 0.744206 0.848513 0.815557 0.951588 0.993313 0.881039 0.749009 0.405053 0.392152 0.586262 0.740566 0.657945 0.995017 0.340342 0.296763 0.638914 0.671318 0.685499 0.834903 0.506301 0.585909 0.928405 0.990130 0.836791 0.830618 0.834646 0.982011 0.865007 0.915076 0.449749 0.745285 0.361952 0.627911 0.588035 0.591917 0.747964 0.947424 0.970337 0.968342 0.943381 0.897356 0.876864 0.795065 0.809204 0.761829 0.926006 0.741800 0.952682 0.694481 0.866931 0.910723 0.951353 0.995780 0.724996 0.474741 0.877067 0.733618 0.971548 0.822485 0.938503 0.733364 0.980800 0.851963 0.873500 0.822100 0.952182 0.790865
0.359754 0.430183 0.944046 0.894106 0.994101 0.739049 0.768165 0.755663 0.739056 0.932665 0.363731 0.393100 0.707318 0.559332 0.886955 0.878961 0.254126 0.000000 0.388151 0.371295 0.988224 0.888842 0.927100 0.947290 0.908451 0.816509 0.940462 0.784062 0.376442 0.354647 0.881881 0.817985 0.452286 0.407641 0.899349 0.966426 0.901608 0.777095 0.969722 0.925852 0.820952 0.676287 0.988858 0.739028 0.899080 0.822827 0.773978 0.717276 0.779505 0.837833 0.922259 0.908369 0.961315 0.907111 0.913201 0.790634 0.353920 0.356299 0.595306 0.738036 0.680485 0.973326 0.365116 0.319690 0.728421 0.757991 0.720795 0.827774 0.458138 0.553115 0.937174 0.995011 0.818435 0.832866 0.815610 0.974120 0.929015 0.899062 0.448125 0.750491 0.345163 0.523279 0.524271 0.455821 0.681652 0.852683 0.977474 0.921962 0.972591 0.816382 0.829562 0.721085 0.753207 0.701182 0.946918 0.868996 0.887416 0.704439 0.931255 0.941402 0.976984 0.999032 0.785818 0.507470 0.878941 0.694525 0.936547 0.840423 0.997632 0.801104 0.955591 0.888642 0.930581 0.760205 0.948995 0.814581
0.501109 0.455969 0.863856 0.788806 0.915344 0.777249 0.603963 0.607882 0.956885 0.760921 0.562906 0.432518 0.646716 0.621884 0.757428 0.774388 0.472127 0.388151 0.000000 0.494186 0.995102 0.952461 0.648866 0.988143 0.976490 0.857555 0.920760 0.673212 0.457449 0.500072 0.676019 0.687150 0.414662 0.385665 0.928685 0.899679 0.815005 0.857417 0.989674 0.972585 0.986860 0.796462 0.626362 0.517362 0.708425 0.639145 0.537637 0.533007 0.655694 0.716924 0.752920 0.708698 0.910789 0.926734 0.969133 0.846013 0.421384 0.439209 0.521835 0.622679 0.523203 0.774378 0.476101 0.408219 0.894580 0.937562 0.598696 0.604199 0.677258 0.724868 0.765005 0.825550 0.876643 0.832770 0.879859 0.986001 0.787480 0.822822 0.496250 0.761590 0.521952 0.676529 0.664649 0.561467 0.634983 0.825271 0.981231 0.941171 0.930242 0.814185 0.971805 0.885582 0.853617 0.805181 0.873581 0.916251 0.979327 0.674891 0.735068 0.672799 0.954946 0.885098 0.732852 0.543736 0.890082 0.667902 0.986584 0.835110 0.905753 0.728735 0.823259 0.824852 0.768629 0.623271 0.758353 0.954455
0.361190 0.400531 0.766115 0.744320 0.846963 0.977217 0.973092 0.833747 0.922664 0.882165 0.440525 0.413000 0.629841 0.465478 0.736018 0.635021 0.444900 0.371295 0.494186 0.000000 0.842361 0.970996 0.781729 0.742954 0.794434 0.875102 0.865260 0.884607 0.545035 0.482141 0.819488 0.790185 0.600645 0.624972 0.953933 0.984323 0.671834 0.590906 0.802654 0.786906 0.824065 0.580832 0.940705 0.884491 0.885491 0.956243 0.837090 0.856013 0.983931 0.999427 0.884751 0.924271 0.851036 0.765041 0.845247 0.877400 0.435388 0.413548 0.879160 0.858801 0.825829 0.783319 0.680570 0.570185 0.936220 0.932029 0.993286 0.980162 0.386557 0.437660 0.884270 0.965678 0.672088 0.781123 0.781349 0.896106 0.853885 0.935027 0.594691 0.680056 0.458125 0.425133 0.532001 0.374865 0.511207 0.610075 0.915506 0.926468 0.881570 0.654422 0.808644 0.657287 0.732714 0.675019 0.940530 0.916367 0.920515 0.811272 0.893410 0.936782 0.782954 0.889349 0.997937 0.761190 0.967284 0.797531 0.959194 0.927557 0.904145 0.772248 0.948109 0.917436 0.921639 0.810861 0.965052 0.841532
0.841043 0.914438 0.777571 0.642285 0.975354 0.921617 0.810932 0.982878 0.997904 0.843646 0.975945 0.837795 0.782822 0.768068 0.723105 0.703516 0.991326 0.988224 0.995102 0.842361 0.000000 0.861575 0.757775 0.635330 0.654354 0.786233 0.898139 0.855413 0.965089 0.954058 0.847454 0.713333 0.938780 0.978328 0.922871 0.876414 0.754926 0.873653 0.788099 0.836864 0.889986 0.912513 0.791243 0.916543 0.730327 0.777748 0.875382 0.901716 0.708958 0.781137 0.786919 0.810416 0.835010 0.829715 0.922532 0.895821 0.960710 0.916602 0.779698 0.863131 0.886609 0.932432 0.902645 0.956940 0.764841 0.791655 0.772290 0.756099 0.733857 0.861470 0.962278 0.971728 0.993228 0.934526 0.960610 0.942810 0.878666 0.956547 0.990252 0.964590 0.987482 0.898096 0.848965 0.897787 0.869317 0.677099 0.964054 0.921059 0.839954 0.747473 0.862694 0.729618 0.851936 0.843270 0.978693 0.921292 0.910560 0.906133 0.783563 0.822177 0.756713 0.846036 0.770252 0.900923 0.920425 0.947140 0.932896 0.904855 0.902164 0.943296 0.815051 0.676756 0.708194 0.952098 0.880433 0.921165
0.948097 0.973841 0.882779 0.816592 0.990095 0.821463 0.985493 0.863900 0.874726 0.960166 0.897321 0.951480 0.978978 0.950094 0.857785 0.911803 0.912609 0.888842 0.952461 0.970996 0.861575 0.000000 0.997011 0.921666 0.990920 0.928828 0.855821 0.911380 0.831077 0.948994 0.876000 0.949733 0.972015 0.923713 0.839976 0.926990 0.898977 0.943391 0.849393 0.792522 0.879020 0.932755 0.961096 0.876948 0.986807 0.974691 0.949790 0.979117 0.994015 0.914566 0.905196 0.924264 0.899803 0.891778 0.845068 0.858222 0.975373 0.998912 0.918554 0.951526 0.970385 0.973103 0.966359 0.930439 0.922631 0.990869 0.933391 0.948671 0.932864 0.962116 0.998096 0.919653 0.885886 0.821023 0.895840 0.967840 0.943803 0.959589 0.985302 0.951942 0.921178 0.951252 0.993582 0.979002 0.966097 0.965174 0.918131 0.986784 0.962162 0.999816 0.898480 0.960621 0.904132 0.988435 0.998580 0.984180 0.819044 0.974809 0.975848 0.913647 0.956384 0.945847 0.985147 0.910982 0.910722 0.950765 0.843915 0.852254 0.949426 0.940636 0.975900 0.870720 0.985248 0.927318 0.931242 0.980418
0.844716 0.887293 0.504126 0.573090 0.826970 0.816580 0.793681 0.658957 0.682092 0.909155 0.977465 0.624389 0.432153 0.583249 0.414446 0.397986 0.977353 0.927100 0.648866 0.781729 0.757775 0.997011 0.000000 0.540874 0.638928 0.736030 0.938767 0.896942 0.865699 0.779969 0.414147 0.468668 0.673558 0.820205 0.843559 0.914493 0.753517 0.908150 0.870819 0.956570 0.922040 0.929858 0.772665 0.795931 0.945369 0.963059 0.736755 0.813701 0.830565 0.851305 0.961478 0.953255 0.993140 0.996176 0.989482 0.967559 0.983292 0.961425 0.941421 0.901403 0.613501 0.508366 0.961774 0.865270 0.585920 0.511413 0.865705 0.746140 0.861590 0.925209 0.572771 0.638276 0.637991 0.866582 0.898644 0.952479 0.805789 0.816502 0.878100 0.839462 0.966944 0.877511 0.748227 0.802321 0.615659 0.586093 0.953502 0.892696 0.708186 0.687617 0.967254 0.858004 0.873559 0.918261 0.865606 0.947906 0.857022 0.892360 0.903816 0.833430 0.845166 0.918553 0.908132 0.930405 0.837450 0.726375 0.952610 0.932664 0.733289 0.977269 0.899217 0.888130 0.914161 0.917771 0.542001 0.983015
0.804161 0.876431 0.574082 0.458384 0.883593 0.751149 0.701074 0.907480 0.927654 0.731180 0.889439 0.762487 0.680036 0.564668 0.594221 0.387448 0.834770 0.947290 0.988143 0.742954 0.635330 0.921666 0.540874 0.000000 0.377157 0.455313 0.686013 0.786811 0.829076 0.984278 0.798420 0.700210 0.987338 0.840185 0.788235 0.837534 0.625608 0.639059 0.519031 0.621664 0.965550 0.752226 0.807110 0.870430 0.587834 0.654295 0.886671 0.886724 0.540756 0.654480 0.669888 0.735060 0.799458 0.728242 0.959618 0.953602 0.981267 0.959984 0.699171 0.863583 0.901597 0.644607 0.705283 0.821289 0.406889 0.421268 0.721521 0.841629 0.739845 0.774388 0.844869 0.912442 0.835980 0.954406 0.862490 0.915816 0.995945 0.959333 0.905773 0.909896 0.956341 0.773807 0.715635 0.771728 0.657871 0.367155 0.944022 0.962032 0.603421 0.515812 0.765220 0.613957 0.782126 0.727942 0.992052 0.852205 0.972571 0.874318 0.684426 0.774909 0.571050 0.733718 0.651828 0.830802 0.966617 0.962578 0.933628 0.784148 0.939197 0.986901 0.845230 0.613213 0.745646 0.982659 0.917217 0.933038
0.829253 0.838556 0.491687 0.497446 0.996242 0.790274 0.677720 0.960751 0.839840 0.688234 0.946464 0.819465 0.730167 0.667934 0.658587 0.486300 0.827862 0.908451 0.976490 0.794434 0.654354 0.990920 0.638928 0.377157 0.000000 0.375311 0.608664 0.704417 0.824906 0.950051 0.776117 0.690032 0.905672 0.804095 0.829606 0.824159 0.596284 0.568918 0.513936 0.624013 0.949632 0.770000 0.780170 0.812510 0.532630 0.585759 0.863676 0.815547 0.519547 0.666571 0.606556 0.682208 0.741686 0.702925 0.919904 0.926322 0.948051 0.951155 0.642357 0.858467 0.833837 0.739740 0.612618 0.751258 0.376528 0.486225 0.632762 0.744065 0.671965 0.819497 0.844332 0.917575 0.749907 0.785368 0.999330 0.961133 0.918383 0.911137 0.858333 0.958966 0.931035 0.840856 0.802635 0.820055 0.700972 0.392603 0.962355 0.972418 0.640494 0.588992 0.707295 0.658348 0.744465 0.743121 0.957590 0.871409 0.996565 0.878006 0.662120 0.730836 0.558525 0.765444 0.724520 0.768310 0.944992 0.941718 0.904462 0.725992 0.894025 0.985085 0.841142 0.583135 0.803613 0.905848 0.900990 0.978653
0.895118 0.870842 0.518516 0.492857 0.894136 0.703896 0.794664 0.929300 0.727553 0.833776 0.902519 0.891581 0.810310 0.731005 0.780717 0.580824 0.722989 0.816509 0.857555 0.875102 0.786233 0.928828 0.736030 0.455313 0.375311 0.000000 0.724671 0.749986 0.756935 0.809731 0.854787 0.853190 0.854081 0.758079 0.757723 0.753543 0.652550 0.600518 0.523775 0.780269 0.968858 0.747048 0.848447 0.809470 0.609116 0.637974 0.813529 0.780502 0.603797 0.752378 0.709626 0.750092 0.858111 0.816454 0.932405 0.942757 0.964108 0.983574 0.600579 0.829965 0.840337 0.668024 0.577299 0.716812 0.413221 0.521520 0.657488 0.746647 0.770836 0.847835 0.778189 0.825719 0.819373 0.884541 0.910930 0.972144 0.871081 0.982303 0.799438 0.944213 0.873263 0.900751 0.940092 0.898672 0.804121 0.566600 0.952378 0.955876 0.679510 0.638986 0.931955 0.875983 0.988386 0.994823 0.930140 0.826921 0.862177 0.827452 0.809247 0.783113 0.720413 0.937145 0.817362 0.798070 0.976250 0.951277 0.873248 0.870931 0.913070 0.994713 0.954369 0.689584 0.934103 0.922188 0.980253 0.928801
0.958932 0.923509 0.743801 0.726706 0.865080 0.848513 0.751071 0.937248 0.987614 0.738918 0.954272 0.944902 0.946237 0.958192 0.931106 0.831631 0.906018 0.940462 0.920760 0.865260 0.898139 0.855821 0.938767 0.686013 0.608664 0.724671 0.000000 0.750213 0.828039 0.910625 0.986443 0.987750 0.823344 0.867591 0.918480 0.913492 0.768360 0.726457 0.823033 0.796429 0.931935 0.775234 0.810732 0.907166 0.660081 0.726997 0.914160 0.904997 0.744203 0.836253 0.687135 0.769848 0.705662 0.687182 0.961095 0.982737 0.956407 0.911092 0.815739 0.906072 0.766155 0.951287 0.774448 0.824983 0.692082 0.873576 0.693543 0.725466 0.816440 0.806180 0.911474 0.923006 0.965948 0.956817 0.987219 0.983063 0.903406 0.938874 0.948851 0.977105 0.854023 0.919465 0.881465 0.846232 0.958831 0.722183 0.899977 0.856939 0.880269 0.689236 0.741205 0.792730 0.809367 0.854485 0.825513 0.999746 0.998177 0.894350 0.729463 0.883755 0.727098 0.786187 0.883677 0.750108 0.986165 0.962835 0.875011 0.812555 0.942778 0.940547 0.888502 0.773993 0.867297 0.865405 0.981904 0.935589
0.875433 0.807802 0.976352 0.892082 0.790170 0.690946 0.546054 0.731723 0.923160 0.627372 0.805706 0.794012 0.833671 0.996396 0.993794 0.928673 0.772357 0.784062 0.673212 0.884607 0.855413 0.911380 0.896942 0.786811 0.704417 0.749986 0.750213 0.000000 0.726956 0.825859 0.909951 0.999357 0.703494 0.632844 0.785721 0.896615 0.865169 0.873832 0.752484 0.833432 0.951782 0.849985 0.644025 0.653255 0.587202 0.582768 0.619937 0.661252 0.574660 0.610098 0.621525 0.619865 0.789245 0.775940 0.893223 0.856877 0.762034 0.773628 0.547051 0.630106 0.561697 0.865484 0.626719 0.698698 0.832475 0.871045 0.541786 0.606160 0.909737 0.934635 0.890963 0.944122 0.990548 0.960771 0.940842 0.953313 0.740480 0.849634 0.854298 0.772402 0.841258 0.990920 0.957641 0.907564 0.930351 0.855111 0.999054 0.888323 0.950323 0.895462 0.867035 0.837571 0.912081 0.982003 0.943623 0.878923 0.900172 0.785420 0.642651 0.597320 0.938318 0.754907 0.750817 0.729686 0.871344 0.958691 0.891931 0.873886 0.916953 0.914149 0.787537 0.771996 0.770261 0.861499 0.856718 0.904987
0.538111 0.614087 0.967269 0.907615 0.922221 0.792923 0.746494 0.880376 0.937464 0.847124 0.435730 0.581691 0.725651 0.726604 0.799770 0.924296 0.373873 0.376442 0.457449 0.545035 0.965089 0.831077 0.865699 0.829076 0.824906 0.756935 0.828039 0.726956 0.000000 0.311662 0.763741 0.781531 0.502763 0.467613 0.925235 0.982720 0.983002 0.906866 0.887773 0.950706 0.879376 0.865156 0.875395 0.763832 0.771582 0.757321 0.667943 0.633305 0.712690 0.793134 0.822499 0.766760 0.949816 0.963946 0.961608 0.920307 0.542275 0.550733 0.607747 0.669576 0.599038 0.949701 0.415892 0.402871 0.692734 0.782385 0.700226 0.755606 0.588950 0.751784 0.839464 0.995154 0.726511 0.710787 0.878282 0.939930 0.910049 0.817635 0.543955 0.817574 0.464140 0.694414 0.642336 0.674777 0.744010 0.990503 0.983795 0.997559 0.917861 0.994932 0.858945 0.831937 0.737740 0.788120 0.959838 0.859323 0.970209 0.764812 0.840792 0.859741 0.961133 0.925389 0.696759 0.554530 0.907344 0.664803 0.970309 0.808752 0.890884 0.849625 0.987858 0.871237 0.821783 0.807197 0.906543 0.863311
0.488688 0.676938 0.930578 0.948910 0.891531 0.928007 0.811010 0.855675 0.833596 0.965546 0.403714 0.493116 0.620743 0.569113 0.660432 0.749166 0.339833 0.354647 0.500072 0.482141 0.954058 0.948994 0.779969 0.984278 0.950051 0.809731 0.910625 0.825859 0.311662 0.000000 0.719009 0.687013 0.487035 0.525536 0.972102 0.963730 0.903085 0.896691 0.989407 0.874826 0.868361 0.797907 0.935228 0.871557 0.987683 0.938226 0.740264 0.752095 0.924565 0.963741 0.996909 0.914974 0.920794 0.911096 0.828361 0.875067 0.602442 0.594073 0.691729 0.749104 0.606347 0.922544 0.410968 0.382161 0.775944 0.872983 0.752257 0.801981 0.483397 0.701063 0.834376 0.993785 0.662662 0.692151 0.733078 0.887375 0.914137 0.844381 0.580150 0.796963 0.461572 0.678291 0.555132 0.613715 0.715822 0.851016 0.973399 0.962453 0.928937 0.949551 0.739781 0.666214 0.606519 0.651367 0.930742 0.844935 0.941865 0.772960 0.989187 0.997544 0.932160 0.978248 0.844691 0.550759 0.898150 0.618637 0.939630 0.916155 0.854413 0.884791 0.890807 0.946332 0.967294 0.953394 0.866090 0.818060
0.862512 0.862499 0.605451 0.662645 0.697852 0.809510 0.659928 0.587079 0.664429 0.654054 0.796294 0.658095 0.493046 0.707291 0.492656 0.570503 0.893808 0.881881 0.676019 0.819488 0.847454 0.876000 0.414147 0.798420 0.776117 0.854787 0.986443 0.909951 0.763741 0.719009 0.000000 0.476699 0.598462 0.700394 0.991090 0.912287 0.835679 0.996245 0.932375 0.946515 0.950740 0.893101 0.697825 0.688073 0.920490 0.886632 0.697033 0.691996 0.986320 0.988121 0.873130 0.830590 0.861167 0.847436 0.974072 0.975623 0.939332 0.927961 0.847246 0.794463 0.534677 0.543577 0.818974 0.712451 0.816314 0.701201 0.757893 0.658983 0.867440 0.932850 0.519541 0.617610 0.658594 0.765108 0.866874 0.993227 0.680649 0.669935 0.752623 0.952131 0.928431 0.975137 0.872387 0.981064 0.789989 0.798802 0.903792 0.727131 0.811552 0.882090 0.924110 0.991863 0.949499 0.973760 0.902914 0.890419 0.797159 0.830606 0.789986 0.715479 0.970974 0.848701 0.885054 0.796835 0.800711 0.644327 0.785322 0.749896 0.689147 0.968598 0.748929 0.974738 0.846547 0.916797 0.609272 0.949274
0.831131 0.847816 0.667038 0.669967 0.915487 0.932371 0.894794 0.789804 0.896319 0.857400 0.813228 0.639872 0.630657 0.599575 0.594004 0.557860 0.872662 0.817985 0.687150 0.790185 0.713333 0.949733 0.468668 0.700210 0.690032 0.853190 0.987750 0.999357 0.781531 0.687013 0.476699 0.000000 0.628019 0.815044 0.976107 0.883834 0.827309 0.788602 0.920309 0.837791 0.967108 0.846084 0.884791 0.800794 0.971115 0.999035 0.753178 0.917205 0.929023 0.847916 0.989270 0.978810 0.986598 0.981872 0.957851 0.945904 0.830675 0.929938 0.995919 0.988994 0.765672 0.713021 0.867726 0.771486 0.892625 0.804338 0.940970 0.919268 0.799557 0.907816 0.731866 0.687404 0.832123 0.833239 0.971619 0.828763 0.757817 0.740841 0.805461 0.956638 0.870561 0.973021 0.737901 0.824775 0.849865 0.761379 0.869332 0.706108 0.858112 0.854774 0.904951 0.787883 0.781451 0.884037 0.991175 0.942214 0.957108 0.842847 0.983309 0.984013 0.901121 0.938945 0.979229 0.829168 0.974801 0.734060 0.966140 0.848156 0.844589 0.981586 0.876524 0.855745 0.961623 0.901895 0.655279 0.908449
0.499345 0.575980 0.858532 0.775957 0.922950 0.921526 0.576105 0.556908 0.935404 0.667634 0.572770 0.469341 0.559232 0.550424 0.636256 0.729721 0.471921 0.452286 0.414662 0.600645 0.938780 0.972015 0.673558 0.987338 0.905672 0.854081 0.823344 0.703494 0.502763 0.487035 0.598462 0.628019 0.000000 0.418362 0.878538 0.938592 0.879285 0.934958 0.921214 0.984579 0.938743 0.758166 0.717826 0.533245 0.677462 0.622209 0.592440 0.557550 0.659953 0.667272 0.629338 0.591822 0.732574 0.759654 0.855222 0.767039 0.536890 0.533207 0.558504 0.707890 0.430850 0.691756 0.423778 0.367845 0.861105 0.922174 0.549321 0.625257 0.686299 0.734304 0.674398 0.720152 0.827396 0.906417 0.783249 0.862869 0.785092 0.755735 0.493672 0.740398 0.513286 0.732314 0.621411 0.649273 0.690596 0.879640 0.999806 0.814798 0.921308 0.856656 0.902263 0.989638 0.982227 0.928609 0.948805 0.847238 0.952085 0.618226 0.629427 0.674012 0.979802 0.869882 0.720653 0.443614 0.861934 0.653351 0.994962 0.742469 0.903634 0.811882 0.733668 0.819006 0.763425 0.619197 0.673749 0.941137
0.526071 0.542953 0.928911 0.871825 0.835296 0.809134 0.449258 0.523443 0.953607 0.658808 0.533535 0.519252 0.637688 0.775089 0.854384 0.956814 0.460482 0.407641 0.385665 0.624972 0.978328 0.923713 0.820205 0.840185 0.804095 0.758079 0.867591 0.632844 0.467613 0.525536 0.700394 0.815044 0.418362 0.000000 0.984307 0.864103 0.953709 0.969185 0.908091 0.922470 0.938087 0.876531 0.706743 0.526797 0.607036 0.543181 0.553288 0.424312 0.583645 0.621223 0.652578 0.588594 0.836589 0.872346 0.860001 0.753323 0.495317 0.482108 0.371297 0.452448 0.397290 0.830742 0.340885 0.357530 0.816072 0.869583 0.428120 0.480488 0.714208 0.781707 0.878766 0.955925 0.961267 0.889132 0.846669 0.997899 0.752821 0.835212 0.520457 0.785580 0.609736 0.831827 0.737200 0.702008 0.809625 0.953831 0.971974 0.842735 0.999146 0.921523 0.997513 0.979977 0.934469 0.872030 0.884288 0.917816 0.979203 0.603448 0.650884 0.612799 0.885097 0.870084 0.605025 0.491555 0.827128 0.636117 0.971835 0.823656 0.869062 0.821113 0.724110 0.812935 0.753245 0.638365 0.681309 0.872887
0.905620 0.913767 0.671293 0.831808 0.842163 0.933149 0.862074 0.852272 0.770731 0.967569 0.944232 0.973618 0.828429 0.920373 0.809670 0.803368 0.868564 0.899349 0.928685 0.953933 0.922871 0.839976 0.843559 0.788235 0.829606 0.757723 0.918480 0.785721 0.925235 0.972102 0.991090 0.976107 0.878538 0.984307 0.000000 0.924638 0.972657 0.935828 0.979325 0.792471 0.767610 0.955411 0.859726 0.906836 0.897789 0.871099 0.825869 0.784209 0.937454 0.789969 0.849096 0.801342 0.919613 0.909415 0.844911 0.823978 0.935144 0.932591 0.956692 0.799436 0.807924 0.758025 0.934587 0.914124 0.707813 0.777755 0.850428 0.816685 0.965560 0.965447 0.795147 0.977378 0.989340 0.944118 0.969395 0.827523 0.814645 0.977579 0.928899 0.913707 0.953942 0.940592 0.974596 0.925577 0.802371 0.792893 0.890351 0.966422 0.914823 0.813176 0.925078 0.905505 0.923320 0.986672 0.994244 0.850621 0.876929 0.984108 0.861278 0.848950 0.701358 0.914174 0.949472 0.993277 0.907658 0.922189 0.962941 0.882719 0.998683 0.979018 0.952768 0.981116 0.834914 0.861654 0.904614 0.977293
0.932034 0.972849 0.872225 0.874705 0.806331 0.891775 0.853197 0.927662 0.936670 0.886410 0.949026 0.976818 0.977217 0.988092 0.901828 0.891265 0.906637 0.966426 0.899679 0.984323 0.876414 0.926990 0.914493 0.837534 0.824159 0.753543 0.913492 0.896615 0.982720 0.963730 0.912287 0.883834 0.938592 0.864103 0.924638 0.000000 0.917719 0.921921 0.982885 0.966394 0.825288 0.969592 0.837303 0.834369 0.752941 0.787875 0.896443 0.823770 0.819550 0.809099 0.763934 0.826991 0.734523 0.757219 0.955166 0.987793 0.999084 0.945947 0.802119 0.953301 0.848084 0.956586 0.877768 0.893043 0.852487 0.895461 0.791962 0.789233 0.889312 0.961390 0.981461 0.990190 0.945017 0.960083 0.952588 0.990123 0.874058 0.931382 0.954432 0.967650 0.981735 0.896091 0.998534 0.920396 0.972947 0.955973 0.975150 0.924901 0.935034 0.959483 0.904616 0.778930 0.872786 0.965500 0.918796 0.939005 0.945782 0.856165 0.791933 0.708013 0.822097 0.921074 0.813928 0.798634 0.952316 0.986503 0.954201 0.880433 0.861512 0.926630 0.879747 0.673980 0.988411 0.916014 0.970145 0.921095
0.725356 0.687912 0.606014 0.581817 0.902001 0.804337 0.854885 0.902873 0.810249 0.860598 0.984240 0.679225 0.760152 0.583210 0.664382 0.537733 0.921119 0.901608 0.815005 0.671834 0.754926 0.898977 0.753517 0.625608 0.596284 0.652550 0.768360 0.865169 0.983002 0.903085 0.835679 0.827309 0.879285 0.953709 0.972657 0.917719 0.000000 0.633172 0.697905 0.718865 0.818923 0.801650 0.978678 0.905715 0.791009 0.872036 0.952828 0.984485 0.842654 0.919341 0.883690 0.939904 0.965547 0.999452 0.826816 0.970807 0.784596 0.729435 0.763545 0.832911 0.964565 0.653989 0.790338 0.998263 0.647054 0.706203 0.743016 0.874925 0.684107 0.715284 0.776228 0.695309 0.760702 0.876545 0.970290 0.966344 0.860374 0.930245 0.843196 0.834522 0.826221 0.737181 0.796092 0.768441 0.642337 0.584194 0.978130 0.930640 0.727780 0.635675 0.965940 0.952719 0.968114 0.974706 0.983261 0.856754 0.932728 0.981123 0.949572 0.954215 0.737153 0.934193 0.973217 0.985532 0.904761 0.948039 0.953187 0.975792 0.829249 0.890019 0.869998 0.966548 0.915020 0.897817 0.991486 0.942877
0.655969 0.568335 0.813017 0.722735 0.748992 0.916533 0.721990 0.940512 0.991540 0.736421 0.864312 0.693543 0.939792 0.624748 0.931153 0.697000 0.858422 0.777095 0.857417 0.590906 0.873653 0.943391 0.908150 0.639059 0.568918 0.600518 0.726457 0.873832 0.906866 0.896691 0.996245 0.788602 0.934958 0.969185 0.935828 0.921921 0.633172 0.000000 0.662781 0.730598 0.778478 0.611387 0.862618 0.995253 0.757089 0.798006 0.979875 0.926596 0.870970 0.866344 0.852460 0.808763 0.914795 0.820099 0.898904 0.905046 0.591320 0.638986 0.753794 0.844876 0.792469 0.873010 0.879866 0.996217 0.734895 0.867929 0.682652 0.693057 0.632708 0.669284 0.985648 0.913300 0.835211 0.950081 0.942313 0.962151 0.931919 0.947155 0.802716 0.876259 0.707794 0.580713 0.637714 0.514661 0.648992 0.616496 0.932142 0.871838 0.770707 0.598237 0.876906 0.770153 0.865029 0.827555 0.983309 0.927970 0.975923 0.945058 0.784914 0.778894 0.800950 0.809787 0.954446 0.999748 0.911699 0.992661 0.995004 0.950284 0.921765 0.856796 0.900559 0.817820 0.824201 0.812159 0.841438 0.921117
