0.000000 0.386298 0.642734 0.552277 0.853606 0.690315 0.539487 0.419742 0.722564 0.943660 0.426093 0.326728 0.440623 0.454869 0.703170 0.545117 0.406904 0.434528 0.444057 0.354723 0.855117 0.978639 0.626858 0.616675 0.750703 0.684771 0.926956 0.799022 0.439799 0.508397 0.537588 0.564994 0.364150 0.381181 0.543666 0.764455 0.551085 0.807027 0.930432 0.970688 0.813507 0.827510 0.597161 0.590727 0.666106 0.675010 0.503892 0.600648 0.974582 0.850032 0.818004 0.853337 0.945621 0.976435 0.690739 0.733931 0.383349 0.468452 0.370098 0.610571 0.413099 0.481570 0.342218 0.423482 0.614747 0.556063 0.482630 0.516306 0.578351 0.663281 0.616344 0.685647 0.689702 0.626293 0.934084 0.801695 0.670515 0.710555 0.681221 0.816621 0.388885 0.439159 0.536122 0.650437 0.471973 0.490295 0.965644 0.995356 0.713825 0.598309 0.715313 0.930161 0.751825 0.893881 0.654971 0.806255 0.694311 0.684701 0.538759 0.546349 0.682218 0.721881 0.619031 0.664805 0.505893 0.677785 0.940947 0.718116 0.782263 0.877286 0.983294 0.806096 0.830004 0.865904 0.872666 0.962036
0.386298 0.000000 0.902866 0.796879 0.955790 0.912193 0.806242 0.591452 0.924863 0.934096 0.792309 0.422776 0.799732 0.736476 0.958816 0.722694 0.297175 0.363053 0.684171 0.497147 0.893329 0.934353 0.881805 0.763539 0.810866 0.810107 0.951963 0.972339 0.453047 0.469326 0.738015 0.781881 0.554576 0.597948 0.794589 0.792558 0.725532 0.884800 0.979503 0.863781 0.702968 0.832082 0.681126 0.636313 0.599526 0.536568 0.628671 0.660282 0.713910 0.680410 0.640796 0.691921 0.906555 0.992220 0.672466 0.701410 0.273267 0.213300 0.566752 0.503528 0.657887 0.396381 0.576492 0.412263 0.823273 0.638564 0.684678 0.652738 0.410356 0.496917 0.786084 0.880951 0.673367 0.663774 0.809814 0.792321 0.790863 0.805122 0.578407 0.667250 0.295201 0.371997 0.539825 0.493984 0.681045 0.573505 0.972824 0.943428 0.793460 0.614661 0.898552 0.896139 0.898247 0.885664 0.582574 0.947262 0.564511 0.700741 0.604578 0.656043 0.879760 0.953524 0.636958 0.809861 0.603905 0.752534 0.888127 0.807832 0.793809 0.729669 0.829920 0.632759 0.877006 0.787700 0.734456 0.991684
0.642734 0.902866 0.000000 0.215313 0.763249 0.822466 0.213596 0.325042 0.465241 0.716469 0.492321 0.726750 0.402227 0.517678 0.419520 0.449300 0.968414 0.874176 0.378801 0.567175 0.741798 0.959325 0.263768 0.389243 0.464507 0.315770 0.929121 0.883212 0.691288 0.801119 0.299049 0.417103 0.395476 0.325518 0.454868 0.721649 0.508687 0.799734 0.868702 0.861417 0.915374 0.891610 0.478476 0.581658 0.578380 0.656176 0.555406 0.454980 0.960361 0.868040 0.721590 0.786050 0.735951 0.730110 0.569595 0.700688 0.953910 0.958872 0.529166 0.803254 0.395481 0.711637 0.625453 0.916273 0.250978 0.418493 0.337503 0.388236 0.854566 0.928414 0.507384 0.509975 0.802683 0.776275 0.870844 0.951305 0.530621 0.584807 0.838439 0.831861 0.885893 0.741517 0.667032 0.869669 0.354331 0.440847 0.773478 0.764950 0.709328 0.697242 0.556093 0.643089 0.657785 0.625704 0.674556 0.897767 0.748950 0.883318 0.619313 0.551543 0.675726 0.718164 0.773040 0.831862 0.652660 0.595752 0.922542 0.692709 0.739326 0.945916 0.847030 0.928161 0.807117 0.882040 0.896298 0.866985
0.552277 0.796879 0.215313 0.000000 0.814806 0.730273 0.205607 0.250644 0.511048 0.755541 0.415774 0.608538 0.388580 0.435716 0.488647 0.462087 0.857616 0.735600 0.291441 0.429920 0.796690 0.973081 0.293370 0.292731 0.441970 0.349584 0.904066 0.795849 0.642630 0.731840 0.276138 0.357609 0.322793 0.271925 0.431403 0.667018 0.544784 0.835498 0.842254 0.870928 0.885706 0.885616 0.438034 0.510161 0.559093 0.644912 0.494543 0.445595 0.975732 0.866726 0.719942 0.813263 0.757251 0.779331 0.582601 0.677484 0.902283 0.960786 0.522687 0.811417 0.413069 0.679806 0.560847 0.854118 0.303475 0.365515 0.286574 0.311826 0.815904 0.959094 0.470265 0.481499 0.727174 0.695915 0.786605 0.918312 0.524535 0.556799 0.744909 0.817376 0.783331 0.630005 0.602841 0.830287 0.352066 0.382131 0.802985 0.685420 0.653007 0.633000 0.525762 0.667096 0.628787 0.669539 0.695219 0.839892 0.735956 0.819580 0.552723 0.465645 0.607560 0.616769 0.706364 0.705823 0.605495 0.590648 0.983618 0.741818 0.709618 0.942312 0.845678 0.878328 0.797974 0.901906 0.885764 0.852486
0.853606 0.955790 0.763249 0.814806 0.000000 0.920569 0.788829 0.779434 0.748476 0.771475 0.915493 0.876702 0.724291 0.759801 0.614548 0.820239 0.963015 0.971271 0.804885 0.886710 0.828229 0.915949 0.704666 0.919672 0.912598 0.925770 0.888085 0.846729 0.890388 0.936582 0.747942 0.915680 0.726815 0.750748 0.704583 0.846087 0.755902 0.848521 0.909765 0.989994 0.870190 0.991161 0.742205 0.826416 0.890731 0.923424 0.830094 0.810545 0.947787 0.937679 0.840193 0.782452 0.809396 0.813775 0.940668 0.910667 0.939868 0.909749 0.620272 0.719735 0.670184 0.901106 0.687371 0.840411 0.672170 0.818562 0.692155 0.725336 0.951931 0.838581 0.802046 0.703355 0.876746 0.964393 0.920856 0.974232 0.925357 0.890244 0.940527 0.951519 0.948928 0.879315 0.851877 0.987548 0.729768 0.860239 0.989609 0.796830 0.741986 0.942844 0.726303 0.755274 0.763556 0.690426 0.933545 0.910580 0.848647 0.895044 0.710098 0.850575 0.985722 0.941414 0.738896 0.826356 0.843662 0.570346 0.848131 0.653823 0.881231 0.994561 0.847182 0.875183 0.820735 0.834962 0.818235 0.861660
0.690315 0.912193 0.822466 0.730273 0.920569 0.000000 0.690122 0.663407 0.764933 0.856902 0.673410 0.714293 0.773890 0.835968 0.910602 0.812630 0.840697 0.809353 0.641430 0.658753 0.874487 0.937418 0.868299 0.812566 0.960317 0.795067 0.925882 0.689920 0.864428 0.942032 0.874539 0.759128 0.752800 0.702492 0.779647 0.865585 0.834181 0.991139 0.980759 0.987713 0.920684 0.899268 0.628849 0.680622 0.734673 0.738450 0.684951 0.777574 0.926367 0.857236 0.872408 0.888581 0.896867 0.881102 0.852273 0.952946 0.800903 0.972173 0.781419 0.943537 0.775324 0.787388 0.823866 0.932030 0.818147 0.716834 0.679019 0.643121 0.968558 0.941777 0.823497 0.857088 0.839696 0.730874 0.964334 0.919813 0.700642 0.721317 0.798254 0.989109 0.828164 0.821577 0.968751 0.997395 0.831554 0.831498 0.905490 0.920036 0.892839 0.858610 0.696908 0.777538 0.786891 0.769873 0.953469 0.988576 0.880212 0.890324 0.674691 0.738919 0.841570 0.750379 0.688609 0.659875 0.845432 0.928071 0.922157 0.887162 0.958042 0.884038 0.916764 0.912703 0.970106 0.872201 0.894339 0.895618
0.539487 0.806242 0.213596 0.205607 0.788829 0.690122 0.000000 0.211648 0.485199 0.606532 0.434796 0.607913 0.388357 0.476092 0.457016 0.464865 0.874357 0.739132 0.285687 0.443859 0.770208 0.968771 0.300935 0.429059 0.567658 0.373667 0.966221 0.841915 0.612199 0.775051 0.325849 0.402665 0.334768 0.291579 0.425758 0.618205 0.538898 0.830410 0.936690 0.855538 0.838596 0.939757 0.367793 0.465337 0.464808 0.541829 0.465149 0.413101 0.889837 0.782780 0.647714 0.696716 0.663823 0.670705 0.582982 0.684573 0.906595 0.945422 0.450405 0.804555 0.410114 0.679864 0.591824 0.879409 0.303855 0.375664 0.247338 0.303574 0.861921 0.996633 0.395428 0.422147 0.690810 0.656525 0.884933 0.905359 0.437372 0.506954 0.757886 0.853136 0.821292 0.723571 0.660019 0.910108 0.365313 0.462764 0.803414 0.787417 0.762853 0.722191 0.422205 0.540692 0.527290 0.537262 0.676539 0.808746 0.680633 0.757794 0.457679 0.383308 0.573452 0.541097 0.656689 0.673936 0.585770 0.533191 0.971589 0.656601 0.747561 0.995380 0.862425 0.807154 0.726545 0.840545 0.864793 0.944780
0.419742 0.591452 0.325042 0.250644 0.779434 0.663407 0.211648 0.000000 0.568122 0.636895 0.400365 0.455765 0.404612 0.402422 0.568622 0.496269 0.689129 0.590641 0.236671 0.323366 0.865776 0.994499 0.384726 0.422990 0.617858 0.448869 0.983292 0.825298 0.476005 0.677292 0.328187 0.394404 0.264768 0.250619 0.430193 0.628193 0.558268 0.879845 0.935558 0.905453 0.802742 0.996128 0.341127 0.421961 0.446307 0.494395 0.426138 0.436273 0.826707 0.752879 0.638456 0.709708 0.703072 0.765714 0.595946 0.662086 0.661639 0.720976 0.419217 0.718971 0.396857 0.549139 0.483027 0.725604 0.390193 0.369955 0.279604 0.282017 0.754334 0.844909 0.438909 0.429931 0.629530 0.551904 0.807359 0.816146 0.481750 0.504784 0.694864 0.814011 0.672877 0.600137 0.579858 0.817755 0.388168 0.440854 0.818212 0.784230 0.740207 0.649762 0.473170 0.654429 0.558812 0.681106 0.685413 0.787301 0.601782 0.687882 0.411632 0.344573 0.544962 0.555321 0.562720 0.613137 0.529127 0.536102 0.949684 0.649537 0.682110 0.918050 0.808073 0.768043 0.713094 0.828262 0.861943 0.958015
0.722564 0.924863 0.465241 0.511048 0.748476 0.764933 0.485199 0.568122 0.000000 0.543880 0.760268 0.816048 0.657900 0.829162 0.533231 0.546561 0.861231 0.868843 0.728406 0.732930 0.733352 0.950753 0.544974 0.733798 0.641114 0.497848 0.918287 0.744720 0.685214 0.768993 0.580554 0.783509 0.634049 0.609286 0.604244 0.928602 0.564671 0.660702 0.886171 0.863814 0.920093 0.807167 0.587814 0.644998 0.603004 0.657414 0.729581 0.666166 0.937142 0.849426 0.627933 0.613301 0.560999 0.530308 0.715246 0.709836 0.934699 0.992235 0.535756 0.871533 0.575319 0.785463 0.746415 0.830676 0.473959 0.730422 0.536329 0.654900 0.826358 0.972697 0.469512 0.512152 0.639521 0.765654 0.957119 0.929678 0.452790 0.560643 0.763675 0.960700 0.828729 0.927629 0.829536 0.887249 0.674174 0.775154 0.974869 0.929284 0.801746 0.799100 0.484836 0.512233 0.535937 0.466486 0.779346 0.924313 0.603243 0.790449 0.558749 0.550847 0.778599 0.700774 0.673637 0.755999 0.648013 0.533167 0.736935 0.586670 0.804908 0.983045 0.874401 0.854127 0.728459 0.677122 0.849932 0.889802
0.943660 0.934096 0.716469 0.755541 0.771475 0.856902 0.606532 0.636895 0.543880 0.000000 0.990302 0.998001 0.919977 0.952476 0.637368 0.758413 0.893383 0.838564 0.780406 0.856390 0.913747 0.961606 0.750041 0.945379 0.969234 0.852158 0.979301 0.900021 0.789922 0.926000 0.770701 0.923872 0.839363 0.764604 0.690561 0.751785 0.715886 0.901356 0.940416 0.852739 0.715447 0.834495 0.541635 0.613400 0.550220 0.582355 0.874516 0.794638 0.813925 0.758715 0.540829 0.517338 0.503807 0.478437 0.958069 0.886422 0.976886 0.919115 0.664662 0.968075 0.882434 0.988364 0.945951 0.975551 0.811960 0.923140 0.609872 0.717908 0.955211 0.896401 0.415505 0.433061 0.638335 0.667365 0.948868 0.992491 0.494408 0.538517 0.881755 0.877972 0.982826 0.811627 0.915054 0.947256 0.920638 0.924462 0.903803 0.812769 0.919741 0.849208 0.361868 0.372044 0.377727 0.376841 0.821695 0.989227 0.587338 0.718132 0.481977 0.498853 0.696733 0.614122 0.523570 0.720066 0.737632 0.582057 0.941409 0.439719 0.859547 0.873009 0.776269 0.689583 0.615301 0.646031 0.816469 0.792734
0.426093 0.792309 0.492321 0.415774 0.915493 0.673410 0.434796 0.400365 0.760268 0.990302 0.000000 0.442679 0.284239 0.322123 0.660587 0.573232 0.746444 0.692600 0.318540 0.393335 0.873294 0.816845 0.499114 0.451564 0.803685 0.635687 0.968756 0.800138 0.560859 0.628518 0.449479 0.429230 0.369800 0.351688 0.594446 0.835834 0.668372 0.972942 0.858133 0.955448 0.893948 0.998398 0.669326 0.703006 0.809376 0.854532 0.576429 0.657562 0.838538 0.981033 0.980964 0.895061 0.982708 0.930866 0.725925 0.830555 0.734526 0.857219 0.571550 0.796780 0.376615 0.615284 0.365495 0.669290 0.520920 0.463841 0.473768 0.440892 0.894254 0.986954 0.673901 0.730849 0.838320 0.767681 0.921129 0.771158 0.781266 0.751992 0.842611 0.809330 0.687167 0.606288 0.796410 0.830343 0.433670 0.487520 0.844848 0.752158 0.761106 0.731226 0.792844 0.932860 0.867324 0.912567 0.861849 0.785420 0.940475 0.929228 0.732790 0.661646 0.574556 0.722609 0.792732 0.760897 0.707191 0.786438 0.894479 0.866674 0.853770 0.924896 0.927198 0.984683 0.903583 0.932654 0.934948 0.775638
0.326728 0.422776 0.726750 0.608538 0.876702 0.714293 0.607913 0.455765 0.816048 0.998001 0.442679 0.000000 0.494233 0.458548 0.775970 0.585903 0.448818 0.376559 0.493424 0.383232 0.837183 0.950647 0.652942 0.592050 0.884297 0.744730 0.962323 0.905091 0.433769 0.409310 0.586811 0.604271 0.365102 0.431645 0.690853 0.778529 0.690532 0.850637 0.995414 0.934467 0.775229 0.872599 0.718503 0.697463 0.674665 0.677955 0.646816 0.614679 0.977059 0.887804 0.923504 0.900593 0.999454 0.954549 0.736956 0.812851 0.430435 0.452162 0.483386 0.563927 0.399508 0.350584 0.362313 0.355836 0.660763 0.470366 0.542361 0.494749 0.676878 0.591837 0.749999 0.776879 0.769630 0.668386 0.883562 0.834075 0.809326 0.773993 0.646529 0.687460 0.382951 0.441854 0.652048 0.662230 0.548257 0.512599 0.907773 0.887149 0.755147 0.616357 0.804329 0.967301 0.856418 0.971484 0.769956 0.921447 0.775967 0.807997 0.647000 0.657860 0.725255 0.761028 0.687035 0.736187 0.615324 0.730105 0.928504 0.867722 0.831298 0.934792 0.999632 0.814467 0.946817 0.955441 0.838924 0.961359
0.440623 0.799732 0.402227 0.388580 0.724291 0.773890 0.388357 0.404612 0.657900 0.919977 0.284239 0.494233 0.000000 0.273639 0.436278 0.446760 0.832705 0.749643 0.363617 0.410944 0.720887 0.942523 0.326519 0.384445 0.718989 0.610705 0.863111 0.803093 0.599884 0.647608 0.427236 0.419600 0.310747 0.314643 0.540498 0.791941 0.642083 0.903964 0.902512 0.966719 0.890851 0.936923 0.624508 0.689019 0.866856 0.918305 0.574603 0.597682 0.728578 0.870325 0.986940 0.967036 0.979283 0.986498 0.716792 0.865527 0.792354 0.884890 0.425008 0.640787 0.265799 0.624842 0.299516 0.644904 0.388527 0.414589 0.429586 0.453947 0.863775 0.977954 0.621087 0.673377 0.861126 0.864949 0.864013 0.723589 0.758724 0.682124 0.906112 0.796449 0.721921 0.696197 0.656044 0.961658 0.326145 0.411295 0.733061 0.846568 0.678972 0.736851 0.755575 0.877369 0.894817 0.807171 0.836344 0.825505 0.928391 0.916115 0.703160 0.662182 0.658189 0.737047 0.794658 0.785557 0.688317 0.625849 0.990526 0.755478 0.757958 0.966788 0.893716 0.974600 0.927623 0.926280 0.908468 0.826287
0.454869 0.736476 0.517678 0.435716 0.759801 0.835968 0.476092 0.402422 0.829162 0.952476 0.322123 0.458548 0.273639 0.000000 0.521332 0.468657 0.830350 0.669688 0.364605 0.392083 0.846350 0.996716 0.415652 0.394536 0.758845 0.695990 0.906955 0.756551 0.610216 0.588042 0.418065 0.391696 0.287241 0.326711 0.588535 0.704827 0.615012 0.992360 0.775976 0.982298 0.940252 0.922699 0.682681 0.754837 0.903091 0.953159 0.686463 0.692782 0.713941 0.827186 0.975890 0.896713 0.930008 0.917695 0.895984 0.953224 0.671929 0.791895 0.508752 0.713194 0.353101 0.627821 0.303541 0.604449 0.501207 0.415774 0.475471 0.409090 0.964505 0.937206 0.705522 0.623229 0.907981 0.810525 0.784712 0.716558 0.840420 0.749087 0.812091 0.780219 0.691940 0.691282 0.591140 0.887453 0.379882 0.393342 0.780460 0.768637 0.666968 0.710794 0.781870 0.996482 0.862402 0.954878 0.912873 0.772765 0.940233 0.943628 0.719440 0.706331 0.567901 0.754920 0.792966 0.865745 0.682549 0.722974 0.865372 0.837149 0.739293 0.976105 0.992863 0.995355 0.993917 0.971465 0.938478 0.839178
0.703170 0.958816 0.419520 0.488647 0.614548 0.910602 0.457016 0.568622 0.533231 0.637368 0.660587 0.775970 0.436278 0.521332 0.000000 0.399910 0.960584 0.870529 0.641981 0.699487 0.668244 0.926782 0.334023 0.573414 0.613914 0.587643 0.784826 0.784622 0.763189 0.744708 0.451599 0.608613 0.495885 0.498732 0.555179 0.738043 0.547567 0.762174 0.832631 0.977030 0.889625 0.933932 0.690262 0.821485 0.774903 0.867134 0.789091 0.706602 0.792705 0.926323 0.804081 0.803170 0.776651 0.719983 0.865649 0.916965 0.999097 0.988539 0.506801 0.759318 0.417705 0.788230 0.550698 0.742837 0.391159 0.566140 0.482466 0.547219 0.939144 0.977223 0.531268 0.506867 0.868944 0.937399 0.932707 0.899416 0.676107 0.707341 0.828779 0.922644 0.866911 0.941862 0.639923 0.892664 0.417756 0.539754 0.708634 0.937978 0.781244 0.811932 0.626833 0.690962 0.734596 0.608465 0.749243 0.932122 0.848710 0.839889 0.676904 0.720643 0.818621 0.818048 0.763756 0.885741 0.669681 0.561285 0.807408 0.629412 0.751049 0.946391 0.934650 0.896341 0.978458 0.799927 0.890033 0.953806
0.545117 0.722694 0.449300 0.462087 0.820239 0.812630 0.464865 0.496269 0.546561 0.758413 0.573232 0.585903 0.446760 0.468657 0.399910 0.000000 0.760314 0.600602 0.571338 0.540350 0.626261 0.976593 0.378208 0.480906 0.555669 0.435087 0.869536 0.882371 0.515315 0.474762 0.391285 0.475841 0.389892 0.422489 0.563639 0.658068 0.446489 0.719901 0.973513 0.968995 0.909053 0.967980 0.690349 0.754634 0.702107 0.727379 0.693817 0.687592 0.900247 0.943810 0.743643 0.772524 0.792173 0.763874 0.769639 0.890240 0.798806 0.790837 0.549335 0.766393 0.409958 0.570733 0.515406 0.608176 0.449117 0.468184 0.497310 0.531746 0.841934 0.908283 0.560084 0.558872 0.795589 0.749781 0.749955 0.901905 0.666522 0.744481 0.633513 0.693092 0.569384 0.666065 0.618628 0.742543 0.413880 0.434026 0.825393 0.910115 0.749187 0.778205 0.619445 0.842031 0.713578 0.719678 0.709308 0.896923 0.675511 0.846589 0.640322 0.723578 0.707973 0.821858 0.767612 0.927094 0.655060 0.750656 0.901957 0.745970 0.751293 0.943790 0.901366 0.871889 0.937981 0.913332 0.880107 0.907358
0.406904 0.297175 0.968414 0.857616 0.963015 0.840697 0.874357 0.689129 0.861231 0.893383 0.746444 0.448818 0.832705 0.830350 0.960584 0.760314 0.000000 0.328832 0.758134 0.574627 0.871418 0.991658 0.930010 0.878852 0.873589 0.907307 0.940517 0.979503 0.456292 0.460607 0.758578 0.830119 0.657580 0.663895 0.802379 0.817410 0.708028 0.780763 0.968389 0.796505 0.677032 0.745937 0.791716 0.687183 0.655084 0.618738 0.757450 0.823612 0.820328 0.766430 0.734302 0.762102 0.889095 0.970959 0.744783 0.717344 0.337721 0.274273 0.649758 0.671569 0.708471 0.480521 0.588074 0.376163 0.916526 0.750260 0.723291 0.716037 0.482515 0.574747 0.753148 0.824402 0.725763 0.645338 0.927641 0.787529 0.827094 0.821191 0.689173 0.857722 0.303401 0.481627 0.685029 0.494166 0.800908 0.721956 0.934182 0.948009 0.882207 0.679320 0.855014 0.981747 0.828253 0.991002 0.555268 0.993135 0.602891 0.618567 0.688603 0.674532 0.871872 0.919417 0.643286 0.697037 0.594954 0.805750 0.954775 0.769398 0.922250 0.810133 0.906191 0.685026 0.891768 0.844975 0.771863 0.907201
0.434528 0.363053 0.874176 0.735600 0.971271 0.809353 0.739132 0.590641 0.868843 0.838564 0.692600 0.376559 0.749643 0.669688 0.870529 0.600602 0.328832 0.000000 0.649731 0.511070 0.808043 0.893303 0.814359 0.767017 0.815341 0.760239 0.959940 0.976015 0.406023 0.342679 0.648899 0.671502 0.533520 0.592164 0.732781 0.666775 0.573815 0.756022 0.956782 0.815896 0.730047 0.791956 0.753748 0.678309 0.601553 0.586296 0.738102 0.760817 0.903747 0.800897 0.736511 0.761905 0.846329 0.916322 0.718396 0.843440 0.350989 0.337648 0.654200 0.747836 0.667336 0.503512 0.551639 0.358790 0.841491 0.647100 0.594477 0.601431 0.542950 0.574273 0.681347 0.707592 0.674487 0.565566 0.912902 0.845583 0.802045 0.752958 0.536239 0.670651 0.261070 0.448699 0.564955 0.543995 0.752240 0.629945 0.981891 0.949869 0.811172 0.722424 0.725734 0.945495 0.686688 0.934909 0.689693 0.893818 0.572582 0.774407 0.626586 0.647694 0.707702 0.859658 0.588624 0.722553 0.561767 0.795594 0.986315 0.843955 0.856983 0.777037 0.940137 0.751925 0.945741 0.876093 0.792211 0.976994
0.444057 0.684171 0.378801 0.291441 0.804885 0.641430 0.285687 0.236671 0.728406 0.780406 0.318540 0.493424 0.363617 0.364605 0.641981 0.571338 0.758134 0.649731 0.000000 0.337160 0.903185 0.905334 0.423148 0.418122 0.688938 0.546691 0.989053 0.780038 0.554137 0.704859 0.377826 0.407295 0.303239 0.267744 0.459677 0.660442 0.613218 0.949137 0.876628 0.918632 0.802425 0.936313 0.442091 0.497584 0.602289 0.654666 0.462661 0.502342 0.967638 0.875847 0.812806 0.891992 0.857139 0.932844 0.645484 0.753404 0.676033 0.808930 0.504226 0.785256 0.446969 0.641839 0.465744 0.778219 0.472947 0.407667 0.335405 0.314489 0.825766 0.888787 0.540240 0.579778 0.746975 0.670385 0.797505 0.789176 0.609787 0.618298 0.794619 0.816237 0.717662 0.611370 0.659616 0.898139 0.404523 0.457788 0.821644 0.762889 0.688898 0.704853 0.585092 0.769304 0.691056 0.794304 0.778533 0.749971 0.781369 0.809307 0.507852 0.474528 0.570339 0.623970 0.660834 0.661081 0.603768 0.661698 0.928186 0.726661 0.779850 0.958086 0.952070 0.788085 0.754599 0.922926 0.975444 0.892254
0.354723 0.497147 0.567175 0.429920 0.886710 0.658753 0.443859 0.323366 0.732930 0.856390 0.393335 0.383232 0.410944 0.392083 0.699487 0.540350 0.574627 0.511070 0.337160 0.000000 0.842721 0.994805 0.588573 0.493790 0.743114 0.644886 0.969096 0.793853 0.410775 0.593205 0.525378 0.457034 0.321472 0.350446 0.650339 0.778367 0.659855 0.966533 0.895509 0.933543 0.848848 0.950594 0.514151 0.543497 0.611848 0.624042 0.493365 0.543270 0.889500 0.793290 0.787117 0.862665 0.891795 0.961074 0.684917 0.740764 0.525621 0.599026 0.470253 0.664489 0.483210 0.523592 0.449344 0.642093 0.578855 0.472867 0.485767 0.460500 0.650635 0.761140 0.621261 0.718740 0.695748 0.622720 0.754805 0.662005 0.636713 0.670684 0.739672 0.776223 0.549227 0.432029 0.571351 0.728237 0.470008 0.469353 0.775135 0.719086 0.770709 0.694215 0.705540 0.902704 0.803896 0.921658 0.704263 0.976904 0.760671 0.785731 0.562013 0.501289 0.628021 0.680529 0.587003 0.677445 0.556751 0.734565 0.910213 0.802345 0.743941 0.980555 0.987256 0.765524 0.816237 0.872168 0.871374 0.942183
0.855117 0.893329 0.741798 0.796690 0.828229 0.874487 0.770208 0.865776 0.733352 0.913747 0.873294 0.837183 0.720887 0.846350 0.668244 0.626261 0.871418 0.808043 0.903185 0.842721 0.000000 0.953549 0.726453 0.801759 0.754281 0.733122 0.847311 0.974501 0.876420 0.736356 0.753163 0.912154 0.755666 0.770399 0.892653 0.831618 0.729082 0.664337 0.957381 0.778412 0.834645 0.981520 0.891327 0.939630 0.892518 0.925852 0.872337 0.900004 0.900862 0.938123 0.905833 0.925699 0.945146 0.798715 0.836128 0.845887 0.972488 0.900869 0.736974 0.801473 0.698664 0.809462 0.795103 0.812445 0.671276 0.746007 0.732269 0.786775 0.737130 0.993212 0.691200 0.813408 0.966539 0.941240 0.997987 0.937513 0.858658 0.759265 0.957147 0.768444 0.719480 0.869228 0.789613 0.862616 0.752089 0.728380 0.788765 0.779283 0.817237 0.948969 0.823249 0.862584 0.884451 0.759304 0.847063 0.931962 0.863332 0.975723 0.796351 0.932937 0.926549 0.997356 0.886001 0.944855 0.844084 0.732165 0.810041 0.957323 0.995331 0.966808 0.955522 0.836970 0.970328 0.969726 0.774203 0.955260
0.978639 0.934353 0.959325 0.973081 0.915949 0.937418 0.968771 0.994499 0.950753 0.961606 0.816845 0.950647 0.942523 0.996716 0.926782 0.976593 0.991658 0.893303 0.905334 0.994805 0.953549 0.000000 0.981252 0.930439 0.817826 0.991106 0.796374 0.802558 0.971837 0.959357 0.898353 0.995438 0.979662 0.997701 0.970659 0.958929 0.927514 0.994953 0.985329 0.875719 0.969112 0.934797 0.984858 0.977802 0.901998 0.947686 0.989513 0.989070 0.981316 0.984635 0.793378 0.856861 0.936514 0.847024 0.981634 0.984007 0.917795 0.934524 0.994723 0.982459 0.997011 0.996790 0.975440 0.901760 0.999656 0.996891 0.983230 0.968466 0.766216 0.845821 0.917664 0.905467 0.960486 0.935214 0.850470 0.964034 0.915015 0.803128 0.954461 0.933534 0.922698 0.948175 0.772319 0.963175 0.961536 0.864358 0.994539 0.996407 0.875615 0.850377 0.941803 0.950710 0.922957 0.966765 0.877941 0.910746 0.890868 0.946185 0.922107 0.924451 0.993261 0.868354 0.830819 0.991956 0.807247 0.957083 0.919367 0.935423 0.933756 0.997648 0.826871 0.927043 0.910337 0.921815 0.889745 0.987576
0.626858 0.881805 0.263768 0.293370 0.704666 0.868299 0.300935 0.384726 0.544974 0.750041 0.499114 0.652942 0.326519 0.415652 0.334023 0.378208 0.930010 0.814359 0.423148 0.588573 0.726453 0.981252 0.000000 0.316145 0.466194 0.452519 0.809287 0.917937 0.744907 0.662062 0.298819 0.370850 0.330715 0.314150 0.477656 0.682761 0.558947 0.839765 0.852717 0.919118 0.914980 0.827975 0.625625 0.719687 0.806264 0.843225 0.635738 0.579791 0.769740 0.890452 0.874720 0.870578 0.899950 0.824750 0.752368 0.838929 0.979688 0.961618 0.544242 0.697998 0.313594 0.633120 0.460581 0.724872 0.269292 0.348885 0.388604 0.386603 0.907861 0.908656 0.530459 0.549316 0.956037 0.929203 0.825092 0.885292 0.667540 0.603577 0.836325 0.758522 0.783210 0.785212 0.614408 0.941780 0.271083 0.371421 0.798113 0.830660 0.627492 0.594919 0.668076 0.776879 0.768003 0.703329 0.727467 0.848829 0.814198 0.860019 0.673390 0.648417 0.740266 0.735801 0.891339 0.883915 0.684264 0.555347 0.959621 0.727188 0.874120 0.899343 0.869426 0.967962 0.918639 0.934707 0.895532 0.944907
0.616675 0.763539 0.389243 0.292731 0.919672 0.812566 0.429059 0.422990 0.733798 0.945379 0.451564 0.592050 0.384445 0.394536 0.573414 0.480906 0.878852 0.767017 0.418122 0.493790 0.801759 0.930439 0.316145 0.000000 0.448083 0.484871 0.850399 0.864935 0.726375 0.629637 0.368244 0.322646 0.344992 0.347805 0.614424 0.782927 0.694243 0.897598 0.753082 0.962932 0.977428 0.760340 0.693884 0.753984 0.836574 0.872321 0.637627 0.606244 0.834967 0.909354 0.940394 0.956271 0.945119 0.965708 0.684444 0.829253 0.853989 0.917082 0.665654 0.731319 0.409412 0.592021 0.512736 0.747022 0.404973 0.334916 0.512774 0.430182 0.850125 0.862955 0.717743 0.767248 0.976559 0.908544 0.684425 0.848044 0.831387 0.737564 0.766527 0.672589 0.709259 0.570762 0.539992 0.809317 0.344479 0.286145 0.782551 0.561882 0.575669 0.580339 0.883984 0.974603 0.993276 0.977391 0.766770 0.870024 0.885398 0.992557 0.803456 0.759115 0.777608 0.882096 0.962277 0.922015 0.740238 0.777341 0.906777 0.987741 0.818628 0.906874 0.910062 0.998533 0.976060 0.994768 0.899881 0.846995
0.750703 0.810866 0.464507 0.441970 0.912598 0.960317 0.567658 0.617858 0.641114 0.969234 0.803685 0.884297 0.718989 0.758845 0.613914 0.555669 0.873589 0.815341 0.688938 0.743114 0.754281 0.817826 0.466194 0.448083 0.000000 0.406081 0.773128 0.950723 0.886122 0.689700 0.433712 0.537676 0.585192 0.560554 0.591283 0.743543 0.566951 0.707644 0.760174 0.976558 0.905267 0.914136 0.809617 0.856515 0.802897 0.854505 0.711008 0.755146 0.984348 0.960094 0.736575 0.906877 0.875869 0.861758 0.694141 0.813315 0.958223 0.889956 0.834491 0.868998 0.653080 0.751888 0.762991 0.821717 0.455323 0.566209 0.593824 0.623645 0.687155 0.888444 0.652013 0.761369 0.965336 0.995409 0.767056 0.989458 0.705133 0.735774 0.833337 0.809713 0.708380 0.615172 0.528501 0.696766 0.498710 0.431555 0.931863 0.770034 0.582666 0.512910 0.874856 0.981962 0.880944 0.976548 0.628938 0.867832 0.684832 0.818444 0.826882 0.828874 0.989514 0.975104 0.956433 0.985842 0.765962 0.822492 0.876010 0.911226 0.915750 0.885393 0.780470 0.999810 0.889903 0.970956 0.938080 0.879854
0.684771 0.810107 0.315770 0.349584 0.925770 0.795067 0.373667 0.448869 0.497848 0.852158 0.635687 0.744730 0.610705 0.695990 0.587643 0.435087 0.907307 0.760239 0.546691 0.644886 0.733122 0.991106 0.452519 0.484871 0.406081 0.000000 0.920502 0.999783 0.667211 0.722118 0.415472 0.524320 0.514829 0.493741 0.604561 0.679696 0.510650 0.723295 0.994572 0.992246 0.966854 0.946664 0.577319 0.693706 0.553446 0.597764 0.596359 0.585554 0.821618 0.766434 0.630878 0.745574 0.707548 0.730787 0.511307 0.761915 0.984710 0.953702 0.684789 0.858225 0.540331 0.676868 0.771383 0.895132 0.362052 0.482069 0.478347 0.522548 0.752732 0.923360 0.622672 0.640901 0.808142 0.805081 0.871448 0.944915 0.560087 0.627941 0.687160 0.809871 0.744302 0.636057 0.666571 0.731440 0.477744 0.481888 0.896392 0.796817 0.686135 0.664564 0.649460 0.780164 0.705969 0.737981 0.673522 0.816175 0.640168 0.843246 0.656806 0.671972 0.782608 0.891587 0.844498 0.906075 0.709103 0.734472 0.837008 0.826435 0.736462 0.957444 0.837027 0.927425 0.921695 0.945044 0.899146 0.888316
0.926956 0.951963 0.929121 0.904066 0.888085 0.925882 0.966221 0.983292 0.918287 0.979301 0.968756 0.962323 0.863111 0.906955 0.784826 0.869536 0.940517 0.959940 0.989053 0.969096 0.847311 0.796374 0.809287 0.850399 0.773128 0.920502 0.000000 0.873345 0.901987 0.934341 0.920162 0.953765 0.903760 0.901364 0.947061 0.827865 0.901032 0.829585 0.865814 0.951913 0.766456 0.999514 0.912843 0.957077 0.920796 0.853144 0.945234 0.850143 0.752274 0.812851 0.949793 0.949966 0.866029 0.973885 0.999444 0.912368 0.933730 0.928289 0.871556 0.798120 0.840882 0.915572 0.839658 0.850054 0.864479 0.762389 0.856188 0.811823 0.954438 0.942193 0.945687 0.942490 0.792705 0.807986 0.916095 0.937801 0.927210 0.885228 0.991995 0.893583 0.877747 0.997602 0.830049 0.879945 0.830363 0.784458 0.877841 0.940546 0.699060 0.803935 0.955475 0.930517 0.954286 0.998925 0.800000 0.943861 0.991840 0.821807 0.904878 0.991061 0.887765 0.885324 0.975806 0.998699 0.959661 0.909797 0.996979 0.894403 0.953671 0.906948 0.977834 0.977848 0.814840 0.852147 0.860950 0.965695
0.799022 0.972339 0.883212 0.795849 0.846729 0.689920 0.841915 0.825298 0.744720 0.900021 0.800138 0.905091 0.803093 0.756551 0.784622 0.882371 0.979503 0.976015 0.780038 0.793853 0.974501 0.802558 0.917937 0.864935 0.950723 0.999783 0.873345 0.000000 0.913891 0.989397 0.860220 0.947030 0.803613 0.847319 0.800942 0.904158 0.881809 0.982827 0.881617 0.969016 0.968424 0.789179 0.857373 0.837290 0.932450 0.988627 0.893222 0.981985 0.896877 0.915707 0.953513 0.963102 0.938146 0.937098 0.999822 0.908845 0.926673 0.877908 0.746629 0.965981 0.894734 0.905585 0.835125 0.989506 0.924299 0.940833 0.799974 0.821256 0.946209 0.978738 0.883405 0.785071 0.863531 0.879043 0.928382 0.955941 0.825973 0.887554 0.883075 0.925774 0.996163 0.985690 0.967643 0.923443 0.930657 0.881525 0.975272 0.960873 0.988472 0.949725 0.748480 0.768619 0.822738 0.826868 0.911639 0.920010 0.997959 0.951799 0.773865 0.819925 0.803795 0.831505 0.768369 0.758175 0.837653 0.926469 0.956490 0.850561 0.879583 0.811315 0.971636 0.991847 0.943109 0.822713 0.816092 0.974579
0.439799 0.453047 0.691288 0.642630 0.890388 0.864428 0.612199 0.476005 0.685214 0.789922 0.560859 0.433769 0.599884 0.610216 0.763189 0.515315 0.456292 0.406023 0.554137 0.410775 0.876420 0.971837 0.744907 0.726375 0.886122 0.667211 0.901987 0.913891 0.000000 0.470327 0.578565 0.684585 0.460993 0.548371 0.681106 0.902194 0.592341 0.853262 0.907830 0.893048 0.780917 0.835705 0.639612 0.608929 0.539176 0.494383 0.668811 0.641048 0.754830 0.661424 0.683515 0.711333 0.733979 0.843295 0.671878 0.648264 0.489736 0.483862 0.525420 0.733312 0.537540 0.491029 0.522043 0.505121 0.715247 0.658721 0.604931 0.632916 0.640980 0.554399 0.659204 0.659655 0.534790 0.538319 0.860989 0.746205 0.739543 0.746666 0.572765 0.776717 0.459942 0.522399 0.674848 0.596227 0.642922 0.661175 0.838814 0.970765 0.872910 0.840440 0.682042 0.920162 0.773393 0.870770 0.654623 0.914998 0.549849 0.864004 0.614352 0.583309 0.669445 0.886372 0.567396 0.769158 0.569301 0.770763 0.934521 0.747722 0.627943 0.772786 0.867577 0.809491 0.781227 0.724246 0.828236 0.961290
0.508397 0.469326 0.801119 0.731840 0.936582 0.942032 0.775051 0.677292 0.768993 0.926000 0.628518 0.409310 0.647608 0.588042 0.744708 0.474762 0.460607 0.342679 0.704859 0.593205 0.736356 0.959357 0.662062 0.629637 0.689700 0.722118 0.934341 0.989397 0.470327 0.000000 0.573948 0.639119 0.503185 0.565480 0.791499 0.834701 0.589183 0.724998 0.917549 0.812404 0.780209 0.819488 0.938458 0.862918 0.809105 0.785800 0.876786 0.825417 0.906105 0.996126 0.835767 0.881896 0.953531 0.971112 0.808807 0.893430 0.498655 0.443923 0.678970 0.712310 0.546265 0.463922 0.452370 0.310108 0.738333 0.609067 0.682434 0.664784 0.610889 0.709729 0.735134 0.799107 0.815705 0.759948 0.845265 0.907210 0.896441 0.799306 0.616595 0.592720 0.293506 0.509989 0.575494 0.540082 0.651068 0.535901 0.959145 0.951397 0.746997 0.676099 0.859917 0.891419 0.851973 0.986641 0.706835 0.932987 0.684925 0.913688 0.797611 0.856980 0.835154 0.997899 0.771337 0.964974 0.707017 0.847795 0.943644 0.901051 0.996360 0.786820 0.916374 0.842376 0.871461 0.889765 0.760104 0.957615
0.537588 0.738015 0.299049 0.276138 0.747942 0.874539 0.325849 0.328187 0.580554 0.770701 0.449479 0.586811 0.427236 0.418065 0.451599 0.391285 0.758578 0.648899 0.377826 0.525378 0.753163 0.898353 0.298819 0.368244 0.433712 0.415472 0.920162 0.860220 0.578565 0.573948 0.000000 0.370781 0.307435 0.326612 0.456491 0.730293 0.514353 0.802637 0.920196 0.974328 0.843587 0.948710 0.598234 0.658486 0.653154 0.712886 0.654908 0.635736 0.940244 0.984172 0.786556 0.888351 0.834474 0.866472 0.719682 0.755479 0.772448 0.792121 0.563937 0.764990 0.366926 0.588378 0.496699 0.666614 0.362395 0.411837 0.408894 0.401908 0.735657 0.924619 0.510110 0.464367 0.774955 0.693709 0.729086 0.867729 0.652667 0.660692 0.669786 0.709688 0.661600 0.646388 0.579518 0.728108 0.367369 0.396351 0.833466 0.810381 0.650394 0.623152 0.645531 0.823278 0.702705 0.807771 0.671975 0.790657 0.627467 0.817689 0.655345 0.606495 0.648391 0.734314 0.789349 0.860115 0.582308 0.602413 0.955573 0.750197 0.788332 0.940259 0.807621 0.962983 0.884715 0.981312 0.856185 0.912764
0.564994 0.781881 0.417103 0.357609 0.915680 0.759128 0.402665 0.394404 0.783509 0.923872 0.429230 0.604271 0.419600 0.391696 0.608613 0.475841 0.830119 0.671502 0.407295 0.457034 0.912154 0.995438 0.370850 0.322646 0.537676 0.524320 0.953765 0.947030 0.684585 0.639119 0.370781 0.000000 0.375522 0.376620 0.601160 0.722453 0.678603 0.967870 0.788143 0.932544 0.962107 0.826720 0.647884 0.646931 0.794831 0.808426 0.633545 0.617336 0.903366 0.983676 0.921432 0.983785 0.995515 0.969405 0.740473 0.973218 0.775926 0.862180 0.645404 0.814203 0.464163 0.642591 0.538572 0.781267 0.470553 0.408856 0.494672 0.436918 0.889293 0.887423 0.732534 0.668718 0.860206 0.753003 0.769761 0.768685 0.803598 0.705262 0.770910 0.673199 0.731801 0.624329 0.586677 0.877968 0.412847 0.409716 0.759207 0.734749 0.796739 0.707841 0.793176 0.950473 0.858370 0.934859 0.731419 0.844917 0.886386 0.882473 0.763800 0.714504 0.649368 0.723190 0.876063 0.850951 0.694606 0.793431 0.907780 0.927813 0.996901 0.995634 0.959935 0.995505 0.984013 0.954393 0.912080 0.924707
0.364150 0.554576 0.395476 0.322793 0.726815 0.752800 0.334768 0.264768 0.634049 0.839363 0.369800 0.365102 0.310747 0.287241 0.495885 0.389892 0.657580 0.533520 0.303239 0.321472 0.755666 0.979662 0.330715 0.344992 0.585192 0.514829 0.903760 0.803613 0.460993 0.503185 0.307435 0.375522 0.000000 0.266425 0.489274 0.666849 0.502674 0.804789 0.859085 0.958805 0.834749 0.919756 0.538406 0.613688 0.655744 0.691509 0.516163 0.546247 0.922650 0.986367 0.833500 0.898189 0.945870 0.970566 0.742261 0.719892 0.597158 0.629448 0.403800 0.577177 0.270544 0.434001 0.308675 0.513484 0.358115 0.294603 0.335622 0.306585 0.749216 0.819949 0.556401 0.552074 0.768565 0.725842 0.782939 0.777654 0.614276 0.652876 0.652565 0.687036 0.527782 0.527514 0.534619 0.735931 0.287885 0.319992 0.817991 0.784162 0.647591 0.595384 0.664793 0.907409 0.754629 0.860984 0.753326 0.813657 0.695237 0.775121 0.554847 0.548228 0.660803 0.687698 0.687264 0.791021 0.577447 0.610170 0.985113 0.744458 0.756274 0.969239 0.907375 0.844722 0.851515 0.873449 0.922550 0.859665
0.381181 0.597948 0.325518 0.271925 0.750748 0.702492 0.291579 0.250619 0.609286 0.764604 0.351688 0.431645 0.314643 0.326711 0.498732 0.422489 0.663895 0.592164 0.267744 0.350446 0.770399 0.997701 0.314150 0.347805 0.560554 0.493741 0.901364 0.847319 0.548371 0.565480 0.326612 0.376620 0.266425 0.000000 0.438651 0.673530 0.513677 0.805343 0.801722 0.928315 0.850906 0.930142 0.452415 0.504687 0.607438 0.653328 0.474255 0.493167 0.974436 0.901836 0.752565 0.800298 0.836140 0.851969 0.649823 0.833671 0.657838 0.720057 0.443566 0.665721 0.332010 0.530385 0.385709 0.610731 0.368771 0.317971 0.312167 0.271272 0.703744 0.900776 0.490545 0.544602 0.772800 0.694492 0.794500 0.765407 0.632610 0.557646 0.737070 0.775929 0.597924 0.546127 0.508122 0.768738 0.319020 0.336223 0.825755 0.791039 0.579986 0.592888 0.583454 0.783503 0.670625 0.763193 0.710435 0.838776 0.721781 0.810702 0.497544 0.491833 0.607481 0.658461 0.635137 0.669911 0.524907 0.602681 0.943377 0.659032 0.742339 0.990593 0.921997 0.769389 0.814453 0.945513 0.830787 0.842539
0.543666 0.794589 0.454868 0.431403 0.704583 0.779647 0.425758 0.430193 0.604244 0.690561 0.594446 0.690853 0.540498 0.588535 0.555179 0.563639 0.802379 0.732781 0.459677 0.650339 0.892653 0.970659 0.477656 0.614424 0.591283 0.604561 0.947061 0.800942 0.681106 0.791499 0.456491 0.601160 0.489274 0.438651 0.000000 0.717930 0.556048 0.714649 0.885351 0.979021 0.837876 0.815596 0.532062 0.583217 0.623213 0.687029 0.561430 0.590760 0.979673 0.861783 0.723623 0.764379 0.713155 0.763670 0.652318 0.719157 0.853018 0.896907 0.525185 0.856093 0.519705 0.771561 0.597359 0.742737 0.454309 0.553415 0.352919 0.447158 0.858509 0.951676 0.482530 0.552671 0.717324 0.739881 0.943434 0.902122 0.634356 0.611855 0.779144 0.918389 0.733403 0.713910 0.685729 0.878591 0.497278 0.546100 0.825805 0.971384 0.710450 0.703421 0.468206 0.655395 0.567141 0.572398 0.711138 0.749214 0.653283 0.664752 0.514178 0.562590 0.666577 0.661663 0.636362 0.706621 0.644955 0.530653 0.961467 0.597466 0.675008 0.885195 0.779288 0.886619 0.816750 0.818558 0.955885 0.880638
0.764455 0.792558 0.721649 0.667018 0.846087 0.865585 0.618205 0.628193 0.928602 0.751785 0.835834 0.778529 0.791941 0.704827 0.738043 0.658068 0.817410 0.666775 0.660442 0.778367 0.831618 0.958929 0.682761 0.782927 0.743543 0.679696 0.827865 0.904158 0.902194 0.834701 0.730293 0.722453 0.666849 0.673530 0.717930 0.000000 0.656993 0.839723 0.913877 0.899188 0.764421 0.990607 0.723824 0.821627 0.700291 0.793787 0.746524 0.790178 0.974033 0.909767 0.695894 0.744643 0.768507 0.790976 0.846369 0.913257 0.844585 0.817947 0.779659 0.917465 0.766612 0.813805 0.801504 0.846142 0.682278 0.610518 0.519965 0.538673 0.965426 0.898341 0.606085 0.628764 0.967566 0.848456 0.948989 0.939532 0.606600 0.777588 0.951912 0.983899 0.737842 0.859496 0.718168 0.969520 0.652865 0.647218 0.949098 0.979007 0.801997 0.817507 0.667393 0.785445 0.621881 0.744176 0.769746 0.696560 0.847316 0.663725 0.665281 0.742242 0.737592 0.785539 0.777409 0.777211 0.740357 0.795533 0.979587 0.855150 0.909643 0.934128 0.794878 0.740048 0.889554 0.904187 0.948477 0.977551
0.551085 0.725532 0.508687 0.544784 0.755902 0.834181 0.538898 0.558268 0.564671 0.715886 0.668372 0.690532 0.642083 0.615012 0.547567 0.446489 0.708028 0.573815 0.613218 0.659855 0.729082 0.927514 0.558947 0.694243 0.566951 0.510650 0.901032 0.881809 0.592341 0.589183 0.514353 0.678603 0.502674 0.513677 0.556048 0.656993 0.000000 0.666380 0.884916 0.840445 0.761690 0.855916 0.707576 0.735033 0.672627 0.704432 0.649673 0.738434 0.982957 0.872832 0.686413 0.767483 0.744564 0.786444 0.752285 0.738060 0.770613 0.736805 0.554367 0.839922 0.560871 0.734849 0.561674 0.644976 0.556581 0.649168 0.456408 0.505146 0.791784 0.915550 0.552002 0.519431 0.751985 0.755542 0.972691 0.963038 0.635810 0.727218 0.635709 0.820268 0.588747 0.747162 0.620929 0.652323 0.584898 0.602237 0.939511 0.972900 0.630395 0.650915 0.591942 0.711914 0.568985 0.699007 0.656037 0.885609 0.592796 0.821687 0.564210 0.614860 0.770851 0.887193 0.661696 0.862544 0.575982 0.726106 0.869918 0.600747 0.746664 0.851436 0.787650 0.809183 0.926815 0.828871 0.953228 0.905029
0.807027 0.884800 0.799734 0.835498 0.848521 0.991139 0.830410 0.879845 0.660702 0.901356 0.972942 0.850637 0.903964 0.992360 0.762174 0.719901 0.780763 0.756022 0.949137 0.966533 0.664337 0.994953 0.839765 0.897598 0.707644 0.723295 0.829585 0.982827 0.853262 0.724998 0.802637 0.967870 0.804789 0.805343 0.714649 0.839723 0.666380 0.000000 0.973429 0.867971 0.908299 0.840462 0.942068 0.989903 0.783042 0.877511 0.925195 0.965422 0.954403 0.980853 0.885149 0.891926 0.883377 0.890823 0.840435 0.914159 0.918935 0.855479 0.809433 0.890371 0.808792 0.851846 0.840654 0.705683 0.774114 0.833571 0.709553 0.819222 0.910609 0.949919 0.720972 0.757204 0.982948 0.992738 0.983565 0.841721 0.853450 0.954698 0.895455 0.984685 0.754913 0.873177 0.793809 0.802916 0.873245 0.863052 0.961140 0.869419 0.879916 0.995584 0.743830 0.851929 0.707248 0.777883 0.880267 0.934833 0.714666 0.826484 0.828926 0.904888 0.949329 0.984833 0.900696 0.952190 0.786934 0.830787 0.736150 0.814205 0.824032 0.921340 0.988201 0.850941 0.933947 0.829733 0.858071 0.892950
