0.000000 0.230386 0.371465 0.427948 0.830514 0.670514 0.400962 0.392964 0.733872 0.665604 0.340182 0.242778 0.276526 0.455551 0.457847 0.410467 0.255395 0.222617 0.298057 0.288667 0.554659 0.729023 0.439987 0.493271 0.537077 0.501861 0.967899 0.839540 0.272956 0.252127 0.333829 0.478812 0.325613 0.302460 0.610697 0.780306 0.546154 0.645611 0.720074 0.768939 0.950036 0.794237 0.434600 0.370609 0.392658 0.331822 0.356066 0.311731 0.636320 0.448273 0.431433 0.493917 0.544267 0.629151 0.598566 0.751790 0.322667 0.315541 0.308245 0.294450 0.204217 0.324592 0.204232 0.256367 0.353760 0.326850 0.370281 0.288934 0.397683 0.310167 0.505435 0.501782 0.367767 0.371853 0.699583 0.645849 0.541239 0.493598 0.405977 0.372407 0.240862 0.253909 0.358701 0.442900 0.370391 0.311967 0.990753 0.842788 0.763543 0.578158 0.825255 0.905079 0.794217 0.903391 0.533943 0.580814 0.511330 0.729207 0.526266 0.508531 0.731124 0.667423 0.561116 0.583978 0.507557 0.571882 0.942276 0.803502 0.767694 0.725444 0.865435 0.596144 0.600293 0.639887 0.570113 0.898055
0.230386 0.000000 0.511286 0.511830 0.711713 0.809636 0.494565 0.413575 0.775017 0.702044 0.436019 0.284392 0.447655 0.565287 0.591994 0.510167 0.199135 0.238774 0.397831 0.364004 0.611939 0.744594 0.538966 0.651566 0.656682 0.604445 0.801595 0.864628 0.292359 0.295009 0.423050 0.604386 0.383464 0.368900 0.691132 0.649992 0.623771 0.589399 0.782772 0.818785 0.997187 0.624301 0.451780 0.406742 0.392525 0.377484 0.414804 0.375040 0.554994 0.438597 0.400372 0.465010 0.570420 0.570193 0.672474 0.841425 0.218893 0.194643 0.305043 0.302507 0.276795 0.312602 0.205956 0.152358 0.500729 0.432578 0.409540 0.301378 0.440864 0.258268 0.491419 0.460044 0.382556 0.391773 0.822796 0.661755 0.589517 0.419294 0.435208 0.510773 0.233647 0.361199 0.368114 0.434525 0.484093 0.458242 0.933030 0.965929 0.837703 0.615133 0.807012 0.892551 0.751927 0.910141 0.513266 0.650973 0.565853 0.589836 0.517499 0.483239 0.767141 0.715321 0.547596 0.548034 0.427156 0.527373 0.828201 0.753627 0.855377 0.741508 0.718880 0.525144 0.634426 0.680988 0.563220 0.878460
0.371465 0.511286 0.000000 0.169516 0.822669 0.533780 0.161085 0.216500 0.404477 0.363831 0.376529 0.365141 0.265698 0.551217 0.435633 0.409216 0.513586 0.382441 0.288582 0.375870 0.635672 0.669865 0.317278 0.346484 0.587828 0.327607 0.981913 0.980834 0.494619 0.391133 0.298543 0.368594 0.269600 0.279766 0.626993 0.795892 0.614242 0.842495 0.571293 0.736986 0.812548 0.919803 0.270201 0.274763 0.272918 0.289170 0.278718 0.330587 0.516886 0.404844 0.425281 0.397917 0.459396 0.536845 0.586048 0.601926 0.652842 0.663975 0.363282 0.419665 0.241044 0.340356 0.491444 0.543827 0.223671 0.197006 0.248319 0.252532 0.620773 0.532888 0.406371 0.457722 0.458646 0.410230 0.758355 0.650690 0.473007 0.571310 0.446324 0.365041 0.440195 0.351541 0.625999 0.619599 0.469554 0.344453 0.963983 0.874828 0.716703 0.571682 0.536762 0.624847 0.585829 0.621287 0.475688 0.519548 0.307904 0.671338 0.370066 0.318540 0.610643 0.497686 0.548435 0.480395 0.389463 0.465226 0.850129 0.729596 0.768956 0.819432 0.757257 0.453222 0.406872 0.675143 0.519706 0.845427
0.427948 0.511830 0.169516 0.000000 0.774941 0.563401 0.195621 0.169124 0.411014 0.361736 0.454000 0.383220 0.311432 0.499661 0.433532 0.376763 0.547578 0.421550 0.304536 0.398888 0.572814 0.669629 0.313877 0.321133 0.694465 0.368558 0.930385 0.970610 0.465185 0.410136 0.333086 0.397002 0.257116 0.268815 0.694676 0.773213 0.640794 0.917459 0.728740 0.836751 0.829281 0.842225 0.273828 0.299451 0.321788 0.337924 0.317774 0.391384 0.574777 0.435408 0.469510 0.410140 0.514331 0.515833 0.653576 0.654340 0.665417 0.670707 0.370020 0.442278 0.289463 0.328517 0.525573 0.555906 0.274623 0.192723 0.275156 0.284069 0.711096 0.540190 0.365989 0.415154 0.491150 0.430450 0.759776 0.626523 0.440224 0.535298 0.480865 0.455148 0.484646 0.375857 0.664063 0.564945 0.513823 0.343506 0.996679 0.880823 0.705446 0.559582 0.452228 0.538058 0.493371 0.547998 0.518162 0.544605 0.360366 0.596407 0.342520 0.282973 0.530918 0.524310 0.550765 0.437486 0.383742 0.503905 0.880809 0.739685 0.840036 0.835382 0.783702 0.411008 0.384724 0.577635 0.485703 0.795305
0.830514 0.711713 0.822669 0.774941 0.000000 0.763123 0.708012 0.654573 0.791401 0.874148 0.889884 0.808978 0.762254 0.942901 0.870745 0.799368 0.751783 0.813742 0.772810 0.902068 0.825500 0.826348 0.736602 0.818128 0.940952 0.992463 0.738016 0.901804 0.777574 0.802623 0.814138 0.994987 0.761408 0.766402 0.861909 0.849965 0.980463 0.996549 0.980072 0.802466 0.977037 0.995608 0.770307 0.781950 0.651353 0.696579 0.763259 0.747304 0.683406 0.652462 0.706807 0.702266 0.778848 0.608488 0.859621 0.767018 0.837047 0.776680 0.690545 0.707151 0.639776 0.660700 0.666901 0.713575 0.808994 0.719164 0.670322 0.699883 0.822363 0.800421 0.614968 0.687220 0.838885 0.827308 0.965399 0.822166 0.823032 0.880604 0.840055 0.981099 0.627269 0.711833 0.820697 0.809894 0.766235 0.772601 0.896869 0.937030 0.857635 0.887083 0.743762 0.759305 0.707298 0.848020 0.761574 0.886805 0.780446 0.686508 0.746990 0.672094 0.793506 0.853640 0.827013 0.788776 0.723243 0.753048 0.816044 0.805149 0.696806 0.921072 0.910848 0.662822 0.703209 0.820564 0.897185 0.944897
0.670514 0.809636 0.533780 0.563401 0.763123 0.000000 0.482045 0.561948 0.461290 0.614564 0.696890 0.648574 0.550400 0.826280 0.686101 0.555018 0.866312 0.805400 0.670541 0.762963 0.778026 0.838648 0.565929 0.646797 0.828016 0.608984 0.927324 0.705609 0.843379 0.812741 0.603218 0.737167 0.621203 0.577754 0.535547 0.888603 0.939561 0.844711 0.944168 0.985985 0.978732 0.940207 0.601902 0.598487 0.570653 0.598980 0.676798 0.646588 0.891964 0.640356 0.657859 0.578171 0.588746 0.611485 0.795793 0.752708 0.964807 0.960143 0.700328 0.641340 0.568376 0.619700 0.735727 0.813827 0.629156 0.564380 0.514542 0.574529 0.831675 0.709282 0.618533 0.543326 0.698381 0.674099 0.741858 0.752429 0.651779 0.814373 0.739892 0.589834 0.675251 0.628457 0.932767 0.814869 0.677355 0.580791 0.985313 0.828873 0.914937 0.719702 0.547070 0.676590 0.548568 0.618484 0.617906 0.630493 0.564762 0.931083 0.591312 0.610304 0.724328 0.637365 0.794637 0.650972 0.551257 0.725129 0.834414 0.770198 0.833019 0.991146 0.905360 0.733829 0.596165 0.732757 0.597347 0.922477
0.400962 0.494565 0.161085 0.195621 0.708012 0.482045 0.000000 0.159957 0.345495 0.284026 0.429242 0.439424 0.356421 0.701188 0.559423 0.484154 0.455546 0.355784 0.278617 0.403544 0.673658 0.649845 0.351460 0.469052 0.699630 0.404008 0.937517 0.945082 0.520148 0.424889 0.348014 0.442080 0.239475 0.229567 0.622228 0.690554 0.669043 0.869795 0.790035 0.786345 0.855110 0.834681 0.180860 0.182784 0.183840 0.203482 0.272787 0.294876 0.452605 0.334686 0.337698 0.315257 0.394811 0.401294 0.596135 0.599398 0.576880 0.590536 0.303912 0.397540 0.256961 0.371145 0.437267 0.503219 0.299951 0.232611 0.146817 0.196351 0.673321 0.508790 0.309155 0.321062 0.497095 0.363141 0.792028 0.607224 0.373730 0.540025 0.422499 0.385433 0.390594 0.338878 0.675933 0.619985 0.498976 0.408249 0.979878 0.903963 0.743222 0.674036 0.362778 0.428797 0.409136 0.429926 0.438379 0.497327 0.285678 0.607831 0.257382 0.222005 0.482657 0.392486 0.482842 0.376277 0.313441 0.391631 0.788811 0.655376 0.743965 0.832115 0.707709 0.355071 0.305799 0.595532 0.435741 0.801408
0.392964 0.413575 0.216500 0.169124 0.654573 0.561948 0.159957 0.000000 0.384172 0.251135 0.431731 0.357826 0.340467 0.583387 0.512003 0.433114 0.426865 0.348972 0.306392 0.353750 0.659180 0.638603 0.357669 0.435475 0.775981 0.463304 0.841495 0.949130 0.476447 0.410124 0.392460 0.473017 0.254723 0.253140 0.709076 0.706658 0.712866 0.857353 0.854585 0.882783 0.857669 0.743232 0.229019 0.252013 0.260726 0.269358 0.337965 0.344161 0.454601 0.334242 0.372671 0.328261 0.454679 0.403045 0.666269 0.701644 0.527194 0.509260 0.255639 0.349053 0.252136 0.268110 0.424094 0.428559 0.321815 0.210287 0.213058 0.230415 0.721852 0.447991 0.337979 0.354082 0.526432 0.410749 0.827645 0.590375 0.447554 0.490654 0.414490 0.501758 0.399425 0.375889 0.665343 0.601190 0.536450 0.397785 0.963134 0.900570 0.765658 0.610812 0.379988 0.449927 0.389841 0.479211 0.424107 0.488200 0.340083 0.510616 0.260274 0.206753 0.444911 0.461717 0.458833 0.379635 0.305166 0.386270 0.786697 0.676730 0.776174 0.765974 0.746965 0.318841 0.309108 0.596784 0.478780 0.759434
0.733872 0.775017 0.404477 0.411014 0.791401 0.461290 0.345495 0.384172 0.000000 0.367890 0.765948 0.711124 0.612041 0.842507 0.748055 0.619301 0.769903 0.745353 0.649064 0.715288 0.843853 0.766840 0.523930 0.566482 0.960335 0.565947 0.931393 0.999376 0.878616 0.788778 0.597014 0.635365 0.562377 0.528812 0.728666 0.728750 0.925179 0.948375 0.937211 0.856624 0.760675 0.853711 0.413917 0.473083 0.449753 0.498522 0.540438 0.580463 0.669889 0.492792 0.468593 0.430888 0.447548 0.406492 0.780713 0.687101 0.910576 0.918145 0.521769 0.648535 0.554664 0.613214 0.746499 0.780468 0.564348 0.464032 0.392197 0.508498 0.895513 0.736865 0.460443 0.495066 0.750899 0.628348 0.922187 0.768514 0.615119 0.685784 0.666765 0.627002 0.701270 0.683718 0.859539 0.855890 0.757762 0.632635 0.834239 0.817128 0.706567 0.802721 0.313235 0.398042 0.332368 0.392959 0.564001 0.735702 0.447285 0.619374 0.392567 0.417937 0.496533 0.480093 0.651228 0.536417 0.480407 0.564932 0.632659 0.643732 0.961649 0.991764 0.806100 0.475786 0.443715 0.848057 0.573857 0.775560
0.665604 0.702044 0.363831 0.361736 0.874148 0.614564 0.284026 0.251135 0.367890 0.000000 0.647881 0.601234 0.598862 0.830962 0.741424 0.662613 0.619209 0.596036 0.553692 0.531888 0.909895 0.811120 0.512297 0.639576 0.928127 0.559991 0.959261 0.903630 0.760076 0.630479 0.541516 0.550735 0.423224 0.423621 0.772176 0.646896 0.843311 0.852213 0.949935 0.964423 0.763551 0.762298 0.305442 0.327536 0.347972 0.379525 0.507959 0.478391 0.462252 0.388964 0.441236 0.371915 0.454278 0.463078 0.819914 0.801558 0.724895 0.739058 0.414853 0.528394 0.540297 0.496212 0.681183 0.665453 0.548841 0.432704 0.331420 0.406530 0.971655 0.637455 0.444021 0.412719 0.726750 0.512989 0.830653 0.703524 0.491308 0.579491 0.503783 0.602254 0.667903 0.671393 0.909047 0.863478 0.830798 0.710671 0.904834 0.961294 0.890855 0.793762 0.345356 0.376586 0.403598 0.436986 0.534659 0.495279 0.371761 0.615775 0.237612 0.256420 0.413971 0.382566 0.483237 0.449366 0.448302 0.407333 0.660339 0.592965 0.859861 0.841949 0.676223 0.417631 0.347398 0.790871 0.529485 0.630975
0.340182 0.436019 0.376529 0.454000 0.889884 0.696890 0.429242 0.431731 0.765948 0.647881 0.000000 0.376635 0.433759 0.611732 0.670938 0.624742 0.430529 0.277946 0.276773 0.254082 0.697371 0.730118 0.690831 0.623184 0.730251 0.567608 0.940653 0.840492 0.424426 0.328398 0.510465 0.542266 0.467293 0.427218 0.865346 0.901665 0.767304 0.857172 0.778367 0.755690 0.966913 0.972762 0.549274 0.489697 0.530458 0.497294 0.509727 0.524683 0.792051 0.616689 0.647043 0.678956 0.696608 0.731185 0.733220 0.893703 0.470905 0.456993 0.549187 0.534093 0.407903 0.539181 0.393255 0.490233 0.571638 0.500530 0.528068 0.413021 0.532486 0.601561 0.690944 0.620336 0.536811 0.484893 0.810656 0.697774 0.624632 0.572351 0.537705 0.423364 0.419735 0.359191 0.617561 0.621168 0.696700 0.562286 0.971924 0.866778 0.906404 0.785334 0.797873 0.855195 0.849370 0.830510 0.643764 0.606693 0.620409 0.915914 0.620968 0.544919 0.746549 0.618099 0.634900 0.541282 0.610613 0.749380 0.981759 0.890434 0.919096 0.831450 0.864385 0.659499 0.620633 0.726753 0.717282 0.973759
0.242778 0.284392 0.365141 0.383220 0.808978 0.648574 0.439424 0.357826 0.711124 0.601234 0.376635 0.000000 0.271874 0.374262 0.346132 0.279817 0.353815 0.289037 0.364821 0.336042 0.525184 0.686595 0.357603 0.413586 0.592925 0.494857 0.999554 0.878742 0.292517 0.271988 0.327900 0.450171 0.333066 0.340444 0.661018 0.834972 0.595493 0.683797 0.718051 0.890756 0.990210 0.862018 0.490344 0.441016 0.429048 0.394621 0.434533 0.350611 0.625839 0.441571 0.473870 0.462780 0.559846 0.594981 0.744316 0.823403 0.455071 0.417824 0.389172 0.329395 0.221958 0.249925 0.289770 0.274204 0.402249 0.321100 0.435974 0.337788 0.566736 0.398522 0.522373 0.485635 0.339705 0.356630 0.662154 0.627880 0.605004 0.428373 0.465944 0.461234 0.368839 0.364359 0.436023 0.515884 0.442583 0.360837 0.941197 0.910329 0.813375 0.563256 0.823041 0.935994 0.774954 0.975621 0.552914 0.578698 0.514856 0.720132 0.558863 0.473633 0.751881 0.697241 0.574627 0.609590 0.422271 0.495288 0.889834 0.825743 0.857598 0.679334 0.850387 0.615629 0.635825 0.602591 0.546277 0.951922
0.276526 0.447655 0.265698 0.311432 0.762254 0.550400 0.356421 0.340467 0.612041 0.598862 0.433759 0.271874 0.000000 0.372354 0.296300 0.281879 0.512871 0.443526 0.350324 0.412223 0.601911 0.758839 0.287877 0.311681 0.583896 0.452006 0.964152 0.955599 0.406363 0.400171 0.367912 0.505376 0.365611 0.415380 0.609106 0.837413 0.634504 0.810211 0.625337 0.833284 0.972664 0.984060 0.421914 0.421727 0.414624 0.379356 0.384565 0.369361 0.664860 0.405450 0.468503 0.455077 0.533825 0.601442 0.572010 0.652801 0.646090 0.595865 0.373395 0.353929 0.206606 0.279834 0.389263 0.467336 0.237582 0.246475 0.385240 0.346832 0.581966 0.491903 0.523288 0.497221 0.417710 0.453604 0.731002 0.584375 0.573070 0.610075 0.513088 0.498136 0.419422 0.340780 0.514220 0.585811 0.362820 0.261369 0.913604 0.776086 0.660625 0.520809 0.731353 0.823772 0.693401 0.857551 0.600200 0.637160 0.477571 0.769952 0.541196 0.479123 0.705237 0.694398 0.645068 0.683988 0.427662 0.548637 0.950530 0.834882 0.644651 0.781721 0.889899 0.590933 0.569927 0.581838 0.559450 0.851473
0.455551 0.565287 0.551217 0.499661 0.942901 0.826280 0.701188 0.583387 0.842507 0.830962 0.611732 0.374262 0.372354 0.000000 0.264555 0.295296 0.681652 0.557143 0.511326 0.523463 0.585502 0.747600 0.436746 0.345484 0.571032 0.541521 0.907698 0.944572 0.429382 0.477676 0.462115 0.578708 0.497963 0.569598 0.839077 0.990628 0.651206 0.831234 0.748969 0.823971 0.950139 0.875406 0.648861 0.657645 0.754504 0.661065 0.565575 0.633884 0.871321 0.750766 0.771253 0.722021 0.800770 0.912076 0.768524 0.896066 0.731429 0.716170 0.595277 0.598612 0.490769 0.481227 0.582542 0.592211 0.437781 0.450282 0.668424 0.626234 0.796580 0.576819 0.713228 0.734050 0.574136 0.612072 0.831001 0.649084 0.655166 0.667572 0.612624 0.625893 0.672267 0.593860 0.502607 0.550894 0.484459 0.367741 0.937992 0.891634 0.825426 0.561545 0.948709 0.964938 0.891775 0.919085 0.715229 0.717081 0.736128 0.784397 0.762511 0.698214 0.825292 0.913592 0.765779 0.902155 0.635378 0.696233 0.936832 0.936278 0.865882 0.791515 0.983384 0.801418 0.780106 0.712013 0.675935 0.968456
0.457847 0.591994 0.435633 0.433532 0.870745 0.686101 0.559423 0.512003 0.748055 0.741424 0.670938 0.346132 0.296300 0.264555 0.000000 0.220074 0.642584 0.586708 0.521100 0.573298 0.608376 0.730230 0.223422 0.262299 0.418474 0.459740 0.935899 0.922886 0.466552 0.466940 0.302393 0.400998 0.387154 0.485127 0.604061 0.966560 0.650353 0.879198 0.696385 0.947614 0.971595 0.996715 0.547239 0.577538 0.596859 0.551352 0.477459 0.517927 0.798809 0.680246 0.715824 0.639250 0.748623 0.856733 0.636502 0.717499 0.814451 0.803676 0.565423 0.578661 0.402754 0.442371 0.555564 0.611795 0.338214 0.386634 0.525372 0.531703 0.764147 0.609361 0.586720 0.659335 0.427118 0.547079 0.706423 0.705737 0.596857 0.676164 0.523208 0.622777 0.556200 0.505864 0.460788 0.582279 0.365067 0.295221 0.885426 0.855665 0.876588 0.601581 0.917152 0.952601 0.887838 0.911290 0.700732 0.735830 0.604246 0.773280 0.720663 0.653462 0.891397 0.887396 0.818711 0.884105 0.493617 0.600413 0.978064 0.977108 0.787366 0.756182 0.925150 0.743508 0.698183 0.713632 0.566066 0.974674
0.410467 0.510167 0.409216 0.376763 0.799368 0.555018 0.484154 0.433114 0.619301 0.662613 0.624742 0.279817 0.281879 0.295296 0.220074 0.000000 0.585897 0.530508 0.448515 0.528066 0.576902 0.690106 0.191948 0.220237 0.494189 0.465812 0.926750 0.883673 0.425741 0.436444 0.302858 0.449818 0.350175 0.427526 0.598917 0.853932 0.668265 0.803186 0.745927 0.931697 0.981517 0.932492 0.431216 0.453034 0.475081 0.418750 0.445762 0.403278 0.663740 0.492137 0.493619 0.435925 0.498147 0.588068 0.700914 0.690879 0.735136 0.711442 0.447589 0.452983 0.334806 0.373652 0.449585 0.484226 0.357060 0.351762 0.419070 0.441905 0.761685 0.534358 0.430788 0.463519 0.412146 0.442885 0.617088 0.620527 0.510678 0.620393 0.503703 0.526077 0.516231 0.511168 0.524516 0.610301 0.405143 0.311606 0.958480 0.950474 0.870168 0.653441 0.716340 0.826516 0.659051 0.915562 0.634931 0.638560 0.523984 0.745457 0.586459 0.521379 0.767192 0.698482 0.672225 0.791072 0.397377 0.533932 0.821362 0.797877 0.799822 0.798068 0.842216 0.670619 0.591359 0.612113 0.491435 0.898062
0.255395 0.199135 0.513586 0.547578 0.751783 0.866312 0.455546 0.426865 0.769903 0.619209 0.430529 0.353815 0.512871 0.681652 0.642584 0.585897 0.000000 0.189842 0.346746 0.362996 0.624838 0.693940 0.553783 0.689638 0.611329 0.609528 0.886570 0.857640 0.300922 0.289802 0.426949 0.497485 0.352048 0.367298 0.774988 0.642700 0.653014 0.645552 0.838219 0.782414 0.942088 0.617674 0.428514 0.384127 0.390732 0.374574 0.427279 0.362053 0.566911 0.488547 0.439751 0.528612 0.596648 0.623122 0.691482 0.880390 0.169701 0.220481 0.311295 0.397298 0.355113 0.449950 0.210478 0.212268 0.546166 0.519526 0.405417 0.341575 0.424414 0.371357 0.497535 0.461638 0.419738 0.393785 0.791230 0.673255 0.529975 0.418303 0.371553 0.486616 0.219271 0.396020 0.415244 0.500607 0.525538 0.535729 0.947819 0.957077 0.909084 0.732436 0.793467 0.865192 0.786565 0.908801 0.585508 0.652047 0.540201 0.600646 0.504133 0.446172 0.841877 0.701024 0.496197 0.451106 0.494089 0.534499 0.855259 0.770030 0.804485 0.631359 0.752014 0.553645 0.609589 0.657675 0.560189 0.921599
0.222617 0.238774 0.382441 0.421550 0.813742 0.805400 0.355784 0.348972 0.745353 0.596036 0.277946 0.289037 0.443526 0.557143 0.586708 0.530508 0.189842 0.000000 0.215006 0.224455 0.592035 0.643083 0.551030 0.631099 0.597521 0.496623 0.937567 0.840617 0.242788 0.202514 0.394996 0.437563 0.299032 0.261741 0.759735 0.813240 0.607104 0.690542 0.765948 0.712633 0.952011 0.688632 0.391280 0.325569 0.385154 0.346397 0.388353 0.348784 0.606535 0.498434 0.463720 0.527598 0.593708 0.620658 0.702739 0.853662 0.218451 0.232218 0.352674 0.415794 0.288966 0.428536 0.198439 0.238359 0.474043 0.419773 0.377846 0.297223 0.450905 0.412789 0.512526 0.499047 0.413043 0.343665 0.746827 0.598146 0.556137 0.438852 0.391248 0.387580 0.263022 0.275657 0.421392 0.454004 0.499099 0.448208 0.965227 0.983330 0.895917 0.687257 0.752056 0.817068 0.767151 0.815072 0.559002 0.550884 0.541815 0.695351 0.459479 0.407915 0.724889 0.604211 0.525391 0.436255 0.471930 0.556370 0.947927 0.792295 0.883177 0.712603 0.818095 0.505589 0.546396 0.620002 0.548042 0.920892
0.298057 0.397831 0.288582 0.304536 0.772810 0.670541 0.278617 0.306392 0.649064 0.553692 0.276773 0.364821 0.350324 0.511326 0.521100 0.448515 0.346746 0.215006 0.000000 0.260062 0.635851 0.596651 0.473342 0.461807 0.571524 0.451005 0.940718 0.909838 0.303168 0.243202 0.350128 0.400146 0.293990 0.263884 0.764757 0.753248 0.596873 0.871385 0.732042 0.753864 0.888772 0.780634 0.328510 0.296456 0.374814 0.341456 0.343660 0.365925 0.621141 0.497566 0.525061 0.541105 0.600695 0.646914 0.714857 0.774764 0.433640 0.460228 0.403547 0.496625 0.328212 0.492324 0.333067 0.444687 0.403238 0.372466 0.349968 0.355655 0.548772 0.500465 0.483280 0.461010 0.470343 0.394161 0.777868 0.569344 0.501488 0.533586 0.462597 0.369826 0.380902 0.333947 0.602819 0.546707 0.549873 0.448127 0.937358 0.944811 0.863417 0.756910 0.647937 0.711652 0.701124 0.715216 0.555769 0.552288 0.515777 0.692021 0.427362 0.376720 0.655098 0.566413 0.553596 0.436856 0.463907 0.642045 0.960840 0.800126 0.773065 0.788751 0.827573 0.487296 0.455878 0.603932 0.549942 0.852766
0.288667 0.364004 0.375870 0.398888 0.902068 0.762963 0.403544 0.353750 0.715288 0.531888 0.254082 0.336042 0.412223 0.523463 0.573298 0.528066 0.362996 0.224455 0.260062 0.000000 0.671896 0.670151 0.566139 0.575106 0.675982 0.519121 0.901632 0.823924 0.331801 0.255877 0.431764 0.419078 0.343824 0.299197 0.774438 0.872947 0.672956 0.761620 0.741890 0.778414 0.884378 0.855628 0.446143 0.377193 0.465968 0.422193 0.412558 0.396893 0.673672 0.541546 0.566723 0.587402 0.634311 0.716859 0.765899 0.829447 0.387232 0.375065 0.437288 0.482438 0.361352 0.449084 0.341984 0.388387 0.499350 0.435242 0.466476 0.404178 0.561219 0.471058 0.656151 0.588383 0.491650 0.440257 0.697137 0.634384 0.602225 0.585516 0.492354 0.426402 0.442774 0.349878 0.544622 0.583303 0.650830 0.517413 0.949819 0.946875 0.835861 0.674513 0.783770 0.838442 0.837266 0.862650 0.624517 0.600424 0.559264 0.737521 0.486081 0.462156 0.636614 0.605991 0.619541 0.505959 0.542191 0.640936 0.961108 0.840881 0.856395 0.787356 0.763181 0.567970 0.567338 0.723924 0.593089 0.823992
0.554659 0.611939 0.635672 0.572814 0.825500 0.778026 0.673658 0.659180 0.843853 0.909895 0.697371 0.525184 0.601911 0.585502 0.608376 0.576902 0.624838 0.592035 0.635851 0.671896 0.000000 0.766256 0.552349 0.553209 0.686890 0.655803 0.900372 0.907287 0.596706 0.601510 0.560401 0.676354 0.569327 0.546007 0.734039 0.875940 0.616627 0.914472 0.759889 0.783418 0.922339 0.931710 0.688074 0.695020 0.703399 0.633456 0.543249 0.636552 0.857844 0.777029 0.771093 0.769782 0.754817 0.856448 0.785628 0.767364 0.714221 0.714589 0.667061 0.601030 0.538451 0.587551 0.579499 0.621063 0.581411 0.543292 0.653501 0.598231 0.750049 0.701998 0.688561 0.693716 0.591043 0.649235 0.779020 0.683930 0.734433 0.669326 0.720295 0.608312 0.595928 0.552347 0.548655 0.530123 0.551871 0.529461 0.919698 0.961155 0.858393 0.637549 0.901821 0.988079 0.828197 0.995173 0.819071 0.747322 0.701309 0.874789 0.807897 0.682741 0.959986 0.932673 0.647712 0.713092 0.695790 0.703148 0.995730 0.946700 0.947100 0.893897 0.980956 0.862249 0.859396 0.795511 0.796987 0.819985
0.729023 0.744594 0.669865 0.669629 0.826348 0.838648 0.649845 0.638603 0.766840 0.811120 0.730118 0.686595 0.758839 0.747600 0.730230 0.690106 0.693940 0.643083 0.596651 0.670151 0.766256 0.000000 0.728101 0.682495 0.876575 0.759144 0.809434 0.701035 0.636719 0.668645 0.678444 0.616398 0.553720 0.635529 0.887428 0.870173 0.971445 0.870443 0.985951 0.914473 0.913733 0.963861 0.694121 0.671889 0.722679 0.700743 0.729714 0.771524 0.880391 0.859357 0.831064 0.815502 0.875009 0.823527 0.895470 0.849555 0.756597 0.753559 0.805686 0.793738 0.706183 0.808718 0.722344 0.748666 0.761320 0.708730 0.654121 0.686491 0.828969 0.780385 0.674008 0.713736 0.800967 0.653930 0.999551 0.902033 0.768780 0.702396 0.896449 0.701286 0.754814 0.748004 0.793103 0.817042 0.845519 0.749658 0.965360 0.936340 0.871778 0.865569 0.717172 0.840101 0.806022 0.839237 0.783328 0.833012 0.796729 0.816253 0.717194 0.658558 0.847154 0.877085 0.832785 0.622955 0.771757 0.768918 0.993922 0.932077 0.999066 0.885995 0.816166 0.814808 0.756916 0.758104 0.893203 0.857652
0.439987 0.538966 0.317278 0.313877 0.736602 0.565929 0.351460 0.357669 0.523930 0.512297 0.690831 0.357603 0.287877 0.436746 0.223422 0.191948 0.553783 0.551030 0.473342 0.566139 0.552349 0.728101 0.000000 0.232484 0.455089 0.398609 0.999667 0.995317 0.499260 0.460539 0.233013 0.391563 0.274583 0.363119 0.498720 0.788455 0.583826 0.834165 0.702434 0.881917 0.958267 0.941238 0.326437 0.365321 0.337503 0.324151 0.330194 0.348338 0.559130 0.430145 0.434217 0.368363 0.447327 0.559218 0.553590 0.602632 0.742575 0.741519 0.375001 0.421236 0.289996 0.341655 0.467558 0.503721 0.251658 0.283833 0.285200 0.333417 0.758645 0.497599 0.339938 0.387818 0.404577 0.424369 0.653695 0.656432 0.402836 0.614045 0.426507 0.532267 0.458581 0.467896 0.484717 0.568813 0.344320 0.293524 0.909384 0.929743 0.754976 0.617995 0.635000 0.763615 0.592925 0.862002 0.546531 0.623367 0.393524 0.639685 0.489243 0.431423 0.761218 0.688064 0.591509 0.716851 0.324496 0.394491 0.741156 0.802839 0.719814 0.802037 0.736483 0.564127 0.533023 0.649997 0.417876 0.827652
0.493271 0.651566 0.346484 0.321133 0.818128 0.646797 0.469052 0.435475 0.566482 0.639576 0.623184 0.413586 0.311681 0.345484 0.262299 0.220237 0.689638 0.631099 0.461807 0.575106 0.553209 0.682495 0.232484 0.000000 0.508345 0.451595 0.991398 0.919049 0.495496 0.499680 0.320860 0.392438 0.428842 0.451933 0.656330 0.923070 0.672301 0.865613 0.686898 0.852452 0.922179 0.969983 0.474256 0.526735 0.526661 0.483405 0.422685 0.486186 0.678055 0.587274 0.612158 0.547652 0.593956 0.698098 0.646474 0.634855 0.871269 0.896222 0.507133 0.561729 0.398320 0.480187 0.587622 0.676955 0.350830 0.343593 0.458410 0.503291 0.838921 0.662384 0.489386 0.568914 0.493853 0.563000 0.709996 0.724599 0.554827 0.684141 0.583994 0.534905 0.564211 0.530492 0.609188 0.637958 0.467813 0.353739 0.840229 0.806689 0.775025 0.674673 0.714518 0.814980 0.699281 0.892470 0.672560 0.729919 0.517756 0.741190 0.650299 0.552291 0.737985 0.790740 0.699203 0.788650 0.516094 0.631034 0.894306 0.838955 0.772004 0.859632 0.836078 0.699666 0.583045 0.687374 0.544353 0.902344
0.537077 0.656682 0.587828 0.694465 0.940952 0.828016 0.699630 0.775981 0.960335 0.928127 0.730251 0.592925 0.583896 0.571032 0.418474 0.494189 0.611329 0.597521 0.571524 0.675982 0.686890 0.876575 0.455089 0.508345 0.000000 0.484861 0.818889 0.897688 0.513283 0.504200 0.402260 0.406373 0.572777 0.624426 0.581309 0.926103 0.591150 0.902938 0.587235 0.800959 0.976187 0.891509 0.657104 0.658448 0.694503 0.666463 0.562753 0.582936 0.852718 0.880093 0.836136 0.832902 0.840623 0.936630 0.601894 0.806453 0.736918 0.806712 0.698382 0.712466 0.585521 0.727329 0.644006 0.683086 0.522811 0.650008 0.650106 0.686146 0.535769 0.627061 0.745743 0.834765 0.437013 0.670691 0.638932 0.856896 0.719935 0.805897 0.662858 0.559280 0.566167 0.626110 0.569283 0.671948 0.476353 0.491768 0.891687 0.996210 0.955876 0.763644 0.858675 0.760751 0.901958 0.796664 0.675180 0.802000 0.646191 0.881967 0.873571 0.843739 0.825818 0.949141 0.892714 0.937322 0.714450 0.782189 0.901893 0.989652 0.855348 0.812379 0.905485 0.849074 0.882591 0.896334 0.676394 0.997249
0.501861 0.604445 0.327607 0.368558 0.992463 0.608984 0.404008 0.463304 0.565947 0.559991 0.567608 0.494857 0.452006 0.541521 0.459740 0.465812 0.609528 0.496623 0.451005 0.519121 0.655803 0.759144 0.398609 0.451595 0.484861 0.000000 0.886864 0.870754 0.521766 0.441022 0.298887 0.346931 0.353124 0.378087 0.638663 0.830201 0.660239 0.927920 0.574300 0.560685 0.856762 0.857235 0.392273 0.362344 0.439159 0.437783 0.419350 0.416940 0.626038 0.566688 0.537971 0.519752 0.544479 0.689136 0.605726 0.661260 0.736628 0.725886 0.493433 0.549297 0.434573 0.537026 0.555462 0.612275 0.388633 0.396401 0.405954 0.411561 0.698628 0.593172 0.533035 0.468042 0.471580 0.453670 0.687065 0.758328 0.497420 0.717895 0.565438 0.411802 0.573377 0.469387 0.617039 0.565356 0.559990 0.428517 0.904241 0.881905 0.723863 0.601061 0.679513 0.817196 0.737153 0.732156 0.557960 0.700667 0.449173 0.695084 0.503624 0.452013 0.751216 0.603395 0.605200 0.555921 0.459099 0.621544 0.860156 0.746678 0.924460 0.804530 0.832996 0.647398 0.503721 0.784277 0.508504 0.876463
0.967899 0.801595 0.981913 0.930385 0.738016 0.927324 0.937517 0.841495 0.931393 0.959261 0.940653 0.999554 0.964152 0.907698 0.935899 0.926750 0.886570 0.937567 0.940718 0.901632 0.900372 0.809434 0.999667 0.991398 0.818889 0.886864 0.000000 0.968807 0.921173 0.902014 0.919766 0.994025 0.939492 0.870421 0.999738 0.796644 0.889161 0.895391 0.980829 0.902655 0.975447 0.890893 0.933347 0.906644 0.887025 0.924849 0.938436 0.943845 0.878846 0.907318 0.906499 0.921866 0.974760 0.869737 0.983834 0.953562 0.788476 0.792553 0.908019 0.907334 0.928565 0.926281 0.896689 0.832337 0.957243 0.995337 0.901449 0.922595 0.987405 0.791822 0.862695 0.909325 0.988287 0.813126 0.931646 0.967344 0.949622 0.883981 0.990359 0.862171 0.868073 0.954461 0.993024 0.874423 0.883798 0.921401 0.866892 0.938598 0.813561 0.959934 0.883493 0.955208 0.918440 0.998926 0.901891 0.988239 0.890521 0.712362 0.872760 0.868856 0.866295 0.898257 0.812196 0.746786 0.917292 0.883739 0.948787 0.985484 0.926405 0.986100 0.897049 0.800228 0.821752 0.981018 0.898229 0.873478
0.839540 0.864628 0.980834 0.970610 0.901804 0.705609 0.945082 0.949130 0.999376 0.903630 0.840492 0.878742 0.955599 0.944572 0.922886 0.883673 0.857640 0.840617 0.909838 0.823924 0.907287 0.701035 0.995317 0.919049 0.897688 0.870754 0.968807 0.000000 0.858088 0.881180 0.952199 0.988311 0.866549 0.919475 0.879646 0.909784 0.861397 0.900409 0.931680 0.981211 0.858801 0.998731 0.995615 0.945249 0.984073 0.975414 0.967632 0.994161 0.834777 0.949546 0.996795 0.993566 0.957625 0.940348 0.938424 0.892898 0.844805 0.821452 0.972993 0.931301 0.925037 0.956156 0.844630 0.831181 0.933427 0.949217 0.962738 0.930570 0.738580 0.969809 0.865439 0.937346 0.936209 0.921670 0.917362 0.981602 0.929839 0.944689 0.976101 0.854807 0.840036 0.853323 0.967014 0.888365 0.979742 0.915380 0.967339 0.988972 0.943299 0.899841 0.933058 0.949832 0.990252 0.948512 0.849583 0.925293 0.935215 0.970170 0.939382 0.950418 0.899499 0.958761 0.977277 0.805723 0.912946 0.974328 0.938677 0.789016 0.893411 0.872343 0.958854 0.943960 0.957378 0.890548 0.988293 0.928445
0.272956 0.292359 0.494619 0.465185 0.777574 0.843379 0.520148 0.476447 0.878616 0.760076 0.424426 0.292517 0.406363 0.429382 0.466552 0.425741 0.300922 0.242788 0.303168 0.331801 0.596706 0.636719 0.499260 0.495496 0.513283 0.521766 0.921173 0.858088 0.000000 0.208000 0.378979 0.489447 0.384131 0.336640 0.707326 0.840316 0.550952 0.686437 0.714883 0.779131 0.933462 0.804049 0.517357 0.456495 0.495715 0.447356 0.442796 0.396739 0.653387 0.543916 0.555202 0.584086 0.666943 0.719643 0.630585 0.765576 0.356212 0.367230 0.460757 0.415567 0.322522 0.418849 0.259297 0.300857 0.469399 0.420260 0.483935 0.413794 0.508445 0.404268 0.585543 0.575824 0.385404 0.408111 0.684883 0.670137 0.561929 0.495726 0.550673 0.467498 0.326851 0.344732 0.423299 0.394908 0.423823 0.392009 0.961570 0.933715 0.866527 0.551990 0.922425 0.975225 0.897349 0.989053 0.636569 0.664500 0.655292 0.752116 0.615443 0.529173 0.802822 0.801746 0.725912 0.614213 0.567525 0.635647 0.969148 0.834447 0.858579 0.670213 0.824990 0.588490 0.666776 0.604053 0.585392 0.907034
0.252127 0.295009 0.391133 0.410136 0.802623 0.812741 0.424889 0.410124 0.788778 0.630479 0.328398 0.271988 0.400171 0.477676 0.466940 0.436444 0.289802 0.202514 0.243202 0.255877 0.601510 0.668645 0.460539 0.499680 0.504200 0.441022 0.902014 0.881180 0.208000 0.000000 0.277004 0.389177 0.299700 0.248915 0.686143 0.746255 0.600893 0.676356 0.661441 0.843426 0.941780 0.867286 0.443042 0.357169 0.420534 0.363484 0.385219 0.356726 0.623196 0.488499 0.506959 0.527934 0.571680 0.655518 0.602115 0.786864 0.363570 0.358737 0.449253 0.440040 0.313691 0.423429 0.262306 0.305067 0.467288 0.421300 0.414232 0.358290 0.449764 0.389954 0.525906 0.519723 0.347762 0.298850 0.639870 0.593368 0.606119 0.499602 0.477648 0.418155 0.322485 0.293749 0.426228 0.378847 0.525287 0.442258 0.895048 0.887385 0.901728 0.632929 0.864175 0.962670 0.902142 0.986879 0.568558 0.678356 0.514557 0.719617 0.546789 0.472717 0.742491 0.661087 0.576352 0.561516 0.552939 0.605846 0.938175 0.864692 0.869530 0.760317 0.779738 0.606193 0.588901 0.685459 0.553714 0.883270
0.333829 0.423050 0.298543 0.333086 0.814138 0.603218 0.348014 0.392460 0.597014 0.541516 0.510465 0.327900 0.367912 0.462115 0.302393 0.302858 0.426949 0.394996 0.350128 0.431764 0.560401 0.678444 0.233013 0.320860 0.402260 0.298887 0.919766 0.952199 0.378979 0.277004 0.000000 0.266526 0.231726 0.260977 0.495991 0.690349 0.542504 0.727269 0.613639 0.808714 0.953616 0.845879 0.295726 0.273603 0.291680 0.276294 0.274150 0.274396 0.499627 0.448686 0.425880 0.401160 0.475260 0.632962 0.537813 0.622825 0.572960 0.588656 0.386656 0.402224 0.298650 0.399862 0.376864 0.416797 0.320603 0.328694 0.271376 0.302331 0.648744 0.406896 0.373852 0.390185 0.325596 0.274563 0.620331 0.670294 0.432127 0.515753 0.393545 0.384794 0.377398 0.409094 0.434541 0.486736 0.447822 0.372445 0.913957 0.935694 0.817739 0.577043 0.750511 0.887168 0.771643 0.916265 0.540397 0.626361 0.371546 0.664240 0.467350 0.433678 0.730943 0.658990 0.532006 0.571289 0.417145 0.468342 0.772879 0.763714 0.799778 0.754440 0.721165 0.572163 0.477536 0.651748 0.386377 0.920259
0.478812 0.604386 0.368594 0.397002 0.994987 0.737167 0.442080 0.473017 0.635365 0.550735 0.542266 0.450171 0.505376 0.578708 0.400998 0.449818 0.497485 0.437563 0.400146 0.419078 0.676354 0.616398 0.391563 0.392438 0.406373 0.346931 0.994025 0.988311 0.489447 0.389177 0.266526 0.000000 0.319861 0.381234 0.664747 0.871420 0.624204 0.849378 0.612843 0.824622 0.893007 0.878843 0.440288 0.417813 0.492095 0.507174 0.475071 0.449767 0.738582 0.718362 0.690063 0.682180 0.720842 0.860187 0.748613 0.805962 0.639132 0.707362 0.588441 0.668074 0.495913 0.641472 0.559307 0.616801 0.480569 0.491829 0.481138 0.493344 0.640364 0.625148 0.599017 0.576258 0.425343 0.440066 0.644086 0.844529 0.591667 0.590670 0.524896 0.470047 0.555200 0.515853 0.632994 0.664423 0.646795 0.514693 0.994148 0.932370 0.894128 0.770177 0.812999 0.947340 0.883553 0.928351 0.686935 0.693262 0.485852 0.768993 0.583388 0.538185 0.806258 0.701255 0.704659 0.569509 0.574999 0.656980 0.962162 0.854154 0.918747 0.799817 0.708298 0.658724 0.577454 0.776783 0.512666 0.844218
0.325613 0.383464 0.269600 0.257116 0.761408 0.621203 0.239475 0.254723 0.562377 0.423224 0.467293 0.333066 0.365611 0.497963 0.387154 0.350175 0.352048 0.299032 0.293990 0.343824 0.569327 0.553720 0.274583 0.428842 0.572777 0.353124 0.939492 0.866549 0.384131 0.299700 0.231726 0.319861 0.000000 0.213875 0.629495 0.669917 0.590092 0.765468 0.743012 0.793683 0.888336 0.777314 0.238363 0.203756 0.253351 0.245374 0.283618 0.298670 0.502029 0.421867 0.400834 0.383246 0.459240 0.541055 0.584486 0.644874 0.472153 0.461801 0.327617 0.385933 0.271718 0.333781 0.350817 0.381517 0.290263 0.267757 0.215760 0.217781 0.642889 0.393665 0.312725 0.320884 0.395655 0.326342 0.713441 0.641726 0.336730 0.486533 0.342607 0.408910 0.355763 0.337847 0.465062 0.492194 0.437931 0.339667 0.972874 0.976863 0.801321 0.618232 0.542767 0.664299 0.575002 0.713591 0.485413 0.540571 0.346391 0.540670 0.339246 0.281342 0.612475 0.516496 0.522332 0.423237 0.324178 0.373716 0.851819 0.672862 0.821008 0.711837 0.657606 0.478682 0.404443 0.610781 0.394798 0.876872
0.302460 0.368900 0.279766 0.268815 0.766402 0.577754 0.229567 0.253140 0.528812 0.423621 0.427218 0.340444 0.415380 0.569598 0.485127 0.427526 0.367298 0.261741 0.263884 0.299197 0.546007 0.635529 0.363119 0.451933 0.624426 0.378087 0.870421 0.919475 0.336640 0.248915 0.260977 0.381234 0.213875 0.000000 0.561701 0.740487 0.564758 0.731592 0.762324 0.793709 0.887165 0.832563 0.253446 0.198472 0.239898 0.220180 0.266682 0.298798 0.482762 0.378989 0.387302 0.359792 0.441608 0.518382 0.601694 0.608964 0.444772 0.452504 0.333305 0.374440 0.253576 0.353822 0.318250 0.361041 0.336235 0.275538 0.221908 0.223198 0.658093 0.400667 0.407718 0.394537 0.421509 0.338484 0.676827 0.593243 0.414047 0.507798 0.377932 0.355237 0.348289 0.296509 0.529801 0.429867 0.463669 0.405953 0.975837 0.968548 0.877756 0.641188 0.580558 0.674394 0.616960 0.677998 0.472674 0.544122 0.417395 0.607165 0.315666 0.297412 0.604059 0.541471 0.498283 0.377656 0.378326 0.454230 0.766797 0.678226 0.818049 0.790292 0.674257 0.387591 0.393459 0.612021 0.366121 0.821432
0.610697 0.691132 0.626993 0.694676 0.861909 0.535547 0.622228 0.709076 0.728666 0.772176 0.865346 0.661018 0.609106 0.839077 0.604061 0.598917 0.774988 0.759735 0.764757 0.774438 0.734039 0.887428 0.498720 0.656330 0.581309 0.638663 0.999738 0.879646 0.707326 0.686143 0.495991 0.664747 0.629495 0.561701 0.000000 0.868632 0.671479 0.807607 0.836605 0.923458 0.969646 0.913641 0.567687 0.584739 0.524938 0.531417 0.624590 0.580885 0.684477 0.549289 0.577041 0.523326 0.573887 0.665907 0.644103 0.685893 0.840442 0.763213 0.617191 0.538542 0.561679 0.661221 0.596739 0.637145 0.621150 0.634835 0.527404 0.554754 0.837067 0.604293 0.566969 0.624973 0.676855 0.563610 0.756538 0.812091 0.723864 0.668240 0.637666 0.674354 0.596937 0.685607 0.740436 0.840993 0.595018 0.622857 0.918470 0.972316 0.886832 0.755505 0.841127 0.957935 0.792221 0.892354 0.617735 0.744915 0.594744 0.861762 0.635483 0.726573 0.921375 0.865372 0.812311 0.855546 0.604508 0.568263 0.798237 0.786936 0.727314 0.937732 0.653449 0.677454 0.749434 0.916539 0.707219 0.784552
0.780306 0.649992 0.795892 0.773213 0.849965 0.888603 0.690554 0.706658 0.728750 0.646896 0.901665 0.834972 0.837413 0.990628 0.966560 0.853932 0.642700 0.813240 0.753248 0.872947 0.875940 0.870173 0.788455 0.923070 0.926103 0.830201 0.796644 0.909784 0.840316 0.746255 0.690349 0.871420 0.669917 0.740487 0.868632 0.000000 0.958871 0.631174 0.983543 0.939911 0.983098 0.800405 0.590214 0.570398 0.534821 0.590682 0.697202 0.643918 0.547158 0.539450 0.552165 0.558879 0.644447 0.581325 0.828390 0.811378 0.724359 0.687825 0.638876 0.685953 0.766836 0.755399 0.715788 0.673594 0.816492 0.784877 0.574425 0.622059 0.867751 0.602091 0.549550 0.442509 0.841970 0.619504 0.993497 0.982077 0.693873 0.616559 0.671263 0.844539 0.697579 0.838275 0.802494 0.763745 0.942999 0.882718 0.898823 0.907530 0.887385 0.930765 0.664699 0.698261 0.719519 0.763034 0.743582 0.849021 0.644448 0.628112 0.625175 0.609874 0.673139 0.595035 0.619913 0.719799 0.719009 0.652798 0.703203 0.768544 0.769151 0.931021 0.623381 0.733561 0.661777 0.767024 0.696812 0.817546
0.546154 0.623771 0.614242 0.640794 0.980463 0.939561 0.669043 0.712866 0.925179 0.843311 0.767304 0.595493 0.634504 0.651206 0.650353 0.668265 0.653014 0.607104 0.596873 0.672956 0.616627 0.971445 0.583826 0.672301 0.591150 0.660239 0.889161 0.861397 0.550952 0.600893 0.542504 0.624204 0.590092 0.564758 0.671479 0.958871 0.000000 0.802906 0.603966 0.766526 0.887985 0.841403 0.652775 0.612200 0.614100 0.614590 0.565760 0.535776 0.739214 0.719895 0.686924 0.716179 0.784758 0.915389 0.862167 0.851349 0.629738 0.679432 0.647573 0.634988 0.577704 0.631800 0.618168 0.627796 0.544140 0.586617 0.664443 0.604003 0.801921 0.659071 0.746807 0.794927 0.637954 0.587975 0.794520 0.789810 0.627588 0.705937 0.640852 0.783189 0.685555 0.730909 0.712654 0.722431 0.615903 0.634994 0.938538 0.798853 0.842455 0.772486 0.979092 0.972302 0.941509 0.948363 0.695505 0.577929 0.721297 0.849799 0.713429 0.690222 0.984176 0.981433 0.697575 0.727312 0.613882 0.662198 0.994671 0.810079 0.766724 0.770867 0.872589 0.646352 0.780668 0.934244 0.723689 0.781150
0.645611 0.589399 0.842495 0.917459 0.996549 0.844711 0.869795 0.857353 0.948375 0.852213 0.857172 0.683797 0.810211 0.831234 0.879198 0.803186 0.645552 0.690542 0.871385 0.761620 0.914472 0.870443 0.834165 0.865613 0.902938 0.927920 0.895391 0.900409 0.686437 0.676356 0.727269 0.849378 0.765468 0.731592 0.807607 0.631174 0.802906 0.000000 0.872028 0.970820 0.911807 0.988130 0.757298 0.706627 0.669941 0.647780 0.751559 0.699209 0.674370 0.638902 0.590455 0.639662 0.715103 0.728893 0.880627 0.802616 0.554829 0.565230 0.699817 0.635946 0.714729 0.705694 0.602168 0.526725 0.820782 0.819518 0.739115 0.679307 0.834629 0.696336 0.721925 0.745983 0.717953 0.658187 0.880703 0.976327 0.863374 0.608725 0.793500 0.865901 0.728354 0.888220 0.712951 0.881206 0.851954 0.896185 0.827807 0.924376 0.987627 0.957382 0.981224 0.952617 0.921278 0.953720 0.848914 0.819431 0.845954 0.757730 0.725605 0.788639 0.831522 0.806711 0.667514 0.846040 0.810263 0.670222 0.757962 0.864045 0.994022 0.844651 0.720034 0.824317 0.922972 0.839708 0.778247 0.840116
