0.000000 0.592562 0.727990 0.594175 0.872716 0.943141 0.702790 0.635944 0.966057 0.777588 0.568228 0.712537 0.932412 0.997755 0.868498 0.811965 0.489849 0.467728 0.574779 0.521422 0.781921 0.885058 0.813436 0.710530 0.917223 0.815320 0.904839 0.927689 0.881286 0.928413 0.953217 0.862700 0.590366 0.595921 0.647302 0.997181 0.801167 0.851115 0.976011 0.969121 0.736103 0.733483 0.820227 0.801931 0.859418 0.694855 0.610371 0.637359 0.767238 0.789544 0.879987 0.911152 0.984825 0.890958 0.616139 0.599809 0.450033 0.574430 0.488728 0.635036 0.622442 0.715807 0.546044 0.508649 0.914757 0.849963 0.616265 0.759461 0.696956 0.692040 0.963166 0.902339 0.965340 0.903012 0.976686 0.928574 0.955663 0.874140 0.698544 0.967106 0.502530 0.511338 0.941316 0.684028 0.811859 0.843565 0.894897 0.865402 0.760181 0.573991 0.789056 0.988524 0.850139 0.959188 0.763854 0.843942 0.717408 0.897774 0.637153 0.703019 0.889952 0.938929 0.555232 0.663229 0.920819 0.685160 0.864556 0.832472 0.961836 0.970677 0.933817 0.758376 0.889600 0.984739 0.985522 0.985981
0.592562 0.000000 0.831072 0.700186 0.736758 0.929167 0.925004 0.805348 0.999273 0.980501 0.818300 0.796236 0.934397 0.848599 0.970396 0.995764 0.674049 0.707892 0.673844 0.634862 0.818709 0.925879 0.884302 0.876861 0.886640 0.775789 0.942091 0.938722 0.935898 0.966604 0.979601 0.915931 0.764501 0.873038 0.767241 0.980883 0.842804 0.837840 0.848882 0.893797 0.846787 0.747022 0.737823 0.668401 0.817548 0.694803 0.746715 0.663639 0.671772 0.658060 0.740660 0.783697 0.801192 0.857708 0.730359 0.872176 0.578716 0.540215 0.625653 0.669616 0.917238 0.891542 0.921267 0.810718 0.889129 0.920096 0.820762 0.828304 0.671333 0.582260 0.825661 0.873699 0.901357 0.982477 0.914982 0.931605 0.795674 0.763236 0.807906 0.951583 0.808915 0.809814 0.971390 0.889033 0.959294 0.995865 0.976764 0.844032 0.894090 0.739692 0.824845 0.857068 0.863917 0.849769 0.912327 0.876487 0.700597 0.908490 0.711737 0.725259 0.965347 0.778286 0.640628 0.663567 0.855707 0.736411 0.939198 0.736688 0.940468 0.839288 0.927049 0.764926 0.756934 0.930304 0.908827 0.955257
0.727990 0.831072 0.000000 0.510037 0.963246 0.741248 0.473372 0.903035 0.639358 0.925262 0.898767 0.801865 0.977033 0.832838 0.998195 0.681453 0.853372 0.756317 0.784094 0.841524 0.797628 0.963526 0.857982 0.969017 0.745863 0.740028 0.875316 0.916104 0.956584 0.790645 0.862552 0.976517 0.609971 0.884102 0.631402 0.987314 0.765454 0.854603 0.938728 0.994439 0.775358 0.706662 0.842438 0.786376 0.736449 0.726005 0.874723 0.875672 0.882559 0.782721 0.810608 0.822962 0.796782 0.695255 0.912641 0.755696 0.702589 0.789298 0.842379 0.930299 0.794827 0.869069 0.878424 0.928718 0.548419 0.925316 0.522769 0.854495 0.700538 0.752933 0.936081 0.865225 0.934802 0.885547 0.859400 0.851370 0.821794 0.861553 0.766883 0.948117 0.731071 0.747301 0.847459 0.729975 0.622734 0.777690 0.982199 0.998322 0.840345 0.807367 0.538692 0.568817 0.529239 0.565391 0.882151 0.702289 0.696002 0.863928 0.719767 0.675790 0.927047 0.863725 0.737482 0.761288 0.830926 0.768363 0.963110 0.750963 0.964341 0.940084 0.885524 0.758769 0.805649 0.974752 0.976319 0.924137
0.594175 0.700186 0.510037 0.000000 0.947200 0.954237 0.599519 0.745322 0.797689 0.936235 0.775720 0.962174 0.815730 0.933779 0.950733 0.854128 0.810768 0.726719 0.605108 0.710440 0.828400 0.936239 0.889075 0.986299 0.717581 0.668656 0.943492 0.899657 0.996981 0.856984 0.848289 0.998486 0.632847 0.800986 0.607375 0.983646 0.905530 0.961815 0.994757 0.931852 0.748732 0.725025 0.741095 0.668648 0.763570 0.670144 0.736829 0.698165 0.863179 0.767614 0.855590 0.828073 0.838748 0.811285 0.843035 0.667506 0.692500 0.772378 0.848590 0.910517 0.740328 0.934121 0.796836 0.819626 0.597041 0.886139 0.572946 0.803070 0.762163 0.768011 0.869865 0.916236 0.920589 0.983227 0.957386 0.896664 0.744431 0.870140 0.840301 0.973502 0.688379 0.712007 0.898999 0.842732 0.670707 0.685664 0.970994 0.963858 0.857165 0.693130 0.483256 0.648975 0.508830 0.628522 0.885112 0.662962 0.645564 0.841476 0.612629 0.618720 0.970708 0.861591 0.613369 0.596969 0.781566 0.720152 0.979802 0.822124 0.998147 0.966657 0.837072 0.664701 0.857322 0.956678 0.960220 0.962703
0.872716 0.736758 0.963246 0.947200 0.000000 0.947185 0.859995 0.957266 0.743477 0.893529 0.966177 0.949070 0.877799 0.988277 0.774580 0.877644 0.956599 0.993281 0.932319 0.954980 0.819192 0.931599 0.612985 0.693201 0.953497 0.867123 0.816334 0.806654 0.868261 0.877938 0.916537 0.788676 0.940406 0.982397 0.905402 0.968578 0.892503 0.719435 0.996018 0.900827 0.810999 0.867131 0.676837 0.699574 0.935177 0.887280 0.787307 0.815831 0.824434 0.898390 0.914693 0.993008 0.894870 0.914883 0.981176 0.985759 0.831098 0.956402 0.800430 0.899223 0.852527 0.978578 0.907286 0.945616 0.769681 0.957014 0.981242 0.851534 0.791471 0.829176 0.960261 0.982614 0.855474 0.762098 0.996234 0.907097 0.968159 0.845245 0.913850 0.980654 0.947256 0.961100 0.715966 0.908243 0.696205 0.747525 0.800884 0.739252 0.956464 0.956302 0.905026 0.963989 0.940728 0.983256 0.977219 0.863880 0.946079 0.753304 0.985738 0.965219 0.874489 0.874432 0.830909 0.794795 0.879947 0.876752 0.990978 0.881765 0.843221 0.918025 0.978355 0.972116 0.874618 0.896654 0.940945 0.908457
0.943141 0.929167 0.741248 0.954237 0.947185 0.000000 0.855504 0.869984 0.913092 0.893624 0.889185 0.742005 0.863638 0.759776 0.965086 0.768965 0.987997 0.976430 0.955299 0.957519 0.955027 0.919432 0.849932 0.913070 0.936840 0.979489 0.973460 0.864416 0.988898 0.930072 0.956636 0.884108 0.915259 0.959256 0.853318 0.944191 0.838157 0.854619 0.952719 0.971887 0.986689 0.821932 0.954100 0.972155 0.816036 0.939720 0.929210 0.970244 0.873508 0.844415 0.860308 0.861951 0.838064 0.790720 0.935889 0.924990 0.942022 0.961978 0.995214 0.828716 0.893226 0.709731 0.967049 0.960840 0.870175 0.701428 0.943354 0.966374 0.845938 0.952657 0.981232 0.958277 0.971324 0.993932 0.969059 0.855651 0.953063 0.990020 0.980029 0.950986 0.970286 0.997278 0.777441 0.868586 0.786059 0.993641 0.913986 0.880002 0.955124 0.972430 0.930909 0.819979 0.942633 0.857200 0.992431 0.967618 0.966888 0.900262 0.970097 0.908826 0.883686 0.961319 0.938336 0.943045 0.943011 0.977165 0.877124 0.904927 0.945892 0.967249 0.868604 0.962715 0.909747 0.998864 0.777859 0.897414
0.702790 0.925004 0.473372 0.599519 0.859995 0.855504 0.000000 0.551315 0.608812 0.536201 0.776726 0.978329 0.997487 0.738911 0.767284 0.638994 0.728331 0.613176 0.748211 0.893516 0.996427 0.995512 0.897693 0.868515 0.896336 0.906524 0.877576 0.820123 0.841830 0.892742 0.899246 0.966108 0.561110 0.592289 0.717295 0.967404 0.988440 0.901408 0.956536 0.994705 0.808074 0.863574 0.948353 0.913988 0.585924 0.594774 0.897423 0.846393 0.844144 0.952205 0.982830 0.876157 0.966431 0.982874 0.856428 0.744369 0.842153 0.952827 0.859966 0.952170 0.482608 0.779780 0.612401 0.649027 0.783952 0.943296 0.532223 0.696827 0.955147 0.881425 0.968792 0.912474 0.914206 0.967089 0.837634 0.881957 0.937730 0.963995 0.786589 0.785471 0.582916 0.613748 0.897662 0.671777 0.641907 0.859344 0.871061 0.989059 0.989568 0.875363 0.560535 0.719146 0.594186 0.777240 0.801547 0.809216 0.758858 0.877750 0.568213 0.656041 0.996095 0.984180 0.805618 0.750856 0.955138 0.859107 0.905524 0.908204 0.931506 0.997179 0.862091 0.733347 0.832589 0.849703 0.776539 0.907907
0.635944 0.805348 0.903035 0.745322 0.957266 0.869984 0.551315 0.000000 0.843426 0.405405 0.492669 0.502660 0.902873 0.987311 0.641228 0.829369 0.575490 0.592318 0.723903 0.767291 0.927957 0.830516 0.797246 0.732386 0.652982 0.747168 0.726757 0.729384 0.671306 0.647399 0.902832 0.896469 0.740012 0.450831 0.855967 0.949143 0.808233 0.701697 0.967212 0.997567 0.850010 0.983590 0.961722 0.923907 0.694258 0.629204 0.819084 0.789181 0.803513 0.878886 0.760643 0.632688 0.680407 0.614831 0.729466 0.749702 0.907390 0.955956 0.781483 0.831211 0.389785 0.411178 0.482763 0.411580 0.824299 0.745103 0.752472 0.657560 0.878288 0.887917 0.917001 0.798088 0.952793 0.997884 0.844160 0.954288 0.945471 0.982216 0.856817 0.761712 0.596276 0.662257 0.932428 0.736300 0.992946 0.991130 0.751025 0.825938 0.990870 0.820062 0.807647 0.908820 0.895655 0.840395 0.817046 0.931233 0.821821 0.885315 0.592357 0.784615 0.784419 0.859655 0.703590 0.752986 0.890523 0.953971 0.729814 0.882381 0.877312 0.992453 0.851238 0.756176 0.877747 0.810023 0.774686 0.836834
0.966057 0.999273 0.639358 0.797689 0.743477 0.913092 0.608812 0.843426 0.000000 0.803490 0.946614 0.923881 0.870264 0.937570 0.972137 0.946182 0.930259 0.866888 0.950881 0.996324 0.955274 0.921245 0.756158 0.891622 0.996718 0.993896 0.932785 0.961402 0.929211 0.949308 0.925105 0.986214 0.836042 0.899497 0.850046 0.910953 0.974918 0.891772 0.900497 0.929048 0.891333 0.958221 0.867861 0.910538 0.923565 0.919508 0.938083 0.871563 0.944705 0.970655 0.962640 0.953301 0.857941 0.748024 0.984994 0.862984 0.999147 0.941432 0.906303 0.912382 0.754648 0.934922 0.915489 0.937918 0.667500 0.885737 0.803918 0.960622 0.990215 0.949117 0.998380 0.960729 0.921723 0.980461 0.954673 0.978351 0.831473 0.956308 0.833638 0.912329 0.867376 0.899459 0.811489 0.825058 0.729734 0.776214 0.987657 0.981715 0.925186 0.957368 0.691714 0.714941 0.761327 0.750500 0.973758 0.825051 0.793583 0.982427 0.859765 0.770835 0.852611 0.875321 0.961455 0.925874 0.849631 0.993950 0.960094 0.947487 0.904104 0.988800 0.882226 0.867511 0.843663 0.906854 0.850108 0.957711
0.777588 0.980501 0.925262 0.936235 0.893529 0.893624 0.536201 0.405405 0.803490 0.000000 0.673091 0.695129 0.918399 0.856015 0.618386 0.781042 0.673899 0.614353 0.836316 0.934357 0.910639 0.965117 0.897444 0.729327 0.530473 0.579124 0.756816 0.638528 0.688825 0.613490 0.943679 0.920723 0.808434 0.541434 0.945944 0.973780 0.807572 0.679163 0.912801 0.912292 0.944639 0.927194 0.859771 0.897840 0.687943 0.708248 0.869080 0.911419 0.801376 0.859904 0.806912 0.657941 0.738991 0.677466 0.822647 0.789503 0.979757 0.998827 0.792229 0.843756 0.455181 0.501945 0.538231 0.491309 0.784345 0.828622 0.753279 0.659465 0.788282 0.926328 0.902150 0.853559 0.857812 0.971474 0.837394 0.936167 0.935360 0.883829 0.834770 0.712680 0.635379 0.693929 0.898545 0.724501 0.944961 0.907443 0.751991 0.932501 0.849838 0.876523 0.886385 0.907810 0.981199 0.812936 0.817740 0.988113 0.953593 0.975430 0.684245 0.794975 0.859021 0.777904 0.856292 0.858800 0.896885 0.929536 0.793110 0.848182 0.929791 0.983013 0.982741 0.837812 0.916570 0.819812 0.742202 0.826739
0.568228 0.818300 0.898767 0.775720 0.966177 0.889185 0.776726 0.492669 0.946614 0.673091 0.000000 0.487307 0.828422 0.977572 0.674260 0.858092 0.544550 0.636929 0.797727 0.708200 0.950826 0.782016 0.648930 0.658283 0.887996 0.929806 0.854086 0.993178 0.791464 0.806126 0.813963 0.757704 0.777328 0.536009 0.783185 0.929179 0.955574 0.902048 0.998213 0.949195 0.740173 0.837994 0.962591 0.936297 0.884848 0.776066 0.787036 0.852252 0.895869 0.894110 0.726826 0.687174 0.636792 0.586572 0.719660 0.710791 0.804074 0.903959 0.700433 0.809560 0.543256 0.543779 0.536779 0.474273 0.847161 0.824703 0.762464 0.813780 0.925822 0.748563 0.828745 0.792776 0.876023 0.898667 0.911934 0.885659 0.988920 0.995649 0.822130 0.908485 0.629053 0.714332 0.947096 0.773808 0.937955 0.971916 0.822711 0.724878 0.897427 0.779120 0.870450 0.793645 0.930089 0.828622 0.776785 0.937238 0.856464 0.882519 0.763144 0.883393 0.832839 0.913542 0.574604 0.808496 0.949720 0.870888 0.665818 0.904003 0.846984 0.928216 0.932939 0.817446 0.934036 0.928562 0.930620 0.975078
0.712537 0.796236 0.801865 0.962174 0.949070 0.742005 0.978329 0.502660 0.923881 0.695129 0.487307 0.000000 0.659738 0.657496 0.839681 0.832504 0.664570 0.742682 0.739597 0.745588 0.954878 0.779700 0.673663 0.827417 0.722475 0.780635 0.881882 0.905760 0.723192 0.677856 0.739505 0.859402 0.991345 0.619769 0.965423 0.938859 0.822400 0.720004 0.940086 0.917373 0.890373 0.915754 0.914138 0.924519 0.941432 0.835766 0.772705 0.891648 0.964416 0.788027 0.756167 0.671688 0.630513 0.581911 0.722690 0.820156 0.929376 0.985419 0.857755 0.846786 0.579007 0.452635 0.592078 0.542399 0.707903 0.683655 0.997281 0.872366 0.914755 0.852496 0.835070 0.756021 0.930082 0.979656 0.909537 0.970478 0.945910 0.903553 0.900479 0.898021 0.731236 0.819884 0.872743 0.924046 0.802432 0.987846 0.774574 0.772213 0.948512 0.924486 0.901882 0.674460 0.855132 0.639948 0.860783 0.888993 0.960000 0.994969 0.868118 0.953830 0.744923 0.816140 0.739669 0.926097 0.844065 0.960172 0.743929 0.857199 0.878942 0.999409 0.948292 0.914562 0.970017 0.943557 0.873176 0.878632
0.932412 0.934397 0.977033 0.815730 0.877799 0.863638 0.997487 0.902873 0.870264 0.918399 0.828422 0.659738 0.000000 0.508627 0.746788 0.579483 0.969168 0.974808 0.788652 0.896568 0.957976 0.915624 0.934522 0.805631 0.998158 0.938248 0.830029 0.820179 0.891889 0.977493 0.997361 0.986653 0.944138 0.914100 0.899249 0.940041 0.863935 0.905730 0.936802 0.713589 0.840105 0.929494 0.897423 0.914939 0.921308 0.994469 0.930586 0.945234 0.819078 0.864691 0.932679 0.950342 0.969033 0.899030 0.879638 0.901733 0.944266 0.896460 0.754150 0.798510 0.798416 0.864486 0.876745 0.933864 0.892230 0.833249 0.997917 0.805881 0.893223 0.961534 0.968124 0.993152 0.795814 0.898135 0.966262 0.893082 0.820131 0.825893 0.968635 0.958653 0.947187 0.954033 0.974493 0.914340 0.952564 0.760118 0.995774 0.957102 0.891571 0.862455 0.849316 0.973979 0.847051 0.958597 0.879474 0.947377 0.922807 0.958708 0.927868 0.962600 0.961602 0.975151 0.800670 0.904161 0.898988 0.923992 0.963927 0.930514 0.987683 0.990906 0.789176 0.988632 0.993224 0.866854 0.963135 0.991972
0.997755 0.848599 0.832838 0.933779 0.988277 0.759776 0.738911 0.987311 0.937570 0.856015 0.977572 0.657496 0.508627 0.000000 0.639182 0.497424 0.945842 0.960633 0.743729 0.795220 0.997287 0.901838 0.944932 0.746509 0.970510 0.913923 0.720857 0.829719 0.838757 0.863705 0.961640 0.798430 0.832503 0.953328 0.976918 0.980221 0.760439 0.852092 0.913389 0.742710 0.982444 0.851350 0.862450 0.884510 0.883233 0.969571 0.871542 0.952034 0.930906 0.923364 0.982401 0.982430 0.950440 0.942500 0.937013 0.923467 0.976479 0.923794 0.793313 0.924759 0.984462 0.925512 0.960762 0.993731 0.979812 0.842777 0.841861 0.838478 0.994710 0.982597 0.861900 0.907282 0.777921 0.863354 0.973959 0.828397 0.735026 0.889058 0.997416 0.866737 0.987857 0.915449 0.980774 0.893446 0.939699 0.800415 0.921511 0.978332 0.981716 0.997238 0.942171 0.915933 0.955806 0.896860 0.981107 0.989409 0.910972 0.852130 0.943282 0.950079 0.873477 0.974771 0.873223 0.954257 0.999876 0.915501 0.934388 0.947440 0.904244 0.907816 0.897576 0.956159 0.989191 0.947694 0.912087 0.981085
0.868498 0.970396 0.998195 0.950733 0.774580 0.965086 0.767284 0.641228 0.972137 0.618386 0.674260 0.839681 0.746788 0.639182 0.000000 0.552024 0.778380 0.856000 0.851679 0.877649 0.977978 0.982671 0.528556 0.507257 0.785468 0.763434 0.562972 0.856346 0.985499 0.918878 0.742863 0.696121 0.908285 0.722318 0.959225 0.950836 0.964983 0.964913 0.938002 0.735523 0.907764 0.952267 0.875398 0.857213 0.708676 0.715581 0.930663 0.902853 0.756190 0.900537 0.875148 0.692529 0.619373 0.598142 0.883262 0.878123 0.946103 0.982522 0.693120 0.802034 0.757786 0.675659 0.869833 0.767892 0.641445 0.898792 0.836359 0.636976 0.912475 0.842239 0.804963 0.763582 0.726336 0.796286 0.882716 0.932997 0.943263 0.996024 0.916395 0.882992 0.883885 0.955046 0.688064 0.992663 0.733544 0.675998 0.787464 0.763380 0.935629 0.989495 0.991359 0.870089 0.999428 0.901215 0.997799 0.971737 0.850993 0.710678 0.853651 0.881555 0.774591 0.890103 0.883653 0.902657 0.821988 0.986397 0.906038 0.995286 0.951991 0.910029 0.975378 0.942406 0.958458 0.720388 0.863104 0.983664
0.811965 0.995764 0.681453 0.854128 0.877644 0.768965 0.638994 0.829369 0.946182 0.781042 0.858092 0.832504 0.579483 0.497424 0.552024 0.000000 0.838319 0.788818 0.960482 0.976494 0.974533 0.987304 0.782915 0.613254 0.987390 0.964897 0.767468 0.883827 0.940636 0.905675 0.896683 0.767857 0.826604 0.859158 0.837420 0.980104 0.858669 0.898011 0.959959 0.752708 0.926016 0.767608 0.935495 0.910928 0.709055 0.735787 0.938725 0.852383 0.713106 0.889530 0.974175 0.952993 0.877254 0.853565 0.939268 0.806943 0.833146 0.903338 0.673520 0.890464 0.892173 0.976578 0.877131 0.839028 0.975738 0.868903 0.746173 0.759128 0.933284 0.876985 0.879481 0.962228 0.690189 0.787811 0.888936 0.799954 0.921188 0.930701 0.935130 0.887648 0.774148 0.770915 0.917232 0.808849 0.936374 0.886895 0.853303 0.846685 0.972537 0.800989 0.873302 0.899539 0.831093 0.883818 0.964956 0.889500 0.833243 0.779863 0.796963 0.766760 0.945719 0.983821 0.927021 0.850526 0.939048 0.794795 0.975906 0.933942 0.952828 0.994193 0.985168 0.869777 0.965204 0.950364 0.862698 0.992658
0.489849 0.674049 0.853372 0.810768 0.956599 0.987997 0.728331 0.575490 0.930259 0.673899 0.544550 0.664570 0.969168 0.945842 0.778380 0.838319 0.000000 0.479144 0.770078 0.611066 0.927752 0.905203 0.854409 0.761798 0.901120 0.980047 0.890779 0.944158 0.776330 0.789167 0.915835 0.902473 0.694207 0.626321 0.724280 0.987066 0.840172 0.970040 0.882337 0.961298 0.865451 0.888649 0.999144 0.925310 0.879336 0.822975 0.766152 0.770142 0.835118 0.957463 0.997063 0.954423 0.863262 0.793761 0.591537 0.708920 0.603256 0.672636 0.548253 0.646294 0.565060 0.598599 0.531150 0.454964 0.971713 0.751995 0.690385 0.721921 0.881080 0.750303 0.959244 0.770438 0.984141 0.959259 0.912691 0.910214 0.975564 0.988826 0.780044 0.927001 0.524504 0.553460 0.946930 0.625872 0.833887 0.861205 0.873592 0.992133 0.794949 0.664019 0.926379 0.844181 0.983143 0.880952 0.810387 0.856275 0.783982 0.962150 0.714134 0.799843 0.908836 0.951498 0.627086 0.756319 0.963669 0.795064 0.799037 0.901079 0.967765 0.940206 0.985810 0.857435 0.920317 0.994025 0.960612 0.943619
0.467728 0.707892 0.756317 0.726719 0.993281 0.976430 0.613176 0.592318 0.866888 0.614353 0.636929 0.742682 0.974808 0.960633 0.856000 0.788818 0.479144 0.000000 0.656544 0.619870 0.868802 0.961580 0.917971 0.740586 0.941428 0.992050 0.988335 0.902840 0.672990 0.671063 0.943804 0.947141 0.643157 0.577943 0.738222 0.857538 0.845699 0.957931 0.992151 0.983044 0.815008 0.834499 0.913677 0.903784 0.816334 0.733615 0.596734 0.693596 0.733413 0.892569 0.929424 0.993148 0.969811 0.869316 0.610894 0.591156 0.528576 0.664706 0.545318 0.688739 0.551620 0.653849 0.457901 0.445434 0.921429 0.841398 0.633124 0.711794 0.927079 0.749025 0.898053 0.788314 0.972707 0.884302 0.897601 0.957529 0.989022 0.990353 0.718006 0.959916 0.377090 0.433382 0.816022 0.478915 0.723239 0.834053 0.905487 0.965917 0.785972 0.588256 0.926638 0.850229 0.996235 0.878488 0.756692 0.856216 0.884415 0.957467 0.695055 0.775047 0.962580 0.852583 0.690498 0.766347 0.945297 0.721616 0.828694 0.987659 0.920487 0.971034 0.987079 0.797740 0.868454 0.997200 0.918329 0.840095
0.574779 0.673844 0.784094 0.605108 0.932319 0.955299 0.748211 0.723903 0.950881 0.836316 0.797727 0.739597 0.788652 0.743729 0.851679 0.960482 0.770078 0.656544 0.000000 0.592403 0.915146 0.866420 0.834196 0.880645 0.977144 0.946023 0.876284 0.969542 0.826957 0.872701 0.886943 0.738145 0.735659 0.725715 0.692821 0.914534 0.922318 0.885285 0.861631 0.770040 0.800274 0.835679 0.957692 0.911968 0.847152 0.770979 0.776998 0.752851 0.861710 0.857263 0.973509 0.933590 0.847341 0.916507 0.672851 0.718653 0.741591 0.810946 0.892554 0.906564 0.692008 0.853566 0.619912 0.674355 0.796777 0.946533 0.861152 0.978967 0.818206 0.798450 0.950839 0.968420 0.815922 0.842734 0.996442 0.976803 0.880681 0.842359 0.832416 0.999534 0.676147 0.649745 0.807932 0.839455 0.678151 0.752835 0.999534 0.926209 0.966559 0.736988 0.779123 0.893171 0.772263 0.941081 0.795376 0.987597 0.877054 0.880738 0.720392 0.658822 0.992207 0.902734 0.736019 0.842846 0.856264 0.693653 0.850822 0.901977 0.933986 0.930648 0.929032 0.752762 0.869529 0.939669 0.954467 0.744395
0.521422 0.634862 0.841524 0.710440 0.954980 0.957519 0.893516 0.767291 0.996324 0.934357 0.708200 0.745588 0.896568 0.795220 0.877649 0.976494 0.611066 0.619870 0.592403 0.000000 0.861349 0.864658 0.993308 0.965073 0.962953 0.905257 0.989245 0.914712 0.799416 0.885146 0.863335 0.897423 0.753655 0.791717 0.714687 0.969752 0.863400 0.928077 0.986011 0.923003 0.821974 0.889187 0.910902 0.901634 0.906271 0.771398 0.664031 0.696997 0.775339 0.714977 0.822417 0.785083 0.811283 0.987554 0.791138 0.743296 0.629002 0.635402 0.647888 0.657551 0.806960 0.821151 0.703921 0.658241 0.863551 0.870957 0.811545 0.872004 0.837229 0.784641 0.862073 0.961015 0.849577 0.875774 0.992583 0.999038 0.881620 0.979201 0.742563 0.944566 0.688720 0.657120 0.790107 0.756800 0.808546 0.773623 0.932689 0.983878 0.838589 0.618118 0.875306 0.976565 0.928366 0.987270 0.942774 0.933295 0.858385 0.831315 0.740420 0.765874 0.844564 0.954320 0.682607 0.789222 0.921405 0.791616 0.895378 0.910604 0.913567 0.951841 0.939019 0.752554 0.823772 0.959875 0.937875 0.862402
0.781921 0.818709 0.797628 0.828400 0.819192 0.955027 0.996427 0.927957 0.955274 0.910639 0.950826 0.954878 0.957976 0.997287 0.977978 0.974533 0.927752 0.868802 0.915146 0.861349 0.000000 0.914932 0.825660 0.784656 0.778079 0.742402 0.966230 0.758479 0.900729 0.810022 0.973197 0.837103 0.800332 0.972262 0.853339 0.952247 0.774747 0.801930 0.798702 0.956463 0.901100 0.975393 0.700027 0.746778 0.955815 0.941758 0.754741 0.887846 0.978034 0.892708 0.779752 0.832093 0.998097 0.945683 0.941592 0.990248 0.649079 0.784546 0.728208 0.877749 0.979832 0.946492 0.956158 0.935200 0.855251 0.875038 0.769626 0.833309 0.816584 0.798186 0.998812 0.971164 0.989809 0.750954 0.955566 0.905348 0.943626 0.988668 0.837540 0.905985 0.918426 0.924790 0.861992 0.961957 0.976007 0.946287 0.996909 0.857125 0.824602 0.811508 0.919368 0.954191 0.976881 0.877346 0.868273 0.712027 0.808868 0.908875 0.958160 0.969701 0.930998 0.954990 0.766464 0.832493 0.981754 0.956136 0.918515 0.863307 0.949210 0.868723 0.982280 0.856893 0.929560 0.959592 0.872734 0.798563
0.885058 0.925879 0.963526 0.936239 0.931599 0.919432 0.995512 0.830516 0.921245 0.965117 0.782016 0.779700 0.915624 0.901838 0.982671 0.987304 0.905203 0.961580 0.866420 0.864658 0.914932 0.000000 0.983279 0.976012 0.988629 0.949929 0.973395 0.863631 0.790896 0.833568 0.961329 0.807456 0.936334 0.875908 0.901590 0.983763 0.855194 0.792515 0.958856 0.954028 0.930927 0.834014 0.999957 0.965563 0.950023 0.987159 0.977604 0.944232 0.931792 0.853829 0.787610 0.800050 0.834476 0.798792 0.885817 0.961935 0.998776 0.925916 0.926520 0.888955 0.857401 0.887755 0.768906 0.818189 0.952269 0.971924 0.936533 0.968138 0.922327 0.970251 0.893198 0.889577 0.834616 0.854103 0.977176 0.896839 0.981892 0.907117 0.928874 0.862339 0.949497 0.894394 0.828615 0.954349 0.928302 0.928480 0.978277 0.993243 0.973118 0.960841 0.961195 0.874587 0.905607 0.834493 0.916282 0.910831 0.956092 0.924844 0.954110 0.918793 0.949423 0.844554 0.998045 0.993651 0.798219 0.919695 0.707596 0.847945 0.989100 0.994738 0.862737 0.934487 0.973270 0.901035 0.918779 0.886358
0.813436 0.884302 0.857982 0.889075 0.612985 0.849932 0.897693 0.797246 0.756158 0.897444 0.648930 0.673663 0.934522 0.944932 0.528556 0.782915 0.854409 0.917971 0.834196 0.993308 0.825660 0.983279 0.000000 0.430134 0.849588 0.924052 0.742620 0.946848 0.960012 0.957675 0.588726 0.533995 0.926135 0.874583 0.881410 0.874604 0.906090 0.949135 0.870728 0.793514 0.902232 0.935503 0.772487 0.777413 0.966029 0.888123 0.836679 0.876583 0.860778 0.887218 0.880703 0.752006 0.631509 0.567407 0.894815 0.908369 0.883361 0.910315 0.642846 0.761778 0.944350 0.748278 0.955372 0.841233 0.523695 0.950912 0.999700 0.878420 0.891354 0.813473 0.793439 0.843567 0.655109 0.679764 0.899787 0.964742 0.944381 0.922166 0.948369 0.922089 0.943097 0.929818 0.597443 0.888588 0.479601 0.631148 0.718429 0.510375 0.946580 0.995246 0.816617 0.706632 0.862662 0.812162 0.973033 0.989638 0.914246 0.704608 0.964986 0.894572 0.691899 0.920910 0.762959 0.849125 0.814524 0.997527 0.982197 0.967531 0.981534 0.913054 0.958101 0.990648 0.996633 0.866205 0.991588 0.837802
0.710530 0.876861 0.969017 0.986299 0.693201 0.913070 0.868515 0.732386 0.891622 0.729327 0.658283 0.827417 0.805631 0.746509 0.507257 0.613254 0.761798 0.740586 0.880645 0.965073 0.784656 0.976012 0.430134 0.000000 0.796681 0.868604 0.653029 0.951119 0.975593 0.980994 0.657853 0.533394 0.963727 0.771350 0.988040 0.935712 0.828548 0.936447 0.948698 0.701145 0.873277 0.915293 0.870510 0.873042 0.846282 0.794574 0.788155 0.816963 0.738452 0.987649 0.935504 0.785871 0.751491 0.637008 0.912785 0.877317 0.808002 0.824310 0.544610 0.769722 0.857333 0.798465 0.833813 0.716583 0.629696 0.896278 0.828904 0.831768 0.854447 0.730088 0.847403 0.903475 0.580453 0.626667 0.913986 0.920160 0.982947 0.983270 0.879102 0.852476 0.785970 0.883722 0.775722 0.886665 0.676620 0.631110 0.769594 0.614761 0.959452 0.922935 0.973954 0.825949 0.960482 0.907790 0.991088 0.903375 0.879430 0.772461 0.824196 0.935453 0.795206 0.990079 0.731081 0.785355 0.869634 0.902338 0.930921 0.965787 0.954997 0.907388 0.879493 0.892150 0.979001 0.887475 0.899933 0.900570
0.917223 0.886640 0.745863 0.717581 0.953497 0.936840 0.896336 0.652982 0.996718 0.530473 0.887996 0.722475 0.998158 0.970510 0.785468 0.987390 0.901120 0.941428 0.977144 0.962953 0.778079 0.988629 0.849588 0.796681 0.000000 0.410668 0.757602 0.602926 0.739849 0.697902 0.794731 0.907434 0.876752 0.769232 0.844315 0.850969 0.756037 0.699554 0.854732 0.992225 0.950480 0.777175 0.707838 0.682181 0.940799 0.991525 0.896116 0.939164 0.978646 0.745458 0.724555 0.625637 0.723378 0.662803 0.985684 0.916068 0.691097 0.860542 0.999321 0.918619 0.697778 0.609166 0.789497 0.696970 0.558487 0.960727 0.835556 0.965355 0.798393 0.911011 0.840167 0.887371 0.898053 0.972164 0.854159 0.961221 0.827672 0.835836 0.927695 0.740651 0.951758 0.965441 0.825670 0.951140 0.792687 0.759562 0.811129 0.901023 0.745238 0.825151 0.842483 0.741680 0.805724 0.660384 0.973502 0.769497 0.879557 0.913984 0.924675 0.917861 0.893306 0.805228 0.931727 0.962607 0.806441 0.866486 0.931230 0.768659 0.929969 0.956034 0.897061 0.938610 0.990703 0.811648 0.714780 0.763585
0.815320 0.775789 0.740028 0.668656 0.867123 0.979489 0.906524 0.747168 0.993896 0.579124 0.929806 0.780635 0.938248 0.913923 0.763434 0.964897 0.980047 0.992050 0.946023 0.905257 0.742402 0.949929 0.924052 0.868604 0.410668 0.000000 0.768773 0.577974 0.778222 0.666302 0.780886 0.989140 0.866093 0.821881 0.854320 0.889086 0.700919 0.660005 0.800550 0.979204 0.874199 0.783757 0.682252 0.684129 0.878245 0.989940 0.906199 0.847975 0.996841 0.737219 0.733255 0.646261 0.781703 0.703796 0.891097 0.882466 0.697750 0.782370 0.947799 0.957418 0.785314 0.748320 0.823307 0.789918 0.575558 0.963878 0.838468 0.991316 0.746982 0.946339 0.819977 0.920196 0.905922 0.888391 0.926262 0.978193 0.830900 0.774619 0.936613 0.697310 0.974343 0.969924 0.885366 0.997734 0.838278 0.737993 0.863888 0.959957 0.662414 0.794395 0.829711 0.792630 0.807842 0.695955 0.939766 0.764079 0.864865 0.853345 0.990528 0.926339 0.912773 0.764140 0.817411 0.836474 0.835130 0.849335 0.887597 0.800687 0.940971 0.959234 0.952031 0.919500 0.930103 0.879245 0.721766 0.783846
0.904839 0.942091 0.875316 0.943492 0.816334 0.973460 0.877576 0.726757 0.932785 0.756816 0.854086 0.881882 0.830029 0.720857 0.562972 0.767468 0.890779 0.988335 0.876284 0.989245 0.966230 0.973395 0.742620 0.653029 0.757602 0.768773 0.000000 0.738239 0.873970 0.988262 0.837447 0.772623 0.960115 0.768948 0.980883 0.923284 0.967146 0.946425 0.976977 0.845933 0.957971 0.962662 0.856557 0.901832 0.739820 0.749350 0.964023 0.829960 0.774503 0.928481 0.963119 0.839816 0.791139 0.776863 0.963480 0.894576 0.987293 0.973840 0.822479 0.847155 0.899093 0.815963 0.998566 0.876858 0.723644 0.953770 0.989560 0.690738 0.974045 0.925859 0.995674 0.929893 0.867880 0.866727 0.942015 0.967824 0.923583 0.953854 0.976515 0.866102 0.960903 0.957579 0.745618 0.925847 0.785016 0.736721 0.880607 0.815891 0.857508 0.957140 0.918842 0.986490 0.967363 0.957817 0.889835 0.970730 0.861584 0.905605 0.845959 0.877019 0.864441 0.977440 0.946940 0.949142 0.763860 0.951790 0.979159 0.940243 0.887905 0.990963 0.965341 0.977160 0.987786 0.762970 0.754906 0.976570
0.927689 0.938722 0.916104 0.899657 0.806654 0.864416 0.820123 0.729384 0.961402 0.638528 0.993178 0.905760 0.820179 0.829719 0.856346 0.883827 0.944158 0.902840 0.969542 0.914712 0.758479 0.863631 0.946848 0.951119 0.602926 0.577974 0.738239 0.000000 0.889646 0.833826 0.951557 0.938789 0.973380 0.855074 0.932760 0.956968 0.772164 0.688636 0.918252 0.952232 0.860414 0.996758 0.895229 0.842203 0.741141 0.806545 0.974428 0.968428 0.822457 0.956175 0.956889 0.895458 0.960022 0.885068 0.991275 0.934874 0.808261 0.993426 0.937719 0.881464 0.812533 0.800515 0.904418 0.818781 0.819019 0.986079 0.971709 0.821495 0.745340 0.993846 0.937649 0.972863 0.992634 0.856181 0.859280 0.995531 0.968484 0.889117 0.904329 0.808840 0.988410 0.903655 0.975681 0.892909 0.988890 0.879073 0.964394 0.941688 0.798653 0.941786 0.974905 0.981851 0.915486 0.840024 0.984133 0.803643 0.846727 0.871056 0.857170 0.926569 0.904056 0.868150 0.807101 0.908581 0.823075 0.950874 0.977533 0.783741 0.971499 0.969736 0.997431 0.942425 0.903359 0.862894 0.770741 0.775524
0.881286 0.935898 0.956584 0.996981 0.868261 0.988898 0.841830 0.671306 0.929211 0.688825 0.791464 0.723192 0.891889 0.838757 0.985499 0.940636 0.776330 0.672990 0.826957 0.799416 0.900729 0.790896 0.960012 0.975593 0.739849 0.778222 0.873970 0.889646 0.000000 0.448335 0.959318 0.804596 0.893609 0.640251 0.920941 0.853870 0.807618 0.712548 0.915488 0.836028 0.949845 0.900835 0.820940 0.813226 0.933824 0.953784 0.858708 0.966596 0.944337 0.740412 0.686617 0.706400 0.813113 0.681834 0.851127 0.798860 0.967863 0.866669 0.980418 0.964128 0.633546 0.627641 0.562524 0.634669 0.943593 0.821475 0.994961 0.963628 0.717168 0.893051 0.802817 0.773256 0.917012 0.804555 0.898608 0.896067 0.936836 0.894765 0.821132 0.978084 0.710952 0.738139 0.780666 0.690075 0.847518 0.815335 0.959220 0.870594 0.947140 0.822075 0.827283 0.635467 0.743193 0.602619 0.813458 0.965712 0.868561 0.864027 0.968567 0.947657 0.947590 0.612237 0.960073 0.969659 0.861941 0.915875 0.748079 0.680339 0.974608 0.961659 0.829357 0.956734 0.934426 0.962933 0.869423 0.703639
0.928413 0.966604 0.790645 0.856984 0.877938 0.930072 0.892742 0.647399 0.949308 0.613490 0.806126 0.677856 0.977493 0.863705 0.918878 0.905675 0.789167 0.671063 0.872701 0.885146 0.810022 0.833568 0.957675 0.980994 0.697902 0.666302 0.988262 0.833826 0.448335 0.000000 0.907915 0.802975 0.868179 0.605338 0.934904 0.862591 0.750622 0.736262 0.962017 0.927091 0.990533 0.853085 0.838581 0.815205 0.935067 0.944385 0.864163 0.959710 0.896307 0.819992 0.800921 0.725735 0.801436 0.671076 0.802216 0.820142 0.995408 0.894504 0.984748 0.913027 0.678957 0.599746 0.565515 0.583311 0.778179 0.835714 0.958371 0.848781 0.657575 0.899768 0.842208 0.785715 0.878024 0.834937 0.998426 0.907860 0.868262 0.848823 0.925679 0.979341 0.741263 0.729708 0.770541 0.705089 0.900730 0.916157 0.993931 0.883253 0.962270 0.888185 0.773499 0.615745 0.701923 0.545906 0.848416 0.868331 0.856834 0.813645 0.968552 0.964818 0.952925 0.692621 0.894424 0.945809 0.913298 0.942846 0.682015 0.746871 0.919233 0.992293 0.933356 0.986249 0.966517 0.954065 0.845849 0.714463
0.953217 0.979601 0.862552 0.848289 0.916537 0.956636 0.899246 0.902832 0.925105 0.943679 0.813963 0.739505 0.997361 0.961640 0.742863 0.896683 0.915835 0.943804 0.886943 0.863335 0.973197 0.961329 0.588726 0.657853 0.794731 0.780886 0.837447 0.951557 0.959318 0.907915 0.000000 0.655489 0.744876 0.985731 0.866240 0.848708 0.937530 0.762481 0.997584 0.927180 0.886880 0.945606 0.990040 0.982418 0.934435 0.912569 0.956599 0.897239 0.903768 0.745107 0.758228 0.703655 0.769333 0.714958 0.942702 0.945884 0.909402 0.963396 0.917836 0.995375 0.970509 0.859805 0.934171 0.982661 0.699219 0.984959 0.847721 0.848948 0.885668 0.768918 0.721950 0.955403 0.791718 0.825779 0.894057 0.931833 0.958277 0.905503 0.937554 0.918957 0.884817 0.845609 0.740919 0.855858 0.583517 0.705935 0.881341 0.673254 0.988968 0.918865 0.860208 0.844771 0.864941 0.837351 0.898612 0.911514 0.987264 0.881364 0.905020 0.875974 0.845639 0.979977 0.901673 0.912750 0.897354 0.929025 0.993297 0.862046 0.953812 0.884649 0.883090 0.990938 0.991810 0.998102 0.874467 0.880833
0.862700 0.915931 0.976517 0.998486 0.788676 0.884108 0.966108 0.896469 0.986214 0.920723 0.757704 0.859402 0.986653 0.798430 0.696121 0.767857 0.902473 0.947141 0.738145 0.897423 0.837103 0.807456 0.533995 0.533394 0.907434 0.989140 0.772623 0.938789 0.804596 0.802975 0.655489 0.000000 0.921532 0.943450 0.942696 0.726843 0.748532 0.871450 0.904232 0.741930 0.857729 0.974527 0.915617 0.920566 0.967835 0.963830 0.944352 0.954070 0.993203 0.938757 0.984800 0.899867 0.762141 0.816604 0.981884 0.927824 0.909638 0.835439 0.682246 0.836714 0.917573 0.854603 0.978902 0.893985 0.806026 0.998118 0.850764 0.978140 0.823913 0.753262 0.798581 0.946686 0.710371 0.632091 0.887802 0.927196 0.944098 0.922008 0.963466 0.805783 0.908518 0.982374 0.662380 0.992342 0.670282 0.776777 0.822757 0.546337 0.818282 0.979484 0.969022 0.948039 0.964397 0.987048 0.952301 0.985226 0.845366 0.707094 0.928544 0.898828 0.921895 0.882072 0.801805 0.865336 0.950248 0.943086 0.845309 0.923279 0.907429 0.834466 0.831306 0.927223 0.958984 0.863231 0.962827 0.794194
0.590366 0.764501 0.609971 0.632847 0.940406 0.915259 0.561110 0.740012 0.836042 0.808434 0.777328 0.991345 0.944138 0.832503 0.908285 0.826604 0.694207 0.643157 0.735659 0.753655 0.800332 0.936334 0.926135 0.963727 0.876752 0.866093 0.960115 0.973380 0.893609 0.868179 0.744876 0.921532 0.000000 0.640280 0.736863 0.905083 0.900824 0.878422 0.960856 0.988707 0.785097 0.762678 0.874245 0.811472 0.745075 0.695120 0.810573 0.738767 0.848526 0.824455 0.890383 0.942054 0.988921 0.965786 0.794765 0.817192 0.620648 0.833004 0.751207 0.874982 0.655164 0.844519 0.687153 0.728813 0.781093 0.856009 0.526971 0.628313 0.877311 0.907949 0.997169 0.875359 0.914650 0.943469 0.968592 0.958634 0.887242 0.980986 0.759124 0.908169 0.617761 0.614583 0.884747 0.747167 0.661517 0.766518 0.891719 0.953024 0.936468 0.792285 0.652362 0.838704 0.751508 0.827326 0.861750 0.729371 0.658580 0.905634 0.710529 0.743166 0.949784 0.972918 0.793625 0.729366 0.913780 0.779528 0.812619 0.787820 0.866396 0.859505 0.917511 0.748951 0.808766 0.973888 0.986756 0.985235
0.595921 0.873038 0.884102 0.800986 0.982397 0.959256 0.592289 0.450831 0.899497 0.541434 0.536009 0.619769 0.914100 0.953328 0.722318 0.859158 0.626321 0.577943 0.725715 0.791717 0.972262 0.875908 0.874583 0.771350 0.769232 0.821881 0.768948 0.855074 0.640251 0.605338 0.985731 0.943450 0.640280 0.000000 0.816081 0.958430 0.933959 0.892957 0.948331 0.952137 0.796043 0.903099 0.939664 0.960085 0.754901 0.694777 0.835669 0.775002 0.817303 0.893685 0.807372 0.706484 0.691086 0.661106 0.686620 0.760162 0.826459 0.988751 0.796408 0.899772 0.461675 0.536719 0.450693 0.442515 0.882046 0.832090 0.717764 0.692425 0.982192 0.876941 0.803476 0.750406 0.999994 0.946229 0.978987 0.973290 0.931554 0.972994 0.865229 0.849435 0.568863 0.609742 0.934820 0.683522 0.840304 0.904082 0.948397 0.981676 0.989000 0.791145 0.845536 0.862182 0.930359 0.806847 0.769968 0.963586 0.920789 0.962257 0.668151 0.752732 0.920249 0.806188 0.742187 0.813219 0.929734 0.868566 0.709520 0.918051 0.881869 0.929471 0.790380 0.727739 0.877454 0.855715 0.768573 0.767907
0.647302 0.767241 0.631402 0.607375 0.905402 0.853318 0.717295 0.855967 0.850046 0.945944 0.783185 0.965423 0.899249 0.976918 0.959225 0.837420 0.724280 0.738222 0.692821 0.714687 0.853339 0.901590 0.881410 0.988040 0.844315 0.854320 0.980883 0.932760 0.920941 0.934904 0.866240 0.942696 0.736863 0.816081 0.000000 0.990284 0.882707 0.917688 0.963139 0.921499 0.733633 0.718137 0.845228 0.858713 0.764574 0.717369 0.860062 0.786977 0.810346 0.771388 0.809547 0.804950 0.857610 0.828543 0.936779 0.745667 0.699049 0.764714 0.816160 0.926375 0.828058 0.977577 0.782496 0.781327 0.697039 0.991462 0.705299 0.887644 0.713058 0.707426 0.779361 0.903592 0.944350 0.976146 0.978182 0.898580 0.930121 0.962158 0.880473 0.999814 0.716980 0.714209 0.836995 0.763509 0.691609 0.782495 0.982035 0.994885 0.975821 0.741396 0.715730 0.753445 0.680758 0.787099 0.829038 0.848064 0.825214 0.842897 0.714537 0.665884 0.942592 0.890976 0.695827 0.773081 0.842938 0.722794 0.965585 0.683751 0.881948 0.888374 0.900977 0.858770 0.997225 0.916729 0.912085 0.947600
0.997181 0.980883 0.987314 0.983646 0.968578 0.944191 0.967404 0.949143 0.910953 0.973780 0.929179 0.938859 0.940041 0.980221 0.950836 0.980104 0.987066 0.857538 0.914534 0.969752 0.952247 0.983763 0.874604 0.935712 0.850969 0.889086 0.923284 0.956968 0.853870 0.862591 0.848708 0.726843 0.905083 0.958430 0.990284 0.000000 0.983400 0.989832 0.925452 0.932509 0.953437 0.997038 0.860180 0.936228 0.853715 0.878110 0.903502 0.778730 0.850610 0.893467 0.962368 0.968788 0.900875 0.929795 0.898223 0.918450 0.926047 0.948154 0.954868 0.919777 0.954539 0.896895 0.918489 0.990017 0.906254 0.942797 0.948847 0.902156 0.867625 0.875774 0.986384 0.956474 0.950197 0.989318 0.995691 0.999425 0.995282 0.933844 0.906642 0.933781 0.918879 0.938763 0.783448 0.878043 0.820298 0.916838 0.996943 0.787227 0.939162 0.944645 0.961844 0.985922 0.989937 0.984034 0.827481 0.982999 0.938230 0.843483 0.920766 0.929371 0.991576 0.894569 0.939842 0.938126 0.893943 0.979261 0.865705 0.886082 0.973145 0.973361 0.966032 0.967277 0.965495 0.991586 0.941671 0.947494
0.801167 0.842804 0.765454 0.905530 0.892503 0.838157 0.988440 0.808233 0.974918 0.807572 0.955574 0.822400 0.863935 0.760439 0.964983 0.858669 0.840172 0.845699 0.922318 0.863400 0.774747 0.855194 0.906090 0.828548 0.756037 0.700919 0.967146 0.772164 0.807618 0.750622 0.937530 0.748532 0.900824 0.933959 0.882707 0.983400 0.000000 0.636861 0.932953 0.834044 0.858866 0.762874 0.960246 0.931798 0.856549 0.870078 0.950342 0.969103 0.982960 0.866319 0.811069 0.747745 0.849472 0.854025 0.853654 0.837523 0.672660 0.637559 0.708184 0.803338 0.883258 0.847371 0.934070 0.981920 0.815874 0.918137 0.825679 0.993838 0.676151 0.805653 0.955546 0.955668 0.936776 0.826581 0.890149 0.830611 0.914466 0.890416 0.785745 0.895435 0.877834 0.934988 0.928833 0.860587 0.935436 0.990429 0.957485 0.869945 0.814272 0.728919 0.929445 0.950491 0.937054 0.835285 0.986206 0.873514 0.814652 0.913903 0.994346 0.977658 0.943915 0.833482 0.747217 0.892321 0.786402 0.760108 0.862574 0.754148 0.981267 0.835903 0.892487 0.999488 0.993922 0.924443 0.765382 0.792771
0.851115 0.837840 0.854603 0.961815 0.719435 0.854619 0.901408 0.701697 0.891772 0.679163 0.902048 0.720004 0.905730 0.852092 0.964913 0.898011 0.970040 0.957931 0.885285 0.928077 0.801930 0.792515 0.949135 0.936447 0.699554 0.660005 0.946425 0.688636 0.712548 0.736262 0.762481 0.871450 0.878422 0.892957 0.917688 0.989832 0.636861 0.000000 0.951865 0.896245 0.858169 0.753130 0.835653 0.846366 0.944452 0.988638 0.944840 0.891957 0.886954 0.709582 0.643360 0.649101 0.842020 0.743017 0.978360 0.976055 0.677647 0.761604 0.788810 0.868332 0.730758 0.727217 0.794254 0.804493 0.888345 0.883281 0.849809 0.943467 0.720142 0.932422 0.854392 0.884233 0.956587 0.915708 0.807017 0.979665 0.880721 0.883919 0.946198 0.878945 0.957001 0.960661 0.950471 0.985465 0.987387 0.983953 0.923960 0.984912 0.835058 0.902587 0.944755 0.849323 0.828168 0.737180 0.983068 0.917455 0.801071 0.865327 0.993204 0.948486 0.938760 0.849961 0.895698 0.814975 0.841918 0.774721 0.767207 0.660729 0.984616 0.847942 0.989244 0.947846 0.990577 0.981985 0.766052 0.796997
