0.000000 0.307625 0.920039 0.755965 0.952189 0.765658 0.975627 0.902011 0.734845 0.736018 0.477585 0.384672 0.531101 0.523494 0.799329 0.704535 0.429971 0.344706 0.465829 0.370304 0.915681 0.723728 0.881479 0.760671 0.736601 0.862556 0.714116 0.916666 0.781789 0.596674 0.727277 0.962130 0.910266 0.816395 0.950118 0.942739 0.818653 0.574786 0.873150 0.670182 0.803775 0.977414 0.945141 0.830758 0.935620 0.864651 0.731297 0.720381 0.805799 0.537276 0.800235 0.635189 0.938027 0.714506 0.656325 0.768738 0.355198 0.328551 0.546744 0.491304 0.892708 0.999669 0.572380 0.513414 0.857827 0.976759 0.963992 0.974975 0.363829 0.431223 0.794472 0.757521 0.792371 0.968296 0.828407 0.770738 0.954761 0.922631 0.776864 0.594688 0.360294 0.315443 0.538605 0.396770 0.604673 0.659719 0.677265 0.718717 0.747794 0.533880 0.835176 0.856344 0.903432 0.999347 0.886065 0.994814 0.919427 0.974470 0.999323 0.902194 0.756266 0.879791 0.920860 0.987768 0.976200 0.971625 0.906248 0.835209 0.963298 0.846922 0.995322 0.890199 0.920169 0.899596 0.905495 0.919864
0.307625 0.000000 0.856215 0.708619 0.951264 0.795587 0.921979 0.880626 0.753358 0.755655 0.542362 0.391468 0.530599 0.529002 0.779887 0.631975 0.401599 0.327194 0.440319 0.367973 0.907391 0.759392 0.781450 0.715159 0.658516 0.901781 0.653899 0.951445 0.697738 0.548939 0.793223 0.971474 0.883073 0.773454 0.917102 0.958849 0.870930 0.572931 0.835597 0.667130 0.876795 0.897537 0.850258 0.739580 0.995117 0.805298 0.672263 0.667713 0.764774 0.473797 0.740389 0.563003 0.944844 0.716498 0.665297 0.781650 0.284814 0.244946 0.503682 0.390614 0.826715 0.948355 0.536947 0.459339 0.799438 0.942847 0.965553 0.976256 0.437884 0.452590 0.779335 0.742569 0.802809 0.968033 0.876760 0.877066 0.950508 0.997426 0.688782 0.623823 0.351448 0.333139 0.486592 0.427730 0.531071 0.590687 0.739226 0.617310 0.746911 0.546297 0.769926 0.784722 0.904060 0.892200 0.822709 0.974028 0.969363 0.980821 0.957925 0.949510 0.767062 0.825899 0.888643 0.982182 0.938563 0.966828 0.973610 0.870494 0.905326 0.796126 0.897869 0.961925 0.998042 0.829009 0.765437 0.885997
0.920039 0.856215 0.000000 0.317362 0.722622 0.801516 0.329955 0.398960 0.540414 0.951519 0.955466 0.888461 0.629132 0.777492 0.747195 0.726904 0.812232 0.902040 0.764868 0.869507 0.811877 0.951389 0.465443 0.531374 0.424074 0.439360 0.911342 0.914120 0.829318 0.845587 0.675714 0.786667 0.571259 0.690673 0.626573 0.758307 0.634864 0.850076 0.781472 0.963166 0.966716 0.903556 0.777337 0.812686 0.792378 0.839999 0.761872 0.829029 0.769686 0.981380 0.947874 0.987242 0.919255 0.970737 0.797190 0.891302 0.927708 0.977992 0.819791 0.859143 0.380579 0.494388 0.864350 0.934054 0.311050 0.299414 0.426241 0.457590 0.874453 0.991266 0.660676 0.693408 0.857074 0.888414 0.984089 0.824031 0.841675 0.868188 0.995953 0.980279 0.868167 0.953722 0.873486 0.956865 0.553064 0.464648 0.786582 0.961198 0.770359 0.771793 0.621821 0.936555 0.521046 0.795861 0.773093 0.990007 0.791686 0.892184 0.786611 0.794140 0.793989 0.921241 0.756545 0.870836 0.574366 0.829311 0.885212 0.841787 0.669178 0.805932 0.765235 0.863079 0.841684 0.956657 0.755678 0.986693
0.755965 0.708619 0.317362 0.000000 0.710618 0.862071 0.446200 0.381533 0.647217 0.922062 0.899582 0.703736 0.502552 0.592851 0.619379 0.519155 0.960843 0.941075 0.593551 0.685671 0.867343 0.834512 0.358426 0.397471 0.448788 0.567426 0.782662 0.910573 0.929645 0.992740 0.800688 0.770036 0.669763 0.726583 0.637788 0.764439 0.626378 0.802752 0.728379 0.899937 0.933026 0.915504 0.784955 0.758393 0.867795 0.819398 0.712205 0.721647 0.866147 0.902279 0.969659 0.850132 0.877505 0.964814 0.751746 0.944598 0.815767 0.810407 0.723775 0.713397 0.447113 0.491688 0.932837 0.903457 0.312868 0.345118 0.487248 0.547440 0.754829 0.893176 0.616556 0.752627 0.947800 0.978471 0.975021 0.834005 0.790909 0.879017 0.895798 0.905421 0.938300 0.883760 0.752920 0.871134 0.470031 0.403850 0.671291 0.875614 0.659637 0.679394 0.687150 0.930538 0.588726 0.782439 0.780479 0.996175 0.700905 0.885084 0.778210 0.754337 0.867141 0.908907 0.817451 0.800979 0.563215 0.695131 0.955639 0.824267 0.652310 0.715184 0.807487 0.823013 0.856144 0.947535 0.726161 0.996848
0.952189 0.951264 0.722622 0.710618 0.000000 0.862997 0.763568 0.792172 0.801997 0.953464 0.951869 0.958015 0.802282 0.963806 0.789659 0.881175 0.863676 0.911251 0.882979 0.946326 0.955145 0.989882 0.629196 0.714402 0.745149 0.753419 0.731122 0.873341 0.911630 0.871099 0.872971 0.985614 0.920925 0.955358 0.945675 0.891851 0.847936 0.991841 0.930665 0.868258 0.957071 0.872503 0.973287 0.993142 0.964627 0.920623 0.984038 0.913345 0.841670 0.915995 0.924578 0.997143 0.863612 0.952984 0.958989 0.936589 0.984970 0.984427 0.946704 0.998205 0.804092 0.846970 0.939589 0.957511 0.679303 0.748573 0.768726 0.854554 0.918682 0.994065 0.746337 0.975518 0.952814 0.999091 0.979437 0.894867 0.908726 0.953482 0.832453 0.999729 0.911149 0.926449 0.917142 0.906533 0.759292 0.742016 0.905500 0.850212 0.852982 0.963638 0.882505 0.930061 0.815379 0.842400 0.934346 0.977955 0.835150 0.854137 0.997751 0.941775 0.972026 0.923587 0.820215 0.831155 0.893121 0.761583 0.957541 0.898349 0.977303 0.878717 0.896128 0.971942 0.999852 0.970129 0.969276 0.850116
0.765658 0.795587 0.801516 0.862071 0.862997 0.000000 0.774456 0.718528 0.738040 0.847957 0.805786 0.891664 0.952700 0.976511 0.954153 0.925998 0.614557 0.661231 0.784728 0.829057 0.868295 0.812050 0.893883 0.901357 0.925680 0.730745 0.785072 0.864041 0.822399 0.909548 0.820764 0.910013 0.842849 0.821852 0.910626 0.950694 0.919352 0.849603 0.977729 0.844636 0.982308 0.930040 0.851215 0.951987 0.779953 0.923298 0.963160 0.933278 0.970032 0.936057 0.884774 0.998717 0.784815 0.801509 0.909724 0.995091 0.642871 0.686674 0.938733 0.983197 0.779763 0.696909 0.783061 0.873466 0.891908 0.698605 0.694201 0.728495 0.828388 0.838055 0.761150 0.842157 0.811621 0.951304 0.995484 0.917913 0.973346 0.923217 0.863831 0.909881 0.745102 0.741700 0.716137 0.802159 0.995447 0.921955 0.980512 0.868497 0.830119 0.733147 0.659752 0.861671 0.691524 0.896855 0.980145 0.939231 0.734901 0.985873 0.824717 0.875404 0.738450 0.958842 0.840891 0.916407 0.822505 0.851332 0.813448 0.944558 0.982296 0.998336 0.894038 0.903045 0.785231 0.916453 0.954950 0.909877
0.975627 0.921979 0.329955 0.446200 0.763568 0.774456 0.000000 0.357087 0.517590 0.864020 0.958921 0.833172 0.747170 0.852640 0.828827 0.805922 0.897202 0.855811 0.823122 0.906545 0.828286 0.982468 0.570596 0.685617 0.566395 0.483762 0.940897 0.945043 0.982148 0.998334 0.509751 0.616598 0.410906 0.532303 0.594047 0.704599 0.697194 0.901218 0.854295 0.960045 0.939652 0.914873 0.575699 0.654909 0.529696 0.608135 0.645727 0.688279 0.971112 0.860396 0.820897 0.843803 0.694615 0.816529 0.822013 0.965199 0.996437 0.964052 0.698354 0.764510 0.307544 0.425110 0.966868 0.891595 0.492099 0.401103 0.333444 0.320275 0.998135 0.940045 0.703450 0.670194 0.675114 0.789822 0.982065 0.773297 0.744395 0.708656 0.957038 0.895748 0.971575 0.940872 0.905558 0.914885 0.691082 0.607118 0.905830 0.970703 0.912712 0.920354 0.624264 0.929564 0.602574 0.897719 0.765073 0.897751 0.714407 0.817317 0.604701 0.639423 0.604537 0.947587 0.952825 0.930151 0.551316 0.746575 0.831216 0.785987 0.672491 0.851210 0.706315 0.831962 0.743187 0.893639 0.647200 0.956108
0.902011 0.880626 0.398960 0.381533 0.792172 0.718528 0.357087 0.000000 0.509859 0.719858 0.886966 0.706274 0.699373 0.744313 0.808976 0.672259 0.907547 0.863588 0.703495 0.790162 0.949225 0.910210 0.604876 0.705938 0.651005 0.556896 0.986315 0.949333 0.982674 0.969691 0.585520 0.604456 0.490170 0.491582 0.724556 0.820256 0.547288 0.810449 0.839308 0.927142 0.909377 0.992805 0.491513 0.512514 0.598962 0.567146 0.505937 0.510493 0.901262 0.739675 0.722124 0.696219 0.702484 0.673079 0.752702 0.975806 0.982982 0.994999 0.654637 0.703959 0.381272 0.302994 0.942013 0.833930 0.576449 0.381618 0.472512 0.384184 0.897648 0.955633 0.594527 0.610391 0.737468 0.864167 0.981595 0.849429 0.686400 0.705078 0.977607 0.849291 0.998734 0.952959 0.937401 0.965332 0.789091 0.667580 0.900827 0.943986 0.895816 0.969848 0.584611 0.872120 0.666911 0.945016 0.831146 0.861233 0.654524 0.874273 0.538544 0.518310 0.559152 0.955495 0.917476 0.878356 0.513125 0.744737 0.932851 0.700812 0.672328 0.755149 0.736093 0.754438 0.688329 0.778759 0.662518 0.956766
0.734845 0.753358 0.540414 0.647217 0.801997 0.738040 0.517590 0.509859 0.000000 0.693388 0.919445 0.799864 0.961722 0.942021 0.908615 0.959386 0.687426 0.604469 0.954476 0.785218 0.983213 0.912301 0.771582 0.914965 0.810863 0.482602 0.851608 0.980952 0.899545 0.792236 0.490626 0.645469 0.562425 0.696250 0.683004 0.875992 0.822631 0.896099 0.914034 0.970419 0.958270 0.892203 0.650917 0.717887 0.643894 0.732866 0.753770 0.834231 0.941780 0.964966 0.879189 0.977116 0.772358 0.688320 0.953932 0.980247 0.746502 0.643291 0.916852 0.940793 0.541757 0.524660 0.799362 0.852654 0.701878 0.553549 0.529786 0.477968 0.840441 0.757102 0.665089 0.637120 0.634896 0.800745 0.989147 0.888113 0.873335 0.808765 0.959516 0.839526 0.639217 0.573744 0.920431 0.646312 0.975191 0.886886 0.946069 0.934669 0.973036 0.994222 0.546522 0.874856 0.666822 0.859999 0.870675 0.950970 0.786772 0.861624 0.604649 0.651852 0.580641 0.976304 0.981054 0.848729 0.649894 0.756498 0.804693 0.704628 0.744267 0.918051 0.727009 0.710518 0.704631 0.852548 0.797424 0.962540
0.736018 0.755655 0.951519 0.922062 0.953464 0.847957 0.864020 0.719858 0.693388 0.000000 0.949186 0.985816 0.648733 0.668541 0.787892 0.798059 0.895551 0.727370 0.864858 0.842549 0.858103 0.901819 0.825333 0.587539 0.739971 0.950612 0.740240 0.917560 0.797612 0.889702 0.617120 0.660439 0.774022 0.663574 0.886354 0.947603 0.830452 0.855091 0.937642 0.997731 0.947033 0.769305 0.505850 0.571528 0.525376 0.519613 0.755053 0.673562 0.598838 0.788029 0.691057 0.896185 0.774800 0.567401 0.927558 0.908473 0.782409 0.708771 0.887563 0.980363 0.871108 0.645422 0.962628 0.859271 0.766128 0.970963 0.900404 0.754874 0.824661 0.857686 0.799754 0.691117 0.569473 0.675677 0.965687 0.897634 0.760029 0.689857 0.950371 0.889381 0.830311 0.635772 0.784423 0.723039 0.592229 0.637315 0.648927 0.765918 0.853437 0.655617 0.840891 0.942806 0.904992 0.779367 0.932183 0.852381 0.846858 0.841201 0.521263 0.526994 0.588949 0.884069 0.640005 0.652601 0.816769 0.854437 0.985070 0.645727 0.886669 0.912243 0.778540 0.653576 0.668949 0.822240 0.906077 0.903009
0.477585 0.542362 0.955466 0.899582 0.951869 0.805786 0.958921 0.886966 0.919445 0.949186 0.000000 0.558586 0.880574 0.843637 0.883343 0.980071 0.534947 0.479784 0.586551 0.538750 0.945465 0.933651 0.870705 0.990147 0.943670 0.840457 0.809433 0.982586 0.652649 0.551387 0.900184 0.901054 0.806604 0.652152 0.872654 0.952350 0.890407 0.637237 0.879246 0.783044 0.790889 0.965262 0.867090 0.767303 0.934511 0.785314 0.784035 0.754866 0.774790 0.600623 0.902289 0.841955 0.883662 0.740438 0.790837 0.853195 0.524537 0.591470 0.622984 0.587154 0.954820 0.957318 0.528578 0.583820 0.959385 0.918604 0.955632 0.931165 0.570531 0.666973 0.808238 0.825391 0.972173 0.893626 0.874237 0.726254 0.875444 0.992876 0.849514 0.757250 0.540325 0.558960 0.729587 0.619548 0.934024 0.966122 0.895722 0.787397 0.835745 0.808743 0.839370 0.896894 0.884170 0.914905 0.832393 0.962679 0.889254 0.834204 0.884249 0.940325 0.979183 0.998020 0.822361 0.750724 0.914005 0.928960 0.801154 0.945560 0.970790 0.895983 0.984254 0.938622 0.913687 0.865119 0.939475 0.976591
0.384672 0.391468 0.888461 0.703736 0.958015 0.891664 0.833172 0.706274 0.799864 0.985816 0.558586 0.000000 0.540129 0.573106 0.775935 0.629174 0.484606 0.449987 0.473244 0.353979 0.969183 0.655647 0.827347 0.778980 0.795580 0.891079 0.740976 0.915798 0.641428 0.462956 0.926606 0.899027 0.806890 0.623403 0.960609 0.962337 0.714096 0.513466 0.847507 0.662062 0.857089 0.981953 0.770418 0.682997 0.867357 0.678781 0.634575 0.538185 0.650283 0.474949 0.669330 0.542777 0.876250 0.933846 0.691861 0.766134 0.471220 0.399460 0.537933 0.422554 0.755135 0.762190 0.534492 0.379615 0.881772 0.905659 0.931826 0.870417 0.498607 0.541752 0.944114 0.905031 0.898847 0.990206 0.969315 0.951039 0.889700 0.925597 0.770546 0.560427 0.355298 0.397236 0.609137 0.478991 0.701904 0.716582 0.707255 0.744902 0.867548 0.739338 0.843060 0.891594 0.862947 0.804160 0.895649 0.882827 0.779675 0.862909 0.900822 0.893159 0.982355 0.939396 0.808477 0.872585 0.822275 0.899596 0.852721 0.920545 0.870635 0.743814 0.882473 0.935741 0.984961 0.758295 0.847932 0.938487
0.531101 0.530599 0.629132 0.502552 0.802282 0.952700 0.747170 0.699373 0.961722 0.648733 0.880574 0.540129 0.000000 0.331248 0.405808 0.387440 0.770857 0.648894 0.493101 0.539331 0.897005 0.632722 0.450265 0.422175 0.641489 0.937910 0.672817 0.999352 0.962825 0.881292 0.848587 0.956382 0.909906 0.963459 0.994743 0.957287 0.859319 0.823293 0.928938 0.859262 0.920884 0.848614 0.976634 0.914166 0.861571 0.987572 0.797217 0.801552 0.876127 0.823160 0.921015 0.655145 0.887330 0.973489 0.853490 0.886223 0.614591 0.544249 0.773662 0.615828 0.665439 0.745593 0.867820 0.742696 0.525186 0.622050 0.889530 0.938378 0.711205 0.691426 0.826378 0.959299 0.870862 0.929966 0.932615 0.991847 0.922970 0.919263 0.881490 0.679212 0.672235 0.568036 0.640397 0.636143 0.408215 0.464590 0.554246 0.699756 0.797664 0.602773 0.872686 0.797863 0.775472 0.811995 0.858805 0.930995 0.769142 0.958764 0.989794 0.925302 0.881950 0.989004 0.845333 0.826695 0.767592 0.906125 0.972628 0.944781 0.809633 0.862967 0.914375 0.964128 0.988797 0.841785 0.830197 0.970961
0.523494 0.529002 0.777492 0.592851 0.963806 0.976511 0.852640 0.744313 0.942021 0.668541 0.843637 0.573106 0.331248 0.000000 0.441528 0.325925 0.683859 0.614805 0.512007 0.572195 0.926769 0.639184 0.554921 0.459539 0.756617 0.994169 0.720721 0.915539 0.897748 0.770276 0.818524 0.932955 0.916611 0.900948 0.977495 0.920639 0.938539 0.863154 0.967661 0.834752 0.983043 0.775795 0.909516 0.812836 0.907735 0.918699 0.689845 0.736895 0.979233 0.726491 0.796081 0.565300 0.804258 0.981801 0.890014 0.889629 0.593238 0.547220 0.696841 0.527934 0.702431 0.774352 0.803268 0.688255 0.671658 0.676691 0.927082 0.948359 0.772553 0.701892 0.982365 0.813187 0.830477 0.859741 0.894740 0.988133 0.938681 0.936239 0.787827 0.601401 0.614883 0.540486 0.557812 0.593339 0.501997 0.502343 0.584981 0.698316 0.769366 0.642593 0.954459 0.882880 0.923629 0.890289 0.896941 0.929950 0.830630 0.956656 0.973832 0.940940 0.894613 0.935874 0.953535 0.984891 0.854350 0.885510 0.987978 0.852194 0.866850 0.856208 0.913740 0.978000 0.965297 0.828271 0.736761 0.969586
0.799329 0.779887 0.747195 0.619379 0.789659 0.954153 0.828827 0.808976 0.908615 0.787892 0.883343 0.775935 0.405808 0.441528 0.000000 0.348950 0.857798 0.837935 0.706636 0.794374 0.951193 0.751849 0.413959 0.472282 0.727821 0.945887 0.714513 0.914493 0.911705 0.962160 0.956916 0.887285 0.948626 0.991079 0.935998 0.999313 0.932614 0.890410 0.985019 0.966444 0.956178 0.828044 0.924426 0.929550 0.943639 0.981080 0.824387 0.869185 0.879759 0.944319 0.903928 0.722912 0.760436 0.888302 0.978008 0.893894 0.782329 0.755210 0.844562 0.770963 0.708679 0.740196 0.930595 0.818840 0.564661 0.671567 0.916316 0.951629 0.904756 0.908603 0.790762 0.930235 0.922686 0.960735 0.919178 0.969702 0.974412 0.964597 0.794141 0.788616 0.855188 0.814208 0.666196 0.763266 0.468973 0.531811 0.649150 0.697143 0.792588 0.712242 0.932322 0.909959 0.918177 0.853628 0.883713 0.910794 0.766328 0.938920 0.963080 0.907016 0.883827 0.901160 0.843535 0.824336 0.713053 0.826123 0.873000 0.965331 0.774077 0.874241 0.892461 0.887436 0.876844 0.949719 0.870898 0.932820
0.704535 0.631975 0.726904 0.519155 0.881175 0.925998 0.805922 0.672259 0.959386 0.798059 0.980071 0.629174 0.387440 0.325925 0.348950 0.000000 0.778146 0.748654 0.625410 0.674354 0.998701 0.689922 0.410598 0.403534 0.698994 0.923946 0.753516 0.872231 0.896214 0.821467 0.987974 0.843453 0.896064 0.870976 0.951362 0.933332 0.901941 0.860738 0.889826 0.943632 0.960747 0.828176 0.791386 0.746164 0.985846 0.834428 0.664086 0.677418 0.989253 0.755450 0.741455 0.559309 0.657631 0.858537 0.919981 0.892893 0.695636 0.640576 0.688469 0.576498 0.653211 0.646898 0.901337 0.692227 0.596608 0.622096 0.862262 0.868546 0.869242 0.806609 0.845138 0.917125 0.840754 0.950009 0.989028 0.911897 0.910285 0.925051 0.714176 0.713892 0.720520 0.712448 0.590235 0.642854 0.482349 0.469898 0.664482 0.739832 0.704521 0.680081 0.929608 0.905208 0.913018 0.982319 0.876036 0.985571 0.782123 0.887837 0.948462 0.828083 0.978967 0.882550 0.938085 0.914800 0.670825 0.753451 0.934606 0.998430 0.761033 0.806513 0.827545 0.876445 0.853023 0.795300 0.680744 0.979882
0.429971 0.401599 0.812232 0.960843 0.863676 0.614557 0.897202 0.907547 0.687426 0.895551 0.534947 0.484606 0.770857 0.683859 0.857798 0.778146 0.000000 0.323121 0.542226 0.467369 0.905452 0.810354 0.966543 0.976543 0.960603 0.633160 0.770232 0.973453 0.519162 0.432655 0.790827 0.972166 0.932429 0.796517 0.962196 0.936696 0.985436 0.638778 0.976302 0.720885 0.916600 0.948770 0.825557 0.707906 0.967717 0.744934 0.720901 0.669562 0.608205 0.466824 0.696351 0.582318 0.936902 0.816429 0.833732 0.659483 0.339052 0.340709 0.562071 0.485535 0.929915 0.849882 0.399407 0.378701 0.857892 0.695282 0.823912 0.866415 0.579216 0.517691 0.626455 0.669706 0.882024 0.932976 0.955620 0.834924 0.950783 0.906209 0.562286 0.605466 0.285251 0.369548 0.508540 0.428711 0.830112 0.936258 0.890727 0.608950 0.896619 0.702078 0.626268 0.792702 0.631552 0.758053 0.826140 0.938927 0.940236 0.834059 0.968383 0.998127 0.796720 0.893723 0.711467 0.860814 0.906487 0.929303 0.890275 0.886330 0.983658 0.912563 0.920655 0.972751 0.999318 0.867178 0.788903 0.862025
0.344706 0.327194 0.902040 0.941075 0.911251 0.661231 0.855811 0.863588 0.604469 0.727370 0.479784 0.449987 0.648894 0.614805 0.837935 0.748654 0.323121 0.000000 0.481043 0.415251 0.987296 0.767218 0.949598 0.809179 0.877625 0.690601 0.679939 0.982143 0.614572 0.491778 0.655870 0.909386 0.994800 0.887942 0.991927 0.961246 0.991902 0.600041 0.902270 0.708792 0.851469 0.989218 0.969019 0.888237 0.844893 0.939710 0.837820 0.807052 0.788776 0.561684 0.890953 0.726883 0.901265 0.610371 0.751114 0.723901 0.295199 0.273100 0.625586 0.510238 0.909094 0.770620 0.431386 0.435426 0.987691 0.771420 0.821842 0.788836 0.470769 0.469647 0.725985 0.602610 0.753333 0.981777 0.842167 0.822833 0.962688 0.923663 0.636323 0.656152 0.324171 0.296474 0.475002 0.365287 0.672173 0.794832 0.728672 0.580222 0.759300 0.581074 0.615689 0.808308 0.724665 0.864170 0.846956 0.998708 0.993311 0.887087 0.862974 0.859402 0.662700 0.827750 0.844625 0.989342 0.938755 0.944234 0.882581 0.768308 0.914906 0.882265 0.999481 0.859489 0.942831 0.899453 0.934636 0.897998
0.465829 0.440319 0.764868 0.593551 0.882979 0.784728 0.823122 0.703495 0.954476 0.864858 0.586551 0.473244 0.493101 0.512007 0.706636 0.625410 0.542226 0.481043 0.000000 0.434499 0.973979 0.644378 0.684080 0.616351 0.732813 0.920272 0.628670 0.934836 0.702013 0.639902 0.892652 0.820346 0.809922 0.739192 0.971129 0.962667 0.764786 0.659060 0.865304 0.789266 0.749135 0.882544 0.829968 0.727434 0.974833 0.838055 0.702447 0.603971 0.898659 0.617124 0.925149 0.706856 0.995379 0.855092 0.838594 0.831988 0.464467 0.473919 0.658440 0.543718 0.781891 0.859817 0.638886 0.568333 0.757424 0.859626 0.944547 0.930056 0.591874 0.719568 0.954805 0.917877 0.930841 0.993678 0.897496 0.967247 0.905329 0.922367 0.703159 0.577643 0.524310 0.493674 0.568287 0.554411 0.656787 0.717821 0.686655 0.643462 0.803335 0.745036 0.902926 0.957720 0.974983 0.984588 0.783999 0.906844 0.790342 0.941779 0.841683 0.814664 0.950884 0.965749 0.832114 0.931652 0.821541 0.931594 0.819356 0.973715 0.912710 0.675490 0.912035 0.954652 0.932379 0.834260 0.822450 0.954144
0.370304 0.367973 0.869507 0.685671 0.946326 0.829057 0.906545 0.790162 0.785218 0.842549 0.538750 0.353979 0.539331 0.572195 0.794374 0.674354 0.467369 0.415251 0.434499 0.000000 0.954888 0.694629 0.827685 0.746631 0.764809 0.904876 0.672900 0.992416 0.725457 0.580406 0.794496 0.993309 0.887555 0.757180 0.998927 0.981664 0.712808 0.517588 0.825379 0.610419 0.844242 0.927974 0.886746 0.799713 0.925569 0.866895 0.676590 0.653376 0.789139 0.500379 0.811639 0.605752 0.962722 0.856842 0.645246 0.760783 0.431042 0.355588 0.624487 0.481473 0.883349 0.913485 0.638169 0.481837 0.847124 0.943284 0.994794 0.999430 0.434997 0.463397 0.937906 0.837844 0.790774 0.943159 0.927795 0.895930 0.873556 0.895400 0.743280 0.698670 0.400358 0.390730 0.582949 0.435790 0.616157 0.701658 0.709393 0.736657 0.799192 0.649182 0.903467 0.927638 0.940861 0.966806 0.880403 0.910845 0.816097 0.950431 0.969043 0.969457 0.928719 0.959015 0.878270 0.934783 0.859697 0.987880 0.886133 0.992295 0.877761 0.722362 0.996032 0.969039 0.936206 0.886201 0.844620 0.828724
0.915681 0.907391 0.811877 0.867343 0.955145 0.868295 0.828286 0.949225 0.983213 0.858103 0.945465 0.969183 0.897005 0.926769 0.951193 0.998701 0.905452 0.987296 0.973979 0.954888 0.000000 0.964793 0.959600 0.887162 0.856295 0.876826 0.974923 0.997260 0.972115 0.988099 0.929788 0.903867 0.795449 0.896515 0.771094 0.830635 0.841194 0.939532 0.950351 0.979600 0.904008 0.985600 0.999231 0.968409 0.822715 0.915134 0.992700 0.863135 0.950006 0.992585 0.938995 0.966868 0.967294 0.839136 0.852886 0.865061 0.984487 0.968720 0.867233 0.978374 0.728726 0.899728 0.893602 0.979489 0.804775 0.770144 0.700337 0.792893 0.961696 0.988130 0.975377 0.924415 0.983867 0.911357 0.912980 0.935622 0.889721 0.926632 0.901438 0.973485 0.933073 0.903272 0.946658 0.972771 0.766737 0.728810 0.891215 0.946325 0.902340 0.866135 0.947507 0.851792 0.835378 0.964892 0.989952 0.975139 0.999484 0.915645 0.969450 0.862428 0.907993 0.949067 0.898046 0.965249 0.944135 0.929044 0.852782 0.980588 0.998065 0.931880 0.911401 0.883440 0.998784 0.996776 0.893629 0.971066
0.723728 0.759392 0.951389 0.834512 0.989882 0.812050 0.982468 0.910210 0.912301 0.901819 0.933651 0.655647 0.632722 0.639184 0.751849 0.689922 0.810354 0.767218 0.644378 0.694629 0.964793 0.000000 0.782812 0.785453 0.928861 0.927610 0.765504 0.853779 0.927384 0.901435 0.915942 0.960708 0.994839 0.964418 0.850305 0.875632 0.885200 0.811663 0.944854 0.721224 0.961061 0.863229 0.926575 0.887244 0.880408 0.965759 0.873061 0.827680 0.989109 0.771516 0.867669 0.720122 0.867085 0.965843 0.939586 0.854179 0.721227 0.716460 0.941973 0.773883 0.890926 0.931080 0.813142 0.756810 0.911709 0.955343 0.867951 0.913216 0.823149 0.794228 0.935277 0.972002 0.965703 0.887554 0.791909 0.945472 0.850426 0.884511 0.895148 0.726316 0.748027 0.700828 0.748639 0.661314 0.799300 0.827198 0.671958 0.797366 0.853344 0.870952 0.962131 0.894687 0.950743 0.971807 0.937694 0.898435 0.792919 0.911935 0.921460 0.915066 0.995874 0.872331 0.941611 0.995787 0.872851 0.927577 0.843245 0.922139 0.865400 0.791686 0.881236 0.854124 0.979219 0.763048 0.806027 0.941780
0.881479 0.781450 0.465443 0.358426 0.629196 0.893883 0.570596 0.604876 0.771582 0.825333 0.870705 0.827347 0.450265 0.554921 0.413959 0.410598 0.966543 0.949598 0.684080 0.827685 0.959600 0.782812 0.000000 0.333326 0.511876 0.675449 0.703698 0.902222 0.951557 0.940554 0.897143 0.872481 0.835106 0.925703 0.790669 0.838231 0.781609 0.906595 0.882315 0.976132 0.962752 0.824083 0.887292 0.892883 0.996534 0.958626 0.874866 0.875960 0.780081 0.978179 0.979222 0.865200 0.759382 0.931087 0.930640 0.994803 0.856933 0.806880 0.908588 0.810376 0.551359 0.631773 0.927735 0.912825 0.321312 0.473455 0.645290 0.747226 0.914850 0.949861 0.662449 0.850148 0.951531 0.987164 0.908686 0.765498 0.894185 0.950050 0.837291 0.931055 0.976710 0.947377 0.714896 0.875881 0.376341 0.395207 0.680582 0.786485 0.697651 0.666119 0.771659 0.902136 0.682002 0.776628 0.780335 0.955652 0.756639 0.914087 0.918822 0.809772 0.966184 0.884973 0.751971 0.671549 0.631907 0.686931 0.904379 0.911290 0.716402 0.746025 0.846323 0.809640 0.855718 0.991599 0.783599 0.976975
0.760671 0.715159 0.531374 0.397471 0.714402 0.901357 0.685617 0.705938 0.914965 0.587539 0.990147 0.778980 0.422175 0.459539 0.472282 0.403534 0.976543 0.809179 0.616351 0.746631 0.887162 0.785453 0.333326 0.000000 0.509805 0.756728 0.636414 0.850424 0.951218 0.995082 0.979763 0.941461 0.872198 0.976327 0.863008 0.789023 0.903352 0.959029 0.756099 0.971444 0.982933 0.806523 0.935032 0.985643 0.845609 0.908178 0.929345 0.938754 0.712005 0.984984 0.878570 0.909262 0.928414 0.863017 0.882481 0.923972 0.785048 0.726093 0.903774 0.763069 0.660031 0.783459 0.994095 0.937671 0.381613 0.518060 0.735170 0.820267 0.817869 0.924769 0.785537 0.897472 0.841920 0.814721 0.990060 0.887178 0.960472 0.963416 0.793537 0.827251 0.876771 0.772090 0.667531 0.742476 0.373382 0.360329 0.572609 0.746580 0.631467 0.625554 0.918462 0.958328 0.751864 0.836009 0.802257 0.876727 0.794506 0.949926 0.915035 0.993253 0.859733 0.905254 0.685362 0.687833 0.714010 0.811723 0.990831 0.970770 0.872388 0.824538 0.934157 0.970963 0.962067 0.970462 0.840504 0.964466
0.736601 0.658516 0.424074 0.448788 0.745149 0.925680 0.566395 0.651005 0.810863 0.739971 0.943670 0.795580 0.641489 0.756617 0.727821 0.698994 0.960603 0.877625 0.732813 0.764809 0.856295 0.928861 0.511876 0.509805 0.000000 0.507517 0.663182 0.866255 0.871061 0.900414 0.830737 0.905627 0.722472 0.786807 0.690723 0.741634 0.691050 0.759248 0.703344 0.959758 0.931714 0.865935 0.939598 0.923999 0.940770 0.940516 0.824025 0.923264 0.826745 0.928284 0.945943 0.948583 0.960898 0.772222 0.764116 0.981239 0.737931 0.743803 0.789673 0.755591 0.587794 0.737061 0.958649 0.975596 0.376000 0.515263 0.585215 0.637719 0.645885 0.777513 0.922253 0.864334 0.928601 0.982949 0.940549 0.952285 0.995842 0.979442 0.816360 0.939021 0.926937 0.846388 0.689797 0.849770 0.414414 0.381894 0.789964 0.837999 0.695875 0.583929 0.928580 0.797958 0.763194 0.920913 0.791970 0.964865 0.966529 0.957856 0.952429 0.915916 0.899554 0.786002 0.728144 0.742462 0.709566 0.869901 0.836663 0.989262 0.793204 0.795107 0.816062 0.973574 0.976760 0.939295 0.810708 0.976597
0.862556 0.901781 0.439360 0.567426 0.753419 0.730745 0.483762 0.556896 0.482602 0.950612 0.840457 0.891079 0.937910 0.994169 0.945887 0.923946 0.633160 0.690601 0.920272 0.904876 0.876826 0.927610 0.675449 0.756728 0.507517 0.000000 0.975150 0.846844 0.680704 0.703213 0.549317 0.820255 0.619725 0.744980 0.699477 0.670968 0.702673 0.991288 0.730972 0.973193 0.972881 0.945593 0.803129 0.879850 0.746384 0.838736 0.795672 0.937983 0.835035 0.921162 0.958485 0.992233 0.882413 0.954617 0.843660 0.893021 0.817240 0.802217 0.943625 0.976910 0.518215 0.570704 0.693646 0.770402 0.510302 0.426280 0.467588 0.453865 0.990712 0.975283 0.751328 0.704897 0.826183 0.932992 0.960576 0.890409 0.995695 0.987454 0.899911 0.815853 0.684301 0.679567 0.963237 0.709234 0.718640 0.613197 0.968673 0.911850 0.852657 0.865798 0.691044 0.910069 0.649498 0.941927 0.872895 0.936790 0.940018 0.948556 0.843736 0.962072 0.773025 0.869398 0.723123 0.872835 0.658235 0.794313 0.816566 0.873876 0.787393 0.851179 0.721462 0.980937 0.998559 0.979894 0.833754 0.969045
0.714116 0.653899 0.911342 0.782662 0.731122 0.785072 0.940897 0.986315 0.851608 0.740240 0.809433 0.740976 0.672817 0.720721 0.714513 0.753516 0.770232 0.679939 0.628670 0.672900 0.974923 0.765504 0.703698 0.636414 0.663182 0.975150 0.000000 0.920829 0.970007 0.983091 0.777765 0.942026 0.826646 0.903574 0.899475 0.979165 0.937096 0.678562 0.859766 0.938301 0.934860 0.884873 0.787259 0.898909 0.651534 0.780555 0.987317 0.947017 0.825539 0.940478 0.816318 0.934591 0.855249 0.816383 0.962666 0.970057 0.669056 0.632116 0.990150 0.841411 0.945976 0.876893 0.880119 0.894172 0.761735 0.968818 0.878848 0.853890 0.671071 0.761942 0.978279 0.816177 0.789150 0.835274 0.975530 0.970114 0.947718 0.812755 0.754761 0.956971 0.785759 0.684639 0.754889 0.766031 0.635834 0.716276 0.722307 0.684999 0.882663 0.656323 0.880750 0.993355 0.970288 0.864748 0.900406 0.936543 0.992618 0.962196 0.803648 0.893893 0.745197 0.951214 0.911893 0.768415 0.950022 0.884138 0.968953 0.948591 0.967374 0.763202 0.967111 0.976064 0.903593 0.912645 0.933976 0.995415
0.916666 0.951445 0.914120 0.910573 0.873341 0.864041 0.945043 0.949333 0.980952 0.917560 0.982586 0.915798 0.999352 0.915539 0.914493 0.872231 0.973453 0.982143 0.934836 0.992416 0.997260 0.853779 0.902222 0.850424 0.866255 0.846844 0.920829 0.000000 0.777226 0.814108 0.982830 0.845178 0.958089 0.975298 0.995115 0.971454 0.856731 0.852586 0.869995 0.975675 0.999065 0.894948 0.979580 0.943399 0.876672 0.928378 0.976651 0.947243 0.870603 0.985578 0.935339 0.962278 0.911680 0.840517 0.916666 0.937473 0.920096 0.955105 0.955585 0.923542 0.943009 0.975534 0.816177 0.874174 0.858549 0.894526 0.971821 0.963767 0.837677 0.781842 0.963267 0.905938 0.800088 0.847902 0.931234 0.999794 0.986276 0.862874 0.943323 0.817381 0.899339 0.913511 0.946144 0.955275 0.862578 0.820154 0.992338 0.961602 0.954679 0.796324 0.996641 0.854228 0.969761 0.976849 0.972975 0.856489 0.850242 0.893431 0.916315 0.845993 0.752717 0.731832 0.839426 0.780918 0.949685 0.904700 0.918373 0.977929 0.799820 0.883495 0.956913 0.949681 0.928167 0.993352 0.909829 0.981108
0.781789 0.697738 0.829318 0.929645 0.911630 0.822399 0.982148 0.982674 0.899545 0.797612 0.652649 0.641428 0.962825 0.897748 0.911705 0.896214 0.519162 0.614572 0.702013 0.725457 0.972115 0.927384 0.951557 0.951218 0.871061 0.680704 0.970007 0.777226 0.000000 0.372757 0.951559 0.680194 0.760597 0.713053 0.945877 0.987373 0.931139 0.795436 0.926730 0.814045 0.999675 0.952521 0.724169 0.667300 0.709259 0.606739 0.738060 0.680918 0.533689 0.560535 0.692079 0.729309 0.825225 0.999391 0.997897 0.752799 0.636501 0.664354 0.660735 0.640051 0.934569 0.983316 0.456147 0.468421 0.800587 0.754341 0.974109 0.979374 0.870944 0.966327 0.786398 0.773305 0.909245 0.780716 0.977599 0.959259 0.977876 0.746051 0.669286 0.717049 0.536254 0.719674 0.730446 0.677449 0.987983 0.900396 0.919173 0.772493 0.983571 0.995249 0.692498 0.762256 0.613305 0.643592 0.838523 0.907343 0.873887 0.980326 0.866773 0.840205 0.996685 0.990416 0.617975 0.693573 0.958257 0.980168 0.875393 0.995839 0.989835 0.934958 0.879430 0.884557 0.833075 0.764900 0.801895 0.972206
0.596674 0.548939 0.845587 0.992740 0.871099 0.909548 0.998334 0.969691 0.792236 0.889702 0.551387 0.462956 0.881292 0.770276 0.962160 0.821467 0.432655 0.491778 0.639902 0.580406 0.988099 0.901435 0.940554 0.995082 0.900414 0.703213 0.983091 0.814108 0.372757 0.000000 0.994940 0.753270 0.797661 0.615184 0.987247 0.995883 0.985293 0.742859 0.982227 0.735998 0.901861 0.989362 0.699417 0.624053 0.704063 0.574521 0.668846 0.585412 0.454490 0.450958 0.610037 0.629776 0.803826 0.917901 0.906257 0.696231 0.565117 0.556544 0.547308 0.490491 0.922666 0.967353 0.416707 0.356636 0.794738 0.784098 0.978027 0.952292 0.765255 0.777182 0.751225 0.755193 0.973684 0.779335 0.950538 0.993481 0.983081 0.707023 0.616716 0.602827 0.379106 0.543473 0.661970 0.558519 0.975713 0.958209 0.956538 0.699895 0.993894 0.957321 0.706741 0.791619 0.663911 0.666286 0.892047 0.993269 0.889498 0.883143 0.869310 0.858667 0.969761 0.962931 0.636890 0.676099 0.967450 0.871086 0.839834 0.874703 0.956790 0.848624 0.900615 0.917078 0.948520 0.760494 0.717493 0.961287
0.727277 0.793223 0.675714 0.800688 0.872971 0.820764 0.509751 0.585520 0.490626 0.617120 0.900184 0.926606 0.848587 0.818524 0.956916 0.987974 0.790827 0.655870 0.892652 0.794496 0.929788 0.915942 0.897143 0.979763 0.830737 0.549317 0.777765 0.982830 0.951559 0.994940 0.000000 0.497447 0.476962 0.583113 0.666404 0.829354 0.820581 0.978078 0.778158 0.883164 0.900630 0.930922 0.487803 0.592862 0.410767 0.479134 0.666946 0.709922 0.780877 0.834513 0.702651 0.871281 0.639402 0.685950 0.954505 0.986892 0.808822 0.703996 0.802452 0.951228 0.528391 0.522362 0.919225 0.979107 0.878668 0.706235 0.543960 0.412959 0.803422 0.740855 0.872849 0.751874 0.704705 0.709756 0.981738 0.813965 0.833899 0.569156 0.972034 0.974914 0.810590 0.636038 0.989742 0.740566 0.926570 0.975257 0.751867 0.904715 0.980068 0.859381 0.880404 0.840873 0.960721 0.770865 0.935770 0.819828 0.882241 0.841124 0.656017 0.700348 0.542140 0.952442 0.905552 0.839533 0.690422 0.758322 0.862687 0.745724 0.798327 0.942161 0.726423 0.817133 0.732110 0.753241 0.705076 0.920203
0.962130 0.971474 0.786667 0.770036 0.985614 0.910013 0.616598 0.604456 0.645469 0.660439 0.901054 0.899027 0.956382 0.932955 0.887285 0.843453 0.972166 0.909386 0.820346 0.993309 0.903867 0.960708 0.872481 0.941461 0.905627 0.820255 0.942026 0.845178 0.680194 0.753270 0.497447 0.000000 0.551528 0.579004 0.733337 0.945579 0.881583 0.934694 0.877074 0.986220 0.949047 0.953547 0.449195 0.468661 0.497329 0.438748 0.550986 0.567178 0.696019 0.648458 0.629667 0.687045 0.645590 0.698691 0.957909 0.928256 0.952788 0.945060 0.603643 0.682135 0.587071 0.624362 0.840581 0.765474 0.935875 0.785347 0.642163 0.564068 0.914284 0.839307 0.907413 0.926976 0.766850 0.735595 0.953820 0.887485 0.750531 0.601042 0.791815 0.745762 0.949757 0.922439 0.823190 0.991422 0.995853 0.956251 0.948223 0.954641 0.946668 0.845886 0.894062 0.864982 0.985839 0.912088 0.942494 0.846183 0.758762 0.934095 0.525756 0.635469 0.623769 0.781255 0.695306 0.769530 0.585275 0.772566 0.881716 0.787875 0.713920 0.816510 0.806440 0.841905 0.582271 0.831185 0.582345 0.988163
0.910266 0.883073 0.571259 0.669763 0.920925 0.842849 0.410906 0.490170 0.562425 0.774022 0.806604 0.806890 0.909906 0.916611 0.948626 0.896064 0.932429 0.994800 0.809922 0.887555 0.795449 0.994839 0.835106 0.872198 0.722472 0.619725 0.826646 0.958089 0.760597 0.797661 0.476962 0.551528 0.000000 0.412492 0.672366 0.716940 0.736824 0.839017 0.846926 0.945709 0.983113 0.845787 0.498433 0.537795 0.403670 0.455923 0.499487 0.642748 0.725979 0.677202 0.654227 0.774908 0.758133 0.922093 0.750151 0.898504 0.900346 0.957833 0.573416 0.716039 0.396674 0.543926 0.755355 0.729480 0.744588 0.628199 0.468711 0.410407 0.935031 0.993619 0.929765 0.883050 0.738066 0.778143 0.870285 0.919626 0.830160 0.716274 0.882726 0.818790 0.870157 0.994462 0.804500 0.964393 0.812901 0.749441 0.958746 0.896825 0.900783 0.941357 0.899151 0.806237 0.980390 0.804689 0.741404 0.921736 0.796335 0.843282 0.645507 0.746734 0.696590 0.993941 0.928487 0.780145 0.696945 0.864550 0.949888 0.946984 0.811249 0.902918 0.717236 0.887133 0.713297 0.730260 0.677799 0.948983
0.816395 0.773454 0.690673 0.726583 0.955358 0.821852 0.532303 0.491582 0.696250 0.663574 0.652152 0.623403 0.963459 0.900948 0.991079 0.870976 0.796517 0.887942 0.739192 0.757180 0.896515 0.964418 0.925703 0.976327 0.786807 0.744980 0.903574 0.975298 0.713053 0.615184 0.583113 0.579004 0.412492 0.000000 0.692151 0.810006 0.707355 0.714349 0.937765 0.942645 0.877708 0.898636 0.435928 0.470479 0.421135 0.395207 0.464322 0.479149 0.628782 0.563758 0.599378 0.714436 0.743999 0.906717 0.799000 0.874427 0.803449 0.874377 0.488911 0.571252 0.481870 0.520755 0.681471 0.586602 0.872672 0.704026 0.538679 0.444285 0.866045 0.877991 0.992910 0.888483 0.771225 0.735104 0.931203 0.995609 0.884284 0.654991 0.821264 0.758130 0.752272 0.917815 0.786418 0.905595 0.938455 0.855725 0.987234 0.915275 0.916959 0.969504 0.995156 0.779512 0.943790 0.685162 0.834783 0.907521 0.776042 0.833118 0.637380 0.715397 0.614250 0.903492 0.800069 0.640354 0.718628 0.740220 0.983028 0.798378 0.910214 0.750665 0.768681 0.901385 0.717039 0.785424 0.702383 0.993261
0.950118 0.917102 0.626573 0.637788 0.945675 0.910626 0.594047 0.724556 0.683004 0.886354 0.872654 0.960609 0.994743 0.977495 0.935998 0.951362 0.962196 0.991927 0.971129 0.998927 0.771094 0.850305 0.790669 0.863008 0.690723 0.699477 0.899475 0.995115 0.945877 0.987247 0.666404 0.733337 0.672366 0.692151 0.000000 0.777716 0.936193 0.891113 0.722622 0.975793 0.909221 0.998178 0.764810 0.821661 0.657774 0.708538 0.807654 0.852554 0.930772 0.899848 0.921579 0.965074 0.896116 0.985536 0.775938 0.944479 0.988579 0.958719 0.741070 0.860868 0.647004 0.687227 0.963601 0.917277 0.664230 0.696862 0.490339 0.542211 0.898092 0.962593 0.833938 0.838298 0.868105 0.850229 0.939689 0.937041 0.859729 0.786073 0.904381 0.988616 0.993234 0.982890 0.815974 0.911554 0.817609 0.735441 0.962233 0.983108 0.690787 0.777157 0.883273 0.871841 0.741590 0.909774 0.815068 0.922430 0.826418 0.624530 0.800331 0.928421 0.873404 0.855468 0.978331 0.996655 0.715564 0.786889 0.632618 0.833260 0.756509 0.821112 0.899189 0.913354 0.697863 0.978620 0.798021 0.978813
0.942739 0.958849 0.758307 0.764439 0.891851 0.950694 0.704599 0.820256 0.875992 0.947603 0.952350 0.962337 0.957287 0.920639 0.999313 0.933332 0.936696 0.961246 0.962667 0.981664 0.830635 0.875632 0.838231 0.789023 0.741634 0.670968 0.979165 0.971454 0.987373 0.995883 0.829354 0.945579 0.716940 0.810006 0.777716 0.000000 0.891705 0.960726 0.943752 0.886121 0.784174 0.938893 0.995792 0.938470 0.846157 0.894996 0.915957 0.892202 0.971228 0.948940 0.985112 0.997549 0.967712 0.962254 0.871300 0.895957 0.988200 0.989755 0.874136 0.957638 0.789890 0.883364 0.984200 0.996597 0.728760 0.765556 0.713305 0.761411 0.976036 0.958696 0.968885 0.890627 0.972225 0.934329 0.913105 0.938167 0.905082 0.906721 0.969652 0.972143 0.982833 0.994999 0.920227 0.922271 0.811524 0.742265 0.945745 0.960173 0.827176 0.885606 0.892580 0.928524 0.967435 0.990009 0.949559 0.911223 0.948204 0.929465 0.940145 0.974890 0.990805 0.912317 0.884553 0.984903 0.897290 0.956108 0.904496 0.909341 0.917756 0.964511 0.822869 0.871306 0.945183 0.989163 0.895874 0.738846
0.818653 0.870930 0.634864 0.626378 0.847936 0.919352 0.697194 0.547288 0.822631 0.830452 0.890407 0.714096 0.859319 0.938539 0.932614 0.901941 0.985436 0.991902 0.764786 0.712808 0.841194 0.885200 0.781609 0.903352 0.691050 0.702673 0.937096 0.856731 0.931139 0.985293 0.820581 0.881583 0.736824 0.707355 0.936193 0.891705 0.000000 0.630308 0.827600 0.887691 0.729166 0.920621 0.739353 0.783715 0.825838 0.809447 0.729198 0.707124 0.940722 0.878807 0.913831 0.904763 0.981919 0.927076 0.682768 0.960297 0.875894 0.891836 0.851775 0.911479 0.705120 0.654038 0.900941 0.856106 0.757118 0.708288 0.782780 0.700260 0.687172 0.792434 0.825231 0.661465 0.875972 0.926126 0.912233 0.997807 0.824395 0.938769 0.997604 0.980531 0.960455 0.968724 0.917528 0.851059 0.855287 0.831703 0.878758 0.993938 0.998875 0.960448 0.912264 0.895326 0.934545 0.978266 0.908020 0.999792 0.734417 0.954941 0.764852 0.816935 0.808156 0.949827 0.965272 0.882006 0.737419 0.910549 0.861851 0.852269 0.732234 0.762376 0.866903 0.931556 0.957081 0.995411 0.999114 0.888157
0.574786 0.572931 0.850076 0.802752 0.991841 0.849603 0.901218 0.810449 0.896099 0.855091 0.637237 0.513466 0.823293 0.863154 0.890410 0.860738 0.638778 0.600041 0.659060 0.517588 0.939532 0.811663 0.906595 0.959029 0.759248 0.991288 0.678562 0.852586 0.795436 0.742859 0.978078 0.934694 0.839017 0.714349 0.891113 0.960726 0.630308 0.000000 0.768485 0.709925 0.896068 0.842149 0.859396 0.840960 0.934162 0.813111 0.708024 0.694752 0.772900 0.605415 0.875703 0.789135 0.947813 0.819493 0.644919 0.747881 0.559838 0.564293 0.728374 0.689501 0.871700 0.876933 0.762780 0.609203 0.870939 0.961032 0.992897 0.939953 0.517027 0.575671 0.995252 0.973825 0.898364 0.991022 0.913062 0.977866 0.864765 0.950665 0.867702 0.930598 0.625883 0.658487 0.720795 0.647771 0.785108 0.823709 0.878447 0.817297 0.840387 0.714287 0.861534 0.729664 0.835974 0.900315 0.956036 0.843445 0.944672 0.852258 0.890047 0.932712 0.926353 0.812939 0.840998 0.939881 0.846429 0.977360 0.961218 0.961503 0.967027 0.689124 0.881493 0.802768 0.948946 0.897379 0.997629 0.997687
