0.000000 0.214106 0.393128 0.405084 0.708249 0.730591 0.325498 0.418691 0.731691 0.765062 0.517990 0.397634 0.297897 0.406712 0.525536 0.550030 0.500841 0.452060 0.321056 0.342392 0.537901 0.888191 0.562254 0.542068 0.520573 0.553900 0.796320 0.776325 0.795084 0.827611 0.772113 0.927567 0.345450 0.320697 0.426494 0.739975 0.362202 0.567244 0.572255 0.647929 0.686267 0.923143 0.698481 0.649169 0.763056 0.715203 0.430493 0.452927 0.808993 0.590988 0.735770 0.627652 0.956464 0.772001 0.344473 0.524802 0.338379 0.241193 0.276496 0.340450 0.267468 0.446299 0.433317 0.482561 0.416237 0.317276 0.283134 0.388179 0.246363 0.314292 0.680043 0.919101 0.695129 0.737728 0.743517 0.907894 0.644140 0.934491 0.639964 0.629765 0.347492 0.306949 0.481005 0.413347 0.328178 0.329791 0.587385 0.684869 0.415869 0.445725 0.859640 0.833887 0.922023 0.966810 0.579840 0.993080 0.488748 0.943345 0.917082 0.953298 0.627345 0.888927 0.972689 0.881609 0.611200 0.516548 0.888452 0.985519 0.917412 0.659938 0.962203 0.835693 0.916706 0.914339 0.761885 0.982152
0.214106 0.000000 0.399523 0.364960 0.690387 0.733027 0.292032 0.308739 0.695345 0.873671 0.556656 0.335641 0.318564 0.367500 0.514250 0.514049 0.423700 0.386827 0.283788 0.279932 0.557759 0.855953 0.499593 0.508753 0.583684 0.649680 0.787826 0.803364 0.664051 0.703805 0.732398 0.804786 0.298604 0.299487 0.477856 0.774562 0.404126 0.544917 0.601474 0.650669 0.719409 0.820500 0.515444 0.512111 0.660732 0.625360 0.333587 0.374587 0.721494 0.518526 0.653050 0.551899 0.896740 0.848818 0.393602 0.527590 0.273615 0.180547 0.268265 0.333633 0.265027 0.390325 0.369658 0.379519 0.470045 0.325795 0.250154 0.314451 0.322951 0.360718 0.540623 0.789556 0.651121 0.727023 0.789665 0.773742 0.507970 0.768037 0.470027 0.601396 0.295135 0.315123 0.472790 0.480674 0.369444 0.357423 0.625230 0.668248 0.474495 0.454332 0.976310 0.953499 0.800579 0.934378 0.542474 0.909746 0.434527 0.909009 0.781342 0.805281 0.735492 0.942557 0.846464 0.816841 0.520490 0.446263 0.849274 0.823783 0.902998 0.635634 0.847548 0.742780 0.821848 0.846998 0.621576 0.994670
0.393128 0.399523 0.000000 0.221589 0.647083 0.809239 0.353926 0.554385 0.653639 0.592309 0.869735 0.669645 0.286597 0.595853 0.405124 0.439694 0.787696 0.797685 0.536485 0.524252 0.546582 0.827676 0.324817 0.313084 0.286834 0.307835 0.543213 0.706247 0.834325 0.797100 0.683328 0.873957 0.492743 0.638356 0.358919 0.887876 0.322935 0.515571 0.397602 0.681501 0.690312 0.950687 0.917791 0.908961 0.975542 0.991412 0.622384 0.600258 0.913827 0.731023 0.939750 0.732806 0.983455 0.756532 0.299054 0.514565 0.623036 0.429802 0.469419 0.437553 0.340052 0.420455 0.775364 0.782655 0.179768 0.205596 0.335445 0.428435 0.338379 0.432949 0.684425 0.909244 0.698512 0.793573 0.895611 0.906008 0.720696 0.906215 0.691373 0.863386 0.646068 0.476495 0.598734 0.471497 0.203960 0.224729 0.522789 0.608760 0.293893 0.316121 0.862590 0.856490 0.849044 0.898062 0.626266 0.998039 0.592501 0.904418 0.849412 0.875219 0.598460 0.806203 0.759159 0.743078 0.596423 0.570293 0.874632 0.943486 0.864050 0.797898 0.993309 0.977511 0.932983 0.890063 0.743149 0.867861
0.405084 0.364960 0.221589 0.000000 0.637524 0.803710 0.379000 0.440404 0.743511 0.596445 0.964395 0.580973 0.293616 0.489712 0.364414 0.381035 0.808223 0.740180 0.481438 0.478471 0.589413 0.901197 0.251306 0.234976 0.308884 0.400516 0.477233 0.759129 0.912799 0.855629 0.734147 0.997204 0.512111 0.630328 0.422480 0.817689 0.376871 0.523190 0.400199 0.670978 0.742449 0.867836 0.860337 0.883464 0.964554 0.968788 0.589736 0.542877 0.923769 0.729096 0.932752 0.727456 0.994723 0.727272 0.330864 0.547151 0.586265 0.380753 0.490956 0.453063 0.390651 0.431233 0.752478 0.725782 0.219502 0.233737 0.347863 0.450700 0.412472 0.483542 0.647143 0.893466 0.835343 0.929296 0.895384 0.874839 0.685734 0.962128 0.662903 0.844413 0.584500 0.465337 0.566858 0.437071 0.204112 0.212512 0.472404 0.566447 0.322217 0.269692 0.961344 0.919403 0.762887 0.874602 0.643944 0.877009 0.555956 0.946528 0.928757 0.984076 0.600744 0.768923 0.824560 0.790202 0.545563 0.480435 0.870574 0.852311 0.888430 0.722849 0.964850 0.900914 0.926932 0.902522 0.774288 0.879764
0.708249 0.690387 0.647083 0.637524 0.000000 0.955248 0.641432 0.682519 0.832030 0.918421 0.897999 0.788397 0.548952 0.744901 0.626744 0.591041 0.845136 0.868237 0.706591 0.750442 0.812011 0.882877 0.550490 0.618675 0.615658 0.674519 0.792264 0.844610 0.958579 0.967994 0.729321 0.992274 0.745814 0.743733 0.754058 0.861276 0.701385 0.833107 0.845906 0.743696 0.903934 0.907999 0.837654 0.865851 0.969217 0.972637 0.847287 0.703905 0.967496 0.928402 0.931598 0.879097 0.963527 0.840129 0.754370 0.808434 0.747335 0.722244 0.768641 0.741044 0.680475 0.678034 0.847549 0.802767 0.637169 0.630073 0.696865 0.727267 0.699476 0.653677 0.764827 0.794463 0.809266 0.944998 0.933774 0.920291 0.897169 0.965383 0.865083 0.843086 0.773037 0.821029 0.671352 0.809014 0.634643 0.644913 0.836201 0.789281 0.768109 0.707199 0.978144 0.976681 0.792978 0.984412 0.754966 0.904402 0.823754 0.924602 0.959771 0.936142 0.854200 0.900722 0.967128 0.988540 0.825134 0.684941 0.909065 0.896695 0.912203 0.902661 0.992165 0.986665 0.985757 0.919638 0.777064 0.886686
0.730591 0.733027 0.809239 0.803710 0.955248 0.000000 0.752194 0.804203 0.940543 0.949898 0.797325 0.756278 0.789777 0.773979 0.785193 0.767585 0.756811 0.671585 0.719159 0.791527 0.744160 0.876791 0.874161 0.833849 0.928728 0.911611 0.904786 0.766666 0.827026 0.851045 0.804103 0.913228 0.841943 0.809510 0.929911 0.703699 0.922723 0.889149 0.901723 0.719931 0.765749 0.892415 0.800766 0.811615 0.883462 0.907260 0.848596 0.971231 0.959028 0.910718 0.881966 0.904072 0.905524 0.692454 0.849299 0.822581 0.685751 0.732200 0.886813 0.904793 0.841962 0.876342 0.929905 0.972497 0.809611 0.714777 0.727377 0.782820 0.819336 0.886398 0.869556 0.987564 0.930783 0.978214 0.704300 0.978741 0.935359 0.995747 0.919645 0.764888 0.727931 0.650391 0.911395 0.801337 0.801445 0.777371 0.723944 0.867169 0.918824 0.816482 0.698225 0.789569 0.648550 0.711223 0.831454 0.930975 0.673942 0.643687 0.750270 0.718720 0.968690 0.971906 0.937492 0.969670 0.893005 0.802757 0.912503 0.979851 0.939615 0.814825 0.880154 0.854476 0.934793 0.979148 0.978782 0.671879
0.325498 0.292032 0.353926 0.379000 0.641432 0.752194 0.000000 0.268534 0.566723 0.978962 0.622316 0.468118 0.297145 0.373125 0.367925 0.453197 0.485712 0.482227 0.296282 0.337471 0.720742 0.954163 0.468019 0.524891 0.634718 0.612215 0.805112 0.916040 0.726771 0.812751 0.646224 0.780149 0.302852 0.337789 0.492239 0.842353 0.427817 0.525046 0.646764 0.776444 0.779233 0.847466 0.487504 0.470985 0.593448 0.574765 0.409545 0.385113 0.734011 0.559734 0.663554 0.548469 0.715784 0.993230 0.410375 0.434516 0.365237 0.295323 0.376021 0.452707 0.268601 0.369066 0.458938 0.458207 0.437863 0.328357 0.237088 0.271587 0.461286 0.514285 0.414077 0.661478 0.648332 0.623419 0.833327 0.734309 0.488893 0.745031 0.487916 0.653025 0.388940 0.399236 0.532064 0.493687 0.365715 0.415695 0.662270 0.683936 0.527827 0.559221 0.844891 0.883506 0.716150 0.789769 0.584910 0.843650 0.396943 0.870259 0.688935 0.658632 0.857217 0.860514 0.856652 0.835666 0.394502 0.443223 0.781600 0.761587 0.721997 0.635167 0.767867 0.625550 0.757149 0.808636 0.609460 0.961902
0.418691 0.308739 0.554385 0.440404 0.682519 0.804203 0.268534 0.000000 0.630394 0.862220 0.716460 0.394206 0.466981 0.365367 0.503663 0.499858 0.547583 0.527156 0.380478 0.415466 0.797632 0.980125 0.563315 0.600681 0.776928 0.779055 0.896782 0.993755 0.627034 0.719093 0.715955 0.688139 0.413525 0.364930 0.619195 0.773240 0.561530 0.618853 0.742868 0.764251 0.959159 0.765778 0.434727 0.453358 0.568559 0.517094 0.339237 0.371250 0.655947 0.512838 0.553436 0.474094 0.623461 0.924161 0.483886 0.524582 0.391301 0.328112 0.374294 0.450954 0.336010 0.326775 0.415887 0.354538 0.647652 0.464692 0.363513 0.350732 0.599412 0.556442 0.512972 0.731729 0.761342 0.774442 0.790181 0.694505 0.504633 0.727482 0.528041 0.685728 0.410300 0.528889 0.545515 0.584382 0.537601 0.528622 0.761270 0.711012 0.640039 0.596305 0.814996 0.925493 0.776412 0.935650 0.685045 0.788545 0.439404 0.881792 0.561848 0.535387 0.980533 0.909784 0.691141 0.751748 0.458023 0.448341 0.804903 0.636406 0.811445 0.675186 0.730814 0.561155 0.711912 0.767885 0.627162 0.952341
0.731691 0.695345 0.653639 0.743511 0.832030 0.940543 0.566723 0.630394 0.000000 0.850440 0.966895 0.861471 0.674281 0.842753 0.797895 0.905111 0.758157 0.899658 0.762533 0.752147 0.918033 0.977543 0.777624 0.786733 0.784835 0.709042 0.923346 0.963684 0.885878 0.980939 0.650308 0.996692 0.592311 0.735780 0.689147 0.902601 0.715307 0.701784 0.831701 0.872173 0.994510 0.794958 0.739007 0.741729 0.675232 0.698417 0.713355 0.647115 0.785708 0.626631 0.651426 0.642555 0.687513 0.821637 0.631244 0.624174 0.773448 0.735137 0.693149 0.803098 0.589727 0.623841 0.725979 0.740331 0.738409 0.721871 0.642345 0.571857 0.688970 0.746694 0.703175 0.811458 0.728045 0.724701 0.819349 0.886444 0.657043 0.862957 0.790413 0.927754 0.833382 0.902347 0.770900 0.806687 0.717790 0.753317 0.905345 0.773042 0.705451 0.755322 0.947367 0.948250 0.981582 0.997278 0.784734 0.906476 0.850761 0.895405 0.826197 0.846358 0.918900 0.958518 0.942676 0.809227 0.708300 0.719630 0.819619 0.882085 0.996944 0.972000 0.791960 0.715718 0.891235 0.912044 0.738896 0.916882
0.765062 0.873671 0.592309 0.596445 0.918421 0.949898 0.978962 0.862220 0.850440 0.000000 0.858063 0.933199 0.669775 0.895115 0.769597 0.742165 0.864992 0.915307 0.883228 0.908492 0.768195 0.950515 0.602661 0.490713 0.442073 0.549906 0.500384 0.737804 0.583494 0.619866 0.968411 0.710325 0.954526 0.865126 0.664155 0.962024 0.627413 0.955697 0.516835 0.829963 0.762311 0.847092 0.563271 0.595397 0.446174 0.466283 0.903503 0.865810 0.475817 0.739172 0.546649 0.746720 0.585673 0.500347 0.689963 0.952767 0.999174 0.851997 0.990888 0.894971 0.931781 0.966145 0.790360 0.724118 0.477527 0.606758 0.875992 0.968259 0.637828 0.821452 0.947359 0.780249 0.788073 0.724324 0.935777 0.841837 0.825161 0.625436 0.994316 0.905926 0.970836 0.690749 0.799204 0.637152 0.499054 0.501767 0.733931 0.716048 0.578723 0.510660 0.618087 0.748039 0.947030 0.958201 0.921181 0.810392 0.960386 0.808491 0.435971 0.506527 0.444152 0.672056 0.437687 0.469412 0.868925 0.962837 0.874027 0.743874 0.869920 0.982704 0.654896 0.703206 0.592523 0.720398 0.809556 0.994939
0.517990 0.556656 0.869735 0.964395 0.897999 0.797325 0.622316 0.716460 0.966895 0.858063 0.000000 0.493487 0.776838 0.649997 0.914442 0.928214 0.550524 0.445140 0.548183 0.540963 0.804813 0.714851 0.910199 0.924829 0.890351 0.916740 0.746729 0.852781 0.584096 0.510312 0.959806 0.771873 0.618076 0.443271 0.844314 0.832026 0.832720 0.849327 0.956577 0.951485 0.822232 0.939065 0.679395 0.655368 0.601019 0.686467 0.704048 0.766853 0.686899 0.798424 0.850052 0.872813 0.986443 0.895772 0.834592 0.833730 0.508262 0.596122 0.646494 0.738200 0.643233 0.831124 0.547057 0.622216 0.971174 0.787869 0.619138 0.583141 0.640272 0.724354 0.813700 0.823514 0.732416 0.596203 0.768623 0.890935 0.815810 0.816266 0.771460 0.649930 0.483369 0.569646 0.867669 0.807651 0.896655 0.897658 0.912489 0.934933 0.905926 0.997981 0.937821 0.922926 0.794092 0.878881 0.676337 0.918018 0.731507 0.893404 0.676740 0.803440 0.995190 0.822810 0.697872 0.693273 0.779689 0.799493 0.899721 0.991687 0.767132 0.772427 0.879386 0.840910 0.823282 0.844318 0.891302 0.994904
0.397634 0.335641 0.669645 0.580973 0.788397 0.756278 0.468118 0.394206 0.861471 0.933199 0.493487 0.000000 0.525910 0.358507 0.573632 0.529845 0.522929 0.373606 0.378735 0.367450 0.665621 0.812390 0.663103 0.669727 0.825797 0.944409 0.926197 0.984001 0.536220 0.540898 0.862181 0.691308 0.467632 0.359390 0.687392 0.703954 0.601047 0.629603 0.901423 0.738161 0.922809 0.893322 0.551693 0.605028 0.671372 0.685347 0.508787 0.583540 0.754124 0.697429 0.758297 0.742824 0.960824 0.821866 0.669590 0.679636 0.352840 0.377056 0.481615 0.555850 0.392477 0.413413 0.421032 0.345821 0.727236 0.524393 0.511011 0.454237 0.567956 0.545270 0.667421 0.798265 0.647543 0.664428 0.793179 0.798199 0.679204 0.690204 0.571447 0.555368 0.369854 0.471045 0.698599 0.651478 0.627301 0.571876 0.779639 0.837477 0.712597 0.682462 0.999056 0.930403 0.847305 0.930270 0.737791 0.826657 0.565394 0.878561 0.695998 0.716382 0.915903 0.994867 0.652223 0.726568 0.558460 0.518309 0.971471 0.788595 0.888736 0.637747 0.786790 0.726473 0.736148 0.770242 0.704466 0.996197
0.297897 0.318564 0.286597 0.293616 0.548952 0.789777 0.297145 0.466981 0.674281 0.669775 0.776838 0.525910 0.000000 0.423492 0.302285 0.330609 0.575175 0.613755 0.333733 0.395699 0.599599 0.995657 0.274079 0.338663 0.417862 0.512862 0.618087 0.759535 0.900132 0.966020 0.645655 0.960475 0.405240 0.483373 0.489317 0.862933 0.302409 0.589761 0.539615 0.684164 0.638342 0.985959 0.748437 0.715361 0.936489 0.880810 0.539260 0.492786 0.988310 0.692762 0.866596 0.660863 0.928407 0.839332 0.415127 0.520992 0.471406 0.326741 0.413645 0.404597 0.293531 0.413551 0.550435 0.563064 0.286521 0.258932 0.336202 0.471646 0.341962 0.421181 0.509534 0.804253 0.653577 0.732902 0.835667 0.736576 0.605691 0.890640 0.622882 0.650559 0.468080 0.381499 0.530310 0.452808 0.239515 0.284931 0.496780 0.589631 0.398946 0.419949 0.899141 0.993160 0.887043 0.876266 0.593000 0.986299 0.510803 0.992454 0.997125 0.934551 0.615030 0.885931 0.953127 0.981080 0.565133 0.451474 0.858167 0.941832 0.907898 0.722300 0.982224 0.819161 0.936267 0.961032 0.708963 0.935149
0.406712 0.367500 0.595853 0.489712 0.744901 0.773979 0.373125 0.365367 0.842753 0.895115 0.649997 0.358507 0.423492 0.000000 0.460109 0.432176 0.473236 0.380413 0.266282 0.324340 0.767702 0.840172 0.509296 0.474997 0.759712 0.822416 0.728647 0.990501 0.580546 0.572111 0.777846 0.634843 0.439776 0.396322 0.564592 0.730445 0.596385 0.550097 0.758024 0.741029 0.926179 0.839491 0.625262 0.621094 0.779502 0.753644 0.552183 0.588189 0.914588 0.843262 0.898796 0.825847 0.983720 0.798233 0.643752 0.623224 0.335374 0.390157 0.571729 0.652113 0.472545 0.517302 0.517064 0.461582 0.623878 0.471456 0.458305 0.524932 0.621621 0.706715 0.530453 0.702601 0.765785 0.826617 0.830308 0.756158 0.674219 0.680650 0.502354 0.560950 0.327413 0.359720 0.540914 0.520034 0.506865 0.484185 0.702055 0.653764 0.673505 0.661187 0.993728 0.972007 0.855850 0.889456 0.802209 0.865945 0.518238 0.913540 0.788271 0.699191 0.783871 0.876215 0.799242 0.796880 0.555723 0.569451 0.969533 0.946607 0.885429 0.642467 0.856063 0.681109 0.812326 0.861956 0.835310 0.978941
0.525536 0.514250 0.405124 0.364414 0.626744 0.785193 0.367925 0.503663 0.797895 0.769597 0.914442 0.573632 0.302285 0.460109 0.000000 0.248970 0.695517 0.647220 0.458032 0.494978 0.670196 0.851871 0.305864 0.352293 0.534684 0.642220 0.648178 0.824863 0.865505 0.933218 0.652388 0.815242 0.507481 0.593352 0.631422 0.856849 0.482892 0.551502 0.664212 0.883578 0.730135 0.889782 0.738237 0.742197 0.905309 0.895818 0.621960 0.585691 0.968361 0.834581 0.976408 0.813349 0.885252 0.842300 0.559201 0.664683 0.545567 0.466760 0.635334 0.625659 0.439746 0.458923 0.657029 0.604344 0.405008 0.380207 0.514564 0.570108 0.599785 0.654938 0.513591 0.786968 0.800659 0.814604 0.999454 0.716647 0.702308 0.822377 0.631686 0.639910 0.525171 0.462741 0.637284 0.500015 0.378935 0.406311 0.548724 0.552708 0.565249 0.517977 0.979561 0.903590 0.834529 0.851686 0.717433 0.992907 0.509233 0.964845 0.900934 0.792730 0.838974 0.995865 0.991285 0.973490 0.594305 0.591965 0.909353 0.892889 0.839668 0.838570 0.997446 0.794147 0.868830 0.986855 0.818899 0.858983
0.550030 0.514049 0.439694 0.381035 0.591041 0.767585 0.453197 0.499858 0.905111 0.742165 0.928214 0.529845 0.330609 0.432176 0.248970 0.000000 0.733295 0.685205 0.494762 0.530297 0.658372 0.887088 0.300494 0.334850 0.501427 0.648008 0.626153 0.835494 0.883877 0.942481 0.658476 0.798626 0.543005 0.604833 0.615703 0.871572 0.483267 0.631629 0.630623 0.733144 0.712653 0.980347 0.783656 0.777570 0.963623 0.985038 0.599036 0.640497 0.864164 0.961533 0.941816 0.909810 0.997816 0.730627 0.595186 0.701102 0.548094 0.481085 0.647931 0.611534 0.446036 0.430393 0.694827 0.604987 0.439141 0.378397 0.574046 0.651804 0.606952 0.618517 0.612633 0.818983 0.805294 0.847589 0.989862 0.627663 0.788461 0.839979 0.656429 0.711778 0.550001 0.482471 0.601330 0.500568 0.391822 0.373107 0.585693 0.587876 0.530858 0.487716 0.959139 0.982730 0.841969 0.965994 0.816995 0.968647 0.589103 0.966275 0.969981 0.849063 0.803843 0.905321 0.977372 0.930289 0.635914 0.540858 0.898951 0.927952 0.839435 0.879165 0.972215 0.745563 0.843462 0.970281 0.786249 0.894569
0.500841 0.423700 0.787696 0.808223 0.845136 0.756811 0.485712 0.547583 0.758157 0.864992 0.550524 0.522929 0.575175 0.473236 0.695517 0.733295 0.000000 0.310151 0.366845 0.391070 0.836856 0.775570 0.789690 0.837614 0.976618 0.983722 0.978858 0.847468 0.381473 0.432955 0.674647 0.531429 0.372817 0.367794 0.820274 0.849718 0.674051 0.734753 0.977238 0.753432 0.750281 0.782408 0.369193 0.314332 0.514241 0.518907 0.508525 0.555326 0.643098 0.687115 0.688696 0.709075 0.828326 0.953304 0.771997 0.700873 0.279685 0.393813 0.575503 0.646960 0.562485 0.696244 0.359673 0.380180 0.875479 0.710335 0.547493 0.521235 0.606523 0.682110 0.481515 0.620336 0.677857 0.680758 0.859255 0.642460 0.528363 0.465742 0.475790 0.457092 0.275815 0.413746 0.594731 0.666607 0.746764 0.753561 0.974046 0.753580 0.844168 0.865676 0.886705 0.815315 0.876946 0.918065 0.711949 0.965719 0.610768 0.860992 0.604024 0.643649 0.987742 0.722655 0.575668 0.505031 0.693186 0.715547 0.893020 0.944763 0.898521 0.678152 0.776779 0.678541 0.714905 0.781141 0.705515 0.975141
0.452060 0.386827 0.797685 0.740180 0.868237 0.671585 0.482227 0.527156 0.899658 0.915307 0.445140 0.373606 0.613755 0.380413 0.647220 0.685205 0.310151 0.000000 0.346308 0.263659 0.741111 0.734010 0.797596 0.768001 0.957273 0.999904 0.952726 0.993309 0.394776 0.373719 0.828527 0.522200 0.397712 0.324749 0.763013 0.703265 0.698460 0.566502 0.954851 0.839707 0.754278 0.720218 0.433566 0.428043 0.532419 0.601812 0.563720 0.624023 0.715409 0.824201 0.874131 0.919529 0.919311 0.774901 0.782027 0.748301 0.204246 0.343776 0.621272 0.759682 0.605924 0.740577 0.451273 0.428462 0.839727 0.662279 0.507919 0.493555 0.581847 0.670620 0.539723 0.583667 0.751442 0.665033 0.873618 0.778737 0.669140 0.518355 0.451972 0.385952 0.234183 0.314213 0.625266 0.650940 0.707801 0.688103 0.865655 0.782205 0.814287 0.828615 0.810965 0.832814 0.687681 0.789936 0.756950 0.849564 0.532149 0.843132 0.604150 0.614974 0.990463 0.800829 0.557074 0.574039 0.580861 0.654337 0.954534 0.988480 0.909729 0.614806 0.751796 0.682053 0.822072 0.771845 0.843614 0.988065
0.321056 0.283788 0.536485 0.481438 0.706591 0.719159 0.296282 0.380478 0.762533 0.883228 0.548183 0.378735 0.333733 0.266282 0.458032 0.494762 0.366845 0.346308 0.000000 0.289736 0.732980 0.868219 0.533902 0.558843 0.766004 0.820052 0.775805 0.951051 0.555472 0.604562 0.781743 0.692627 0.374437 0.332353 0.574630 0.797098 0.546375 0.626136 0.751896 0.676597 0.757501 0.880957 0.546740 0.538052 0.699966 0.693459 0.494623 0.480054 0.823646 0.730615 0.800047 0.686844 0.943970 0.886806 0.560485 0.587574 0.287192 0.311714 0.455242 0.517460 0.399289 0.548181 0.410301 0.455003 0.580354 0.432122 0.324547 0.419786 0.500601 0.617511 0.406244 0.669163 0.709608 0.748009 0.875426 0.730887 0.557905 0.685744 0.486843 0.523339 0.292936 0.334456 0.612719 0.546882 0.476949 0.497884 0.743516 0.689000 0.646105 0.695480 0.925463 0.837847 0.780513 0.824956 0.651350 0.876972 0.416289 0.900925 0.731020 0.646685 0.773882 0.849544 0.800297 0.731441 0.516299 0.473838 0.923224 0.891696 0.854530 0.551830 0.842773 0.651987 0.791614 0.850076 0.667969 0.926304
0.342392 0.279932 0.524252 0.478471 0.750442 0.791527 0.337471 0.415466 0.752147 0.908492 0.540963 0.367450 0.395699 0.324340 0.494978 0.530297 0.391070 0.263659 0.289736 0.000000 0.651122 0.763682 0.544721 0.550951 0.685836 0.732898 0.765588 0.945942 0.589762 0.576122 0.660862 0.657257 0.308818 0.348145 0.575672 0.751846 0.485242 0.457280 0.738371 0.754673 0.764639 0.716005 0.527174 0.527446 0.698427 0.756426 0.524872 0.584373 0.877373 0.752002 0.860925 0.803209 0.972455 0.786320 0.595594 0.668015 0.226795 0.259387 0.507898 0.606954 0.428419 0.546832 0.482551 0.443252 0.559844 0.417770 0.362461 0.407880 0.395179 0.514065 0.415885 0.543284 0.682943 0.659296 0.832491 0.733224 0.518153 0.616313 0.479400 0.488873 0.276564 0.285791 0.560732 0.547096 0.449564 0.456499 0.743063 0.728122 0.605517 0.604653 0.929523 0.903059 0.724583 0.781635 0.694501 0.886273 0.474877 0.956148 0.783779 0.738369 0.806299 0.863034 0.716475 0.769310 0.470368 0.546559 0.937010 0.885662 0.838867 0.657077 0.821758 0.744522 0.921929 0.807963 0.761547 0.971494
0.537901 0.557759 0.546582 0.589413 0.812011 0.744160 0.720742 0.797632 0.918033 0.768195 0.804813 0.665621 0.599599 0.767702 0.670196 0.658372 0.836856 0.741111 0.732980 0.651122 0.000000 0.887650 0.703583 0.629243 0.602261 0.647911 0.797150 0.619053 0.993958 0.980098 0.845210 0.989647 0.669818 0.681099 0.560465 0.740771 0.591499 0.609925 0.583095 0.770188 0.763334 0.999473 0.978258 0.907603 0.964895 0.960514 0.753231 0.910646 0.992631 0.890798 0.984571 0.976646 0.795207 0.614149 0.575470 0.856685 0.646374 0.584316 0.647920 0.682842 0.549384 0.602172 0.837968 0.802951 0.540079 0.501230 0.628039 0.739753 0.519919 0.592089 0.915711 0.990932 0.844667 0.940794 0.964139 0.989942 0.852425 0.959180 0.952848 0.796000 0.685289 0.576247 0.630893 0.675500 0.537396 0.487921 0.707152 0.743933 0.606836 0.583563 0.779455 0.639650 0.982804 0.889336 0.779881 0.924797 0.789118 0.924991 0.888490 0.860407 0.731071 0.771896 0.942585 0.843087 0.904114 0.813884 0.988879 0.881651 0.990895 0.974575 0.939700 0.930312 0.899501 0.943094 0.859621 0.975988
0.888191 0.855953 0.827676 0.901197 0.882877 0.876791 0.954163 0.980125 0.977543 0.950515 0.714851 0.812390 0.995657 0.840172 0.851871 0.887088 0.775570 0.734010 0.868219 0.763682 0.887650 0.000000 0.907800 0.933127 0.915648 0.842582 0.852233 0.968417 0.727506 0.670705 0.910433 0.796072 0.880277 0.842553 0.879220 0.860445 0.929631 0.991908 0.873562 0.835005 0.928724 0.890842 0.822939 0.846901 0.911320 0.935193 0.903935 0.909563 0.936094 0.977597 0.997009 0.971674 0.821825 0.894315 0.852265 0.944625 0.772707 0.878959 0.956612 0.950119 0.974555 0.900038 0.863555 0.841721 0.859985 0.913211 0.998225 0.984122 0.875126 0.842438 0.983686 0.965062 0.999221 0.946612 0.913064 0.982366 0.921500 0.753732 0.926334 0.963291 0.786489 0.924280 0.978462 0.991033 0.926626 0.942842 0.984181 0.904915 0.893312 0.979436 0.965245 0.967825 0.979398 0.993156 0.952224 0.903535 0.944933 0.893627 0.950872 0.973531 0.939815 0.978886 0.817952 0.836884 0.980737 0.955956 0.994852 0.919601 0.951391 0.985194 0.975495 0.989522 0.941153 0.881834 0.865027 0.845891
0.562254 0.499593 0.324817 0.251306 0.550490 0.874161 0.468019 0.563315 0.777624 0.602661 0.910199 0.663103 0.274079 0.509296 0.305864 0.300494 0.789690 0.797596 0.533902 0.544721 0.703583 0.907800 0.000000 0.202050 0.347333 0.475960 0.421526 0.786404 0.964916 0.907632 0.615227 0.957441 0.588277 0.747701 0.570623 0.909512 0.406513 0.595884 0.545951 0.743903 0.744326 0.967445 0.876190 0.902992 0.853302 0.907958 0.693601 0.649867 0.791534 0.866430 0.952213 0.835257 0.969193 0.773574 0.543800 0.680415 0.636783 0.504638 0.679594 0.611027 0.503461 0.488959 0.798708 0.727161 0.289503 0.323059 0.512708 0.618726 0.531715 0.595107 0.557949 0.795866 0.813255 0.951837 0.925420 0.794688 0.758836 0.959966 0.650531 0.812657 0.645580 0.554320 0.599603 0.560704 0.267173 0.284038 0.477984 0.553262 0.433521 0.370798 0.959001 0.984465 0.797803 0.876105 0.699046 0.931766 0.631321 0.996667 0.897689 0.998545 0.616858 0.829157 0.851969 0.816328 0.591406 0.552319 0.923329 0.915985 0.937084 0.781952 0.978596 0.905650 0.975443 0.896771 0.791329 0.891517
0.542068 0.508753 0.313084 0.234976 0.618675 0.833849 0.524891 0.600681 0.786733 0.490713 0.924829 0.669727 0.338663 0.474997 0.352293 0.334850 0.837614 0.768001 0.558843 0.550951 0.629243 0.933127 0.202050 0.000000 0.287312 0.412599 0.396677 0.737692 0.906955 0.872513 0.705490 0.982213 0.610679 0.746423 0.479524 0.798790 0.422446 0.535172 0.463236 0.710153 0.745338 0.900656 0.996038 0.993498 0.797438 0.831746 0.730804 0.726653 0.716843 0.990578 0.807177 0.991536 0.805413 0.576332 0.458694 0.641759 0.627735 0.497450 0.725628 0.679848 0.549710 0.558592 0.902363 0.824260 0.270954 0.309979 0.545252 0.654785 0.493412 0.613974 0.691559 0.870863 0.955769 0.977840 0.976243 0.933083 0.868666 0.984089 0.701902 0.824984 0.629131 0.472107 0.561323 0.441006 0.242491 0.229708 0.510958 0.503422 0.368314 0.304752 0.873705 0.866309 0.824363 0.943157 0.745004 0.921326 0.672943 0.984751 0.825418 0.894280 0.575155 0.771059 0.761157 0.730514 0.667783 0.640941 0.977847 0.926814 0.995217 0.847646 0.927907 0.965556 0.847016 0.806359 0.929150 0.914354
0.520573 0.583684 0.286834 0.308884 0.615658 0.928728 0.634718 0.776928 0.784835 0.442073 0.890351 0.825797 0.417862 0.759712 0.534684 0.501427 0.976618 0.957273 0.766004 0.685836 0.602261 0.915648 0.347333 0.287312 0.000000 0.234684 0.423269 0.641407 0.649227 0.613428 0.697355 0.805330 0.666517 0.844361 0.430146 0.832291 0.365100 0.594532 0.394908 0.644759 0.695010 0.982289 0.849469 0.880853 0.695162 0.754081 0.803626 0.766339 0.686521 0.969330 0.832703 0.975281 0.795796 0.568704 0.378471 0.662798 0.778297 0.588997 0.689186 0.614969 0.562166 0.604363 0.967238 0.981899 0.216672 0.322175 0.601211 0.705715 0.387973 0.447831 0.915741 0.983136 0.896237 0.992889 0.948071 0.939536 0.947349 0.772674 0.874526 0.973453 0.804147 0.578426 0.595381 0.443596 0.238751 0.234236 0.519667 0.598249 0.281478 0.250058 0.782666 0.707967 0.906109 0.973863 0.766649 0.999558 0.809445 0.949042 0.624367 0.649166 0.501012 0.665872 0.601028 0.614384 0.794315 0.726325 0.915064 0.885181 0.985110 0.960245 0.798728 0.814315 0.745987 0.739198 0.942441 0.904328
0.553900 0.649680 0.307835 0.400516 0.674519 0.911611 0.612215 0.779055 0.709042 0.549906 0.916740 0.944409 0.512862 0.822416 0.642220 0.648008 0.983722 0.999904 0.820052 0.732898 0.647911 0.842582 0.475960 0.412599 0.234684 0.000000 0.498903 0.621499 0.616819 0.573982 0.697474 0.807309 0.670618 0.877325 0.489166 0.834179 0.431154 0.628952 0.434099 0.648183 0.770307 0.962861 0.870183 0.889012 0.774039 0.818026 0.795606 0.805859 0.741663 0.914403 0.921443 0.903790 0.891057 0.718108 0.352658 0.630868 0.806371 0.657390 0.692202 0.647815 0.593344 0.658993 0.944468 0.946906 0.271245 0.363156 0.573090 0.686202 0.421385 0.502106 0.921841 0.963278 0.868452 0.992230 0.873486 0.881576 0.951914 0.697819 0.916232 0.975289 0.892109 0.670098 0.639279 0.555956 0.308904 0.297331 0.642495 0.714272 0.342439 0.337341 0.857445 0.740895 0.915712 0.980462 0.745216 0.989701 0.854732 0.967673 0.668185 0.686786 0.575720 0.750108 0.630369 0.597245 0.847606 0.789828 0.885258 0.875684 0.982482 0.938930 0.889075 0.867966 0.729884 0.830194 0.956981 0.815428
0.796320 0.787826 0.543213 0.477233 0.792264 0.904786 0.805112 0.896782 0.923346 0.500384 0.746729 0.926197 0.618087 0.728647 0.648178 0.626153 0.978858 0.952726 0.775805 0.765588 0.797150 0.852233 0.421526 0.396677 0.423269 0.498903 0.000000 0.756686 0.723629 0.728782 0.891657 0.880492 0.835818 0.969642 0.645586 0.842161 0.686957 0.665812 0.663505 0.872200 0.875163 0.968037 0.834298 0.795560 0.610770 0.625742 0.983822 0.972270 0.525687 0.800361 0.679790 0.836317 0.662585 0.609297 0.729110 0.899925 0.875094 0.814371 0.994638 0.905427 0.864121 0.841973 0.837945 0.897542 0.447189 0.525418 0.743603 0.891968 0.704614 0.793783 0.801411 0.904237 0.995302 0.848119 0.937856 0.984131 0.973568 0.791859 0.829297 0.970725 0.940246 0.741052 0.802105 0.781198 0.487690 0.463277 0.705747 0.758170 0.601199 0.530995 0.976669 0.959058 0.851389 0.870675 0.974208 0.971742 0.965048 0.930903 0.730473 0.792729 0.634953 0.804772 0.688387 0.677923 0.840258 0.910108 0.981927 0.873897 0.957134 0.890584 0.908301 0.866530 0.730178 0.769033 0.955715 0.773300
0.776325 0.803364 0.706247 0.759129 0.844610 0.766666 0.916040 0.993755 0.963684 0.737804 0.852781 0.984001 0.759535 0.990501 0.824863 0.835494 0.847468 0.993309 0.951051 0.945942 0.619053 0.968417 0.786404 0.737692 0.641407 0.621499 0.756686 0.000000 0.948162 0.822930 0.778927 0.913237 0.857010 0.981046 0.858954 0.768569 0.728364 0.968145 0.757464 0.766909 0.836603 0.939817 0.958682 0.940551 0.857586 0.962897 0.856998 0.877812 0.914642 0.968938 0.989292 0.957919 0.929599 0.812331 0.715388 0.875131 0.848212 0.797869 0.809926 0.740845 0.837867 0.871749 0.999314 0.998855 0.697613 0.749654 0.866664 0.996143 0.729565 0.640455 0.919143 0.835833 0.958450 0.840258 0.888503 0.990202 0.877653 0.942161 0.933655 0.992580 0.893973 0.831794 0.809104 0.870624 0.717842 0.692143 0.897483 0.950837 0.773262 0.676242 0.840103 0.791045 0.894145 0.877364 0.844001 0.832055 0.901650 0.912062 0.809909 0.768830 0.787525 0.788068 0.808144 0.786398 0.906353 0.953345 0.846826 0.913391 0.898669 0.932161 0.825017 0.869730 0.954123 0.950311 0.938857 0.829521
0.795084 0.664051 0.834325 0.912799 0.958579 0.827026 0.726771 0.627034 0.885878 0.583494 0.584096 0.536220 0.900132 0.580546 0.865505 0.883877 0.381473 0.394776 0.555472 0.589762 0.993958 0.727506 0.964916 0.906955 0.649227 0.616819 0.723629 0.948162 0.000000 0.215589 0.770939 0.383376 0.622150 0.501336 0.890011 0.908079 0.989925 0.942370 0.717618 0.966459 0.980999 0.825179 0.356213 0.369661 0.456525 0.478631 0.668899 0.671232 0.606136 0.767349 0.654227 0.793718 0.749925 0.813513 0.898993 0.942515 0.441550 0.678263 0.771576 0.910941 0.803149 0.837267 0.401392 0.378479 0.723364 0.941672 0.814096 0.739204 0.987053 0.995997 0.596411 0.653653 0.794641 0.705708 0.902683 0.742596 0.672219 0.387662 0.509614 0.461168 0.430997 0.731404 0.869556 0.973170 0.866270 0.881975 0.909242 0.992074 0.790171 0.765933 0.837371 0.763796 0.940137 0.976405 0.798908 0.944341 0.620697 0.981756 0.497542 0.480862 0.734634 0.662045 0.415246 0.355714 0.732382 0.815050 0.990381 0.858699 0.906040 0.754582 0.690632 0.599610 0.584897 0.667367 0.804253 0.954888
0.827611 0.703805 0.797100 0.855629 0.967994 0.851045 0.812751 0.719093 0.980939 0.619866 0.510312 0.540898 0.966020 0.572111 0.933218 0.942481 0.432955 0.373719 0.604562 0.576122 0.980098 0.670705 0.907632 0.872513 0.613428 0.573982 0.728782 0.822930 0.215589 0.000000 0.854066 0.410638 0.678730 0.554187 0.905855 0.868603 0.935877 0.900814 0.684018 0.988103 0.996654 0.849897 0.468527 0.473640 0.526490 0.590677 0.779104 0.815118 0.660177 0.870925 0.784108 0.946896 0.898816 0.947423 0.795947 0.944122 0.469681 0.721725 0.861944 0.978235 0.877332 0.913004 0.476395 0.446307 0.693701 0.909175 0.869336 0.794704 0.986024 0.951463 0.666178 0.669993 0.769792 0.696414 0.854904 0.715798 0.791792 0.419429 0.573207 0.480209 0.464381 0.714702 0.865908 0.985808 0.825279 0.849568 0.900493 0.982165 0.753610 0.755973 0.879576 0.811573 0.945194 0.988438 0.874547 0.973033 0.720975 0.965628 0.565650 0.575675 0.784205 0.720748 0.422759 0.393098 0.771564 0.828608 0.926763 0.961939 0.963914 0.805468 0.685144 0.707711 0.710371 0.707761 0.887533 0.943685
0.772113 0.732398 0.683328 0.734147 0.729321 0.804103 0.646224 0.715955 0.650308 0.968411 0.959806 0.862181 0.645655 0.777846 0.652388 0.658476 0.674647 0.828527 0.781743 0.660862 0.845210 0.910433 0.615227 0.705490 0.697355 0.697474 0.891657 0.778927 0.770939 0.854066 0.000000 0.642313 0.548686 0.757887 0.826788 0.988961 0.610464 0.770041 0.773279 0.838540 0.886828 0.876814 0.704456 0.654861 0.897858 0.847002 0.759216 0.753369 0.989322 0.756789 0.771039 0.775802 0.777324 0.910917 0.757132 0.843608 0.659707 0.709711 0.749209 0.754043 0.657438 0.651543 0.685124 0.603323 0.764437 0.746822 0.812527 0.753231 0.689013 0.721458 0.685185 0.785746 0.661938 0.750321 0.857539 0.791980 0.696087 0.679143 0.653886 0.776279 0.689563 0.785247 0.720188 0.776473 0.704167 0.700883 0.987248 0.867483 0.760473 0.766383 0.791472 0.822859 0.806836 0.771914 0.818536 0.936841 0.817647 0.742910 0.946376 0.994683 0.842923 0.999884 0.857714 0.865047 0.722625 0.828121 0.804965 0.925278 0.972218 0.948112 0.882213 0.915123 0.940231 0.874269 0.831060 0.964514
0.927567 0.804786 0.873957 0.997204 0.992274 0.913228 0.780149 0.688139 0.996692 0.710325 0.771873 0.691308 0.960475 0.634843 0.815242 0.798626 0.531429 0.522200 0.692627 0.657257 0.989647 0.796072 0.957441 0.982213 0.805330 0.807309 0.880492 0.913237 0.383376 0.410638 0.642313 0.000000 0.651867 0.621598 0.869614 0.903033 0.962102 0.889386 0.860301 0.905916 0.991384 0.805584 0.507213 0.464179 0.642579 0.665670 0.771198 0.842842 0.807418 0.925400 0.877110 0.972185 0.900721 0.948764 0.988237 0.991309 0.519153 0.758203 0.957352 0.949432 0.924146 0.906673 0.635264 0.570798 0.803388 0.980607 0.929170 0.836892 0.941130 0.868669 0.723262 0.674605 0.937524 0.855347 0.892763 0.801785 0.799569 0.519640 0.612000 0.664877 0.504286 0.722983 0.820436 0.792832 0.937426 0.975598 0.862597 0.908414 0.882086 0.927103 0.770474 0.856955 0.886406 0.988658 0.905357 0.881821 0.802945 0.865889 0.618471 0.545617 0.774792 0.720530 0.523111 0.542006 0.834153 0.905327 0.997222 0.968584 0.894499 0.845802 0.727574 0.657646 0.751279 0.749253 0.870835 0.985445
0.345450 0.298604 0.492743 0.512111 0.745814 0.841943 0.302852 0.413525 0.592311 0.954526 0.618076 0.467632 0.405240 0.439776 0.507481 0.543005 0.372817 0.397712 0.374437 0.308818 0.669818 0.880277 0.588277 0.610679 0.666517 0.670618 0.835818 0.857010 0.622150 0.678730 0.548686 0.651867 0.000000 0.310697 0.605755 0.854898 0.455014 0.552623 0.710222 0.750199 0.694204 0.764245 0.447070 0.419665 0.595005 0.575704 0.413646 0.467214 0.723634 0.593971 0.672717 0.651315 0.826556 0.938870 0.489631 0.549770 0.283397 0.292139 0.433400 0.547277 0.366568 0.489872 0.372017 0.412107 0.575844 0.454601 0.362631 0.355567 0.426224 0.512871 0.480530 0.706316 0.666614 0.665318 0.712362 0.686640 0.473052 0.681862 0.422429 0.569052 0.299168 0.378144 0.499834 0.503221 0.463539 0.459472 0.789243 0.661971 0.587443 0.613131 0.943894 0.976676 0.825954 0.957216 0.691214 0.974210 0.553983 0.966199 0.759260 0.762840 0.874963 0.881620 0.797531 0.703000 0.549181 0.565619 0.908145 0.923784 0.941928 0.679809 0.775746 0.653675 0.800376 0.735139 0.687336 0.989537
0.320697 0.299487 0.638356 0.630328 0.743733 0.809510 0.337789 0.364930 0.735780 0.865126 0.443271 0.359390 0.483373 0.396322 0.593352 0.604833 0.367794 0.324749 0.332353 0.348145 0.681099 0.842553 0.747701 0.746423 0.844361 0.877325 0.969642 0.981046 0.501336 0.554187 0.757887 0.621598 0.310697 0.000000 0.603137 0.773741 0.575776 0.616714 0.819546 0.753029 0.732653 0.827550 0.450668 0.400192 0.492877 0.474081 0.371840 0.442874 0.577084 0.558090 0.586720 0.612501 0.809727 0.955776 0.530905 0.502496 0.274619 0.291838 0.367160 0.479048 0.342643 0.446906 0.302125 0.295606 0.730177 0.557543 0.393768 0.394198 0.500294 0.511034 0.591462 0.769616 0.654179 0.580348 0.777446 0.776762 0.594956 0.618311 0.550080 0.544715 0.249578 0.379182 0.488906 0.520477 0.588171 0.594551 0.771874 0.760356 0.657305 0.748331 0.981507 0.943150 0.889570 0.997559 0.747533 0.855425 0.452365 0.941526 0.613074 0.685541 0.999813 0.874100 0.691465 0.622619 0.552917 0.578154 0.869391 0.888384 0.858468 0.644431 0.778526 0.607081 0.738884 0.763532 0.686958 0.997146
0.426494 0.477856 0.358919 0.422480 0.754058 0.929911 0.492239 0.619195 0.689147 0.664155 0.844314 0.687392 0.489317 0.564592 0.631422 0.615703 0.820274 0.763013 0.574630 0.575672 0.560465 0.879220 0.570623 0.479524 0.430146 0.489166 0.645586 0.858954 0.890011 0.905855 0.826788 0.869614 0.605755 0.603137 0.000000 0.867728 0.491764 0.473982 0.418736 0.705030 0.863691 0.954724 0.979671 0.938926 0.987125 0.991594 0.704761 0.689886 0.927955 0.855659 0.961864 0.861777 0.880616 0.673637 0.375885 0.540467 0.648266 0.506499 0.540303 0.591881 0.453625 0.547560 0.818946 0.800820 0.353439 0.354485 0.419220 0.508203 0.461247 0.559381 0.824286 0.934204 0.771935 0.857456 0.947071 0.996426 0.893810 0.919187 0.778561 0.855971 0.653351 0.490990 0.484299 0.474477 0.355952 0.351863 0.675198 0.609681 0.398830 0.464045 0.747154 0.686387 0.958219 0.995428 0.792449 0.971265 0.700823 0.982001 0.799469 0.813657 0.526158 0.810062 0.748000 0.836492 0.694822 0.704237 0.895271 0.906390 0.969417 0.888141 0.864372 0.953677 0.820921 0.896216 0.790495 0.898464
0.739975 0.774562 0.887876 0.817689 0.861276 0.703699 0.842353 0.773240 0.902601 0.962024 0.832026 0.703954 0.862933 0.730445 0.856849 0.871572 0.849718 0.703265 0.797098 0.751846 0.740771 0.860445 0.909512 0.798790 0.832291 0.834179 0.842161 0.768569 0.908079 0.868603 0.988961 0.903033 0.854898 0.773741 0.867728 0.000000 0.944487 0.748543 0.824845 0.852696 0.876253 0.810309 0.923145 0.891492 0.991264 0.996966 0.863344 0.955107 0.970841 0.906271 0.905699 0.914740 0.764016 0.669290 0.807333 0.965332 0.721758 0.763835 0.895166 0.892147 0.869845 0.873958 0.984591 0.925323 0.836671 0.766902 0.861103 0.857783 0.814307 0.719802 0.929575 0.974098 0.988466 0.961129 0.882339 0.997035 0.969501 0.998074 0.899368 0.760875 0.749979 0.743922 0.844964 0.891544 0.827302 0.771676 0.917610 0.937505 0.889630 0.811985 0.868198 0.921674 0.912016 0.978468 0.953699 0.919213 0.851909 0.946243 0.951766 0.952557 0.969176 0.997933 0.930950 0.970949 0.863327 0.870104 0.943651 0.907430 0.886719 0.842037 0.965998 0.996709 0.917602 0.870150 0.820598 0.882292
0.362202 0.404126 0.322935 0.376871 0.701385 0.922723 0.427817 0.561530 0.715307 0.627413 0.832720 0.601047 0.302409 0.596385 0.482892 0.483267 0.674051 0.698460 0.546375 0.485242 0.591499 0.929631 0.406513 0.422446 0.365100 0.431154 0.686957 0.728364 0.989925 0.935877 0.610464 0.962102 0.455014 0.575776 0.491764 0.944487 0.000000 0.616882 0.576362 0.712488 0.661445 0.937192 0.880402 0.812209 0.993214 0.947768 0.600285 0.553823 0.931136 0.696474 0.907351 0.738488 0.944824 0.835687 0.348172 0.582937 0.528754 0.376084 0.464317 0.493752 0.365374 0.463777 0.641736 0.624902 0.332122 0.326281 0.462014 0.557752 0.317264 0.387231 0.693578 0.853287 0.718581 0.733499 0.775934 0.890602 0.705162 0.976079 0.656405 0.727515 0.516679 0.402921 0.510906 0.418604 0.273327 0.287781 0.625177 0.554438 0.348826 0.377786 0.740974 0.790910 0.992729 0.995170 0.692128 0.916807 0.633726 0.883064 0.857211 0.870249 0.560316 0.813572 0.912479 0.881344 0.685799 0.657406 0.972013 0.984148 0.945787 0.776728 0.898081 0.986303 0.924533 0.978827 0.770342 0.905177
0.567244 0.544917 0.515571 0.523190 0.833107 0.889149 0.525046 0.618853 0.701784 0.955697 0.849327 0.629603 0.589761 0.550097 0.551502 0.631629 0.734753 0.566502 0.626136 0.457280 0.609925 0.991908 0.595884 0.535172 0.594532 0.628952 0.665812 0.968145 0.942370 0.900814 0.770041 0.889386 0.552623 0.616714 0.473982 0.748543 0.616882 0.000000 0.637048 0.762159 0.902147 0.594789 0.836478 0.812976 0.833087 0.905769 0.725953 0.772103 0.989362 0.894229 0.986381 0.941265 0.801618 0.696376 0.596915 0.769033 0.549551 0.514425 0.736228 0.809031 0.603356 0.640846 0.822000 0.707029 0.528792 0.510964 0.551026 0.561175 0.557097 0.625651 0.662340 0.636629 0.781894 0.784310 0.937404 0.956075 0.730737 0.876740 0.733279 0.718344 0.606359 0.528540 0.722804 0.661236 0.512572 0.501404 0.752852 0.718536 0.571985 0.593575 0.941662 0.928293 0.789707 0.783758 0.995705 0.931297 0.762711 0.878201 0.896664 0.920648 0.779828 0.924134 0.911700 0.925302 0.592703 0.724745 0.807551 0.985398 0.983688 0.917657 0.935789 0.939040 0.872591 0.974015 0.878939 0.911131
