0.000000 0.219616 0.855276 0.541346 0.771066 0.604482 0.640586 0.513556 0.823280 0.685575 0.307878 0.292106 0.346877 0.389982 0.555427 0.426856 0.256432 0.289833 0.369247 0.325476 0.788906 0.871520 0.763638 0.730387 0.934167 0.917951 0.960650 0.990774 0.385421 0.402470 0.934587 0.896080 0.428610 0.433484 0.862627 0.659258 0.705080 0.746664 0.779170 0.650377 0.750360 0.760348 0.628451 0.612811 0.617609 0.534338 0.338456 0.332562 0.358280 0.392160 0.611264 0.532063 0.884347 0.764955 0.432251 0.401295 0.250038 0.215090 0.262996 0.309920 0.298679 0.384165 0.247658 0.262565 0.655936 0.417430 0.783542 0.757821 0.465641 0.491716 0.759870 0.832259 0.700876 0.671418 0.717841 0.795412 0.601546 0.684476 0.415265 0.463833 0.247989 0.259803 0.505649 0.339953 0.452540 0.519338 0.905858 0.987593 0.586651 0.414415 0.982480 0.923003 0.947295 0.856067 0.738673 0.687014 0.735881 0.831194 0.505391 0.591445 0.900643 0.950327 0.696294 0.687960 0.554277 0.580586 0.939314 0.981188 0.798436 0.885220 0.905638 0.479105 0.663279 0.916526 0.749144 0.954592
0.219616 0.000000 0.764701 0.475087 0.829790 0.590229 0.570535 0.487170 0.721448 0.671644 0.291724 0.299918 0.367140 0.369078 0.553641 0.353233 0.249322 0.258034 0.355634 0.279467 0.710588 0.987603 0.710644 0.652449 0.901140 0.992918 0.947427 0.930859 0.305136 0.343087 0.774335 0.711803 0.338422 0.361268 0.945887 0.668157 0.623107 0.711330 0.743853 0.637174 0.794611 0.663770 0.490488 0.470062 0.538500 0.462769 0.339725 0.329000 0.315363 0.345824 0.463518 0.432423 0.749569 0.871917 0.483419 0.416232 0.215910 0.182489 0.305080 0.347458 0.280664 0.399502 0.258410 0.267320 0.607398 0.435784 0.726869 0.649013 0.489616 0.468935 0.644867 0.704872 0.615373 0.565190 0.721314 0.813952 0.552905 0.594022 0.382290 0.398463 0.281639 0.313851 0.459484 0.374479 0.493800 0.508710 0.994026 0.967875 0.627811 0.453138 0.948757 0.998275 0.904729 0.878187 0.707127 0.683023 0.792229 0.837111 0.496186 0.545268 0.905693 0.998067 0.669620 0.675526 0.564749 0.536550 0.941352 0.960236 0.780250 0.944158 0.909971 0.474297 0.653285 0.856447 0.743875 0.984814
0.855276 0.764701 0.000000 0.382718 0.775015 0.936626 0.583954 0.752376 0.779241 0.896255 0.898049 0.915401 0.686732 0.778282 0.675778 0.670679 0.962115 0.868809 0.637794 0.700603 0.677041 0.856783 0.511666 0.629675 0.506223 0.467401 0.918879 0.910696 0.775451 0.860542 0.638696 0.660779 0.633416 0.722410 0.787205 0.894493 0.630751 0.754197 0.561898 0.860961 0.898939 0.789691 0.746390 0.758750 0.832578 0.795034 0.720733 0.802045 0.876337 0.748003 0.728623 0.754605 0.798249 0.918680 0.857372 0.977088 0.868681 0.778929 0.908665 0.736917 0.665462 0.878510 0.921579 0.936269 0.435594 0.584920 0.701291 0.712919 0.760742 0.601654 0.810590 0.728193 0.801743 0.711928 0.942395 0.856751 0.718628 0.753083 0.694010 0.856254 0.995131 0.923467 0.907699 0.966175 0.796721 0.842095 0.894024 0.960959 0.896909 0.790909 0.707275 0.651138 0.695831 0.709223 0.983898 0.885938 0.846613 0.780659 0.861904 0.748764 0.916581 0.804076 0.986981 0.943726 0.714090 0.825571 0.898404 0.786346 0.954351 0.962280 0.917121 0.809863 0.786347 0.963170 0.830850 0.790938
0.541346 0.475087 0.382718 0.000000 0.803141 0.685103 0.534214 0.446221 0.667946 0.716375 0.550718 0.497318 0.463286 0.422480 0.588519 0.451370 0.656139 0.574622 0.494051 0.448349 0.641308 0.952595 0.572480 0.555240 0.697798 0.605208 0.938596 0.894518 0.539997 0.593249 0.710786 0.725828 0.492598 0.537001 0.813433 0.740415 0.601010 0.649110 0.597821 0.744982 0.817369 0.862545 0.679612 0.674535 0.744956 0.684519 0.549428 0.642106 0.633679 0.545289 0.618117 0.603336 0.769932 0.998182 0.686955 0.756095 0.630708 0.499137 0.679223 0.527140 0.450800 0.501367 0.600090 0.578609 0.430644 0.284559 0.700551 0.692488 0.564052 0.346859 0.691735 0.695883 0.827009 0.685132 0.832227 0.721098 0.669533 0.733174 0.454766 0.657556 0.729765 0.619439 0.787950 0.750775 0.648988 0.668032 0.889577 0.978760 0.729978 0.599124 0.712214 0.740941 0.647453 0.755143 0.686623 0.746535 0.784132 0.795812 0.693986 0.693098 0.817039 0.847241 0.858608 0.892853 0.602014 0.666205 0.952748 0.956314 0.941882 0.974210 0.972520 0.701233 0.798302 0.958646 0.714431 0.758090
0.771066 0.829790 0.775015 0.803141 0.000000 0.840117 0.802364 0.790282 0.973892 0.909036 0.943914 0.811240 0.609623 0.792177 0.610439 0.639820 0.906325 0.894452 0.853852 0.927269 0.919298 0.964213 0.599228 0.607659 0.755330 0.993186 0.722906 0.919002 0.908761 0.855510 0.955781 0.983983 0.750194 0.925771 0.986834 0.915868 0.956684 0.937564 0.999554 0.842093 0.818747 0.913252 0.836244 0.866842 0.834562 0.784130 0.709397 0.757426 0.664428 0.738285 0.777825 0.734467 0.782075 0.941303 0.733367 0.800759 0.888417 0.783278 0.794474 0.700268 0.673432 0.750224 0.795458 0.771167 0.657604 0.701391 0.969652 0.963543 0.856584 0.752992 0.835000 0.825760 0.837412 0.990095 0.821708 0.924574 0.938290 0.839209 0.966024 0.744604 0.817028 0.815399 0.838779 0.783605 0.630952 0.704797 0.641487 0.932223 0.657589 0.702558 0.964073 0.889913 0.954554 0.926947 0.988769 0.961107 0.836400 0.836947 0.883871 0.806836 0.907442 0.877188 0.974081 0.985999 0.855487 0.898309 0.785729 0.937672 0.947496 0.973100 0.834176 0.850647 0.683800 0.930541 0.948901 0.954955
0.604482 0.590229 0.936626 0.685103 0.840117 0.000000 0.593677 0.539839 0.712802 0.626704 0.652123 0.573387 0.770968 0.652947 0.874522 0.565691 0.598183 0.583815 0.619909 0.615763 0.825912 0.894890 0.832583 0.813484 0.851379 0.883117 0.808391 0.988375 0.637162 0.586579 0.771249 0.733146 0.590541 0.593025 0.987536 0.669658 0.847749 0.965916 0.911973 0.815957 0.709779 0.985873 0.639904 0.671450 0.680371 0.657202 0.746383 0.684757 0.638410 0.661917 0.687179 0.643331 0.664502 0.852635 0.819555 0.784479 0.658647 0.714816 0.725336 0.715463 0.644918 0.644343 0.642889 0.542262 0.976413 0.689197 0.804221 0.705842 0.920828 0.868707 0.687546 0.793675 0.685823 0.820151 0.958926 0.868350 0.809374 0.651378 0.747532 0.707041 0.718263 0.713698 0.870341 0.836821 0.905665 0.952480 0.889661 0.874210 0.980735 0.811171 0.722105 0.889766 0.819402 0.888374 0.747837 0.814127 0.978812 0.729534 0.561865 0.704375 0.717417 0.871559 0.785821 0.762462 0.755249 0.938621 0.951485 0.901684 0.862063 0.946763 0.746156 0.693650 0.810896 0.829552 0.882292 0.904768
0.640586 0.570535 0.583954 0.534214 0.802364 0.593677 0.000000 0.329350 0.380860 0.408186 0.555383 0.605164 0.775265 0.749029 0.816663 0.517215 0.526211 0.460702 0.365154 0.480594 0.738031 0.933339 0.615723 0.820569 0.916491 0.947323 0.675054 0.856216 0.405741 0.359050 0.379323 0.477422 0.323653 0.285097 0.768159 0.922630 0.835476 0.811344 0.827757 0.981511 0.800893 0.821990 0.308204 0.386032 0.300201 0.386812 0.652163 0.579195 0.549413 0.632367 0.527758 0.557628 0.497005 0.632538 0.806487 0.845070 0.555629 0.681397 0.664210 0.810263 0.391179 0.630141 0.496344 0.497141 0.820589 0.700751 0.285053 0.326296 0.907168 0.758923 0.478919 0.433143 0.443633 0.394983 0.914079 0.770609 0.514688 0.473179 0.606560 0.669819 0.737654 0.820790 0.810868 0.954969 0.927516 0.966389 0.932360 0.882971 0.940207 0.860523 0.487950 0.619976 0.648534 0.791375 0.665231 0.625186 0.611423 0.566408 0.323633 0.293267 0.569165 0.589411 0.537070 0.684812 0.469493 0.728169 0.720903 0.801447 0.701179 0.895980 0.696530 0.449029 0.391871 0.795696 0.711216 0.867705
0.513556 0.487170 0.752376 0.446221 0.790282 0.539839 0.329350 0.000000 0.430329 0.281665 0.414131 0.314357 0.622104 0.477084 0.862633 0.546971 0.501602 0.453556 0.481139 0.432741 0.880255 0.926916 0.824937 0.900822 0.795045 0.922865 0.680085 0.876827 0.381080 0.369712 0.688479 0.758464 0.469510 0.363324 0.802616 0.786795 0.818721 0.807753 0.896740 0.867848 0.813926 0.931314 0.460542 0.516902 0.372728 0.374591 0.552344 0.490019 0.423352 0.508057 0.473341 0.475351 0.520426 0.722984 0.656607 0.644949 0.595243 0.578873 0.532888 0.579186 0.297675 0.273652 0.373303 0.296248 0.864837 0.478281 0.468856 0.441634 0.833767 0.595765 0.603516 0.638487 0.629443 0.602905 0.776689 0.713001 0.520027 0.628334 0.551868 0.675829 0.622923 0.680633 0.857182 0.812403 0.898801 0.992468 0.934484 0.854023 0.871004 0.669375 0.552509 0.771148 0.645809 0.883649 0.695224 0.699474 0.648460 0.643650 0.382508 0.399469 0.505305 0.751730 0.598154 0.711978 0.495687 0.667757 0.870931 0.941940 0.721228 0.834427 0.741777 0.496547 0.518661 0.820450 0.713547 0.877949
0.823280 0.721448 0.779241 0.667946 0.973892 0.712802 0.380860 0.430329 0.000000 0.383335 0.625512 0.607062 0.916866 0.849127 0.951263 0.679008 0.664823 0.570575 0.628170 0.586385 0.750809 0.964842 0.897328 0.949991 0.773413 0.873225 0.715166 0.856168 0.441113 0.516997 0.468166 0.650837 0.582067 0.441308 0.877506 0.953625 0.799339 0.933980 0.787528 0.912057 0.781971 0.818300 0.504202 0.571751 0.511128 0.634015 0.918924 0.795143 0.763873 0.822034 0.692316 0.758767 0.583027 0.632203 0.951830 0.949265 0.665741 0.827185 0.902936 0.976962 0.622042 0.635181 0.611956 0.597836 0.988910 0.799864 0.499695 0.563365 0.931205 0.778652 0.443337 0.446687 0.499091 0.523556 0.984587 0.774750 0.566498 0.600399 0.710543 0.725292 0.888319 0.985564 0.934202 0.945505 0.817348 0.762496 0.794729 0.791393 0.762846 0.925544 0.435598 0.542309 0.610403 0.647927 0.657283 0.804801 0.744921 0.625684 0.496086 0.439192 0.515613 0.617219 0.643757 0.765744 0.612355 0.917652 0.790293 0.844237 0.851041 0.974337 0.789684 0.568335 0.726908 0.889416 0.830989 0.864212
0.685575 0.671644 0.896255 0.716375 0.909036 0.626704 0.408186 0.281665 0.383335 0.000000 0.552132 0.479075 0.875173 0.768674 0.998970 0.679381 0.544169 0.484349 0.581943 0.522866 0.923423 0.919428 0.993161 0.862081 0.699469 0.861122 0.656882 0.796535 0.421119 0.434672 0.593850 0.752134 0.590067 0.406545 0.774391 0.963518 0.817132 0.825432 0.876197 0.879695 0.877233 0.889867 0.491586 0.567277 0.410390 0.500538 0.795048 0.659182 0.617480 0.791934 0.669945 0.712358 0.629547 0.686128 0.893361 0.837298 0.653377 0.777151 0.722840 0.905804 0.520602 0.479037 0.470459 0.407373 0.875999 0.806606 0.471039 0.535960 0.905079 0.826038 0.462062 0.518643 0.565331 0.536798 0.884306 0.757950 0.598181 0.601179 0.673232 0.723984 0.699526 0.880062 0.980116 0.974601 0.821050 0.729069 0.804188 0.663095 0.925214 0.911958 0.423156 0.617394 0.587482 0.753173 0.772232 0.726522 0.701102 0.626911 0.330349 0.390713 0.449674 0.603908 0.539114 0.653064 0.612217 0.787283 0.887121 0.927472 0.719577 0.880629 0.572938 0.493166 0.533190 0.868298 0.794945 0.875040
0.307878 0.291724 0.898049 0.550718 0.943914 0.652123 0.555383 0.414131 0.625512 0.552132 0.000000 0.243905 0.486130 0.366605 0.680607 0.487781 0.292507 0.265471 0.378673 0.344112 0.802762 0.825297 0.931141 0.838618 0.869160 0.890236 0.902881 0.928422 0.295160 0.301980 0.800212 0.792195 0.429944 0.366567 0.915618 0.654923 0.712601 0.687244 0.713615 0.669142 0.803606 0.774717 0.528918 0.535014 0.577807 0.521072 0.474176 0.492716 0.445939 0.513215 0.546633 0.549997 0.804675 0.957008 0.590755 0.542210 0.308563 0.318901 0.397718 0.492789 0.344764 0.351262 0.274762 0.253725 0.864381 0.477968 0.758925 0.648263 0.671344 0.587231 0.668245 0.690130 0.540682 0.575006 0.738637 0.677825 0.509295 0.688314 0.363956 0.494545 0.345316 0.356063 0.643565 0.479173 0.714662 0.712887 0.937203 0.968085 0.764362 0.546286 0.903233 0.988750 0.936635 0.933280 0.703725 0.691833 0.778961 0.821423 0.496605 0.642070 0.790719 0.878013 0.614250 0.697372 0.588686 0.674037 0.846811 0.918394 0.762628 0.843198 0.913814 0.497503 0.586821 0.976124 0.715796 0.896946
0.292106 0.299918 0.915401 0.497318 0.811240 0.573387 0.605164 0.314357 0.607062 0.479075 0.243905 0.000000 0.386845 0.294376 0.639933 0.418509 0.330166 0.336636 0.477973 0.366368 0.814645 0.889468 0.885910 0.805087 0.856835 0.862472 0.912853 0.953979 0.343150 0.359387 0.911844 0.932195 0.490203 0.437189 0.960110 0.682160 0.731426 0.737972 0.843652 0.662239 0.809867 0.848206 0.607415 0.599409 0.580682 0.499150 0.425517 0.423216 0.371089 0.424779 0.531282 0.485796 0.708242 0.995999 0.509567 0.503957 0.386455 0.317510 0.387204 0.417304 0.290677 0.189982 0.251804 0.204314 0.797071 0.361445 0.777002 0.683281 0.598035 0.491618 0.715469 0.781422 0.703432 0.691422 0.691965 0.720620 0.584463 0.712095 0.459847 0.542436 0.340203 0.369370 0.618602 0.461334 0.657887 0.687865 0.933295 0.970183 0.632720 0.526413 0.805004 0.999768 0.863509 0.934778 0.688970 0.732543 0.785260 0.796142 0.525859 0.611423 0.725083 0.964757 0.697196 0.733847 0.560433 0.631718 0.877361 0.938935 0.761114 0.889203 0.881537 0.527008 0.680059 0.946727 0.764955 0.903520
0.346877 0.367140 0.686732 0.463286 0.609623 0.770968 0.775265 0.622104 0.916866 0.875173 0.486130 0.386845 0.000000 0.321905 0.308339 0.335559 0.544293 0.575039 0.536056 0.506218 0.789822 0.949922 0.490924 0.455980 0.770174 0.960291 0.686318 0.809995 0.575888 0.634350 0.908087 0.926688 0.560597 0.631279 0.978998 0.717906 0.683440 0.796670 0.746204 0.629887 0.873553 0.801545 0.788911 0.806979 0.814133 0.682272 0.379357 0.440578 0.426252 0.445077 0.628217 0.554416 0.871077 0.785740 0.569629 0.536460 0.525098 0.311277 0.428912 0.285053 0.357802 0.397010 0.483381 0.484602 0.372150 0.274361 0.970241 0.922248 0.518861 0.381322 0.989321 0.966238 0.991504 0.874611 0.653929 0.785968 0.700891 0.846154 0.580886 0.538131 0.480071 0.359359 0.516665 0.393960 0.340522 0.383081 0.874852 0.862115 0.454126 0.436650 0.994690 0.888688 0.996152 0.887872 0.808974 0.804700 0.882595 0.884819 0.757190 0.775447 0.945729 0.948149 0.967597 0.953213 0.728136 0.703504 0.887963 0.996569 0.867192 0.930370 0.985818 0.690720 0.805424 0.982129 0.710654 0.884123
0.389982 0.369078 0.778282 0.422480 0.792177 0.652947 0.749029 0.477084 0.849127 0.768674 0.366605 0.294376 0.321905 0.000000 0.493869 0.385639 0.491791 0.474112 0.505712 0.451112 0.839721 0.923325 0.681458 0.551100 0.983129 0.989720 0.941541 0.864813 0.485507 0.478868 0.979621 0.928233 0.527084 0.607582 0.918744 0.634711 0.702853 0.716951 0.785613 0.613436 0.819498 0.947619 0.728051 0.666720 0.738186 0.595192 0.446000 0.514686 0.453090 0.399445 0.515678 0.470004 0.755174 0.944620 0.515650 0.516229 0.532567 0.332605 0.472806 0.367757 0.385424 0.326476 0.455328 0.384998 0.604199 0.285133 0.994337 0.856571 0.635112 0.481685 0.923190 0.898405 0.921730 0.835101 0.728573 0.743288 0.686251 0.889684 0.454850 0.554189 0.480045 0.378964 0.565600 0.417168 0.567622 0.528670 0.937604 0.859064 0.553422 0.443985 0.995655 0.814600 0.989071 0.837510 0.766398 0.843090 0.891098 0.963516 0.767069 0.836988 0.933190 0.920705 0.886491 0.906785 0.722558 0.715894 0.869244 0.897018 0.849789 0.933545 0.957319 0.761888 0.819345 0.984669 0.678112 0.860367
0.555427 0.553641 0.675778 0.588519 0.610439 0.874522 0.816663 0.862633 0.951263 0.998970 0.680607 0.639933 0.308339 0.493869 0.000000 0.301685 0.654671 0.630501 0.542318 0.585848 0.681618 0.984605 0.341798 0.351959 0.669797 0.812166 0.578540 0.750191 0.691733 0.684081 0.899871 0.941895 0.597701 0.740970 0.918947 0.817729 0.746890 0.858465 0.789632 0.706518 0.878868 0.812234 0.847242 0.846570 0.946927 0.892154 0.621385 0.661822 0.692432 0.687330 0.825163 0.787380 0.961305 0.771460 0.742198 0.784275 0.603064 0.470133 0.667126 0.580545 0.579799 0.704732 0.671987 0.710175 0.395805 0.467056 0.965237 0.952306 0.511164 0.569374 0.979052 0.909167 0.945752 0.859788 0.821192 0.782315 0.827070 0.852090 0.730604 0.537320 0.617819 0.516529 0.536519 0.552863 0.435729 0.435163 0.881920 0.811811 0.571604 0.622302 0.988739 0.923229 0.970872 0.923713 0.773923 0.842319 0.908077 0.931685 0.841426 0.820095 0.828552 0.948613 0.994844 0.956114 0.846071 0.908051 0.955180 0.987599 0.883142 0.905251 0.910185 0.805259 0.844889 0.956830 0.796261 0.913838
0.426856 0.353233 0.670679 0.451370 0.639820 0.565691 0.517215 0.546971 0.679008 0.679381 0.487781 0.418509 0.335559 0.385639 0.301685 0.000000 0.426431 0.417038 0.378271 0.370562 0.667352 0.920139 0.369012 0.408732 0.890497 0.911135 0.820803 0.889884 0.457929 0.445565 0.680973 0.750050 0.376854 0.461337 0.995548 0.720048 0.638061 0.736862 0.800919 0.644444 0.732272 0.770601 0.546150 0.559295 0.633045 0.599751 0.533828 0.495893 0.485162 0.524202 0.580323 0.530797 0.673440 0.965495 0.704102 0.736038 0.411217 0.370160 0.580328 0.573832 0.402955 0.513046 0.466111 0.453692 0.506487 0.425079 0.780381 0.782130 0.553510 0.551344 0.690631 0.661518 0.744618 0.634861 0.799496 0.738638 0.654864 0.637972 0.552606 0.450285 0.528897 0.522299 0.524979 0.588312 0.560979 0.593844 0.988772 0.983338 0.654424 0.641765 0.726602 0.880613 0.827510 0.943027 0.654782 0.695169 0.902812 0.784774 0.571243 0.550239 0.882099 0.842254 0.796708 0.810561 0.675034 0.757588 0.915102 0.943779 0.745971 0.931968 0.830719 0.536913 0.645652 0.909685 0.721750 0.902549
0.256432 0.249322 0.962115 0.656139 0.906325 0.598183 0.526211 0.501602 0.664823 0.544169 0.292507 0.330166 0.544293 0.491791 0.654671 0.426431 0.000000 0.172465 0.353866 0.311456 0.744668 0.987461 0.866573 0.815588 0.879897 0.839956 0.911945 0.980059 0.278157 0.258071 0.720852 0.679951 0.380251 0.336391 0.881037 0.701593 0.735305 0.795894 0.928880 0.681548 0.773105 0.712242 0.438037 0.449535 0.502848 0.496450 0.458410 0.395282 0.408904 0.514869 0.588693 0.577689 0.825902 0.875017 0.552250 0.488632 0.195558 0.304191 0.368460 0.574997 0.380962 0.492527 0.220436 0.231143 0.886887 0.654517 0.678763 0.662858 0.592240 0.659621 0.549135 0.607906 0.510027 0.492527 0.738175 0.814857 0.563570 0.602032 0.404194 0.380712 0.268765 0.354997 0.509275 0.477780 0.669920 0.705455 0.998513 0.943274 0.778245 0.587582 0.873368 0.993595 0.946699 0.862394 0.680956 0.618529 0.705789 0.766414 0.413144 0.478877 0.800678 0.842662 0.619124 0.569766 0.556991 0.601391 0.987299 0.959675 0.677102 0.901464 0.767908 0.448709 0.578963 0.843625 0.774624 0.962110
0.289833 0.258034 0.868809 0.574622 0.894452 0.583815 0.460702 0.453556 0.570575 0.484349 0.265471 0.336636 0.575039 0.474112 0.630501 0.417038 0.172465 0.000000 0.293058 0.284570 0.698158 0.966873 0.830241 0.785753 0.928560 0.948038 0.927745 0.931296 0.243838 0.209627 0.639871 0.593761 0.325654 0.277589 0.942559 0.741492 0.720539 0.729975 0.859027 0.678095 0.765036 0.666917 0.401481 0.409724 0.468116 0.479788 0.485260 0.427741 0.439532 0.541164 0.565138 0.571640 0.783118 0.898180 0.598463 0.526421 0.202078 0.298885 0.405572 0.616948 0.361764 0.477764 0.226288 0.237887 0.840417 0.602663 0.656301 0.601409 0.582572 0.624086 0.509141 0.541864 0.502142 0.443736 0.800978 0.769731 0.555230 0.539941 0.365255 0.347295 0.294497 0.388664 0.494119 0.484263 0.678304 0.706286 0.988914 0.999937 0.825728 0.573131 0.834245 0.948654 0.916065 0.922474 0.650567 0.593471 0.680834 0.762961 0.377815 0.455147 0.794685 0.809013 0.594213 0.572525 0.540382 0.616207 0.995068 0.979391 0.759511 0.950106 0.796918 0.434440 0.549079 0.871922 0.708027 0.977901
0.369247 0.355634 0.637794 0.494051 0.853852 0.619909 0.365154 0.481139 0.628170 0.581943 0.378673 0.477973 0.536056 0.505712 0.542318 0.378271 0.353866 0.293058 0.000000 0.322161 0.750253 0.955227 0.577556 0.666036 0.973237 0.990462 0.918990 0.935201 0.346276 0.333686 0.588892 0.548986 0.344861 0.307534 0.901822 0.776453 0.764042 0.748031 0.792212 0.765894 0.786683 0.771517 0.511319 0.546927 0.541993 0.554293 0.534802 0.501003 0.539502 0.601614 0.676831 0.654750 0.793616 0.978334 0.713990 0.693370 0.360477 0.415217 0.494079 0.601941 0.385715 0.609042 0.413485 0.427367 0.709700 0.556303 0.591751 0.637053 0.641180 0.632636 0.573774 0.531032 0.552775 0.459033 0.857453 0.781072 0.542221 0.581794 0.447954 0.516572 0.507140 0.484320 0.636732 0.611438 0.687567 0.768074 0.998865 0.970922 0.847015 0.699567 0.764760 0.878086 0.828230 0.948127 0.657867 0.641034 0.695133 0.829960 0.455179 0.449089 0.829155 0.785500 0.687205 0.726070 0.628328 0.713577 0.961843 0.989067 0.752987 0.909362 0.870345 0.476790 0.530383 0.932763 0.735117 0.915797
0.325476 0.279467 0.700603 0.448349 0.927269 0.615763 0.480594 0.432741 0.586385 0.522866 0.344112 0.366368 0.506218 0.451112 0.585848 0.370562 0.311456 0.284570 0.322161 0.000000 0.724568 0.989959 0.696959 0.751219 0.972773 0.954216 0.874721 0.981439 0.307242 0.352214 0.657100 0.700193 0.415086 0.310600 0.957332 0.722124 0.649654 0.696215 0.725121 0.719750 0.751420 0.802539 0.543025 0.539868 0.582901 0.567719 0.547673 0.469989 0.535675 0.550329 0.630692 0.630132 0.793252 0.958714 0.629659 0.601704 0.324249 0.355770 0.489690 0.561723 0.378880 0.478415 0.359311 0.352449 0.721327 0.514663 0.703517 0.702688 0.568358 0.510361 0.490369 0.527676 0.560295 0.487857 0.809465 0.779125 0.513057 0.619994 0.397993 0.491895 0.476858 0.492605 0.616098 0.608190 0.723264 0.793313 0.915108 0.906232 0.827116 0.629825 0.729719 0.819533 0.739453 0.918903 0.709057 0.635255 0.745876 0.751650 0.459395 0.464721 0.795302 0.828274 0.676702 0.730694 0.599058 0.631111 0.974926 0.932294 0.785924 0.981157 0.889237 0.435574 0.630886 0.876424 0.756814 0.866941
0.788906 0.710588 0.677041 0.641308 0.919298 0.825912 0.738031 0.880255 0.750809 0.923423 0.802762 0.814645 0.789822 0.839721 0.681618 0.667352 0.744668 0.698158 0.750253 0.724568 0.000000 0.904007 0.729540 0.773693 0.877836 0.802268 0.877491 0.833394 0.750288 0.695635 0.657792 0.777619 0.771026 0.738590 0.979463 0.893510 0.701686 0.973141 0.777576 0.788844 0.994372 0.901629 0.762263 0.723913 0.851134 0.892870 0.837860 0.822066 0.850105 0.844777 0.853386 0.865863 0.897411 0.974495 0.871569 0.977552 0.697554 0.718814 0.896952 0.920904 0.797096 0.892564 0.796395 0.797189 0.722119 0.804198 0.796139 0.823131 0.706124 0.678249 0.796217 0.814339 0.708312 0.805633 0.801830 0.874147 0.869347 0.676436 0.762991 0.690387 0.809760 0.784573 0.822095 0.859104 0.832159 0.793594 0.864784 0.984662 0.999355 0.947478 0.889444 0.903926 0.911476 0.858163 0.670233 0.894178 0.860516 0.865958 0.813651 0.771527 0.954982 0.760042 0.937414 0.769792 0.690649 0.865017 0.998930 0.958559 0.749951 0.830766 0.879918 0.822368 0.879896 0.958306 0.861895 0.959331
0.871520 0.987603 0.856783 0.952595 0.964213 0.894890 0.933339 0.926916 0.964842 0.919428 0.825297 0.889468 0.949922 0.923325 0.984605 0.920139 0.987461 0.966873 0.955227 0.989959 0.904007 0.000000 0.844621 0.777007 0.876499 0.854866 0.949524 0.917974 0.969047 0.941776 0.816056 0.710931 0.943031 0.963910 0.897389 0.999728 0.915271 0.987266 0.894102 0.964865 0.996112 0.944622 0.898880 0.941772 0.986845 0.968743 0.910175 0.941039 0.885166 0.980317 0.948979 0.990474 0.868138 0.797204 0.900976 0.846327 0.992387 0.954648 0.843414 0.846259 0.880990 0.773597 0.827668 0.872829 0.993011 0.885328 0.885313 0.965682 0.949146 0.974778 0.819447 0.823774 0.952316 0.891774 0.995226 0.943982 0.937196 0.888020 0.924008 0.912570 0.903458 0.913912 0.952546 0.931624 0.949569 0.973006 0.878999 0.882476 0.977482 0.805000 0.825187 0.786455 0.844450 0.824325 0.970267 0.896227 0.947586 0.928244 0.982154 0.866204 0.911186 0.960798 0.993345 0.780690 0.857958 0.892715 0.923300 0.858296 0.828451 0.788240 0.972545 0.997199 0.988781 0.780770 0.909668 0.939051
0.763638 0.710644 0.511666 0.572480 0.599228 0.832583 0.615723 0.824937 0.897328 0.993161 0.931141 0.885910 0.490924 0.681458 0.341798 0.369012 0.866573 0.830241 0.577556 0.696959 0.729540 0.844621 0.000000 0.320381 0.670717 0.714049 0.717405 0.769825 0.788337 0.800134 0.741504 0.796658 0.554246 0.718174 0.905770 0.977550 0.842175 0.936440 0.797805 0.890520 0.863877 0.911867 0.750689 0.778385 0.771729 0.765665 0.717821 0.691485 0.713976 0.685853 0.749023 0.701338 0.753703 0.921986 0.885939 0.910568 0.810794 0.701112 0.860662 0.715556 0.631219 0.881765 0.864489 0.901114 0.349903 0.578318 0.800482 0.861986 0.759409 0.659525 0.962559 0.840035 0.993373 0.815788 0.819651 0.877685 0.838036 0.791077 0.845761 0.738879 0.921116 0.824227 0.724155 0.836752 0.545626 0.604489 0.985259 0.870887 0.743598 0.805362 0.787055 0.847861 0.844732 0.917586 0.797740 0.838642 0.858267 0.777157 0.783644 0.662162 0.922676 0.887854 0.956391 0.997372 0.770565 0.867380 0.781447 0.775781 0.892566 0.870758 0.982379 0.786968 0.740624 0.919816 0.725699 0.924754
0.730387 0.652449 0.629675 0.555240 0.607659 0.813484 0.820569 0.900822 0.949991 0.862081 0.838618 0.805087 0.455980 0.551100 0.351959 0.408732 0.815588 0.785753 0.666036 0.751219 0.773693 0.777007 0.320381 0.000000 0.660685 0.760325 0.712986 0.786069 0.844369 0.784135 0.922167 0.814561 0.608304 0.806605 0.981344 0.831329 0.793850 0.925589 0.756062 0.814539 0.889073 0.857340 0.796108 0.764338 0.918272 0.840536 0.674564 0.760780 0.736903 0.670181 0.725772 0.689632 0.835224 0.953381 0.837700 0.793200 0.759374 0.606340 0.807159 0.652299 0.702098 0.850254 0.831891 0.855314 0.436745 0.534447 0.992285 0.966007 0.785231 0.668933 0.951332 0.975822 0.958175 0.964901 0.820984 0.895066 0.884201 0.913382 0.788702 0.597651 0.781219 0.654265 0.665962 0.624439 0.508253 0.451036 0.981991 0.766438 0.604972 0.666074 0.968005 0.959529 0.939020 0.913471 0.870286 0.869732 0.957416 0.889803 0.957056 0.871190 0.796611 0.965456 0.964511 0.953100 0.936882 0.958442 0.984219 0.952211 0.933468 0.894207 0.912338 0.840807 0.818111 0.981120 0.815696 0.903488
0.934167 0.901140 0.506223 0.697798 0.755330 0.851379 0.916491 0.795045 0.773413 0.699469 0.869160 0.856835 0.770174 0.983129 0.669797 0.890497 0.879897 0.928560 0.973237 0.972773 0.877836 0.876499 0.670717 0.660685 0.000000 0.494270 0.607632 0.875051 0.917726 0.821161 0.969786 0.930949 0.894795 0.954463 0.979645 0.985957 0.731035 0.868508 0.644101 0.946742 0.926380 0.795542 0.915283 0.922579 0.819380 0.840070 0.878802 0.967658 0.946642 0.933990 0.958525 0.952704 0.800971 0.682573 0.890193 0.962416 0.952629 0.847367 0.998080 0.801602 0.935301 0.872686 0.897364 0.820806 0.446447 0.760232 0.919838 0.919163 0.617189 0.683248 0.982919 0.961847 0.809644 0.968306 0.851137 0.959292 0.963959 0.902645 0.962913 0.919223 0.968981 0.935968 0.897128 0.870861 0.603875 0.628897 0.957874 0.990970 0.762134 0.812911 0.930588 0.869982 0.849278 0.828854 0.906094 0.936435 0.922368 0.979053 0.868879 0.902265 0.744569 0.921699 0.893341 0.993951 0.881111 0.898772 0.911245 0.885749 0.768777 0.989693 0.853360 0.855474 0.949938 0.953724 0.976915 0.995659
0.917951 0.992918 0.467401 0.605208 0.993186 0.883117 0.947323 0.922865 0.873225 0.861122 0.890236 0.862472 0.960291 0.989720 0.812166 0.911135 0.839956 0.948038 0.990462 0.954216 0.802268 0.854866 0.714049 0.760325 0.494270 0.000000 0.840795 0.853851 0.978199 0.864006 0.729759 0.761798 0.850045 0.984965 0.775369 0.971264 0.715093 0.858199 0.586174 0.933027 0.963647 0.815610 0.954089 0.932001 0.933637 0.944070 0.997131 0.968351 0.873796 0.940528 0.896699 0.960110 0.949043 0.989808 0.884317 0.858631 0.966355 0.987715 0.784420 0.984357 0.991318 0.890628 0.868315 0.807821 0.574696 0.786348 0.951630 0.951516 0.828815 0.799436 0.836197 0.815997 0.986177 0.864849 0.989881 0.906140 0.945264 0.918027 0.909998 0.957636 0.844307 0.878857 0.986886 0.890146 0.918627 0.887512 0.769179 0.963952 0.927519 0.985944 0.766242 0.605170 0.688503 0.664669 0.989500 0.918780 0.943329 0.900816 0.942602 0.991837 0.957212 0.915189 0.985147 0.937842 0.834524 0.982905 0.947353 0.781142 0.767780 0.999646 0.900226 0.974803 0.887869 0.993547 0.934358 0.862547
0.960650 0.947427 0.918879 0.938596 0.722906 0.808391 0.675054 0.680085 0.715166 0.656882 0.902881 0.912853 0.686318 0.941541 0.578540 0.820803 0.911945 0.927745 0.918990 0.874721 0.877491 0.949524 0.717405 0.712986 0.607632 0.840795 0.000000 0.637405 0.872319 0.797830 0.794627 0.778496 0.902707 0.743240 0.970666 0.918214 0.928474 0.953152 0.944420 0.788888 0.994300 0.833497 0.807438 0.771800 0.651504 0.718989 0.959829 0.986871 0.987434 0.955415 0.865533 0.910557 0.800106 0.601087 0.968780 0.978881 0.986760 0.849472 0.956945 0.891640 0.923333 0.911251 0.881490 0.851117 0.558190 0.846332 0.598554 0.623676 0.701102 0.765684 0.751819 0.748954 0.635937 0.842953 0.882377 0.975381 0.800331 0.846653 0.960445 0.826963 0.952078 0.856511 0.827541 0.816004 0.572676 0.537023 0.836862 0.792096 0.603237 0.872679 0.749125 0.842740 0.822040 0.923606 0.942097 0.971547 0.865507 0.768388 0.729769 0.769702 0.575036 0.780656 0.714550 0.925127 0.847676 0.921415 0.997796 0.977522 0.781693 0.903687 0.869304 0.841754 0.786600 0.893179 0.950103 0.932927
0.990774 0.930859 0.910696 0.894518 0.919002 0.988375 0.856216 0.876827 0.856168 0.796535 0.928422 0.953979 0.809995 0.864813 0.750191 0.889884 0.980059 0.931296 0.935201 0.981439 0.833394 0.917974 0.769825 0.786069 0.875051 0.853851 0.637405 0.000000 0.949666 0.903889 0.853652 0.894636 0.923176 0.864518 0.937693 0.801672 0.905975 0.798437 0.998530 0.715386 0.901272 0.832842 0.938833 0.916322 0.822706 0.866363 0.957605 0.990410 0.980460 0.943299 0.992784 0.986061 0.930191 0.813563 0.945496 0.806198 0.970804 0.932872 0.967290 0.902111 0.954826 0.961130 0.928000 0.902724 0.705107 0.844969 0.760319 0.895976 0.828181 0.846674 0.921507 0.941315 0.831985 0.957780 0.895633 0.940969 0.958630 0.832537 0.968961 0.937727 0.915793 0.907614 0.948539 0.942905 0.796973 0.706927 0.956057 0.980529 0.796977 0.774056 0.828423 0.961615 0.837758 0.911752 0.953036 0.917780 0.933682 0.856364 0.874258 0.878103 0.690443 0.837120 0.728385 0.886325 0.928809 0.891045 0.994513 0.849489 0.929839 0.954766 0.897796 0.858702 0.751180 0.978555 0.910563 0.993200
0.385421 0.305136 0.775451 0.539997 0.908761 0.637162 0.405741 0.381080 0.441113 0.421119 0.295160 0.343150 0.575888 0.485507 0.691733 0.457929 0.278157 0.243838 0.346276 0.307242 0.750288 0.969047 0.788337 0.844369 0.917726 0.978199 0.872319 0.949666 0.000000 0.268217 0.604079 0.648950 0.339210 0.262410 0.980437 0.778701 0.700077 0.764254 0.810025 0.764853 0.755072 0.697597 0.425559 0.454647 0.433611 0.454068 0.520756 0.481854 0.433138 0.531610 0.524134 0.580645 0.693945 0.932183 0.669814 0.569033 0.328951 0.397994 0.477777 0.607993 0.339739 0.454789 0.286467 0.295229 0.815381 0.572030 0.589400 0.567775 0.693305 0.608646 0.495714 0.504556 0.460111 0.423507 0.757438 0.765428 0.503584 0.551700 0.419203 0.481272 0.431761 0.493826 0.606538 0.601622 0.762756 0.830769 0.955017 0.897503 0.864448 0.684568 0.717503 0.821743 0.784863 0.951424 0.661603 0.636388 0.721322 0.670450 0.375870 0.460222 0.724466 0.793047 0.567252 0.638695 0.531750 0.626608 0.945691 0.889949 0.756972 0.927789 0.859177 0.448742 0.584283 0.849666 0.772940 0.911815
0.402470 0.343087 0.860542 0.593249 0.855510 0.586579 0.359050 0.369712 0.516997 0.434672 0.301980 0.359387 0.634350 0.478868 0.684081 0.445565 0.258071 0.209627 0.333686 0.352214 0.695635 0.941776 0.800134 0.784135 0.821161 0.864006 0.797830 0.903889 0.268217 0.000000 0.567496 0.579858 0.326120 0.305055 0.987813 0.798862 0.761805 0.786015 0.903732 0.738407 0.786944 0.720175 0.349711 0.317909 0.350597 0.369378 0.510951 0.466796 0.400676 0.497432 0.461078 0.481236 0.613716 0.887412 0.577293 0.552308 0.312077 0.405984 0.407619 0.645391 0.329456 0.448274 0.249315 0.245300 0.908519 0.630648 0.533787 0.470332 0.754946 0.679689 0.542334 0.528878 0.478516 0.437100 0.832370 0.725637 0.547767 0.543563 0.434087 0.402472 0.376768 0.467943 0.541610 0.581130 0.787191 0.798278 0.972307 0.965534 0.868504 0.647949 0.791450 0.961702 0.930979 0.914855 0.640143 0.679593 0.626177 0.750560 0.379937 0.428169 0.724765 0.780745 0.542020 0.598539 0.519550 0.650276 0.906349 0.993331 0.756727 0.896719 0.806191 0.465947 0.485124 0.829363 0.706788 0.983748
0.934587 0.774335 0.638696 0.710786 0.955781 0.771249 0.379323 0.688479 0.468166 0.593850 0.800212 0.911844 0.908087 0.979621 0.899871 0.680973 0.720852 0.639871 0.588892 0.657100 0.657792 0.816056 0.741504 0.922167 0.969786 0.729759 0.794627 0.853652 0.604079 0.567496 0.000000 0.331506 0.502870 0.510260 0.781380 0.949507 0.819546 0.738808 0.811033 0.969842 0.832755 0.706954 0.415742 0.431483 0.515345 0.639238 0.969363 0.895952 0.846822 0.857508 0.660675 0.768403 0.592720 0.576422 0.991496 0.844657 0.666779 0.902715 0.995556 0.841694 0.757109 0.979137 0.794724 0.777279 0.947459 0.995158 0.462308 0.533732 0.940161 0.971599 0.402081 0.346731 0.501707 0.414931 0.959462 0.839283 0.631894 0.410969 0.740672 0.721813 0.931278 0.905138 0.964456 0.803140 0.793061 0.796425 0.818462 0.751193 0.741561 0.831613 0.528592 0.503601 0.604518 0.646015 0.753741 0.869499 0.715619 0.775344 0.526150 0.504930 0.662065 0.514145 0.584145 0.744169 0.602872 0.931596 0.709297 0.744227 0.809178 0.863919 0.734753 0.688194 0.617901 0.871830 0.861474 0.872129
0.896080 0.711803 0.660779 0.725828 0.983983 0.733146 0.477422 0.758464 0.650837 0.752134 0.792195 0.932195 0.926688 0.928233 0.941895 0.750050 0.679951 0.593761 0.548986 0.700193 0.777619 0.710931 0.796658 0.814561 0.930949 0.761798 0.778496 0.894636 0.648950 0.579858 0.331506 0.000000 0.539730 0.536891 0.884039 0.947361 0.871461 0.805862 0.851292 0.925547 0.878710 0.763418 0.459023 0.460903 0.584983 0.647193 0.846017 0.821867 0.855480 0.831501 0.655553 0.728404 0.703779 0.752346 0.957798 0.958372 0.666450 0.847725 0.937338 0.950380 0.780074 0.968929 0.793156 0.801283 0.962945 0.998606 0.561082 0.541903 0.967969 0.936846 0.476454 0.506335 0.562096 0.458901 0.953691 0.922857 0.757004 0.553393 0.691230 0.640811 0.876639 0.960908 0.896848 0.999687 0.896471 0.953617 0.759993 0.971648 0.768168 0.950755 0.734273 0.692467 0.799136 0.867188 0.796788 0.877183 0.784479 0.877452 0.657483 0.608732 0.799628 0.657950 0.688440 0.780177 0.640331 0.887908 0.911603 0.920627 0.939188 0.905762 0.741271 0.768504 0.617570 0.896601 0.829755 0.905335
0.428610 0.338422 0.633416 0.492598 0.750194 0.590541 0.323653 0.469510 0.582067 0.590067 0.429944 0.490203 0.560597 0.527084 0.597701 0.376854 0.380251 0.325654 0.344861 0.415086 0.771026 0.943031 0.554246 0.608304 0.894795 0.850045 0.902707 0.923176 0.339210 0.326120 0.502870 0.539730 0.000000 0.292312 0.851051 0.851392 0.754755 0.695196 0.789570 0.803921 0.734038 0.647963 0.327811 0.322550 0.370708 0.379703 0.491500 0.465476 0.392733 0.418534 0.398332 0.424951 0.576213 0.843563 0.600369 0.601783 0.338000 0.393063 0.492568 0.583729 0.325365 0.562853 0.384307 0.403356 0.623661 0.539351 0.503793 0.471939 0.686075 0.684148 0.578168 0.529256 0.547715 0.460905 0.702422 0.778428 0.517682 0.473376 0.487198 0.492731 0.457098 0.526687 0.539433 0.610052 0.622688 0.660677 0.950235 0.981506 0.788822 0.610674 0.718101 0.802151 0.799749 0.985266 0.703113 0.598118 0.623748 0.629155 0.372714 0.447944 0.759519 0.768860 0.561577 0.685529 0.479997 0.632706 0.888169 0.748229 0.787301 0.926794 0.824999 0.473396 0.460713 0.810048 0.661296 0.860977
0.433484 0.361268 0.722410 0.537001 0.925771 0.593025 0.285097 0.363324 0.441308 0.406545 0.366567 0.437189 0.631279 0.607582 0.740970 0.461337 0.336391 0.277589 0.307534 0.310600 0.738590 0.963910 0.718174 0.806605 0.954463 0.984965 0.743240 0.864518 0.262410 0.305055 0.510260 0.536891 0.292312 0.000000 0.875973 0.873082 0.696100 0.757344 0.793481 0.831375 0.762499 0.724563 0.342516 0.410419 0.335345 0.389873 0.550149 0.470191 0.455010 0.553749 0.503626 0.553664 0.603942 0.803444 0.765453 0.646741 0.343864 0.450026 0.512496 0.653398 0.341928 0.533158 0.350153 0.358395 0.800209 0.644284 0.454543 0.457852 0.729932 0.655142 0.406399 0.437218 0.427716 0.359626 0.756729 0.831687 0.432048 0.439760 0.512388 0.506791 0.509834 0.617365 0.681413 0.701513 0.816112 0.900718 0.896846 0.877216 0.952860 0.745141 0.635946 0.716174 0.722200 0.882750 0.631048 0.525122 0.689456 0.630439 0.273930 0.324322 0.646975 0.665169 0.519891 0.642237 0.457196 0.628387 0.983431 0.836042 0.731627 0.995172 0.775095 0.350756 0.435181 0.757633 0.701248 0.886636
0.862627 0.945887 0.787205 0.813433 0.986834 0.987536 0.768159 0.802616 0.877506 0.774391 0.915618 0.960110 0.978998 0.918744 0.918947 0.995548 0.881037 0.942559 0.901822 0.957332 0.979463 0.897389 0.905770 0.981344 0.979645 0.775369 0.970666 0.937693 0.980437 0.987813 0.781380 0.884039 0.851051 0.875973 0.000000 0.821036 0.956631 0.823352 0.985980 0.944556 0.813727 0.846022 0.701229 0.788301 0.683818 0.710871 0.881837 0.870271 0.880572 0.961721 0.741201 0.810194 0.689097 0.715334 0.989038 0.991800 0.886249 0.943994 0.997493 0.968415 0.855360 0.911252 0.977530 0.978377 0.867228 0.970535 0.689065 0.622282 0.896397 0.960360 0.775233 0.850057 0.973364 0.927341 0.936869 0.950918 0.826297 0.764712 0.995129 0.952204 0.880924 0.829712 0.932749 0.742310 0.907090 0.947056 0.811451 0.842587 0.935640 0.921788 0.724486 0.699863 0.785305 0.865209 0.923159 0.786964 0.860969 0.835493 0.803409 0.831484 0.672955 0.771256 0.803774 0.959375 0.842628 0.878214 0.929686 0.782460 0.980788 0.817307 0.871622 0.957645 0.798069 0.792333 0.759122 0.905940
0.659258 0.668157 0.894493 0.740415 0.915868 0.669658 0.922630 0.786795 0.953625 0.963518 0.654923 0.682160 0.717906 0.634711 0.817729 0.720048 0.701593 0.741492 0.776453 0.722124 0.893510 0.999728 0.977550 0.831329 0.985957 0.971264 0.918214 0.801672 0.778701 0.798862 0.949507 0.947361 0.851392 0.873082 0.821036 0.000000 0.716079 0.922497 0.800946 0.822324 0.738731 0.873636 0.891409 0.865940 0.957196 0.914962 0.766733 0.780466 0.792588 0.768653 0.855535 0.774327 0.933565 0.903158 0.738870 0.771975 0.708117 0.653407 0.775930 0.676798 0.788309 0.738813 0.755851 0.683059 0.899780 0.662727 0.899530 0.994364 0.789751 0.859146 0.919609 0.996111 0.779623 0.918445 0.937839 0.960400 0.769831 0.882367 0.689528 0.871217 0.791291 0.666830 0.837183 0.660212 0.823664 0.813594 0.985546 0.979606 0.811007 0.691353 0.933342 0.922558 0.933861 0.977003 0.931949 0.910456 0.850429 0.899205 0.946199 0.979230 0.936521 0.906955 0.870373 0.964042 0.933851 0.971979 0.951084 0.922077 0.992527 0.906619 0.960048 0.828472 0.997887 0.979342 0.980995 0.891682
0.705080 0.623107 0.630751 0.601010 0.956684 0.847749 0.835476 0.818721 0.799339 0.817132 0.712601 0.731426 0.683440 0.702853 0.746890 0.638061 0.735305 0.720539 0.764042 0.649654 0.701686 0.915271 0.842175 0.793850 0.731035 0.715093 0.928474 0.905975 0.700077 0.761805 0.819546 0.871461 0.754755 0.696100 0.956631 0.716079 0.000000 0.713801 0.686364 0.594107 0.690168 0.670513 0.745453 0.689933 0.792783 0.768633 0.717866 0.745836 0.734473 0.707627 0.716824 0.712295 0.843489 0.961686 0.878328 0.922373 0.625403 0.618185 0.748446 0.736163 0.687465 0.753190 0.747411 0.727809 0.662416 0.691056 0.822485 0.862165 0.606628 0.714510 0.594914 0.655352 0.743799 0.758720 0.997943 0.893663 0.753755 0.691578 0.677294 0.675372 0.708952 0.831856 0.823248 0.786017 0.896570 0.844240 0.718443 0.736185 0.896822 0.808596 0.768040 0.721468 0.707194 0.769216 0.859196 0.787417 0.990222 0.968622 0.710291 0.752730 0.769286 0.747042 0.747509 0.712141 0.778149 0.768033 0.916479 0.884502 0.924002 0.980506 0.914365 0.740856 0.967625 0.883851 0.824672 0.906497
0.746664 0.711330 0.754197 0.649110 0.937564 0.965916 0.811344 0.807753 0.933980 0.825432 0.687244 0.737972 0.796670 0.716951 0.858465 0.736862 0.795894 0.729975 0.748031 0.696215 0.973141 0.987266 0.936440 0.925589 0.868508 0.858199 0.953152 0.798437 0.764254 0.786015 0.738808 0.805862 0.695196 0.757344 0.823352 0.922497 0.713801 0.000000 0.824382 0.886525 0.935357 0.698590 0.798997 0.770636 0.833305 0.775213 0.837841 0.824593 0.846451 0.786712 0.752532 0.744021 0.846823 0.860479 0.781401 0.984067 0.672842 0.654763 0.820164 0.849313 0.742827 0.780061 0.789251 0.768710 0.810982 0.709498 0.850620 0.883889 0.581525 0.721803 0.754576 0.682405 0.834588 0.616687 0.897617 0.794533 0.741966 0.732170 0.633286 0.819983 0.779639 0.883731 0.801049 0.854322 0.938173 0.863620 0.927824 0.928489 0.789199 0.788325 0.860207 0.850239 0.768633 0.798551 0.915619 0.879991 0.967589 0.989965 0.810241 0.929390 0.830449 0.848770 0.702384 0.866475 0.813070 0.714977 0.894830 0.898856 0.995318 0.946153 0.974335 0.790757 0.774985 0.967557 0.636590 0.944314
