0.000000 0.208903 0.470166 0.683753 0.687240 0.983240 0.498731 0.560773 0.933769 0.788645 0.391893 0.303710 0.295568 0.483800 0.696576 0.695726 0.333899 0.373679 0.288747 0.315054 0.774664 0.952451 0.628508 0.719830 0.792648 0.985504 0.894706 0.986489 0.573994 0.494114 0.891301 0.993271 0.370667 0.373076 0.727224 0.874089 0.482737 0.747276 0.805711 0.815213 0.786991 0.972813 0.876832 0.834187 0.985543 0.866069 0.508628 0.506100 0.742579 0.503148 0.591810 0.517190 0.992333 0.750008 0.423311 0.566256 0.298325 0.225683 0.317449 0.350806 0.264102 0.350359 0.237740 0.249626 0.499224 0.551255 0.572009 0.755240 0.298724 0.259389 0.741270 0.995022 0.525465 0.724581 0.688750 0.775442 0.731339 0.807582 0.501278 0.517861 0.261602 0.281793 0.406517 0.365126 0.266051 0.362711 0.602882 0.665769 0.436019 0.479103 0.623917 0.495065 0.649387 0.517063 0.949570 0.856255 0.415985 0.969953 0.918111 0.984889 0.754856 0.844081 0.776134 0.775072 0.682362 0.605937 0.983374 0.950092 0.873939 0.617964 0.983608 0.755281 0.945801 0.853786 0.653330 0.787778
0.208903 0.000000 0.548472 0.666899 0.735603 0.968153 0.570193 0.522956 0.985677 0.782921 0.446624 0.244696 0.343509 0.457437 0.743505 0.678041 0.303766 0.327376 0.309886 0.278052 0.840817 0.929849 0.624300 0.665854 0.845244 0.930189 0.871288 0.973210 0.548182 0.468562 0.932499 0.993897 0.398636 0.412469 0.763375 0.946805 0.539665 0.706115 0.810691 0.808691 0.790204 0.915789 0.792194 0.780076 0.988331 0.887371 0.458415 0.539836 0.784950 0.551041 0.597556 0.529905 0.928402 0.730399 0.479486 0.599743 0.276316 0.199853 0.369641 0.371573 0.319561 0.346664 0.259160 0.229213 0.549242 0.527128 0.619572 0.761659 0.318301 0.274324 0.681095 0.979944 0.571461 0.736542 0.729325 0.740918 0.651209 0.692807 0.445816 0.456060 0.269273 0.293006 0.434961 0.405483 0.309057 0.371704 0.622312 0.691551 0.476076 0.503813 0.599917 0.514845 0.659967 0.493751 0.980814 0.853917 0.457328 0.947221 0.908141 0.948839 0.739195 0.808079 0.793194 0.780134 0.679383 0.587501 0.992940 0.993169 0.876269 0.602990 0.965815 0.741464 0.900035 0.891859 0.661647 0.826132
0.470166 0.548472 0.000000 0.336367 0.990771 0.857998 0.467654 0.590575 0.939035 0.663284 0.759367 0.704927 0.501531 0.682303 0.861925 0.760724 0.772039 0.853037 0.554099 0.678072 0.588617 0.928928 0.679636 0.504095 0.455577 0.513125 0.859516 0.763763 0.997669 0.997626 0.726427 0.978320 0.514978 0.519172 0.481252 0.937347 0.468391 0.739202 0.624535 0.756083 0.766357 0.935259 0.785259 0.803123 0.980006 0.839557 0.555087 0.487707 0.989930 0.608242 0.565791 0.478252 0.834332 0.964596 0.369507 0.508788 0.781701 0.665458 0.366566 0.417187 0.469433 0.627049 0.628080 0.716777 0.267810 0.431853 0.323592 0.436707 0.563524 0.520967 0.717366 0.898507 0.702880 0.792185 0.709660 0.869619 0.669915 0.962224 0.648795 0.779752 0.721389 0.714268 0.744979 0.663927 0.487213 0.331085 0.777258 0.989181 0.528604 0.594267 0.991305 0.720974 0.933932 0.855405 0.918419 0.817378 0.577731 0.761752 0.994636 0.972516 0.963628 0.908630 0.864484 0.941679 0.635067 0.480994 0.855457 0.799060 0.934247 0.739117 0.936831 0.862588 0.899087 0.857641 0.674863 0.964689
0.683753 0.666899 0.336367 0.000000 0.924978 0.749450 0.527985 0.434306 0.968626 0.678196 0.952792 0.758054 0.652120 0.688059 0.981031 0.725914 0.921421 0.967092 0.717105 0.784823 0.661236 0.986509 0.803692 0.424677 0.421176 0.453198 0.896868 0.740276 0.884313 0.898085 0.697973 0.851590 0.635206 0.585822 0.561230 0.715261 0.549041 0.667367 0.512320 0.618232 0.755920 0.943946 0.560924 0.651843 0.997819 0.780529 0.478590 0.431799 0.909299 0.718297 0.527245 0.498551 0.874023 0.973692 0.510856 0.524181 0.908532 0.807528 0.472156 0.505645 0.635093 0.689733 0.806812 0.853338 0.392104 0.351726 0.317974 0.320962 0.779914 0.686744 0.687279 0.905629 0.939129 0.911829 0.776014 0.856297 0.572227 0.770550 0.714191 0.856064 0.906932 0.902250 0.856269 0.789918 0.687411 0.337305 0.866175 0.860030 0.642301 0.651242 0.788883 0.934373 0.686160 0.962536 0.860938 0.750636 0.595488 0.777026 0.894651 0.871688 0.893654 0.944380 0.834121 0.852666 0.527591 0.394534 0.794688 0.641640 0.925165 0.762825 0.853715 0.832695 0.799188 0.802111 0.702158 0.987029
0.687240 0.735603 0.990771 0.924978 0.000000 0.891959 0.855772 0.925491 0.893841 0.972975 0.728640 0.749575 0.663651 0.771265 0.792967 0.721786 0.696671 0.746199 0.716766 0.811185 0.979229 0.903288 0.792195 0.985046 0.947505 0.850822 0.950106 0.974167 0.695331 0.735829 0.925882 0.991371 0.839720 0.804153 0.931974 0.844838 0.972028 0.983071 0.961461 0.924775 0.930758 0.857958 0.989811 0.973665 0.937099 0.906453 0.803982 0.806598 0.860391 0.854979 0.883250 0.886056 0.998106 0.940632 0.921559 0.992153 0.666393 0.758852 0.795293 0.881201 0.745443 0.820739 0.676054 0.672507 0.928045 0.999940 0.958134 0.897309 0.723999 0.741259 0.975628 0.892429 0.912692 0.899604 0.941029 0.914693 0.947594 0.936645 0.790138 0.845276 0.698565 0.756253 0.716248 0.801508 0.698709 0.869895 0.801737 0.789522 0.813183 0.833535 0.759367 0.901080 0.714350 0.800629 0.847022 0.972992 0.840448 0.779748 0.977501 0.990382 0.787900 0.955505 0.945584 0.814735 0.957741 0.892616 0.971265 0.837989 0.917400 0.959429 0.787598 0.836512 0.851524 0.942007 0.840437 0.933674
0.983240 0.968153 0.857998 0.749450 0.891959 0.000000 0.894073 0.812325 0.912545 0.930669 0.980241 0.946158 0.994104 0.984048 0.818977 0.986239 0.991938 0.984387 0.964815 0.992538 0.760028 0.954071 0.805247 0.997315 0.839746 0.660858 0.831087 0.604285 0.934274 0.935474 0.974644 0.969157 0.965966 0.853230 0.922191 0.859697 0.988325 0.892251 0.882459 0.596657 0.658735 0.959041 0.696981 0.722895 0.955150 0.870499 0.873969 0.795873 0.905519 0.974577 0.909435 0.936105 0.929348 0.927561 0.922861 0.761553 0.982630 0.991259 0.868026 0.901926 0.958411 0.940322 0.960682 0.929062 0.928134 0.687791 0.704236 0.633943 0.996297 0.904882 0.976869 0.958654 0.984607 0.937791 0.956928 0.987257 0.968417 0.855460 0.927803 0.851249 0.968810 0.956017 0.820881 0.929241 0.921224 0.834990 0.999311 0.828007 0.893528 0.895579 0.642411 0.815388 0.682749 0.779952 0.894955 0.698204 0.777085 0.715430 0.858103 0.763627 0.694709 0.922432 0.804410 0.824655 0.989563 0.790651 0.938452 0.875126 0.928910 0.988210 0.852069 0.909851 0.933070 0.976779 0.993039 0.782873
0.498731 0.570193 0.467654 0.527985 0.855772 0.894073 0.000000 0.352213 0.636586 0.846860 0.521192 0.547402 0.318933 0.340445 0.513366 0.477457 0.595071 0.606268 0.348832 0.504840 0.713882 0.991965 0.668738 0.672269 0.882032 0.903989 0.959980 0.995332 0.572333 0.628159 0.645474 0.666175 0.357714 0.296093 0.728655 0.985838 0.644344 0.766624 0.889481 0.839440 0.860204 0.880827 0.533497 0.439082 0.545091 0.431562 0.463961 0.319636 0.630602 0.477348 0.434308 0.484742 0.723570 0.846809 0.593228 0.571956 0.619796 0.633409 0.397354 0.570603 0.324327 0.488957 0.448315 0.528655 0.628865 0.606050 0.430842 0.502216 0.768793 0.620625 0.589099 0.708360 0.572033 0.594280 0.767767 0.671554 0.467975 0.646746 0.574228 0.630854 0.646716 0.710297 0.659544 0.695814 0.590312 0.484472 0.892846 0.941887 0.667444 0.743866 0.816762 0.943472 0.917735 0.962712 0.919384 0.860725 0.510770 0.868751 0.542684 0.595499 0.909095 0.770741 0.591704 0.551572 0.606613 0.627048 0.842815 0.730580 0.916157 0.695143 0.756473 0.545731 0.693990 0.580941 0.651230 0.677716
0.560773 0.522956 0.590575 0.434306 0.925491 0.812325 0.352213 0.000000 0.792445 0.903053 0.577494 0.431379 0.492485 0.384212 0.784863 0.555150 0.672709 0.666049 0.505543 0.565955 0.860120 0.933591 0.911130 0.701874 0.916835 0.907127 0.894232 0.964273 0.641067 0.644565 0.845312 0.779662 0.551657 0.418792 0.917578 0.936970 0.655619 0.663349 0.767258 0.748136 0.913720 0.866024 0.473279 0.478141 0.710510 0.491519 0.375328 0.330297 0.649111 0.544871 0.353880 0.427134 0.803025 0.982422 0.562073 0.555825 0.662246 0.613644 0.424935 0.498111 0.394786 0.342446 0.535673 0.526269 0.734082 0.433401 0.496531 0.493111 0.776226 0.589364 0.773636 0.885489 0.747231 0.742638 0.782310 0.720870 0.504652 0.611700 0.633920 0.678845 0.690309 0.748778 0.686401 0.736538 0.731772 0.462262 0.860889 0.916346 0.720247 0.761164 0.832277 0.981331 0.891981 0.877023 0.945856 0.731605 0.511416 0.806915 0.560238 0.579120 0.758165 0.910622 0.625208 0.597333 0.594898 0.525979 0.786555 0.671539 0.868779 0.696003 0.745360 0.553278 0.640825 0.640868 0.657071 0.720721
0.933769 0.985677 0.939035 0.968626 0.893841 0.912545 0.636586 0.792445 0.000000 0.532037 0.883724 0.952688 0.744187 0.723007 0.588070 0.682376 0.903261 0.943246 0.795885 0.973795 0.958945 0.931756 0.822476 0.994273 0.763336 0.772601 0.893671 0.828140 0.714820 0.819863 0.868957 0.915032 0.851139 0.832719 0.883545 0.757440 0.994779 0.978802 0.814695 0.898358 0.819683 0.887187 0.873350 0.727999 0.519897 0.524664 0.827400 0.810475 0.578004 0.696977 0.720449 0.802106 0.534002 0.595244 0.994435 0.996986 0.956132 0.972391 0.872583 0.972016 0.748019 0.795806 0.805504 0.837807 0.993062 0.856054 0.985047 0.984898 0.831393 0.988959 0.989653 0.917402 0.861822 0.881285 0.897003 0.870349 0.867040 0.884206 0.922939 0.986185 0.989654 0.909884 0.898703 0.933422 0.999308 0.945249 0.986938 0.904985 0.987164 0.921277 0.968478 0.857803 0.770281 0.983377 0.914177 0.971484 0.996974 0.931597 0.718731 0.760822 0.970460 0.813819 0.860108 0.756091 0.975494 0.988125 0.792402 0.911384 0.876161 0.951859 0.852039 0.770044 0.841148 0.781518 0.864680 0.707962
0.788645 0.782921 0.663284 0.678196 0.972975 0.930669 0.846860 0.903053 0.532037 0.000000 0.953603 0.943603 0.988085 0.898255 0.669165 0.740881 0.927366 0.971831 0.964776 0.874612 0.895848 0.945741 0.981329 0.679025 0.480869 0.599534 0.724642 0.711432 0.670557 0.798088 0.889942 0.779085 0.917212 0.980149 0.643192 0.915781 0.814655 0.890038 0.582183 0.674274 0.760650 0.974563 0.810439 0.684340 0.424021 0.482389 0.964640 0.952184 0.457942 0.786914 0.818912 0.957881 0.562164 0.474165 0.697073 0.741651 0.920248 0.843789 0.869655 0.822080 0.969631 0.957041 0.978909 0.960424 0.546439 0.586356 0.719776 0.740393 0.641346 0.825035 0.895869 0.822807 0.859878 0.782132 0.949788 0.815050 0.880604 0.898022 0.919152 0.954538 0.850527 0.716685 0.888749 0.716962 0.655510 0.570476 0.854370 0.899387 0.718132 0.733292 0.809475 0.583274 0.944837 0.767161 0.999522 0.946552 0.840830 0.969988 0.583761 0.534447 0.769957 0.761110 0.743576 0.751785 0.890804 0.796667 0.881488 0.853915 0.856415 0.871678 0.802416 0.773472 0.698018 0.733299 0.962754 0.854677
0.391893 0.446624 0.759367 0.952792 0.728640 0.980241 0.521192 0.577494 0.883724 0.953603 0.000000 0.323331 0.430994 0.523685 0.706726 0.737571 0.389200 0.377969 0.392441 0.364389 0.920231 0.914319 0.912462 0.933052 0.833520 0.748111 0.872505 0.838633 0.463682 0.373675 0.942413 0.960114 0.535810 0.434378 0.937575 0.738166 0.770297 0.868102 0.905488 0.988349 0.872036 0.893052 0.907832 0.860389 0.879032 0.805631 0.729304 0.618242 0.669905 0.685589 0.753590 0.779677 0.858714 0.740337 0.712077 0.709748 0.420788 0.411570 0.559287 0.617186 0.376311 0.421513 0.347951 0.356969 0.868241 0.718312 0.790210 0.859396 0.557650 0.492870 0.855403 0.959108 0.522105 0.614753 0.701476 0.829306 0.800681 0.825497 0.619791 0.528962 0.367980 0.386615 0.584367 0.545657 0.589891 0.669187 0.791054 0.822732 0.726082 0.744495 0.808302 0.721692 0.765557 0.636503 0.825372 0.982425 0.611822 0.936254 0.779112 0.934390 0.974430 0.963827 0.687836 0.711687 0.875390 0.861265 0.854559 0.904629 0.845828 0.743610 0.941039 0.746490 0.933524 0.801759 0.745356 0.719591
0.303710 0.244696 0.704927 0.758054 0.749575 0.946158 0.547402 0.431379 0.952688 0.943603 0.323331 0.000000 0.394819 0.403446 0.759038 0.668379 0.321179 0.325726 0.338742 0.302762 0.967681 0.889719 0.797687 0.846253 0.921446 0.770954 0.995239 0.905969 0.436313 0.344054 0.953667 0.942889 0.488767 0.441838 0.992500 0.848821 0.668775 0.752315 0.967464 0.860554 0.901161 0.891389 0.766700 0.767915 0.930214 0.815238 0.509356 0.553465 0.706617 0.609042 0.605208 0.605072 0.905279 0.727549 0.638691 0.651498 0.302517 0.275116 0.463493 0.476468 0.317487 0.273666 0.279132 0.238343 0.791759 0.552407 0.726463 0.794858 0.439536 0.381903 0.783867 0.972654 0.563794 0.719282 0.721312 0.696020 0.696334 0.671741 0.475209 0.487823 0.305583 0.340313 0.481168 0.481314 0.478890 0.490402 0.695957 0.771775 0.613032 0.642385 0.718876 0.627883 0.708057 0.526878 0.897504 0.848963 0.527721 0.962881 0.812708 0.848700 0.897209 0.935352 0.716409 0.659730 0.744200 0.695584 0.955987 0.939035 0.846046 0.602352 0.854740 0.687068 0.814595 0.815477 0.674360 0.741669
0.295568 0.343509 0.501531 0.652120 0.663651 0.994104 0.318933 0.492485 0.744187 0.988085 0.430994 0.394819 0.000000 0.350023 0.475632 0.455271 0.374749 0.424412 0.262291 0.349620 0.731449 0.985489 0.516050 0.632995 0.892690 0.919681 0.936956 0.994120 0.492947 0.503283 0.781370 0.808430 0.345990 0.332189 0.759995 0.916730 0.616614 0.777772 0.829838 0.865297 0.813798 0.937242 0.757309 0.660322 0.773830 0.657469 0.495448 0.429273 0.702327 0.485870 0.555277 0.540084 0.888072 0.969899 0.558110 0.641594 0.413301 0.396554 0.391536 0.516115 0.268424 0.422132 0.258888 0.335470 0.532230 0.641517 0.601253 0.731600 0.530052 0.447421 0.649759 0.859192 0.551129 0.661597 0.812441 0.746584 0.539034 0.733813 0.514763 0.510252 0.410022 0.465542 0.466383 0.476856 0.341780 0.413857 0.684143 0.675738 0.549393 0.550056 0.808052 0.735016 0.737944 0.652265 0.951843 0.949533 0.526926 0.988874 0.752930 0.792163 0.823446 0.996342 0.760251 0.644918 0.649764 0.646349 0.990090 0.949742 0.963750 0.760165 0.930943 0.647098 0.795580 0.773283 0.641056 0.712658
0.483800 0.457437 0.682303 0.688059 0.771265 0.984048 0.340445 0.384212 0.723007 0.898255 0.523685 0.403446 0.350023 0.000000 0.577663 0.471198 0.460388 0.452802 0.321332 0.387798 0.917577 0.942964 0.621475 0.648948 0.923731 0.873433 0.937946 0.921683 0.423596 0.468854 0.818229 0.672046 0.427110 0.417663 0.875457 0.966529 0.755932 0.715057 0.881996 0.877866 0.997601 0.833433 0.649182 0.557472 0.696622 0.556991 0.468863 0.443219 0.677551 0.572090 0.547904 0.587641 0.885076 0.972964 0.718082 0.719179 0.460608 0.523509 0.553136 0.692416 0.390544 0.436375 0.379744 0.396354 0.764858 0.657896 0.697222 0.743747 0.721192 0.621500 0.672187 0.784722 0.699007 0.704378 0.865641 0.643973 0.574580 0.604800 0.503074 0.565088 0.486886 0.561888 0.499088 0.585574 0.515903 0.494161 0.836827 0.690900 0.686383 0.654023 0.940669 0.929569 0.842135 0.765393 0.962669 0.851976 0.546167 0.974374 0.685318 0.647502 0.916650 0.864974 0.721694 0.634867 0.710629 0.778241 0.976657 0.880861 0.957173 0.652376 0.818038 0.648476 0.721096 0.656766 0.744524 0.673059
0.696576 0.743505 0.861925 0.981031 0.792967 0.818977 0.513366 0.784863 0.588070 0.669165 0.706726 0.759038 0.475632 0.577663 0.000000 0.387805 0.613535 0.623002 0.565652 0.689116 0.870077 0.950478 0.440720 0.772522 0.907934 0.765799 0.864466 0.905042 0.510920 0.591332 0.612428 0.583693 0.533190 0.631343 0.981614 0.857387 0.919402 0.947600 0.794006 0.760149 0.987918 0.872156 0.894785 0.726236 0.712362 0.695693 0.781878 0.745301 0.721590 0.683850 0.870228 0.867211 0.797721 0.834029 0.912933 0.957046 0.700047 0.735827 0.814440 0.956710 0.646950 0.781041 0.535857 0.589882 0.849649 0.843145 0.998121 0.883409 0.962123 0.845065 0.771534 0.792102 0.757759 0.864354 0.906727 0.703923 0.743508 0.814533 0.738015 0.725881 0.685994 0.829063 0.639664 0.703092 0.691139 0.829200 0.832757 0.733818 0.854785 0.808704 0.922818 0.977418 0.742282 0.819082 0.956717 0.917456 0.869358 0.854959 0.693233 0.759079 0.775079 0.875496 0.838475 0.753105 0.946845 0.985096 0.978258 0.899314 0.956835 0.996812 0.994252 0.658721 0.864053 0.712298 0.966933 0.753244
0.695726 0.678041 0.760724 0.725914 0.721786 0.986239 0.477457 0.555150 0.682376 0.740881 0.737571 0.668379 0.455271 0.471198 0.387805 0.000000 0.652801 0.658253 0.551778 0.674796 0.830118 0.861855 0.504389 0.643364 0.954323 0.926449 0.899541 0.961340 0.566985 0.681916 0.619450 0.599708 0.537737 0.584542 0.957569 0.997686 0.838335 0.900853 0.947628 0.991593 0.870998 0.845927 0.596646 0.529447 0.736587 0.595292 0.562428 0.542906 0.752924 0.700872 0.682941 0.706686 0.743221 0.800366 0.897348 0.996665 0.697294 0.731805 0.707226 0.816764 0.620028 0.686724 0.550828 0.588856 0.796250 0.901534 0.839794 0.898544 0.911972 0.734412 0.729623 0.767391 0.844996 0.762313 0.882196 0.598217 0.621194 0.710895 0.664714 0.707577 0.737458 0.873230 0.702137 0.751288 0.746666 0.663936 0.892821 0.900241 0.856948 0.769787 0.937223 0.891324 0.912462 0.916506 0.976319 0.947309 0.775107 0.920072 0.618811 0.609604 0.907998 0.895901 0.734066 0.606820 0.783149 0.776877 0.964846 0.745980 0.994954 0.956677 0.909280 0.607758 0.587920 0.602178 0.758518 0.891139
0.333899 0.303766 0.772039 0.921421 0.696671 0.991938 0.595071 0.672709 0.903261 0.927366 0.389200 0.321179 0.374749 0.460388 0.613535 0.652801 0.000000 0.216857 0.286272 0.272762 0.991772 0.893468 0.642243 0.804950 0.929393 0.718035 0.870674 0.957737 0.375084 0.297953 0.896302 0.829220 0.401911 0.444979 0.952966 0.826485 0.704435 0.806485 0.937147 0.887844 0.834864 0.808067 0.806790 0.772615 0.925389 0.877162 0.641266 0.702439 0.772099 0.704282 0.799658 0.784036 0.856804 0.733457 0.738572 0.772915 0.229477 0.279428 0.596078 0.653829 0.440668 0.488092 0.286482 0.263235 0.762860 0.745136 0.803534 0.920643 0.480113 0.495934 0.667585 0.856020 0.584744 0.743078 0.814377 0.723486 0.771763 0.640978 0.395742 0.389323 0.239902 0.291879 0.436960 0.441584 0.410142 0.564690 0.748014 0.649512 0.641846 0.637983 0.681569 0.715942 0.648401 0.589594 0.897468 0.982917 0.589035 0.994262 0.863127 0.918341 0.744694 0.972691 0.694948 0.667707 0.796352 0.830001 0.911985 0.877073 0.912835 0.733190 0.999973 0.723644 0.956366 0.763375 0.710474 0.796040
0.373679 0.327376 0.853037 0.967092 0.746199 0.984387 0.606268 0.666049 0.943246 0.971831 0.377969 0.325726 0.424412 0.452802 0.623002 0.658253 0.216857 0.000000 0.319116 0.224541 0.928821 0.853707 0.679315 0.824992 0.890148 0.670545 0.849173 0.906981 0.336313 0.260797 0.893214 0.798861 0.399315 0.451429 0.990398 0.891243 0.722015 0.722704 0.921566 0.973346 0.785192 0.765547 0.777180 0.726256 0.901392 0.885834 0.677801 0.711218 0.793379 0.765087 0.862793 0.873436 0.766298 0.681210 0.829740 0.827036 0.227051 0.287640 0.651227 0.712903 0.510565 0.537103 0.306515 0.268616 0.846943 0.784501 0.820840 0.934237 0.476215 0.487621 0.619330 0.784016 0.581531 0.679923 0.840639 0.692390 0.729593 0.564006 0.405923 0.376477 0.249779 0.285938 0.471253 0.494214 0.481794 0.613726 0.762526 0.652077 0.694899 0.726523 0.737562 0.766484 0.715967 0.668775 0.854092 0.952966 0.566888 0.931801 0.788951 0.832908 0.783933 0.954478 0.647978 0.634690 0.737950 0.863179 0.917922 0.850498 0.941210 0.709811 0.919064 0.704664 0.964374 0.755414 0.797430 0.760054
0.288747 0.309886 0.554099 0.717105 0.716766 0.964815 0.348832 0.505543 0.795885 0.964776 0.392441 0.338742 0.262291 0.321332 0.565652 0.551778 0.286272 0.319116 0.000000 0.272535 0.745476 0.881001 0.548504 0.650589 0.927967 0.891011 0.830208 0.982807 0.394567 0.379602 0.729956 0.766800 0.319072 0.298080 0.810637 0.959722 0.633045 0.725616 0.954491 0.822748 0.874748 0.864992 0.702758 0.616690 0.788386 0.699810 0.514168 0.474422 0.708385 0.540871 0.593281 0.584222 0.994639 0.885179 0.597485 0.667445 0.294348 0.336378 0.416681 0.523136 0.313810 0.431945 0.252052 0.286624 0.664754 0.659136 0.587250 0.742118 0.487137 0.447921 0.553391 0.768059 0.528863 0.681081 0.776433 0.718096 0.600882 0.650777 0.426193 0.475354 0.312758 0.369386 0.461811 0.481333 0.389970 0.449528 0.805134 0.710068 0.599616 0.605110 0.839537 0.782492 0.786315 0.655045 0.990486 0.897514 0.478957 0.990876 0.734490 0.757763 0.853024 0.914710 0.672337 0.601130 0.656729 0.706857 0.988280 0.972132 0.918377 0.620676 0.869734 0.635074 0.860175 0.722790 0.631633 0.738781
0.315054 0.278052 0.678072 0.784823 0.811185 0.992538 0.504840 0.565955 0.973795 0.874612 0.364389 0.302762 0.349620 0.387798 0.689116 0.674796 0.272762 0.224541 0.272535 0.000000 0.866156 0.865921 0.652035 0.726540 0.966456 0.838406 0.857952 0.937004 0.441516 0.335619 0.826041 0.824681 0.371337 0.390907 0.870125 0.977212 0.620862 0.617777 0.909745 0.898282 0.806330 0.782056 0.756678 0.714175 0.917888 0.877575 0.613751 0.614408 0.826777 0.696637 0.745560 0.741493 0.807201 0.712212 0.669606 0.715536 0.247615 0.270767 0.522800 0.581011 0.409398 0.480376 0.285535 0.279648 0.701799 0.637376 0.670351 0.782944 0.431032 0.433185 0.529846 0.755325 0.554960 0.650758 0.819075 0.747897 0.589250 0.588884 0.401711 0.386560 0.268091 0.283774 0.468419 0.468848 0.395602 0.488475 0.751078 0.680752 0.614690 0.634294 0.732787 0.699909 0.777005 0.677742 0.903777 0.988986 0.500434 0.950818 0.827045 0.855107 0.808945 0.980267 0.659926 0.688429 0.652087 0.731666 0.949500 0.938702 0.906502 0.639162 0.897976 0.746385 0.945150 0.802637 0.720904 0.763930
0.774664 0.840817 0.588617 0.661236 0.979229 0.760028 0.713882 0.860120 0.958945 0.895848 0.920231 0.967681 0.731449 0.917577 0.870077 0.830118 0.991772 0.928821 0.745476 0.866156 0.000000 0.965779 0.765710 0.727655 0.641527 0.642808 0.873879 0.710231 0.922641 0.935306 0.664421 0.922941 0.714486 0.737238 0.679746 0.715671 0.787984 0.791099 0.753070 0.793986 0.782026 0.947873 0.779384 0.722670 0.857242 0.806991 0.770656 0.697684 0.985065 0.751828 0.764558 0.712827 0.975814 0.908275 0.761101 0.818491 0.922138 0.879629 0.660445 0.735474 0.797452 0.946618 0.840114 0.913158 0.624424 0.783385 0.567376 0.658939 0.829723 0.744583 0.785338 0.787973 0.835215 0.873170 0.902014 0.940665 0.676072 0.828377 0.903918 0.840595 0.936014 0.908445 0.983030 0.967784 0.842376 0.673227 0.986335 0.909494 0.915783 0.820274 0.809979 0.998592 0.800381 0.930078 0.848146 0.909451 0.710406 0.906704 0.860936 0.847065 0.851811 0.998285 0.765230 0.924999 0.759702 0.660314 0.996590 0.977182 0.983894 0.971773 0.920025 0.972917 0.924255 0.920918 0.829828 0.971780
0.952451 0.929849 0.928928 0.986509 0.903288 0.954071 0.991965 0.933591 0.931756 0.945741 0.914319 0.889719 0.985489 0.942964 0.950478 0.861855 0.893468 0.853707 0.881001 0.865921 0.965779 0.000000 0.926855 0.950488 0.979472 0.995494 0.828049 0.869140 0.882875 0.827700 0.807329 0.786623 0.989664 0.951566 0.982621 0.906630 0.939355 0.972381 0.906553 0.843680 0.983049 0.779750 0.803163 0.806009 0.935541 0.993895 0.938652 0.926365 0.997310 0.923890 0.943941 0.968977 0.981786 0.900797 0.870646 0.958460 0.839745 0.883906 0.954038 0.992974 0.990664 0.967804 0.978122 0.912297 0.879824 0.933994 0.990172 0.966442 0.899048 0.889465 0.899107 0.954576 0.924404 0.993195 0.940342 0.918167 0.912596 0.727773 0.937826 0.995957 0.889899 0.927999 0.893177 0.953786 0.887567 0.956785 0.962054 0.864758 0.804395 0.914662 0.941163 0.884822 0.914319 0.960133 0.953562 0.964587 0.860905 0.946062 0.848417 0.845141 0.975988 0.793138 0.807141 0.851469 0.895541 0.859990 0.984902 0.906036 0.838781 0.899372 0.997137 0.950967 0.942590 0.956651 0.965656 0.885835
0.628508 0.624300 0.679636 0.803692 0.792195 0.805247 0.668738 0.911130 0.822476 0.981329 0.912462 0.797687 0.516050 0.621475 0.440720 0.504389 0.642243 0.679315 0.548504 0.652035 0.765710 0.926855 0.000000 0.455756 0.747817 0.976092 0.653360 0.904237 0.664980 0.736186 0.524957 0.718699 0.527767 0.720650 0.722452 0.996970 0.720805 0.951767 0.990292 0.877877 0.978876 0.871850 0.913241 0.786736 0.918049 0.886297 0.713701 0.725953 0.913212 0.660228 0.872659 0.766729 0.807500 0.868246 0.803965 0.968847 0.637869 0.653467 0.741115 0.784067 0.704600 0.878212 0.557206 0.588528 0.645733 0.929997 0.878675 0.951150 0.767902 0.729109 0.666096 0.733204 0.858552 0.950581 0.918672 0.781866 0.745221 0.909422 0.574691 0.699796 0.621711 0.744021 0.617586 0.662260 0.492175 0.627824 0.826925 0.597493 0.712477 0.581714 0.801827 0.846359 0.747426 0.719027 0.882059 0.930222 0.804179 0.899019 0.935692 0.921989 0.596295 0.904912 0.945151 0.868393 0.879811 0.883326 0.945276 0.968382 0.864070 0.871980 0.954644 0.859634 0.933340 0.916540 0.842290 0.907686
0.719830 0.665854 0.504095 0.424677 0.985046 0.997315 0.672269 0.701874 0.994273 0.679025 0.933052 0.846253 0.632995 0.648948 0.772522 0.643364 0.804950 0.824992 0.650589 0.726540 0.727655 0.950488 0.455756 0.000000 0.476154 0.689986 0.662720 0.780477 0.927790 0.952196 0.647401 0.757335 0.630865 0.705780 0.615534 0.789157 0.633373 0.722367 0.676444 0.865077 0.806836 0.903738 0.767332 0.763808 0.929359 0.954329 0.586610 0.625930 0.824575 0.845535 0.829385 0.757010 0.984849 0.926783 0.685058 0.825008 0.780945 0.748550 0.713706 0.767943 0.795123 0.880972 0.745791 0.792772 0.480697 0.663338 0.611270 0.704222 0.770545 0.750802 0.615497 0.790706 0.952234 0.885647 0.896993 0.834303 0.697630 0.786169 0.629983 0.843164 0.772378 0.800232 0.675714 0.659928 0.562724 0.413259 0.745706 0.777127 0.711873 0.626939 0.986322 0.845118 0.949516 0.914341 0.926207 0.845105 0.794406 0.937572 0.998441 0.928068 0.818289 0.935219 0.971444 0.826614 0.643635 0.646096 0.906994 0.865794 0.925618 0.822857 0.936357 0.923704 0.976148 0.933154 0.879554 0.971850
0.792648 0.845244 0.455577 0.421176 0.947505 0.839746 0.882032 0.916835 0.763336 0.480869 0.833520 0.921446 0.892690 0.923731 0.907934 0.954323 0.929393 0.890148 0.927967 0.966456 0.641527 0.979472 0.747817 0.476154 0.000000 0.360251 0.741229 0.603653 0.652492 0.687716 0.675008 0.969951 0.782114 0.843349 0.474106 0.706481 0.598800 0.806375 0.510973 0.722412 0.686241 0.920414 0.873740 0.947178 0.730337 0.839806 0.771753 0.725106 0.662115 0.984655 0.907340 0.791768 0.956023 0.843723 0.573723 0.693925 0.973434 0.920151 0.692897 0.656502 0.949957 0.945017 0.998614 0.931421 0.388484 0.617998 0.505403 0.572314 0.771004 0.729799 0.753036 0.881909 0.961476 0.928996 0.941413 0.957887 0.851998 0.996202 0.903386 0.973815 0.970796 0.929913 0.949107 0.785517 0.703857 0.508910 0.812860 0.948944 0.670312 0.661691 0.921923 0.843466 0.725691 0.949028 0.892609 0.883203 0.777318 0.801405 0.833480 0.866620 0.947564 0.861600 0.946176 0.905101 0.711560 0.568677 0.860273 0.821953 0.928888 0.901423 0.861918 0.904250 0.949693 0.914632 0.899922 0.791378
0.985504 0.930189 0.513125 0.453198 0.850822 0.660858 0.903989 0.907127 0.772601 0.599534 0.748111 0.770954 0.919681 0.873433 0.765799 0.926449 0.718035 0.670545 0.891011 0.838406 0.642808 0.995494 0.976092 0.689986 0.360251 0.000000 0.953879 0.545713 0.545927 0.539861 0.729858 0.939476 0.938099 0.937425 0.518391 0.679716 0.717838 0.869021 0.562578 0.657650 0.745534 0.896438 0.811441 0.901428 0.839325 0.933110 0.839396 0.823937 0.658684 0.966512 0.865630 0.800392 0.948162 0.997150 0.655366 0.685935 0.766796 0.835243 0.768472 0.774126 0.952073 0.850759 0.777499 0.708164 0.516103 0.584825 0.460571 0.484625 0.932636 0.970999 0.838274 0.890366 0.913990 0.967170 0.977468 0.904496 0.902958 0.985701 0.930842 0.955056 0.764827 0.837807 0.802813 0.928048 0.973264 0.659795 0.910804 0.703987 0.885808 0.845386 0.730454 0.937421 0.560952 0.723339 0.823576 0.854122 0.830765 0.791163 0.855740 0.892811 0.866864 0.991309 0.997740 0.814565 0.818022 0.625843 0.790179 0.832488 0.909880 0.974735 0.944505 0.865569 0.992288 0.963952 0.944014 0.698253
0.894706 0.871288 0.859516 0.896868 0.950106 0.831087 0.959980 0.894232 0.893671 0.724642 0.872505 0.995239 0.936956 0.937946 0.864466 0.899541 0.870674 0.849173 0.830208 0.857952 0.873879 0.828049 0.653360 0.662720 0.741229 0.953879 0.000000 0.960431 0.919195 0.937996 0.799868 0.909510 0.851596 0.978151 0.960585 0.745147 0.933499 0.866940 0.932223 0.834065 0.977727 0.866968 0.909518 0.871042 0.699337 0.724244 0.991972 0.915379 0.721680 0.885779 0.857357 0.899718 0.818113 0.862538 0.909918 0.902644 0.891324 0.915215 0.956577 0.997019 0.912028 0.919108 0.906727 0.921679 0.763386 0.964821 0.947890 0.922223 0.852041 0.962494 0.783010 0.872828 0.948111 0.878415 0.887723 0.882772 0.987497 0.984990 0.807962 0.882054 0.821316 0.846881 0.697184 0.835770 0.735595 0.797184 0.867264 0.740450 0.769958 0.866827 0.841095 0.839085 0.903501 0.823713 0.991182 0.925188 0.992169 0.949446 0.852093 0.882837 0.771106 0.872902 0.851119 0.845089 0.896117 0.963283 0.982105 0.906426 0.888139 0.928138 0.811260 0.957420 0.838320 0.949435 0.963940 0.762264
0.986489 0.973210 0.763763 0.740276 0.974167 0.604285 0.995332 0.964273 0.828140 0.711432 0.838633 0.905969 0.994120 0.921683 0.905042 0.961340 0.957737 0.906981 0.982807 0.937004 0.710231 0.869140 0.904237 0.780477 0.603653 0.545713 0.960431 0.000000 0.828603 0.755469 0.909955 0.913069 0.925088 0.961661 0.683446 0.767932 0.965179 0.854743 0.778569 0.672608 0.722957 0.929340 0.782587 0.885120 0.887488 0.960081 0.868924 0.823032 0.781074 0.921732 0.973020 0.908060 0.943824 0.975970 0.833064 0.754172 0.939202 0.951703 0.836822 0.894679 0.965153 0.912989 0.942292 0.872507 0.705416 0.783757 0.704551 0.742158 0.982426 0.880726 0.853020 0.993578 0.854015 0.928464 0.916256 0.980284 0.882361 0.895793 0.893528 0.915336 0.936351 0.959611 0.833718 0.974033 0.969439 0.771123 0.957961 0.807476 0.933043 0.819298 0.830032 0.930837 0.767563 0.863055 0.883400 0.989832 0.912240 0.918672 0.988080 0.962843 0.973741 0.926253 0.974774 0.909116 0.979244 0.750512 0.855682 0.977355 0.993908 0.992717 0.947437 0.826592 0.967146 0.985996 0.981946 0.683961
0.573994 0.548182 0.997669 0.884313 0.695331 0.934274 0.572333 0.641067 0.714820 0.670557 0.463682 0.436313 0.492947 0.423596 0.510920 0.566985 0.375084 0.336313 0.394567 0.441516 0.922641 0.882875 0.664980 0.927790 0.652492 0.545927 0.919195 0.828603 0.000000 0.240605 0.896691 0.680979 0.528829 0.521849 0.828514 0.811825 0.887222 0.918460 0.697451 0.899350 0.994299 0.853138 0.753641 0.649321 0.674984 0.672165 0.730150 0.714194 0.569405 0.686613 0.786007 0.864912 0.960279 0.984459 0.955306 0.929809 0.389216 0.504741 0.751446 0.836268 0.550751 0.543553 0.383012 0.355267 0.901767 0.992239 0.994631 0.913515 0.729294 0.696345 0.749641 0.791232 0.650134 0.760135 0.935680 0.669436 0.757405 0.680388 0.503531 0.517802 0.422340 0.532621 0.532190 0.707252 0.689447 0.823149 0.903398 0.707279 0.838763 0.854968 0.885655 0.998654 0.706074 0.723928 0.934421 0.978900 0.746487 0.882761 0.640607 0.643372 0.921307 0.852975 0.656694 0.540467 0.913561 0.964106 0.989487 0.930409 0.904042 0.764949 0.823651 0.617840 0.835726 0.671474 0.851045 0.735490
0.494114 0.468562 0.997626 0.898085 0.735829 0.935474 0.628159 0.644565 0.819863 0.798088 0.373675 0.344054 0.503283 0.468854 0.591332 0.681916 0.297953 0.260797 0.379602 0.335619 0.935306 0.827700 0.736186 0.952196 0.687716 0.539861 0.937996 0.755469 0.240605 0.000000 0.926838 0.735840 0.517353 0.545977 0.803074 0.795964 0.816675 0.804498 0.713575 0.912472 0.989155 0.768192 0.847264 0.768100 0.828339 0.826486 0.782467 0.793107 0.679094 0.763736 0.868898 0.930266 0.886829 0.774571 0.918364 0.940087 0.298165 0.397778 0.756825 0.808582 0.543850 0.519949 0.372076 0.310222 0.906180 0.932076 0.993420 0.915655 0.625246 0.637538 0.740886 0.823638 0.576578 0.755232 0.829635 0.697665 0.829081 0.651022 0.495565 0.484151 0.323444 0.393853 0.511432 0.612059 0.630886 0.788175 0.830435 0.685538 0.822982 0.835282 0.793671 0.841569 0.673877 0.670090 0.834793 0.977665 0.690415 0.914631 0.740088 0.759738 0.895821 0.867573 0.615256 0.558890 0.850031 0.955572 0.911912 0.885282 0.981830 0.749454 0.846854 0.678147 0.959661 0.735623 0.834404 0.680316
0.891301 0.932499 0.726427 0.697973 0.925882 0.974644 0.645474 0.845312 0.868957 0.889942 0.942413 0.953667 0.781370 0.818229 0.612428 0.619450 0.896302 0.893214 0.729956 0.826041 0.664421 0.807329 0.524957 0.647401 0.675008 0.729858 0.799868 0.909955 0.896691 0.926838 0.000000 0.494794 0.638888 0.712222 0.776844 0.744702 0.688231 0.824466 0.997079 0.958369 0.947544 0.858611 0.613751 0.569112 0.761194 0.772347 0.841819 0.759333 0.973034 0.787043 0.823206 0.819483 0.729542 0.747836 0.878942 0.991806 0.895404 0.944378 0.823888 0.873522 0.913409 0.920048 0.895265 0.908069 0.781718 0.988722 0.700916 0.794576 0.973124 0.961885 0.526242 0.511923 0.875227 0.847031 0.855317 0.828347 0.590710 0.727543 0.735811 0.772489 0.936179 0.936515 0.950365 0.969299 0.910578 0.812677 0.859485 0.861541 0.964071 0.910663 0.803029 0.758744 0.786022 0.822469 0.908291 0.995136 0.860934 0.939846 0.801692 0.745470 0.976903 0.811367 0.659496 0.761085 0.669052 0.805658 0.880002 0.748568 0.978246 0.943022 0.888719 0.760750 0.863718 0.775663 0.883002 0.917278
0.993271 0.993897 0.978320 0.851590 0.991371 0.969157 0.666175 0.779662 0.915032 0.779085 0.960114 0.942889 0.808430 0.672046 0.583693 0.599708 0.829220 0.798861 0.766800 0.824681 0.922941 0.786623 0.718699 0.757335 0.969951 0.939476 0.909510 0.913069 0.680979 0.735840 0.494794 0.000000 0.648110 0.718603 0.955728 0.789711 0.856350 0.928465 0.880824 0.968321 0.942208 0.783060 0.572941 0.518256 0.723042 0.717959 0.823304 0.818715 0.937958 0.896748 0.891917 0.967764 0.875952 0.878770 0.966685 0.905775 0.842941 0.988809 0.977494 0.928885 0.956299 0.920706 0.880716 0.885565 0.911802 0.946763 0.855613 0.860101 0.935231 0.904310 0.663831 0.558506 0.911530 0.874675 0.992466 0.637119 0.701741 0.588544 0.770250 0.813464 0.908062 0.974920 0.913393 0.976960 0.978600 0.923342 0.746870 0.986350 0.887767 0.963509 0.696838 0.626009 0.741053 0.822948 0.931244 0.923863 0.928673 0.945264 0.562407 0.540895 0.898263 0.712594 0.577713 0.648790 0.795027 0.857269 0.810133 0.782975 0.849401 0.896116 0.800103 0.712623 0.859883 0.715111 0.998673 0.951955
0.370667 0.398636 0.514978 0.635206 0.839720 0.965966 0.357714 0.551657 0.851139 0.917212 0.535810 0.488767 0.345990 0.427110 0.533190 0.537737 0.401911 0.399315 0.319072 0.371337 0.714486 0.989664 0.527767 0.630865 0.782114 0.938099 0.851596 0.925088 0.528829 0.517353 0.638888 0.648110 0.000000 0.295473 0.689876 0.970659 0.534426 0.795542 0.883522 0.846953 0.676945 0.803766 0.614958 0.527406 0.785428 0.682972 0.478614 0.504839 0.762164 0.565920 0.622018 0.607534 0.903054 0.899621 0.583301 0.627545 0.387721 0.425433 0.433468 0.524344 0.413308 0.563169 0.334861 0.395671 0.600219 0.661986 0.496831 0.625648 0.549532 0.510408 0.503817 0.682251 0.554972 0.676842 0.766786 0.652005 0.540919 0.616916 0.406428 0.488521 0.406089 0.465117 0.547762 0.542990 0.428596 0.415664 0.883464 0.778654 0.558313 0.643598 0.984509 0.875459 0.964908 0.788349 0.987939 0.925736 0.448708 0.873152 0.684708 0.753548 0.924034 0.901450 0.592008 0.639776 0.656229 0.646896 0.957133 0.929763 0.999504 0.635794 0.827346 0.627698 0.829064 0.661183 0.680192 0.811872
0.373076 0.412469 0.519172 0.585822 0.804153 0.853230 0.296093 0.418792 0.832719 0.980149 0.434378 0.441838 0.332189 0.417663 0.631343 0.584542 0.444979 0.451429 0.298080 0.390907 0.737238 0.951566 0.720650 0.705780 0.843349 0.937425 0.978151 0.961661 0.521849 0.545977 0.712222 0.718603 0.295473 0.000000 0.783565 0.995678 0.585541 0.765000 0.887255 0.754417 0.664465 0.898088 0.537451 0.486014 0.674689 0.521207 0.448844 0.356857 0.607984 0.480016 0.471872 0.518298 0.898534 0.957628 0.537357 0.541402 0.426339 0.427365 0.350942 0.468367 0.323784 0.450934 0.369456 0.405362 0.639372 0.578442 0.444459 0.541972 0.579334 0.460885 0.597581 0.742308 0.599162 0.630556 0.704072 0.702736 0.474045 0.620849 0.479491 0.498528 0.437899 0.503157 0.568217 0.577854 0.507893 0.431698 0.886243 0.880129 0.625473 0.625707 0.964204 0.900747 0.962550 0.847689 0.997840 0.794029 0.481400 0.830469 0.604760 0.658411 0.915911 0.876833 0.586686 0.583098 0.636735 0.593401 0.920045 0.877353 0.981771 0.648546 0.782841 0.534132 0.771730 0.614788 0.647926 0.798912
0.727224 0.763375 0.481252 0.561230 0.931974 0.922191 0.728655 0.917578 0.883545 0.643192 0.937575 0.992500 0.759995 0.875457 0.981614 0.957569 0.952966 0.990398 0.810637 0.870125 0.679746 0.982621 0.722452 0.615534 0.474106 0.518391 0.960585 0.683446 0.828514 0.803074 0.776844 0.955728 0.689876 0.783565 0.000000 0.860915 0.608517 0.802357 0.586749 0.758965 0.730695 0.995350 0.896550 0.872123 0.995343 0.991849 0.756633 0.716647 0.842296 0.853343 0.822670 0.739898 0.883700 0.983274 0.644889 0.654837 0.941518 0.866310 0.657832 0.710642 0.812929 0.994163 0.881929 0.961759 0.412175 0.717914 0.509854 0.572678 0.754792 0.773229 0.662962 0.786328 0.877505 0.800233 0.975042 0.966919 0.780418 0.843928 0.794193 0.899942 0.952994 0.894506 0.934516 0.828018 0.656123 0.602450 0.991549 0.936751 0.679148 0.722930 0.971979 0.896919 0.915268 0.956504 0.745969 0.945475 0.752382 0.975860 0.891743 0.857476 0.720119 0.990783 0.994530 0.984455 0.704030 0.624425 0.827103 0.902361 0.905486 0.914284 0.881606 0.867033 0.949874 0.931696 0.871721 0.946342
0.874089 0.946805 0.937347 0.715261 0.844838 0.859697 0.985838 0.936970 0.757440 0.915781 0.738166 0.848821 0.916730 0.966529 0.857387 0.997686 0.826485 0.891243 0.959722 0.977212 0.715671 0.906630 0.996970 0.789157 0.706481 0.679716 0.745147 0.767932 0.811825 0.795964 0.744702 0.789711 0.970659 0.995678 0.860915 0.000000 0.922581 0.754665 0.763613 0.859763 0.951114 0.885651 0.745942 0.803578 0.945807 0.979030 0.904612 0.902906 0.807404 0.924572 0.957600 0.948194 0.888534 0.965036 0.968699 0.965413 0.854940 0.865947 0.959014 0.940709 0.846373 0.773233 0.799146 0.810646 0.906172 0.887412 0.747287 0.775408 0.936492 0.996884 0.695055 0.754987 0.948707 0.892182 0.758254 0.829674 0.694995 0.753797 0.949833 0.952326 0.810106 0.824064 0.869894 0.783271 0.878817 0.957070 0.821799 0.825209 0.958424 0.991330 0.747217 0.775006 0.614736 0.704091 0.816540 0.981735 0.870947 0.919482 0.917521 0.810201 0.898980 0.984545 0.876294 0.936458 0.770187 0.756831 0.829245 0.837039 0.946920 0.961564 0.941408 0.947734 0.933833 0.939185 0.964914 0.769790
0.482737 0.539665 0.468391 0.549041 0.972028 0.988325 0.644344 0.655619 0.994779 0.814655 0.770297 0.668775 0.616614 0.755932 0.919402 0.838335 0.704435 0.722015 0.633045 0.620862 0.787984 0.939355 0.720805 0.633373 0.598800 0.717838 0.933499 0.965179 0.887222 0.816675 0.688231 0.856350 0.534426 0.585541 0.608517 0.922581 0.000000 0.703930 0.740017 0.918575 0.708536 0.935026 0.751729 0.782319 0.991300 0.910473 0.616398 0.602389 0.940794 0.662297 0.662544 0.613603 0.836290 0.926640 0.512485 0.576135 0.643077 0.563327 0.509027 0.489366 0.589166 0.701020 0.624214 0.627713 0.535988 0.624757 0.501554 0.646363 0.529102 0.538940 0.716112 0.776772 0.662310 0.751973 0.838088 0.816802 0.696217 0.755442 0.616969 0.756220 0.647122 0.651943 0.678069 0.702924 0.578315 0.510503 0.811652 0.905579 0.634826 0.702619 0.824141 0.696452 0.971941 0.872748 0.953424 0.813500 0.613467 0.823040 0.962129 0.945124 0.863510 0.925046 0.733587 0.829604 0.571361 0.597356 0.890180 0.793879 0.993250 0.671833 0.941684 0.927023 0.980996 0.869883 0.701663 0.937495
0.747276 0.706115 0.739202 0.667367 0.983071 0.892251 0.766624 0.663349 0.978802 0.890038 0.868102 0.752315 0.777772 0.715057 0.947600 0.900853 0.806485 0.722704 0.725616 0.617777 0.791099 0.972381 0.951767 0.722367 0.806375 0.869021 0.866940 0.854743 0.918460 0.804498 0.824466 0.928465 0.795542 0.765000 0.802357 0.754665 0.703930 0.000000 0.692770 0.909363 0.998024 0.845381 0.724916 0.766543 0.911260 0.914679 0.744433 0.809998 0.975025 0.950884 0.801983 0.807535 0.847797 0.881478 0.804404 0.863595 0.719066 0.743809 0.803963 0.812091 0.813546 0.829289 0.826965 0.779058 0.770334 0.667474 0.676507 0.699425 0.752144 0.785231 0.643580 0.628471 0.888224 0.819786 0.995502 0.804694 0.748896 0.646902 0.716333 0.720625 0.803526 0.781020 0.841847 0.890093 0.804612 0.706380 0.942918 0.991366 0.731945 0.907995 0.978178 0.995901 0.915404 0.828038 0.973774 0.866380 0.729469 0.888620 0.941372 0.784980 0.948542 0.856991 0.740451 0.881954 0.552774 0.674518 0.793796 0.975090 0.920460 0.937285 0.905672 0.962134 0.888811 0.931008 0.744330 0.974380
