0.000000 0.496019 0.916460 0.888740 0.988877 0.984205 0.924910 0.900475 0.861195 0.981266 0.734528 0.683340 0.994717 0.990196 0.918910 0.996072 0.627273 0.599847 0.606125 0.563552 0.864722 0.903420 0.877425 0.962804 0.774772 0.891940 0.977132 0.871290 0.682504 0.880980 0.938098 0.920638 0.749938 0.619416 0.812639 0.998133 0.931806 0.838231 0.872467 0.942523 0.882518 0.863753 0.712497 0.645829 0.961854 0.842982 0.708776 0.758690 0.717229 0.831238 0.828528 0.932205 0.961199 0.722174 0.823848 0.842243 0.496740 0.523827 0.478944 0.517796 0.834944 0.743948 0.775548 0.745206 0.858705 0.799756 0.687549 0.721871 0.580704 0.666613 0.852523 0.910240 0.612654 0.704072 0.999940 0.927716 0.627328 0.864164 0.838079 0.841509 0.624704 0.599127 0.900845 0.786479 0.780547 0.777153 0.727827 0.989970 0.959242 0.704616 0.849120 0.825722 0.884940 0.969902 0.909101 0.857664 0.691601 0.808558 0.930302 0.818183 0.812320 0.970543 0.774664 0.650856 0.904421 0.934563 0.975566 0.965875 0.903381 0.812254 0.838428 0.965593 0.852678 0.985586 0.836880 0.823829
0.496019 0.000000 0.970917 0.795913 0.982452 0.920730 0.993209 0.811037 0.748928 0.911546 0.902847 0.614297 0.961124 0.867685 0.959249 0.814639 0.620230 0.549361 0.622359 0.552531 0.965117 0.945793 0.995509 0.896712 0.805160 0.918965 0.970359 0.914791 0.681437 0.807842 0.790636 0.944850 0.622737 0.568297 0.854243 0.960834 0.817436 0.764416 0.924076 0.944637 0.888937 0.861188 0.658202 0.598722 0.802521 0.698237 0.588704 0.576397 0.722305 0.734831 0.706195 0.793222 0.909769 0.865490 0.718723 0.849186 0.441162 0.365882 0.546746 0.603063 0.813994 0.686414 0.676969 0.568355 0.855724 0.831298 0.761037 0.717577 0.746400 0.563177 0.567565 0.676855 0.745079 0.760197 0.962104 0.945306 0.572901 0.783118 0.604960 0.710727 0.483348 0.554912 0.823359 0.677009 0.822984 0.794065 0.785590 0.978689 0.891041 0.764736 0.855854 0.779966 0.898990 0.871850 0.779431 0.806998 0.647259 0.745980 0.808616 0.815332 0.812774 0.976340 0.722815 0.709385 0.841859 0.815938 0.911267 0.942017 0.950712 0.769041 0.771685 0.891641 0.844237 0.825805 0.779318 0.876218
0.916460 0.970917 0.000000 0.465933 0.838300 0.983970 0.475457 0.791162 0.730294 0.992470 0.971758 0.857019 0.698040 0.981143 0.825045 0.920266 0.959532 0.961177 0.636284 0.969947 0.755365 0.808688 0.664722 0.718742 0.568138 0.570663 0.828074 0.865450 0.936683 0.889717 0.722102 0.842118 0.660371 0.759852 0.687415 0.878345 0.851524 0.945358 0.970402 0.833979 0.940995 0.945184 0.699294 0.767701 0.916858 0.912663 0.627034 0.730142 0.988777 0.896379 0.720449 0.833216 0.771559 0.850279 0.944800 0.982650 0.968468 0.926118 0.728339 0.943008 0.702045 0.975350 0.967275 0.833030 0.416320 0.587437 0.554153 0.585737 0.931941 0.829559 0.961859 0.952393 0.912601 0.957551 0.983135 0.989051 0.976328 0.925235 0.972457 0.900160 0.852891 0.814585 0.898012 0.766063 0.603908 0.603666 0.815516 0.884493 0.745614 0.738991 0.735491 0.801276 0.794074 0.743886 0.901423 0.836153 0.952095 0.960311 0.938499 0.871289 0.781100 0.810119 0.983834 0.945605 0.723651 0.883244 0.926271 0.925403 0.879315 0.920379 0.928205 0.986016 0.929402 0.815251 0.739112 0.836959
0.888740 0.795913 0.465933 0.000000 0.885061 0.798806 0.517094 0.586955 0.824325 0.944216 0.935351 0.878743 0.712846 0.816224 0.734083 0.840001 0.945104 0.951710 0.669030 0.896046 0.841902 0.888820 0.563634 0.571801 0.779268 0.673955 0.850209 0.854895 0.987534 0.951012 0.731978 0.827345 0.587174 0.676212 0.672903 0.898591 0.932104 0.920279 0.989479 0.934483 0.910460 0.986908 0.726272 0.737142 0.813216 0.841888 0.649518 0.654994 0.988656 0.876608 0.636365 0.706266 0.715139 0.878400 0.925013 0.963837 0.921361 0.891884 0.761060 0.876138 0.625033 0.790674 0.835466 0.897167 0.423664 0.428613 0.540398 0.447091 0.855335 0.846763 0.986755 0.834268 0.785264 0.811072 0.962931 0.965661 0.846848 0.822607 0.850600 0.899541 0.738786 0.770904 0.770238 0.744944 0.552881 0.516935 0.992619 0.817595 0.812165 0.696637 0.620660 0.783769 0.727881 0.763287 0.929181 0.824462 0.848133 0.947908 0.742408 0.697356 0.678504 0.697790 0.937198 0.974973 0.630140 0.794031 0.961366 0.929195 0.879991 0.991867 0.787885 0.964787 0.871643 0.867590 0.713927 0.891704
0.988877 0.982452 0.838300 0.885061 0.000000 0.889529 0.692415 0.781023 0.654358 0.969084 0.770657 0.866701 0.653641 0.869513 0.870432 0.900769 0.973917 0.914053 0.927112 0.909280 0.814836 0.765849 0.806081 0.889346 0.887309 0.960429 0.986168 0.972476 0.981692 0.936415 0.973794 0.940023 0.930425 0.858232 0.930794 0.850538 0.972882 0.878855 0.979473 0.953704 0.910708 0.986718 0.911541 0.957189 0.859570 0.999753 0.879835 0.949979 0.866881 0.754706 0.945670 0.938802 0.944901 0.963213 0.840220 0.879808 0.966253 0.895014 0.951793 0.998384 0.647134 0.790498 0.809035 0.910305 0.850717 0.723811 0.838246 0.806110 0.887236 0.850269 0.971230 0.878019 0.965973 0.995731 0.956251 0.962403 0.942263 0.946166 0.938092 0.940424 0.894942 0.899821 0.877920 0.779936 0.706988 0.670111 0.944299 0.771205 0.876382 0.950410 0.812265 0.968642 0.909546 0.950474 0.993631 0.989431 0.902813 0.969504 0.927539 0.858778 0.822874 0.884558 0.958986 0.893569 0.794923 0.986519 0.995940 0.986542 0.969876 0.970046 0.898611 0.942893 0.931625 0.942477 0.881730 0.920007
0.984205 0.920730 0.983970 0.798806 0.889529 0.000000 0.925648 0.830470 0.896728 0.816492 0.965137 0.874540 0.934977 0.953286 0.969088 0.705447 0.941253 0.956427 0.954214 0.968009 0.968390 0.893552 0.768831 0.835909 0.923910 0.934430 0.939960 0.831468 0.978370 0.966063 0.816399 0.983128 0.925881 0.916806 0.824773 0.824712 0.896701 0.892063 0.992286 0.946417 0.977008 0.887961 0.962895 0.978005 0.761232 0.863861 0.898842 0.857727 0.848252 0.969885 0.912177 0.933543 0.923915 0.945548 0.975554 0.969218 0.944443 0.954469 0.846089 0.937199 0.885708 0.828320 0.951236 0.909222 0.911640 0.840011 0.864831 0.827208 0.865666 0.925439 0.885561 0.862737 0.903071 0.770399 0.910751 0.880560 0.932793 0.794688 0.980158 0.906741 0.982116 0.982935 0.887255 0.972051 0.868098 0.864075 0.872246 0.832680 0.953568 0.956518 0.811647 0.928917 0.755713 0.971783 0.878698 0.923860 0.907721 0.898168 0.806540 0.877733 0.792069 0.878894 0.928840 0.964860 0.809787 0.975204 0.970863 0.898288 0.870274 0.971701 0.911638 0.916078 0.959913 0.926295 0.963863 0.982732
0.924910 0.993209 0.475457 0.517094 0.692415 0.925648 0.000000 0.482636 0.562714 0.757380 0.752450 0.889054 0.574144 0.832554 0.755191 0.934560 0.886927 0.948727 0.713990 0.943151 0.886735 0.969090 0.719834 0.878005 0.974377 0.878788 0.991253 0.921121 0.860813 0.906732 0.876662 0.916105 0.640627 0.654243 0.766409 0.929021 0.917864 0.910303 0.865409 0.956727 0.766881 0.934609 0.718526 0.691642 0.664016 0.747066 0.788565 0.761573 0.936277 0.859042 0.871938 0.988813 0.920862 0.975771 0.790128 0.861717 0.968483 0.869449 0.717323 0.931474 0.441857 0.746449 0.742671 0.943028 0.542829 0.489072 0.455064 0.478719 0.783731 0.761312 0.767507 0.882937 0.917182 0.949779 0.908289 0.990513 0.917664 0.966428 0.975524 0.993821 0.831446 0.903666 0.944666 0.861498 0.622301 0.661818 0.986705 0.850590 0.784142 0.886887 0.637987 0.726935 0.762095 0.634522 0.975896 0.814178 0.953627 0.974496 0.721058 0.628768 0.720859 0.658957 0.991265 0.870280 0.668214 0.926795 0.969396 0.983927 0.816020 0.986792 0.764017 0.850762 0.888016 0.872355 0.783758 0.948198
0.900475 0.811037 0.791162 0.586955 0.781023 0.830470 0.482636 0.000000 0.808971 0.574224 0.795028 0.601710 0.628043 0.677228 0.764879 0.727611 0.848396 0.781580 0.851530 0.803697 0.823836 0.946245 0.803407 0.908822 0.746490 0.818362 0.890790 0.906476 0.711616 0.738238 0.962808 0.948971 0.655842 0.574978 0.859524 0.991451 0.877260 0.988663 0.789230 0.969309 0.739572 0.997860 0.780636 0.700051 0.625331 0.663788 0.834163 0.699552 0.986704 0.950456 0.718918 0.808330 0.858831 0.962441 0.907454 0.874622 0.903580 0.903429 0.699550 0.769650 0.414315 0.433932 0.541438 0.565954 0.715163 0.515964 0.567522 0.495865 0.683381 0.901927 0.943148 0.872709 0.841752 0.835407 0.875942 0.985468 0.734184 0.864646 0.781006 0.974705 0.689707 0.910795 0.902202 0.880970 0.738517 0.780483 0.942168 0.886506 0.955673 0.916932 0.593791 0.782404 0.757422 0.704048 0.800925 0.804846 0.783341 0.865557 0.512945 0.503853 0.623519 0.681767 0.787444 0.816993 0.641764 0.823908 0.975461 0.856733 0.861055 0.831704 0.665902 0.712262 0.730029 0.970909 0.728392 0.967087
0.861195 0.748928 0.730294 0.824325 0.654358 0.896728 0.562714 0.808971 0.000000 0.876808 0.909222 0.843214 0.774096 0.964768 0.861812 0.953508 0.783241 0.769769 0.939138 0.766144 0.923509 0.972120 0.782609 0.972121 0.965467 0.866182 0.998477 0.927490 0.866648 0.786787 0.991107 0.871262 0.962175 0.945332 0.833864 0.829911 0.941578 0.955742 0.917036 0.982788 0.842605 0.838855 0.972376 0.984544 0.737947 0.879019 0.928934 0.997501 0.954285 0.947927 0.982293 0.944417 0.824647 0.771806 0.776861 0.925055 0.753137 0.664944 0.940148 0.883943 0.766210 0.973259 0.875146 0.746630 0.728167 0.762599 0.747526 0.775429 0.790302 0.613459 0.773655 0.657953 0.811286 0.891599 0.966919 0.944644 0.860432 0.896036 0.726126 0.789630 0.812548 0.819226 0.935319 0.947471 0.755419 0.825421 0.882797 0.867664 0.810772 0.985002 0.597827 0.605784 0.628955 0.657986 0.895513 0.919139 0.872514 0.940210 0.818350 0.809494 0.894315 0.811043 0.783071 0.954089 0.860477 0.936689 0.935135 0.968875 0.939992 0.757028 0.887521 0.994969 0.978050 0.918779 0.919247 0.977277
0.981266 0.911546 0.992470 0.944216 0.969084 0.816492 0.757380 0.574224 0.876808 0.000000 0.724865 0.814133 0.937740 0.969813 0.971805 0.973099 0.783882 0.823612 0.964235 0.823498 0.699669 0.970944 0.867883 0.794821 0.760353 0.696338 0.749331 0.821672 0.627376 0.619708 0.842566 0.892120 0.762566 0.732871 0.985704 0.993191 0.961504 0.857916 0.838691 0.984352 0.826271 0.955168 0.708469 0.611808 0.514702 0.530364 0.882306 0.741802 0.748319 0.891238 0.855569 0.996198 0.941104 0.916014 0.990106 0.924922 0.848028 0.944320 0.847828 0.912428 0.788546 0.726432 0.782691 0.786256 0.904867 0.979483 0.855017 0.870861 0.798787 0.957322 0.972360 0.795673 0.958097 0.974448 0.933986 0.993162 0.875470 0.902525 0.999786 0.977939 0.927430 0.847615 0.785355 0.918099 0.797130 0.722555 0.982198 0.920306 0.827398 0.845763 0.874171 0.866348 0.860448 0.803213 0.837619 0.830585 0.863936 0.835740 0.643879 0.717290 0.740266 0.803081 0.760020 0.782511 0.916550 0.989019 0.926222 0.953147 0.965214 0.857532 0.747945 0.754329 0.825637 0.866657 0.968641 0.995557
0.734528 0.902847 0.971758 0.935351 0.770657 0.965137 0.752450 0.795028 0.909222 0.724865 0.000000 0.737685 0.821505 0.985025 0.942426 0.914573 0.568923 0.608147 0.764666 0.703003 0.891138 0.997104 0.742372 0.701471 0.802287 0.875697 0.782023 0.729556 0.550005 0.609163 0.905260 0.990036 0.800890 0.691942 0.917604 0.970662 0.894244 0.930546 0.946944 0.968954 0.892191 0.962525 0.899012 0.761261 0.779688 0.826294 0.987045 0.966921 0.942126 0.820671 0.890464 0.737070 0.777130 0.833263 0.858511 0.863708 0.704426 0.879527 0.788593 0.905093 0.743658 0.858826 0.629330 0.806298 0.819596 0.942305 0.888349 0.881419 0.961300 0.878187 0.936913 0.920455 0.645236 0.725678 0.970367 0.845899 0.912013 0.974790 0.861847 0.871402 0.831291 0.893009 0.876273 0.934937 0.904090 0.885228 0.823516 0.967588 0.838588 0.826714 0.767980 0.824221 0.863811 0.968088 0.907146 0.845321 0.973517 0.970079 0.911185 0.843000 0.944864 0.938891 0.952403 0.789451 0.939395 0.820656 0.877054 0.842972 0.997887 0.891506 0.869880 0.934652 0.987796 0.913584 0.965381 0.948225
0.683340 0.614297 0.857019 0.878743 0.866701 0.874540 0.889054 0.601710 0.843214 0.814133 0.737685 0.000000 0.656912 0.525583 0.677626 0.561064 0.587572 0.528643 0.748591 0.544901 0.910287 0.930209 0.929182 0.899575 0.718198 0.717305 0.859892 0.812651 0.497827 0.553916 0.994181 0.891853 0.697587 0.525142 0.979857 0.962739 0.898964 0.941150 0.811738 0.894712 0.873781 0.991076 0.870836 0.704139 0.760286 0.686685 0.894225 0.768746 0.973369 0.886674 0.867078 0.976318 0.873943 0.801579 0.972945 0.865480 0.631018 0.626108 0.759206 0.749665 0.526838 0.445941 0.462495 0.368543 0.993302 0.732846 0.830120 0.706970 0.987942 0.780995 0.907427 0.725389 0.818768 0.861119 0.899060 0.866706 0.654616 0.778861 0.647622 0.778075 0.579297 0.653238 0.710921 0.842049 0.828445 0.819535 0.873536 0.852829 0.785919 0.973284 0.939148 0.734368 0.803693 0.830819 0.806556 0.808205 0.780283 0.799107 0.803971 0.706536 0.839015 0.874754 0.723417 0.807823 0.886521 0.972507 0.994279 0.984076 0.989067 0.728119 0.676892 0.773170 0.800030 0.765868 0.793750 0.961531
0.994717 0.961124 0.698040 0.712846 0.653641 0.934977 0.574144 0.628043 0.774096 0.937740 0.821505 0.656912 0.000000 0.445398 0.430248 0.555031 0.819059 0.847978 0.774964 0.788915 0.940576 0.927516 0.565790 0.693960 0.925204 0.985610 0.936624 0.959986 0.759603 0.788407 0.865233 0.839817 0.691795 0.699865 0.862133 0.945860 0.987843 0.871789 0.725994 0.963736 0.760366 0.841950 0.971303 0.908876 0.838572 0.856522 0.914409 0.847678 0.799703 0.864260 0.785095 0.932049 0.868477 0.777057 0.871535 0.737859 0.945402 0.951506 0.952310 0.986184 0.386634 0.677509 0.638207 0.734434 0.664337 0.614095 0.801900 0.675327 0.653187 0.865610 0.819654 0.944345 0.902879 0.921210 0.868601 0.884401 0.921981 0.913628 0.808467 0.884696 0.737549 0.753866 0.695347 0.906492 0.544793 0.611002 0.826928 0.721070 0.906904 0.967922 0.859543 0.874260 0.935303 0.956269 0.892215 0.965884 0.922335 0.931838 0.863996 0.824657 0.899009 0.808779 0.935502 0.887827 0.819117 0.974155 0.890845 0.838699 0.983736 0.974184 0.872597 0.854559 0.945731 0.997206 0.726453 0.988729
0.990196 0.867685 0.981143 0.816224 0.869513 0.953286 0.832554 0.677228 0.964768 0.969813 0.985025 0.525583 0.445398 0.000000 0.399916 0.432584 0.803210 0.767035 0.864443 0.739427 0.936285 0.913056 0.643108 0.713253 0.821610 0.798462 0.931527 0.988925 0.704083 0.704505 0.943597 0.827796 0.749925 0.718771 0.984330 0.940727 0.823172 0.919082 0.602406 0.930040 0.724846 0.830476 0.908216 0.928155 0.939562 0.863332 0.992833 0.845639 0.743984 0.895302 0.786756 0.895511 0.935967 0.823249 0.896083 0.681190 0.978420 0.920339 0.955588 0.907654 0.513630 0.635897 0.627956 0.571861 0.818949 0.695239 0.972323 0.820624 0.716845 0.984098 0.856126 0.929229 0.928035 0.925466 0.853089 0.836540 0.878301 0.907794 0.737106 0.822226 0.710521 0.755954 0.649394 0.950895 0.686625 0.713258 0.734620 0.822657 0.983607 0.980271 0.994416 0.710454 0.764050 0.754419 0.967231 0.975236 0.979006 0.949192 0.928263 0.853655 0.984792 0.907731 0.848754 0.912281 0.864177 0.961295 0.867123 0.809184 0.917359 0.922456 0.802506 0.839208 0.981461 0.891115 0.758155 0.991131
0.918910 0.959249 0.825045 0.734083 0.870432 0.969088 0.755191 0.764879 0.861812 0.971805 0.942426 0.677626 0.430248 0.399916 0.000000 0.528479 0.862000 0.860462 0.816339 0.822130 0.993816 0.933353 0.514988 0.668307 0.931198 0.965248 0.850565 0.933123 0.800571 0.825159 0.866784 0.722417 0.685734 0.796226 0.896711 0.974667 0.965779 0.966434 0.725237 0.829368 0.766475 0.857420 0.954206 0.968662 0.896788 0.878430 0.909686 0.802652 0.763681 0.926982 0.817473 0.884390 0.896216 0.772717 0.912898 0.820785 0.911961 0.985734 0.995595 0.985724 0.554521 0.741789 0.766475 0.755501 0.691658 0.677813 0.916041 0.793228 0.730382 0.951011 0.810307 0.980188 0.897076 0.924305 0.896429 0.884251 0.916947 0.972172 0.793295 0.883350 0.794553 0.786246 0.626933 0.972616 0.601181 0.635520 0.742195 0.791364 0.928697 0.939614 0.926527 0.831840 0.887631 0.843837 0.923143 0.927881 0.979500 0.941397 0.912417 0.838370 0.957556 0.846718 0.965123 0.933727 0.803760 0.950412 0.859964 0.808276 0.883674 0.979066 0.882600 0.845355 0.947486 0.992458 0.737880 0.861580
0.996072 0.814639 0.920266 0.840001 0.900769 0.705447 0.934560 0.727611 0.953508 0.973099 0.914573 0.561064 0.555031 0.432584 0.528479 0.000000 0.921710 0.824265 0.844460 0.768195 0.907212 0.849529 0.572076 0.623791 0.825813 0.915043 0.935458 0.993060 0.749940 0.803313 0.865590 0.818542 0.780879 0.751587 0.975866 0.987064 0.923476 0.996329 0.740103 0.966270 0.837390 0.811609 0.917927 0.967576 0.843019 0.803149 0.984886 0.825934 0.855034 0.938917 0.817954 0.887354 0.908715 0.848767 0.964211 0.778094 0.933459 0.880880 0.920179 0.977321 0.613723 0.638461 0.658697 0.557570 0.856280 0.736709 0.950568 0.764956 0.742209 0.912181 0.981838 0.850735 0.857264 0.834655 0.918758 0.878860 0.866208 0.907739 0.726893 0.877073 0.727711 0.754971 0.596867 0.933607 0.708735 0.727621 0.699736 0.732728 0.910113 0.989466 0.955266 0.795324 0.884344 0.780283 0.970519 0.957473 0.991788 0.897508 0.869441 0.873266 0.861372 0.935337 0.837001 0.878088 0.816448 0.900202 0.949428 0.944174 0.980455 0.849403 0.796516 0.829494 0.971268 0.905803 0.771797 0.984358
0.627273 0.620230 0.959532 0.945104 0.973917 0.941253 0.886927 0.848396 0.783241 0.783882 0.568923 0.587572 0.819059 0.803210 0.862000 0.921710 0.000000 0.360338 0.517932 0.438388 0.995318 0.913052 0.868075 0.889912 0.988123 0.873467 0.905063 0.786113 0.434549 0.445333 0.772918 0.713763 0.556584 0.550977 0.985153 0.937374 0.919727 0.954459 0.962511 0.997346 0.921915 0.841737 0.703858 0.559822 0.791689 0.711893 0.660883 0.673128 0.927778 0.989802 0.920821 0.820658 0.813885 0.788999 0.938916 0.894105 0.459637 0.533986 0.634603 0.816963 0.752703 0.830472 0.523914 0.578806 0.957590 0.974281 0.881823 0.794754 0.860137 0.571242 0.818469 0.737463 0.628748 0.611588 0.914100 0.906840 0.757686 0.868026 0.605161 0.588140 0.542582 0.623617 0.881071 0.837249 0.995702 0.994078 0.883400 0.937068 0.725458 0.953160 0.681882 0.641426 0.715062 0.805762 0.861174 0.796053 0.820369 0.883767 0.942321 0.887833 0.884548 0.950004 0.698401 0.681410 0.947563 0.925897 0.947130 0.821760 0.970710 0.687513 0.717128 0.844750 0.949476 0.852990 0.873299 0.994608
0.599847 0.549361 0.961177 0.951710 0.914053 0.956427 0.948727 0.781580 0.769769 0.823612 0.608147 0.528643 0.847978 0.767035 0.860462 0.824265 0.360338 0.000000 0.562731 0.426488 0.982281 0.987948 0.921997 0.921331 0.891458 0.855627 0.916284 0.760214 0.444581 0.444140 0.779099 0.715798 0.591014 0.512167 0.931715 0.964447 0.974043 0.907964 0.988967 0.983771 0.894212 0.844532 0.752675 0.582648 0.804416 0.711040 0.709440 0.667815 0.997540 0.979796 0.972437 0.858395 0.772853 0.755210 0.943141 0.956617 0.425333 0.496828 0.675849 0.765225 0.742787 0.732970 0.471986 0.453980 0.937980 0.936219 0.894872 0.771898 0.827684 0.486448 0.734221 0.697649 0.577779 0.605708 0.893131 0.876794 0.713275 0.797581 0.512098 0.537327 0.445759 0.552550 0.768586 0.712587 0.981018 0.920398 0.936634 0.980526 0.693807 0.997859 0.699705 0.592651 0.673164 0.729396 0.789490 0.804659 0.694117 0.758942 0.892577 0.824576 0.842189 0.995949 0.641404 0.705874 0.886563 0.957415 0.994947 0.866545 0.929669 0.593053 0.648229 0.845816 0.931085 0.841441 0.820405 0.966825
0.606125 0.622359 0.636284 0.669030 0.927112 0.954214 0.713990 0.851530 0.939138 0.964235 0.764666 0.748591 0.774964 0.864443 0.816339 0.844460 0.517932 0.562731 0.000000 0.551451 0.843279 0.860651 0.815099 0.807883 0.745660 0.745771 0.886280 0.969234 0.644190 0.718643 0.635514 0.700523 0.494530 0.545468 0.889320 0.975980 0.930851 0.820703 0.990794 0.962343 0.922475 0.912567 0.607748 0.576159 0.782085 0.777729 0.543606 0.636156 0.930500 0.958527 0.833234 0.931415 0.960774 0.875053 0.908945 0.904089 0.561363 0.684555 0.658160 0.871606 0.731164 0.935408 0.668694 0.799528 0.687074 0.733827 0.631855 0.617163 0.808626 0.678578 0.804854 0.744749 0.766249 0.704171 0.969414 0.854170 0.747905 0.862665 0.713588 0.633349 0.619938 0.595854 0.762240 0.737193 0.765255 0.708161 0.822986 0.934805 0.949603 0.898715 0.904139 0.851647 0.893648 0.973035 0.936091 0.838412 0.829343 0.772433 0.957787 0.801674 0.722221 0.903936 0.781589 0.738473 0.821752 0.896788 0.932747 0.902933 0.926340 0.898365 0.682944 0.913333 0.965728 0.991940 0.853138 0.894935
0.563552 0.552531 0.969947 0.896046 0.909280 0.968009 0.943151 0.803697 0.766144 0.823498 0.703003 0.544901 0.788915 0.739427 0.822130 0.768195 0.438388 0.426488 0.551451 0.000000 0.986583 0.975141 0.955180 0.910051 0.971901 0.901480 0.948984 0.826325 0.481094 0.546242 0.798645 0.710632 0.548399 0.560699 0.886627 0.906599 0.942194 0.845765 0.912764 0.997707 0.962776 0.855296 0.732567 0.635797 0.871281 0.757249 0.750125 0.703029 0.900325 0.879575 0.811274 0.980307 0.911058 0.864155 0.941968 0.928169 0.504407 0.485847 0.680153 0.674406 0.740480 0.729713 0.558127 0.543383 0.992624 0.899056 0.812442 0.750693 0.818748 0.542747 0.781009 0.698565 0.651198 0.711997 0.986258 0.836633 0.685671 0.783346 0.643097 0.638090 0.504654 0.574574 0.827776 0.727044 0.882607 0.869995 0.791681 0.992166 0.738890 0.898566 0.748532 0.645433 0.732929 0.732502 0.835047 0.849327 0.810655 0.832454 0.942370 0.838496 0.720633 0.957530 0.636937 0.747884 0.788954 0.957768 0.887275 0.895427 0.928865 0.744794 0.627739 0.855336 0.993821 0.793660 0.775649 0.964563
0.864722 0.965117 0.755365 0.841902 0.814836 0.968390 0.886735 0.823836 0.923509 0.699669 0.891138 0.910287 0.940576 0.936285 0.993816 0.907212 0.995318 0.982281 0.843279 0.986583 0.000000 0.921779 0.963979 0.923687 0.797346 0.667569 0.888114 0.804010 0.972792 0.920536 0.978484 0.983388 0.932851 0.957605 0.852989 0.903029 0.920830 0.920260 0.767263 0.953144 0.919170 0.935848 0.950904 0.979154 0.804936 0.779171 0.949191 0.886256 0.823573 0.890018 0.916900 0.946291 0.908139 0.941136 0.996690 0.889552 0.990027 0.916035 0.992247 0.934973 0.997696 0.845095 0.975457 0.845613 0.861376 0.880630 0.905283 0.891117 0.859332 0.994588 0.920127 0.866120 0.893103 0.886932 0.797655 0.877001 0.987637 0.990278 0.978900 0.865016 0.978605 0.889800 0.947734 0.912071 0.874465 0.770990 0.876012 0.956696 0.919757 0.976312 0.857537 0.896552 0.948785 0.958846 0.874091 0.922586 0.841099 0.977327 0.735210 0.895570 0.993779 0.904654 0.859972 0.855477 0.994787 0.941075 0.993817 0.937405 0.992253 0.946853 0.944000 0.751417 0.883609 0.889375 0.925422 0.998728
0.903420 0.945793 0.808688 0.888820 0.765849 0.893552 0.969090 0.946245 0.972120 0.970944 0.997104 0.930209 0.927516 0.913056 0.933353 0.849529 0.913052 0.987948 0.860651 0.975141 0.921779 0.000000 0.904196 0.990347 0.859216 0.947809 0.989069 0.872281 0.899183 0.950265 0.868964 0.930330 0.916542 0.891906 0.970855 0.919439 0.834514 0.775459 0.879664 0.764254 0.910242 0.927679 0.792076 0.878926 0.972267 0.939494 0.720735 0.936224 0.977535 0.832031 0.901869 0.940962 0.852850 0.974701 0.965108 0.934899 0.948691 0.949997 0.871669 0.997028 0.876104 0.818504 0.999263 0.933743 0.972832 0.921472 0.933491 0.904256 0.997576 0.992119 0.980411 0.898092 0.962529 0.887845 0.947668 0.829704 0.954198 0.942474 0.949942 0.944140 0.994390 0.999917 0.957150 0.962805 0.875684 0.889002 0.826201 0.832658 0.939492 0.939148 0.942058 0.941110 0.947680 0.905384 0.967705 0.911401 0.859167 0.917088 0.877206 0.965980 0.995799 0.955065 0.914864 0.813404 0.885910 0.798720 0.874487 0.973870 0.909633 0.937336 0.930625 0.963550 0.891762 0.941370 0.926955 0.996313
0.877425 0.995509 0.664722 0.563634 0.806081 0.768831 0.719834 0.803407 0.782609 0.867883 0.742372 0.929182 0.565790 0.643108 0.514988 0.572076 0.868075 0.921997 0.815099 0.955180 0.963979 0.904196 0.000000 0.423553 0.828822 0.704534 0.711749 0.873019 0.848759 0.867274 0.775595 0.768955 0.734346 0.872579 0.777141 0.792864 0.827476 0.960088 0.817799 0.954459 0.812073 0.815023 0.966777 0.942831 0.898235 0.942446 0.903306 0.773311 0.869389 0.992343 0.786753 0.783705 0.742538 0.711866 0.983323 0.975453 0.845209 0.934286 0.892506 0.963711 0.666997 0.859154 0.972312 0.953564 0.488246 0.550297 0.797034 0.664350 0.780921 0.852282 0.946919 0.937162 0.737200 0.737412 0.849971 0.939254 0.912732 0.883212 0.931917 0.931833 0.835106 0.766479 0.559105 0.841956 0.424125 0.461531 0.797259 0.602495 0.832251 0.726726 0.703131 0.940402 0.879035 0.970678 0.908913 0.972607 0.946923 0.999058 0.894049 0.808963 0.782841 0.795443 0.982769 0.796114 0.651289 0.812517 0.840064 0.926573 0.973426 0.975589 0.904996 0.921257 0.933670 0.958174 0.719196 0.993207
0.962804 0.896712 0.718742 0.571801 0.889346 0.835909 0.878005 0.908822 0.972121 0.794821 0.701471 0.899575 0.693960 0.713253 0.668307 0.623791 0.889912 0.921331 0.807883 0.910051 0.923687 0.990347 0.423553 0.000000 0.740072 0.728408 0.659101 0.887233 0.852120 0.832721 0.823333 0.803026 0.825018 0.889490 0.881839 0.801388 0.854430 0.867697 0.873699 0.990039 0.995790 0.890909 0.962891 0.944101 0.953791 0.993527 0.832066 0.826112 0.925664 0.878880 0.729984 0.746875 0.739427 0.844882 0.874150 0.988359 0.978354 0.923813 0.960888 0.931905 0.806736 0.893426 0.990803 0.943424 0.583205 0.627680 0.874387 0.735343 0.957903 0.900534 0.982015 0.858935 0.750055 0.757327 0.935493 0.899163 0.965954 0.930790 0.911490 0.871762 0.818037 0.701350 0.611641 0.793610 0.494876 0.489931 0.834659 0.572090 0.767927 0.690456 0.781427 0.967358 0.884587 0.978208 0.900196 0.979753 0.928990 0.865321 0.950147 0.935884 0.763793 0.905739 0.859367 0.825167 0.744153 0.757403 0.877984 0.992771 0.974567 0.987860 0.938934 0.945339 0.996049 0.944759 0.811939 0.830826
0.774772 0.805160 0.568138 0.779268 0.887309 0.923910 0.974377 0.746490 0.965467 0.760353 0.802287 0.718198 0.925204 0.821610 0.931198 0.825813 0.988123 0.891458 0.745660 0.971901 0.797346 0.859216 0.828822 0.740072 0.000000 0.472904 0.720936 0.852820 0.794172 0.706074 0.746968 0.977996 0.875186 0.968094 0.751248 0.936650 0.718339 0.869683 0.816573 0.841196 0.801320 0.938560 0.767991 0.889916 0.856931 0.974382 0.683137 0.784265 0.778846 0.641891 0.761097 0.789663 0.732181 0.899692 0.707584 0.760254 0.896525 0.855993 0.761513 0.817085 0.868387 0.749996 0.747734 0.705409 0.608675 0.918920 0.820765 0.902496 0.740732 0.906423 0.798131 0.980549 0.939564 0.939172 0.919572 0.954892 0.999120 0.958950 0.943743 0.959333 0.920921 0.794356 0.967569 0.847619 0.747317 0.767525 0.733153 0.973524 0.817289 0.663286 0.961430 0.988092 0.933839 0.967104 0.965895 0.917911 0.980731 0.962078 0.812032 0.813265 0.913391 0.930135 0.970995 0.972593 0.925981 0.970433 0.897968 0.855692 0.971575 0.900811 0.907830 0.839401 0.878994 0.944552 0.917468 0.787642
0.891940 0.918965 0.570663 0.673955 0.960429 0.934430 0.878788 0.818362 0.866182 0.696338 0.875697 0.717305 0.985610 0.798462 0.965248 0.915043 0.873467 0.855627 0.745771 0.901480 0.667569 0.947809 0.704534 0.728408 0.472904 0.000000 0.740100 0.816757 0.721256 0.643359 0.683256 0.925869 0.842166 0.980281 0.825056 0.913111 0.703254 0.913773 0.806975 0.882776 0.816134 0.949089 0.873129 0.984033 0.952424 0.909558 0.728513 0.853959 0.848697 0.854058 0.893081 0.805649 0.810535 0.888422 0.775203 0.770601 0.982879 0.980154 0.961014 0.991402 0.916509 0.738675 0.749127 0.689095 0.571692 0.811602 0.765503 0.784571 0.840813 0.910325 0.833517 0.990437 0.971524 0.990829 0.926352 0.923831 0.850657 0.944223 0.977864 0.949385 0.972659 0.827940 0.862319 0.862780 0.692769 0.637208 0.805346 0.886677 0.789609 0.665393 0.920210 0.857235 0.849416 0.954406 0.871995 0.996991 0.939696 0.999791 0.914430 0.980971 0.933100 0.990345 0.812128 0.905941 0.875799 0.865810 0.914007 0.921157 0.974727 0.856241 0.895484 0.799850 0.849370 0.841538 0.848591 0.878870
0.977132 0.970359 0.828074 0.850209 0.986168 0.939960 0.991253 0.890790 0.998477 0.749331 0.782023 0.859892 0.936624 0.931527 0.850565 0.935458 0.905063 0.916284 0.886280 0.948984 0.888114 0.989069 0.711749 0.659101 0.720936 0.740100 0.000000 0.881842 0.743579 0.871053 0.883045 0.865593 0.951262 0.993334 0.968050 0.952911 0.953926 0.916044 0.938985 0.991706 0.915104 0.938752 0.898385 0.825403 0.862919 0.847897 0.956430 0.962602 0.916148 0.935791 0.997119 0.955813 0.912443 0.958433 0.938536 0.986067 0.953327 0.983608 0.899321 0.952085 0.945853 0.870876 0.858663 0.868581 0.813049 0.901883 0.919174 0.995856 0.966836 0.977179 0.945309 0.938265 0.818705 0.893585 0.950837 0.956581 0.866210 0.957580 0.943872 0.874854 0.996422 0.879561 0.873751 0.938709 0.755402 0.723636 0.968083 0.775619 0.923072 0.881224 0.920069 0.959432 0.999613 0.999225 0.998613 0.907453 0.869613 0.785670 0.889765 0.963376 0.930549 0.893546 0.928436 0.937051 0.885046 0.830230 0.979248 0.845741 0.957093 0.975649 0.972237 0.984332 0.848699 0.925267 0.955719 0.850917
0.871290 0.914791 0.865450 0.854895 0.972476 0.831468 0.921121 0.906476 0.927490 0.821672 0.729556 0.812651 0.959986 0.988925 0.933123 0.993060 0.786113 0.760214 0.969234 0.826325 0.804010 0.872281 0.873019 0.887233 0.852820 0.816757 0.881842 0.000000 0.836985 0.834756 0.920592 0.978063 0.935317 0.862736 0.859366 0.935766 0.904722 0.964375 0.905192 0.833968 0.858800 0.975614 0.859308 0.796907 0.849328 0.824869 0.961750 0.960513 0.983922 0.922141 0.893318 0.815201 0.903023 0.819257 0.846811 0.953896 0.794390 0.889669 0.846900 0.884743 0.871154 0.860827 0.870237 0.821649 0.835266 0.943347 0.998038 0.946197 0.821871 0.897464 0.976444 0.995131 0.823718 0.866229 0.935222 0.950529 0.992686 0.913323 0.912286 0.885255 0.820680 0.844809 0.952858 0.950056 0.958016 0.909449 0.946808 0.943017 0.776124 0.978573 0.898412 0.931440 0.861547 0.968937 0.985788 0.920376 0.974044 0.944088 0.983342 0.858575 0.942331 0.964810 0.872420 0.879199 0.928667 0.990196 0.995922 0.944135 0.949401 0.942905 0.824545 0.939438 0.873307 0.801759 0.976505 0.946653
0.682504 0.681437 0.936683 0.987534 0.981692 0.978370 0.860813 0.711616 0.866648 0.627376 0.550005 0.497827 0.759603 0.704083 0.800571 0.749940 0.434549 0.444581 0.644190 0.481094 0.972792 0.899183 0.848759 0.852120 0.794172 0.721256 0.743579 0.836985 0.000000 0.411982 0.807637 0.759239 0.591090 0.530281 0.944251 0.825859 0.937761 0.935689 0.817676 0.978197 0.825555 0.890269 0.729839 0.559338 0.703172 0.601607 0.765647 0.729798 0.928822 0.997366 0.889323 0.889147 0.833513 0.888455 0.978734 0.857495 0.577731 0.671488 0.710381 0.806453 0.693539 0.715058 0.477596 0.517761 0.882507 0.996801 0.862111 0.813903 0.993362 0.629491 0.951654 0.790440 0.645720 0.654331 0.970700 0.854864 0.678280 0.912133 0.691132 0.719329 0.620073 0.788584 0.922236 0.943959 0.905358 0.887933 0.957750 0.923342 0.721988 0.821800 0.733005 0.703116 0.759722 0.849729 0.836464 0.816072 0.836113 0.826158 0.842181 0.800771 0.825559 0.967309 0.714506 0.709818 0.981261 0.957449 0.972614 0.894384 0.969067 0.710180 0.696254 0.744572 0.886676 0.818821 0.885585 0.965267
0.880980 0.807842 0.889717 0.951012 0.936415 0.966063 0.906732 0.738238 0.786787 0.619708 0.609163 0.553916 0.788407 0.704505 0.825159 0.803313 0.445333 0.444140 0.718643 0.546242 0.920536 0.950265 0.867274 0.832721 0.706074 0.643359 0.871053 0.834756 0.411982 0.000000 0.792225 0.694947 0.663544 0.546304 0.854335 0.882373 0.862858 0.959195 0.884413 0.982258 0.854962 0.935375 0.830265 0.633142 0.744858 0.686345 0.862306 0.806340 0.897061 0.848160 0.942080 0.715450 0.726559 0.831779 0.929700 0.714238 0.640985 0.753244 0.871997 0.975403 0.741098 0.790397 0.475967 0.526370 0.756650 0.903028 0.987979 0.897079 0.875130 0.691481 0.955768 0.762666 0.760773 0.722315 0.947166 0.847105 0.830031 0.856032 0.700236 0.648175 0.662236 0.817175 0.904753 0.905828 0.816471 0.818454 0.962790 0.970463 0.662424 0.704557 0.729199 0.640636 0.679052 0.796819 0.806923 0.797632 0.864190 0.809768 0.879510 0.941184 0.909000 0.984490 0.647655 0.816666 0.986121 0.888139 0.969565 0.844799 0.917671 0.619267 0.659162 0.820100 0.877796 0.821344 0.937279 0.913221
0.938098 0.790636 0.722102 0.731978 0.973794 0.816399 0.876662 0.962808 0.991107 0.842566 0.905260 0.994181 0.865233 0.943597 0.866784 0.865590 0.772918 0.779099 0.635514 0.798645 0.978484 0.868964 0.775595 0.823333 0.746968 0.683256 0.883045 0.920592 0.807637 0.792225 0.000000 0.637796 0.619819 0.718925 0.937621 0.962438 0.733944 0.855988 0.993945 0.909244 0.959037 0.947813 0.686386 0.698555 0.723872 0.725078 0.625439 0.584234 0.838644 0.826917 0.853146 0.976162 0.916342 0.852364 0.785627 0.991425 0.718416 0.768409 0.987818 0.999039 0.937737 0.893034 0.868363 0.936214 0.851683 0.982529 0.903507 0.833879 0.929026 0.827967 0.786105 0.790904 0.928930 0.911050 0.918771 0.830454 0.986793 0.815452 0.823084 0.693617 0.731642 0.739197 0.819661 0.811634 0.918215 0.904752 0.934814 0.838983 0.921619 0.905914 0.873840 0.863139 0.921449 0.841947 0.935373 0.804058 0.893325 0.862389 0.921984 0.990142 0.896518 0.906467 0.867034 0.985447 0.968202 0.937602 0.991541 0.837392 0.891671 0.879452 0.855075 0.992281 0.901122 0.990722 0.877762 0.936541
0.920638 0.944850 0.842118 0.827345 0.940023 0.983128 0.916105 0.948971 0.871262 0.892120 0.990036 0.891853 0.839817 0.827796 0.722417 0.818542 0.713763 0.715798 0.700523 0.710632 0.983388 0.930330 0.768955 0.803026 0.977996 0.925869 0.865593 0.978063 0.759239 0.694947 0.637796 0.000000 0.595557 0.797256 0.991439 0.962003 0.915137 0.900751 0.904697 0.942842 0.933821 0.840845 0.835401 0.794152 0.836123 0.807848 0.759051 0.744950 0.890699 0.989671 0.968429 0.894929 0.904500 0.991096 0.886552 0.925217 0.823776 0.801236 0.923955 0.900804 0.910161 0.949603 0.770684 0.800129 0.936312 0.993193 0.986955 0.865644 0.976553 0.829200 0.903857 0.682964 0.951798 0.896657 0.956517 0.955981 0.986027 0.828253 0.698037 0.578201 0.676682 0.732749 0.731181 0.713944 0.959209 0.894028 0.999355 0.803146 0.829113 0.996481 0.862801 0.875723 0.812617 0.849531 0.939517 0.929693 0.990709 0.809650 0.997241 0.964084 0.896747 0.914860 0.789938 0.842723 0.817939 0.852845 0.944786 0.859555 0.885666 0.807920 0.799928 0.930843 0.849910 0.897830 0.902457 0.962479
0.749938 0.622737 0.660371 0.587174 0.930425 0.925881 0.640627 0.655842 0.962175 0.762566 0.800890 0.697587 0.691795 0.749925 0.685734 0.780879 0.556584 0.591014 0.494530 0.548399 0.932851 0.916542 0.734346 0.825018 0.875186 0.842166 0.951262 0.935317 0.591090 0.663544 0.619819 0.595557 0.000000 0.521309 0.796786 0.990998 0.880643 0.946736 0.931127 0.984430 0.874439 0.833458 0.635481 0.556720 0.675217 0.650226 0.555485 0.550662 0.921894 0.879368 0.686869 0.866240 0.925608 0.954047 0.877682 0.980078 0.631514 0.646166 0.616827 0.752197 0.612842 0.777833 0.595767 0.665573 0.683799 0.699562 0.626388 0.533267 0.981555 0.811166 0.892765 0.749058 0.887058 0.909957 0.967054 0.861722 0.709380 0.832417 0.713591 0.651968 0.534205 0.649401 0.749289 0.748137 0.718535 0.743408 0.841642 0.885994 0.926021 0.807132 0.985340 0.914628 0.949651 0.962859 0.852627 0.829329 0.910795 0.871205 0.723212 0.691885 0.722109 0.830363 0.800822 0.787276 0.670045 0.889641 0.926707 0.893523 0.964416 0.828530 0.747468 0.880243 0.954228 0.944001 0.703973 0.995633
0.619416 0.568297 0.759852 0.676212 0.858232 0.916806 0.654243 0.574978 0.945332 0.732871 0.691942 0.525142 0.699865 0.718771 0.796226 0.751587 0.550977 0.512167 0.545468 0.560699 0.957605 0.891906 0.872579 0.889490 0.968094 0.980281 0.993334 0.862736 0.530281 0.546304 0.718925 0.797256 0.521309 0.000000 0.848089 0.961343 0.902808 0.876370 0.955696 0.952826 0.922337 0.892281 0.607287 0.486555 0.657368 0.597360 0.616632 0.566963 0.912602 0.983420 0.751342 0.990546 0.978987 0.878170 0.961363 0.924626 0.564146 0.652001 0.612258 0.715705 0.575102 0.639557 0.537175 0.564064 0.777900 0.695430 0.628867 0.529747 0.977853 0.779605 0.823872 0.734748 0.778001 0.750553 0.889627 0.880968 0.675658 0.721166 0.684308 0.736468 0.536685 0.648823 0.791816 0.729914 0.793488 0.787176 0.946336 0.887531 0.863968 0.956490 0.992064 0.840800 0.912404 0.976752 0.808316 0.723523 0.768204 0.785492 0.708936 0.684899 0.690867 0.930604 0.677435 0.750609 0.726271 0.919624 0.925484 0.914003 0.878533 0.675739 0.698732 0.751752 0.764326 0.893356 0.718325 0.870595
0.812639 0.854243 0.687415 0.672903 0.930794 0.824773 0.766409 0.859524 0.833864 0.985704 0.917604 0.979857 0.862133 0.984330 0.896711 0.975866 0.985153 0.931715 0.889320 0.886627 0.852989 0.970855 0.777141 0.881839 0.751248 0.825056 0.968050 0.859366 0.944251 0.854335 0.937621 0.991439 0.796786 0.848089 0.000000 0.913853 0.742005 0.982002 0.879656 0.925713 0.954257 0.969467 0.768645 0.794027 0.895117 0.856809 0.877364 0.790091 0.806576 0.740092 0.717898 0.759157 0.767688 0.847393 0.866172 0.836697 0.951108 0.894532 0.765093 0.798092 0.785601 0.799702 0.935659 0.957229 0.607866 0.646543 0.683433 0.710004 0.972815 0.946636 0.945947 0.931799 0.959348 0.930421 0.975929 0.931271 0.726440 0.822123 0.990610 0.899361 0.895000 0.896376 0.889221 0.826206 0.669294 0.714145 0.905814 0.986535 0.886153 0.744743 0.807390 0.854351 0.838840 0.831228 0.965730 0.908258 0.939616 0.916003 0.886959 0.921865 0.862900 0.831776 0.993238 0.861539 0.814234 0.984369 0.868435 0.985895 0.913392 0.947635 0.949462 0.987964 0.864591 0.917714 0.731978 0.907251
0.998133 0.960834 0.878345 0.898591 0.850538 0.824712 0.929021 0.991451 0.829911 0.993191 0.970662 0.962739 0.945860 0.940727 0.974667 0.987064 0.937374 0.964447 0.975980 0.906599 0.903029 0.919439 0.792864 0.801388 0.936650 0.913111 0.952911 0.935766 0.825859 0.882373 0.962438 0.962003 0.990998 0.961343 0.913853 0.000000 0.950617 0.929710 0.998425 0.882293 0.957504 0.934582 0.984995 0.987682 0.864246 0.953551 0.984851 0.911210 0.974138 0.957767 0.929949 0.954088 0.988384 0.969114 0.959392 0.948672 0.990730 0.906583 0.972588 0.929313 0.924378 0.952109 0.851639 0.897496 0.837231 0.896506 0.964585 0.937383 0.937885 0.938611 0.982145 0.941479 0.982730 0.918595 0.886393 0.921776 0.868523 0.894624 0.920849 0.938009 0.972873 0.913890 0.762508 0.883905 0.784200 0.817625 0.860986 0.706852 0.845006 0.863891 0.889189 0.969087 0.853742 0.937766 0.983319 0.943098 0.828757 0.862339 0.982573 0.992697 0.877634 0.907235 0.878549 0.901567 0.907489 0.956221 0.767086 0.978872 0.989195 0.980288 0.960722 0.994099 0.945820 0.966563 0.926002 0.976147
0.931806 0.817436 0.851524 0.932104 0.972882 0.896701 0.917864 0.877260 0.941578 0.961504 0.894244 0.898964 0.987843 0.823172 0.965779 0.923476 0.919727 0.974043 0.930851 0.942194 0.920830 0.834514 0.827476 0.854430 0.718339 0.703254 0.953926 0.904722 0.937761 0.862858 0.733944 0.915137 0.880643 0.902808 0.742005 0.950617 0.000000 0.695022 0.768994 0.924444 0.800728 0.900782 0.817559 0.908747 0.852539 0.797961 0.753207 0.756318 0.729477 0.668123 0.837695 0.790826 0.810776 0.826071 0.721358 0.699769 0.877987 0.828025 0.981505 0.981332 0.898239 0.951759 0.901694 0.957267 0.860405 0.951261 0.911679 0.825766 0.926744 0.915802 0.698361 0.912320 0.989423 0.961490 0.969913 0.963150 0.988240 0.788867 0.943825 0.965038 0.913090 0.879898 0.909488 0.801927 0.907243 0.940949 0.865094 0.879004 0.846049 0.813009 0.973216 0.973512 0.891520 0.917191 0.961551 0.895231 0.978083 0.828596 0.836905 0.982832 0.848505 0.999368 0.939548 0.968622 0.902449 0.812311 0.987264 0.918346 0.894624 0.856392 0.882410 0.982248 0.956343 0.965796 0.790330 0.967994
0.838231 0.764416 0.945358 0.920279 0.878855 0.892063 0.910303 0.988663 0.955742 0.857916 0.930546 0.941150 0.871789 0.919082 0.966434 0.996329 0.954459 0.907964 0.820703 0.845765 0.920260 0.775459 0.960088 0.867697 0.869683 0.913773 0.916044 0.964375 0.935689 0.959195 0.855988 0.900751 0.946736 0.876370 0.982002 0.929710 0.695022 0.000000 0.954961 0.987308 0.991504 0.819077 0.700607 0.779626 0.760348 0.732719 0.688695 0.655039 0.680243 0.669797 0.864104 0.813773 0.814371 0.968311 0.803228 0.802331 0.803457 0.778606 0.898871 0.957442 0.897875 0.941770 0.920815 0.960776 0.921033 0.962858 0.894465 0.939558 0.731610 0.824189 0.732302 0.666510 0.861804 0.847042 0.929383 0.988608 0.995863 0.862635 0.885429 0.909217 0.952795 0.916808 0.987659 0.894869 0.963340 0.960879 0.898293 0.942585 0.830460 0.931559 0.959612 0.940862 0.897704 0.943273 0.987107 0.799610 0.652290 0.711285 0.859459 0.801125 0.781132 0.934253 0.794215 0.723147 0.923991 0.703449 0.877078 0.982713 0.958357 0.936275 0.814510 0.893872 0.924135 0.830388 0.863909 0.776391
