0.000000 0.356209 0.607023 0.500155 0.831375 0.650807 0.459678 0.366596 0.658374 0.817417 0.381893 0.253590 0.406721 0.419175 0.624593 0.552167 0.380550 0.416057 0.408096 0.356482 0.837367 0.970052 0.580894 0.677736 0.912584 0.787351 0.957390 0.948468 0.387269 0.470582 0.654332 0.697601 0.340148 0.327021 0.516753 0.777114 0.626373 0.875905 0.928320 0.981525 0.752503 0.891983 0.582089 0.596242 0.626762 0.646008 0.469472 0.526078 0.935186 0.852221 0.819981 0.798027 0.908913 0.977612 0.689373 0.705160 0.387015 0.451951 0.317128 0.453496 0.350120 0.394848 0.305971 0.362439 0.555586 0.459879 0.422838 0.441035 0.618506 0.627224 0.561684 0.649257 0.765117 0.651401 0.837327 0.816226 0.601125 0.708169 0.654558 0.798709 0.385932 0.508050 0.546933 0.621519 0.426664 0.525820 0.845063 0.983842 0.655345 0.576665 0.688756 0.863092 0.729350 0.843867 0.714653 0.749382 0.692277 0.691901 0.472128 0.491761 0.622319 0.691604 0.584641 0.644261 0.468493 0.572920 0.929753 0.683650 0.703704 0.821461 0.888559 0.726192 0.761206 0.951549 0.782898 0.965784
0.356209 0.000000 0.860817 0.736080 0.968077 0.863157 0.738995 0.542263 0.871607 0.865744 0.731960 0.416906 0.744921 0.680962 0.892280 0.707674 0.280826 0.360514 0.640392 0.471440 0.899960 0.926125 0.833001 0.773104 0.900453 0.849800 0.991492 0.933412 0.436906 0.485129 0.785776 0.818809 0.526941 0.550704 0.741388 0.803349 0.747190 0.929210 0.960667 0.922826 0.698888 0.847404 0.648840 0.617120 0.583576 0.528130 0.592238 0.609972 0.723116 0.705544 0.654984 0.686944 0.904470 0.976551 0.639748 0.691079 0.260874 0.204876 0.526988 0.467303 0.600505 0.375945 0.537011 0.410368 0.770481 0.570939 0.632566 0.603442 0.441944 0.521152 0.761206 0.833458 0.716373 0.685624 0.774302 0.784275 0.748877 0.795291 0.582273 0.652835 0.303737 0.415977 0.517590 0.504925 0.638113 0.582302 0.926550 0.925452 0.756352 0.585790 0.866337 0.953149 0.875059 0.931380 0.601675 0.939993 0.556759 0.683575 0.564680 0.582769 0.837120 0.916494 0.631341 0.798222 0.564902 0.674202 0.936186 0.760528 0.702999 0.703143 0.757278 0.572856 0.836686 0.836847 0.711489 0.966915
0.607023 0.860817 0.000000 0.212866 0.751654 0.790903 0.218509 0.329348 0.428578 0.693022 0.463151 0.705205 0.383852 0.488086 0.409923 0.413530 0.913634 0.837595 0.367466 0.538811 0.737118 0.941819 0.256962 0.397767 0.522870 0.358395 0.947895 0.860611 0.626724 0.745922 0.311216 0.448308 0.371330 0.324678 0.447539 0.743515 0.489963 0.814671 0.890835 0.863039 0.889477 0.918292 0.464070 0.570713 0.550020 0.630244 0.533877 0.448759 0.944266 0.859613 0.664297 0.753063 0.694023 0.693559 0.569216 0.679312 0.997401 0.995810 0.548816 0.798999 0.418819 0.693682 0.590705 0.853983 0.243899 0.416824 0.333037 0.386070 0.820482 0.990842 0.467414 0.471402 0.759508 0.745337 0.830071 0.917111 0.508048 0.577245 0.817871 0.840165 0.840354 0.745771 0.654283 0.824274 0.349673 0.433089 0.772468 0.771623 0.697202 0.697245 0.536060 0.639023 0.640835 0.626999 0.664375 0.851769 0.707224 0.869199 0.610885 0.525646 0.665923 0.721860 0.720856 0.808661 0.645918 0.591649 0.914177 0.638139 0.683846 0.994300 0.819338 0.915188 0.787333 0.859661 0.852638 0.866840
0.500155 0.736080 0.212866 0.000000 0.810514 0.688720 0.190385 0.237614 0.453603 0.698002 0.366805 0.553906 0.355832 0.393837 0.458766 0.434907 0.781959 0.692091 0.273941 0.402130 0.786713 0.963581 0.280222 0.322977 0.549630 0.421181 0.958442 0.815611 0.564053 0.660880 0.318450 0.419953 0.291523 0.260432 0.425104 0.680441 0.559890 0.854684 0.878353 0.854557 0.837453 0.891134 0.427171 0.501114 0.525839 0.607812 0.462738 0.428777 0.947926 0.861922 0.663977 0.767422 0.699527 0.752593 0.586990 0.664998 0.847741 0.901674 0.495193 0.732634 0.394582 0.614283 0.507100 0.761801 0.291280 0.337642 0.273770 0.292725 0.799756 0.957699 0.421080 0.442765 0.700802 0.686073 0.717785 0.890506 0.488898 0.569900 0.735181 0.819073 0.734722 0.656016 0.591856 0.782902 0.335768 0.387250 0.774981 0.715883 0.633661 0.622566 0.506184 0.655323 0.616580 0.661985 0.689210 0.779067 0.684157 0.782276 0.529304 0.426420 0.589119 0.613649 0.658769 0.685038 0.578311 0.558837 0.953072 0.683227 0.660374 0.983685 0.781970 0.830848 0.759172 0.917256 0.818708 0.872769
0.831375 0.968077 0.751654 0.810514 0.000000 0.864487 0.772491 0.771906 0.702247 0.747266 0.907337 0.887035 0.719072 0.759170 0.602071 0.817034 0.935317 0.996898 0.805037 0.910476 0.837334 0.872569 0.686803 0.944235 0.936023 0.962748 0.876026 0.842369 0.896917 0.936000 0.794500 0.953467 0.736359 0.753105 0.672576 0.872400 0.780405 0.841996 0.899719 0.993718 0.885406 0.995939 0.744485 0.830013 0.879064 0.940957 0.834332 0.814988 0.951485 0.928316 0.847397 0.785465 0.807442 0.818148 0.944280 0.898397 0.947209 0.916325 0.645766 0.716344 0.688068 0.885497 0.693114 0.845009 0.658955 0.801697 0.693907 0.720381 0.909848 0.924137 0.786181 0.687062 0.930190 0.984807 0.922210 0.962419 0.857551 0.849942 0.921166 0.931158 0.980576 0.854281 0.828473 0.991100 0.721510 0.877362 0.980699 0.822968 0.739287 0.926841 0.713973 0.724655 0.758717 0.669617 0.954263 0.970882 0.851961 0.869265 0.712998 0.827763 0.964155 0.921747 0.755988 0.825389 0.826373 0.563589 0.911999 0.621599 0.847289 0.991201 0.848680 0.824456 0.813319 0.837726 0.863294 0.906454
0.650807 0.863157 0.790903 0.688720 0.864487 0.000000 0.636166 0.613931 0.757936 0.822309 0.627623 0.653603 0.728651 0.783970 0.873929 0.813422 0.809968 0.757332 0.601862 0.635880 0.819281 0.931613 0.841959 0.828910 0.956713 0.835336 0.997682 0.738963 0.781318 0.895051 0.881083 0.843934 0.723078 0.662297 0.759548 0.839860 0.835969 0.971743 0.898771 0.956595 0.875049 0.938512 0.599213 0.671939 0.700458 0.719711 0.659258 0.734910 0.926130 0.848332 0.866060 0.858756 0.873324 0.886752 0.806045 0.876440 0.767240 0.934812 0.731745 0.846025 0.708867 0.715070 0.772022 0.865780 0.776483 0.644118 0.632307 0.572623 0.936971 0.940555 0.779091 0.815062 0.842731 0.684177 0.999883 0.954275 0.691680 0.714200 0.759535 0.993572 0.786621 0.845571 0.967186 0.953604 0.782786 0.826188 0.880914 0.918680 0.846911 0.810474 0.669286 0.756530 0.747773 0.763810 0.920586 0.888984 0.846976 0.930131 0.650047 0.692509 0.798719 0.765747 0.657051 0.664876 0.805398 0.860265 0.985265 0.905077 0.998454 0.928527 0.988624 0.864296 0.899154 0.959970 0.964379 0.898542
0.459678 0.738995 0.218509 0.190385 0.772491 0.636166 0.000000 0.191212 0.415833 0.547747 0.365134 0.524071 0.334110 0.400024 0.416226 0.431740 0.789918 0.688142 0.263739 0.400041 0.775551 0.995612 0.299112 0.468970 0.703951 0.469040 0.949236 0.857518 0.511636 0.693527 0.398397 0.495865 0.298614 0.261387 0.412709 0.666513 0.544711 0.875997 0.971599 0.839373 0.806583 0.939244 0.346046 0.450455 0.434301 0.513157 0.430500 0.389998 0.869127 0.785671 0.601525 0.661180 0.608001 0.649083 0.593258 0.674177 0.838995 0.889935 0.403599 0.704724 0.377052 0.606590 0.502412 0.757158 0.300293 0.355352 0.234502 0.283541 0.848266 0.913832 0.353115 0.381284 0.655349 0.636710 0.794069 0.871853 0.396618 0.514519 0.732875 0.879700 0.772954 0.753217 0.646745 0.834433 0.355194 0.481223 0.744881 0.811261 0.722696 0.706955 0.395818 0.518412 0.512323 0.529473 0.708398 0.730765 0.629806 0.740217 0.414218 0.334195 0.520849 0.541161 0.580308 0.642280 0.559800 0.502250 0.930919 0.571488 0.630328 0.940028 0.796047 0.766438 0.687886 0.843357 0.797530 0.966226
0.366596 0.542263 0.329348 0.237614 0.771906 0.613931 0.191212 0.000000 0.513946 0.572208 0.353136 0.391652 0.360681 0.353569 0.517432 0.491105 0.628422 0.557056 0.229583 0.308727 0.861419 0.986138 0.373011 0.478351 0.765746 0.560485 0.896103 0.884640 0.405980 0.617450 0.425498 0.510006 0.250410 0.238267 0.426115 0.654535 0.590751 0.927028 0.991085 0.887408 0.752581 0.983079 0.336885 0.427430 0.433714 0.480317 0.397038 0.402655 0.814168 0.761577 0.622359 0.676973 0.666176 0.768276 0.598454 0.641934 0.621636 0.677291 0.369921 0.595587 0.353576 0.470884 0.418592 0.627322 0.378138 0.327313 0.264643 0.253828 0.760050 0.761193 0.406946 0.403371 0.642857 0.564598 0.730704 0.808444 0.450958 0.542339 0.691877 0.818347 0.648415 0.656888 0.570034 0.777120 0.365777 0.474505 0.732435 0.815280 0.701977 0.618024 0.464572 0.629707 0.555574 0.670956 0.720852 0.715067 0.568043 0.669625 0.390349 0.309800 0.520483 0.557677 0.527218 0.606251 0.500641 0.484406 0.963962 0.598100 0.605386 0.841708 0.714243 0.710043 0.673326 0.870631 0.776603 0.998905
0.658374 0.871607 0.428578 0.453603 0.702247 0.757936 0.415833 0.513946 0.000000 0.493736 0.681819 0.698485 0.591086 0.752341 0.500494 0.557124 0.820202 0.824265 0.662043 0.710253 0.707016 0.951403 0.502513 0.771523 0.790659 0.584067 0.975251 0.875832 0.621647 0.720725 0.656480 0.867362 0.592137 0.555266 0.568133 0.925475 0.592475 0.743698 0.860192 0.874872 0.871210 0.855872 0.567435 0.619507 0.572801 0.631755 0.683958 0.604778 0.914066 0.855294 0.637851 0.595206 0.533357 0.561077 0.680035 0.699261 0.946040 0.966888 0.476535 0.699758 0.509535 0.696670 0.670971 0.756843 0.425521 0.655882 0.473722 0.574378 0.860790 0.938567 0.437690 0.504077 0.674947 0.766752 0.886489 0.898517 0.436038 0.559995 0.744955 0.997412 0.813545 0.962811 0.824210 0.841755 0.627069 0.792476 0.880327 0.929509 0.726332 0.762683 0.461650 0.465696 0.516198 0.429813 0.776456 0.990821 0.604103 0.808028 0.516822 0.487570 0.708349 0.688351 0.656745 0.741613 0.600821 0.448381 0.731873 0.580152 0.721816 0.917544 0.805423 0.787530 0.666169 0.736308 0.780279 0.848491
0.817417 0.865744 0.693022 0.698002 0.747266 0.822309 0.547747 0.572208 0.493736 0.000000 0.862851 0.815652 0.829322 0.849545 0.582241 0.740410 0.819160 0.782808 0.716420 0.799897 0.908521 0.939500 0.727393 0.914186 0.896453 0.927212 0.868800 0.998113 0.686656 0.852149 0.857564 0.987208 0.776356 0.670263 0.661536 0.785549 0.742350 0.965059 0.947176 0.828934 0.685153 0.883410 0.522591 0.599856 0.521122 0.561050 0.817211 0.730554 0.788117 0.764780 0.534706 0.495349 0.480981 0.488711 0.953161 0.865317 0.934242 0.886735 0.567628 0.829836 0.764407 0.862191 0.820256 0.834325 0.769403 0.845041 0.558048 0.649377 0.958439 0.854568 0.384029 0.424342 0.654392 0.664047 0.947366 0.995775 0.452625 0.540160 0.826470 0.871826 0.972451 0.813074 0.907946 0.964953 0.870714 0.925268 0.818145 0.830002 0.997982 0.892529 0.347256 0.348486 0.371523 0.366111 0.876289 0.933233 0.586650 0.738435 0.413562 0.446172 0.608597 0.601465 0.462325 0.676023 0.694926 0.521170 0.870320 0.390900 0.729770 0.837319 0.714245 0.639045 0.557367 0.680719 0.752619 0.760903
0.381893 0.731960 0.463151 0.366805 0.907337 0.627623 0.365134 0.353136 0.681819 0.862851 0.000000 0.352121 0.261215 0.292381 0.589081 0.570413 0.704514 0.672608 0.288578 0.388556 0.869290 0.831574 0.447817 0.505731 0.946054 0.732198 0.870812 0.946283 0.527219 0.599665 0.567754 0.535015 0.333979 0.302472 0.553138 0.855878 0.746401 0.967424 0.863866 0.876778 0.837078 0.958292 0.649420 0.690230 0.765724 0.805591 0.529011 0.578770 0.889053 0.975379 0.981752 0.954293 0.974504 0.923050 0.725612 0.835235 0.731116 0.832095 0.467346 0.583864 0.320336 0.512079 0.329665 0.591556 0.463810 0.381651 0.411986 0.383536 0.926213 0.963434 0.627776 0.701170 0.911422 0.810147 0.813524 0.778767 0.709461 0.759611 0.825477 0.776218 0.687996 0.661876 0.787575 0.810129 0.393442 0.520477 0.706579 0.768735 0.694281 0.700619 0.765428 0.865100 0.853909 0.853273 0.877028 0.769928 0.925175 0.896205 0.648370 0.593168 0.534199 0.677237 0.765117 0.737536 0.653891 0.671766 0.986458 0.813751 0.783673 0.991513 0.963582 0.906351 0.857448 0.862305 0.889384 0.858523
0.253590 0.416906 0.705205 0.553906 0.887035 0.653603 0.524071 0.391652 0.698485 0.815652 0.352121 0.000000 0.423601 0.391205 0.671845 0.605466 0.396165 0.394139 0.455442 0.382899 0.863917 0.992532 0.632851 0.702124 0.907769 0.887401 0.900122 0.997903 0.365340 0.415849 0.743120 0.766116 0.366936 0.378925 0.639315 0.822085 0.754719 0.947172 0.960780 0.993883 0.766758 0.912177 0.695681 0.689197 0.644780 0.668233 0.595887 0.572846 0.948976 0.906686 0.921753 0.865719 0.934786 0.946222 0.737440 0.773710 0.438914 0.472266 0.366821 0.405329 0.327508 0.296975 0.290706 0.297520 0.629196 0.418679 0.489381 0.440803 0.736053 0.607790 0.674763 0.694831 0.852238 0.720146 0.781690 0.822059 0.691452 0.750180 0.658755 0.738677 0.428486 0.577653 0.651830 0.643384 0.526628 0.595765 0.771246 0.902776 0.706176 0.605999 0.751059 0.922866 0.812695 0.889315 0.841539 0.853116 0.746539 0.797922 0.530948 0.530734 0.644217 0.744367 0.639179 0.693828 0.569052 0.614233 0.978041 0.760549 0.672624 0.848690 0.818573 0.697632 0.846080 0.966871 0.776317 0.963966
0.406721 0.744921 0.383852 0.355832 0.719072 0.728651 0.334110 0.360681 0.591086 0.829322 0.261215 0.423601 0.000000 0.250924 0.393242 0.437020 0.773336 0.729582 0.344721 0.410122 0.688098 0.949754 0.294497 0.431739 0.843417 0.683413 0.955821 0.902734 0.547289 0.590373 0.506315 0.529007 0.289192 0.289548 0.527347 0.785277 0.709554 0.911202 0.929520 0.928260 0.838821 0.877294 0.610747 0.689301 0.823096 0.880397 0.548130 0.553351 0.769213 0.875438 0.997459 0.979046 0.970607 0.981561 0.716666 0.852131 0.777336 0.850418 0.389450 0.526597 0.244406 0.523847 0.279704 0.573991 0.350649 0.337635 0.402795 0.400494 0.890432 0.917386 0.574743 0.647116 0.906594 0.886701 0.782800 0.736321 0.693474 0.703232 0.896337 0.787619 0.704065 0.738941 0.652753 0.926454 0.288584 0.428033 0.658549 0.869400 0.649136 0.702814 0.732956 0.840662 0.880435 0.781096 0.870664 0.780016 0.892085 0.877016 0.648598 0.618241 0.612450 0.711074 0.775966 0.775002 0.631708 0.558685 0.944534 0.725527 0.726095 0.985132 0.998816 0.885484 0.864148 0.979378 0.827724 0.878787
0.419175 0.680962 0.488086 0.393837 0.759170 0.783970 0.400024 0.353569 0.752341 0.849545 0.292381 0.391205 0.250924 0.000000 0.470685 0.472161 0.771629 0.654983 0.335988 0.401639 0.813683 0.989531 0.359519 0.439093 0.876268 0.775901 0.983987 0.880129 0.571314 0.540000 0.495559 0.487163 0.261685 0.303494 0.557931 0.688489 0.696690 0.991875 0.822307 0.979301 0.867583 0.878171 0.676719 0.753403 0.859051 0.910134 0.643347 0.637711 0.757477 0.829864 0.983778 0.951429 0.979541 0.906208 0.880656 0.927079 0.664384 0.749162 0.441493 0.542866 0.301268 0.509629 0.286567 0.546096 0.445932 0.320013 0.427317 0.345152 0.994050 0.883517 0.649624 0.596085 0.985244 0.852433 0.708188 0.733379 0.768279 0.768679 0.827739 0.737309 0.685789 0.747039 0.579526 0.880311 0.326557 0.412879 0.687946 0.796636 0.628990 0.659861 0.766329 0.952351 0.856634 0.915978 0.905173 0.745989 0.905661 0.885928 0.678336 0.648682 0.554110 0.725798 0.803757 0.859602 0.619449 0.627222 0.930146 0.820992 0.741110 0.937774 0.882743 0.892978 0.938652 0.864998 0.865918 0.908242
0.624593 0.892280 0.409923 0.458766 0.602071 0.873929 0.416226 0.517432 0.500494 0.582241 0.589081 0.671845 0.393242 0.470685 0.000000 0.396392 0.888937 0.812810 0.600480 0.656881 0.656886 0.921473 0.325862 0.615090 0.744553 0.667708 0.877624 0.838316 0.665924 0.684092 0.516351 0.694376 0.465873 0.460297 0.545251 0.737079 0.555509 0.811641 0.894558 0.974769 0.837928 0.919044 0.666334 0.805741 0.738809 0.831962 0.738514 0.658778 0.822747 0.944066 0.780614 0.763784 0.739976 0.716023 0.848819 0.858764 0.949896 0.939992 0.465153 0.662363 0.384783 0.695368 0.484648 0.649696 0.374041 0.513886 0.446489 0.493726 0.913907 0.916515 0.485855 0.471209 0.872950 0.920491 0.866817 0.891861 0.636401 0.711480 0.799102 0.921582 0.824426 0.964977 0.629112 0.844739 0.391049 0.555264 0.652748 0.951843 0.744572 0.775468 0.603532 0.665576 0.707436 0.600395 0.774856 0.839354 0.806616 0.836113 0.620548 0.655400 0.774525 0.815415 0.706488 0.848525 0.633696 0.507493 0.744970 0.588681 0.676911 0.982507 0.828311 0.836383 0.916602 0.832775 0.790041 0.982473
0.552167 0.707674 0.413530 0.434907 0.817034 0.813422 0.431740 0.491105 0.557124 0.740410 0.570413 0.605466 0.437020 0.472161 0.396392 0.000000 0.746089 0.573211 0.548006 0.532479 0.594811 0.997287 0.340945 0.486485 0.601253 0.453950 0.883744 0.929253 0.500150 0.464772 0.402449 0.486596 0.382562 0.431309 0.554768 0.608727 0.430667 0.736943 0.997254 0.964685 0.870384 0.963548 0.684304 0.745290 0.692363 0.712796 0.668084 0.655626 0.903955 0.937695 0.741126 0.755618 0.789596 0.776269 0.731371 0.854201 0.795901 0.772290 0.584450 0.744082 0.430517 0.566022 0.519049 0.614784 0.411083 0.430612 0.470392 0.496083 0.837476 0.883563 0.538944 0.546557 0.821474 0.753943 0.755281 0.913603 0.670874 0.752218 0.634202 0.642720 0.548942 0.679341 0.600216 0.757857 0.379711 0.423411 0.793497 0.911560 0.735002 0.752596 0.610157 0.824956 0.694804 0.701191 0.670371 0.863353 0.669668 0.837854 0.651121 0.693534 0.723417 0.810879 0.780896 0.924823 0.629270 0.698993 0.874868 0.756727 0.755814 0.897570 0.840361 0.826143 0.902853 0.944495 0.836960 0.924572
0.380550 0.280826 0.913634 0.781959 0.935317 0.809968 0.789918 0.628422 0.820202 0.819160 0.704514 0.396165 0.773336 0.771629 0.888937 0.746089 0.000000 0.299492 0.701082 0.540364 0.864157 0.994744 0.879187 0.897060 0.968839 0.937944 0.967975 0.901330 0.428562 0.432955 0.844033 0.889342 0.618422 0.593432 0.762193 0.814831 0.716539 0.826795 0.995479 0.847336 0.646693 0.815411 0.746728 0.651877 0.629585 0.598004 0.712314 0.732760 0.798679 0.764389 0.762555 0.743008 0.888509 0.990489 0.724697 0.728427 0.337236 0.274932 0.588570 0.579187 0.652088 0.453239 0.536074 0.354086 0.853340 0.680858 0.660122 0.642452 0.539219 0.622478 0.729253 0.822188 0.767416 0.652697 0.878544 0.803712 0.772713 0.806376 0.653008 0.845240 0.290913 0.487684 0.668728 0.459743 0.746045 0.725677 0.940698 0.966449 0.818675 0.661294 0.817600 0.944467 0.800304 0.945522 0.598464 0.995415 0.629191 0.625028 0.607851 0.627994 0.777035 0.859588 0.606530 0.663113 0.547654 0.719592 0.964341 0.733226 0.824502 0.827023 0.865098 0.632752 0.843992 0.868469 0.760127 0.848431
0.416057 0.360514 0.837595 0.692091 0.996898 0.757332 0.688142 0.557056 0.824265 0.782808 0.672608 0.394139 0.729582 0.654983 0.812810 0.573211 0.299492 0.000000 0.625584 0.488314 0.811378 0.879964 0.781679 0.783413 0.870544 0.771614 0.988898 0.986307 0.399032 0.346562 0.707501 0.701707 0.520009 0.551019 0.704611 0.653168 0.585927 0.748485 0.998945 0.897199 0.732753 0.821285 0.726130 0.664861 0.582542 0.576717 0.713727 0.712243 0.893113 0.802606 0.744487 0.742051 0.855754 0.919622 0.710337 0.838035 0.343770 0.339934 0.642266 0.705646 0.649446 0.493481 0.536440 0.358819 0.797972 0.592413 0.569589 0.567816 0.572158 0.635376 0.658605 0.686411 0.716782 0.584346 0.897062 0.825390 0.741022 0.739680 0.519659 0.676457 0.251233 0.450792 0.540011 0.546560 0.714921 0.624599 0.909037 0.975577 0.803417 0.715018 0.695216 0.895935 0.659947 0.892678 0.738688 0.921520 0.580682 0.745825 0.572753 0.607130 0.661882 0.796057 0.567970 0.691529 0.520946 0.739907 0.932480 0.789868 0.796124 0.805023 0.884990 0.682239 0.900350 0.901976 0.804481 0.932979
0.408096 0.640392 0.367466 0.273941 0.805037 0.601862 0.263739 0.229583 0.662043 0.716420 0.288578 0.455442 0.344721 0.335988 0.600480 0.548006 0.701082 0.625584 0.000000 0.324176 0.901581 0.921815 0.404171 0.454858 0.792319 0.613228 0.955278 0.828112 0.503657 0.662236 0.443660 0.479283 0.279200 0.247185 0.441552 0.691608 0.651694 0.977354 0.877271 0.873875 0.773112 0.930387 0.433337 0.493567 0.569859 0.625868 0.440437 0.476994 0.939754 0.881883 0.782046 0.852321 0.817065 0.917993 0.654815 0.753090 0.642863 0.773008 0.481478 0.694774 0.428496 0.589326 0.431620 0.705747 0.446568 0.373252 0.316744 0.298752 0.828839 0.862009 0.498950 0.548260 0.757969 0.674857 0.731271 0.765733 0.561319 0.613156 0.773806 0.817671 0.689463 0.638649 0.658554 0.858094 0.389812 0.469876 0.770980 0.768902 0.660024 0.703415 0.563328 0.739523 0.677595 0.767943 0.795149 0.718228 0.757935 0.787501 0.475249 0.434883 0.536533 0.602006 0.621094 0.640163 0.577773 0.614591 0.969796 0.667620 0.710539 0.998342 0.894221 0.740068 0.714125 0.954504 0.937979 0.924841
0.356482 0.471440 0.538811 0.402130 0.910476 0.635880 0.400041 0.308727 0.710253 0.799897 0.388556 0.382899 0.410122 0.401639 0.656881 0.532479 0.540364 0.488314 0.324176 0.000000 0.818053 0.968136 0.556142 0.518109 0.809976 0.669835 0.933293 0.859203 0.386699 0.579813 0.564247 0.498809 0.310584 0.337619 0.650283 0.727499 0.691148 0.978309 0.899528 0.875037 0.800263 0.915788 0.504130 0.544912 0.592458 0.596634 0.466355 0.498036 0.866288 0.783555 0.771293 0.816014 0.878523 0.955021 0.674594 0.718659 0.516181 0.576529 0.488154 0.622612 0.470483 0.481785 0.446245 0.604686 0.536904 0.408322 0.462269 0.420895 0.650663 0.722206 0.584704 0.696823 0.727771 0.644713 0.729879 0.655898 0.611584 0.698963 0.728012 0.755287 0.524507 0.449170 0.563392 0.738267 0.428155 0.461653 0.730778 0.733065 0.768630 0.678042 0.692604 0.880983 0.785446 0.899138 0.716924 0.950730 0.747444 0.749199 0.539435 0.479007 0.627071 0.642225 0.577728 0.663020 0.517322 0.670932 0.984519 0.782317 0.752238 0.956191 0.911641 0.692438 0.752710 0.926179 0.808308 0.976659
0.837367 0.899960 0.737118 0.786713 0.837334 0.819281 0.775551 0.861419 0.707016 0.908521 0.869290 0.863917 0.688098 0.813683 0.656886 0.594811 0.864157 0.811378 0.901581 0.818053 0.000000 0.920583 0.713822 0.781628 0.748389 0.742495 0.838683 0.964079 0.879860 0.726536 0.763840 0.887588 0.749368 0.784192 0.878014 0.853611 0.677648 0.665085 0.972399 0.782512 0.840486 0.992427 0.870844 0.916777 0.904742 0.933437 0.852869 0.893674 0.881581 0.929203 0.910409 0.949245 0.945628 0.799903 0.827939 0.858212 0.959503 0.904334 0.744211 0.837219 0.722358 0.828852 0.771398 0.822378 0.677108 0.766895 0.737425 0.796610 0.753976 0.969210 0.702005 0.801239 0.946168 0.950294 0.995939 0.909120 0.849051 0.774662 0.990152 0.775501 0.727576 0.876802 0.743604 0.870760 0.750256 0.730207 0.722408 0.785657 0.816313 0.927377 0.815128 0.846718 0.892101 0.752539 0.833534 0.887011 0.844069 0.991216 0.809619 0.917143 0.930848 0.990407 0.881976 0.943370 0.844700 0.746083 0.860727 0.911390 0.966233 0.956694 0.951345 0.842952 0.924359 0.903284 0.821011 0.943278
0.970052 0.926125 0.941819 0.963581 0.872569 0.931613 0.995612 0.986138 0.951403 0.939500 0.831574 0.992532 0.949754 0.989531 0.921473 0.997287 0.994744 0.879964 0.921815 0.968136 0.920583 0.000000 0.964033 0.960522 0.857857 0.958443 0.817223 0.879048 0.992463 0.925396 0.929590 0.936592 0.978652 0.990937 0.956108 0.978596 0.950597 0.994628 0.998410 0.931419 0.932217 0.963364 0.975769 0.985965 0.883934 0.950170 0.990536 0.970451 0.962202 0.999565 0.798710 0.840287 0.933794 0.852839 0.996719 0.971889 0.924099 0.918028 0.969652 0.913885 0.975807 0.965565 0.981267 0.890416 0.976783 0.964739 0.990844 0.987026 0.788821 0.860254 0.892329 0.908974 0.904199 0.924168 0.857599 0.927609 0.885401 0.780495 0.941911 0.907913 0.914128 0.958121 0.769639 0.941587 0.987342 0.871839 0.999656 0.990713 0.851007 0.830360 0.939129 0.933171 0.910110 0.981121 0.880213 0.921659 0.904884 0.920784 0.917837 0.921601 0.985695 0.861287 0.842925 0.993092 0.788235 0.922244 0.943811 0.976177 0.945174 0.977678 0.816903 0.967124 0.938857 0.962588 0.850775 0.971157
0.580894 0.833001 0.256962 0.280222 0.686803 0.841959 0.299112 0.373011 0.502513 0.727393 0.447817 0.632851 0.294497 0.359519 0.325862 0.340945 0.879187 0.781679 0.404171 0.556142 0.713822 0.964033 0.000000 0.321591 0.556195 0.501919 0.858202 0.883803 0.671974 0.616097 0.303543 0.421243 0.303721 0.308539 0.459807 0.718395 0.550343 0.873908 0.920261 0.929867 0.906742 0.847562 0.604665 0.708978 0.777195 0.822416 0.616060 0.581287 0.763845 0.877228 0.833794 0.852614 0.854710 0.810407 0.738120 0.812246 0.925070 0.914058 0.541148 0.698458 0.324089 0.606650 0.422759 0.677313 0.259993 0.336863 0.378529 0.379057 0.871662 0.999605 0.497211 0.495956 0.921606 0.899413 0.773480 0.861562 0.653897 0.600089 0.823376 0.766289 0.743638 0.814132 0.607083 0.897378 0.266622 0.369708 0.788581 0.839117 0.605732 0.585037 0.642136 0.770682 0.748551 0.707669 0.726873 0.766279 0.756215 0.857578 0.660383 0.596357 0.717442 0.755756 0.847295 0.877681 0.671344 0.541865 0.960743 0.676682 0.792932 0.956394 0.823374 0.950951 0.890277 0.965508 0.817911 0.918122
0.677736 0.773104 0.397767 0.322977 0.944235 0.828910 0.468970 0.478351 0.771523 0.914186 0.505731 0.702124 0.431739 0.439093 0.615090 0.486485 0.897060 0.783413 0.454858 0.518109 0.781628 0.960522 0.321591 0.000000 0.455587 0.483004 0.824308 0.810756 0.754867 0.664376 0.333273 0.318655 0.379692 0.425884 0.640688 0.759520 0.697112 0.882883 0.825924 0.977296 0.972825 0.782563 0.710252 0.775331 0.855218 0.884002 0.660385 0.642438 0.806648 0.894370 0.933732 0.946947 0.936918 0.951981 0.659929 0.814016 0.853148 0.907418 0.763983 0.831962 0.495665 0.641177 0.580855 0.807092 0.415267 0.352058 0.551595 0.467689 0.821587 0.926663 0.737467 0.759292 0.974341 0.914185 0.721913 0.852227 0.885856 0.780713 0.803219 0.647382 0.711738 0.597843 0.544026 0.856879 0.359403 0.280696 0.821487 0.578852 0.614977 0.581079 0.902899 0.940208 0.997930 0.944963 0.733501 0.842836 0.861608 0.982323 0.877307 0.773899 0.848899 0.910416 0.990855 0.968390 0.754589 0.795825 0.907431 0.952836 0.870441 0.932365 0.886057 0.997772 0.975393 0.943950 0.853787 0.803340
0.912584 0.900453 0.522870 0.549630 0.936023 0.956713 0.703951 0.765746 0.790659 0.896453 0.946054 0.907769 0.843417 0.876268 0.744553 0.601253 0.968839 0.870544 0.792319 0.809976 0.748389 0.857857 0.556195 0.455587 0.000000 0.370510 0.708499 0.939542 0.980606 0.793761 0.401437 0.525497 0.702038 0.718617 0.695451 0.725605 0.539861 0.676092 0.804386 0.924117 0.971536 0.933348 0.850637 0.901915 0.873738 0.922736 0.810986 0.849297 0.929296 0.970217 0.765741 0.962859 0.947372 0.876056 0.695369 0.829146 0.999101 0.943418 0.932359 0.859024 0.859257 0.934684 0.915236 0.981729 0.539481 0.688360 0.725230 0.743305 0.677221 0.881068 0.755893 0.828559 0.931598 0.982837 0.908259 0.964132 0.849571 0.790127 0.862594 0.832793 0.741551 0.619127 0.584375 0.770948 0.591980 0.450151 0.941325 0.769986 0.691954 0.598395 0.920789 0.950699 0.899196 0.960099 0.651351 0.863949 0.733669 0.881490 0.965602 0.933212 0.911739 0.930129 0.978948 0.925063 0.845167 0.934148 0.919546 0.999902 0.991607 0.972303 0.870137 0.934718 0.872575 0.977041 0.945990 0.800350
0.787351 0.849800 0.358395 0.421181 0.962748 0.835336 0.469040 0.560485 0.584067 0.927212 0.732198 0.887401 0.683413 0.775901 0.667708 0.453950 0.937944 0.771614 0.613228 0.669835 0.742495 0.958443 0.501919 0.483004 0.370510 0.000000 0.858959 0.936105 0.724440 0.752680 0.396604 0.474753 0.576771 0.610011 0.683914 0.644411 0.467899 0.688586 0.988955 0.983245 0.966352 0.980732 0.611927 0.709389 0.606252 0.620475 0.634749 0.638783 0.834312 0.757897 0.612091 0.763539 0.730832 0.720165 0.525504 0.794036 0.992718 0.962100 0.852954 0.969004 0.694830 0.798367 0.850152 0.965717 0.423340 0.578212 0.566360 0.606188 0.743200 0.924449 0.675066 0.694422 0.753664 0.811680 0.937501 0.954379 0.656464 0.699516 0.728740 0.809850 0.739810 0.623511 0.675432 0.778231 0.533301 0.483426 0.967795 0.831433 0.759393 0.712981 0.690711 0.834994 0.733697 0.781602 0.627742 0.825183 0.655031 0.825244 0.766108 0.749050 0.871959 0.911481 0.878915 0.929423 0.757815 0.812956 0.874637 0.855794 0.823331 0.969696 0.882270 0.968080 0.955139 0.876554 0.933257 0.861961
0.957390 0.991492 0.947895 0.958442 0.876026 0.997682 0.949236 0.896103 0.975251 0.868800 0.870812 0.900122 0.955821 0.983987 0.877624 0.883744 0.967975 0.988898 0.955278 0.933293 0.838683 0.817223 0.858202 0.824308 0.708499 0.858959 0.000000 0.808088 0.834729 0.998239 0.866956 0.920592 0.962290 0.977059 0.992173 0.842342 0.869932 0.825807 0.863007 0.908363 0.813276 0.986631 0.897621 0.931262 0.885735 0.815755 0.883095 0.806638 0.719613 0.809713 0.970958 0.912646 0.810562 0.975109 0.996769 0.907180 0.963322 0.966311 0.946617 0.967163 0.985376 0.943487 0.954781 0.975624 0.899692 0.848715 0.925681 0.893688 0.920905 0.928595 0.986321 0.992346 0.819539 0.847947 0.996373 0.915435 0.970919 0.895441 0.973917 0.896354 0.886674 0.963264 0.873350 0.859529 0.888244 0.775807 0.966307 0.979764 0.746538 0.864175 0.928551 0.885070 0.947260 0.955231 0.816755 0.943497 0.963167 0.903967 0.998465 0.927219 0.852324 0.853995 0.996714 0.957651 0.974198 0.991910 0.991941 0.965275 0.927994 0.823916 0.887381 0.886774 0.782686 0.834984 0.872919 0.894220
0.948468 0.933412 0.860611 0.815611 0.842369 0.738963 0.857518 0.884640 0.875832 0.998113 0.946283 0.997903 0.902734 0.880129 0.838316 0.929253 0.901330 0.986307 0.828112 0.859203 0.964079 0.879048 0.883803 0.810756 0.939542 0.936105 0.808088 0.000000 0.966302 0.933218 0.791798 0.898516 0.848449 0.928374 0.849893 0.995400 0.905811 0.970722 0.920049 0.998968 0.976735 0.819627 0.882789 0.880605 0.978679 0.964860 0.926303 0.966233 0.864806 0.919204 0.999756 0.960984 0.987059 0.966313 0.961073 0.880772 0.999871 0.845496 0.899450 0.914622 0.961703 0.887254 0.979204 0.866773 0.894105 0.896822 0.821954 0.822025 0.967904 0.908259 0.941139 0.846635 0.911560 0.899755 0.987991 0.872345 0.943833 0.982063 0.916252 0.975536 0.966745 0.996171 0.981590 0.801430 0.898220 0.846799 0.950079 0.954570 0.976890 0.909811 0.807443 0.823244 0.853108 0.879975 0.943846 0.895936 0.956503 0.959001 0.919328 0.928595 0.933075 0.830538 0.885761 0.852919 0.853739 0.929775 0.953316 0.994417 0.915210 0.779787 0.971429 0.956287 0.971936 0.886665 0.867448 0.955712
0.387269 0.436906 0.626724 0.564053 0.896917 0.781318 0.511636 0.405980 0.621647 0.686656 0.527219 0.365340 0.547289 0.571314 0.665924 0.500150 0.428562 0.399032 0.503657 0.386699 0.879860 0.992463 0.671974 0.754867 0.980606 0.724440 0.834729 0.966302 0.000000 0.457833 0.692292 0.754603 0.427305 0.472803 0.628697 0.885430 0.628900 0.878850 0.950321 0.983960 0.745232 0.902170 0.598310 0.587707 0.513127 0.478139 0.611276 0.535628 0.729838 0.659801 0.715553 0.678205 0.742272 0.861513 0.656480 0.634877 0.503318 0.495431 0.449661 0.567202 0.471032 0.418076 0.470685 0.458046 0.635825 0.549818 0.533592 0.544303 0.700555 0.606064 0.618739 0.637693 0.621845 0.579890 0.812097 0.745536 0.644782 0.739233 0.559514 0.761796 0.476363 0.546239 0.635306 0.600447 0.564748 0.668573 0.674002 0.945981 0.821065 0.786827 0.648432 0.835490 0.748284 0.804170 0.715278 0.943504 0.570982 0.829699 0.527355 0.525948 0.603312 0.799984 0.547227 0.726547 0.504413 0.658882 0.835691 0.692642 0.546797 0.774439 0.778004 0.715397 0.730196 0.756177 0.827399 0.940154
0.470582 0.485129 0.745922 0.660880 0.936000 0.895051 0.693527 0.617450 0.720725 0.852149 0.599665 0.415849 0.590373 0.540000 0.684092 0.464772 0.432955 0.346562 0.662236 0.579813 0.726536 0.925396 0.616097 0.664376 0.793761 0.752680 0.998239 0.933218 0.457833 0.000000 0.670701 0.714849 0.500779 0.527852 0.746339 0.813257 0.588539 0.734413 0.909927 0.844033 0.806819 0.893935 0.902897 0.833389 0.795475 0.802101 0.853953 0.768426 0.900257 0.984744 0.900230 0.901225 0.970974 0.977284 0.769000 0.884428 0.520571 0.480029 0.632484 0.631221 0.524134 0.446654 0.416211 0.319609 0.685948 0.545973 0.647309 0.596904 0.703313 0.827455 0.723068 0.790909 0.905909 0.791648 0.845968 0.932927 0.818273 0.767271 0.618778 0.600562 0.318432 0.538370 0.533831 0.531896 0.600314 0.549759 0.923871 0.928386 0.715148 0.640904 0.815988 0.976851 0.816009 0.942498 0.771072 0.953518 0.707656 0.911115 0.717097 0.785363 0.736068 0.945644 0.778894 0.937973 0.638715 0.766751 0.936987 0.870617 0.897713 0.823722 0.857136 0.732703 0.932011 0.952560 0.783012 0.977388
0.654332 0.785776 0.311216 0.318450 0.794500 0.881083 0.398397 0.425498 0.656480 0.857564 0.567754 0.743120 0.506315 0.495559 0.516351 0.402449 0.844033 0.707501 0.443660 0.564247 0.763840 0.929590 0.303543 0.333273 0.401437 0.396604 0.866956 0.791798 0.692292 0.670701 0.000000 0.329043 0.365677 0.433965 0.496431 0.728520 0.515375 0.794049 0.948689 0.943903 0.866736 0.973653 0.614012 0.682713 0.709713 0.746816 0.689132 0.661328 0.893519 0.985949 0.816001 0.925348 0.890007 0.897556 0.703551 0.787880 0.810701 0.826446 0.716387 0.893114 0.504029 0.686879 0.612733 0.798179 0.379622 0.450824 0.472018 0.475466 0.735873 0.923833 0.590920 0.507414 0.778776 0.726443 0.792310 0.875076 0.753177 0.740356 0.732526 0.676873 0.713997 0.664548 0.582695 0.828915 0.396970 0.398287 0.824863 0.807359 0.697809 0.630327 0.689326 0.862516 0.741830 0.849883 0.645939 0.837690 0.647902 0.801291 0.777543 0.668612 0.753523 0.736459 0.871874 0.930337 0.627887 0.650198 0.973808 0.792630 0.852024 0.963493 0.843431 0.988165 0.943165 0.993074 0.886856 0.873263
0.697601 0.818809 0.448308 0.419953 0.953467 0.843934 0.495865 0.510006 0.867362 0.987208 0.535015 0.766116 0.529007 0.487163 0.694376 0.486596 0.889342 0.701707 0.479283 0.498809 0.887588 0.936592 0.421243 0.318655 0.525497 0.474753 0.920592 0.898516 0.754603 0.714849 0.329043 0.000000 0.440617 0.480995 0.676707 0.699228 0.687962 0.994080 0.799612 0.912217 0.924962 0.831832 0.680069 0.682285 0.830898 0.825161 0.697332 0.683451 0.878344 0.964968 0.910350 0.972631 0.973079 0.974281 0.744504 0.990445 0.801893 0.885279 0.841127 0.996788 0.621295 0.763655 0.663937 0.881792 0.506003 0.479223 0.581306 0.529306 0.855282 0.919372 0.788599 0.715515 0.820559 0.755106 0.827884 0.781754 0.913643 0.766060 0.782695 0.668922 0.729787 0.622080 0.645813 0.924196 0.474294 0.401984 0.861271 0.749141 0.859288 0.777510 0.823157 0.991729 0.871999 0.975809 0.719843 0.816927 0.900048 0.907122 0.853940 0.781165 0.722456 0.748322 0.918779 0.900673 0.742143 0.853224 0.915696 0.978212 0.932341 0.953702 0.992040 0.955129 0.994736 0.904847 0.886020 0.841341
0.340148 0.526941 0.371330 0.291523 0.736359 0.723078 0.298614 0.250410 0.592137 0.776356 0.333979 0.366936 0.289192 0.261685 0.465873 0.382562 0.618422 0.520009 0.279200 0.310584 0.749368 0.978652 0.303721 0.379692 0.702038 0.576771 0.962290 0.848449 0.427305 0.500779 0.365677 0.440617 0.000000 0.251845 0.461692 0.676398 0.535383 0.849690 0.893469 0.999934 0.818956 0.915103 0.525508 0.605905 0.631314 0.672836 0.490076 0.517883 0.931917 0.998893 0.828740 0.877348 0.922488 0.986125 0.720113 0.703601 0.579011 0.608521 0.404323 0.531427 0.269957 0.408191 0.292892 0.490510 0.323375 0.251842 0.308236 0.280243 0.755876 0.797790 0.523853 0.514476 0.805558 0.740537 0.740440 0.768782 0.584828 0.648473 0.650284 0.672884 0.520198 0.574217 0.530753 0.731230 0.267866 0.336366 0.756957 0.782946 0.621092 0.583062 0.640208 0.867542 0.732386 0.827968 0.759244 0.774000 0.677030 0.762648 0.526546 0.483746 0.636301 0.668788 0.674934 0.777760 0.545248 0.544698 0.955434 0.704944 0.687048 0.919445 0.823482 0.780078 0.796827 0.937185 0.873190 0.880593
0.327021 0.550704 0.324678 0.260432 0.753105 0.662297 0.261387 0.238267 0.555266 0.670263 0.302472 0.378925 0.289548 0.303494 0.460297 0.431309 0.593432 0.551019 0.247185 0.337619 0.784192 0.990937 0.308539 0.425884 0.718617 0.610011 0.977059 0.928374 0.472803 0.527852 0.433965 0.480995 0.251845 0.000000 0.418525 0.702854 0.553734 0.882280 0.833399 0.897210 0.800089 0.948801 0.455930 0.506539 0.573882 0.623414 0.436189 0.456367 0.984500 0.896967 0.730270 0.756854 0.798676 0.849750 0.652463 0.785254 0.618132 0.674190 0.399836 0.552365 0.308242 0.474047 0.336853 0.526967 0.350662 0.288135 0.276697 0.246697 0.701450 0.845045 0.436973 0.500186 0.812080 0.702775 0.728869 0.741882 0.570865 0.549515 0.709741 0.768337 0.568655 0.598148 0.510513 0.733465 0.310240 0.379387 0.755906 0.797288 0.548178 0.589862 0.564335 0.739252 0.648621 0.727917 0.720523 0.788107 0.704011 0.802975 0.448451 0.424644 0.584071 0.647191 0.584391 0.632591 0.504007 0.527907 0.976627 0.599423 0.657547 0.916559 0.813238 0.705350 0.759993 0.968250 0.774565 0.905419
0.516753 0.741388 0.447539 0.425104 0.672576 0.759548 0.412709 0.426115 0.568133 0.661536 0.553138 0.639315 0.527347 0.557931 0.545251 0.554768 0.762193 0.704611 0.441552 0.650283 0.878014 0.956108 0.459807 0.640688 0.695451 0.683914 0.992173 0.849893 0.628697 0.746339 0.496431 0.676707 0.461692 0.418525 0.000000 0.773780 0.603107 0.782542 0.920128 0.966617 0.800208 0.799118 0.535847 0.593004 0.588633 0.665725 0.550625 0.579548 0.999061 0.875537 0.691229 0.732124 0.680916 0.756497 0.649202 0.694976 0.811676 0.838506 0.518093 0.758886 0.499225 0.715885 0.574344 0.695884 0.429508 0.516022 0.329522 0.431154 0.834182 0.887659 0.446409 0.517058 0.727067 0.716262 0.981212 0.893472 0.607971 0.588642 0.752616 0.892708 0.697486 0.746498 0.698269 0.830904 0.488841 0.559817 0.804117 0.995441 0.662961 0.696386 0.462355 0.646697 0.560754 0.574942 0.706426 0.696419 0.634786 0.683813 0.519526 0.528018 0.650654 0.675126 0.611480 0.710029 0.638960 0.498039 0.952069 0.580075 0.609284 0.809246 0.755584 0.867403 0.792429 0.865075 0.885273 0.894044
0.777114 0.803349 0.743515 0.680441 0.872400 0.839860 0.666513 0.654535 0.925475 0.785549 0.855878 0.822085 0.785277 0.688489 0.737079 0.608727 0.814831 0.653168 0.691608 0.727499 0.853611 0.978596 0.718395 0.759520 0.725605 0.644411 0.842342 0.995400 0.885430 0.813257 0.728520 0.699228 0.676398 0.702854 0.773780 0.000000 0.575125 0.789246 0.905041 0.938356 0.782465 0.972649 0.689331 0.801080 0.723940 0.795678 0.746929 0.793244 0.987723 0.895200 0.663440 0.748394 0.762646 0.750390 0.873865 0.952036 0.816671 0.831499 0.834349 0.967389 0.828996 0.863536 0.786399 0.837543 0.726011 0.672342 0.584668 0.586100 0.976074 0.882971 0.639304 0.648452 0.869664 0.832758 0.952374 0.971783 0.639118 0.839569 0.952166 0.941341 0.714676 0.828744 0.695835 0.951893 0.674659 0.632384 0.950211 0.983819 0.848602 0.839733 0.660157 0.801131 0.624991 0.768524 0.822061 0.657641 0.819884 0.625626 0.676232 0.779542 0.725897 0.771946 0.724237 0.763105 0.754280 0.863913 0.979072 0.789392 0.869422 0.999649 0.822775 0.772537 0.908375 0.982500 0.926630 0.994032
0.626373 0.747190 0.489963 0.559890 0.780405 0.835969 0.544711 0.590751 0.592475 0.742350 0.746401 0.754719 0.709554 0.696690 0.555509 0.430667 0.716539 0.585927 0.651694 0.691148 0.677648 0.950597 0.550343 0.697112 0.539861 0.467899 0.869932 0.905811 0.628900 0.588539 0.515375 0.687962 0.535383 0.553734 0.603107 0.575125 0.000000 0.567023 0.843712 0.867760 0.732360 0.909350 0.717409 0.764036 0.675952 0.708482 0.676148 0.733806 0.995319 0.848456 0.667872 0.730779 0.762310 0.753345 0.762313 0.734444 0.801268 0.747253 0.684152 0.905074 0.642167 0.753259 0.642147 0.685469 0.538247 0.622908 0.499847 0.511606 0.799457 0.931150 0.554287 0.551100 0.773553 0.771060 0.933520 0.980030 0.638500 0.764980 0.632268 0.818540 0.571351 0.720731 0.619250 0.675833 0.564394 0.572132 0.976210 0.973164 0.682117 0.661638 0.600744 0.727646 0.562443 0.710980 0.688750 0.908112 0.603793 0.788715 0.606366 0.679900 0.794595 0.854126 0.687623 0.872810 0.558864 0.740462 0.809431 0.624164 0.836419 0.909848 0.781617 0.764758 0.892978 0.862113 0.937155 0.922784
0.875905 0.929210 0.814671 0.854684 0.841996 0.971743 0.875997 0.927028 0.743698 0.965059 0.967424 0.947172 0.911202 0.991875 0.811641 0.736943 0.826795 0.748485 0.977354 0.978309 0.665085 0.994628 0.873908 0.882883 0.676092 0.688586 0.825807 0.970722 0.878850 0.734413 0.794049 0.994080 0.849690 0.882280 0.782542 0.789246 0.567023 0.000000 0.998653 0.819873 0.915752 0.858801 0.932881 0.970068 0.833861 0.905813 0.937163 0.972364 0.928817 0.998622 0.914452 0.934824 0.913685 0.907246 0.821168 0.930549 0.932933 0.889130 0.914648 0.967272 0.904840 0.944607 0.868403 0.778859 0.819619 0.908085 0.768667 0.850472 0.927202 0.966865 0.783518 0.817382 0.926090 0.997020 0.949373 0.813148 0.932146 0.990219 0.921196 0.997400 0.761214 0.854974 0.776433 0.820849 0.896313 0.864643 0.953869 0.837404 0.916154 0.994513 0.761197 0.869958 0.715658 0.799979 0.874668 0.902244 0.731216 0.839066 0.889136 0.955330 0.930427 0.997088 0.916176 0.967842 0.812209 0.887984 0.757796 0.845097 0.837894 0.962591 0.960828 0.888014 0.957891 0.745215 0.879403 0.872283
