0.000000 0.227752 0.595947 0.672734 0.673832 0.654457 0.875962 0.916153 0.475137 0.488256 0.372439 0.344668 0.485177 0.476384 0.645228 0.934195 0.348300 0.291843 0.391160 0.268033 0.623311 0.916732 0.842503 0.552090 0.561967 0.805153 0.634676 0.871962 0.655900 0.644039 0.850156 0.904272 0.562549 0.687198 0.916149 0.872508 0.948780 0.967404 0.796139 0.844447 0.861357 0.852687 0.950246 0.911805 0.835956 0.993617 0.712085 0.683810 0.878550 0.886285 0.924322 0.964644 0.651227 0.416780 0.574371 0.607770 0.211219 0.233394 0.439988 0.365129 0.777305 0.972512 0.508704 0.498469 0.374349 0.649607 0.782649 0.976167 0.318773 0.545476 0.536987 0.508963 0.698458 0.647391 0.981661 0.816176 0.939313 0.844778 0.603278 0.466505 0.301389 0.269296 0.492551 0.298862 0.296665 0.266445 0.854324 0.611198 0.706694 0.349727 0.449796 0.561767 0.564334 0.647169 0.959502 0.885415 0.838793 0.965393 0.823196 0.863528 0.586378 0.657054 0.942924 0.761850 0.981735 0.965691 0.956127 0.932015 0.699078 0.810466 0.868772 0.941781 0.833474 0.916619 0.878226 0.702089
0.227752 0.000000 0.528470 0.544271 0.636822 0.713532 0.859255 0.978805 0.537583 0.541185 0.472897 0.406224 0.584565 0.498668 0.636134 0.867887 0.373220 0.339573 0.396506 0.265214 0.635997 0.949689 0.818852 0.556367 0.494546 0.699615 0.586505 0.871731 0.665896 0.647568 0.965137 0.868744 0.590958 0.636859 0.877997 0.879051 0.855095 0.943486 0.676331 0.875400 0.898932 0.787507 0.963930 0.846284 0.793635 0.975640 0.682096 0.685707 0.909105 0.895516 0.908505 0.980627 0.640354 0.430678 0.629838 0.633022 0.223742 0.210426 0.478976 0.428275 0.863024 0.975342 0.604540 0.531539 0.378423 0.694312 0.858508 0.971303 0.311400 0.488690 0.658045 0.536572 0.766581 0.684187 0.950955 0.831936 0.927292 0.878759 0.577189 0.466715 0.314625 0.318190 0.561928 0.327838 0.403128 0.337382 0.922528 0.702213 0.745653 0.400047 0.391030 0.507428 0.509726 0.609910 0.972092 0.951664 0.857206 0.999711 0.779362 0.865143 0.491587 0.618301 0.906377 0.822486 0.978239 0.919165 0.924914 0.935077 0.787214 0.766709 0.911451 0.930765 0.857769 0.920945 0.911367 0.696467
0.595947 0.528470 0.000000 0.301785 0.733983 0.967752 0.828883 0.691444 0.914126 0.817645 0.772697 0.685812 0.600146 0.722757 0.692777 0.760330 0.758123 0.726691 0.618132 0.621011 0.617441 0.973838 0.735558 0.612394 0.445852 0.524735 0.595611 0.966307 0.870212 0.894059 0.796501 0.732041 0.749314 0.721108 0.763979 0.849344 0.646108 0.902597 0.773598 0.746005 0.999745 0.723595 0.785518 0.755611 0.879807 0.988733 0.787082 0.803808 0.984956 0.901026 0.956435 0.953801 0.811129 0.747834 0.752691 0.829939 0.544048 0.528252 0.721819 0.608731 0.851188 0.807386 0.916333 0.823463 0.465824 0.599307 0.846622 0.969471 0.546674 0.596927 0.976082 0.983428 0.981216 0.965705 0.972511 0.860185 0.730138 0.816106 0.724968 0.647147 0.772950 0.708718 0.857872 0.754131 0.773294 0.603243 0.975769 0.894898 0.784253 0.677218 0.749680 0.890654 0.838041 0.894267 0.907154 0.984879 0.685389 0.744342 0.879745 0.825798 0.592994 0.991217 0.968187 0.889231 0.896815 0.805702 0.739403 0.981622 0.983367 0.772235 0.813781 0.966727 0.810726 0.771823 0.670038 0.905491
0.672734 0.544271 0.301785 0.000000 0.738702 0.994417 0.928761 0.590416 0.926486 0.868148 0.908895 0.723776 0.724745 0.646402 0.721461 0.637516 0.800675 0.764343 0.699017 0.733541 0.686525 0.919856 0.811974 0.527090 0.440430 0.479161 0.655898 0.955596 0.989535 0.878020 0.785538 0.718864 0.800785 0.737570 0.726502 0.903267 0.570137 0.799718 0.627347 0.697306 0.923708 0.721456 0.862038 0.810778 0.822537 0.934921 0.871922 0.870599 0.889903 0.963158 0.964274 0.934717 0.867543 0.834958 0.820675 0.850004 0.581943 0.564675 0.757532 0.674242 0.919614 0.764293 0.964944 0.845727 0.573753 0.559555 0.919334 0.987286 0.630043 0.593590 0.958003 0.925534 0.997316 0.985002 0.942573 0.989947 0.773930 0.897508 0.713339 0.708311 0.799555 0.781866 0.897936 0.755773 0.901101 0.620137 0.955764 0.859470 0.763581 0.731612 0.664926 0.712575 0.757305 0.775436 0.974986 0.938351 0.844486 0.738058 0.995559 0.922884 0.518868 0.826870 0.916873 0.897263 0.984161 0.864425 0.725118 0.976039 0.974283 0.823278 0.941956 0.878965 0.877774 0.786373 0.728652 0.882691
0.673832 0.636822 0.733983 0.738702 0.000000 0.810820 0.663144 0.832308 0.721291 0.643494 0.887157 0.921072 0.912890 0.949209 0.888374 0.831516 0.835281 0.820789 0.887656 0.676128 0.750186 0.970187 0.846817 0.888358 0.660459 0.722512 0.872534 0.916929 0.897635 0.970671 0.909275 0.964347 0.953280 0.931410 0.927102 0.721218 0.818819 0.783222 0.822098 0.958223 0.925256 0.757216 0.933871 0.967981 0.668063 0.792171 0.937017 0.950551 0.789209 0.820458 0.680201 0.706914 0.541888 0.493278 0.995247 0.972521 0.606243 0.660767 0.909141 0.768687 0.747612 0.772215 0.923046 0.981845 0.791069 0.978158 0.889011 0.751772 0.531798 0.561297 0.774510 0.738790 0.846384 0.773636 0.891452 0.978552 0.936315 0.816087 0.781569 0.832667 0.713132 0.679952 0.897899 0.743590 0.904043 0.807126 0.939179 0.945618 0.988584 0.796526 0.653255 0.624151 0.827433 0.761021 0.994735 0.942508 0.853967 0.974867 0.763691 0.797259 0.626342 0.635947 0.801990 0.993314 0.916901 0.909323 0.991274 0.883704 0.846825 0.883240 0.939274 0.740127 0.911586 0.898719 0.881743 0.826916
0.654457 0.713532 0.967752 0.994417 0.810820 0.000000 0.807876 0.763317 0.613364 0.682342 0.714307 0.739221 0.886473 0.779345 0.984511 0.878272 0.695164 0.686945 0.711930 0.721621 0.879833 0.953308 0.997932 0.855842 0.911240 0.892995 0.970974 0.809227 0.839957 0.898258 0.773563 0.932788 0.822298 0.960445 0.914459 0.947002 0.830889 0.829849 0.962991 0.791981 0.744477 0.779006 0.836652 0.865715 0.927407 0.996328 0.907871 0.896839 0.924805 0.947535 0.965039 0.916176 0.783934 0.704968 0.867725 0.779875 0.645020 0.684642 0.730880 0.799262 0.935740 0.806579 0.765292 0.829043 0.732929 0.983912 0.865946 0.976656 0.749532 0.925899 0.695127 0.625212 0.658138 0.731653 0.929047 0.866904 0.826268 0.736242 0.925570 0.894909 0.694402 0.663961 0.749721 0.667983 0.641895 0.670345 0.808742 0.853042 0.922309 0.761699 0.690872 0.796026 0.847632 0.795338 0.995971 0.949171 0.941893 0.972480 0.869491 0.875499 0.841310 0.813671 0.897058 0.956513 0.963299 0.912316 0.913160 0.828712 0.752320 0.778699 0.934233 0.967866 0.882765 0.882977 0.902629 0.744792
0.875962 0.859255 0.828883 0.928761 0.663144 0.807876 0.000000 0.352290 0.693408 0.473978 0.978061 0.811149 0.638080 0.883331 0.557755 0.722535 0.986778 0.982652 0.759664 0.954658 0.936677 0.941378 0.470816 0.994297 0.713855 0.796442 0.940715 0.823368 0.578179 0.666573 0.580964 0.755955 0.692851 0.534125 0.860310 0.880095 0.941710 0.873206 0.826496 0.937937 0.844613 0.921192 0.485055 0.552129 0.363715 0.437631 0.687229 0.709772 0.454377 0.454486 0.374130 0.416795 0.452199 0.486952 0.792081 0.721194 0.878264 0.882519 0.765355 0.928902 0.351580 0.357156 0.637592 0.640654 0.878767 0.797644 0.484515 0.462238 0.699787 0.756663 0.563208 0.659371 0.685317 0.621389 0.841586 0.750131 0.671783 0.597241 0.837049 0.897588 0.889454 0.746588 0.948176 0.781727 0.952896 0.929574 0.978187 0.865310 0.864479 0.900631 0.618690 0.565620 0.878062 0.887703 0.705967 0.757540 0.766910 0.843237 0.383502 0.451534 0.786077 0.597605 0.720133 0.832609 0.748924 0.740877 0.875262 0.920454 0.768569 0.901408 0.739969 0.621817 0.460831 0.751175 0.477505 0.759138
0.916153 0.978805 0.691444 0.590416 0.832308 0.763317 0.352290 0.000000 0.693408 0.558740 0.896281 0.770836 0.629733 0.763041 0.570693 0.482523 0.991769 0.996608 0.855823 0.918745 0.992648 0.862411 0.589316 0.801571 0.916644 0.974879 0.992947 0.889508 0.769232 0.759096 0.642900 0.790940 0.798530 0.608024 0.825681 0.966845 0.963280 0.974758 0.928296 0.859801 0.769711 0.988182 0.641088 0.672195 0.628725 0.681801 0.845199 0.886111 0.725749 0.668345 0.532542 0.532629 0.582650 0.570500 0.915646 0.878732 0.983464 0.994469 0.831089 0.945853 0.431477 0.315062 0.769560 0.701893 0.812723 0.575086 0.661731 0.622477 0.761907 0.931897 0.636543 0.751997 0.762784 0.741561 0.817895 0.900997 0.694607 0.668172 0.826545 0.918331 0.866651 0.761134 0.988191 0.808706 0.926736 0.989663 0.985417 0.745139 0.777138 0.883679 0.826100 0.891516 0.997377 0.918335 0.870523 0.902385 0.861631 0.869971 0.629277 0.641304 0.918921 0.851621 0.964975 0.955239 0.901751 0.941903 0.776631 0.899289 0.849116 0.889238 0.897441 0.909726 0.587260 0.766730 0.543430 0.923885
0.475137 0.537583 0.914126 0.926486 0.721291 0.613364 0.693408 0.693408 0.000000 0.520039 0.629844 0.624391 0.888877 0.581102 0.970307 0.893842 0.487808 0.445441 0.601042 0.497604 0.792560 0.843508 0.952298 0.658366 0.639166 0.807052 0.776465 0.920446 0.838623 0.734228 0.818656 0.917071 0.749605 0.811597 0.961493 0.894152 0.911201 0.882611 0.808313 0.963270 0.921590 0.982754 0.902182 0.942298 0.874543 0.992641 0.762513 0.709610 0.935273 0.925279 0.879405 0.886130 0.754622 0.606125 0.659318 0.611465 0.489718 0.511580 0.562825 0.651961 0.916030 0.780684 0.715825 0.677281 0.797995 0.923999 0.841179 0.962774 0.529908 0.618978 0.618899 0.609322 0.777915 0.788135 0.996313 0.924868 0.874133 0.699213 0.740263 0.695644 0.459317 0.426928 0.555826 0.386403 0.584629 0.483224 0.813394 0.595915 0.716598 0.466071 0.493508 0.625246 0.659120 0.724850 0.905992 0.783296 0.894882 0.884413 0.785764 0.909448 0.867315 0.725303 0.930147 0.715602 0.963909 0.910231 0.919565 0.971493 0.715050 0.880440 0.922951 0.928463 0.732815 0.970067 0.908638 0.727795
0.488256 0.541185 0.817645 0.868148 0.643494 0.682342 0.473978 0.558740 0.520039 0.000000 0.646159 0.826889 0.915698 0.831847 0.893079 0.748349 0.735541 0.653517 0.840858 0.587493 0.776084 0.932855 0.726673 0.690539 0.608878 0.795152 0.727954 0.780556 0.839678 0.948576 0.499835 0.718100 0.931298 0.783706 0.933825 0.926697 0.937590 0.856715 0.824341 0.971428 0.832988 0.942500 0.558096 0.679492 0.418745 0.517548 0.841221 0.898978 0.606890 0.618863 0.443914 0.474174 0.374038 0.326016 0.926503 0.960131 0.562993 0.560210 0.903089 0.757310 0.736963 0.545062 0.967660 0.941769 0.681204 0.804413 0.795169 0.630552 0.434786 0.607924 0.449554 0.525027 0.639403 0.567297 0.877367 0.762928 0.652261 0.599098 0.972770 0.815432 0.593135 0.403629 0.759564 0.470519 0.603307 0.490975 0.825015 0.564433 0.811041 0.554676 0.587056 0.614207 0.907290 0.920802 0.813094 0.953668 0.936267 0.904348 0.502776 0.595407 0.708409 0.613304 0.762786 0.951008 0.881024 0.900725 0.925781 0.899120 0.634810 0.975197 0.923281 0.757119 0.512009 0.891394 0.724352 0.725881
0.372439 0.472897 0.772697 0.908895 0.887157 0.714307 0.978061 0.896281 0.629844 0.646159 0.000000 0.416237 0.483173 0.504460 0.617933 0.907667 0.438181 0.368620 0.552439 0.436791 0.774403 0.991943 0.970782 0.753441 0.835496 0.961882 0.817357 0.825344 0.582828 0.600175 0.738012 0.951254 0.728906 0.828815 0.891430 0.901693 0.875888 0.794645 0.943241 0.891325 0.774197 0.951959 0.858730 0.906960 0.855561 0.907467 0.935551 0.892179 0.920291 0.979732 0.895900 0.865647 0.735160 0.507831 0.659001 0.746182 0.395443 0.420930 0.672822 0.612352 0.666041 0.856335 0.560214 0.563126 0.411507 0.596488 0.945700 0.947037 0.568401 0.852440 0.537825 0.624839 0.814584 0.758110 0.984584 0.898620 0.782516 0.953193 0.764557 0.640965 0.453675 0.429014 0.564006 0.457104 0.418101 0.487494 0.721796 0.703680 0.776499 0.602243 0.613690 0.720918 0.574906 0.843785 0.998111 0.883321 0.976511 0.856584 0.731617 0.803345 0.733771 0.832917 0.888416 0.943855 0.937117 0.928377 0.903711 0.934746 0.713337 0.954042 0.894348 0.942449 0.802879 0.948379 0.948863 0.736054
0.344668 0.406224 0.685812 0.723776 0.921072 0.739221 0.811149 0.770836 0.624391 0.826889 0.416237 0.000000 0.357787 0.306180 0.390647 0.583542 0.303345 0.280561 0.368027 0.366334 0.728390 0.971238 0.638546 0.575074 0.794501 0.998679 0.704767 0.961075 0.428283 0.406477 0.954939 0.817275 0.491780 0.517288 0.900985 0.949445 0.940556 0.879814 0.901890 0.751424 0.924189 0.985392 0.874074 0.789242 0.852373 0.771671 0.664480 0.618827 0.626652 0.656327 0.727955 0.730528 0.961323 0.763690 0.451050 0.548893 0.351818 0.345492 0.425196 0.475414 0.482866 0.683216 0.317881 0.278104 0.452408 0.557012 0.665072 0.750050 0.607852 0.738362 0.737970 0.637772 0.858957 0.862504 0.775957 0.971117 0.954846 0.991033 0.541687 0.454621 0.360960 0.440699 0.436536 0.448558 0.362142 0.404124 0.777847 0.711514 0.653682 0.536014 0.594145 0.691478 0.517046 0.606272 0.884592 0.869849 0.911697 0.920373 0.994410 0.987854 0.698332 0.762135 0.953673 0.737320 0.943422 0.936458 0.997402 0.974861 0.773585 0.799455 0.793102 0.852681 0.965383 0.971538 0.703552 0.736456
0.485177 0.584565 0.600146 0.724745 0.912890 0.886473 0.638080 0.629733 0.888877 0.915698 0.483173 0.357787 0.000000 0.442082 0.380296 0.550687 0.596945 0.515216 0.522030 0.598638 0.823748 0.996620 0.585486 0.590830 0.902552 0.975645 0.767227 0.906850 0.591765 0.605571 0.953398 0.843217 0.652552 0.628651 0.913895 0.969103 0.827641 0.732449 0.980913 0.823922 0.992898 0.930421 0.951778 0.917188 0.878744 0.844335 0.794740 0.789095 0.722401 0.714442 0.729046 0.700202 0.929760 0.893571 0.571979 0.688648 0.530145 0.526374 0.508794 0.481173 0.341266 0.567944 0.418633 0.481535 0.445464 0.468069 0.651608 0.699663 0.791704 0.873141 0.790948 0.786658 0.847750 0.827256 0.924731 0.871336 0.962087 0.954335 0.762132 0.557942 0.626053 0.648052 0.645468 0.659512 0.442244 0.446163 0.671971 0.798154 0.693596 0.625475 0.781910 0.916652 0.746305 0.769204 0.930994 0.911216 0.813024 0.911361 0.892102 0.949840 0.777070 0.961534 0.982598 0.911921 0.975991 0.954237 0.968217 0.879002 0.934477 0.909266 0.748137 0.931796 0.902321 0.941850 0.682718 0.914325
0.476384 0.498668 0.722757 0.646402 0.949209 0.779345 0.883331 0.763041 0.581102 0.831847 0.504460 0.306180 0.442082 0.000000 0.491161 0.487835 0.374460 0.319609 0.435991 0.476207 0.778721 0.964333 0.687394 0.459651 0.734218 0.843810 0.760411 0.912909 0.563087 0.381264 0.937272 0.743189 0.554114 0.529158 0.885819 0.955224 0.949310 0.979356 0.745858 0.746860 0.987611 0.972430 0.959800 0.870884 0.926968 0.858288 0.751228 0.686581 0.769324 0.725714 0.807262 0.786754 0.951332 0.870492 0.494605 0.536715 0.442879 0.429074 0.527993 0.567763 0.603265 0.647766 0.423983 0.387382 0.618793 0.478301 0.717135 0.728002 0.685859 0.748857 0.816472 0.687734 0.955820 0.950868 0.863621 0.953401 0.951523 0.992911 0.635707 0.516350 0.412442 0.466766 0.427108 0.397778 0.516328 0.412447 0.673349 0.660064 0.606098 0.570362 0.569427 0.629716 0.560734 0.601318 0.818084 0.924792 0.918445 0.964818 0.937567 0.998744 0.697741 0.804235 0.972792 0.762682 0.973200 0.922015 0.952841 0.961841 0.784101 0.944631 0.816813 0.867009 0.992563 0.966913 0.789213 0.793946
0.645228 0.636134 0.692777 0.721461 0.888374 0.984511 0.557755 0.570693 0.970307 0.893079 0.617933 0.390647 0.380296 0.491161 0.000000 0.453786 0.576835 0.578249 0.548920 0.627515 0.866003 0.881772 0.494827 0.623356 0.992932 0.953927 0.826254 0.905699 0.482034 0.478281 0.745621 0.827744 0.584665 0.524142 0.828393 0.893191 0.944880 0.774772 0.919424 0.803551 0.940933 0.899373 0.758572 0.753187 0.731803 0.725175 0.722257 0.696374 0.597485 0.622790 0.595720 0.558667 0.774416 0.965164 0.562727 0.641988 0.619704 0.600890 0.593438 0.642224 0.361216 0.490646 0.459416 0.410973 0.551849 0.567801 0.694140 0.713856 0.924116 0.992931 0.940554 0.891147 0.947066 0.951479 0.826889 0.931473 0.814717 0.801606 0.688282 0.631569 0.627990 0.764776 0.660849 0.727634 0.551401 0.642121 0.756522 0.903269 0.808053 0.760584 0.851435 0.894601 0.653947 0.717727 0.827313 0.986140 0.983296 0.888455 0.826141 0.868656 0.775973 0.990605 0.937271 0.856109 0.975982 0.924338 0.859799 0.895523 0.999438 0.893372 0.806385 0.837550 0.859777 0.948463 0.611743 0.909016
0.934195 0.867887 0.760330 0.637516 0.831516 0.878272 0.722535 0.482523 0.893842 0.748349 0.907667 0.583542 0.550687 0.487835 0.453786 0.000000 0.755936 0.796614 0.840313 0.941089 0.928695 0.930973 0.664730 0.644642 0.964819 0.945892 0.943910 0.836688 0.734066 0.601601 0.741415 0.743817 0.818341 0.666308 0.954305 0.988382 0.950701 0.950158 0.808353 0.712025 0.846054 0.937862 0.919162 0.929353 0.873193 0.874523 0.945793 0.899523 0.860994 0.810818 0.697260 0.621344 0.686019 0.769504 0.798822 0.922848 0.841548 0.812320 0.803854 0.905623 0.567927 0.497004 0.709740 0.644841 0.843041 0.565008 0.880586 0.739931 0.890493 0.968602 0.879194 0.981090 0.868456 0.982421 0.764640 0.959042 0.843499 0.878772 0.819569 0.724038 0.880825 0.989606 0.758310 0.958536 0.950849 0.834747 0.810639 0.865577 0.892575 0.983805 0.825146 0.788853 0.670279 0.659037 0.911621 0.896995 0.866912 0.926388 0.938939 0.944252 0.766737 0.973248 0.947863 0.986338 0.811909 0.954808 0.861943 0.909878 0.950700 0.947591 0.955991 0.968287 0.879172 0.982591 0.741522 0.943593
0.348300 0.373220 0.758123 0.800675 0.835281 0.695164 0.986778 0.991769 0.487808 0.735541 0.438181 0.303345 0.596945 0.374460 0.576835 0.755936 0.000000 0.234500 0.370128 0.321332 0.734270 0.874414 0.748650 0.637216 0.705662 0.937419 0.753676 0.879669 0.424612 0.370209 0.952243 0.814914 0.470007 0.518688 0.954576 0.952990 0.898227 0.952273 0.836252 0.799012 0.918060 0.925680 0.894790 0.737416 0.932507 0.785458 0.590983 0.543207 0.678428 0.686028 0.834563 0.836399 0.936449 0.683137 0.523443 0.495936 0.325576 0.322544 0.459208 0.519600 0.713935 0.866606 0.425502 0.352194 0.520156 0.695150 0.700482 0.790647 0.530654 0.704657 0.762185 0.599594 0.930409 0.884937 0.881580 0.997794 0.951096 0.994570 0.517695 0.492933 0.284578 0.370262 0.396196 0.385510 0.386886 0.404347 0.866264 0.606942 0.758267 0.478714 0.508263 0.614282 0.463270 0.604883 0.827800 0.869018 0.924226 0.946341 0.924966 0.989443 0.715263 0.708963 0.926983 0.702583 0.962973 0.865829 0.939786 0.982760 0.757652 0.877844 0.873194 0.793389 0.982451 0.972723 0.856851 0.784171
0.291843 0.339573 0.726691 0.764343 0.820789 0.686945 0.982652 0.996608 0.445441 0.653517 0.368620 0.280561 0.515216 0.319609 0.578249 0.796614 0.234500 0.000000 0.322308 0.274252 0.723634 0.948990 0.763561 0.570884 0.712002 0.925764 0.781018 0.888685 0.476968 0.427492 0.931282 0.846239 0.482143 0.541064 0.964985 0.985512 0.960627 0.956967 0.818285 0.778039 0.892697 0.931430 0.963156 0.824019 0.974178 0.857365 0.679525 0.617298 0.729619 0.729014 0.924816 0.921511 0.864943 0.622544 0.484254 0.485829 0.286452 0.285427 0.439426 0.498691 0.705483 0.884899 0.386317 0.346963 0.491029 0.652701 0.702047 0.802227 0.472592 0.642380 0.690140 0.566253 0.878843 0.839861 0.893190 0.945435 0.953025 0.920244 0.522279 0.464249 0.239075 0.285441 0.407709 0.283636 0.330674 0.348926 0.754851 0.549457 0.723285 0.434944 0.518596 0.591836 0.491953 0.604859 0.809600 0.852692 0.909871 0.998247 0.880053 0.980881 0.674842 0.699917 0.998932 0.745995 0.944827 0.880941 0.996010 0.996682 0.686688 0.867791 0.882449 0.854915 0.920261 0.944816 0.826511 0.759822
0.391160 0.396506 0.618132 0.699017 0.887656 0.711930 0.759664 0.855823 0.601042 0.840858 0.552439 0.368027 0.522030 0.435991 0.548920 0.840313 0.370128 0.322308 0.000000 0.330831 0.715457 0.916784 0.477108 0.644311 0.710424 0.899967 0.710057 0.945742 0.460867 0.484377 0.755639 0.671166 0.325888 0.405812 0.795090 0.960678 0.866566 0.878470 0.817222 0.899237 0.991699 0.939520 0.647295 0.558193 0.726015 0.575683 0.436320 0.395821 0.500935 0.470081 0.674582 0.644478 0.959932 0.825145 0.467042 0.392732 0.394828 0.386696 0.358649 0.437648 0.617013 0.845747 0.351424 0.329912 0.545497 0.800586 0.509781 0.624597 0.554806 0.705924 0.908212 0.750058 0.926609 0.951299 0.873281 0.960133 0.806428 0.954792 0.491361 0.460837 0.365735 0.453047 0.474867 0.424589 0.364425 0.422619 0.789010 0.675287 0.750222 0.478046 0.698928 0.845851 0.661335 0.681299 0.746055 0.754677 0.803331 0.845307 0.793921 0.746894 0.819790 0.839366 0.776525 0.609872 0.768809 0.636971 0.899478 0.937187 0.877805 0.725084 0.724972 0.751263 0.803275 0.747707 0.711317 0.858737
0.268033 0.265214 0.621011 0.733541 0.676128 0.721621 0.954658 0.918745 0.497604 0.587493 0.436791 0.366334 0.598638 0.476207 0.627515 0.941089 0.321332 0.274252 0.330831 0.000000 0.643086 0.891151 0.742037 0.651453 0.616132 0.789633 0.629655 0.917578 0.565830 0.559421 0.972062 0.875263 0.487707 0.579358 0.906878 0.981213 0.872318 0.928535 0.779115 0.867541 0.857781 0.854473 0.886984 0.768431 0.964004 0.892869 0.637484 0.604486 0.777591 0.773559 0.982207 0.962475 0.747844 0.517338 0.539656 0.535312 0.280570 0.275724 0.494306 0.474367 0.835392 0.982794 0.494281 0.445047 0.467680 0.765543 0.766964 0.932577 0.355372 0.543592 0.676680 0.588106 0.906975 0.840889 0.908833 0.947276 0.932553 0.918479 0.530905 0.483413 0.273509 0.283059 0.498926 0.313757 0.345137 0.373521 0.902197 0.627574 0.757800 0.388969 0.528249 0.669504 0.589681 0.649344 0.875817 0.777462 0.885274 0.976489 0.903343 0.968561 0.628282 0.685571 0.981645 0.733013 0.898233 0.823064 0.928084 0.987155 0.853297 0.796192 0.864909 0.906555 0.900795 0.905430 0.869371 0.761798
0.623311 0.635997 0.617441 0.686525 0.750186 0.879833 0.936677 0.992648 0.792560 0.776084 0.774403 0.728390 0.823748 0.778721 0.866003 0.928695 0.734270 0.723634 0.715457 0.643086 0.000000 0.945979 0.876066 0.848573 0.600775 0.649100 0.837936 0.891942 0.849859 0.908220 0.886344 0.663243 0.685253 0.756467 0.990687 0.857350 0.848734 0.796357 0.789217 0.791043 0.967332 0.807160 0.862463 0.768638 0.998284 0.936242 0.819251 0.697865 0.919668 0.851367 0.999318 0.958580 0.942148 0.753645 0.675801 0.832401 0.588308 0.631802 0.713152 0.611452 0.986781 0.973302 0.828028 0.808586 0.699251 0.847461 0.883486 0.993606 0.600700 0.740667 0.844050 0.811436 0.942318 0.944478 0.951245 0.953996 0.836834 0.915976 0.771137 0.620460 0.702742 0.672708 0.687494 0.736937 0.754925 0.681238 0.855825 0.933902 0.795327 0.701395 0.776593 0.831285 0.947881 0.921216 0.932152 0.884194 0.840595 0.931379 0.925392 0.901774 0.799705 0.885309 0.893464 0.747536 0.906868 0.771874 0.833694 0.986429 0.808771 0.793288 0.904411 0.919322 0.994885 0.598062 0.726964 0.738196
0.916732 0.949689 0.973838 0.919856 0.970187 0.953308 0.941378 0.862411 0.843508 0.932855 0.991943 0.971238 0.996620 0.964333 0.881772 0.930973 0.874414 0.948990 0.916784 0.891151 0.945979 0.000000 0.859187 0.979889 0.882897 0.890520 0.886593 0.974885 0.853994 0.963885 0.985677 0.965523 0.985249 0.912573 0.896186 0.949755 0.893511 0.957090 0.987806 0.929327 0.821425 0.879553 0.929529 0.913286 0.988067 0.944474 0.817082 0.857515 0.954716 0.943301 0.986469 0.976306 0.930186 0.924709 0.938404 0.977534 0.982230 0.982600 0.983225 0.998552 0.904095 0.885191 0.982066 0.957046 0.994121 0.868658 0.921349 0.927160 0.867358 0.955546 0.940182 0.939347 0.973455 0.938160 0.991695 0.931965 0.874014 0.791976 0.949870 0.875174 0.852619 0.940171 0.930908 0.986098 0.941416 0.933086 0.943106 0.884542 0.973614 0.900778 0.924166 0.944527 0.989661 0.971550 0.960217 0.859065 0.998972 0.994220 0.930034 0.866790 0.920248 0.930234 0.975117 0.969748 0.899298 0.862105 0.977836 0.902838 0.905680 0.788941 0.899333 0.950598 0.986196 0.989802 0.995330 0.957269
0.842503 0.818852 0.735558 0.811974 0.846817 0.997932 0.470816 0.589316 0.952298 0.726673 0.970782 0.638546 0.585486 0.687394 0.494827 0.664730 0.748650 0.763561 0.477108 0.742037 0.876066 0.859187 0.000000 0.752500 0.981937 0.999920 0.892771 0.695772 0.580869 0.640407 0.453028 0.546478 0.471635 0.458578 0.692019 0.931817 0.946004 0.810495 0.916433 0.942488 0.878498 0.994420 0.438045 0.431200 0.435146 0.373649 0.407571 0.444663 0.358325 0.330759 0.382175 0.318745 0.585693 0.678006 0.587387 0.531534 0.883587 0.834167 0.540848 0.685831 0.534811 0.683963 0.501811 0.491297 0.838945 0.955031 0.437771 0.476253 0.982283 0.937117 0.730404 0.893339 0.788365 0.825440 0.836049 0.853371 0.547525 0.800465 0.658223 0.637847 0.771965 0.928160 0.768721 0.894382 0.640917 0.765103 0.868569 0.896815 0.898152 0.757348 0.930361 0.853758 0.927214 0.820238 0.719869 0.868909 0.884080 0.795426 0.481597 0.539268 0.921111 0.824522 0.651108 0.699340 0.761374 0.598979 0.915055 0.950075 0.920282 0.702267 0.754983 0.717847 0.548060 0.756279 0.504666 0.982955
0.552090 0.556367 0.612394 0.527090 0.888358 0.855842 0.994297 0.801571 0.658366 0.690539 0.753441 0.575074 0.590830 0.459651 0.623356 0.644642 0.637216 0.570884 0.644311 0.651453 0.848573 0.979889 0.752500 0.000000 0.630798 0.722260 0.763968 0.985290 0.872536 0.731748 0.942595 0.783540 0.760732 0.780474 0.810320 0.956856 0.947552 0.946124 0.681651 0.829368 0.973175 0.914559 0.857420 0.979160 0.839292 0.932428 0.845344 0.833416 0.983308 0.912501 0.992607 0.905145 0.886509 0.795969 0.692424 0.718640 0.527584 0.498740 0.575543 0.578876 0.801051 0.863874 0.702046 0.692577 0.654861 0.552325 0.789800 0.864975 0.643748 0.694671 0.749144 0.699038 0.749225 0.744396 0.939885 0.810041 0.950876 0.775324 0.820311 0.730904 0.634427 0.611299 0.624207 0.539883 0.637665 0.421663 0.742567 0.712513 0.660668 0.533303 0.612312 0.601930 0.703771 0.681880 0.966506 0.981171 0.986748 0.901868 0.924872 0.939962 0.643578 0.732246 0.926371 0.904276 0.871447 0.992610 0.922489 0.843170 0.726593 0.849179 0.857180 0.857663 0.923597 0.996158 0.881235 0.727101
0.561967 0.494546 0.445852 0.440430 0.660459 0.911240 0.713855 0.916644 0.639166 0.608878 0.835496 0.794501 0.902552 0.734218 0.992932 0.964819 0.705662 0.712002 0.710424 0.616132 0.600775 0.882897 0.981937 0.630798 0.000000 0.299381 0.534946 0.856122 0.909620 0.974167 0.958815 0.785751 0.821302 0.889793 0.762839 0.897660 0.606163 0.772736 0.570740 0.778185 0.953021 0.667595 0.932403 0.847486 0.685283 0.848045 0.790329 0.778452 0.831754 0.981779 0.758339 0.861090 0.705059 0.596047 0.823794 0.821393 0.518464 0.488963 0.750563 0.556821 0.749379 0.860404 0.907535 0.945661 0.633423 0.779573 0.983939 0.859650 0.429930 0.537898 0.895671 0.763252 0.854381 0.912194 0.984268 0.966476 0.798205 0.976967 0.765169 0.706077 0.705230 0.603110 0.850649 0.576013 0.818984 0.558188 0.888135 0.954469 0.834385 0.545047 0.522112 0.700724 0.771751 0.856836 0.990515 0.977282 0.799468 0.816691 0.886694 0.996682 0.647506 0.728092 0.926112 0.799338 0.891839 0.749729 0.808729 0.905555 0.883168 0.721229 0.896807 0.794716 0.979572 0.834167 0.905731 0.808335
0.805153 0.699615 0.524735 0.479161 0.722512 0.892995 0.796442 0.974879 0.807052 0.795152 0.961882 0.998679 0.975645 0.843810 0.953927 0.945892 0.937419 0.925764 0.899967 0.789633 0.649100 0.890520 0.999920 0.722260 0.299381 0.000000 0.638699 0.903554 0.804886 0.915234 0.837296 0.794380 0.951120 0.897366 0.753522 0.978938 0.525133 0.649024 0.560328 0.842987 0.975437 0.577103 0.872932 0.846874 0.741521 0.840373 0.847613 0.858463 0.793912 0.944585 0.792150 0.902721 0.845698 0.793662 0.879776 0.879137 0.768599 0.708348 0.939308 0.714988 0.674815 0.943900 0.780163 0.906668 0.818028 0.825294 0.928666 0.866242 0.571809 0.593289 0.923343 0.941341 0.991471 0.956562 0.928864 0.981507 0.733643 0.944873 0.824746 0.781625 0.870528 0.795258 0.985652 0.723627 0.979345 0.756553 0.866643 0.972600 0.818592 0.682397 0.720618 0.875141 0.942945 0.948707 0.990965 0.987558 0.740329 0.790497 0.965383 0.937960 0.715571 0.905733 0.953495 0.840565 0.801908 0.770882 0.783736 0.993354 0.981946 0.741894 0.954642 0.873700 0.977431 0.781596 0.903058 0.925469
0.634676 0.586505 0.595611 0.655898 0.872534 0.970974 0.940715 0.992947 0.776465 0.727954 0.817357 0.704767 0.767227 0.760411 0.826254 0.943910 0.753676 0.781018 0.710057 0.629655 0.837936 0.886593 0.892771 0.763968 0.534946 0.638699 0.000000 0.765626 0.958391 0.912229 0.926601 0.943968 0.927969 0.857266 0.928589 0.911856 0.764367 0.984779 0.874905 0.707179 0.999273 0.907978 0.934678 0.881699 0.831345 0.928808 0.854460 0.791736 0.932748 0.998741 0.891654 0.992130 0.798539 0.722246 0.749121 0.825004 0.643488 0.623805 0.771805 0.610153 0.992575 0.983718 0.927134 0.834321 0.676468 0.730288 0.913495 0.985168 0.681998 0.715608 0.926137 0.870373 0.932871 0.964832 0.746910 0.986472 0.825210 0.984081 0.865779 0.743459 0.799900 0.659984 0.828686 0.686972 0.734036 0.597372 0.940180 0.893661 0.808332 0.641270 0.691217 0.976373 0.829525 0.955794 0.976057 0.884063 0.788216 0.884005 0.976472 0.945873 0.774240 0.905312 0.930007 0.825879 0.976585 0.830832 0.959825 0.967937 0.958052 0.840043 0.710676 0.965047 0.970450 0.971683 0.777073 0.983685
0.871962 0.871731 0.966307 0.955596 0.916929 0.809227 0.823368 0.889508 0.920446 0.780556 0.825344 0.961075 0.906850 0.912909 0.905699 0.836688 0.879669 0.888685 0.945742 0.917578 0.891942 0.974885 0.695772 0.985290 0.856122 0.903554 0.765626 0.000000 0.980388 0.983405 0.710904 0.736192 0.807509 0.850631 0.971945 0.954746 0.858774 0.896751 0.990435 0.746660 0.889687 0.739978 0.892984 0.909096 0.748324 0.745999 0.858450 0.877193 0.780626 0.734916 0.703110 0.680869 0.810029 0.742234 0.927244 0.894442 0.864196 0.834453 0.884758 0.975061 0.859991 0.969236 0.837287 0.971838 0.823927 0.850781 0.782518 0.763591 0.806118 0.813989 0.946988 0.963151 0.981575 0.983326 0.957024 0.910596 0.850437 0.951892 0.954869 0.918480 0.930748 0.832757 0.896946 0.890488 0.973870 0.936528 0.972018 0.901708 0.988755 0.873623 0.917823 0.913814 0.866604 0.885325 0.951684 0.919196 0.981574 0.963831 0.782757 0.802515 0.895868 0.878920 0.997034 0.976546 0.938019 0.945902 0.906865 0.953351 0.823822 0.979784 0.962450 0.965523 0.862491 0.957948 0.920647 0.959228
0.655900 0.665896 0.870212 0.989535 0.897635 0.839957 0.578179 0.769232 0.838623 0.839678 0.582828 0.428283 0.591765 0.563087 0.482034 0.734066 0.424612 0.476968 0.460867 0.565830 0.849859 0.853994 0.580869 0.872536 0.909620 0.804886 0.958391 0.980388 0.000000 0.298385 0.779753 0.755358 0.448042 0.398931 0.953550 0.984675 0.937809 0.910683 0.930125 0.870730 0.913327 0.993149 0.677360 0.629470 0.597147 0.561725 0.583844 0.541911 0.450983 0.532930 0.546502 0.615640 0.750666 0.938675 0.550398 0.578252 0.630786 0.629755 0.578384 0.728193 0.467367 0.590757 0.387446 0.345024 0.684848 0.798754 0.600030 0.635494 0.893276 0.945299 0.951497 0.939388 0.835000 0.824942 0.870561 0.937095 0.826021 0.767423 0.608497 0.617671 0.528296 0.731789 0.492825 0.743479 0.601776 0.773303 0.861085 0.810761 0.827821 0.774816 0.884694 0.970552 0.650585 0.796171 0.795433 0.841319 0.895216 0.977721 0.810704 0.809464 0.962460 0.986189 0.810565 0.786686 0.858848 0.792072 0.855240 0.912632 0.925432 0.870916 0.785005 0.648054 0.766751 0.867579 0.702935 0.942752
0.644039 0.647568 0.894059 0.878020 0.970671 0.898258 0.666573 0.759096 0.734228 0.948576 0.600175 0.406477 0.605571 0.381264 0.478281 0.601601 0.370209 0.427492 0.484377 0.559421 0.908220 0.963885 0.640407 0.731748 0.974167 0.915234 0.912229 0.983405 0.298385 0.000000 0.776943 0.765117 0.481325 0.402683 0.940745 0.904810 0.924531 0.999801 0.912067 0.852276 0.973766 0.991435 0.778077 0.680502 0.697757 0.634972 0.631157 0.563342 0.555861 0.594861 0.614491 0.634075 0.773473 0.947549 0.532493 0.500204 0.619588 0.597311 0.562329 0.724676 0.515672 0.571971 0.413294 0.330698 0.752665 0.675731 0.650273 0.624443 0.858845 0.872223 0.973753 0.873717 0.838391 0.845693 0.862701 0.882219 0.880411 0.856562 0.560158 0.524989 0.477509 0.676693 0.446854 0.619041 0.644625 0.687540 0.790839 0.731752 0.721344 0.713520 0.770122 0.829237 0.606454 0.716585 0.787919 0.846123 0.912511 0.997531 0.919794 0.873556 0.964798 0.960605 0.883292 0.762140 0.938007 0.797781 0.844088 0.915921 0.851797 0.921358 0.823171 0.630229 0.853376 0.927473 0.759491 0.981920
0.850156 0.965137 0.796501 0.785538 0.909275 0.773563 0.580964 0.642900 0.818656 0.499835 0.738012 0.954939 0.953398 0.937272 0.745621 0.741415 0.952243 0.931282 0.755639 0.972062 0.886344 0.985677 0.453028 0.942595 0.958815 0.837296 0.926601 0.710904 0.779753 0.776943 0.000000 0.485455 0.568378 0.475817 0.694800 0.858775 0.698579 0.992181 0.886631 0.892614 0.765962 0.885836 0.353183 0.355768 0.462510 0.404042 0.469861 0.482628 0.502068 0.428382 0.410383 0.361901 0.508101 0.542721 0.775584 0.674687 0.895204 0.919024 0.761820 0.882554 0.821044 0.705976 0.797840 0.727046 0.875877 0.827139 0.603468 0.556501 0.827514 0.988025 0.530605 0.651877 0.666192 0.643803 0.909946 0.703292 0.414340 0.560174 0.662061 0.794811 0.972236 0.751281 0.979160 0.838964 0.916151 0.895152 0.806059 0.809141 0.977456 0.990820 0.883512 0.765051 0.996879 0.904652 0.716161 0.884375 0.780476 0.737204 0.413860 0.438823 0.908618 0.710604 0.582393 0.729863 0.766345 0.566396 0.724307 0.892110 0.691045 0.761469 0.782527 0.670505 0.522262 0.720341 0.581024 0.764417
0.904272 0.868744 0.732041 0.718864 0.964347 0.932788 0.755955 0.790940 0.917071 0.718100 0.951254 0.817275 0.843217 0.743189 0.827744 0.743817 0.814914 0.846239 0.671166 0.875263 0.663243 0.965523 0.546478 0.783540 0.785751 0.794380 0.943968 0.736192 0.755358 0.765117 0.485455 0.000000 0.548904 0.575018 0.847014 0.970881 0.864819 0.956043 0.859940 0.754412 0.781693 0.868293 0.610912 0.536623 0.615546 0.520232 0.477988 0.489453 0.577216 0.514061 0.574241 0.522638 0.682368 0.794087 0.687300 0.641113 0.824220 0.839267 0.593832 0.681935 0.882166 0.800651 0.717291 0.688575 0.962617 0.914892 0.638684 0.607107 0.897629 0.851715 0.781913 0.853169 0.838405 0.831792 0.949367 0.880469 0.601157 0.833977 0.661835 0.637285 0.815149 0.980201 0.728739 0.940797 0.934989 0.905599 0.842992 0.884885 0.981092 0.820804 0.922697 0.958557 0.876026 0.841395 0.803389 0.940556 0.726802 0.705207 0.604339 0.634245 0.992758 0.878155 0.635811 0.618690 0.968077 0.570778 0.951469 0.966215 0.996850 0.734151 0.746754 0.872688 0.558461 0.667189 0.659435 0.966478
0.562549 0.590958 0.749314 0.800785 0.953280 0.822298 0.692851 0.798530 0.749605 0.931298 0.728906 0.491780 0.652552 0.554114 0.584665 0.818341 0.470007 0.482143 0.325888 0.487707 0.685253 0.985249 0.471635 0.760732 0.821302 0.951120 0.927969 0.807509 0.448042 0.481325 0.568378 0.548904 0.000000 0.371325 0.716179 0.994494 0.921296 0.939817 0.889073 0.859430 0.879233 0.906217 0.555970 0.450588 0.571901 0.444332 0.414997 0.353242 0.412752 0.400413 0.510661 0.508128 0.798236 0.971151 0.557638 0.429763 0.543651 0.559009 0.416725 0.521950 0.620673 0.754822 0.409217 0.383082 0.690531 0.902663 0.472324 0.557559 0.723309 0.785680 0.991207 0.877970 0.943628 0.931076 0.905163 0.896306 0.754192 0.760870 0.441344 0.504857 0.501565 0.668122 0.516780 0.590141 0.543362 0.601463 0.968656 0.804475 0.845598 0.610194 0.771409 0.908794 0.736711 0.690327 0.734323 0.807601 0.783933 0.884204 0.661396 0.632359 0.884527 0.918584 0.727471 0.607741 0.743945 0.661671 0.916406 0.985813 0.927737 0.754080 0.748370 0.702778 0.683935 0.647413 0.686742 0.966813
0.687198 0.636859 0.721108 0.737570 0.931410 0.960445 0.534125 0.608024 0.811597 0.783706 0.828815 0.517288 0.628651 0.529158 0.524142 0.666308 0.518688 0.541064 0.405812 0.579358 0.756467 0.912573 0.458578 0.780474 0.889793 0.897366 0.857266 0.850631 0.398931 0.402683 0.475817 0.575018 0.371325 0.000000 0.793838 0.795506 0.793080 0.966713 0.766535 0.850204 0.845651 0.833252 0.468230 0.388470 0.510156 0.425315 0.407606 0.381927 0.425415 0.384301 0.435618 0.420788 0.638387 0.788684 0.534967 0.439345 0.670655 0.671271 0.445836 0.663607 0.552850 0.565242 0.418199 0.341836 0.781993 0.834284 0.457566 0.492502 0.883995 0.842352 0.795438 0.969841 0.821439 0.798791 0.886700 0.861520 0.616070 0.669044 0.506401 0.546526 0.607180 0.825562 0.596575 0.716096 0.700929 0.708216 0.991175 0.897388 0.750464 0.702016 0.830024 0.950639 0.724912 0.672994 0.681030 0.740591 0.736375 0.780602 0.578846 0.560552 0.948550 0.938195 0.730811 0.658125 0.767364 0.588012 0.733293 0.985416 0.975259 0.738400 0.835401 0.663849 0.705366 0.696395 0.528524 0.904853
0.916149 0.877997 0.763979 0.726502 0.927102 0.914459 0.860310 0.825681 0.961493 0.933825 0.891430 0.900985 0.913895 0.885819 0.828393 0.954305 0.954576 0.964985 0.795090 0.906878 0.990687 0.896186 0.692019 0.810320 0.762839 0.753522 0.928589 0.971945 0.953550 0.940745 0.694800 0.847014 0.716179 0.793838 0.000000 0.951379 0.800770 0.939586 0.796268 0.924080 0.861023 0.836661 0.652243 0.645312 0.796038 0.745975 0.677651 0.694709 0.825212 0.711016 0.763502 0.778154 0.850044 0.896336 0.852683 0.690984 0.915667 0.892023 0.827527 0.809673 0.916017 0.899269 0.888541 0.863677 0.915382 0.980636 0.709415 0.769385 0.964037 0.924646 0.773030 0.970926 0.964090 0.836737 0.941014 0.940349 0.659200 0.735216 0.857624 0.880561 0.918955 0.985549 0.972193 0.907780 0.915619 0.865136 0.980467 0.954932 0.830727 0.827057 0.938988 0.949360 0.968832 0.830715 0.904087 0.946132 0.849584 0.825124 0.744079 0.709525 0.907099 0.958982 0.716914 0.719504 0.712911 0.832862 0.925562 0.967412 0.936697 0.787321 0.716102 0.810093 0.679608 0.812378 0.733934 0.943654
0.872508 0.879051 0.849344 0.903267 0.721218 0.947002 0.880095 0.966845 0.894152 0.926697 0.901693 0.949445 0.969103 0.955224 0.893191 0.988382 0.952990 0.985512 0.960678 0.981213 0.857350 0.949755 0.931817 0.956856 0.897660 0.978938 0.911856 0.954746 0.984675 0.904810 0.858775 0.970881 0.994494 0.795506 0.951379 0.000000 0.874342 0.909610 0.965193 0.934490 0.700297 0.877970 0.926012 0.883432 0.804510 0.854358 0.932253 0.821872 0.931431 0.881129 0.834698 0.863634 0.804481 0.728544 0.934568 0.817813 0.812727 0.842484 0.921723 0.907746 0.974855 0.943001 0.908304 0.970182 0.777069 0.932001 0.813529 0.733284 0.782176 0.949619 0.880618 0.836712 0.859443 0.889656 0.857058 0.998990 0.972953 0.893747 0.993161 0.990446 0.877318 0.882756 0.996636 0.972556 0.936404 0.977831 0.991145 0.959162 0.999080 0.955136 0.883685 0.828726 0.844597 0.929561 0.977200 0.661072 0.907791 0.697197 0.816687 0.776536 0.710952 0.813144 0.798037 0.704362 0.913647 0.798528 0.959159 0.960628 0.921643 0.937474 0.924138 0.765084 0.947834 0.894822 0.899910 0.740124
0.948780 0.855095 0.646108 0.570137 0.818819 0.830889 0.941710 0.963280 0.911201 0.937590 0.875888 0.940556 0.827641 0.949310 0.944880 0.950701 0.898227 0.960627 0.866566 0.872318 0.848734 0.893511 0.946004 0.947552 0.606163 0.525133 0.764367 0.858774 0.937809 0.924531 0.698579 0.864819 0.921296 0.793080 0.800770 0.874342 0.000000 0.701238 0.629087 0.816655 0.976233 0.780474 0.711293 0.686403 0.954137 0.966318 0.816834 0.737719 0.894636 0.975685 0.922700 0.989893 0.980085 0.991344 0.877318 0.852511 0.942274 0.915079 0.986248 0.999230 0.729390 0.918897 0.832740 0.975941 0.999950 0.964881 0.952045 0.951555 0.804834 0.703591 0.756574 0.695690 0.699828 0.757968 0.982717 0.810723 0.749041 0.827793 0.786303 0.846931 0.904876 0.921260 0.993115 0.894872 0.900841 0.925662 0.831401 0.956105 0.837203 0.885055 0.910733 0.954906 0.877863 0.970758 0.934361 0.914712 0.881137 0.707330 0.900745 0.805439 0.923306 0.981643 0.787377 0.692033 0.752331 0.597471 0.701415 0.840016 0.890889 0.823214 0.989773 0.975037 0.913983 0.808250 0.793386 0.858047
0.967404 0.943486 0.902597 0.799718 0.783222 0.829849 0.873206 0.974758 0.882611 0.856715 0.794645 0.879814 0.732449 0.979356 0.774772 0.950158 0.952273 0.956967 0.878470 0.928535 0.796357 0.957090 0.810495 0.946124 0.772736 0.649024 0.984779 0.896751 0.910683 0.999801 0.992181 0.956043 0.939817 0.966713 0.939586 0.909610 0.701238 0.000000 0.737944 0.985361 0.979948 0.639951 0.996686 0.955566 0.829219 0.826888 0.891393 0.910735 0.782307 0.791310 0.805576 0.774886 0.934674 0.933066 0.881896 0.950188 0.978207 0.961280 0.845409 0.881703 0.688271 0.961858 0.783470 0.886901 0.906146 0.940997 0.824386 0.813168 0.772264 0.665325 0.882809 0.956725 0.840379 0.851078 0.962108 0.910764 0.930575 0.958043 0.817633 0.901475 0.972570 0.904500 0.948756 0.973746 0.797972 0.941149 0.717837 0.957738 0.819549 0.934590 0.975649 0.858835 0.915824 0.980970 0.874145 0.885726 0.992418 0.802447 0.941758 0.976052 0.957853 0.909795 0.921795 0.921160 0.963814 0.812346 0.841193 0.754357 0.912734 0.910387 0.814365 0.789773 0.817085 0.729698 0.911931 0.901461
