0.000000 0.127103 0.199459 0.158036 0.684128 0.438631 0.171858 0.123113 0.386790 0.276607 0.168959 0.118854 0.124114 0.182970 0.192079 0.197886 0.110955 0.119856 0.126039 0.120348 0.402507 0.732708 0.203414 0.283747 0.480342 0.433474 0.914383 0.929388 0.146189 0.118134 0.193231 0.254911 0.134390 0.127720 0.356385 0.520541 0.339982 0.437129 0.573405 0.608644 0.746054 0.487079 0.222430 0.197193 0.192840 0.159833 0.180539 0.176257 0.542568 0.245213 0.316219 0.240102 0.355867 0.379913 0.367269 0.396994 0.150688 0.129645 0.124236 0.159342 0.114828 0.176684 0.115771 0.114365 0.302134 0.215526 0.162321 0.142110 0.285524 0.169668 0.243658 0.247678 0.333704 0.367115 0.642328 0.511772 0.270647 0.248411 0.136803 0.197661 0.093309 0.110423 0.300135 0.221715 0.197332 0.268692 0.841383 0.869272 0.397679 0.391072 0.473670 0.580051 0.404928 0.723575 0.342139 0.428710 0.252485 0.404819 0.231628 0.221440 0.529648 0.614478 0.260442 0.314692 0.261279 0.282660 0.750198 0.560036 0.547603 0.361730 0.653858 0.342465 0.289769 0.421572 0.447463 0.948452
0.127103 0.000000 0.244053 0.193880 0.666651 0.472942 0.199200 0.139079 0.463095 0.313619 0.212665 0.130018 0.139771 0.171771 0.205332 0.211197 0.142232 0.133603 0.137965 0.141713 0.396171 0.749575 0.221962 0.294551 0.499450 0.480625 0.876332 0.921059 0.138967 0.143551 0.206841 0.284013 0.163209 0.161701 0.414887 0.527811 0.330490 0.478519 0.569427 0.605934 0.825543 0.407929 0.219722 0.192421 0.183934 0.167168 0.191903 0.152381 0.485399 0.264840 0.313949 0.250612 0.404435 0.389164 0.380635 0.427137 0.127699 0.105431 0.119809 0.156955 0.128808 0.186861 0.131796 0.111933 0.352887 0.263635 0.192343 0.159350 0.305914 0.160097 0.275083 0.262428 0.413777 0.459674 0.663077 0.534751 0.310651 0.294611 0.202607 0.251615 0.118914 0.131860 0.289688 0.211049 0.212102 0.269317 0.917798 0.937071 0.421261 0.387417 0.566852 0.648023 0.465834 0.795984 0.271422 0.476493 0.260831 0.308267 0.269450 0.249759 0.553019 0.666106 0.300089 0.296943 0.248835 0.271808 0.782676 0.619375 0.548868 0.382040 0.638045 0.342597 0.352089 0.390851 0.428530 0.885531
0.199459 0.244053 0.000000 0.096604 0.705677 0.471353 0.145630 0.175385 0.332483 0.345476 0.220238 0.236340 0.205489 0.294816 0.269665 0.269861 0.263994 0.215118 0.187310 0.191714 0.369085 0.725713 0.200960 0.237864 0.318969 0.269555 0.964976 0.889794 0.260400 0.225453 0.161046 0.253140 0.167771 0.207708 0.414585 0.635785 0.330990 0.515190 0.502447 0.590829 0.875423 0.521365 0.225514 0.215920 0.297460 0.286416 0.246078 0.259041 0.693622 0.362357 0.434536 0.354194 0.434572 0.389347 0.412928 0.499396 0.303155 0.287235 0.294311 0.305132 0.179850 0.250012 0.278180 0.276532 0.181635 0.151200 0.178598 0.182711 0.320206 0.260199 0.241371 0.303366 0.290081 0.279003 0.737387 0.563327 0.300206 0.269442 0.253041 0.295110 0.216021 0.191486 0.359325 0.296321 0.258371 0.244687 0.826444 0.881410 0.451618 0.403577 0.432855 0.537305 0.382322 0.623526 0.340378 0.501693 0.355061 0.490395 0.331420 0.316693 0.540316 0.543765 0.407922 0.333785 0.302240 0.359258 0.817394 0.593342 0.630638 0.481584 0.713437 0.454629 0.355815 0.560739 0.509338 0.938835
0.158036 0.193880 0.096604 0.000000 0.679590 0.420814 0.120881 0.123290 0.307375 0.295012 0.215811 0.180901 0.153590 0.229527 0.208067 0.207733 0.210207 0.174217 0.150942 0.169079 0.330318 0.685613 0.156492 0.220511 0.351396 0.285932 0.935499 0.888079 0.201907 0.177069 0.146184 0.222746 0.130432 0.150409 0.340053 0.590421 0.295642 0.457894 0.512255 0.627048 0.820442 0.489501 0.174119 0.163039 0.220893 0.214979 0.185798 0.213949 0.615054 0.314556 0.368878 0.288271 0.400702 0.372965 0.375569 0.462106 0.229438 0.228844 0.220198 0.251894 0.131434 0.195999 0.212480 0.201204 0.177982 0.144590 0.140250 0.131555 0.299124 0.239136 0.194850 0.258842 0.290700 0.323959 0.654967 0.555570 0.279243 0.259519 0.211575 0.262996 0.164529 0.148150 0.306701 0.229320 0.199407 0.204486 0.863380 0.878309 0.429453 0.367931 0.407348 0.517975 0.343986 0.613788 0.311528 0.469261 0.312660 0.438252 0.260708 0.247240 0.507570 0.534381 0.322147 0.262774 0.244026 0.299659 0.817361 0.599408 0.629264 0.463184 0.633793 0.370190 0.310681 0.485701 0.444754 0.936126
0.684128 0.666651 0.705677 0.679590 0.000000 0.673781 0.677229 0.648973 0.812660 0.753159 0.794976 0.700218 0.611074 0.697226 0.644788 0.612462 0.727298 0.756332 0.691751 0.773692 0.663771 0.767761 0.636229 0.649328 0.849739 0.850760 0.757237 0.854821 0.696448 0.730543 0.756018 0.861891 0.694053 0.697234 0.777650 0.846925 0.871098 0.863096 0.740358 0.935861 0.753651 0.784603 0.673588 0.695127 0.647475 0.658030 0.589777 0.649372 0.798887 0.629214 0.574586 0.583922 0.712903 0.523274 0.755084 0.644312 0.736434 0.758138 0.719919 0.716820 0.635570 0.630878 0.671849 0.661127 0.665486 0.647870 0.632811 0.666601 0.858677 0.747721 0.553871 0.650794 0.749946 0.804601 0.964584 0.725938 0.768065 0.784421 0.816535 0.792165 0.669485 0.689982 0.636676 0.699123 0.586767 0.613345 0.846358 0.893074 0.853573 0.684905 0.643134 0.663905 0.626665 0.770415 0.855371 0.790698 0.777776 0.695319 0.684614 0.665567 0.760102 0.884117 0.663385 0.738434 0.598061 0.705317 0.787239 0.614641 0.802146 0.934894 0.813532 0.753562 0.713747 0.757672 0.715547 0.966021
0.438631 0.472942 0.471353 0.420814 0.673781 0.000000 0.380648 0.376018 0.487904 0.433370 0.422989 0.430577 0.393053 0.476171 0.445643 0.386675 0.463414 0.432356 0.440093 0.489667 0.525031 0.945451 0.445044 0.476159 0.716325 0.642144 0.901280 0.840518 0.435148 0.445079 0.440028 0.509037 0.445176 0.447339 0.477120 0.745678 0.605747 0.814902 0.866996 0.884300 0.693032 0.619720 0.403909 0.436494 0.440699 0.426901 0.430893 0.404322 0.856532 0.584653 0.577727 0.508555 0.585619 0.527115 0.664424 0.714891 0.511211 0.535136 0.493267 0.508481 0.417134 0.463719 0.410906 0.442969 0.564217 0.441561 0.355680 0.434216 0.572107 0.506791 0.413496 0.393017 0.572578 0.649374 0.734297 0.701722 0.458518 0.407241 0.408872 0.569914 0.399187 0.408737 0.560850 0.429376 0.479933 0.512006 0.865251 0.893900 0.787035 0.632488 0.446268 0.557042 0.389727 0.638417 0.553657 0.673250 0.493986 0.688880 0.490680 0.468591 0.559415 0.551653 0.491290 0.502299 0.430903 0.532819 0.844131 0.801618 0.865800 0.723801 0.737429 0.555368 0.467186 0.507600 0.574237 0.921742
0.171858 0.199200 0.145630 0.120881 0.677229 0.380648 0.000000 0.108722 0.296441 0.218544 0.158584 0.204672 0.186293 0.278242 0.277733 0.273709 0.159755 0.132676 0.125000 0.169521 0.344658 0.641320 0.255535 0.330590 0.524200 0.424031 0.922374 0.875987 0.205265 0.183906 0.213541 0.252435 0.145965 0.132843 0.441500 0.600197 0.401902 0.528703 0.620826 0.610126 0.774614 0.439507 0.163282 0.122527 0.190089 0.202134 0.221498 0.218164 0.682235 0.381943 0.404004 0.354380 0.467103 0.353788 0.424564 0.553518 0.185092 0.215081 0.225492 0.307705 0.154300 0.268387 0.202065 0.216093 0.281851 0.191079 0.106790 0.134743 0.288443 0.250677 0.203957 0.215959 0.303592 0.316681 0.710277 0.502404 0.234494 0.207835 0.236357 0.254826 0.159486 0.150049 0.339134 0.267157 0.285303 0.309866 0.839179 0.933967 0.490880 0.494868 0.341579 0.415802 0.299946 0.491369 0.298265 0.449116 0.289583 0.420970 0.245320 0.212813 0.477581 0.406447 0.320751 0.216587 0.274140 0.301238 0.883779 0.580554 0.625740 0.461050 0.611370 0.342273 0.236904 0.400557 0.466076 0.926521
0.123113 0.139079 0.175385 0.123290 0.648973 0.376018 0.108722 0.000000 0.347224 0.188690 0.168721 0.125574 0.122452 0.186288 0.186100 0.198432 0.130038 0.119137 0.142235 0.153009 0.367207 0.722451 0.207006 0.298230 0.536070 0.451778 0.884782 0.884693 0.154088 0.138422 0.218706 0.269598 0.123654 0.122629 0.376484 0.554709 0.345533 0.434269 0.607109 0.603434 0.734278 0.409035 0.175403 0.156960 0.162706 0.170729 0.199418 0.184682 0.550145 0.302044 0.330899 0.268992 0.404374 0.359613 0.401057 0.461740 0.150054 0.150063 0.167937 0.223032 0.107669 0.159886 0.148353 0.118670 0.266789 0.188044 0.125567 0.131449 0.334313 0.198115 0.225601 0.249253 0.358304 0.405982 0.694350 0.494091 0.260685 0.213312 0.174266 0.276400 0.123038 0.138685 0.314954 0.231832 0.219673 0.274885 0.895450 0.948925 0.455397 0.373153 0.350824 0.429463 0.282492 0.563162 0.253012 0.375236 0.242047 0.361062 0.191120 0.168367 0.418761 0.483018 0.238772 0.202200 0.206421 0.254149 0.821956 0.521053 0.599913 0.400632 0.572968 0.315866 0.256817 0.378965 0.441073 0.934960
0.386790 0.463095 0.332483 0.307375 0.812660 0.487904 0.296441 0.347224 0.000000 0.394175 0.388012 0.405330 0.380826 0.469316 0.447730 0.396313 0.440144 0.405905 0.387756 0.391908 0.527250 0.756597 0.379704 0.480040 0.657435 0.539687 0.932115 0.927068 0.430950 0.417560 0.406550 0.439996 0.361339 0.366684 0.537421 0.672560 0.488744 0.522152 0.744055 0.631864 0.966821 0.648843 0.369864 0.348860 0.395361 0.381066 0.375377 0.386332 0.744023 0.468179 0.430227 0.428997 0.462639 0.413397 0.566490 0.567781 0.458482 0.489907 0.433357 0.499024 0.338536 0.414440 0.418563 0.453764 0.345284 0.337728 0.306107 0.330379 0.424840 0.461177 0.392760 0.502497 0.412295 0.418086 0.773238 0.516166 0.405637 0.356182 0.440284 0.461340 0.406613 0.395068 0.523009 0.501177 0.429843 0.441176 0.792623 0.948743 0.629985 0.593783 0.395845 0.427326 0.334098 0.491160 0.522808 0.474742 0.505061 0.679210 0.358782 0.365039 0.474346 0.430191 0.458287 0.395816 0.418638 0.483707 0.784675 0.634670 0.747246 0.683542 0.673093 0.541180 0.359517 0.651039 0.495431 0.955861
0.276607 0.313619 0.345476 0.295012 0.753159 0.433370 0.218544 0.188690 0.394175 0.000000 0.251885 0.259645 0.307005 0.351564 0.353935 0.379012 0.238166 0.242203 0.300405 0.312470 0.514789 0.752388 0.402529 0.517654 0.781548 0.601480 0.950491 0.930616 0.296624 0.266494 0.398056 0.400700 0.243505 0.235101 0.423711 0.656188 0.492996 0.495170 0.752585 0.672330 0.841948 0.427311 0.317756 0.299337 0.291844 0.310773 0.411140 0.359253 0.631242 0.457805 0.452039 0.397160 0.525802 0.463501 0.500210 0.576837 0.287641 0.315552 0.287878 0.374067 0.265812 0.296492 0.299660 0.264982 0.413235 0.316544 0.263102 0.277032 0.402106 0.281977 0.367138 0.346707 0.417936 0.469885 0.698292 0.526345 0.336082 0.269419 0.307725 0.366469 0.256178 0.298172 0.491209 0.349427 0.428640 0.495058 0.938599 0.959217 0.600130 0.561554 0.346817 0.369622 0.287898 0.487734 0.392826 0.402180 0.347820 0.435677 0.218491 0.227789 0.422388 0.371591 0.319743 0.254028 0.353720 0.350727 0.889332 0.546823 0.729665 0.498110 0.631147 0.389246 0.285523 0.403099 0.502861 0.964097
0.168959 0.212665 0.220238 0.215811 0.794976 0.422989 0.158584 0.168721 0.388012 0.251885 0.000000 0.168905 0.210168 0.263564 0.306589 0.305440 0.154503 0.126446 0.145536 0.141154 0.450377 0.724464 0.331487 0.368997 0.587475 0.457191 0.970767 0.879176 0.194196 0.143230 0.236517 0.256654 0.198135 0.163487 0.515451 0.609241 0.461052 0.581566 0.620787 0.579957 0.797333 0.532456 0.299534 0.248812 0.296390 0.285104 0.282821 0.278631 0.739607 0.437260 0.483440 0.428377 0.509263 0.467199 0.451433 0.608668 0.200203 0.215757 0.253271 0.318406 0.190827 0.294530 0.180356 0.205759 0.394569 0.265208 0.214227 0.206862 0.299417 0.266702 0.321890 0.311531 0.376028 0.366136 0.712997 0.547181 0.322017 0.240599 0.228895 0.237789 0.155840 0.171013 0.339089 0.276878 0.369413 0.407179 0.806950 0.929071 0.520856 0.570367 0.490547 0.574265 0.441515 0.656571 0.351048 0.507611 0.330562 0.522448 0.342714 0.303153 0.539711 0.516875 0.357341 0.307931 0.378661 0.397891 0.869753 0.629829 0.732037 0.455330 0.673973 0.425633 0.322225 0.462617 0.541214 0.932615
0.118854 0.130018 0.236340 0.180901 0.700218 0.430577 0.204672 0.125574 0.405330 0.259645 0.168905 0.000000 0.108077 0.117539 0.144135 0.151993 0.132876 0.126266 0.158810 0.146436 0.395629 0.730260 0.189551 0.270984 0.544479 0.479267 0.929584 0.867021 0.119667 0.103069 0.208536 0.261255 0.145123 0.159637 0.372484 0.554022 0.357906 0.416993 0.563443 0.606572 0.768272 0.477346 0.281012 0.251993 0.231821 0.220351 0.224984 0.195367 0.556484 0.318563 0.365215 0.291059 0.440257 0.440619 0.407757 0.470074 0.159002 0.155345 0.166097 0.202548 0.115253 0.158583 0.112433 0.092706 0.325834 0.237866 0.207025 0.181981 0.336457 0.200910 0.267126 0.298149 0.387755 0.425791 0.643373 0.540150 0.299453 0.233115 0.167259 0.269861 0.128619 0.162457 0.254577 0.229562 0.219257 0.293244 0.865150 0.953246 0.432430 0.405627 0.547488 0.638511 0.446360 0.810751 0.311801 0.456528 0.316487 0.378731 0.272727 0.242750 0.548364 0.653238 0.269677 0.302662 0.270369 0.264259 0.768864 0.583261 0.618637 0.343635 0.611562 0.406050 0.340882 0.407859 0.456678 0.968675
0.124114 0.139771 0.205489 0.153590 0.611074 0.393053 0.186293 0.122452 0.380826 0.307005 0.210168 0.108077 0.000000 0.099149 0.095406 0.102635 0.156320 0.164612 0.163311 0.181562 0.340309 0.734527 0.117314 0.179964 0.464893 0.441043 0.938416 0.908874 0.141001 0.140048 0.168387 0.258645 0.148503 0.165674 0.368044 0.546951 0.315296 0.401328 0.528685 0.605615 0.703551 0.469237 0.224805 0.214748 0.207254 0.200046 0.191039 0.171175 0.564950 0.289760 0.305821 0.252921 0.381959 0.390871 0.370982 0.460538 0.178705 0.180258 0.166540 0.221991 0.094962 0.159486 0.108358 0.106221 0.238463 0.207868 0.157924 0.153226 0.405958 0.239120 0.230226 0.262955 0.398103 0.452706 0.681708 0.519500 0.281603 0.246793 0.189020 0.304610 0.131920 0.173260 0.197610 0.248572 0.148322 0.206065 0.818619 0.866587 0.419177 0.350249 0.484132 0.588508 0.380193 0.759914 0.332579 0.474094 0.299848 0.372672 0.275445 0.252945 0.520416 0.637725 0.262849 0.325280 0.228588 0.243695 0.757762 0.513271 0.580271 0.387606 0.607952 0.386752 0.355747 0.428471 0.398989 0.996031
0.182970 0.171771 0.294816 0.229527 0.697226 0.476171 0.278242 0.186288 0.469316 0.351564 0.263564 0.117539 0.099149 0.000000 0.098658 0.119875 0.205675 0.208010 0.218044 0.239022 0.388691 0.742948 0.155281 0.198784 0.523078 0.499324 0.982927 0.864075 0.160381 0.170220 0.215824 0.292875 0.208983 0.229298 0.391022 0.594098 0.344566 0.396007 0.559740 0.641364 0.756762 0.496245 0.300761 0.287628 0.267148 0.268427 0.245664 0.222082 0.523114 0.341341 0.344723 0.305154 0.459781 0.480629 0.429078 0.531728 0.212215 0.214356 0.192736 0.265720 0.146461 0.206362 0.137131 0.122830 0.306402 0.288810 0.235785 0.209571 0.480657 0.284503 0.293258 0.336493 0.511889 0.552849 0.661481 0.573922 0.324614 0.294147 0.224376 0.352794 0.197278 0.257183 0.199883 0.313005 0.191453 0.253430 0.878144 0.869185 0.458661 0.385708 0.601944 0.698703 0.482562 0.867950 0.351016 0.489228 0.369828 0.364914 0.327044 0.307901 0.546495 0.727559 0.275083 0.388272 0.273199 0.281580 0.808159 0.551903 0.570477 0.393527 0.586543 0.454731 0.449136 0.460890 0.412998 0.967629
0.192079 0.205332 0.269665 0.208067 0.644788 0.445643 0.277733 0.186100 0.447730 0.353935 0.306589 0.144135 0.095406 0.098658 0.000000 0.104905 0.240912 0.249534 0.251284 0.271675 0.384497 0.753572 0.113453 0.191812 0.459804 0.441541 0.997940 0.889922 0.200801 0.196671 0.205495 0.302818 0.205043 0.245576 0.339929 0.616279 0.309683 0.408386 0.537175 0.622831 0.712770 0.521524 0.289123 0.286270 0.259623 0.260278 0.245585 0.210910 0.523492 0.311904 0.315741 0.263869 0.388981 0.422156 0.380087 0.450139 0.260015 0.253834 0.216016 0.262714 0.140291 0.187110 0.168003 0.149186 0.239501 0.256007 0.226434 0.219614 0.494263 0.299722 0.273136 0.331463 0.441675 0.527437 0.652560 0.575390 0.321569 0.296241 0.249391 0.381497 0.204957 0.249977 0.222122 0.316683 0.152116 0.219328 0.839769 0.817690 0.415665 0.318881 0.541906 0.640572 0.423251 0.838192 0.366022 0.505618 0.355065 0.386505 0.295631 0.289280 0.551392 0.704947 0.276752 0.386381 0.246595 0.251883 0.719263 0.498881 0.608460 0.442116 0.645609 0.445039 0.425509 0.504941 0.411031 0.944480
0.197886 0.211197 0.269861 0.207733 0.612462 0.386675 0.273709 0.198432 0.396313 0.379012 0.305440 0.151993 0.102635 0.119875 0.104905 0.000000 0.244046 0.253024 0.240156 0.280278 0.357264 0.796051 0.102218 0.164005 0.461413 0.469482 0.983437 0.860129 0.197855 0.207362 0.186664 0.282293 0.206608 0.250221 0.373516 0.600164 0.357987 0.420005 0.543231 0.628405 0.699410 0.506082 0.277537 0.285687 0.275789 0.264417 0.240653 0.216698 0.609407 0.328843 0.332253 0.277581 0.385955 0.388967 0.445886 0.476207 0.276596 0.276567 0.228279 0.278915 0.147098 0.211284 0.168381 0.159671 0.266498 0.254704 0.212832 0.229874 0.438743 0.297541 0.222665 0.271157 0.421282 0.513959 0.613420 0.563291 0.322352 0.279183 0.234382 0.353613 0.197766 0.244628 0.211272 0.300264 0.166697 0.207070 0.866089 0.855186 0.451637 0.387059 0.527217 0.631312 0.402024 0.814225 0.398613 0.489605 0.392150 0.408626 0.349194 0.336320 0.565774 0.658100 0.303123 0.409288 0.255907 0.287062 0.709238 0.604011 0.622265 0.488407 0.696943 0.491238 0.451145 0.464609 0.436950 0.968103
0.110955 0.142232 0.263994 0.210207 0.727298 0.463414 0.159755 0.130038 0.440144 0.238166 0.154503 0.132876 0.156320 0.205675 0.240912 0.244046 0.000000 0.097332 0.118997 0.140767 0.428020 0.646741 0.269174 0.359321 0.619337 0.533781 0.885236 0.921379 0.123514 0.115105 0.244475 0.230486 0.141744 0.116775 0.443851 0.514085 0.404988 0.506475 0.609436 0.570074 0.715253 0.428590 0.245601 0.183015 0.202431 0.205648 0.246108 0.219354 0.617868 0.345780 0.393285 0.327105 0.448408 0.431709 0.410599 0.513350 0.111285 0.134245 0.153314 0.232483 0.151578 0.242523 0.124868 0.127780 0.383172 0.272529 0.176183 0.165903 0.288836 0.185390 0.263025 0.235996 0.379215 0.397487 0.676753 0.493902 0.271139 0.240483 0.155812 0.198091 0.102659 0.142895 0.320478 0.236075 0.279366 0.355795 0.882049 0.948364 0.460295 0.491187 0.496528 0.580188 0.433689 0.695761 0.327399 0.467482 0.283399 0.347232 0.258082 0.214033 0.576615 0.582577 0.273195 0.256459 0.309363 0.280927 0.845526 0.605850 0.610542 0.347582 0.602872 0.334334 0.311106 0.336652 0.496123 0.942232
0.119856 0.133603 0.215118 0.174217 0.756332 0.432356 0.132676 0.119137 0.405905 0.242203 0.126446 0.126266 0.164612 0.208010 0.249534 0.253024 0.097332 0.000000 0.092474 0.106457 0.415451 0.670435 0.280088 0.358323 0.571652 0.469413 0.884027 0.876271 0.114079 0.099708 0.231094 0.228499 0.130505 0.116895 0.447149 0.567729 0.379333 0.511960 0.602088 0.537684 0.820677 0.416574 0.218982 0.163832 0.205539 0.196188 0.207528 0.192793 0.603260 0.361233 0.401359 0.344750 0.472071 0.438461 0.419301 0.506731 0.102616 0.114587 0.168633 0.243263 0.141658 0.247791 0.112462 0.119013 0.373043 0.261860 0.168273 0.163694 0.279564 0.206300 0.266678 0.252876 0.400446 0.392551 0.641677 0.518575 0.280569 0.226604 0.163234 0.208975 0.109412 0.120313 0.297686 0.210810 0.275468 0.341049 0.869731 0.965790 0.470886 0.468583 0.477539 0.569315 0.423214 0.684343 0.309648 0.428650 0.285313 0.379945 0.246782 0.218024 0.538829 0.569473 0.282736 0.228463 0.284344 0.303573 0.874406 0.612328 0.627612 0.366272 0.639110 0.334397 0.270128 0.381136 0.454683 0.971494
0.126039 0.137965 0.187310 0.150942 0.691751 0.440093 0.125000 0.142235 0.387756 0.300405 0.145536 0.158810 0.163311 0.218044 0.251284 0.240156 0.118997 0.092474 0.000000 0.112597 0.376983 0.650139 0.249583 0.302617 0.476860 0.430577 0.887260 0.890640 0.146024 0.114273 0.188241 0.228746 0.150553 0.120568 0.423135 0.542389 0.381835 0.513216 0.549124 0.577076 0.801054 0.424544 0.205002 0.157113 0.219524 0.207192 0.195082 0.198087 0.630599 0.329681 0.389252 0.339166 0.469243 0.392091 0.395621 0.525940 0.144713 0.157738 0.188886 0.263857 0.149671 0.278077 0.136581 0.156591 0.332693 0.255437 0.161830 0.167612 0.254908 0.210695 0.222767 0.221883 0.351696 0.352346 0.673577 0.490353 0.293421 0.253196 0.203146 0.185533 0.117561 0.122207 0.313014 0.233761 0.257662 0.311576 0.842851 0.910406 0.482201 0.497358 0.487935 0.586406 0.439184 0.680295 0.306242 0.470804 0.322202 0.398282 0.279269 0.269714 0.579416 0.588747 0.313257 0.269845 0.296500 0.323045 0.795532 0.633425 0.583355 0.398455 0.653044 0.351041 0.320821 0.418773 0.459075 0.944974
0.120348 0.141713 0.191714 0.169079 0.773692 0.489667 0.169521 0.153009 0.391908 0.312470 0.141154 0.146436 0.181562 0.239022 0.271675 0.280278 0.140767 0.106457 0.112597 0.000000 0.435779 0.701240 0.273973 0.325805 0.505701 0.407128 0.907851 0.903237 0.148866 0.116832 0.210054 0.215010 0.145799 0.133997 0.446784 0.596362 0.386830 0.520204 0.565563 0.567912 0.872563 0.494331 0.259282 0.207835 0.257735 0.231002 0.222421 0.202102 0.614088 0.334092 0.431353 0.362562 0.479782 0.477327 0.434033 0.508033 0.153869 0.144838 0.193852 0.239159 0.164971 0.244063 0.159525 0.166277 0.362782 0.260256 0.214429 0.179943 0.261714 0.205812 0.293286 0.313237 0.345863 0.357997 0.683437 0.517707 0.321478 0.274439 0.196961 0.223164 0.136919 0.125709 0.344922 0.248893 0.298486 0.352534 0.782553 0.949888 0.440158 0.465795 0.559692 0.669237 0.513528 0.783226 0.337683 0.505855 0.315417 0.448936 0.304143 0.273495 0.540190 0.646317 0.367043 0.304613 0.342818 0.336311 0.803947 0.628531 0.610041 0.389226 0.638356 0.377788 0.340571 0.468296 0.472504 0.936385
0.402507 0.396171 0.369085 0.330318 0.663771 0.525031 0.344658 0.367207 0.527250 0.514789 0.450377 0.395629 0.340309 0.388691 0.384497 0.357264 0.428020 0.415451 0.376983 0.435779 0.000000 0.762160 0.351054 0.363237 0.521860 0.522238 0.993496 0.904234 0.439001 0.439497 0.346707 0.521125 0.376191 0.365257 0.468532 0.730247 0.472575 0.486440 0.576088 0.670390 0.693092 0.680458 0.379461 0.350300 0.383610 0.379636 0.364273 0.373946 0.729818 0.435782 0.527185 0.466967 0.589845 0.486492 0.527330 0.645706 0.447249 0.422280 0.407474 0.422759 0.369837 0.443675 0.404882 0.398873 0.425447 0.421346 0.375258 0.372059 0.576367 0.497843 0.322770 0.346822 0.529985 0.544584 0.755118 0.668767 0.395839 0.363892 0.458731 0.462098 0.404414 0.390334 0.389013 0.436776 0.389611 0.451409 0.927244 0.976089 0.625005 0.530098 0.557884 0.650508 0.454445 0.740820 0.488181 0.596525 0.433232 0.568783 0.504116 0.464252 0.693570 0.620331 0.411816 0.454055 0.399815 0.426008 0.801595 0.592635 0.552510 0.649030 0.662730 0.628140 0.546914 0.593612 0.571001 0.940149
0.732708 0.749575 0.725713 0.685613 0.767761 0.945451 0.641320 0.722451 0.756597 0.752388 0.724464 0.730260 0.734527 0.742948 0.753572 0.796051 0.646741 0.670435 0.650139 0.701240 0.762160 0.000000 0.763712 0.832789 0.980842 0.806538 0.900875 0.737618 0.667522 0.699435 0.826292 0.667869 0.633019 0.688755 0.860138 0.855056 0.801141 0.911492 0.828701 0.729878 0.979989 0.837470 0.705064 0.641142 0.689559 0.714965 0.743682 0.752787 0.849565 0.818869 0.772591 0.793592 0.885550 0.741603 0.790429 0.836275 0.662641 0.727840 0.760490 0.810441 0.687945 0.789833 0.715022 0.724118 0.721202 0.709766 0.683757 0.626136 0.769082 0.799538 0.727201 0.697239 0.760602 0.698206 0.966008 0.713558 0.685975 0.720951 0.845191 0.665701 0.718468 0.701477 0.755490 0.764277 0.757032 0.722611 0.863193 0.924844 0.711338 0.793486 0.765194 0.828012 0.833832 0.794706 0.778692 0.857235 0.878804 0.737428 0.671866 0.619562 0.889866 0.862060 0.729286 0.619128 0.795398 0.702642 0.922153 0.724331 0.925949 0.820377 0.701849 0.710760 0.780835 0.740457 0.740919 0.895918
0.203414 0.221962 0.200960 0.156492 0.636229 0.445044 0.255535 0.207006 0.379704 0.402529 0.331487 0.189551 0.117314 0.155281 0.113453 0.102218 0.269174 0.280088 0.249583 0.273973 0.351054 0.763712 0.000000 0.132294 0.337321 0.348261 0.942418 0.913430 0.223780 0.237563 0.137013 0.245612 0.186109 0.247797 0.352474 0.585537 0.301925 0.415570 0.496430 0.650133 0.750089 0.519002 0.251262 0.265207 0.279301 0.263319 0.226640 0.224779 0.601606 0.311205 0.346343 0.274068 0.365313 0.399856 0.382231 0.452476 0.295799 0.293680 0.234779 0.265592 0.150835 0.200888 0.205073 0.201881 0.184271 0.209641 0.193854 0.199167 0.432253 0.286897 0.208764 0.290861 0.367281 0.449619 0.672025 0.584402 0.299243 0.310188 0.246006 0.345112 0.202074 0.235077 0.231220 0.276269 0.124254 0.150996 0.873580 0.797923 0.393833 0.322008 0.532935 0.653411 0.419581 0.823002 0.366019 0.510010 0.372882 0.420642 0.347354 0.338287 0.594292 0.695514 0.341245 0.410178 0.276594 0.273678 0.723070 0.582535 0.589297 0.487407 0.687513 0.488642 0.437633 0.516534 0.391507 0.963282
0.283747 0.294551 0.237864 0.220511 0.649328 0.476159 0.330590 0.298230 0.480040 0.517654 0.368997 0.270984 0.179964 0.198784 0.191812 0.164005 0.359321 0.358323 0.302617 0.325805 0.363237 0.832789 0.132294 0.000000 0.308185 0.308883 0.961585 0.867172 0.282593 0.292030 0.172769 0.284118 0.273920 0.319995 0.406201 0.663135 0.388712 0.523927 0.496244 0.687792 0.814131 0.587487 0.326654 0.346663 0.375049 0.343576 0.282371 0.301554 0.649495 0.389995 0.425447 0.386187 0.424633 0.476221 0.437256 0.554380 0.397645 0.389753 0.324190 0.374931 0.231498 0.301331 0.269847 0.295354 0.255853 0.266910 0.276413 0.276756 0.520651 0.376445 0.283159 0.353565 0.453001 0.496815 0.724686 0.628327 0.391976 0.389297 0.327856 0.377141 0.272084 0.298577 0.245092 0.318336 0.196364 0.174964 0.761280 0.678890 0.455158 0.392907 0.635843 0.771325 0.539460 0.898661 0.426500 0.631535 0.465921 0.486297 0.500983 0.459300 0.612263 0.754033 0.470272 0.507128 0.371364 0.425501 0.780460 0.638875 0.603374 0.564660 0.743649 0.597786 0.555330 0.659176 0.463741 0.980902
0.480342 0.499450 0.318969 0.351396 0.849739 0.716325 0.524200 0.536070 0.657435 0.781548 0.587475 0.544479 0.464893 0.523078 0.459804 0.461413 0.619337 0.571652 0.476860 0.505701 0.521860 0.980842 0.337321 0.308185 0.000000 0.248983 0.884677 0.878723 0.565502 0.540796 0.293387 0.466745 0.470657 0.557946 0.492005 0.782755 0.462510 0.671662 0.487392 0.808678 0.881563 0.764284 0.498892 0.517916 0.611198 0.543509 0.437249 0.508933 0.778143 0.519374 0.634478 0.542389 0.547576 0.643228 0.447922 0.611087 0.644762 0.568430 0.542567 0.485136 0.475136 0.500173 0.566397 0.566162 0.344021 0.429489 0.503603 0.485434 0.534397 0.531752 0.485400 0.531837 0.479167 0.535442 0.736980 0.837588 0.557509 0.644183 0.516388 0.500875 0.496284 0.464555 0.556168 0.515663 0.365729 0.318733 0.959600 0.805953 0.608070 0.450460 0.795192 0.902453 0.708897 0.985339 0.555216 0.781768 0.603248 0.717938 0.699692 0.687369 0.931363 0.910306 0.759183 0.709434 0.528215 0.614657 0.757926 0.915692 0.682249 0.646092 0.986587 0.720944 0.672813 0.863238 0.614516 0.963411
0.433474 0.480625 0.269555 0.285932 0.850760 0.642144 0.424031 0.451778 0.539687 0.601480 0.457191 0.479267 0.441043 0.499324 0.441541 0.469482 0.533781 0.469413 0.430577 0.407128 0.522238 0.806538 0.348261 0.308883 0.248983 0.000000 0.908641 0.834934 0.459096 0.451108 0.281038 0.354793 0.373198 0.416449 0.430962 0.762503 0.393373 0.681628 0.507993 0.620437 0.922050 0.722880 0.410067 0.409107 0.494371 0.428479 0.389185 0.443792 0.681437 0.474631 0.549802 0.488732 0.480289 0.582346 0.475329 0.504850 0.548682 0.513021 0.458309 0.466275 0.393439 0.438328 0.494609 0.511097 0.284969 0.304881 0.405850 0.378049 0.486132 0.478126 0.468727 0.468901 0.380973 0.425525 0.773104 0.735163 0.436677 0.508517 0.501212 0.427673 0.424706 0.390409 0.543363 0.405275 0.370562 0.331957 0.832448 0.779195 0.452403 0.445208 0.664834 0.784921 0.625356 0.866466 0.512419 0.696724 0.543141 0.661577 0.532187 0.505293 0.722301 0.795685 0.636913 0.519730 0.516636 0.606479 0.801460 0.737544 0.736844 0.701648 0.941431 0.623596 0.538617 0.802783 0.488163 0.993576
0.914383 0.876332 0.964976 0.935499 0.757237 0.901280 0.922374 0.884782 0.932115 0.950491 0.970767 0.929584 0.938416 0.982927 0.997940 0.983437 0.885236 0.884027 0.887260 0.907851 0.993496 0.900875 0.942418 0.961585 0.884677 0.908641 0.000000 0.976952 0.910718 0.887516 0.947647 0.935295 0.916391 0.866533 0.991414 0.918703 0.973312 0.899139 0.815597 0.982715 0.926596 0.952919 0.957189 0.956347 0.909478 0.923836 0.978683 0.948859 0.879577 0.916023 0.904383 0.934898 0.950555 0.889755 0.889413 0.881546 0.869708 0.864024 0.918232 0.910232 0.906089 0.865988 0.899876 0.887755 0.959698 0.920086 0.955380 0.941899 0.935699 0.881182 0.953979 0.948070 0.952280 0.962146 0.951385 0.760529 0.986648 0.992675 0.989547 0.977430 0.925949 0.876155 0.954765 0.884251 0.953174 0.966803 0.835805 0.963541 0.904424 0.982890 0.923268 0.912552 0.997140 0.889472 0.988803 0.932841 0.967285 0.905971 0.904111 0.880927 0.987314 0.973543 0.914525 0.809762 0.828263 0.895673 0.972981 0.961015 0.972814 0.786826 0.951257 0.797531 0.840680 0.944477 0.972738 0.817451
0.929388 0.921059 0.889794 0.888079 0.854821 0.840518 0.875987 0.884693 0.927068 0.930616 0.879176 0.867021 0.908874 0.864075 0.889922 0.860129 0.921379 0.876271 0.890640 0.903237 0.904234 0.737618 0.913430 0.867172 0.878723 0.834934 0.976952 0.000000 0.870808 0.916053 0.942777 0.881783 0.831102 0.948814 0.973420 0.973255 0.901068 0.943900 0.974594 0.839306 0.887246 0.977764 0.871767 0.844541 0.979845 0.927705 0.847805 0.937432 0.978779 0.926164 0.989836 0.963794 0.939809 0.990059 0.947637 0.942219 0.884865 0.903328 0.946046 0.968729 0.889228 0.924465 0.862577 0.860878 0.936746 0.878026 0.909456 0.877385 0.918629 0.988404 0.896732 0.872385 0.903902 0.995485 0.945355 0.882883 0.817449 0.854596 0.952536 0.919274 0.914552 0.915210 0.968008 0.962798 0.924010 0.888048 0.993288 0.898932 0.960323 0.939703 0.847744 0.911158 0.909233 0.895907 0.964449 0.931872 0.912257 0.843778 0.940174 0.837851 0.968393 0.898502 0.957727 0.868288 0.853989 0.967484 0.874969 0.947341 0.895452 0.956303 0.924369 0.858970 0.925225 0.947474 0.817023 0.983561
0.146189 0.138967 0.260400 0.201907 0.696448 0.435148 0.205265 0.154088 0.430950 0.296624 0.194196 0.119667 0.141001 0.160381 0.200801 0.197855 0.123514 0.114079 0.146024 0.148866 0.439001 0.667522 0.223780 0.282593 0.565502 0.459096 0.910718 0.870808 0.000000 0.103111 0.205957 0.232884 0.145913 0.147393 0.412200 0.583374 0.358463 0.533370 0.580246 0.563946 0.789849 0.447871 0.270388 0.215715 0.230587 0.223369 0.213384 0.193108 0.553002 0.346592 0.381915 0.321694 0.444085 0.458723 0.396265 0.459651 0.141543 0.163660 0.173353 0.237470 0.136247 0.222908 0.108580 0.116139 0.354767 0.262933 0.190031 0.176967 0.318368 0.207157 0.281764 0.285920 0.408446 0.427586 0.649645 0.539142 0.296234 0.260287 0.174846 0.230131 0.120525 0.154670 0.279708 0.205079 0.227649 0.301188 0.827631 0.926625 0.454061 0.400403 0.567082 0.664827 0.483923 0.818745 0.331460 0.511589 0.332789 0.375453 0.294675 0.241642 0.550967 0.668339 0.294413 0.283764 0.303961 0.286088 0.825062 0.638362 0.608160 0.392823 0.596040 0.390988 0.339086 0.377852 0.424319 0.952987
0.118134 0.143551 0.225453 0.177069 0.730543 0.445079 0.183906 0.138422 0.417560 0.266494 0.143230 0.103069 0.140048 0.170220 0.196671 0.207362 0.115105 0.099708 0.114273 0.116832 0.439497 0.699435 0.237563 0.292030 0.540796 0.451108 0.887516 0.916053 0.103111 0.000000 0.194595 0.220936 0.148599 0.115209 0.408273 0.576049 0.358692 0.498750 0.566507 0.594516 0.820328 0.506392 0.303500 0.230260 0.255638 0.239412 0.239891 0.215556 0.623809 0.344637 0.412810 0.338711 0.444957 0.435305 0.378631 0.491260 0.157406 0.157169 0.197980 0.259873 0.138699 0.231291 0.119583 0.119219 0.358283 0.271956 0.204970 0.197615 0.283539 0.190546 0.272958 0.285045 0.374144 0.383421 0.584200 0.499911 0.339899 0.255520 0.173403 0.209602 0.111606 0.125726 0.287734 0.203073 0.265231 0.323167 0.777170 0.874167 0.454835 0.449406 0.549664 0.650607 0.482305 0.778464 0.331446 0.513772 0.339139 0.411260 0.297708 0.275114 0.552217 0.620775 0.294406 0.290191 0.336817 0.313153 0.782676 0.637419 0.658729 0.382690 0.659572 0.420963 0.348153 0.425091 0.476213 0.978721
0.193231 0.206841 0.161046 0.146184 0.756018 0.440028 0.213541 0.218706 0.406550 0.398056 0.236517 0.208536 0.168387 0.215824 0.205495 0.186664 0.244475 0.231094 0.188241 0.210054 0.346707 0.826292 0.137013 0.172769 0.293387 0.281038 0.947647 0.942777 0.205957 0.194595 0.000000 0.192567 0.178641 0.195227 0.370904 0.623383 0.298602 0.505015 0.486027 0.695423 0.763855 0.547355 0.269359 0.232891 0.300228 0.272814 0.234848 0.234145 0.676180 0.356099 0.433534 0.350651 0.413471 0.438896 0.370138 0.498577 0.283895 0.272189 0.244778 0.280806 0.170235 0.257061 0.224558 0.236909 0.228612 0.203908 0.194716 0.197961 0.286089 0.251592 0.239937 0.262940 0.304925 0.337531 0.622083 0.645646 0.321021 0.278817 0.242619 0.274198 0.184966 0.181368 0.283325 0.228803 0.201593 0.207567 0.842267 0.812703 0.429161 0.404430 0.597424 0.719760 0.494423 0.837282 0.363327 0.593913 0.354585 0.499630 0.407421 0.382449 0.626997 0.635487 0.407286 0.399242 0.358954 0.350289 0.754639 0.704326 0.611624 0.463145 0.776139 0.487577 0.435023 0.495830 0.464816 0.976680
0.254911 0.284013 0.253140 0.222746 0.861891 0.509037 0.252435 0.269598 0.439996 0.400700 0.256654 0.261255 0.258645 0.292875 0.302818 0.282293 0.230486 0.228499 0.228746 0.215010 0.521125 0.667869 0.245612 0.284118 0.466745 0.354793 0.935295 0.881783 0.232884 0.220936 0.192567 0.000000 0.205587 0.216044 0.518307 0.692457 0.385941 0.629604 0.510096 0.638511 0.867090 0.554555 0.304986 0.243292 0.348220 0.348907 0.322017 0.297323 0.758363 0.490571 0.545763 0.491265 0.507056 0.568146 0.513330 0.626818 0.261485 0.302581 0.300649 0.390588 0.256063 0.376844 0.266511 0.292170 0.359012 0.297853 0.252903 0.245148 0.344263 0.337465 0.324287 0.318628 0.411889 0.420948 0.628494 0.644026 0.365525 0.318702 0.268419 0.259883 0.234625 0.243380 0.376383 0.276259 0.330363 0.300831 0.877034 0.824150 0.445399 0.508193 0.618023 0.784415 0.587843 0.839240 0.431868 0.627922 0.442024 0.500952 0.418637 0.382870 0.636849 0.663619 0.480793 0.360791 0.459177 0.391459 0.902653 0.792281 0.751117 0.522222 0.720945 0.464488 0.479426 0.547338 0.491146 0.944958
0.134390 0.163209 0.167771 0.130432 0.694053 0.445176 0.145965 0.123654 0.361339 0.243505 0.198135 0.145123 0.148503 0.208983 0.205043 0.206608 0.141744 0.130505 0.150553 0.145799 0.376191 0.633019 0.186109 0.273920 0.470657 0.373198 0.916391 0.831102 0.145913 0.148599 0.178641 0.205587 0.000000 0.147646 0.382744 0.548029 0.363226 0.475173 0.557609 0.569185 0.831154 0.485760 0.202764 0.174198 0.222417 0.202978 0.212123 0.215326 0.584858 0.346491 0.379660 0.325485 0.438630 0.415258 0.385863 0.437818 0.164227 0.167320 0.173837 0.244015 0.130085 0.204421 0.154952 0.150882 0.271351 0.201227 0.160088 0.134949 0.276221 0.200612 0.210361 0.239874 0.323693 0.374424 0.661586 0.542571 0.265002 0.208285 0.162200 0.227352 0.117343 0.133577 0.292328 0.227998 0.212941 0.248363 0.863576 0.924223 0.417047 0.392134 0.448566 0.543911 0.389770 0.690861 0.333977 0.434096 0.274631 0.363119 0.242622 0.203498 0.555668 0.532159 0.320326 0.227325 0.285328 0.288320 0.808990 0.568009 0.594551 0.367138 0.640873 0.360043 0.310529 0.405594 0.442557 0.990343
0.127720 0.161701 0.207708 0.150409 0.697234 0.447339 0.132843 0.122629 0.366684 0.235101 0.163487 0.159637 0.165674 0.229298 0.245576 0.250221 0.116775 0.116895 0.120568 0.133997 0.365257 0.688755 0.247797 0.319995 0.557946 0.416449 0.866533 0.948814 0.147393 0.115209 0.195227 0.216044 0.147646 0.000000 0.395508 0.582061 0.326218 0.464082 0.561838 0.584912 0.806659 0.468174 0.228775 0.158966 0.196880 0.193782 0.209239 0.223953 0.629335 0.327096 0.392280 0.324231 0.447874 0.422072 0.426325 0.492281 0.143584 0.157069 0.179065 0.257852 0.133186 0.223706 0.150742 0.148290 0.305316 0.206866 0.149581 0.147547 0.297505 0.199052 0.261725 0.237986 0.317227 0.365480 0.615763 0.476419 0.288222 0.209911 0.197275 0.203716 0.129619 0.129086 0.314077 0.204438 0.252853 0.313009 0.835423 0.872804 0.440964 0.444929 0.475063 0.579374 0.420678 0.656956 0.319101 0.450392 0.320523 0.394895 0.236373 0.221853 0.517805 0.540643 0.266228 0.223891 0.311937 0.316750 0.771473 0.567447 0.623003 0.451847 0.649494 0.330593 0.311292 0.409047 0.447278 0.917325
0.356385 0.414887 0.414585 0.340053 0.777650 0.477120 0.441500 0.376484 0.537421 0.423711 0.515451 0.372484 0.368044 0.391022 0.339929 0.373516 0.443851 0.447149 0.423135 0.446784 0.468532 0.860138 0.352474 0.406201 0.492005 0.430962 0.991414 0.973420 0.412200 0.408273 0.370904 0.518307 0.382744 0.395508 0.000000 0.643005 0.409905 0.546854 0.664834 0.832268 0.736289 0.548458 0.423792 0.459451 0.406748 0.364530 0.420137 0.425739 0.528652 0.338403 0.434174 0.339443 0.449875 0.504064 0.414146 0.459801 0.529721 0.438929 0.382974 0.342508 0.350983 0.340320 0.412247 0.388113 0.364597 0.363592 0.410314 0.386206 0.496846 0.351921 0.465045 0.451765 0.404487 0.510836 0.616568 0.619673 0.442989 0.439268 0.389861 0.476248 0.363412 0.353558 0.524386 0.421579 0.307947 0.385753 0.956022 0.872534 0.545103 0.433458 0.612656 0.683688 0.522852 0.775450 0.545408 0.616079 0.442836 0.594513 0.411924 0.414595 0.674043 0.760626 0.470350 0.535711 0.392967 0.454637 0.721848 0.609257 0.625648 0.664574 0.672614 0.467866 0.528734 0.696110 0.569935 0.941637
0.520541 0.527811 0.635785 0.590421 0.846925 0.745678 0.600197 0.554709 0.672560 0.656188 0.609241 0.554022 0.546951 0.594098 0.616279 0.600164 0.514085 0.567729 0.542389 0.596362 0.730247 0.855056 0.585537 0.663135 0.782755 0.762503 0.918703 0.973255 0.583374 0.576049 0.623383 0.692457 0.548029 0.582061 0.643005 0.000000 0.647249 0.529507 0.899742 0.759272 0.766883 0.595208 0.571546 0.589059 0.598098 0.583964 0.644933 0.558366 0.732660 0.624409 0.628593 0.561511 0.644290 0.620585 0.764904 0.672982 0.543849 0.537259 0.542443 0.581656 0.585928 0.622199 0.519230 0.541104 0.679981 0.681417 0.574109 0.566238 0.689879 0.531065 0.605563 0.590192 0.745265 0.765024 0.930906 0.707872 0.642571 0.644723 0.527271 0.633205 0.509206 0.574018 0.639380 0.577207 0.582144 0.636189 0.973146 0.963559 0.703674 0.681612 0.720381 0.676090 0.698270 0.750442 0.522716 0.693066 0.628607 0.532214 0.611888 0.634165 0.787439 0.714260 0.556700 0.556331 0.692781 0.668478 0.833013 0.726332 0.689973 0.635306 0.713144 0.635537 0.624003 0.717462 0.629121 0.952620
0.339982 0.330490 0.330990 0.295642 0.871098 0.605747 0.401902 0.345533 0.488744 0.492996 0.461052 0.357906 0.315296 0.344566 0.309683 0.357987 0.404988 0.379333 0.381835 0.386830 0.472575 0.801141 0.301925 0.388712 0.462510 0.393373 0.973312 0.901068 0.358463 0.358692 0.298602 0.385941 0.363226 0.326218 0.409905 0.647249 0.000000 0.414968 0.451371 0.673211 0.864242 0.490519 0.390482 0.354534 0.334720 0.348485 0.361266 0.290161 0.485965 0.358148 0.411951 0.342332 0.453883 0.547406 0.521474 0.450096 0.386732 0.342692 0.325522 0.339610 0.302135 0.316153 0.383407 0.339485 0.289393 0.343021 0.358809 0.311737 0.528204 0.391350 0.485201 0.452124 0.554211 0.542577 0.618637 0.667580 0.435780 0.414177 0.385851 0.453658 0.369436 0.364222 0.482155 0.374373 0.268527 0.303544 0.916921 0.794202 0.429948 0.320753 0.638991 0.735821 0.531901 0.815700 0.404392 0.524260 0.440482 0.495355 0.370816 0.406335 0.552110 0.730070 0.327943 0.422258 0.382174 0.367596 0.761756 0.580367 0.721402 0.573444 0.820287 0.508026 0.543191 0.663158 0.524763 0.892900
0.437129 0.478519 0.515190 0.457894 0.863096 0.814902 0.528703 0.434269 0.522152 0.495170 0.581566 0.416993 0.401328 0.396007 0.408386 0.420005 0.506475 0.511960 0.513216 0.520204 0.486440 0.911492 0.415570 0.523927 0.671662 0.681628 0.899139 0.943900 0.533370 0.498750 0.505015 0.629604 0.475173 0.464082 0.546854 0.529507 0.414968 0.000000 0.623515 0.756777 0.811866 0.616950 0.510346 0.536078 0.497086 0.495809 0.547395 0.460737 0.597357 0.460093 0.483837 0.455434 0.665684 0.600325 0.663398 0.614291 0.497612 0.477582 0.471855 0.481899 0.428452 0.425829 0.450254 0.404119 0.439604 0.517464 0.512613 0.486346 0.735981 0.556825 0.577278 0.614940 0.636067 0.702500 0.806361 0.705037 0.516732 0.537485 0.534196 0.617455 0.522033 0.557972 0.527546 0.580043 0.432618 0.525371 0.889120 0.961078 0.605414 0.554155 0.596972 0.612040 0.528840 0.784970 0.489542 0.467125 0.577298 0.558054 0.426347 0.513973 0.621088 0.682725 0.388633 0.494673 0.457559 0.466522 0.743271 0.565436 0.639317 0.487648 0.778567 0.675758 0.631137 0.690234 0.478230 0.999915
