0.000000 0.376352 0.872472 0.700305 0.860177 0.516488 0.555328 0.410454 0.777006 0.704772 0.404967 0.362821 0.533748 0.480676 0.875709 0.515440 0.371104 0.359224 0.409179 0.373182 0.917823 0.924774 0.883446 0.845108 0.966460 0.862689 0.980494 0.907558 0.505188 0.458834 0.667693 0.551671 0.434581 0.427275 0.794551 0.908646 0.702113 0.849905 0.991161 0.883696 0.849240 0.889138 0.517113 0.476971 0.535044 0.565632 0.580681 0.631728 0.770991 0.722780 0.735416 0.790952 0.890312 0.874748 0.927948 0.847191 0.314208 0.476506 0.488291 0.882597 0.503639 0.616503 0.430500 0.472469 0.994348 0.700746 0.529009 0.583894 0.745706 0.660883 0.608999 0.624573 0.741114 0.634619 0.930006 0.687589 0.612113 0.732186 0.705403 0.612247 0.392435 0.453290 0.619790 0.729979 0.800967 0.801328 0.991334 0.912788 0.949887 0.938027 0.544296 0.781539 0.607078 0.805201 0.747868 0.758388 0.708203 0.709560 0.431002 0.471902 0.580242 0.596140 0.502621 0.534398 0.666599 0.785753 0.915030 0.832676 0.950620 0.925040 0.917120 0.604559 0.709348 0.847914 0.806441 0.959223
0.376352 0.000000 0.867945 0.940118 0.980370 0.703763 0.789036 0.562484 0.951070 0.702413 0.706809 0.421990 0.868196 0.734340 0.910298 0.646269 0.267760 0.278602 0.639223 0.505661 0.975895 0.936513 0.858149 0.974886 0.976848 0.942835 0.982608 0.910541 0.458749 0.378262 0.880310 0.724341 0.638523 0.626558 0.905541 0.961067 0.829514 0.904427 0.922604 0.781000 0.769614 0.881972 0.608526 0.546133 0.479118 0.433857 0.704738 0.675204 0.541004 0.567804 0.534924 0.619006 0.836098 0.822466 0.854662 0.793548 0.232132 0.233612 0.704775 0.727479 0.796341 0.481700 0.679625 0.413147 0.754231 0.775725 0.752371 0.724110 0.542638 0.532714 0.809469 0.837203 0.721832 0.664850 0.761736 0.687956 0.739074 0.793568 0.562165 0.510061 0.261792 0.361012 0.617993 0.549447 0.952614 0.865537 0.922581 0.968329 0.999193 0.937547 0.750752 0.960264 0.785949 0.974110 0.608171 0.910793 0.566119 0.760194 0.514763 0.595717 0.763307 0.786660 0.525245 0.676540 0.766856 0.868085 0.966789 0.937447 0.973791 0.823988 0.742717 0.501579 0.776548 0.785111 0.666796 0.885498
0.872472 0.867945 0.000000 0.251543 0.886357 0.810178 0.285333 0.439840 0.675303 0.779328 0.545891 0.923657 0.409691 0.511685 0.506509 0.600326 0.816432 0.950694 0.438555 0.644220 0.864595 0.987386 0.310403 0.427483 0.671588 0.472790 0.983697 0.878950 0.876916 0.968478 0.373912 0.434911 0.533038 0.471399 0.612538 0.789857 0.857128 0.956810 0.852549 0.842127 0.908539 0.724873 0.560292 0.624671 0.741663 0.817228 0.625704 0.575050 0.985061 0.961023 0.926762 0.942646 0.911268 0.835945 0.718929 0.918992 0.862453 0.723598 0.675843 0.959904 0.494592 0.925010 0.750086 0.711769 0.322455 0.531317 0.401610 0.502512 0.778726 0.802216 0.610398 0.566441 0.955417 0.835217 0.951714 0.846953 0.625455 0.663307 0.924642 0.901428 0.754964 0.982888 0.853600 0.775145 0.428990 0.586304 0.691356 0.720028 0.933035 0.974568 0.561942 0.576098 0.660804 0.604568 0.892279 0.904228 0.988383 0.968034 0.706461 0.608763 0.637138 0.598466 0.907795 0.825060 0.803745 0.752426 0.997952 0.795175 0.877512 0.782652 0.932003 0.931143 0.782855 0.999859 0.997817 0.836724
0.700305 0.940118 0.251543 0.000000 0.947355 0.705535 0.254799 0.316389 0.694506 0.787418 0.414035 0.721256 0.364991 0.376936 0.563366 0.545057 0.994716 0.842750 0.323902 0.464573 0.945556 0.969281 0.332942 0.301521 0.628639 0.496516 0.963744 0.754772 0.738572 0.860467 0.309947 0.348747 0.399665 0.361734 0.572899 0.748551 0.817652 0.960114 0.810079 0.896019 0.947064 0.745483 0.496470 0.541042 0.676111 0.759329 0.535138 0.514427 0.992710 0.924535 0.881452 0.934658 0.906211 0.866154 0.714879 0.849393 0.921740 0.890512 0.628175 0.968333 0.438155 0.934559 0.600923 0.892709 0.404036 0.436007 0.333285 0.396566 0.899177 0.891948 0.585129 0.536949 0.860225 0.736180 0.852064 0.807409 0.595987 0.630551 0.893154 0.837558 0.973235 0.782910 0.726633 0.893205 0.405948 0.474217 0.732234 0.671471 0.850169 0.834586 0.528090 0.617006 0.631184 0.666590 0.868914 0.830306 0.927692 0.899131 0.618049 0.498479 0.543343 0.508633 0.784021 0.674788 0.729002 0.720662 0.945425 0.852810 0.815077 0.798183 0.873407 0.874642 0.768706 0.978371 0.976703 0.802691
0.860177 0.980370 0.886357 0.947355 0.000000 0.879792 0.866374 0.867363 0.789004 0.766137 0.886393 0.868682 0.795105 0.805232 0.729457 0.783638 0.953366 0.899688 0.874959 0.886607 0.834036 0.903589 0.852201 0.918779 0.974168 0.987173 0.976759 0.973115 0.917862 0.895626 0.869686 0.911941 0.815580 0.797922 0.866948 0.918215 0.755513 0.845445 0.877361 0.986685 0.869310 0.997236 0.824674 0.875338 0.891090 0.933576 0.900289 0.833911 0.991006 0.981524 0.839342 0.784049 0.788582 0.770061 0.974638 0.959663 0.941969 0.964995 0.689599 0.841007 0.738876 0.964318 0.754001 0.846179 0.891732 0.934018 0.766024 0.797447 0.805620 0.884003 0.818467 0.730053 0.896884 0.914197 0.891146 0.894121 0.971879 0.966858 0.975199 0.958198 0.934655 0.925098 0.911079 0.948993 0.964358 0.955575 0.956486 0.802106 0.783361 0.815549 0.694642 0.720561 0.712397 0.686857 0.959367 0.957557 0.877310 0.993023 0.761903 0.867439 0.932736 0.934415 0.736643 0.774298 0.960381 0.676630 0.791398 0.684292 0.923511 0.985768 0.937939 0.838105 0.810478 0.844930 0.776024 0.852082
0.516488 0.703763 0.810178 0.705535 0.879792 0.000000 0.569959 0.503074 0.601253 0.658662 0.502761 0.527284 0.633242 0.667984 0.876765 0.568447 0.631338 0.560924 0.521540 0.562588 0.822406 0.888944 0.870261 0.820910 0.981631 0.796062 0.966126 0.864985 0.711566 0.626903 0.741062 0.580743 0.587093 0.495070 0.938101 0.974357 0.841672 0.910648 0.893077 0.965830 0.947144 0.985311 0.542472 0.548709 0.572842 0.598458 0.651579 0.608411 0.812469 0.746566 0.810443 0.779555 0.859045 0.772261 0.966680 0.904486 0.616581 0.844723 0.756138 0.838008 0.531144 0.650704 0.681189 0.727885 0.924189 0.639161 0.637317 0.571459 0.898944 0.989871 0.749456 0.761827 0.825859 0.675010 0.986132 0.741180 0.683552 0.668703 0.601722 0.676798 0.665297 0.616379 0.944507 0.893123 0.908478 0.863698 0.924553 0.911922 0.995943 0.989733 0.593694 0.744001 0.691155 0.730136 0.972853 0.944519 0.777736 0.876678 0.512948 0.629898 0.663220 0.618474 0.628843 0.565382 0.893485 0.865407 0.813315 0.923493 0.941150 0.945865 0.987379 0.678722 0.888529 0.786837 0.981690 0.849493
0.555328 0.789036 0.285333 0.254799 0.866374 0.569959 0.000000 0.215928 0.553075 0.535785 0.356743 0.598013 0.338275 0.379903 0.526769 0.411864 0.825429 0.671681 0.268497 0.425124 0.867549 0.881329 0.376837 0.494841 0.811731 0.523538 0.955872 0.882454 0.617368 0.711963 0.355572 0.342327 0.352182 0.296452 0.687924 0.792776 0.729009 0.975654 0.884083 0.931204 0.972525 0.793741 0.352504 0.412843 0.464217 0.550164 0.490749 0.415325 0.845610 0.760816 0.728136 0.718038 0.756895 0.659225 0.778635 0.805388 0.786072 0.965386 0.530812 0.926175 0.353104 0.813078 0.585635 0.964062 0.482456 0.436406 0.289181 0.369901 0.940494 0.983179 0.463987 0.428706 0.815410 0.691381 0.937557 0.738849 0.454117 0.566778 0.788625 0.705871 0.896557 0.750623 0.755156 0.950607 0.495560 0.629735 0.796120 0.819956 0.982963 0.971633 0.366730 0.468069 0.489320 0.507013 0.745746 0.790219 0.777221 0.827597 0.419413 0.373662 0.476764 0.417162 0.664517 0.598530 0.743327 0.611089 0.905063 0.776124 0.900272 0.869405 0.819240 0.711112 0.620573 0.899612 0.868218 0.941745
0.410454 0.562484 0.439840 0.316389 0.867363 0.503074 0.215928 0.000000 0.576701 0.512347 0.312466 0.435867 0.399885 0.349993 0.677098 0.410874 0.608439 0.485368 0.234585 0.298619 0.937868 0.892749 0.518085 0.531159 0.844953 0.569484 0.906194 0.888427 0.468743 0.563081 0.382725 0.332371 0.287107 0.257951 0.729420 0.810042 0.674665 0.959797 0.858568 0.969639 0.903731 0.874583 0.319469 0.367686 0.382390 0.455148 0.471094 0.429224 0.728814 0.677201 0.630524 0.680715 0.731495 0.679596 0.790775 0.774062 0.562735 0.729377 0.510203 0.876309 0.378104 0.651073 0.501957 0.765404 0.664142 0.448530 0.326477 0.343689 0.912626 0.843711 0.481383 0.422814 0.715756 0.560912 0.819205 0.661584 0.444815 0.563192 0.681007 0.637550 0.683103 0.568547 0.668762 0.875664 0.613207 0.652058 0.868060 0.835858 0.968204 0.930621 0.385521 0.559027 0.485405 0.631684 0.711482 0.795595 0.657481 0.776031 0.359161 0.329866 0.436318 0.429144 0.536939 0.509066 0.705747 0.651539 0.946404 0.770024 0.845969 0.932530 0.786524 0.659274 0.602342 0.846228 0.818358 0.986015
0.777006 0.951070 0.675303 0.694506 0.789004 0.601253 0.553075 0.576701 0.000000 0.462488 0.651637 0.766151 0.635888 0.727430 0.689605 0.579558 0.846071 0.808573 0.721701 0.716118 0.857235 0.906393 0.750474 0.928170 0.898175 0.801847 0.938680 0.781682 0.713819 0.748033 0.737937 0.755762 0.687470 0.627416 0.984554 0.860550 0.809791 0.794372 0.982890 0.878101 0.980351 0.927552 0.597260 0.608252 0.636748 0.700265 0.799564 0.717155 0.886579 0.849352 0.758217 0.684348 0.640107 0.542925 0.927608 0.918984 0.915466 0.968042 0.618902 0.900238 0.581619 0.903034 0.761744 0.930153 0.801013 0.840074 0.682527 0.755124 0.914154 0.964167 0.646958 0.535424 0.771937 0.789782 0.962325 0.892886 0.552758 0.695958 0.810008 0.813563 0.974436 0.965682 0.982962 0.854081 0.993514 0.877335 0.899198 0.939021 0.853840 0.816421 0.481053 0.496545 0.567068 0.472755 0.985559 0.865112 0.794658 0.905339 0.598366 0.580676 0.640342 0.553245 0.688843 0.656358 0.850996 0.580835 0.683632 0.768903 0.933942 0.965031 0.935439 0.753532 0.650317 0.722178 0.847570 0.873475
0.704772 0.702413 0.779328 0.787418 0.766137 0.658662 0.535785 0.512347 0.462488 0.000000 0.685492 0.713110 0.717280 0.701643 0.640704 0.525590 0.642024 0.560676 0.647452 0.701381 0.973973 0.905977 0.775559 0.945219 0.784222 0.953010 0.923143 0.940315 0.599916 0.608372 0.710009 0.679139 0.714039 0.579721 0.987024 0.977170 0.749990 0.940849 0.928740 0.909416 0.815024 0.982012 0.498797 0.532774 0.482200 0.500671 0.839565 0.646212 0.768987 0.699654 0.591750 0.530624 0.586779 0.493006 0.901920 0.932571 0.677527 0.752762 0.646588 0.926962 0.636145 0.818584 0.746882 0.731008 0.997763 0.865356 0.647098 0.716795 0.973089 0.856234 0.483267 0.457342 0.762399 0.691964 0.936029 0.768382 0.522141 0.585620 0.684818 0.743379 0.796092 0.961836 0.893857 0.963914 0.976565 0.816332 0.880005 0.852633 0.801123 0.678921 0.391987 0.437583 0.437275 0.449144 0.780121 0.973934 0.591912 0.786877 0.467920 0.485622 0.578691 0.557885 0.503212 0.648059 0.836213 0.540978 0.820515 0.583453 0.971568 0.939509 0.761413 0.627542 0.549863 0.683512 0.688815 0.765581
0.404967 0.706809 0.545891 0.414035 0.886393 0.502761 0.356743 0.312466 0.651637 0.685492 0.000000 0.440563 0.334587 0.335127 0.751004 0.526309 0.658546 0.589739 0.273815 0.376315 0.954203 0.821822 0.605537 0.598858 0.949779 0.676154 0.904633 0.850628 0.556656 0.587695 0.468747 0.438047 0.376728 0.318610 0.673570 0.852863 0.709916 0.979977 0.853958 0.952319 0.894267 0.968780 0.508488 0.532490 0.585389 0.664980 0.541968 0.543512 0.913818 0.841209 0.818040 0.914744 0.862790 0.836678 0.819303 0.825455 0.630501 0.834877 0.572233 0.946949 0.319900 0.695766 0.402104 0.711488 0.700317 0.514406 0.387905 0.413568 0.970119 0.963073 0.533101 0.594521 0.793291 0.707277 0.951519 0.700977 0.583570 0.618400 0.850972 0.734388 0.670487 0.595874 0.827394 0.888221 0.624656 0.659755 0.888590 0.808576 0.886603 0.930602 0.521476 0.697686 0.641476 0.712761 0.836344 0.691914 0.860151 0.860213 0.529439 0.485686 0.481367 0.568163 0.644160 0.561508 0.825015 0.744475 0.961185 0.839410 0.897472 0.911959 0.879368 0.753032 0.688250 0.998788 0.913337 0.891526
0.362821 0.421990 0.923657 0.721256 0.868682 0.527284 0.598013 0.435867 0.766151 0.713110 0.440563 0.000000 0.649227 0.533055 0.995340 0.573387 0.397732 0.318114 0.498030 0.395261 0.851449 0.871578 0.893465 0.826697 0.884365 0.880458 0.926578 0.981878 0.437598 0.354485 0.701400 0.639534 0.436046 0.448248 0.881117 0.862808 0.626697 0.820295 0.867890 0.866345 0.714886 0.868016 0.666620 0.622581 0.487299 0.566747 0.709365 0.613363 0.731913 0.732556 0.713070 0.745557 0.845273 0.784024 0.908334 0.861354 0.394148 0.471721 0.542387 0.673497 0.446564 0.371164 0.465437 0.377762 0.970947 0.573476 0.557797 0.504813 0.726049 0.539245 0.742586 0.704851 0.691414 0.610784 0.888718 0.720670 0.711108 0.774353 0.646962 0.578207 0.353806 0.407368 0.703878 0.612571 0.879396 0.779667 0.996361 0.948840 0.938712 0.906799 0.634206 0.887929 0.710152 0.865294 0.720808 0.871778 0.745589 0.820039 0.555786 0.611766 0.610378 0.666794 0.592093 0.619445 0.824850 0.802461 0.932553 0.915400 0.915370 0.934742 0.855215 0.710480 0.834348 0.884071 0.799756 0.905203
0.533748 0.868196 0.409691 0.364991 0.795105 0.633242 0.338275 0.399885 0.635888 0.717280 0.334587 0.649227 0.000000 0.299924 0.455977 0.438608 0.878938 0.736314 0.332371 0.455824 0.789730 0.964586 0.392229 0.473112 0.826003 0.670243 0.898659 0.790313 0.707263 0.702129 0.477454 0.444076 0.401122 0.355617 0.650253 0.807998 0.839404 0.995364 0.895015 0.995468 0.996500 0.878461 0.515596 0.547017 0.752843 0.820677 0.557460 0.592926 0.864912 0.980904 0.943188 0.948197 0.960250 0.820960 0.782910 0.948778 0.797599 0.997699 0.530621 0.992321 0.322126 0.963097 0.366779 0.859065 0.499622 0.549766 0.362861 0.523777 0.935066 0.984116 0.456991 0.557964 0.934086 0.868592 0.946689 0.693752 0.577007 0.550548 0.982432 0.830119 0.867885 0.819865 0.755313 0.828144 0.487242 0.573008 0.763657 0.844786 0.827788 0.952360 0.499741 0.600912 0.659830 0.585249 0.919544 0.751584 0.919095 0.902254 0.544179 0.524510 0.568298 0.587754 0.689932 0.610290 0.793091 0.700370 0.915496 0.758668 0.852201 0.870962 0.978003 0.775567 0.782814 0.921363 0.962568 0.862744
0.480676 0.734340 0.511685 0.376936 0.805232 0.667984 0.379903 0.349993 0.727430 0.701643 0.335127 0.533055 0.299924 0.000000 0.541224 0.390844 0.786969 0.608277 0.325398 0.377855 0.883693 0.968356 0.468135 0.458103 0.808258 0.731551 0.947447 0.756272 0.622749 0.561598 0.406537 0.377659 0.317198 0.305226 0.650302 0.713187 0.655544 0.976048 0.777956 0.921553 0.995056 0.887174 0.545110 0.588565 0.709043 0.798898 0.647695 0.600613 0.888210 0.984746 0.867283 0.946597 0.954510 0.861667 0.948568 0.990223 0.656705 0.845129 0.552809 0.961874 0.358028 0.834969 0.340810 0.717677 0.609899 0.488650 0.370838 0.416021 0.924149 0.931661 0.539916 0.490509 0.889291 0.764142 0.859468 0.659263 0.611068 0.629452 0.843466 0.757958 0.732359 0.698595 0.624772 0.923496 0.514216 0.499893 0.829211 0.785845 0.786873 0.865487 0.505326 0.728258 0.617999 0.730844 0.874217 0.665272 0.873715 0.884486 0.530400 0.546217 0.486652 0.607301 0.692268 0.685848 0.783704 0.744803 0.998014 0.800227 0.790708 0.890235 0.840358 0.831278 0.803925 0.987935 0.937401 0.905287
0.875709 0.910298 0.506509 0.563366 0.729457 0.876765 0.526769 0.677098 0.689605 0.640704 0.751004 0.995340 0.455977 0.541224 0.000000 0.532376 0.901955 0.966106 0.688952 0.800228 0.825571 0.920282 0.435884 0.679417 0.828204 0.801032 0.768877 0.722909 0.928718 0.925679 0.607361 0.667248 0.689531 0.661657 0.750698 0.841079 0.946760 0.991340 0.901325 0.962261 0.896785 0.827000 0.659372 0.759702 0.857512 0.915792 0.854623 0.788949 0.790426 0.904527 0.940688 0.877781 0.908660 0.760745 0.990058 0.882705 0.975994 0.870251 0.662034 0.929562 0.572698 0.787518 0.666211 0.971586 0.503056 0.764083 0.540591 0.728614 0.735035 0.878360 0.537555 0.534162 0.919506 0.959700 0.983170 0.839589 0.630708 0.689581 0.967990 0.970236 0.845953 0.812941 0.791141 0.780584 0.563768 0.738817 0.680879 0.928469 0.954095 0.955867 0.540695 0.529089 0.654166 0.501124 0.936690 0.936673 0.959426 0.881509 0.678351 0.694458 0.801048 0.678943 0.762285 0.790122 0.787584 0.668057 0.828973 0.681143 0.900637 0.740761 0.969286 0.823314 0.867579 0.892711 0.956277 0.909752
0.515440 0.646269 0.600326 0.545057 0.783638 0.568447 0.411864 0.410874 0.579558 0.525590 0.526309 0.573387 0.438608 0.390844 0.532376 0.000000 0.691891 0.534987 0.471826 0.468099 0.752239 0.922282 0.551552 0.664034 0.891606 0.650378 0.965621 0.888009 0.553544 0.502938 0.525255 0.466629 0.404875 0.412834 0.787216 0.757767 0.689262 0.859503 0.962770 0.913903 0.995725 0.925689 0.486901 0.544653 0.580721 0.625161 0.702444 0.605071 0.925165 0.858375 0.686710 0.691134 0.831014 0.663837 0.983518 0.995384 0.623533 0.756305 0.521151 0.818063 0.402382 0.717166 0.562465 0.715508 0.695406 0.528633 0.467933 0.529503 0.933292 0.855741 0.566153 0.525571 0.842307 0.751550 0.858409 0.694281 0.560107 0.690016 0.750825 0.621119 0.662166 0.728739 0.710806 0.949213 0.619473 0.665268 0.840416 0.981022 0.985812 0.866264 0.408505 0.636378 0.548222 0.576707 0.806577 0.876227 0.689598 0.821993 0.472569 0.562818 0.509470 0.558390 0.623247 0.726687 0.818043 0.773713 0.836776 0.772507 0.870485 0.912463 0.830228 0.623712 0.684570 0.895045 0.868343 0.950229
0.371104 0.267760 0.816432 0.994716 0.953366 0.631338 0.825429 0.608439 0.846071 0.642024 0.658546 0.397732 0.878938 0.786969 0.901955 0.691891 0.000000 0.272249 0.687282 0.560795 0.938786 0.872594 0.834790 0.919704 0.855385 0.892631 0.931833 0.964401 0.449474 0.373146 0.877472 0.777272 0.691123 0.618801 0.937320 0.986697 0.753940 0.802562 0.927227 0.729447 0.713905 0.792770 0.681836 0.581868 0.517914 0.511524 0.795633 0.749668 0.622310 0.641544 0.612592 0.648850 0.822473 0.799358 0.980360 0.793014 0.265030 0.285464 0.723134 0.744153 0.752945 0.478639 0.648532 0.354494 0.679093 0.828326 0.780291 0.730369 0.570704 0.549539 0.784027 0.774931 0.714184 0.629273 0.903531 0.648677 0.769822 0.828368 0.635077 0.613185 0.277760 0.467249 0.750192 0.539912 0.864201 0.996680 0.917105 0.878668 0.915286 0.981670 0.724159 0.909148 0.750433 0.944335 0.621655 0.944176 0.638967 0.693807 0.574644 0.598088 0.720118 0.756402 0.558410 0.601578 0.776504 0.858358 0.909068 0.857524 0.982713 0.824705 0.769542 0.540861 0.752208 0.812117 0.746227 0.793122
0.359224 0.278602 0.950694 0.842750 0.899688 0.560924 0.671681 0.485368 0.808573 0.560676 0.589739 0.318114 0.736314 0.608277 0.966106 0.534987 0.272249 0.000000 0.556559 0.492533 0.911976 0.953989 0.999659 0.935767 0.876479 0.959716 0.943223 0.954723 0.420149 0.287072 0.740461 0.605379 0.531155 0.530412 0.989254 0.866797 0.699911 0.860989 0.969152 0.798110 0.791183 0.884378 0.591959 0.526994 0.454824 0.456743 0.745494 0.641415 0.694133 0.674881 0.634123 0.631476 0.822413 0.778317 0.968981 0.881504 0.249330 0.314710 0.685415 0.772894 0.610149 0.465838 0.551020 0.315855 0.821673 0.698116 0.633042 0.616887 0.670413 0.555774 0.683427 0.657216 0.724040 0.605822 0.890976 0.676094 0.681867 0.712981 0.483005 0.484347 0.261347 0.452459 0.673233 0.612590 0.961439 0.892581 0.959196 0.900352 0.988905 0.992225 0.587984 0.827414 0.623076 0.843440 0.717798 0.876771 0.591732 0.808120 0.485291 0.534736 0.603007 0.664684 0.511125 0.604101 0.749399 0.779513 0.862410 0.898237 0.979230 0.858915 0.783406 0.538993 0.744929 0.809498 0.742724 0.846099
0.409179 0.639223 0.438555 0.323902 0.874959 0.521540 0.268497 0.234585 0.721701 0.647452 0.273815 0.498030 0.332371 0.325398 0.688952 0.471826 0.687282 0.556559 0.000000 0.327692 0.959123 0.882999 0.513696 0.489014 0.818135 0.623445 0.945688 0.865377 0.557894 0.612103 0.382283 0.338855 0.315681 0.267110 0.663534 0.833185 0.766908 0.985123 0.865146 0.975532 0.915578 0.857524 0.393039 0.422789 0.533005 0.586186 0.483780 0.455776 0.883248 0.792034 0.818745 0.852339 0.896702 0.867552 0.763796 0.836677 0.602867 0.816839 0.582172 0.968775 0.399789 0.773611 0.466253 0.798154 0.655141 0.477080 0.343744 0.378117 0.964652 0.905374 0.494580 0.557640 0.815754 0.669978 0.833188 0.645039 0.549649 0.604525 0.751136 0.678801 0.714228 0.565457 0.728932 0.954342 0.557384 0.601275 0.850117 0.817628 0.839199 0.920496 0.463187 0.636694 0.583953 0.716684 0.811042 0.741801 0.767543 0.842505 0.418903 0.403070 0.488038 0.499288 0.613623 0.556936 0.725226 0.730255 0.945926 0.796072 0.905329 0.877434 0.908701 0.657983 0.632256 0.912998 0.921885 0.942544
0.373182 0.505661 0.644220 0.464573 0.886607 0.562588 0.425124 0.298619 0.716118 0.701381 0.376315 0.395261 0.455824 0.377855 0.800228 0.468099 0.560795 0.492533 0.327692 0.000000 0.878880 0.984843 0.688986 0.600313 0.847948 0.703144 0.899574 0.876201 0.433542 0.562222 0.536664 0.439440 0.315498 0.336181 0.770892 0.817788 0.686052 0.945957 0.873412 0.917765 0.867150 0.951592 0.472619 0.476513 0.518664 0.561494 0.500791 0.523284 0.740263 0.703884 0.688637 0.768406 0.801664 0.808636 0.806904 0.814395 0.508741 0.620548 0.516955 0.778310 0.464809 0.581345 0.482459 0.690415 0.773168 0.515011 0.469142 0.456393 0.719398 0.745156 0.582633 0.625292 0.697253 0.586725 0.816010 0.605241 0.577257 0.648657 0.771678 0.659362 0.559658 0.425975 0.614074 0.782733 0.628290 0.604974 0.783771 0.784303 0.901328 0.872122 0.549227 0.769693 0.679256 0.829737 0.728708 0.852915 0.778111 0.790016 0.468624 0.438523 0.573066 0.598185 0.572134 0.569416 0.678696 0.745857 0.952448 0.856882 0.805557 0.982004 0.859333 0.654881 0.691196 0.897575 0.890479 0.968026
0.917823 0.975895 0.864595 0.945556 0.834036 0.822406 0.867549 0.937868 0.857235 0.973973 0.954203 0.851449 0.789730 0.883693 0.825571 0.752239 0.938786 0.911976 0.959123 0.878880 0.000000 0.957077 0.851798 0.899067 0.938931 0.935524 0.920443 0.893592 0.984112 0.880015 0.882342 0.946464 0.808426 0.849185 0.996506 0.774747 0.884361 0.802349 0.988244 0.775313 0.877510 0.938151 0.962223 0.983482 0.983199 0.974689 0.970561 0.942461 0.900011 0.882978 0.994936 0.957902 0.947526 0.863066 0.955127 0.995921 0.975518 0.969192 0.744246 0.715896 0.717589 0.887968 0.890043 0.917406 0.779860 0.770966 0.823697 0.818147 0.919302 0.962472 0.804535 0.921127 0.984916 0.928225 0.899737 0.861834 0.907309 0.839579 0.983975 0.817136 0.878006 0.996917 0.960760 0.982145 0.875448 0.821994 0.854405 0.833581 0.949022 0.922745 0.871329 0.897459 0.910348 0.797325 0.993133 0.873716 0.939891 0.935152 0.825793 0.968905 0.893715 0.953631 0.993614 0.932839 0.950202 0.817467 0.859148 0.995172 0.970034 0.990302 0.884664 0.785610 0.913992 0.976112 0.878790 0.894305
0.924774 0.936513 0.987386 0.969281 0.903589 0.888944 0.881329 0.892749 0.906393 0.905977 0.821822 0.871578 0.964586 0.968356 0.920282 0.922282 0.872594 0.953989 0.882999 0.984843 0.957077 0.000000 0.991443 0.904119 0.842646 0.828780 0.789294 0.847614 0.870569 0.908540 0.945164 0.953986 0.918096 0.932260 0.998478 0.992790 0.884312 0.826690 0.940450 0.861095 0.904443 0.958531 0.880905 0.965109 0.926211 0.912270 0.954256 0.970787 0.888226 0.870875 0.984506 0.983637 0.912358 0.956164 0.971263 0.831469 0.965268 0.988628 0.935391 0.994194 0.924858 0.876227 0.984300 0.992383 0.978770 0.954389 0.930062 0.890951 0.945308 0.972390 0.966359 0.974934 0.827853 0.984218 0.915791 0.996180 0.988287 0.877589 0.935239 0.956504 0.914711 0.991462 0.839534 0.997846 0.977950 0.862157 0.943205 0.929676 0.932605 0.829879 0.979163 0.977506 0.979243 0.923863 0.949559 0.899698 0.991901 0.981630 0.962566 0.993295 0.886742 0.847875 0.949547 0.947675 0.817884 0.986383 0.917741 0.954075 0.981986 0.896307 0.945323 0.900339 0.862829 0.972217 0.911597 0.938647
0.883446 0.858149 0.310403 0.332942 0.852201 0.870261 0.376837 0.518085 0.750474 0.775559 0.605537 0.893465 0.392229 0.468135 0.435884 0.551552 0.834790 0.999659 0.513696 0.688986 0.851798 0.991443 0.000000 0.389830 0.590266 0.611926 0.834454 0.868171 0.967322 0.907238 0.407344 0.454955 0.483349 0.482477 0.569993 0.672241 0.864999 0.986868 0.829171 0.872301 0.958767 0.704947 0.690748 0.774500 0.934726 0.994022 0.743423 0.712566 0.714630 0.807293 0.989565 0.996710 0.974010 0.853291 0.933243 0.914907 0.883219 0.785444 0.683543 0.942398 0.461357 0.954112 0.618638 0.906608 0.357302 0.458166 0.424988 0.489985 0.727667 0.773940 0.578814 0.599094 0.906152 0.989762 0.891950 0.830065 0.695879 0.682722 0.894237 0.905038 0.857577 0.963956 0.764097 0.683635 0.367077 0.508596 0.745653 0.804256 0.811457 0.845873 0.620489 0.661337 0.708173 0.631999 0.961198 0.873658 0.985432 0.929538 0.776478 0.692545 0.680206 0.620970 0.926306 0.815156 0.851834 0.723575 0.953451 0.806771 0.984262 0.730959 0.998878 0.984918 0.909493 0.977834 0.990111 0.860680
0.845108 0.974886 0.427483 0.301521 0.918779 0.820910 0.494841 0.531159 0.928170 0.945219 0.598858 0.826697 0.473112 0.458103 0.679417 0.664034 0.919704 0.935767 0.489014 0.600313 0.899067 0.904119 0.389830 0.000000 0.486236 0.623788 0.897572 0.798715 0.921302 0.847050 0.449694 0.420547 0.491511 0.484569 0.674671 0.779940 0.969094 0.946437 0.754089 0.972934 0.843186 0.681360 0.728122 0.760169 0.915896 0.976443 0.706750 0.701598 0.844862 0.877116 0.983003 0.887228 0.838803 0.944642 0.760276 0.995683 0.979811 0.876131 0.824186 0.962802 0.589854 0.957296 0.680204 0.909864 0.475639 0.444620 0.545969 0.528742 0.906590 0.783691 0.767185 0.826255 0.921887 0.947940 0.845466 0.813664 0.829344 0.766166 0.984701 0.839152 0.979475 0.772749 0.646027 0.930116 0.421508 0.335957 0.767768 0.545671 0.707294 0.708709 0.829641 0.916062 0.931794 0.975277 0.954399 0.858894 0.994327 0.958417 0.822304 0.769980 0.727370 0.794811 0.999996 0.870032 0.869965 0.975148 0.866248 0.913795 0.866261 0.801325 0.923427 0.969143 0.983620 0.921114 0.948957 0.778506
0.966460 0.976848 0.671588 0.628639 0.974168 0.981631 0.811731 0.844953 0.898175 0.784222 0.949779 0.884365 0.826003 0.808258 0.828204 0.891606 0.855385 0.876479 0.818135 0.847948 0.938931 0.842646 0.590266 0.486236 0.000000 0.672701 0.761636 0.956749 0.790318 0.943382 0.651264 0.613582 0.751016 0.801080 0.803262 0.756332 0.956706 0.982387 0.788030 0.994806 0.924749 0.728170 0.966470 0.994358 0.828622 0.846353 0.864337 0.946201 0.838106 0.817216 0.908519 0.760325 0.693140 0.750617 0.950484 0.877360 0.945850 0.952724 0.997569 0.893691 0.854772 0.980203 0.920492 0.825470 0.582252 0.645310 0.800598 0.762576 0.942126 0.735055 0.992109 0.934438 0.813311 0.830248 0.824640 0.905581 0.975483 0.960734 0.844047 0.903778 0.921928 0.858559 0.656613 0.911863 0.512433 0.497042 0.827508 0.802476 0.698373 0.628598 0.858417 0.830897 0.868200 0.774373 0.931728 0.946344 0.982061 0.940837 0.955544 0.976803 0.946562 0.990750 0.822433 0.872020 0.873755 0.899651 0.877556 0.912350 0.899895 0.932717 0.988036 0.979797 0.839453 0.829381 0.910432 0.776880
0.862689 0.942835 0.472790 0.496516 0.987173 0.796062 0.523538 0.569484 0.801847 0.953010 0.676154 0.880458 0.670243 0.731551 0.801032 0.650378 0.892631 0.959716 0.623445 0.703144 0.935524 0.828780 0.611926 0.623788 0.672701 0.000000 0.989433 0.933938 0.857631 0.989107 0.606862 0.609223 0.628805 0.702940 0.846072 0.734879 0.928437 0.898602 0.990133 0.964228 0.892366 0.849819 0.655116 0.778505 0.742318 0.749060 0.676824 0.728724 0.818531 0.862081 0.828622 0.962539 0.924251 0.955509 0.706611 0.945753 0.987701 0.919255 0.778708 0.908952 0.622636 0.855768 0.911992 0.812116 0.510208 0.542599 0.616756 0.624368 0.931127 0.812383 0.859475 0.805947 0.932481 0.887715 0.869764 0.976197 0.793466 0.754826 0.901330 0.847012 0.978043 0.809378 0.834497 0.896765 0.579858 0.648922 0.791999 0.784596 0.897537 0.996893 0.770074 0.858379 0.827436 0.849741 0.992051 0.882063 0.925034 0.923577 0.833495 0.757035 0.736675 0.792875 0.921645 0.933421 0.836158 0.884049 0.995532 0.988717 0.863378 0.953586 0.970067 0.860631 0.905450 0.932731 0.932211 0.836548
0.980494 0.982608 0.983697 0.963744 0.976759 0.966126 0.955872 0.906194 0.938680 0.923143 0.904633 0.926578 0.898659 0.947447 0.768877 0.965621 0.931833 0.943223 0.945688 0.899574 0.920443 0.789294 0.834454 0.897572 0.761636 0.989433 0.000000 0.748627 0.904455 0.967119 0.980101 0.967150 0.966269 0.991350 0.891602 0.826697 0.953632 0.880177 0.898956 0.976066 0.890591 0.999032 0.848793 0.882132 0.829769 0.806728 0.907731 0.864550 0.711357 0.783115 0.979852 0.884976 0.784238 0.941874 0.969491 0.888906 0.980274 0.987353 0.885095 0.734807 0.882508 0.977526 0.857678 0.931632 0.880503 0.829278 0.897872 0.899625 0.952019 0.921824 0.949054 0.912313 0.797027 0.786261 0.882130 0.959195 0.971725 0.901720 0.958526 0.997480 0.974634 0.927089 0.767259 0.785561 0.803646 0.749238 0.828350 0.941543 0.693146 0.815449 0.895150 0.902027 0.901175 0.983193 0.955672 0.880516 0.940576 0.829046 0.983669 0.996127 0.869299 0.914140 0.974053 0.956939 0.915372 0.977344 0.904182 0.819985 0.978696 0.841627 0.939981 0.949906 0.756814 0.886630 0.911234 0.868363
0.907558 0.910541 0.878950 0.754772 0.973115 0.864985 0.882454 0.888427 0.781682 0.940315 0.850628 0.981878 0.790313 0.756272 0.722909 0.888009 0.964401 0.954723 0.865377 0.876201 0.893592 0.847614 0.868171 0.798715 0.956749 0.933938 0.748627 0.000000 0.878290 0.999159 0.791245 0.916584 0.862844 0.887406 0.754859 0.888293 0.957553 0.968153 0.879977 0.953002 0.925528 0.997972 0.943325 0.905690 0.981487 0.965502 0.960895 0.964741 0.848915 0.907642 0.991916 0.932688 0.965220 0.978793 0.980564 0.984646 0.990084 0.837291 0.793467 0.945672 0.880377 0.844551 0.821004 0.931467 0.899011 0.943592 0.835724 0.913758 0.900226 0.960158 0.901601 0.832064 0.903421 0.885157 0.808623 0.992611 0.803335 0.967132 0.884690 0.906598 0.905854 0.920321 0.925473 0.867058 0.873660 0.841135 0.900113 0.911525 0.971465 0.975142 0.813786 0.850057 0.877993 0.821931 0.877407 0.931711 0.907588 0.863757 0.900004 0.890398 0.896252 0.838231 0.833222 0.784701 0.826811 0.954616 0.935273 0.845830 0.861143 0.753594 0.930945 0.891557 0.997631 0.868010 0.864743 0.908847
0.505188 0.458749 0.876916 0.738572 0.917862 0.711566 0.617368 0.468743 0.713819 0.599916 0.556656 0.437598 0.707263 0.622749 0.928718 0.553544 0.449474 0.420149 0.557894 0.433542 0.984112 0.870569 0.967322 0.921302 0.790318 0.857631 0.904455 0.878290 0.000000 0.475339 0.719316 0.707455 0.566049 0.578752 0.875899 0.962037 0.677663 0.931623 0.993427 0.803646 0.803437 0.929982 0.600389 0.555412 0.443392 0.444434 0.742205 0.603945 0.580447 0.582803 0.544780 0.582487 0.647613 0.669948 0.840261 0.716129 0.456849 0.500395 0.557891 0.795945 0.616181 0.545377 0.619433 0.580254 0.942686 0.758725 0.643417 0.665931 0.757199 0.516279 0.732185 0.654622 0.528286 0.512689 0.839709 0.627460 0.639875 0.744180 0.638208 0.744728 0.522695 0.582447 0.718909 0.663159 0.923402 0.910138 0.892852 0.977058 0.959970 0.862655 0.567367 0.815226 0.682737 0.766848 0.664132 0.876196 0.613034 0.854864 0.561894 0.547619 0.595282 0.719430 0.520820 0.646272 0.743792 0.853363 0.884631 0.761865 0.719761 0.930160 0.738885 0.725826 0.666101 0.735694 0.852422 0.958762
0.458834 0.378262 0.968478 0.860467 0.895626 0.626903 0.711963 0.563081 0.748033 0.608372 0.587695 0.354485 0.702129 0.561598 0.925679 0.502938 0.373146 0.287072 0.612103 0.562222 0.880015 0.908540 0.907238 0.847050 0.943382 0.989107 0.967119 0.999159 0.475339 0.000000 0.719208 0.635096 0.543316 0.531914 0.927126 0.959217 0.733820 0.833356 0.870823 0.753328 0.799576 0.861807 0.725505 0.651437 0.617744 0.617566 0.885442 0.717873 0.836600 0.844989 0.687826 0.716732 0.923445 0.800595 0.943339 0.959169 0.349213 0.399882 0.698518 0.745114 0.562296 0.489063 0.500284 0.328432 0.880676 0.686154 0.701255 0.666058 0.736036 0.624243 0.747844 0.741680 0.799521 0.727749 0.885509 0.716450 0.752020 0.726945 0.620648 0.503740 0.317618 0.554050 0.695363 0.674901 0.981785 0.823380 0.911627 0.964790 0.968491 0.965050 0.669476 0.927826 0.721662 0.888456 0.732780 0.872610 0.670652 0.907538 0.593606 0.693953 0.661097 0.752783 0.626908 0.767227 0.901173 0.859280 0.870464 0.943783 0.893031 0.861467 0.747979 0.622244 0.873571 0.820367 0.760623 0.869437
0.667693 0.880310 0.373912 0.309947 0.869686 0.741062 0.355572 0.382725 0.737937 0.710009 0.468747 0.701400 0.477454 0.406537 0.607361 0.525255 0.877472 0.740461 0.382283 0.536664 0.882342 0.945164 0.407344 0.449694 0.651264 0.606862 0.980101 0.791245 0.719316 0.719208 0.000000 0.381869 0.391680 0.387146 0.634249 0.745362 0.759607 0.982448 0.846441 0.917206 0.936305 0.785682 0.616746 0.637344 0.700687 0.785423 0.736684 0.679188 0.980200 0.999694 0.843981 0.946381 0.958176 0.900202 0.917347 0.957141 0.793816 0.934719 0.644072 0.922405 0.455067 0.867535 0.599463 0.944540 0.560416 0.494744 0.444822 0.445405 0.985571 0.958583 0.561104 0.487911 0.827655 0.651177 0.792179 0.708043 0.629798 0.717577 0.804289 0.754427 0.911765 0.807551 0.727821 0.953766 0.517333 0.551809 0.828376 0.796206 0.864649 0.897397 0.591428 0.729461 0.616779 0.777093 0.926665 0.826226 0.772901 0.890007 0.667653 0.578434 0.468248 0.594969 0.820677 0.784577 0.704882 0.809468 0.939866 0.787575 0.886961 0.899824 0.906212 0.870481 0.812699 0.951700 0.966275 0.924682
0.551671 0.724341 0.434911 0.348747 0.911941 0.580743 0.342327 0.332371 0.755762 0.679139 0.438047 0.639534 0.444076 0.377659 0.667248 0.466629 0.777272 0.605379 0.338855 0.439440 0.946464 0.953986 0.454955 0.420547 0.613582 0.609223 0.967150 0.916584 0.707455 0.635096 0.381869 0.000000 0.405365 0.335508 0.684616 0.745115 0.783281 0.867103 0.812201 0.984314 0.916346 0.804150 0.503951 0.487175 0.631690 0.670565 0.590188 0.494025 0.906190 0.869257 0.795066 0.865400 0.943527 0.877220 0.837520 0.969129 0.681772 0.855274 0.678724 0.964759 0.472012 0.795698 0.584106 0.876895 0.590879 0.471386 0.410639 0.440865 0.985835 0.952153 0.639524 0.588303 0.868776 0.735916 0.871991 0.654207 0.586482 0.590952 0.791444 0.616647 0.778891 0.635805 0.616579 0.924557 0.554132 0.534799 0.806838 0.770217 0.918868 0.852474 0.549699 0.721883 0.665975 0.758327 0.824327 0.784706 0.847868 0.863083 0.591013 0.531799 0.561208 0.582718 0.753920 0.689284 0.784892 0.800363 0.979925 0.876029 0.963959 0.946490 0.803954 0.778041 0.816656 0.991992 0.948109 0.954000
0.434581 0.638523 0.533038 0.399665 0.815580 0.587093 0.352182 0.287107 0.687470 0.714039 0.376728 0.436046 0.401122 0.317198 0.689531 0.404875 0.691123 0.531155 0.315681 0.315498 0.808426 0.918096 0.483349 0.491511 0.751016 0.628805 0.966269 0.862844 0.566049 0.543316 0.391680 0.405365 0.000000 0.328764 0.681888 0.692869 0.604388 0.825485 0.794882 0.902200 0.872380 0.883503 0.506570 0.559703 0.587110 0.671364 0.560789 0.610152 0.946743 0.907040 0.779807 0.888164 0.930888 0.864345 0.951447 0.864224 0.598587 0.726349 0.492489 0.790520 0.338241 0.631222 0.406519 0.682726 0.622041 0.370727 0.342610 0.321446 0.947788 0.841100 0.552058 0.495022 0.783025 0.678018 0.839990 0.702648 0.572580 0.704685 0.740989 0.626907 0.632690 0.577021 0.662339 0.906686 0.523153 0.518575 0.849125 0.825231 0.890807 0.893849 0.520748 0.764742 0.607087 0.794876 0.874086 0.776891 0.755343 0.847217 0.483563 0.506932 0.518393 0.562694 0.637438 0.649596 0.749825 0.770908 0.932481 0.862365 0.859002 0.968843 0.928816 0.722378 0.757593 0.871141 0.957737 0.903500
0.427275 0.626558 0.471399 0.361734 0.797922 0.495070 0.296452 0.257951 0.627416 0.579721 0.318610 0.448248 0.355617 0.305226 0.661657 0.412834 0.618801 0.530412 0.267110 0.336181 0.849185 0.932260 0.482477 0.484569 0.801080 0.702940 0.991350 0.887406 0.578752 0.531914 0.387146 0.335508 0.328764 0.000000 0.684158 0.804379 0.672496 0.885029 0.697081 0.994137 0.912562 0.788127 0.442341 0.431986 0.534169 0.612721 0.528561 0.481017 0.897882 0.814899 0.727868 0.754228 0.838117 0.738911 0.856193 0.991115 0.593737 0.777944 0.548041 0.810738 0.351297 0.696310 0.439806 0.721449 0.652366 0.406382 0.350358 0.336397 0.875809 0.901120 0.513089 0.535981 0.785152 0.667134 0.837045 0.584914 0.612014 0.595734 0.772066 0.619808 0.664660 0.557137 0.644105 0.861414 0.546945 0.558612 0.832927 0.821680 0.850814 0.903794 0.470586 0.658187 0.577072 0.688707 0.774351 0.771444 0.804160 0.794461 0.436239 0.454558 0.489271 0.534912 0.638836 0.559565 0.719323 0.694643 0.947478 0.766240 0.879413 0.929663 0.871407 0.663854 0.702868 0.940783 0.819602 0.967560
0.794551 0.905541 0.612538 0.572899 0.866948 0.938101 0.687924 0.729420 0.984554 0.987024 0.673570 0.881117 0.650253 0.650302 0.750698 0.787216 0.937320 0.989254 0.663534 0.770892 0.996506 0.998478 0.569993 0.674671 0.803262 0.846072 0.891602 0.754859 0.875899 0.927126 0.634249 0.684616 0.681888 0.684158 0.000000 0.751758 0.738921 0.956355 0.874424 0.992375 0.905068 0.960036 0.817009 0.829943 0.961564 0.992726 0.752336 0.876013 0.806676 0.939612 0.979372 0.963172 0.977002 0.999584 0.819909 0.929429 0.948619 0.893151 0.663692 0.946491 0.675337 0.976462 0.694704 0.982415 0.613338 0.672409 0.518384 0.595390 0.793088 0.903603 0.746390 0.737850 0.884096 0.812067 0.939956 0.844963 0.837160 0.916871 0.968276 0.953991 0.952146 0.941601 0.854862 0.904880 0.558819 0.668367 0.774450 0.951942 0.795337 0.889085 0.679330 0.809178 0.741140 0.719072 0.998040 0.808999 0.978339 0.862668 0.843911 0.831525 0.759196 0.737082 0.886053 0.822236 0.785144 0.794958 0.805581 0.703785 0.789217 0.886779 0.990891 0.855205 0.910698 0.950215 0.911928 0.729973
0.908646 0.961067 0.789857 0.748551 0.918215 0.974357 0.792776 0.810042 0.860550 0.977170 0.852863 0.862808 0.807998 0.713187 0.841079 0.757767 0.986697 0.866797 0.833185 0.817788 0.774747 0.992790 0.672241 0.779940 0.756332 0.734879 0.826697 0.888293 0.962037 0.959217 0.745362 0.745115 0.692869 0.804379 0.751758 0.000000 0.782562 0.872238 0.911982 0.919439 0.829089 0.968662 0.959898 0.966577 0.966450 0.963463 0.850061 0.937379 0.845814 0.921345 0.935462 0.986013 0.960482 0.990492 0.926551 0.906661 0.983863 0.918827 0.834695 0.789965 0.726708 0.845852 0.772112 0.918938 0.672750 0.589603 0.612167 0.593350 0.878661 0.978638 0.759506 0.774500 0.995765 0.866564 0.882868 0.991116 0.887916 0.974114 0.918974 0.993097 0.876686 0.856654 0.728885 0.955916 0.560700 0.574319 0.939156 0.904638 0.835230 0.905520 0.897900 0.982028 0.801616 0.932851 0.902237 0.813069 0.927718 0.731631 0.954486 0.960611 0.834908 0.839310 0.984556 0.884986 0.795885 0.839058 0.930456 0.970512 0.944311 0.985040 0.944048 0.974620 0.987786 0.783658 0.963486 0.966902
0.702113 0.829514 0.857128 0.817652 0.755513 0.841672 0.729009 0.674665 0.809791 0.749990 0.709916 0.626697 0.839404 0.655544 0.946760 0.689262 0.753940 0.699911 0.766908 0.686052 0.884361 0.884312 0.864999 0.969094 0.956706 0.928437 0.953632 0.957553 0.677663 0.733820 0.759607 0.783281 0.604388 0.672496 0.738921 0.782562 0.000000 0.814680 0.820090 0.775351 0.675371 0.823757 0.852597 0.855281 0.766602 0.887327 0.847964 0.930123 0.929556 0.957232 0.739896 0.854254 0.860907 0.830502 0.873905 0.999749 0.749780 0.775111 0.578070 0.717029 0.659078 0.730644 0.686379 0.737251 0.982661 0.731448 0.649386 0.551959 0.972528 0.883304 0.825565 0.607620 0.756011 0.743118 0.870764 0.779248 0.831297 0.959189 0.814933 0.791028 0.760155 0.888628 0.820045 0.762193 0.892239 0.917136 0.954831 0.918749 0.884265 0.995813 0.719208 0.857398 0.708110 0.850533 0.662222 0.853231 0.837286 0.871961 0.758022 0.817426 0.730786 0.818761 0.811184 0.875892 0.924278 0.831492 0.931705 0.749595 0.815834 0.818211 0.762185 0.943075 0.906207 0.892745 0.968488 0.964160
0.849905 0.904427 0.956810 0.960114 0.845445 0.910648 0.975654 0.959797 0.794372 0.940849 0.979977 0.820295 0.995364 0.976048 0.991340 0.859503 0.802562 0.860989 0.985123 0.945957 0.802349 0.826690 0.986868 0.946437 0.982387 0.898602 0.880177 0.968153 0.931623 0.833356 0.982448 0.867103 0.825485 0.885029 0.956355 0.872238 0.814680 0.000000 0.910175 0.823620 0.861259 0.930868 0.994237 0.962522 0.898363 0.964565 0.971058 0.960522 0.969626 0.931673 0.989364 0.993801 0.989625 0.991010 0.888751 0.997999 0.870077 0.856027 0.789400 0.690146 0.789981 0.766594 0.885736 0.760827 0.982893 0.831949 0.870287 0.828451 0.999555 0.916545 0.979672 0.872158 0.960707 0.998229 0.937184 0.894436 0.900542 0.855429 0.998613 0.919985 0.827992 0.961766 0.901116 0.976879 0.992759 0.961776 0.963656 0.791157 0.957360 0.748954 0.913298 0.993232 0.847639 0.935954 0.918204 0.966015 0.931320 0.904455 0.909628 0.996074 0.972860 0.987031 0.959605 0.962955 0.887400 0.897750 0.859699 0.965854 0.897118 0.949495 0.857211 0.839935 0.883967 0.878429 0.894945 0.972639
