0.000000 0.408742 0.982893 0.825152 0.882442 0.875567 0.797394 0.701802 0.941805 0.671204 0.532542 0.547387 0.921729 0.806844 0.940295 0.836170 0.488092 0.529759 0.572886 0.535935 0.886435 0.846295 0.989484 0.980152 0.968587 0.888977 0.942730 0.827318 0.662584 0.677396 0.823625 0.821320 0.507767 0.553930 0.940945 0.987012 0.744453 0.735733 0.958707 0.921207 0.767533 0.920317 0.738295 0.614097 0.719226 0.733571 0.807530 0.765043 0.828100 0.899536 0.830542 0.955679 0.940255 0.805119 0.886690 0.737814 0.401121 0.407716 0.604959 0.780727 0.710576 0.854224 0.462579 0.519127 0.795807 0.998991 0.724687 0.704433 0.467225 0.579442 0.669385 0.622214 0.693033 0.715935 0.929133 0.853446 0.735830 0.725769 0.742412 0.696245 0.495897 0.519013 0.895056 0.733400 0.986412 0.932762 0.893786 0.840927 0.797208 0.932364 0.728272 0.794468 0.807493 0.872155 0.950915 0.868155 0.694505 0.887220 0.460068 0.643911 0.793225 0.888160 0.612990 0.545128 0.730119 0.888350 0.898695 0.874605 0.936903 0.802726 0.669152 0.782116 0.777444 0.951270 0.905666 0.994911
0.408742 0.000000 0.812321 0.905467 0.951046 0.883237 0.927725 0.585022 0.972588 0.601886 0.605100 0.419856 0.896292 0.627367 0.910063 0.683568 0.402113 0.372142 0.556472 0.402386 0.850243 0.899366 0.965532 0.915079 0.956029 0.760631 0.960004 0.781371 0.541171 0.512901 0.885469 0.748015 0.555259 0.533646 0.995512 0.917736 0.774772 0.745301 0.862324 0.902939 0.774097 0.715656 0.760402 0.585957 0.789606 0.768741 0.940085 0.794924 0.943666 0.998642 0.999712 0.949727 0.760591 0.660572 0.862622 0.896202 0.304762 0.277569 0.854618 0.869005 0.820236 0.766266 0.495884 0.374292 0.693338 0.985055 0.932956 0.813693 0.521695 0.576875 0.512916 0.572958 0.689246 0.735833 0.967362 0.885693 0.646638 0.625901 0.716953 0.607094 0.393435 0.436493 0.788688 0.639002 0.865068 0.914602 0.920925 0.880547 0.684951 0.892338 0.721539 0.692953 0.778083 0.842227 0.917434 0.787569 0.736758 0.814468 0.467223 0.543989 0.711420 0.971458 0.620137 0.502548 0.753336 0.847788 0.931272 0.902736 0.949102 0.797183 0.643278 0.688606 0.742798 0.792888 0.923172 0.965026
0.982893 0.812321 0.000000 0.447818 0.807028 0.960681 0.345141 0.809892 0.657137 0.844470 0.832340 0.842589 0.661491 0.954786 0.711323 0.844490 0.978136 0.972652 0.711120 0.952381 0.881850 0.799212 0.529348 0.713830 0.455392 0.456043 0.857409 0.875152 0.992678 0.909436 0.489608 0.770012 0.660780 0.680835 0.661930 0.996988 0.842196 0.934197 0.621272 0.920337 0.910297 0.899208 0.563992 0.675558 0.796504 0.854705 0.599600 0.670345 0.824123 0.934077 0.998594 0.961590 0.810797 0.870656 0.810592 0.978374 0.891313 0.814814 0.653222 0.977033 0.637846 0.847128 0.810235 0.850046 0.376740 0.597166 0.415874 0.576056 0.978283 0.982306 0.910473 0.917904 0.902557 0.974816 0.704580 0.829437 0.759697 0.955693 0.826479 0.885369 0.955526 0.927199 0.982701 0.940559 0.528049 0.663153 0.898374 0.973908 0.760135 0.907206 0.931573 0.915304 0.908474 0.768608 0.995002 0.895002 0.999886 0.867602 0.970962 0.937524 0.790326 0.812994 0.949308 0.983041 0.847809 0.590961 0.987761 0.986472 0.938517 0.937528 0.937177 0.885992 0.991194 0.983377 0.867388 0.866542
0.825152 0.905467 0.447818 0.000000 0.869653 0.869364 0.335057 0.470541 0.684942 0.562546 0.836088 0.814961 0.654812 0.787289 0.727014 0.565135 0.822421 0.863387 0.563040 0.794695 0.885798 0.896045 0.452461 0.501289 0.620108 0.657946 0.981667 0.978913 0.894894 0.738574 0.481811 0.671595 0.626644 0.643694 0.781478 0.920739 0.631275 0.773564 0.684541 0.927372 0.838802 0.932127 0.511103 0.618145 0.961993 0.952372 0.696992 0.673401 0.748409 0.912866 0.999937 0.891446 0.802563 0.766702 0.934898 0.857019 0.868654 0.940472 0.730033 0.927875 0.674252 0.919449 0.597504 0.823254 0.634092 0.662211 0.570826 0.728898 0.881046 0.930231 0.622311 0.631792 0.650706 0.772099 0.755640 0.808634 0.621412 0.886841 0.744148 0.839713 0.791564 0.728348 0.956099 0.815680 0.679661 0.650090 0.933663 0.997175 0.957052 0.960380 0.693934 0.664174 0.762754 0.718920 0.927358 0.855042 0.884093 0.979976 0.878240 0.728479 0.944472 0.616304 0.732247 0.750880 0.790849 0.619167 0.976292 0.887587 0.836561 0.836172 0.912508 0.919632 0.923000 0.939924 0.994151 0.932086
0.882442 0.951046 0.807028 0.869653 0.000000 0.910228 0.880212 0.992497 0.838094 0.952217 0.859788 0.966659 0.758435 0.971073 0.759223 0.985687 0.971053 0.901976 0.862969 0.977542 0.865574 0.863885 0.905229 0.960915 0.769618 0.875036 0.807197 0.890671 0.866453 0.955380 0.930470 0.921059 0.804015 0.765140 0.901376 0.874656 0.968344 0.943673 0.798882 0.888017 0.876457 0.981105 0.865862 0.765217 0.700360 0.802950 0.897156 0.757657 0.960788 0.895238 0.880459 0.983399 0.894575 0.883239 0.939174 0.878395 0.986062 0.986260 0.871524 0.886068 0.761234 0.979441 0.973196 0.909523 0.716753 0.700972 0.760264 0.649731 0.838794 0.981139 0.974557 0.933318 0.929895 0.765051 0.953080 0.888825 0.898321 0.994046 0.959004 0.992710 0.912426 0.912053 0.974365 0.970405 0.827755 0.745711 0.857484 0.972721 0.873956 0.858827 0.979416 0.967488 0.937331 0.923778 0.895353 0.937275 0.984053 0.961556 0.939266 0.929174 0.929576 0.973333 0.983578 0.874671 0.768798 0.884024 0.930048 0.916667 0.953593 0.925253 0.846260 0.936065 0.950076 0.917832 0.899314 0.706485
0.875567 0.883237 0.960681 0.869364 0.910228 0.000000 0.879495 0.749099 0.877509 0.849766 0.900432 0.817594 0.764739 0.950071 0.948637 0.778575 0.976186 0.965437 0.928362 0.948913 0.871032 0.817625 0.961802 0.971399 0.889318 0.857631 0.944918 0.846386 0.948969 0.936208 0.885603 0.954163 0.910814 0.856778 0.773281 0.824123 0.841479 0.813254 0.900874 0.919895 0.970973 0.973801 0.989750 0.883203 0.913090 0.837600 0.919794 0.955287 0.948757 0.976106 0.937440 0.940316 0.973122 0.755583 0.970635 0.946642 0.930608 0.912581 0.803708 0.914593 0.707050 0.771881 0.852129 0.852831 0.999162 0.791972 0.882947 0.755268 0.965047 0.953102 0.882488 0.967949 0.961440 0.882864 0.922226 0.983510 0.934635 0.948588 0.979574 0.951818 0.865444 0.845115 0.933385 0.994720 0.946864 0.997639 0.967456 0.833854 0.952481 0.965496 0.747253 0.803992 0.702981 0.841064 0.960703 0.938825 0.860244 0.816482 0.822739 0.958758 0.751303 0.789798 0.819726 0.938174 0.953225 0.845091 0.968130 0.991950 0.996878 0.966208 0.826903 0.843742 0.988044 0.908443 0.998396 0.803505
0.797394 0.927725 0.345141 0.335057 0.880212 0.879495 0.000000 0.549271 0.669926 0.575436 0.710403 0.934304 0.680054 0.805288 0.666483 0.655784 0.735563 0.784528 0.468091 0.793169 0.850679 0.857516 0.432889 0.542333 0.537289 0.610103 0.985319 0.981859 0.814593 0.718065 0.424235 0.580198 0.528638 0.512295 0.689328 0.952764 0.751674 0.936475 0.676384 0.995154 0.899633 0.955631 0.458507 0.588496 0.816622 0.858822 0.581108 0.611754 0.754266 0.936249 0.952348 0.896079 0.879673 0.863288 0.906119 0.875188 0.818580 0.928914 0.683606 0.890174 0.667949 0.896991 0.539065 0.882072 0.584236 0.701106 0.422662 0.628026 0.829244 0.910546 0.688233 0.691804 0.647740 0.749420 0.779744 0.759212 0.642394 0.827836 0.651930 0.707198 0.745102 0.656731 0.943419 0.885897 0.543719 0.603103 0.932833 0.956235 0.990471 0.999188 0.718302 0.665562 0.758917 0.678389 0.924736 0.836994 0.887906 0.915372 0.821234 0.680887 0.917494 0.608505 0.758659 0.767695 0.789963 0.620513 0.987298 0.870384 0.915967 0.855689 0.827362 0.912598 0.860210 0.968835 0.904662 0.891377
0.701802 0.585022 0.809892 0.470541 0.992497 0.749099 0.549271 0.000000 0.802396 0.453104 0.796181 0.485437 0.638215 0.514210 0.798079 0.413581 0.646992 0.674099 0.534811 0.596234 0.920543 0.875917 0.648157 0.619114 0.861556 0.893836 0.868394 0.885381 0.672962 0.584601 0.650369 0.650843 0.629386 0.592178 0.848434 0.997461 0.688124 0.878915 0.890080 0.956217 0.877215 0.757392 0.673928 0.622437 0.978962 0.898708 0.840594 0.756964 0.800939 0.794351 0.982480 0.871532 0.948608 0.963894 0.941237 0.850542 0.603866 0.614088 0.780579 0.915081 0.683473 0.643438 0.496565 0.466265 0.940993 0.840590 0.775264 0.795159 0.700847 0.762392 0.509836 0.597886 0.582746 0.733063 0.886177 0.882509 0.629806 0.754709 0.682407 0.722172 0.570376 0.550932 0.830194 0.649846 0.976447 0.831482 0.919317 0.966941 0.848342 0.998562 0.532605 0.519297 0.626615 0.689881 0.893665 0.794143 0.719704 0.858723 0.653444 0.617347 0.675773 0.566332 0.631847 0.508459 0.762697 0.690987 0.937075 0.849253 0.789727 0.790181 0.782556 0.868309 0.796898 0.793745 0.962679 0.950849
0.941805 0.972588 0.657137 0.684942 0.838094 0.877509 0.669926 0.802396 0.000000 0.712274 0.894716 0.970534 0.771066 0.996347 0.767154 0.802520 0.927984 0.989118 0.867973 0.972409 0.894292 0.820189 0.803807 0.918371 0.797590 0.770336 0.948575 0.846156 0.936951 0.980700 0.797572 0.941823 0.925549 0.877489 0.735169 0.878107 0.858091 0.989878 0.835668 0.834329 0.851973 0.950554 0.786371 0.834813 0.791665 0.875285 0.649701 0.778039 0.979353 0.923466 0.874428 0.892010 0.775490 0.916825 0.905536 0.923617 0.980470 0.938925 0.636700 0.804001 0.669827 0.911766 0.884793 0.936852 0.693607 0.731699 0.671478 0.769286 0.830123 0.969985 0.850439 0.814088 0.984272 0.908142 0.955024 0.838574 0.782476 0.942223 0.905747 0.939225 0.941399 0.992532 0.884812 0.995225 0.871956 0.981552 0.792201 0.801861 0.807482 0.860335 0.678800 0.768004 0.729060 0.703540 0.897061 0.877730 0.921018 0.980222 0.871464 0.825021 0.995807 0.973272 0.843176 0.931960 0.800112 0.708011 0.898603 0.849385 0.930442 0.923849 0.850312 0.982841 0.921498 0.950769 0.828737 0.782728
0.671204 0.601886 0.844470 0.562546 0.952217 0.849766 0.575436 0.453104 0.712274 0.000000 0.738741 0.691104 0.861200 0.704324 0.832179 0.616514 0.618094 0.620840 0.522936 0.534743 0.913482 0.981517 0.685044 0.742857 0.923626 0.921681 0.883041 0.927883 0.723696 0.644193 0.628806 0.626430 0.675521 0.573456 0.774120 0.997510 0.643941 0.882739 0.976553 0.976789 0.869004 0.792665 0.588095 0.631875 0.859793 0.846888 0.759553 0.698201 0.950196 0.919078 0.936034 0.905196 0.980623 0.995042 0.919031 0.795953 0.573998 0.662791 0.801322 0.968774 0.792889 0.826624 0.547961 0.577788 0.939914 0.928948 0.750130 0.849916 0.731033 0.875077 0.473615 0.548713 0.616149 0.672979 0.914502 0.744624 0.598459 0.667339 0.693583 0.737338 0.534096 0.598340 0.857451 0.776257 0.972280 0.896680 0.885404 0.899570 0.699085 0.910230 0.491866 0.518166 0.602095 0.668359 0.912047 0.859378 0.733142 0.898631 0.597075 0.583915 0.868236 0.744249 0.566288 0.563025 0.838524 0.757643 0.978172 0.714777 0.833864 0.925478 0.821080 0.732843 0.817258 0.897696 0.949143 0.918502
0.532542 0.605100 0.832340 0.836088 0.859788 0.900432 0.710403 0.796181 0.894716 0.738741 0.000000 0.614226 0.722686 0.781542 0.796859 0.793322 0.514098 0.532853 0.544014 0.512391 0.808642 0.895150 0.958593 0.914063 0.939295 0.993463 0.987225 0.818046 0.606464 0.570068 0.802385 0.726276 0.608955 0.517998 0.950151 0.969814 0.977761 0.956713 0.942540 0.925195 0.881698 0.982225 0.769061 0.664802 0.808376 0.825974 0.768047 0.744706 0.922352 0.987036 0.907652 0.869320 0.841195 0.683574 0.955790 0.848441 0.556347 0.599132 0.765673 0.896680 0.711898 0.989964 0.543630 0.647791 0.939045 0.964516 0.694336 0.693353 0.559140 0.661307 0.760062 0.799346 0.636558 0.719006 0.963793 0.741779 0.809343 0.771611 0.649681 0.516081 0.559254 0.515786 0.921319 0.845355 0.925857 0.978284 0.786992 0.883228 0.914062 0.803403 0.871367 0.928312 0.922171 0.923615 0.872993 0.871622 0.808089 0.999988 0.601525 0.724238 0.958863 0.897708 0.726707 0.739643 0.774963 0.867588 0.886007 0.903507 0.977279 0.815360 0.825043 0.957233 0.935512 0.905843 0.828459 0.810268
0.547387 0.419856 0.842589 0.814961 0.966659 0.817594 0.934304 0.485437 0.970534 0.691104 0.614226 0.000000 0.709021 0.512610 0.830557 0.525214 0.523115 0.531770 0.617411 0.510921 0.888329 0.925083 0.969801 0.867276 0.925664 0.771943 0.887739 0.790619 0.592628 0.516392 0.956992 0.792707 0.664896 0.674814 0.855763 0.993498 0.803870 0.873040 0.889496 0.926367 0.791059 0.778437 0.926082 0.724138 0.950777 0.934749 0.980060 0.868231 0.890233 0.821481 0.938727 0.849362 0.852513 0.810911 0.855183 0.966733 0.460098 0.435370 0.900581 0.827872 0.768342 0.641414 0.491364 0.332320 0.651367 0.977978 0.986576 0.919748 0.604443 0.661460 0.597308 0.662234 0.630578 0.774240 0.994228 0.964626 0.773767 0.739431 0.729495 0.684282 0.483151 0.486824 0.783451 0.558259 0.790866 0.990019 0.866431 0.988428 0.860901 0.861172 0.735309 0.729023 0.799956 0.907046 0.978155 0.813325 0.756875 0.722905 0.599275 0.660217 0.672271 0.827475 0.730189 0.530937 0.747950 0.890416 0.919334 0.994712 0.849785 0.741242 0.775662 0.863464 0.876868 0.828600 0.980756 0.903957
0.921729 0.896292 0.661491 0.654812 0.758435 0.764739 0.680054 0.638215 0.771066 0.861200 0.722686 0.709021 0.000000 0.637205 0.549813 0.554293 0.864146 0.801466 0.781089 0.891340 0.740043 0.886793 0.730780 0.750834 0.762604 0.803538 0.927103 0.956851 0.763616 0.710258 0.759598 0.858081 0.667391 0.698856 0.900733 0.933634 0.852556 0.993380 0.883753 0.844098 0.997972 0.989652 0.822210 0.737844 0.904007 0.975648 0.838125 0.830907 0.754244 0.910398 0.833579 0.923832 0.967369 0.853943 0.970463 0.974295 0.926702 0.917089 0.824621 0.885076 0.624151 0.870757 0.689426 0.747043 0.745441 0.793170 0.765364 0.724126 0.914555 0.985414 0.835965 0.887648 0.903519 0.883514 0.897355 0.803894 0.848883 0.731419 0.790454 0.723021 0.811269 0.689744 0.843599 0.852658 0.807407 0.789567 0.874490 0.962975 0.749709 0.971066 0.886200 0.879544 0.840311 0.863315 0.966511 0.859489 0.903798 0.940125 0.885126 0.948643 0.965806 0.813048 0.865156 0.871997 0.717524 0.716631 0.964468 0.909777 0.868652 0.787796 0.976240 0.998001 0.991680 0.907592 0.956344 0.844015
0.806844 0.627367 0.954786 0.787289 0.971073 0.950071 0.805288 0.514210 0.996347 0.704324 0.781542 0.512610 0.637205 0.000000 0.582872 0.469175 0.595690 0.545561 0.596025 0.594339 0.880957 0.928542 0.705070 0.663728 0.926036 0.878139 0.945763 0.808085 0.580783 0.517681 0.809004 0.616597 0.706038 0.724789 0.831986 0.990337 0.937540 0.971661 0.921086 0.943373 0.996793 0.867406 0.751246 0.744246 0.989758 0.971026 0.934560 0.829278 0.802748 0.704360 0.835147 0.799096 0.939535 0.986441 0.858249 0.839703 0.600842 0.631087 0.887308 0.852314 0.958815 0.950259 0.534205 0.529907 0.838427 0.857164 0.949886 0.952714 0.835877 0.946083 0.674855 0.735017 0.702341 0.837188 0.961402 0.843447 0.747790 0.611780 0.668666 0.608831 0.558586 0.485255 0.595919 0.670647 0.917225 0.840111 0.951825 0.776974 0.883424 0.815589 0.825586 0.737114 0.916684 0.887962 0.963814 0.749141 0.868098 0.866166 0.713187 0.640765 0.830584 0.787120 0.710135 0.607037 0.857477 0.957843 0.950860 0.882940 0.842130 0.744121 0.879958 0.828230 0.896567 0.785103 0.983751 0.961377
0.940295 0.910063 0.711323 0.727014 0.759223 0.948637 0.666483 0.798079 0.767154 0.832179 0.796859 0.830557 0.549813 0.582872 0.000000 0.583362 0.727559 0.687713 0.625214 0.791458 0.716916 0.770027 0.551122 0.640702 0.618260 0.857368 0.827420 0.919556 0.602340 0.634474 0.723014 0.691661 0.652897 0.688586 0.963372 0.936944 0.902236 0.995411 0.858652 0.764092 0.952124 0.952772 0.581164 0.625835 0.774305 0.878480 0.715145 0.605924 0.909208 0.983340 0.874179 0.996028 0.933919 0.979846 0.937429 0.867639 0.835444 0.927377 0.989143 0.845896 0.890878 0.842397 0.673921 0.834073 0.680923 0.851581 0.795469 0.846551 0.934031 0.922933 0.841650 0.883328 0.884581 0.899897 0.956474 0.761394 0.752875 0.619699 0.620839 0.681483 0.719531 0.660099 0.718977 0.795559 0.598689 0.599378 0.968874 0.917847 0.861382 0.933227 0.932907 0.887809 0.947529 0.969734 0.916141 0.735911 0.994260 0.953997 0.804405 0.714763 0.854491 0.938989 0.871585 0.918911 0.775721 0.784444 0.930782 0.947752 0.909903 0.836639 0.868455 0.863638 0.970946 0.861048 0.874294 0.829746
0.836170 0.683568 0.844490 0.565135 0.985687 0.778575 0.655784 0.413581 0.802520 0.616514 0.793322 0.525214 0.554293 0.469175 0.583362 0.000000 0.655632 0.634367 0.581553 0.620041 0.810842 0.813061 0.546168 0.511356 0.776022 0.915650 0.944416 0.936513 0.620552 0.478646 0.729486 0.604172 0.715182 0.699982 0.988906 0.955489 0.758307 0.911739 0.924621 0.916920 0.874010 0.874480 0.715333 0.667115 0.943944 0.982793 0.876311 0.745554 0.739803 0.798565 0.887078 0.833208 0.952052 0.979501 0.818342 0.815706 0.680743 0.694930 0.993024 0.916045 0.801498 0.816826 0.533432 0.532673 0.999189 0.866316 0.944915 0.958973 0.849396 0.925955 0.568669 0.699771 0.686214 0.848196 0.917097 0.842336 0.734155 0.647759 0.733181 0.697474 0.600643 0.550973 0.710357 0.605341 0.875547 0.739797 0.941121 0.809606 0.961257 0.999866 0.745825 0.729869 0.835169 0.865949 0.976168 0.727370 0.863300 0.844692 0.775010 0.673538 0.855287 0.825589 0.763319 0.611091 0.750830 0.822372 0.930023 0.981355 0.856451 0.760275 0.871144 0.975069 0.881073 0.877122 0.962668 0.889928
0.488092 0.402113 0.978136 0.822421 0.971053 0.976186 0.735563 0.646992 0.927984 0.618094 0.514098 0.523115 0.864146 0.595690 0.727559 0.655632 0.000000 0.300716 0.421978 0.391959 0.797716 0.851852 0.775680 0.770312 0.926173 0.846379 0.974586 0.789657 0.428102 0.408124 0.748829 0.569994 0.490541 0.473092 0.985856 0.910193 0.833699 0.872263 0.957115 0.936791 0.723410 0.837296 0.582992 0.507520 0.784698 0.796680 0.797153 0.711225 0.941146 0.945384 0.901775 0.863026 0.779025 0.759237 0.849984 0.973352 0.298788 0.381581 0.892414 0.949691 0.873625 0.987693 0.406706 0.445984 0.840776 0.960351 0.767222 0.808645 0.579567 0.622059 0.546750 0.583691 0.644816 0.674010 0.911649 0.774382 0.671294 0.621265 0.549746 0.483968 0.328234 0.365711 0.668682 0.661306 0.901922 0.799854 0.926976 0.979735 0.803445 0.854857 0.805670 0.756173 0.854878 0.887502 0.907517 0.740122 0.749489 0.902818 0.574404 0.500830 0.853798 0.896678 0.635120 0.535343 0.735368 0.916454 0.918850 0.888484 0.974763 0.731577 0.637796 0.721033 0.728276 0.827590 0.851802 0.881328
0.529759 0.372142 0.972652 0.863387 0.901976 0.965437 0.784528 0.674099 0.989118 0.620840 0.532853 0.531770 0.801466 0.545561 0.687713 0.634367 0.300716 0.000000 0.429657 0.364933 0.803294 0.896687 0.757864 0.747771 0.915329 0.790928 0.901832 0.786049 0.374592 0.353826 0.790723 0.571946 0.494732 0.457792 0.964420 0.907421 0.858069 0.883056 0.878750 0.955923 0.809496 0.809694 0.582465 0.487026 0.745851 0.770530 0.846672 0.670700 0.934996 0.966395 0.861375 0.880642 0.764951 0.696353 0.825174 0.969134 0.298827 0.359890 0.975777 0.908703 0.909963 0.976632 0.423796 0.452812 0.849922 0.987333 0.803231 0.832534 0.606493 0.635661 0.583587 0.644726 0.665837 0.695468 0.943933 0.772046 0.646736 0.563101 0.561174 0.485732 0.296263 0.315421 0.576796 0.616187 0.875411 0.734506 0.998003 0.953214 0.748280 0.844712 0.859601 0.773871 0.898456 0.938309 0.951445 0.721725 0.787082 0.901221 0.567180 0.476257 0.874164 0.953670 0.625127 0.556983 0.748400 0.900141 0.943956 0.958154 0.976062 0.747562 0.644154 0.634721 0.744174 0.813428 0.868596 0.904641
0.572886 0.556472 0.711120 0.563040 0.862969 0.928362 0.468091 0.534811 0.867973 0.522936 0.544014 0.617411 0.781089 0.596025 0.625214 0.581553 0.421978 0.429657 0.000000 0.399408 0.853035 0.872290 0.508007 0.559376 0.729979 0.992649 0.980664 0.770219 0.526667 0.484424 0.592601 0.431003 0.440497 0.433289 0.936921 0.932855 0.788336 0.933153 0.914692 0.975074 0.871711 0.900393 0.525342 0.562954 0.888834 0.941048 0.755302 0.653386 0.724455 0.767759 0.768164 0.698106 0.803627 0.886866 0.887565 0.855595 0.454840 0.576515 0.943646 0.762339 0.879218 0.861082 0.373703 0.607827 0.936440 0.973990 0.647199 0.801963 0.650987 0.772620 0.460979 0.545928 0.558457 0.656469 0.897123 0.762301 0.595999 0.622666 0.546380 0.525021 0.420872 0.380657 0.685952 0.674119 0.687864 0.659412 0.887388 0.935726 0.745147 0.788533 0.695708 0.620246 0.763674 0.733007 0.907324 0.767910 0.770976 0.978802 0.601115 0.457979 0.983047 0.713719 0.641631 0.599899 0.777377 0.752559 0.961419 0.938301 0.997596 0.849318 0.749955 0.763105 0.830095 0.911148 0.887838 0.888522
0.535935 0.402386 0.952381 0.794695 0.977542 0.948913 0.793169 0.596234 0.972409 0.534743 0.512391 0.510921 0.891340 0.594339 0.791458 0.620041 0.391959 0.364933 0.399408 0.000000 0.898111 0.965211 0.806551 0.765099 0.977748 0.773364 0.997028 0.691004 0.467165 0.451250 0.828320 0.577229 0.611526 0.524538 0.906699 0.877372 0.800119 0.885042 0.909954 0.971611 0.860686 0.884616 0.685221 0.591610 0.950815 0.945331 0.926836 0.747591 0.836040 0.803985 0.787559 0.712715 0.717159 0.748663 0.771275 0.914055 0.376638 0.427474 0.978357 0.868992 0.963561 0.965160 0.461279 0.472120 0.770550 0.921574 0.867065 0.899772 0.550708 0.646214 0.481684 0.633550 0.589259 0.650811 0.992825 0.779013 0.672151 0.631023 0.594976 0.574126 0.367341 0.400115 0.706035 0.599903 0.968903 0.906874 0.987600 0.986214 0.642009 0.773661 0.741458 0.707865 0.856767 0.886699 0.931361 0.830000 0.806026 0.916358 0.559940 0.519797 0.856665 0.873338 0.636691 0.528504 0.818543 0.905771 0.988274 0.961702 0.972295 0.853362 0.726839 0.718597 0.868575 0.791789 0.919534 0.960227
0.886435 0.850243 0.881850 0.885798 0.865574 0.871032 0.850679 0.920543 0.894292 0.913482 0.808642 0.888329 0.740043 0.880957 0.716916 0.810842 0.797716 0.803294 0.853035 0.898111 0.000000 0.904818 0.882515 0.879438 0.778547 0.903891 0.802223 0.946176 0.881721 0.774555 0.937621 0.881395 0.765721 0.806185 0.954965 0.994057 0.931530 0.974224 0.918169 0.997500 0.991803 0.924765 0.827828 0.710523 0.873629 0.906072 0.835426 0.728501 0.962421 0.871686 0.970787 0.955614 0.985137 0.913238 0.857167 0.828893 0.826435 0.896282 0.867474 0.954665 0.739990 0.983124 0.791815 0.869871 0.819274 0.805893 0.830979 0.812225 0.933329 0.976483 0.929757 0.965980 0.878555 0.908769 0.890801 0.950466 0.960811 0.867022 0.960014 0.852714 0.835021 0.838022 0.983640 0.957879 0.848736 0.791978 0.981534 0.929904 0.953882 0.976170 0.987553 0.984033 0.960213 0.999651 0.916098 0.707727 0.833937 0.992811 0.905565 0.912993 0.989668 0.898620 0.787142 0.974452 0.916049 0.853382 0.979238 0.993633 0.877140 0.964076 0.731508 0.923912 0.951627 0.966684 0.918300 0.957212
0.846295 0.899366 0.799212 0.896045 0.863885 0.817625 0.857516 0.875917 0.820189 0.981517 0.895150 0.925083 0.886793 0.928542 0.770027 0.813061 0.851852 0.896687 0.872290 0.965211 0.904818 0.000000 0.834546 0.905131 0.745860 0.781224 0.846648 0.811040 0.815845 0.861405 0.846567 0.947363 0.855888 0.837626 0.889904 0.947489 0.930993 0.978976 0.835092 0.833913 0.867114 0.923669 0.797056 0.746619 0.760569 0.819723 0.827608 0.871193 0.864305 0.814920 0.905446 0.812362 0.872136 0.981215 0.862785 0.802476 0.878825 0.884722 0.765534 0.895352 0.859370 0.977620 0.882777 0.923179 0.842150 0.801814 0.824091 0.853175 0.861676 0.862135 0.885269 0.968313 0.900305 0.871803 0.824824 0.988834 0.844223 0.879933 0.778221 0.894948 0.877733 0.901187 0.815981 0.971792 0.903771 0.880682 0.991069 0.930788 0.861916 0.867687 0.918156 0.950539 0.905886 0.942932 0.840806 0.738260 0.909087 0.991410 0.784267 0.853467 0.964505 0.971927 0.824758 0.883668 0.791632 0.896528 0.957124 0.952217 0.910136 0.991605 0.788017 0.982135 0.900492 0.986253 0.874876 0.763835
0.989484 0.965532 0.529348 0.452461 0.905229 0.961802 0.432889 0.648157 0.803807 0.685044 0.958593 0.969801 0.730780 0.705070 0.551122 0.546168 0.775680 0.757864 0.508007 0.806551 0.882515 0.834546 0.000000 0.355665 0.545171 0.746712 0.905728 0.984854 0.790942 0.696571 0.509807 0.498924 0.641457 0.713796 0.917975 0.979736 0.791994 0.958580 0.752356 0.994682 0.979204 0.901667 0.511748 0.692458 0.943978 0.961073 0.794292 0.742381 0.674274 0.827164 0.779640 0.789373 0.993733 0.855766 0.877533 0.695776 0.870048 0.987974 0.907514 0.609378 0.984161 0.757617 0.678309 0.950481 0.589060 0.785277 0.730397 0.917160 0.906733 0.891118 0.587887 0.684355 0.861657 0.894033 0.842480 0.879425 0.625554 0.728944 0.760115 0.760705 0.776340 0.687613 0.748224 0.831255 0.497926 0.440067 0.783754 0.835385 0.984370 0.945588 0.831736 0.693779 0.862332 0.771969 0.889594 0.724269 0.981171 0.918257 0.929456 0.664910 0.842706 0.803556 0.901186 0.866311 0.882138 0.751766 0.982201 0.955308 0.987587 0.902559 0.931279 0.923409 0.897481 0.952493 0.947778 0.906934
0.980152 0.915079 0.713830 0.501289 0.960915 0.971399 0.542333 0.619114 0.918371 0.742857 0.914063 0.867276 0.750834 0.663728 0.640702 0.511356 0.770312 0.747771 0.559376 0.765099 0.879438 0.905131 0.355665 0.000000 0.624719 0.930068 0.993157 0.906897 0.740299 0.658237 0.649335 0.495518 0.725645 0.776103 0.908870 0.962332 0.825283 0.919751 0.775232 0.959155 0.989088 0.971889 0.632867 0.789498 0.919971 0.887476 0.886971 0.835597 0.693238 0.777012 0.805470 0.791225 0.936830 0.776764 0.851481 0.666141 0.841286 0.914487 0.819675 0.590539 0.941811 0.858552 0.673132 0.867388 0.824629 0.911645 0.894555 0.914618 0.921932 0.991532 0.648477 0.670539 0.745751 0.760210 0.936602 0.878949 0.699984 0.786590 0.777951 0.727341 0.742063 0.627532 0.776448 0.795969 0.594981 0.475204 0.859478 0.795138 0.982012 0.943889 0.851176 0.760794 0.943616 0.903076 0.817522 0.762394 0.989622 0.932405 0.927366 0.687228 0.982677 0.728122 0.866612 0.799460 0.816643 0.873300 0.935046 0.953604 0.978503 0.956680 0.993039 0.960470 0.926938 0.950769 0.868785 0.960945
0.968587 0.956029 0.455392 0.620108 0.769618 0.889318 0.537289 0.861556 0.797590 0.923626 0.939295 0.925664 0.762604 0.926036 0.618260 0.776022 0.926173 0.915329 0.729979 0.977748 0.778547 0.745860 0.545171 0.624719 0.000000 0.562077 0.777493 0.864373 0.887720 0.783978 0.573717 0.710370 0.679345 0.684438 0.776066 0.998936 0.872273 0.856487 0.673305 0.858399 0.901535 0.997451 0.611494 0.691906 0.787682 0.797113 0.673595 0.648388 0.921767 0.897039 0.989123 0.851335 0.888971 0.920463 0.920098 0.904621 0.971268 0.904826 0.866622 0.831464 0.774148 0.834809 0.825757 0.913315 0.492742 0.652824 0.670329 0.732929 0.944539 0.980804 0.936714 0.932705 0.961897 0.928331 0.859098 0.934940 0.721073 0.862887 0.806370 0.925846 0.977340 0.870605 0.918276 0.961763 0.526420 0.531767 0.790316 0.891179 0.854117 0.943740 0.938086 0.995920 0.967725 0.929592 0.888152 0.813523 0.862719 0.994809 0.979315 0.883472 0.889341 0.991971 0.994157 0.926839 0.820358 0.688949 0.899984 0.976827 0.979198 0.973104 0.848586 0.935804 0.943333 0.956468 0.933251 0.816080
0.888977 0.760631 0.456043 0.657946 0.875036 0.857631 0.610103 0.893836 0.770336 0.921681 0.993463 0.771943 0.803538 0.878139 0.857368 0.915650 0.846379 0.790928 0.992649 0.773364 0.903891 0.781224 0.746712 0.930068 0.562077 0.000000 0.795410 0.730015 0.829710 0.922729 0.643695 0.931452 0.875478 0.884714 0.631149 0.856864 0.827123 0.994008 0.692015 0.935187 0.892281 0.863612 0.774958 0.803186 0.815350 0.831615 0.691774 0.767660 0.971337 0.835554 0.891586 0.820392 0.796542 0.928859 0.878666 0.962303 0.782145 0.733373 0.695061 0.925196 0.672444 0.996143 0.947463 0.796562 0.496954 0.603951 0.632538 0.620217 0.906197 0.938042 0.976880 0.984569 0.906496 0.850616 0.773254 0.928474 0.959057 0.933289 0.998560 0.903261 0.807339 0.856919 0.915123 0.835530 0.718169 0.810001 0.928320 0.981357 0.778068 0.870831 0.961672 0.920906 0.979214 0.968835 0.998296 0.981722 0.961836 0.984413 0.867803 0.881381 0.831407 0.956992 0.986965 0.810959 0.999529 0.755509 0.910335 0.986020 0.891256 0.970461 0.993198 0.787420 0.966220 0.908855 0.960055 0.816176
0.942730 0.960004 0.857409 0.981667 0.807197 0.944918 0.985319 0.868394 0.948575 0.883041 0.987225 0.887739 0.927103 0.945763 0.827420 0.944416 0.974586 0.901832 0.980664 0.997028 0.802223 0.846648 0.905728 0.993157 0.777493 0.795410 0.000000 0.935206 0.970603 0.878578 0.851247 0.897433 0.956170 0.917837 0.989516 0.883992 0.893214 0.880808 0.882564 0.987145 0.989370 0.948691 0.898592 0.735700 0.803768 0.891567 0.980080 0.867833 0.880055 0.758958 0.959188 0.845007 0.949035 0.992814 0.933921 0.940022 0.988248 0.997161 0.983417 0.969560 0.991298 0.872065 0.956546 0.914960 0.748329 0.793188 0.896275 0.935040 0.962573 0.830398 0.967390 0.930998 0.933023 0.892330 0.873150 0.998806 0.998775 0.871367 0.938597 0.963934 0.999184 0.981542 0.879477 0.970603 0.916178 0.752902 0.910614 0.854618 0.866538 0.963103 0.772300 0.838713 0.778979 0.893736 0.997109 0.903583 0.817138 0.976839 0.822415 0.892756 0.947320 0.873404 0.937646 0.841873 0.993936 0.980982 0.908942 0.987584 0.899442 0.943702 0.971764 0.950845 0.897584 0.938660 0.899831 0.912390
0.827318 0.781371 0.875152 0.978913 0.890671 0.846386 0.981859 0.885381 0.846156 0.927883 0.818046 0.790619 0.956851 0.808085 0.919556 0.936513 0.789657 0.786049 0.770219 0.691004 0.946176 0.811040 0.984854 0.906897 0.864373 0.730015 0.935206 0.000000 0.788117 0.793010 0.896542 0.947574 0.937112 0.845649 0.876261 0.907908 0.954379 0.993583 0.946994 0.847534 0.939665 0.890262 0.986933 0.930829 0.981617 0.976683 0.902868 0.912723 0.905170 0.900591 0.880237 0.800022 0.836041 0.918579 0.994484 0.969875 0.780036 0.780023 0.845256 0.884486 0.930485 0.932104 0.898416 0.930424 0.857791 0.988464 0.961817 0.991124 0.733929 0.906448 0.867201 0.977568 0.668525 0.719876 0.926076 0.950132 0.970932 0.931819 0.950515 0.763564 0.809178 0.769390 0.864587 0.801026 0.947289 0.930155 0.944573 0.763653 0.862216 0.675791 0.981829 0.920757 0.916487 0.959615 0.904153 0.976822 0.954930 0.991646 0.896622 0.801486 0.920729 0.868739 0.991680 0.895848 0.973895 0.899641 0.975461 0.909049 0.997264 0.933347 0.892063 0.911611 0.948651 0.911044 0.945199 0.861388
0.662584 0.541171 0.992678 0.894894 0.866453 0.948969 0.814593 0.672962 0.936951 0.723696 0.606464 0.592628 0.763616 0.580783 0.602340 0.620552 0.428102 0.374592 0.526667 0.467165 0.881721 0.815845 0.790942 0.740299 0.887720 0.829710 0.970603 0.788117 0.000000 0.401379 0.812167 0.632414 0.580843 0.525374 0.999588 0.972664 0.901772 0.992110 0.947856 0.973047 0.778253 0.873505 0.603009 0.534582 0.727216 0.705153 0.797126 0.637541 0.983315 0.939357 0.913501 0.986636 0.926734 0.792722 0.964303 0.955036 0.468987 0.484397 0.975633 0.939670 0.893173 0.944154 0.550139 0.543429 0.889378 0.956373 0.810175 0.823578 0.639266 0.668834 0.754755 0.828096 0.707395 0.758707 0.921690 0.736674 0.717830 0.550600 0.568510 0.520080 0.399007 0.419246 0.568861 0.622390 0.873205 0.799730 0.902638 0.895470 0.831122 0.907734 0.888848 0.837944 0.935443 0.993460 0.908561 0.736719 0.828308 0.896897 0.627589 0.584712 0.813652 0.854301 0.753344 0.673740 0.755593 0.900659 0.985601 0.986929 0.962867 0.773549 0.668418 0.752037 0.765316 0.835835 0.906139 0.880660
0.677396 0.512901 0.909436 0.738574 0.955380 0.936208 0.718065 0.584601 0.980700 0.644193 0.570068 0.516392 0.710258 0.517681 0.634474 0.478646 0.408124 0.353826 0.484424 0.451250 0.774555 0.861405 0.696571 0.658237 0.783978 0.922729 0.878578 0.793010 0.401379 0.000000 0.703373 0.568924 0.582505 0.485908 0.939889 0.962650 0.857933 0.843145 0.992496 0.956080 0.851208 0.850074 0.550603 0.438081 0.844685 0.766276 0.789348 0.576141 0.884834 0.994929 0.871134 0.911237 0.903705 0.861083 0.821989 0.915775 0.431251 0.485293 0.976675 0.908517 0.825547 0.890620 0.502121 0.490900 0.953492 0.875970 0.849373 0.832944 0.690405 0.726922 0.632020 0.752232 0.629870 0.679239 0.906738 0.820922 0.725399 0.617658 0.577173 0.547379 0.421425 0.400140 0.565675 0.630187 0.904593 0.790378 0.971634 0.846061 0.892609 0.850383 0.928947 0.881058 0.940767 0.982869 0.994754 0.763160 0.891475 0.844849 0.726481 0.613823 0.882637 0.903176 0.740261 0.577280 0.751619 0.845267 0.917433 0.962520 0.898018 0.723052 0.732527 0.838026 0.736704 0.832678 0.901257 0.819042
0.823625 0.885469 0.489608 0.481811 0.930470 0.885603 0.424235 0.650369 0.797572 0.628806 0.802385 0.956992 0.759598 0.809004 0.723014 0.729486 0.748829 0.790723 0.592601 0.828320 0.937621 0.846567 0.509807 0.649335 0.573717 0.643695 0.851247 0.896542 0.812167 0.703373 0.000000 0.631031 0.566125 0.545415 0.697444 0.968646 0.779526 0.905460 0.691003 0.920591 0.861483 0.884730 0.502598 0.575497 0.764537 0.789981 0.645868 0.693618 0.889537 0.964536 0.994548 0.994091 0.904045 0.994385 0.915369 0.937789 0.849749 0.919303 0.755662 0.907382 0.737918 0.891700 0.680374 0.882094 0.642821 0.778204 0.585495 0.705735 0.942814 0.957633 0.709035 0.775761 0.873089 0.912358 0.848899 0.837983 0.687902 0.802447 0.757787 0.783754 0.798651 0.749743 0.854122 0.949862 0.677217 0.715650 0.943328 0.980473 0.940693 0.974297 0.837176 0.812575 0.902688 0.759724 0.976638 0.985801 0.880980 0.982522 0.886973 0.827630 0.975547 0.706670 0.861091 0.888482 0.930544 0.743874 0.993782 0.859213 0.987867 0.915741 0.938778 0.898759 0.846670 0.975942 0.909441 0.816449
0.821320 0.748015 0.770012 0.671595 0.921059 0.954163 0.580198 0.650843 0.941823 0.626430 0.726276 0.792707 0.858081 0.616597 0.691661 0.604172 0.569994 0.571946 0.431003 0.577229 0.881395 0.947363 0.498924 0.495518 0.710370 0.931452 0.897433 0.947574 0.632414 0.568924 0.631031 0.000000 0.588773 0.598044 0.989386 0.893905 0.865742 0.951621 0.970808 0.941358 0.946238 0.971163 0.542118 0.700412 0.959449 0.979847 0.833213 0.753269 0.740921 0.751229 0.795047 0.744728 0.908805 0.926228 0.858497 0.752544 0.619048 0.750043 0.884983 0.643941 0.968168 0.767029 0.541907 0.726707 0.922736 0.952816 0.820616 0.940944 0.908784 0.957603 0.618567 0.700061 0.770607 0.779175 0.985259 0.834631 0.696806 0.655432 0.629838 0.664003 0.599468 0.547733 0.697826 0.818363 0.685959 0.664701 0.890851 0.865859 0.771392 0.904202 0.839573 0.752934 0.881954 0.889237 0.917859 0.744235 0.854764 0.944464 0.780608 0.567271 0.963155 0.791315 0.804389 0.715545 0.924666 0.895571 0.958917 0.942141 0.989551 0.899307 0.800257 0.889111 0.927181 0.973293 0.901226 0.882423
0.507767 0.555259 0.660780 0.626644 0.804015 0.910814 0.528638 0.629386 0.925549 0.675521 0.608955 0.664896 0.667391 0.706038 0.652897 0.715182 0.490541 0.494732 0.440497 0.611526 0.765721 0.855888 0.641457 0.725645 0.679345 0.875478 0.956170 0.937112 0.580843 0.582505 0.566125 0.588773 0.000000 0.365900 0.815443 0.944967 0.737895 0.835250 0.915296 0.908949 0.797265 0.842322 0.506925 0.483983 0.679102 0.716715 0.751141 0.650556 0.914485 0.971423 0.916291 0.962075 0.884747 0.752604 0.960523 0.982282 0.523246 0.587822 0.749440 0.995952 0.691938 0.927223 0.437587 0.622393 0.860087 0.884801 0.554889 0.588380 0.727697 0.723161 0.629598 0.629036 0.771015 0.929559 0.901602 0.869454 0.632217 0.631509 0.615558 0.624958 0.526844 0.468308 0.764820 0.710118 0.692062 0.618613 0.977722 0.948863 0.897194 0.899383 0.803714 0.721527 0.770874 0.822231 0.965520 0.778184 0.890837 0.970512 0.637234 0.656297 0.999828 0.814172 0.724577 0.696966 0.708344 0.722924 0.992169 0.958239 0.972012 0.830559 0.686439 0.778252 0.822947 0.883680 0.857383 0.965450
0.553930 0.533646 0.680835 0.643694 0.765140 0.856778 0.512295 0.592178 0.877489 0.573456 0.517998 0.674814 0.698856 0.724789 0.688586 0.699982 0.473092 0.457792 0.433289 0.524538 0.806185 0.837626 0.713796 0.776103 0.684438 0.884714 0.917837 0.845649 0.525374 0.485908 0.545415 0.598044 0.365900 0.000000 0.732187 0.887026 0.699396 0.883940 0.893461 0.908005 0.831853 0.884337 0.477168 0.398228 0.601494 0.647013 0.657695 0.556849 0.949556 0.927782 0.943305 0.967456 0.863870 0.743982 0.982667 0.978100 0.487970 0.571648 0.711749 0.967137 0.662041 0.994218 0.465972 0.622614 0.871230 0.823041 0.513823 0.545625 0.617927 0.647868 0.620413 0.729277 0.662894 0.819287 0.918741 0.774591 0.634881 0.644118 0.550060 0.597505 0.473985 0.470773 0.760791 0.723474 0.761127 0.722329 0.966422 0.914743 0.847741 0.889372 0.753119 0.726938 0.804413 0.765576 0.951790 0.807099 0.831817 0.880780 0.580316 0.611356 0.971245 0.741151 0.708169 0.661664 0.690123 0.692679 0.991514 0.924060 0.992922 0.816577 0.617041 0.721210 0.684830 0.877059 0.878079 0.816048
0.940945 0.995512 0.661930 0.781478 0.901376 0.773281 0.689328 0.848434 0.735169 0.774120 0.950151 0.855763 0.900733 0.831986 0.963372 0.988906 0.985856 0.964420 0.936921 0.906699 0.954965 0.889904 0.917975 0.908870 0.776066 0.631149 0.989516 0.876261 0.999588 0.939889 0.697444 0.989386 0.815443 0.732187 0.000000 0.980904 0.776201 0.941409 0.758623 0.977444 0.915319 0.940924 0.743031 0.756115 0.624828 0.685331 0.758837 0.736855 0.949135 0.763944 0.811933 0.790176 0.798176 0.960113 0.735457 0.900505 0.989993 0.978540 0.561018 0.766787 0.571443 0.867874 0.914333 0.996248 0.655710 0.627918 0.540290 0.543798 0.895912 0.902027 0.988815 0.972795 0.994026 0.897679 0.887065 0.888830 0.906130 0.979684 0.974276 0.994008 0.980532 0.979160 0.996128 0.994832 0.823998 0.837008 0.950196 0.817072 0.937088 0.722187 0.806322 0.833074 0.700231 0.773225 0.832904 0.943340 0.756394 0.989318 0.900321 0.876198 0.933226 0.839593 0.852495 0.959595 0.856570 0.670409 0.946700 0.802606 0.996202 0.949194 0.817640 0.755018 0.996598 0.959946 0.848236 0.908105
0.987012 0.917736 0.996988 0.920739 0.874656 0.824123 0.952764 0.997461 0.878107 0.997510 0.969814 0.993498 0.933634 0.990337 0.936944 0.955489 0.910193 0.907421 0.932855 0.877372 0.994057 0.947489 0.979736 0.962332 0.998936 0.856864 0.883992 0.907908 0.972664 0.962650 0.968646 0.893905 0.944967 0.887026 0.980904 0.000000 0.914383 0.959751 0.994459 0.837340 0.962594 0.920068 0.969035 0.930169 0.980012 0.966700 0.819124 0.984252 0.890292 0.866334 0.902274 0.916959 0.802872 0.883326 0.860592 0.952588 0.876926 0.928423 0.921111 0.993416 0.997720 0.975316 0.967636 0.989081 0.994775 0.966451 0.943221 0.877798 0.933862 0.908499 0.860297 0.977875 0.936408 0.969881 0.932378 0.926152 0.945253 0.975263 0.824951 0.968184 0.921673 0.992622 0.820336 0.999733 0.892770 0.961017 0.877485 0.980170 0.939215 0.863193 0.887324 0.839480 0.904424 0.918976 0.941811 0.870510 0.974338 0.942833 0.968633 0.993613 0.922849 0.912594 0.883317 0.962057 0.970174 0.944700 0.946403 0.972636 0.899731 0.975458 0.908451 0.911486 0.957558 0.903266 0.948278 0.968525
0.744453 0.774772 0.842196 0.631275 0.968344 0.841479 0.751674 0.688124 0.858091 0.643941 0.977761 0.803870 0.852556 0.937540 0.902236 0.758307 0.833699 0.858069 0.788336 0.800119 0.931530 0.930993 0.791994 0.825283 0.872273 0.827123 0.893214 0.954379 0.901772 0.857933 0.779526 0.865742 0.737895 0.699396 0.776201 0.914383 0.000000 0.694570 0.955230 0.961772 0.767783 0.897328 0.761324 0.755414 0.918089 0.926228 0.983966 0.852092 0.928361 0.965755 0.832110 0.962885 0.989931 0.944148 0.976050 0.965402 0.762210 0.798435 0.804940 0.967791 0.753619 0.790115 0.737173 0.728014 0.921486 0.778698 0.845387 0.867482 0.831886 0.858783 0.623532 0.683824 0.771105 0.865034 0.837513 0.920042 0.767786 0.812826 0.806001 0.952962 0.789674 0.854620 0.883147 0.698184 0.951544 0.829966 0.976773 0.901718 0.973119 0.996107 0.778723 0.720868 0.774250 0.791461 0.848796 0.993023 0.832822 0.773092 0.772611 0.812327 0.911369 0.837219 0.876663 0.781864 0.727369 0.749381 0.938086 0.733197 0.873820 0.990205 0.786788 0.707751 0.897681 0.939724 0.978352 0.969907
0.735733 0.745301 0.934197 0.773564 0.943673 0.813254 0.936475 0.878915 0.989878 0.882739 0.956713 0.873040 0.993380 0.971661 0.995411 0.911739 0.872263 0.883056 0.933153 0.885042 0.974224 0.978976 0.958580 0.919751 0.856487 0.994008 0.880808 0.993583 0.992110 0.843145 0.905460 0.951621 0.835250 0.883940 0.941409 0.959751 0.694570 0.000000 0.971104 0.791123 0.900414 0.989115 0.801560 0.774771 0.918506 0.898795 0.938145 0.940737 0.812656 0.801071 0.733255 0.757095 0.838095 0.834691 0.914929 0.918801 0.815234 0.788214 0.814293 0.868188 0.827995 0.777016 0.851691 0.795118 0.923768 0.842188 0.975901 0.969972 0.816127 0.797423 0.775485 0.721115 0.886937 0.835212 0.840670 0.938388 0.815752 0.931259 0.942294 0.996990 0.932420 0.933875 0.951556 0.814611 0.998452 0.838579 0.938930 0.986932 0.903141 0.784168 0.931272 0.943311 0.892327 0.942463 0.999337 0.961705 0.986589 0.927539 0.908059 0.960599 0.931493 0.856316 0.944679 0.757465 0.823496 0.795660 0.891288 0.838213 0.837623 0.901690 0.894161 0.961141 0.911092 0.833263 0.883155 0.809092
