0.000000 0.658253 0.965963 0.983511 0.962594 0.940037 0.935658 0.935378 0.893534 0.909745 0.603422 0.757203 0.858665 0.903679 0.998184 0.945186 0.707893 0.646942 0.813409 0.861940 0.872285 0.974402 0.907337 0.934477 0.958397 0.881725 0.846212 0.854816 0.853395 0.749959 0.895716 0.738457 0.799406 0.655706 0.950671 0.885377 0.943806 0.953487 0.939922 0.893978 0.916357 0.744389 0.751147 0.744705 0.788122 0.684918 0.766094 0.679423 0.731610 0.746219 0.667887 0.633375 0.824118 0.981953 0.827278 0.672603 0.589219 0.634131 0.640201 0.653353 0.694397 0.865628 0.642227 0.617208 0.899818 0.974914 0.710470 0.776103 0.818262 0.786798 0.923257 0.978923 0.945252 0.975976 0.900245 0.943007 0.940427 0.910440 0.693079 0.894683 0.493589 0.623470 0.835320 0.730908 0.939165 0.899656 0.940606 0.975982 0.911219 0.853218 0.880792 0.908452 0.902949 0.920768 0.904570 0.891780 0.783486 0.725738 0.701040 0.845340 0.878315 0.897912 0.737999 0.750333 0.987039 0.793827 0.939720 0.840332 0.961552 0.863929 0.888258 0.924150 0.908810 0.898095 0.888797 0.954974
0.658253 0.000000 0.959220 0.873064 0.816498 0.846262 0.859107 0.999378 0.697266 0.619246 0.973256 0.763929 0.955358 0.955509 0.886622 0.970980 0.744184 0.702860 0.897819 0.981990 0.845041 0.994035 0.787826 0.968831 0.761386 0.640723 0.945627 0.698413 0.869601 0.922493 0.997092 0.976491 0.939201 0.873133 0.784716 0.829123 0.758520 0.932174 0.816376 0.669690 0.795200 0.809811 0.630613 0.665222 0.937454 0.792891 0.574819 0.821247 0.933702 0.914300 0.668551 0.666030 0.974761 0.922418 0.721232 0.679812 0.629912 0.530957 0.736807 0.753083 0.989825 0.929182 0.865683 0.823276 0.973363 0.802548 0.691805 0.670897 0.716578 0.722843 0.859877 0.944908 0.918142 0.920267 0.904107 0.846762 0.860437 0.788584 0.828640 0.742844 0.729315 0.621300 0.826795 0.665677 0.932896 0.739586 0.968186 0.948795 0.975927 0.842985 0.963584 0.865740 0.843677 0.927925 0.943035 0.940182 0.909796 0.835000 0.981213 0.943769 0.946325 0.940350 0.947090 0.856994 0.917843 0.759074 0.967696 0.967596 0.861537 0.865328 0.988976 0.945477 0.997423 0.945883 0.830513 0.898929
0.965963 0.959220 0.000000 0.409193 0.970552 0.699920 0.472837 0.424199 0.769374 0.900694 0.904011 0.690413 0.711359 0.683065 0.888200 0.723448 0.795993 0.739087 0.698750 0.785274 0.967715 0.967320 0.773228 0.564103 0.589364 0.741918 0.931459 0.980710 0.995904 0.986709 0.945958 0.905636 0.810783 0.773500 0.998233 0.907791 0.866051 0.833533 0.750243 0.891049 0.984485 0.942612 0.786669 0.974652 0.802378 0.817823 0.911110 0.805956 0.678948 0.727976 0.714783 0.815648 0.763041 0.673095 0.972020 0.979717 0.902205 0.753139 0.863002 0.870274 0.723442 0.556505 0.710345 0.638842 0.500415 0.520799 0.756907 0.869901 0.938276 0.909247 0.890854 0.890616 0.821573 0.921323 0.931202 0.823867 0.960865 0.932488 0.888767 0.961948 0.815563 0.842790 0.999437 0.993850 0.738242 0.550731 0.911038 0.889936 0.651567 0.916580 0.582139 0.547099 0.557315 0.502317 0.946930 0.681305 0.848769 0.985429 0.987736 0.803870 0.698205 0.809093 0.800050 0.976485 0.778128 0.829217 0.841137 0.868552 0.924175 0.795237 0.735968 0.965662 0.912903 0.950520 0.949868 0.950055
0.983511 0.873064 0.409193 0.000000 0.895958 0.744759 0.602035 0.348813 0.894813 0.979686 0.884647 0.709704 0.891239 0.830493 0.845937 0.878215 0.828783 0.796553 0.814644 0.774570 0.978002 0.967999 0.939747 0.676754 0.564111 0.601457 0.943244 0.963375 0.797023 0.917914 0.963666 0.990832 0.994273 0.841667 0.893849 0.944112 0.833085 0.781569 0.671744 0.722473 0.948633 0.985455 0.744679 0.897490 0.674177 0.793292 0.857160 0.766663 0.621448 0.709265 0.763109 0.833816 0.651166 0.577902 0.913456 0.896615 0.988355 0.871926 0.974950 0.970619 0.896050 0.681063 0.678637 0.596539 0.653391 0.456077 0.696098 0.733925 0.885505 0.954933 0.809384 0.934990 0.870981 0.968783 0.974537 0.901930 0.890664 0.875036 0.913711 0.966860 0.815946 0.757451 0.865434 0.994891 0.930796 0.565519 0.943720 0.741850 0.694142 0.934103 0.642024 0.635417 0.543737 0.545774 0.974261 0.764656 0.804355 0.873217 0.848147 0.957822 0.721908 0.856577 0.860701 0.954030 0.756280 0.737783 0.842793 0.841229 0.829845 0.810890 0.826110 0.863972 0.881440 0.957468 0.947795 0.947815
0.962594 0.816498 0.970552 0.895958 0.000000 0.938621 0.837447 0.891269 0.679497 0.821718 0.961610 0.936931 0.672835 0.687773 0.685783 0.635295 0.979514 0.932399 0.822232 0.957369 0.843161 0.938010 0.558982 0.703293 0.927323 0.816419 0.867812 0.896883 0.886193 0.974565 0.993917 0.950284 0.899165 0.952040 0.856401 0.972710 0.811407 0.935567 0.829175 0.777491 0.929223 0.789534 0.995599 0.848865 0.825162 0.984924 0.910604 0.960394 0.966949 0.978469 0.942082 0.935695 0.892056 0.766972 0.808795 0.986187 0.783530 0.779924 0.895533 0.748154 0.785800 0.818072 0.941044 0.997893 0.688346 0.967003 0.927746 0.830126 0.795561 0.756194 0.850741 0.907672 0.954472 0.980776 0.911658 0.878944 0.920439 0.929902 0.970478 0.898622 0.773357 0.880015 0.764412 0.888071 0.576732 0.939461 0.798392 0.776238 0.948356 0.856867 0.798451 0.716314 0.982634 0.777440 0.890523 0.929457 0.857603 0.668704 0.863464 0.688650 0.939812 0.835005 0.935237 0.962649 0.902124 0.903617 0.977978 0.834116 0.975131 0.832993 0.836037 0.909350 0.916181 0.990241 0.952410 0.821534
0.940037 0.846262 0.699920 0.744759 0.938621 0.000000 0.862136 0.806193 0.970752 0.835332 0.870557 0.766837 0.851953 0.799589 0.884742 0.778449 0.881485 0.986552 0.946954 0.949038 0.775264 0.963514 0.939014 0.768249 0.562235 0.511247 0.895472 0.683168 0.947811 0.858220 0.901570 0.876342 0.812838 0.761671 0.682099 0.895948 0.858580 0.895078 0.748035 0.666987 0.772031 0.980936 0.746654 0.940465 0.967031 0.958524 0.805562 0.909305 0.816001 0.774046 0.990701 0.929236 0.871201 0.773415 0.864748 0.773071 0.952089 0.966275 0.871895 0.991238 0.790766 0.743756 0.889759 0.877998 0.561959 0.548517 0.572183 0.639195 0.947923 0.967966 0.917478 0.754874 0.983639 0.987821 0.744912 0.971149 0.945823 0.765588 0.874608 0.983385 0.919091 0.743980 0.822803 0.890873 0.697563 0.520874 0.753145 0.936848 0.850395 0.776525 0.677921 0.798141 0.594438 0.733488 0.877843 0.710273 0.857107 0.984077 0.925342 0.830162 0.760311 0.958620 0.923419 0.968620 0.760155 0.772858 0.809873 0.996658 0.967688 0.913257 0.940973 0.871622 0.863796 0.929588 0.894394 0.847679
0.935658 0.859107 0.472837 0.602035 0.837447 0.862136 0.000000 0.452346 0.570316 0.590647 0.705328 0.750264 0.447076 0.513043 0.634540 0.593584 0.987048 0.967544 0.392170 0.603645 0.878994 0.883110 0.570579 0.644285 0.887079 0.921622 0.955358 0.886476 0.700678 0.632709 0.762633 0.631015 0.619111 0.644525 0.900606 0.880154 0.882827 0.995621 0.940341 0.900358 0.937654 0.966475 0.834478 0.869468 0.926447 0.948722 0.996962 0.738195 0.927818 0.996238 0.797513 0.879977 0.978296 0.921756 0.974249 0.993094 0.910780 0.669003 0.898190 0.808765 0.541170 0.585232 0.971278 0.850104 0.655478 0.810098 0.861603 0.970125 0.778552 0.815642 0.743287 0.710682 0.685808 0.779011 0.950177 0.802233 0.796915 0.852571 0.923996 0.970345 0.910649 0.944487 0.980408 0.957992 0.683450 0.783248 0.971328 0.883455 0.664341 0.898421 0.466805 0.458164 0.598158 0.542138 0.983836 0.902265 0.863711 0.915130 0.752003 0.562130 0.738778 0.566268 0.971541 0.896624 0.880166 0.994671 0.871913 0.762621 0.915238 0.891926 0.745254 0.904559 0.842363 0.963194 0.936185 0.760221
0.935378 0.999378 0.424199 0.348813 0.891269 0.806193 0.452346 0.000000 0.794316 0.805564 0.727270 0.666641 0.776424 0.761815 0.958686 0.838149 0.911168 0.839067 0.626714 0.678988 0.998268 0.997267 0.988801 0.730671 0.694005 0.736684 0.970218 0.954257 0.982501 0.845137 0.951078 0.803340 0.848755 0.685995 0.813064 0.893004 0.923502 0.859813 0.804702 0.859074 0.993422 0.998297 0.794227 0.842501 0.770248 0.899601 0.931411 0.732752 0.754757 0.861364 0.795067 0.840734 0.744980 0.657034 0.862739 0.874493 0.973620 0.800431 0.981946 0.950274 0.761078 0.596841 0.814392 0.702603 0.745485 0.574775 0.721047 0.822798 0.978895 0.975381 0.837344 0.782040 0.747181 0.905608 0.970094 0.919077 0.844164 0.875758 0.874024 0.964696 0.903264 0.785367 0.828040 0.919837 0.968279 0.688513 0.907465 0.786861 0.749124 0.911544 0.529004 0.603763 0.504842 0.559152 0.951531 0.808188 0.763202 0.892426 0.972734 0.819127 0.615218 0.718078 0.995772 0.874650 0.843893 0.791571 0.871319 0.753810 0.906788 0.860421 0.739459 0.964955 0.907121 0.937553 0.964574 0.858835
0.893534 0.697266 0.769374 0.894813 0.679497 0.970752 0.570316 0.794316 0.000000 0.473613 0.831685 0.978954 0.596791 0.667429 0.605537 0.558937 0.976840 0.880808 0.545419 0.850180 0.876806 0.971806 0.496820 0.635237 0.905294 0.756055 0.903096 0.823690 0.764053 0.709199 0.766417 0.785658 0.864500 0.882260 0.961883 0.866282 0.768654 0.838345 0.756526 0.749949 0.904499 0.918645 0.929778 0.936990 0.891962 0.993588 0.815409 0.968945 0.948760 0.890818 0.801008 0.938781 0.810202 0.771623 0.760189 0.839575 0.716553 0.665149 0.788854 0.724916 0.800516 0.770278 0.969166 0.932996 0.760853 0.917088 0.867518 0.726230 0.594921 0.754320 0.787423 0.882178 0.837100 0.972651 0.839077 0.949799 0.968325 0.936135 0.931704 0.899906 0.873395 0.855711 0.958762 0.777391 0.739505 0.962779 0.913556 0.737828 0.927592 0.937978 0.672133 0.524516 0.981704 0.680413 0.971506 0.955254 0.921378 0.768772 0.860956 0.691374 0.975865 0.672641 0.948696 0.984743 0.867893 0.940025 0.943214 0.908571 0.994364 0.919703 0.907601 0.902749 0.822693 0.935350 0.913025 0.986210
0.909745 0.619246 0.900694 0.979686 0.821718 0.835332 0.590647 0.805564 0.473613 0.000000 0.770072 0.924963 0.694255 0.784150 0.682440 0.761374 0.924316 0.929705 0.548578 0.802104 0.795568 0.977481 0.585431 0.879887 0.725230 0.597236 0.998482 0.681336 0.632985 0.536575 0.692689 0.621641 0.891925 0.863820 0.720119 0.853636 0.794718 0.844830 0.705906 0.568542 0.857623 0.882070 0.757782 0.905226 0.906109 0.971157 0.648596 0.961612 0.841290 0.779797 0.774703 0.856200 0.789199 0.759553 0.857468 0.764094 0.797533 0.678506 0.787101 0.847895 0.842248 0.865270 0.967047 0.935450 0.977981 0.690675 0.713579 0.567580 0.696091 0.799569 0.919929 0.722625 0.757994 0.907507 0.969176 0.979860 0.884399 0.976599 0.955031 0.946148 0.971078 0.838551 0.958935 0.708298 0.941323 0.690007 0.941864 0.741984 0.925741 0.939004 0.830220 0.663147 0.924657 0.766418 0.957075 0.931859 0.857583 0.861100 0.892159 0.740295 0.970336 0.716178 0.977197 0.937321 0.840374 0.782302 0.999052 0.875732 0.895754 0.892176 0.916754 0.983495 0.898432 0.942328 0.762085 0.854324
0.603422 0.973256 0.904011 0.884647 0.961610 0.870557 0.705328 0.727270 0.831685 0.770072 0.000000 0.704660 0.679825 0.708172 0.836218 0.836035 0.728591 0.713533 0.621130 0.670780 0.872749 0.968137 0.941682 0.945332 0.985186 0.966642 0.847294 0.979655 0.683938 0.602832 0.788735 0.682862 0.640129 0.586005 0.913502 0.970566 0.932154 0.923441 0.859971 0.952375 0.959501 0.789513 0.907845 0.800955 0.893788 0.802025 0.943096 0.808950 0.831583 0.829654 0.873138 0.823444 0.851111 0.984566 0.998141 0.724700 0.839159 0.894329 0.731311 0.803579 0.651685 0.737264 0.731396 0.692303 0.987021 0.992312 0.734083 0.853158 0.933448 0.943606 0.876607 0.898057 0.921656 0.992342 0.942822 0.999656 0.936150 0.933696 0.864610 0.930440 0.754585 0.728545 0.992536 0.832572 0.998464 0.958196 0.833759 0.998075 0.912819 0.842444 0.744379 0.935484 0.783635 0.990496 0.928753 0.955136 0.789023 0.902311 0.800848 0.776667 0.735532 0.839971 0.729953 0.838719 0.993280 0.865127 0.988225 0.932821 0.946283 0.875083 0.879124 0.991498 0.885657 0.816080 0.935588 0.944078
0.757203 0.763929 0.690413 0.709704 0.936931 0.766837 0.750264 0.666641 0.978954 0.924963 0.704660 0.000000 0.754194 0.632266 0.959533 0.781877 0.885248 0.921907 0.824363 0.799625 0.946523 0.965568 0.960760 0.742154 0.700684 0.709186 0.919015 0.999317 0.890142 0.940605 0.892811 0.918458 0.673481 0.693313 0.806301 0.823069 0.783678 0.878640 0.944705 0.836549 0.951409 0.941569 0.785643 0.861055 0.989110 0.987071 0.828712 0.854085 0.886788 0.996211 0.855855 0.815294 0.962523 0.867475 0.820330 0.673941 0.856149 0.928506 0.771103 0.863908 0.666907 0.541986 0.915817 0.895086 0.790073 0.626983 0.545375 0.659870 0.982535 0.974577 0.890119 0.968620 0.886433 0.904021 0.911303 0.802455 0.967385 0.867242 0.965397 0.917087 0.969007 0.656150 0.844527 0.834474 0.808589 0.646208 0.963835 0.989274 0.881839 0.788748 0.694866 0.921729 0.621297 0.834980 0.920809 0.856653 0.717253 0.935767 0.911016 0.825274 0.678382 0.797235 0.864128 0.927064 0.864426 0.725785 0.962827 0.883876 0.912882 0.972358 0.974818 0.943524 0.976840 0.920769 0.864905 0.996429
0.858665 0.955358 0.711359 0.891239 0.672835 0.851953 0.447076 0.776424 0.596791 0.694255 0.679825 0.754194 0.000000 0.435076 0.408609 0.411072 0.862922 0.820107 0.433272 0.622464 0.922772 0.889094 0.436349 0.571730 0.928972 0.845952 0.988937 0.940703 0.616212 0.652196 0.725496 0.656672 0.560090 0.658127 0.918903 0.965755 0.845455 0.992909 0.885421 0.871441 0.987497 0.979276 0.797205 0.832829 0.692685 0.809918 0.926362 0.831096 0.912638 0.937060 0.978690 0.915906 0.797388 0.880772 0.842791 0.948971 0.979633 0.810971 0.947875 0.698217 0.454287 0.655389 0.846699 0.903055 0.595827 0.919209 0.894973 0.972410 0.718778 0.760166 0.732600 0.861072 0.796361 0.774897 0.953460 0.796959 0.770749 0.807081 0.958716 0.984418 0.943246 0.983027 0.764510 0.894515 0.506960 0.784981 0.846078 0.718957 0.744256 0.857659 0.616201 0.600393 0.736347 0.726343 0.991206 0.985949 0.996806 0.828796 0.670405 0.506279 0.839633 0.600410 0.938403 0.888155 0.813989 0.990638 0.979130 0.863526 0.905876 0.948236 0.926164 0.802430 0.757995 0.906764 0.938058 0.823755
0.903679 0.955509 0.683065 0.830493 0.687773 0.799589 0.513043 0.761815 0.667429 0.784150 0.708172 0.632266 0.435076 0.000000 0.610929 0.522170 0.938297 0.954454 0.539814 0.662525 0.930396 0.815365 0.575325 0.553854 0.891660 0.979979 0.967485 0.962280 0.704839 0.844411 0.838019 0.780697 0.596410 0.649374 0.775080 0.915605 0.899359 0.969246 0.968381 0.974280 0.951153 0.982589 0.843606 0.849788 0.770878 0.847545 0.872675 0.759728 0.996790 0.956183 0.989649 0.869753 0.879586 0.894076 0.976722 0.894138 0.971594 0.832617 0.936762 0.816108 0.469711 0.556756 0.843928 0.911811 0.642856 0.793357 0.767134 0.860845 0.752545 0.831595 0.782227 0.878705 0.942301 0.821502 0.989392 0.734888 0.837263 0.866409 0.986974 0.962940 0.907415 0.844818 0.744089 0.859485 0.523505 0.678723 0.902285 0.707750 0.676723 0.744022 0.611508 0.685050 0.698490 0.756128 0.915069 0.976840 0.933267 0.872393 0.762860 0.615619 0.842006 0.731128 0.994842 0.988227 0.867508 0.962628 0.932693 0.920715 0.942048 0.882999 0.965571 0.911973 0.874002 0.882834 0.993100 0.957902
0.998184 0.886622 0.888200 0.845937 0.685783 0.884742 0.634540 0.958686 0.605537 0.682440 0.836218 0.959533 0.408609 0.610929 0.000000 0.422096 0.865249 0.804313 0.617238 0.823367 0.944580 0.924000 0.397503 0.697963 0.965352 0.770137 0.906130 0.977292 0.557342 0.653663 0.677205 0.719939 0.630531 0.817767 0.874251 0.956118 0.822285 0.842489 0.751139 0.768407 0.972731 0.976392 0.924060 0.930967 0.670455 0.828489 0.960973 0.986461 0.845103 0.924667 0.927875 0.996606 0.758949 0.763227 0.837690 0.879514 0.863062 0.843373 0.824952 0.585986 0.634968 0.858334 0.853063 0.860345 0.659751 0.867265 0.920194 0.783740 0.582821 0.710719 0.840482 0.937413 0.818124 0.870510 0.973734 0.836970 0.821279 0.837396 0.969868 0.984116 0.957348 0.851776 0.689662 0.922151 0.561881 0.922605 0.789693 0.682409 0.887032 0.964520 0.796421 0.695594 0.975569 0.838282 0.983065 0.914380 0.836990 0.721446 0.711083 0.611044 0.914106 0.774396 0.888928 0.976492 0.966955 0.861010 0.893797 0.922018 0.961751 0.919793 0.980525 0.730663 0.801251 0.917190 0.983866 0.856828
0.945186 0.970980 0.723448 0.878215 0.635295 0.778449 0.593584 0.838149 0.558937 0.761374 0.836035 0.781877 0.411072 0.522170 0.422096 0.000000 0.957670 0.894434 0.614637 0.746597 0.973267 0.937739 0.439601 0.488977 0.804749 0.974301 0.820912 0.960172 0.699188 0.806541 0.734982 0.828133 0.708913 0.857842 0.883098 0.989538 0.936180 0.981516 0.956894 0.928819 0.955718 0.985490 0.815077 0.918584 0.853250 0.957200 0.955361 0.959729 0.970511 0.911765 0.849903 0.966875 0.903852 0.922777 0.859022 0.984980 0.861012 0.817159 0.792359 0.586882 0.694746 0.732957 0.981507 0.950108 0.476995 0.869846 0.989837 0.882284 0.639481 0.743693 0.765444 0.967331 0.866526 0.837973 0.935456 0.820362 0.846726 0.836050 0.979903 0.991371 0.811894 0.993567 0.681205 0.900988 0.495454 0.710965 0.793092 0.772111 0.828297 0.842388 0.675273 0.559469 0.798055 0.624723 0.981796 0.944746 0.859163 0.664258 0.832066 0.639589 0.969347 0.732808 0.787802 0.977258 0.847983 0.988328 0.862005 0.931780 0.906220 0.920776 0.916369 0.793028 0.778339 0.832945 0.914705 0.987742
0.707893 0.744184 0.795993 0.828783 0.979514 0.881485 0.987048 0.911168 0.976840 0.924316 0.728591 0.885248 0.862922 0.938297 0.865249 0.957670 0.000000 0.500212 0.860414 0.931011 0.998333 0.994841 0.984136 0.821902 0.808152 0.889089 0.857010 0.934913 0.699324 0.614525 0.747562 0.745781 0.751552 0.724053 0.903088 0.925634 0.990893 0.985992 0.771291 0.988804 0.965324 0.844621 0.937352 0.704657 0.719711 0.635504 0.906633 0.926094 0.735210 0.685260 0.708363 0.733899 0.725659 0.781917 0.949640 0.838053 0.690089 0.703458 0.803897 0.941310 0.852526 0.906002 0.538585 0.556831 0.773447 0.766916 0.985880 0.930851 0.977748 0.930435 0.905975 0.929255 0.974394 0.931129 0.921959 0.828415 0.827154 0.889027 0.657070 0.695485 0.624898 0.946618 0.898259 0.844324 0.930752 0.881853 0.904359 0.894606 0.975037 0.919625 0.978573 0.903558 0.883676 0.796722 0.926883 0.868200 0.934364 0.888450 0.822533 0.906697 0.937778 0.883903 0.713589 0.731460 0.961250 0.998308 0.937039 0.979831 0.993440 0.946804 0.887370 0.849821 0.920620 0.794632 0.917477 0.908098
0.646942 0.702860 0.739087 0.796553 0.932399 0.986552 0.967544 0.839067 0.880808 0.929705 0.713533 0.921907 0.820107 0.954454 0.804313 0.894434 0.500212 0.000000 0.889567 0.854191 0.967790 0.854854 0.955997 0.868581 0.956413 0.914689 0.929362 0.802847 0.682629 0.712062 0.774649 0.831883 0.707950 0.824579 0.860885 0.857655 0.943306 0.928790 0.846037 0.991744 0.885934 0.751659 0.897203 0.728606 0.761673 0.702931 0.850807 0.901263 0.745421 0.768344 0.759501 0.778320 0.808927 0.857724 0.970531 0.783837 0.669510 0.644520 0.797424 0.927067 0.885228 0.856995 0.553512 0.556358 0.871254 0.777331 0.922682 0.907542 0.929384 0.986305 0.918370 0.968460 0.954064 0.887305 0.960192 0.977260 0.791548 0.864383 0.666685 0.783900 0.676102 0.827771 0.836063 0.657116 0.960823 0.961639 0.968817 0.848235 0.977489 0.935501 0.935240 0.887272 0.935389 0.809446 0.950672 0.810287 0.909677 0.940052 0.797735 0.915864 0.893372 0.945319 0.858712 0.792458 0.941960 0.994686 0.850935 0.943479 0.962159 0.966365 0.999897 0.862986 0.960918 0.779358 0.871627 0.968345
0.813409 0.897819 0.698750 0.814644 0.822232 0.946954 0.392170 0.626714 0.545419 0.548578 0.621130 0.824363 0.433272 0.539814 0.617238 0.614637 0.860414 0.889567 0.000000 0.606020 0.904284 0.878158 0.547751 0.705489 0.909249 0.782114 0.942633 0.834085 0.631144 0.544640 0.710086 0.632172 0.671596 0.600007 0.873714 0.929630 0.775157 0.947794 0.796354 0.832116 0.969658 0.998070 0.880417 0.842219 0.804830 0.822812 0.942482 0.746933 0.856284 0.761929 0.959047 0.921924 0.833679 0.893327 0.904110 0.975488 0.983214 0.799906 0.992791 0.938547 0.538389 0.660550 0.849406 0.935923 0.799590 0.999963 0.924642 0.890198 0.871763 0.832166 0.736631 0.792019 0.705516 0.781747 0.967167 0.901413 0.767456 0.933457 0.953419 0.970247 0.931850 0.900939 0.923911 0.927094 0.688919 0.921838 0.921096 0.759939 0.739791 0.870091 0.528774 0.537685 0.710175 0.691233 0.977086 0.959641 0.896585 0.919809 0.729612 0.563571 0.803706 0.578523 0.976884 0.881006 0.969558 0.994160 0.941249 0.749074 0.953662 0.974968 0.809016 0.800575 0.795923 0.923614 0.956404 0.820858
0.861940 0.981990 0.785274 0.774570 0.957369 0.949038 0.603645 0.678988 0.850180 0.802104 0.670780 0.799625 0.622464 0.662525 0.823367 0.746597 0.931011 0.854191 0.606020 0.000000 0.815277 0.749353 0.786528 0.780179 0.907247 0.991514 0.966101 0.893181 0.840278 0.698622 0.913152 0.772645 0.842254 0.759515 0.823917 0.977051 0.910766 0.840073 0.962734 0.962692 0.966945 0.955356 0.907587 0.851003 0.954125 0.977358 0.996719 0.858359 0.925225 0.952699 0.917186 0.930407 0.861238 0.897848 0.962412 0.791720 0.934129 0.917438 0.998690 0.983760 0.754990 0.797934 0.983011 0.948388 0.821961 0.876050 0.911727 0.980628 0.912466 0.921452 0.693275 0.763592 0.830631 0.806531 0.790156 0.962562 0.749159 0.980532 0.933702 0.911046 0.988195 0.843903 0.920828 0.845569 0.827137 0.870533 0.953193 0.843214 0.683029 0.867341 0.781900 0.749740 0.726976 0.774196 0.984844 0.979393 0.916806 0.984135 0.848668 0.777271 0.832536 0.728355 0.950065 0.927277 0.913444 0.911512 0.873204 0.815160 0.963551 0.895152 0.876009 0.995678 0.868067 0.991374 0.981427 0.929121
0.872285 0.845041 0.967715 0.978002 0.843161 0.775264 0.878994 0.998268 0.876806 0.795568 0.872749 0.946523 0.922772 0.930396 0.944580 0.973267 0.998333 0.967790 0.904284 0.815277 0.000000 0.883455 0.752191 0.956596 0.826236 0.783866 0.969644 0.820063 0.956612 0.910789 0.913446 0.809766 0.989204 0.869633 0.958476 0.977724 0.857219 0.837517 0.830380 0.663938 0.898677 0.785602 0.740551 0.764097 0.857991 0.767308 0.792399 0.869279 0.863066 0.992233 0.803626 0.861120 0.989522 0.913775 0.904716 0.897022 0.779159 0.719060 0.817808 0.912496 0.997750 0.903978 0.847390 0.921550 0.974391 0.930100 0.813883 0.748877 0.909563 0.721657 0.903520 0.874768 0.846048 0.841909 0.922279 0.980285 0.995854 0.942375 0.932625 0.978793 0.837658 0.907748 0.958843 0.825874 0.903433 0.835016 0.958048 0.821500 0.998451 0.990289 0.947240 0.868515 0.868924 0.905577 0.924428 0.813632 0.897478 0.946519 0.939184 0.976862 0.818713 0.834826 0.947041 0.799035 0.937699 0.937608 0.877946 0.978130 0.961040 0.898931 0.984329 0.908925 0.900438 0.881439 0.882035 0.964671
0.974402 0.994035 0.967320 0.967999 0.938010 0.963514 0.883110 0.997267 0.971806 0.977481 0.968137 0.965568 0.889094 0.815365 0.924000 0.937739 0.994841 0.854854 0.878158 0.749353 0.883455 0.000000 0.924841 0.911460 0.983726 0.926197 0.983055 0.988202 0.888770 0.971934 0.980227 0.953285 0.847744 0.925119 0.981619 0.989834 0.984180 0.817610 0.980406 0.945008 0.996506 0.866560 0.984775 0.972839 0.992293 0.981856 0.993514 0.914611 0.956417 0.985095 0.938694 0.910745 0.849681 0.969214 0.955094 0.962970 0.958601 0.948653 0.922612 0.950484 0.985107 0.934595 0.974678 0.938994 0.954068 0.972044 0.993058 0.933691 0.967932 0.915772 0.827771 0.972341 0.942313 0.969397 0.922451 0.905514 0.886697 0.965582 0.971152 0.877501 0.925072 0.975933 0.988826 0.919615 0.867092 0.985132 0.905641 0.786772 0.745373 0.816629 0.997932 0.926458 0.982259 0.849142 0.822110 0.758456 0.997775 0.946090 0.960173 0.941283 0.939534 0.871701 0.932771 0.917922 0.914358 0.975309 0.941587 0.954640 0.985661 0.948749 0.990527 0.996687 0.907653 0.965061 0.974590 0.891503
0.907337 0.787826 0.773228 0.939747 0.558982 0.939014 0.570579 0.988801 0.496820 0.585431 0.941682 0.960760 0.436349 0.575325 0.397503 0.439601 0.984136 0.955997 0.547751 0.786528 0.752191 0.924841 0.000000 0.565277 0.979498 0.681586 0.832925 0.881184 0.661740 0.728072 0.744413 0.784002 0.714947 0.934146 0.923082 0.936756 0.802850 0.886162 0.768300 0.655486 0.924854 0.860623 0.973823 0.897264 0.787608 0.997850 0.865440 0.955903 0.937509 0.962227 0.806150 0.971509 0.803304 0.751348 0.773162 0.823001 0.780300 0.731072 0.735081 0.626213 0.657773 0.762476 0.978675 0.984905 0.575358 0.929411 0.858855 0.689948 0.688789 0.669989 0.832820 0.886867 0.806201 0.831550 0.965358 0.855989 0.879423 0.916340 0.999404 0.916905 0.874939 0.902691 0.689368 0.979680 0.453406 0.914709 0.793207 0.585904 0.801410 0.889266 0.755235 0.550187 0.950873 0.690759 0.997765 0.996777 0.860460 0.711928 0.816589 0.603477 0.941673 0.699123 0.772439 0.916069 0.955255 0.859777 0.966749 0.960157 0.975317 0.934582 0.974190 0.830448 0.818729 0.981808 0.993123 0.958400
0.934477 0.968831 0.564103 0.676754 0.703293 0.768249 0.644285 0.730671 0.635237 0.879887 0.945332 0.742154 0.571730 0.553854 0.697963 0.488977 0.821902 0.868581 0.705489 0.780179 0.956596 0.911460 0.565277 0.000000 0.652709 0.905155 0.782583 0.962921 0.939354 0.976570 0.937771 0.970177 0.819581 0.884583 0.854516 0.988653 0.983587 0.793747 0.908457 0.983712 0.892011 0.919840 0.850391 0.945396 0.960474 0.846243 0.953169 0.959879 0.765291 0.766670 0.804767 0.969690 0.907154 0.943343 0.887291 0.987804 0.818670 0.812365 0.844386 0.755190 0.731650 0.611469 0.836388 0.799504 0.434898 0.632701 0.840837 0.948914 0.857551 0.819491 0.774780 0.992878 0.946534 0.976971 0.900943 0.852623 0.952792 0.803074 0.974963 0.820189 0.705496 0.953909 0.766661 0.921093 0.499675 0.565979 0.714610 0.827642 0.688308 0.878622 0.711593 0.636947 0.733594 0.600874 0.943717 0.794915 0.931370 0.890258 0.985724 0.743026 0.889561 0.792597 0.622642 0.965193 0.756839 0.789650 0.922948 0.932450 0.874129 0.956238 0.984111 0.970239 0.813894 0.993013 0.909273 0.877584
0.958397 0.761386 0.589364 0.564111 0.927323 0.562235 0.887079 0.694005 0.905294 0.725230 0.985186 0.700684 0.928972 0.891660 0.965352 0.804749 0.808152 0.956413 0.909249 0.907247 0.826236 0.983726 0.979498 0.652709 0.000000 0.496195 0.746953 0.778126 0.812312 0.770216 0.970335 0.764673 0.877305 0.902896 0.817615 0.896948 0.720607 0.665625 0.574271 0.636489 0.863564 0.923327 0.752475 0.977965 0.747292 0.798559 0.761729 0.954202 0.632114 0.574617 0.865037 0.949938 0.657207 0.580386 0.796506 0.836226 0.995678 0.943151 0.996045 0.973639 0.927939 0.710553 0.756355 0.762574 0.522287 0.426460 0.627671 0.634525 0.927540 0.958173 0.968892 0.899170 0.950201 0.930348 0.972222 0.971966 0.953810 0.765400 0.892234 0.973138 0.875724 0.734266 0.919375 0.718273 0.791170 0.442135 0.702696 0.773597 0.739623 0.885595 0.843619 0.892769 0.625192 0.714262 0.899342 0.719814 0.876872 0.940028 0.876012 0.980842 0.717134 0.969408 0.768686 0.918270 0.675469 0.648031 0.975196 0.958290 0.900711 0.832169 0.950972 0.911862 0.983909 0.934154 0.819152 0.797729
0.881725 0.640723 0.741918 0.601457 0.816419 0.511247 0.921622 0.736684 0.756055 0.597236 0.966642 0.709186 0.845952 0.979979 0.770137 0.974301 0.889089 0.914689 0.782114 0.991514 0.783866 0.926197 0.681586 0.905155 0.496195 0.000000 0.930405 0.636666 0.745916 0.680368 0.877055 0.830057 0.982627 0.859882 0.825969 0.914558 0.711330 0.806396 0.579045 0.527004 0.832880 0.940505 0.686941 0.860465 0.760676 0.887959 0.702803 0.911167 0.726209 0.709713 0.950013 0.924086 0.723748 0.632443 0.709337 0.700335 0.875008 0.772486 0.777333 0.831816 0.996116 0.827716 0.816336 0.837615 0.736069 0.444254 0.535966 0.515226 0.833588 0.867723 0.993028 0.796003 0.940978 0.964637 0.854555 0.960389 0.982859 0.822790 0.952098 0.944476 0.993223 0.632688 0.939930 0.797837 0.972531 0.504226 0.917512 0.659449 0.935512 0.823024 0.890945 0.978965 0.686163 0.845885 0.931465 0.733013 0.804536 0.811398 0.874574 0.873258 0.770674 0.856410 0.999985 0.999199 0.769311 0.656353 0.930998 0.986905 0.950337 0.838174 0.977266 0.979669 0.986038 0.947060 0.877166 0.797781
0.846212 0.945627 0.931459 0.943244 0.867812 0.895472 0.955358 0.970218 0.903096 0.998482 0.847294 0.919015 0.988937 0.967485 0.906130 0.820912 0.857010 0.929362 0.942633 0.966101 0.969644 0.983055 0.832925 0.782583 0.746953 0.930405 0.000000 0.942552 0.941257 0.823845 0.972314 0.804334 0.912067 0.839813 0.969139 0.825324 0.912050 0.854931 0.880946 0.984590 0.980377 0.899039 0.896312 0.793587 0.812475 0.756387 0.971884 0.876183 0.751490 0.713114 0.768504 0.842474 0.879015 0.919982 0.936764 0.862211 0.801050 0.902081 0.793347 0.799577 0.890094 0.985188 0.815881 0.781916 0.709871 0.856746 0.904259 0.917148 0.989922 0.913681 0.981435 0.908292 0.941827 0.855512 0.912762 0.996402 0.919738 0.994555 0.899804 0.938080 0.858734 0.918462 0.829523 0.923025 0.801619 0.827219 0.758634 0.918013 0.858277 0.997018 0.969100 0.847766 0.986592 0.879906 0.994186 0.948795 0.984724 0.965456 0.875978 0.953168 0.881352 0.915687 0.641050 0.761915 0.997913 0.874142 0.899137 0.940104 0.980286 0.979924 0.939226 0.978045 0.957823 0.965633 0.844355 0.751138
0.854816 0.698413 0.980710 0.963375 0.896883 0.683168 0.886476 0.954257 0.823690 0.681336 0.979655 0.999317 0.940703 0.962280 0.977292 0.960172 0.934913 0.802847 0.834085 0.893181 0.820063 0.988202 0.881184 0.962921 0.778126 0.636666 0.942552 0.000000 0.921579 0.807912 0.991499 0.982419 0.862754 0.962396 0.710475 0.890584 0.934615 0.974272 0.763254 0.735184 0.862573 0.835882 0.768795 0.843429 0.972837 0.980371 0.809911 0.955456 0.959164 0.889412 0.872562 0.872973 0.967055 0.880176 0.766866 0.843943 0.896774 0.771339 0.838617 0.995878 0.961863 0.973801 0.967595 0.911259 0.844588 0.807110 0.753368 0.718886 0.953425 0.962248 0.940210 0.806018 0.877632 0.976989 0.840046 0.996307 0.920249 0.886571 0.900349 0.863392 0.903990 0.874410 0.915952 0.783783 0.925644 0.750883 0.943430 0.832148 0.850546 0.876422 0.989664 0.885423 0.890827 0.986951 0.981747 0.934157 0.914988 0.918485 0.914214 0.958339 0.996141 0.905443 0.915600 0.973107 0.812161 0.780626 0.881820 0.947372 0.955148 0.909733 0.992270 0.968219 0.984806 0.946114 0.917302 0.966329
0.853395 0.869601 0.995904 0.797023 0.886193 0.947811 0.700678 0.982501 0.764053 0.632985 0.683938 0.890142 0.616212 0.704839 0.557342 0.699188 0.699324 0.682629 0.631144 0.840278 0.956612 0.888770 0.661740 0.939354 0.812312 0.745916 0.941257 0.921579 0.000000 0.497795 0.705522 0.629912 0.585975 0.694426 0.988993 0.921923 0.894654 0.813016 0.699431 0.701877 0.934525 0.888151 0.962036 0.858375 0.710315 0.735231 0.902999 0.933111 0.732777 0.739800 0.975098 0.998086 0.712417 0.787580 0.947276 0.903808 0.924709 0.903288 0.951042 0.823867 0.734780 0.932017 0.645085 0.680685 0.963567 0.693633 0.919726 0.809610 0.730033 0.764486 0.984317 0.756384 0.823727 0.876108 0.901803 0.865404 0.934771 0.918366 0.822925 0.928806 0.773310 0.976202 0.824682 0.986660 0.857298 0.853886 0.849025 0.718022 0.971927 0.903785 0.859434 0.874707 0.977821 0.935520 0.999064 0.809493 0.956113 0.766733 0.679907 0.754522 0.986436 0.823917 0.889408 0.896968 0.829086 0.729598 0.952636 0.900538 0.754308 0.878027 0.908423 0.793648 0.914175 0.812639 0.952013 0.788008
0.749959 0.922493 0.986709 0.917914 0.974565 0.858220 0.632709 0.845137 0.709199 0.536575 0.602832 0.940605 0.652196 0.844411 0.653663 0.806541 0.614525 0.712062 0.544640 0.698622 0.910789 0.971934 0.728072 0.976570 0.770216 0.680368 0.823845 0.807912 0.497795 0.000000 0.658825 0.549128 0.726862 0.700338 0.774746 0.914519 0.910037 0.874913 0.611707 0.700316 0.960448 0.907613 0.980350 0.849037 0.779637 0.747196 0.855745 0.899028 0.705616 0.683561 0.983514 0.976745 0.771910 0.850128 0.939015 0.998643 0.891131 0.989240 0.995592 0.969824 0.754228 0.977641 0.738528 0.725478 0.866758 0.692389 0.922390 0.768099 0.866373 0.986427 0.852517 0.708938 0.689349 0.797255 0.964078 0.868151 0.886930 0.987727 0.776091 0.842122 0.686458 0.962970 0.935942 0.968940 0.978020 0.792329 0.885050 0.811342 0.910425 0.950317 0.775392 0.814263 0.985183 0.940835 0.928065 0.911490 0.993448 0.954060 0.691282 0.707223 0.963288 0.610681 0.787209 0.738215 0.900053 0.849897 0.976460 0.875814 0.945236 0.983675 0.796490 0.836610 0.869208 0.847698 0.912715 0.754191
0.895716 0.997092 0.945958 0.963666 0.993917 0.901570 0.762633 0.951078 0.766417 0.692689 0.788735 0.892811 0.725496 0.838019 0.677205 0.734982 0.747562 0.774649 0.710086 0.913152 0.913446 0.980227 0.744413 0.937771 0.970335 0.877055 0.972314 0.991499 0.705522 0.658825 0.000000 0.791844 0.726237 0.755652 0.961876 0.857057 0.995724 0.993243 0.894631 0.910730 0.990588 0.882619 0.997953 0.973269 0.801197 0.842792 0.867128 0.994539 0.843496 0.795373 0.994336 0.920687 0.824991 0.873540 0.903284 0.930861 0.993598 0.956447 0.936363 0.889443 0.849822 0.949588 0.776947 0.805478 0.955123 0.815427 0.976069 0.890951 0.794691 0.882827 0.913017 0.990764 0.887639 0.955495 0.882740 0.961993 0.761256 0.975479 0.910537 0.752266 0.774390 0.966632 0.829544 0.932448 0.874699 0.977245 0.952363 0.875369 0.921875 0.903753 0.891269 0.834435 0.970847 0.843715 0.958674 0.980668 0.938579 0.991018 0.897179 0.750756 0.928670 0.780946 0.985636 0.987243 0.987075 0.965841 0.757899 0.911123 0.971761 0.925015 0.993845 0.927663 0.948809 0.862070 0.988974 0.892565
0.738457 0.976491 0.905636 0.990832 0.950284 0.876342 0.631015 0.803340 0.785658 0.621641 0.682862 0.918458 0.656672 0.780697 0.719939 0.828133 0.745781 0.831883 0.632172 0.772645 0.809766 0.953285 0.784002 0.970177 0.764673 0.830057 0.804334 0.982419 0.629912 0.549128 0.791844 0.000000 0.676584 0.731318 0.887893 0.972603 0.872249 0.845751 0.819331 0.757198 0.909443 0.913058 0.989212 0.864570 0.814737 0.826422 0.961027 0.828568 0.842786 0.764426 0.972360 0.977422 0.726861 0.856269 0.981236 0.935770 0.966854 0.859028 0.985340 0.980970 0.689108 0.886710 0.768127 0.802929 0.939772 0.809259 0.968128 0.856467 0.808947 0.927766 0.842184 0.705734 0.736000 0.769866 0.902335 0.819239 0.905116 0.910482 0.898956 0.868196 0.793966 0.999011 0.971191 0.995590 0.922491 0.849487 0.829682 0.832051 0.950814 0.999757 0.824533 0.851693 0.947182 0.952592 0.998613 0.916618 0.967402 0.934039 0.673971 0.698099 0.992446 0.714374 0.779953 0.850934 0.967243 0.962902 0.907872 0.832840 0.996168 0.921846 0.848388 0.918908 0.909767 0.959931 0.866939 0.731956
0.799406 0.939201 0.810783 0.994273 0.899165 0.812838 0.619111 0.848755 0.864500 0.891925 0.640129 0.673481 0.560090 0.596410 0.630531 0.708913 0.751552 0.707950 0.671596 0.842254 0.989204 0.847744 0.714947 0.819581 0.877305 0.982627 0.912067 0.862754 0.585975 0.726862 0.726237 0.676584 0.000000 0.586448 0.741422 0.917317 0.969235 0.994578 0.907718 0.962040 0.911834 0.871042 0.826369 0.772907 0.706883 0.777949 0.837436 0.838829 0.916184 0.880187 0.834929 0.809716 0.774874 0.924966 0.977804 0.799112 0.863327 0.976361 0.818540 0.975484 0.509839 0.673803 0.674256 0.701401 0.813721 0.930587 0.696512 0.825157 0.779863 0.844490 0.910196 0.861524 0.867624 0.916359 0.976902 0.796653 0.925214 0.860283 0.926858 0.854891 0.839383 0.838025 0.877375 0.767729 0.710077 0.813586 0.974612 0.822481 0.896131 0.881522 0.699648 0.885751 0.740557 0.965685 0.991382 0.984186 0.717454 0.969895 0.666423 0.608846 0.720180 0.791494 0.823120 0.879353 0.873272 0.888651 0.966434 0.999647 0.946408 0.917110 0.750906 0.881260 0.956141 0.879134 0.887490 0.778612
0.655706 0.873133 0.773500 0.841667 0.952040 0.761671 0.644525 0.685995 0.882260 0.863820 0.586005 0.693313 0.658127 0.649374 0.817767 0.857842 0.724053 0.824579 0.600007 0.759515 0.869633 0.925119 0.934146 0.884583 0.902896 0.859882 0.839813 0.962396 0.694426 0.700338 0.755652 0.731318 0.586448 0.000000 0.867179 0.914831 0.992130 0.930046 0.968069 0.937479 0.893428 0.856348 0.689985 0.630580 0.713652 0.634928 0.758845 0.637650 0.802543 0.788211 0.739327 0.721905 0.812222 0.962774 0.795161 0.752009 0.785749 0.929425 0.671112 0.825488 0.499340 0.645444 0.693907 0.773705 0.938454 0.848194 0.623820 0.690974 0.879143 0.946496 0.841439 0.795549 0.916476 0.864550 0.867355 0.838400 0.755245 0.826653 0.920053 0.719297 0.735266 0.782789 0.983928 0.906154 0.867889 0.774348 0.888633 0.990423 0.847740 0.806029 0.586887 0.863171 0.621624 0.903891 0.973149 0.891338 0.800395 0.826649 0.663220 0.658309 0.622814 0.731779 0.721046 0.779158 0.944939 0.804890 0.983010 0.825926 0.952958 0.914367 0.651828 0.705347 0.835715 0.725030 0.889348 0.878179
0.950671 0.784716 0.998233 0.893849 0.856401 0.682099 0.900606 0.813064 0.961883 0.720119 0.913502 0.806301 0.918903 0.775080 0.874251 0.883098 0.903088 0.860885 0.873714 0.823917 0.958476 0.981619 0.923082 0.854516 0.817615 0.825969 0.969139 0.710475 0.988993 0.774746 0.961876 0.887893 0.741422 0.867179 0.000000 0.776459 0.847155 0.966965 0.802391 0.865793 0.843566 0.988837 0.792436 0.895200 0.757176 0.877115 0.712517 0.911639 0.988445 0.987350 0.743971 0.699645 0.807395 0.831572 0.836544 0.787931 0.972611 0.881230 0.810409 0.988325 0.794298 0.866087 0.796891 0.811358 0.809578 0.801094 0.650696 0.634678 0.907063 0.945010 0.930399 0.847612 0.856282 0.993177 0.855617 0.880204 0.990315 0.693404 0.922398 0.865673 0.945492 0.928721 0.820456 0.867327 0.748364 0.720692 0.841341 0.903008 0.962713 0.924808 0.907936 0.894020 0.893841 0.898990 0.871533 0.954070 0.921745 0.986794 0.836493 0.904441 0.988941 0.979559 0.912364 0.937708 0.874817 0.842070 0.877553 0.973848 0.827672 0.971857 0.965895 0.932412 0.969302 0.872801 0.829607 0.932180
0.885377 0.829123 0.907791 0.944112 0.972710 0.895948 0.880154 0.893004 0.866282 0.853636 0.970566 0.823069 0.965755 0.915605 0.956118 0.989538 0.925634 0.857655 0.929630 0.977051 0.977724 0.989834 0.936756 0.988653 0.896948 0.914558 0.825324 0.890584 0.921923 0.914519 0.857057 0.972603 0.917317 0.914831 0.776459 0.000000 0.847415 0.924828 0.856117 0.923517 0.844077 0.941588 0.973132 0.993269 0.932657 0.994170 0.873973 0.926157 0.952608 0.991898 0.818133 0.843598 0.939000 0.981619 0.893828 0.812559 0.951984 0.894186 0.806824 0.874527 0.880522 0.911854 0.871301 0.844455 0.978268 0.906029 0.805698 0.763862 0.993065 0.948127 0.901563 0.842051 0.919069 0.887415 0.984741 0.946682 0.888968 0.995573 0.959379 0.758395 0.988233 0.956841 0.811504 0.908048 0.927609 0.899044 0.946799 0.984792 0.918096 0.995986 0.969625 0.849879 0.924842 0.888139 0.989340 0.963517 0.864942 0.841594 0.914611 0.959505 0.972940 0.936815 0.940831 0.853985 0.864954 0.796530 0.965687 0.910539 0.869968 0.996036 0.890102 0.916493 0.984215 0.921371 0.841834 0.912898
0.943806 0.758520 0.866051 0.833085 0.811407 0.858580 0.882827 0.923502 0.768654 0.794718 0.932154 0.783678 0.845455 0.899359 0.822285 0.936180 0.990893 0.943306 0.775157 0.910766 0.857219 0.984180 0.802850 0.983587 0.720607 0.711330 0.912050 0.934615 0.894654 0.910037 0.995724 0.872249 0.969235 0.992130 0.847155 0.847415 0.000000 0.874681 0.656708 0.845613 0.850161 0.941853 0.811569 0.873216 0.937822 0.995099 0.748151 0.860640 0.984839 0.914611 0.900218 0.943697 0.925907 0.836479 0.757767 0.888522 0.747782 0.720780 0.892000 0.828782 0.916534 0.942720 0.991689 0.981076 0.997955 0.832125 0.775304 0.769419 0.775202 0.832035 0.953347 0.920227 0.842603 0.974960 0.974563 0.866078 0.932566 0.946852 0.879555 0.906680 0.953307 0.738664 0.893441 0.907135 0.933972 0.823363 0.871314 0.876875 0.979540 0.968085 0.983347 0.927034 0.886002 0.928119 0.931874 0.877979 0.911117 0.847824 0.914310 0.977981 0.889056 0.880686 0.980247 0.992810 0.791210 0.873583 0.923030 0.948514 0.979349 0.945868 0.981532 0.956250 0.993287 0.925002 0.789821 0.895842
0.953487 0.932174 0.833533 0.781569 0.935567 0.895078 0.995621 0.859813 0.838345 0.844830 0.923441 0.878640 0.992909 0.969246 0.842489 0.981516 0.985992 0.928790 0.947794 0.840073 0.837517 0.817610 0.886162 0.793747 0.665625 0.806396 0.854931 0.974272 0.813016 0.874913 0.993243 0.845751 0.994578 0.930046 0.966965 0.924828 0.874681 0.000000 0.795740 0.735286 0.952951 0.991894 0.868191 0.955368 0.860152 0.938936 0.864066 0.973178 0.796962 0.761317 0.997734 0.976438 0.786649 0.815532 0.955513 0.886134 0.941918 0.920345 0.982079 0.902542 0.993597 0.894875 0.939851 0.877801 0.829199 0.726123 0.794689 0.819889 0.869523 0.829515 0.901904 0.974110 0.894126 0.922481 0.984771 0.897501 0.963154 0.893250 0.954117 0.911290 0.962841 0.914887 0.911644 0.819637 0.932796 0.735545 0.818281 0.981112 0.673182 0.862568 0.964508 0.990518 0.834406 0.834787 0.910783 0.841173 0.884090 0.842995 0.869380 0.987486 0.736691 0.965406 0.915220 0.992953 0.716403 0.701200 0.958249 0.979247 0.947724 0.870118 0.890289 0.954969 0.938046 0.996294 0.884152 0.858710
