0.000000 0.350837 0.933490 0.936158 0.765159 0.686573 0.690870 0.564962 0.724523 0.571937 0.480809 0.499598 0.839040 0.830307 0.948476 0.877518 0.355245 0.384678 0.494259 0.482749 0.881537 0.975607 0.757910 0.750876 0.728473 0.805463 0.832920 0.742192 0.556837 0.542880 0.951353 0.874882 0.588652 0.582114 0.909023 0.876871 0.901693 0.820583 0.989167 0.969829 0.748559 0.931751 0.594668 0.502333 0.489824 0.455242 0.741103 0.559225 0.501417 0.535413 0.639451 0.683824 0.818799 0.837056 0.904893 0.804329 0.309760 0.382413 0.493045 0.773757 0.492106 0.656055 0.546736 0.430824 0.720209 0.945349 0.723765 0.653377 0.662327 0.630707 0.775549 0.804071 0.889573 0.717146 0.913822 0.848083 0.605620 0.714933 0.809918 0.674627 0.420740 0.541569 0.943232 0.839520 0.840439 0.730943 0.961487 0.640847 0.828574 0.801712 0.586440 0.614921 0.743328 0.841596 0.833728 0.842330 0.648171 0.869260 0.376964 0.449332 0.597621 0.772755 0.496564 0.563532 0.891828 0.844276 0.864563 0.837837 0.940748 0.909853 0.642306 0.600235 0.648413 0.931975 0.859401 0.940348
0.350837 0.000000 0.710601 0.824547 0.875103 0.744339 0.906700 0.644038 0.940581 0.630024 0.599815 0.488372 0.974769 0.880972 0.774897 0.999652 0.413973 0.398848 0.610242 0.447086 0.867818 0.852730 0.645914 0.686899 0.739121 0.708429 0.907010 0.762727 0.597976 0.548460 0.912405 0.894369 0.624777 0.602912 0.912512 0.964240 0.860439 0.767279 0.944319 0.981783 0.765433 0.748042 0.675868 0.528789 0.547838 0.460359 0.883328 0.670329 0.507994 0.524011 0.686931 0.716372 0.983005 0.994850 0.839308 0.746137 0.282812 0.272456 0.632564 0.685292 0.639640 0.599304 0.724294 0.430952 0.622538 0.943472 0.822314 0.677944 0.715075 0.592661 0.729461 0.843647 0.891675 0.711186 0.992421 0.857613 0.654192 0.717440 0.826145 0.716208 0.463255 0.623567 0.964540 0.820753 0.697641 0.723953 0.895410 0.691106 0.670089 0.822120 0.662930 0.683365 0.798460 0.878345 0.797105 0.848100 0.655557 0.782399 0.438573 0.561877 0.527911 0.846500 0.608819 0.596717 0.989036 0.946182 0.898543 0.875901 0.956327 0.919222 0.644333 0.587867 0.620698 0.913970 0.931738 0.946356
0.933490 0.710601 0.000000 0.376069 0.931562 0.865149 0.504822 0.824402 0.661821 0.952497 0.943297 0.721674 0.883901 0.885064 0.677395 0.945184 0.913279 0.790178 0.718458 0.861459 0.949202 0.899748 0.381906 0.546022 0.576939 0.565847 0.975356 0.902308 0.958955 0.781950 0.486707 0.559654 0.655061 0.810703 0.639042 0.958159 0.805926 0.944231 0.671210 0.889940 0.890425 0.790974 0.775348 0.978560 0.975442 0.838868 0.671731 0.836820 0.704034 0.866465 0.986641 0.954057 0.737131 0.661082 0.716935 0.813882 0.788491 0.684792 0.789495 0.944296 0.896798 0.844237 0.902036 0.700274 0.398047 0.632253 0.557366 0.771118 0.944871 0.868378 0.900274 0.818028 0.753151 0.844549 0.880541 0.783295 0.753335 0.792505 0.815234 0.863607 0.881812 0.959999 0.989660 0.785783 0.511122 0.658445 0.981474 0.971134 0.871347 0.866015 0.866594 0.795533 0.827885 0.689397 0.970650 0.948973 0.934710 0.768109 0.921651 0.900737 0.732569 0.707462 0.982541 0.878123 0.791315 0.662987 0.947894 0.772390 0.918538 0.964800 0.998103 0.891772 0.920236 0.917819 0.920365 0.916232
0.936158 0.824547 0.376069 0.000000 0.964914 0.887806 0.648613 0.792343 0.682627 0.886603 0.835299 0.801095 0.979707 0.919015 0.824803 0.868420 0.857790 0.739944 0.822058 0.941451 0.996322 0.985952 0.452504 0.478917 0.527699 0.540112 0.949501 0.781892 0.894153 0.732097 0.505994 0.665715 0.758942 0.930340 0.611511 0.992027 0.654290 0.752370 0.680582 0.885247 0.791466 0.926494 0.895322 0.901298 0.800374 0.716928 0.820101 0.938787 0.634946 0.823038 0.997295 0.979875 0.810746 0.679527 0.705463 0.875763 0.822761 0.783701 0.754847 0.894557 0.901848 0.940214 0.985987 0.787660 0.479872 0.506033 0.656586 0.835683 0.985330 0.942163 0.807243 0.702709 0.652354 0.781107 0.862195 0.798236 0.730668 0.877299 0.805937 0.991859 0.942724 0.925556 0.922053 0.899217 0.652169 0.658666 0.879014 0.884848 0.914533 0.750517 0.851864 0.812535 0.770532 0.687928 0.905640 0.969046 0.965305 0.898944 0.895890 0.992807 0.881560 0.682797 0.985349 0.928497 0.751998 0.753110 0.969678 0.746376 0.880166 0.979306 0.995486 0.854754 0.829989 0.808628 0.995312 0.885962
0.765159 0.875103 0.931562 0.964914 0.000000 0.740406 0.863808 0.922285 0.952143 0.825873 0.740358 0.778778 0.788158 0.842040 0.952181 0.997256 0.875251 0.810160 0.770383 0.815242 0.967420 0.928220 0.941065 0.953250 0.930766 0.840989 0.998274 0.870592 0.858574 0.882318 0.973251 0.904505 0.772050 0.837934 0.923385 0.764650 0.919284 0.924029 0.858525 0.870535 0.934203 0.842450 0.909517 0.854029 0.802042 0.834526 0.986204 0.819187 0.999273 0.960385 0.968747 0.978846 0.971799 0.956836 0.874081 0.960558 0.839052 0.872894 0.938025 0.994820 0.858442 0.982187 0.826041 0.983340 0.964065 0.975457 0.748470 0.739066 0.935957 0.946175 0.911787 0.965205 0.976214 0.870820 0.991805 0.966930 0.858988 0.810125 0.916665 0.987005 0.798188 0.733463 0.959737 0.947568 0.882853 0.984291 0.963820 0.956797 0.943211 0.706028 0.902030 0.846263 0.946603 0.896038 0.992981 0.923945 0.861275 0.999292 0.840541 0.837913 0.996396 0.916884 0.948726 0.962628 0.949538 0.861957 0.884843 0.922836 0.941387 0.834665 0.776159 0.932449 0.868714 0.960970 0.990114 0.738653
0.686573 0.744339 0.865149 0.887806 0.740406 0.000000 0.747546 0.653601 0.791054 0.619951 0.635503 0.552428 0.753560 0.776256 0.888452 0.728597 0.731141 0.725621 0.750675 0.797664 0.986753 0.908747 0.798802 0.795527 0.735366 0.725330 0.708297 0.921361 0.786764 0.690587 0.993864 0.977935 0.893183 0.758906 0.812027 0.823145 0.972311 0.980465 0.996284 0.898863 0.943736 0.897052 0.874014 0.776649 0.725818 0.701745 0.949779 0.815435 0.760454 0.854575 0.895120 0.950622 0.857256 0.835368 0.820640 0.913536 0.709278 0.785143 0.817910 0.928816 0.684777 0.781063 0.728791 0.720522 0.687822 0.887772 0.916818 0.858709 0.964767 0.834813 0.853434 0.895003 0.872634 0.827191 0.897487 0.814738 0.838527 0.923943 0.841513 0.785741 0.870767 0.758853 0.915358 0.930959 0.822458 0.720349 0.932256 0.984082 0.903844 0.694621 0.740796 0.775157 0.766421 0.823861 0.961734 0.947965 0.738848 0.801799 0.569623 0.754996 0.639808 0.753471 0.836569 0.741282 0.910512 0.961051 0.644400 0.978647 0.887539 0.950636 0.796706 0.788198 0.711936 0.985968 0.960669 0.768581
0.690870 0.906700 0.504822 0.648613 0.863808 0.747546 0.000000 0.428326 0.553205 0.502036 0.559079 0.819342 0.646922 0.711593 0.849818 0.826796 0.698054 0.785962 0.391954 0.805507 0.931954 0.971222 0.740588 0.913599 0.894150 0.985607 0.646344 0.831666 0.740603 0.742661 0.682389 0.576868 0.526724 0.482669 0.923207 0.877916 0.869515 0.967683 0.771734 0.936821 0.948180 0.829700 0.555746 0.662050 0.555455 0.679143 0.595479 0.592206 0.841709 0.855286 0.662268 0.736818 0.571427 0.495338 0.958691 0.887891 0.828274 0.994091 0.492842 0.960783 0.510591 0.908617 0.488029 0.818572 0.926016 0.884054 0.452981 0.575952 0.997710 0.950303 0.776411 0.721600 0.675895 0.655595 0.905349 0.624258 0.578342 0.734025 0.718547 0.678504 0.862425 0.755999 0.893897 0.989882 0.811309 0.985613 0.931269 0.802840 0.961072 0.885178 0.486047 0.457982 0.599832 0.593652 0.877230 0.861835 0.785712 0.919696 0.596321 0.537475 0.853863 0.504680 0.698113 0.752247 0.860531 0.635540 0.862264 0.676953 0.937856 0.947980 0.790861 0.791197 0.706271 0.962628 0.944404 0.954480
0.564962 0.644038 0.824402 0.792343 0.922285 0.653601 0.428326 0.000000 0.605742 0.414588 0.513279 0.493409 0.673302 0.609389 0.891028 0.765902 0.626110 0.726659 0.431198 0.692810 0.767395 0.933659 0.903459 0.805778 0.696491 0.829987 0.599034 0.729151 0.664977 0.590739 0.897313 0.763001 0.642452 0.548642 0.912479 0.864768 0.813477 0.909320 0.854081 0.974984 0.949472 0.981765 0.605816 0.587750 0.555129 0.582511 0.791584 0.603155 0.645308 0.745556 0.563579 0.694606 0.621307 0.527007 0.893721 0.974443 0.662508 0.772947 0.496752 0.635812 0.397765 0.491040 0.594096 0.569030 0.795722 0.856088 0.723447 0.638041 0.902312 0.831769 0.681111 0.790967 0.720003 0.677049 0.993607 0.806418 0.614774 0.838146 0.842606 0.739552 0.853009 0.903933 0.815276 0.919631 0.722561 0.600800 0.854574 0.652339 0.835534 0.836787 0.373329 0.402064 0.601280 0.600904 0.753017 0.868325 0.669693 0.831129 0.451738 0.528187 0.557070 0.435948 0.657554 0.571129 0.984327 0.695386 0.787526 0.752504 0.917430 0.937645 0.744351 0.698684 0.596902 0.843108 0.931804 0.968194
0.724523 0.940581 0.661821 0.682627 0.952143 0.791054 0.553205 0.605742 0.000000 0.701451 0.776766 0.859622 0.838080 0.862560 0.914521 0.680744 0.751634 0.851783 0.657195 0.823676 0.953662 0.837362 0.868618 0.938323 0.981140 0.806893 0.879139 0.990195 0.862687 0.931839 0.768096 0.757891 0.770411 0.779342 0.951660 0.798127 0.583973 0.804003 0.847070 0.831620 0.831358 0.968411 0.650312 0.722414 0.764890 0.872034 0.638648 0.651154 0.850660 0.752635 0.643316 0.727087 0.566848 0.555601 0.956445 0.939793 0.829571 0.949354 0.576616 0.730007 0.612198 0.768173 0.845431 0.822577 0.807449 0.753373 0.758822 0.858682 0.833170 0.854703 0.784477 0.730864 0.824530 0.776959 0.855700 0.808860 0.746633 0.898336 0.834606 0.826169 0.867354 0.949593 0.928491 0.881657 0.978477 0.865293 0.839633 0.844592 0.865344 0.911823 0.601219 0.672723 0.694251 0.768591 0.866057 0.924499 0.812582 0.948742 0.680595 0.664558 0.864027 0.765207 0.670033 0.820744 0.904779 0.642767 0.795085 0.745368 0.886993 0.966434 0.899341 0.861268 0.892094 0.974852 0.821861 0.912618
0.571937 0.630024 0.952497 0.886603 0.825873 0.619951 0.502036 0.414588 0.701451 0.000000 0.440993 0.528096 0.677006 0.691898 0.907734 0.803669 0.540948 0.566079 0.478917 0.623442 0.809772 0.896244 0.756147 0.686809 0.499869 0.580703 0.598651 0.686740 0.603539 0.487251 0.962889 0.852855 0.781574 0.545100 0.780820 0.866810 0.960248 0.956531 0.953477 0.905617 0.986578 0.980138 0.564008 0.527872 0.431606 0.449625 0.788255 0.601061 0.497615 0.697694 0.597083 0.786418 0.755778 0.733292 0.766019 0.973072 0.601053 0.735484 0.632471 0.887718 0.568604 0.746589 0.528914 0.529177 0.565215 0.764657 0.794491 0.763875 0.992068 0.858477 0.713028 0.762689 0.856228 0.688888 0.901063 0.774070 0.674738 0.876308 0.859894 0.781378 0.746402 0.751747 0.816173 0.862517 0.702067 0.576209 0.884309 0.778342 0.752493 0.650992 0.400455 0.459408 0.639269 0.779444 0.756384 0.910209 0.707234 0.824342 0.406407 0.481281 0.580000 0.652910 0.548541 0.500458 0.956810 0.874724 0.830001 0.776667 0.948876 0.984356 0.766953 0.547135 0.575192 0.826306 0.967748 0.830612
0.480809 0.599815 0.943297 0.835299 0.740358 0.635503 0.559079 0.513279 0.776766 0.440993 0.000000 0.487414 0.563990 0.616881 0.940391 0.884686 0.456106 0.441722 0.485421 0.520657 0.850624 0.926234 0.705439 0.636729 0.507889 0.592637 0.711307 0.613633 0.470212 0.419429 0.922393 0.869917 0.674307 0.538877 0.793243 0.866681 0.978024 0.827114 0.980854 0.969913 0.946761 0.928647 0.642712 0.558340 0.419777 0.450887 0.798011 0.569176 0.495760 0.611527 0.674693 0.709634 0.781199 0.766291 0.780538 0.992959 0.536811 0.632213 0.601033 0.859712 0.481174 0.751788 0.474818 0.520259 0.622443 0.855542 0.775330 0.707003 0.904596 0.789722 0.878505 0.965535 0.885818 0.738546 0.971707 0.750049 0.772215 0.785145 0.893976 0.668839 0.659549 0.607181 0.973882 0.856937 0.808956 0.666146 0.835966 0.779840 0.813316 0.614774 0.551717 0.579718 0.802959 0.861547 0.845013 0.940324 0.779674 0.942313 0.454567 0.471073 0.679698 0.714597 0.715364 0.712970 0.911584 0.882234 0.832801 0.884630 0.976638 0.889540 0.767971 0.625798 0.552703 0.893059 0.956643 0.949968
0.499598 0.488372 0.721674 0.801095 0.778778 0.552428 0.819342 0.493409 0.859622 0.528096 0.487414 0.000000 0.674722 0.618514 0.857729 0.709896 0.580059 0.562647 0.669725 0.608809 0.750494 0.919993 0.525235 0.565056 0.490553 0.537511 0.680337 0.686930 0.633476 0.513439 0.739189 0.913000 0.879375 0.742837 0.722781 0.864079 0.932435 0.979311 0.944432 0.896836 0.929837 0.880128 0.834539 0.672497 0.622552 0.555061 0.968566 0.665627 0.544778 0.738475 0.745674 0.843865 0.893099 0.875449 0.748194 0.892981 0.511383 0.532804 0.665410 0.658447 0.501135 0.495796 0.608825 0.394940 0.496275 0.887561 0.996669 0.837856 0.750624 0.678023 0.879219 0.986091 0.939562 0.795651 0.998310 0.966650 0.785397 0.941254 0.955989 0.890084 0.718277 0.775751 0.925821 0.736042 0.548074 0.483976 0.935049 0.777825 0.841481 0.708261 0.600846 0.645333 0.805208 0.834709 0.730597 0.904209 0.643392 0.746162 0.464732 0.623951 0.519396 0.740905 0.768414 0.577286 0.869544 0.975090 0.795739 0.953917 0.975371 0.886500 0.670611 0.688497 0.627608 0.838549 0.978934 0.861314
0.839040 0.974769 0.883901 0.979707 0.788158 0.753560 0.646922 0.673302 0.838080 0.677006 0.563990 0.674722 0.000000 0.543067 0.786497 0.679162 0.828844 0.854837 0.752495 0.879990 0.967577 0.951908 0.899913 0.868036 0.716273 0.786782 0.731149 0.698068 0.797162 0.718938 0.918937 0.968520 0.896906 0.849597 0.751868 0.937338 0.875255 0.829297 0.971735 0.950799 0.865856 0.759940 0.807354 0.815621 0.803722 0.833685 0.842732 0.765886 0.900481 0.987321 0.968942 0.941349 0.888352 0.850720 0.774594 0.873984 0.985137 0.916401 0.813210 0.933000 0.688927 0.892334 0.634796 0.828218 0.853151 0.825522 0.938069 0.966837 0.881049 0.917000 0.970993 0.936430 0.917029 0.916157 0.909651 0.739668 0.922815 0.980707 0.997205 0.809957 0.973338 0.948026 0.946452 0.957717 0.965743 0.765237 0.914308 0.908943 0.957370 0.680966 0.687674 0.761478 0.835519 0.875422 0.869598 0.922137 0.934531 0.974763 0.762223 0.753673 0.844040 0.721602 0.888032 0.869388 0.870024 0.998570 0.980225 0.921929 0.899752 0.890022 0.847273 0.874828 0.809071 0.914713 0.925415 0.997821
0.830307 0.880972 0.885064 0.919015 0.842040 0.776256 0.711593 0.609389 0.862560 0.691898 0.616881 0.618514 0.543067 0.000000 0.821375 0.744274 0.762538 0.744475 0.619091 0.777163 0.710748 0.936487 0.932710 0.891137 0.819819 0.813520 0.876610 0.711773 0.595202 0.629272 0.935243 0.907439 0.823649 0.765795 0.814882 0.896282 0.959743 0.928760 0.904936 0.903607 0.937236 0.948268 0.693831 0.682435 0.757621 0.756603 0.870728 0.664527 0.816637 0.933770 0.987210 0.945287 0.990846 0.925805 0.805255 0.954677 0.895375 0.984125 0.892102 0.951780 0.825851 0.849934 0.767909 0.864564 0.915012 0.969499 0.952501 0.923702 0.945228 0.985772 0.989879 0.946547 0.912660 0.879676 0.948272 0.757555 0.798667 0.941367 0.936859 0.804918 0.975377 0.990309 0.909073 0.884646 0.828603 0.747600 0.920438 0.885315 0.902858 0.635031 0.712600 0.774705 0.985601 0.901326 0.860744 0.853910 0.995197 0.893361 0.702715 0.720585 0.739233 0.682315 0.960295 0.877984 0.849675 0.961209 0.920447 0.935140 0.939712 0.892399 0.831202 0.787736 0.679550 0.941643 0.951248 0.988483
0.948476 0.774897 0.677395 0.824803 0.952181 0.888452 0.849818 0.891028 0.914521 0.907734 0.940391 0.857729 0.786497 0.821375 0.000000 0.678517 0.970319 0.983010 0.939866 0.957300 0.892088 0.961864 0.705096 0.696511 0.762916 0.754100 0.830689 0.851058 0.814774 0.983803 0.851893 0.815440 0.983896 0.935970 0.967911 0.941062 0.978641 0.826604 0.795495 0.896977 0.871624 0.838690 0.782154 0.904127 0.969865 0.917808 0.675300 0.796428 0.920691 0.891866 0.869082 0.931740 0.949997 0.936974 0.971945 0.800764 0.880558 0.819637 0.978695 0.716495 0.890121 0.722538 0.964087 0.794416 0.653417 0.944386 0.991974 0.919482 0.970932 0.819329 0.810755 0.959931 0.926250 0.854589 0.976496 0.886823 0.938127 0.982923 0.880853 0.800895 0.982463 0.977675 0.801266 0.922196 0.644677 0.818302 0.910434 0.984202 0.841314 0.994625 0.894673 0.876391 0.913269 0.843315 0.922780 0.939040 0.801638 0.838393 0.919719 0.931630 0.716954 0.951001 0.947369 0.902098 0.972862 0.949909 0.958036 0.822443 0.970791 0.950074 0.931337 0.966805 0.908846 0.961732 0.931566 0.938195
0.877518 0.999652 0.945184 0.868420 0.997256 0.728597 0.826796 0.765902 0.680744 0.803669 0.884686 0.709896 0.679162 0.744274 0.678517 0.000000 0.933851 0.990254 0.873412 0.901008 0.881234 0.947882 0.986799 0.860363 0.983737 0.940056 0.929897 0.955942 0.892124 0.896153 0.944518 0.920675 0.856251 0.950489 0.901651 0.739637 0.775400 0.971669 0.881985 0.919722 0.935962 0.963347 0.852080 0.898707 0.983065 0.947940 0.818806 0.783035 0.851693 0.995467 0.873670 0.994745 0.752363 0.913537 0.961715 0.871077 0.984063 0.995175 0.855794 0.991750 0.850009 0.882892 0.881620 0.857693 0.945114 0.911834 0.833184 0.785022 0.968467 0.985256 0.955385 0.902186 0.906086 0.952940 0.970368 0.943350 0.966699 0.900831 0.971053 0.982014 0.942697 0.964993 0.901620 0.819278 0.979529 0.835237 0.980457 0.995120 0.928047 0.953164 0.842274 0.963241 0.899928 0.981666 0.899700 0.988558 0.934930 0.954383 0.846083 0.923820 0.853929 0.837808 0.923879 0.854168 0.928787 0.992112 0.742929 0.877847 0.935258 0.983301 0.960768 0.988973 0.953218 0.888336 0.983689 0.942285
0.355245 0.413973 0.913279 0.857790 0.875251 0.731141 0.698054 0.626110 0.751634 0.540948 0.456106 0.580059 0.828844 0.762538 0.970319 0.933851 0.000000 0.287114 0.453199 0.482905 0.946625 0.972856 0.756404 0.692908 0.701500 0.730918 0.824183 0.754202 0.396417 0.417359 0.979507 0.837004 0.580772 0.517248 0.853934 0.884480 0.882902 0.912008 0.978512 0.888263 0.848185 0.976259 0.479253 0.437020 0.448525 0.468534 0.720273 0.511386 0.484703 0.520382 0.658602 0.691054 0.903752 0.922626 0.795007 0.846068 0.304063 0.431525 0.600023 0.864332 0.621189 0.831170 0.585444 0.478741 0.710593 0.963119 0.760358 0.717317 0.732218 0.650589 0.852704 0.829170 0.897150 0.781978 0.935003 0.758646 0.674604 0.759738 0.742151 0.604360 0.435090 0.599385 0.957675 0.837957 0.816732 0.760374 0.839710 0.665570 0.734826 0.795583 0.617252 0.662261 0.800274 0.929202 0.804824 0.844015 0.722683 0.957406 0.379636 0.377522 0.619194 0.812791 0.532528 0.673961 0.962141 0.941430 0.842902 0.855440 0.947808 0.928851 0.624449 0.579173 0.578277 0.943133 0.839690 0.938999
0.384678 0.398848 0.790178 0.739944 0.810160 0.725621 0.785962 0.726659 0.851783 0.566079 0.441722 0.562647 0.854837 0.744475 0.983010 0.990254 0.287114 0.000000 0.516055 0.425400 0.916966 0.988602 0.674445 0.669003 0.652223 0.620709 0.901538 0.725748 0.415965 0.389903 0.917550 0.853391 0.621929 0.537938 0.801295 0.859379 0.952105 0.913202 0.926380 0.994328 0.891510 0.961587 0.557094 0.462421 0.440099 0.429841 0.782260 0.520281 0.467567 0.499935 0.716397 0.679666 0.984920 0.991553 0.741532 0.880322 0.314654 0.422929 0.715901 0.924618 0.684389 0.866706 0.618519 0.513254 0.642426 0.919931 0.820374 0.753379 0.760474 0.660213 0.928127 0.945490 0.994054 0.792712 0.985104 0.786719 0.708751 0.731517 0.793001 0.651735 0.459628 0.559027 0.989362 0.855942 0.792693 0.742837 0.926098 0.708341 0.664289 0.748286 0.723684 0.744718 0.909781 0.973881 0.821157 0.864408 0.794739 0.925811 0.427426 0.443269 0.638158 0.927369 0.594799 0.728050 0.979083 0.992470 0.881082 0.879999 0.905850 0.984616 0.684287 0.541275 0.555450 0.935262 0.871431 0.910285
0.494259 0.610242 0.718458 0.822058 0.770383 0.750675 0.391954 0.431198 0.657195 0.478917 0.485421 0.669725 0.752495 0.619091 0.939866 0.873412 0.453199 0.516055 0.000000 0.586364 0.890593 0.985398 0.906183 0.926060 0.856397 0.848878 0.715437 0.785761 0.547957 0.532623 0.774947 0.596886 0.425302 0.404490 0.958009 0.879042 0.888258 0.931120 0.818826 0.956804 0.873700 0.948851 0.455966 0.502629 0.457268 0.516769 0.709702 0.493723 0.671018 0.654348 0.652865 0.668386 0.700818 0.685475 0.972022 0.954852 0.557976 0.700546 0.532146 0.875732 0.543445 0.877536 0.507338 0.666385 0.946640 0.900822 0.509992 0.548389 0.877275 0.825309 0.745629 0.851407 0.753232 0.700576 0.990579 0.683750 0.571665 0.664207 0.657259 0.614731 0.645017 0.667595 0.925668 0.968151 0.967983 0.864787 0.923979 0.737984 0.795990 0.812246 0.522530 0.500669 0.686328 0.727561 0.899932 0.838929 0.743244 0.983324 0.460967 0.420484 0.676240 0.567404 0.609310 0.743718 0.901071 0.761057 0.830355 0.836907 0.911718 0.892952 0.776133 0.639154 0.611429 0.989841 0.872100 0.892300
0.482749 0.447086 0.861459 0.941451 0.815242 0.797664 0.805507 0.692810 0.823676 0.623442 0.520657 0.608809 0.879990 0.777163 0.957300 0.901008 0.482905 0.425400 0.586364 0.000000 0.857858 0.862307 0.746912 0.827099 0.745694 0.729391 0.984161 0.791180 0.525641 0.580504 0.963566 0.824898 0.635249 0.639707 0.949716 0.946867 0.744622 0.901949 0.934880 0.982384 0.763909 0.858574 0.670666 0.591926 0.591087 0.598622 0.818467 0.610913 0.617593 0.599506 0.782230 0.743547 0.905508 0.971251 0.889239 0.945822 0.458795 0.464343 0.666525 0.802954 0.675567 0.777762 0.688667 0.551643 0.738642 0.985979 0.827404 0.783152 0.734868 0.658383 0.816598 0.909259 0.849585 0.745849 0.913991 0.885363 0.666272 0.711850 0.774061 0.764559 0.494240 0.624973 0.968866 0.811774 0.827590 0.789623 0.849080 0.722497 0.764669 0.823004 0.705681 0.664735 0.833455 0.929892 0.750838 0.930604 0.832229 0.902326 0.548256 0.573516 0.750886 0.902347 0.721937 0.699146 0.955979 0.961047 0.889101 0.846146 0.999240 0.987809 0.751839 0.663029 0.751117 0.932144 0.954667 0.999567
0.881537 0.867818 0.949202 0.996322 0.967420 0.986753 0.931954 0.767395 0.953662 0.809772 0.850624 0.750494 0.967577 0.710748 0.892088 0.881234 0.946625 0.916966 0.890593 0.857858 0.000000 0.998500 0.844007 0.845182 0.894345 0.892895 0.872428 0.869463 0.779175 0.828323 0.979799 0.954145 0.983219 0.976462 0.818963 0.875769 0.897901 0.966463 0.980694 0.912496 0.936665 0.951554 0.889111 0.960856 0.902441 0.864688 0.865273 0.956151 0.808706 0.918919 0.944777 0.942992 0.942019 0.968665 0.952155 0.841620 0.933480 0.902833 0.920449 0.912589 0.889325 0.717757 0.996492 0.801258 0.924004 0.961526 0.837071 0.986140 0.924227 0.992973 0.994300 0.915798 0.788780 0.993564 0.806609 0.884075 0.854489 0.936483 0.966324 0.989228 0.961557 0.947336 0.968251 0.903815 0.756892 0.696985 0.983826 0.832626 0.994052 0.942132 0.882595 0.865412 0.946737 0.928331 0.832148 0.998805 0.922426 0.923147 0.823588 0.939541 0.953546 0.938244 0.857972 0.854781 0.968281 0.909134 0.988782 0.987861 0.895614 0.890386 0.964251 0.823957 0.848872 0.872513 0.988415 0.870422
0.975607 0.852730 0.899748 0.985952 0.928220 0.908747 0.971222 0.933659 0.837362 0.896244 0.926234 0.919993 0.951908 0.936487 0.961864 0.947882 0.972856 0.988602 0.985398 0.862307 0.998500 0.000000 0.818090 0.879723 0.878426 0.893987 0.956014 0.880832 0.914382 0.939469 0.867239 0.885562 0.981352 0.984041 0.946457 0.960465 0.971504 0.945085 0.940377 0.995771 0.953729 0.973336 0.948840 0.996889 0.971984 0.957296 0.856931 0.862273 0.997359 0.921238 0.960323 0.893440 0.936201 0.985124 0.940869 0.911164 0.991014 0.924081 0.962114 0.986029 0.953131 0.906424 0.991861 0.872882 0.895134 0.938913 0.910593 0.968643 0.916990 0.994291 0.921700 0.977341 0.853563 0.985108 0.801666 0.952984 0.976792 0.960929 0.861991 0.978000 0.970502 0.987614 0.870381 0.909352 0.899838 0.897089 0.917772 0.881402 0.849647 0.842207 0.953851 0.978087 0.907860 0.949298 0.978961 0.722353 0.894875 0.941988 0.982598 0.990742 0.976446 0.943359 0.931297 0.992397 0.947452 0.972507 0.941034 0.853674 0.923627 0.930610 0.936204 0.886523 0.847926 0.959099 0.851886 0.903433
0.757910 0.645914 0.381906 0.452504 0.941065 0.798802 0.740588 0.903459 0.868618 0.756147 0.705439 0.525235 0.899913 0.932710 0.705096 0.986799 0.756404 0.674445 0.906183 0.746912 0.844007 0.818090 0.000000 0.335129 0.407180 0.540783 0.840033 0.712992 0.813418 0.682459 0.468438 0.685841 0.785373 0.988171 0.554544 0.882399 0.931288 0.929110 0.704309 0.889696 0.880010 0.909565 0.917415 0.882231 0.822765 0.725120 0.820777 0.979477 0.598397 0.764468 0.916215 0.967444 0.836436 0.848828 0.712441 0.831692 0.676989 0.656387 0.974876 0.801731 0.812673 0.658154 0.944262 0.524509 0.402933 0.691843 0.638673 0.889525 0.917369 0.789892 0.926602 0.835128 0.754848 0.855963 0.817769 0.881295 0.872158 0.873418 0.817628 0.964344 0.886882 0.993237 0.916122 0.744527 0.369893 0.416682 0.949333 0.832981 0.861667 0.815441 0.921034 0.982718 0.918349 0.794453 0.804707 0.973181 0.902324 0.691389 0.712435 0.902708 0.638402 0.855917 0.893549 0.765353 0.783379 0.847587 0.998763 0.816087 0.923547 0.981555 0.919483 0.725925 0.780613 0.855223 0.962338 0.985633
0.750876 0.686899 0.546022 0.478917 0.953250 0.795527 0.913599 0.805778 0.938323 0.686809 0.636729 0.565056 0.868036 0.891137 0.696511 0.860363 0.692908 0.669003 0.926060 0.827099 0.845182 0.879723 0.335129 0.000000 0.410549 0.560610 0.732315 0.665273 0.775700 0.640077 0.512415 0.745935 0.939173 0.894095 0.604453 0.942116 0.882120 0.946640 0.634499 0.973257 0.818549 0.991914 0.922930 0.790195 0.672979 0.636228 0.851389 0.923957 0.579188 0.718931 0.831110 0.908724 0.943682 0.956852 0.720393 0.832858 0.673002 0.698292 0.926361 0.780208 0.721936 0.705138 0.857839 0.556979 0.484500 0.763631 0.833258 0.935492 0.946665 0.844832 0.901171 0.802820 0.782530 0.820849 0.880805 0.942621 0.969248 0.955857 0.948664 0.925925 0.892336 0.988138 0.946472 0.845873 0.421740 0.418753 0.999776 0.821219 0.866271 0.778243 0.805013 0.859619 0.977113 0.928560 0.762682 0.977889 0.826174 0.753698 0.617687 0.758937 0.730498 0.998240 0.839147 0.751469 0.846032 0.989542 0.980346 0.784124 0.947742 0.913965 0.894902 0.672679 0.629253 0.769258 0.910655 0.966298
0.728473 0.739121 0.576939 0.527699 0.930766 0.735366 0.894150 0.696491 0.981140 0.499869 0.507889 0.490553 0.716273 0.819819 0.762916 0.983737 0.701500 0.652223 0.856397 0.745694 0.894345 0.878426 0.407180 0.410549 0.000000 0.391315 0.643608 0.616044 0.735721 0.568536 0.533602 0.777261 0.919928 0.834462 0.592607 0.912853 0.828172 0.789830 0.760806 0.844581 0.833923 0.987981 0.980827 0.809739 0.606750 0.586320 0.920907 0.852958 0.526696 0.782685 0.761749 0.878581 0.899465 0.922402 0.763086 0.903786 0.712928 0.753580 0.826433 0.863183 0.650359 0.732322 0.597726 0.464815 0.343064 0.577169 0.929708 0.946967 0.963431 0.858109 0.997501 0.931793 0.886443 0.946689 0.883749 0.989023 0.994912 0.994512 0.911501 0.991713 0.875890 0.839701 0.877070 0.785379 0.485144 0.491116 0.901082 0.878522 0.828095 0.767274 0.691721 0.742579 0.890138 0.974841 0.721862 0.917016 0.801965 0.770453 0.621046 0.732796 0.640045 0.927329 0.802703 0.629079 0.893840 0.965683 0.951529 0.969780 0.960356 0.838097 0.893693 0.679172 0.655854 0.777490 0.969909 0.849498
0.805463 0.708429 0.565847 0.540112 0.840989 0.725330 0.985607 0.829987 0.806893 0.580703 0.592637 0.537511 0.786782 0.813520 0.754100 0.940056 0.730918 0.620709 0.848878 0.729391 0.892895 0.893987 0.540783 0.560610 0.391315 0.000000 0.735080 0.645946 0.694907 0.537723 0.678501 0.829726 0.978411 0.879938 0.740956 0.908693 0.760389 0.857160 0.732958 0.837485 0.856486 0.972309 0.980153 0.893136 0.675691 0.632519 0.806914 0.908139 0.657640 0.821581 0.894299 0.962365 0.975755 0.941529 0.688341 0.915724 0.730356 0.701222 0.971591 0.945090 0.826088 0.883893 0.671884 0.605650 0.378990 0.605464 0.937420 0.936244 0.983306 0.881755 0.980148 0.931139 0.982242 0.800254 0.879782 0.968406 0.857275 0.917697 0.974242 0.991811 0.857356 0.746338 0.875588 0.862863 0.623113 0.688898 0.910819 0.929404 0.770144 0.726898 0.801077 0.801031 0.927004 0.993618 0.814396 0.945973 0.879303 0.838286 0.675167 0.762867 0.709769 0.958270 0.893835 0.716765 0.852452 0.766844 0.974316 0.917008 0.929834 0.950153 0.845826 0.714247 0.763504 0.799045 0.955281 0.875474
0.832920 0.907010 0.975356 0.949501 0.998274 0.708297 0.646344 0.599034 0.879139 0.598651 0.711307 0.680337 0.731149 0.876610 0.830689 0.929897 0.824183 0.901538 0.715437 0.984161 0.872428 0.956014 0.840033 0.732315 0.643608 0.735080 0.000000 0.800457 0.848040 0.723116 0.948404 0.934055 0.866121 0.806763 0.813526 0.832763 0.892662 0.972809 0.978355 0.878859 0.941333 0.961714 0.807260 0.838750 0.762928 0.730803 0.801238 0.876568 0.743477 0.955489 0.805404 0.911672 0.724657 0.827352 0.931192 0.980306 0.914677 0.957090 0.746052 0.902751 0.625579 0.818472 0.622338 0.670477 0.721970 0.799156 0.911370 0.817989 0.939780 0.887914 0.850554 0.904969 0.948563 0.984734 0.996880 0.880975 0.842742 0.854839 0.920215 0.902321 0.981527 0.900741 0.820233 0.826197 0.829933 0.697560 0.987897 0.881670 0.919685 0.951337 0.680435 0.720458 0.774560 0.899549 0.900525 0.984226 0.753464 0.872047 0.702695 0.710965 0.767782 0.727695 0.854818 0.749171 0.959188 0.822252 0.898429 0.919790 0.995492 0.970600 0.959989 0.869994 0.805424 0.923171 0.910822 0.903616
0.742192 0.762727 0.902308 0.781892 0.870592 0.921361 0.831666 0.729151 0.990195 0.686740 0.613633 0.686930 0.698068 0.711773 0.851058 0.955942 0.754202 0.725748 0.785761 0.791180 0.869463 0.880832 0.712992 0.665273 0.616044 0.645946 0.800457 0.000000 0.731070 0.595820 0.796550 0.968404 0.881183 0.758177 0.735783 0.999304 0.903336 0.925570 0.978167 0.908410 0.851073 0.987901 0.888431 0.755812 0.637013 0.646946 0.907224 0.820093 0.678060 0.803548 0.788540 0.841307 0.903269 0.881404 0.837823 0.885164 0.805280 0.807455 0.885157 0.867509 0.711569 0.814492 0.691491 0.720389 0.721523 0.902089 0.938776 0.856866 0.930681 0.973121 0.946899 0.917443 0.967421 0.830721 0.999906 0.927654 0.898963 0.797417 0.989362 0.779097 0.850937 0.782944 0.925867 0.908676 0.826303 0.758446 0.928052 0.975822 0.931030 0.666081 0.780052 0.784100 0.996528 0.997605 0.926570 0.850714 0.993652 0.841011 0.769945 0.699349 0.883237 0.886403 0.929553 0.908793 0.983167 0.945267 0.956297 0.924198 0.902645 0.826113 0.867228 0.775914 0.718192 0.857304 0.989530 0.982355
0.556837 0.597976 0.958955 0.894153 0.858574 0.786764 0.740603 0.664977 0.862687 0.603539 0.470212 0.633476 0.797162 0.595202 0.814774 0.892124 0.396417 0.415965 0.547957 0.525641 0.779175 0.914382 0.813418 0.775700 0.735721 0.694907 0.848040 0.731070 0.000000 0.389311 0.965696 0.874067 0.720927 0.631752 0.832359 0.902841 0.936793 0.998467 0.996847 0.921974 0.905061 0.913066 0.542277 0.519647 0.503369 0.536301 0.736228 0.559479 0.551841 0.622165 0.737458 0.698140 0.921273 0.944228 0.847874 0.913860 0.534330 0.624275 0.770127 0.904944 0.742011 0.852844 0.688559 0.648719 0.762326 0.962597 0.901003 0.798576 0.769318 0.802466 0.994986 0.954679 0.969789 0.823766 0.986517 0.749428 0.779363 0.757723 0.821087 0.684784 0.613205 0.727326 0.866794 0.847018 0.849772 0.785374 0.924041 0.789071 0.775281 0.770269 0.740992 0.797482 0.918185 0.959755 0.798001 0.851905 0.870265 0.917963 0.521183 0.546837 0.720645 0.793365 0.756572 0.841565 0.913834 0.999330 0.870823 0.835495 0.965997 0.974686 0.647643 0.731097 0.593027 0.920632 0.871473 0.964348
0.542880 0.548460 0.781950 0.732097 0.882318 0.690587 0.742661 0.590739 0.931839 0.487251 0.419429 0.513439 0.718938 0.629272 0.983803 0.896153 0.417359 0.389903 0.532623 0.580504 0.828323 0.939469 0.682459 0.640077 0.568536 0.537723 0.723116 0.595820 0.389311 0.000000 0.906760 0.947601 0.743827 0.612840 0.665980 0.835715 0.872545 0.955153 0.992062 0.999943 0.883972 0.938116 0.589860 0.488772 0.454452 0.449931 0.869141 0.555319 0.457749 0.625482 0.735978 0.737392 0.932547 0.919097 0.703178 0.968891 0.511338 0.614169 0.773673 0.896159 0.678888 0.814372 0.618156 0.543063 0.552066 0.817119 0.956349 0.795161 0.882568 0.881766 0.998373 0.935963 0.937786 0.866527 0.937191 0.854990 0.862616 0.853225 0.830327 0.609833 0.613916 0.665197 0.989805 0.886835 0.690635 0.608764 0.929037 0.801976 0.719747 0.607800 0.695861 0.776901 0.979584 0.993378 0.846032 0.945208 0.851378 0.937151 0.510335 0.565626 0.618547 0.755630 0.712552 0.749746 0.817574 0.922787 0.802952 0.992489 0.994400 0.977588 0.762591 0.696101 0.585967 0.914443 0.999711 0.871735
0.951353 0.912405 0.486707 0.505994 0.973251 0.993864 0.682389 0.897313 0.768096 0.962889 0.922393 0.739189 0.918937 0.935243 0.851893 0.944518 0.979507 0.917550 0.774947 0.963566 0.979799 0.867239 0.468438 0.512415 0.533602 0.678501 0.948404 0.796550 0.965696 0.906760 0.000000 0.552172 0.705053 0.805916 0.636098 0.953994 0.804572 0.883969 0.589536 0.829410 0.845471 0.884357 0.780768 0.943760 0.970479 0.900423 0.806291 0.915006 0.791918 0.940709 0.984432 0.926873 0.901932 0.841333 0.784316 0.843515 0.898229 0.856175 0.921806 0.905801 0.937325 0.848755 0.908317 0.716124 0.576916 0.718522 0.742324 0.891551 0.976341 0.952083 0.728467 0.703391 0.767808 0.714296 0.843100 0.699470 0.751019 0.807504 0.871052 0.775272 0.991882 0.930155 0.945924 0.793525 0.626522 0.657817 0.893056 0.995762 0.962925 0.966605 0.968989 0.924428 0.910908 0.818843 0.801749 0.917189 0.992028 0.782676 0.960266 0.977318 0.963081 0.755158 0.977758 0.889109 0.928214 0.820128 0.991161 0.752458 0.973272 0.943444 0.891373 0.897505 0.914333 0.815737 0.982556 0.997551
0.874882 0.894369 0.559654 0.665715 0.904505 0.977935 0.576868 0.763001 0.757891 0.852855 0.869917 0.913000 0.968520 0.907439 0.815440 0.920675 0.837004 0.853391 0.596886 0.824898 0.954145 0.885562 0.685841 0.745935 0.777261 0.829726 0.934055 0.968404 0.874067 0.947601 0.552172 0.000000 0.559630 0.586793 0.792180 0.965261 0.725795 0.988810 0.653956 0.735146 0.818481 0.964782 0.625444 0.757612 0.721665 0.772867 0.621773 0.610722 0.908820 0.729939 0.736081 0.648339 0.738549 0.713395 0.814850 0.952141 0.855927 0.956551 0.720641 0.978344 0.823616 0.945824 0.867227 0.921919 0.721195 0.727035 0.592149 0.636223 0.911409 0.918966 0.843886 0.794837 0.877249 0.776431 0.959204 0.708061 0.690153 0.572573 0.736948 0.705142 0.915871 0.849315 0.906897 0.887928 0.717898 0.805141 0.996491 0.862761 0.877484 0.921617 0.794207 0.773201 0.865744 0.749568 0.893329 0.911248 0.959867 0.987507 0.835588 0.745883 0.994959 0.820937 0.896509 0.952035 0.900869 0.734533 0.960329 0.765652 0.881538 0.981931 0.853275 0.834488 0.817792 0.871320 0.905718 0.940389
0.588652 0.624777 0.655061 0.758942 0.772050 0.893183 0.526724 0.642452 0.770411 0.781574 0.674307 0.879375 0.896906 0.823649 0.983896 0.856251 0.580772 0.621929 0.425302 0.635249 0.983219 0.981352 0.785373 0.939173 0.919928 0.978411 0.866121 0.881183 0.720927 0.743827 0.705053 0.559630 0.000000 0.457478 0.822160 0.907668 0.873169 0.784874 0.820758 0.870242 0.810937 0.989433 0.548152 0.615866 0.571084 0.656259 0.693456 0.598493 0.876559 0.692469 0.797057 0.733121 0.802212 0.798628 0.944385 0.965274 0.616545 0.719641 0.569690 0.819172 0.627595 0.909141 0.630015 0.804928 0.861761 0.710724 0.432489 0.436422 0.887258 0.834896 0.784696 0.836940 0.782289 0.714868 0.898251 0.718422 0.567534 0.616317 0.652028 0.587201 0.670341 0.643307 0.985169 0.914877 0.799555 0.873740 0.933439 0.776832 0.787101 0.938397 0.707927 0.654893 0.786382 0.764155 0.886512 0.794935 0.840050 0.893048 0.672501 0.591420 0.854815 0.682318 0.718591 0.864800 0.759342 0.742798 0.991398 0.912008 0.928533 0.896576 0.789444 0.847651 0.778526 0.957209 0.944224 0.966735
0.582114 0.602912 0.810703 0.930340 0.837934 0.758906 0.482669 0.548642 0.779342 0.545100 0.538877 0.742837 0.849597 0.765795 0.935970 0.950489 0.517248 0.537938 0.404490 0.639707 0.976462 0.984041 0.988171 0.894095 0.834462 0.879938 0.806763 0.758177 0.631752 0.612840 0.805916 0.586793 0.457478 0.000000 0.968280 0.898482 0.817187 0.993115 0.859423 0.993148 0.892847 0.948001 0.589755 0.558877 0.409865 0.497820 0.641503 0.547234 0.636275 0.577728 0.601325 0.566018 0.790986 0.657655 0.972605 0.986428 0.568339 0.710085 0.555131 0.849608 0.575407 0.830466 0.585849 0.708464 0.938410 0.856780 0.494028 0.449688 0.831576 0.754889 0.806733 0.878970 0.751406 0.665211 0.928990 0.625447 0.610852 0.592141 0.735502 0.652565 0.690478 0.687728 0.968875 0.919031 0.932417 0.948198 0.880077 0.847997 0.783449 0.852009 0.592914 0.610498 0.757971 0.728273 0.804742 0.858662 0.752577 0.921904 0.518623 0.531726 0.751293 0.675262 0.739947 0.834148 0.912546 0.772648 0.845717 0.811860 0.960540 0.937792 0.771921 0.633549 0.530522 0.971181 0.956364 0.853236
0.909023 0.912512 0.639042 0.611511 0.923385 0.812027 0.923207 0.912479 0.951660 0.780820 0.793243 0.722781 0.751868 0.814882 0.967911 0.901651 0.853934 0.801295 0.958009 0.949716 0.818963 0.946457 0.554544 0.604453 0.592607 0.740956 0.813526 0.735783 0.832359 0.665980 0.636098 0.792180 0.822160 0.968280 0.000000 0.863825 0.853244 0.949046 0.941927 0.995059 0.855018 0.901274 0.930198 0.807698 0.820217 0.746356 0.998381 0.942418 0.669524 0.843027 0.882835 0.905115 0.935976 0.973508 0.661939 0.908771 0.898920 0.967105 0.915157 0.969274 0.916169 0.842801 0.943585 0.829563 0.615641 0.725718 0.669931 0.807543 0.895082 0.993733 0.817150 0.905995 0.732220 0.849232 0.922621 0.984199 0.877002 0.925867 0.995358 0.915388 0.929259 0.906954 0.927016 0.919033 0.605950 0.542997 0.927218 0.907046 0.966533 0.719758 0.989459 0.920609 0.893590 0.798118 0.943291 0.947804 0.964996 0.811354 0.801243 0.945524 0.716395 0.897736 0.948526 0.802497 0.848565 0.900344 0.880145 0.904748 0.940533 0.983647 0.994058 0.766407 0.728740 0.759983 0.912415 0.899311
0.876871 0.964240 0.958159 0.992027 0.764650 0.823145 0.877916 0.864768 0.798127 0.866810 0.866681 0.864079 0.937338 0.896282 0.941062 0.739637 0.884480 0.859379 0.879042 0.946867 0.875769 0.960465 0.882399 0.942116 0.912853 0.908693 0.832763 0.999304 0.902841 0.835715 0.953994 0.965261 0.907668 0.898482 0.863825 0.000000 0.952634 0.894472 0.900461 0.876193 0.844903 0.933537 0.875903 0.917299 0.982920 0.929777 0.976047 0.908419 0.880774 0.998966 0.993125 0.989438 0.945726 0.983210 0.848696 0.966285 0.932399 0.971025 0.997076 0.855655 0.990030 0.946644 0.939246 0.903526 0.904770 0.822185 0.805064 0.764189 0.960412 0.998445 0.927987 0.907967 0.985543 0.966761 0.879918 0.957796 0.949011 0.957923 0.874565 0.938195 0.967187 0.942658 0.796061 0.902585 0.883886 0.768974 0.997995 0.895345 0.950049 0.985315 0.893523 0.833726 0.923534 0.986841 0.925955 0.904874 0.989892 0.987437 0.815769 0.812716 0.809091 0.937204 0.835625 0.897065 0.863577 0.974303 0.902431 0.995827 0.878307 0.925830 0.952111 0.892405 0.989196 0.958210 0.940957 0.925151
0.901693 0.860439 0.805926 0.654290 0.919284 0.972311 0.869515 0.813477 0.583973 0.960248 0.978024 0.932435 0.875255 0.959743 0.978641 0.775400 0.882902 0.952105 0.888258 0.744622 0.897901 0.971504 0.931288 0.882120 0.828172 0.760389 0.892662 0.903336 0.936793 0.872545 0.804572 0.725795 0.873169 0.817187 0.853244 0.952634 0.000000 0.768557 0.884732 0.780924 0.735078 0.871193 0.858746 0.951783 0.993454 0.934103 0.873148 0.899753 0.955807 0.874308 0.721830 0.750395 0.777583 0.766636 0.839661 0.963502 0.847242 0.853368 0.708021 0.684532 0.832542 0.776729 0.898203 0.915222 0.807005 0.670705 0.907121 0.905005 0.801754 0.776702 0.818094 0.778080 0.775807 0.806231 0.873731 0.867798 0.756066 0.817276 0.857371 0.997997 0.838149 0.986941 0.883382 0.829834 0.989804 0.974339 0.768593 0.853932 0.903133 0.789617 0.833889 0.841083 0.804739 0.784782 0.780023 0.919622 0.849730 0.940320 0.831090 0.897600 0.973789 0.899626 0.941286 0.928912 0.840481 0.782658 0.898584 0.749062 0.862699 0.857396 0.926557 0.966963 0.933333 0.896057 0.971723 0.922294
0.820583 0.767279 0.944231 0.752370 0.924029 0.980465 0.967683 0.909320 0.804003 0.956531 0.827114 0.979311 0.829297 0.928760 0.826604 0.971669 0.912008 0.913202 0.931120 0.901949 0.966463 0.945085 0.929110 0.946640 0.789830 0.857160 0.972809 0.925570 0.998467 0.955153 0.883969 0.988810 0.784874 0.993115 0.949046 0.894472 0.768557 0.000000 0.955673 0.946279 0.751294 0.904596 0.869113 0.925089 0.984980 0.972082 0.899409 0.953821 0.996615 0.838229 0.866773 0.869338 0.939866 0.979746 0.901268 0.816777 0.847329 0.820857 0.823401 0.709530 0.868367 0.732504 0.940454 0.861448 0.860609 0.642622 0.886190 0.848074 0.837707 0.911878 0.947662 0.834782 0.950998 0.974369 0.845633 0.969094 0.734285 0.878568 0.854751 0.956594 0.853932 0.945295 0.975294 0.889595 0.971795 0.949171 0.989022 0.866757 0.984196 0.823169 0.996373 0.910814 0.951893 0.990267 0.990899 0.941546 0.891029 0.940944 0.929871 0.981078 0.874954 0.962811 0.781605 0.942590 0.768334 0.810159 0.919832 0.998563 0.939592 0.944351 0.956275 0.974500 0.952403 0.880188 0.831352 0.882571
