0.000000 0.122391 0.290866 0.331552 0.719483 0.630430 0.651791 0.497859 0.479332 0.597101 0.306929 0.222941 0.266518 0.297241 0.510532 0.575236 0.210920 0.186184 0.221940 0.167213 0.432043 0.948365 0.500324 0.336574 0.305088 0.539510 0.372376 0.829308 0.401420 0.376746 0.753116 0.604927 0.297567 0.402891 0.731438 0.960483 0.565782 0.570127 0.778275 0.688616 0.544418 0.652099 0.977799 0.792584 0.823144 0.959476 0.534279 0.615716 0.857043 0.693144 0.828483 0.738747 0.937693 0.623206 0.310126 0.422395 0.124867 0.128533 0.348299 0.284267 0.298132 0.419474 0.209704 0.222238 0.220116 0.334519 0.597672 0.710155 0.225756 0.258065 0.697809 0.468126 0.980179 0.833083 0.751363 0.982611 0.937681 0.879436 0.442525 0.382308 0.214234 0.245599 0.300576 0.193823 0.176267 0.161648 0.751912 0.475597 0.465435 0.229718 0.274905 0.349462 0.315923 0.353718 0.950496 0.937461 0.936751 0.853527 0.740124 0.835941 0.587124 0.624605 0.992180 0.790377 0.808680 0.831811 0.926704 0.818769 0.698990 0.734100 0.789496 0.957362 0.806473 0.993830 0.678945 0.522358
0.122391 0.000000 0.284564 0.298370 0.803225 0.658220 0.612782 0.443165 0.501653 0.646080 0.360420 0.222240 0.300877 0.301567 0.499848 0.536879 0.199158 0.188246 0.224566 0.177216 0.452411 0.973826 0.429642 0.303022 0.321650 0.551958 0.381948 0.860773 0.384167 0.351113 0.659365 0.563780 0.281516 0.350559 0.698357 0.900422 0.548653 0.555273 0.726754 0.729617 0.583984 0.637878 0.948197 0.724916 0.888327 0.890228 0.482999 0.560707 0.798425 0.633496 0.750022 0.656843 0.982444 0.716307 0.309163 0.385508 0.121242 0.122746 0.321681 0.277635 0.294666 0.383066 0.213034 0.201528 0.239635 0.336029 0.548262 0.650255 0.259025 0.249568 0.772075 0.512146 0.956189 0.886086 0.731633 0.949393 0.982382 0.901005 0.404616 0.349889 0.196969 0.272665 0.302752 0.208378 0.202381 0.172729 0.752579 0.491996 0.493881 0.231806 0.270012 0.343340 0.312715 0.333477 0.985805 0.948573 0.961563 0.887569 0.767356 0.888789 0.567066 0.639254 0.968619 0.841568 0.787317 0.783920 0.868964 0.803921 0.743311 0.724097 0.776327 0.992554 0.861041 0.994590 0.645199 0.558672
0.290866 0.284564 0.000000 0.221165 0.833514 0.767868 0.524119 0.415661 0.671580 0.739025 0.511254 0.404114 0.363998 0.413365 0.580281 0.581830 0.387622 0.367054 0.323289 0.317197 0.476739 0.968703 0.472422 0.380834 0.360249 0.497669 0.478442 0.946047 0.518599 0.523325 0.641206 0.536883 0.389475 0.425172 0.742001 0.967978 0.513778 0.556326 0.776118 0.626241 0.633310 0.619194 0.906792 0.730813 0.896986 0.929848 0.567142 0.649691 0.869899 0.689525 0.777237 0.716996 0.963467 0.798922 0.381492 0.517823 0.270840 0.287525 0.437310 0.383352 0.394917 0.428092 0.378330 0.378012 0.324287 0.365740 0.578956 0.684468 0.371242 0.338723 0.897255 0.727375 0.777175 0.936127 0.852340 0.855660 0.910031 0.920925 0.485394 0.519118 0.393530 0.440496 0.478448 0.426810 0.385255 0.307847 0.865221 0.688467 0.529078 0.395615 0.477839 0.543276 0.518989 0.516488 0.930678 0.949722 0.851622 0.940051 0.929844 0.976136 0.668919 0.810138 0.994070 0.865680 0.784819 0.704109 0.720764 0.898609 0.820119 0.828364 0.755115 0.934417 0.998651 0.928626 0.584354 0.672421
0.331552 0.298370 0.221165 0.000000 0.891125 0.858827 0.398405 0.239028 0.763075 0.930880 0.661641 0.449928 0.462182 0.429561 0.679997 0.509056 0.453468 0.448050 0.389516 0.443585 0.578058 0.977670 0.390036 0.343575 0.444408 0.503046 0.553941 0.951270 0.613703 0.566780 0.507450 0.489564 0.360742 0.400722 0.663179 0.896567 0.484349 0.552576 0.768782 0.613368 0.714707 0.641685 0.785359 0.625563 0.971476 0.794543 0.514407 0.576897 0.733559 0.557594 0.571888 0.497552 0.735727 0.960756 0.388161 0.460670 0.282685 0.301565 0.313100 0.255088 0.392193 0.345909 0.377411 0.348516 0.465504 0.375289 0.471090 0.511287 0.505634 0.282756 0.967056 0.775559 0.701608 0.891894 0.838290 0.795501 0.789956 0.880457 0.403437 0.498364 0.439777 0.582632 0.538378 0.479265 0.464875 0.326881 0.996957 0.732572 0.513412 0.375525 0.516744 0.594173 0.544879 0.521516 0.859902 0.932799 0.815531 0.845276 0.955691 0.866461 0.727774 0.898273 0.943804 0.794956 0.725477 0.619505 0.623695 0.925870 0.874029 0.770032 0.741405 0.803794 0.895316 0.841460 0.496781 0.764750
0.719483 0.803225 0.833514 0.891125 0.000000 0.650805 0.974256 0.964961 0.726523 0.657966 0.791028 0.898007 0.880322 0.910274 0.940463 0.802615 0.877131 0.847951 0.772876 0.731508 0.875068 0.908337 0.997513 0.979441 0.851979 0.973629 0.903931 0.978679 0.982847 0.990282 0.881735 0.957969 0.887728 0.984500 0.947489 0.740523 0.998979 0.958858 0.950396 0.913728 0.796403 0.980174 0.897165 0.959908 0.791277 0.882985 0.936166 0.981839 0.952119 0.977233 0.883658 0.894143 0.678585 0.584226 0.880962 0.916797 0.779298 0.808705 0.818935 0.770728 0.926812 0.924652 0.856025 0.890341 0.769076 0.977013 0.924729 0.951594 0.678132 0.822974 0.682494 0.740118 0.706880 0.667752 0.881422 0.978873 0.950845 0.849774 0.965834 0.967343 0.862242 0.798441 0.889570 0.804407 0.752389 0.766497 0.945429 0.771692 0.824210 0.782740 0.858965 0.850366 0.935606 0.824221 0.965115 0.900203 0.827192 0.848127 0.883227 0.920261 0.833303 0.775781 0.813947 0.957816 0.954706 0.951651 0.918321 0.965069 0.747571 0.889055 0.975536 0.901421 0.852666 0.955887 0.978897 0.733212
0.630430 0.658220 0.767868 0.858827 0.650805 0.000000 0.847650 0.908747 0.519932 0.607432 0.593487 0.697080 0.858211 0.784705 0.953738 0.934012 0.698452 0.680641 0.691720 0.613667 0.840433 0.882924 0.982641 0.842261 0.754308 0.936317 0.703538 0.925941 0.815586 0.767732 0.885947 0.910241 0.815405 0.928143 0.977980 0.983930 0.896904 0.984029 0.917004 0.993843 0.651289 0.853247 0.711732 0.801203 0.704343 0.852106 0.990210 0.989878 0.916773 0.918310 0.806379 0.814291 0.643179 0.491918 0.904938 0.877039 0.649546 0.658396 0.795809 0.789038 0.838640 0.982434 0.754540 0.758212 0.645503 0.935979 0.943670 0.928215 0.586905 0.764551 0.651264 0.677529 0.586478 0.570564 0.944084 0.825402 0.658180 0.682098 0.943974 0.967407 0.798938 0.720668 0.773539 0.651079 0.705470 0.740279 0.825121 0.806411 0.946240 0.751417 0.516913 0.625337 0.634563 0.665975 0.841429 0.852251 0.885451 0.924348 0.664638 0.675503 0.700525 0.693858 0.916972 0.970717 0.775902 0.834784 0.812917 0.689837 0.709478 0.953288 0.864376 0.880538 0.694118 0.802237 0.863042 0.752795
0.651791 0.612782 0.524119 0.398405 0.974256 0.847650 0.000000 0.200975 0.969944 0.561008 0.962030 0.698975 0.687890 0.679193 0.729214 0.634631 0.684029 0.712213 0.518691 0.721821 0.727982 0.937799 0.349915 0.691665 0.877527 0.789899 0.876661 0.998950 0.575642 0.705621 0.366747 0.403008 0.373568 0.338400 0.696130 0.996955 0.634491 0.655602 0.915430 0.763087 0.849152 0.625663 0.424190 0.352490 0.496462 0.426676 0.435860 0.476601 0.396114 0.332985 0.277453 0.285085 0.376678 0.564827 0.529911 0.491044 0.566218 0.607304 0.354763 0.413856 0.423515 0.376870 0.455389 0.455034 0.798233 0.664942 0.348442 0.365815 0.895821 0.568937 0.597697 0.911485 0.406532 0.541800 0.765921 0.595103 0.557972 0.552333 0.410793 0.590710 0.637913 0.894480 0.690543 0.824692 0.696313 0.685757 0.713048 0.977784 0.674000 0.690457 0.923548 0.986457 0.813583 0.806549 0.674799 0.765859 0.652436 0.714288 0.543671 0.495857 0.962647 0.745533 0.712616 0.614241 0.546009 0.433331 0.541096 0.731607 0.901302 0.807738 0.694819 0.555012 0.528527 0.539394 0.364565 0.987565
0.497859 0.443165 0.415661 0.239028 0.964961 0.908747 0.200975 0.000000 0.988429 0.730513 0.811860 0.516452 0.555031 0.525260 0.679705 0.444005 0.557094 0.565053 0.499724 0.614023 0.666452 0.985997 0.342081 0.468780 0.705652 0.682500 0.748594 0.978289 0.547134 0.568375 0.405812 0.471557 0.353380 0.355811 0.669738 0.924404 0.551628 0.536274 0.923460 0.690787 0.783340 0.638186 0.597161 0.488168 0.700316 0.600522 0.497271 0.562160 0.557344 0.431627 0.370383 0.333566 0.481002 0.667168 0.448397 0.494483 0.413797 0.432995 0.349837 0.337341 0.327505 0.230157 0.376400 0.333780 0.638351 0.433888 0.412743 0.386460 0.763099 0.412583 0.717642 0.977533 0.500875 0.679289 0.752651 0.658397 0.679174 0.688689 0.392638 0.529448 0.531804 0.772838 0.601759 0.662491 0.607835 0.522929 0.897600 0.900466 0.569163 0.569656 0.698941 0.723579 0.630469 0.596890 0.788172 0.878722 0.795475 0.844968 0.786302 0.710280 0.876564 0.959751 0.868386 0.767357 0.598568 0.587729 0.596255 0.836098 0.990245 0.785846 0.758088 0.724966 0.726625 0.689529 0.429484 0.847028
0.479332 0.501653 0.671580 0.763075 0.726523 0.519932 0.969944 0.988429 0.000000 0.502251 0.546588 0.584054 0.691440 0.547134 0.813337 0.980527 0.481820 0.455674 0.494339 0.446589 0.684960 0.974158 0.848700 0.609883 0.462642 0.596574 0.529379 0.975306 0.699083 0.642188 0.996785 0.850845 0.643738 0.696515 0.814639 0.820063 0.724523 0.817614 0.825769 0.936065 0.743340 0.940891 0.951443 0.878897 0.845557 0.998526 0.723314 0.720025 0.915544 0.833555 0.960283 0.986786 0.825564 0.616862 0.586256 0.519063 0.512263 0.517481 0.599588 0.612221 0.811502 0.899255 0.626223 0.637940 0.596512 0.755263 0.747741 0.909862 0.447481 0.623913 0.661872 0.585672 0.782518 0.794817 0.842861 0.963729 0.917208 0.808379 0.757741 0.652764 0.510673 0.408599 0.533786 0.351707 0.480426 0.468405 0.716278 0.461322 0.632707 0.423001 0.539205 0.673495 0.630146 0.687991 0.973256 0.840550 0.971885 0.997739 0.793289 0.957885 0.776483 0.742055 0.862320 0.750895 0.888764 0.857166 0.982617 0.854150 0.682021 0.719662 0.770261 0.921317 0.760086 0.956908 0.953063 0.721402
0.597101 0.646080 0.739025 0.930880 0.657966 0.607432 0.561008 0.730513 0.502251 0.000000 0.523022 0.717255 0.706457 0.756622 0.899680 0.914865 0.710666 0.647812 0.815236 0.586914 0.732548 0.942857 0.805904 0.724281 0.516496 0.754221 0.595372 0.810535 0.992205 0.849784 0.584697 0.787489 0.950185 0.880703 0.963095 0.957537 0.903449 0.795682 0.768704 0.987489 0.752756 0.981898 0.492587 0.605337 0.354393 0.448899 0.832025 0.818299 0.512902 0.606914 0.456600 0.534406 0.379935 0.296851 0.893221 0.994050 0.690680 0.662321 0.957674 0.941685 0.974830 0.891966 0.926850 0.908822 0.540831 0.694498 0.749748 0.625870 0.441082 0.725743 0.401482 0.523476 0.546734 0.526854 0.927479 0.687564 0.564605 0.540425 0.927295 0.877831 0.699169 0.462031 0.722075 0.529066 0.613029 0.564074 0.582057 0.536274 0.809510 0.650267 0.559165 0.559695 0.766469 0.771446 0.682644 0.941773 0.791496 0.706114 0.421616 0.500906 0.616202 0.517572 0.755613 0.810534 0.800795 0.752749 0.772591 0.631646 0.672523 0.993509 0.927891 0.558234 0.419325 0.716381 0.732214 0.637979
0.306929 0.360420 0.511254 0.661641 0.791028 0.593487 0.962030 0.811860 0.546588 0.523022 0.000000 0.260762 0.271848 0.301433 0.435930 0.570011 0.289663 0.227307 0.426873 0.278248 0.598947 0.852356 0.831122 0.539575 0.456634 0.765041 0.437302 0.775293 0.400065 0.330281 0.934105 0.870642 0.589082 0.622737 0.977633 0.952811 0.734101 0.692585 0.844888 0.786983 0.537153 0.919973 0.639411 0.829107 0.581378 0.720650 0.889600 0.994685 0.788906 0.930248 0.769802 0.843973 0.649992 0.412279 0.537783 0.706853 0.345162 0.321094 0.785194 0.715927 0.355510 0.509643 0.404144 0.391226 0.197773 0.359985 0.990369 0.924551 0.367046 0.588257 0.543863 0.511854 0.819952 0.756286 0.729133 0.889759 0.589431 0.735072 0.734783 0.619117 0.400466 0.327206 0.407396 0.317424 0.341398 0.366622 0.474328 0.593405 0.600300 0.530576 0.272411 0.291162 0.268233 0.392172 0.762285 0.928511 0.726594 0.626471 0.411152 0.521917 0.492402 0.517568 0.789069 0.926197 0.859495 0.849838 0.795451 0.627760 0.670367 0.950029 0.976596 0.697963 0.560795 0.732777 0.940222 0.496162
0.222941 0.222240 0.404114 0.449928 0.898007 0.697080 0.698975 0.516452 0.584054 0.717255 0.260762 0.000000 0.211399 0.196831 0.352735 0.372356 0.168819 0.156039 0.285914 0.221017 0.489884 0.887029 0.492092 0.357380 0.365885 0.629373 0.396625 0.854268 0.300577 0.222504 0.711137 0.612096 0.347257 0.386284 0.714282 0.897646 0.573292 0.566729 0.754183 0.675984 0.554939 0.775611 0.914068 0.859091 0.853661 0.978587 0.610238 0.699216 0.933202 0.758570 0.876687 0.791552 0.973318 0.709368 0.311089 0.468035 0.218445 0.183128 0.539153 0.480591 0.215519 0.287348 0.203977 0.173562 0.224306 0.267947 0.734171 0.767164 0.331889 0.383663 0.777582 0.607133 0.954436 0.938388 0.656848 0.975577 0.886624 0.896456 0.490452 0.370087 0.235736 0.289680 0.258219 0.239951 0.253864 0.252173 0.605841 0.525818 0.475640 0.383623 0.248799 0.291416 0.225277 0.276219 0.905715 0.986236 0.838363 0.746859 0.631264 0.734374 0.554798 0.628415 0.994770 0.904565 0.859391 0.926756 0.996325 0.698646 0.688748 0.738227 0.844720 0.876577 0.743578 0.858995 0.683271 0.534220
0.266518 0.300877 0.363998 0.462182 0.880322 0.858211 0.687890 0.555031 0.691440 0.706457 0.271848 0.211399 0.000000 0.200282 0.287591 0.359019 0.284882 0.237280 0.333527 0.293482 0.532773 0.938842 0.540123 0.359854 0.402737 0.577006 0.433219 0.818596 0.395539 0.380817 0.832807 0.579627 0.433447 0.437479 0.790312 0.946362 0.692730 0.644311 0.847404 0.716609 0.549385 0.737504 0.867575 0.957547 0.748363 0.890934 0.692008 0.825505 0.959769 0.859297 0.949430 0.857832 0.924682 0.678242 0.357883 0.559603 0.284377 0.265173 0.612135 0.546445 0.237348 0.380175 0.255922 0.281073 0.241954 0.252887 0.844472 0.893323 0.375732 0.432540 0.681668 0.598631 0.940553 0.963367 0.689118 0.979421 0.861243 0.856337 0.561673 0.425406 0.280537 0.276692 0.343059 0.302900 0.253041 0.246313 0.605142 0.542271 0.466027 0.456610 0.368446 0.398900 0.325900 0.402171 0.848969 0.908516 0.880278 0.736811 0.661481 0.754395 0.545839 0.761977 0.893683 0.940961 0.942831 0.949662 0.986263 0.736233 0.687488 0.903319 0.901806 0.775032 0.719792 0.862292 0.697381 0.492108
0.297241 0.301567 0.413365 0.429561 0.910274 0.784705 0.679193 0.525260 0.547134 0.756622 0.301433 0.196831 0.200282 0.000000 0.309936 0.293636 0.222590 0.197122 0.303493 0.293409 0.563210 0.873542 0.480781 0.298258 0.374549 0.535888 0.418649 0.864220 0.378341 0.276083 0.718376 0.542028 0.394909 0.374956 0.783382 0.904001 0.611593 0.632592 0.772524 0.721339 0.637676 0.817942 0.950117 0.856647 0.846649 0.993800 0.619713 0.698083 0.949337 0.756822 0.861710 0.766992 0.962037 0.803118 0.319233 0.451098 0.281694 0.252856 0.556727 0.513388 0.261165 0.325764 0.255268 0.238758 0.312071 0.239738 0.757312 0.778622 0.422487 0.429087 0.782457 0.632795 0.877071 0.940908 0.687150 0.890349 0.925385 0.899163 0.494499 0.400744 0.275172 0.296137 0.286213 0.243223 0.298055 0.246718 0.608631 0.463045 0.450235 0.417870 0.324452 0.386880 0.301528 0.379770 0.963561 0.954536 0.861457 0.815550 0.695714 0.849772 0.576247 0.752064 0.982492 0.871167 0.906520 0.855144 0.903450 0.786983 0.664049 0.857384 0.803860 0.895313 0.782276 0.897914 0.672857 0.564991
0.510532 0.499848 0.580281 0.679997 0.940463 0.953738 0.729214 0.679705 0.813337 0.899680 0.435930 0.352735 0.287591 0.309936 0.000000 0.354769 0.394631 0.380675 0.486821 0.448449 0.664289 0.887375 0.558184 0.468894 0.642639 0.763798 0.607930 0.803492 0.395777 0.408727 0.804192 0.647464 0.574594 0.466861 0.887465 0.901754 0.837648 0.878465 0.873603 0.817729 0.701153 0.879338 0.997345 0.896265 0.955003 0.975618 0.702155 0.778937 0.912046 0.827974 0.862924 0.814732 0.944168 0.862979 0.442439 0.581990 0.494322 0.479421 0.756250 0.770713 0.346583 0.484156 0.411657 0.428490 0.428042 0.431455 0.911657 0.965777 0.623162 0.704208 0.748983 0.731245 0.848305 0.903392 0.704194 0.927847 0.971728 0.908664 0.584401 0.529494 0.394143 0.437396 0.470593 0.476054 0.417209 0.492278 0.696175 0.658069 0.681365 0.666184 0.552241 0.562506 0.428626 0.540145 0.950107 0.936370 0.756223 0.767444 0.792015 0.854097 0.585757 0.826846 0.997623 0.923194 0.973189 0.928917 0.913817 0.724965 0.750829 0.991225 0.933301 0.848054 0.881711 0.889546 0.732408 0.662073
0.575236 0.536879 0.581830 0.509056 0.802615 0.934012 0.634631 0.444005 0.980527 0.914865 0.570011 0.372356 0.359019 0.293636 0.354769 0.000000 0.441109 0.458278 0.593672 0.590759 0.680119 0.864050 0.499313 0.401676 0.624135 0.703650 0.695739 0.915799 0.467702 0.391079 0.633719 0.563308 0.565231 0.477694 0.859484 0.923287 0.738168 0.703888 0.893266 0.666748 0.793822 0.864592 0.966765 0.862285 0.993500 0.930907 0.742470 0.791836 0.911158 0.746517 0.726675 0.649545 0.726714 0.869199 0.463553 0.654358 0.508700 0.479853 0.694167 0.677860 0.351733 0.311894 0.423061 0.392092 0.557892 0.339646 0.842311 0.732449 0.776593 0.616674 0.995526 0.876071 0.735354 0.821777 0.642850 0.771790 0.944857 0.978595 0.594106 0.522370 0.507408 0.613113 0.496085 0.584485 0.596884 0.527110 0.729908 0.799715 0.675454 0.687306 0.544853 0.534784 0.449317 0.479263 0.986216 0.909057 0.752984 0.836743 0.823514 0.932448 0.708582 0.871870 0.989554 0.977829 0.968939 0.934692 0.827335 0.835733 0.870541 0.974131 0.916824 0.943043 0.921153 0.937843 0.682493 0.713861
0.210920 0.199158 0.387622 0.453468 0.877131 0.698452 0.684029 0.557094 0.481820 0.710666 0.289663 0.168819 0.284882 0.222590 0.394631 0.441109 0.000000 0.139805 0.223619 0.196000 0.476270 0.944915 0.468217 0.349504 0.329344 0.583113 0.417013 0.838466 0.250243 0.214342 0.661104 0.563246 0.288892 0.329646 0.713696 0.872193 0.569515 0.617788 0.759413 0.690785 0.656287 0.713684 0.964348 0.733031 0.947633 0.860806 0.472156 0.549008 0.812189 0.642529 0.794731 0.713759 0.972252 0.744244 0.285846 0.379849 0.197559 0.178608 0.457449 0.437340 0.281240 0.362793 0.214897 0.197157 0.244295 0.329969 0.621356 0.676386 0.318685 0.377997 0.810603 0.571862 0.924990 0.982901 0.697749 0.879624 0.990200 0.982929 0.433324 0.355911 0.186599 0.256311 0.220535 0.214919 0.223433 0.224170 0.665743 0.476783 0.500958 0.317725 0.287688 0.352758 0.257180 0.324031 0.995497 0.957404 0.945810 0.821595 0.737710 0.871013 0.613032 0.624274 0.888977 0.804548 0.823455 0.810588 0.939781 0.764080 0.705704 0.736543 0.805588 0.975739 0.850149 0.904643 0.668328 0.582906
0.186184 0.188246 0.367054 0.448050 0.847951 0.680641 0.712213 0.565053 0.455674 0.647812 0.227307 0.156039 0.237280 0.197122 0.380675 0.458278 0.139805 0.000000 0.225674 0.175901 0.470787 0.890789 0.506825 0.322424 0.326552 0.567277 0.415920 0.803008 0.282909 0.236644 0.742039 0.579199 0.322349 0.366515 0.749097 0.860449 0.593776 0.594502 0.765758 0.713114 0.609312 0.741842 0.965087 0.806567 0.873412 0.945333 0.551191 0.626727 0.886990 0.708630 0.875455 0.788007 0.962745 0.673719 0.281147 0.400441 0.180693 0.162245 0.483883 0.452887 0.271435 0.356697 0.211631 0.194774 0.206898 0.286173 0.666731 0.732361 0.296235 0.367959 0.744776 0.549335 0.978334 0.943221 0.730922 0.921503 0.898664 0.898615 0.440225 0.354829 0.178766 0.218297 0.243595 0.179700 0.201237 0.204975 0.609226 0.465725 0.513530 0.306743 0.261358 0.311045 0.247204 0.321464 0.995510 0.951844 0.912973 0.828507 0.676222 0.824771 0.550476 0.585694 0.946285 0.869131 0.837528 0.860819 0.996078 0.744013 0.679457 0.766155 0.823032 0.915056 0.799565 0.926402 0.678575 0.530980
0.221940 0.224566 0.323289 0.389516 0.772876 0.691720 0.518691 0.499724 0.494339 0.815236 0.426873 0.285914 0.333527 0.303493 0.486821 0.593672 0.223619 0.225674 0.000000 0.196888 0.471547 0.943545 0.315296 0.403656 0.382223 0.585823 0.457476 0.939269 0.329069 0.376968 0.538041 0.405562 0.204319 0.277493 0.639317 0.947496 0.551358 0.659883 0.804015 0.709373 0.567538 0.673141 0.790561 0.571961 0.909345 0.700523 0.347607 0.422798 0.649340 0.490856 0.663566 0.594170 0.883153 0.816145 0.274722 0.299846 0.217457 0.224217 0.329313 0.338404 0.313446 0.432133 0.190705 0.211160 0.344740 0.464193 0.457507 0.571688 0.327165 0.333626 0.908577 0.643016 0.842055 0.945462 0.770918 0.854189 0.839119 0.948064 0.349908 0.348901 0.219040 0.307797 0.280857 0.267844 0.217263 0.241853 0.782474 0.530311 0.513236 0.293248 0.431455 0.526447 0.411096 0.447725 0.812344 0.857834 0.861004 0.959902 0.984080 0.921266 0.766893 0.772547 0.742815 0.661357 0.680055 0.605907 0.813095 0.885446 0.773524 0.673191 0.667100 0.885505 0.986383 0.868693 0.535235 0.578840
0.167213 0.177216 0.317197 0.443585 0.731508 0.613667 0.721821 0.614023 0.446589 0.586914 0.278248 0.221017 0.293482 0.293409 0.448449 0.590759 0.196000 0.175901 0.196888 0.000000 0.439247 0.977670 0.489140 0.393503 0.329329 0.574544 0.349684 0.858807 0.352745 0.324236 0.709261 0.625283 0.322028 0.376727 0.775914 0.905937 0.602889 0.588130 0.761544 0.733033 0.548821 0.741682 0.977133 0.794338 0.846495 0.950734 0.529916 0.611089 0.884843 0.717135 0.895265 0.808231 0.892752 0.594554 0.318264 0.431120 0.189797 0.184263 0.466112 0.418024 0.331796 0.461363 0.255499 0.248371 0.213817 0.388180 0.649890 0.779372 0.233500 0.330582 0.724229 0.533967 0.993352 0.896690 0.756774 0.966079 0.948912 0.908752 0.463669 0.415712 0.229097 0.242749 0.301860 0.214869 0.212526 0.222743 0.660551 0.495978 0.521598 0.285329 0.289086 0.366451 0.319356 0.357630 0.995072 0.909743 0.984174 0.848562 0.715672 0.810974 0.590172 0.595477 0.957826 0.824301 0.826026 0.855549 0.930921 0.743283 0.771010 0.736658 0.817903 0.932991 0.795565 0.943346 0.718427 0.538404
0.432043 0.452411 0.476739 0.578058 0.875068 0.840433 0.727982 0.666452 0.684960 0.732548 0.598947 0.489884 0.532773 0.563210 0.664289 0.680119 0.476270 0.470787 0.471547 0.439247 0.000000 0.921856 0.584142 0.587913 0.479522 0.608092 0.587420 0.961049 0.572016 0.555413 0.694415 0.581719 0.455330 0.541625 0.974581 0.961052 0.640931 0.669178 0.818818 0.736349 0.837596 0.788253 0.901636 0.742290 0.951183 0.839190 0.590289 0.587486 0.810174 0.680521 0.816120 0.752860 0.914110 0.842044 0.443709 0.593871 0.441264 0.461841 0.551355 0.534670 0.539961 0.602646 0.450454 0.473276 0.525372 0.586227 0.624965 0.729665 0.480785 0.566712 0.919165 0.711493 0.877043 0.957735 0.857196 0.850120 0.963447 0.978961 0.585078 0.425174 0.433995 0.493149 0.446555 0.516356 0.480544 0.475521 0.921161 0.784824 0.710242 0.528208 0.565505 0.608158 0.650403 0.676007 0.969482 0.829448 0.871220 0.956960 0.953653 0.999597 0.786156 0.771227 0.880918 0.745778 0.817076 0.742547 0.920641 0.816610 0.809359 0.757176 0.807474 0.980519 0.943475 0.762841 0.617384 0.725979
0.948365 0.973826 0.968703 0.977670 0.908337 0.882924 0.937799 0.985997 0.974158 0.942857 0.852356 0.887029 0.938842 0.873542 0.887375 0.864050 0.944915 0.890789 0.943545 0.977670 0.921856 0.000000 0.849920 0.961648 0.956592 0.873558 0.875116 0.842750 0.963214 0.852534 0.861821 0.894116 0.942769 0.897315 0.906050 0.944131 0.877998 0.941596 0.927311 0.988852 0.983492 0.759275 0.771579 0.793556 0.853989 0.834579 0.822054 0.848374 0.793000 0.832909 0.846789 0.862280 0.925896 0.932412 0.996381 0.972959 0.913724 0.912245 0.949573 0.964064 0.866997 0.867483 0.965755 0.948700 0.893555 0.791921 0.824540 0.996248 0.950649 0.955077 0.837511 0.985727 0.972885 0.906869 0.973449 0.967451 0.708481 0.936147 0.993809 0.974755 0.993081 0.971497 0.968605 0.931829 0.993441 0.979453 0.914063 0.971078 0.942499 0.969097 0.858582 0.763156 0.839770 0.836166 0.814173 0.888681 0.820879 0.930494 0.725923 0.893558 0.936679 0.903832 0.888780 0.804647 0.848380 0.795873 0.909881 0.999930 0.861950 0.692905 0.959140 0.873485 0.860604 0.773355 0.970530 0.842842
0.500324 0.429642 0.472422 0.390036 0.997513 0.982641 0.349915 0.342081 0.848700 0.805904 0.831122 0.492092 0.540123 0.480781 0.558184 0.499313 0.468217 0.506825 0.315296 0.489140 0.584142 0.849920 0.000000 0.462073 0.588296 0.640685 0.716952 0.959342 0.496701 0.562271 0.284844 0.281847 0.283824 0.292020 0.571030 0.943693 0.616070 0.707768 0.824658 0.761567 0.807892 0.640153 0.466786 0.332073 0.569727 0.420912 0.254755 0.319753 0.412409 0.295182 0.346605 0.294177 0.508289 0.701263 0.347040 0.318985 0.449432 0.443535 0.345967 0.389150 0.446323 0.449698 0.329066 0.322245 0.666771 0.630297 0.355348 0.404721 0.638882 0.430575 0.726516 0.940880 0.544976 0.656675 0.748617 0.634519 0.526864 0.797313 0.329018 0.373585 0.384499 0.596577 0.502890 0.557759 0.448256 0.466579 0.948081 0.708814 0.657897 0.453208 0.716899 0.770917 0.644257 0.594931 0.721542 0.874885 0.827971 0.776120 0.705689 0.632581 0.937936 0.967157 0.602319 0.597337 0.555337 0.447302 0.642102 0.966846 0.956291 0.613593 0.664556 0.728413 0.702349 0.691224 0.383552 0.772701
0.336574 0.303022 0.380834 0.343575 0.979441 0.842261 0.691665 0.468780 0.609883 0.724281 0.539575 0.357380 0.359854 0.298258 0.468894 0.401676 0.349504 0.322424 0.403656 0.393503 0.587913 0.961648 0.462073 0.000000 0.401691 0.487031 0.563557 0.890787 0.551168 0.452891 0.725837 0.581177 0.438583 0.474984 0.749423 0.907679 0.665341 0.640657 0.738147 0.805252 0.697546 0.731376 0.955809 0.802560 0.898288 0.940970 0.550442 0.634424 0.875939 0.675755 0.748052 0.642125 0.861539 0.941417 0.356418 0.460969 0.290328 0.284621 0.462752 0.428614 0.424320 0.433792 0.361596 0.349630 0.416354 0.318559 0.632098 0.675660 0.427387 0.332301 0.819235 0.720168 0.912981 0.997131 0.866082 0.890830 0.964270 0.857505 0.492276 0.424202 0.297594 0.348257 0.404871 0.302930 0.353113 0.259049 0.724707 0.447516 0.480493 0.357973 0.436986 0.458209 0.433518 0.468440 0.966797 0.975962 0.989007 0.992910 0.830882 0.954085 0.642207 0.758696 0.957732 0.868959 0.847582 0.811694 0.886057 0.820656 0.661226 0.830621 0.775147 0.914223 0.851484 0.995985 0.758852 0.660986
0.305088 0.321650 0.360249 0.444408 0.851979 0.754308 0.877527 0.705652 0.462642 0.516496 0.456634 0.365885 0.402737 0.374549 0.642639 0.624135 0.329344 0.326552 0.382223 0.329329 0.479522 0.956592 0.588296 0.401691 0.000000 0.294272 0.380983 0.886393 0.619407 0.506589 0.777529 0.643965 0.463996 0.550379 0.639028 0.853296 0.487576 0.577417 0.575300 0.695845 0.729492 0.704658 0.936937 0.844467 0.767821 0.949230 0.600123 0.675543 0.980774 0.798825 0.979371 0.878557 0.879062 0.683288 0.435418 0.512857 0.339293 0.303120 0.565633 0.490993 0.567680 0.596026 0.457419 0.423747 0.350818 0.412030 0.728288 0.803675 0.297298 0.397425 0.771756 0.615921 0.982385 0.921873 0.806559 0.999313 0.965294 0.874277 0.606957 0.500263 0.368296 0.323657 0.436281 0.270810 0.353170 0.259884 0.706581 0.505504 0.506853 0.301502 0.357398 0.445767 0.460846 0.482218 0.916306 0.940323 0.994870 0.899866 0.734362 0.890100 0.656912 0.658178 0.898392 0.813774 0.803836 0.771174 0.935744 0.687593 0.735318 0.777023 0.815738 0.895230 0.787934 0.940183 0.705022 0.623572
0.539510 0.551958 0.497669 0.503046 0.973629 0.936317 0.789899 0.682500 0.596574 0.754221 0.765041 0.629373 0.577006 0.535888 0.763798 0.703650 0.583113 0.567277 0.585823 0.574544 0.608092 0.873558 0.640685 0.487031 0.294272 0.000000 0.540525 0.943226 0.810492 0.707101 0.694993 0.644052 0.569900 0.574426 0.624768 0.788240 0.540274 0.593552 0.671566 0.781040 0.915120 0.594957 0.872198 0.713087 0.960167 0.915154 0.609131 0.655792 0.917403 0.722773 0.825787 0.739827 0.892626 0.972203 0.482192 0.495502 0.557793 0.534568 0.610526 0.554502 0.750066 0.679754 0.623769 0.610196 0.636714 0.547131 0.680123 0.712336 0.524359 0.480508 0.957367 0.809714 0.846969 0.894267 0.913675 0.905661 0.871166 0.942433 0.646747 0.599960 0.545044 0.543717 0.641672 0.459220 0.565293 0.429506 0.852730 0.640083 0.525020 0.439227 0.656070 0.746831 0.751937 0.693812 0.992328 0.780759 0.828938 0.922051 0.955800 0.881564 0.807651 0.955907 0.865794 0.732789 0.684802 0.687066 0.808003 0.917159 0.824873 0.800092 0.899973 0.964167 0.997786 0.906149 0.675682 0.817158
0.372376 0.381948 0.478442 0.553941 0.903931 0.703538 0.876661 0.748594 0.529379 0.595372 0.437302 0.396625 0.433219 0.418649 0.607930 0.695739 0.417013 0.415920 0.457476 0.349684 0.587420 0.875116 0.716952 0.563557 0.380983 0.540525 0.000000 0.846962 0.612075 0.536505 0.835360 0.766994 0.593986 0.563959 0.823804 0.795503 0.505481 0.670785 0.695194 0.691462 0.667577 0.843562 0.858301 0.958438 0.735767 0.883852 0.758569 0.821666 0.935577 0.927378 0.973575 0.937503 0.844295 0.630917 0.517917 0.653099 0.414995 0.397990 0.662845 0.564471 0.529619 0.596483 0.496005 0.473208 0.403971 0.477253 0.818736 0.921936 0.435397 0.557588 0.743785 0.644536 0.991388 0.889888 0.629028 0.838801 0.908662 0.841082 0.714117 0.628042 0.502842 0.421126 0.517639 0.413349 0.407984 0.359447 0.705245 0.602510 0.553209 0.477981 0.390518 0.515855 0.463275 0.570187 0.858745 0.992710 0.888245 0.796754 0.701412 0.737247 0.530197 0.713328 0.988708 0.836758 0.941635 0.832352 0.970270 0.708014 0.875843 0.877145 0.773391 0.877718 0.721342 0.908508 0.769134 0.750750
0.829308 0.860773 0.946047 0.951270 0.978679 0.925941 0.998950 0.978289 0.975306 0.810535 0.775293 0.854268 0.818596 0.864220 0.803492 0.915799 0.838466 0.803008 0.939269 0.858807 0.961049 0.842750 0.959342 0.890787 0.886393 0.943226 0.846962 0.000000 0.919456 0.926198 0.760345 0.872977 0.970617 0.989185 0.958885 0.960352 0.979204 0.891620 0.944131 0.965676 0.992157 0.860367 0.888660 0.936333 0.800344 0.808133 0.909338 0.928716 0.846799 0.831942 0.869235 0.879929 0.916156 0.801941 0.951334 0.964126 0.844939 0.815023 0.985942 0.992935 0.849320 0.892683 0.918212 0.894122 0.737906 0.713867 0.866930 0.822347 0.883585 0.905243 0.900383 0.899750 0.973833 0.962529 0.919736 0.940200 0.775662 0.852351 0.940623 0.961379 0.863060 0.774679 0.954163 0.867693 0.803343 0.789157 0.952007 0.889270 0.951489 0.813196 0.859895 0.830141 0.811695 0.932690 0.893479 0.900386 0.788757 0.869322 0.811444 0.875114 0.733912 0.882406 0.953777 0.965395 0.949851 0.898387 0.860563 0.991601 0.976038 0.838804 0.959086 0.849895 0.848861 0.882114 0.999237 0.795023
0.401420 0.384167 0.518599 0.613703 0.982847 0.815586 0.575642 0.547134 0.699083 0.992205 0.400065 0.300577 0.395539 0.378341 0.395777 0.467702 0.250243 0.282909 0.329069 0.352745 0.572016 0.963214 0.496701 0.551168 0.619407 0.810492 0.612075 0.919456 0.000000 0.215333 0.618820 0.582402 0.333458 0.312641 0.812904 0.894813 0.678225 0.668051 0.898151 0.700027 0.700536 0.720605 0.836230 0.658297 0.843372 0.720451 0.510697 0.574535 0.682021 0.594181 0.702961 0.681758 0.853376 0.924790 0.370775 0.441726 0.378821 0.370285 0.565116 0.602075 0.292242 0.355815 0.290684 0.278701 0.408904 0.482357 0.605331 0.646938 0.569519 0.538850 0.967901 0.815749 0.787969 0.827959 0.698450 0.829743 0.918214 0.850426 0.480291 0.441866 0.333485 0.485050 0.325161 0.454764 0.423048 0.492727 0.747779 0.697895 0.636680 0.541482 0.502550 0.543389 0.355561 0.447794 0.929293 0.905339 0.980558 0.892239 0.890333 0.970434 0.804928 0.777736 0.824904 0.812314 0.815675 0.789208 0.852163 0.888033 0.816306 0.715942 0.836320 0.930252 0.995767 0.939415 0.634191 0.700870
0.376746 0.351113 0.523325 0.566780 0.990282 0.767732 0.705621 0.568375 0.642188 0.849784 0.330281 0.222504 0.380817 0.276083 0.408727 0.391079 0.214342 0.236644 0.376968 0.324236 0.555413 0.852534 0.562271 0.452891 0.506589 0.707101 0.536505 0.926198 0.215333 0.000000 0.629356 0.631240 0.394266 0.362791 0.830840 0.750508 0.582411 0.547027 0.727499 0.715091 0.703979 0.779806 0.962130 0.815045 0.976205 0.888059 0.602091 0.667827 0.888079 0.729216 0.853284 0.790307 0.962228 0.842881 0.384644 0.482894 0.356624 0.321504 0.625668 0.626551 0.279381 0.289439 0.307524 0.258988 0.356695 0.352324 0.716211 0.703502 0.508619 0.495623 0.924101 0.776337 0.848959 0.924027 0.727043 0.869386 0.910767 0.973901 0.518830 0.423981 0.328114 0.466538 0.297443 0.373195 0.449030 0.434223 0.619954 0.636004 0.566523 0.512000 0.336755 0.343270 0.269251 0.325905 0.962630 0.954727 0.880200 0.814012 0.673503 0.788266 0.709133 0.621693 0.946953 0.954362 0.908868 0.904187 0.940463 0.729035 0.784138 0.783637 0.880224 0.958994 0.837278 0.908358 0.730587 0.724706
0.753116 0.659365 0.641206 0.507450 0.881735 0.885947 0.366747 0.405812 0.996785 0.584697 0.934105 0.711137 0.832807 0.718376 0.804192 0.633719 0.661104 0.742039 0.538041 0.709261 0.694415 0.861821 0.284844 0.725837 0.777529 0.694993 0.835360 0.760345 0.618820 0.629356 0.000000 0.333206 0.380606 0.326607 0.595427 0.798646 0.557191 0.729307 0.850331 0.772700 0.947081 0.729453 0.414984 0.306696 0.432424 0.324272 0.293005 0.327203 0.393721 0.286851 0.299384 0.270381 0.392830 0.507214 0.486093 0.425736 0.675355 0.679620 0.453741 0.520144 0.617697 0.508005 0.529280 0.501980 0.920599 0.842014 0.340007 0.311903 0.919290 0.631360 0.520248 0.855743 0.470371 0.553346 0.872808 0.603054 0.421096 0.576615 0.399379 0.547942 0.635304 0.951774 0.709078 0.822220 0.782908 0.751725 0.820179 0.970001 0.778964 0.676743 0.860492 0.929241 0.819055 0.726227 0.615423 0.826569 0.714505 0.743954 0.552497 0.525209 0.932105 0.881056 0.573576 0.658365 0.550346 0.422343 0.590886 0.845856 0.806686 0.703560 0.708241 0.518233 0.528396 0.673667 0.413211 0.906419
0.604927 0.563780 0.536883 0.489564 0.957969 0.910241 0.403008 0.471557 0.850845 0.787489 0.870642 0.612096 0.579627 0.542028 0.647464 0.563308 0.563246 0.579199 0.405562 0.625283 0.581719 0.894116 0.281847 0.581177 0.643965 0.644052 0.766994 0.872977 0.582402 0.631240 0.333206 0.000000 0.351265 0.335584 0.680599 0.899199 0.616194 0.743962 0.911957 0.742159 0.909427 0.721007 0.589440 0.448753 0.613163 0.481552 0.335024 0.370904 0.502124 0.379569 0.431449 0.380846 0.529434 0.721043 0.418373 0.400633 0.541877 0.549100 0.396193 0.465166 0.530201 0.536459 0.409283 0.444174 0.776259 0.710939 0.430397 0.402254 0.732487 0.578371 0.801639 0.927115 0.591020 0.705084 0.732234 0.716928 0.634206 0.845206 0.431002 0.439527 0.487897 0.693167 0.522188 0.643538 0.567258 0.561835 0.930419 0.833267 0.755962 0.567531 0.782535 0.829009 0.740515 0.715436 0.713286 0.955152 0.788352 0.822372 0.680951 0.599074 0.980057 0.904414 0.593247 0.589356 0.688655 0.426914 0.708411 0.953512 0.975188 0.751551 0.622158 0.716851 0.634237 0.662092 0.445913 0.928685
0.297567 0.281516 0.389475 0.360742 0.887728 0.815405 0.373568 0.353380 0.643738 0.950185 0.589082 0.347257 0.433447 0.394909 0.574594 0.565231 0.288892 0.322349 0.204319 0.322028 0.455330 0.942769 0.283824 0.438583 0.463996 0.569900 0.593986 0.970617 0.333458 0.394266 0.380606 0.351265 0.000000 0.222687 0.596074 0.941699 0.534781 0.626647 0.854818 0.720111 0.719441 0.630954 0.630479 0.430553 0.720824 0.527599 0.265151 0.340848 0.491633 0.353408 0.455395 0.400999 0.660980 0.935638 0.289310 0.274137 0.255983 0.273128 0.259487 0.276066 0.313974 0.353908 0.209873 0.209065 0.458812 0.516574 0.340898 0.419830 0.455577 0.325567 0.931349 0.769315 0.690214 0.794998 0.784940 0.712110 0.738412 0.809745 0.269000 0.329625 0.274160 0.480400 0.344140 0.372649 0.334638 0.336108 0.976601 0.637608 0.533508 0.353033 0.494111 0.613372 0.473109 0.482941 0.765873 0.844365 0.751607 0.944901 0.863109 0.788427 0.846794 0.890820 0.679837 0.602855 0.566677 0.528810 0.741882 0.997291 0.843534 0.628539 0.688265 0.735721 0.806559 0.758543 0.483113 0.743891
0.402891 0.350559 0.425172 0.400722 0.984500 0.928143 0.338400 0.355811 0.696515 0.880703 0.622737 0.386284 0.437479 0.374956 0.466861 0.477694 0.329646 0.366515 0.277493 0.376727 0.541625 0.897315 0.292020 0.474984 0.550379 0.574426 0.563959 0.989185 0.312641 0.362791 0.326607 0.335584 0.222687 0.000000 0.599841 0.800628 0.495174 0.596249 0.810561 0.765918 0.777219 0.602918 0.614454 0.427782 0.703044 0.551619 0.292649 0.385816 0.530646 0.398403 0.466100 0.420110 0.603321 0.856787 0.322967 0.289841 0.359936 0.375826 0.355154 0.411879 0.314816 0.331432 0.245132 0.239560 0.529548 0.505452 0.395456 0.466694 0.596539 0.432243 0.835028 0.879836 0.606342 0.695697 0.734607 0.723055 0.687402 0.707807 0.315024 0.373593 0.337250 0.557086 0.395107 0.465886 0.431612 0.427627 0.981398 0.688385 0.538527 0.440556 0.555263 0.635362 0.500721 0.505155 0.799998 0.854060 0.836538 0.924711 0.836098 0.754107 0.830301 0.958232 0.723726 0.647769 0.650129 0.539940 0.623640 0.997603 0.921005 0.693809 0.734540 0.727768 0.803946 0.787690 0.415951 0.847364
0.731438 0.698357 0.742001 0.663179 0.947489 0.977980 0.696130 0.669738 0.814639 0.963095 0.977633 0.714282 0.790312 0.783382 0.887465 0.859484 0.713696 0.749097 0.639317 0.775914 0.974581 0.906050 0.571030 0.749423 0.639028 0.624768 0.823804 0.958885 0.812904 0.830840 0.595427 0.680599 0.596074 0.599841 0.000000 0.863467 0.582333 0.857709 0.799885 0.853651 0.767104 0.725600 0.641751 0.537706 0.746503 0.666961 0.519107 0.589696 0.700090 0.573472 0.626963 0.625586 0.695477 0.813130 0.602705 0.498487 0.712346 0.706824 0.629054 0.650148 0.787514 0.729966 0.662155 0.621479 0.824584 0.815253 0.583085 0.597500 0.814714 0.665888 0.854866 0.942756 0.760986 0.775551 0.973941 0.790177 0.664044 0.734365 0.677556 0.680383 0.663384 0.781221 0.798177 0.694479 0.697381 0.679801 0.967679 0.840974 0.588738 0.634834 0.850574 0.894414 0.825980 0.751008 0.798296 0.921543 0.800359 0.904112 0.801460 0.700311 0.995115 0.970849 0.552682 0.649085 0.563825 0.672256 0.782834 0.971174 0.888392 0.671113 0.704809 0.735445 0.807845 0.917677 0.534993 0.953425
0.960483 0.900422 0.967978 0.896567 0.740523 0.983930 0.996955 0.924404 0.820063 0.957537 0.952811 0.897646 0.946362 0.904001 0.901754 0.923287 0.872193 0.860449 0.947496 0.905937 0.961052 0.944131 0.943693 0.907679 0.853296 0.788240 0.795503 0.960352 0.894813 0.750508 0.798646 0.899199 0.941699 0.800628 0.863467 0.000000 0.651930 0.693077 0.773514 0.922981 0.842251 0.939117 0.999004 0.887875 0.952382 0.947881 0.936907 0.841551 0.928693 0.969804 0.992722 0.962242 0.941673 0.892400 0.885907 0.814355 0.953436 0.930163 0.965250 0.992457 0.989260 0.839053 0.954622 0.878256 0.977659 0.895358 0.855800 0.801871 0.961364 0.837309 0.813849 0.768365 0.804201 0.918183 0.929738 0.942566 0.970736 0.831032 0.934044 0.886442 0.946384 0.998073 0.877999 0.901940 0.962238 0.909521 0.901339 0.966723 0.999988 0.875598 0.852852 0.832070 0.900036 0.857180 0.927984 0.740795 0.866545 0.707218 0.953664 0.981340 0.907528 0.982104 0.843586 0.842548 0.896903 0.885456 0.907060 0.859166 0.948091 0.837100 0.998424 0.969152 0.976690 0.996806 0.835855 0.851144
0.565782 0.548653 0.513778 0.484349 0.998979 0.896904 0.634491 0.551628 0.724523 0.903449 0.734101 0.573292 0.692730 0.611593 0.837648 0.738168 0.569515 0.593776 0.551358 0.602889 0.640931 0.877998 0.616070 0.665341 0.487576 0.540274 0.505481 0.979204 0.678225 0.582411 0.557191 0.616194 0.534781 0.495174 0.582333 0.651930 0.000000 0.553093 0.666724 0.630122 0.789040 0.681293 0.918335 0.709929 0.998980 0.876291 0.666113 0.673703 0.916165 0.728051 0.799879 0.753557 0.884866 0.999153 0.542645 0.581326 0.586600 0.557763 0.592232 0.608407 0.611372 0.542577 0.546572 0.514034 0.665853 0.621244 0.598723 0.659953 0.669693 0.574078 0.820957 0.974588 0.696683 0.832906 0.749736 0.994546 0.878354 0.891470 0.707445 0.736321 0.673301 0.757444 0.583581 0.622091 0.662543 0.556594 0.888812 0.813468 0.603615 0.595436 0.564268 0.632027 0.592867 0.602041 0.910033 0.819277 0.986726 0.969446 0.962752 0.960125 0.861516 0.869806 0.755492 0.696145 0.684462 0.666529 0.832602 0.890679 0.955148 0.820368 0.850663 0.923049 0.976992 0.940800 0.630090 0.964618
0.570127 0.555273 0.556326 0.552576 0.958858 0.984029 0.655602 0.536274 0.817614 0.795682 0.692585 0.566729 0.644311 0.632592 0.878465 0.703888 0.617788 0.594502 0.659883 0.588130 0.669178 0.941596 0.707768 0.640657 0.577417 0.593552 0.670785 0.891620 0.668051 0.547027 0.729307 0.743962 0.626647 0.596249 0.857709 0.693077 0.553093 0.000000 0.748261 0.823343 0.746349 0.648872 0.912845 0.913373 0.850434 0.933937 0.840012 0.884190 0.917574 0.928448 0.965857 0.903901 0.975358 0.903026 0.660613 0.751396 0.574797 0.532047 0.734929 0.674578 0.547008 0.476955 0.586699 0.502348 0.610255 0.484042 0.809307 0.777596 0.640205 0.447865 0.882319 0.927549 0.808621 0.888701 0.743517 0.979892 0.933508 0.999818 0.721135 0.751683 0.664709 0.727848 0.580412 0.649420 0.706420 0.586344 0.867583 0.797684 0.572418 0.597371 0.572477 0.534980 0.634717 0.509930 0.910455 0.866684 0.962085 0.933761 0.804122 0.896484 0.953143 0.828989 0.954786 0.999632 0.867645 0.849942 0.858327 0.907531 0.955601 0.816983 0.923564 0.859153 0.786127 0.987339 0.761082 0.693452
