0.000000 0.300494 0.991772 0.830920 0.930343 0.833587 0.983931 0.880126 0.871225 0.998717 0.538713 0.409539 0.490010 0.503220 0.709973 0.578186 0.415303 0.412541 0.426132 0.359325 0.955190 0.750751 0.796339 0.848392 0.844512 0.841559 0.798445 0.929480 0.582934 0.540193 0.982753 0.916319 0.793012 0.764434 0.940381 0.940037 0.753347 0.616012 0.921257 0.639796 0.837131 0.853289 0.788335 0.718119 0.950884 0.759719 0.565482 0.606708 0.697932 0.512349 0.688620 0.499025 0.806735 0.938643 0.806370 0.801851 0.373481 0.319953 0.585395 0.514947 0.770272 0.792171 0.630722 0.528637 0.947246 0.946396 0.914500 0.998690 0.379207 0.409677 0.962707 0.967319 0.828113 0.685296 0.802258 0.942870 0.820318 0.845201 0.654409 0.577899 0.337144 0.335904 0.496764 0.450033 0.610821 0.724354 0.831206 0.882625 0.892360 0.619513 0.878539 0.905192 0.802752 0.818888 0.976992 0.949249 0.930607 0.918055 0.815959 0.905111 0.846114 0.962406 0.650383 0.731592 0.983006 0.849395 0.957997 0.926119 0.872557 0.784810 0.885649 0.912236 0.965275 0.779138 0.784403 0.884576
0.300494 0.000000 0.982978 0.867010 0.879433 0.748050 0.919629 0.872512 0.880129 0.996368 0.574144 0.434024 0.606855 0.572179 0.852206 0.643634 0.416889 0.374692 0.408655 0.387100 0.890389 0.798119 0.849575 0.899621 0.889820 0.759561 0.814564 0.845971 0.598684 0.619252 0.944579 0.911782 0.822195 0.725500 0.914516 0.959155 0.854105 0.584253 0.972582 0.716661 0.895373 0.921621 0.674104 0.594730 0.827714 0.635757 0.568667 0.601825 0.579605 0.402734 0.560765 0.418031 0.690064 0.846382 0.858402 0.794816 0.255067 0.238331 0.585572 0.492861 0.825927 0.851797 0.636640 0.534539 0.906156 0.864680 0.931175 0.988430 0.537651 0.417114 0.938993 0.988832 0.996077 0.795578 0.907050 0.979485 0.775399 0.840521 0.621843 0.576424 0.347161 0.364284 0.568015 0.430375 0.654186 0.791774 0.931851 0.904058 0.919873 0.698404 0.920188 0.997518 0.898308 0.853597 0.908368 0.973760 0.986662 0.875265 0.832960 0.828159 0.928377 0.926097 0.598767 0.763889 0.994084 0.935805 0.960198 0.908569 0.989358 0.739132 0.731328 0.866562 0.838300 0.649128 0.795487 0.901840
0.991772 0.982978 0.000000 0.426879 0.904072 0.796264 0.494437 0.531943 0.480681 0.886879 0.887632 0.990476 0.805953 0.856310 0.949709 0.883354 0.867976 0.840868 0.836746 0.958391 0.904056 0.971957 0.670701 0.756330 0.660441 0.500349 0.864681 0.932627 0.936269 0.933322 0.652058 0.721870 0.630886 0.676122 0.759466 0.838900 0.769351 0.988824 0.934894 0.963672 0.973391 0.995936 0.716343 0.744451 0.740201 0.775208 0.666352 0.754618 0.854569 0.973277 0.968304 0.942122 0.876954 0.890319 0.946618 0.854342 0.987633 0.867573 0.889955 0.910195 0.491187 0.516187 0.917276 0.911902 0.417731 0.351368 0.577139 0.506413 0.981227 0.910885 0.750682 0.742441 0.748253 0.779395 0.898000 0.895482 0.790360 0.789356 0.881189 0.900903 0.822487 0.878296 0.997562 0.847358 0.837677 0.708461 0.966835 0.895951 0.928780 0.966179 0.662458 0.840849 0.741663 0.867689 0.863441 0.972820 0.844992 0.959126 0.694219 0.726406 0.710744 0.913447 0.995985 0.824371 0.719519 0.865596 0.885080 0.827198 0.762923 0.943087 0.801066 0.850758 0.779257 0.857015 0.754477 0.994594
0.830920 0.867010 0.426879 0.000000 0.958764 0.839265 0.541376 0.402652 0.495754 0.733731 0.895567 0.748669 0.670163 0.656879 0.806698 0.630868 0.996139 0.965373 0.683282 0.843408 0.984587 0.860435 0.468403 0.643931 0.754237 0.635668 0.883458 0.962250 0.986361 0.944823 0.629408 0.595378 0.629362 0.676565 0.780830 0.843850 0.749036 0.966369 0.919961 0.929639 0.944333 0.957902 0.544434 0.535179 0.694368 0.616606 0.539252 0.598723 0.962807 0.773080 0.704893 0.689989 0.693742 0.649839 0.911526 0.959749 0.908986 0.990496 0.726874 0.761728 0.505008 0.415060 0.985133 0.874574 0.545739 0.448551 0.594745 0.545307 0.899535 0.960831 0.675719 0.627328 0.781824 0.801372 0.909690 0.898867 0.679095 0.773742 0.897581 0.854031 0.957993 0.986778 0.896227 0.984926 0.828747 0.736921 0.893289 0.919043 0.765840 0.883705 0.594819 0.775972 0.679177 0.809434 0.870769 0.917801 0.717504 0.859316 0.546192 0.590537 0.583386 0.874208 0.920322 0.743711 0.587983 0.702989 0.891178 0.650476 0.679031 0.820695 0.711128 0.778724 0.709087 0.779679 0.630863 0.971981
0.930343 0.879433 0.904072 0.958764 0.000000 0.911150 0.971516 0.988775 0.927791 0.989911 0.934566 0.994729 0.942712 0.994219 0.903679 0.940487 0.962682 0.954681 0.999924 0.888247 0.998707 0.920578 0.912434 0.988537 0.874852 0.970085 0.913627 0.930049 0.970851 0.956736 0.852773 0.888307 0.941032 0.990476 0.883285 0.950828 0.972223 0.888030 0.940903 0.922161 0.902882 0.879651 0.896646 0.885972 0.840408 0.846814 0.966245 0.873735 0.807034 0.822369 0.804584 0.862878 0.901422 0.931818 0.881787 0.801466 0.884604 0.878117 0.982432 0.991643 0.876014 0.998631 0.916181 0.971222 0.918163 0.891944 0.932321 0.964156 0.887512 0.943574 0.952802 0.898969 0.984099 0.897885 0.916504 0.998151 0.920433 0.915973 0.815111 0.933233 0.962831 0.927294 0.927764 0.850209 0.985335 0.907282 0.940381 0.988516 0.834355 0.850334 0.910518 0.883882 0.876245 0.988726 0.849155 0.941746 0.940754 0.870853 0.930614 0.920768 0.967103 0.953496 0.890726 0.842642 0.973443 0.796523 0.912424 0.929880 0.914112 0.953627 0.913267 0.936358 0.987880 0.812475 0.942618 0.947211
0.833587 0.748050 0.796264 0.839265 0.911150 0.000000 0.966316 0.865154 0.785826 0.971709 0.720678 0.855192 0.936575 0.925304 0.840303 0.816874 0.665456 0.631335 0.733741 0.864570 0.854207 0.890449 0.873692 0.733682 0.792194 0.611236 0.878795 0.715539 0.730578 0.817254 0.939773 0.978410 0.942581 0.933293 0.868781 0.978214 0.853888 0.836492 0.814309 0.907351 0.990078 0.996830 0.941540 0.938065 0.939995 0.935894 0.938794 0.983558 0.971365 0.976536 0.949581 0.975003 0.813163 0.876707 0.741568 0.856131 0.614537 0.679867 0.838182 0.933961 0.897083 0.734961 0.696900 0.783610 0.787515 0.645888 0.846296 0.850434 0.921418 0.901955 0.750064 0.888611 0.804895 0.901932 0.865236 0.992404 0.941747 0.940051 0.838388 0.987473 0.774158 0.900898 0.789347 0.816861 0.837567 0.782786 0.931621 0.945521 0.967678 0.992697 0.708931 0.792334 0.742921 0.822497 0.971765 0.813307 0.647057 0.877408 0.895555 0.942654 0.885702 0.971412 0.810669 0.997923 0.914571 0.942774 0.791578 0.973112 0.948842 0.932975 0.913736 0.953701 0.894785 0.982449 0.980963 0.908834
0.983931 0.919629 0.494437 0.541376 0.971516 0.966316 0.000000 0.324297 0.544492 0.565107 0.779418 0.754902 0.977744 0.938006 0.856103 0.965165 0.882466 0.960545 0.718139 0.961255 0.983567 0.893268 0.790081 0.870380 0.918034 0.832823 0.622586 0.678129 0.807381 0.828147 0.457859 0.604104 0.413988 0.405296 0.767083 0.665467 0.901133 0.955024 0.879324 0.865836 0.922512 0.978479 0.472053 0.518474 0.382292 0.445040 0.602664 0.631919 0.768721 0.739586 0.630534 0.730996 0.639942 0.605252 0.943927 0.940022 0.952946 0.993023 0.546975 0.681105 0.329242 0.476079 0.689376 0.676458 0.854436 0.663663 0.295208 0.325582 0.865784 0.905420 0.694753 0.643636 0.778457 0.882123 0.992648 0.793254 0.621110 0.659209 0.871739 0.872079 0.930951 0.827201 0.941814 0.828088 0.868253 0.892044 0.803333 0.675461 0.858144 0.780535 0.662377 0.837257 0.711895 0.890034 0.809227 0.879497 0.866125 0.690091 0.453074 0.517056 0.447278 0.731430 0.703948 0.615455 0.661633 0.803208 0.797811 0.671635 0.830645 0.829629 0.638119 0.729679 0.618840 0.758710 0.639218 0.923552
0.880126 0.872512 0.531943 0.402652 0.988775 0.865154 0.324297 0.000000 0.515002 0.429314 0.748871 0.606318 0.837236 0.790379 0.993592 0.819803 0.863027 0.944913 0.636904 0.857003 0.902685 0.985886 0.704661 0.952136 0.913131 0.858610 0.717854 0.831573 0.812756 0.790692 0.490348 0.608251 0.451864 0.390334 0.858774 0.776336 0.734452 0.937278 0.946611 0.925431 0.903195 0.891337 0.409332 0.419805 0.454208 0.436764 0.480055 0.508743 0.752187 0.675906 0.570152 0.624580 0.629277 0.504070 0.949321 0.995258 0.945831 0.964436 0.542438 0.659148 0.353269 0.310283 0.735781 0.626119 0.877678 0.599006 0.421694 0.382881 0.996972 0.973485 0.560246 0.546441 0.758665 0.875310 0.960651 0.854717 0.615052 0.669008 0.815421 0.855655 0.903473 0.868690 0.967379 0.876037 0.863077 0.915400 0.845177 0.647000 0.923822 0.832438 0.617418 0.803590 0.717704 0.945206 0.852589 0.812772 0.739964 0.706810 0.415553 0.420984 0.407271 0.801369 0.662889 0.570151 0.561619 0.765855 0.868574 0.579980 0.766612 0.727584 0.639127 0.662544 0.579074 0.724452 0.664154 0.960532
0.871225 0.880129 0.480681 0.495754 0.927791 0.785826 0.544492 0.515002 0.000000 0.654057 0.970138 0.995879 0.991873 0.868810 0.900057 0.877702 0.856297 0.776095 0.871086 0.948887 0.949268 0.890869 0.684504 0.877503 0.848482 0.541583 0.841886 0.919123 0.951030 0.850424 0.623337 0.707335 0.631346 0.691072 0.685918 0.837182 0.731578 0.967374 0.885585 0.901925 0.854727 0.850209 0.574000 0.646412 0.578944 0.672819 0.661448 0.794303 0.939553 0.916880 0.788427 0.882516 0.745913 0.566999 0.935691 0.979311 0.916688 0.783304 0.882695 0.985008 0.571015 0.502289 0.892027 0.957126 0.621076 0.531102 0.481252 0.559115 0.856982 0.773956 0.591712 0.589028 0.691206 0.849518 0.980025 0.921756 0.695205 0.827423 0.979884 0.939392 0.765005 0.760510 0.934666 0.788333 0.923247 0.885202 0.913419 0.882236 0.907806 0.980073 0.472195 0.632350 0.574015 0.684845 0.804276 0.995907 0.656998 0.785543 0.498478 0.518300 0.602876 0.842655 0.866171 0.748293 0.653940 0.721407 0.803725 0.616585 0.845572 0.789534 0.779945 0.763942 0.640940 0.808111 0.889871 0.849678
0.998717 0.996368 0.886879 0.733731 0.989911 0.971709 0.565107 0.429314 0.654057 0.000000 0.723714 0.703441 0.864204 0.945966 0.865189 0.919901 0.875453 0.927266 0.750169 0.918785 0.770416 0.914891 0.971288 0.647847 0.690955 0.957257 0.731842 0.803958 0.727632 0.776526 0.553407 0.677902 0.596395 0.539784 0.850499 0.843508 0.720656 0.803403 0.992911 0.951362 0.891548 0.750273 0.507550 0.518571 0.507613 0.492179 0.714116 0.658779 0.621052 0.722902 0.689713 0.821849 0.728640 0.520961 0.990332 0.918273 0.978254 0.966800 0.677045 0.842689 0.646838 0.540927 0.771627 0.633416 0.795488 0.990805 0.611989 0.623713 0.986421 0.966618 0.512005 0.578464 0.736933 0.808739 0.993517 0.882544 0.602651 0.711151 0.787370 0.948220 0.937240 0.760908 0.847881 0.834720 0.650471 0.590029 0.679327 0.612061 0.896457 0.757254 0.747095 0.900768 0.868132 0.988598 0.952680 0.760743 0.728188 0.668630 0.482046 0.416351 0.528208 0.753933 0.570210 0.661135 0.677727 0.838420 0.936740 0.563372 0.890878 0.685480 0.786858 0.615896 0.621935 0.835982 0.952550 0.966154
0.538713 0.574144 0.887632 0.895567 0.934566 0.720678 0.779418 0.748871 0.970138 0.723714 0.000000 0.481518 0.800635 0.781102 0.941268 0.852155 0.391085 0.384661 0.448845 0.445840 0.874939 0.983637 0.896399 0.850721 0.987110 0.780770 0.921934 0.745857 0.377076 0.358700 0.670023 0.702845 0.592376 0.481278 0.968083 0.966563 0.892162 0.707882 0.999539 0.839654 0.915392 0.793340 0.855014 0.735631 0.882049 0.756562 0.681686 0.696589 0.839301 0.759794 0.934360 0.821338 0.991976 0.992203 0.991869 0.967123 0.543892 0.582858 0.570212 0.561730 0.640160 0.789063 0.401199 0.391403 0.812549 0.899763 0.852041 0.787481 0.534304 0.634933 0.862469 0.977099 0.675362 0.592607 0.851330 0.930605 0.779782 0.680000 0.672742 0.806857 0.537153 0.764391 0.687231 0.710065 0.985216 0.948055 0.828986 0.867828 0.864618 0.924776 0.721180 0.650540 0.594029 0.611199 0.998214 0.871628 0.947758 0.676491 0.832661 0.819939 0.964272 0.932248 0.617851 0.553033 0.995214 0.773897 0.900320 0.889885 0.906006 0.776884 0.917650 0.912092 0.779038 0.834922 0.799154 0.869509
0.409539 0.434024 0.990476 0.748669 0.994729 0.855192 0.754902 0.606318 0.995879 0.703441 0.481518 0.000000 0.540331 0.518385 0.788344 0.607722 0.379598 0.400975 0.407223 0.383750 0.902444 0.822852 0.758502 0.981081 0.994346 0.804243 0.988752 0.737353 0.490754 0.393818 0.715895 0.717972 0.575208 0.547232 0.912661 0.976795 0.721143 0.642496 0.969390 0.755651 0.753610 0.768794 0.640440 0.562768 0.769632 0.620656 0.537913 0.561188 0.640292 0.563109 0.588951 0.516688 0.738756 0.718857 0.884607 0.827560 0.523480 0.442976 0.549809 0.539380 0.598083 0.614781 0.442595 0.324616 0.761104 0.925745 0.867299 0.834102 0.519262 0.507858 0.771742 0.740374 0.782965 0.759831 0.906674 0.967338 0.725319 0.747300 0.572607 0.669181 0.353274 0.541882 0.642274 0.598003 0.885454 0.966997 0.976256 0.873090 0.965647 0.879156 0.961177 0.899164 0.864773 0.750279 0.966818 0.733854 0.886136 0.712696 0.702690 0.747451 0.835394 0.875494 0.568994 0.514002 0.765751 0.769030 0.954294 0.851176 0.838698 0.678229 0.824881 0.847998 0.855039 0.730699 0.771746 0.894734
0.490010 0.606855 0.805953 0.670163 0.942712 0.936575 0.977744 0.837236 0.991873 0.864204 0.800635 0.540331 0.000000 0.313959 0.397517 0.379349 0.674900 0.667457 0.631423 0.564098 0.794969 0.778144 0.487815 0.574228 0.720764 0.946187 0.830127 0.994391 0.796079 0.719955 0.910255 0.843205 0.752013 0.915074 0.828259 0.986210 0.826124 0.895276 0.963927 0.795159 0.821389 0.909190 0.878883 0.832749 0.908463 0.954673 0.641060 0.764229 0.952351 0.839598 0.804184 0.616041 0.848280 0.895846 0.904611 0.927711 0.689665 0.629603 0.825294 0.739293 0.682577 0.683902 0.798771 0.730944 0.755811 0.741010 0.924037 0.983844 0.587162 0.598554 0.874513 0.892047 0.800198 0.788535 0.794148 0.891098 0.885029 0.979780 0.837849 0.687760 0.612199 0.535561 0.567084 0.638803 0.508525 0.521609 0.753076 0.888573 0.756852 0.648361 0.946787 0.983341 0.958765 0.949396 0.968021 0.839526 0.874101 0.969689 0.940510 0.994512 0.910247 0.929866 0.990761 0.722089 0.858098 0.828661 0.990751 0.960104 0.783574 0.952740 0.915215 0.986353 0.957293 0.816781 0.726241 0.877755
0.503220 0.572179 0.856310 0.656879 0.994219 0.925304 0.938006 0.790379 0.868810 0.945966 0.781102 0.518385 0.313959 0.000000 0.402915 0.295891 0.608887 0.619490 0.580635 0.548997 0.896854 0.806803 0.426628 0.539267 0.720003 0.883088 0.925067 0.924058 0.749941 0.682674 0.856099 0.733616 0.671807 0.858951 0.871718 0.958110 0.776746 0.819001 0.909901 0.785203 0.822761 0.882033 0.766737 0.725160 0.976069 0.879302 0.592216 0.780745 0.939643 0.787925 0.684095 0.564792 0.640933 0.717865 0.901920 0.883035 0.640312 0.617999 0.838931 0.779988 0.664143 0.628848 0.782302 0.675687 0.824614 0.769811 0.999817 0.972173 0.621668 0.635584 0.778215 0.775333 0.772412 0.846490 0.797245 0.940373 0.850860 0.920594 0.681043 0.706053 0.557712 0.575223 0.515424 0.622163 0.505964 0.531524 0.735673 0.980244 0.746201 0.626465 0.863351 0.931966 0.981545 0.998495 0.956676 0.916242 0.835664 0.926639 0.846155 0.919449 0.964259 0.889637 0.893548 0.642892 0.873913 0.735395 0.909595 0.874234 0.852839 0.841630 0.863377 0.988960 0.944407 0.756313 0.744756 0.980506
0.709973 0.852206 0.949709 0.806698 0.903679 0.840303 0.856103 0.993592 0.900057 0.865189 0.941268 0.788344 0.397517 0.402915 0.000000 0.362018 0.771333 0.829095 0.828781 0.737640 0.891718 0.862478 0.477736 0.543018 0.683817 0.878736 0.781788 0.835170 0.880323 0.829995 0.917932 0.766958 0.859350 0.932516 0.950167 0.973756 0.868747 0.971303 0.881574 0.838251 0.816385 0.936433 0.956999 0.939457 0.808263 0.912839 0.723559 0.900729 0.859219 0.993416 0.919894 0.753164 0.877435 0.905952 0.883349 0.890017 0.862463 0.845567 0.951597 0.895278 0.855200 0.815361 0.941822 0.883711 0.741510 0.807022 0.859965 0.878549 0.648381 0.778622 0.819931 0.931656 0.839002 0.852184 0.850433 0.809846 0.934504 0.999674 0.800390 0.748343 0.785680 0.737800 0.588169 0.750067 0.511605 0.526741 0.805213 0.838937 0.673465 0.685981 0.981955 0.977622 0.907744 0.996967 0.935609 0.848274 0.833252 0.992594 0.976355 0.910956 0.822218 0.994481 0.908460 0.844159 0.843694 0.769377 0.868705 0.953498 0.750877 0.936045 0.952679 0.941911 0.914034 0.987086 0.836110 0.907047
0.578186 0.643634 0.883354 0.630868 0.940487 0.816874 0.965165 0.819803 0.877702 0.919901 0.852155 0.607722 0.379349 0.295891 0.362018 0.000000 0.718356 0.730549 0.699560 0.628130 0.973381 0.785852 0.412732 0.453782 0.689638 0.837472 0.881986 0.843873 0.837653 0.733272 0.866904 0.726878 0.765550 0.892377 0.998546 0.978744 0.851552 0.862670 0.840058 0.833602 0.861691 0.891982 0.780079 0.740482 0.974327 0.865966 0.565975 0.733954 0.972741 0.776473 0.689776 0.542190 0.696224 0.788080 0.822006 0.834835 0.728845 0.707225 0.832265 0.729067 0.745234 0.643543 0.902408 0.769975 0.751174 0.717735 0.973071 0.973392 0.678808 0.661392 0.831913 0.907459 0.873549 0.837570 0.817701 0.853927 0.923254 0.932913 0.702814 0.708695 0.654655 0.628604 0.513353 0.605655 0.508852 0.471379 0.786744 0.887911 0.672620 0.647589 0.911150 0.969075 0.975787 0.927435 0.955540 0.871282 0.833098 0.914881 0.938858 0.937614 0.939725 0.980372 0.992990 0.760971 0.842580 0.748213 0.896095 0.952166 0.804389 0.867311 0.883058 0.963142 0.961000 0.795567 0.700171 0.991803
0.415303 0.416889 0.867976 0.996139 0.962682 0.665456 0.882466 0.863027 0.856297 0.875453 0.391085 0.379598 0.674900 0.608887 0.771333 0.718356 0.000000 0.253994 0.403777 0.381914 0.834426 0.971286 0.850774 0.891599 0.976224 0.611613 0.936687 0.799822 0.341417 0.320924 0.837699 0.780951 0.662024 0.589246 0.849751 0.938443 0.924127 0.715448 0.928149 0.834163 0.900425 0.840578 0.801799 0.681446 0.901224 0.762336 0.663230 0.706445 0.711335 0.642610 0.762039 0.635818 0.880508 0.938191 0.998564 0.900931 0.413222 0.362505 0.525919 0.548364 0.756646 0.910337 0.340245 0.304537 0.691342 0.689512 0.990853 0.991839 0.485983 0.511604 0.944715 0.954263 0.805354 0.734708 0.889862 0.924318 0.783479 0.707330 0.474276 0.655556 0.310679 0.565637 0.546927 0.533012 0.901681 0.966813 0.903812 0.932718 0.951897 0.906150 0.690012 0.687420 0.614609 0.640396 0.875030 0.869976 0.897707 0.709663 0.870762 0.913643 0.960026 0.979593 0.597042 0.616549 0.989794 0.821766 0.955742 0.922375 0.902513 0.721288 0.888050 0.947198 0.881495 0.802008 0.729158 0.767509
0.412541 0.374692 0.840868 0.965373 0.954681 0.631335 0.960545 0.944913 0.776095 0.927266 0.384661 0.400975 0.667457 0.619490 0.829095 0.730549 0.253994 0.000000 0.396886 0.389837 0.856859 0.940735 0.836706 0.946478 0.933599 0.599428 0.897142 0.802368 0.358653 0.350791 0.902835 0.824982 0.715747 0.660199 0.839540 0.954719 0.977019 0.681724 0.893324 0.784292 0.884041 0.808596 0.886959 0.728459 0.992425 0.819399 0.750742 0.745235 0.769246 0.668778 0.808656 0.687477 0.899175 0.987057 0.949809 0.948822 0.354948 0.317539 0.596547 0.586136 0.844785 0.998004 0.354019 0.325126 0.695450 0.642283 0.909084 0.906795 0.473735 0.474738 0.966021 0.981336 0.871018 0.763192 0.855189 0.964518 0.881774 0.773547 0.512866 0.745750 0.331723 0.528796 0.507710 0.472952 0.869129 0.980356 0.954935 0.972467 0.968602 0.860586 0.681274 0.706232 0.609368 0.672847 0.930386 0.908121 0.871643 0.729601 0.935692 0.966976 0.867195 0.963553 0.601495 0.654322 0.989217 0.868654 0.921389 0.959100 0.970599 0.784137 0.871058 0.980761 0.886972 0.753582 0.811983 0.787605
0.426132 0.408655 0.836746 0.683282 0.999924 0.733741 0.718139 0.636904 0.871086 0.750169 0.448845 0.407223 0.631423 0.580635 0.828781 0.699560 0.403777 0.396886 0.000000 0.399187 0.922713 0.885809 0.702434 0.936811 0.915110 0.864233 0.928800 0.757160 0.479188 0.525208 0.765788 0.644024 0.543882 0.536645 0.959779 0.978365 0.730838 0.642568 0.974275 0.850270 0.794519 0.823150 0.586568 0.491130 0.750624 0.586656 0.502689 0.549185 0.695340 0.547744 0.683408 0.581055 0.811085 0.795675 0.984037 0.984238 0.380087 0.432352 0.546363 0.586605 0.623994 0.692824 0.511315 0.429661 0.929264 0.973853 0.865249 0.821342 0.544721 0.613458 0.813880 0.812423 0.823240 0.748411 0.932095 0.996329 0.705907 0.709883 0.596106 0.649305 0.470939 0.626747 0.595931 0.577326 0.832157 0.927486 0.947859 0.901744 0.972593 0.891672 0.947764 0.864897 0.852277 0.818991 0.843609 0.883137 0.946196 0.771028 0.645069 0.716181 0.916324 0.793729 0.533163 0.626832 0.844591 0.839013 0.887784 0.717619 0.965855 0.596773 0.737210 0.847330 0.750692 0.598055 0.734406 0.884793
0.359325 0.387100 0.958391 0.843408 0.888247 0.864570 0.961255 0.857003 0.948887 0.918785 0.445840 0.383750 0.564098 0.548997 0.737640 0.628130 0.381914 0.389837 0.399187 0.000000 0.937090 0.865898 0.802261 0.903379 0.855835 0.871105 0.828493 0.853148 0.490120 0.454904 0.920473 0.823185 0.718059 0.650803 0.915247 0.913057 0.708466 0.551076 0.950200 0.612402 0.783441 0.794159 0.781835 0.706724 0.926685 0.762205 0.578947 0.594836 0.703111 0.587781 0.752158 0.593701 0.866175 0.943837 0.865160 0.858712 0.430532 0.396913 0.719723 0.596639 0.796900 0.773144 0.610487 0.499115 0.871778 0.922124 0.920775 0.989387 0.402986 0.425730 0.914747 0.948554 0.806250 0.707256 0.863440 0.921818 0.810496 0.850027 0.666568 0.668535 0.414607 0.468234 0.588169 0.455221 0.723967 0.821637 0.990394 0.993532 0.933991 0.804075 0.843877 0.790171 0.710519 0.722831 0.887709 0.858309 0.921968 0.830358 0.856173 0.893715 0.963187 0.916426 0.664606 0.693655 0.955964 0.839857 0.887104 0.909884 0.916772 0.654467 0.920603 0.943231 0.967792 0.738049 0.827837 0.828178
0.955190 0.890389 0.904056 0.984587 0.998707 0.854207 0.983567 0.902685 0.949268 0.770416 0.874939 0.902444 0.794969 0.896854 0.891718 0.973381 0.834426 0.856859 0.922713 0.937090 0.000000 0.994907 0.874695 0.795101 0.849729 0.850064 0.958962 0.934216 0.873858 0.883262 0.967788 0.918314 0.982073 0.833099 0.980751 0.913686 0.853561 0.716752 0.910683 0.946364 0.961591 0.902880 0.887032 0.827542 0.955279 0.901045 0.874047 0.768898 0.859419 0.838369 0.930209 0.897768 0.972251 0.981560 0.915250 0.891380 0.787444 0.847927 0.820035 0.825439 0.961721 0.977043 0.918925 0.847106 0.901080 0.846355 0.941679 0.978104 0.868406 0.889473 0.981346 0.972719 0.978093 0.925000 0.982682 0.899764 0.919469 0.861559 0.859326 0.950320 0.910820 0.933871 0.882631 0.821809 0.811993 0.790201 0.928272 0.959171 0.922307 0.902558 0.866612 0.942744 0.855619 0.833934 0.934970 0.872667 0.963213 0.856781 0.915934 0.836080 0.937399 0.754293 0.841844 0.969463 0.966964 0.955836 0.861147 0.988875 0.985708 0.917073 0.751654 0.805501 0.917768 0.869710 0.994029 0.876078
0.750751 0.798119 0.971957 0.860435 0.920578 0.890449 0.893268 0.985886 0.890869 0.914891 0.983637 0.822852 0.778144 0.806803 0.862478 0.785852 0.971286 0.940735 0.885809 0.865898 0.994907 0.000000 0.878204 0.758632 0.989819 0.934609 0.737400 0.978823 0.916852 0.982715 0.859486 0.968064 0.926741 0.883842 0.903704 0.864728 0.921327 0.847388 0.864339 0.737210 0.994017 0.904976 0.973700 0.926190 0.903038 0.966311 0.901728 0.888951 0.986345 0.842256 0.853590 0.822872 0.912796 0.970884 0.862883 0.822351 0.836340 0.828006 0.927429 0.926988 0.961886 0.983918 0.995402 0.984449 0.927610 0.987647 0.771250 0.874158 0.862522 0.840924 0.802602 0.959467 0.803281 0.766310 0.786913 0.992828 0.957734 0.747248 0.996425 0.841508 0.861622 0.781037 0.777844 0.740389 0.841377 0.821488 0.760670 0.792718 0.867905 0.848948 0.971073 0.925032 0.965866 0.993828 0.977605 0.985149 0.817116 0.943372 0.943247 0.910362 0.961534 0.977012 0.934444 0.867935 0.962635 0.980229 0.859344 0.931764 0.996420 0.923096 0.950292 0.862357 0.843596 0.874503 0.954185 0.931350
0.796339 0.849575 0.670701 0.468403 0.912434 0.873692 0.790081 0.704661 0.684504 0.971288 0.896399 0.758502 0.487815 0.426628 0.477736 0.412732 0.850774 0.836706 0.702434 0.802261 0.874695 0.878204 0.000000 0.497605 0.733231 0.738352 0.980467 0.936859 0.862318 0.817881 0.713664 0.565450 0.624580 0.845300 0.946570 0.942581 0.884870 0.998072 0.975814 0.939352 0.921607 0.889922 0.723494 0.687588 0.962060 0.858508 0.663804 0.836667 0.859878 0.958013 0.809010 0.752332 0.722964 0.770424 0.982591 0.992064 0.851800 0.892291 0.856064 0.873589 0.612487 0.652718 0.860658 0.794908 0.589704 0.646809 0.804899 0.871673 0.828309 0.879764 0.750118 0.724342 0.720532 0.831671 0.819947 0.992556 0.810879 0.885416 0.766483 0.809970 0.845379 0.907393 0.653277 0.800277 0.614825 0.582209 0.917445 0.960535 0.704754 0.755163 0.770930 0.968251 0.922226 0.858112 0.879260 0.933541 0.832945 0.887553 0.790871 0.810100 0.894003 0.961832 0.978216 0.724491 0.705211 0.658184 0.865610 0.876111 0.788991 0.876217 0.892590 0.943560 0.830992 0.793521 0.647318 0.881968
0.848392 0.899621 0.756330 0.643931 0.988537 0.733682 0.870380 0.952136 0.877503 0.647847 0.850721 0.981081 0.574228 0.539267 0.543018 0.453782 0.891599 0.946478 0.936811 0.903379 0.795101 0.758632 0.497605 0.000000 0.508806 0.579102 0.783196 0.810660 0.848707 0.913849 0.978643 0.859938 0.969408 0.835652 0.942321 0.996100 0.949296 0.946812 0.740489 0.831159 0.927365 0.971540 0.992571 0.966664 0.827807 0.908500 0.800061 0.931830 0.802873 0.989183 0.961293 0.844155 0.852891 0.938628 0.865757 0.959104 0.929280 0.947108 0.862421 0.966720 0.933510 0.853833 0.779440 0.812343 0.506411 0.597100 0.915201 0.978910 0.854846 0.931546 0.965149 0.952588 0.969473 0.948435 0.810833 0.947681 0.981360 0.896365 0.966036 0.782239 0.972124 0.735292 0.671865 0.773515 0.437765 0.360999 0.684455 0.636961 0.544859 0.599548 0.906212 0.956893 0.934808 0.935069 0.926486 0.882518 0.825074 0.842675 0.921112 0.886998 0.844291 0.970682 0.740222 0.979942 0.912727 0.857947 0.984417 0.945085 0.934552 0.899528 0.988396 0.811943 0.904697 0.897131 0.817440 0.934602
0.844512 0.889820 0.660441 0.754237 0.874852 0.792194 0.918034 0.913131 0.848482 0.690955 0.987110 0.994346 0.720764 0.720003 0.683817 0.689638 0.976224 0.933599 0.915110 0.855835 0.849729 0.989819 0.733231 0.508806 0.000000 0.526523 0.773191 0.797631 0.923015 0.934983 0.916381 0.807605 0.915326 0.982281 0.873587 0.884511 0.806967 0.807005 0.698267 0.764104 0.864412 0.983292 0.990782 0.951029 0.876513 0.898279 0.824718 0.920921 0.834163 0.998404 0.892732 0.987427 0.961359 0.829725 0.800626 0.893487 0.877038 0.979648 0.887156 0.959706 0.923566 0.904258 0.790989 0.803531 0.549956 0.644087 0.971929 0.928418 0.691659 0.872693 0.927622 0.993406 0.807178 0.764862 0.906946 0.931778 0.992749 0.929273 0.981372 0.773398 0.910095 0.711646 0.747687 0.782471 0.518354 0.433783 0.736051 0.709587 0.683944 0.705317 0.980177 0.893604 0.942282 0.931516 0.996422 0.962517 0.982965 0.845960 0.923004 0.847837 0.827954 0.854729 0.855089 0.973192 0.998392 0.918407 0.905974 0.916016 0.923904 0.950604 0.932662 0.822405 0.948353 0.944906 0.887705 0.965554
0.841559 0.759561 0.500349 0.635668 0.970085 0.611236 0.832823 0.858610 0.541583 0.957257 0.780770 0.804243 0.946187 0.883088 0.878736 0.837472 0.611613 0.599428 0.864233 0.871105 0.850064 0.934609 0.738352 0.579102 0.526523 0.000000 0.929705 0.797801 0.702717 0.712428 0.797418 0.856235 0.850040 0.987436 0.659203 0.974747 0.772553 0.971026 0.692311 0.862753 0.934887 0.896305 0.878613 0.981249 0.875900 0.961166 0.848093 0.926405 0.838584 0.876479 0.973760 0.930459 0.892355 0.958768 0.870593 0.994029 0.762619 0.664087 0.794063 0.845088 0.787026 0.674055 0.594171 0.626511 0.447133 0.402608 0.736410 0.698219 0.906688 0.805701 0.802787 0.797314 0.779533 0.892704 0.937060 0.958058 0.955994 0.986890 0.791987 0.978726 0.714311 0.881278 0.969253 0.821666 0.724794 0.590485 0.847131 0.855595 0.784915 0.831530 0.699668 0.828280 0.732915 0.838973 0.899570 0.986243 0.763993 0.958922 0.846287 0.912544 0.886007 0.974930 0.809042 0.991480 0.864130 0.897346 0.859208 0.977255 0.937428 0.920472 0.977144 0.889616 0.981642 0.987612 0.991976 0.875082
0.798445 0.814564 0.864681 0.883458 0.913627 0.878795 0.622586 0.717854 0.841886 0.731842 0.921934 0.988752 0.830127 0.925067 0.781788 0.881986 0.936687 0.897142 0.928800 0.828493 0.958962 0.737400 0.980467 0.783196 0.773191 0.929705 0.000000 0.875190 0.988427 0.946976 0.734367 0.879987 0.752302 0.808272 0.922917 0.776282 0.938867 0.785543 0.863535 0.860849 0.902692 0.970843 0.801271 0.887623 0.697852 0.805493 0.976205 0.977519 0.928710 0.922789 0.888546 0.950643 0.840508 0.735574 0.931365 0.879972 0.794662 0.789713 0.886113 0.951942 0.750954 0.763595 0.959564 0.908293 0.939579 0.878014 0.600175 0.702751 0.769506 0.814559 0.729571 0.725948 0.863297 0.884086 0.983877 0.857162 0.926814 0.818617 0.948329 0.860305 0.893737 0.668704 0.769244 0.778834 0.763998 0.798634 0.868926 0.527894 0.863687 0.677154 0.785029 0.908746 0.824319 0.939366 0.888184 0.968424 0.975509 0.888300 0.793077 0.840194 0.703912 0.873791 0.988562 0.875665 0.827410 0.975581 0.872306 0.859287 0.914318 0.979756 0.912716 0.989598 0.807076 0.985225 0.900849 0.955518
0.929480 0.845971 0.932627 0.962250 0.930049 0.715539 0.678129 0.831573 0.919123 0.803958 0.745857 0.737353 0.994391 0.924058 0.835170 0.843873 0.799822 0.802368 0.757160 0.853148 0.934216 0.978823 0.936859 0.810660 0.797631 0.797801 0.875190 0.000000 0.691709 0.763140 0.841630 0.842347 0.771505 0.767884 0.871501 0.860520 0.931482 0.986481 0.884761 0.989701 0.956903 0.939483 0.826802 0.792246 0.701194 0.722066 0.852449 0.823751 0.738343 0.833671 0.789837 0.858719 0.930871 0.841548 0.986624 0.961855 0.847621 0.819310 0.691767 0.759510 0.741739 0.885138 0.634779 0.699503 0.817168 0.886492 0.712624 0.787962 0.957533 0.958923 0.910553 0.907455 0.909571 0.892067 0.807747 0.949323 0.788126 0.863139 0.866432 0.869551 0.800391 0.907483 0.990764 0.979516 0.883182 0.800374 0.810451 0.844044 0.879910 0.855238 0.984879 0.997144 0.958520 0.992497 0.919095 0.982081 0.860116 0.780821 0.792069 0.783232 0.823917 0.696675 0.672680 0.722656 0.834195 0.868888 0.945324 0.883545 0.952668 0.783237 0.922203 0.883731 0.873517 0.848516 0.928211 0.986945
0.582934 0.598684 0.936269 0.986361 0.970851 0.730578 0.807381 0.812756 0.951030 0.727632 0.377076 0.490754 0.796079 0.749941 0.880323 0.837653 0.341417 0.358653 0.479188 0.490120 0.873858 0.916852 0.862318 0.848707 0.923015 0.702717 0.988427 0.691709 0.000000 0.298859 0.697923 0.638436 0.580584 0.532761 0.878645 0.876954 0.966403 0.757904 0.910402 0.843866 0.947763 0.813240 0.837799 0.698427 0.823103 0.717778 0.702766 0.712718 0.716498 0.702495 0.826332 0.739854 0.949635 0.957642 0.893793 0.952542 0.581051 0.545627 0.538412 0.548516 0.694167 0.881366 0.362977 0.339520 0.706644 0.756379 0.864530 0.917511 0.576611 0.725260 0.895055 0.980949 0.710043 0.678120 0.874089 0.993908 0.825262 0.692911 0.570850 0.770642 0.453704 0.764215 0.633598 0.683064 0.988096 0.881504 0.808537 0.837364 0.853386 0.941536 0.698962 0.607088 0.557998 0.617869 0.923398 0.830731 0.949700 0.719104 0.854901 0.859572 0.967310 0.949321 0.579128 0.567876 0.919137 0.835626 0.987797 0.936474 0.932564 0.775354 0.930440 0.964927 0.826294 0.808712 0.758248 0.840578
0.540193 0.619252 0.933322 0.944823 0.956736 0.817254 0.828147 0.790692 0.850424 0.776526 0.358700 0.393818 0.719955 0.682674 0.829995 0.733272 0.320924 0.350791 0.525208 0.454904 0.883262 0.982715 0.817881 0.913849 0.934983 0.712428 0.946976 0.763140 0.298859 0.000000 0.642215 0.645110 0.594854 0.524968 0.911534 0.917605 0.981235 0.792264 0.957211 0.825563 0.975442 0.824929 0.886344 0.742545 0.910500 0.787835 0.692637 0.721656 0.795500 0.764416 0.868861 0.765702 0.956560 0.994209 0.957749 0.950126 0.642969 0.583782 0.541766 0.555821 0.670730 0.826208 0.333035 0.292842 0.680603 0.793691 0.877761 0.864894 0.519950 0.649474 0.880907 0.991241 0.717232 0.645226 0.810073 0.976476 0.849624 0.620534 0.541476 0.720966 0.404465 0.733391 0.619583 0.668358 0.958320 0.919045 0.826458 0.858611 0.834541 0.902672 0.654905 0.549526 0.511178 0.535501 0.968098 0.744590 0.941306 0.684443 0.928771 0.915635 0.960905 0.986040 0.634091 0.537854 0.883393 0.712407 0.958432 0.999493 0.844812 0.772820 0.996257 0.966142 0.943889 0.864530 0.680234 0.765929
0.982753 0.944579 0.652058 0.629408 0.852773 0.939773 0.457859 0.490348 0.623337 0.553407 0.670023 0.715895 0.910255 0.856099 0.917932 0.866904 0.837699 0.902835 0.765788 0.920473 0.967788 0.859486 0.713664 0.978643 0.916381 0.797418 0.734367 0.841630 0.697923 0.642215 0.000000 0.400928 0.413394 0.431965 0.816473 0.736946 0.875215 0.958150 0.920053 0.927936 0.930968 0.839821 0.641608 0.659290 0.586287 0.614199 0.677398 0.695860 0.927927 0.934100 0.823370 0.909552 0.779340 0.689695 0.889542 0.956309 0.933849 0.859359 0.711492 0.823568 0.428409 0.515867 0.695505 0.645309 0.977066 0.746171 0.466142 0.467341 0.950539 0.874917 0.636861 0.685082 0.661199 0.707423 0.871500 0.869863 0.687280 0.548416 0.780999 0.948941 0.902518 0.790533 0.917751 0.862870 0.850927 0.905194 0.793923 0.712296 0.967017 0.780247 0.879679 0.889012 0.992929 0.879815 0.992785 0.635451 0.865716 0.629253 0.662825 0.686471 0.526760 0.839919 0.863216 0.585148 0.629097 0.675676 0.785771 0.721768 0.780789 0.891766 0.852585 0.904534 0.766733 0.892384 0.731374 0.961259
0.916319 0.911782 0.721870 0.595378 0.888307 0.978410 0.604104 0.608251 0.707335 0.677902 0.702845 0.717972 0.843205 0.733616 0.766958 0.726878 0.780951 0.824982 0.644024 0.823185 0.918314 0.968064 0.565450 0.859938 0.807605 0.856235 0.879987 0.842347 0.638436 0.645110 0.400928 0.000000 0.477275 0.600075 0.854572 0.899080 0.888327 0.852214 0.933951 0.938633 0.962276 0.890258 0.602471 0.590974 0.674897 0.616171 0.641309 0.710821 0.877303 0.859024 0.764580 0.789055 0.767179 0.690335 0.934755 0.989042 0.886491 0.998096 0.733189 0.819298 0.583430 0.642634 0.721257 0.668444 0.934124 0.812090 0.653040 0.621385 0.853289 0.969829 0.726365 0.787039 0.784384 0.810787 0.907943 0.963238 0.730275 0.601960 0.718289 0.799080 0.816800 0.925147 0.769503 0.922499 0.974786 0.929955 0.925315 0.788945 0.967779 0.842990 0.921725 0.820266 0.924345 0.947413 0.993787 0.704450 0.879418 0.793104 0.684586 0.771029 0.703730 0.745894 0.776921 0.691255 0.657343 0.689377 0.821692 0.706262 0.758676 0.783899 0.845406 0.908255 0.710356 0.854663 0.624669 0.932694
0.793012 0.822195 0.630886 0.629362 0.941032 0.942581 0.413988 0.451864 0.631346 0.596395 0.592376 0.575208 0.752013 0.671807 0.859350 0.765550 0.662024 0.715747 0.543882 0.718059 0.982073 0.926741 0.624580 0.969408 0.915326 0.850040 0.752302 0.771505 0.580584 0.594854 0.413394 0.477275 0.000000 0.403166 0.847375 0.730186 0.731539 0.864578 0.933257 0.971121 0.873118 0.739597 0.521923 0.522118 0.496878 0.520789 0.519172 0.647154 0.763655 0.742539 0.664409 0.706078 0.681614 0.638454 0.975100 0.977768 0.816305 0.848092 0.601564 0.724207 0.369215 0.489872 0.577994 0.525506 0.921919 0.783201 0.478268 0.503072 0.830256 0.887362 0.612355 0.635544 0.585405 0.751025 0.838060 0.926071 0.715059 0.580718 0.703155 0.763055 0.690315 0.943986 0.753420 0.908554 0.915644 0.939000 0.867636 0.748472 0.988789 0.923147 0.833966 0.973148 0.989721 0.902875 0.803881 0.741528 0.830125 0.618510 0.528055 0.616372 0.674667 0.703377 0.708495 0.472641 0.732158 0.762371 0.947298 0.736489 0.849686 0.738829 0.685245 0.820367 0.656555 0.689267 0.614316 0.993725
0.764434 0.725500 0.676122 0.676565 0.990476 0.933293 0.405296 0.390334 0.691072 0.539784 0.481278 0.547232 0.915074 0.858951 0.932516 0.892377 0.589246 0.660199 0.536645 0.650803 0.833099 0.883842 0.845300 0.835652 0.982281 0.987436 0.808272 0.767884 0.532761 0.524968 0.431965 0.600075 0.403166 0.000000 0.863036 0.774266 0.825440 0.796680 0.918144 0.990554 0.917558 0.836589 0.521815 0.492555 0.510644 0.453076 0.492303 0.480428 0.709240 0.644619 0.678845 0.689663 0.792318 0.744702 0.966868 0.976740 0.747446 0.778166 0.444774 0.518411 0.402495 0.507121 0.513967 0.449686 0.944930 0.831719 0.474665 0.439665 0.823091 0.835015 0.763530 0.791135 0.747967 0.765725 0.918280 0.908019 0.683276 0.569090 0.653006 0.789485 0.689256 0.992297 0.850871 0.942229 0.852123 0.879076 0.721147 0.686257 0.878966 0.790349 0.998746 0.858690 0.888940 0.718967 0.866715 0.773609 0.909291 0.565915 0.597180 0.572387 0.555826 0.892799 0.579870 0.517923 0.703826 0.732638 0.929023 0.684428 0.905474 0.680298 0.738567 0.805211 0.647992 0.746465 0.656690 0.859389
0.940381 0.914516 0.759466 0.780830 0.883285 0.868781 0.767083 0.858774 0.685918 0.850499 0.968083 0.912661 0.828259 0.871718 0.950167 0.998546 0.849751 0.839540 0.959779 0.915247 0.980751 0.903704 0.946570 0.942321 0.873587 0.659203 0.922917 0.871501 0.878645 0.911534 0.816473 0.854572 0.847375 0.863036 0.000000 0.950968 0.973850 0.973614 0.848220 0.923538 0.978119 0.923111 0.804235 0.877114 0.757159 0.767983 0.804458 0.814602 0.917396 0.884291 0.932364 0.976806 0.855419 0.881864 0.789792 0.891425 0.916365 0.849265 0.939759 0.932888 0.847292 0.781111 0.906250 0.918175 0.747806 0.803906 0.658351 0.621671 0.947706 0.883756 0.875072 0.889905 0.883833 0.816288 0.880090 0.984327 0.904612 0.837156 0.966727 0.977352 0.908083 0.952213 0.947873 0.894839 0.934873 0.907362 0.942484 0.991835 0.813892 0.937193 0.822000 0.867779 0.824644 0.851391 0.912512 0.959020 0.764380 0.714176 0.780596 0.834041 0.939372 0.886714 0.847381 0.942551 0.898595 0.827521 0.799670 0.850708 0.890753 0.955537 0.919476 0.958014 0.720550 0.959845 0.853944 0.957504
0.940037 0.959155 0.838900 0.843850 0.950828 0.978214 0.665467 0.776336 0.837182 0.843508 0.966563 0.976795 0.986210 0.958110 0.973756 0.978744 0.938443 0.954719 0.978365 0.913057 0.913686 0.864728 0.942581 0.996100 0.884511 0.974747 0.776282 0.860520 0.876954 0.917605 0.736946 0.899080 0.730186 0.774266 0.950968 0.000000 0.909613 0.802301 0.836233 0.888548 0.892457 0.997460 0.770708 0.743247 0.673877 0.721480 0.840264 0.968098 0.810550 0.821586 0.808335 0.872141 0.706305 0.764136 0.931765 0.922527 0.993739 0.983505 0.766616 0.909638 0.730001 0.823371 0.882165 0.872661 0.949322 0.917884 0.661693 0.738454 0.837314 0.879175 0.837703 0.933577 0.997480 0.906153 0.938106 0.823789 0.787273 0.677989 0.890213 0.941219 0.930095 0.929490 0.954516 0.803904 0.958147 0.932423 0.772667 0.849780 0.873761 0.997713 0.817437 0.769776 0.866398 0.896307 0.906762 0.962880 0.976794 0.881046 0.821106 0.714908 0.762884 0.874855 0.874467 0.817779 0.880349 0.975416 0.876977 0.910419 0.984943 0.991245 0.789091 0.850499 0.896473 0.893433 0.815915 0.867708
0.753347 0.854105 0.769351 0.749036 0.972223 0.853888 0.901133 0.734452 0.731578 0.720656 0.892162 0.721143 0.826124 0.776746 0.868747 0.851552 0.924127 0.977019 0.730838 0.708466 0.853561 0.921327 0.884870 0.949296 0.806967 0.772553 0.938867 0.931482 0.966403 0.981235 0.875215 0.888327 0.731539 0.825440 0.973850 0.909613 0.000000 0.674829 0.842367 0.796727 0.593321 0.805618 0.651126 0.727579 0.796361 0.763108 0.674347 0.706710 0.786163 0.815528 0.805337 0.816486 0.823405 0.722866 0.716679 0.863061 0.836267 0.871804 0.989723 0.973380 0.826961 0.648728 0.885968 0.939728 0.923126 0.830983 0.937253 0.832949 0.683013 0.747329 0.717508 0.604000 0.755829 0.830464 0.949706 0.975027 0.728107 0.888341 0.958486 0.823694 0.878022 0.835767 0.897820 0.865324 0.849470 0.883157 0.853152 0.923795 0.911083 0.881723 0.788536 0.832475 0.890582 0.929197 0.995627 0.969016 0.705391 0.971466 0.680962 0.733271 0.864783 0.804673 0.859189 0.862709 0.891936 0.966272 0.887286 0.766010 0.849357 0.761533 0.854466 0.838430 0.978196 0.875159 0.936305 0.958061
0.616012 0.584253 0.988824 0.966369 0.888030 0.836492 0.955024 0.937278 0.967374 0.803403 0.707882 0.642496 0.895276 0.819001 0.971303 0.862670 0.715448 0.681724 0.642568 0.551076 0.716752 0.847388 0.998072 0.946812 0.807005 0.971026 0.785543 0.986481 0.757904 0.792264 0.958150 0.852214 0.864578 0.796680 0.973614 0.802301 0.674829 0.000000 0.805632 0.586754 0.773201 0.783313 0.787115 0.775740 0.899047 0.800722 0.665902 0.628339 0.692423 0.645948 0.795459 0.754045 0.863480 0.947351 0.783497 0.683746 0.558040 0.628956 0.927326 0.823913 0.984247 0.895884 0.897464 0.795032 0.888179 0.878700 0.833772 0.953259 0.605425 0.653133 0.976791 0.854113 0.944883 0.907133 0.872581 0.995459 0.951178 0.945557 0.832283 0.895651 0.625410 0.648673 0.757146 0.542686 0.866392 0.967778 0.950433 0.890282 0.966186 0.835080 0.938951 0.908388 0.840529 0.850133 0.928762 0.807699 0.897546 0.888923 0.880393 0.897140 0.973836 0.966618 0.638214 0.903234 0.974948 0.950866 0.937025 0.973163 0.874748 0.727872 0.833431 0.813178 0.991897 0.720724 0.994681 0.972993
