0.000000 0.438797 0.854962 0.869917 0.790543 0.934150 0.894710 0.594912 0.890266 0.604131 0.373858 0.326520 0.452381 0.574437 0.576135 0.702992 0.429318 0.443389 0.445245 0.427944 0.804555 0.977421 0.579862 0.805122 0.643576 0.680077 0.939458 0.824484 0.386272 0.500467 0.986377 0.907985 0.672340 0.719882 0.832299 0.968207 0.729230 0.916675 0.765105 0.981064 0.655650 0.805613 0.862782 0.994126 0.988124 0.837243 0.851605 0.820465 0.700455 0.727565 0.934914 0.866660 0.980366 0.799161 0.788988 0.806293 0.408472 0.354561 0.527274 0.497010 0.664094 0.504460 0.422259 0.334278 0.839290 0.840708 0.954269 0.934680 0.376754 0.411795 0.771768 0.866925 0.890169 0.969681 0.839187 0.803467 0.740409 0.884523 0.772916 0.670109 0.409744 0.500336 0.820883 0.711875 0.770591 0.823014 0.967607 0.926502 0.725379 0.648845 0.985525 0.963910 0.952928 0.846403 0.869125 0.954682 0.965453 0.892923 0.642115 0.598770 0.896576 0.990208 0.680088 0.667945 0.754664 0.796549 0.888645 0.790470 0.944584 0.813272 0.876842 0.642311 0.583437 0.834031 0.981912 0.814477
0.438797 0.000000 0.564302 0.813087 0.811777 0.775019 0.760019 0.742590 0.892772 0.624978 0.662578 0.387687 0.796968 0.537232 0.610602 0.655654 0.333261 0.312423 0.447848 0.358999 0.697350 0.960459 0.668680 0.927580 0.731932 0.627094 0.954435 0.993498 0.370404 0.389727 0.830057 0.957075 0.886202 0.832722 0.653206 0.886456 0.774465 0.933736 0.784369 0.865986 0.789126 0.720179 0.892896 0.719602 0.819026 0.580339 0.780651 0.645622 0.411198 0.496341 0.736955 0.665537 0.841621 0.924869 0.825656 0.725260 0.302167 0.291737 0.883725 0.763684 0.851392 0.738276 0.691127 0.495637 0.713522 0.702471 0.674369 0.727226 0.561250 0.462333 0.986903 0.857008 0.969045 0.989667 0.881337 0.907523 0.688417 0.848825 0.678374 0.580962 0.403587 0.444350 0.545275 0.590431 0.752772 0.911484 0.954962 0.998274 0.941675 0.863834 0.763935 0.863385 0.757530 0.631508 0.946285 0.938585 0.882682 0.872579 0.839628 0.707107 0.852157 0.825941 0.840453 0.790335 0.996204 0.990598 0.837545 0.763218 0.924384 0.993593 0.941693 0.674314 0.588409 0.787048 0.973211 0.850605
0.854962 0.564302 0.000000 0.436029 0.910835 0.711630 0.412012 0.693863 0.874475 0.819086 0.966489 0.657972 0.946687 0.939265 0.812160 0.825346 0.715429 0.748007 0.873718 0.758172 0.643819 0.874195 0.922424 0.821924 0.633878 0.451128 0.968746 0.895460 0.760307 0.748952 0.598514 0.642400 0.652616 0.721940 0.518239 0.632611 0.889460 0.769728 0.721605 0.986950 0.933791 0.976603 0.856755 0.989643 0.919113 0.872098 0.782017 0.914322 0.540293 0.632407 0.924298 0.797849 0.943824 0.992280 0.818227 0.985065 0.672132 0.636993 0.920721 0.936279 0.603761 0.909135 0.917816 0.869594 0.459265 0.444532 0.347653 0.382417 0.906037 0.813867 0.657050 0.637407 0.691093 0.823583 0.992079 0.927128 0.960487 0.969535 0.971553 0.946568 0.912818 0.991836 0.803363 0.885798 0.888786 0.674646 0.983193 0.935045 0.826350 0.759188 0.618013 0.758509 0.538372 0.530962 0.785754 0.982270 0.660194 0.933784 0.912918 0.887214 0.669606 0.791193 0.886069 0.942225 0.713468 0.811286 0.808024 0.797620 0.936455 0.817580 0.895519 0.991507 0.947328 0.899594 0.906601 0.994029
0.869917 0.813087 0.436029 0.000000 0.987737 0.857783 0.657160 0.679775 0.885271 0.769799 0.911525 0.769730 0.915269 0.875703 0.873745 0.940079 0.849797 0.927479 0.994583 0.918887 0.694039 0.810920 0.781979 0.609390 0.472012 0.385394 0.816397 0.947471 0.863551 0.883895 0.694271 0.620829 0.781562 0.772473 0.593084 0.617524 0.853406 0.804547 0.652949 0.863147 0.924606 0.987288 0.736105 0.826827 0.844876 0.924003 0.594067 0.763729 0.782302 0.893872 0.907088 0.966745 0.905935 0.911272 0.751654 0.904643 0.847659 0.818766 0.901125 0.987911 0.970181 0.949484 0.928042 0.767165 0.448336 0.392490 0.494490 0.468786 0.962837 0.851120 0.709414 0.729161 0.752232 0.887592 0.927630 0.876634 0.818288 0.826324 0.918748 0.852700 0.996838 0.790541 0.887284 0.873926 0.703935 0.483453 0.986592 0.757245 0.945678 0.757454 0.759508 0.954818 0.665066 0.734084 0.846198 0.877859 0.766905 0.878957 0.980614 0.929634 0.845669 0.952969 0.968147 0.984091 0.714347 0.789484 0.851402 0.941074 0.976291 0.969344 0.859402 0.991853 0.893047 0.870431 0.972373 0.958241
0.790543 0.811777 0.910835 0.987737 0.000000 0.978591 0.907522 0.971741 0.911092 0.997442 0.853516 0.819752 0.876094 0.853717 0.843413 0.831360 0.808197 0.849262 0.910697 0.852130 0.963903 0.949002 0.834188 0.863492 0.993992 0.911282 0.728150 0.989776 0.849233 0.971158 0.838321 0.892932 0.940499 0.879751 0.936694 0.840686 0.923389 0.959509 0.938575 0.968544 0.995834 0.972770 0.888576 0.911300 0.917342 0.979827 0.926626 0.968293 0.889919 0.921514 0.942750 0.974521 0.874753 0.772993 0.848692 0.922349 0.786183 0.806671 0.884117 0.863923 0.973025 0.789422 0.990307 0.873785 0.978610 0.953535 0.941329 0.865472 0.799759 0.745724 0.984081 0.887621 0.930734 0.957525 0.915025 0.875897 0.975796 0.869097 0.987990 0.978537 0.831170 0.779229 0.795730 0.872004 0.813155 0.903859 0.780807 0.881250 0.870942 0.810382 0.957592 0.892062 0.989539 0.881332 0.920552 0.905023 0.963452 0.942119 0.984768 0.992855 0.876618 0.837482 0.956836 0.973360 0.923118 0.878208 0.990638 0.761460 0.966269 0.840466 0.934049 0.963269 0.997216 0.875864 0.814665 0.905302
0.934150 0.775019 0.711630 0.857783 0.978591 0.000000 0.740204 0.944326 0.953381 0.999680 0.915951 0.939353 0.743661 0.894606 0.876174 0.802611 0.879036 0.904049 0.955203 0.895419 0.698182 0.865779 0.874125 0.796535 0.866594 0.761784 0.886146 0.803398 0.917221 0.945217 0.839043 0.776685 0.795532 0.799978 0.973463 0.953880 0.909656 0.981680 0.794900 0.897637 0.918370 0.953503 0.904387 0.911410 0.733899 0.686133 0.963010 0.919802 0.689769 0.742928 0.799532 0.812248 0.846099 0.923899 0.912681 0.913173 0.785083 0.790561 0.982552 0.994296 0.817448 0.812733 0.925475 0.965844 0.918208 0.895386 0.837427 0.932748 0.882334 0.955135 0.792874 0.878780 0.876274 0.733148 0.846798 0.882301 0.957052 0.843873 0.975286 0.912423 0.965152 0.893383 0.832381 0.961564 0.940181 0.901810 0.816443 0.760797 0.999059 0.996777 0.896267 0.851523 0.944489 0.843413 0.961903 0.956152 0.984166 0.986248 0.880672 0.955045 0.995775 0.973511 0.930163 0.988037 0.878580 0.972032 0.653607 0.908682 0.831325 0.887942 0.927494 0.953376 0.929140 0.781087 0.953787 0.968403
0.894710 0.760019 0.412012 0.657160 0.907522 0.740204 0.000000 0.470950 0.668095 0.778846 0.756192 0.842604 0.762787 0.978064 0.930301 0.842079 0.901470 0.931540 0.893519 0.894575 0.698246 0.902638 0.727858 0.951113 0.968334 0.696578 0.819482 0.756047 0.917505 0.969866 0.399817 0.537965 0.445501 0.465998 0.618345 0.644381 0.844161 0.875119 0.949838 0.829540 0.830802 0.987363 0.891308 0.915117 0.777155 0.999262 0.819544 0.933392 0.754955 0.758354 0.947128 0.951293 0.998658 0.933812 0.948996 0.960056 0.847727 0.879683 0.629440 0.651026 0.389804 0.852589 0.556712 0.754409 0.790064 0.756521 0.414018 0.437632 0.981127 0.934665 0.583056 0.519107 0.593976 0.678197 0.975993 0.919252 0.833371 0.825164 0.839208 0.902765 0.894270 0.942930 0.786711 0.901628 0.964668 0.990086 0.884532 0.988210 0.785569 0.873407 0.518514 0.612675 0.603983 0.657420 0.778763 0.992563 0.669529 0.827322 0.593624 0.686714 0.583476 0.589424 0.610770 0.659603 0.660105 0.694058 0.914583 0.810219 0.992618 0.803619 0.839487 0.864031 0.919978 0.870894 0.955844 0.910356
0.594912 0.742590 0.693863 0.679775 0.971741 0.944326 0.470950 0.000000 0.831818 0.629041 0.628596 0.794847 0.762842 0.766130 0.988418 0.983592 0.659203 0.662782 0.617949 0.702130 0.996513 0.991509 0.602210 0.901750 0.903537 0.922077 0.922484 0.757956 0.560672 0.636265 0.570756 0.574927 0.487606 0.477530 0.778534 0.773167 0.756190 0.919155 0.912775 0.999851 0.790203 0.828400 0.748769 0.728002 0.582817 0.635551 0.639500 0.720299 0.822089 0.821638 0.696300 0.735439 0.797615 0.893712 0.796389 0.774295 0.670228 0.636699 0.629902 0.524225 0.610035 0.623039 0.449477 0.502733 0.938389 0.881008 0.624977 0.578899 0.714380 0.660875 0.544239 0.599844 0.595368 0.803971 0.978461 0.807153 0.603416 0.763447 0.690173 0.672430 0.586008 0.643864 0.869166 0.820861 0.925768 0.976915 0.920210 0.918568 0.787293 0.769816 0.634587 0.769900 0.715309 0.879004 0.709728 0.893750 0.676468 0.754896 0.511228 0.494765 0.611180 0.675726 0.582907 0.601727 0.612253 0.630408 0.925820 0.880978 0.914735 0.864131 0.679394 0.667185 0.570025 0.691823 0.909941 0.858133
0.890266 0.892772 0.874475 0.885271 0.911092 0.953381 0.668095 0.831818 0.000000 0.681799 0.737867 0.977521 0.669178 0.858521 0.919008 0.845564 0.863899 0.797481 0.977427 0.834913 0.937746 0.995526 0.941717 0.691722 0.760408 0.866034 0.834525 0.849797 0.981100 0.870104 0.921695 0.927103 0.954287 0.912556 0.967172 0.978050 0.795119 0.948597 0.846569 0.921921 0.933192 0.972438 0.770873 0.897073 0.994505 0.986827 0.909047 0.926132 0.975058 0.951451 0.883460 0.956321 0.889744 0.934178 0.875546 0.969274 0.803426 0.943808 0.538214 0.661998 0.545853 0.731592 0.755115 0.814180 0.895794 0.880789 0.898977 0.952381 0.919766 0.827843 0.930490 0.948647 0.942558 0.915514 0.998995 0.945235 0.989730 0.853138 0.955899 0.877300 0.890170 0.780504 0.669905 0.765850 0.788908 0.709980 0.967769 0.804429 0.727472 0.948166 0.898929 0.889255 0.975487 0.830931 0.932568 0.916376 0.982708 0.930372 0.833766 0.888046 0.881841 0.822144 0.764340 0.805623 0.996143 0.983608 0.942025 0.776023 0.821666 0.910318 0.927404 0.980361 0.841307 0.979720 0.817090 0.924363
0.604131 0.624978 0.819086 0.769799 0.997442 0.999680 0.778846 0.629041 0.681799 0.000000 0.617551 0.604396 0.588322 0.808747 0.737245 0.860251 0.666716 0.675587 0.599528 0.707532 0.872763 0.996173 0.666693 0.689890 0.495538 0.593961 0.796377 0.861798 0.506797 0.522243 0.848459 0.840001 0.702246 0.657713 0.670646 0.915460 0.981419 0.783239 0.711600 0.814237 0.993422 0.844400 0.984736 0.846427 0.785987 0.724222 0.921797 0.896001 0.577254 0.652546 0.693087 0.669331 0.770574 0.893712 0.935402 0.913336 0.724792 0.577970 0.574634 0.574545 0.730089 0.868200 0.438313 0.406961 0.495450 0.512881 0.795943 0.786071 0.719772 0.564277 0.890358 0.864313 0.821525 0.889469 0.842545 0.987053 0.759060 0.830853 0.564187 0.614801 0.591980 0.831725 0.952999 0.916624 0.795959 0.542570 0.836902 0.757279 0.882186 0.912105 0.995901 0.867714 0.849723 0.756481 0.948082 0.876372 0.977853 0.887191 0.655387 0.674231 0.931367 0.805877 0.648596 0.686157 0.937361 0.929911 0.841400 0.997395 0.850589 0.903965 0.940570 0.906326 0.726704 0.937104 0.931516 0.919419
0.373858 0.662578 0.966489 0.911525 0.853516 0.915951 0.756192 0.628596 0.737867 0.617551 0.000000 0.546973 0.424440 0.729211 0.767968 0.874412 0.603979 0.644162 0.641325 0.564607 0.857848 0.925719 0.726741 0.787734 0.692791 0.806619 0.871709 0.828910 0.571752 0.626755 0.917378 0.907309 0.654454 0.755582 0.879524 0.932833 0.766101 0.910353 0.928913 0.891455 0.703027 0.783149 0.770202 0.908417 0.971231 0.949481 0.995640 0.972844 0.872179 0.872325 0.998500 0.986062 0.992115 0.806501 0.891059 0.819849 0.644824 0.575662 0.507237 0.516191 0.513537 0.565662 0.460348 0.428828 0.890018 0.918637 0.917787 0.972535 0.495691 0.518867 0.703856 0.755582 0.820337 0.985031 0.810316 0.828763 0.755589 0.887493 0.869010 0.712595 0.537691 0.630023 0.999694 0.815014 0.924190 0.773977 0.923438 0.798480 0.664801 0.746320 0.900547 0.899775 0.926666 0.989545 0.867464 0.986240 0.920290 0.966547 0.671181 0.684219 0.811212 0.868902 0.602427 0.663850 0.767136 0.805185 0.969707 0.951504 0.946325 0.752281 0.914796 0.785570 0.729520 0.885407 0.948642 0.980090
0.326520 0.387687 0.657972 0.769730 0.819752 0.939353 0.842604 0.794847 0.977521 0.604396 0.546973 0.000000 0.482552 0.477424 0.481448 0.544372 0.420913 0.476728 0.471016 0.447164 0.788968 0.924044 0.588930 0.916767 0.644359 0.613053 0.992042 0.985805 0.413707 0.504390 0.813071 0.982459 0.875036 0.883064 0.688643 0.777700 0.864943 0.895011 0.782695 0.943400 0.819145 0.885680 0.810848 0.963439 0.851619 0.863732 0.919687 0.879390 0.619612 0.690907 0.955772 0.845128 0.997663 0.801608 0.826572 0.862650 0.453116 0.378644 0.698043 0.644477 0.886175 0.626762 0.566976 0.446717 0.747407 0.749623 0.691230 0.677621 0.420494 0.461300 0.950788 0.951721 0.991856 0.993062 0.798567 0.900164 0.824023 0.934825 0.739936 0.636177 0.448919 0.509362 0.731920 0.656722 0.732804 0.848377 0.934600 0.963002 0.822687 0.761581 0.779855 0.859916 0.734883 0.644151 0.951855 0.992880 0.870983 0.959027 0.888608 0.777400 0.926226 0.824916 0.889842 0.887493 0.952325 0.918082 0.917078 0.722677 0.942454 0.975350 0.971190 0.769911 0.657678 0.975242 0.965131 0.850465
0.452381 0.796968 0.946687 0.915269 0.876094 0.743661 0.762787 0.762842 0.669178 0.588322 0.424440 0.482552 0.000000 0.649872 0.605503 0.640731 0.745777 0.847117 0.650920 0.760159 0.996559 0.989459 0.617476 0.941034 0.675004 0.797367 0.938509 0.923494 0.626297 0.727884 0.963962 0.906528 0.725311 0.768017 0.814844 0.904119 0.840051 0.920626 0.903010 0.926460 0.824252 0.992707 0.719016 0.833828 0.748102 0.932321 0.979665 0.983220 0.956236 0.930675 0.967035 0.984010 0.979154 0.879921 0.862267 0.936093 0.837289 0.711244 0.513198 0.580338 0.496088 0.654316 0.488570 0.518362 0.893206 0.879575 0.951067 0.885350 0.531606 0.577387 0.785717 0.870056 0.880156 0.984660 0.836072 0.914689 0.888781 0.907436 0.818159 0.797578 0.679276 0.747421 0.924066 0.862828 0.880386 0.801705 0.979569 0.996735 0.635313 0.812634 0.997414 0.935988 0.881311 0.946958 0.907028 0.949118 0.948717 0.970435 0.787718 0.785766 0.887422 0.960096 0.723244 0.797965 0.879100 0.854657 0.927926 0.830596 0.904999 0.753105 0.985190 0.925934 0.832818 0.946927 0.969856 0.914561
0.574437 0.537232 0.939265 0.875703 0.853717 0.894606 0.978064 0.766130 0.858521 0.808747 0.729211 0.477424 0.649872 0.000000 0.497908 0.399810 0.571833 0.546547 0.480226 0.535532 0.982961 0.950561 0.493094 0.732695 0.979450 0.964325 0.879036 0.998972 0.531378 0.535718 0.999617 0.705678 0.788183 0.742204 0.787347 0.983751 0.886800 0.892511 0.934881 0.762376 0.891501 0.946977 0.833182 0.777133 0.935289 0.797777 0.685730 0.680863 0.790570 0.797393 0.892761 0.810782 0.902623 0.978526 0.675595 0.769350 0.647350 0.617565 0.971243 0.912104 0.989607 0.792533 0.732156 0.707613 0.927356 0.899379 0.815079 0.929930 0.639519 0.624707 0.950392 0.926130 0.813082 0.915724 0.809080 0.941635 0.697810 0.760356 0.734733 0.529166 0.486976 0.381017 0.588249 0.595207 0.533448 0.750925 0.923784 0.731533 0.987863 0.810421 0.736856 0.740170 0.746918 0.652459 0.792299 0.940724 0.956418 0.902963 0.956623 0.886625 0.836540 0.848667 0.970828 0.994677 0.892504 0.902433 0.870629 0.697953 0.902150 0.926975 0.903119 0.825760 0.670594 0.925781 0.965929 0.885281
0.576135 0.610602 0.812160 0.873745 0.843413 0.876174 0.930301 0.988418 0.919008 0.737245 0.767968 0.481448 0.605503 0.497908 0.000000 0.527185 0.591002 0.604942 0.557413 0.607179 0.965345 0.982181 0.668452 0.916377 0.852259 0.798959 0.961424 0.968784 0.573319 0.559818 0.985084 0.856425 0.859089 0.785496 0.731379 0.894228 0.886709 0.942944 0.959978 0.928067 0.813748 0.948859 0.971900 0.883521 0.852373 0.925643 0.865974 0.765906 0.796322 0.808467 0.960092 0.870792 0.997916 0.901725 0.874931 0.894669 0.717885 0.664465 0.860410 0.832228 0.943023 0.894681 0.719610 0.654949 0.865759 0.863209 0.746917 0.749586 0.536173 0.595715 0.980193 0.913145 0.914223 0.892111 0.800812 0.931773 0.872438 0.884355 0.604583 0.625463 0.549116 0.536001 0.721344 0.684168 0.704627 0.956878 0.951346 0.788006 0.842508 0.861199 0.707033 0.805595 0.630613 0.648827 0.893738 0.854224 0.907314 0.896915 0.980259 0.884001 0.848454 0.742559 0.932711 0.957956 0.881653 0.925073 0.974505 0.647425 0.998711 0.900588 0.825213 0.863108 0.843089 0.976307 0.934763 0.966084
0.702992 0.655654 0.825346 0.940079 0.831360 0.802611 0.842079 0.983592 0.845564 0.860251 0.874412 0.544372 0.640731 0.399810 0.527185 0.000000 0.709161 0.705644 0.573193 0.676360 0.979978 0.981459 0.541855 0.608164 0.939364 0.931078 0.816650 0.801562 0.670649 0.656641 0.868094 0.863641 0.978352 0.898423 0.669425 0.804198 0.975857 0.755345 0.916495 0.836151 0.963088 0.941698 0.971777 0.923461 0.729013 0.981236 0.846380 0.901724 0.845729 0.830641 0.965297 0.908464 0.941898 0.896206 0.783069 0.943952 0.824538 0.733028 0.956304 0.971577 0.863085 0.956738 0.933436 0.886948 0.974106 0.984726 0.684015 0.715214 0.747122 0.742807 0.955805 0.891901 0.969927 0.965176 0.880944 0.984215 0.919789 0.875068 0.783638 0.630725 0.684739 0.567034 0.732284 0.645928 0.654428 0.747131 0.916659 0.686919 0.951630 0.885141 0.627373 0.776669 0.642761 0.608975 0.987709 0.944828 0.851065 0.924589 0.861367 0.963217 0.783015 0.740655 0.845996 0.853622 0.944137 0.979304 0.903247 0.605514 0.907490 0.985022 0.794147 0.984363 0.855578 0.879369 0.768578 0.960170
0.429318 0.333261 0.715429 0.849797 0.808197 0.879036 0.901470 0.659203 0.863899 0.666716 0.603979 0.420913 0.745777 0.571833 0.591002 0.709161 0.000000 0.314728 0.445703 0.355539 0.755010 0.961473 0.657783 0.871732 0.765486 0.676033 0.994041 0.940896 0.354695 0.362162 0.956604 0.828821 0.756077 0.710786 0.756714 0.862823 0.845914 0.948362 0.760490 0.873210 0.747367 0.772559 0.855511 0.750827 0.806135 0.642046 0.779134 0.685557 0.534494 0.586899 0.767074 0.693078 0.847866 0.972149 0.814024 0.801156 0.349442 0.354813 0.847555 0.704268 0.982577 0.782107 0.571396 0.428991 0.754091 0.769056 0.788605 0.835143 0.583623 0.455562 0.813819 0.975612 0.861467 0.849631 0.809874 0.881067 0.695508 0.837458 0.574960 0.566703 0.342755 0.419662 0.620546 0.627332 0.791292 0.896306 0.942197 0.992526 0.872745 0.843030 0.891335 0.922351 0.844024 0.671655 0.908341 0.950957 0.938458 0.937641 0.789278 0.641912 0.983206 0.874804 0.781225 0.717315 0.916974 0.924747 0.913582 0.749173 0.989216 0.988374 0.936778 0.672137 0.527846 0.743816 0.965333 0.810666
0.443389 0.312423 0.748007 0.927479 0.849262 0.904049 0.931540 0.662782 0.797481 0.675587 0.644162 0.476728 0.847117 0.546547 0.604942 0.705644 0.314728 0.000000 0.401705 0.332159 0.807101 0.968913 0.597776 0.962983 0.850432 0.758849 0.998492 0.935775 0.375354 0.348208 0.960499 0.764989 0.715308 0.658417 0.785918 0.985129 0.783415 0.988094 0.853145 0.880128 0.705706 0.766582 0.792167 0.663668 0.733648 0.608614 0.718099 0.629962 0.540424 0.616862 0.788528 0.727368 0.864626 0.931744 0.798894 0.760234 0.308415 0.331437 0.901944 0.768316 0.916936 0.836640 0.604407 0.463164 0.795997 0.806319 0.853087 0.913912 0.590210 0.507296 0.827315 0.947006 0.840026 0.816581 0.875146 0.935473 0.661443 0.770429 0.612182 0.503956 0.321907 0.371489 0.551875 0.567612 0.734967 0.994181 0.928897 0.934728 0.923074 0.825781 0.920443 0.946916 0.918010 0.701247 0.832153 0.961745 0.944245 0.826772 0.785159 0.672720 0.925795 0.905879 0.810931 0.733347 0.882493 0.912875 0.891727 0.745732 0.999745 0.949045 0.900130 0.613691 0.490815 0.703085 0.978017 0.772799
0.445245 0.447848 0.873718 0.994583 0.910697 0.955203 0.893519 0.617949 0.977427 0.599528 0.641325 0.471016 0.650920 0.480226 0.557413 0.573193 0.445703 0.401705 0.000000 0.407183 0.909776 0.962243 0.495564 0.948955 0.835702 0.791541 0.972304 0.983566 0.372475 0.403338 0.874556 0.728880 0.595209 0.539174 0.822019 0.991479 0.779493 0.975132 0.850943 0.943115 0.894914 0.800427 0.792675 0.665157 0.850615 0.659359 0.643019 0.603008 0.647950 0.601350 0.722172 0.643374 0.827298 0.939758 0.849178 0.882769 0.445916 0.444878 0.729633 0.663098 0.907727 0.861936 0.511286 0.477071 0.834363 0.814999 0.918725 0.922016 0.524598 0.472779 0.814555 0.860320 0.719537 0.791337 0.917726 0.944900 0.698527 0.727983 0.624461 0.528474 0.444613 0.462389 0.717533 0.740325 0.786837 0.962200 0.805322 0.930432 0.895762 0.840988 0.985310 0.935695 0.887027 0.780508 0.920480 0.841764 0.984853 0.782953 0.709240 0.568889 0.960867 0.991082 0.709470 0.694511 0.852631 0.832245 0.877507 0.766636 0.978322 0.956326 0.915757 0.683240 0.499079 0.746671 0.931259 0.854480
0.427944 0.358999 0.758172 0.918887 0.852130 0.895419 0.894575 0.702130 0.834913 0.707532 0.564607 0.447164 0.760159 0.535532 0.607179 0.676360 0.355539 0.332159 0.407183 0.000000 0.684667 0.927731 0.641206 0.946306 0.770420 0.732213 0.926506 0.948949 0.402965 0.378625 0.993039 0.871845 0.742742 0.723843 0.773909 0.960031 0.800058 0.952263 0.878124 0.850353 0.803423 0.695886 0.826603 0.739632 0.867235 0.709789 0.799883 0.649450 0.637038 0.599265 0.813626 0.729548 0.838635 0.986231 0.828721 0.908493 0.332955 0.348167 0.809624 0.718047 0.964609 0.803535 0.641309 0.480903 0.785855 0.789149 0.844810 0.877637 0.490773 0.493673 0.818243 0.964324 0.832953 0.972685 0.875891 0.916496 0.611877 0.740883 0.670370 0.629083 0.428370 0.454046 0.718052 0.668744 0.839593 0.896470 0.852801 0.940881 0.943486 0.811844 0.944154 0.995300 0.937854 0.761305 0.858073 0.970518 0.988980 0.791951 0.739199 0.592568 0.997794 0.979646 0.702495 0.706308 0.832643 0.841572 0.869146 0.888589 0.956613 0.847701 0.804940 0.632261 0.520993 0.699213 0.955833 0.896926
0.804555 0.697350 0.643819 0.694039 0.963903 0.698182 0.698246 0.996513 0.937746 0.872763 0.857848 0.788968 0.996559 0.982961 0.965345 0.979978 0.755010 0.807101 0.909776 0.684667 0.000000 0.984588 0.882539 0.735924 0.638866 0.603809 0.817410 0.973173 0.766099 0.807541 0.744839 0.787735 0.882597 0.896524 0.752929 0.844622 0.899338 0.973853 0.765240 0.916366 0.924052 0.829207 0.995124 0.953296 0.952110 0.868329 0.845739 0.945395 0.701216 0.715989 0.941453 0.881223 0.962167 0.976846 0.957746 0.957897 0.732750 0.681071 0.879843 0.936695 0.886531 0.926952 0.956604 0.804956 0.716859 0.663245 0.716289 0.745451 0.779767 0.824721 0.819968 0.911868 0.835156 0.774254 0.982992 0.824754 0.876938 0.947364 0.975767 0.974032 0.957075 0.979283 0.951853 0.971244 0.883226 0.701970 0.948690 0.694216 0.916537 0.982635 0.885027 0.939311 0.859967 0.923911 0.964930 0.857611 0.960270 0.839326 0.870442 0.796910 0.921922 0.948725 0.809785 0.871410 0.977006 0.825882 0.733200 0.952321 0.869880 0.940366 0.875830 0.774109 0.859833 0.833603 0.982368 0.877949
0.977421 0.960459 0.874195 0.810920 0.949002 0.865779 0.902638 0.991509 0.995526 0.996173 0.925719 0.924044 0.989459 0.950561 0.982181 0.981459 0.961473 0.968913 0.962243 0.927731 0.984588 0.000000 0.946987 0.920196 0.936550 0.801998 0.846667 0.901990 0.954513 0.938884 0.749753 0.869560 0.810908 0.875794 0.892106 0.877568 0.827243 0.721750 0.893546 0.962295 0.993640 0.814025 0.863535 0.904468 0.942877 0.984507 0.933149 0.877241 0.900982 0.919638 0.912019 0.956927 0.888687 0.825173 0.920701 0.877229 0.951816 0.913972 0.941606 0.912894 0.991813 0.833249 0.941866 0.972083 0.996833 0.991346 0.886880 0.926178 0.953529 0.987173 0.837284 0.898751 0.889956 0.838390 0.974045 0.884919 0.881313 0.810532 0.919222 0.921784 0.945219 0.940148 0.961741 0.914301 0.957212 0.981131 0.965729 0.824586 0.982880 0.978512 0.795817 0.799317 0.854520 0.861928 0.950792 0.815143 0.971579 0.874357 0.901500 0.902669 0.929280 0.833734 0.674289 0.804263 0.817052 0.899601 0.995444 0.881855 0.939071 0.880308 0.869128 0.868634 0.971520 0.803951 0.967489 0.799426
0.579862 0.668680 0.922424 0.781979 0.834188 0.874125 0.727858 0.602210 0.941717 0.666693 0.726741 0.588930 0.617476 0.493094 0.668452 0.541855 0.657783 0.597776 0.495564 0.641206 0.882539 0.946987 0.000000 0.755386 0.921803 0.981081 0.919245 0.974578 0.533536 0.548339 0.766879 0.580328 0.615697 0.599339 0.923669 0.997051 0.910272 0.839838 0.953342 0.952325 0.935516 0.907607 0.916750 0.842065 0.948234 0.872470 0.757421 0.826048 0.828508 0.891422 0.941497 0.869393 0.994086 0.945906 0.856136 0.943017 0.669974 0.624565 0.849761 0.737408 0.814703 0.872180 0.594175 0.600483 0.967016 0.999136 0.978746 0.971727 0.706088 0.651354 0.717798 0.777860 0.748941 0.747547 0.926608 0.971608 0.754401 0.783285 0.610854 0.571357 0.513058 0.530003 0.767555 0.725050 0.714370 0.880427 0.939374 0.788599 0.950333 0.862581 0.961645 0.926778 0.997864 0.775986 0.825767 0.914541 0.965238 0.910179 0.796852 0.783863 0.967442 0.964758 0.884499 0.796608 0.895121 0.864468 0.992004 0.755822 0.947936 0.900728 0.959393 0.877897 0.621147 0.988352 0.805013 0.773379
0.805122 0.927580 0.821924 0.609390 0.863492 0.796535 0.951113 0.901750 0.691722 0.689890 0.787734 0.916767 0.941034 0.732695 0.916377 0.608164 0.871732 0.962983 0.948955 0.946306 0.735924 0.920196 0.755386 0.000000 0.535896 0.604310 0.682950 0.800823 0.819244 0.928671 0.958550 0.873467 0.925427 0.919813 0.882413 0.986301 0.893697 0.785365 0.593626 0.808763 0.945024 0.803263 0.909506 0.966166 0.842152 0.906182 0.881833 0.958852 0.852485 0.834155 0.808904 0.818101 0.789931 0.851609 0.866113 0.946563 0.849543 0.836895 0.622884 0.687888 0.753783 0.875350 0.658877 0.653670 0.619758 0.564897 0.933748 0.888647 0.886123 0.835123 0.971554 0.936357 0.992192 0.990571 0.951912 0.996141 0.944022 0.984020 0.994624 0.929428 0.949788 0.795670 0.797915 0.660277 0.615288 0.438010 0.924867 0.534324 0.880165 0.900824 0.921225 0.852831 0.999448 0.945538 0.953329 0.958608 0.957692 0.957593 0.725779 0.781780 0.841952 0.765297 0.622560 0.614314 0.942278 0.934217 0.823055 0.806761 0.936163 0.944415 0.864673 0.853646 0.891207 0.824697 0.742864 0.988690
0.643576 0.731932 0.633878 0.472012 0.993992 0.866594 0.968334 0.903537 0.760408 0.495538 0.692791 0.644359 0.675004 0.979450 0.852259 0.939364 0.765486 0.850432 0.835702 0.770420 0.638866 0.936550 0.921803 0.535896 0.000000 0.397578 0.718184 0.828320 0.627258 0.689005 0.919151 0.855764 0.984482 0.988643 0.647704 0.734844 0.941589 0.850507 0.573629 0.722990 0.900467 0.881086 0.776144 0.869785 0.934074 0.976379 0.734726 0.842658 0.757655 0.826949 0.977778 0.913292 0.999819 0.997540 0.823358 0.867705 0.735391 0.628230 0.610002 0.658052 0.750261 0.884108 0.629876 0.504255 0.405962 0.382928 0.698914 0.655875 0.759454 0.655500 0.977092 0.975701 0.951519 0.906568 0.901712 0.949605 0.935419 0.939661 0.854152 0.998180 0.849022 0.902419 0.865929 0.933537 0.613920 0.356529 0.930019 0.659570 0.878176 0.816489 0.984654 0.801685 0.866347 0.850335 0.958079 0.957135 0.980656 0.952201 0.671891 0.781616 0.940027 0.832099 0.651486 0.729096 0.906210 0.917497 0.817854 0.903041 0.837946 0.868318 0.933992 0.785066 0.878575 0.958886 0.987919 0.925342
0.680077 0.627094 0.451128 0.385394 0.911282 0.761784 0.696578 0.922077 0.866034 0.593961 0.806619 0.613053 0.797367 0.964325 0.798959 0.931078 0.676033 0.758849 0.791541 0.732213 0.603809 0.801998 0.981081 0.604310 0.397578 0.000000 0.826390 0.879355 0.684592 0.707279 0.692571 0.730993 0.842241 0.860119 0.531583 0.670862 0.974073 0.795929 0.546279 0.845680 0.998111 0.994632 0.767505 0.876186 0.887257 0.948213 0.740696 0.907832 0.670572 0.712764 0.977506 0.870032 0.977582 0.961598 0.835512 0.881927 0.675316 0.564658 0.800186 0.777839 0.993428 0.892225 0.786564 0.583130 0.390708 0.372563 0.476063 0.486079 0.824396 0.754494 0.856020 0.830308 0.811226 0.793796 0.925084 0.916675 0.993591 0.969899 0.921278 0.979646 0.836938 0.941345 0.999943 0.971049 0.700562 0.437762 0.964428 0.700286 0.983012 0.814022 0.758510 0.913615 0.673162 0.632743 0.864608 0.938259 0.762097 0.954658 0.859906 0.920165 0.938459 0.906169 0.894788 0.876284 0.789737 0.918764 0.792595 0.945881 0.834982 0.985918 0.942761 0.900316 0.920047 0.929377 0.990028 0.971975
0.939458 0.954435 0.968746 0.816397 0.728150 0.886146 0.819482 0.922484 0.834525 0.796377 0.871709 0.992042 0.938509 0.879036 0.961424 0.816650 0.994041 0.998492 0.972304 0.926506 0.817410 0.846667 0.919245 0.682950 0.718184 0.826390 0.000000 0.721972 0.900448 0.855419 0.782287 0.879245 0.855967 0.833598 0.968186 0.958023 0.808850 0.977660 0.784787 0.776328 0.933360 0.932562 0.988156 0.953663 0.946477 0.951943 0.929827 0.988888 0.824342 0.880810 0.980009 0.990386 0.930787 0.865588 0.853947 0.867603 0.998342 0.965244 0.846893 0.908338 0.765309 0.982445 0.774736 0.788922 0.792916 0.794165 0.968364 0.948586 0.963318 0.989257 0.861127 0.782499 0.816532 0.932972 0.996693 0.954745 0.956279 0.875447 0.990410 0.958562 0.982963 0.881775 0.799660 0.854484 0.700561 0.644266 0.886469 0.628905 0.977941 0.866186 0.866614 0.849236 0.968526 0.973292 0.854816 0.859213 0.868602 0.944116 0.755856 0.840440 0.899798 0.814758 0.646151 0.770320 0.922115 0.773503 0.802506 0.791870 0.783017 0.864513 0.883805 0.819103 0.950936 0.782838 0.910608 0.988307
0.824484 0.993498 0.895460 0.947471 0.989776 0.803398 0.756047 0.757956 0.849797 0.861798 0.828910 0.985805 0.923494 0.998972 0.968784 0.801562 0.940896 0.935775 0.983566 0.948949 0.973173 0.901990 0.974578 0.800823 0.828320 0.879355 0.721972 0.000000 0.888058 0.973976 0.832772 0.940454 0.895102 0.863708 0.908544 0.991862 0.964825 0.982291 0.763929 0.986524 0.872925 0.861388 0.950133 0.994946 0.898772 0.941706 0.908702 0.884620 0.940251 0.997949 0.939206 0.951875 0.893159 0.934142 0.956160 0.951691 0.886933 0.888031 0.864342 0.739939 0.739959 0.788227 0.802984 0.771173 0.985776 0.993788 0.916461 0.800834 0.975093 0.986782 0.868594 0.731710 0.899027 0.961229 0.873096 0.935785 0.939206 0.897804 0.994201 0.918188 0.929166 0.978053 0.942762 0.914648 0.929204 0.841971 0.851719 0.916377 0.914497 0.994155 0.840347 0.936762 0.850200 0.951836 0.640780 0.907493 0.870216 0.885076 0.765329 0.847804 0.904096 0.822705 0.750163 0.798936 0.834914 0.796621 0.840331 0.935144 0.850294 0.797316 0.947019 0.990030 0.997908 0.874611 0.960577 0.843472
0.386272 0.370404 0.760307 0.863551 0.849233 0.917221 0.917505 0.560672 0.981100 0.506797 0.571752 0.413707 0.626297 0.531378 0.573319 0.670649 0.354695 0.375354 0.372475 0.402965 0.766099 0.954513 0.533536 0.819244 0.627258 0.684592 0.900448 0.888058 0.000000 0.332779 0.834763 0.758002 0.651552 0.571522 0.768159 0.882283 0.745686 0.930649 0.746802 0.989197 0.757290 0.760477 0.848373 0.704133 0.806881 0.656112 0.802939 0.695433 0.563260 0.616122 0.762739 0.688371 0.878107 0.986285 0.795730 0.790288 0.416864 0.374625 0.679175 0.637321 0.854838 0.748280 0.449464 0.359755 0.686197 0.705854 0.830528 0.882640 0.529829 0.413722 0.794098 0.919843 0.738765 0.790157 0.891797 0.958914 0.673534 0.734486 0.604354 0.561004 0.371681 0.477292 0.690472 0.667993 0.857486 0.844979 0.855486 0.978136 0.848465 0.889207 0.951713 0.936251 0.829429 0.715666 0.833036 0.894925 0.994603 0.821754 0.657089 0.606230 0.978515 0.903132 0.638243 0.645886 0.890437 0.881250 0.865832 0.826679 0.925620 0.894422 0.882370 0.606853 0.504214 0.767259 0.997426 0.762449
0.500467 0.389727 0.748952 0.883895 0.971158 0.945217 0.969866 0.636265 0.870104 0.522243 0.626755 0.504390 0.727884 0.535718 0.559818 0.656641 0.362162 0.348208 0.403338 0.378625 0.807541 0.938884 0.548339 0.928671 0.689005 0.707279 0.855419 0.973976 0.332779 0.000000 0.809948 0.668510 0.649774 0.566693 0.688517 0.937116 0.825320 0.907770 0.829983 0.942549 0.822797 0.750982 0.788290 0.665425 0.800276 0.691073 0.788572 0.697148 0.614451 0.676810 0.767316 0.688298 0.859841 0.926835 0.870132 0.879318 0.457117 0.427689 0.886578 0.788153 0.968360 0.928576 0.518326 0.419629 0.636335 0.689189 0.763142 0.844579 0.619040 0.492187 0.780255 0.934076 0.724177 0.732757 0.865481 0.960541 0.677975 0.649958 0.463398 0.484630 0.359472 0.458506 0.658719 0.672375 0.927450 0.835013 0.818497 0.953278 0.993836 0.978069 0.917541 0.946761 0.794226 0.637035 0.822145 0.919682 0.997659 0.805463 0.715810 0.645679 0.972085 0.977448 0.682461 0.679085 0.987307 0.872795 0.835373 0.859381 0.926980 0.881412 0.933194 0.646667 0.500030 0.707155 0.926916 0.817146
0.986377 0.830057 0.598514 0.694271 0.838321 0.839043 0.399817 0.570756 0.921695 0.848459 0.917378 0.813071 0.963962 0.999617 0.985084 0.868094 0.956604 0.960499 0.874556 0.993039 0.744839 0.749753 0.766879 0.958550 0.919151 0.692571 0.782287 0.832772 0.834763 0.809948 0.000000 0.447054 0.455966 0.400202 0.705979 0.693551 0.908791 0.893299 0.934586 0.996656 0.886156 0.957552 0.630606 0.684908 0.620511 0.815636 0.747983 0.825407 0.890561 0.893712 0.749127 0.813389 0.797389 0.664712 0.924375 0.984973 0.893742 0.883889 0.854960 0.871527 0.692696 0.879664 0.609249 0.817033 0.939946 0.889380 0.619781 0.563479 0.941065 0.992715 0.543533 0.585866 0.507986 0.566861 0.999483 0.990380 0.807636 0.700394 0.728209 0.770812 0.838217 0.899835 0.980901 0.970487 0.928360 0.988294 0.793454 0.980135 0.974876 0.920389 0.615869 0.718199 0.769338 0.915685 0.793256 0.986698 0.803495 0.855728 0.633383 0.706005 0.780538 0.613174 0.622559 0.663969 0.773129 0.727723 0.948917 0.816704 0.940875 0.911671 0.762978 0.832210 0.750893 0.748040 0.845342 0.881831
0.907985 0.957075 0.642400 0.620829 0.892932 0.776685 0.537965 0.574927 0.927103 0.840001 0.907309 0.982459 0.906528 0.705678 0.856425 0.863641 0.828821 0.764989 0.728880 0.871845 0.787735 0.869560 0.580328 0.873467 0.855764 0.730993 0.879245 0.940454 0.758002 0.668510 0.447054 0.000000 0.509362 0.452070 0.840166 0.769141 0.841335 0.997289 0.968912 0.958280 0.958409 0.858484 0.632189 0.630542 0.733956 0.829205 0.599965 0.765218 0.917497 0.914016 0.812618 0.824062 0.819530 0.783199 0.795488 0.908311 0.948739 0.975886 0.983994 0.943508 0.797412 0.953244 0.620382 0.781938 0.871044 0.820931 0.745373 0.659094 0.999918 0.900891 0.611570 0.640811 0.520157 0.500740 0.995285 0.998334 0.827868 0.699660 0.609859 0.620483 0.612674 0.619398 0.815299 0.846735 0.845115 0.823068 0.781137 0.844066 0.956818 0.997355 0.778044 0.851496 0.877186 0.986474 0.801744 0.969851 0.822215 0.859694 0.798715 0.789400 0.882619 0.787853 0.750699 0.726700 0.789310 0.713417 0.840759 0.981042 0.941978 0.825435 0.886792 0.754983 0.659529 0.800330 0.918342 0.898424
0.672340 0.886202 0.652616 0.781562 0.940499 0.795532 0.445501 0.487606 0.954287 0.702246 0.654454 0.875036 0.725311 0.788183 0.859089 0.978352 0.756077 0.715308 0.595209 0.742742 0.882597 0.810908 0.615697 0.925427 0.984482 0.842241 0.855967 0.895102 0.651552 0.649774 0.455966 0.509362 0.000000 0.362730 0.782634 0.685768 0.743189 0.823584 0.891147 0.939959 0.850709 0.860383 0.692614 0.701212 0.630604 0.731762 0.576249 0.675926 0.943108 0.960794 0.757904 0.805150 0.859923 0.904114 0.736881 0.833069 0.794968 0.803516 0.657586 0.670706 0.577960 0.869150 0.419377 0.569808 0.901487 0.927733 0.611421 0.592445 0.728603 0.703930 0.584458 0.668650 0.557005 0.565791 0.887697 0.939873 0.715326 0.753408 0.709321 0.729399 0.607674 0.663176 0.971495 0.938249 0.831739 0.991724 0.856028 0.972698 0.785931 0.782685 0.645330 0.694809 0.750460 0.906819 0.844556 0.989938 0.746554 0.697847 0.535831 0.517432 0.729427 0.705017 0.568811 0.597500 0.634687 0.665423 0.976032 0.917799 0.952746 0.832455 0.739857 0.661537 0.615068 0.680329 0.892653 0.902898
0.719882 0.832722 0.721940 0.772473 0.879751 0.799978 0.465998 0.477530 0.912556 0.657713 0.755582 0.883064 0.768017 0.742204 0.785496 0.898423 0.710786 0.658417 0.539174 0.723843 0.896524 0.875794 0.599339 0.919813 0.988643 0.860119 0.833598 0.863708 0.571522 0.566693 0.400202 0.452070 0.362730 0.000000 0.892926 0.750931 0.759210 0.921905 0.980969 0.995533 0.830464 0.887230 0.614699 0.565252 0.622835 0.664242 0.607222 0.598024 0.882251 0.839522 0.660086 0.688174 0.775438 0.778947 0.792721 0.832839 0.794186 0.782636 0.713023 0.701274 0.685715 0.968767 0.451347 0.582564 0.989292 0.997510 0.724422 0.664966 0.830693 0.728799 0.645081 0.695084 0.584309 0.580442 0.939688 0.991097 0.742509 0.634051 0.602206 0.596384 0.584402 0.637027 0.840228 0.872732 0.876573 0.984534 0.742892 0.944491 0.876896 0.927544 0.764260 0.775078 0.926468 0.996165 0.725823 0.986131 0.857956 0.728585 0.579128 0.573482 0.826443 0.737363 0.564068 0.605301 0.712473 0.702218 0.980919 0.998708 0.972627 0.811451 0.817204 0.690755 0.544885 0.647093 0.895471 0.781499
0.832299 0.653206 0.518239 0.593084 0.936694 0.973463 0.618345 0.778534 0.967172 0.670646 0.879524 0.688643 0.814844 0.787347 0.731379 0.669425 0.756714 0.785918 0.822019 0.773909 0.752929 0.892106 0.923669 0.882413 0.647704 0.531583 0.968186 0.908544 0.768159 0.688517 0.705979 0.840166 0.782634 0.892926 0.000000 0.715774 0.806826 0.750016 0.835352 0.959074 0.962925 0.937354 0.810987 0.967567 0.811134 0.969151 0.830854 0.938209 0.670864 0.717719 0.965889 0.849938 0.934931 0.968542 0.897639 0.983742 0.823071 0.734667 0.950827 0.962800 0.800015 0.917294 0.962588 0.821485 0.542911 0.543348 0.389845 0.394842 0.922223 0.758990 0.785649 0.697160 0.810616 0.884218 0.782637 0.890278 0.902435 0.943594 0.830217 0.773509 0.820265 0.913281 0.829548 0.881372 0.919214 0.777723 0.855605 0.860247 0.898291 0.749915 0.469278 0.724762 0.488425 0.531252 0.813936 0.977073 0.667092 0.836575 0.805345 0.862231 0.697898 0.836750 0.892007 0.845384 0.628490 0.723690 0.996120 0.720772 0.981147 0.968428 0.785050 0.824261 0.919165 0.836652 0.936835 0.931154
0.968207 0.886456 0.632611 0.617524 0.840686 0.953880 0.644381 0.773167 0.978050 0.915460 0.932833 0.777700 0.904119 0.983751 0.894228 0.804198 0.862823 0.985129 0.991479 0.960031 0.844622 0.877568 0.997051 0.986301 0.734844 0.670862 0.958023 0.991862 0.882283 0.937116 0.693551 0.769141 0.685768 0.750931 0.715774 0.000000 0.774981 0.623520 0.777126 0.955206 0.854272 0.948767 0.799426 0.868049 0.712841 0.895211 0.732113 0.848821 0.890579 0.908705 0.916895 0.995786 0.886343 0.926787 0.917058 0.944906 0.934156 0.918539 0.960828 0.956042 0.828443 0.901261 0.908271 0.970737 0.679428 0.676760 0.540383 0.548198 0.953444 0.901015 0.754032 0.852062 0.861917 0.848356 0.981506 0.769922 0.837424 0.823201 0.992730 0.947933 0.987245 0.924868 0.999014 0.916869 0.932828 0.814751 0.913074 0.927735 0.957531 0.799218 0.753394 0.890286 0.678208 0.713059 0.984630 0.937206 0.811685 0.788752 0.813744 0.761772 0.916068 0.745003 0.873589 0.833507 0.769838 0.869285 0.855633 0.789186 0.937901 0.998200 0.879274 0.889901 0.843911 0.791860 0.827375 0.950173
0.729230 0.774465 0.889460 0.853406 0.923389 0.909656 0.844161 0.756190 0.795119 0.981419 0.766101 0.864943 0.840051 0.886800 0.886709 0.975857 0.845914 0.783415 0.779493 0.800058 0.899338 0.827243 0.910272 0.893697 0.941589 0.974073 0.808850 0.964825 0.745686 0.825320 0.908791 0.841335 0.743189 0.759210 0.806826 0.774981 0.000000 0.729316 0.989784 0.899902 0.742326 0.889409 0.880062 0.753803 0.800027 0.770135 0.703863 0.698706 0.899581 0.860724 0.830412 0.861178 0.907668 0.946725 0.693201 0.878311 0.773932 0.792894 0.755509 0.827493 0.804449 0.696457 0.771415 0.798487 0.850394 0.909918 0.790956 0.785259 0.646088 0.727350 0.878022 0.971119 0.983883 0.939001 0.968237 0.802881 0.857586 0.927118 0.924902 0.941909 0.828625 0.791311 0.979237 0.938055 0.797980 0.923362 0.920885 0.985907 0.722308 0.688250 0.893193 0.896667 0.975091 0.856872 0.866817 0.904070 0.888162 0.773001 0.729387 0.720620 0.980938 0.947084 0.679436 0.727507 0.838519 0.814435 0.898279 0.935539 0.807447 0.711230 0.708063 0.615180 0.815995 0.731365 0.728044 0.957873
0.916675 0.933736 0.769728 0.804547 0.959509 0.981680 0.875119 0.919155 0.948597 0.783239 0.910353 0.895011 0.920626 0.892511 0.942944 0.755345 0.948362 0.988094 0.975132 0.952263 0.973853 0.721750 0.839838 0.785365 0.850507 0.795929 0.977660 0.982291 0.930649 0.907770 0.893299 0.997289 0.823584 0.921905 0.750016 0.623520 0.729316 0.000000 0.849415 0.923830 0.823191 0.782588 0.933604 0.966471 0.925614 0.968955 0.910874 0.874541 0.852488 0.950026 0.971669 0.960736 0.925506 0.968221 0.916587 0.986648 0.967225 0.930738 0.906915 0.981812 0.907246 0.903143 0.944899 0.943059 0.800597 0.810872 0.714299 0.738081 0.800144 0.991541 0.825514 0.932649 0.863816 0.896110 0.976019 0.936254 0.951296 0.937697 0.884010 0.917657 0.991598 0.959949 0.839848 0.734375 0.958974 0.953917 0.974502 0.783081 0.904583 0.819163 0.832719 0.859692 0.778803 0.642146 0.942893 0.845808 0.869280 0.836412 0.927796 0.843386 0.833330 0.906994 0.824383 0.810177 0.851178 0.983132 0.980588 0.872577 0.977023 0.941643 0.879286 0.835310 0.898337 0.642777 0.842497 0.993179
