0.000000 0.546088 0.819051 0.871620 0.891523 0.980541 0.664781 0.724852 0.892789 0.909833 0.809139 0.715545 0.709977 0.799022 0.827618 0.854125 0.616193 0.603548 0.591145 0.747297 0.933887 0.945151 0.953853 0.986468 0.879011 0.934497 0.958835 0.969964 0.714983 0.746975 0.899524 0.974491 0.708503 0.643991 0.830868 0.950436 0.951297 0.752161 0.916348 0.904613 0.999896 0.973915 0.841540 0.733779 0.960620 0.874650 0.765425 0.832692 0.909583 0.853645 0.799787 0.868556 0.897015 0.994302 0.865163 0.967541 0.508692 0.574052 0.643108 0.815766 0.567886 0.690333 0.547540 0.589307 0.819083 0.855541 0.889953 0.869867 0.917335 0.839033 0.984913 0.957955 0.909172 0.917684 0.956819 0.996884 0.797326 0.806443 0.918139 0.884342 0.537798 0.614662 0.817509 0.679605 0.679451 0.783257 0.947590 0.893562 0.902729 0.788192 0.976713 0.994728 0.924935 0.996255 0.907590 0.900911 0.895440 0.973140 0.820097 0.789826 0.908349 0.947698 0.847056 0.844893 0.956697 0.983689 0.861505 0.968283 0.806876 0.812829 0.875465 0.957415 0.889895 0.915447 0.885847 0.893738
0.546088 0.000000 0.816881 0.828818 0.833836 0.980424 0.772385 0.683873 0.880772 0.870545 0.869409 0.662363 0.688267 0.716851 0.752731 0.767561 0.626486 0.597190 0.629329 0.746121 0.952870 0.919966 0.879423 0.995924 0.799615 0.948205 0.982336 0.841522 0.692778 0.741283 0.827031 0.989594 0.573803 0.630170 0.782677 0.891240 0.874938 0.982950 0.982559 0.811872 0.960538 0.938183 0.739962 0.616588 0.776157 0.751070 0.677358 0.679318 0.822914 0.732257 0.756191 0.652322 0.764699 0.881946 0.835931 0.961901 0.565789 0.501675 0.674064 0.828315 0.579200 0.653337 0.584703 0.584769 0.776131 0.838994 0.829630 0.789780 0.951423 0.782679 0.839903 0.988309 0.932225 0.914704 0.923005 0.943480 0.805136 0.977825 0.744632 0.914015 0.510521 0.634148 0.813950 0.697271 0.750779 0.757193 0.999862 0.976866 0.907597 0.829524 0.993623 0.936019 0.957631 0.970057 0.867832 0.813337 0.897125 0.966571 0.717022 0.801805 0.903482 0.989794 0.875220 0.873968 0.880703 0.941334 0.942964 0.919891 0.822673 0.910242 0.910415 0.958201 0.970377 0.975207 0.720535 0.983708
0.819051 0.816881 0.000000 0.442197 0.963410 0.927926 0.385642 0.430331 0.765635 0.980786 0.953384 0.915711 0.717806 0.966784 0.964029 0.988441 0.857426 0.875987 0.803347 0.863938 0.830686 0.864559 0.672086 0.725519 0.556594 0.650863 0.951342 0.916947 0.815738 0.741552 0.884238 0.973475 0.667875 0.696184 0.677173 0.871460 0.777609 0.973664 0.885392 0.789959 0.994507 0.760187 0.630615 0.789658 0.891417 0.917873 0.659762 0.749636 0.815693 0.959035 0.727172 0.627625 0.915321 0.905186 0.841492 0.848761 0.965420 0.981815 0.550820 0.651982 0.574409 0.716114 0.968467 0.899978 0.400535 0.510083 0.515101 0.508242 0.818853 0.787429 0.886431 0.782731 0.792892 0.771544 0.912071 0.914739 0.661873 0.799301 0.987556 0.957312 0.839275 0.915707 0.938029 0.962294 0.555393 0.686621 0.768729 0.864622 0.758414 0.610959 0.572721 0.641819 0.567452 0.543483 0.903792 0.809795 0.841707 0.998915 0.583388 0.605312 0.606139 0.796044 0.930350 0.887683 0.543135 0.609440 0.977811 0.789953 0.827326 0.895449 0.878421 0.862373 0.913639 0.883154 0.678257 0.733159
0.871620 0.828818 0.442197 0.000000 0.891805 0.901625 0.591011 0.409222 0.962323 0.778401 0.972056 0.987962 0.959139 0.974608 0.796140 0.995042 0.747355 0.832665 0.960874 0.909312 0.752728 0.851761 0.733866 0.628093 0.549682 0.574913 0.910693 0.783223 0.670792 0.642807 0.963957 0.991065 0.783109 0.694248 0.662379 0.815550 0.766909 0.868508 0.712081 0.711397 0.928662 0.778808 0.731697 0.816084 0.804688 0.819171 0.791783 0.796840 0.717953 0.867071 0.844534 0.708007 0.932057 0.802226 0.944965 0.839629 0.920952 0.952967 0.714341 0.651988 0.801847 0.727474 0.866232 0.841198 0.411163 0.365945 0.440462 0.386815 0.670625 0.757021 0.704024 0.622051 0.722561 0.758075 0.928163 0.846452 0.638805 0.728203 0.964065 0.961655 0.897061 0.971618 0.859424 0.948573 0.676682 0.603155 0.783847 0.745393 0.947832 0.584988 0.647122 0.701965 0.539117 0.592209 0.892299 0.777069 0.839002 0.957365 0.641988 0.704302 0.649889 0.815429 0.950258 0.918124 0.494035 0.581566 0.974659 0.710873 0.829353 0.897978 0.850906 0.930837 0.986382 0.866463 0.712690 0.721107
0.891523 0.833836 0.963410 0.891805 0.000000 0.824111 0.901405 0.956953 0.855859 0.889885 0.800921 0.935659 0.767187 0.938899 0.801715 0.900796 0.704000 0.756276 0.798285 0.832420 0.843952 0.778914 0.830677 0.936084 0.920232 0.920430 0.978926 0.957471 0.911010 0.760765 0.780099 0.972265 0.839518 0.933118 0.987738 0.871012 0.823091 0.894038 0.975566 0.930480 0.875341 0.900638 0.994014 0.957845 0.778413 0.848005 0.924404 0.905113 0.775785 0.804937 0.830504 0.943941 0.850956 0.803632 0.909682 0.952413 0.702445 0.762726 0.952506 0.839939 0.777813 0.930717 0.713491 0.835020 0.988996 0.928996 0.942216 0.952555 0.991491 0.849778 0.854127 0.988505 0.796664 0.913862 0.898997 0.941086 0.946139 0.996013 0.876122 0.832076 0.707781 0.720101 0.770073 0.739239 0.747624 0.757886 0.969917 0.729281 0.871525 0.991154 0.976611 0.916951 0.989441 0.904363 0.804383 0.942393 0.997387 0.971468 0.984699 0.967875 0.863551 0.855600 0.997495 0.915063 0.978996 0.859457 0.937644 0.942965 0.987738 0.915795 0.966466 0.931482 0.999175 0.889962 0.855557 0.899853
0.980541 0.980424 0.927926 0.901625 0.824111 0.000000 0.956554 0.926201 0.885623 0.865963 0.971045 0.868437 0.964059 0.849704 0.948019 0.758073 0.896512 0.886466 0.962929 0.817912 0.779302 0.959570 0.852629 0.826135 0.829178 0.776994 0.799449 0.814462 0.897629 0.903496 0.844258 0.965190 0.961420 0.904857 0.864769 0.890810 0.717394 0.997445 0.890169 0.971481 0.730920 0.960083 0.933059 0.833824 0.945748 0.912648 0.914741 0.979969 0.934079 0.972217 0.881152 0.988856 0.791537 0.798630 0.906484 0.847675 0.965128 0.920558 0.781196 0.774264 0.970331 0.869231 0.910396 0.774692 0.874545 0.961450 0.997211 0.933164 0.841576 0.784120 0.758801 0.875326 0.890861 0.806211 0.949966 0.935448 0.981858 0.844031 0.984573 0.954055 0.973402 0.996975 0.962860 0.955548 0.831676 0.725485 0.908501 0.839057 0.894255 0.980632 0.800102 0.800318 0.720093 0.821280 0.948321 0.856361 0.828912 0.977415 0.963174 0.967160 0.969738 0.908853 0.872185 0.950790 0.894073 0.976270 0.978711 0.971252 0.912129 0.881759 0.868918 0.987705 0.894364 0.980405 0.980052 0.940600
0.664781 0.772385 0.385642 0.591011 0.901405 0.956554 0.000000 0.533334 0.697717 0.887340 0.890285 0.980386 0.603838 0.949580 0.915493 0.972148 0.969744 0.997437 0.661694 0.786546 0.872724 0.946153 0.698144 0.848768 0.659174 0.704012 0.913552 0.977250 0.930337 0.901801 0.887616 0.925019 0.629950 0.666223 0.715621 0.985745 0.834952 0.905250 0.917147 0.910083 0.979248 0.873669 0.665456 0.747765 0.917108 0.994832 0.700377 0.764639 0.904339 0.860513 0.712049 0.656055 0.893447 0.925084 0.875405 0.949838 0.832510 0.849761 0.487297 0.677030 0.439626 0.723969 0.825965 0.954556 0.490075 0.636132 0.616967 0.666656 0.913943 0.868798 0.974161 0.936237 0.877362 0.851747 0.900928 0.995990 0.684778 0.852758 0.984027 0.968782 0.711426 0.786202 0.947319 0.851796 0.476772 0.749000 0.827586 0.996057 0.710321 0.678481 0.652172 0.664105 0.728467 0.676675 0.885148 0.850622 0.882514 0.940176 0.620427 0.615054 0.701028 0.792496 0.971039 0.880803 0.659547 0.731364 0.941401 0.901185 0.744123 0.899092 0.820070 0.905021 0.918022 0.893453 0.721678 0.723933
0.724852 0.683873 0.430331 0.409222 0.956953 0.926201 0.533334 0.000000 0.941383 0.978027 0.892213 0.797729 0.816984 0.924511 0.838532 0.952028 0.913424 0.998898 0.826660 0.704902 0.907903 0.953764 0.818529 0.821749 0.671310 0.790115 0.962566 0.934134 0.880892 0.810151 0.973391 0.946593 0.733599 0.560704 0.678642 0.898119 0.869656 0.987714 0.925051 0.701931 0.994276 0.778158 0.705274 0.752310 0.791168 0.855594 0.757604 0.821283 0.720261 0.912515 0.841750 0.659316 0.926061 0.763729 0.914531 0.964927 0.962677 0.870965 0.506288 0.478216 0.599886 0.479595 0.978949 0.905918 0.517075 0.431393 0.507633 0.438338 0.807378 0.947737 0.768062 0.713157 0.852335 0.900513 0.934802 0.877461 0.596459 0.750067 0.929838 0.954894 0.767264 0.943107 0.812737 0.997904 0.730672 0.767931 0.701817 0.702955 0.862148 0.559806 0.673533 0.795851 0.620765 0.728110 0.894859 0.771581 0.729787 0.993590 0.595990 0.609951 0.661512 0.874555 0.795483 0.905570 0.492712 0.587224 0.955036 0.735912 0.773667 0.835776 0.712329 0.905888 0.998616 0.940000 0.699282 0.760249
0.892789 0.880772 0.765635 0.962323 0.855859 0.885623 0.697717 0.941383 0.000000 0.689202 0.966986 0.919172 0.743212 0.866288 0.813928 0.971876 0.959246 0.938209 0.919675 0.956276 0.960206 0.939729 0.631203 0.971633 0.927779 0.894724 0.905509 0.944456 0.993512 0.950158 0.850979 0.934003 0.767312 0.999603 0.938941 0.961439 0.813121 0.988763 0.848326 0.808524 0.962540 0.956460 0.883879 0.989282 0.791486 0.867900 0.874508 0.913005 0.748210 0.730893 0.744663 0.748416 0.693160 0.792497 0.903376 0.971740 0.748807 0.814386 0.797546 0.987626 0.683636 0.987791 0.851289 0.924584 0.791589 0.934938 0.930364 0.927526 0.850575 0.892491 0.934122 0.819863 0.846873 0.839052 0.989809 0.968701 0.991245 0.954955 0.972126 0.938504 0.904894 0.908439 0.805886 0.840150 0.672415 0.928645 0.823660 0.791456 0.849687 0.823710 0.904782 0.841834 0.810096 0.884155 0.947453 0.998202 0.891338 0.879715 0.851146 0.786137 0.851997 0.860247 0.957170 0.932490 0.913034 0.925619 0.929331 0.942557 0.907643 0.900910 0.920086 0.980347 0.981383 0.811070 0.891747 0.990497
0.909833 0.870545 0.980786 0.778401 0.889885 0.865963 0.887340 0.978027 0.689202 0.000000 0.717632 0.930212 0.883514 0.925799 0.924259 0.845880 0.724878 0.841977 0.684506 0.805896 0.871171 0.975815 0.890083 0.830818 0.862870 0.800965 0.764570 0.786247 0.623293 0.739586 0.783047 0.973027 0.739409 0.805270 0.932125 0.884286 0.947331 0.955001 0.643152 0.882794 0.807376 0.996359 0.868486 0.819492 0.724608 0.691316 0.835979 0.932441 0.654784 0.657012 0.741635 0.798273 0.781627 0.863873 0.877778 0.886968 0.745011 0.751452 0.796256 0.952687 0.789105 0.900336 0.686002 0.671957 0.815235 0.715221 0.952010 0.871503 0.719175 0.836273 0.765257 0.771192 0.836766 0.801518 0.870370 0.959436 0.970300 0.983907 0.957300 0.976364 0.783258 0.896382 0.930734 0.802189 0.981099 0.754900 0.943900 0.783408 0.868323 0.895557 0.941568 0.950606 0.975420 0.855000 0.939658 0.806708 0.765276 0.863898 0.878016 0.914231 0.814381 0.976826 0.714548 0.823368 0.988743 0.933366 0.861057 0.894028 0.940131 0.900125 0.872429 0.943335 0.972662 0.774279 0.975290 0.945002
0.809139 0.869409 0.953384 0.972056 0.800921 0.971045 0.890285 0.892213 0.966986 0.717632 0.000000 0.757388 0.830714 0.969056 0.938957 0.910998 0.688163 0.676898 0.732780 0.700822 0.867725 0.934304 0.932215 0.827356 0.873116 0.977241 0.843014 0.807987 0.732008 0.728162 0.846522 0.959740 0.837771 0.656459 0.916413 0.879050 0.948296 0.796660 0.950317 0.983560 0.976621 0.901967 0.854246 0.961750 0.970644 0.981452 0.990382 0.937738 0.973802 0.934703 0.943556 0.866441 0.969805 0.960844 0.966541 0.988116 0.812136 0.856221 0.906853 0.952714 0.785209 0.873601 0.658011 0.704666 0.848343 0.904746 0.994843 0.952257 0.980440 0.874928 0.956262 0.783233 0.686271 0.843313 0.939315 0.842824 0.913483 0.860521 0.917903 0.903890 0.730966 0.758364 0.969769 0.871902 0.993729 0.920434 0.791857 0.936274 0.978125 0.991076 0.774244 0.707211 0.843841 0.771446 0.972812 0.802259 0.886289 0.821887 0.999689 0.886078 0.975977 0.932016 0.912274 0.925802 0.982627 0.767993 0.928806 0.873880 0.943317 0.883061 0.992776 0.895178 0.896774 0.914972 0.992264 0.946321
0.715545 0.662363 0.915711 0.987962 0.935659 0.868437 0.980386 0.797729 0.919172 0.930212 0.757388 0.000000 0.784726 0.650538 0.871139 0.859669 0.659604 0.580723 0.818384 0.593119 0.908800 0.893815 0.922201 0.880865 0.890988 0.773816 0.908354 0.946017 0.693168 0.635129 0.970205 0.974909 0.839207 0.701290 0.828923 0.996546 0.984396 0.916420 0.926031 0.936502 0.986604 0.972365 0.984703 0.825975 0.973133 0.899130 0.976002 0.940004 0.992103 0.966550 0.977561 0.911478 0.933573 0.948926 0.959663 0.969861 0.738982 0.586387 0.839936 0.804425 0.745260 0.642435 0.638228 0.509267 0.944874 0.963715 0.983244 0.931235 0.995798 0.744537 0.922575 0.933799 0.807070 0.775838 0.923549 0.895582 0.811198 0.843319 0.771673 0.960013 0.645500 0.724268 0.900520 0.794173 0.980762 0.968788 0.974134 0.948339 0.919470 0.995031 0.861602 0.773350 0.873677 0.714263 0.804587 0.875590 0.874197 0.996596 0.936432 0.996059 0.901990 0.995274 0.804423 0.940806 0.920410 0.968311 0.913888 0.953660 0.933985 0.904076 0.850908 0.971284 0.993146 0.958720 0.944595 0.923216
0.709977 0.688267 0.717806 0.959139 0.767187 0.964059 0.603838 0.816984 0.743212 0.883514 0.830714 0.784726 0.000000 0.637745 0.563719 0.661658 0.779378 0.755224 0.740517 0.683325 0.982341 0.890418 0.740867 0.949407 0.863113 0.995746 0.850561 0.944194 0.808149 0.797279 0.824788 0.911790 0.713977 0.776003 0.797868 0.967904 0.846642 0.863847 0.923113 0.980598 0.998667 0.926153 0.904437 0.850045 0.972155 0.860964 0.798977 0.780348 0.989130 0.751171 0.894780 0.794336 0.906024 0.916928 0.839775 0.930064 0.748673 0.673223 0.766761 0.823818 0.445541 0.701626 0.705683 0.760058 0.797378 0.950211 0.957909 0.977277 0.861685 0.968870 0.943457 0.905201 0.970026 0.964492 0.939379 0.810641 0.935286 0.958656 0.836882 0.886412 0.656348 0.646291 0.809625 0.764655 0.589636 0.888367 0.943530 0.818060 0.828363 0.983704 0.997028 0.939147 0.917889 0.913591 0.995448 0.906992 0.971143 0.875798 0.833909 0.910516 0.972493 0.964092 0.973213 0.801899 0.912822 0.965122 0.971914 0.804433 0.989876 0.922451 0.990113 0.921044 0.959002 0.970564 0.774232 0.961577
0.799022 0.716851 0.966784 0.974608 0.938899 0.849704 0.949580 0.924511 0.866288 0.925799 0.969056 0.650538 0.637745 0.000000 0.580479 0.540521 0.764192 0.659018 0.923710 0.719597 0.925451 0.925091 0.985447 0.971953 0.908753 0.856644 0.922516 0.991819 0.743185 0.609356 0.822132 0.739254 0.776930 0.733888 0.812398 0.971961 0.979011 0.938878 0.928939 0.847738 0.990072 0.928842 0.839585 0.684399 0.880925 0.757605 0.801833 0.711753 0.999448 0.852720 0.956185 0.897713 0.985959 0.895813 0.956761 0.911772 0.875936 0.774780 0.959232 0.921535 0.727670 0.727019 0.761990 0.698632 0.972063 0.936488 0.983020 0.962386 0.844025 0.769476 0.997609 0.889273 0.815241 0.777194 0.948982 0.838594 0.971338 0.989540 0.773833 0.756536 0.712896 0.652897 0.726314 0.772031 0.832775 0.852173 0.880092 0.933191 0.960929 0.874164 0.807171 0.752912 0.746719 0.775847 0.921281 0.881532 0.901069 0.862170 0.957422 0.958063 0.852915 0.963877 0.983886 0.869374 0.941781 0.957030 0.972223 0.761959 0.883691 0.901348 0.944582 0.820466 0.983975 0.970394 0.886406 0.952588
0.827618 0.752731 0.964029 0.796140 0.801715 0.948019 0.915493 0.838532 0.813928 0.924259 0.938957 0.871139 0.563719 0.580479 0.000000 0.555757 0.700031 0.647648 0.791606 0.903482 0.983149 0.896542 0.713578 0.939597 0.925937 0.899141 0.903941 0.987224 0.671512 0.605028 0.697268 0.675542 0.695500 0.915393 0.933553 0.874926 0.892814 0.976845 0.892218 0.962319 0.983911 0.953350 0.828315 0.733698 0.679772 0.624399 0.734526 0.679666 0.740749 0.601370 0.889527 0.851155 0.761940 0.692832 0.861609 0.919462 0.642737 0.709095 0.986823 0.830069 0.730466 0.941519 0.683127 0.765292 0.960201 0.872329 0.817006 0.831672 0.964940 0.824284 0.897481 0.924955 0.829242 0.841833 0.986393 0.826270 0.918552 0.877117 0.774379 0.906004 0.684990 0.610838 0.572554 0.618374 0.694789 0.798777 0.609108 0.639763 0.892760 0.903561 0.811651 0.846200 0.745018 0.791662 0.984622 0.971102 0.883555 0.975832 0.994747 0.983790 0.908907 0.896622 0.905340 0.912949 0.867535 0.845930 0.981088 0.712202 0.962495 0.952836 0.980095 0.819697 0.825433 0.872193 0.914110 0.895206
0.854125 0.767561 0.988441 0.995042 0.900796 0.758073 0.972148 0.952028 0.971876 0.845880 0.910998 0.859669 0.661658 0.540521 0.555757 0.000000 0.936725 0.820325 0.953719 0.930295 0.977489 0.915493 0.758511 0.726874 0.811620 0.961884 0.845143 0.864955 0.907788 0.808925 0.729217 0.708814 0.845019 0.887152 0.918490 0.900679 0.836222 0.838937 0.969683 0.897875 0.837814 0.858248 0.920013 0.880752 0.814090 0.750737 0.867667 0.690437 0.893873 0.804874 0.913333 0.952912 0.875344 0.786280 0.949685 0.893258 0.844186 0.808289 0.826131 0.865043 0.859188 0.939794 0.851745 0.912760 0.903875 0.943099 0.941444 0.982312 0.795781 0.893383 0.926326 0.876290 0.963554 0.994157 0.985966 0.930035 0.945168 0.989392 0.828358 0.810973 0.811775 0.668096 0.641914 0.705503 0.685069 0.679278 0.770181 0.746721 0.914010 0.896662 0.928464 0.928791 0.878941 0.912095 0.951223 0.996917 0.773067 0.966524 0.953242 0.940264 0.932715 0.885100 0.862012 0.802671 0.976129 0.971366 0.993207 0.773716 0.997590 0.980950 0.869925 0.880559 0.958828 0.964050 0.905554 0.966942
0.616193 0.626486 0.857426 0.747355 0.704000 0.896512 0.969744 0.913424 0.959246 0.724878 0.688163 0.659604 0.779378 0.764192 0.700031 0.936725 0.000000 0.424827 0.624090 0.702817 0.923525 0.997535 0.932671 0.804978 0.893278 0.805870 0.956120 0.878223 0.473909 0.426711 0.825858 0.962453 0.714570 0.796759 0.953885 0.963945 0.988362 0.834737 0.879610 0.912790 0.956336 0.992882 0.927212 0.678507 0.707505 0.627437 0.817364 0.786331 0.655707 0.660542 0.747373 0.936763 0.788992 0.773229 0.847162 0.975716 0.495503 0.566180 0.877070 0.882274 0.739471 0.865488 0.439430 0.473595 0.840030 0.779781 0.843442 0.838610 0.842576 0.656611 0.961751 0.806058 0.635769 0.653378 0.996316 0.870800 0.975423 0.981470 0.821524 0.821947 0.474349 0.576126 0.703915 0.653855 0.907079 0.981402 0.967837 0.781830 0.958041 0.918117 0.791441 0.745166 0.708354 0.719736 0.863036 0.926546 0.915236 0.947820 0.974325 0.897834 0.909842 0.811490 0.875323 0.964074 0.794357 0.688032 0.982015 0.734070 0.926511 0.854662 0.940951 0.996419 0.892709 0.951433 0.943911 0.881463
0.603548 0.597190 0.875987 0.832665 0.756276 0.886466 0.997437 0.998898 0.938209 0.841977 0.676898 0.580723 0.755224 0.659018 0.647648 0.820325 0.424827 0.000000 0.665696 0.661553 0.992570 0.859624 0.932313 0.840475 0.876284 0.780663 0.928065 0.976656 0.510736 0.413227 0.868738 0.895755 0.704371 0.732432 0.991796 0.982252 0.933273 0.829346 0.979061 0.949476 0.964260 0.937551 0.978636 0.702750 0.827276 0.744291 0.861308 0.875865 0.840703 0.800645 0.909531 0.953749 0.912903 0.870366 0.925252 0.945575 0.469831 0.564623 0.875167 0.954700 0.724452 0.823161 0.443466 0.441777 0.847469 0.863278 0.871323 0.902784 0.874858 0.588045 0.941073 0.916502 0.582245 0.656869 0.955733 0.904290 0.935149 0.995999 0.760967 0.758665 0.475248 0.523589 0.724230 0.654949 0.944542 0.919294 0.888686 0.841053 0.962306 0.949456 0.715265 0.626358 0.651158 0.651291 0.852364 0.952516 0.924645 0.975711 0.917622 0.931331 0.934980 0.775792 0.871659 0.953955 0.877402 0.787350 0.971184 0.750171 0.929224 0.800002 0.914786 0.966756 0.987184 0.979753 0.929649 0.945600
0.591145 0.629329 0.803347 0.960874 0.798285 0.962929 0.661694 0.826660 0.919675 0.684506 0.732780 0.818384 0.740517 0.923710 0.791606 0.953719 0.624090 0.665696 0.000000 0.638189 0.986114 0.960539 0.819719 0.962004 0.948691 0.913865 0.859065 0.998184 0.651165 0.707613 0.745477 0.973629 0.585970 0.654876 0.806152 0.944253 0.816640 0.921306 0.999398 0.992472 0.933601 0.916044 0.786933 0.730801 0.854520 0.719918 0.643833 0.771880 0.790093 0.688725 0.767747 0.755551 0.904993 0.974235 0.816343 0.920391 0.588441 0.638688 0.712113 0.933193 0.657642 0.811965 0.516752 0.673490 0.935400 0.959525 0.810066 0.844351 0.856861 0.844839 0.961673 0.973084 0.870665 0.769198 0.993636 0.980311 0.806693 0.956546 0.909420 0.906916 0.558838 0.620091 0.800304 0.669758 0.734763 0.877329 0.852093 0.821715 0.790509 0.873120 0.871094 0.941296 0.983841 0.943574 0.916319 0.838607 0.815750 0.939051 0.716258 0.849594 0.787511 0.985854 0.791661 0.854325 0.942712 0.965433 0.943262 0.930298 0.797357 0.980321 0.860877 0.948883 0.870718 0.978005 0.875301 0.985265
0.747297 0.746121 0.863938 0.909312 0.832420 0.817912 0.786546 0.704902 0.956276 0.805896 0.700822 0.593119 0.683325 0.719597 0.903482 0.930295 0.702817 0.661553 0.638189 0.000000 0.989655 0.919375 0.934453 0.993137 0.926242 0.802745 0.911204 0.816544 0.754642 0.698844 0.980130 0.988740 0.691493 0.680017 0.853255 0.960640 0.984476 0.831040 0.940514 0.963099 0.997037 0.990947 0.983776 0.827254 0.825432 0.986983 0.980225 0.897343 0.863261 0.927468 0.990560 0.965845 0.794794 0.765881 0.945282 0.989847 0.794808 0.610782 0.721095 0.684914 0.655068 0.598749 0.637252 0.564524 0.968213 0.884606 0.925229 0.861199 0.928539 0.831224 0.993371 0.991213 0.831361 0.881330 0.916336 0.977319 0.770335 0.868648 0.840374 0.748272 0.582775 0.669330 0.939196 0.830315 0.891173 0.959620 0.828252 0.963152 0.997891 0.871104 0.954076 0.807802 0.929508 0.769758 0.860596 0.857857 0.836426 0.915753 0.909284 0.992259 0.889920 0.844296 0.737472 0.965559 0.762502 0.915081 0.927765 0.926453 0.913830 0.814524 0.700377 0.973781 0.896424 0.953187 0.839113 0.969597
0.933887 0.952870 0.830686 0.752728 0.843952 0.779302 0.872724 0.907903 0.960206 0.871171 0.867725 0.908800 0.982341 0.925451 0.983149 0.977489 0.923525 0.992570 0.986114 0.989655 0.000000 0.929362 0.850053 0.823899 0.913622 0.769118 0.981523 0.888591 0.901704 0.904761 0.935989 0.948909 0.896781 0.921485 0.835253 0.966278 0.864852 0.943868 0.831192 0.989003 0.986259 0.893951 0.963821 0.947227 0.876385 0.800703 0.925983 0.950795 0.829873 0.804611 0.934028 0.930393 0.812563 0.864163 0.955652 0.877889 0.965769 0.897451 0.981828 0.928236 0.979980 0.986287 0.997949 0.926186 0.827163 0.772499 0.780247 0.756017 0.867353 0.916023 0.943438 0.928079 0.989144 0.963569 0.990464 0.923201 0.869308 0.831460 0.988050 0.836109 0.979378 0.984223 0.918357 0.920978 0.858682 0.737034 0.882919 0.949671 0.914130 0.951675 0.948775 0.916460 0.961874 0.943541 0.998225 0.878022 0.969480 0.904940 0.980978 0.997551 0.871837 0.917517 0.891987 0.892823 0.773826 0.924883 0.939339 0.966491 0.883836 0.988458 0.935126 0.898946 0.994353 0.929890 0.936638 0.991910
0.945151 0.919966 0.864559 0.851761 0.778914 0.959570 0.946153 0.953764 0.939729 0.975815 0.934304 0.893815 0.890418 0.925091 0.896542 0.915493 0.997535 0.859624 0.960539 0.919375 0.929362 0.000000 0.985496 0.978948 0.843979 0.879798 0.906663 0.821434 0.924150 0.938797 0.999715 0.984907 0.921302 0.933050 0.805583 0.878063 0.905294 0.870536 0.900231 0.985017 0.954196 0.936542 0.728990 0.879778 0.938582 0.958510 0.833929 0.908533 0.921945 0.902351 0.827270 0.870113 0.851820 0.963022 0.902744 0.816245 0.872873 0.921372 0.927279 0.973570 0.958329 0.941642 0.971666 0.919040 0.851244 0.910522 0.838232 0.836189 0.999313 0.917495 0.941480 0.969502 0.849622 0.923155 0.976964 0.912630 0.951141 0.940226 0.950697 0.934908 0.993562 0.985273 0.989812 0.982281 0.982005 0.940455 0.742801 0.868518 0.953490 0.987242 0.887638 0.924611 0.823038 0.790123 0.909165 0.928552 0.903407 0.986747 0.819964 0.954708 0.863979 0.761012 0.923180 0.689792 0.963639 0.875157 0.849851 0.903354 0.983680 0.880625 0.966973 0.918473 0.938742 0.867105 0.962181 0.942740
0.953853 0.879423 0.672086 0.733866 0.830677 0.852629 0.698144 0.818529 0.631203 0.890083 0.932215 0.922201 0.740867 0.985447 0.713578 0.758511 0.932671 0.932313 0.819719 0.934453 0.850053 0.985496 0.000000 0.521459 0.632812 0.723888 0.965535 0.926945 0.886350 0.925011 0.609998 0.804252 0.702881 0.850154 0.780499 0.941631 0.548920 0.821129 0.983371 0.987856 0.987945 0.939684 0.712075 0.841306 0.800615 0.781469 0.702886 0.720797 0.836616 0.680229 0.782049 0.713867 0.852848 0.880963 0.847776 0.805868 0.818936 0.852924 0.925497 0.990915 0.785984 0.947541 0.894867 0.972308 0.650251 0.782508 0.837392 0.795542 0.964486 0.939362 0.971848 0.851171 0.845578 0.856323 0.919737 0.944739 0.943863 0.887209 0.912686 0.995629 0.772320 0.700920 0.699478 0.712047 0.467643 0.601400 0.890923 0.721072 0.815933 0.693599 0.879914 0.869508 0.787090 0.931274 0.982812 0.813125 0.873515 0.880316 0.767045 0.763451 0.703372 0.981250 0.967487 0.912453 0.706439 0.771639 0.956662 0.951290 0.849220 0.965246 0.964362 0.899578 0.971237 0.817362 0.744957 0.960887
0.986468 0.995924 0.725519 0.628093 0.936084 0.826135 0.848768 0.821749 0.971633 0.830818 0.827356 0.880865 0.949407 0.971953 0.939597 0.726874 0.804978 0.840475 0.962004 0.993137 0.823899 0.978948 0.521459 0.000000 0.595786 0.671859 0.717229 0.859212 0.743927 0.792251 0.772296 0.781771 0.908436 0.867502 0.870026 0.832585 0.654525 0.731893 0.832923 0.868144 0.945425 0.847960 0.832619 0.923105 0.976691 0.929130 0.763603 0.772732 0.976375 0.891346 0.832121 0.863302 0.974956 0.979883 0.821188 0.806379 0.966324 0.909814 0.916271 0.969736 0.973732 0.997420 0.928639 0.795836 0.625730 0.625111 0.685852 0.643832 0.809322 0.846358 0.862132 0.721726 0.729336 0.775726 0.987463 0.838518 0.929302 0.901328 0.950008 0.910071 0.898298 0.830769 0.854719 0.909310 0.569166 0.514212 0.978747 0.785439 0.990560 0.789172 0.786360 0.794994 0.750644 0.754274 0.907135 0.931827 0.932893 0.902045 0.892487 0.922493 0.668141 0.941599 0.975796 0.914989 0.688670 0.716171 0.997650 0.889985 0.876396 0.957179 0.912299 0.956398 0.939142 0.960045 0.827390 0.713827
0.879011 0.799615 0.556594 0.549682 0.920232 0.829178 0.659174 0.671310 0.927779 0.862870 0.873116 0.890988 0.863113 0.908753 0.925937 0.811620 0.893278 0.876284 0.948691 0.926242 0.913622 0.843979 0.632812 0.595786 0.000000 0.592488 0.783782 0.814464 0.806458 0.832955 0.700522 0.851106 0.740426 0.770401 0.655267 0.863744 0.694961 0.814161 0.777139 0.803067 0.900598 0.913974 0.534154 0.680315 0.847846 0.829312 0.628757 0.562875 0.937404 0.815263 0.671389 0.680572 0.769163 0.834834 0.869810 0.746531 0.978893 0.976623 0.844487 0.912897 0.797368 0.854087 0.920209 0.778066 0.452977 0.549562 0.586008 0.574415 0.663143 0.865167 0.765420 0.703102 0.834414 0.797962 0.898689 0.922001 0.794597 0.803252 0.888327 0.987088 0.797344 0.816323 0.924640 0.879492 0.554556 0.485585 0.919583 0.981532 0.852822 0.660929 0.692051 0.747612 0.669791 0.625136 0.916043 0.809477 0.961427 0.998478 0.780652 0.777854 0.686750 0.867077 0.961205 0.873990 0.721540 0.786872 0.890943 0.906020 0.922899 0.965899 0.971386 0.933956 0.855842 0.959221 0.765344 0.810089
0.934497 0.948205 0.650863 0.574913 0.920430 0.776994 0.704012 0.790115 0.894724 0.800965 0.977241 0.773816 0.995746 0.856644 0.899141 0.961884 0.805870 0.780663 0.913865 0.802745 0.769118 0.879798 0.723888 0.671859 0.592488 0.000000 0.858819 0.739950 0.729088 0.723672 0.755813 0.985538 0.797172 0.844153 0.807517 0.837257 0.694822 0.903217 0.663869 0.844580 0.878391 0.815827 0.756926 0.891429 0.931530 0.995213 0.741795 0.798578 0.905366 0.988582 0.754712 0.817858 0.821186 0.862354 0.833212 0.780802 0.982865 0.859115 0.983946 0.905710 0.950847 0.919917 0.875788 0.663094 0.563137 0.673176 0.584394 0.638417 0.729768 0.665167 0.698295 0.685686 0.797404 0.839874 0.835765 0.876094 0.883799 0.783467 0.924558 0.905297 0.971855 0.985002 0.970437 0.980428 0.691741 0.551768 0.829249 0.996988 0.946218 0.752608 0.669107 0.609732 0.648989 0.606561 0.993614 0.978341 0.941142 0.877784 0.721445 0.767584 0.782155 0.852668 0.779677 0.973769 0.828793 0.806357 0.978223 0.820526 0.903041 0.950577 0.876870 0.965319 0.950795 0.889774 0.788066 0.848532
0.958835 0.982336 0.951342 0.910693 0.978926 0.799449 0.913552 0.962566 0.905509 0.764570 0.843014 0.908354 0.850561 0.922516 0.903941 0.845143 0.956120 0.928065 0.859065 0.911204 0.981523 0.906663 0.965535 0.717229 0.783782 0.858819 0.000000 0.935611 0.799873 0.898013 0.962742 0.898983 0.884311 0.898812 0.925026 0.832597 0.958005 0.913859 0.736677 0.897695 0.796789 0.949405 0.957458 0.991659 0.987149 0.988734 0.923354 0.945432 0.994266 0.993242 0.963749 0.867701 0.985519 0.993323 0.927985 0.878192 0.947506 0.857233 0.831050 0.860551 0.831964 0.976337 0.836363 0.802342 0.920438 0.843867 0.995797 0.931256 0.921459 0.995552 0.861949 0.842956 0.871231 0.911325 0.988714 0.766553 0.950908 0.961271 0.971506 0.818259 0.977075 0.933137 0.990999 0.970646 0.919435 0.744774 0.958604 0.939720 0.784535 0.904121 0.914339 0.914948 0.942329 0.843478 0.867978 0.828390 0.984817 0.879587 0.977160 0.937917 0.896390 0.869532 0.984181 0.998954 0.930998 0.933642 0.980052 0.980066 0.887348 0.976563 0.902081 0.849198 0.981125 0.999652 0.888371 0.823616
0.969964 0.841522 0.916947 0.783223 0.957471 0.814462 0.977250 0.934134 0.944456 0.786247 0.807987 0.946017 0.944194 0.991819 0.987224 0.864955 0.878223 0.976656 0.998184 0.816544 0.888591 0.821434 0.926945 0.859212 0.814464 0.739950 0.935611 0.000000 0.967340 0.879698 0.940249 0.909996 0.958104 0.979876 0.814689 0.951749 0.901024 0.897926 0.911092 0.895752 0.885799 0.952896 0.780645 0.913304 0.851727 0.939108 0.807343 0.856538 0.963640 0.966434 0.884657 0.873179 0.852731 0.886254 0.949240 0.819403 0.969084 0.996115 0.896280 0.911433 0.925767 0.975214 0.970229 0.890406 0.767458 0.828224 0.751396 0.812848 0.829202 0.997025 0.721485 0.709951 0.995882 0.975580 0.933316 0.983339 0.932606 0.906398 0.962915 0.957034 0.974119 0.985695 0.928293 0.993090 0.911886 0.680833 0.990194 0.914239 0.961552 0.856715 0.888103 0.897501 0.856076 0.871271 0.930781 0.957389 0.921440 0.887124 0.841457 0.955091 0.836701 0.807713 0.944028 0.941378 0.958804 0.880175 0.990416 0.920122 0.927656 0.991634 0.942812 0.942806 0.947206 0.949410 0.915212 0.970058
0.714983 0.692778 0.815738 0.670792 0.911010 0.897629 0.930337 0.880892 0.993512 0.623293 0.732008 0.693168 0.808149 0.743185 0.671512 0.907788 0.473909 0.510736 0.651165 0.754642 0.901704 0.924150 0.886350 0.743927 0.806458 0.729088 0.799873 0.967340 0.000000 0.409588 0.767504 0.885343 0.742505 0.758854 0.958483 0.778386 0.987289 0.962207 0.760239 0.879300 0.925344 0.958711 0.877122 0.671655 0.670613 0.591529 0.788201 0.829995 0.656672 0.682384 0.780589 0.949551 0.748911 0.715685 0.963750 0.975303 0.618086 0.691215 0.942959 0.849556 0.814528 0.890012 0.521415 0.503211 0.724580 0.673873 0.858401 0.835080 0.871516 0.619795 0.870036 0.796398 0.563389 0.567959 0.908407 0.834193 0.989031 0.962598 0.915029 0.893210 0.612018 0.727161 0.795796 0.710678 0.913503 0.865074 0.969476 0.831893 0.913737 0.790484 0.703849 0.689754 0.655674 0.637627 0.950839 0.908071 0.996810 0.983556 0.997002 0.897750 0.903580 0.881010 0.767265 0.928966 0.763636 0.709471 0.896273 0.706743 0.953501 0.864953 0.897400 0.866612 0.855406 0.913124 0.998767 0.838288
0.746975 0.741283 0.741552 0.642807 0.760765 0.903496 0.901801 0.810151 0.950158 0.739586 0.728162 0.635129 0.797279 0.609356 0.605028 0.808925 0.426711 0.413227 0.707613 0.698844 0.904761 0.938797 0.925011 0.792251 0.832955 0.723672 0.898013 0.879698 0.409588 0.000000 0.750974 0.811076 0.734717 0.828048 0.976100 0.900646 0.975525 0.928262 0.854396 0.935873 0.941385 0.921372 0.908351 0.680157 0.691245 0.614779 0.873173 0.829651 0.662858 0.696490 0.840776 0.922284 0.826065 0.723915 0.939401 0.941652 0.587241 0.659887 0.969599 0.791871 0.818969 0.943520 0.475531 0.485870 0.700489 0.662769 0.767927 0.748251 0.859660 0.619888 0.900554 0.891956 0.566713 0.592476 0.968205 0.812159 0.908707 0.984589 0.759418 0.717549 0.535100 0.549030 0.624836 0.588834 0.997621 0.981992 0.862134 0.737452 0.919504 0.797140 0.634994 0.619632 0.564724 0.595871 0.870406 0.982745 0.977277 0.987953 0.915022 0.810407 0.818397 0.825797 0.819285 0.978100 0.728963 0.709117 0.893531 0.644197 0.948848 0.926527 0.917685 0.971163 0.952684 0.864161 0.960053 0.848180
0.899524 0.827031 0.884238 0.963957 0.780099 0.844258 0.887616 0.973391 0.850979 0.783047 0.846522 0.970205 0.824788 0.822132 0.697268 0.729217 0.825858 0.868738 0.745477 0.980130 0.935989 0.999715 0.609998 0.772296 0.700522 0.755813 0.962742 0.940249 0.767504 0.750974 0.000000 0.631566 0.606570 0.763617 0.757386 0.938100 0.659052 0.868015 0.980234 0.912009 0.978213 0.973355 0.669678 0.672223 0.556952 0.595946 0.605512 0.580345 0.612238 0.704683 0.662947 0.816173 0.694575 0.628925 0.787755 0.824320 0.750751 0.852224 0.885838 0.811202 0.840047 0.996494 0.742763 0.912302 0.925615 0.987842 0.869498 0.890242 0.826150 0.879953 0.877812 0.884489 0.875772 0.859381 0.972426 0.934245 0.994738 0.872560 0.916895 0.893610 0.704792 0.684810 0.636964 0.620430 0.701329 0.679245 0.955467 0.655737 0.962540 0.936350 0.964729 0.959230 0.999971 0.935185 0.988236 0.888947 0.964882 0.946112 0.778128 0.989050 0.897125 0.948724 0.992186 0.918172 0.972879 0.910875 0.855926 0.896502 0.982465 0.919330 0.991893 0.804150 0.915310 0.898476 0.952720 0.915717
0.974491 0.989594 0.973475 0.991065 0.972265 0.965190 0.925019 0.946593 0.934003 0.973027 0.959740 0.974909 0.911790 0.739254 0.675542 0.708814 0.962453 0.895755 0.973629 0.988740 0.948909 0.984907 0.804252 0.781771 0.851106 0.985538 0.898983 0.909996 0.885343 0.811076 0.631566 0.000000 0.790968 0.864823 0.873618 0.923155 0.915280 0.802440 0.995918 0.739678 0.927953 0.882631 0.779564 0.779180 0.730117 0.770115 0.717534 0.740333 0.870436 0.897206 0.941065 0.950334 0.918496 0.880211 0.829027 0.797081 0.914093 0.959044 0.781070 0.868999 0.950349 0.951542 0.922380 0.939873 0.993102 0.983312 0.902220 0.880809 0.916036 0.943084 0.987205 0.787657 0.978181 0.858353 0.886840 0.920721 0.937626 0.933520 0.869165 0.774834 0.869675 0.763044 0.736600 0.709318 0.870145 0.774960 0.814821 0.750192 0.920304 0.956191 0.902713 0.895562 0.864618 0.989001 0.905482 0.932135 0.978892 0.815613 0.885559 0.938302 0.892009 0.892349 0.983798 0.936777 0.938738 0.983647 0.929435 0.962730 0.937886 0.993742 0.963927 0.782960 0.955254 0.941166 0.928507 0.902852
0.708503 0.573803 0.667875 0.783109 0.839518 0.961420 0.629950 0.733599 0.767312 0.739409 0.837771 0.839207 0.713977 0.776930 0.695500 0.845019 0.714570 0.704371 0.585970 0.691493 0.896781 0.921302 0.702881 0.908436 0.740426 0.797172 0.884311 0.958104 0.742505 0.734717 0.606570 0.790968 0.000000 0.609779 0.676159 0.958691 0.805051 0.965422 0.941323 0.924428 0.978451 0.881191 0.611918 0.517694 0.721503 0.665703 0.613614 0.577836 0.759804 0.687630 0.705968 0.669042 0.738821 0.852913 0.849784 0.958329 0.606118 0.598609 0.692953 0.894862 0.588126 0.783064 0.606668 0.713567 0.772953 0.878669 0.736996 0.756283 0.996711 0.967594 0.910448 0.925976 0.950086 0.945109 0.875846 0.999836 0.809631 0.858364 0.921587 0.881086 0.539538 0.616874 0.721266 0.624358 0.672686 0.747335 0.939036 0.871402 0.843031 0.789989 0.952246 0.978574 0.930109 0.988252 0.829348 0.801095 0.915274 0.990151 0.671122 0.802351 0.776103 0.963491 0.906786 0.883860 0.802715 0.960675 0.824390 0.914834 0.908742 0.879363 0.875838 0.940744 0.907067 0.973883 0.700574 0.951268
0.643991 0.630170 0.696184 0.694248 0.933118 0.904857 0.666223 0.560704 0.999603 0.805270 0.656459 0.701290 0.776003 0.733888 0.915393 0.887152 0.796759 0.732432 0.654876 0.680017 0.921485 0.933050 0.850154 0.867502 0.770401 0.844153 0.898812 0.979876 0.758854 0.828048 0.763617 0.864823 0.609779 0.000000 0.688841 0.943209 0.835513 0.969425 0.924244 0.735988 0.977688 0.915821 0.700663 0.612927 0.935591 0.811804 0.676174 0.666048 0.981153 0.855571 0.763343 0.729269 0.938080 0.955301 0.973008 0.835903 0.776749 0.740874 0.698440 0.725639 0.678433 0.628505 0.710428 0.690211 0.785891 0.721217 0.620320 0.597005 0.898208 0.869469 0.922731 0.869799 0.851158 0.798394 0.933987 0.995507 0.788042 0.749180 0.905627 0.891567 0.627246 0.724231 0.963744 0.813713 0.769030 0.802641 0.832425 0.940485 0.915418 0.778061 0.947407 0.956271 0.922805 0.965689 0.903193 0.696959 0.826071 0.906956 0.653008 0.758415 0.725081 0.979371 0.771027 0.894189 0.750437 0.932028 0.953360 0.984605 0.821278 0.837181 0.875575 0.866591 0.917129 0.907157 0.705996 0.905666
0.830868 0.782677 0.677173 0.662379 0.987738 0.864769 0.715621 0.678642 0.938941 0.932125 0.916413 0.828923 0.797868 0.812398 0.933553 0.918490 0.953885 0.991796 0.806152 0.853255 0.835253 0.805583 0.780499 0.870026 0.655267 0.807517 0.925026 0.814689 0.958483 0.976100 0.757386 0.873618 0.676159 0.688841 0.000000 0.866525 0.669915 0.904176 0.901432 0.849217 0.984157 0.872797 0.645513 0.718885 0.866632 0.819140 0.687980 0.689189 0.937016 0.802905 0.717924 0.605427 0.850932 0.929484 0.806275 0.722463 0.934659 0.830875 0.785592 0.789898 0.742121 0.703842 0.905236 0.928162 0.692598 0.722965 0.695784 0.644031 0.840139 0.941983 0.791609 0.774682 0.904937 0.957908 0.978970 0.986334 0.755229 0.671071 0.800092 0.946180 0.802055 0.870576 0.908249 0.843204 0.735975 0.777362 0.864423 0.982832 0.879358 0.751880 0.815438 0.902387 0.743869 0.849212 0.840208 0.748875 0.919300 0.963168 0.679855 0.874108 0.870666 0.732109 0.886789 0.860592 0.778493 0.831773 0.865570 0.966299 0.874388 0.931383 0.977045 0.800627 0.883261 0.976198 0.857931 0.958814
0.950436 0.891240 0.871460 0.815550 0.871012 0.890810 0.985745 0.898119 0.961439 0.884286 0.879050 0.996546 0.967904 0.971961 0.874926 0.900679 0.963945 0.982252 0.944253 0.960640 0.966278 0.878063 0.941631 0.832585 0.863744 0.837257 0.832597 0.951749 0.778386 0.900646 0.938100 0.923155 0.958691 0.943209 0.866525 0.000000 0.759718 0.993225 0.896349 0.821113 0.958195 0.864285 0.998261 0.953696 0.961487 0.993205 0.948589 0.971301 0.998167 0.989764 0.922759 0.949374 0.930841 0.892756 0.785600 0.855540 0.982925 0.915379 0.919436 0.996291 0.998372 0.932444 0.892329 0.843694 0.849579 0.887991 0.951457 0.880992 0.878316 0.915387 0.754511 0.876793 0.958488 0.909692 0.848751 0.979524 0.962605 0.833079 0.965958 0.960563 0.975275 0.970230 0.966830 0.979942 0.925560 0.846350 0.964858 0.958832 0.902047 0.766295 0.894167 0.969101 0.832108 0.877730 0.846708 0.909182 0.891287 0.923306 0.936600 0.977051 0.930784 0.843376 0.946810 0.945636 0.911095 0.995378 0.933504 0.974392 0.968577 0.971255 0.921659 0.919194 0.972825 0.971743 0.936240 0.841442
0.951297 0.874938 0.777609 0.766909 0.823091 0.717394 0.834952 0.869656 0.813121 0.947331 0.948296 0.984396 0.846642 0.979011 0.892814 0.836222 0.988362 0.933273 0.816640 0.984476 0.864852 0.905294 0.548920 0.654525 0.694961 0.694822 0.958005 0.901024 0.987289 0.975525 0.659052 0.915280 0.805051 0.835513 0.669915 0.759718 0.000000 0.697628 0.931113 0.999831 0.992849 0.806321 0.695326 0.804271 0.753774 0.751059 0.723884 0.694021 0.758663 0.677048 0.667673 0.656257 0.735431 0.706387 0.765464 0.731816 0.902384 0.899778 0.974014 0.915376 0.867937 0.985333 0.948078 0.942805 0.725661 0.883705 0.807740 0.751460 0.819781 0.897341 0.744527 0.778454 0.852380 0.982180 0.902657 0.938645 0.959981 0.743813 0.927610 0.985467 0.897070 0.849127 0.834719 0.790427 0.716437 0.720499 0.992333 0.857332 0.953266 0.850276 0.810790 0.838688 0.691002 0.873981 0.965729 0.960325 0.900948 0.904857 0.695475 0.790399 0.821852 0.847215 0.918901 0.997854 0.825469 0.822463 0.794122 0.981710 0.904414 0.975621 0.964193 0.842171 0.957730 0.833927 0.703804 0.959887
0.752161 0.982950 0.973664 0.868508 0.894038 0.997445 0.905250 0.987714 0.988763 0.955001 0.796660 0.916420 0.863847 0.938878 0.976845 0.838937 0.834737 0.829346 0.921306 0.831040 0.943868 0.870536 0.821129 0.731893 0.814161 0.903217 0.913859 0.897926 0.962207 0.928262 0.868015 0.802440 0.965422 0.969425 0.904176 0.993225 0.697628 0.000000 0.962283 0.989830 0.997547 0.832041 0.702687 0.763348 0.728243 0.701375 0.743032 0.767194 0.833849 0.817156 0.767070 0.795107 0.801608 0.793137 0.963495 0.865780 0.816952 0.805429 0.826342 0.815541 0.819903 0.917275 0.852001 0.828263 0.877173 0.923157 0.814793 0.799093 0.798497 0.996886 0.896777 0.728088 0.874531 0.900008 0.941929 0.936399 0.930701 0.991865 0.883800 0.986105 0.912558 0.944837 0.923248 0.887843 0.995228 0.864143 0.987433 0.918944 0.870439 0.951159 0.940652 0.890391 0.840239 0.853855 0.814909 0.914929 0.948481 0.840318 0.863296 0.954150 0.850140 0.895483 0.910100 0.881401 0.926049 0.824244 0.860813 0.984127 0.895401 0.922640 0.980882 0.884276 0.983246 0.824417 0.859367 0.896433
