0.000000 0.327607 0.968012 0.764739 0.956599 0.829117 0.938836 0.584917 0.983630 0.874251 0.746824 0.293376 0.575233 0.530039 0.804664 0.707136 0.526968 0.414397 0.548004 0.473627 0.995083 0.986291 0.760180 0.713578 0.878740 0.996398 0.982289 0.923107 0.590926 0.496324 0.800795 0.684265 0.728807 0.674056 0.967607 0.892798 0.965525 0.743377 0.930539 0.898399 0.853042 0.865811 0.716983 0.647961 0.775770 0.603810 0.657817 0.684610 0.613177 0.461368 0.474498 0.507422 0.704627 0.761401 0.710863 0.755724 0.379457 0.343845 0.526624 0.364601 0.737598 0.554954 0.509567 0.311726 0.878111 0.824683 0.889041 0.799695 0.481723 0.561427 0.711786 0.723617 0.802570 0.814902 0.848429 0.981940 0.909959 0.844839 0.741202 0.641259 0.367581 0.393171 0.717479 0.739099 0.520581 0.528178 0.942647 0.895960 0.644460 0.447663 0.840312 0.868890 0.886456 0.963812 0.849910 0.885468 0.843888 0.851988 0.639630 0.723102 0.954108 0.896147 0.676789 0.845826 0.766276 0.907113 0.831458 0.902920 0.987206 0.805855 0.924885 0.793071 0.752201 0.860555 0.905063 0.985752
0.327607 0.000000 0.782293 0.633554 0.899058 0.948265 0.956573 0.571144 0.933945 0.968045 0.917245 0.368726 0.652876 0.622933 0.842204 0.717483 0.441539 0.352836 0.576364 0.502812 0.845244 0.947656 0.733860 0.665167 0.662134 0.832265 0.864325 0.967104 0.612980 0.448554 0.642177 0.629437 0.686743 0.609712 0.852637 0.815742 0.723708 0.640088 0.870629 0.904126 0.854427 0.825814 0.544096 0.500070 0.780929 0.588814 0.533106 0.585869 0.736408 0.457470 0.448171 0.426195 0.619233 0.657334 0.651897 0.697856 0.270339 0.266169 0.554704 0.378336 0.866371 0.579456 0.715454 0.418753 0.719472 0.662598 0.762074 0.656665 0.457387 0.462063 0.680097 0.676848 0.743329 0.788047 0.894545 0.884514 0.785507 0.807633 0.624887 0.508099 0.366191 0.460888 0.600088 0.661405 0.621459 0.499844 0.934066 0.906238 0.777364 0.457419 0.979531 0.972268 0.998873 0.986218 0.858662 0.858987 0.804917 0.798594 0.832384 0.713576 0.953743 0.995164 0.818547 0.887932 0.715962 0.839263 0.739872 0.752286 0.963610 0.722769 0.988395 0.849847 0.746050 0.823749 0.907567 0.969222
0.968012 0.782293 0.000000 0.370204 0.933907 0.884620 0.472651 0.473774 0.639567 0.969414 0.735191 0.927671 0.862192 0.801932 0.631001 0.611874 0.750230 0.742070 0.691819 0.817021 0.653597 0.882090 0.536261 0.549818 0.334654 0.332115 0.784757 0.964220 0.844205 0.711037 0.396378 0.534054 0.577573 0.665574 0.531252 0.730715 0.741931 0.796745 0.681721 0.928544 0.880344 0.833359 0.500759 0.537922 0.916452 0.912662 0.617550 0.668741 0.633102 0.978361 0.815704 0.815073 0.696406 0.586213 0.842190 0.939193 0.755571 0.764982 0.860067 0.804096 0.637816 0.704225 0.999967 0.928401 0.352035 0.363017 0.382374 0.414313 0.924414 0.822261 0.607291 0.652942 0.584317 0.537788 0.806732 0.845849 0.516128 0.677566 0.713014 0.845741 0.942977 0.933605 0.719661 0.925605 0.783523 0.604290 0.999717 0.947609 0.830407 0.915118 0.783038 0.950778 0.739620 0.787377 0.895005 0.769919 0.792601 0.909922 0.893494 0.703287 0.847962 0.845026 0.983886 0.961416 0.561062 0.629389 0.661351 0.679497 0.979272 0.744975 0.879946 0.999453 0.811733 0.871029 0.675053 0.801589
0.764739 0.633554 0.370204 0.000000 0.845136 0.785881 0.610014 0.358991 0.593848 0.910145 0.730483 0.699821 0.675164 0.566026 0.487777 0.380511 0.730014 0.673622 0.551454 0.729402 0.642247 0.969207 0.335414 0.382655 0.338800 0.424190 0.651731 0.909645 0.906662 0.641003 0.354462 0.445447 0.461523 0.716992 0.570842 0.686333 0.709218 0.695729 0.881588 0.877225 0.981079 0.899321 0.397348 0.447666 0.956245 0.985888 0.693702 0.605581 0.736647 0.793856 0.578916 0.523069 0.468539 0.361882 0.829028 0.984262 0.660260 0.587335 0.888212 0.592523 0.669898 0.508059 0.956907 0.763977 0.302722 0.289127 0.420735 0.432599 0.809151 0.743043 0.391189 0.470074 0.496337 0.503411 0.802336 0.834121 0.579708 0.543676 0.700639 0.687267 0.886635 0.901770 0.604390 0.985400 0.606592 0.417957 0.952376 0.962102 0.992081 0.672521 0.631145 0.759240 0.619727 0.628351 0.800418 0.699790 0.822784 0.866936 0.768750 0.600672 0.879793 0.778309 0.971747 0.962504 0.512354 0.566164 0.708704 0.648213 0.943356 0.814467 0.843212 0.890306 0.802152 0.997262 0.569174 0.783727
0.956599 0.899058 0.933907 0.845136 0.000000 0.655437 0.723843 0.733014 0.492346 0.608707 0.914157 0.960575 0.683148 0.795414 0.678800 0.748551 0.911756 0.851746 0.680246 0.837403 0.956110 0.928887 0.705949 0.818024 0.965166 0.958817 0.814603 0.869802 0.914874 0.926679 0.855580 0.862860 0.832146 0.963915 0.870486 0.964326 0.922892 0.954220 0.838982 0.787201 0.828619 0.898578 0.944189 0.900539 0.949883 0.900491 0.813407 0.905927 0.874829 0.878806 0.902407 0.943290 0.817296 0.805271 0.992115 0.888364 0.884732 0.984599 0.981441 0.935996 0.638258 0.598175 0.908086 0.884056 0.943061 0.880029 0.852880 0.986577 0.996982 0.997823 0.689669 0.944856 0.966897 0.885922 0.985424 0.920474 0.840180 0.847653 0.782815 0.977748 0.882791 0.962201 0.850810 0.831970 0.765418 0.915825 0.988400 0.882849 0.867430 0.957610 0.578665 0.587516 0.610903 0.692968 0.945853 0.870648 0.900197 0.793023 0.766035 0.831502 0.742840 0.692296 0.946635 0.934803 0.879611 0.903307 0.848443 0.925842 0.924489 0.968076 0.921155 0.895757 0.895269 0.993545 0.846369 0.862700
0.829117 0.948265 0.884620 0.785881 0.655437 0.000000 0.660077 0.686642 0.639325 0.688921 0.974602 0.872538 0.925574 0.899535 0.815099 0.732223 0.792332 0.887642 0.678289 0.831989 0.882051 0.993984 0.678242 0.693374 0.884256 0.912718 0.904867 0.818951 0.829472 0.903579 0.800196 0.978321 0.824884 0.816001 0.788576 0.911168 0.949307 0.893542 0.965041 0.870764 0.988064 0.985550 0.947531 0.908352 0.642163 0.821976 0.947406 0.861826 0.856116 0.754548 0.719023 0.756526 0.704949 0.670726 0.827024 0.735298 0.933914 0.852727 0.792219 0.763634 0.646283 0.797105 0.769969 0.736302 0.914063 0.905908 0.686472 0.786563 0.966175 0.904712 0.808504 0.835904 0.883856 0.940237 0.988696 0.817215 0.751320 0.816750 0.949992 0.798876 0.858290 0.814095 0.934972 0.948053 0.678833 0.752647 0.966317 0.988876 0.891992 0.860786 0.516501 0.631716 0.553192 0.802765 0.914893 0.942748 0.822713 0.937613 0.616622 0.726535 0.827147 0.784516 0.739588 0.918819 0.846187 0.937937 0.902817 0.948960 0.990097 0.955673 0.937066 0.703859 0.785733 0.959153 0.708634 0.901770
0.938836 0.956573 0.472651 0.610014 0.723843 0.660077 0.000000 0.426852 0.492623 0.513049 0.953278 0.970883 0.831685 0.914718 0.750929 0.831811 0.786564 0.888102 0.552188 0.852219 0.930400 0.877644 0.730796 0.867554 0.728307 0.679930 0.966632 0.905116 0.625402 0.817158 0.587334 0.676484 0.753699 0.646968 0.690452 0.871666 0.995101 0.996444 0.881102 0.878884 0.807483 0.795792 0.718412 0.726105 0.937174 0.968517 0.750017 0.794588 0.857906 0.974784 0.815304 0.949305 0.819374 0.791444 0.875108 0.933735 0.900311 0.919708 0.681123 0.752598 0.331981 0.659053 0.650869 0.799022 0.682173 0.650723 0.596226 0.658970 0.991683 0.960823 0.732310 0.872003 0.741385 0.761168 0.936016 0.972490 0.619195 0.823100 0.834394 0.983232 0.952661 0.850111 0.904133 0.775246 0.769592 0.831049 0.914556 0.868005 0.851175 0.983132 0.523330 0.706629 0.565334 0.753727 0.902317 0.792002 0.763246 0.762052 0.659312 0.652819 0.641809 0.749848 0.857861 0.917997 0.655017 0.829120 0.776620 0.841624 0.995210 0.810697 0.853826 0.922412 0.729782 0.930841 0.733409 0.896986
0.584917 0.571144 0.473774 0.358991 0.733014 0.686642 0.426852 0.000000 0.501538 0.594024 0.988137 0.555672 0.525874 0.509494 0.508485 0.520770 0.646956 0.620738 0.370653 0.548426 0.783094 0.944344 0.458578 0.554287 0.559100 0.628079 0.866161 0.893620 0.619223 0.579529 0.418544 0.494815 0.518781 0.624845 0.681063 0.767367 0.854101 0.770494 0.990308 0.883184 0.952163 0.799682 0.523455 0.541558 0.919841 0.904095 0.684174 0.668723 0.947055 0.778758 0.530336 0.593700 0.553086 0.527121 0.808530 0.923697 0.594578 0.523058 0.664778 0.457581 0.410861 0.331687 0.705688 0.525597 0.523682 0.459997 0.574756 0.571652 0.721859 0.703724 0.441634 0.540860 0.552028 0.560621 0.910025 0.926196 0.599338 0.710909 0.757410 0.719554 0.726427 0.677775 0.728361 0.968645 0.513194 0.490097 0.926286 0.998706 0.890780 0.640209 0.492682 0.598490 0.545445 0.618095 0.832195 0.718024 0.691636 0.814929 0.572622 0.505841 0.677302 0.710488 0.865217 0.882677 0.574557 0.667341 0.720576 0.656432 0.965911 0.782547 0.825806 0.826088 0.726103 0.959018 0.661150 0.861288
0.983630 0.933945 0.639567 0.593848 0.492346 0.639325 0.492623 0.501538 0.000000 0.503170 0.860046 0.954855 0.637656 0.703133 0.592995 0.619240 0.973340 0.920702 0.598656 0.862407 0.848814 0.950769 0.570294 0.698003 0.782417 0.751455 0.810728 0.999597 0.889769 0.897453 0.601049 0.794388 0.770629 0.918165 0.794980 0.903155 0.952886 0.960829 0.898077 0.746905 0.824972 0.948395 0.864920 0.943457 0.987105 0.844070 0.924376 0.985437 0.775093 0.833481 0.886644 0.944679 0.753765 0.722269 0.911885 0.895299 0.948741 0.955548 0.982936 0.921988 0.517917 0.528025 0.929660 0.895711 0.757975 0.697210 0.728306 0.843788 0.981008 0.971741 0.555935 0.711337 0.673751 0.607329 0.849020 0.941780 0.684857 0.721227 0.838206 0.917974 0.829972 0.881511 0.920130 0.712660 0.784589 0.853908 0.900702 0.986806 0.980740 0.970457 0.430691 0.531033 0.501386 0.529359 0.965526 0.755481 0.804895 0.839738 0.623282 0.667787 0.691834 0.713317 0.940664 0.864254 0.733652 0.723144 0.916193 0.691744 0.904021 0.889714 0.885691 0.843540 0.849345 0.985974 0.657137 0.915191
0.874251 0.968045 0.969414 0.910145 0.608707 0.688921 0.513049 0.594024 0.503170 0.000000 0.873833 0.864208 0.667414 0.824304 0.807893 0.964539 0.968753 0.995636 0.624562 0.846088 0.851490 0.961025 0.904948 0.915237 0.803562 0.853689 0.856380 0.972463 0.637202 0.865227 0.822821 0.891778 0.900869 0.825909 0.970387 0.985498 0.752246 0.934298 0.749428 0.862714 0.897963 0.977887 0.951350 0.933632 0.855020 0.919765 0.941112 0.916954 0.866550 0.977732 0.890966 0.986849 0.944234 0.982287 0.945982 0.947774 0.952216 0.989752 0.822563 0.821900 0.456053 0.639631 0.638641 0.738539 0.874723 0.932772 0.979167 0.884009 0.985162 0.949637 0.794749 0.837766 0.959974 0.914097 0.881159 0.764814 0.871977 0.955273 0.875377 0.846904 0.978883 0.966178 0.850959 0.687422 0.876743 0.930136 0.775816 0.786292 0.979108 0.955876 0.465482 0.518744 0.544837 0.676183 0.910954 0.858868 0.830358 0.826646 0.560186 0.669193 0.590871 0.712407 0.794536 0.872619 0.994835 0.973644 0.966484 0.880235 0.923334 0.944752 0.921449 0.826204 0.894291 0.976266 0.821970 0.928682
0.746824 0.917245 0.735191 0.730483 0.914157 0.974602 0.953278 0.988137 0.860046 0.873833 0.000000 0.749268 0.787830 0.893459 0.881488 0.745036 0.873213 0.850901 0.889466 0.805571 0.833852 0.979686 0.670491 0.702499 0.695754 0.652164 0.580574 0.879925 0.739061 0.884623 0.707063 0.841967 0.762987 0.830145 0.695284 0.695910 0.931303 0.872305 0.995104 0.786407 0.830747 0.997377 0.770146 0.898853 0.874513 0.987298 0.909511 0.851891 0.873547 0.929089 0.885405 0.818735 0.694258 0.723149 0.902445 0.919096 0.983426 0.978218 0.825664 0.913615 0.852633 0.991792 0.584378 0.805853 0.678011 0.736210 0.656320 0.750951 0.798824 0.933472 0.860366 0.851275 0.852044 0.812780 0.859328 0.976606 0.759396 0.833356 0.974290 0.993688 0.842552 0.725643 0.830250 0.928034 0.927625 0.803013 0.859100 0.961368 0.899200 0.996680 0.990695 0.990250 0.903662 0.890121 0.887484 0.874261 0.881524 0.996597 0.957766 0.876520 0.803647 0.984533 0.886835 0.930538 0.812583 0.727598 0.828990 0.782259 0.896185 0.954696 0.943945 0.958454 0.975700 0.860031 0.892376 0.782445
0.293376 0.368726 0.927671 0.699821 0.960575 0.872538 0.970883 0.555672 0.954855 0.864208 0.749268 0.000000 0.538295 0.447081 0.700415 0.636661 0.574260 0.407822 0.505491 0.391259 0.862274 0.970034 0.709691 0.659247 0.833642 0.951546 0.971155 0.930861 0.627899 0.460544 0.765956 0.685221 0.662503 0.719192 0.891231 0.924233 0.891647 0.725416 0.974590 0.958550 0.856523 0.851347 0.749941 0.701398 0.877115 0.727320 0.776154 0.762076 0.749815 0.594210 0.547162 0.561342 0.721133 0.742796 0.740533 0.864460 0.432752 0.367132 0.635336 0.440184 0.778890 0.483432 0.630801 0.356879 0.831087 0.771556 0.879151 0.817555 0.428869 0.547236 0.685986 0.641968 0.776497 0.724917 0.929368 0.942421 0.876826 0.870882 0.730260 0.610647 0.450701 0.462491 0.708212 0.725882 0.534042 0.516431 0.976695 0.862152 0.639062 0.510934 0.837959 0.846624 0.878025 0.860094 0.904136 0.898772 0.839488 0.935397 0.694743 0.748678 0.990885 0.856605 0.769616 0.824907 0.758529 0.893081 0.821513 0.863726 0.961289 0.828928 0.935644 0.754454 0.825383 0.973482 0.903904 0.988524
0.575233 0.652876 0.862192 0.675164 0.683148 0.925574 0.831685 0.525874 0.637656 0.667414 0.787830 0.538295 0.000000 0.377201 0.471616 0.627190 0.874975 0.817327 0.532019 0.547165 0.901861 0.903519 0.646867 0.720774 0.910422 0.952646 0.928267 0.964301 0.685053 0.592578 0.699873 0.650774 0.735660 0.841324 0.949741 0.965585 0.871306 0.893505 0.883151 0.967147 0.947126 0.931932 0.874299 0.897394 0.877015 0.949641 0.988410 0.947447 0.956281 0.904664 0.794951 0.765235 0.831239 0.769805 0.982147 0.931377 0.780985 0.642551 0.876813 0.637658 0.584932 0.490360 0.732556 0.588310 0.859735 0.809373 0.971908 0.963952 0.695942 0.725251 0.537920 0.554289 0.665775 0.649634 0.971802 0.945399 0.900337 0.751726 0.995474 0.916622 0.894380 0.880817 0.827748 0.869647 0.759619 0.789839 0.818850 0.978805 0.801513 0.745885 0.617319 0.591141 0.698271 0.594205 0.963850 0.863898 0.654503 0.784998 0.643026 0.739986 0.778702 0.673884 0.917308 0.773120 0.888302 0.805645 0.919837 0.777395 0.974663 0.878356 0.962355 0.841581 0.824940 0.961508 0.817202 0.918312
0.530039 0.622933 0.801932 0.566026 0.795414 0.899535 0.914718 0.509494 0.703133 0.824304 0.893459 0.447081 0.377201 0.000000 0.441516 0.439853 0.812529 0.654263 0.530054 0.444425 0.742384 0.967327 0.492805 0.500067 0.784132 0.809902 0.896885 0.879637 0.781447 0.607998 0.646343 0.617433 0.696534 0.872884 0.852674 0.939296 0.926038 0.855017 0.928773 0.913079 0.933794 0.822960 0.829235 0.835877 0.883864 0.942963 0.938064 0.943730 0.953975 0.844526 0.696031 0.655931 0.726970 0.644811 0.944241 0.890287 0.741263 0.545468 0.974052 0.626435 0.746342 0.450127 0.814934 0.547147 0.736661 0.684052 0.835644 0.888720 0.751500 0.744622 0.499389 0.472729 0.592493 0.499842 0.890017 0.935236 0.855046 0.827780 0.859041 0.808555 0.827862 0.755603 0.754077 0.963270 0.613493 0.571423 0.953523 0.925484 0.732668 0.557374 0.647948 0.635254 0.682807 0.571773 0.808115 0.739890 0.786907 0.894315 0.677384 0.686942 0.823559 0.707134 0.947936 0.775340 0.731474 0.711167 0.937749 0.743742 0.985481 0.890558 0.935862 0.865474 0.827091 0.963286 0.765185 0.888466
0.804664 0.842204 0.631001 0.487777 0.678800 0.815099 0.750929 0.508485 0.592995 0.807893 0.881488 0.700415 0.471616 0.441516 0.000000 0.386387 0.932279 0.846010 0.644242 0.675574 0.701436 0.932449 0.370524 0.474824 0.709842 0.701693 0.816404 0.937388 0.825803 0.702530 0.567734 0.628525 0.610202 0.913343 0.679480 0.719374 0.844686 0.860074 0.911211 0.835753 0.981474 0.893791 0.777388 0.828701 0.958937 0.884259 0.990813 0.966298 0.810731 0.935871 0.802330 0.705182 0.633161 0.518749 0.994914 0.851094 0.953417 0.739971 0.920808 0.755506 0.662473 0.572180 0.974057 0.780650 0.593727 0.631239 0.658644 0.762875 0.898792 0.696095 0.432857 0.432294 0.569019 0.561506 0.708412 0.979487 0.676837 0.716105 0.890587 0.930028 0.968390 0.956532 0.659673 0.845833 0.659471 0.618975 0.938316 0.986840 0.818045 0.781830 0.530428 0.525406 0.535347 0.417764 0.818775 0.867902 0.875299 0.940044 0.619143 0.605411 0.829553 0.593443 0.942670 0.841133 0.696100 0.635311 0.858593 0.784131 0.822698 0.954410 0.923403 0.790899 0.886125 0.948932 0.680021 0.891589
0.707136 0.717483 0.611874 0.380511 0.748551 0.732223 0.831811 0.520770 0.619240 0.964539 0.745036 0.636661 0.627190 0.439853 0.386387 0.000000 0.864208 0.752273 0.606898 0.685707 0.696291 0.947150 0.245976 0.285925 0.546917 0.609091 0.622571 0.905044 0.956243 0.633552 0.522051 0.549021 0.555708 0.905110 0.595224 0.691112 0.853466 0.766792 0.976161 0.903527 0.861910 0.996980 0.633424 0.654487 0.867054 0.980884 0.885726 0.722737 0.909115 0.721585 0.573913 0.490680 0.433171 0.371855 0.853781 0.968242 0.783256 0.606166 0.947161 0.622877 0.743726 0.533025 0.953875 0.715953 0.448345 0.479715 0.476150 0.604871 0.806588 0.701699 0.411259 0.477528 0.539954 0.554313 0.765158 0.863403 0.646474 0.675904 0.849886 0.760653 0.905823 0.901838 0.547278 0.990495 0.475482 0.404248 0.943341 0.775701 0.704309 0.543735 0.578122 0.631298 0.532557 0.537359 0.708822 0.745926 0.893641 0.992401 0.636760 0.566752 0.962078 0.691480 0.893375 0.989138 0.546038 0.597994 0.820974 0.742999 0.904608 0.984635 0.844530 0.732210 0.818373 0.922153 0.569367 0.823718
0.526968 0.441539 0.750230 0.730014 0.911756 0.792332 0.786564 0.646956 0.973340 0.968753 0.873213 0.574260 0.874975 0.812529 0.932279 0.864208 0.000000 0.404183 0.633936 0.616460 0.950554 0.975770 0.840285 0.819870 0.694264 0.852132 0.983833 0.891187 0.470267 0.524671 0.715950 0.723892 0.786660 0.494151 0.806300 0.926995 0.830288 0.753740 0.848689 0.914589 0.954200 0.744364 0.654389 0.551776 0.732252 0.600734 0.491012 0.582937 0.774657 0.606585 0.657991 0.660979 0.753754 0.778408 0.586660 0.543930 0.471922 0.486949 0.579398 0.547248 0.786013 0.759364 0.599514 0.509190 0.779234 0.753819 0.722764 0.660034 0.614391 0.659272 0.823981 0.893455 0.909581 0.947934 0.914137 0.948738 0.691387 0.878615 0.669295 0.617124 0.444268 0.451124 0.728713 0.656539 0.672450 0.631257 0.863547 0.963583 0.931404 0.645829 0.939676 0.981819 0.971977 0.946676 0.975968 0.778350 0.830709 0.835294 0.872551 0.777174 0.944895 0.964586 0.867785 0.953084 0.771745 0.844247 0.856289 0.826856 0.934312 0.668274 0.956059 0.851811 0.734940 0.891464 0.904545 0.871102
0.414397 0.352836 0.742070 0.673622 0.851746 0.887642 0.888102 0.620738 0.920702 0.995636 0.850901 0.407822 0.817327 0.654263 0.846010 0.752273 0.404183 0.000000 0.611888 0.510868 0.828583 0.968306 0.775411 0.695246 0.672768 0.759630 0.967420 0.930972 0.589776 0.441164 0.660737 0.649435 0.678639 0.624553 0.821030 0.858619 0.815012 0.645820 0.817332 0.928323 0.887615 0.741243 0.574364 0.506392 0.785757 0.570204 0.558823 0.532852 0.736192 0.535935 0.515571 0.506881 0.682830 0.659879 0.627111 0.682032 0.378818 0.347878 0.612280 0.481232 0.887725 0.664360 0.693121 0.446334 0.729503 0.693795 0.711596 0.681261 0.512501 0.498111 0.756842 0.765138 0.823912 0.792409 0.902349 0.936665 0.754763 0.852885 0.559075 0.480756 0.356242 0.433465 0.699530 0.617892 0.679527 0.530521 0.889012 0.997984 0.836397 0.555839 0.973170 0.985691 0.942201 1.000000 0.816923 0.800891 0.852984 0.876651 0.834558 0.698055 0.978683 0.981477 0.782903 0.919192 0.681097 0.821543 0.775387 0.830438 0.956681 0.722752 0.868888 0.926951 0.803521 0.854686 0.873814 0.905561
0.548004 0.576364 0.691819 0.551454 0.680246 0.678289 0.552188 0.370653 0.598656 0.624562 0.889466 0.505491 0.532019 0.530054 0.644242 0.606898 0.633936 0.611888 0.000000 0.489429 0.937269 0.949062 0.600432 0.636546 0.748331 0.763234 0.950596 0.958683 0.605104 0.548361 0.590650 0.637915 0.674763 0.634354 0.775066 0.832965 0.844507 0.800183 0.986674 0.961725 0.904437 0.820337 0.700285 0.636464 0.849093 0.846458 0.692128 0.749586 0.985687 0.787101 0.591318 0.642532 0.681531 0.669866 0.675312 0.880792 0.608720 0.534847 0.668498 0.517398 0.498228 0.410393 0.624787 0.469328 0.698200 0.603603 0.664046 0.755051 0.662138 0.701738 0.632587 0.663828 0.675992 0.622154 0.994919 0.968990 0.725325 0.797323 0.855550 0.775952 0.654613 0.610115 0.740889 0.939487 0.530872 0.539093 0.953986 0.941173 0.875252 0.609013 0.556898 0.664760 0.635888 0.727826 0.816762 0.776949 0.669020 0.758285 0.524581 0.626812 0.649728 0.729645 0.780050 0.824981 0.593654 0.772857 0.845721 0.790083 0.929753 0.727805 0.792993 0.766545 0.774939 0.918754 0.709625 0.959732
0.473627 0.502812 0.817021 0.729402 0.837403 0.831989 0.852219 0.548426 0.862407 0.846088 0.805571 0.391259 0.547165 0.444425 0.675574 0.685707 0.616460 0.510868 0.489429 0.000000 0.900064 0.900552 0.742185 0.666503 0.799186 0.844200 0.976255 0.966260 0.606237 0.547407 0.732004 0.697233 0.725672 0.720816 0.877426 0.881867 0.791285 0.810584 0.978410 0.950184 0.934311 0.813150 0.869378 0.790953 0.989446 0.891305 0.781917 0.836774 0.905814 0.821150 0.723534 0.729432 0.858912 0.820925 0.845759 0.852059 0.574584 0.457303 0.742686 0.570740 0.750958 0.500859 0.626836 0.412393 0.855027 0.749341 0.862018 0.807942 0.537056 0.644079 0.703408 0.689170 0.757255 0.720111 0.986723 0.992063 0.803122 0.931554 0.737341 0.636942 0.567617 0.475331 0.701149 0.827514 0.600851 0.629828 0.932377 0.904335 0.750693 0.635809 0.816450 0.823771 0.875926 0.841548 0.860298 0.865136 0.748524 0.920281 0.741940 0.792803 0.905913 0.867748 0.843069 0.790667 0.719144 0.764355 0.940050 0.822293 0.846070 0.820518 0.981181 0.892222 0.790075 0.891070 0.920226 0.936231
0.995083 0.845244 0.653597 0.642247 0.956110 0.882051 0.930400 0.783094 0.848814 0.851490 0.833852 0.862274 0.901861 0.742384 0.701436 0.696291 0.950554 0.828583 0.937269 0.900064 0.000000 0.984239 0.705885 0.734232 0.615252 0.563176 0.902561 0.961502 0.962130 0.876980 0.630368 0.783324 0.801178 0.966983 0.761685 0.906153 0.872877 0.958592 0.989399 0.922653 0.961429 0.936409 0.784326 0.863019 0.741951 0.771783 0.982022 0.906698 0.697374 0.954170 0.968766 0.895438 0.894169 0.772376 0.929995 0.915399 0.890492 0.872423 0.911282 0.985253 0.955095 0.826181 0.831192 0.939752 0.607778 0.635935 0.736405 0.786349 0.946218 0.996700 0.757045 0.789020 0.671939 0.648647 0.820336 0.884312 0.781878 0.825332 0.782723 0.816504 0.950248 0.975447 0.845309 0.955103 0.945942 0.762287 0.944865 0.930414 0.955518 0.936052 0.983031 0.983041 0.972117 0.782463 0.789109 0.840741 0.992398 0.879512 0.898476 0.898628 0.948345 0.940417 0.863338 0.930794 0.732317 0.788450 0.868847 0.848798 0.851154 0.917699 0.958405 0.839020 0.877580 0.928996 0.835366 0.937230
0.986291 0.947656 0.882090 0.969207 0.928887 0.993984 0.877644 0.944344 0.950769 0.961025 0.979686 0.970034 0.903519 0.967327 0.932449 0.947150 0.975770 0.968306 0.949062 0.900552 0.984239 0.000000 0.979701 0.947445 0.873105 0.952688 0.885396 0.995839 0.918289 0.932655 0.931321 0.890610 0.970124 0.819851 0.940722 0.985227 0.969429 0.993840 0.964874 0.874463 0.908620 0.807763 0.945504 0.954109 0.940377 0.962672 0.939063 0.933607 0.998017 0.948398 0.959400 0.899123 0.908744 0.939886 0.855855 0.993466 0.992609 0.957260 0.924435 0.974345 0.840593 0.995208 0.971842 0.949070 0.916729 0.971754 0.943694 0.988768 0.997536 0.908211 0.927067 0.873536 0.969989 0.947402 0.974595 0.970494 0.831122 0.961050 0.937945 0.875232 0.904687 0.963896 0.997083 0.948115 0.914232 0.984126 0.949266 0.874061 0.879126 0.937623 0.995633 0.981736 0.997089 0.974564 0.992205 0.893049 0.926437 0.953398 0.995930 0.985987 0.940126 0.907121 0.996228 0.977493 0.930485 0.981632 0.757805 0.992744 0.948180 0.825568 0.817880 0.955592 0.949208 0.841841 0.754815 0.987118
0.760180 0.733860 0.536261 0.335414 0.705949 0.678242 0.730796 0.458578 0.570294 0.904948 0.670491 0.709691 0.646867 0.492805 0.370524 0.245976 0.840285 0.775411 0.600432 0.742185 0.705885 0.979701 0.000000 0.293346 0.495255 0.557406 0.595828 0.880753 0.921274 0.632496 0.442818 0.516354 0.504884 0.897213 0.577671 0.676722 0.834973 0.748182 0.990576 0.898094 0.970534 0.926924 0.593099 0.632791 0.850015 0.970687 0.840842 0.725865 0.875316 0.728455 0.570351 0.499563 0.414716 0.351763 0.845407 0.971780 0.771859 0.613395 0.949584 0.637073 0.703969 0.526896 0.942330 0.742527 0.412924 0.439938 0.421285 0.539597 0.899213 0.695696 0.366707 0.492245 0.534747 0.566731 0.785865 0.899819 0.596273 0.657662 0.860802 0.754372 0.937625 0.949685 0.532423 0.960565 0.474507 0.400689 0.963899 0.791282 0.806792 0.562162 0.568637 0.611073 0.518796 0.523371 0.759033 0.742767 0.859884 0.909535 0.654879 0.554505 0.881573 0.690341 0.906004 0.984667 0.507852 0.551798 0.848906 0.687353 0.933725 0.953015 0.808342 0.767954 0.862706 0.915563 0.607118 0.816587
0.713578 0.665167 0.549818 0.382655 0.818024 0.693374 0.867554 0.554287 0.698003 0.915237 0.702499 0.659247 0.720774 0.500067 0.474824 0.285925 0.819870 0.695246 0.636546 0.666503 0.734232 0.947445 0.293346 0.000000 0.472843 0.523980 0.577658 0.917624 0.996855 0.678071 0.521501 0.606816 0.524876 0.905224 0.586017 0.682117 0.753205 0.717560 0.876347 0.908267 0.893690 0.927508 0.624611 0.669921 0.901592 0.997632 0.792731 0.701917 0.851021 0.714035 0.568668 0.490614 0.462970 0.367368 0.813782 0.993098 0.715918 0.576706 0.966600 0.691541 0.865222 0.624398 0.907262 0.753555 0.432059 0.441008 0.431899 0.547211 0.846188 0.688745 0.486174 0.497358 0.608422 0.528848 0.739083 0.811613 0.641486 0.681032 0.795675 0.695113 0.841231 0.839305 0.539100 0.924577 0.507405 0.342709 0.853360 0.741818 0.767924 0.581496 0.691437 0.784248 0.630008 0.666747 0.749570 0.787715 0.899502 0.974892 0.721878 0.654652 0.958714 0.765415 0.916241 0.911985 0.527055 0.559643 0.889920 0.787802 0.967828 0.954468 0.917410 0.751187 0.843873 0.863734 0.665622 0.805358
0.878740 0.662134 0.334654 0.338800 0.965166 0.884256 0.728307 0.559100 0.782417 0.803562 0.695754 0.833642 0.910422 0.784132 0.709842 0.546917 0.694264 0.672768 0.748331 0.799186 0.615252 0.873105 0.495255 0.472843 0.000000 0.318016 0.693347 0.939542 0.985320 0.714025 0.434210 0.574656 0.562223 0.735662 0.579088 0.756628 0.649081 0.734225 0.731361 0.997017 0.986708 0.866943 0.435514 0.452508 0.968483 0.965710 0.617379 0.559622 0.706486 0.891830 0.731481 0.687896 0.627829 0.524429 0.826625 0.862175 0.644461 0.632450 0.897957 0.752928 0.866391 0.717600 0.834973 0.911333 0.301907 0.316941 0.430164 0.383073 0.812546 0.839907 0.598467 0.687790 0.610812 0.621771 0.834179 0.806103 0.644273 0.593007 0.694680 0.691715 0.864912 0.858156 0.616405 0.816653 0.727049 0.493116 0.861742 0.920914 0.896463 0.771252 0.952639 0.926672 0.902488 0.901146 0.857743 0.703821 0.847718 0.927333 0.973475 0.816160 0.929951 0.980546 0.945994 0.863674 0.551186 0.596144 0.649730 0.727588 0.937715 0.767399 0.906501 0.977512 0.851726 0.955914 0.637045 0.738283
0.996398 0.832265 0.332115 0.424190 0.958817 0.912718 0.679930 0.628079 0.751455 0.853689 0.652164 0.951546 0.952646 0.809902 0.701693 0.609091 0.852132 0.759630 0.763234 0.844200 0.563176 0.952688 0.557406 0.523980 0.318016 0.000000 0.789567 0.991125 0.961210 0.812740 0.492835 0.632360 0.589416 0.764609 0.548279 0.785131 0.713718 0.791560 0.723302 0.996861 0.947218 0.909170 0.522374 0.596797 0.862339 0.852480 0.647042 0.676400 0.607347 0.982994 0.811605 0.789023 0.742098 0.600228 0.790772 0.919831 0.789171 0.784647 0.971513 0.874998 0.852427 0.785493 0.867133 0.998357 0.349291 0.347438 0.432819 0.453859 0.953563 0.894576 0.679367 0.718246 0.620533 0.598429 0.780976 0.830479 0.639339 0.649629 0.716865 0.822785 0.951506 0.951326 0.692078 0.926062 0.808796 0.564206 0.846931 0.952053 0.891210 0.933981 0.918720 0.906014 0.866169 0.894221 0.814606 0.719765 0.837221 0.981922 0.976043 0.886538 0.970032 0.938764 0.893558 0.933927 0.525508 0.550760 0.698825 0.764460 0.984307 0.762772 0.948157 0.872568 0.821288 0.857133 0.689343 0.784599
0.982289 0.864325 0.784757 0.651731 0.814603 0.904867 0.966632 0.866161 0.810728 0.856380 0.580574 0.971155 0.928267 0.896885 0.816404 0.622571 0.983833 0.967420 0.950596 0.976255 0.902561 0.885396 0.595828 0.577658 0.693347 0.789567 0.000000 0.987789 0.877063 0.892219 0.728869 0.759823 0.710249 0.961816 0.769618 0.761144 0.710073 0.731126 0.897206 0.854343 0.915091 0.890649 0.748832 0.823231 0.857776 0.934456 0.986889 0.877432 0.910477 0.822289 0.736526 0.674486 0.581429 0.655817 0.935779 0.984982 0.853423 0.806307 0.985049 0.892086 0.965562 0.824064 0.779846 0.999097 0.699727 0.698667 0.681904 0.766837 0.931844 0.779778 0.665311 0.863591 0.836473 0.883302 0.809690 0.883396 0.765609 0.810021 0.885743 0.773691 0.965420 0.898259 0.711786 0.937845 0.768031 0.739204 0.793805 0.795945 0.945975 0.813618 0.926397 0.887805 0.873018 0.798520 0.924458 0.882157 0.994577 0.847734 0.984316 0.873261 0.805670 0.888733 0.990988 0.978506 0.734338 0.713860 0.897967 0.882932 0.895179 0.948949 0.883259 0.851777 0.956165 0.973623 0.972355 0.945835
0.923107 0.967104 0.964220 0.909645 0.869802 0.818951 0.905116 0.893620 0.999597 0.972463 0.879925 0.930861 0.964301 0.879637 0.937388 0.905044 0.891187 0.930972 0.958683 0.966260 0.961502 0.995839 0.880753 0.917624 0.939542 0.991125 0.987789 0.000000 0.860115 0.890699 0.962575 0.975304 0.964703 0.966101 0.817343 0.880072 0.901599 0.984370 0.864244 0.961776 0.987015 0.990661 0.983015 0.939668 0.962357 0.995271 0.986808 0.929201 0.966864 0.930319 0.903980 0.915364 0.924439 0.872027 0.879779 0.972783 0.930489 0.866602 0.985406 0.915856 0.832550 0.959434 0.902955 0.905294 0.908879 0.980689 0.940290 0.865479 0.962929 0.945010 0.852437 0.997409 0.876565 0.956715 0.932967 0.796529 0.944305 0.958041 0.933484 0.845537 0.988817 0.896714 0.979022 0.854879 0.853100 0.915295 0.982450 0.989318 0.932983 0.949081 0.907077 0.904052 0.850131 0.865471 0.957932 0.899789 0.986418 0.990776 0.950040 0.930977 0.964896 0.842277 0.960608 0.923051 0.952593 0.791597 0.925901 0.842899 0.940601 0.833935 0.804431 0.976037 0.908677 0.897363 0.965331 0.916784
0.590926 0.612980 0.844205 0.906662 0.914874 0.829472 0.625402 0.619223 0.889769 0.637202 0.739061 0.627899 0.685053 0.781447 0.825803 0.956243 0.470267 0.589776 0.605104 0.606237 0.962130 0.918289 0.921274 0.996855 0.985320 0.961210 0.877063 0.860115 0.000000 0.458953 0.782058 0.790037 0.884199 0.585917 0.893507 0.989650 0.911168 0.907614 0.930243 0.897535 0.986889 0.865333 0.869117 0.794785 0.838871 0.675411 0.682661 0.870687 0.748894 0.712777 0.776610 0.828567 0.928218 0.965605 0.790864 0.713554 0.620234 0.616172 0.539094 0.593358 0.536038 0.750167 0.393779 0.451116 0.993222 0.962641 0.865848 0.863115 0.655750 0.636464 0.802690 0.879811 0.920783 0.972440 0.889796 0.877765 0.730865 0.928976 0.740183 0.813866 0.541223 0.562295 0.906352 0.986439 0.725595 0.857157 0.933600 0.969505 0.912778 0.795526 0.804567 0.841166 0.855747 0.913729 0.914248 0.876171 0.714495 0.812901 0.732146 0.711839 0.778706 0.759705 0.773196 0.785045 0.874563 0.992442 0.934978 0.938253 0.981899 0.775665 0.928366 0.818734 0.721546 0.834575 0.983863 0.984657
0.496324 0.448554 0.711037 0.641003 0.926679 0.903579 0.817158 0.579529 0.897453 0.865227 0.884623 0.460544 0.592578 0.607998 0.702530 0.633552 0.524671 0.441164 0.548361 0.547407 0.876980 0.932655 0.632496 0.678071 0.714025 0.812740 0.892219 0.890699 0.458953 0.000000 0.646649 0.582569 0.634679 0.648625 0.783825 0.878991 0.741389 0.760827 0.846314 0.859496 0.921858 0.963333 0.694534 0.624537 0.824440 0.708241 0.603133 0.707443 0.831779 0.607405 0.604958 0.579656 0.732908 0.711223 0.618939 0.792111 0.432043 0.407162 0.542373 0.459428 0.649220 0.604052 0.624301 0.424806 0.713134 0.679232 0.659555 0.651123 0.467839 0.449763 0.586020 0.765594 0.806746 0.746815 0.939683 0.976933 0.705725 0.838211 0.743040 0.655526 0.518646 0.587305 0.648526 0.813316 0.574965 0.581947 0.941936 0.828276 0.803618 0.577327 0.891747 0.929554 0.888503 0.900230 0.961106 0.840981 0.695858 0.829956 0.762893 0.673636 0.935496 0.866347 0.755614 0.920578 0.704583 0.806772 0.875587 0.806970 0.957106 0.806716 0.780249 0.807437 0.799866 0.842430 0.811245 0.991417
0.800795 0.642177 0.396378 0.354462 0.855580 0.800196 0.587334 0.418544 0.601049 0.822821 0.707063 0.765956 0.699873 0.646343 0.567734 0.522051 0.715950 0.660737 0.590650 0.732004 0.630368 0.931321 0.442818 0.521501 0.434210 0.492835 0.728869 0.962575 0.782058 0.646649 0.000000 0.439049 0.527552 0.664640 0.602757 0.722298 0.824589 0.777643 0.922250 0.852181 0.992531 0.840224 0.517495 0.556719 0.964996 0.973551 0.767605 0.709900 0.811186 0.818248 0.677528 0.623969 0.591190 0.501133 0.801890 0.903474 0.641891 0.616513 0.873736 0.688972 0.689274 0.590645 0.961919 0.754698 0.470587 0.483455 0.462891 0.521624 0.852970 0.723226 0.496183 0.469418 0.527727 0.572105 0.890179 0.964844 0.519560 0.623597 0.712113 0.703532 0.846068 0.923111 0.775828 0.890193 0.737152 0.594075 0.894973 0.846960 0.922217 0.727999 0.647810 0.735163 0.600287 0.572933 0.919832 0.658810 0.814576 0.848364 0.727807 0.501344 0.864658 0.684937 0.840955 0.966922 0.577685 0.597193 0.679197 0.605206 0.916521 0.730664 0.863772 0.915918 0.753990 0.933755 0.618731 0.808953
0.684265 0.629437 0.534054 0.445447 0.862860 0.978321 0.676484 0.494815 0.794388 0.891778 0.841967 0.685221 0.650774 0.617433 0.628525 0.549021 0.723892 0.649435 0.637915 0.697233 0.783324 0.890610 0.516354 0.606816 0.574656 0.632360 0.759823 0.975304 0.790037 0.582569 0.439049 0.000000 0.515403 0.754118 0.740207 0.829189 0.857639 0.730421 0.912337 0.997614 0.997556 0.865715 0.481133 0.524966 0.987548 0.899363 0.672978 0.644154 0.936581 0.738646 0.617910 0.597339 0.608594 0.591885 0.933329 0.959868 0.643021 0.622437 0.756153 0.553978 0.629810 0.568164 0.856305 0.658878 0.477352 0.494372 0.558247 0.572509 0.757909 0.777521 0.560329 0.651567 0.620774 0.682548 0.941728 0.810222 0.734971 0.719001 0.758842 0.684593 0.805456 0.802769 0.645818 0.959477 0.633684 0.545888 0.960251 0.958540 0.866414 0.626773 0.785503 0.874390 0.760893 0.791879 0.912305 0.804931 0.880188 0.766954 0.818135 0.683665 0.951077 0.774599 0.859661 0.900717 0.533484 0.625568 0.722408 0.727714 0.931921 0.768752 0.827943 0.949792 0.774180 0.980081 0.728073 0.911142
0.728807 0.686743 0.577573 0.461523 0.832146 0.824884 0.753699 0.518781 0.770629 0.900869 0.762987 0.662503 0.735660 0.696534 0.610202 0.555708 0.786660 0.678639 0.674763 0.725672 0.801178 0.970124 0.504884 0.524876 0.562223 0.589416 0.710249 0.964703 0.884199 0.634679 0.527552 0.515403 0.000000 0.750453 0.617608 0.716783 0.911422 0.669120 0.919984 0.794327 0.852225 0.962949 0.645475 0.665350 0.915497 0.964688 0.758940 0.701307 0.909989 0.814837 0.660325 0.653908 0.684539 0.599186 0.844612 0.859292 0.654292 0.622629 0.790014 0.637999 0.761730 0.552287 0.937621 0.692623 0.549206 0.513892 0.530199 0.563073 0.697777 0.644116 0.582974 0.632533 0.638334 0.665490 0.890396 0.817691 0.688462 0.765024 0.835659 0.618486 0.790180 0.783992 0.643927 0.884157 0.594154 0.480106 0.997288 0.900829 0.921414 0.732077 0.780132 0.916458 0.764965 0.767753 0.911485 0.828860 0.797030 0.940245 0.723586 0.705492 0.937357 0.840741 0.990717 0.959629 0.575822 0.655287 0.750482 0.764435 0.946689 0.892494 0.872255 0.835175 0.898087 0.931885 0.753241 0.937630
0.674056 0.609712 0.665574 0.716992 0.963915 0.816001 0.646968 0.624845 0.918165 0.825909 0.830145 0.719192 0.841324 0.872884 0.913343 0.905110 0.494151 0.624553 0.634354 0.720816 0.966983 0.819851 0.897213 0.905224 0.735662 0.764609 0.961816 0.966101 0.585917 0.648625 0.664640 0.754118 0.750453 0.000000 0.770295 0.950767 0.960289 0.832008 0.806023 0.893419 0.883816 0.832251 0.728944 0.609455 0.788260 0.735093 0.568753 0.849510 0.890366 0.779729 0.780330 0.809124 0.859924 0.872659 0.667499 0.619499 0.637279 0.729308 0.584734 0.608700 0.646322 0.777097 0.615263 0.630709 0.808953 0.781993 0.657431 0.613351 0.654392 0.763503 0.828608 0.787796 0.845504 0.905838 0.967891 0.913856 0.703992 0.780444 0.773224 0.878698 0.641027 0.655085 0.834107 0.871857 0.817271 0.742667 0.956977 0.918899 0.955542 0.854633 0.770594 0.926197 0.839651 0.930546 0.921075 0.747381 0.828828 0.975035 0.754942 0.706752 0.850450 0.734034 0.755018 0.993562 0.811065 0.882109 0.707329 0.897576 0.903388 0.770451 0.999576 0.893101 0.686935 0.975711 0.845039 0.905194
0.967607 0.852637 0.531252 0.570842 0.870486 0.788576 0.690452 0.681063 0.794980 0.970387 0.695284 0.891231 0.949741 0.852674 0.679480 0.595224 0.806300 0.821030 0.775066 0.877426 0.761685 0.940722 0.577671 0.586017 0.579088 0.548279 0.769618 0.817343 0.893507 0.783825 0.602757 0.740207 0.617608 0.770295 0.000000 0.804141 0.883796 0.863516 0.705109 0.908322 0.948354 0.949707 0.708399 0.759268 0.905091 0.974084 0.746726 0.675398 0.828589 0.861472 0.779004 0.807500 0.709945 0.636068 0.743951 0.907906 0.869549 0.826933 0.909246 0.841373 0.786731 0.790943 0.915486 0.929046 0.514598 0.553252 0.490076 0.580093 0.880386 0.828579 0.797818 0.712698 0.745533 0.741552 0.679403 0.946417 0.642743 0.864524 0.723424 0.887470 0.908228 0.893396 0.659509 0.938544 0.709140 0.568575 0.881856 0.921942 0.965810 0.881224 0.811684 0.931596 0.750369 0.811441 0.904879 0.768453 0.960612 0.939242 0.882646 0.830692 0.940110 0.784057 0.970692 0.994185 0.704881 0.795272 0.697372 0.956600 0.932227 0.805484 0.954755 0.867860 0.794072 0.903668 0.767136 0.851446
0.892798 0.815742 0.730715 0.686333 0.964326 0.911168 0.871666 0.767367 0.903155 0.985498 0.695910 0.924233 0.965585 0.939296 0.719374 0.691112 0.926995 0.858619 0.832965 0.881867 0.906153 0.985227 0.676722 0.682117 0.756628 0.785131 0.761144 0.880072 0.989650 0.878991 0.722298 0.829189 0.716783 0.950767 0.804141 0.000000 0.855914 0.739554 0.993514 0.954819 0.947123 0.994567 0.725785 0.711048 0.754694 0.855811 0.857652 0.753914 0.980767 0.774523 0.741623 0.706274 0.682190 0.679157 0.784726 0.898827 0.809399 0.764460 0.911430 0.778047 0.956363 0.813931 0.914676 0.879181 0.721118 0.715489 0.652907 0.667870 0.962737 0.759503 0.632495 0.757574 0.862711 0.901139 0.913877 0.923159 0.759864 0.877163 0.844411 0.825202 0.906007 0.992886 0.759455 0.973749 0.726339 0.717651 0.795978 0.981863 0.863262 0.834473 0.854328 0.900316 0.816870 0.819090 0.729339 0.997897 0.963881 0.897171 0.793692 0.752167 0.930222 0.973118 0.852783 0.997002 0.789852 0.739007 0.853226 0.778918 0.879370 0.934229 0.860441 0.975057 0.912492 0.816075 0.927417 0.818967
0.965525 0.723708 0.741931 0.709218 0.922892 0.949307 0.995101 0.854101 0.952886 0.752246 0.931303 0.891647 0.871306 0.926038 0.844686 0.853466 0.830288 0.815012 0.844507 0.791285 0.872877 0.969429 0.834973 0.753205 0.649081 0.713718 0.710073 0.901599 0.911168 0.741389 0.824589 0.857639 0.911422 0.960289 0.883796 0.855914 0.000000 0.708679 0.886396 0.921510 0.904860 0.953602 0.692973 0.752344 0.888219 0.952096 0.765070 0.806164 0.801385 0.921095 0.857784 0.793749 0.830660 0.805164 0.935254 0.895098 0.732390 0.733378 0.932830 0.828321 0.945266 0.918009 0.866596 0.965222 0.699273 0.647144 0.852741 0.800943 0.826774 0.744453 0.801977 0.881641 0.886044 0.908924 0.880507 0.903853 0.898444 0.811186 0.748877 0.769689 0.876998 0.963667 0.764791 0.794068 0.913999 0.795808 0.749817 0.904022 0.994960 0.878152 0.846812 0.880284 0.839093 0.918606 0.968830 0.925863 0.879539 0.914716 0.795416 0.976099 0.896840 0.862383 0.834931 0.964722 0.797358 0.723001 0.917486 0.832544 0.949390 0.871325 0.925923 0.978806 0.982078 0.998520 0.955592 0.938612
0.743377 0.640088 0.796745 0.695729 0.954220 0.893542 0.996444 0.770494 0.960829 0.934298 0.872305 0.725416 0.893505 0.855017 0.860074 0.766792 0.753740 0.645820 0.800183 0.810584 0.958592 0.993840 0.748182 0.717560 0.734225 0.791560 0.731126 0.984370 0.907614 0.760827 0.777643 0.730421 0.669120 0.832008 0.863516 0.739554 0.708679 0.000000 0.935957 0.966750 0.925878 0.885888 0.614345 0.624837 0.809187 0.708683 0.747111 0.721232 0.847077 0.720189 0.574706 0.578668 0.631028 0.680657 0.809917 0.786320 0.614253 0.630833 0.873940 0.682436 0.996353 0.738571 0.957879 0.805040 0.736209 0.741417 0.797885 0.786341 0.710595 0.617684 0.686283 0.759471 0.830015 0.865789 0.918827 0.826352 0.875464 0.692025 0.888020 0.702927 0.721509 0.878043 0.821831 0.805022 0.842061 0.664079 0.845607 0.985740 0.823837 0.752219 0.918878 0.956585 0.954655 0.945812 0.875831 0.868754 0.801921 0.951715 0.901123 0.867574 0.834937 0.884618 0.828695 0.947667 0.802514 0.933144 0.749249 0.817501 0.815928 0.878684 0.953216 0.957727 0.945390 0.965247 0.962269 0.973822
