0.000000 0.405800 0.727258 0.929555 0.714353 0.794211 0.779491 0.836577 0.831648 0.964556 0.595999 0.389053 0.593477 0.534455 0.709595 0.753740 0.571148 0.512685 0.489017 0.378603 0.993130 0.992094 0.709899 0.785097 0.949447 0.632827 0.872345 0.778402 0.605363 0.710189 0.787712 0.883845 0.970746 0.891821 0.926814 0.847182 0.703130 0.900257 0.881922 0.798844 0.963559 0.869508 0.897254 0.933432 0.870941 0.972090 0.830764 0.926739 0.651461 0.795616 0.999406 0.936658 0.893206 0.625083 0.787256 0.880142 0.388116 0.456496 0.658076 0.695510 0.988203 0.705705 0.628604 0.477671 0.845547 0.825390 0.680327 0.645590 0.399622 0.544534 0.854337 0.755650 0.924323 0.716324 0.954809 0.860296 0.961283 0.707921 0.887205 0.924573 0.568049 0.486212 0.632384 0.695824 0.429536 0.743821 0.892582 0.684347 0.750044 0.519636 0.777257 0.672142 0.694274 0.630634 0.972699 0.916515 0.933208 0.964677 0.993458 0.954122 0.768150 0.633915 0.941274 0.836136 0.884497 0.981432 0.978684 0.727133 0.859266 0.901392 0.985760 0.906871 0.944412 0.912450 0.899824 0.962766
0.405800 0.000000 0.505751 0.825065 0.847872 0.638635 0.569287 0.844683 0.694001 0.857867 0.929064 0.425432 0.853540 0.540909 0.760898 0.715523 0.362468 0.334964 0.541434 0.399388 0.875627 0.935355 0.822804 0.839443 0.914932 0.610087 0.853179 0.736968 0.469349 0.520404 0.708001 0.911254 0.918420 0.975668 0.736976 0.835642 0.785103 0.832948 0.872843 0.668543 0.977982 0.913068 0.942646 0.827455 0.895202 0.668886 0.691194 0.757381 0.347148 0.510135 0.837695 0.870772 0.970816 0.685245 0.730158 0.934462 0.290830 0.291556 0.940530 0.820914 0.716671 0.746316 0.805708 0.488829 0.729070 0.687549 0.484884 0.619547 0.616813 0.466987 0.616204 0.484662 0.725788 0.661441 0.967589 0.975221 0.964175 0.727246 0.895267 0.806508 0.439073 0.391945 0.445358 0.515498 0.419673 0.667519 0.964004 0.602728 0.948761 0.713906 0.498948 0.474494 0.471884 0.414551 0.925769 0.956969 0.889330 0.984065 0.836832 0.890930 0.621633 0.492338 0.826810 0.682761 0.749297 0.825350 0.963266 0.628712 0.888248 0.962648 0.931047 0.932304 0.854517 0.964857 0.943166 0.894046
0.727258 0.505751 0.000000 0.450665 0.981581 0.575789 0.336986 0.652452 0.814672 0.970351 0.961125 0.772126 0.776427 0.978600 0.948439 0.959547 0.723811 0.634094 0.985580 0.780963 0.774959 0.848306 0.857807 0.902350 0.868454 0.512357 0.806690 0.878422 0.746347 0.869233 0.431348 0.513819 0.489245 0.593361 0.529873 0.783265 0.943122 0.786564 0.932821 0.894199 0.803729 0.839050 0.670700 0.776594 0.717725 0.923176 0.790933 0.809516 0.619173 0.851212 0.789706 0.821183 0.673646 0.510978 0.892796 0.874661 0.650919 0.539599 0.970431 0.954668 0.536655 0.993304 0.754928 0.901218 0.416512 0.488210 0.332202 0.432847 0.735332 0.712276 0.514466 0.505580 0.558049 0.612626 0.912441 0.915804 0.814716 0.630477 0.993359 0.926199 0.779610 0.696976 0.710156 0.776392 0.799449 0.981948 0.962592 0.995931 0.940834 0.991800 0.466380 0.605403 0.538696 0.613424 0.757038 0.892907 0.709804 0.963778 0.637568 0.608987 0.546686 0.551228 0.646472 0.614477 0.622709 0.614262 0.885408 0.767018 0.983919 0.745751 0.726360 0.811252 0.769940 0.848247 0.764825 0.962789
0.929555 0.825065 0.450665 0.000000 0.997047 0.743925 0.473762 0.447114 0.933193 0.740661 0.933181 0.967991 0.808908 0.709720 0.815760 0.758159 0.939029 0.922429 0.829506 0.922414 0.776008 0.789700 0.652173 0.650158 0.764531 0.536178 0.892311 0.968959 0.959600 0.853441 0.346068 0.443260 0.524212 0.551544 0.709108 0.846049 0.942149 0.866490 0.901121 0.912035 0.708223 0.871781 0.580658 0.666086 0.627950 0.722972 0.658444 0.701009 0.923972 0.884415 0.616886 0.609056 0.577105 0.552973 0.849471 0.850533 0.864970 0.798207 0.944583 0.993715 0.773284 0.890435 0.697336 0.983983 0.512874 0.484306 0.580464 0.581572 0.840389 0.844306 0.610630 0.571418 0.568351 0.688523 0.827517 0.908652 0.645734 0.558435 0.817939 0.886106 0.955800 0.984475 0.951820 0.998042 0.899578 0.679225 0.930720 0.841897 0.895303 0.914288 0.651223 0.819731 0.707027 0.901262 0.648894 0.870004 0.761402 0.892581 0.678715 0.682624 0.728020 0.737450 0.738644 0.800557 0.676841 0.574639 0.869164 0.893726 0.992187 0.891814 0.702791 0.813204 0.683490 0.849323 0.898622 0.916778
0.714353 0.847872 0.981581 0.997047 0.000000 0.935858 0.872601 0.848278 0.854537 0.836277 0.749135 0.736518 0.687778 0.699627 0.596541 0.638744 0.815310 0.828836 0.699332 0.765457 0.934428 0.918148 0.640044 0.587113 0.955516 0.841971 0.726294 0.736756 0.764903 0.742079 0.977044 0.949360 0.769138 0.908691 0.998231 0.890863 0.993813 0.839827 0.959965 0.989803 0.994221 0.960620 0.930047 0.902426 0.893833 0.925696 0.952741 0.865120 0.777866 0.799413 0.856880 0.899290 0.851415 0.980187 0.834484 0.982387 0.842460 0.979955 0.890573 0.993809 0.945549 0.728871 0.882263 0.767510 0.926415 0.998483 0.995694 0.880820 0.797085 0.794546 0.894594 0.997681 0.889191 0.903945 0.973922 0.984000 0.894317 0.835706 0.892214 0.908483 0.803872 0.885768 0.812392 0.822989 0.690910 0.738119 0.760455 0.689117 0.751374 0.815035 0.954905 0.991218 0.920766 0.923513 0.873569 0.953613 0.965230 0.997959 0.927837 0.868971 0.915476 0.982923 0.921945 0.892032 0.889275 0.923091 0.847976 0.951440 0.862262 0.815620 0.933512 0.868863 0.985846 0.939135 0.989077 0.902515
0.794211 0.638635 0.575789 0.743925 0.935858 0.000000 0.515793 0.775704 0.711371 0.900890 0.731108 0.865958 0.858087 0.990351 0.917385 0.889599 0.752577 0.729397 0.893920 0.770456 0.711293 0.951797 0.963553 0.932921 0.927074 0.680700 0.819054 0.896363 0.719918 0.839398 0.714446 0.711301 0.706571 0.820633 0.776803 0.934689 0.933949 0.861060 0.889515 0.944099 0.958365 0.920050 0.813766 0.885766 0.901140 0.968926 0.985306 0.990362 0.719997 0.827891 0.896761 0.934738 0.873009 0.728641 0.969316 0.942976 0.606581 0.538778 0.938099 0.947074 0.566778 0.888071 0.762676 0.968232 0.716602 0.511951 0.546301 0.633250 0.675265 0.700434 0.597922 0.573171 0.828963 0.680802 0.766815 0.786183 0.863330 0.788435 0.980961 0.905660 0.898998 0.780616 0.750530 0.768747 0.819179 0.872345 0.808328 0.904044 0.991763 0.923429 0.642437 0.663370 0.703120 0.678202 0.911580 0.915547 0.809240 0.953030 0.821807 0.736078 0.711113 0.744362 0.740677 0.801460 0.726178 0.779184 0.817525 0.871819 0.972273 0.951266 0.907193 0.804126 0.965366 0.942231 0.783690 0.973757
0.779491 0.569287 0.336986 0.473762 0.872601 0.515793 0.000000 0.535378 0.664188 0.839587 0.891964 0.862258 0.661870 0.857485 0.824786 0.856715 0.730945 0.697109 0.939947 0.735673 0.774856 0.812424 0.826761 0.883228 0.958661 0.558775 0.816519 0.943695 0.862667 0.975536 0.387589 0.500203 0.459610 0.519506 0.549383 0.783623 0.994651 0.722024 0.910581 0.937623 0.829822 0.805132 0.536061 0.634753 0.594147 0.818696 0.790597 0.734941 0.762345 0.946469 0.618059 0.659936 0.561305 0.394199 0.837710 0.986895 0.606334 0.504834 0.931447 0.995760 0.428450 0.871265 0.646144 0.997023 0.478449 0.376787 0.282818 0.364176 0.706175 0.701537 0.475933 0.427717 0.478060 0.512266 0.867049 0.799729 0.654346 0.539419 0.915804 0.974931 0.802495 0.663987 0.760593 0.742319 0.838030 0.946339 0.990071 0.997976 0.946763 0.986496 0.387995 0.495984 0.530868 0.583467 0.702029 0.750136 0.695005 0.792581 0.462788 0.458790 0.456288 0.445229 0.575945 0.544315 0.614407 0.550837 0.959406 0.726374 0.985133 0.756135 0.727421 0.665198 0.768785 0.825636 0.744954 0.954723
0.836577 0.844683 0.652452 0.447114 0.848278 0.775704 0.535378 0.000000 0.921496 0.608400 0.919444 0.621657 0.580970 0.428535 0.679488 0.581271 0.879401 0.929912 0.703038 0.789007 0.868971 0.954020 0.669250 0.683325 0.886385 0.764113 0.923337 0.785937 0.760133 0.782854 0.574430 0.538260 0.567350 0.551296 0.719137 0.986794 0.895826 0.864716 0.851242 0.859850 0.658517 0.890492 0.425575 0.485566 0.444564 0.484885 0.512351 0.531539 0.687154 0.579876 0.488716 0.505299 0.617541 0.666031 0.704901 0.989168 0.927938 0.976463 0.753609 0.734089 0.610966 0.491916 0.487194 0.589397 0.537839 0.448294 0.627553 0.588742 0.897065 0.884491 0.745484 0.789144 0.636360 0.755250 0.822671 0.819076 0.574055 0.757289 0.978958 0.947383 0.851474 0.946336 0.861755 0.993678 0.718891 0.562749 0.996595 0.701127 0.939612 0.688476 0.730659 0.887860 0.805478 0.996607 0.643649 0.823762 0.757948 0.806049 0.520140 0.464252 0.659810 0.829009 0.657205 0.854432 0.696452 0.718264 0.811692 0.897381 0.877169 0.819466 0.659102 0.568775 0.659987 0.770476 0.835293 0.911699
0.831648 0.694001 0.814672 0.933193 0.854537 0.711371 0.664188 0.921496 0.000000 0.840588 0.831059 0.875272 0.822268 0.856009 0.836101 0.955852 0.767461 0.674356 0.877074 0.689720 0.886021 0.992351 0.989150 0.876293 0.885120 0.881879 0.956291 0.993889 0.760410 0.801008 0.903263 0.954889 0.864586 0.972958 0.772816 0.987079 0.920452 0.736969 0.860694 0.855261 0.919247 0.949630 0.930955 0.950922 0.935871 0.960399 0.943441 0.957820 0.834241 0.986645 0.889263 0.822175 0.822176 0.746448 0.937241 0.973403 0.651530 0.606564 0.891519 0.999109 0.727574 0.815024 0.936413 0.876976 0.724466 0.758572 0.645387 0.785248 0.872284 0.902851 0.794278 0.617867 0.722456 0.597808 0.893042 0.955761 0.696520 0.890149 0.857244 0.878856 0.691526 0.637614 0.663868 0.636060 0.820647 0.911252 0.863101 0.785710 0.703897 0.979188 0.532772 0.467309 0.525990 0.504600 0.778161 0.894499 0.829847 0.824023 0.660808 0.682049 0.636901 0.693687 0.687814 0.596615 0.859045 0.843269 0.899317 0.722695 0.977203 0.823115 0.927666 0.681436 0.946985 0.875126 0.855672 0.820666
0.964556 0.857867 0.970351 0.740661 0.836277 0.900890 0.839587 0.608400 0.840588 0.000000 0.960204 0.717481 0.859776 0.655673 0.537403 0.509529 0.856053 0.885278 0.778092 0.808413 0.930845 0.999916 0.561688 0.641431 0.902071 0.978675 0.971507 0.839311 0.787356 0.736626 0.838611 0.782349 0.792562 0.831116 0.878371 0.781941 0.899452 0.996670 0.949899 0.933876 0.788004 0.951139 0.773012 0.801982 0.679173 0.685375 0.773898 0.774053 0.626167 0.601873 0.667032 0.678194 0.785080 0.898587 0.904746 0.951148 0.970700 0.985016 0.998826 0.902700 0.964885 0.615579 0.915351 0.819250 0.890831 0.841571 0.962857 0.995751 0.949979 0.825895 0.889509 0.981851 0.833205 0.913279 0.726645 0.854433 0.703608 0.906527 0.961297 0.822667 0.866847 0.916547 0.770780 0.929767 0.692821 0.631333 0.888803 0.851764 0.986722 0.800268 0.963375 0.930344 0.908817 0.954267 0.791351 0.952360 0.787179 0.903121 0.881427 0.746714 0.872854 0.919753 0.963004 0.972196 0.911918 0.874525 0.847929 0.993799 0.806623 0.968732 0.819954 0.802358 0.998357 0.926824 0.939473 0.791284
0.595999 0.929064 0.961125 0.933181 0.749135 0.731108 0.891964 0.919444 0.831059 0.960204 0.000000 0.689873 0.522213 0.791319 0.832153 0.892919 0.996960 0.947845 0.855112 0.794753 0.996434 0.989377 0.930160 0.922624 0.835345 0.973811 0.986520 0.912325 0.953809 0.990441 0.875316 0.936148 0.927782 0.887972 0.994116 0.877340 0.801867 0.839602 0.898087 0.921253 0.941196 0.962417 0.858342 0.871863 0.791967 0.794947 0.962050 0.914706 0.947415 0.939442 0.889017 0.850167 0.864478 0.786941 0.983421 0.974891 0.951436 0.985042 0.580209 0.680454 0.592132 0.675801 0.697475 0.674661 0.913540 0.827807 0.925471 0.945431 0.778857 0.844645 0.963047 0.961356 0.931055 0.959334 0.817494 0.984791 0.902852 0.857729 0.768713 0.924834 0.941740 0.904615 0.953394 0.961354 0.820328 0.920174 0.953434 0.996039 0.697756 0.699470 0.857521 0.959817 0.973855 0.920899 0.999929 0.916619 0.919285 0.937903 0.882554 0.903528 0.955000 0.996872 0.830709 0.962211 0.876441 0.950083 0.907698 0.997598 0.948332 0.732622 0.986524 0.831909 0.859569 0.808093 0.961311 0.950995
0.389053 0.425432 0.772126 0.967991 0.736518 0.865958 0.862258 0.621657 0.875272 0.717481 0.689873 0.000000 0.539213 0.376044 0.556215 0.509853 0.561242 0.562972 0.528895 0.425708 0.898351 0.961423 0.631997 0.634527 0.885723 0.703626 0.900959 0.694106 0.502240 0.628104 0.863908 0.996020 0.955783 0.999723 0.905608 0.727358 0.722437 0.912528 0.949856 0.773148 0.921493 0.931605 0.929136 0.915846 0.920842 0.770975 0.767917 0.806650 0.469330 0.595066 0.838292 0.885538 0.962154 0.724793 0.829409 0.969048 0.547760 0.585141 0.713140 0.720910 0.927343 0.433921 0.629750 0.416161 0.990396 0.928359 0.736705 0.757556 0.586778 0.533012 0.842213 0.776110 0.936072 0.857439 0.856824 0.961307 0.889956 0.742705 0.952693 0.933961 0.595303 0.584270 0.619946 0.783097 0.385452 0.562263 0.789349 0.583253 0.813800 0.553380 0.791422 0.718588 0.720826 0.663341 0.949028 0.956646 0.941280 0.968406 0.991571 0.901507 0.868958 0.669790 0.915601 0.817541 0.970479 0.973237 0.987315 0.786536 0.844077 0.946741 0.912393 0.825990 0.964465 0.953233 0.948709 0.800222
0.593477 0.853540 0.776427 0.808908 0.687778 0.858087 0.661870 0.580970 0.822268 0.859776 0.522213 0.539213 0.000000 0.500996 0.562462 0.593203 0.877179 0.940626 0.593196 0.693339 0.982947 0.896189 0.613664 0.763730 0.939069 0.938312 0.986543 0.877127 0.765138 0.795164 0.809373 0.759972 0.669828 0.861186 0.808783 0.969686 0.815198 0.761092 0.885253 0.992325 0.888835 0.985706 0.803106 0.840715 0.809773 0.854496 0.711434 0.802069 0.858690 0.829049 0.763059 0.810109 0.796808 0.897324 0.709695 0.952017 0.838269 0.944671 0.671845 0.799494 0.555879 0.542286 0.606515 0.577989 0.798675 0.725042 0.777826 0.894686 0.737937 0.849394 0.722592 0.862733 0.695738 0.821856 0.806602 0.949746 0.767210 0.912746 0.939723 0.933116 0.920864 0.932938 0.856183 0.958904 0.696511 0.833770 0.745092 0.791113 0.678389 0.663779 0.758451 0.875844 0.871601 0.960041 0.887905 0.867065 0.817626 0.800786 0.641583 0.628323 0.714046 0.922976 0.716052 0.833151 0.727576 0.811466 0.920268 0.962880 0.942056 0.647385 0.726496 0.637232 0.804032 0.909720 0.847824 0.964285
0.534455 0.540909 0.978600 0.709720 0.699627 0.990351 0.857485 0.428535 0.856009 0.655673 0.791319 0.376044 0.500996 0.000000 0.484773 0.381245 0.618256 0.586179 0.417218 0.445578 0.961305 0.903512 0.459437 0.481730 0.938331 0.828038 0.923748 0.825565 0.452014 0.470870 0.802883 0.608634 0.675293 0.696562 0.983702 0.913024 0.815046 0.924942 0.861064 0.732021 0.793270 0.962508 0.615254 0.639170 0.646021 0.590993 0.545540 0.618967 0.485249 0.526919 0.552985 0.645075 0.735434 0.949331 0.657070 0.947536 0.623012 0.717299 0.904435 0.856887 0.893964 0.532392 0.546964 0.485038 0.894543 0.744068 0.931217 0.992416 0.781220 0.662099 0.952315 0.906385 0.802851 0.935001 0.790408 0.882968 0.779941 0.987635 0.935433 0.788505 0.571999 0.581053 0.519477 0.778984 0.369730 0.399463 0.846595 0.479985 0.969191 0.634152 0.895528 0.720883 0.787161 0.615283 0.886472 0.911396 0.980160 0.931894 0.896536 0.736476 0.949979 0.856021 0.982091 0.941501 0.904814 0.905663 0.863633 0.853690 0.932593 0.882377 0.895323 0.738076 0.773998 0.898082 0.998596 0.804313
0.709595 0.760898 0.948439 0.815760 0.596541 0.917385 0.824786 0.679488 0.836101 0.537403 0.832153 0.556215 0.562462 0.484773 0.000000 0.398995 0.667250 0.703851 0.500348 0.609681 0.921367 0.950780 0.401951 0.565879 0.977717 0.871946 0.990999 0.877006 0.640696 0.571933 0.768214 0.709108 0.621730 0.725776 0.954746 0.922405 0.806575 0.755394 0.990690 0.990988 0.974045 0.956239 0.733356 0.761155 0.710541 0.680694 0.717587 0.661840 0.629995 0.592641 0.583299 0.599619 0.620892 0.812785 0.757598 0.972329 0.786573 0.923736 0.949662 0.837198 0.986384 0.663373 0.769460 0.699233 0.869468 0.906821 0.992077 0.893784 0.701319 0.800933 0.832390 0.980734 0.725314 0.756343 0.730181 0.943897 0.698254 0.949653 0.968707 0.764693 0.687635 0.762844 0.642072 0.896677 0.459501 0.634688 0.633451 0.704338 0.813429 0.748009 0.985113 0.956358 0.959914 0.894618 0.847370 0.950669 0.877914 0.808065 0.886914 0.716117 0.923427 0.895274 0.941604 0.805975 0.880055 0.873957 0.835500 0.917921 0.862013 0.844436 0.907047 0.714518 0.802326 0.817649 0.841305 0.957156
0.753740 0.715523 0.959547 0.758159 0.638744 0.889599 0.856715 0.581271 0.955852 0.509529 0.892919 0.509853 0.593203 0.381245 0.398995 0.000000 0.753670 0.728317 0.523583 0.621025 0.971813 0.944421 0.391373 0.409743 0.977925 0.803420 0.955560 0.793202 0.510685 0.508758 0.826679 0.682948 0.738030 0.847840 0.943148 0.795462 0.951450 0.993832 0.957340 0.928183 0.840177 0.979326 0.730164 0.743247 0.695491 0.653842 0.721883 0.756117 0.530493 0.621916 0.636889 0.680644 0.737543 0.896810 0.755150 0.918331 0.839732 0.887073 0.915974 0.872627 0.962039 0.601238 0.834572 0.770303 0.964629 0.813903 0.903716 0.912700 0.869298 0.786893 0.927568 0.970089 0.837498 0.835065 0.712579 0.895371 0.785780 0.962371 0.919278 0.816875 0.733873 0.778288 0.573588 0.857273 0.514661 0.475737 0.739664 0.576104 0.962907 0.800288 0.884106 0.886422 0.862631 0.716642 0.927743 0.876025 0.951285 0.825676 0.983499 0.814825 0.988298 0.823951 0.845201 0.916948 0.951690 0.986457 0.959152 0.852317 0.872300 0.985416 0.937218 0.839292 0.880990 0.915614 0.939491 0.828350
0.571148 0.362468 0.723811 0.939029 0.815310 0.752577 0.730945 0.879401 0.767461 0.856053 0.996960 0.561242 0.877179 0.618256 0.667250 0.753670 0.000000 0.390428 0.552090 0.428352 0.870054 0.984726 0.754276 0.773706 0.847436 0.720922 0.845951 0.885179 0.489120 0.447140 0.896502 0.943688 0.935068 0.906618 0.936423 0.837641 0.797018 0.872791 0.901157 0.636246 0.993329 0.997526 0.902559 0.846628 0.832659 0.657632 0.713491 0.727469 0.503490 0.546557 0.799414 0.884508 0.943804 0.822441 0.711702 0.981661 0.339744 0.416592 0.883982 0.959049 0.726551 0.858495 0.825786 0.562853 0.828095 0.724450 0.623733 0.711775 0.692741 0.492728 0.781941 0.580899 0.843361 0.689017 0.873907 0.997100 0.942915 0.822859 0.741285 0.797300 0.368639 0.418973 0.524003 0.461352 0.450454 0.684315 0.868272 0.605952 0.948545 0.797244 0.557459 0.557364 0.529015 0.532251 0.986605 0.977041 0.943767 0.922710 0.788179 0.936301 0.711439 0.562629 0.843685 0.871834 0.820002 0.881158 0.928357 0.586395 0.945261 0.975781 0.950575 0.996329 0.831255 0.899958 0.963039 0.872416
0.512685 0.334964 0.634094 0.922429 0.828836 0.729397 0.697109 0.929912 0.674356 0.885278 0.947845 0.562972 0.940626 0.586179 0.703851 0.728317 0.390428 0.000000 0.438917 0.429462 0.939971 0.953338 0.760402 0.759475 0.837577 0.681246 0.808197 0.817132 0.513920 0.410829 0.821712 0.993882 0.990199 0.932112 0.715040 0.870662 0.773449 0.912496 0.845642 0.674850 0.996059 0.967310 0.909909 0.821015 0.889733 0.703266 0.707645 0.741302 0.472169 0.582994 0.788976 0.843061 0.877066 0.846008 0.747571 0.934978 0.345582 0.433245 0.838273 0.977494 0.644931 0.982137 0.813487 0.620935 0.754453 0.712677 0.548884 0.640935 0.650604 0.614449 0.709748 0.620352 0.873295 0.761677 0.977002 0.998373 0.927979 0.808983 0.745770 0.654468 0.389172 0.367679 0.416669 0.496945 0.445594 0.651575 0.971586 0.595650 0.987996 0.795857 0.547896 0.563554 0.472365 0.502329 0.986228 0.973026 0.863956 0.976435 0.773726 0.880995 0.588745 0.565679 0.726327 0.766715 0.782965 0.850556 0.999143 0.634852 0.939109 0.968847 0.924620 0.960976 0.819429 0.910611 0.994242 0.970830
0.489017 0.541434 0.985580 0.829506 0.699332 0.893920 0.939947 0.703038 0.877074 0.778092 0.855112 0.528895 0.593196 0.417218 0.500348 0.523583 0.552090 0.438917 0.000000 0.439116 0.967006 0.986364 0.450776 0.551430 0.906642 0.714858 0.900066 0.910495 0.534481 0.472639 0.913256 0.746506 0.706644 0.835528 0.985422 0.912003 0.750510 0.941689 0.852920 0.808052 0.854626 0.962597 0.735070 0.741380 0.759334 0.686964 0.571533 0.671774 0.552785 0.625316 0.641908 0.752307 0.723138 0.950314 0.650878 0.994184 0.466947 0.632702 0.954301 0.933034 0.905626 0.837569 0.684465 0.619033 0.977424 0.944088 0.853399 0.838024 0.600748 0.681172 0.951300 0.912550 0.855162 0.984127 0.951497 0.867397 0.799552 0.941007 0.873887 0.749496 0.582619 0.543706 0.467449 0.657564 0.398883 0.573955 0.799105 0.564487 0.865938 0.684281 0.875188 0.816174 0.751498 0.710613 0.974209 0.860506 0.952557 0.854992 0.951745 0.834997 0.872342 0.763547 0.942210 0.979221 0.978887 0.873196 0.982555 0.708088 0.907752 0.926172 0.908835 0.821539 0.692978 0.824979 0.993880 0.996828
0.378603 0.399388 0.780963 0.922414 0.765457 0.770456 0.735673 0.789007 0.689720 0.808413 0.794753 0.425708 0.693339 0.445578 0.609681 0.621025 0.428352 0.429462 0.439116 0.000000 0.949570 0.972968 0.535459 0.573910 0.964979 0.694961 0.868466 0.848381 0.494366 0.527477 0.932269 0.996898 0.887499 0.988954 0.869139 0.811568 0.784983 0.993264 0.889076 0.734091 0.918420 0.873578 0.971105 0.959271 0.918998 0.754939 0.718394 0.782110 0.525605 0.560247 0.838367 0.929545 0.964824 0.732204 0.704789 0.874605 0.332158 0.410519 0.891841 0.850845 0.805294 0.743678 0.782383 0.551667 0.874928 0.789926 0.639563 0.673025 0.467327 0.526036 0.877419 0.635011 0.934241 0.682090 0.866563 0.968790 0.901056 0.790250 0.987020 0.892964 0.497027 0.393775 0.470797 0.506809 0.355997 0.599654 0.881054 0.564495 0.901042 0.586341 0.630061 0.539528 0.640281 0.508195 0.941294 0.949953 0.995428 0.990936 0.841313 0.903953 0.731085 0.573737 0.814260 0.779095 0.952636 0.988043 0.913927 0.695020 0.979608 0.972195 0.962299 0.989073 0.871632 0.975943 0.914162 0.889428
0.993130 0.875627 0.774959 0.776008 0.934428 0.711293 0.774856 0.868971 0.886021 0.930845 0.996434 0.898351 0.982947 0.961305 0.921367 0.971813 0.870054 0.939971 0.967006 0.949570 0.000000 0.960866 0.956188 0.876846 0.852264 0.747199 0.983145 0.944219 0.859125 0.877999 0.684778 0.792373 0.894581 0.926770 0.892551 0.973708 0.907634 0.993464 0.838616 0.878287 0.845292 0.967613 0.893023 0.948086 0.978774 0.919740 0.958359 0.898796 0.852648 0.736306 0.943070 0.940530 0.906122 0.794996 0.959783 0.942204 0.847118 0.821348 0.914864 0.972140 0.916099 0.821920 0.847905 0.902382 0.990066 0.793913 0.902298 0.888561 0.910290 0.838244 0.742676 0.827909 0.802556 0.725883 0.905061 0.749069 0.903070 0.959815 0.906572 0.894318 0.969282 0.986375 0.934908 0.906492 0.876102 0.926718 0.742179 0.925321 0.901317 0.892329 0.837370 0.927305 0.900369 0.953218 0.910676 0.866983 0.851563 0.963689 0.893075 0.956581 0.945566 0.925699 0.978359 0.933102 0.960430 0.956682 0.862062 0.942214 0.976283 0.953381 0.991115 0.935035 0.999216 0.905338 0.971278 0.898282
0.992094 0.935355 0.848306 0.789700 0.918148 0.951797 0.812424 0.954020 0.992351 0.999916 0.989377 0.961423 0.896189 0.903512 0.950780 0.944421 0.984726 0.953338 0.986364 0.972968 0.960866 0.000000 0.980937 0.966178 0.914678 0.711072 0.871585 0.982462 0.981201 0.860656 0.755456 0.954021 0.783354 0.741447 0.917650 0.791905 0.944279 0.796630 0.932040 0.980352 0.926333 0.961364 0.930653 0.954040 0.895113 0.955804 0.884258 0.848435 0.898538 0.963479 0.841657 0.872669 0.784224 0.816931 0.920398 0.874168 0.995701 0.974393 0.991013 0.962712 0.948540 0.949875 0.881048 0.959050 0.928194 0.959561 0.825094 0.883625 0.943715 0.925650 0.845906 0.935613 0.957688 0.930294 0.798976 0.945771 0.821987 0.802657 0.823894 0.985125 0.909716 0.950288 0.961959 0.847800 0.994818 0.919069 0.843044 0.951491 0.951644 0.943925 0.848977 0.882667 0.891125 0.885273 0.948565 0.998578 0.878167 0.875686 0.872516 0.951470 0.837365 0.954693 0.833315 0.924839 0.875367 0.791390 0.936418 0.904493 0.942005 0.880870 0.830334 0.973990 0.872603 0.911195 0.804884 0.851012
0.709899 0.822804 0.857807 0.652173 0.640044 0.963553 0.826761 0.669250 0.989150 0.561688 0.930160 0.631997 0.613664 0.459437 0.401951 0.391373 0.754276 0.760402 0.450776 0.535459 0.956188 0.980937 0.000000 0.363395 0.941733 0.878277 0.844299 0.978035 0.632763 0.570439 0.694113 0.661132 0.639779 0.833087 0.992913 0.893312 0.885431 0.905603 0.991070 0.988372 0.825018 0.970566 0.877589 0.930718 0.811600 0.806412 0.792682 0.837622 0.730836 0.708176 0.729612 0.774284 0.725115 0.903360 0.857950 0.764198 0.759712 0.871340 0.861619 0.781446 0.888259 0.797336 0.911618 0.858117 0.934858 0.947592 0.951679 0.848202 0.678447 0.800887 0.721561 0.933269 0.661551 0.860652 0.812481 0.923601 0.791551 0.941494 0.985467 0.892954 0.760586 0.681966 0.609609 0.798183 0.489030 0.564224 0.731921 0.574888 0.965736 0.797070 0.994918 0.952267 0.990771 0.795737 0.818285 0.883760 0.813595 0.967866 0.966790 0.890652 0.968002 0.880511 0.874381 0.898055 0.924270 0.862175 0.927815 0.913835 0.918548 0.972385 0.873351 0.949991 0.831224 0.944820 0.857451 0.898965
0.785097 0.839443 0.902350 0.650158 0.587113 0.932921 0.883228 0.683325 0.876293 0.641431 0.922624 0.634527 0.763730 0.481730 0.565879 0.409743 0.773706 0.759475 0.551430 0.573910 0.876846 0.966178 0.363395 0.000000 0.911968 0.934244 0.914820 0.955050 0.624912 0.593908 0.745366 0.695471 0.736775 0.855368 0.996505 0.752230 0.995410 0.971781 0.872817 0.875808 0.752639 0.872261 0.876847 0.901830 0.830801 0.799567 0.859183 0.881666 0.729349 0.755847 0.793570 0.863675 0.846505 0.980512 0.870637 0.977145 0.831781 0.901962 0.891910 0.888167 0.899812 0.791470 0.848659 0.833310 0.991458 0.893915 0.926050 0.904689 0.866025 0.814405 0.824225 0.950976 0.881758 0.964106 0.817537 0.902620 0.844731 0.951506 0.948779 0.856972 0.703886 0.693912 0.665519 0.720701 0.536519 0.481880 0.847111 0.534126 0.965879 0.771945 0.885249 0.820053 0.853142 0.700729 0.970865 0.896709 0.971373 0.965867 0.933071 0.967629 0.893050 0.881906 0.803198 0.916711 0.950038 0.950306 0.989611 0.897480 0.978072 0.880569 0.972578 0.989767 0.989846 0.951975 0.760302 0.831076
0.949447 0.914932 0.868454 0.764531 0.955516 0.927074 0.958661 0.886385 0.885120 0.902071 0.835345 0.885723 0.939069 0.938331 0.977717 0.977925 0.847436 0.837577 0.906642 0.964979 0.852264 0.914678 0.941733 0.911968 0.000000 0.733480 0.941636 0.896949 0.862752 0.906615 0.779841 0.733684 0.906241 0.813232 0.905146 0.851102 0.998192 0.897840 0.799751 0.904991 0.946443 0.815843 0.852614 0.815470 0.864472 0.854881 0.703713 0.847278 0.957339 0.949981 0.854483 0.758117 0.726183 0.800991 0.899202 0.880935 0.878632 0.940194 0.782333 0.921773 0.863355 0.767733 0.901777 0.987368 0.920455 0.973746 0.993240 0.983174 0.771936 0.947310 0.810045 0.960992 0.915679 0.908450 0.982298 0.834601 0.865446 0.876077 0.860073 0.755576 0.758139 0.739811 0.887575 0.934343 0.925729 0.820148 0.919347 0.881700 0.966999 0.868934 0.960889 0.877355 0.988721 0.865294 0.894741 0.948353 0.981078 0.977865 0.934238 0.972568 0.936317 0.909530 0.927136 0.990659 0.995709 0.998785 0.856445 0.929962 0.889344 0.957645 0.993495 0.938090 0.679021 0.855962 0.906901 0.886684
0.632827 0.610087 0.512357 0.536178 0.841971 0.680700 0.558775 0.764113 0.881879 0.978675 0.973811 0.703626 0.938312 0.828038 0.871946 0.803420 0.720922 0.681246 0.714858 0.694961 0.747199 0.711072 0.878277 0.934244 0.733480 0.000000 0.789825 0.946315 0.701064 0.794178 0.482959 0.708099 0.702688 0.633784 0.637524 0.684078 0.927810 0.852280 0.928754 0.895893 0.899228 0.861715 0.772571 0.805297 0.788741 0.921677 0.860378 0.866709 0.672915 0.857909 0.841838 0.774288 0.753692 0.576389 0.943601 0.956708 0.604772 0.617732 0.985170 0.939368 0.693114 0.913165 0.848222 0.858015 0.551287 0.580602 0.498929 0.485884 0.669096 0.724775 0.669343 0.683504 0.702125 0.689036 0.990540 0.890993 0.821824 0.623823 0.930182 0.883653 0.824885 0.784301 0.707378 0.845162 0.736303 0.932699 0.785806 0.817177 0.986415 0.881683 0.588542 0.702763 0.607163 0.698551 0.674252 0.987419 0.798001 0.903498 0.688242 0.764174 0.689134 0.595448 0.632705 0.748666 0.651636 0.739658 0.916353 0.771208 0.937249 0.938428 0.758293 0.816397 0.862956 0.911219 0.777998 0.932143
0.872345 0.853179 0.806690 0.892311 0.726294 0.819054 0.816519 0.923337 0.956291 0.971507 0.986520 0.900959 0.986543 0.923748 0.990999 0.955560 0.845951 0.808197 0.900066 0.868466 0.983145 0.871585 0.844299 0.914820 0.941636 0.789825 0.000000 0.891852 0.967510 0.938765 0.850445 0.857360 0.850571 0.754342 0.744288 0.890310 0.978759 0.963648 0.977638 0.917172 0.938196 0.958100 0.858164 0.820099 0.856128 0.891563 0.922940 0.845576 0.862923 0.882160 0.947480 0.971762 0.937064 0.868368 0.957155 0.845829 0.814280 0.897046 0.943081 0.956302 0.732291 0.964940 0.778354 0.912586 0.761139 0.812199 0.740511 0.646719 0.849026 0.845188 0.876389 0.895780 0.950039 0.957360 0.955075 0.980303 0.959993 0.821848 0.963125 0.994704 0.928476 0.854638 0.810024 0.926432 0.910594 0.872581 0.973532 0.851490 0.889102 0.942371 0.991106 0.967735 0.914259 0.939712 0.895566 0.954920 0.932416 0.901085 0.919047 0.871827 0.926291 0.960069 0.787565 0.980566 0.825346 0.839673 0.924150 0.929930 0.700186 0.893294 0.971032 0.885427 0.946746 0.770738 0.849132 0.910499
0.778402 0.736968 0.878422 0.968959 0.736756 0.896363 0.943695 0.785937 0.993889 0.839311 0.912325 0.694106 0.877127 0.825565 0.877006 0.793202 0.885179 0.817132 0.910495 0.848381 0.944219 0.982462 0.978035 0.955050 0.896949 0.946315 0.891852 0.000000 0.953481 0.897636 0.858733 0.865411 0.982478 0.945298 0.896011 0.844515 0.992668 0.973062 0.956315 0.950119 0.973452 0.990757 0.949583 0.924008 0.924763 0.891200 0.968066 0.876583 0.761318 0.858104 0.950228 0.915794 0.970243 0.892526 0.943745 0.891340 0.873226 0.889805 0.853455 0.889600 0.936670 0.795248 0.832955 0.815992 0.909112 0.959351 0.915624 0.874032 0.986115 0.885493 0.940780 0.931948 0.979213 0.953981 0.988047 0.893505 0.939817 0.808384 0.956974 0.883401 0.835668 0.962671 0.935137 0.994806 0.872876 0.831673 0.930907 0.978973 0.839147 0.914630 0.961190 0.987493 0.946316 0.939408 0.946624 0.965814 0.961744 0.845860 0.940008 0.901836 0.895589 0.890976 0.879932 0.737785 0.859062 0.822501 0.969660 0.918218 0.925060 0.956994 0.975269 0.833746 0.887933 0.973494 0.987653 0.966086
0.605363 0.469349 0.746347 0.959600 0.764903 0.719918 0.862667 0.760133 0.760410 0.787356 0.953809 0.502240 0.765138 0.452014 0.640696 0.510685 0.489120 0.513920 0.534481 0.494366 0.859125 0.981201 0.632763 0.624912 0.862752 0.701064 0.967510 0.953481 0.000000 0.385553 0.979414 0.860289 0.829521 0.787968 0.877584 0.904150 0.724732 0.927554 0.997154 0.690200 0.958459 0.956101 0.796954 0.710948 0.754962 0.607872 0.716615 0.681948 0.452132 0.562748 0.699032 0.809417 0.881985 0.906880 0.658726 0.907607 0.521789 0.556444 0.995335 0.937724 0.834013 0.672133 0.801756 0.576075 0.891382 0.941876 0.707466 0.833859 0.649625 0.512371 0.746950 0.692617 0.919004 0.863773 0.897549 0.906051 0.970633 0.879923 0.755480 0.855933 0.507426 0.528014 0.478274 0.545501 0.397642 0.553589 0.805924 0.518683 0.957363 0.772108 0.652739 0.578330 0.559928 0.507251 0.974630 0.991319 0.924701 0.984135 0.855618 0.947300 0.744377 0.717818 0.823582 0.793641 0.867776 0.863620 0.988944 0.681199 0.861557 0.964649 0.999675 0.973804 0.930145 0.926385 0.989309 0.808995
0.710189 0.520404 0.869233 0.853441 0.742079 0.839398 0.975536 0.782854 0.801008 0.736626 0.990441 0.628104 0.795164 0.470870 0.571933 0.508758 0.447140 0.410829 0.472639 0.527477 0.877999 0.860656 0.570439 0.593908 0.906615 0.794178 0.938765 0.897636 0.385553 0.000000 0.901430 0.718505 0.712217 0.678239 0.854435 0.995872 0.854290 0.958170 0.934887 0.667916 0.945920 0.924250 0.767194 0.694781 0.674883 0.600740 0.656944 0.649817 0.525495 0.589150 0.629721 0.755023 0.758404 0.950118 0.640012 0.923080 0.551770 0.635374 0.718845 0.855251 0.798884 0.856727 0.782528 0.620123 0.873413 0.935781 0.760231 0.875851 0.812612 0.632926 0.870010 0.748007 0.985187 0.906028 0.868940 0.976763 0.902821 0.968825 0.575104 0.639340 0.407491 0.482576 0.434802 0.494128 0.438314 0.566235 0.792648 0.527429 0.896964 0.915885 0.621296 0.606857 0.527264 0.516448 0.983821 0.964071 0.933605 0.993077 0.809915 0.990378 0.779872 0.704737 0.772378 0.853427 0.878089 0.925813 0.991582 0.667210 0.955421 0.945965 0.955380 0.996347 0.731692 0.841136 0.970282 0.871625
0.787712 0.708001 0.431348 0.346068 0.977044 0.714446 0.387589 0.574430 0.903263 0.838611 0.875316 0.863908 0.809373 0.802883 0.768214 0.826679 0.896502 0.821712 0.913256 0.932269 0.684778 0.755456 0.694113 0.745366 0.779841 0.482959 0.850445 0.858733 0.979414 0.901430 0.000000 0.417785 0.455359 0.430793 0.619140 0.750336 0.994123 0.797464 0.919379 0.943989 0.789778 0.847732 0.503726 0.625095 0.592766 0.731330 0.701475 0.666999 0.844934 0.968135 0.549904 0.548024 0.489561 0.382630 0.800084 0.917359 0.755662 0.672607 0.860698 0.899836 0.757622 0.975682 0.726704 0.936069 0.543336 0.520202 0.522666 0.506037 0.808737 0.725282 0.468166 0.595928 0.494359 0.543384 0.893318 0.780730 0.721846 0.500539 0.788265 0.853498 0.986629 0.913274 0.984304 0.937515 0.987033 0.792708 0.945471 0.866553 0.934111 0.944156 0.578834 0.752724 0.674356 0.883472 0.663635 0.881204 0.701804 0.853896 0.641600 0.631269 0.646983 0.587254 0.660295 0.691552 0.646458 0.627223 0.894251 0.840388 0.979988 0.900297 0.718267 0.817749 0.735308 0.786456 0.764183 0.909491
0.883845 0.911254 0.513819 0.443260 0.949360 0.711301 0.500203 0.538260 0.954889 0.782349 0.936148 0.996020 0.759972 0.608634 0.709108 0.682948 0.943688 0.993882 0.746506 0.996898 0.792373 0.954021 0.661132 0.695471 0.733684 0.708099 0.857360 0.865411 0.860289 0.718505 0.417785 0.000000 0.490865 0.428279 0.665812 0.773543 0.974904 0.898416 0.862050 0.856394 0.837137 0.865417 0.474138 0.528605 0.545259 0.638239 0.568363 0.621193 0.975395 0.865204 0.512302 0.550471 0.475552 0.502756 0.744035 0.930041 0.909993 0.805816 0.759533 0.823289 0.806084 0.886845 0.673337 0.887542 0.644757 0.571794 0.639789 0.606516 0.773898 0.887547 0.626044 0.726580 0.582034 0.632429 0.758762 0.810170 0.788324 0.524595 0.776364 0.788345 0.823396 0.932186 0.816543 0.994891 0.811942 0.658621 0.962282 0.740107 0.809082 0.966664 0.792738 0.923872 0.883462 0.997416 0.737473 0.791595 0.848864 0.948949 0.756327 0.610147 0.828496 0.744276 0.751835 0.726843 0.749408 0.672535 0.832373 0.954806 0.962594 0.842750 0.820041 0.730315 0.638843 0.787124 0.710872 0.786604
0.970746 0.918420 0.489245 0.524212 0.769138 0.706571 0.459610 0.567350 0.864586 0.792562 0.927782 0.955783 0.669828 0.675293 0.621730 0.738030 0.935068 0.990199 0.706644 0.887499 0.894581 0.783354 0.639779 0.736775 0.906241 0.702688 0.850571 0.982478 0.829521 0.712217 0.455359 0.490865 0.000000 0.446376 0.650452 0.754844 0.774631 0.741855 0.805659 0.842242 0.827859 0.893186 0.528063 0.554756 0.509491 0.595915 0.624007 0.558943 0.977816 0.782191 0.471457 0.564999 0.487185 0.523838 0.654681 0.976592 0.979053 0.859332 0.993700 0.899913 0.738313 0.828255 0.658339 0.797351 0.533154 0.646526 0.540249 0.561122 0.976823 0.932742 0.623446 0.704638 0.565699 0.716872 0.839349 0.901259 0.672669 0.581121 0.903443 0.872208 0.879342 0.962779 0.937877 0.895872 0.776296 0.733849 0.964086 0.745735 0.867715 0.848189 0.708566 0.813183 0.834047 0.924434 0.673726 0.912614 0.656917 0.759120 0.647033 0.604581 0.706183 0.715045 0.663668 0.638495 0.711496 0.568753 0.957580 0.938081 0.943175 0.811599 0.682927 0.599997 0.611440 0.796722 0.698991 0.986096
0.891821 0.975668 0.593361 0.551544 0.908691 0.820633 0.519506 0.551296 0.972958 0.831116 0.887972 0.999723 0.861186 0.696562 0.725776 0.847840 0.906618 0.932112 0.835528 0.988954 0.926770 0.741447 0.833087 0.855368 0.813232 0.633784 0.754342 0.945298 0.787968 0.678239 0.430793 0.428279 0.446376 0.000000 0.682734 0.646571 0.907777 0.788989 0.884055 0.792010 0.809797 0.799343 0.406190 0.425784 0.424464 0.491783 0.530939 0.460433 0.887573 0.739505 0.443226 0.495431 0.478899 0.487568 0.651734 0.864433 0.981951 0.915982 0.932544 0.996520 0.753389 0.866033 0.578831 0.759943 0.549283 0.594419 0.595003 0.479489 0.860100 0.957967 0.760768 0.845964 0.680498 0.719098 0.887542 0.843565 0.750538 0.604176 0.727272 0.823200 0.780551 0.922732 0.865386 0.839921 0.794428 0.732255 0.984770 0.727338 0.944489 0.996830 0.814825 0.967801 0.945545 0.983681 0.691458 0.942352 0.830386 0.827794 0.701134 0.623743 0.758445 0.753466 0.701510 0.785411 0.776841 0.681720 0.926433 0.972750 0.955474 0.791196 0.788702 0.711239 0.606258 0.729546 0.594756 0.922884
0.926814 0.736976 0.529873 0.709108 0.998231 0.776803 0.549383 0.719137 0.772816 0.878371 0.994116 0.905608 0.808783 0.983702 0.954746 0.943148 0.936423 0.715040 0.985422 0.869139 0.892551 0.917650 0.992913 0.996505 0.905146 0.637524 0.744288 0.896011 0.877584 0.854435 0.619140 0.665812 0.650452 0.682734 0.000000 0.828523 0.957682 0.823541 0.951919 0.937254 0.948522 0.808566 0.700577 0.791290 0.741588 0.842936 0.768847 0.788224 0.762273 0.913977 0.811148 0.853916 0.772988 0.696358 0.835283 0.980955 0.857848 0.824652 0.799962 0.802047 0.567384 0.908674 0.696473 0.933054 0.561505 0.631352 0.446461 0.487428 0.914407 0.903607 0.732985 0.684642 0.756616 0.822269 0.989468 0.928012 0.793624 0.795192 0.991175 0.825653 0.880506 0.781210 0.752516 0.842299 0.916716 0.976386 0.890197 0.973098 0.850208 0.958496 0.629015 0.745602 0.666639 0.766055 0.728653 0.877968 0.722564 0.762359 0.625205 0.639229 0.646536 0.648407 0.634741 0.644297 0.549794 0.665752 0.949656 0.840738 0.981298 0.902094 0.836518 0.720435 0.852683 0.787159 0.758492 0.870792
0.847182 0.835642 0.783265 0.846049 0.890863 0.934689 0.783623 0.986794 0.987079 0.781941 0.877340 0.727358 0.969686 0.913024 0.922405 0.795462 0.837641 0.870662 0.912003 0.811568 0.973708 0.791905 0.893312 0.752230 0.851102 0.684078 0.890310 0.844515 0.904150 0.995872 0.750336 0.773543 0.754844 0.646571 0.828523 0.000000 0.967255 0.805370 0.890070 0.985754 0.943196 0.931388 0.841154 0.845319 0.836517 0.926843 0.851099 0.922236 0.841890 0.889356 0.916840 0.889930 0.772470 0.732024 0.987035 0.981319 0.929846 0.922222 0.890137 0.903855 0.904251 0.846614 0.979444 0.884049 0.797223 0.897298 0.748391 0.709361 0.949268 0.849172 0.954481 0.883052 0.872032 0.833158 0.930866 0.896268 0.972346 0.607216 0.952338 0.921051 0.918856 0.956438 0.958686 0.979487 0.875423 0.826099 0.910650 0.954468 0.806180 0.866761 0.860769 0.955053 0.879102 0.897660 0.910152 0.930264 0.900436 0.951505 0.858975 0.893583 0.988156 0.754711 0.785369 0.804070 0.844388 0.844683 0.860372 0.998126 0.821643 0.870282 0.924602 0.916450 0.645005 0.839310 0.778182 0.932190
0.703130 0.785103 0.943122 0.942149 0.993813 0.933949 0.994651 0.895826 0.920452 0.899452 0.801867 0.722437 0.815198 0.815046 0.806575 0.951450 0.797018 0.773449 0.750510 0.784983 0.907634 0.944279 0.885431 0.995410 0.998192 0.927810 0.978759 0.992668 0.724732 0.854290 0.994123 0.974904 0.774631 0.907777 0.957682 0.967255 0.000000 0.815589 0.926308 0.764702 0.885867 0.989244 0.944132 0.866766 0.966131 0.843549 0.825781 0.820662 0.869636 0.805408 0.787209 0.819957 0.885129 0.992826 0.785851 0.943752 0.750892 0.843246 0.789340 0.853521 0.962982 0.786071 0.739978 0.678374 0.789559 0.982121 0.974956 0.953919 0.670279 0.711720 0.972603 0.911876 0.983357 0.972680 0.872407 0.908017 0.865982 0.976520 0.926198 0.990481 0.818298 0.742976 0.920880 0.985669 0.663384 0.810791 0.903770 0.877043 0.746382 0.663799 0.979657 0.982606 0.985037 0.991725 0.784644 0.949391 0.841995 0.979407 0.866849 0.833886 0.973523 0.918705 0.779664 0.859066 0.937372 0.768708 0.790860 0.972623 0.818175 0.822366 0.737083 0.700837 0.888153 0.901162 0.853185 0.884998
0.900257 0.832948 0.786564 0.866490 0.839827 0.861060 0.722024 0.864716 0.736969 0.996670 0.839602 0.912528 0.761092 0.924942 0.755394 0.993832 0.872791 0.912496 0.941689 0.993264 0.993464 0.796630 0.905603 0.971781 0.897840 0.852280 0.963648 0.973062 0.927554 0.958170 0.797464 0.898416 0.741855 0.788989 0.823541 0.805370 0.815589 0.000000 0.987638 0.995412 0.964701 0.722690 0.882390 0.913574 0.907722 0.982818 0.974008 0.850085 0.867940 0.996993 0.807229 0.863303 0.774019 0.770631 0.871736 0.898597 0.903509 0.775438 0.870392 0.902735 0.739865 0.815374 0.709453 0.917292 0.724279 0.783976 0.748594 0.836581 0.813753 0.926080 0.707896 0.780804 0.709120 0.683990 0.968195 0.928665 0.951815 0.791977 0.917332 0.917112 0.997564 0.918404 0.785069 0.836818 0.898424 0.956519 0.814637 0.873185 0.745201 0.857385 0.683303 0.730619 0.798603 0.700119 0.843314 0.888817 0.775174 0.835267 0.787528 0.729715 0.731108 0.772116 0.708773 0.751913 0.935178 0.825278 0.991124 0.855375 0.886396 0.826367 0.770861 0.777716 0.874201 0.783828 0.649687 0.937697
