0.000000 0.347633 0.925958 0.988192 0.934855 0.747521 0.621985 0.514850 0.926361 0.644227 0.510980 0.346326 0.454147 0.469959 0.603414 0.620402 0.370512 0.385589 0.519970 0.642348 0.853675 0.893060 0.775235 0.891931 0.612448 0.636797 0.777445 0.866037 0.474569 0.435486 0.592367 0.755674 0.553203 0.542578 0.997821 0.875971 0.827149 0.987985 0.856881 0.887515 0.860389 0.941049 0.452244 0.440334 0.491197 0.457254 0.554398 0.548800 0.416979 0.420630 0.471931 0.535735 0.682422 0.795965 0.610014 0.658908 0.425947 0.397008 0.407406 0.469272 0.461878 0.540358 0.379605 0.329401 0.767657 0.947458 0.740264 0.690744 0.658229 0.496200 0.785337 0.679932 0.815384 0.995648 0.958740 0.944967 0.584284 0.611487 0.666567 0.694699 0.350927 0.486945 0.757369 0.851719 0.603210 0.677927 0.723361 0.791075 0.673081 0.790238 0.658947 0.937948 0.784073 0.907032 0.746890 0.825963 0.802407 0.948785 0.450350 0.567113 0.753444 0.635024 0.471293 0.697859 0.756565 0.901156 0.928259 0.948162 0.936748 0.705978 0.794002 0.734138 0.591896 0.707129 0.930048 0.982752
0.347633 0.000000 0.961036 0.887352 0.818823 0.930053 0.800618 0.618042 0.909867 0.769248 0.627524 0.515831 0.621026 0.634581 0.767049 0.860019 0.418046 0.448442 0.665522 0.643412 0.977864 0.866505 0.973247 0.964133 0.795733 0.694394 0.769678 0.981665 0.558441 0.550733 0.638343 0.846807 0.758327 0.602836 0.977252 0.919946 0.972480 0.921644 0.861086 0.976108 0.768849 0.855136 0.506079 0.527135 0.632513 0.554982 0.620217 0.661391 0.508023 0.426349 0.517726 0.497888 0.676827 0.714923 0.726149 0.707672 0.354300 0.337469 0.476764 0.432473 0.667903 0.706975 0.541561 0.483462 0.764077 0.894169 0.783274 0.727402 0.595628 0.471552 0.862617 0.637859 0.781071 0.935298 0.983624 0.959575 0.671250 0.727470 0.630745 0.715686 0.489552 0.634286 0.828672 0.951557 0.872573 0.847219 0.749272 0.812026 0.821823 0.845561 0.746031 0.894422 0.811110 0.959017 0.888935 0.782253 0.734978 0.829603 0.580124 0.575270 0.831717 0.714522 0.611247 0.668988 0.851091 0.956443 0.879270 0.967899 0.953106 0.683114 0.972479 0.772532 0.636290 0.684692 0.969929 0.978167
0.925958 0.961036 0.000000 0.805560 0.966260 0.944414 0.666566 0.810211 0.811993 0.927195 0.945565 0.900168 0.922531 0.791185 0.903246 0.831441 0.924916 0.961878 0.935974 0.987935 0.950436 0.893647 0.944131 0.906606 0.622144 0.682555 0.958043 0.890570 0.911929 0.984460 0.864671 0.915446 0.994595 0.845591 0.849348 0.982839 0.990529 0.950791 0.767607 0.997545 0.789304 0.863998 0.969265 0.983168 0.813321 0.806877 0.785000 0.954779 0.773176 0.748825 0.770580 0.651271 0.763697 0.732115 0.972532 0.906310 0.910030 0.971796 0.877757 0.960125 0.871062 0.946809 0.915294 0.958303 0.587315 0.658694 0.772464 0.843530 0.929996 0.997578 0.908468 0.874402 0.883081 0.885633 0.996898 0.964579 0.931202 0.817738 0.994315 0.929409 0.954298 0.775469 0.991956 0.904907 0.874959 0.894721 0.837507 0.979302 0.782575 0.824647 0.932877 0.833726 0.892222 0.925261 0.792830 0.972312 0.832066 0.918979 0.864343 0.983268 0.923863 0.985311 0.987143 0.972384 0.965503 0.995030 0.726096 0.958535 0.958131 0.841049 0.967856 0.897731 0.996636 0.993797 0.931233 0.984357
0.988192 0.887352 0.805560 0.000000 0.986809 0.740740 0.981608 0.836861 0.921313 0.878204 0.798454 0.842624 0.767596 0.813874 0.875951 0.925221 0.948314 0.990058 0.901113 0.945797 0.954850 0.878511 0.733314 0.755359 0.654007 0.763689 0.873230 0.971116 0.967233 0.941481 0.923491 0.808243 0.995668 0.942782 0.893292 0.908191 0.986198 0.777294 0.860315 0.908046 0.886103 0.947035 0.913247 0.884497 0.990006 0.991173 0.934280 0.949130 0.990222 0.794282 0.783849 0.723339 0.734958 0.673167 0.956555 0.845277 0.822960 0.804438 0.887454 0.668843 0.937499 0.927655 0.966260 0.944304 0.677861 0.594991 0.591871 0.678594 0.827221 0.844040 0.725959 0.799677 0.776013 0.827963 0.905219 0.966530 0.909837 0.970387 0.936532 0.985964 0.910893 0.983624 0.912788 0.880170 0.906259 0.686215 0.988160 0.919595 0.844135 0.709591 0.596808 0.616549 0.559640 0.566076 0.998626 0.972021 0.935769 0.771940 0.820859 0.778991 0.967346 0.920199 0.888091 0.913792 0.888495 0.969336 0.954123 0.932733 0.928422 0.923968 0.804589 0.848913 0.945614 0.863096 0.789879 0.983725
0.934855 0.818823 0.966260 0.986809 0.000000 0.647255 0.777370 0.786740 0.539019 0.706039 0.968340 0.928457 0.772675 0.873543 0.728556 0.750217 0.967501 0.836286 0.792994 0.966932 0.820890 0.932006 0.650235 0.904374 0.785848 0.817549 0.838838 0.769468 0.865155 0.880714 0.970270 0.975016 0.881027 0.993929 0.948520 0.947328 0.964504 0.957825 0.993418 0.891764 0.835415 0.765435 0.964844 0.978974 0.841583 0.923566 0.923645 0.980077 0.938906 0.947410 0.865391 0.949250 0.747594 0.866609 0.995784 0.945496 0.827468 0.941966 0.970805 0.951295 0.772388 0.666486 0.880766 0.863660 0.919622 0.965816 0.946187 0.918269 0.935265 0.943271 0.703183 0.835464 0.845264 0.869405 0.895849 0.950385 0.802138 0.880858 0.759709 0.999615 0.992793 0.972887 0.831939 0.909189 0.675360 0.901288 0.928009 0.838801 0.820362 0.887694 0.723289 0.691563 0.791807 0.950486 0.937275 0.948357 0.886029 0.845446 0.892914 0.878551 0.793188 0.812602 0.926603 0.941449 0.984713 0.940288 0.778780 0.924544 0.855267 0.847272 0.831923 0.851981 0.972515 0.926937 0.987085 0.892685
0.747521 0.930053 0.944414 0.740740 0.647255 0.000000 0.580161 0.509233 0.656468 0.550857 0.862227 0.773981 0.804210 0.822130 0.716646 0.638273 0.699061 0.776823 0.586650 0.808431 0.788172 0.949387 0.570612 0.720768 0.854967 0.939526 0.902889 0.875769 0.695265 0.738421 0.705832 0.881714 0.626501 0.694082 0.766661 0.980634 0.789958 0.971324 0.959660 0.896158 0.998161 0.990358 0.714036 0.667358 0.515094 0.601251 0.768114 0.616091 0.612313 0.627263 0.537168 0.700470 0.592051 0.682941 0.768538 0.601718 0.931923 0.851237 0.683335 0.673547 0.581304 0.611518 0.675214 0.629974 0.946437 0.846199 0.580966 0.644012 0.986012 0.882978 0.773296 0.938366 0.913342 0.967859 0.942168 0.950565 0.667207 0.824695 0.957955 0.691060 0.676840 0.628420 0.899561 0.916800 0.538996 0.601558 0.957880 0.966477 0.829696 0.889530 0.507384 0.704878 0.533364 0.970501 0.883725 0.907268 0.861760 0.864865 0.518315 0.679262 0.736471 0.683355 0.685822 0.893991 0.844345 0.956976 0.996310 0.954443 0.889819 0.945128 0.838305 0.634555 0.721859 0.906085 0.847093 0.874462
0.621985 0.800618 0.666566 0.981608 0.777370 0.580161 0.000000 0.250113 0.595928 0.308686 0.501382 0.531029 0.479497 0.636009 0.573976 0.837558 0.456691 0.579293 0.386991 0.639488 0.808660 0.896430 0.911899 0.772755 0.624638 0.800757 0.601687 0.874777 0.380669 0.487611 0.496802 0.702123 0.470993 0.429352 0.934282 0.978807 0.837618 0.778428 0.887548 0.983382 0.840877 0.941630 0.484035 0.451551 0.486805 0.504847 0.477272 0.533264 0.601057 0.832994 0.717136 0.965161 0.943694 0.859276 0.799766 0.704352 0.780572 0.848619 0.476305 0.734960 0.246417 0.382751 0.337063 0.410068 0.796682 0.845703 0.716016 0.635541 0.975078 0.795653 0.872197 0.998874 0.858924 0.973973 0.994564 0.986589 0.533443 0.857409 0.713523 0.711244 0.455660 0.418587 0.805814 0.940900 0.596177 0.917159 0.827384 0.830613 0.974699 0.828925 0.645601 0.975998 0.800798 0.715820 0.872504 0.876411 0.793381 0.862965 0.529085 0.605185 0.495674 0.746971 0.587849 0.744599 0.744248 0.972005 0.847153 0.989999 0.782790 0.704414 0.743131 0.801337 0.638750 0.827101 0.907270 0.995190
0.514850 0.618042 0.810211 0.836861 0.786740 0.509233 0.250113 0.000000 0.606612 0.267837 0.497440 0.457252 0.445772 0.546089 0.501259 0.736268 0.395581 0.479095 0.329355 0.568994 0.847904 0.939020 0.770175 0.886208 0.593943 0.734937 0.611996 0.907856 0.321934 0.396473 0.432903 0.660130 0.432695 0.413452 0.958210 0.931113 0.844134 0.922635 0.996470 0.939247 0.952813 0.948280 0.412001 0.372931 0.383252 0.390691 0.472837 0.503428 0.449844 0.631623 0.555288 0.778575 0.760533 0.964140 0.698437 0.611796 0.643009 0.650846 0.426657 0.574470 0.267078 0.329294 0.320994 0.340021 0.717659 0.913693 0.680693 0.572563 0.904543 0.627555 0.677648 0.826852 0.807976 0.973867 0.993191 0.987294 0.475544 0.795134 0.731151 0.620405 0.405515 0.462724 0.805604 0.949837 0.579704 0.873099 0.802367 0.797280 0.859512 0.976523 0.534569 0.806926 0.667048 0.892981 0.852737 0.886044 0.698359 0.844954 0.377161 0.493571 0.484710 0.678257 0.500709 0.665241 0.718980 0.950569 0.867497 0.938027 0.880305 0.737807 0.669626 0.716994 0.598044 0.763704 0.938952 0.966263
0.926361 0.909867 0.811993 0.921313 0.539019 0.656468 0.595928 0.606612 0.000000 0.536697 0.913562 0.870326 0.737470 0.877988 0.801345 0.763536 0.921846 0.947431 0.701704 0.982899 0.756867 0.889054 0.742044 0.960767 0.919987 0.869309 0.917629 0.996214 0.790083 0.813101 0.813135 0.988791 0.842817 0.880914 0.886192 0.972489 0.874624 0.901735 0.959998 0.889874 0.764418 0.966022 0.899402 0.930185 0.800964 0.877938 0.935999 0.894888 0.876439 0.877658 0.931592 0.900958 0.875821 0.921723 0.769725 0.821907 0.949851 0.954921 0.849791 0.959370 0.654196 0.529373 0.802836 0.789282 0.962124 0.859295 0.976672 0.994268 0.929240 0.942719 0.703596 0.927725 0.979876 0.968763 0.995502 0.888010 0.823318 0.949311 0.800305 0.894721 0.930400 0.944836 0.854977 0.968378 0.641560 0.974788 0.877377 0.933988 0.868010 0.952655 0.735963 0.800431 0.883588 0.979818 0.860158 0.986913 0.944464 0.777952 0.793246 0.914988 0.796421 0.845169 0.975036 0.987302 0.907892 0.876384 0.861921 0.765730 0.945448 0.825336 0.835917 0.942581 0.833491 0.984405 0.847887 0.977918
0.644227 0.769248 0.927195 0.878204 0.706039 0.550857 0.308686 0.267837 0.536697 0.000000 0.592038 0.524122 0.477871 0.582449 0.504192 0.756586 0.523226 0.550469 0.385143 0.592770 0.858742 0.982418 0.794222 0.786205 0.554892 0.755980 0.637785 0.990494 0.394248 0.470343 0.428541 0.704798 0.474469 0.453968 0.974298 0.964268 0.795973 0.925974 0.898165 0.963570 0.927230 0.980533 0.467293 0.454494 0.388351 0.403962 0.566832 0.557214 0.468676 0.700220 0.579826 0.843553 0.780866 0.982240 0.723420 0.696991 0.800662 0.800706 0.570838 0.694103 0.333758 0.328610 0.416101 0.422966 0.648398 0.989765 0.782132 0.671527 0.966729 0.703873 0.646262 0.833967 0.908195 0.986023 0.929374 0.885690 0.541626 0.832703 0.812881 0.757432 0.507730 0.627978 0.883590 0.995465 0.681892 0.972164 0.815900 0.770612 0.934385 0.899843 0.519292 0.747584 0.648408 0.927047 0.916098 0.827800 0.851560 0.791416 0.417046 0.506673 0.555303 0.701159 0.553270 0.722791 0.808897 0.979005 0.852685 0.909558 0.880967 0.736740 0.709188 0.702408 0.691986 0.833772 0.951887 0.950315
0.510980 0.627524 0.945565 0.798454 0.968340 0.862227 0.501382 0.497440 0.913562 0.592038 0.000000 0.362438 0.346161 0.427905 0.499553 0.805060 0.483126 0.442227 0.503110 0.675079 0.909830 0.834382 0.960258 0.754536 0.447500 0.560376 0.555047 0.795580 0.413932 0.403886 0.644972 0.787484 0.514785 0.427987 0.873760 0.907650 0.918900 0.802174 0.821785 0.794952 0.976379 0.986234 0.516428 0.428462 0.515280 0.467664 0.592793 0.554961 0.548129 0.765302 0.712595 0.914798 0.968886 0.912645 0.846854 0.802565 0.748861 0.747650 0.571310 0.792986 0.357037 0.490141 0.347023 0.381148 0.554144 0.843719 0.988087 0.832387 0.918970 0.741707 0.924388 0.912355 0.964406 0.829019 0.951426 0.836144 0.650433 0.751824 0.667157 0.599314 0.381107 0.472205 0.756003 0.700626 0.767079 0.973173 0.821887 0.773674 0.828356 0.942381 0.891914 0.835249 0.978498 0.625697 0.885886 0.916866 0.815757 0.929513 0.602204 0.788438 0.515756 0.833378 0.587259 0.697853 0.898233 0.930782 0.979810 0.894740 0.813936 0.761284 0.801373 0.904742 0.701774 0.846082 0.979719 0.910473
0.346326 0.515831 0.900168 0.842624 0.928457 0.773981 0.531029 0.457252 0.870326 0.524122 0.362438 0.000000 0.290182 0.286499 0.392411 0.533457 0.411700 0.360938 0.443994 0.579285 0.831488 0.904449 0.777324 0.993756 0.415551 0.517843 0.691416 0.799545 0.377676 0.308272 0.513627 0.692437 0.418429 0.416795 0.911029 0.982762 0.829555 0.954850 0.850987 0.878206 0.925846 0.976845 0.504413 0.404730 0.378621 0.365342 0.610661 0.580152 0.373604 0.556641 0.586794 0.707002 0.780628 0.992828 0.720854 0.720677 0.631993 0.613179 0.563717 0.735367 0.363322 0.406755 0.349743 0.281676 0.566723 0.756582 0.897779 0.786167 0.855709 0.553607 0.781656 0.744163 0.913957 0.993892 0.947639 0.944037 0.609083 0.764558 0.667672 0.547260 0.318720 0.458788 0.652185 0.723557 0.577772 0.780237 0.816661 0.860670 0.663487 0.904703 0.824537 0.938009 0.964965 0.754760 0.892446 0.882952 0.856973 0.985126 0.490753 0.588983 0.651647 0.712611 0.468728 0.597765 0.827568 0.978125 0.898244 0.993502 0.894158 0.738546 0.790377 0.719621 0.660481 0.711949 0.964055 0.960389
0.454147 0.621026 0.922531 0.767596 0.772675 0.804210 0.479497 0.445772 0.737470 0.477871 0.346161 0.290182 0.000000 0.273102 0.323408 0.595622 0.492054 0.496402 0.443964 0.611598 0.780672 0.946678 0.803736 0.888940 0.376082 0.461801 0.673699 0.816143 0.342126 0.297625 0.550477 0.702015 0.426543 0.485173 0.902650 0.918911 0.943886 0.826646 0.860554 0.829070 0.975832 0.930866 0.537614 0.468234 0.435063 0.403058 0.626283 0.597633 0.457872 0.714893 0.713109 0.858676 0.893409 0.872522 0.816420 0.760040 0.756525 0.671252 0.613812 0.823360 0.299344 0.337339 0.361865 0.300189 0.540348 0.798609 0.978891 0.843607 0.922076 0.595218 0.727839 0.774615 0.905081 0.954394 0.950495 0.903708 0.586076 0.716889 0.763428 0.632983 0.373412 0.511517 0.636146 0.794491 0.628080 0.933395 0.841237 0.835285 0.734846 0.973456 0.894147 0.939074 0.943487 0.698036 0.907092 0.867368 0.792977 0.936762 0.559130 0.674585 0.613770 0.744063 0.573158 0.610808 0.960485 0.950472 0.906898 0.999166 0.821522 0.780496 0.749471 0.808819 0.722338 0.705984 0.979752 0.915461
0.469959 0.634581 0.791185 0.813874 0.873543 0.822130 0.636009 0.546089 0.877988 0.582449 0.427905 0.286499 0.273102 0.000000 0.318113 0.463138 0.504774 0.447729 0.506864 0.520834 0.903623 0.997216 0.694299 0.945225 0.398374 0.519331 0.710695 0.848588 0.394861 0.325735 0.574161 0.650948 0.485566 0.529293 0.879424 0.973350 0.909315 0.918108 0.971386 0.840339 0.976312 0.941840 0.625218 0.510723 0.445096 0.411102 0.629195 0.669561 0.430277 0.636297 0.679402 0.766103 0.860427 0.948881 0.802474 0.787534 0.779488 0.635716 0.715729 0.829449 0.428120 0.402568 0.427013 0.324709 0.549222 0.777296 0.963388 0.860152 0.976801 0.611945 0.692662 0.708407 0.913008 0.998055 0.890813 0.981410 0.661891 0.835304 0.725034 0.585991 0.412584 0.534879 0.603766 0.744507 0.589549 0.854820 0.901449 0.917800 0.659797 0.855994 0.910345 0.955153 0.976009 0.778932 0.863408 0.910946 0.879089 0.962184 0.571215 0.700351 0.681007 0.771590 0.587121 0.645807 0.859702 0.977247 0.992850 0.996515 0.838237 0.816495 0.778546 0.814912 0.714781 0.742728 0.958042 0.994987
0.603414 0.767049 0.903246 0.875951 0.728556 0.716646 0.573976 0.501259 0.801345 0.504192 0.499553 0.392411 0.323408 0.318113 0.000000 0.443349 0.623904 0.547821 0.538216 0.606397 0.837288 0.946850 0.575978 0.914198 0.422164 0.527355 0.749810 0.830886 0.408639 0.367099 0.601290 0.680476 0.444714 0.554180 0.992949 0.983135 0.897703 0.911785 0.973661 0.877710 0.980580 0.912287 0.657177 0.586972 0.414002 0.425339 0.683343 0.658321 0.440804 0.669357 0.684889 0.785885 0.780809 0.966572 0.895799 0.829046 0.939756 0.763391 0.784121 0.890810 0.420428 0.430039 0.461692 0.397952 0.605688 0.771030 0.923104 0.876870 0.947335 0.593295 0.625898 0.664347 0.944304 0.962378 0.818419 0.981409 0.621842 0.928594 0.802618 0.634861 0.483068 0.587861 0.518821 0.757468 0.527989 0.799916 0.962992 0.969574 0.672401 0.868560 0.847676 0.927978 0.913416 0.849531 0.897648 0.979457 0.966007 0.946523 0.536253 0.652792 0.624689 0.762417 0.599424 0.600777 0.924262 0.923433 0.940646 0.956752 0.971890 0.935753 0.808271 0.724586 0.835648 0.731490 0.982096 0.929597
0.620402 0.860019 0.831441 0.925221 0.750217 0.638273 0.837558 0.736268 0.763536 0.756586 0.805060 0.533457 0.595622 0.463138 0.443349 0.000000 0.814562 0.766154 0.670950 0.721784 0.831169 0.879072 0.313893 0.517020 0.710127 0.675749 0.940283 0.843521 0.716952 0.563801 0.788739 0.725619 0.667404 0.800580 0.900895 0.899217 0.885507 0.991753 0.974376 0.903009 0.855873 0.783675 0.902117 0.765848 0.559766 0.648639 0.894414 0.767946 0.580941 0.609813 0.686781 0.655484 0.625661 0.810243 0.833205 0.855758 0.992083 0.762823 0.877445 0.841167 0.665847 0.634709 0.717968 0.593953 0.949485 0.932491 0.794677 0.900245 0.973902 0.716910 0.622601 0.768134 0.901879 0.952744 0.808682 0.924847 0.821465 0.964047 0.982868 0.751881 0.697890 0.693555 0.482588 0.783632 0.346441 0.510120 0.969193 0.728285 0.485522 0.580772 0.784658 0.815695 0.794555 0.961709 0.848864 0.987061 0.950800 0.998168 0.624249 0.709996 0.914699 0.764882 0.662146 0.896680 0.831376 0.904610 0.950848 0.939941 0.989030 0.924114 0.816529 0.712716 0.853163 0.865067 0.830050 0.973815
0.370512 0.418046 0.924916 0.948314 0.967501 0.699061 0.456691 0.395581 0.921846 0.523226 0.483126 0.411700 0.492054 0.504774 0.623904 0.814562 0.000000 0.339482 0.447743 0.569058 0.846886 0.827856 0.928034 0.917673 0.615219 0.668395 0.636503 0.901552 0.364257 0.418113 0.503729 0.728385 0.491011 0.381545 0.941395 0.960217 0.819051 0.885333 0.877911 0.992689 0.996339 0.801802 0.432052 0.361463 0.440708 0.423951 0.391629 0.480887 0.460399 0.550015 0.583588 0.729779 0.802922 0.918770 0.626773 0.614695 0.490835 0.530366 0.392422 0.482859 0.394056 0.482862 0.324301 0.314035 0.703298 0.992979 0.679644 0.593675 0.787616 0.560321 0.899788 0.767729 0.816208 0.978538 0.992724 0.997022 0.485592 0.702635 0.597797 0.646826 0.335356 0.399573 0.818688 0.786532 0.712804 0.840120 0.872574 0.772237 0.863192 0.951810 0.632690 0.972990 0.773148 0.849842 0.834772 0.772433 0.727180 0.923669 0.465156 0.512925 0.581310 0.633593 0.542127 0.645608 0.817075 0.872073 0.926207 0.927798 0.821864 0.608163 0.810024 0.744912 0.554469 0.714021 0.905242 0.835012
0.385589 0.448442 0.961878 0.990058 0.836286 0.776823 0.579293 0.479095 0.947431 0.550469 0.442227 0.360938 0.496402 0.447729 0.547821 0.766154 0.339482 0.000000 0.483704 0.472757 0.934634 0.920789 0.922400 0.943119 0.580092 0.714984 0.598451 0.965071 0.373114 0.344748 0.474368 0.616474 0.472069 0.403970 0.911730 0.930546 0.842017 0.976652 0.918911 0.928176 0.887574 0.879422 0.374337 0.341499 0.424670 0.334469 0.476877 0.499745 0.374922 0.469873 0.508026 0.639938 0.815682 0.867244 0.710308 0.626846 0.548496 0.548995 0.504486 0.559702 0.480889 0.527093 0.375864 0.337086 0.609634 0.885272 0.727956 0.605984 0.808202 0.529846 0.841682 0.709097 0.796814 0.919215 0.989099 0.958649 0.624915 0.754473 0.500287 0.482941 0.296112 0.440713 0.833810 0.725717 0.798325 0.836575 0.840465 0.748582 0.860504 0.948205 0.745340 0.977454 0.811502 0.821616 0.743709 0.881818 0.814390 0.927900 0.464922 0.524330 0.662874 0.728827 0.429096 0.618159 0.806944 0.929789 0.989465 0.960782 0.901813 0.695022 0.798316 0.792784 0.658065 0.726447 0.972856 0.908873
0.519970 0.665522 0.935974 0.901113 0.792994 0.586650 0.386991 0.329355 0.701704 0.385143 0.503110 0.443994 0.443964 0.506864 0.538216 0.670950 0.447743 0.483704 0.000000 0.467684 0.724006 0.891722 0.777443 0.925743 0.565217 0.723579 0.648933 0.985026 0.363455 0.395169 0.502774 0.598968 0.477571 0.395233 0.978855 0.972897 0.829301 0.929608 0.934432 0.844082 0.909115 0.887247 0.415750 0.317072 0.400673 0.388165 0.553549 0.502203 0.510586 0.631516 0.595419 0.780690 0.814880 0.969958 0.733612 0.638965 0.700803 0.721988 0.509003 0.629820 0.347645 0.357738 0.372294 0.376554 0.711204 0.857291 0.666596 0.585718 0.870267 0.726909 0.694280 0.759206 0.743676 0.888627 0.990533 0.979720 0.593601 0.749095 0.752853 0.642935 0.456831 0.455875 0.757573 0.817637 0.603704 0.853179 0.812188 0.905747 0.787435 0.998070 0.566456 0.887392 0.743570 0.838840 0.920662 0.972558 0.789154 0.952831 0.421768 0.547869 0.606052 0.675119 0.461692 0.702463 0.757489 0.940152 0.922083 0.978243 0.797942 0.744072 0.722641 0.682708 0.646713 0.749310 0.845217 0.924130
0.642348 0.643412 0.987935 0.945797 0.966932 0.808431 0.639488 0.568994 0.982899 0.592770 0.675079 0.579285 0.611598 0.520834 0.606397 0.721784 0.569058 0.472757 0.467684 0.000000 0.959677 0.860149 0.831532 0.957401 0.707277 0.891166 0.768649 0.991022 0.484132 0.500456 0.589975 0.619540 0.604102 0.575886 0.931261 0.982078 0.952328 0.970719 0.954819 0.913979 0.969010 0.984174 0.618079 0.499601 0.544125 0.485993 0.581578 0.617219 0.565846 0.636727 0.634224 0.747533 0.880158 0.928994 0.792490 0.727626 0.727096 0.656498 0.652601 0.693403 0.569708 0.586623 0.498712 0.469591 0.746293 0.902393 0.671538 0.588851 0.795518 0.687322 0.786434 0.818589 0.868597 0.818629 0.974883 0.995616 0.658478 0.934854 0.632926 0.586800 0.563255 0.538177 0.760662 0.821687 0.716817 0.843936 0.881159 0.970829 0.837058 0.988148 0.723593 0.948748 0.823780 0.878949 0.796969 0.912036 0.867420 0.774472 0.573567 0.640863 0.794706 0.794689 0.624813 0.604396 0.734433 0.941025 0.971819 0.976448 0.841747 0.798000 0.832495 0.753302 0.833704 0.745847 0.889936 0.928521
0.853675 0.977864 0.950436 0.954850 0.820890 0.788172 0.808660 0.847904 0.756867 0.858742 0.909830 0.831488 0.780672 0.903623 0.837288 0.831169 0.846886 0.934634 0.724006 0.959677 0.000000 0.977884 0.880084 0.897790 0.914238 0.785386 0.870715 0.932347 0.863727 0.867131 0.985263 0.943921 0.943194 0.853702 0.980488 0.955520 0.920442 0.913831 0.732578 0.894404 0.943461 0.984647 0.880512 0.827322 0.830942 0.845299 0.988429 0.770399 0.899672 0.949481 0.886744 0.925572 0.826742 0.870497 0.998749 0.823224 0.917385 0.955218 0.905600 0.900599 0.807861 0.830092 0.863224 0.838385 0.924513 0.908237 0.996443 0.966232 0.979784 0.880408 0.831018 0.884160 0.991209 0.998429 0.932578 0.932944 0.919434 0.874578 0.978923 0.984473 0.908495 0.862120 0.856981 0.824948 0.847392 0.988692 0.929118 0.911789 0.905987 0.993009 0.782449 0.894160 0.912287 0.980060 0.957588 0.856890 0.965017 0.945789 0.867965 0.868094 0.941982 0.808742 0.849354 0.986281 0.998159 0.835170 0.887644 0.918817 0.851158 0.853210 0.850883 0.791203 0.932858 0.822018 0.793767 0.958470
0.893060 0.866505 0.893647 0.878511 0.932006 0.949387 0.896430 0.939020 0.889054 0.982418 0.834382 0.904449 0.946678 0.997216 0.946850 0.879072 0.827856 0.920789 0.891722 0.860149 0.977884 0.000000 0.870865 0.796520 0.992548 0.896078 0.876768 0.925291 0.921975 0.963613 0.975707 0.960291 0.896042 0.888731 0.825297 0.834062 0.875214 0.992993 0.884572 0.811668 0.900469 0.839320 0.924365 0.923466 0.994244 0.988157 0.872527 0.942881 0.931448 0.954056 0.924850 0.868438 0.915401 0.890831 0.885247 0.977359 0.812915 0.927926 0.919870 0.942056 0.904545 0.949701 0.923759 0.939687 0.961463 0.919745 0.977422 0.932413 0.914568 0.954387 0.855089 0.946756 0.936713 0.952985 0.992856 0.953088 0.934620 0.932977 0.982460 0.947892 0.978882 0.936636 0.961464 0.871326 0.953518 0.899094 0.893882 0.805239 0.972189 0.853246 0.884757 0.815748 0.898742 0.840595 0.829861 0.935311 0.966614 0.884104 0.996580 0.947513 0.938273 0.925773 0.993038 0.952124 0.989492 0.928693 0.834047 0.954796 0.925431 0.849058 0.918969 0.941798 0.881851 0.918708 0.819937 0.841427
0.775235 0.973247 0.944131 0.733314 0.650235 0.570612 0.911899 0.770175 0.742044 0.794222 0.960258 0.777324 0.803736 0.694299 0.575978 0.313893 0.928034 0.922400 0.777443 0.831532 0.880084 0.870865 0.000000 0.448167 0.909005 0.833612 0.762849 0.843043 0.826392 0.725590 0.827767 0.706809 0.753327 0.960161 0.822519 0.907556 0.870504 0.926093 0.840826 0.942287 0.920448 0.884649 0.982123 0.932662 0.716019 0.787281 0.996463 0.903983 0.736200 0.668551 0.737997 0.678527 0.609333 0.746455 0.914291 0.853734 0.987774 0.801644 0.955439 0.851256 0.819425 0.783468 0.883292 0.776659 0.850456 0.914356 0.679343 0.855548 0.963488 0.734443 0.531476 0.773872 0.877880 0.982464 0.965570 0.908532 0.797361 0.977360 0.882373 0.844872 0.891040 0.821646 0.586290 0.917152 0.385395 0.444717 0.938409 0.649996 0.592204 0.470121 0.717609 0.646186 0.675537 0.761436 0.890583 0.955157 0.985176 0.959378 0.727373 0.744586 0.929249 0.773927 0.771033 0.949748 0.857403 0.850992 0.867968 0.971383 0.952965 0.807860 0.790390 0.710530 0.995508 0.965095 0.880758 0.982215
0.891931 0.964133 0.906606 0.755359 0.904374 0.720768 0.772755 0.886208 0.960767 0.786205 0.754536 0.993756 0.888940 0.945225 0.914198 0.517020 0.917673 0.943119 0.925743 0.957401 0.897790 0.796520 0.448167 0.000000 0.872677 0.988092 0.631954 0.934915 0.876843 0.984980 0.894311 0.919927 0.994308 0.828768 0.850267 0.824076 0.986655 0.838651 0.994345 0.975807 0.821970 0.898268 0.799021 0.886314 0.935736 0.993662 0.894472 0.951215 0.935301 0.714826 0.811816 0.670954 0.677806 0.661426 0.950831 0.895723 0.975478 0.848312 0.948092 0.892347 0.843735 0.845740 0.854939 0.977763 0.746696 0.894688 0.657845 0.864451 0.992646 0.782356 0.850664 0.866582 0.978929 0.924042 0.855870 0.968764 0.985318 0.944554 0.954929 0.904425 0.966957 0.918964 0.712358 0.935572 0.618880 0.442076 0.825987 0.571907 0.661461 0.572430 0.850381 0.846167 0.775197 0.773219 0.911298 0.924183 0.931716 0.999570 0.884534 0.901377 0.816028 0.876703 0.892567 0.970411 0.882504 0.818488 0.781679 0.804159 0.974165 0.727510 0.938819 0.764450 0.985981 0.860446 0.907538 0.958761
0.612448 0.795733 0.622144 0.654007 0.785848 0.854967 0.624638 0.593943 0.919987 0.554892 0.447500 0.415551 0.376082 0.398374 0.422164 0.710127 0.615219 0.580092 0.565217 0.707277 0.914238 0.992548 0.909005 0.872677 0.000000 0.476705 0.638015 0.935377 0.488326 0.501061 0.691376 0.779696 0.508187 0.621130 0.842755 0.996357 0.875611 0.867021 0.973079 0.853387 0.981147 0.893980 0.591445 0.536671 0.410565 0.416455 0.713536 0.691052 0.485242 0.711214 0.684369 0.808216 0.868716 0.982481 0.819239 0.915914 0.913222 0.916537 0.766607 0.889489 0.464722 0.433248 0.495941 0.440230 0.406389 0.716480 0.938487 0.931897 0.882101 0.718164 0.828765 0.828608 0.993093 0.901862 0.956908 0.961605 0.645566 0.807160 0.752548 0.619950 0.437950 0.682117 0.747352 0.833756 0.799461 0.950862 0.943368 0.819314 0.725963 0.989187 0.807517 0.999910 0.930707 0.733777 0.817386 0.994451 0.950410 0.942423 0.545402 0.691359 0.620303 0.756533 0.609834 0.593976 0.891811 0.953716 0.882970 0.975288 0.858081 0.882833 0.811893 0.825270 0.701650 0.739691 0.902091 0.898979
0.636797 0.694394 0.682555 0.763689 0.817549 0.939526 0.800757 0.734937 0.869309 0.755980 0.560376 0.517843 0.461801 0.519331 0.527355 0.675749 0.668395 0.714984 0.723579 0.891166 0.785386 0.896078 0.833612 0.988092 0.476705 0.000000 0.887757 0.822777 0.680288 0.646906 0.777699 0.916324 0.763813 0.826375 0.817771 0.959698 0.988442 0.923084 0.967059 0.987621 0.970828 0.967484 0.781688 0.717752 0.626120 0.640145 0.914434 0.783480 0.609738 0.758123 0.810140 0.792936 0.769336 0.926023 0.927328 0.967566 0.907169 0.782632 0.909921 0.926712 0.647918 0.565178 0.701621 0.592701 0.605331 0.623334 0.823893 0.866723 0.987955 0.743877 0.815982 0.777945 0.930549 0.791427 0.827226 0.903378 0.798201 0.755967 0.870219 0.761638 0.646503 0.809657 0.651745 0.854273 0.783424 0.989710 0.913258 0.929290 0.685386 0.814768 0.862195 0.892950 0.992763 0.962792 0.986836 0.847922 0.998648 0.986317 0.722850 0.671488 0.776142 0.852841 0.699568 0.713172 0.934116 0.971877 0.909560 0.938849 0.992448 0.977808 0.938723 0.805429 0.920165 0.927976 0.915900 0.919999
0.777445 0.769678 0.958043 0.873230 0.838838 0.902889 0.601687 0.611996 0.917629 0.637785 0.555047 0.691416 0.673699 0.710695 0.749810 0.940283 0.636503 0.598451 0.648933 0.768649 0.870715 0.876768 0.762849 0.631954 0.638015 0.887757 0.000000 0.952375 0.617584 0.666144 0.688730 0.845692 0.693344 0.523692 0.968774 0.921195 0.794211 0.795873 0.998636 0.870495 0.971963 0.923495 0.618077 0.562575 0.634318 0.611127 0.550891 0.693205 0.662315 0.828480 0.855437 0.974511 0.809062 0.848339 0.810104 0.853800 0.888099 0.992418 0.742549 0.866220 0.592172 0.654673 0.621333 0.651237 0.717807 0.962886 0.887309 0.727901 0.918493 0.957006 0.908904 0.819057 0.941546 0.999152 0.985275 0.998733 0.818192 0.855013 0.791465 0.746124 0.576756 0.676818 0.946809 0.983679 0.940562 0.876243 0.760796 0.651952 0.944733 0.810763 0.912702 0.876413 0.951799 0.709686 0.850350 0.968215 0.939448 0.993412 0.668663 0.785224 0.675373 0.915942 0.724700 0.798812 0.883483 0.866723 0.870439 0.958242 0.985407 0.705217 0.908517 0.985464 0.740632 0.805572 0.989695 0.942084
0.866037 0.981665 0.890570 0.971116 0.769468 0.875769 0.874777 0.907856 0.996214 0.990494 0.795580 0.799545 0.816143 0.848588 0.830886 0.843521 0.901552 0.965071 0.985026 0.991022 0.932347 0.925291 0.843043 0.934915 0.935377 0.822777 0.952375 0.000000 0.900140 0.872684 0.971174 0.960199 0.968391 0.917220 0.978712 0.878451 0.971742 0.872241 0.895783 0.970979 0.884052 0.951338 0.974598 0.983295 0.957817 0.986833 0.954194 0.986348 0.946395 0.955698 0.964416 0.963081 0.971143 0.981943 0.859591 0.984397 0.993576 0.926106 0.964724 0.943012 0.819153 0.975434 0.876911 0.869690 0.901340 0.886280 0.947938 0.965655 0.931255 0.935248 0.890419 0.975699 0.866384 0.831582 0.983518 0.863916 0.987917 0.971712 0.952605 0.813610 0.890622 0.820596 0.892356 0.897677 0.734288 0.778861 0.990183 0.916783 0.887487 0.863272 0.994175 0.976064 0.982272 0.975846 0.985265 0.971511 0.923433 0.947208 0.989919 0.963822 0.927562 0.924389 0.959991 0.883552 0.855430 0.857423 0.871111 0.974584 0.960678 0.920046 0.965363 0.991854 0.991951 0.853506 0.867178 0.977904
0.474569 0.558441 0.911929 0.967233 0.865155 0.695265 0.380669 0.321934 0.790083 0.394248 0.413932 0.377676 0.342126 0.394861 0.408639 0.716952 0.364257 0.373114 0.363455 0.484132 0.863727 0.921975 0.826392 0.876843 0.488326 0.680288 0.617584 0.900140 0.000000 0.273372 0.397301 0.601803 0.436507 0.337405 0.999185 0.984594 0.918629 0.909364 0.891267 0.774183 0.986813 0.995594 0.425014 0.365363 0.403255 0.328364 0.443323 0.519364 0.420372 0.585282 0.576595 0.783041 0.837077 0.994687 0.728933 0.624147 0.614254 0.630240 0.486939 0.648167 0.308167 0.393733 0.260038 0.288967 0.569084 0.921899 0.775746 0.666631 0.874088 0.605034 0.708703 0.729828 0.797305 0.948799 0.960832 0.908639 0.517610 0.835305 0.582318 0.545994 0.297329 0.369177 0.790227 0.840300 0.649676 0.900560 0.891675 0.825297 0.852748 0.996605 0.739708 0.982779 0.869072 0.728663 0.911231 0.905250 0.728055 0.902448 0.491327 0.582204 0.499059 0.641139 0.501862 0.539674 0.816317 0.946485 0.914434 0.959266 0.808462 0.706643 0.767363 0.732330 0.640093 0.675913 0.979735 0.916623
0.435486 0.550733 0.984460 0.941481 0.880714 0.738421 0.487611 0.396473 0.813101 0.470343 0.403886 0.308272 0.297625 0.325735 0.367099 0.563801 0.418113 0.344748 0.395169 0.500456 0.867131 0.963613 0.725590 0.984980 0.501061 0.646906 0.666144 0.872684 0.273372 0.000000 0.464628 0.562258 0.393958 0.368384 0.974863 0.961885 0.905866 0.945030 0.875064 0.777803 0.927305 0.951630 0.494316 0.420851 0.406182 0.361695 0.511337 0.548095 0.418383 0.584225 0.607186 0.767196 0.868418 0.957739 0.716521 0.679436 0.610393 0.615093 0.509527 0.664892 0.333397 0.392075 0.317607 0.274357 0.618560 0.915721 0.793866 0.643032 0.808969 0.540859 0.658289 0.783432 0.834775 0.893997 0.935670 0.911556 0.587462 0.739985 0.638631 0.535424 0.325669 0.418758 0.650312 0.756134 0.593657 0.832711 0.872486 0.950238 0.714563 0.905076 0.826377 0.919186 0.936050 0.735368 0.856111 0.874175 0.706021 0.976459 0.480792 0.594809 0.583679 0.700012 0.445785 0.606655 0.882434 0.940929 0.959041 0.977613 0.851818 0.782226 0.752466 0.758051 0.685130 0.687733 0.998311 0.998049
0.592367 0.638343 0.864671 0.923491 0.970270 0.705832 0.496802 0.432903 0.813135 0.428541 0.644972 0.513627 0.550477 0.574161 0.601290 0.788739 0.503729 0.474368 0.502774 0.589975 0.985263 0.975707 0.827767 0.894311 0.691376 0.777699 0.688730 0.971174 0.397301 0.464628 0.000000 0.562986 0.518583 0.446812 0.981648 0.979962 0.914275 0.898959 0.993215 0.993620 0.969411 0.965441 0.544475 0.481832 0.517815 0.484592 0.591302 0.624242 0.524256 0.638811 0.708374 0.828275 0.871451 0.948578 0.783119 0.641369 0.622515 0.693221 0.632264 0.779948 0.493016 0.543650 0.474310 0.437775 0.697266 0.897244 0.775702 0.702148 0.920199 0.680150 0.814143 0.694022 0.904874 0.979542 0.914926 0.816693 0.611252 0.896904 0.719641 0.620207 0.444371 0.557308 0.968177 0.909902 0.704652 0.915668 0.775111 0.721936 0.946565 0.940721 0.775514 0.965884 0.841863 0.871597 0.892412 0.899994 0.921989 0.880401 0.572532 0.486917 0.638193 0.634312 0.528923 0.758675 0.862904 0.935949 0.816364 0.925979 0.912950 0.736447 0.739165 0.801029 0.754377 0.843392 0.911928 0.909835
0.755674 0.846807 0.915446 0.808243 0.975016 0.881714 0.702123 0.660130 0.988791 0.704798 0.787484 0.692437 0.702015 0.650948 0.680476 0.725619 0.728385 0.616474 0.598968 0.619540 0.943921 0.960291 0.706809 0.919927 0.779696 0.916324 0.845692 0.960199 0.601803 0.562258 0.562986 0.000000 0.616872 0.650526 0.939792 0.789793 0.967682 0.879087 0.935115 0.789497 0.958310 0.888695 0.636759 0.604097 0.744114 0.636346 0.685964 0.758247 0.759957 0.757889 0.832631 0.871910 0.993657 0.916434 0.981186 0.800467 0.857589 0.903108 0.835023 0.850564 0.675194 0.757982 0.677723 0.678000 0.982003 0.858429 0.760863 0.688118 0.996726 0.768240 0.779403 0.815203 0.702256 0.862685 0.968629 0.942571 0.780478 0.937912 0.811818 0.679165 0.677979 0.597273 0.765935 0.890419 0.756184 0.762841 0.926407 0.970467 0.901575 0.734319 0.852488 0.983068 0.870035 0.906310 0.946493 0.916908 0.911198 0.916746 0.763826 0.699619 0.901190 0.833867 0.577010 0.846425 0.823696 0.899635 0.963328 0.876153 0.962259 0.998334 0.726733 0.982272 0.865049 0.948149 0.888935 0.916626
0.553203 0.758327 0.994595 0.995668 0.881027 0.626501 0.470993 0.432695 0.842817 0.474469 0.514785 0.418429 0.426543 0.485566 0.444714 0.667404 0.491011 0.472069 0.477571 0.604102 0.943194 0.896042 0.753327 0.994308 0.508187 0.763813 0.693344 0.968391 0.436507 0.393958 0.518583 0.616872 0.000000 0.467549 0.950196 0.965337 0.826998 0.928783 0.994693 0.982505 0.884936 0.933847 0.522840 0.444143 0.372022 0.388657 0.553999 0.531090 0.476672 0.677759 0.682384 0.863218 0.907403 0.911894 0.788895 0.673479 0.724385 0.774039 0.538414 0.781155 0.369561 0.436145 0.401275 0.359393 0.644345 0.983765 0.707339 0.593869 0.912586 0.624557 0.830631 0.831872 0.840477 0.866823 0.993349 0.840509 0.533441 0.756547 0.787008 0.522830 0.385678 0.485219 0.758070 0.702441 0.638362 0.750374 0.955109 0.880526 0.836496 0.972420 0.805015 0.880841 0.900329 0.677407 0.837977 0.997606 0.805018 0.987326 0.456778 0.636460 0.610403 0.799552 0.524337 0.605942 0.812798 0.914091 0.943736 0.973728 0.889685 0.826922 0.728667 0.718571 0.764379 0.757704 0.992094 0.994533
0.542578 0.602836 0.845591 0.942782 0.993929 0.694082 0.429352 0.413452 0.880914 0.453968 0.427987 0.416795 0.485173 0.529293 0.554180 0.800580 0.381545 0.403970 0.395233 0.575886 0.853702 0.888731 0.960161 0.828768 0.621130 0.826375 0.523692 0.917220 0.337405 0.368384 0.446812 0.650526 0.467549 0.000000 0.975322 0.858635 0.730212 0.854013 0.851988 0.826657 0.954817 0.998112 0.455195 0.332491 0.405222 0.372648 0.425185 0.554888 0.482206 0.644699 0.651246 0.863286 0.910656 0.952317 0.705118 0.638347 0.684484 0.786659 0.505111 0.711982 0.371652 0.495141 0.345322 0.369913 0.643526 0.973937 0.716484 0.551004 0.867234 0.700110 0.840841 0.759860 0.868379 0.933928 0.984488 0.920377 0.559004 0.793844 0.670532 0.635367 0.360404 0.379637 0.790264 0.719363 0.730030 0.855668 0.852692 0.842596 0.982959 0.915049 0.749983 0.910560 0.893037 0.686318 0.987076 0.857195 0.890061 0.998426 0.516091 0.601613 0.612840 0.669051 0.483045 0.749151 0.863347 0.967585 0.801449 0.910563 0.757302 0.684177 0.781744 0.751585 0.641081 0.754078 0.915394 0.952900
0.997821 0.977252 0.849348 0.893292 0.948520 0.766661 0.934282 0.958210 0.886192 0.974298 0.873760 0.911029 0.902650 0.879424 0.992949 0.900895 0.941395 0.911730 0.978855 0.931261 0.980488 0.825297 0.822519 0.850267 0.842755 0.817771 0.968774 0.978712 0.999185 0.974863 0.981648 0.939792 0.950196 0.975322 0.000000 0.898788 0.869859 0.863368 0.805841 0.998189 0.916369 0.929067 0.939140 0.900215 0.953792 0.991048 0.873844 0.952415 0.988205 0.940513 0.963241 0.936728 0.994304 0.947565 0.712041 0.858715 0.985645 0.969571 0.902837 0.881581 0.955257 0.947980 0.994048 0.975105 0.772355 0.806907 0.720844 0.871517 0.935923 0.993938 0.850193 0.910849 0.943288 0.911887 0.883873 0.923391 0.889695 0.857126 0.897939 0.832037 0.990361 0.949820 0.882278 0.983323 0.864323 0.782526 0.934999 0.920307 0.977163 0.999346 0.904635 0.960199 0.840921 0.954826 0.974632 0.905524 0.931727 0.841968 0.953459 0.886499 0.922149 0.838301 0.958402 0.989185 0.980217 0.952534 0.861427 0.979093 0.942798 0.820586 0.869479 0.924489 0.851210 0.976513 0.839298 0.941753
0.875971 0.919946 0.982839 0.908191 0.947328 0.980634 0.978807 0.931113 0.972489 0.964268 0.907650 0.982762 0.918911 0.973350 0.983135 0.899217 0.960217 0.930546 0.972897 0.982078 0.955520 0.834062 0.907556 0.824076 0.996357 0.959698 0.921195 0.878451 0.984594 0.961885 0.979962 0.789793 0.965337 0.858635 0.898788 0.000000 0.954119 0.884388 0.919452 0.984210 0.869452 0.913392 0.974437 0.977220 0.942747 0.977405 0.963978 0.931034 0.912743 0.883776 0.844683 0.813561 0.783390 0.795791 0.813307 0.851033 0.798606 0.732686 0.852913 0.740721 0.934403 0.972665 0.987929 0.952403 0.974648 0.971736 0.833056 0.968822 0.916923 0.740629 0.862345 0.950881 0.960649 0.990312 0.896040 0.897761 0.969024 0.985949 0.993761 0.938449 0.982078 0.905008 0.936136 0.900666 0.905898 0.955058 0.835935 0.893040 0.786234 0.959485 0.794803 0.861666 0.785882 0.730943 0.779757 0.941192 0.929311 0.910304 0.809735 0.795457 0.879423 0.971118 0.933450 0.941982 0.820396 0.858516 0.867643 0.870898 0.920890 0.957064 0.842190 0.927256 0.939834 0.775023 0.985446 0.794298
0.827149 0.972480 0.990529 0.986198 0.964504 0.789958 0.837618 0.844134 0.874624 0.795973 0.918900 0.829555 0.943886 0.909315 0.897703 0.885507 0.819051 0.842017 0.829301 0.952328 0.920442 0.875214 0.870504 0.986655 0.875611 0.988442 0.794211 0.971742 0.918629 0.905866 0.914275 0.967682 0.826998 0.730212 0.869859 0.954119 0.000000 0.852133 0.870300 0.894627 0.956112 0.977876 0.844369 0.825944 0.718689 0.748090 0.874807 0.825105 0.759651 0.833735 0.823602 0.906069 0.914269 0.843956 0.831054 0.892676 0.939968 0.882302 0.918219 0.957267 0.851257 0.822036 0.868187 0.840399 0.902829 0.912364 0.770470 0.842281 0.923886 0.949083 0.968732 0.871072 0.997115 0.974544 0.911974 0.853948 0.803812 0.930175 0.896094 0.991649 0.836466 0.861485 0.948349 0.890156 0.894474 0.855458 0.829904 0.922321 0.967305 0.992707 0.746283 0.896326 0.755513 0.950115 0.996578 0.929376 0.927976 0.934569 0.717152 0.951443 0.938053 0.859906 0.779856 0.981646 0.952208 0.960798 0.975012 0.894837 0.906933 0.939692 0.873869 0.861661 0.721608 0.881172 0.969659 0.900895
0.987985 0.921644 0.950791 0.777294 0.957825 0.971324 0.778428 0.922635 0.901735 0.925974 0.802174 0.954850 0.826646 0.918108 0.911785 0.991753 0.885333 0.976652 0.929608 0.970719 0.913831 0.992993 0.926093 0.838651 0.867021 0.923084 0.795873 0.872241 0.909364 0.945030 0.898959 0.879087 0.928783 0.854013 0.863368 0.884388 0.852133 0.000000 0.858978 0.949934 0.853257 0.982687 0.970022 0.941505 0.891692 0.951553 0.810012 0.953126 0.985653 0.916004 0.792386 0.732759 0.782744 0.766092 0.918644 0.900538 0.884248 0.859798 0.897901 0.865736 0.769921 0.864328 0.836597 0.857818 0.924682 0.905981 0.900586 0.866123 0.835989 0.865470 0.786891 0.956847 0.978886 0.787605 0.894538 0.949156 0.751104 0.885239 0.907315 0.907551 0.851622 0.838090 0.863100 0.911262 0.870567 0.991027 0.922861 0.963256 0.848414 0.985044 0.923439 0.894248 0.908649 0.802510 0.942561 0.890024 0.821570 0.959817 0.959327 0.975296 0.849093 0.832841 0.933348 0.932763 0.995278 0.885401 0.884990 0.971371 0.672614 0.923594 0.986681 0.950000 0.794370 0.977471 0.908307 0.940397
