0.000000 0.330854 0.866496 0.834958 0.941609 0.812360 0.886882 0.592565 0.963429 0.682839 0.609382 0.317585 0.523084 0.520163 0.786247 0.781932 0.554951 0.438158 0.566185 0.494227 0.961019 0.962818 0.844985 0.818100 0.851786 0.828399 0.809767 0.955146 0.564377 0.523003 0.853642 0.713269 0.739715 0.658261 0.932590 0.960511 0.831079 0.893276 0.976486 0.970812 0.873523 0.867059 0.761263 0.681626 0.705574 0.584688 0.700984 0.737073 0.537174 0.459001 0.481466 0.530216 0.748931 0.779890 0.801038 0.886224 0.380515 0.339465 0.520028 0.383537 0.629959 0.568718 0.453097 0.332454 0.912921 0.950863 0.929696 0.822220 0.538341 0.632626 0.756393 0.707096 0.843085 0.843766 0.851271 0.959574 0.931325 0.859845 0.780101 0.716278 0.388994 0.441456 0.883782 0.886708 0.614224 0.614363 0.812483 0.988574 0.672220 0.508749 0.694298 0.758617 0.748095 0.918250 0.842789 0.931400 0.852269 0.826740 0.533740 0.667882 0.843050 0.775959 0.601045 0.781524 0.837410 0.945563 0.954100 0.989084 0.995742 0.852376 0.927863 0.736968 0.698008 0.860997 0.935072 0.998662
0.330854 0.000000 0.979293 0.739865 0.874517 0.940870 0.899545 0.584906 0.894551 0.743966 0.682632 0.410082 0.539140 0.589632 0.821028 0.850973 0.502317 0.423292 0.621800 0.528328 0.903478 0.894576 0.873366 0.827966 0.971322 0.893416 0.899847 0.997528 0.533405 0.491819 0.734218 0.666397 0.726562 0.585217 0.996621 0.907497 0.962967 0.845039 0.979991 0.996769 0.839838 0.832990 0.628188 0.568752 0.690153 0.550762 0.623207 0.721051 0.592261 0.434364 0.470002 0.469673 0.686726 0.708347 0.818730 0.876289 0.320553 0.325429 0.518892 0.370184 0.690571 0.624090 0.569252 0.406537 0.985711 0.863988 0.860872 0.743398 0.535702 0.557256 0.765172 0.657246 0.801785 0.838774 0.897780 0.966801 0.852379 0.838221 0.683372 0.641196 0.426436 0.563005 0.862947 0.918410 0.781701 0.662592 0.873247 0.961261 0.816629 0.584831 0.757171 0.799150 0.794052 0.907339 0.874665 0.930536 0.791557 0.742147 0.627492 0.640584 0.877850 0.803153 0.693564 0.766248 0.865091 0.921213 0.904977 0.909429 0.988094 0.822383 0.983277 0.782386 0.677297 0.819697 0.974637 0.991154
0.866496 0.979293 0.000000 0.454023 0.917462 0.930035 0.494428 0.595243 0.617869 0.909689 0.774398 0.912046 0.897140 0.873832 0.675673 0.693725 0.945473 0.959272 0.830442 0.974046 0.724352 0.867777 0.604723 0.641640 0.347778 0.388477 0.839141 0.926190 0.914501 0.857731 0.489169 0.596704 0.748724 0.779047 0.606005 0.808903 0.850284 0.943823 0.729188 0.935814 0.878444 0.887013 0.648268 0.699034 0.835954 0.792092 0.801986 0.875417 0.606888 0.837123 0.976600 0.996653 0.832903 0.714879 0.970774 0.909140 0.998133 0.987521 0.997432 0.984819 0.709378 0.866545 0.949974 0.907636 0.399632 0.433186 0.512525 0.603716 0.894506 0.987033 0.681703 0.722589 0.643513 0.587472 0.769085 0.910764 0.637136 0.777749 0.845198 0.958965 0.799069 0.882235 0.857386 0.665435 0.900586 0.743844 0.894419 0.911261 0.743348 0.891313 0.794477 0.922199 0.769809 0.746614 0.984759 0.858713 0.845833 0.971355 0.963001 0.790670 0.816956 0.768155 0.999121 0.985581 0.678851 0.708618 0.720749 0.759535 0.923938 0.854752 0.892159 0.926194 0.898327 0.900845 0.688904 0.783337
0.834958 0.739865 0.454023 0.000000 0.829883 0.764457 0.571777 0.385219 0.585353 0.735623 0.877887 0.784930 0.624853 0.573481 0.471666 0.431344 0.814969 0.774185 0.607939 0.776450 0.644958 0.947037 0.380776 0.444160 0.431299 0.486545 0.767352 0.942306 0.859365 0.706401 0.386507 0.470339 0.500216 0.714434 0.634340 0.724506 0.836540 0.843313 0.993339 0.815198 0.975527 0.916686 0.449336 0.502847 0.903587 0.980839 0.796038 0.706588 0.821734 0.826997 0.643551 0.588822 0.507592 0.393482 0.962637 0.879834 0.793926 0.698582 0.888078 0.637872 0.597391 0.564816 0.943780 0.794234 0.419652 0.317759 0.464513 0.496516 0.907094 0.854098 0.438499 0.475659 0.523297 0.532641 0.769537 0.892255 0.622874 0.551190 0.760568 0.794971 0.989143 0.952610 0.770629 0.775254 0.720737 0.494433 0.914082 0.938063 0.941721 0.824096 0.520538 0.653831 0.530623 0.556091 0.828410 0.774970 0.837495 0.838042 0.691737 0.596950 0.774983 0.623807 0.900150 0.977624 0.569717 0.618368 0.808673 0.756530 0.936626 0.897546 0.818884 0.896450 0.774174 0.986416 0.587339 0.734932
0.941609 0.874517 0.917462 0.829883 0.000000 0.687771 0.753638 0.736211 0.505576 0.669291 0.889728 0.974711 0.725069 0.806844 0.699987 0.713428 0.892689 0.819120 0.706150 0.865982 0.957991 0.928798 0.658201 0.774275 0.993243 0.951875 0.800309 0.831323 0.960736 0.937228 0.870648 0.870850 0.864433 0.904991 0.849865 0.962059 0.941389 0.983627 0.860957 0.795476 0.836817 0.884983 0.957586 0.896863 0.984861 0.896609 0.807793 0.901955 0.869665 0.880960 0.895701 0.930230 0.786468 0.788729 0.991867 0.897541 0.848964 0.968968 0.970466 0.941358 0.727596 0.628246 0.959984 0.921722 0.899406 0.837467 0.847380 0.971859 0.992770 0.999264 0.697811 0.969630 0.971607 0.863124 0.973725 0.979171 0.849277 0.859954 0.785068 0.963736 0.865920 0.960444 0.820247 0.806509 0.715744 0.846109 0.975566 0.863159 0.859760 0.890323 0.632877 0.594482 0.663216 0.700335 0.937239 0.811390 0.876961 0.796456 0.836056 0.818622 0.734385 0.735932 0.917185 0.927884 0.862500 0.887202 0.844417 0.899740 0.961126 0.941820 0.909156 0.878387 0.972221 0.984197 0.867219 0.877733
0.812360 0.940870 0.930035 0.764457 0.687771 0.000000 0.640077 0.653849 0.655122 0.627005 0.949382 0.881305 0.889611 0.871133 0.796712 0.732670 0.765109 0.873228 0.668075 0.818458 0.915744 0.990003 0.677493 0.693985 0.948795 0.929008 0.978323 0.856642 0.788574 0.890611 0.786123 0.973599 0.793306 0.773846 0.802574 0.923992 0.899083 0.931167 0.935997 0.844822 0.972490 0.977358 0.915161 0.864104 0.620284 0.766778 0.923398 0.836894 0.793252 0.724344 0.659054 0.719757 0.659295 0.631826 0.824238 0.744289 0.938618 0.838745 0.740789 0.712349 0.611520 0.762844 0.735763 0.705351 0.987101 0.910430 0.649741 0.740915 0.965444 0.898828 0.823690 0.818417 0.880933 0.933415 0.987256 0.815661 0.728605 0.801256 0.972179 0.786470 0.820669 0.821563 0.985590 0.876807 0.697313 0.734822 0.982187 0.956328 0.916796 0.873462 0.468294 0.580283 0.520592 0.779778 0.895455 0.946295 0.815277 0.890448 0.584206 0.670709 0.764481 0.723447 0.710900 0.869767 0.828738 0.917793 0.874313 0.991159 0.943691 0.955523 0.983478 0.683643 0.749250 0.931339 0.722717 0.865710
0.886882 0.899545 0.494428 0.571777 0.753638 0.640077 0.000000 0.389084 0.527186 0.451382 0.948394 0.932144 0.788929 0.863450 0.724057 0.822456 0.708743 0.791691 0.511481 0.783436 0.895206 0.880512 0.725974 0.877304 0.741449 0.663855 0.955631 0.943594 0.587576 0.755178 0.543407 0.656407 0.688551 0.611735 0.699776 0.861261 0.938680 0.947213 0.915388 0.845793 0.810720 0.783350 0.640550 0.648405 0.828641 0.843815 0.671366 0.705898 0.974169 0.931823 0.730947 0.886567 0.782572 0.732823 0.843927 0.949699 0.829783 0.863239 0.635400 0.692140 0.340091 0.600830 0.598328 0.719898 0.737172 0.594808 0.542642 0.582153 0.977225 0.946012 0.708935 0.825918 0.727960 0.747108 0.952480 0.990492 0.574280 0.793557 0.793389 0.953861 0.873195 0.825463 0.934165 0.721043 0.784384 0.819514 0.865176 0.830454 0.836131 0.962986 0.494464 0.672645 0.537499 0.748377 0.844733 0.801128 0.773855 0.727396 0.614494 0.598498 0.599121 0.718473 0.787161 0.877384 0.594590 0.825403 0.829752 0.871081 0.958480 0.788646 0.840274 0.867062 0.697306 0.920340 0.731350 0.897102
0.592565 0.584906 0.595243 0.385219 0.736211 0.653849 0.389084 0.000000 0.537838 0.421081 0.837013 0.578002 0.478706 0.504550 0.496820 0.586603 0.639971 0.611595 0.386673 0.529804 0.764156 0.936147 0.522825 0.646600 0.713014 0.722746 0.987054 0.930573 0.556125 0.578012 0.432254 0.512867 0.503841 0.597799 0.750885 0.792513 0.987099 0.933571 0.899353 0.810225 0.947218 0.797466 0.541120 0.546968 0.794881 0.798649 0.713387 0.692311 0.920987 0.741873 0.532614 0.611353 0.589619 0.535722 0.878665 0.983671 0.616368 0.526660 0.625613 0.461225 0.348571 0.349617 0.589899 0.508920 0.698001 0.510121 0.587630 0.571159 0.769921 0.779215 0.471691 0.542473 0.580360 0.598180 0.909782 0.975417 0.604142 0.706355 0.776149 0.758371 0.740456 0.737174 0.878470 0.786696 0.615443 0.575038 0.793794 0.892728 0.952684 0.754090 0.398270 0.511864 0.454400 0.576800 0.802005 0.768179 0.716498 0.758524 0.491110 0.483841 0.589274 0.594772 0.751410 0.808044 0.590334 0.722177 0.846550 0.769048 0.992878 0.825337 0.808238 0.791651 0.672865 0.951992 0.683781 0.841047
0.963429 0.894551 0.617869 0.585353 0.505576 0.655122 0.527186 0.537838 0.000000 0.549320 0.874622 0.964485 0.656206 0.721358 0.613441 0.605648 0.949779 0.898485 0.623057 0.886725 0.833864 0.942723 0.557695 0.698283 0.720096 0.729894 0.793390 0.998032 0.892600 0.908331 0.593202 0.798991 0.812178 0.919817 0.807067 0.907266 0.961583 0.990925 0.886279 0.790069 0.833292 0.967212 0.885915 0.960193 0.975372 0.856174 0.889362 0.975850 0.795434 0.820760 0.924703 0.970902 0.764836 0.750478 0.916260 0.891624 0.911469 0.948714 0.985749 0.964963 0.612840 0.559814 0.956689 0.940758 0.749098 0.673289 0.753843 0.878256 0.989555 0.991820 0.554658 0.734540 0.672259 0.625280 0.843426 0.912250 0.711745 0.754741 0.814309 0.900186 0.792145 0.856181 0.913999 0.647030 0.781811 0.857470 0.874865 0.984755 0.942395 0.991181 0.522505 0.557385 0.604723 0.533522 0.986193 0.817567 0.856072 0.868077 0.744855 0.717395 0.718977 0.707041 0.940173 0.895535 0.719646 0.747842 0.902327 0.708785 0.937743 0.894546 0.871055 0.902981 0.879666 0.993354 0.643429 0.907612
0.682839 0.743966 0.909689 0.735623 0.669291 0.627005 0.451382 0.421081 0.549320 0.000000 0.794644 0.683249 0.585422 0.702155 0.708439 0.848907 0.692310 0.686324 0.445132 0.626259 0.982590 0.962754 0.795820 0.990295 0.890771 0.990596 0.843851 0.906666 0.510145 0.642704 0.632520 0.770082 0.660723 0.647819 0.879197 0.915508 0.814501 0.985329 0.774115 0.825281 0.888524 0.911709 0.788815 0.792300 0.657405 0.665275 0.787845 0.798505 0.726240 0.797973 0.617068 0.776041 0.767040 0.784067 0.744178 0.930155 0.742674 0.664754 0.627089 0.597869 0.387386 0.430483 0.522970 0.528697 0.903354 0.885545 0.792505 0.817698 0.810939 0.767386 0.671212 0.726855 0.845641 0.828663 0.871370 0.824247 0.682244 0.904013 0.938332 0.939283 0.718513 0.801623 0.957290 0.801032 0.788035 0.905196 0.794242 0.763182 0.987542 0.916683 0.437227 0.513862 0.503390 0.685378 0.925951 0.803243 0.817972 0.723041 0.476741 0.536313 0.577661 0.718752 0.683327 0.796069 0.775390 0.882136 0.946259 0.848091 0.944382 0.807826 0.866921 0.728713 0.752139 0.957017 0.780245 0.954649
0.609382 0.682632 0.774398 0.877887 0.889728 0.949382 0.948394 0.837013 0.874622 0.794644 0.000000 0.620282 0.706704 0.782668 0.989757 0.839273 0.663215 0.603601 0.733459 0.637015 0.970703 0.971587 0.755998 0.778470 0.720709 0.737066 0.561980 0.965708 0.624021 0.715653 0.868937 0.946650 0.996947 0.694170 0.780724 0.804268 0.980667 0.914636 0.998460 0.865488 0.844068 0.949769 0.981502 0.880814 0.911528 0.761381 0.856624 0.920915 0.758725 0.882394 0.866344 0.987547 0.852933 0.902364 0.948826 0.826557 0.733793 0.723293 0.668988 0.715099 0.719627 0.808620 0.506367 0.626430 0.688329 0.864256 0.858655 0.991197 0.661782 0.911093 0.959337 0.975043 0.954062 0.903498 0.847001 0.941879 0.941780 0.965933 0.875654 0.852701 0.596227 0.586956 0.880271 0.816488 0.993805 0.924085 0.875236 0.928130 0.898763 0.897632 0.898602 0.961883 0.963224 0.908225 0.962734 0.945938 0.847601 0.883382 0.794987 0.963055 0.744831 0.961371 0.795450 0.850846 0.971405 0.810051 0.844013 0.813163 0.830175 0.945723 0.991701 0.931987 0.861472 0.904946 0.930723 0.829257
0.317585 0.410082 0.912046 0.784930 0.974711 0.881305 0.932144 0.578002 0.964485 0.683249 0.620282 0.000000 0.477177 0.427444 0.674694 0.695265 0.638936 0.452608 0.526327 0.425977 0.930510 0.995509 0.783340 0.765106 0.912596 0.850436 0.866522 0.949931 0.612001 0.496454 0.835568 0.716936 0.709977 0.730151 0.996080 0.992899 0.918536 0.880065 0.931167 0.906345 0.862325 0.872508 0.819164 0.771904 0.833818 0.725099 0.847386 0.862240 0.680966 0.607337 0.586367 0.610635 0.785964 0.788973 0.856530 0.974961 0.475366 0.386099 0.660036 0.490511 0.690417 0.507257 0.581131 0.400937 0.976124 0.904954 0.954191 0.888879 0.501160 0.634093 0.724129 0.624967 0.811655 0.743799 0.943317 0.990382 0.921387 0.914352 0.791544 0.710521 0.512221 0.529666 0.857783 0.877239 0.609148 0.590606 0.855308 0.927435 0.664931 0.571747 0.722563 0.739670 0.773767 0.811669 0.930421 0.956626 0.866315 0.935694 0.614746 0.704118 0.884368 0.748980 0.701493 0.769669 0.853304 0.952328 0.943125 0.966945 0.977754 0.891552 0.953593 0.703538 0.807157 0.998483 0.937358 0.985997
0.523084 0.539140 0.897140 0.624853 0.725069 0.889611 0.788929 0.478706 0.656206 0.585422 0.706704 0.477177 0.000000 0.341098 0.463985 0.588799 0.781694 0.683871 0.481522 0.488145 0.846359 0.924218 0.620909 0.719389 0.922503 0.976503 0.993947 0.975581 0.621382 0.509094 0.636748 0.618919 0.672516 0.802340 0.967216 0.940399 0.938741 0.965260 0.859614 0.942866 0.960412 0.923261 0.785016 0.799561 0.967040 0.895685 0.922186 0.963940 0.930276 0.810919 0.699881 0.679478 0.792298 0.695507 0.989229 0.916042 0.652038 0.455245 0.804608 0.592950 0.553593 0.428239 0.657768 0.535722 0.915420 0.760252 0.912327 0.861395 0.670638 0.696633 0.489220 0.520933 0.643148 0.630652 0.988160 0.992655 0.840005 0.746230 0.947022 0.849101 0.802752 0.839428 0.828913 0.835101 0.758762 0.762572 0.753705 0.944497 0.847428 0.689417 0.601255 0.576357 0.669174 0.598297 0.896446 0.859196 0.692256 0.733995 0.620604 0.679563 0.756897 0.668573 0.825081 0.763035 0.813779 0.809976 0.973969 0.807216 0.978071 0.850513 0.919313 0.795840 0.795256 0.949564 0.780753 0.925616
0.520163 0.589632 0.873832 0.573481 0.806844 0.871133 0.863450 0.504550 0.721358 0.702155 0.782668 0.427444 0.341098 0.000000 0.424647 0.458522 0.781671 0.599308 0.510922 0.418459 0.726930 0.975272 0.521551 0.545872 0.875985 0.860309 0.984057 0.934524 0.710702 0.580379 0.628538 0.614305 0.662626 0.808545 0.891928 0.942308 0.988285 0.963946 0.856640 0.877469 0.935132 0.823095 0.827705 0.822290 0.989569 0.939716 0.924048 0.947114 0.947591 0.806193 0.683618 0.649436 0.745169 0.648156 0.968471 0.832481 0.715768 0.461720 0.917918 0.629044 0.672656 0.435886 0.722463 0.539425 0.847388 0.705792 0.828762 0.858581 0.763645 0.766846 0.497184 0.460940 0.591648 0.520460 0.883004 0.991038 0.833114 0.815621 0.860422 0.809535 0.806079 0.773313 0.807923 0.878245 0.664755 0.592259 0.872552 0.990575 0.780100 0.592349 0.607089 0.595585 0.646640 0.559219 0.801538 0.809762 0.830285 0.867621 0.639591 0.672536 0.774355 0.640253 0.853425 0.744481 0.725074 0.756898 0.991385 0.815109 0.978678 0.890568 0.933126 0.849537 0.778158 0.964017 0.768058 0.890267
0.786247 0.821028 0.675673 0.471666 0.699987 0.796712 0.724057 0.496820 0.613441 0.708439 0.989757 0.674694 0.463985 0.424647 0.000000 0.369875 0.892506 0.775377 0.622631 0.639322 0.685145 0.945785 0.361191 0.485766 0.732061 0.732957 0.898752 0.946162 0.768540 0.659703 0.542625 0.619358 0.592422 0.895490 0.709853 0.717637 0.933125 0.952724 0.866365 0.813975 0.983884 0.894878 0.743060 0.793329 0.936977 0.993671 0.978899 0.935773 0.915775 0.879221 0.768906 0.671335 0.631854 0.490659 0.977593 0.797215 0.944706 0.666580 0.982808 0.744927 0.631917 0.550615 0.871661 0.740793 0.654560 0.607404 0.643969 0.727279 0.923497 0.706474 0.409898 0.421327 0.567961 0.561269 0.734005 0.957273 0.657154 0.724076 0.880793 0.922971 0.990628 0.939292 0.672012 0.763309 0.681422 0.608647 0.866614 0.975530 0.858503 0.785527 0.526679 0.504854 0.532189 0.418546 0.785655 0.880679 0.903863 0.896580 0.619269 0.580680 0.799642 0.575498 0.861802 0.825929 0.659512 0.668047 0.932769 0.828737 0.845726 0.956460 0.908602 0.763861 0.867113 0.956241 0.667673 0.901977
0.781932 0.850973 0.693725 0.431344 0.713428 0.732670 0.822456 0.586603 0.605648 0.848907 0.839273 0.695265 0.588799 0.458522 0.369875 0.000000 0.981807 0.865546 0.666422 0.742675 0.733909 0.955038 0.265353 0.322759 0.645694 0.699834 0.680774 0.918018 0.946530 0.701683 0.573797 0.578239 0.629933 0.929598 0.653752 0.732773 0.974666 0.906002 0.923172 0.876020 0.843653 0.963328 0.745664 0.767164 0.888295 0.980845 0.972000 0.860692 0.932501 0.791551 0.691979 0.574464 0.497861 0.438757 0.984148 0.829523 0.951185 0.707029 0.990793 0.729410 0.726975 0.610078 0.999784 0.797647 0.536330 0.549883 0.553915 0.720009 0.910645 0.811406 0.435474 0.489917 0.563605 0.592277 0.716960 0.966780 0.712567 0.712662 0.945728 0.875273 0.940185 0.964290 0.622360 0.816583 0.537354 0.456354 0.957147 0.822799 0.733298 0.637648 0.547172 0.561275 0.523535 0.476213 0.772388 0.840956 0.943478 0.965696 0.664864 0.608359 0.915129 0.578552 0.852070 0.972555 0.614900 0.669825 0.906733 0.832937 0.874639 0.929704 0.865429 0.766556 0.832219 0.950122 0.576165 0.816298
0.554951 0.502317 0.945473 0.814969 0.892689 0.765109 0.708743 0.639971 0.949779 0.692310 0.663215 0.638936 0.781694 0.781671 0.892506 0.981807 0.000000 0.439526 0.649745 0.621825 0.992399 0.933616 0.960706 0.976486 0.986217 0.943617 0.781436 0.949835 0.410055 0.558012 0.778966 0.761480 0.773431 0.464718 0.913332 0.998564 0.935162 0.955220 0.978352 0.975480 0.963123 0.743622 0.699950 0.585818 0.623467 0.533557 0.516120 0.640302 0.637669 0.574437 0.652197 0.707355 0.806876 0.799673 0.690614 0.683750 0.553036 0.600710 0.532395 0.529132 0.603556 0.765239 0.466290 0.475630 0.951424 0.910629 0.754768 0.677668 0.712877 0.768379 0.895575 0.866017 0.958695 0.985643 0.925129 0.867594 0.700242 0.880721 0.706387 0.746369 0.477757 0.542552 0.975798 0.854097 0.821036 0.788337 0.983514 0.909371 0.983338 0.805554 0.717804 0.860728 0.759017 0.991092 0.947408 0.828259 0.823609 0.777728 0.647545 0.685459 0.766205 0.795293 0.746205 0.835530 0.873067 0.898704 0.971680 0.968449 0.938494 0.733769 0.949501 0.760334 0.662521 0.902680 0.959633 0.837445
0.438158 0.423292 0.959272 0.774185 0.819120 0.873228 0.791691 0.611595 0.898485 0.686324 0.603601 0.452608 0.683871 0.599308 0.775377 0.865546 0.439526 0.000000 0.611784 0.504483 0.871462 0.978277 0.899572 0.872031 0.969265 0.986486 0.776176 0.993802 0.485727 0.463867 0.722491 0.676461 0.668652 0.567543 0.946551 0.945597 0.941163 0.874853 0.967911 0.962112 0.885626 0.752122 0.618129 0.547567 0.659003 0.490649 0.591569 0.610985 0.574536 0.499271 0.512754 0.552402 0.744037 0.694336 0.761139 0.862866 0.464995 0.439875 0.565692 0.472027 0.663563 0.657854 0.520568 0.410919 0.970254 0.875230 0.756974 0.719957 0.621050 0.604749 0.819367 0.723310 0.855868 0.821295 0.933966 0.950754 0.767861 0.864966 0.598485 0.612017 0.392665 0.546649 0.959541 0.839220 0.841011 0.683614 0.939793 0.865644 0.908559 0.724494 0.737244 0.835601 0.724119 0.922317 0.818815 0.879742 0.873647 0.827059 0.594743 0.592976 0.778362 0.787997 0.635265 0.780253 0.789796 0.897980 0.959455 0.998521 0.957003 0.796801 0.865213 0.828042 0.721368 0.872977 0.932943 0.866911
0.566185 0.621800 0.830442 0.607939 0.706150 0.668075 0.511481 0.386673 0.623057 0.445132 0.733459 0.526327 0.481522 0.510922 0.622631 0.666422 0.649745 0.611784 0.000000 0.493305 0.960714 0.938671 0.670754 0.752012 0.957541 0.905143 0.886311 0.990200 0.555310 0.554141 0.614438 0.655566 0.680367 0.614145 0.872596 0.891540 0.964347 0.990095 0.887994 0.982056 0.925663 0.832015 0.732324 0.656573 0.751821 0.764001 0.719663 0.794685 0.862844 0.754866 0.602481 0.671354 0.738175 0.688871 0.750127 0.981541 0.655513 0.568695 0.656693 0.545403 0.428654 0.414526 0.539964 0.471777 0.892558 0.687579 0.697532 0.767595 0.744529 0.805549 0.645574 0.642313 0.700384 0.652914 0.991139 0.899984 0.736872 0.826369 0.896304 0.851500 0.690318 0.681078 0.879824 0.890655 0.627867 0.641666 0.811812 0.972419 0.942932 0.706074 0.471399 0.578667 0.555504 0.690412 0.819870 0.849617 0.727185 0.746920 0.464680 0.588760 0.563908 0.629943 0.675106 0.779829 0.627959 0.829350 0.974174 0.903022 0.903406 0.759113 0.799813 0.724286 0.722232 0.922946 0.716706 0.961655
0.494227 0.528328 0.974046 0.776450 0.865982 0.818458 0.783436 0.529804 0.886725 0.626259 0.637015 0.425977 0.488145 0.418459 0.639322 0.742675 0.621825 0.504483 0.493305 0.000000 0.902828 0.930638 0.805339 0.766225 0.962784 0.995755 0.833892 0.988897 0.547428 0.552152 0.763908 0.719413 0.692707 0.708397 0.951824 0.917347 0.962941 0.978660 0.918758 0.857430 0.937273 0.827181 0.872105 0.792889 0.857820 0.761265 0.769839 0.858297 0.768976 0.758143 0.682191 0.734874 0.881278 0.808522 0.930855 0.970526 0.608844 0.464406 0.685369 0.548351 0.608565 0.491773 0.517540 0.398003 0.936912 0.837304 0.861174 0.789366 0.610802 0.714639 0.739290 0.665099 0.777063 0.725122 0.985414 0.998231 0.787537 0.923681 0.748462 0.716335 0.571605 0.538356 0.869843 0.990826 0.696787 0.708398 0.820830 0.998267 0.808009 0.715911 0.659142 0.704181 0.711807 0.799401 0.811465 0.873405 0.754795 0.843583 0.586024 0.696475 0.760873 0.765509 0.735583 0.693044 0.758040 0.811695 0.906663 0.931692 0.860700 0.877780 0.994593 0.791624 0.759787 0.913023 0.961258 0.911801
0.961019 0.903478 0.724352 0.644958 0.957991 0.915744 0.895206 0.764156 0.833864 0.982590 0.970703 0.930510 0.846359 0.726930 0.685145 0.733909 0.992399 0.871462 0.960714 0.902828 0.000000 0.984872 0.751038 0.766657 0.718619 0.594322 0.967704 0.948079 0.960882 0.919467 0.658146 0.817855 0.774915 0.949175 0.785374 0.892519 0.952296 0.869675 0.925271 0.849804 0.919248 0.943144 0.796149 0.888997 0.852970 0.891725 0.981699 0.942459 0.800936 0.973152 0.947543 0.920947 0.886151 0.772592 0.993413 0.842986 0.966137 0.958882 0.969501 0.975863 0.914528 0.828249 0.965909 0.992818 0.706662 0.648765 0.738373 0.786261 0.999285 0.984154 0.830754 0.766405 0.691979 0.642580 0.830339 0.844381 0.776147 0.797108 0.792480 0.929730 0.923574 0.898355 0.981119 0.803261 0.971162 0.797345 0.995648 0.865325 0.948698 0.961161 0.883501 0.926636 0.852553 0.757343 0.759500 0.876598 0.956902 0.969358 0.960070 0.838832 0.895543 0.832070 0.918620 0.855475 0.782881 0.839392 0.957133 0.918048 0.807859 0.988426 0.998013 0.882474 0.883201 0.974877 0.887699 0.885866
0.962818 0.894576 0.867777 0.947037 0.928798 0.990003 0.880512 0.936147 0.942723 0.962754 0.971587 0.995509 0.924218 0.975272 0.945785 0.955038 0.933616 0.978277 0.938671 0.930638 0.984872 0.000000 0.988672 0.952663 0.802665 0.934958 0.887241 0.972424 0.943317 0.965392 0.905253 0.875847 0.950157 0.838061 0.933909 0.960370 0.956142 0.987446 0.969530 0.878828 0.912525 0.799503 0.917049 0.918793 0.977438 0.994949 0.912096 0.969142 0.985202 0.977047 0.979332 0.921186 0.905730 0.962989 0.863898 0.983289 0.935552 0.994498 0.916643 0.961894 0.866767 0.985484 0.996976 0.977039 0.897908 0.943130 0.925670 0.957848 0.983024 0.904621 0.950665 0.875313 0.966815 0.946688 0.996682 0.990604 0.843230 0.959628 0.955438 0.906252 0.931305 0.995726 0.970717 0.963175 0.913922 0.986821 0.937267 0.876022 0.866700 0.951902 0.978527 0.960893 0.992468 0.964839 0.959231 0.918745 0.923564 0.931398 0.996525 0.992064 0.970003 0.882745 0.976266 0.965099 0.961963 0.983446 0.758799 0.995997 0.955540 0.809948 0.836353 0.957321 0.955368 0.849145 0.730310 0.995217
0.844985 0.873366 0.604723 0.380776 0.658201 0.677493 0.725974 0.522825 0.557695 0.795820 0.755998 0.783340 0.620909 0.521551 0.361191 0.265353 0.960706 0.899572 0.670754 0.805339 0.751038 0.988672 0.000000 0.320857 0.576460 0.636207 0.650889 0.882557 0.929947 0.707438 0.496759 0.549370 0.581173 0.946606 0.626949 0.710365 0.956187 0.870092 0.909982 0.859659 0.950081 0.953459 0.701596 0.751659 0.884002 0.977229 0.979674 0.861287 0.887226 0.802887 0.693347 0.585748 0.477620 0.414870 0.975893 0.835277 0.937560 0.721569 0.982756 0.745857 0.700895 0.617687 0.983659 0.828791 0.484114 0.495190 0.495197 0.656875 0.978237 0.801235 0.395977 0.511860 0.566608 0.601856 0.747074 0.991251 0.662273 0.687675 0.957451 0.874249 0.898741 0.908969 0.606111 0.755007 0.533109 0.443057 0.948843 0.833261 0.828943 0.653267 0.538520 0.540724 0.505370 0.465160 0.805516 0.814079 0.888573 0.931577 0.686286 0.595476 0.820613 0.588286 0.877212 0.965261 0.575086 0.620555 0.946245 0.759593 0.875283 0.951500 0.833663 0.794866 0.892431 0.954669 0.627571 0.812295
0.818100 0.827966 0.641640 0.444160 0.774275 0.693985 0.877304 0.646600 0.698283 0.990295 0.778470 0.765106 0.719389 0.545872 0.485766 0.322759 0.976486 0.872031 0.752012 0.766225 0.766657 0.952663 0.320857 0.000000 0.566204 0.609663 0.620894 0.890445 0.975106 0.791640 0.610520 0.663389 0.630604 0.979723 0.645223 0.731353 0.857701 0.842868 0.967376 0.868112 0.881151 0.964087 0.774011 0.817643 0.938995 0.928838 0.987361 0.885693 0.857583 0.809277 0.711746 0.597486 0.536676 0.438836 0.974532 0.872270 0.925991 0.722228 0.962196 0.806264 0.865409 0.761524 0.923146 0.870784 0.519789 0.526529 0.521505 0.695753 0.974913 0.825405 0.551672 0.551291 0.663585 0.573628 0.683520 0.880627 0.740686 0.727552 0.902548 0.818038 0.964146 0.993546 0.654777 0.849489 0.588913 0.391035 0.946443 0.795309 0.803910 0.697389 0.640031 0.709958 0.593671 0.596032 0.814097 0.844655 0.923796 0.987578 0.737493 0.713845 0.914326 0.643284 0.898207 0.878962 0.610803 0.613126 0.991683 0.896718 0.925355 0.915912 0.917779 0.788744 0.876699 0.870868 0.695668 0.763275
0.851786 0.971322 0.347778 0.431299 0.993243 0.948795 0.741449 0.713014 0.720096 0.890771 0.720709 0.912596 0.922503 0.875985 0.732061 0.645694 0.986217 0.969265 0.957541 0.962784 0.718619 0.802665 0.576460 0.566204 0.000000 0.391276 0.756212 0.928200 0.869030 0.963203 0.564890 0.655328 0.773568 0.878270 0.661090 0.856546 0.771400 0.920194 0.815125 0.990996 0.972271 0.942412 0.643754 0.694287 0.790687 0.727298 0.887150 0.867610 0.591491 0.870220 0.952036 0.969147 0.804548 0.700871 0.859146 0.894462 0.967471 0.973323 0.871296 0.979148 0.905798 0.954653 0.748618 0.825752 0.330359 0.413571 0.605173 0.638554 0.918849 0.868124 0.714621 0.746439 0.672778 0.669288 0.738230 0.923491 0.818018 0.668835 0.891766 0.981532 0.721031 0.844408 0.828543 0.859160 0.894054 0.660230 0.967487 0.955976 0.798694 0.943810 0.927595 0.978611 0.900974 0.835744 0.967976 0.827875 0.884408 0.971754 0.897634 0.933798 0.987743 0.885872 0.884591 0.823416 0.768867 0.698755 0.721575 0.839197 0.924678 0.950364 0.949916 0.914257 0.978252 0.944512 0.657763 0.669526
0.828399 0.893416 0.388477 0.486545 0.951875 0.929008 0.663855 0.722746 0.729894 0.990596 0.737066 0.850436 0.976503 0.860309 0.732957 0.699834 0.943617 0.986486 0.905143 0.995755 0.594322 0.934958 0.636207 0.609663 0.391276 0.000000 0.916196 0.992427 0.930186 0.974379 0.580773 0.696049 0.714839 0.846263 0.626376 0.868923 0.884119 0.979151 0.791032 0.970491 0.934418 0.952123 0.649072 0.735341 0.845181 0.793501 0.826681 0.875615 0.615544 0.869392 0.975968 0.960150 0.865709 0.682573 0.993957 0.887828 0.910849 0.898183 0.951040 0.995547 0.825008 0.936048 0.885581 0.884573 0.439385 0.405265 0.523487 0.586212 0.835742 0.875986 0.774463 0.764763 0.681718 0.634139 0.739798 0.853470 0.743047 0.714451 0.829637 0.952751 0.785409 0.822777 0.915365 0.774807 0.978718 0.724572 0.985284 0.858656 0.794662 0.810313 0.826918 0.972497 0.789803 0.834279 0.884815 0.781656 0.851964 0.968658 0.976502 0.933755 0.887102 0.803259 0.906267 0.941207 0.625993 0.586792 0.792587 0.884442 0.970266 0.882742 0.931490 0.822912 0.845490 0.863452 0.696708 0.722866
0.809767 0.899847 0.839141 0.767352 0.800309 0.978323 0.955631 0.987054 0.793390 0.843851 0.561980 0.866522 0.993947 0.984057 0.898752 0.680774 0.781436 0.776176 0.886311 0.833892 0.967704 0.887241 0.650889 0.620894 0.756212 0.916196 0.000000 0.944639 0.759591 0.924091 0.879721 0.860844 0.920405 0.790900 0.846695 0.839190 0.777131 0.779501 0.919378 0.885021 0.939103 0.955572 0.917655 0.972828 0.959891 0.863242 0.787482 0.908952 0.818098 0.993265 0.939834 0.834160 0.682042 0.788527 0.889632 0.881392 0.912650 0.977896 0.839482 0.912106 0.863560 0.996863 0.687959 0.812883 0.725728 0.801908 0.850852 0.992691 0.898834 0.908296 0.768849 0.943955 0.925304 0.934441 0.804397 0.881591 0.914404 0.927269 0.970811 0.958836 0.711860 0.731288 0.807399 0.911903 0.825589 0.826110 0.814396 0.770497 0.948162 0.883011 0.984698 0.889866 0.948431 0.800311 0.964881 0.936332 0.977829 0.937330 0.890601 0.960702 0.821893 0.886433 0.914806 0.964924 0.893769 0.791681 0.948106 0.918999 0.982671 0.815052 0.918639 0.921656 0.892705 0.900539 0.979666 0.954394
0.955146 0.997528 0.926190 0.942306 0.831323 0.856642 0.943594 0.930573 0.998032 0.906666 0.965708 0.949931 0.975581 0.934524 0.946162 0.918018 0.949835 0.993802 0.990200 0.988897 0.948079 0.972424 0.882557 0.890445 0.928200 0.992427 0.944639 0.000000 0.969631 0.946411 0.987823 0.999481 0.983430 0.986038 0.788622 0.858448 0.921234 0.945933 0.845104 0.961507 0.971125 0.995596 0.964589 0.980793 0.926487 0.895874 0.939218 0.971327 0.939015 0.997491 0.982052 0.965163 0.952667 0.923872 0.843945 0.951921 0.961463 0.894376 0.916377 0.982523 0.920623 0.983965 0.995768 0.985027 0.847109 0.986420 0.978212 0.940877 0.975913 0.940031 0.886015 0.981170 0.898874 0.953575 0.896050 0.846963 0.978465 0.948127 0.967836 0.874806 0.950919 0.907360 0.943900 0.853138 0.826070 0.874654 0.906831 0.970411 0.993940 0.951908 0.947905 0.917173 0.902827 0.879562 0.985519 0.899863 0.980265 0.936782 0.979176 0.967618 0.955550 0.868399 0.886388 0.939728 0.884215 0.787970 0.942123 0.886722 0.976401 0.816947 0.896723 0.970295 0.968368 0.859134 0.983534 0.958404
0.564377 0.533405 0.914501 0.859365 0.960736 0.788574 0.587576 0.556125 0.892600 0.510145 0.624021 0.612001 0.621382 0.710702 0.768540 0.946530 0.410055 0.485727 0.555310 0.547428 0.960882 0.943317 0.929947 0.975106 0.869030 0.930186 0.759591 0.969631 0.000000 0.422300 0.725132 0.768810 0.761941 0.526650 0.913350 0.977989 0.994711 0.999281 0.999231 0.979120 0.991615 0.858102 0.773872 0.696105 0.698233 0.561953 0.577032 0.776430 0.644038 0.632892 0.653321 0.750914 0.864658 0.878198 0.765907 0.754603 0.510534 0.501452 0.496050 0.528011 0.453762 0.648979 0.359414 0.404551 0.887220 0.949422 0.784335 0.735802 0.649938 0.603115 0.790083 0.799964 0.883960 0.941424 0.885594 0.911519 0.663052 0.999284 0.699203 0.798784 0.447853 0.558164 0.997400 0.958624 0.775462 0.866584 0.857129 0.896824 0.957360 0.822717 0.689345 0.770782 0.738926 0.891521 0.987279 0.914133 0.744542 0.744240 0.611918 0.621618 0.684061 0.691868 0.683509 0.732930 0.827837 0.990893 0.993415 0.997281 0.925465 0.766978 0.881060 0.764780 0.669814 0.843641 0.968648 0.977776
0.523003 0.491819 0.857731 0.706401 0.937228 0.890611 0.755178 0.578012 0.908331 0.642704 0.715653 0.496454 0.509094 0.580379 0.659703 0.701683 0.558012 0.463867 0.554141 0.552152 0.919467 0.965392 0.707438 0.791640 0.963203 0.974379 0.924091 0.946411 0.422300 0.000000 0.691056 0.605841 0.635398 0.626966 0.870200 0.938234 0.917344 0.931233 0.955442 0.945514 0.921721 0.974448 0.734800 0.664617 0.742059 0.658439 0.624415 0.769810 0.726885 0.593372 0.613080 0.614891 0.782012 0.736263 0.702631 0.936486 0.462266 0.439747 0.537404 0.474406 0.527022 0.605974 0.526856 0.425558 0.917802 0.786748 0.689905 0.677375 0.536806 0.505279 0.625690 0.734706 0.835530 0.764395 0.955630 0.950267 0.714651 0.844691 0.784452 0.766838 0.555666 0.675622 0.815476 0.993346 0.676295 0.682541 0.813928 0.921217 0.842314 0.683199 0.731050 0.804774 0.739264 0.848760 0.949027 0.898837 0.707866 0.801190 0.619969 0.605152 0.789987 0.733420 0.662667 0.832583 0.781040 0.864106 0.981011 0.918783 0.969376 0.864075 0.789473 0.739868 0.753509 0.866465 0.852451 0.977439
0.853642 0.734218 0.489169 0.386507 0.870648 0.786123 0.543407 0.432254 0.593202 0.632520 0.868937 0.835568 0.636748 0.628538 0.542625 0.573797 0.778966 0.722491 0.614438 0.763908 0.658146 0.905253 0.496759 0.610520 0.564890 0.580773 0.879721 0.987823 0.725132 0.691056 0.000000 0.457531 0.559728 0.643237 0.683961 0.780605 0.994016 0.949694 0.975244 0.804950 0.999116 0.856757 0.553317 0.596625 0.886495 0.907705 0.831692 0.795193 0.923476 0.821159 0.709178 0.675910 0.631506 0.526455 0.916437 0.949811 0.739369 0.717176 0.858867 0.717668 0.594141 0.606547 0.853604 0.753494 0.626641 0.547124 0.499255 0.562746 0.962955 0.822988 0.530781 0.446669 0.547468 0.592995 0.871110 0.967773 0.542127 0.649569 0.764971 0.810497 0.934126 0.941336 0.959352 0.645766 0.855427 0.706551 0.747988 0.755901 0.852307 0.864874 0.534614 0.627836 0.516193 0.512814 0.946510 0.749965 0.847978 0.832765 0.636159 0.460926 0.750012 0.543917 0.757377 0.914011 0.635684 0.644523 0.781225 0.704968 0.931799 0.780776 0.850670 0.891480 0.715060 0.942814 0.629381 0.783085
0.713269 0.666397 0.596704 0.470339 0.870850 0.973599 0.656407 0.512867 0.798991 0.770082 0.946650 0.716936 0.618919 0.614305 0.619358 0.578239 0.761480 0.676461 0.655566 0.719413 0.817855 0.875847 0.549370 0.663389 0.655328 0.696049 0.860844 0.999481 0.768810 0.605841 0.457531 0.000000 0.551813 0.755129 0.799450 0.872328 0.977952 0.832304 0.976700 0.963507 0.993352 0.876794 0.489177 0.548211 0.937591 0.875043 0.701419 0.674616 0.996887 0.748622 0.646288 0.623903 0.638477 0.613054 0.981008 0.934743 0.672101 0.648189 0.771227 0.596908 0.598527 0.587064 0.802577 0.680145 0.564283 0.510351 0.588374 0.607834 0.821496 0.845934 0.581125 0.642263 0.640756 0.699075 0.933738 0.835817 0.756530 0.741790 0.796745 0.731480 0.857830 0.869826 0.724887 0.912910 0.692576 0.578870 0.871663 0.989630 0.897561 0.674494 0.721201 0.812381 0.711070 0.763948 0.925061 0.860653 0.904755 0.773523 0.765564 0.664913 0.883812 0.699422 0.809175 0.935835 0.556765 0.661820 0.799202 0.790852 0.931746 0.801859 0.836639 0.977846 0.766241 0.993939 0.741039 0.910354
0.739715 0.726562 0.748724 0.500216 0.864433 0.793306 0.688551 0.503841 0.812178 0.660723 0.996947 0.709977 0.672516 0.662626 0.592422 0.629933 0.773431 0.668652 0.680367 0.692707 0.774915 0.950157 0.581173 0.630604 0.773568 0.714839 0.920405 0.983430 0.761941 0.635398 0.559728 0.551813 0.000000 0.719039 0.698595 0.749107 0.904699 0.845981 0.962725 0.705785 0.861379 0.961637 0.638683 0.651593 0.745418 0.784725 0.750404 0.705261 0.902262 0.738342 0.608551 0.652680 0.699405 0.583502 0.923025 0.961091 0.703413 0.675612 0.694521 0.587282 0.600682 0.546708 0.742515 0.619251 0.771325 0.582576 0.527075 0.539227 0.766120 0.714694 0.638062 0.626314 0.673005 0.689846 0.906397 0.802914 0.674942 0.753538 0.834054 0.681565 0.782953 0.869383 0.841377 0.931879 0.718796 0.562212 0.864102 0.972232 0.990925 0.851229 0.609206 0.789789 0.597039 0.728189 0.838911 0.840165 0.796973 0.828207 0.549801 0.620582 0.794607 0.721432 0.847375 0.908489 0.599576 0.710206 0.916814 0.897734 0.971054 0.950325 0.830072 0.749463 0.821577 0.933571 0.802161 0.894174
0.658261 0.585217 0.779047 0.714434 0.904991 0.773846 0.611735 0.597799 0.919817 0.647819 0.694170 0.730151 0.802340 0.808545 0.895490 0.929598 0.464718 0.567543 0.614145 0.708397 0.949175 0.838061 0.946606 0.979723 0.878270 0.846263 0.790900 0.986038 0.526650 0.626966 0.643237 0.755129 0.719039 0.000000 0.864706 0.990095 0.845743 0.988745 0.871297 0.937604 0.939124 0.829120 0.686637 0.543851 0.657184 0.620443 0.537347 0.813023 0.748905 0.705207 0.691903 0.765732 0.845238 0.808252 0.696554 0.728530 0.594833 0.718501 0.536613 0.569426 0.547190 0.706563 0.539239 0.564183 0.984441 0.812817 0.639788 0.544520 0.693018 0.805964 0.821864 0.730688 0.857689 0.913484 0.929925 0.955238 0.682585 0.809056 0.769878 0.889907 0.602666 0.681321 0.979462 0.982354 0.909321 0.834203 0.797136 0.835698 0.897363 0.917354 0.649734 0.845165 0.725770 0.901357 0.974073 0.827845 0.870031 0.905931 0.625092 0.625801 0.780400 0.646982 0.657549 0.967139 0.798717 0.880849 0.801283 0.991616 0.818805 0.761283 0.936034 0.842127 0.603288 0.934995 0.804507 0.890103
0.932590 0.996621 0.606005 0.634340 0.849865 0.802574 0.699776 0.750885 0.807067 0.879197 0.780724 0.996080 0.967216 0.891928 0.709853 0.653752 0.913332 0.946551 0.872596 0.951824 0.785374 0.933909 0.626949 0.645223 0.661090 0.626376 0.846695 0.788622 0.913350 0.870200 0.683961 0.799450 0.698595 0.864706 0.000000 0.833747 0.994936 0.980529 0.763658 0.864330 0.928171 0.984299 0.804647 0.866324 0.925159 0.988465 0.851916 0.773135 0.854684 0.920522 0.879556 0.906905 0.783848 0.698670 0.843647 0.993771 0.953661 0.989918 0.960708 0.920877 0.793474 0.899633 0.952645 0.998417 0.590231 0.616997 0.560092 0.688797 0.991425 0.944670 0.874477 0.767119 0.801608 0.780970 0.666192 0.953377 0.712389 0.910984 0.787518 0.971897 0.955517 0.995178 0.773754 0.890744 0.788982 0.626918 0.947358 0.966731 0.919818 0.997617 0.777035 0.883865 0.718286 0.782303 0.921316 0.778668 0.962043 0.919078 0.878573 0.861930 0.881197 0.723191 0.987936 0.970656 0.784985 0.868649 0.790970 0.951198 0.999432 0.909579 0.946024 0.874578 0.869903 0.938832 0.810157 0.827066
0.960511 0.907497 0.808903 0.724506 0.962059 0.923992 0.861261 0.792513 0.907266 0.915508 0.804268 0.992899 0.940399 0.942308 0.717637 0.732773 0.998564 0.945597 0.891540 0.917347 0.892519 0.960370 0.710365 0.731353 0.856546 0.868923 0.839190 0.858448 0.977989 0.938234 0.780605 0.872328 0.749107 0.990095 0.833747 0.000000 0.895887 0.808233 0.934023 0.902567 0.915486 0.960810 0.764326 0.763882 0.773824 0.867210 0.902179 0.820545 0.940223 0.808443 0.778528 0.755084 0.698380 0.717094 0.851512 0.940222 0.909741 0.837671 0.923177 0.807540 0.905201 0.867854 0.979230 0.912163 0.808991 0.772738 0.688825 0.734123 0.959024 0.804911 0.700312 0.791852 0.887342 0.919083 0.904488 0.917735 0.793489 0.887560 0.877326 0.935546 0.976065 0.910145 0.881030 0.882920 0.780294 0.748681 0.753257 0.970131 0.904696 0.906386 0.796901 0.836602 0.766400 0.790461 0.744427 0.999013 0.980898 0.853047 0.775345 0.740942 0.976719 0.961958 0.838160 0.920997 0.848766 0.795793 0.936455 0.850454 0.838320 0.972902 0.828043 0.958603 0.966791 0.852426 0.985936 0.771215
0.831079 0.962967 0.850284 0.836540 0.941389 0.899083 0.938680 0.987099 0.961583 0.814501 0.980667 0.918536 0.938741 0.988285 0.933125 0.974666 0.935162 0.941163 0.964347 0.962941 0.952296 0.956142 0.956187 0.857701 0.771400 0.884119 0.777131 0.921234 0.994711 0.917344 0.994016 0.977952 0.904699 0.845743 0.994936 0.895887 0.000000 0.823943 0.965429 0.931752 0.844399 0.976289 0.885464 0.968552 0.780142 0.798475 0.961366 0.965372 0.741929 0.917713 0.918106 0.985696 0.984603 0.952786 0.845918 0.964153 0.967396 0.959180 0.898114 0.972309 0.885522 0.871445 0.824986 0.851576 0.795093 0.782182 0.948810 0.968668 0.989757 0.895358 0.929597 0.970489 0.995321 0.990156 0.901239 0.870711 0.939291 0.916896 0.887259 0.986737 0.861228 0.854492 0.958555 0.990278 0.943912 0.985401 0.813835 0.916992 0.954891 0.956455 0.827099 0.884900 0.824769 0.914708 0.958383 0.853461 0.886625 0.932875 0.727301 0.916187 0.943800 0.896888 0.783876 0.996015 0.982914 0.849113 0.962086 0.921545 0.900265 0.952200 0.923007 0.940349 0.824790 0.903287 0.992011 0.919309
0.893276 0.845039 0.943823 0.843313 0.983627 0.931167 0.947213 0.933571 0.990925 0.985329 0.914636 0.880065 0.965260 0.963946 0.952724 0.906002 0.955220 0.874853 0.990095 0.978660 0.869675 0.987446 0.870092 0.842868 0.920194 0.979151 0.779501 0.945933 0.999281 0.931233 0.949694 0.832304 0.845981 0.988745 0.980529 0.808233 0.823943 0.000000 0.980996 0.986131 0.915997 0.932679 0.810687 0.817364 0.911547 0.886816 0.993397 0.953258 0.889700 0.862395 0.777837 0.740152 0.770576 0.821681 0.995119 0.895080 0.830533 0.845829 0.997153 0.853285 0.935949 0.952746 0.911223 0.984527 0.871502 0.942177 0.984870 0.982679 0.847520 0.776048 0.801091 0.877815 0.946307 0.972322 0.907278 0.861107 0.952712 0.779878 0.959959 0.854195 0.957417 0.941975 0.979649 0.988886 0.995453 0.849483 0.931237 0.932262 0.859576 0.914642 0.912355 0.925022 0.946853 0.916274 0.957909 0.906444 0.813753 0.980643 0.959642 0.984382 0.823193 0.935900 0.851506 0.950856 0.976620 0.955872 0.841581 0.922651 0.721073 0.963752 0.961312 0.975344 0.965864 0.929951 0.891968 0.989715
