0.000000 0.372005 0.920189 0.807527 0.870983 0.848541 0.719038 0.615772 0.887609 0.678469 0.431528 0.395755 0.632940 0.640919 0.818948 0.648935 0.486746 0.494941 0.514517 0.513446 0.989466 0.910389 0.931864 0.999059 0.860846 0.860293 0.837922 0.833138 0.636201 0.595927 0.813004 0.875531 0.504240 0.530002 0.941314 0.913613 0.673078 0.641461 0.989360 0.889802 0.771188 0.795114 0.696731 0.588683 0.685396 0.641692 0.726164 0.740579 0.800132 0.870681 0.689903 0.857202 0.907118 0.991132 0.843460 0.829978 0.358526 0.375249 0.510556 0.614247 0.488058 0.610350 0.388487 0.385045 0.903734 0.857813 0.754697 0.725711 0.424653 0.545883 0.555066 0.522770 0.786478 0.805000 0.997293 0.908965 0.780605 0.682171 0.712333 0.643080 0.507668 0.594640 0.856475 0.712139 0.991458 0.941051 0.876146 0.887728 0.938013 0.944852 0.711303 0.833472 0.854785 0.878173 0.899328 0.988148 0.664331 0.790218 0.453217 0.634600 0.737680 0.792465 0.536718 0.545658 0.695475 0.713972 0.832021 0.883260 0.743667 0.833167 0.754037 0.756387 0.695963 0.884000 0.708953 0.981578
0.372005 0.000000 0.883360 0.885606 0.880986 0.882978 0.864793 0.561729 0.843380 0.597663 0.548792 0.312701 0.630296 0.474091 0.727057 0.493698 0.375346 0.351348 0.533870 0.429279 0.966943 0.916472 0.860334 0.872591 0.944075 0.762666 0.879768 0.870486 0.501690 0.470998 0.860079 0.854454 0.600777 0.594593 0.954921 0.900121 0.675587 0.660886 0.905954 0.885801 0.721688 0.660234 0.728678 0.600880 0.724900 0.695889 0.869816 0.795321 0.829550 0.931379 0.790966 0.901869 0.982760 0.861215 0.879764 0.973884 0.264221 0.257808 0.749276 0.745835 0.632549 0.558661 0.462157 0.307104 0.793745 0.923369 0.984461 0.883115 0.487625 0.618157 0.433132 0.470585 0.773320 0.808565 0.941434 0.889577 0.607249 0.548729 0.757786 0.623769 0.429701 0.555571 0.738509 0.664423 0.881642 0.944951 0.894705 0.850794 0.807703 0.886116 0.684619 0.726334 0.807033 0.809553 0.891327 0.863386 0.702662 0.775164 0.440601 0.541511 0.688561 0.942287 0.591587 0.528370 0.722058 0.737068 0.811497 0.829361 0.795974 0.851775 0.696723 0.693876 0.703171 0.758038 0.776290 0.877174
0.920189 0.883360 0.000000 0.396462 0.731915 0.873684 0.309355 0.658226 0.764722 0.765853 0.762782 0.923593 0.734350 0.978871 0.774256 0.838132 0.889008 0.896412 0.596537 0.914334 0.769967 0.758535 0.498486 0.718517 0.520126 0.463771 0.893298 0.946720 0.927857 0.785029 0.452587 0.642193 0.526273 0.496255 0.593590 0.855683 0.878829 0.904325 0.559105 0.806037 0.996540 0.958922 0.468920 0.526494 0.742586 0.780025 0.587321 0.532813 0.720069 0.994698 0.902331 0.969560 0.919004 0.901947 0.795482 0.941964 0.960107 0.877075 0.619787 0.932850 0.621820 0.888282 0.741864 0.951453 0.368896 0.493211 0.303380 0.421250 0.941412 0.820703 0.865115 0.920726 0.892092 0.976557 0.699553 0.901043 0.840587 0.905419 0.746481 0.831456 0.893889 0.730593 0.948171 0.915937 0.475444 0.594281 0.851720 0.879556 0.790588 0.939122 0.897933 0.859216 0.865163 0.809617 0.993318 0.799303 0.912093 0.998488 0.949460 0.774087 0.918711 0.697562 0.853458 0.863697 0.767671 0.598476 0.997224 0.960691 0.913889 0.761326 0.817991 0.997253 0.878482 0.986573 0.818100 0.885639
0.807527 0.885606 0.396462 0.000000 0.805052 0.790355 0.305032 0.385813 0.901709 0.486144 0.786148 0.800453 0.768953 0.778819 0.748015 0.593398 0.746816 0.728212 0.481883 0.679845 0.763362 0.784292 0.405848 0.496166 0.714871 0.644673 0.961936 0.840551 0.819907 0.592379 0.419605 0.513788 0.497592 0.451906 0.724353 0.904396 0.690809 0.770567 0.635177 0.813086 0.993231 0.881982 0.421177 0.468486 0.894856 0.866144 0.714735 0.519574 0.663301 0.859117 0.893073 0.840995 0.904807 0.781243 0.865078 0.920984 0.826579 0.920985 0.716860 0.996575 0.689103 0.926077 0.586395 0.786126 0.636678 0.545307 0.445685 0.533237 0.883851 0.727281 0.639413 0.710389 0.715092 0.823458 0.728673 0.903145 0.771169 0.854525 0.640851 0.774365 0.628497 0.518017 0.861310 0.659734 0.635486 0.559612 0.868323 0.833173 0.982881 0.975182 0.718880 0.642317 0.762715 0.764700 0.975302 0.751784 0.823113 0.893774 0.876822 0.577503 0.854971 0.527447 0.678824 0.622867 0.729828 0.614445 0.995772 0.935469 0.832336 0.695720 0.829373 0.806113 0.776536 0.872029 0.909464 0.985043
0.870983 0.880986 0.731915 0.805052 0.000000 0.869997 0.775491 0.843349 0.735800 0.952633 0.864963 0.879419 0.726592 0.963596 0.754091 0.957146 0.931889 0.870102 0.794909 0.977339 0.869277 0.818360 0.835197 0.995130 0.785933 0.893543 0.887524 0.888304 0.824930 0.906049 0.876048 0.918250 0.721397 0.728105 0.813069 0.940437 0.959883 0.980020 0.808842 0.765584 0.961715 0.807981 0.734637 0.667116 0.590801 0.698098 0.781210 0.670036 0.991835 0.851246 0.977588 0.909871 0.981666 0.950089 0.917826 0.880726 0.936284 0.968405 0.720564 0.742829 0.646299 0.826877 0.893998 0.947926 0.613676 0.580341 0.680925 0.588205 0.760101 0.949454 0.944228 0.993470 0.865911 0.700116 0.937816 0.831745 0.832758 0.905110 0.939857 0.983425 0.910113 0.919459 0.931994 0.937271 0.824808 0.740415 0.866341 0.949969 0.810982 0.936278 0.869063 0.904601 0.820930 0.822817 0.967606 0.939727 0.915079 0.954195 0.808984 0.755159 0.984592 0.868751 0.867304 0.999927 0.699706 0.744637 0.915022 0.966213 0.904402 0.974531 0.789771 0.820454 0.923190 0.849256 0.727190 0.638606
0.848541 0.882978 0.873684 0.790355 0.869997 0.000000 0.775027 0.710150 0.786753 0.712881 0.847597 0.816570 0.734778 0.943849 0.903382 0.773479 0.934553 0.912603 0.878180 0.892722 0.833032 0.789600 0.843912 0.954753 0.896903 0.815324 0.951837 0.773506 0.929835 0.900085 0.753683 0.937803 0.850508 0.780083 0.728084 0.873177 0.738704 0.887158 0.866103 0.994317 0.956463 0.873063 0.844276 0.808891 0.832899 0.767817 0.821225 0.909610 0.941534 0.965788 0.994101 0.991079 0.951724 0.888716 0.962780 0.953521 0.915989 0.910454 0.744355 0.873076 0.701805 0.775309 0.827767 0.827957 0.908231 0.750361 0.780764 0.726051 0.915238 0.974898 0.814434 0.906925 0.971426 0.933999 0.926408 0.986272 0.891226 0.909564 0.955332 0.910247 0.807942 0.809620 0.877860 0.978275 0.992341 0.934937 0.918216 0.801454 0.999990 0.952870 0.670641 0.692427 0.555270 0.757836 0.989763 0.940560 0.827515 0.857028 0.755922 0.803831 0.762321 0.705714 0.734682 0.885177 0.903811 0.625505 0.978554 0.895905 0.977961 0.976789 0.932344 0.691263 0.908269 0.976751 0.919819 0.697814
0.719038 0.864793 0.309355 0.305032 0.775491 0.775027 0.000000 0.394991 0.746048 0.518598 0.634262 0.824024 0.662545 0.744136 0.703914 0.615920 0.663368 0.662769 0.368054 0.665872 0.790593 0.824320 0.393763 0.579539 0.675173 0.650395 0.920275 0.804979 0.734669 0.595867 0.395801 0.499773 0.398702 0.354044 0.655994 0.861223 0.772291 0.848755 0.596779 0.824920 0.998421 0.874333 0.351741 0.433753 0.738548 0.737905 0.547419 0.475167 0.705822 0.895610 0.947797 0.912285 0.892614 0.781107 0.838752 0.946487 0.761721 0.880328 0.587024 0.920757 0.541801 0.955135 0.480691 0.756755 0.560512 0.516443 0.325070 0.428245 0.800730 0.736689 0.633906 0.668515 0.713950 0.806628 0.796852 0.872359 0.767389 0.734631 0.609965 0.685081 0.605572 0.504538 0.847705 0.749158 0.500214 0.553482 0.898595 0.874542 0.945989 0.961727 0.691790 0.643391 0.737044 0.747886 0.960397 0.782774 0.766676 0.903118 0.723014 0.522173 0.901087 0.478534 0.624167 0.607764 0.692112 0.569971 0.935629 0.896007 0.822142 0.689415 0.751574 0.792499 0.715274 0.917288 0.784830 0.893003
0.615772 0.561729 0.658226 0.385813 0.843349 0.710150 0.394991 0.000000 0.781518 0.335547 0.692860 0.509739 0.649861 0.518595 0.734056 0.424080 0.543293 0.520682 0.406353 0.506191 0.815492 0.775662 0.509082 0.581345 0.895469 0.886496 0.837708 0.798709 0.591186 0.465965 0.546311 0.546267 0.479556 0.428752 0.770769 0.838977 0.681715 0.780778 0.810022 0.861368 0.946489 0.715878 0.438758 0.416695 0.766040 0.716894 0.726730 0.544571 0.836556 0.880546 0.933764 0.984693 0.873670 0.829972 0.993194 0.855885 0.543561 0.605967 0.644785 0.808541 0.576788 0.632606 0.448071 0.453763 0.950288 0.618251 0.565743 0.570311 0.711292 0.609161 0.484224 0.567837 0.669833 0.768191 0.834556 0.915170 0.683246 0.608484 0.633701 0.716843 0.429637 0.427765 0.724488 0.579649 0.873777 0.700297 0.937960 0.944798 0.888240 0.970104 0.491175 0.504947 0.603062 0.716417 0.876473 0.704590 0.645427 0.780032 0.551056 0.380639 0.602638 0.512034 0.520597 0.413252 0.654047 0.608493 0.839198 0.764316 0.727642 0.668000 0.679217 0.672904 0.635701 0.798158 0.838710 0.889677
0.887609 0.843380 0.764722 0.901709 0.735800 0.786753 0.746048 0.781518 0.000000 0.740169 0.755970 0.921066 0.778866 0.929369 0.898953 0.863077 0.813494 0.848665 0.793935 0.830446 0.983601 0.866248 0.916466 0.913297 0.870219 0.934052 0.851038 0.941201 0.767063 0.858733 0.806330 0.947670 0.841967 0.728025 0.781715 0.999267 0.873695 0.844280 0.879939 0.836300 0.929725 0.976212 0.730650 0.708475 0.608160 0.686493 0.638160 0.742936 0.981298 0.905544 0.986326 0.935467 0.950695 0.861758 0.966160 0.947268 0.885744 0.906186 0.694209 0.777296 0.698503 0.870442 0.898056 0.894423 0.821358 0.767229 0.681303 0.671424 0.769570 0.939535 0.852645 0.948831 0.972863 0.961301 0.835388 0.888659 0.805491 0.854473 0.984215 0.882310 0.879166 0.928144 0.942188 0.896852 0.986101 0.879207 0.789398 0.726720 0.987055 0.831837 0.726536 0.793511 0.774487 0.745950 0.876037 0.914554 0.918351 0.894669 0.745993 0.791790 0.932544 0.910247 0.858239 0.864235 0.820823 0.776204 0.971955 0.967387 0.967065 0.837189 0.765552 0.917369 0.897810 0.922023 0.822793 0.691933
0.678469 0.597663 0.765853 0.486144 0.952633 0.712881 0.518598 0.335547 0.740169 0.000000 0.722736 0.630819 0.825089 0.627796 0.819178 0.549950 0.600131 0.598758 0.478593 0.512926 0.843609 0.874187 0.594459 0.691259 0.934549 0.865410 0.816358 0.824545 0.711447 0.558648 0.574814 0.586188 0.629714 0.555462 0.760060 0.879646 0.707049 0.840871 0.877608 0.919702 0.974848 0.761097 0.537776 0.546920 0.831015 0.802900 0.786623 0.637141 0.858129 0.845776 0.991714 0.884059 0.949319 0.928792 0.903759 0.833738 0.579880 0.697934 0.803063 0.967230 0.743516 0.766331 0.585639 0.589446 0.968899 0.780092 0.678883 0.719769 0.726786 0.839813 0.449023 0.587948 0.630774 0.704021 0.878540 0.790639 0.720112 0.613573 0.704929 0.759745 0.502235 0.536127 0.815546 0.713483 0.965804 0.892240 0.935171 0.985055 0.703277 0.800060 0.480269 0.505495 0.566364 0.647961 0.960407 0.757818 0.671275 0.770249 0.577282 0.480653 0.707777 0.656229 0.631357 0.481243 0.865003 0.698511 0.855002 0.742786 0.825389 0.770386 0.763847 0.728401 0.755442 0.867627 0.865828 0.927506
0.431528 0.548792 0.762782 0.786148 0.864963 0.847597 0.634262 0.692860 0.755970 0.722736 0.000000 0.503992 0.517426 0.661763 0.723085 0.632570 0.465271 0.472192 0.484642 0.467349 0.883644 0.935629 0.867881 0.905184 0.972216 0.972655 0.852017 0.847608 0.592082 0.531920 0.798452 0.792182 0.567432 0.525241 0.977242 0.940274 0.858429 0.872959 0.892061 0.850176 0.808845 0.868237 0.683230 0.622297 0.791543 0.759233 0.668665 0.724807 0.940368 0.977348 0.962918 0.943691 0.989760 0.825894 0.972100 0.858352 0.482945 0.537482 0.617840 0.740242 0.520916 0.794613 0.446979 0.499977 0.951991 0.825501 0.673439 0.697115 0.500109 0.638881 0.611861 0.604598 0.710128 0.782698 0.996600 0.750379 0.764652 0.671502 0.595956 0.501584 0.527719 0.543323 0.879146 0.822716 0.882731 0.990625 0.770097 0.888638 0.966014 0.872728 0.791937 0.905394 0.885342 0.897921 0.913674 0.918857 0.715647 0.888082 0.508805 0.646386 0.828535 0.819629 0.570882 0.663800 0.672976 0.693124 0.894157 0.948573 0.819954 0.807241 0.889929 0.851346 0.860490 0.880165 0.647756 0.842068
0.395755 0.312701 0.923593 0.800453 0.879419 0.816570 0.824024 0.509739 0.921066 0.630819 0.503992 0.000000 0.540269 0.410974 0.657024 0.416324 0.381896 0.359824 0.530149 0.428740 0.932872 0.926691 0.846560 0.822116 0.883007 0.729846 0.856510 0.860310 0.470131 0.421028 0.887526 0.827394 0.588632 0.612666 0.847469 0.966272 0.675177 0.740760 0.879779 0.868363 0.699560 0.704579 0.750118 0.603861 0.849317 0.747480 0.860422 0.782184 0.927508 0.988057 0.837559 0.963867 0.970147 0.950179 0.929915 0.971142 0.319624 0.319314 0.740363 0.737107 0.615410 0.531202 0.402520 0.254821 0.738664 0.908795 0.945138 0.877875 0.565596 0.587495 0.505301 0.500534 0.728320 0.808051 0.973883 0.902499 0.642538 0.564795 0.682456 0.634618 0.386349 0.475765 0.684890 0.585897 0.896961 0.921392 0.870652 0.964949 0.919712 0.882350 0.685152 0.736209 0.821662 0.897305 0.893603 0.820753 0.689816 0.719493 0.476329 0.532142 0.658234 0.804241 0.549359 0.494453 0.625488 0.761664 0.873424 0.863032 0.730207 0.778432 0.783772 0.687285 0.722737 0.817531 0.786753 0.859779
0.632940 0.630296 0.734350 0.768953 0.726592 0.734778 0.662545 0.649861 0.778866 0.825089 0.517426 0.540269 0.000000 0.555579 0.452559 0.496636 0.598243 0.486395 0.606335 0.670785 0.738257 0.899126 0.706738 0.795399 0.899753 0.993639 0.965526 0.975239 0.561128 0.532504 0.790779 0.866668 0.558394 0.561687 0.919152 0.963677 0.774449 0.886423 0.922038 0.808059 0.864919 0.814531 0.634627 0.563034 0.669272 0.718769 0.682497 0.674256 0.940281 0.906868 0.967595 0.917724 0.942019 0.871802 0.981397 0.989941 0.623483 0.624996 0.676952 0.756028 0.497598 0.767749 0.488666 0.525950 0.766356 0.736266 0.704428 0.692029 0.751436 0.771448 0.699371 0.730298 0.945851 0.935589 0.969483 0.771028 0.807961 0.561008 0.645954 0.589715 0.579224 0.567018 0.759028 0.797485 0.754770 0.727390 0.852469 0.995995 0.791767 0.964427 0.846787 0.859928 0.828107 0.911272 0.859353 0.841885 0.767041 0.848929 0.644718 0.687198 0.907579 0.814986 0.623500 0.751361 0.582758 0.629765 0.947680 0.981455 0.763686 0.715831 0.893769 0.713610 0.807534 0.841504 0.665969 0.822673
0.640919 0.474091 0.978871 0.778819 0.963596 0.943849 0.744136 0.518595 0.929369 0.627796 0.661763 0.410974 0.555579 0.000000 0.493677 0.399842 0.434436 0.366689 0.513423 0.482456 0.886484 0.960863 0.652291 0.657245 0.980269 0.812362 0.910977 0.825050 0.480305 0.432327 0.775667 0.643313 0.603672 0.625697 0.889863 0.932354 0.832973 0.855368 0.935063 0.862821 0.931274 0.755571 0.624139 0.619764 0.826935 0.854601 0.807370 0.717320 0.956845 0.852117 0.953543 0.959134 0.918702 0.911024 0.921071 0.843000 0.428888 0.473538 0.924083 0.983042 0.825056 0.816430 0.435561 0.400170 0.877943 0.996736 0.956149 0.947374 0.739646 0.809649 0.580998 0.600893 0.727501 0.852652 0.955191 0.799132 0.639875 0.506506 0.624013 0.560305 0.427581 0.438717 0.535829 0.622630 0.835369 0.764191 0.943794 0.820835 0.936090 0.860994 0.758034 0.707577 0.906408 0.919757 0.990748 0.742595 0.770666 0.804724 0.570223 0.453524 0.771413 0.790266 0.560048 0.551331 0.759095 0.828030 0.918249 0.766899 0.776261 0.747352 0.816906 0.607777 0.775800 0.748457 0.821488 0.989666
0.818948 0.727057 0.774256 0.748015 0.754091 0.903382 0.703914 0.734056 0.898953 0.819178 0.723085 0.657024 0.452559 0.493677 0.000000 0.524581 0.617150 0.522669 0.592657 0.651160 0.666453 0.860457 0.582894 0.686247 0.750406 0.963091 0.882569 0.962583 0.545273 0.525365 0.746193 0.722147 0.597452 0.590837 0.982426 0.950688 0.819593 0.859910 0.985502 0.738491 0.936022 0.927489 0.596886 0.559156 0.740414 0.792947 0.667542 0.623792 0.942657 0.931032 0.926450 0.989064 0.981103 0.994618 0.998099 0.911097 0.710658 0.760265 0.917977 0.981028 0.779767 0.959985 0.599451 0.661611 0.698688 0.809622 0.820753 0.815541 0.886422 0.934492 0.738874 0.774705 0.945791 0.824877 0.895463 0.715778 0.712850 0.523695 0.548789 0.612466 0.622193 0.582524 0.677312 0.723777 0.591974 0.597446 0.903103 0.827638 0.858604 0.974071 0.915385 0.871145 0.963391 0.979861 0.964512 0.684053 0.921372 0.821667 0.736244 0.605136 0.894791 0.882236 0.740480 0.843257 0.706285 0.707161 0.975510 0.974803 0.766163 0.765420 0.878574 0.672660 0.869621 0.768232 0.818592 0.895629
0.648935 0.493698 0.838132 0.593398 0.957146 0.773479 0.615920 0.424080 0.863077 0.549950 0.632570 0.416324 0.496636 0.399842 0.524581 0.000000 0.444882 0.369664 0.476173 0.448799 0.802729 0.871549 0.510222 0.527587 0.903721 0.989559 0.914819 0.888153 0.465374 0.321864 0.712978 0.607240 0.551454 0.530661 0.987571 0.980861 0.684369 0.819193 0.981000 0.820309 0.828855 0.753235 0.549874 0.498259 0.880490 0.816153 0.744687 0.647195 0.849913 0.904964 0.982049 0.919463 0.954624 0.999268 0.893374 0.808024 0.460161 0.481840 0.825904 0.950847 0.683538 0.714800 0.427599 0.386490 0.994460 0.778931 0.832508 0.816112 0.751985 0.749120 0.486137 0.561225 0.717597 0.832327 0.955893 0.797476 0.613600 0.507540 0.606125 0.593579 0.408725 0.415224 0.629913 0.570633 0.821417 0.657061 0.932831 0.792214 0.931901 0.990544 0.711073 0.682922 0.821052 0.895472 0.899651 0.721768 0.793275 0.787802 0.613796 0.463531 0.812326 0.746096 0.541672 0.484530 0.600747 0.704608 0.987507 0.948247 0.808257 0.678518 0.851507 0.705566 0.691033 0.804758 0.815328 0.855569
0.486746 0.375346 0.889008 0.746816 0.931889 0.934553 0.663368 0.543293 0.813494 0.600131 0.465271 0.381896 0.598243 0.434436 0.617150 0.444882 0.000000 0.269010 0.401471 0.384687 0.877270 0.942248 0.685588 0.732014 0.958507 0.876336 0.899961 0.790515 0.414088 0.344473 0.718067 0.647016 0.498616 0.467410 0.974826 0.885265 0.730290 0.770560 0.964264 0.891913 0.740346 0.746750 0.605051 0.522043 0.819282 0.773753 0.723660 0.739111 0.930293 0.907245 0.999358 0.896315 0.894030 0.909111 0.908216 0.935388 0.281034 0.367377 0.781040 0.879269 0.661627 0.747816 0.368421 0.351015 0.947815 0.894934 0.806617 0.807759 0.549140 0.640312 0.445956 0.472987 0.701001 0.769648 0.965841 0.795651 0.660316 0.573285 0.583110 0.475053 0.340611 0.402887 0.636826 0.609356 0.870448 0.811407 0.929616 0.936514 0.926175 0.874593 0.765874 0.758343 0.870263 0.854244 0.858075 0.793202 0.709070 0.789709 0.588923 0.512503 0.828433 0.804685 0.577889 0.514438 0.705297 0.787926 0.866292 0.908976 0.831984 0.728209 0.711586 0.750616 0.695231 0.754511 0.779271 0.816700
0.494941 0.351348 0.896412 0.728212 0.870102 0.912603 0.662769 0.520682 0.848665 0.598758 0.472192 0.359824 0.486395 0.366689 0.522669 0.369664 0.269010 0.000000 0.374826 0.332321 0.864940 0.962992 0.628914 0.686743 0.955158 0.836753 0.944623 0.796863 0.357048 0.281160 0.745035 0.620350 0.476304 0.453245 0.962556 0.899871 0.704099 0.740674 0.946548 0.879762 0.785902 0.690668 0.575448 0.491122 0.804884 0.759838 0.756666 0.669289 0.907547 0.916196 0.983798 0.922660 0.925874 0.900696 0.934728 0.903484 0.277621 0.340647 0.808958 0.888178 0.634807 0.732131 0.339208 0.312309 0.996365 0.842452 0.814339 0.806832 0.541437 0.664578 0.447242 0.470006 0.722729 0.807824 0.953976 0.805703 0.631684 0.495896 0.520939 0.463828 0.281451 0.337539 0.533995 0.521330 0.819263 0.731166 0.989624 0.870499 0.949305 0.910906 0.789107 0.752942 0.895670 0.912600 0.918375 0.776215 0.707324 0.799004 0.563179 0.458065 0.802007 0.828115 0.534991 0.505321 0.670922 0.720495 0.874937 0.983637 0.811335 0.714752 0.717981 0.639829 0.727506 0.726441 0.748039 0.866568
0.514517 0.533870 0.596537 0.481883 0.794909 0.878180 0.368054 0.406353 0.793935 0.478593 0.484642 0.530149 0.606335 0.513423 0.592657 0.476173 0.401471 0.374826 0.000000 0.372081 0.882223 0.931552 0.438715 0.562813 0.825825 0.980317 0.855849 0.686595 0.497362 0.425259 0.567853 0.454684 0.369260 0.339610 0.863878 0.824166 0.727513 0.799496 0.840653 0.849132 0.932388 0.816294 0.440961 0.464276 0.805462 0.812331 0.645516 0.547000 0.757809 0.808022 0.920490 0.815890 0.944407 0.931597 0.991475 0.842924 0.430754 0.571966 0.732369 0.981785 0.605824 0.887176 0.311284 0.493752 0.810208 0.717335 0.556070 0.638540 0.637426 0.671279 0.408269 0.490575 0.662967 0.752354 0.896617 0.801484 0.655301 0.544565 0.531300 0.544901 0.371234 0.359205 0.627843 0.592747 0.605365 0.607244 0.889998 0.893057 0.878368 0.834830 0.655679 0.625572 0.769227 0.774263 0.967772 0.784126 0.688848 0.837197 0.543401 0.368574 0.865526 0.602769 0.503815 0.521419 0.686274 0.638127 0.894229 0.924569 0.813546 0.781362 0.719770 0.684474 0.727252 0.854087 0.731873 0.895960
0.513446 0.429279 0.914334 0.679845 0.977339 0.892722 0.665872 0.506191 0.830446 0.512926 0.467349 0.428740 0.670785 0.482456 0.651160 0.448799 0.384687 0.332321 0.372081 0.000000 0.905612 0.975624 0.676870 0.714843 0.936252 0.817588 0.887706 0.710620 0.477630 0.392998 0.779930 0.570525 0.593248 0.511049 0.888746 0.840477 0.712945 0.802033 0.978274 0.976011 0.830612 0.834781 0.624383 0.565492 0.974968 0.902346 0.847534 0.722398 0.817149 0.789840 0.889626 0.770131 0.867880 0.956135 0.871202 0.836441 0.377720 0.450319 0.891317 0.995901 0.754998 0.791559 0.409623 0.400595 0.890157 0.914337 0.827691 0.846794 0.551618 0.659628 0.396764 0.499693 0.628012 0.707695 0.983112 0.770997 0.720344 0.583434 0.545511 0.566849 0.356355 0.422360 0.694287 0.578690 0.967431 0.865440 0.973085 0.963303 0.762024 0.788283 0.683397 0.697612 0.852572 0.874072 0.924778 0.856797 0.775157 0.864899 0.581440 0.476291 0.808464 0.753503 0.569484 0.492765 0.782466 0.733730 0.926321 0.954421 0.822723 0.803348 0.778263 0.699367 0.798603 0.740633 0.796170 0.988429
0.989466 0.966943 0.769967 0.763362 0.869277 0.833032 0.790593 0.815492 0.983601 0.843609 0.883644 0.932872 0.738257 0.886484 0.666453 0.802729 0.877270 0.864940 0.882223 0.905612 0.000000 0.787074 0.777114 0.840109 0.756880 0.819738 0.819949 0.984427 0.955248 0.746485 0.821583 0.850826 0.826275 0.818575 0.986174 0.991019 0.878359 0.958274 0.963975 0.980695 0.921240 0.898892 0.808731 0.733856 0.960223 0.956745 0.892462 0.788336 0.851843 0.961295 0.950758 0.990929 0.938539 0.984145 0.789889 0.877123 0.970906 0.972027 0.916759 0.989405 0.827931 0.970761 0.887583 0.918064 0.751644 0.798018 0.834009 0.816095 0.980005 0.938392 0.915610 0.944857 0.948428 0.839513 0.847311 0.963236 0.959664 0.842816 0.913773 0.894191 0.879810 0.843006 0.999678 0.945255 0.883442 0.830723 0.982097 0.948402 0.901995 0.978950 0.960920 0.942496 0.897707 0.913229 0.962757 0.663371 0.833759 0.935723 0.990709 0.924227 0.976744 0.984735 0.847660 0.995042 0.877838 0.745429 0.971314 0.990811 0.781704 0.900761 0.903869 0.938603 0.917318 0.976039 0.891204 0.931452
0.910389 0.916472 0.758535 0.784292 0.818360 0.789600 0.824320 0.775662 0.866248 0.874187 0.935629 0.926691 0.899126 0.960863 0.860457 0.871549 0.942248 0.962992 0.931552 0.975624 0.787074 0.000000 0.814990 0.916354 0.735412 0.733256 0.791694 0.943675 0.905939 0.862687 0.760006 0.924773 0.851276 0.797410 0.893316 0.955873 0.923450 0.903391 0.897323 0.798499 0.999430 0.882541 0.769763 0.724942 0.743947 0.795665 0.848989 0.926140 0.929328 0.835377 0.927705 0.811919 0.870214 0.901174 0.859384 0.777738 0.970119 0.962353 0.820886 0.918242 0.908403 0.936189 0.995338 0.967376 0.810421 0.800586 0.786317 0.811314 0.897432 0.851502 0.841952 0.926266 0.981087 0.890372 0.782827 0.996029 0.858318 0.871240 0.836667 0.928805 0.940448 0.949496 0.923211 0.982218 0.912568 0.937260 0.989987 0.965065 0.840994 0.945801 0.822192 0.865639 0.819290 0.861223 0.840832 0.711331 0.982612 0.992118 0.801899 0.803915 0.902378 0.876196 0.908563 0.866780 0.852342 0.780137 0.963740 0.900077 0.940929 0.914493 0.803955 0.990863 0.911412 0.977895 0.954731 0.787530
0.931864 0.860334 0.498486 0.405848 0.835197 0.843912 0.393763 0.509082 0.916466 0.594459 0.867881 0.846560 0.706738 0.652291 0.582894 0.510222 0.685588 0.628914 0.438715 0.676870 0.777114 0.814990 0.000000 0.353827 0.619384 0.750408 0.955034 0.857934 0.741460 0.580838 0.470431 0.440860 0.520037 0.550215 0.869412 0.846015 0.768943 0.881189 0.745102 0.896058 0.933746 0.804155 0.431086 0.548133 0.866908 0.927805 0.749498 0.656140 0.634434 0.805936 0.772830 0.778196 0.967126 0.839835 0.939810 0.758330 0.782658 0.908908 0.987773 0.750229 0.850163 0.873026 0.618871 0.829122 0.575103 0.668715 0.626444 0.728982 0.954756 0.958566 0.521090 0.639919 0.852925 0.924566 0.840108 0.920397 0.679992 0.673016 0.704901 0.713564 0.653482 0.558774 0.707913 0.724889 0.457251 0.420402 0.726546 0.759156 0.993555 0.900937 0.776906 0.624229 0.814688 0.796137 0.921478 0.635868 0.929533 0.924356 0.830368 0.500328 0.979252 0.684762 0.799234 0.735342 0.833828 0.654516 0.966340 0.984359 0.911139 0.773355 0.850286 0.781145 0.765477 0.903287 0.887004 0.928971
0.999059 0.872591 0.718517 0.496166 0.995130 0.954753 0.579539 0.581345 0.913297 0.691259 0.905184 0.822116 0.795399 0.657245 0.686247 0.527587 0.732014 0.686743 0.562813 0.714843 0.840109 0.916354 0.353827 0.000000 0.689023 0.931452 0.966152 0.860707 0.749513 0.604259 0.664937 0.476598 0.699578 0.699982 0.979088 0.952001 0.814070 0.890887 0.811485 0.967883 0.925971 0.908606 0.647121 0.757553 0.893525 0.874857 0.939539 0.828517 0.622009 0.710656 0.739494 0.717818 0.973812 0.843162 0.859964 0.646690 0.791532 0.889339 0.834881 0.651566 0.973617 0.898769 0.686820 0.813333 0.842698 0.873832 0.863256 0.992583 0.933883 0.892588 0.622806 0.695500 0.742252 0.785979 0.921107 0.902635 0.747678 0.828981 0.712308 0.713863 0.681449 0.567628 0.761914 0.713729 0.629980 0.490308 0.834593 0.727993 0.943260 0.968622 0.843954 0.704399 0.903204 0.903369 0.832488 0.699913 0.977622 0.957614 0.924960 0.595172 0.932633 0.717579 0.855168 0.743759 0.811963 0.816670 0.850520 0.984704 0.944981 0.912948 0.981810 0.871538 0.861321 0.858904 0.884744 0.961195
0.860846 0.944075 0.520126 0.714871 0.785933 0.896903 0.675173 0.895469 0.870219 0.934549 0.972216 0.883007 0.899753 0.980269 0.750406 0.903721 0.958507 0.955158 0.825825 0.936252 0.756880 0.735412 0.619384 0.689023 0.000000 0.566811 0.776442 0.880681 0.959608 0.837916 0.636927 0.786622 0.797371 0.736588 0.755098 0.975500 0.936581 0.904735 0.749181 0.907218 0.943567 0.999111 0.691030 0.777475 0.846827 0.876589 0.783562 0.736739 0.834521 0.970423 0.889916 0.946311 0.949772 0.938894 0.972549 0.885870 0.939607 0.865998 0.964984 0.808565 0.913977 0.802116 0.963225 0.858694 0.524900 0.746033 0.717895 0.802972 0.932655 0.990495 0.971390 0.990850 0.918865 0.952900 0.871979 0.978962 0.791320 0.930962 0.856616 0.986304 0.961654 0.930580 0.998060 0.992152 0.644368 0.659364 0.816945 0.932446 0.958605 0.981150 0.935297 0.945296 0.926822 0.884737 0.881949 0.758966 0.857818 0.958040 0.968101 0.870592 0.878190 0.992447 0.904841 0.934238 0.858230 0.741980 0.991332 0.946237 0.987561 0.939772 0.831211 0.937658 0.973684 0.991757 0.993438 0.790165
0.860293 0.762666 0.463771 0.644673 0.893543 0.815324 0.650395 0.886496 0.934052 0.865410 0.972655 0.729846 0.993639 0.812362 0.963091 0.989559 0.876336 0.836753 0.980317 0.817588 0.819738 0.733256 0.750408 0.931452 0.566811 0.000000 0.742397 0.768551 0.858593 0.979875 0.603648 0.847619 0.823153 0.800608 0.547178 0.840998 0.922274 0.954961 0.687987 0.847323 0.984027 0.934968 0.719259 0.747851 0.801046 0.824436 0.681042 0.682910 0.877531 0.885033 0.966949 0.901171 0.907045 0.968065 0.851803 0.863933 0.781360 0.744082 0.740114 0.946508 0.835696 0.890257 0.928798 0.779918 0.494968 0.613719 0.562523 0.572251 0.926283 0.997287 0.921228 0.886901 0.924590 0.882666 0.739127 0.949693 0.978397 0.926366 0.951432 0.951770 0.886118 0.984764 0.910718 0.910254 0.687769 0.732208 0.972479 0.879561 0.831569 0.836620 0.913958 0.959202 0.940556 0.970186 0.994708 0.938698 0.985304 0.972909 0.855053 0.988035 0.831034 0.930390 0.976405 0.888767 0.993303 0.759022 0.945838 0.924790 0.975417 0.882107 0.985599 0.848284 0.960598 0.949660 0.945044 0.824722
0.837922 0.879768 0.893298 0.961936 0.887524 0.951837 0.920275 0.837708 0.851038 0.816358 0.852017 0.856510 0.965526 0.910977 0.882569 0.914819 0.899961 0.944623 0.855849 0.887706 0.819949 0.791694 0.955034 0.966152 0.776442 0.742397 0.000000 0.819587 0.947398 0.943538 0.817309 0.901724 0.975946 0.965938 0.968680 0.971015 0.985857 0.930815 0.878446 0.929780 0.941883 0.919130 0.978831 0.860192 0.960522 0.994121 0.985315 0.945617 0.933396 0.811513 0.961255 0.899854 0.988320 0.956806 0.953855 0.874614 0.894569 0.923820 0.983776 0.997370 0.941839 0.892031 0.853904 0.874246 0.703895 0.886402 0.985060 0.992430 0.903035 0.933342 0.933474 0.921490 0.847054 0.826768 0.838211 0.999252 0.967877 0.798884 0.976996 0.950346 0.867761 0.914364 0.964457 0.962147 0.961966 0.821525 0.883201 0.834449 0.765768 0.937877 0.718397 0.819575 0.735269 0.908532 0.927767 0.999383 0.766060 0.965191 0.707920 0.770361 0.944040 0.951572 0.889712 0.865531 0.914615 0.993905 0.995775 0.840030 0.968932 0.981043 0.919688 0.970954 0.912896 0.975772 0.992677 0.949551
0.833138 0.870486 0.946720 0.840551 0.888304 0.773506 0.804979 0.798709 0.941201 0.824545 0.847608 0.860310 0.975239 0.825050 0.962583 0.888153 0.790515 0.796863 0.686595 0.710620 0.984427 0.943675 0.857934 0.860707 0.880681 0.768551 0.819587 0.000000 0.812014 0.816974 0.970136 0.844429 0.874744 0.813604 0.993150 0.808394 0.892856 0.960197 0.810573 0.881516 0.974370 0.917283 0.859390 0.891235 0.975849 0.930302 0.909413 0.822378 0.832713 0.841270 0.872715 0.763785 0.869072 0.821798 0.976838 0.890618 0.760623 0.858084 0.982968 0.905582 0.916361 0.915225 0.833587 0.883552 0.965688 0.910087 0.895451 0.930595 0.775733 0.873519 0.751057 0.859382 0.711956 0.724169 0.862578 0.889384 0.915977 0.893989 0.870160 0.812496 0.801799 0.838972 0.816691 0.819726 0.945240 0.941449 0.904106 0.903925 0.881112 0.737320 0.811437 0.796444 0.965755 0.833478 0.982453 0.970787 0.949894 0.994730 0.838654 0.745339 0.983682 0.750752 0.867410 0.756937 0.805754 0.913786 0.937675 0.944267 0.924329 0.943355 0.767049 0.847632 0.924570 0.993204 0.886802 0.869934
0.636201 0.501690 0.927857 0.819907 0.824930 0.929835 0.734669 0.591186 0.767063 0.711447 0.592082 0.470131 0.561128 0.480305 0.545273 0.465374 0.414088 0.357048 0.497362 0.477630 0.955248 0.905939 0.741460 0.749513 0.959608 0.858593 0.947398 0.812014 0.000000 0.395463 0.806412 0.687921 0.550848 0.496499 0.965260 0.942175 0.838967 0.922520 0.984330 0.934640 0.775180 0.781078 0.586717 0.531317 0.727490 0.665314 0.668383 0.607991 0.997472 0.933150 0.935616 0.935841 0.909143 0.980698 0.952696 0.924080 0.430215 0.456046 0.784477 0.828544 0.637711 0.666993 0.471230 0.423211 0.979887 0.782483 0.777247 0.770220 0.578354 0.602249 0.662779 0.712866 0.743210 0.826863 0.931614 0.704279 0.723269 0.537696 0.582550 0.521599 0.401852 0.477966 0.575332 0.562034 0.814660 0.755869 0.878283 0.882517 0.981303 0.979638 0.857924 0.810706 0.912532 0.991490 0.843166 0.793716 0.770928 0.757894 0.602189 0.542648 0.771699 0.737179 0.636731 0.601300 0.711454 0.771660 0.979487 0.965535 0.856170 0.726785 0.653120 0.727729 0.790178 0.759482 0.841642 0.836343
0.595927 0.470998 0.785029 0.592379 0.906049 0.900085 0.595867 0.465965 0.858733 0.558648 0.531920 0.421028 0.532504 0.432327 0.525365 0.321864 0.344473 0.281160 0.425259 0.392998 0.746485 0.862687 0.580838 0.604259 0.837916 0.979875 0.943538 0.816974 0.395463 0.000000 0.662801 0.579305 0.527378 0.435536 0.991945 0.901376 0.684192 0.680094 0.984086 0.869707 0.788471 0.763803 0.482967 0.393185 0.829572 0.730819 0.698524 0.541369 0.883660 0.981576 0.980804 0.980002 0.951379 0.959933 0.931176 0.918022 0.375676 0.455105 0.791312 0.906463 0.615395 0.677694 0.415935 0.369488 0.918020 0.709944 0.758135 0.763321 0.642825 0.629839 0.502116 0.554456 0.649627 0.744386 0.851971 0.779296 0.688486 0.547003 0.495439 0.549206 0.356164 0.391208 0.539245 0.532897 0.825576 0.717186 0.972614 0.805746 0.958557 0.967798 0.828739 0.817413 0.989939 0.959077 0.949535 0.704022 0.795290 0.749606 0.661050 0.499497 0.784606 0.798114 0.602144 0.483871 0.626922 0.674791 0.892979 0.972015 0.740376 0.634707 0.711901 0.734756 0.681292 0.767471 0.791433 0.845585
0.813004 0.860079 0.452587 0.419605 0.876048 0.753683 0.395801 0.546311 0.806330 0.574814 0.798452 0.887526 0.790779 0.775667 0.746193 0.712978 0.718067 0.745035 0.567853 0.779930 0.821583 0.760006 0.470431 0.664937 0.636927 0.603648 0.817309 0.970136 0.806412 0.662801 0.000000 0.554873 0.494507 0.454384 0.674164 0.922995 0.788020 0.870864 0.618452 0.846862 0.953867 0.833368 0.464810 0.496675 0.714876 0.734871 0.646621 0.622303 0.845138 0.993487 0.993539 0.996296 0.837812 0.888298 0.864042 0.926876 0.823479 0.916933 0.729733 0.985703 0.687831 0.962744 0.665127 0.835363 0.612656 0.656802 0.496014 0.591185 0.909048 0.820763 0.680953 0.770460 0.831401 0.946570 0.836162 0.848929 0.786301 0.826922 0.741773 0.768923 0.741954 0.671766 0.859258 0.865319 0.621150 0.653204 0.842957 0.942969 0.894830 0.968093 0.791368 0.738314 0.843359 0.761407 0.995865 0.870536 0.812921 0.886853 0.847054 0.701526 0.857476 0.587107 0.828255 0.792362 0.958415 0.644507 0.915140 0.831801 0.984698 0.793950 0.796070 0.854955 0.751857 0.962741 0.856329 0.905463
0.875531 0.854454 0.642193 0.513788 0.918250 0.937803 0.499773 0.546267 0.947670 0.586188 0.792182 0.827394 0.866668 0.643313 0.722147 0.607240 0.647016 0.620350 0.454684 0.570525 0.850826 0.924773 0.440860 0.476598 0.786622 0.847619 0.901724 0.844429 0.687921 0.579305 0.554873 0.000000 0.570202 0.520241 0.933298 0.788094 0.871129 0.983870 0.886673 0.978597 0.954114 0.983945 0.553293 0.675641 0.984227 0.995236 0.836510 0.698044 0.636708 0.691582 0.799244 0.743515 0.978503 0.891762 0.996111 0.800788 0.735184 0.869159 0.971461 0.789379 0.919977 0.874346 0.576091 0.744482 0.828238 0.837689 0.706115 0.786712 0.966495 0.884243 0.644733 0.734025 0.778249 0.835214 0.912374 0.864821 0.846107 0.682085 0.582219 0.701329 0.584844 0.480483 0.694690 0.679195 0.613705 0.566739 0.867813 0.717835 0.900867 0.998603 0.860358 0.740614 0.875574 0.928018 0.917788 0.687896 0.845023 0.902999 0.890381 0.555336 0.909446 0.675952 0.801206 0.675070 0.894094 0.811454 0.965427 0.977208 0.941502 0.800527 0.799358 0.922302 0.900017 0.867930 0.872407 0.968305
0.504240 0.600777 0.526273 0.497592 0.721397 0.850508 0.398702 0.479556 0.841967 0.629714 0.567432 0.588632 0.558394 0.603672 0.597452 0.551454 0.498616 0.476304 0.369260 0.593248 0.826275 0.851276 0.520037 0.699578 0.797371 0.823153 0.975946 0.874744 0.550848 0.527378 0.494507 0.570202 0.000000 0.304093 0.738440 0.832408 0.700779 0.750832 0.748021 0.738850 0.894109 0.741596 0.429731 0.411085 0.650882 0.645415 0.641474 0.533245 0.892582 0.992404 0.973987 0.976542 0.919903 0.977251 0.827385 0.973524 0.550933 0.623374 0.579209 0.772148 0.483428 0.852444 0.381423 0.531739 0.707897 0.619437 0.466024 0.471855 0.708607 0.643892 0.572767 0.563086 0.852034 0.970986 0.908617 0.966059 0.670719 0.594816 0.604209 0.606380 0.491679 0.422214 0.696443 0.586573 0.579381 0.524361 0.954566 0.908182 0.909704 0.996730 0.770032 0.710474 0.787535 0.836970 0.934294 0.813939 0.808427 0.876846 0.631801 0.583095 0.870065 0.643466 0.587513 0.601095 0.615078 0.607171 0.913287 0.952933 0.912768 0.778071 0.697414 0.749865 0.756428 0.826647 0.712319 0.955319
0.530002 0.594593 0.496255 0.451906 0.728105 0.780083 0.354044 0.428752 0.728025 0.555462 0.525241 0.612666 0.561687 0.625697 0.590837 0.530661 0.467410 0.453245 0.339610 0.511049 0.818575 0.797410 0.550215 0.699982 0.736588 0.800608 0.965938 0.813604 0.496499 0.435536 0.454384 0.520241 0.304093 0.000000 0.674969 0.848494 0.668191 0.787735 0.697103 0.741650 0.868921 0.808273 0.389899 0.349980 0.642240 0.634618 0.547508 0.419468 0.860553 0.997941 0.992037 0.998981 0.938397 0.996526 0.838156 0.931968 0.520877 0.625182 0.545829 0.767953 0.462032 0.804352 0.373187 0.536839 0.678976 0.561447 0.404595 0.429648 0.604886 0.595300 0.555613 0.646372 0.755738 0.910693 0.863551 0.814241 0.733728 0.576953 0.477457 0.590202 0.422135 0.391474 0.701003 0.585280 0.615125 0.585944 0.998530 0.969247 0.933414 0.979937 0.731660 0.705758 0.786882 0.776839 0.920269 0.790790 0.722985 0.776108 0.598309 0.520800 0.857025 0.575853 0.580403 0.535313 0.602881 0.579604 0.867619 0.939809 0.904081 0.689445 0.594653 0.731216 0.682839 0.799467 0.711041 0.856183
0.941314 0.954921 0.593590 0.724353 0.813069 0.728084 0.655994 0.770769 0.781715 0.760060 0.977242 0.847469 0.919152 0.889863 0.982426 0.987571 0.974826 0.962556 0.863878 0.888746 0.986174 0.893316 0.869412 0.979088 0.755098 0.547178 0.968680 0.993150 0.965260 0.991945 0.674164 0.933298 0.738440 0.674969 0.000000 0.796746 0.872862 0.960443 0.614661 0.941830 0.960983 0.981054 0.704662 0.707027 0.635267 0.712153 0.802925 0.684192 0.933158 0.898657 0.953399 0.881023 0.792523 0.924347 0.788676 0.861026 0.967240 0.909032 0.626821 0.797196 0.669025 0.931715 0.925702 0.941585 0.630195 0.601767 0.491582 0.504755 0.920779 0.919361 0.972647 0.869907 0.979208 0.920718 0.854773 0.883388 0.945527 0.973265 0.997298 0.985306 0.945586 0.914564 0.946131 0.999179 0.773497 0.808381 0.937290 0.859172 0.947358 0.851225 0.855534 0.897835 0.738141 0.794601 0.990154 0.966295 0.770591 0.889388 0.878536 0.866359 0.938079 0.790953 0.871732 0.997202 0.905856 0.714565 0.883904 0.886531 0.929594 0.890589 0.789702 0.782575 0.940994 0.946934 0.877970 0.937539
0.913613 0.900121 0.855683 0.904396 0.940437 0.873177 0.861223 0.838977 0.999267 0.879646 0.940274 0.966272 0.963677 0.932354 0.950688 0.980861 0.885265 0.899871 0.824166 0.840477 0.991019 0.955873 0.846015 0.952001 0.975500 0.840998 0.971015 0.808394 0.942175 0.901376 0.922995 0.788094 0.832408 0.848494 0.796746 0.000000 0.919190 0.830660 0.868984 0.951876 0.873206 0.940950 0.816339 0.822923 0.889208 0.959731 0.932011 0.840732 0.886812 0.893292 0.988896 0.993398 0.987690 0.951800 0.908175 0.971908 0.848821 0.927908 0.953767 0.919388 0.869090 0.941224 0.911546 0.906363 0.874462 0.785205 0.794726 0.774549 0.870385 0.904638 0.774474 0.995445 0.925490 0.974605 0.845205 0.932768 0.949405 0.886836 0.897934 0.989403 0.867422 0.921701 0.744399 0.889219 0.997434 0.862894 0.879263 0.954491 0.937950 0.948934 0.993428 0.890382 0.940011 0.985295 0.970295 0.819758 0.922527 0.999203 0.926229 0.823750 0.942513 0.970944 0.955723 0.886376 0.972721 0.904312 0.741527 0.906492 0.874250 0.991422 0.791888 0.864316 0.964638 0.865728 0.802107 0.827714
0.673078 0.675587 0.878829 0.690809 0.959883 0.738704 0.772291 0.681715 0.873695 0.707049 0.858429 0.675177 0.774449 0.832973 0.819593 0.684369 0.730290 0.704099 0.727513 0.712945 0.878359 0.923450 0.768943 0.814070 0.936581 0.922274 0.985857 0.892856 0.838967 0.684192 0.788020 0.871129 0.700779 0.668191 0.872862 0.919190 0.000000 0.652118 0.971981 0.996887 0.767263 0.782503 0.756066 0.689030 0.916096 0.847562 0.976775 0.818446 0.961964 0.997263 0.934069 0.983862 0.930458 0.973195 0.943178 0.959456 0.663109 0.672469 0.852875 0.951768 0.751887 0.754943 0.703344 0.669978 0.956861 0.771422 0.887905 0.837980 0.809590 0.819607 0.578437 0.677396 0.877479 0.910074 0.962596 0.995419 0.798720 0.736802 0.761859 0.942642 0.705656 0.737031 0.847890 0.672686 0.960339 0.856345 0.896173 0.983020 0.901097 0.906248 0.791057 0.755806 0.824686 0.788764 0.801767 0.990269 0.761503 0.687326 0.757543 0.726143 0.907715 0.806878 0.832445 0.751105 0.724969 0.739636 0.920428 0.785139 0.807517 0.912788 0.831734 0.592911 0.783769 0.906690 0.865533 0.918502
0.641461 0.660886 0.904325 0.770567 0.980020 0.887158 0.848755 0.780778 0.844280 0.840871 0.872959 0.740760 0.886423 0.855368 0.859910 0.819193 0.770560 0.740674 0.799496 0.802033 0.958274 0.903391 0.881189 0.890887 0.904735 0.954961 0.930815 0.960197 0.922520 0.680094 0.870864 0.983870 0.750832 0.787735 0.960443 0.830660 0.652118 0.000000 0.970304 0.773967 0.906925 0.912318 0.710642 0.657053 0.813381 0.779348 0.934428 0.829256 0.804478 0.790775 0.726093 0.734998 0.828087 0.800310 0.956628 0.962832 0.703696 0.708167 0.804013 0.833304 0.734865 0.742629 0.760049 0.704950 0.921025 0.793540 0.933773 0.892762 0.781455 0.696108 0.690243 0.693760 0.967769 0.881261 0.886935 0.990724 0.851065 0.873583 0.882887 0.909506 0.834444 0.865840 0.884811 0.783597 0.978851 0.861403 0.887705 0.967267 0.908804 0.882713 0.997641 0.921157 0.867914 0.961109 0.987944 0.940125 0.894840 0.831713 0.820263 0.831401 0.854179 0.932613 0.880713 0.732267 0.803195 0.738172 0.795357 0.791348 0.732687 0.869109 0.849109 0.861552 0.751077 0.823051 0.951087 0.864709
