0.000000 0.325477 0.841720 0.926120 0.856027 0.995957 0.953216 0.949449 0.865939 0.864180 0.442687 0.472286 0.970456 0.951574 0.997499 0.968363 0.384201 0.371753 0.676359 0.618803 0.891893 0.930700 0.871452 0.890783 0.851400 0.872809 0.943099 0.870701 0.564765 0.539218 0.977170 0.987531 0.649068 0.579156 0.964602 0.914958 0.863709 0.779945 0.986901 0.828230 0.554650 0.713865 0.827035 0.699182 0.772815 0.633246 0.537496 0.598585 0.630197 0.651057 0.716322 0.724882 0.961031 0.784528 0.537377 0.683795 0.309048 0.386463 0.384638 0.425822 0.548122 0.715212 0.501271 0.429682 0.859026 0.931198 0.764010 0.579773 0.471832 0.583117 0.913588 0.986162 0.681758 0.763631 0.726671 0.906441 0.975627 0.963987 0.576463 0.702424 0.348359 0.387242 0.656226 0.440863 0.670744 0.752938 0.965066 0.953854 0.946843 0.688884 0.684147 0.666263 0.757594 0.593494 0.749013 0.935473 0.828413 0.970490 0.967589 0.988820 0.907725 0.723210 0.826320 0.755180 0.759921 0.835811 0.884641 0.934406 0.908962 0.861310 0.799237 0.783135 0.840395 0.852374 0.802800 0.993156
0.325477 0.000000 0.866163 0.946497 0.855805 0.995838 0.975396 0.946179 0.840165 0.767833 0.521399 0.474665 0.973829 0.857008 0.909159 0.939525 0.446494 0.423835 0.692858 0.648791 0.945539 0.953543 0.929306 0.927267 0.910982 0.878462 0.939298 0.790882 0.526607 0.552025 0.996548 0.996836 0.601999 0.597929 0.903506 0.987189 0.919696 0.867917 0.985952 0.826961 0.565312 0.685550 0.830308 0.713249 0.764580 0.635704 0.530340 0.577588 0.662898 0.629539 0.688661 0.681172 0.908408 0.820500 0.549364 0.720598 0.337672 0.344377 0.364771 0.371988 0.535909 0.735171 0.494036 0.430021 0.904716 0.925262 0.744442 0.598174 0.490521 0.580177 0.919001 0.991738 0.639954 0.767494 0.724343 0.931790 0.994708 0.989887 0.570688 0.654262 0.388260 0.415059 0.613426 0.445002 0.611272 0.714178 0.877557 0.891407 0.985323 0.700106 0.736616 0.704327 0.804696 0.612497 0.757271 0.925848 0.809723 0.921788 0.963733 0.981373 0.944152 0.789431 0.884850 0.807982 0.756208 0.788291 0.927610 0.894981 0.952196 0.826462 0.767573 0.766004 0.900474 0.889562 0.782975 0.899590
0.841720 0.866163 0.000000 0.305782 0.878853 0.847768 0.445784 0.393245 0.487525 0.672634 0.946946 0.955404 0.635626 0.750321 0.897158 0.538027 0.733778 0.746460 0.683890 0.625289 0.874504 0.957597 0.631422 0.547588 0.382282 0.421362 0.986435 0.921486 0.844954 0.836841 0.562350 0.662731 0.720996 0.832951 0.909713 0.983326 0.712812 0.651450 0.616288 0.687462 0.907838 0.943942 0.610486 0.701683 0.906639 0.990843 0.908889 0.862483 0.845278 0.966859 0.976588 0.982954 0.929583 0.928180 0.972641 0.921960 0.847913 0.596832 0.667438 0.725210 0.867969 0.829724 0.512832 0.555489 0.413844 0.421326 0.633961 0.911265 0.953947 0.830414 0.493537 0.475518 0.864666 0.840226 0.903632 0.823423 0.607462 0.662707 0.896615 0.951699 0.687900 0.776201 0.823060 0.809541 0.983040 0.804248 0.939124 0.782074 0.828691 0.840866 0.511372 0.524503 0.473027 0.458828 0.984889 0.771666 0.859653 0.825134 0.755565 0.643293 0.802224 0.700668 0.991185 0.813963 0.753531 0.876162 0.813560 0.859989 0.929634 0.992507 0.953205 0.975746 0.861182 0.859170 0.883361 0.869846
0.926120 0.946497 0.305782 0.000000 0.784113 0.867087 0.458669 0.350019 0.563406 0.718412 0.949994 0.902497 0.699567 0.640833 0.896005 0.578405 0.800266 0.863678 0.662250 0.557019 0.842131 0.976694 0.606193 0.521852 0.382010 0.418050 0.942562 0.986474 0.918440 0.925411 0.599314 0.651807 0.648514 0.798071 0.880293 0.975288 0.683955 0.663859 0.601720 0.749473 0.983564 0.896581 0.685086 0.707068 0.943612 0.991757 0.961546 0.901542 0.877942 0.959389 0.962902 0.994404 0.912132 0.992425 0.914313 0.910652 0.919185 0.717156 0.731606 0.782311 0.853321 0.863833 0.606999 0.653927 0.420369 0.424094 0.612465 0.853598 0.974009 0.988978 0.606828 0.522368 0.981369 0.925290 0.888831 0.885174 0.692267 0.739243 0.845187 0.984281 0.785473 0.882251 0.840314 0.948355 0.893279 0.733385 0.894380 0.870532 0.819178 0.747889 0.612406 0.606200 0.513078 0.536243 0.994337 0.735855 0.915702 0.916531 0.869120 0.754262 0.767530 0.739426 0.996847 0.832491 0.671152 0.798968 0.900152 0.970007 0.970161 0.979552 0.909809 0.882084 0.920026 0.847284 0.899266 0.882560
0.856027 0.855805 0.878853 0.784113 0.000000 0.949007 0.945704 0.811654 0.947665 0.974670 0.890080 0.991013 0.829955 0.904052 0.986329 0.998093 0.949140 0.946157 0.876316 0.912348 0.706732 0.917098 0.971572 0.966344 0.918400 0.796648 0.943548 0.912346 0.844959 0.867822 0.824074 0.821033 0.850071 0.777914 0.938097 0.945565 0.879196 0.801467 0.848371 0.855143 0.890994 0.970416 0.877329 0.780607 0.922956 0.810545 0.877902 0.849819 0.824018 0.767773 0.884300 0.893079 0.866328 0.986964 0.911888 0.928575 0.868356 0.925577 0.878127 0.855312 0.941293 0.982394 0.993659 0.982579 0.956220 0.959542 0.943791 0.797783 0.858937 0.767650 0.964662 0.926037 0.884886 0.930411 0.968395 0.977367 0.884263 0.951106 0.836288 0.992254 0.873834 0.880357 0.927492 0.845494 0.990963 0.943137 0.849193 0.943466 0.926776 0.903247 0.870333 0.934002 0.950490 0.895102 0.978645 0.791998 0.966097 0.993512 0.955731 0.908851 0.894961 0.926308 0.905660 0.868850 0.933770 0.999020 0.994875 0.979003 0.951623 0.722091 0.892126 0.987408 0.971573 0.939046 0.996654 0.923573
0.995957 0.995838 0.847768 0.867087 0.949007 0.000000 0.674519 0.623322 0.864785 0.603922 0.928814 0.866779 0.808105 0.896763 0.816746 0.817203 0.937661 0.923405 0.776674 0.990198 0.840332 0.971567 0.924801 0.898603 0.996282 0.861620 0.492761 0.941057 0.996592 0.941601 0.927478 0.769446 0.817405 0.765963 0.909688 0.894931 0.970639 0.864208 0.912323 0.946780 0.934133 0.916735 0.958430 0.874492 0.838268 0.736322 0.990742 0.775851 0.730960 0.739571 0.850657 0.826282 0.802085 0.858297 0.782811 0.970641 0.787656 0.873233 0.999329 0.982232 0.834824 0.804011 0.873158 0.874378 0.908007 0.726214 0.846393 0.725142 0.818430 0.770180 0.578413 0.598377 0.659992 0.741636 0.937344 0.995514 0.789707 0.889237 0.990572 0.965590 0.893000 0.894489 0.682194 0.792828 0.799030 0.817005 0.798452 0.817674 0.790993 0.652898 0.543056 0.593455 0.598992 0.746659 0.886742 0.968133 0.629164 0.870482 0.651559 0.711761 0.732400 0.885791 0.857637 0.995139 0.858631 0.937956 0.981424 0.889369 0.882316 0.952433 0.957733 0.840180 0.721730 0.992891 0.982682 0.896447
0.953216 0.975396 0.445784 0.458669 0.945704 0.674519 0.000000 0.388405 0.558757 0.696576 0.971916 0.964064 0.624401 0.923595 0.880059 0.542628 0.939902 0.920592 0.514901 0.767640 0.948656 0.925468 0.603635 0.630278 0.555005 0.659963 0.835611 0.912021 0.982514 0.983143 0.562610 0.529488 0.503094 0.636200 0.956295 0.988713 0.933222 0.892421 0.766891 0.844619 0.962161 0.870681 0.700416 0.813409 0.910014 0.947681 0.887401 0.893574 0.833504 0.901998 0.928487 0.938734 0.982619 0.949683 0.884562 0.848977 0.927867 0.699392 0.810575 0.767805 0.907062 0.966950 0.750517 0.745741 0.552549 0.552839 0.477090 0.692467 0.864476 0.764224 0.630405 0.583734 0.794953 0.851925 0.871204 0.942283 0.731474 0.705804 0.940526 0.889619 0.864406 0.986161 0.899654 0.968314 0.803598 0.706130 0.991164 0.925550 0.917415 0.982134 0.567969 0.559933 0.535393 0.585638 0.823451 0.806862 0.770191 0.885263 0.760875 0.679238 0.851161 0.673288 0.901756 0.744775 0.710808 0.868381 0.914913 0.956099 0.817938 0.985248 0.990701 0.972097 0.807296 0.910118 0.923851 0.943989
0.949449 0.946179 0.393245 0.350019 0.811654 0.623322 0.388405 0.000000 0.606157 0.540154 0.878123 0.746908 0.766612 0.821649 0.896981 0.670796 0.984769 0.956584 0.556205 0.608981 0.949481 0.980901 0.852442 0.763526 0.537386 0.558671 0.796671 0.897460 0.996937 0.965734 0.669856 0.614823 0.555466 0.623559 0.938111 0.940496 0.831407 0.775093 0.723111 0.746794 0.893177 0.982813 0.784128 0.859339 0.899844 0.845217 0.919022 0.964765 0.741646 0.875992 0.868362 0.879834 0.912894 0.829970 0.907868 0.939919 0.977963 0.788653 0.907666 0.942778 0.903222 0.660690 0.721780 0.777466 0.639833 0.361288 0.601782 0.714827 0.995560 0.877382 0.529976 0.429920 0.787049 0.804771 0.946675 0.949978 0.724049 0.786557 0.878212 0.949462 0.911101 0.964921 0.716381 0.929267 0.980424 0.886686 0.808414 0.755108 0.955038 0.958082 0.527355 0.574733 0.478829 0.604045 0.925679 0.791578 0.652140 0.839064 0.788246 0.727586 0.716048 0.785790 0.874413 0.811450 0.671940 0.765622 0.903229 0.936104 0.978066 0.953376 0.990965 0.984644 0.902941 0.915094 0.909784 0.942262
0.865939 0.840165 0.487525 0.563406 0.947665 0.864785 0.558757 0.606157 0.000000 0.655648 0.920985 0.923905 0.647123 0.848665 0.889393 0.539004 0.778682 0.737090 0.681881 0.847387 0.856348 0.999793 0.682574 0.747047 0.671510 0.502102 0.952802 0.888712 0.905929 0.894193 0.507643 0.671600 0.696726 0.818325 0.861780 0.893271 0.806407 0.832562 0.747820 0.789913 0.820965 0.894058 0.581414 0.676217 0.734412 0.857898 0.820354 0.965876 0.957604 0.912080 0.830820 0.888346 0.802652 0.709162 0.955955 0.821027 0.819658 0.608455 0.749535 0.686771 0.940494 0.855150 0.609501 0.621414 0.580384 0.633888 0.646252 0.867880 0.963365 0.932962 0.533266 0.553049 0.966931 0.872272 0.918252 0.759345 0.540157 0.664593 0.946038 0.970115 0.758941 0.796385 0.873211 0.868010 0.998844 0.870575 0.917643 0.766759 0.903791 0.957827 0.562753 0.535429 0.577479 0.573123 0.911984 0.794016 0.784423 0.770053 0.670938 0.614996 0.861441 0.596139 0.824135 0.979447 0.820100 0.992329 0.820551 0.888458 0.887032 0.964662 0.962496 0.835372 0.830088 0.824972 0.906552 0.862569
0.864180 0.767833 0.672634 0.718412 0.974670 0.603922 0.696576 0.540154 0.655648 0.000000 0.975503 0.863198 0.871092 0.996906 0.687412 0.862738 0.952105 0.806952 0.805284 0.888116 0.998497 0.876876 0.849916 0.905162 0.883271 0.748145 0.736711 0.713337 0.941841 0.978359 0.914074 0.885303 0.933196 0.891951 0.944209 0.844746 0.996917 0.924833 0.935272 0.919874 0.943115 0.895947 0.978165 0.828146 0.734116 0.668444 0.859495 0.741665 0.674947 0.635999 0.729113 0.660996 0.761049 0.885389 0.809494 0.881871 0.700201 0.654071 0.767461 0.790768 0.928712 0.693970 0.693138 0.703234 0.981919 0.609726 0.894004 0.877054 0.882639 0.704729 0.499080 0.522881 0.819805 0.803787 0.898865 0.848814 0.733230 0.866620 0.904696 0.818191 0.768638 0.761631 0.576226 0.705784 0.565708 0.695482 0.719980 0.576261 0.934054 0.741422 0.488033 0.507258 0.509850 0.606663 0.944638 0.825194 0.686929 0.766198 0.783805 0.859692 0.747769 0.881319 0.726587 0.954171 0.880025 0.943186 0.928403 0.881136 0.900632 0.936784 0.866696 0.959683 0.911207 0.840760 0.887639 0.961735
0.442687 0.521399 0.946946 0.949994 0.890080 0.928814 0.971916 0.878123 0.920985 0.975503 0.000000 0.530407 0.983498 0.937074 0.936081 0.918588 0.433084 0.350342 0.635553 0.657532 0.956003 0.988489 0.796786 0.922106 0.830747 0.830566 0.983291 0.959850 0.520353 0.403305 0.948716 0.999840 0.716836 0.575473 0.930668 0.854111 0.930198 0.781957 0.970224 0.959073 0.648934 0.822277 0.912944 0.949186 0.978422 0.877593 0.735751 0.774061 0.920517 0.917890 0.928660 0.996212 0.875795 0.683864 0.640519 0.860736 0.486058 0.465126 0.575112 0.517227 0.485979 0.696892 0.497528 0.446146 0.827757 0.872397 0.780486 0.671158 0.455450 0.571607 0.907655 0.968962 0.818473 0.846148 0.837258 0.942726 0.902830 0.916750 0.622751 0.742410 0.460366 0.410087 0.745302 0.481665 0.835492 0.809679 0.993353 0.887594 0.886953 0.751683 0.706075 0.676155 0.786352 0.645597 0.766333 0.989581 0.911471 0.961562 0.854163 0.759164 0.862997 0.834685 0.932524 0.811729 0.853238 0.862614 0.746840 0.919760 0.805441 0.812026 0.755296 0.952053 0.964571 0.979907 0.877986 0.990691
0.472286 0.474665 0.955404 0.902497 0.991013 0.866779 0.964064 0.746908 0.923905 0.863198 0.530407 0.000000 0.868703 0.758752 0.945566 0.849300 0.529153 0.548851 0.720896 0.640568 0.978143 0.947596 0.830515 0.962979 0.927424 0.998982 0.850695 0.925136 0.568524 0.599064 0.983612 0.957872 0.683763 0.642959 0.956467 0.923819 0.855783 0.830295 0.999866 0.853973 0.611935 0.719343 0.924199 0.868290 0.930501 0.856300 0.631595 0.819570 0.896841 0.861467 0.807744 0.879899 0.948613 0.837826 0.695220 0.798727 0.556579 0.567363 0.524475 0.527823 0.463988 0.451041 0.655631 0.576781 0.879108 0.670558 0.809741 0.671895 0.579787 0.689220 0.836461 0.755480 0.597618 0.671041 0.727198 0.971529 0.944395 0.981230 0.613722 0.828422 0.558793 0.555515 0.853792 0.607578 0.903528 0.867285 0.890395 0.870855 0.931115 0.834633 0.982774 0.958175 0.961055 0.808104 0.868348 0.983171 0.713061 0.986734 0.931831 0.975905 0.962170 0.968414 0.696610 0.778953 0.754618 0.770215 0.917370 0.913096 0.924869 0.849445 0.739029 0.746958 0.997566 0.958668 0.864967 0.993006
0.970456 0.973829 0.635626 0.699567 0.829955 0.808105 0.624401 0.766612 0.647123 0.871092 0.983498 0.868703 0.000000 0.712905 0.506856 0.395643 0.836857 0.876159 0.759459 0.876001 0.974115 0.983960 0.514895 0.576832 0.644727 0.733265 0.974094 0.983376 0.912393 0.932403 0.702880 0.714314 0.669530 0.871021 0.828226 0.950878 0.780907 0.816575 0.795953 0.801397 0.949142 0.856674 0.695075 0.738988 0.726439 0.858927 0.823370 0.928434 0.935220 0.882814 0.711345 0.731877 0.712535 0.692907 0.966332 0.783175 0.957398 0.863708 0.826278 0.788017 0.870116 0.944179 0.850491 0.836564 0.574973 0.725948 0.706745 0.945860 0.982216 0.974616 0.691517 0.799323 0.898953 0.906180 0.876850 0.879696 0.643066 0.699028 0.898885 0.939383 0.896708 0.989192 0.873619 0.973386 0.736164 0.646167 0.951664 0.938564 0.806745 0.863747 0.597456 0.556203 0.596008 0.617129 0.838817 0.889287 0.877696 0.907434 0.772152 0.710913 0.889832 0.644076 0.999129 0.965703 0.745481 0.909235 0.943521 0.864614 0.932848 0.984028 0.911994 0.844601 0.733967 0.927095 0.732893 0.921202
0.951574 0.857008 0.750321 0.640833 0.904052 0.896763 0.923595 0.821649 0.848665 0.996906 0.937074 0.758752 0.712905 0.000000 0.665080 0.652031 0.825472 0.995669 0.839287 0.693225 0.973165 0.799228 0.636200 0.613237 0.754276 0.747563 0.795048 0.957082 0.899773 0.989413 0.903779 0.795600 0.741467 0.942794 0.823732 0.960230 0.825438 0.773059 0.883013 0.898665 0.924448 0.892162 0.839508 0.772746 0.835972 0.821118 0.917481 0.825032 0.846468 0.673950 0.777032 0.664399 0.797072 0.754910 0.945323 0.997108 0.943887 0.936726 0.978221 0.913985 0.991983 0.849045 0.908398 0.922423 0.685071 0.703841 0.987008 0.973091 0.840781 0.700769 0.906105 0.912930 0.976970 0.879362 0.920068 0.838035 0.786886 0.863124 0.743743 0.979308 0.901171 0.991236 0.795853 0.829278 0.833362 0.741922 0.944266 0.938479 0.953737 0.708712 0.915439 0.864746 0.820061 0.859159 0.944464 0.986343 0.984137 0.894067 0.925300 0.937286 0.981447 0.989994 0.898172 0.982739 0.698591 0.766264 0.978638 0.989760 0.940648 0.921054 0.789120 0.961939 0.945858 0.952824 0.821454 0.959651
0.997499 0.909159 0.897158 0.896005 0.986329 0.816746 0.880059 0.896981 0.889393 0.687412 0.936081 0.945566 0.506856 0.665080 0.000000 0.563402 0.817968 0.994172 0.862941 0.938968 0.970686 0.900138 0.434560 0.583756 0.780241 0.844718 0.662088 0.862921 0.914692 0.999950 0.748259 0.807404 0.768162 0.992898 0.784971 0.916751 0.835962 0.917356 0.802970 0.964471 0.945221 0.890313 0.752882 0.698478 0.607200 0.658686 0.824370 0.794315 0.702964 0.620817 0.639085 0.582188 0.608044 0.631021 0.794108 0.824311 0.923095 0.999893 0.889384 0.859506 0.984461 0.757002 0.949251 0.993089 0.604852 0.919366 0.844887 0.843075 0.980633 0.876977 0.927124 0.836458 0.933125 0.860121 0.909317 0.996675 0.879226 0.813063 0.885572 0.919510 0.959778 0.898727 0.579796 0.799083 0.553507 0.534696 0.796028 0.714815 0.844445 0.758743 0.992553 0.937555 0.928634 0.892366 0.889403 0.992378 0.827927 0.805767 0.953361 0.907999 0.869712 0.800063 0.786288 0.970818 0.915944 0.982368 0.884630 0.985462 0.992915 0.942503 0.870172 0.956723 0.955704 0.922300 0.787187 0.923947
0.968363 0.939525 0.538027 0.578405 0.998093 0.817203 0.542628 0.670796 0.539004 0.862738 0.918588 0.849300 0.395643 0.652031 0.563402 0.000000 0.872242 0.905280 0.666896 0.705003 0.925021 0.973431 0.447550 0.531771 0.552877 0.582396 0.967726 0.965396 0.950418 0.938759 0.558723 0.621764 0.565990 0.778363 0.802988 0.915019 0.780903 0.733689 0.746201 0.704593 0.985668 0.952203 0.507092 0.583398 0.613633 0.741232 0.710676 0.808593 0.846511 0.803285 0.700097 0.710111 0.704713 0.714713 0.892134 0.678126 0.980970 0.806132 0.851649 0.750816 0.932745 0.923819 0.745967 0.764664 0.453977 0.639012 0.612792 0.860396 0.987297 0.934299 0.620272 0.655010 0.826700 0.808721 0.886235 0.821321 0.542021 0.659137 0.771238 0.970799 0.885911 0.972231 0.839188 0.926871 0.703536 0.642559 0.995533 0.947765 0.886567 0.780915 0.589621 0.579160 0.600986 0.598268 0.881688 0.811920 0.864611 0.998728 0.702967 0.583608 0.834230 0.615092 0.930798 0.983547 0.683224 0.816626 0.972865 0.807587 0.840771 0.978255 0.973218 0.819267 0.725349 0.971379 0.744121 0.823326
0.384201 0.446494 0.733778 0.800266 0.949140 0.937661 0.939902 0.984769 0.778682 0.952105 0.433084 0.529153 0.836857 0.825472 0.817968 0.872242 0.000000 0.319863 0.709367 0.736405 0.963748 0.937618 0.653969 0.739744 0.676058 0.673402 0.826593 0.951373 0.519186 0.410880 0.890500 0.880754 0.824453 0.634821 0.907521 0.850931 0.983836 0.955633 0.884887 0.966460 0.606827 0.840283 0.884377 0.995792 0.980580 0.900021 0.719583 0.825073 0.904109 0.977891 0.995996 0.923350 0.742287 0.550639 0.684599 0.792172 0.431574 0.400613 0.433433 0.498757 0.484348 0.764619 0.407864 0.367224 0.655432 0.976806 0.849622 0.646998 0.557223 0.772058 0.873525 0.984875 0.705657 0.832158 0.821839 0.833887 0.849346 0.808263 0.659416 0.708266 0.371816 0.386271 0.751377 0.522732 0.862234 0.954614 0.945429 0.921626 0.968727 0.872247 0.652154 0.592213 0.667259 0.523573 0.749910 0.883388 0.839473 0.974799 0.913649 0.842802 0.864119 0.716849 0.897061 0.741654 0.975851 0.848641 0.818348 0.967756 0.979513 0.880881 0.889673 0.820185 0.964253 0.977707 0.985686 0.968828
0.371753 0.423835 0.746460 0.863678 0.946157 0.923405 0.920592 0.956584 0.737090 0.806952 0.350342 0.548851 0.876159 0.995669 0.994172 0.905280 0.319863 0.000000 0.697209 0.681790 0.968992 0.991831 0.812127 0.876485 0.734316 0.696095 0.979396 0.894749 0.446232 0.375346 0.900819 0.912877 0.751013 0.609480 0.962947 0.878349 0.959606 0.950030 0.922859 0.973067 0.573030 0.817335 0.880266 0.966120 0.954770 0.832432 0.659096 0.721732 0.852928 0.886278 0.942479 0.989805 0.855459 0.583716 0.607136 0.836754 0.391214 0.354442 0.486611 0.480314 0.489121 0.847214 0.359775 0.320883 0.770363 0.979095 0.863834 0.710616 0.534521 0.667892 0.762118 0.886490 0.762347 0.920259 0.861292 0.834451 0.771281 0.812526 0.617133 0.683455 0.376105 0.332451 0.605310 0.424695 0.711461 0.788122 0.934712 0.788954 0.953861 0.754479 0.584415 0.524724 0.641280 0.538434 0.756254 0.929669 0.994343 0.887333 0.822263 0.788326 0.815037 0.699271 0.993435 0.802389 0.929051 0.836890 0.710781 0.880009 0.849114 0.899962 0.797559 0.899609 0.903423 0.976851 0.917168 0.903118
0.676359 0.692858 0.683890 0.662250 0.876316 0.776674 0.514901 0.556205 0.681881 0.805284 0.635553 0.720896 0.759459 0.839287 0.862941 0.666896 0.709367 0.697209 0.000000 0.547604 0.941589 0.907138 0.794947 0.870390 0.880147 0.830630 0.849690 0.969085 0.654294 0.602711 0.666241 0.638696 0.518695 0.455487 0.912142 0.999268 0.957052 0.848724 0.837049 0.867369 0.827657 0.912862 0.782548 0.831974 0.858885 0.897938 0.722789 0.838937 0.977877 0.938810 0.994964 0.960372 0.958223 0.845605 0.811486 0.850304 0.789973 0.922853 0.859018 0.865968 0.662651 0.847503 0.908494 0.901987 0.812556 0.642653 0.537769 0.624293 0.790076 0.953216 0.710982 0.685764 0.703044 0.723412 0.855550 0.955003 0.832062 0.787795 0.707388 0.833595 0.844151 0.751843 0.894573 0.773162 0.806813 0.796730 0.933244 0.969725 0.959959 0.867124 0.851098 0.848315 0.761715 0.879067 0.729409 0.950734 0.757418 0.977179 0.861328 0.811672 0.978467 0.933090 0.995737 0.981076 0.791353 0.887226 0.924509 0.918137 0.943313 0.977612 0.863066 0.920639 0.911149 0.842127 0.840153 0.906442
0.618803 0.648791 0.625289 0.557019 0.912348 0.990198 0.767640 0.608981 0.847387 0.888116 0.657532 0.640568 0.876001 0.693225 0.938968 0.705003 0.736405 0.681790 0.547604 0.000000 0.868950 0.985083 0.843930 0.763112 0.715179 0.685834 0.947560 0.929908 0.733069 0.742763 0.844469 0.857742 0.653316 0.742452 0.883732 0.917725 0.812329 0.639120 0.840518 0.794392 0.701351 0.865011 0.784143 0.751314 0.944570 0.892594 0.761000 0.756230 0.980813 0.854952 0.996253 0.957692 0.919176 0.773339 0.747275 0.854539 0.695637 0.850318 0.904137 0.850674 0.849913 0.750595 0.998182 0.942949 0.699238 0.530508 0.719574 0.778697 0.665820 0.837389 0.795213 0.654198 0.840666 0.824569 0.986849 0.992967 0.866987 0.966068 0.672314 0.994699 0.860177 0.784135 0.877486 0.806231 0.819289 0.785841 0.968724 0.958117 0.927971 0.593830 0.922816 0.970732 0.844088 0.901444 0.826110 0.966748 0.849086 0.946597 0.961275 0.879694 0.942205 0.912974 0.958919 0.977645 0.620056 0.722988 0.976611 0.990384 0.946457 0.952244 0.795896 0.936047 0.966356 0.788498 0.872800 0.990566
0.891893 0.945539 0.874504 0.842131 0.706732 0.840332 0.948656 0.949481 0.856348 0.998497 0.956003 0.978143 0.974115 0.973165 0.970686 0.925021 0.963748 0.968992 0.941589 0.868950 0.000000 0.887400 0.979189 0.988415 0.963192 0.860977 0.923612 0.887277 0.975686 0.954675 0.758351 0.941329 0.946146 0.881945 0.866073 0.984224 0.722072 0.869537 0.792039 0.865356 0.982254 0.937535 0.743475 0.769645 0.797550 0.840798 0.850074 0.912094 0.852129 0.881975 0.900728 0.910320 0.918724 0.959701 0.944024 0.974571 0.993207 0.985344 0.937424 0.988524 0.923719 0.996505 0.897324 0.934506 0.959822 0.991646 0.805027 0.791798 0.896101 0.884358 0.804025 0.898407 0.924603 0.866652 0.889199 0.934239 0.833219 0.906693 0.885960 0.948996 0.956202 0.999896 0.954779 0.974965 0.985525 0.960703 0.993991 0.839731 0.975794 0.957237 0.977461 0.917570 0.933871 0.959909 0.998305 0.910418 0.951880 0.949027 0.878424 0.938635 0.849226 0.993874 0.913991 0.703215 0.885835 0.983909 0.949352 0.991515 0.839043 0.890402 0.930959 0.983463 0.812397 0.949845 0.934281 0.792253
0.930700 0.953543 0.957597 0.976694 0.917098 0.971567 0.925468 0.980901 0.999793 0.876876 0.988489 0.947596 0.983960 0.799228 0.900138 0.973431 0.937618 0.991831 0.907138 0.985083 0.887400 0.000000 0.898693 0.910324 0.987386 0.995939 0.989725 0.986779 0.916326 0.957776 0.889666 0.962890 0.968038 0.942402 0.863629 0.943866 0.706118 0.909456 0.857741 0.784840 0.853092 0.971896 0.845025 0.847240 0.824195 0.830575 0.840628 0.904854 0.874821 0.957500 0.808715 0.917829 0.813971 0.913623 0.811119 0.820574 0.900436 0.972690 0.918397 0.986130 0.976615 0.975890 0.999251 0.935598 0.932366 0.929880 0.990771 0.924173 0.961628 0.895616 0.874730 0.979266 0.991933 0.992874 0.811456 0.942051 0.959513 0.957496 0.857645 0.950546 0.917387 0.858136 0.956754 0.940726 0.962881 0.966550 0.994418 0.979563 0.983423 0.981254 0.944226 0.968809 0.933848 0.939313 0.928800 0.921173 0.895420 0.937725 0.829414 0.962542 0.953430 0.896718 0.854706 0.804223 0.908575 0.896692 0.990446 0.995955 0.929090 0.960864 0.951122 0.976525 0.954701 0.957400 0.935911 0.795650
0.871452 0.929306 0.631422 0.606193 0.971572 0.924801 0.603635 0.852442 0.682574 0.849916 0.796786 0.830515 0.514895 0.636200 0.434560 0.447550 0.653969 0.812127 0.794947 0.843930 0.979189 0.898693 0.000000 0.363238 0.521148 0.638264 0.684423 0.807689 0.860496 0.793092 0.667786 0.705458 0.655223 0.985152 0.726398 0.831137 0.835198 0.890940 0.782975 0.870267 0.870590 0.940574 0.575596 0.594134 0.593072 0.722686 0.871913 0.738672 0.807247 0.696939 0.752228 0.631961 0.583306 0.612741 0.921438 0.785543 0.942720 0.754558 0.720224 0.680039 0.779507 0.716288 0.737296 0.699647 0.352916 0.860014 0.673041 0.964469 0.880570 0.955930 0.910893 0.985399 0.924879 0.883717 0.976823 0.879091 0.717836 0.677488 0.991655 0.987560 0.784558 0.906773 0.742413 0.942924 0.506104 0.466236 0.860293 0.826850 0.817873 0.693583 0.779293 0.719929 0.738642 0.661501 0.961085 0.856958 0.844611 0.909915 0.887318 0.670607 0.949787 0.701861 0.819286 0.841012 0.728293 0.929140 0.912354 0.966944 0.833686 0.913820 0.943496 0.992730 0.830979 0.889022 0.824720 0.940301
0.890783 0.927267 0.547588 0.521852 0.966344 0.898603 0.630278 0.763526 0.747047 0.905162 0.922106 0.962979 0.576832 0.613237 0.583756 0.531771 0.739744 0.876485 0.870390 0.763112 0.988415 0.910324 0.363238 0.000000 0.448055 0.662280 0.688971 0.956011 0.852268 0.867880 0.755406 0.743624 0.764717 0.960520 0.782829 0.904816 0.797177 0.792327 0.761141 0.842397 0.937888 0.981433 0.661550 0.620688 0.699360 0.812428 0.908990 0.720725 0.920919 0.783646 0.829541 0.769425 0.680110 0.742078 0.912483 0.824874 0.988203 0.792453 0.736832 0.749287 0.809246 0.873829 0.744794 0.747320 0.387241 0.749786 0.658514 0.928865 0.924527 0.959745 0.862236 0.923709 0.910112 0.868482 0.996684 0.930972 0.761892 0.717244 0.989354 0.951529 0.855065 0.983742 0.823599 0.890338 0.601252 0.446357 0.916262 0.842002 0.700096 0.642588 0.794134 0.810632 0.793285 0.728428 0.960075 0.839162 0.882069 0.981923 0.938396 0.700470 0.961703 0.775973 0.852295 0.877265 0.703423 0.807603 0.938168 0.987933 0.869838 0.999881 0.937944 0.972119 0.915506 0.910406 0.842735 0.939018
0.851400 0.910982 0.382282 0.382010 0.918400 0.996282 0.555005 0.537386 0.671510 0.883271 0.830747 0.927424 0.644727 0.754276 0.780241 0.552877 0.676058 0.734316 0.880147 0.715179 0.963192 0.987386 0.521148 0.448055 0.000000 0.448401 0.845948 0.949048 0.740395 0.683125 0.644110 0.752139 0.741743 0.959794 0.823214 0.986786 0.719004 0.711304 0.683980 0.674675 0.938548 0.926031 0.581645 0.635148 0.841269 0.925922 0.949483 0.794762 0.961741 0.913164 0.972553 0.906862 0.840138 0.910792 0.909005 0.890433 0.923153 0.668531 0.646787 0.692397 0.674566 0.970659 0.507411 0.567882 0.306269 0.566213 0.642054 0.982588 0.914672 0.846662 0.669137 0.660202 0.952060 0.980718 0.955192 0.904404 0.620571 0.690702 0.992350 0.965694 0.735032 0.770826 0.897201 0.897266 0.799651 0.670630 0.939988 0.907703 0.784284 0.712132 0.613769 0.625651 0.542771 0.496800 0.923845 0.794073 0.977187 0.955630 0.823816 0.673178 0.759211 0.759962 0.960317 0.750963 0.644088 0.866838 0.812633 0.900305 0.944035 0.962101 0.982501 0.949412 0.871329 0.997232 0.935180 0.820448
0.872809 0.878462 0.421362 0.418050 0.796648 0.861620 0.659963 0.558671 0.502102 0.748145 0.830566 0.998982 0.733265 0.747563 0.844718 0.582396 0.673402 0.696095 0.830630 0.685834 0.860977 0.995939 0.638264 0.662280 0.448401 0.000000 0.905884 0.939212 0.865492 0.752385 0.628413 0.698090 0.763116 0.972733 0.738563 0.987813 0.670711 0.721079 0.696271 0.638312 0.859595 0.886039 0.600937 0.683557 0.842315 0.889460 0.924832 0.950136 0.992105 0.842849 0.894157 0.868101 0.829493 0.806968 0.950638 0.901395 0.799521 0.642969 0.662766 0.712088 0.702950 0.935478 0.511947 0.544337 0.467717 0.586995 0.745935 0.984457 0.965266 0.945036 0.588338 0.588323 0.976363 0.971327 0.959216 0.883415 0.531817 0.649304 0.959957 0.965457 0.723700 0.705371 0.871782 0.840850 0.984446 0.855738 0.910906 0.846406 0.932447 0.765993 0.601557 0.562793 0.528162 0.508838 0.947450 0.856225 0.886064 0.869073 0.770091 0.655568 0.794030 0.740469 0.896899 0.927734 0.731961 0.891163 0.791222 0.831349 0.988085 0.999871 0.950408 0.946563 0.845953 0.843761 0.933880 0.847548
0.943099 0.939298 0.986435 0.942562 0.943548 0.492761 0.835611 0.796671 0.952802 0.736711 0.983291 0.850695 0.974094 0.795048 0.662088 0.967726 0.826593 0.979396 0.849690 0.947560 0.923612 0.989725 0.684423 0.688971 0.845948 0.905884 0.000000 0.813552 0.949280 0.944799 0.988797 0.941265 0.937895 0.775431 0.832140 0.849157 0.901225 0.878409 0.928061 0.994838 0.936272 0.974453 0.952277 0.835431 0.821669 0.801588 0.923124 0.806266 0.829768 0.779950 0.897640 0.842701 0.706572 0.759005 0.900274 0.965738 0.977518 0.972631 0.824903 0.837237 0.728674 0.738973 0.973828 0.927750 0.722220 0.825083 0.925675 0.641989 0.979659 0.875391 0.783582 0.693589 0.739653 0.719517 0.953384 0.972835 0.996599 0.976126 0.905611 0.911602 0.970523 0.997419 0.686629 0.834110 0.791516 0.742569 0.928713 0.869577 0.821146 0.692517 0.795085 0.809596 0.830499 0.921622 0.866778 0.898048 0.672535 0.851690 0.786604 0.897792 0.822196 0.977976 0.785793 0.992666 0.911923 0.969172 0.941258 0.915846 0.911872 0.999358 0.943922 0.908581 0.817717 0.895624 0.906175 0.934503
0.870701 0.790882 0.921486 0.986474 0.912346 0.941057 0.912021 0.897460 0.888712 0.713337 0.959850 0.925136 0.983376 0.957082 0.862921 0.965396 0.951373 0.894749 0.969085 0.929908 0.887277 0.986779 0.807689 0.956011 0.949048 0.939212 0.813552 0.000000 0.893166 0.989955 0.991388 0.845580 0.882033 0.927260 0.829662 0.926947 0.967532 0.934295 0.997353 0.883615 0.905328 0.896865 0.907969 0.819943 0.852785 0.818705 0.951108 0.786702 0.785448 0.748622 0.851795 0.753072 0.791035 0.942077 0.809063 0.949672 0.869274 0.794805 0.906524 0.943219 0.832983 0.742869 0.908647 0.888438 0.906540 0.852523 0.986003 0.992931 0.906299 0.884446 0.805118 0.825496 0.929297 0.847222 0.990522 0.770237 0.901249 0.966291 0.919103 0.875455 0.897529 0.865780 0.748966 0.820820 0.689065 0.768153 0.862152 0.793646 0.953546 0.772262 0.799684 0.845399 0.865758 0.958991 0.819321 0.821403 0.753636 0.855831 0.861385 0.942980 0.929303 0.947747 0.833510 0.995310 0.952063 0.970171 0.986448 0.923253 0.919194 0.913115 0.845176 0.989306 0.985424 0.954384 0.919351 0.928336
0.564765 0.526607 0.844954 0.918440 0.844959 0.996592 0.982514 0.996937 0.905929 0.941841 0.520353 0.568524 0.912393 0.899773 0.914692 0.950418 0.519186 0.446232 0.654294 0.733069 0.975686 0.916326 0.860496 0.852268 0.740395 0.865492 0.949280 0.893166 0.000000 0.420952 0.993400 0.993818 0.737046 0.626152 0.982880 0.907071 0.892675 0.921923 0.954289 0.877540 0.687670 0.755938 0.872248 0.954621 0.968902 0.860897 0.815627 0.852727 0.845643 0.840345 0.947792 0.995650 0.933696 0.769507 0.670808 0.950198 0.635805 0.569196 0.649728 0.622776 0.592260 0.923546 0.496978 0.533624 0.774455 0.943094 0.922790 0.815035 0.664514 0.775467 0.833053 0.978053 0.716944 0.935556 0.842085 0.848404 0.881126 0.874430 0.698061 0.881875 0.537261 0.533877 0.646213 0.555739 0.875795 0.885688 0.986513 0.909690 0.998125 0.852833 0.735878 0.734319 0.855737 0.721426 0.826464 0.873353 0.977740 0.837272 0.887212 0.768079 0.758094 0.775139 0.974683 0.839743 0.998778 0.952819 0.743370 0.986817 0.831073 0.928822 0.746168 0.902349 0.906374 0.926731 0.985166 0.760798
0.539218 0.552025 0.836841 0.925411 0.867822 0.941601 0.983143 0.965734 0.894193 0.978359 0.403305 0.599064 0.932403 0.989413 0.999950 0.938759 0.410880 0.375346 0.602711 0.742763 0.954675 0.957776 0.793092 0.867880 0.683125 0.752385 0.944799 0.989955 0.420952 0.000000 0.936967 0.951068 0.763749 0.596045 0.935459 0.969581 0.953588 0.990387 0.942567 0.888464 0.705657 0.766398 0.846406 0.996339 0.938310 0.881992 0.763139 0.891986 0.928183 0.932890 0.982029 0.964034 0.866222 0.719701 0.703746 0.907955 0.598588 0.543977 0.569864 0.574039 0.479764 0.869872 0.445657 0.461092 0.702367 0.969699 0.775318 0.688334 0.629346 0.741202 0.920648 0.963733 0.706913 0.860820 0.845402 0.892672 0.874041 0.967828 0.654295 0.773345 0.495679 0.457384 0.731661 0.532637 0.913241 0.876560 0.926172 0.844479 0.981969 0.919020 0.736562 0.678873 0.784504 0.663886 0.731224 0.987526 0.844184 0.944758 0.903784 0.837131 0.768248 0.850567 0.932183 0.766384 0.978559 0.875766 0.659469 0.994047 0.881970 0.805089 0.761995 0.897367 0.910198 0.897491 0.864161 0.938559
0.977170 0.996548 0.562350 0.599314 0.824074 0.927478 0.562610 0.669856 0.507643 0.914074 0.948716 0.983612 0.702880 0.903779 0.748259 0.558723 0.890500 0.900819 0.666241 0.844469 0.758351 0.889666 0.667786 0.755406 0.644110 0.628413 0.988797 0.991388 0.993400 0.936967 0.000000 0.603409 0.616861 0.720992 0.964779 0.894815 0.788172 0.732401 0.745303 0.768996 0.955141 0.894074 0.564750 0.567293 0.614922 0.707564 0.781927 0.852205 0.829197 0.774501 0.719039 0.769004 0.742872 0.766828 0.745345 0.829415 0.993750 0.794019 0.872903 0.824188 0.990189 0.984688 0.774973 0.798210 0.631748 0.793961 0.538550 0.745155 0.974559 0.968269 0.679394 0.734459 0.903416 0.874951 0.894709 0.893748 0.578551 0.675366 0.734299 0.860409 0.983403 0.987044 0.937306 0.991868 0.864757 0.749878 0.959993 0.802419 0.952710 0.914764 0.755465 0.698074 0.688486 0.681494 0.954810 0.881301 0.862190 0.953226 0.757007 0.736572 0.965204 0.641700 0.902183 0.988892 0.808924 0.970924 0.997095 0.882594 0.961099 0.974843 0.991512 0.920305 0.794271 0.991342 0.832441 0.849402
0.987531 0.996836 0.662731 0.651807 0.821033 0.769446 0.529488 0.614823 0.671600 0.885303 0.999840 0.957872 0.714314 0.795600 0.807404 0.621764 0.880754 0.912877 0.638696 0.857742 0.941329 0.962890 0.705458 0.743624 0.752139 0.698090 0.941265 0.845580 0.993818 0.951068 0.603409 0.000000 0.658326 0.765642 0.959243 0.866849 0.981035 0.906764 0.857248 0.901598 0.951544 0.902238 0.714961 0.793234 0.838807 0.863669 0.804614 0.963236 0.970528 0.830125 0.857161 0.823840 0.847755 0.861627 0.886328 0.921620 0.958347 0.821999 0.936927 0.905447 0.937047 0.962863 0.868042 0.831957 0.724867 0.763424 0.690529 0.764255 0.860579 0.938637 0.825613 0.849150 0.854731 0.899613 0.903441 0.887953 0.793001 0.797381 0.814068 0.890153 0.908081 0.969598 0.997465 0.978465 0.881981 0.788396 0.831704 0.960845 0.948084 0.952577 0.774680 0.690941 0.711246 0.805272 0.813606 0.968459 0.838083 0.980562 0.878509 0.743755 0.973018 0.779489 0.935595 0.947090 0.710151 0.858410 0.960111 0.969879 0.966321 0.939538 0.925670 0.924909 0.843204 0.910274 0.735524 0.991939
0.649068 0.601999 0.720996 0.648514 0.850071 0.817405 0.503094 0.555466 0.696726 0.933196 0.716836 0.683763 0.669530 0.741467 0.768162 0.565990 0.824453 0.751013 0.518695 0.653316 0.946146 0.968038 0.655223 0.764717 0.741743 0.763116 0.937895 0.882033 0.737046 0.763749 0.616861 0.658326 0.000000 0.484003 0.920388 0.984780 0.915487 0.820432 0.920076 0.770957 0.780664 0.905096 0.599413 0.608439 0.672791 0.688661 0.639264 0.648610 0.775977 0.689790 0.728082 0.692263 0.785284 0.954494 0.655716 0.637210 0.670128 0.835377 0.784205 0.805900 0.734811 0.821202 0.917005 0.913090 0.681673 0.658346 0.500880 0.551430 0.797576 0.846857 0.816237 0.759834 0.711151 0.753682 0.824511 0.969298 0.707913 0.695503 0.709813 0.806514 0.760934 0.706596 0.739941 0.680792 0.578631 0.562526 0.995602 0.952753 0.903546 0.671078 0.852532 0.822934 0.769544 0.890032 0.793544 0.808258 0.753340 0.848352 0.757183 0.754935 0.913448 0.858106 0.819994 0.991922 0.559204 0.736295 0.948360 0.919928 0.944589 0.891774 0.870868 0.863932 0.773797 0.999771 0.783331 0.922978
0.579156 0.597929 0.832951 0.798071 0.777914 0.765963 0.636200 0.623559 0.818325 0.891951 0.575473 0.642959 0.871021 0.942794 0.992898 0.778363 0.634821 0.609480 0.455487 0.742452 0.881945 0.942402 0.985152 0.960520 0.959794 0.972733 0.775431 0.927260 0.626152 0.596045 0.720992 0.765642 0.484003 0.000000 0.912098 0.938101 0.916788 0.811131 0.909581 0.847018 0.743291 0.887089 0.776921 0.780646 0.772845 0.773786 0.655493 0.745267 0.858233 0.903324 0.856736 0.919840 0.946769 0.866977 0.728011 0.794775 0.625935 0.755046 0.685827 0.686067 0.605643 0.776009 0.789234 0.761302 0.968661 0.775900 0.543766 0.562110 0.688051 0.871180 0.794632 0.708650 0.584718 0.734464 0.674583 0.917053 0.832158 0.825295 0.680230 0.706140 0.654489 0.635628 0.852667 0.656880 0.822603 0.769272 0.901516 0.963505 0.943459 0.872377 0.949247 0.956481 0.887877 0.961961 0.747269 0.850206 0.735554 0.936793 0.790921 0.893508 0.970916 0.947737 0.817317 0.871762 0.812597 0.822908 0.801585 0.891482 0.957825 0.874685 0.914826 0.824608 0.837477 0.874457 0.833747 0.977261
0.964602 0.903506 0.909713 0.880293 0.938097 0.909688 0.956295 0.938111 0.861780 0.944209 0.930668 0.956467 0.828226 0.823732 0.784971 0.802988 0.907521 0.962947 0.912142 0.883732 0.866073 0.863629 0.726398 0.782829 0.823214 0.738563 0.832140 0.829662 0.982880 0.935459 0.964779 0.959243 0.920388 0.912098 0.000000 0.928315 0.742913 0.920005 0.757892 0.889852 0.918669 0.946816 0.656974 0.669813 0.665546 0.640683 0.764575 0.670131 0.682060 0.672146 0.720993 0.692916 0.778822 0.781679 0.964659 0.808662 0.902633 0.935630 0.957018 0.950076 0.900067 0.953675 0.961776 0.961707 0.749523 0.991831 0.849795 0.965353 0.870868 0.891260 0.958673 0.998431 0.913230 0.950594 0.985096 0.761609 0.772970 0.752269 0.985960 0.946243 0.959842 0.947889 0.894897 0.983221 0.771351 0.768348 0.938205 0.964636 0.847479 0.701919 0.976465 0.983707 0.988820 0.990075 0.858406 0.824772 0.887818 0.881465 0.886447 0.764070 0.917055 0.951882 0.929868 0.795706 0.802902 0.873874 0.999726 0.929396 0.856594 0.831920 0.968497 0.818378 0.813489 0.959775 0.829766 0.836493
0.914958 0.987189 0.983326 0.975288 0.945565 0.894931 0.988713 0.940496 0.893271 0.844746 0.854111 0.923819 0.950878 0.960230 0.916751 0.915019 0.850931 0.878349 0.999268 0.917725 0.984224 0.943866 0.831137 0.904816 0.986786 0.987813 0.849157 0.926947 0.907071 0.969581 0.894815 0.866849 0.984780 0.938101 0.928315 0.000000 0.962188 0.859517 0.873484 0.939123 0.886325 0.907357 0.845858 0.885066 0.771432 0.864505 0.981274 0.961841 0.889050 0.880435 0.914141 0.843785 0.760868 0.845678 0.943762 0.999557 0.965366 0.908168 0.965327 0.876274 0.860970 0.843245 0.923379 0.908352 0.928803 0.855622 0.959875 0.923664 0.783965 0.983544 0.929845 0.800748 0.883677 0.996816 0.938458 0.812762 0.966909 0.975723 0.940054 0.995753 0.914334 0.909860 0.922714 0.994288 0.906641 0.913550 0.942153 0.998915 0.950073 0.988441 0.990441 0.971109 0.971730 0.992137 0.902736 0.829510 0.967658 0.942127 0.970705 0.913235 0.953593 0.727139 0.960446 0.998033 0.987697 0.961919 0.929047 0.959677 0.901832 0.952539 0.951176 0.961433 0.901625 0.992739 0.765407 0.914802
0.863709 0.919696 0.712812 0.683955 0.879196 0.970639 0.933222 0.831407 0.806407 0.996917 0.930198 0.855783 0.780907 0.825438 0.835962 0.780903 0.983836 0.959606 0.957052 0.812329 0.722072 0.706118 0.835198 0.797177 0.719004 0.670711 0.901225 0.967532 0.892675 0.953588 0.788172 0.981035 0.915487 0.916788 0.742913 0.962188 0.000000 0.714345 0.828586 0.648411 0.888102 0.989126 0.645915 0.607217 0.744941 0.738677 0.753771 0.782573 0.797414 0.829155 0.792644 0.812094 0.857079 0.926128 0.828746 0.874859 0.862698 0.955929 0.994503 0.988039 0.960440 0.870573 0.889684 0.984352 0.710539 0.773361 0.799235 0.924284 0.859989 0.867432 0.784685 0.835007 0.937333 0.977377 0.955050 0.934204 0.767473 0.859812 0.810634 0.797635 0.914524 0.909675 0.897792 0.892972 0.849305 0.811978 0.950365 0.846552 0.918179 0.765627 0.900916 0.940337 0.839815 0.872690 0.952532 0.834635 0.861564 0.957049 0.832095 0.855275 0.850622 0.949751 0.895489 0.846789 0.945795 0.934508 0.959057 0.993057 0.985661 0.954546 0.911917 0.940611 0.952653 0.919904 0.799135 0.742008
0.779945 0.867917 0.651450 0.663859 0.801467 0.864208 0.892421 0.775093 0.832562 0.924833 0.781957 0.830295 0.816575 0.773059 0.917356 0.733689 0.955633 0.950030 0.848724 0.639120 0.869537 0.909456 0.890940 0.792327 0.711304 0.721079 0.878409 0.934295 0.921923 0.990387 0.732401 0.906764 0.820432 0.811131 0.920005 0.859517 0.714345 0.000000 0.833456 0.616573 0.881021 0.929833 0.759641 0.680514 0.840753 0.765863 0.847929 0.733480 0.849421 0.822615 0.787887 0.803348 0.876190 0.953218 0.793272 0.845104 0.773870 0.927192 0.970377 0.906103 0.962210 0.803450 0.920796 0.975835 0.719739 0.718793 0.810540 0.919263 0.667893 0.748635 0.820490 0.808784 0.919291 0.775499 0.850618 0.768335 0.759217 0.876701 0.757552 0.987739 0.890975 0.885249 0.848448 0.812975 0.885495 0.796075 0.961657 0.911020 0.700151 0.662150 0.998206 0.955774 0.929177 0.899285 0.940661 0.934969 0.967668 0.861105 0.965908 0.988218 0.836309 0.928897 0.877073 0.918252 0.819514 0.840550 0.959713 0.867018 0.893914 0.881556 0.942731 0.991109 0.845149 0.974986 0.884167 0.836908
