0.000000 0.126549 0.194914 0.157027 0.673856 0.420175 0.170091 0.121368 0.372180 0.266920 0.177277 0.117935 0.126475 0.213254 0.201257 0.213751 0.105848 0.117434 0.121713 0.119852 0.434668 0.764628 0.216658 0.343197 0.510110 0.442312 0.886773 0.956284 0.160667 0.121948 0.199732 0.266867 0.128203 0.128745 0.361463 0.528942 0.340735 0.441743 0.574556 0.655140 0.671285 0.515524 0.217379 0.190953 0.193004 0.157866 0.173842 0.169345 0.529409 0.240747 0.307155 0.232845 0.345008 0.368104 0.356956 0.395286 0.150013 0.128787 0.122336 0.148946 0.110811 0.172650 0.118641 0.116434 0.312253 0.208711 0.158210 0.137349 0.281879 0.168610 0.235602 0.237835 0.329111 0.347881 0.590273 0.566343 0.268573 0.255290 0.131518 0.187994 0.091725 0.115056 0.370811 0.237967 0.207426 0.300131 0.847979 0.951509 0.391007 0.422128 0.436043 0.528216 0.386693 0.667439 0.344524 0.441953 0.252680 0.406152 0.228609 0.215200 0.507462 0.581829 0.270659 0.314118 0.260591 0.280872 0.741206 0.532465 0.533370 0.325458 0.637122 0.335187 0.278223 0.396867 0.431890 0.920483
0.126549 0.000000 0.243943 0.196793 0.657192 0.468708 0.205922 0.143125 0.454471 0.306835 0.218908 0.129556 0.140207 0.190840 0.207706 0.220963 0.128522 0.127173 0.131916 0.138132 0.414854 0.772099 0.226644 0.338626 0.527164 0.487054 0.848621 0.937903 0.141485 0.137089 0.210694 0.279728 0.151175 0.155816 0.415220 0.521901 0.328733 0.474566 0.573565 0.633965 0.745211 0.429899 0.223126 0.190837 0.199605 0.176695 0.193473 0.147951 0.484663 0.268027 0.315729 0.255099 0.394625 0.384243 0.370176 0.423775 0.124017 0.103607 0.120413 0.155168 0.128726 0.187936 0.128937 0.109404 0.361748 0.267043 0.194469 0.167267 0.293050 0.156799 0.266117 0.261096 0.416698 0.446459 0.630079 0.590717 0.303280 0.301157 0.189709 0.235900 0.113822 0.131571 0.348525 0.217409 0.216675 0.296872 0.914173 0.998573 0.420700 0.415208 0.532640 0.603914 0.459303 0.754308 0.272002 0.492237 0.269715 0.302305 0.277039 0.247686 0.548243 0.642799 0.303827 0.287343 0.255464 0.268400 0.777845 0.599502 0.534602 0.339636 0.628605 0.345820 0.344173 0.358678 0.410107 0.855654
0.194914 0.243943 0.000000 0.099287 0.691539 0.453469 0.146434 0.172434 0.321001 0.334273 0.229637 0.233952 0.206797 0.324698 0.275731 0.284551 0.252634 0.208226 0.180931 0.187449 0.400207 0.757384 0.212107 0.297923 0.351375 0.279110 0.932044 0.915760 0.271765 0.223825 0.167616 0.258814 0.155921 0.206517 0.417664 0.645408 0.329897 0.516020 0.505743 0.639464 0.789584 0.551798 0.226308 0.208744 0.292855 0.281308 0.244375 0.248421 0.681729 0.360053 0.426268 0.350903 0.423111 0.377779 0.400322 0.488453 0.299089 0.283298 0.292911 0.300938 0.176750 0.252611 0.277039 0.275547 0.192227 0.148627 0.176848 0.180488 0.310062 0.257197 0.232121 0.288375 0.286974 0.260977 0.676941 0.622904 0.294546 0.278401 0.244371 0.282519 0.209386 0.193909 0.432016 0.312170 0.267343 0.279429 0.829843 0.964702 0.445592 0.438249 0.395880 0.487459 0.367915 0.579857 0.346493 0.517339 0.355422 0.490975 0.322448 0.305977 0.522111 0.514452 0.417007 0.328816 0.306227 0.354797 0.809804 0.562922 0.616304 0.433537 0.697006 0.448881 0.340990 0.533875 0.491247 0.909296
0.157027 0.196793 0.099287 0.000000 0.658305 0.405081 0.125504 0.124266 0.302307 0.282541 0.228121 0.177891 0.152918 0.255863 0.209346 0.214549 0.203408 0.172277 0.144423 0.171068 0.365040 0.704262 0.165226 0.277207 0.376176 0.295444 0.904525 0.919842 0.212757 0.179379 0.146170 0.226204 0.123657 0.154055 0.351486 0.594839 0.289353 0.461085 0.490765 0.672287 0.738779 0.507331 0.172616 0.162527 0.224085 0.222027 0.184106 0.201827 0.604978 0.311590 0.365383 0.286213 0.404474 0.369124 0.370266 0.470882 0.229093 0.228311 0.220112 0.249691 0.131449 0.197471 0.214526 0.203066 0.194433 0.139990 0.139614 0.132850 0.298472 0.239323 0.180804 0.249036 0.284136 0.309320 0.605639 0.587908 0.277053 0.270076 0.211456 0.256309 0.162725 0.152387 0.366478 0.240191 0.208091 0.233170 0.867530 0.964470 0.421691 0.391870 0.381310 0.481162 0.339884 0.575750 0.336386 0.473287 0.305896 0.441068 0.258181 0.246877 0.491662 0.505938 0.330919 0.265995 0.243079 0.296591 0.800391 0.571552 0.619223 0.427005 0.610646 0.377698 0.294186 0.460107 0.433177 0.924506
0.673856 0.657192 0.691539 0.658305 0.000000 0.673588 0.670412 0.639581 0.799446 0.730748 0.791807 0.696681 0.605281 0.692571 0.649050 0.608936 0.706132 0.744469 0.669026 0.766887 0.645049 0.763373 0.626679 0.638212 0.841937 0.842419 0.769185 0.852220 0.682447 0.719473 0.748214 0.858681 0.688797 0.674324 0.767434 0.799283 0.875891 0.855479 0.752612 0.892884 0.750642 0.763900 0.646902 0.685416 0.653460 0.658609 0.571598 0.652927 0.786654 0.618395 0.564397 0.566970 0.682126 0.519344 0.742058 0.662673 0.724847 0.754633 0.707987 0.711404 0.630697 0.614571 0.662944 0.648770 0.654187 0.624823 0.619825 0.663034 0.854486 0.734685 0.537333 0.645474 0.756630 0.816197 0.951746 0.716905 0.762551 0.772878 0.787046 0.761170 0.659328 0.683905 0.642344 0.676429 0.577861 0.601936 0.834041 0.897004 0.854263 0.671473 0.641753 0.667199 0.633834 0.760287 0.822181 0.781873 0.772615 0.668142 0.683331 0.665256 0.754346 0.878397 0.647688 0.725536 0.580245 0.707690 0.767366 0.627951 0.773203 0.916830 0.798842 0.746286 0.713201 0.711453 0.690114 0.937912
0.420175 0.468708 0.453469 0.405081 0.673588 0.000000 0.347127 0.350311 0.458088 0.403425 0.444573 0.423751 0.398127 0.526732 0.467530 0.414721 0.455231 0.424530 0.419302 0.481558 0.583529 0.974770 0.471273 0.566681 0.747765 0.654096 0.935776 0.895835 0.464440 0.456905 0.445179 0.540959 0.435081 0.451122 0.495402 0.760634 0.603704 0.818633 0.829733 0.945288 0.629416 0.648518 0.383485 0.410773 0.396165 0.397184 0.414392 0.387793 0.805464 0.558488 0.541921 0.476108 0.563444 0.502634 0.640186 0.705595 0.503453 0.524590 0.478929 0.490929 0.408508 0.464879 0.418459 0.445127 0.582711 0.442276 0.340873 0.399239 0.574202 0.498836 0.391475 0.347286 0.559893 0.604284 0.643550 0.727375 0.463488 0.424001 0.406601 0.550556 0.392416 0.420166 0.653723 0.457160 0.499557 0.565857 0.886936 0.987653 0.754701 0.664882 0.394625 0.481873 0.340860 0.553205 0.562695 0.669794 0.466013 0.689263 0.438237 0.446017 0.505783 0.506874 0.510383 0.513836 0.418443 0.532225 0.813390 0.751599 0.831895 0.666953 0.696142 0.533022 0.437973 0.483129 0.557056 0.897972
0.170091 0.205922 0.146434 0.125504 0.670412 0.347127 0.000000 0.105149 0.281086 0.209233 0.185120 0.208466 0.198920 0.333206 0.302443 0.305299 0.166017 0.139771 0.126447 0.176655 0.405919 0.694420 0.286988 0.424278 0.567509 0.444836 0.890630 0.922470 0.241194 0.203826 0.231075 0.290262 0.149443 0.149575 0.455541 0.625395 0.409226 0.544174 0.614414 0.686396 0.695304 0.484907 0.160095 0.119943 0.174830 0.189516 0.215921 0.211604 0.649675 0.370508 0.382695 0.336007 0.450744 0.339230 0.413624 0.544927 0.193462 0.219675 0.225789 0.297410 0.155717 0.274121 0.216151 0.227264 0.307483 0.194732 0.106943 0.123278 0.299030 0.255336 0.199734 0.193646 0.302559 0.293727 0.620719 0.564000 0.246252 0.229901 0.239969 0.252429 0.163987 0.169423 0.442652 0.302460 0.309949 0.366380 0.858589 0.955317 0.478146 0.538568 0.299365 0.358315 0.267953 0.431484 0.313294 0.465812 0.282627 0.434005 0.224520 0.205951 0.437837 0.374492 0.345676 0.236592 0.274068 0.308206 0.860115 0.542512 0.608061 0.417858 0.587324 0.330920 0.225338 0.382538 0.453235 0.896799
0.121368 0.143125 0.172434 0.124266 0.639581 0.350311 0.105149 0.000000 0.330198 0.180082 0.186384 0.127964 0.130578 0.230863 0.204182 0.222925 0.130119 0.120929 0.138467 0.155760 0.414524 0.761943 0.229955 0.376715 0.572685 0.465964 0.855023 0.922966 0.179999 0.150643 0.229324 0.293193 0.121922 0.131361 0.387799 0.571728 0.349767 0.446282 0.600977 0.665876 0.654998 0.446540 0.170538 0.150885 0.155797 0.163785 0.193400 0.177225 0.530366 0.294869 0.317054 0.257448 0.392227 0.345985 0.390071 0.459191 0.154093 0.152751 0.167575 0.214178 0.107069 0.161767 0.157305 0.127029 0.285713 0.186704 0.122627 0.122606 0.335338 0.200375 0.216787 0.228467 0.353664 0.379429 0.620094 0.551256 0.264248 0.227897 0.174263 0.268241 0.124204 0.150365 0.403315 0.257779 0.238125 0.320346 0.906800 0.954140 0.445168 0.412669 0.313313 0.379442 0.263432 0.506160 0.264359 0.391363 0.238595 0.369454 0.181510 0.163721 0.392286 0.448948 0.257876 0.213159 0.206893 0.257427 0.805019 0.489420 0.583614 0.360641 0.553381 0.307981 0.243199 0.356812 0.426876 0.906634
0.372180 0.454471 0.321001 0.302307 0.799446 0.458088 0.281086 0.330198 0.000000 0.379037 0.395078 0.396455 0.378935 0.502021 0.455845 0.413243 0.428498 0.394290 0.375353 0.381700 0.563970 0.796312 0.394615 0.545371 0.688486 0.548296 0.965347 0.958156 0.446325 0.417617 0.410931 0.456495 0.347636 0.365448 0.538633 0.692008 0.487684 0.529238 0.738617 0.692492 0.892763 0.680608 0.359475 0.331765 0.370564 0.357951 0.362284 0.369973 0.717366 0.454224 0.410760 0.410685 0.445511 0.394989 0.547388 0.550755 0.449578 0.477855 0.422693 0.481283 0.326728 0.409742 0.415605 0.448791 0.354760 0.330966 0.294771 0.309996 0.418595 0.452304 0.380497 0.464203 0.402886 0.389692 0.695664 0.577822 0.401541 0.362850 0.429927 0.447347 0.394194 0.395327 0.598023 0.519669 0.438656 0.477481 0.806753 0.965695 0.613062 0.626573 0.359877 0.385185 0.316227 0.451554 0.520697 0.489074 0.491483 0.678823 0.338389 0.346867 0.447445 0.403665 0.468931 0.396426 0.412804 0.476545 0.775861 0.597626 0.728057 0.631139 0.655190 0.518723 0.342859 0.627815 0.480206 0.926356
0.266920 0.306835 0.334273 0.282541 0.730748 0.403425 0.209233 0.180082 0.379037 0.000000 0.258583 0.250063 0.301226 0.379752 0.356995 0.385201 0.240069 0.241592 0.290786 0.310707 0.556218 0.778321 0.413711 0.576216 0.798207 0.607369 0.923985 0.969425 0.314674 0.276337 0.393403 0.419741 0.241353 0.242485 0.435986 0.674996 0.484710 0.506651 0.719929 0.730913 0.784448 0.450723 0.299512 0.288644 0.273908 0.295942 0.390210 0.339033 0.603923 0.436731 0.429311 0.372792 0.520936 0.447468 0.490833 0.578316 0.285949 0.309036 0.277063 0.350682 0.253164 0.282380 0.301822 0.266263 0.424409 0.296352 0.248754 0.254362 0.409563 0.280338 0.350772 0.326178 0.398604 0.441711 0.630091 0.551518 0.338152 0.274252 0.311934 0.363403 0.253420 0.300492 0.546923 0.365396 0.434842 0.518689 0.954013 0.878236 0.577654 0.578687 0.328041 0.349316 0.282106 0.452923 0.409625 0.401392 0.327379 0.443907 0.209637 0.223308 0.394620 0.348284 0.331619 0.269893 0.337215 0.346146 0.865001 0.514081 0.715989 0.474691 0.604454 0.378540 0.267755 0.391578 0.495431 0.958067
0.177277 0.218908 0.229637 0.228121 0.791807 0.444573 0.185120 0.186384 0.395078 0.258583 0.000000 0.174296 0.214286 0.275026 0.307902 0.314049 0.142253 0.124027 0.146835 0.141594 0.458169 0.738376 0.333977 0.397494 0.614015 0.462657 0.948561 0.884067 0.191009 0.133964 0.242727 0.242296 0.189846 0.157722 0.516793 0.598123 0.462858 0.575697 0.631673 0.589776 0.722381 0.550913 0.316182 0.258649 0.329643 0.309665 0.297006 0.282855 0.753734 0.453965 0.500083 0.449911 0.508222 0.473896 0.447613 0.606250 0.200235 0.219294 0.263015 0.331920 0.199116 0.305058 0.178494 0.205866 0.403933 0.273118 0.227485 0.232041 0.285216 0.268235 0.321896 0.329241 0.386362 0.369237 0.705002 0.604525 0.315918 0.245960 0.218074 0.225479 0.155567 0.171264 0.382352 0.279289 0.375353 0.433946 0.794409 0.970784 0.530836 0.599229 0.483475 0.563520 0.467787 0.656239 0.354551 0.528537 0.352765 0.518599 0.369276 0.312151 0.559037 0.514539 0.359760 0.295787 0.397596 0.398775 0.873771 0.623452 0.726111 0.419946 0.676357 0.441974 0.327440 0.434859 0.528095 0.958551
0.117935 0.129556 0.233952 0.177891 0.696681 0.423751 0.208466 0.127964 0.396455 0.250063 0.174296 0.000000 0.108367 0.136501 0.148740 0.160710 0.122020 0.122275 0.150592 0.145729 0.415859 0.749747 0.195324 0.313508 0.566681 0.484531 0.909402 0.887940 0.124137 0.101045 0.210173 0.262580 0.138516 0.154690 0.375383 0.544252 0.356959 0.416118 0.562589 0.628658 0.701015 0.492414 0.276160 0.248594 0.241708 0.227133 0.221288 0.191487 0.549078 0.316897 0.362118 0.288448 0.429513 0.434848 0.398500 0.475395 0.156296 0.154771 0.164192 0.197957 0.114394 0.153872 0.112014 0.091493 0.334430 0.231569 0.205203 0.185019 0.330778 0.197827 0.256004 0.292654 0.388039 0.416427 0.614421 0.579637 0.295496 0.236338 0.155879 0.254251 0.125625 0.164039 0.309157 0.233955 0.224842 0.317201 0.864097 0.983458 0.429417 0.426862 0.516849 0.597717 0.438941 0.762916 0.312074 0.464820 0.317744 0.372969 0.276788 0.242961 0.537364 0.628777 0.272972 0.298382 0.269950 0.263490 0.756947 0.566920 0.602031 0.310859 0.596727 0.407078 0.332330 0.374591 0.439174 0.995337
0.126475 0.140207 0.206797 0.152918 0.605281 0.398127 0.198920 0.130578 0.378935 0.301226 0.214286 0.108367 0.000000 0.111226 0.096322 0.107164 0.146273 0.162107 0.157973 0.182433 0.354228 0.748510 0.119230 0.211499 0.481838 0.444929 0.921107 0.924510 0.141786 0.136673 0.169152 0.255571 0.143944 0.160641 0.370637 0.533124 0.313926 0.398536 0.530030 0.618894 0.640356 0.480227 0.222858 0.217983 0.228163 0.214974 0.189412 0.170727 0.563027 0.291576 0.309215 0.255407 0.376675 0.391692 0.365530 0.469859 0.177021 0.181077 0.166608 0.220213 0.095782 0.153981 0.107527 0.104898 0.244406 0.198537 0.159829 0.163293 0.400394 0.237352 0.223362 0.270271 0.400454 0.449510 0.663299 0.556151 0.278206 0.248881 0.178739 0.291047 0.130972 0.174236 0.240454 0.249528 0.150866 0.219439 0.814591 0.921232 0.419268 0.366198 0.469735 0.566774 0.394217 0.731251 0.333957 0.482088 0.305786 0.365921 0.289224 0.258312 0.520468 0.621938 0.263890 0.320550 0.229819 0.243225 0.748541 0.503791 0.566818 0.359532 0.597404 0.393457 0.352008 0.397385 0.384461 0.981825
0.213254 0.190840 0.324698 0.255863 0.692571 0.526732 0.333206 0.230863 0.502021 0.379752 0.275026 0.136501 0.111226 0.000000 0.098559 0.123630 0.213879 0.226747 0.239976 0.260414 0.391067 0.741531 0.157660 0.204916 0.536960 0.509779 0.973507 0.861332 0.160853 0.175364 0.228239 0.282724 0.223976 0.239613 0.402574 0.579571 0.351579 0.394344 0.571916 0.634734 0.713360 0.504586 0.330527 0.324537 0.336247 0.324344 0.271491 0.245456 0.553578 0.370960 0.382987 0.343172 0.484830 0.511679 0.446442 0.557024 0.228952 0.234337 0.216292 0.289414 0.169822 0.216224 0.148706 0.136028 0.320059 0.296846 0.267347 0.259851 0.486331 0.302375 0.312951 0.392394 0.534117 0.581454 0.697085 0.610240 0.333500 0.306516 0.234195 0.362271 0.218112 0.269958 0.212266 0.316188 0.198249 0.256021 0.865780 0.881463 0.480878 0.398144 0.633174 0.729159 0.553248 0.894305 0.371185 0.508682 0.406226 0.366568 0.389930 0.344804 0.594089 0.747617 0.280588 0.392521 0.298790 0.292968 0.816901 0.568668 0.578512 0.396015 0.602138 0.494309 0.474827 0.451837 0.418917 0.972333
0.201257 0.207706 0.275731 0.209346 0.649050 0.467530 0.302443 0.204182 0.455845 0.356995 0.307902 0.148740 0.096322 0.098559 0.000000 0.105135 0.235128 0.252575 0.251349 0.277966 0.385089 0.757585 0.110925 0.200377 0.464254 0.441828 0.994921 0.894979 0.196677 0.194513 0.206333 0.297364 0.209384 0.240470 0.341432 0.592284 0.311535 0.404435 0.547535 0.610654 0.677246 0.521953 0.288304 0.299454 0.297214 0.286976 0.245865 0.221027 0.529373 0.318327 0.327486 0.271581 0.387848 0.433177 0.381640 0.471311 0.261816 0.259466 0.218950 0.263416 0.145151 0.176953 0.169117 0.149437 0.240089 0.239661 0.233405 0.239660 0.494318 0.301164 0.274984 0.357090 0.449411 0.540637 0.668595 0.597823 0.322250 0.294123 0.240495 0.371164 0.210067 0.252020 0.241666 0.310586 0.151245 0.214934 0.831858 0.844301 0.422278 0.321755 0.550360 0.646273 0.461816 0.830598 0.360327 0.511501 0.368415 0.376717 0.328574 0.306311 0.567112 0.705138 0.273635 0.383565 0.248392 0.255746 0.713504 0.506553 0.598178 0.431555 0.643063 0.457982 0.434173 0.478108 0.401656 0.961367
0.213751 0.220963 0.284551 0.214549 0.608936 0.414721 0.305299 0.222925 0.413243 0.385201 0.314049 0.160710 0.107164 0.123630 0.105135 0.000000 0.244769 0.262785 0.245578 0.294058 0.364830 0.794225 0.102714 0.177140 0.467758 0.474910 0.989127 0.869458 0.198157 0.211061 0.188756 0.277532 0.216127 0.253520 0.383617 0.579288 0.359692 0.419755 0.540195 0.622163 0.659455 0.504953 0.283851 0.306389 0.318701 0.301462 0.248472 0.228266 0.619447 0.340541 0.351219 0.292750 0.399174 0.408258 0.454236 0.506956 0.284710 0.288099 0.237907 0.288154 0.159293 0.209914 0.175251 0.166137 0.276789 0.246468 0.226633 0.257291 0.446045 0.305645 0.226227 0.305328 0.430470 0.531477 0.632744 0.577783 0.327866 0.283933 0.236014 0.352010 0.209410 0.252177 0.229330 0.297243 0.170599 0.206826 0.859331 0.886118 0.460699 0.391685 0.543070 0.644613 0.449511 0.813814 0.412976 0.493759 0.405515 0.405209 0.384076 0.360383 0.585448 0.661614 0.304964 0.413741 0.262079 0.294426 0.701463 0.611711 0.618791 0.483389 0.691473 0.516304 0.460288 0.442789 0.434474 0.962758
0.105848 0.128522 0.252634 0.203408 0.706132 0.455231 0.166017 0.130119 0.428498 0.240069 0.142253 0.122020 0.146273 0.213879 0.235128 0.244769 0.000000 0.094463 0.119455 0.135313 0.446064 0.674921 0.270463 0.390913 0.631719 0.532729 0.862689 0.939641 0.128061 0.114345 0.242256 0.237820 0.136933 0.114082 0.440405 0.529556 0.398046 0.507090 0.614213 0.610222 0.667393 0.452118 0.232846 0.180372 0.207046 0.197458 0.224971 0.208190 0.603069 0.331433 0.378555 0.310958 0.439235 0.417554 0.401451 0.500368 0.106449 0.124744 0.141439 0.202346 0.132784 0.215368 0.119821 0.122358 0.376177 0.238225 0.164430 0.153721 0.285053 0.179349 0.263813 0.247833 0.360097 0.377625 0.635282 0.540317 0.265495 0.231216 0.152705 0.194187 0.098888 0.135456 0.355642 0.244070 0.274781 0.354613 0.891128 0.998424 0.446698 0.504591 0.481920 0.559221 0.438156 0.669798 0.318900 0.472939 0.280266 0.348056 0.265169 0.207295 0.559858 0.563439 0.273972 0.255808 0.297829 0.269893 0.842842 0.578051 0.602798 0.332759 0.598191 0.317596 0.302802 0.329676 0.487701 0.928975
0.117434 0.127173 0.208226 0.172277 0.744469 0.424530 0.139771 0.120929 0.394290 0.241592 0.124027 0.122275 0.162107 0.226747 0.252575 0.262785 0.094463 0.000000 0.093030 0.104444 0.437741 0.702259 0.287239 0.401104 0.592799 0.473060 0.860834 0.896851 0.123473 0.101339 0.235023 0.238324 0.126208 0.115592 0.445849 0.578549 0.378238 0.513490 0.611246 0.577102 0.762832 0.444502 0.211851 0.162050 0.211069 0.191998 0.194980 0.186926 0.590693 0.352897 0.389911 0.334013 0.458182 0.425301 0.408904 0.495549 0.101121 0.110809 0.162715 0.224654 0.131375 0.233532 0.111933 0.117868 0.373206 0.242449 0.162129 0.157608 0.275234 0.202811 0.265560 0.256682 0.390953 0.375162 0.601315 0.572720 0.276933 0.225159 0.157529 0.201531 0.107330 0.119414 0.350544 0.223105 0.278186 0.356176 0.876117 0.975883 0.462306 0.491588 0.454529 0.536953 0.419737 0.649676 0.302258 0.441133 0.287318 0.380382 0.252441 0.212757 0.523728 0.548186 0.288067 0.227952 0.280462 0.298154 0.869069 0.586653 0.615557 0.340670 0.631670 0.322376 0.264805 0.365434 0.442723 0.947002
0.121713 0.131916 0.180931 0.144423 0.669026 0.419302 0.126447 0.138467 0.375353 0.290786 0.146835 0.150592 0.157973 0.239976 0.251349 0.245578 0.119455 0.093030 0.000000 0.113410 0.410961 0.677642 0.258243 0.354299 0.495948 0.436559 0.860851 0.922328 0.159309 0.120635 0.187586 0.242411 0.147273 0.124836 0.429599 0.558286 0.375189 0.518807 0.536978 0.628458 0.740765 0.447370 0.192865 0.154207 0.214593 0.200778 0.178808 0.184737 0.610397 0.315671 0.373563 0.322228 0.465030 0.380190 0.388530 0.523654 0.143691 0.152894 0.180387 0.242305 0.137920 0.263215 0.137847 0.156498 0.339359 0.233705 0.151972 0.154484 0.259230 0.208319 0.215532 0.219689 0.334882 0.331717 0.617193 0.526420 0.291862 0.254289 0.204961 0.183946 0.116408 0.122995 0.364764 0.247112 0.261910 0.327468 0.855232 0.987100 0.466583 0.515629 0.460391 0.547473 0.424147 0.635702 0.316773 0.471982 0.309788 0.403150 0.272543 0.262344 0.550728 0.558088 0.320566 0.276716 0.285045 0.316021 0.782169 0.600021 0.574464 0.376507 0.632948 0.341845 0.304452 0.405500 0.450956 0.935579
0.119852 0.138132 0.187449 0.171068 0.766887 0.481558 0.176655 0.155760 0.381700 0.310707 0.141594 0.145729 0.182433 0.260414 0.277966 0.294058 0.135313 0.104444 0.113410 0.000000 0.456393 0.734595 0.282759 0.370445 0.531132 0.412516 0.884155 0.920365 0.158227 0.117226 0.217872 0.223761 0.140301 0.131686 0.444557 0.604576 0.388816 0.520634 0.583706 0.604607 0.810000 0.524174 0.256686 0.205240 0.263568 0.228037 0.215166 0.199509 0.604991 0.330975 0.422768 0.356730 0.462908 0.464111 0.422559 0.494468 0.152353 0.142655 0.191119 0.226445 0.158421 0.235591 0.159182 0.165607 0.364340 0.248186 0.211340 0.178482 0.254870 0.203334 0.292895 0.312675 0.342368 0.344220 0.643085 0.581164 0.317024 0.275839 0.188009 0.213253 0.134544 0.126500 0.403835 0.262256 0.303347 0.374076 0.786887 0.992009 0.436241 0.494012 0.527755 0.623725 0.499799 0.739164 0.327439 0.522743 0.322571 0.447806 0.308170 0.266933 0.529148 0.623120 0.372939 0.299981 0.344349 0.332715 0.803214 0.605009 0.596974 0.357294 0.634174 0.366840 0.335672 0.448482 0.457961 0.905496
0.434668 0.414854 0.400207 0.365040 0.645049 0.583529 0.405919 0.414524 0.563970 0.556218 0.458169 0.415859 0.354228 0.391067 0.385089 0.364830 0.446064 0.437741 0.410961 0.456393 0.000000 0.769003 0.357267 0.367967 0.535536 0.532754 0.991995 0.896732 0.446291 0.448911 0.365059 0.517010 0.393453 0.382522 0.478563 0.742706 0.481166 0.488712 0.602170 0.681888 0.656523 0.702971 0.416531 0.391301 0.451286 0.428868 0.389976 0.397533 0.763269 0.466201 0.564866 0.507036 0.619663 0.516219 0.547820 0.652647 0.467337 0.441258 0.433605 0.440790 0.389847 0.454368 0.418760 0.415942 0.434119 0.426660 0.408646 0.419190 0.580630 0.519008 0.358801 0.419852 0.544529 0.568118 0.781840 0.719831 0.406092 0.374936 0.479260 0.484323 0.427654 0.401957 0.396119 0.450132 0.396761 0.450597 0.920813 0.973320 0.646637 0.547740 0.604988 0.699329 0.544882 0.793769 0.508835 0.623649 0.475876 0.581777 0.567508 0.496551 0.742068 0.650730 0.422068 0.460914 0.430134 0.434650 0.825893 0.604097 0.572347 0.658469 0.692914 0.659118 0.576514 0.610064 0.587683 0.941572
0.764628 0.772099 0.757384 0.704262 0.763373 0.974770 0.694420 0.761943 0.796312 0.778321 0.738376 0.749747 0.748510 0.741531 0.757585 0.794225 0.674921 0.702259 0.677642 0.734595 0.769003 0.000000 0.770564 0.823961 0.972257 0.816456 0.911187 0.744438 0.676758 0.721394 0.831908 0.673467 0.668058 0.712934 0.883467 0.846241 0.807463 0.921543 0.812230 0.712595 0.958531 0.822598 0.723172 0.686090 0.745830 0.768373 0.763226 0.775797 0.871059 0.838515 0.805178 0.819442 0.926965 0.781280 0.821565 0.886045 0.688548 0.753222 0.782312 0.831508 0.714007 0.799723 0.736834 0.745758 0.740689 0.708407 0.711325 0.667967 0.800679 0.823006 0.746854 0.754777 0.772580 0.741320 0.931314 0.689967 0.709492 0.733442 0.874324 0.695010 0.749361 0.720390 0.731783 0.764802 0.767956 0.710500 0.862952 0.913168 0.729518 0.781509 0.826818 0.894157 0.896998 0.852746 0.818196 0.851396 0.890858 0.750566 0.728743 0.669010 0.922783 0.890788 0.738796 0.647938 0.806542 0.721593 0.929805 0.754950 0.944611 0.863481 0.713232 0.754959 0.805542 0.755879 0.767721 0.865897
0.216658 0.226644 0.212107 0.165226 0.626679 0.471273 0.286988 0.229955 0.394615 0.413711 0.333977 0.195324 0.119230 0.157660 0.110925 0.102714 0.270463 0.287239 0.258243 0.282759 0.357267 0.770564 0.000000 0.144646 0.343447 0.350761 0.952922 0.919526 0.224310 0.239054 0.140624 0.241430 0.192545 0.250082 0.357355 0.577369 0.302623 0.414476 0.506250 0.656161 0.709625 0.528171 0.258681 0.283621 0.318589 0.291747 0.230288 0.233687 0.611476 0.320615 0.361633 0.287114 0.375046 0.413083 0.388212 0.468041 0.301525 0.300455 0.241739 0.266175 0.156111 0.192737 0.208849 0.206093 0.186207 0.192747 0.205098 0.221937 0.433735 0.292767 0.218942 0.326715 0.370480 0.460476 0.679395 0.615501 0.301538 0.311997 0.247478 0.345318 0.210871 0.238226 0.250190 0.277209 0.124266 0.143548 0.869325 0.827344 0.400524 0.329637 0.547006 0.662849 0.466204 0.823796 0.371936 0.520018 0.389257 0.419544 0.382473 0.355400 0.612431 0.697708 0.343290 0.411153 0.283641 0.275990 0.724662 0.583490 0.588368 0.480655 0.690085 0.503665 0.447004 0.504344 0.390288 0.954787
0.343197 0.338626 0.297923 0.277207 0.638212 0.566681 0.424278 0.376715 0.545371 0.576216 0.397494 0.313508 0.211499 0.204916 0.200377 0.177140 0.390913 0.401104 0.354299 0.370445 0.367967 0.823961 0.144646 0.000000 0.323051 0.328417 0.970414 0.854952 0.295493 0.313658 0.202112 0.276196 0.310217 0.353324 0.432789 0.661097 0.407382 0.531466 0.518453 0.682001 0.779860 0.603853 0.390622 0.415711 0.481645 0.436039 0.338535 0.347586 0.708507 0.447883 0.496438 0.459662 0.482864 0.535555 0.478397 0.594274 0.437649 0.432558 0.376012 0.428512 0.281282 0.336452 0.300992 0.330721 0.283421 0.294525 0.339083 0.364262 0.539813 0.417915 0.330650 0.452542 0.491047 0.551967 0.790115 0.672360 0.416978 0.421282 0.364979 0.413994 0.317557 0.328477 0.247764 0.333814 0.215603 0.176366 0.744277 0.673225 0.498215 0.412624 0.705359 0.840262 0.656532 0.969020 0.476703 0.666657 0.530230 0.506053 0.597178 0.523161 0.696446 0.801899 0.491678 0.525911 0.425535 0.452680 0.806233 0.673900 0.635062 0.590542 0.779712 0.668621 0.605356 0.678469 0.492926 0.992063
0.510110 0.527164 0.351375 0.376176 0.841937 0.747765 0.567509 0.572685 0.688486 0.798207 0.614015 0.566681 0.481838 0.536960 0.464254 0.467758 0.631719 0.592799 0.495948 0.531132 0.535536 0.972257 0.343447 0.323051 0.000000 0.256772 0.894336 0.885044 0.575670 0.553041 0.302176 0.459291 0.485924 0.577455 0.512142 0.775190 0.466140 0.676281 0.477891 0.813850 0.837701 0.768917 0.530759 0.551768 0.660094 0.596946 0.468542 0.526634 0.805587 0.548734 0.671855 0.581143 0.583334 0.675480 0.468597 0.646361 0.666608 0.592813 0.571371 0.518617 0.506225 0.527318 0.585013 0.586539 0.366350 0.449988 0.536591 0.532046 0.546669 0.553744 0.495422 0.569706 0.496831 0.562828 0.760830 0.848358 0.570239 0.670837 0.535910 0.515746 0.518740 0.482957 0.574268 0.522702 0.378029 0.328089 0.951177 0.832633 0.627750 0.460547 0.813332 0.914115 0.752257 0.996655 0.599727 0.795067 0.628398 0.729193 0.737029 0.721226 0.959596 0.920661 0.775793 0.722346 0.554757 0.630222 0.757399 0.927550 0.693853 0.647875 0.987406 0.769213 0.688815 0.861426 0.624614 0.971633
0.442312 0.487054 0.279110 0.295444 0.842419 0.654096 0.444836 0.465964 0.548296 0.607369 0.462657 0.484531 0.444929 0.509779 0.441828 0.474910 0.532729 0.473060 0.436559 0.412516 0.532754 0.816456 0.350761 0.328417 0.256772 0.000000 0.923642 0.842878 0.462624 0.451565 0.285462 0.350482 0.373804 0.419368 0.435104 0.763755 0.392952 0.681339 0.516581 0.634178 0.877400 0.737035 0.420505 0.421063 0.517694 0.448248 0.395827 0.447277 0.689831 0.483854 0.561250 0.501541 0.487855 0.589257 0.478142 0.512680 0.553018 0.518006 0.466029 0.471427 0.399236 0.440880 0.497916 0.515471 0.288581 0.296157 0.415944 0.395527 0.483845 0.482963 0.472849 0.488184 0.382445 0.431058 0.765157 0.768042 0.436740 0.515466 0.502546 0.427422 0.429378 0.393655 0.571580 0.410209 0.373579 0.336333 0.828603 0.815355 0.457292 0.458744 0.663517 0.774824 0.644595 0.858540 0.522457 0.709024 0.556148 0.663890 0.552003 0.514468 0.732050 0.790907 0.643014 0.518810 0.527243 0.608031 0.803782 0.731200 0.736373 0.684280 0.939248 0.635771 0.542632 0.794147 0.485378 0.996177
0.886773 0.848621 0.932044 0.904525 0.769185 0.935776 0.890630 0.855023 0.965347 0.923985 0.948561 0.909402 0.921107 0.973507 0.994921 0.989127 0.862689 0.860834 0.860851 0.884155 0.991995 0.911187 0.952922 0.970414 0.894336 0.923642 0.000000 0.977417 0.896067 0.870587 0.961527 0.935051 0.899790 0.838881 0.987361 0.899733 0.967894 0.889487 0.835262 0.999139 0.939036 0.944596 0.919254 0.926388 0.879225 0.887031 0.944744 0.934846 0.852851 0.888052 0.872102 0.898178 0.993710 0.863516 0.865999 0.866630 0.846486 0.842079 0.889232 0.876340 0.878124 0.831472 0.880338 0.865365 0.934618 0.882997 0.923900 0.906523 0.921457 0.856397 0.973184 0.919484 0.937579 0.945305 0.939075 0.764591 0.998317 0.983097 0.977893 0.946847 0.902779 0.856616 0.956923 0.867035 0.937763 0.950838 0.836172 0.963640 0.921347 0.971609 0.898664 0.888384 0.962625 0.863522 0.961132 0.921363 0.989194 0.884231 0.876256 0.855342 0.955573 0.955432 0.897221 0.792517 0.798650 0.907192 0.984007 0.952750 0.946717 0.772305 0.939307 0.759372 0.827512 0.918726 0.948934 0.793202
0.956284 0.937903 0.915760 0.919842 0.852220 0.895835 0.922470 0.922966 0.958156 0.969425 0.884067 0.887940 0.924510 0.861332 0.894979 0.869458 0.939641 0.896851 0.922328 0.920365 0.896732 0.744438 0.919526 0.854952 0.885044 0.842878 0.977417 0.000000 0.876180 0.924802 0.961650 0.880710 0.850473 0.963155 0.977742 0.983986 0.889846 0.942274 0.946457 0.834227 0.891548 0.992471 0.905935 0.878762 0.976345 0.961114 0.873319 0.962055 0.949112 0.899759 0.979765 0.930552 0.921764 0.987872 0.932175 0.947012 0.903391 0.920920 0.969532 0.989226 0.908413 0.937720 0.875885 0.876889 0.940401 0.888932 0.938775 0.916307 0.923122 0.993932 0.931865 0.928601 0.921470 0.982548 0.984637 0.857972 0.829726 0.864361 0.969385 0.940624 0.935000 0.926016 0.958013 0.973585 0.930555 0.882149 0.986782 0.936857 0.982308 0.949972 0.897502 0.962456 0.973073 0.956517 0.971845 0.909658 0.878918 0.855605 0.989445 0.866166 0.987455 0.934386 0.949492 0.874383 0.883227 0.957795 0.851268 0.931008 0.877304 0.975814 0.959034 0.882142 0.957018 0.971922 0.837189 0.981796
0.160667 0.141485 0.271765 0.212757 0.682447 0.464440 0.241194 0.179999 0.446325 0.314674 0.191009 0.124137 0.141786 0.160853 0.196677 0.198157 0.128061 0.123473 0.159309 0.158227 0.446291 0.676758 0.224310 0.295493 0.575670 0.462624 0.896067 0.876180 0.000000 0.104837 0.210344 0.228876 0.153149 0.150977 0.416756 0.582631 0.358325 0.533192 0.589186 0.574401 0.751142 0.460448 0.279978 0.236647 0.273286 0.251838 0.215899 0.201357 0.564567 0.355817 0.397018 0.335218 0.455970 0.470530 0.403215 0.470566 0.147852 0.169287 0.179812 0.234088 0.139079 0.212744 0.111699 0.120169 0.357541 0.246144 0.201450 0.199401 0.320426 0.213644 0.294520 0.326729 0.409088 0.436722 0.656253 0.576056 0.298262 0.260081 0.179608 0.234449 0.130580 0.155919 0.295740 0.207288 0.227480 0.296376 0.824751 0.949814 0.459831 0.409509 0.582480 0.677334 0.528601 0.824853 0.337975 0.522953 0.350931 0.376637 0.335712 0.260374 0.572902 0.673026 0.296370 0.285632 0.311740 0.286374 0.830008 0.636014 0.611092 0.391612 0.604156 0.404826 0.351273 0.371711 0.426272 0.947886
0.121948 0.137089 0.223825 0.179379 0.719473 0.456905 0.203826 0.150643 0.417617 0.276337 0.133964 0.101045 0.136673 0.175364 0.194513 0.211061 0.114345 0.101339 0.120635 0.117226 0.448911 0.721394 0.239054 0.313658 0.553041 0.451565 0.870587 0.924802 0.104837 0.000000 0.197978 0.223213 0.148576 0.112757 0.405652 0.581245 0.358041 0.497729 0.584482 0.616568 0.779014 0.526532 0.301355 0.236489 0.276728 0.246034 0.230409 0.216203 0.621539 0.342544 0.411461 0.336793 0.439237 0.432078 0.375333 0.485592 0.156620 0.154632 0.194697 0.243286 0.130339 0.212462 0.117829 0.117610 0.353388 0.246707 0.204128 0.201890 0.279850 0.189321 0.281113 0.308731 0.367239 0.379098 0.574184 0.550087 0.336475 0.249555 0.169367 0.205955 0.113336 0.122161 0.317535 0.208327 0.263096 0.321288 0.779275 0.910102 0.452401 0.463522 0.545580 0.639964 0.502023 0.764372 0.320971 0.525568 0.348990 0.409865 0.320065 0.277461 0.555611 0.613936 0.295129 0.287326 0.336288 0.308321 0.786980 0.623384 0.652807 0.370225 0.662527 0.414519 0.351322 0.415443 0.469769 0.997007
0.199732 0.210694 0.167616 0.146170 0.748214 0.445179 0.231075 0.229324 0.410931 0.393403 0.242727 0.210173 0.169152 0.228239 0.206333 0.188756 0.242256 0.235023 0.187586 0.217872 0.365059 0.831908 0.140624 0.202112 0.302176 0.285462 0.961527 0.961650 0.210344 0.197978 0.000000 0.193150 0.181880 0.197476 0.380636 0.614016 0.296189 0.506954 0.476822 0.711056 0.714214 0.552267 0.267413 0.242877 0.320490 0.292505 0.233743 0.234403 0.673300 0.357597 0.438123 0.353383 0.420698 0.445283 0.372585 0.519421 0.286856 0.276589 0.247020 0.279970 0.174052 0.253253 0.228541 0.240175 0.238680 0.189712 0.198670 0.209508 0.292324 0.254722 0.235341 0.278519 0.303366 0.342861 0.612712 0.659799 0.323124 0.282862 0.243015 0.270105 0.190129 0.185690 0.315996 0.229902 0.206247 0.214629 0.841939 0.866869 0.428645 0.414009 0.587778 0.700103 0.506419 0.809700 0.378159 0.594555 0.355915 0.498678 0.418096 0.392154 0.624046 0.623532 0.411396 0.403358 0.358365 0.352332 0.741970 0.694893 0.604510 0.448719 0.759434 0.500211 0.430925 0.473660 0.458642 0.969907
0.266867 0.279728 0.258814 0.226204 0.858681 0.540959 0.290262 0.293193 0.456495 0.419741 0.242296 0.262580 0.255571 0.282724 0.297364 0.277532 0.237820 0.238324 0.242411 0.223761 0.517010 0.673467 0.241430 0.276196 0.459291 0.350482 0.935051 0.880710 0.228876 0.223213 0.193150 0.000000 0.218941 0.216069 0.517949 0.688521 0.386611 0.629266 0.531525 0.632596 0.865152 0.557926 0.302496 0.265931 0.388238 0.370655 0.313228 0.308371 0.763171 0.492209 0.553467 0.494412 0.513728 0.577660 0.520399 0.636536 0.265684 0.305340 0.300215 0.376505 0.252039 0.353698 0.267646 0.293114 0.349486 0.258054 0.257658 0.261130 0.351690 0.340748 0.342721 0.370879 0.406882 0.437905 0.654957 0.662483 0.368856 0.307061 0.271473 0.264653 0.244836 0.240523 0.370517 0.271578 0.324172 0.271057 0.876571 0.826230 0.448974 0.503179 0.647890 0.807528 0.636315 0.857429 0.421996 0.631526 0.455824 0.499039 0.459314 0.400239 0.656832 0.677794 0.477673 0.364215 0.457177 0.391327 0.907091 0.796106 0.752936 0.536563 0.730836 0.468643 0.494707 0.547736 0.495945 0.944409
0.128203 0.151175 0.155921 0.123657 0.688797 0.435081 0.149443 0.121922 0.347636 0.241353 0.189846 0.138516 0.143944 0.223976 0.209384 0.216127 0.136933 0.126208 0.147273 0.140301 0.393453 0.668058 0.192545 0.310217 0.485924 0.373804 0.899790 0.850473 0.153149 0.148576 0.181880 0.218941 0.000000 0.141719 0.378020 0.555276 0.363608 0.476723 0.577575 0.600834 0.788028 0.510099 0.187152 0.169101 0.223714 0.192119 0.191255 0.209856 0.567517 0.332672 0.362597 0.306926 0.416963 0.398996 0.373728 0.428339 0.158851 0.159921 0.162429 0.216832 0.114592 0.179811 0.151678 0.146329 0.264563 0.167350 0.148443 0.123730 0.272522 0.193743 0.212653 0.245545 0.312194 0.358581 0.623880 0.592746 0.261196 0.200182 0.151764 0.215842 0.113329 0.129851 0.340520 0.237018 0.212964 0.252225 0.871256 0.976092 0.407316 0.410223 0.429807 0.516614 0.389559 0.654652 0.311958 0.444294 0.274905 0.360173 0.247099 0.196207 0.535663 0.513844 0.322036 0.225911 0.275037 0.282555 0.804724 0.546147 0.578878 0.345456 0.634122 0.338369 0.305023 0.388484 0.428701 0.961291
0.128745 0.155816 0.206517 0.154055 0.674324 0.451122 0.149575 0.131361 0.365448 0.242485 0.157722 0.154690 0.160641 0.239613 0.240470 0.253520 0.114082 0.115592 0.124836 0.131686 0.382522 0.712934 0.250082 0.353324 0.577455 0.419368 0.838881 0.963155 0.150977 0.112757 0.197476 0.216069 0.141719 0.000000 0.395010 0.595882 0.321330 0.463063 0.569000 0.623497 0.745151 0.493748 0.230215 0.163419 0.213935 0.198655 0.201871 0.217120 0.626437 0.324736 0.390225 0.323521 0.446154 0.416063 0.420394 0.481344 0.141662 0.152210 0.176166 0.243020 0.123904 0.209743 0.147551 0.146019 0.304561 0.186388 0.148689 0.150048 0.289981 0.197263 0.264929 0.255389 0.306683 0.352015 0.586033 0.532747 0.282581 0.207590 0.195440 0.201196 0.128012 0.124860 0.353008 0.213680 0.251711 0.320364 0.838697 0.924942 0.435468 0.465328 0.465293 0.562344 0.436500 0.644488 0.320495 0.463392 0.327025 0.396750 0.254738 0.220949 0.517624 0.528511 0.269107 0.220758 0.313157 0.308301 0.775176 0.544450 0.619269 0.427984 0.648558 0.326683 0.307651 0.400091 0.440585 0.902696
0.361463 0.415220 0.417664 0.351486 0.767434 0.495402 0.455541 0.387799 0.538633 0.435986 0.516793 0.375383 0.370637 0.402574 0.341432 0.383617 0.440405 0.445849 0.429599 0.444557 0.478563 0.883467 0.357355 0.432789 0.512142 0.435104 0.987361 0.977742 0.416756 0.405652 0.380636 0.517949 0.378020 0.395010 0.000000 0.652656 0.412846 0.545265 0.687726 0.861698 0.681297 0.576692 0.434444 0.463093 0.427000 0.373207 0.423358 0.427636 0.536587 0.345719 0.440820 0.348911 0.446300 0.502830 0.411771 0.449961 0.529593 0.438635 0.387168 0.337486 0.349779 0.335422 0.411771 0.389084 0.363523 0.356473 0.416517 0.396340 0.486089 0.353566 0.473965 0.468262 0.405154 0.504493 0.606304 0.682218 0.439438 0.442094 0.385853 0.472721 0.363881 0.353516 0.563593 0.433096 0.309874 0.395499 0.954660 0.908019 0.548567 0.457141 0.604061 0.669460 0.543797 0.767390 0.540344 0.637580 0.461433 0.596069 0.434103 0.415511 0.680700 0.752484 0.475386 0.528598 0.404223 0.451930 0.734582 0.597141 0.623096 0.637816 0.682808 0.466732 0.532118 0.688851 0.563353 0.918597
0.528942 0.521901 0.645408 0.594839 0.799283 0.760634 0.625395 0.571728 0.692008 0.674996 0.598123 0.544252 0.533124 0.579571 0.592284 0.579288 0.529556 0.578549 0.558286 0.604576 0.742706 0.846241 0.577369 0.661097 0.775190 0.763755 0.899733 0.983986 0.582631 0.581245 0.614016 0.688521 0.555276 0.595882 0.652656 0.000000 0.630132 0.529290 0.867305 0.789900 0.749074 0.594205 0.575238 0.607505 0.619350 0.600885 0.638765 0.548101 0.738491 0.619885 0.635920 0.563507 0.682545 0.631781 0.780065 0.684417 0.548423 0.533880 0.540221 0.562765 0.576843 0.601467 0.518198 0.542365 0.680689 0.657286 0.575904 0.570521 0.701334 0.536502 0.615405 0.628801 0.723312 0.761031 0.917923 0.701374 0.644328 0.640724 0.553207 0.658832 0.517575 0.568072 0.612455 0.577850 0.571648 0.607240 0.962041 0.974529 0.694360 0.668963 0.755575 0.723069 0.746785 0.787767 0.555098 0.682229 0.623701 0.542582 0.640207 0.646873 0.800098 0.721789 0.554457 0.568682 0.687134 0.657314 0.836698 0.712033 0.710843 0.662755 0.715736 0.647830 0.622956 0.746195 0.649503 0.992858
0.340735 0.328733 0.329897 0.289353 0.875891 0.603704 0.409226 0.349767 0.487684 0.484710 0.462858 0.356959 0.313926 0.351579 0.311535 0.359692 0.398046 0.378238 0.375189 0.388816 0.481166 0.807463 0.302623 0.407382 0.466140 0.392952 0.967894 0.889846 0.358325 0.358041 0.296189 0.386611 0.363608 0.321330 0.412846 0.630132 0.000000 0.414426 0.456220 0.673168 0.834100 0.491145 0.380488 0.358429 0.353251 0.360775 0.353725 0.292167 0.482327 0.355156 0.412138 0.338351 0.449789 0.548407 0.518427 0.470592 0.385011 0.343494 0.322071 0.332119 0.301169 0.304200 0.383277 0.338019 0.290670 0.323508 0.356486 0.316810 0.529553 0.389081 0.476736 0.457511 0.553988 0.545402 0.620473 0.678828 0.435416 0.411592 0.377512 0.442229 0.369379 0.364737 0.508010 0.370268 0.268915 0.302678 0.918060 0.834494 0.428792 0.322685 0.630728 0.720622 0.543190 0.793778 0.400304 0.523483 0.440266 0.487953 0.385397 0.413187 0.552711 0.718685 0.326064 0.422177 0.375940 0.368917 0.749827 0.578681 0.708641 0.559210 0.805415 0.511494 0.539705 0.637926 0.514418 0.880454
0.441743 0.474566 0.516020 0.461085 0.855479 0.818633 0.544174 0.446282 0.529238 0.506651 0.575697 0.416118 0.398536 0.394344 0.404435 0.419755 0.507090 0.513490 0.518807 0.520634 0.488712 0.921543 0.414476 0.531466 0.676281 0.681339 0.889487 0.942274 0.533192 0.497729 0.506954 0.629266 0.476723 0.463063 0.545265 0.529290 0.414426 0.000000 0.639872 0.767729 0.788963 0.628671 0.510703 0.542899 0.517802 0.504430 0.542528 0.463556 0.601408 0.460609 0.488262 0.457306 0.665186 0.602170 0.662771 0.614039 0.497836 0.476531 0.470738 0.470325 0.423349 0.409211 0.449097 0.403410 0.433317 0.497975 0.513820 0.492296 0.731832 0.556709 0.584960 0.632366 0.631913 0.700269 0.801992 0.734554 0.515597 0.532652 0.533220 0.616865 0.523566 0.555340 0.538971 0.582603 0.429029 0.516992 0.888332 0.949785 0.605521 0.559384 0.610955 0.630813 0.566516 0.792212 0.482201 0.475676 0.586228 0.557362 0.455274 0.519228 0.633493 0.686179 0.387300 0.493653 0.457527 0.463493 0.750203 0.562890 0.638983 0.488384 0.784113 0.673431 0.635266 0.687961 0.478505 0.992090
