0.000000 0.577538 0.836501 0.906620 0.855897 0.935354 0.638932 0.745370 0.962274 0.871337 0.708145 0.694754 0.673667 0.792021 0.815205 0.841025 0.575708 0.574578 0.496011 0.659866 0.903466 0.915708 0.942122 0.976704 0.931574 0.935406 0.935901 0.995047 0.669521 0.694786 0.869069 0.963502 0.675953 0.575249 0.886045 0.915399 0.922611 0.793054 0.959287 0.900258 0.907505 0.909077 0.851594 0.705951 0.935539 0.842418 0.742202 0.803014 0.908130 0.836048 0.770571 0.870405 0.931883 0.986412 0.834782 0.915133 0.498638 0.557731 0.623976 0.797362 0.560053 0.730820 0.562565 0.655771 0.837228 0.871122 0.866978 0.851068 0.891475 0.748448 0.958747 0.997046 0.830327 0.852532 0.993088 0.945069 0.750500 0.787121 0.852866 0.794660 0.572426 0.593745 0.780019 0.670158 0.662473 0.780453 0.927126 0.873962 0.951545 0.824103 0.969230 0.975600 0.873663 0.980141 0.896755 0.922084 0.848440 0.937506 0.791657 0.751593 0.832985 0.948723 0.776766 0.773753 0.947565 0.975213 0.876916 0.936288 0.844327 0.742160 0.824757 0.974499 0.892394 0.964704 0.859882 0.884975
0.577538 0.000000 0.943829 0.902080 0.799532 0.961259 0.798723 0.653528 0.964366 0.745111 0.827796 0.526994 0.620363 0.598869 0.684365 0.637552 0.551592 0.538953 0.582636 0.636434 0.878057 0.919358 0.828119 0.942076 0.999370 0.933313 0.883142 0.922343 0.572479 0.610149 0.789257 0.901597 0.496280 0.544394 0.915744 0.875683 0.895532 0.972962 0.851217 0.872063 0.984371 0.896580 0.787611 0.600906 0.714748 0.653518 0.634019 0.621386 0.796093 0.726401 0.667959 0.592501 0.771784 0.859432 0.841093 0.880286 0.507893 0.431389 0.669516 0.843061 0.500793 0.582166 0.474412 0.481303 0.878751 0.887354 0.847151 0.779261 0.878692 0.670038 0.896375 0.913744 0.918475 0.903872 0.939654 0.932064 0.720816 0.925327 0.641837 0.778230 0.446779 0.553730 0.678007 0.620925 0.706706 0.764617 0.957066 0.868656 0.960803 0.840258 0.940359 0.846171 0.933751 0.871138 0.829789 0.813966 0.845013 0.917948 0.643498 0.740643 0.842731 0.951168 0.748245 0.797272 0.875658 0.946933 0.867024 0.934350 0.868870 0.841804 0.829910 0.900888 0.918311 0.869636 0.695125 0.939888
0.836501 0.943829 0.000000 0.428443 0.984027 0.959628 0.362694 0.518161 0.716358 0.977474 0.952588 0.791626 0.809291 0.855671 0.881447 0.850438 0.802549 0.802325 0.847425 0.952391 0.781041 0.850552 0.747247 0.782234 0.500635 0.603009 0.989736 0.912205 0.761964 0.683633 0.912519 0.967207 0.787020 0.787963 0.659398 0.888126 0.779896 0.960101 0.830604 0.771327 0.984819 0.813713 0.619353 0.819911 0.836415 0.850036 0.705521 0.833763 0.784364 0.979816 0.813536 0.706378 0.960947 0.850996 0.845058 0.803922 0.930999 0.915841 0.558596 0.640842 0.718542 0.887092 0.835412 0.770607 0.371233 0.509205 0.497173 0.528792 0.901172 0.745370 0.904144 0.863131 0.820044 0.828054 0.892966 0.920472 0.729432 0.866895 0.881014 0.975515 0.994302 0.986607 0.851032 0.960956 0.616683 0.725155 0.705142 0.807697 0.726111 0.630876 0.568701 0.589881 0.534028 0.498046 0.955831 0.804716 0.862941 0.957839 0.659563 0.658372 0.609689 0.801280 0.987325 0.930605 0.573556 0.607056 0.980088 0.791303 0.832247 0.958773 0.918103 0.900452 0.962046 0.814562 0.724958 0.728292
0.906620 0.902080 0.428443 0.000000 0.883565 0.927375 0.554135 0.435639 0.944883 0.782699 0.957528 0.936530 0.993387 0.921790 0.734771 0.917821 0.729168 0.784254 0.979194 0.958241 0.760918 0.844153 0.772597 0.643181 0.556052 0.581412 0.936002 0.781773 0.675061 0.637447 0.994729 0.937911 0.845779 0.738127 0.650127 0.817446 0.774604 0.860559 0.695694 0.717671 0.925395 0.828806 0.717597 0.832738 0.770749 0.797396 0.806717 0.836527 0.695908 0.859443 0.864708 0.714356 0.904189 0.754389 0.960464 0.822843 0.855454 0.901911 0.698942 0.630295 0.860316 0.818072 0.838206 0.830672 0.390023 0.347501 0.390090 0.372225 0.694802 0.737886 0.729328 0.683725 0.712386 0.774251 0.897832 0.826561 0.640093 0.765791 0.957911 0.997354 0.985136 0.975193 0.834211 0.918182 0.692737 0.630883 0.734421 0.726690 0.907589 0.588973 0.608906 0.653086 0.512825 0.557147 0.903759 0.749986 0.823771 0.934358 0.636825 0.723829 0.625919 0.788524 0.957241 0.923707 0.499716 0.564268 0.974556 0.675444 0.827396 0.960549 0.860004 0.969831 0.977058 0.836553 0.736003 0.714656
0.855897 0.799532 0.984027 0.883565 0.000000 0.784916 0.912897 0.979243 0.874327 0.880207 0.787076 0.899433 0.742927 0.905396 0.767119 0.856385 0.715677 0.738043 0.790293 0.818825 0.849210 0.773765 0.801500 0.922940 0.931378 0.936868 0.969255 0.968091 0.881699 0.756430 0.763611 0.945231 0.815570 0.901277 0.978277 0.873739 0.805139 0.905801 0.969760 0.920408 0.856281 0.901199 0.999923 0.948631 0.751336 0.827454 0.904104 0.889175 0.758324 0.795647 0.821949 0.939941 0.826906 0.774849 0.895167 0.974120 0.677018 0.746793 0.947238 0.830142 0.762536 0.895227 0.731452 0.842175 0.995114 0.929785 0.926601 0.963723 0.981308 0.828874 0.790512 0.980292 0.793620 0.919577 0.908046 0.927050 0.955044 0.963431 0.845997 0.829859 0.723319 0.709274 0.771396 0.717598 0.731495 0.706600 0.960171 0.720480 0.895812 0.984435 0.999610 0.887190 0.971668 0.872900 0.793324 0.941071 0.999515 0.941477 0.981311 0.927196 0.844440 0.839617 0.993592 0.933794 0.987005 0.851355 0.934948 0.930339 0.981559 0.940828 0.955680 0.942442 0.993295 0.844785 0.841855 0.894794
0.935354 0.961259 0.959628 0.927375 0.784916 0.000000 0.943160 0.908559 0.916156 0.912750 0.946593 0.885562 0.986244 0.867634 0.984673 0.807661 0.902191 0.863321 0.980273 0.847425 0.818162 0.970630 0.855308 0.827438 0.906022 0.812805 0.856290 0.849601 0.917812 0.929278 0.859476 0.989605 0.944317 0.880788 0.880210 0.892997 0.706166 0.982879 0.894381 0.973053 0.754598 0.996041 0.922255 0.821576 0.941265 0.930123 0.909977 0.974414 0.915396 0.959686 0.849647 0.970230 0.804946 0.799506 0.916137 0.857878 0.993236 0.919029 0.769797 0.748786 0.982386 0.882023 0.954959 0.887339 0.905368 0.993094 0.974275 0.949875 0.826405 0.802505 0.823533 0.918686 0.868223 0.798054 0.918397 0.958607 0.948091 0.871650 0.983922 0.939943 0.969568 0.997084 0.938717 0.925235 0.825693 0.759899 0.907075 0.822942 0.921500 0.989379 0.766630 0.776137 0.733134 0.815433 0.916057 0.875509 0.828346 0.963187 0.924625 0.996361 0.955964 0.910287 0.918042 0.972130 0.922179 0.996098 0.927293 0.989189 0.934444 0.836835 0.910781 0.999495 0.879721 0.968435 0.948237 0.942334
0.638932 0.798723 0.362694 0.554135 0.912897 0.943160 0.000000 0.542869 0.663923 0.920878 0.896179 0.933342 0.634956 0.987971 0.926265 0.991305 0.993265 0.974946 0.705510 0.835140 0.838606 0.939026 0.703321 0.862898 0.607002 0.670767 0.944289 0.992659 0.915414 0.875656 0.882657 0.914189 0.678904 0.707511 0.708265 0.989222 0.817088 0.898470 0.889652 0.883874 0.978446 0.901936 0.645751 0.746347 0.902371 0.975016 0.705497 0.790692 0.891707 0.874238 0.758641 0.691498 0.896911 0.916884 0.864923 0.921578 0.861812 0.894444 0.473686 0.664762 0.513007 0.791027 0.926485 0.961156 0.439208 0.601270 0.609658 0.655310 0.939811 0.853851 0.990963 0.953944 0.889562 0.864877 0.913151 0.993347 0.719401 0.854885 0.961006 0.992970 0.814247 0.828597 0.997752 0.876213 0.487150 0.715426 0.804265 0.973032 0.697236 0.637521 0.663838 0.658320 0.707958 0.668832 0.907821 0.838254 0.906859 0.934474 0.665515 0.613884 0.701381 0.805270 0.986761 0.914473 0.650407 0.722844 0.910934 0.906744 0.736837 0.915594 0.825099 0.914579 0.945545 0.889164 0.730132 0.722365
0.745370 0.653528 0.518161 0.435639 0.979243 0.908559 0.542869 0.000000 0.981661 0.902221 0.919315 0.750022 0.787233 0.849470 0.878783 0.967124 0.983419 0.949860 0.810389 0.684440 0.993436 0.958187 0.789399 0.796069 0.805358 0.903511 0.892148 0.953501 0.975594 0.919620 0.986030 0.963543 0.709239 0.536873 0.719672 0.922774 0.900195 0.986028 0.980667 0.770439 0.946434 0.792332 0.716526 0.739640 0.843135 0.926426 0.726897 0.777382 0.749954 0.939593 0.772251 0.598707 0.955256 0.786579 0.931749 0.973536 0.916475 0.819322 0.484694 0.482852 0.560415 0.455640 0.861043 0.792836 0.557974 0.438322 0.501615 0.430046 0.766530 0.997143 0.797100 0.701434 0.828462 0.870072 0.945223 0.854977 0.539891 0.734255 0.873716 0.902627 0.724848 0.889486 0.923162 0.937839 0.698628 0.765492 0.721162 0.781778 0.892763 0.552653 0.679598 0.836876 0.684954 0.784362 0.848799 0.731352 0.692860 0.981179 0.525259 0.576243 0.639567 0.848354 0.720912 0.841695 0.484031 0.593351 0.986088 0.705351 0.782404 0.840898 0.669665 0.904159 0.952310 0.986211 0.687967 0.767607
0.962274 0.964366 0.716358 0.944883 0.874327 0.916156 0.663923 0.981661 0.000000 0.717151 0.997002 0.752525 0.877448 0.736131 0.959617 0.857034 0.880112 0.787336 0.998763 0.850451 0.916012 0.959534 0.732877 0.970100 0.847883 0.817764 0.911065 0.938146 0.839071 0.807260 0.910645 0.815840 0.928768 0.897459 0.892410 0.989317 0.805267 0.973590 0.959204 0.840498 0.986975 0.931638 0.875200 0.955983 0.890383 0.958338 0.955650 0.988916 0.790653 0.762078 0.851964 0.816263 0.769281 0.870479 0.921647 0.967361 0.935676 0.974327 0.814992 0.999461 0.853193 0.854463 0.926501 0.832031 0.769982 0.924345 0.982010 0.907863 0.817743 0.801012 0.866236 0.708271 0.841602 0.867544 0.985432 0.974491 0.964597 0.968355 0.846441 0.824881 0.872932 0.944033 0.978404 0.932107 0.748361 0.976853 0.889966 0.905525 0.754381 0.868867 0.835009 0.744351 0.735310 0.805984 0.980500 0.979998 0.893578 0.942110 0.895676 0.886392 0.868594 0.875055 0.878610 0.990149 0.969853 0.932005 0.960856 0.923806 0.911714 0.973052 0.879705 0.888640 0.974703 0.944262 0.966924 0.988015
0.871337 0.745111 0.977474 0.782699 0.880207 0.912750 0.920878 0.902221 0.717151 0.000000 0.763809 0.832244 0.818723 0.962183 0.815514 0.995437 0.691897 0.769336 0.717272 0.770694 0.833338 0.966620 0.806543 0.876972 0.837192 0.759568 0.762051 0.807512 0.608568 0.693306 0.738170 0.920947 0.685175 0.780255 0.969140 0.911459 0.940959 0.994775 0.588559 0.895013 0.802085 0.977622 0.864966 0.774783 0.651344 0.643412 0.808967 0.846736 0.608606 0.637246 0.698132 0.755358 0.718805 0.775340 0.871252 0.857083 0.645132 0.677460 0.779348 0.974199 0.715857 0.783567 0.653833 0.659043 0.824966 0.734276 0.902216 0.872980 0.784945 0.806132 0.830641 0.838413 0.850249 0.867429 0.813187 0.954003 0.977615 0.912140 0.919809 0.924730 0.709522 0.819651 0.867623 0.741939 0.936274 0.835214 0.974137 0.734285 0.925527 0.794033 0.887756 0.858318 0.924943 0.779800 0.983932 0.799008 0.774583 0.848019 0.861495 0.888292 0.854105 0.937473 0.679765 0.823319 0.938829 0.920118 0.826347 0.862985 0.927764 0.825193 0.826340 0.894997 0.949460 0.717442 0.982073 0.930825
0.708145 0.827796 0.952588 0.957528 0.787076 0.946593 0.896179 0.919315 0.997002 0.763809 0.000000 0.760661 0.785006 0.942098 0.998458 0.956045 0.623310 0.612701 0.638992 0.623974 0.799446 0.994830 0.957411 0.834702 0.894103 0.988822 0.933179 0.831463 0.660939 0.686564 0.811981 0.969944 0.790681 0.640083 0.995857 0.947789 0.963347 0.818959 0.997243 0.961844 0.910834 0.996519 0.852872 0.913727 0.969161 0.963865 0.981794 0.972652 0.979134 0.933134 0.937877 0.838317 0.945911 0.985110 0.970867 0.928917 0.733185 0.822611 0.890414 0.948938 0.768039 0.889372 0.677025 0.763515 0.865690 0.915165 0.979838 0.955320 0.918115 0.779735 0.974942 0.846743 0.600687 0.786722 0.952974 0.756483 0.945339 0.858732 0.814497 0.790791 0.711172 0.725200 0.931768 0.888464 0.990072 0.983271 0.771651 0.922321 0.875109 0.991938 0.671433 0.652524 0.775975 0.742182 0.974178 0.820424 0.935759 0.929280 0.942016 0.941874 0.988499 0.866654 0.854040 0.992926 0.990446 0.769737 0.933181 0.795328 0.999007 0.769918 0.933553 0.985833 0.860476 0.990420 0.977031 0.958901
0.694754 0.526994 0.791626 0.936530 0.899433 0.885562 0.933342 0.750022 0.752525 0.832244 0.760661 0.000000 0.668494 0.505565 0.722505 0.647776 0.517441 0.464564 0.709701 0.490574 0.842832 0.956011 0.948907 0.986853 0.706427 0.670166 0.862652 0.916756 0.504275 0.480632 0.957167 0.824275 0.668266 0.606614 0.992310 0.917175 0.954507 0.945695 0.767685 0.961933 0.906474 0.855374 0.953922 0.778846 0.867691 0.760639 0.898575 0.815600 0.947303 0.934818 0.822385 0.823355 0.994685 0.954301 0.973483 0.833922 0.578117 0.483955 0.837939 0.860322 0.598832 0.520913 0.447238 0.364841 0.861173 0.997523 0.932416 0.923788 0.931780 0.602740 0.924841 0.796367 0.812584 0.824055 0.935554 0.913585 0.756943 0.793752 0.566167 0.740564 0.460599 0.585895 0.684891 0.701210 0.895824 0.944944 0.915746 0.873453 0.792574 0.985894 0.773421 0.656315 0.730838 0.625377 0.778756 0.858938 0.881926 0.863895 0.865596 0.856344 0.987782 0.990279 0.658159 0.890192 0.889876 0.965695 0.972541 0.942666 0.995156 0.771176 0.762091 0.886581 0.940478 0.738093 0.873206 0.910585
0.673667 0.620363 0.809291 0.993387 0.742927 0.986244 0.634956 0.787233 0.877448 0.818723 0.785006 0.668494 0.000000 0.564018 0.506211 0.593394 0.670857 0.656976 0.661326 0.592883 0.980827 0.916353 0.695889 0.915942 0.989939 0.918478 0.833667 0.900725 0.682233 0.678312 0.788969 0.822639 0.632006 0.693409 0.884521 0.911899 0.858309 0.891752 0.842071 0.929615 0.940429 0.977965 0.924787 0.806392 0.898095 0.787862 0.736768 0.720285 0.981115 0.737344 0.817584 0.755848 0.889312 0.882743 0.827218 0.994591 0.657274 0.596337 0.755542 0.832470 0.399337 0.637932 0.603791 0.644162 0.855977 0.971858 0.934727 0.964989 0.850119 0.844866 0.927176 0.997387 0.932585 0.993127 0.941742 0.817125 0.880645 0.919522 0.708497 0.768424 0.572028 0.569005 0.701071 0.700965 0.562113 0.854166 0.920272 0.746545 0.916399 0.985338 0.932326 0.856628 0.827132 0.841978 0.976952 0.878314 0.991293 0.972271 0.797857 0.833498 0.975236 0.956288 0.918018 0.905902 0.894234 0.969485 0.981910 0.801870 0.978308 0.837704 0.919329 0.842651 0.991169 0.903785 0.738907 0.973620
0.792021 0.598869 0.855671 0.921790 0.905396 0.867634 0.987971 0.849470 0.736131 0.962183 0.942098 0.505565 0.564018 0.000000 0.509063 0.434634 0.636494 0.559390 0.832166 0.618229 0.839674 0.950670 0.899697 0.898535 0.894424 0.735094 0.857594 0.975706 0.602601 0.500043 0.797860 0.668911 0.656199 0.634221 0.937742 0.935756 0.987720 0.942511 0.795494 0.929984 0.921230 0.965840 0.885252 0.665031 0.785381 0.661395 0.742008 0.632759 0.952808 0.831221 0.822936 0.808556 0.935509 0.841516 0.966004 0.968199 0.729440 0.643353 0.934768 0.941013 0.606359 0.598926 0.569913 0.517774 0.949151 0.964488 0.954674 0.943635 0.785270 0.661820 0.989098 0.789109 0.834653 0.827204 0.945442 0.863195 0.928342 0.918942 0.629844 0.631895 0.552547 0.555712 0.591353 0.690276 0.771099 0.810825 0.828955 0.808397 0.866028 0.895279 0.768052 0.667034 0.660272 0.692933 0.865778 0.874321 0.945139 0.980545 0.859624 0.932113 0.915638 0.995156 0.837071 0.994227 0.989140 0.961084 0.892172 0.782668 0.876733 0.805535 0.872459 0.763224 0.914592 0.815004 0.828357 0.981375
0.815205 0.684365 0.881447 0.734771 0.767119 0.984673 0.926265 0.878783 0.959617 0.815514 0.998458 0.722505 0.506211 0.509063 0.000000 0.501937 0.602516 0.577717 0.697829 0.780061 0.922383 0.920207 0.680842 0.901642 0.914831 0.804600 0.840888 0.948018 0.569453 0.512587 0.671817 0.617236 0.609667 0.808961 0.982526 0.812696 0.920232 0.954175 0.793834 0.892694 0.909424 0.959987 0.853088 0.698081 0.622716 0.551274 0.672223 0.623608 0.718227 0.578549 0.791523 0.786045 0.755890 0.678658 0.858946 0.995789 0.579871 0.621758 0.988391 0.833233 0.640386 0.840919 0.565809 0.625580 0.957895 0.828656 0.809876 0.843844 0.999548 0.717120 0.818464 0.993054 0.815527 0.820078 0.959270 0.840870 0.999679 0.901848 0.675064 0.773329 0.585524 0.535837 0.481054 0.557594 0.652920 0.798440 0.595991 0.565089 0.960655 0.872526 0.774503 0.782436 0.661864 0.732579 0.982833 0.943950 0.924586 0.898119 0.918652 0.936959 0.977800 0.937880 0.960202 0.975639 0.879017 0.848649 0.918029 0.722530 0.932280 0.969982 0.952968 0.762116 0.785103 0.765096 0.873465 0.881157
0.841025 0.637552 0.850438 0.917821 0.856385 0.807661 0.991305 0.967124 0.857034 0.995437 0.956045 0.647776 0.593394 0.434634 0.501937 0.000000 0.762781 0.687138 0.835737 0.760663 0.878252 0.935830 0.702631 0.696899 0.939725 0.877907 0.969461 0.943397 0.698312 0.630225 0.723102 0.663899 0.713329 0.775068 0.954116 0.845283 0.879433 0.861115 0.886280 0.990527 0.937595 0.951949 0.960868 0.834253 0.720341 0.641858 0.790956 0.617851 0.847383 0.788593 0.781681 0.842344 0.856963 0.751037 0.964810 0.972088 0.706847 0.670176 0.871738 0.862538 0.704590 0.757931 0.613636 0.612843 0.982640 0.991468 0.923391 0.973141 0.747630 0.740842 0.988386 0.802678 0.956283 0.991157 0.977690 0.956030 0.941353 0.958500 0.656833 0.670283 0.622801 0.562707 0.513366 0.609764 0.651370 0.682956 0.740930 0.649212 0.844266 0.898565 0.869770 0.816927 0.753372 0.796823 0.969983 0.950832 0.827409 0.905422 0.855971 0.953916 0.998017 0.907421 0.947734 0.959402 0.990480 0.993760 0.888439 0.813148 0.947982 0.895359 0.995554 0.816828 0.900463 0.776416 0.870085 0.997030
0.575708 0.551592 0.802549 0.729168 0.715677 0.902191 0.993265 0.983419 0.880112 0.691897 0.623310 0.517441 0.670857 0.636494 0.602516 0.762781 0.000000 0.349967 0.542581 0.581905 0.918175 0.954983 0.974093 0.890216 0.792707 0.759930 0.967855 0.845017 0.386498 0.361475 0.762108 0.783305 0.587524 0.665745 0.941282 0.892311 0.985435 0.911966 0.769697 0.887381 0.910034 0.838074 0.959145 0.649344 0.653009 0.587991 0.733182 0.723466 0.677099 0.685241 0.685686 0.902212 0.781934 0.752215 0.824209 0.895774 0.417544 0.486974 0.873544 0.901474 0.637676 0.748195 0.390746 0.434030 0.797132 0.789912 0.815552 0.893041 0.885217 0.551975 0.998124 0.990878 0.623813 0.652824 0.995714 0.881153 0.915129 0.937331 0.637626 0.666141 0.392318 0.488561 0.583885 0.616812 0.854036 0.902178 0.939051 0.701018 0.903517 0.939361 0.704076 0.655198 0.631682 0.663033 0.874031 0.909860 0.899150 0.931027 0.985917 0.948228 0.999100 0.865866 0.764450 0.848218 0.873276 0.744209 0.955167 0.735658 0.964652 0.713970 0.879372 0.851674 0.872716 0.794799 0.864452 0.886089
0.574578 0.538953 0.802325 0.784254 0.738043 0.863321 0.974946 0.949860 0.787336 0.769336 0.612701 0.464564 0.656976 0.559390 0.577717 0.687138 0.349967 0.000000 0.548857 0.526595 0.965069 0.917125 0.977276 0.913170 0.743074 0.726748 0.925047 0.920776 0.406334 0.337650 0.817311 0.759546 0.590163 0.612131 0.889827 0.904449 0.943950 0.901795 0.858256 0.986659 0.867025 0.908190 0.992410 0.669435 0.746741 0.668147 0.778051 0.790302 0.824506 0.792076 0.804138 0.976562 0.903786 0.838420 0.902573 0.843004 0.399181 0.482729 0.866078 0.961674 0.616651 0.716193 0.368357 0.396658 0.789225 0.848675 0.860273 0.941501 0.913057 0.480787 0.949362 0.931354 0.575772 0.658370 0.972592 0.891795 0.854626 0.937200 0.591322 0.607771 0.398867 0.447144 0.593691 0.603063 0.885975 0.875981 0.874908 0.749514 0.846488 0.939046 0.650346 0.563262 0.567987 0.600277 0.835541 0.933287 0.889992 0.885043 0.993325 0.934323 0.965091 0.812658 0.734611 0.895078 0.927399 0.815120 0.968450 0.754990 0.986590 0.682929 0.825105 0.839068 0.949239 0.812240 0.867383 0.946135
0.496011 0.582636 0.847425 0.979194 0.790293 0.980273 0.705510 0.810389 0.998763 0.717272 0.638992 0.709701 0.661326 0.832166 0.697829 0.835737 0.542581 0.548857 0.000000 0.550833 0.931089 0.923596 0.760461 0.934566 0.966508 0.920808 0.960223 0.992104 0.567681 0.622810 0.688787 0.833294 0.526629 0.574508 0.881638 0.897837 0.779428 0.981310 0.951013 0.973639 0.896432 0.810417 0.810820 0.690671 0.795017 0.698422 0.605336 0.724111 0.788632 0.700961 0.755851 0.794273 0.892128 0.923345 0.768178 0.982718 0.494190 0.581394 0.726973 0.934039 0.615691 0.764117 0.517359 0.661635 0.936992 0.942534 0.857109 0.817990 0.847099 0.723866 0.924797 0.899483 0.779083 0.737922 0.969859 0.954221 0.797815 0.876545 0.745031 0.799704 0.526016 0.558734 0.741571 0.650041 0.719419 0.776255 0.878015 0.794056 0.923971 0.855876 0.991454 0.947846 0.931124 0.871556 0.920766 0.852477 0.821099 0.839397 0.755152 0.757955 0.742727 0.950243 0.756051 0.792322 0.897777 0.960888 0.958459 0.870571 0.842380 0.863329 0.812906 0.834456 0.887655 0.904624 0.823264 0.976467
0.659866 0.636434 0.952391 0.958241 0.818825 0.847425 0.835140 0.684440 0.850451 0.770694 0.623974 0.490574 0.592883 0.618229 0.780061 0.760663 0.581905 0.526595 0.550833 0.000000 0.986383 0.969348 0.862588 0.944970 0.851866 0.775493 0.940853 0.814037 0.595083 0.576873 0.909947 0.840960 0.578591 0.568650 0.958816 0.892051 0.969493 0.899803 0.852652 0.988327 0.965935 0.894563 0.991068 0.785099 0.943422 0.888722 0.891308 0.833479 0.905339 0.915652 0.929734 0.943114 0.849489 0.839642 0.980281 0.899646 0.649260 0.528399 0.731431 0.709571 0.579806 0.552732 0.535393 0.515289 0.921964 0.900156 0.969933 0.832953 0.950031 0.685143 0.934040 0.873250 0.771214 0.845708 0.907161 0.936729 0.739923 0.793049 0.675221 0.640430 0.489936 0.578985 0.806961 0.770980 0.848680 0.954826 0.860381 0.941075 0.886835 0.875416 0.843112 0.708603 0.832047 0.689769 0.861046 0.863441 0.831574 0.940702 0.894437 0.866685 0.816987 0.859498 0.670943 0.922760 0.739915 0.915093 0.912822 0.885100 0.957788 0.698860 0.663587 0.915828 0.929670 0.865930 0.787694 0.988283
0.903466 0.878057 0.781041 0.760918 0.849210 0.818162 0.838606 0.993436 0.916012 0.833338 0.799446 0.842832 0.980827 0.839674 0.922383 0.878252 0.918175 0.965069 0.931089 0.986383 0.000000 0.894692 0.912704 0.874058 0.837342 0.689698 0.912828 0.885534 0.902882 0.876309 0.937711 0.977815 0.951350 0.947540 0.857573 0.938053 0.835582 0.973652 0.807382 0.938689 0.965071 0.911537 0.970568 0.940698 0.847780 0.770522 0.960593 0.895156 0.803610 0.795572 0.875241 0.859601 0.750446 0.817044 0.962687 0.872484 0.922334 0.848243 0.982814 0.954240 0.944250 0.855482 0.909424 0.824176 0.806087 0.783878 0.758256 0.767481 0.968158 0.940156 0.939350 0.984748 0.925943 0.943310 0.957301 0.856008 0.919244 0.880658 0.951637 0.862434 0.925479 0.927469 0.854012 0.854491 0.909245 0.772350 0.811221 0.890473 0.932580 0.995417 0.927909 0.963808 0.941678 0.904882 0.958642 0.921628 0.983001 0.953593 0.952325 0.981748 0.832813 0.887738 0.872413 0.894000 0.802688 0.919102 0.903458 0.988068 0.923831 0.997041 0.943689 0.918807 0.944521 0.897744 0.964193 0.998193
0.915708 0.919358 0.850552 0.844153 0.773765 0.970630 0.939026 0.958187 0.959534 0.966620 0.994830 0.956011 0.916353 0.950670 0.920207 0.935830 0.954983 0.917125 0.923596 0.969348 0.894692 0.000000 0.997750 0.976403 0.827431 0.845671 0.871334 0.845911 0.900491 0.982048 0.948939 0.951683 0.893502 0.900249 0.821260 0.883950 0.866481 0.856139 0.913828 0.945934 0.944718 0.888506 0.717230 0.854745 0.945804 0.962053 0.810642 0.897001 0.924980 0.909522 0.838216 0.890478 0.864978 0.966407 0.944332 0.783107 0.908778 0.953064 0.930524 0.981062 0.971179 0.938954 0.986142 0.960386 0.838167 0.900139 0.837115 0.813732 0.981814 0.959739 0.950431 0.930859 0.903913 0.871919 0.991498 0.904745 0.945540 0.911859 0.999714 0.910379 0.970654 0.979960 0.967579 0.996855 0.984911 0.920049 0.738736 0.871526 0.949254 0.994056 0.928084 0.944897 0.833485 0.796321 0.932420 0.927169 0.877370 0.988184 0.838095 0.947781 0.839144 0.750012 0.921866 0.700287 0.972910 0.860128 0.870305 0.909424 0.979946 0.831432 0.981266 0.870743 0.952268 0.878847 0.941586 0.936781
0.942122 0.828119 0.747247 0.772597 0.801500 0.855308 0.703321 0.789399 0.732877 0.806543 0.957411 0.948907 0.695889 0.899697 0.680842 0.702631 0.974093 0.977276 0.760461 0.862588 0.912704 0.997750 0.000000 0.492441 0.761048 0.829451 0.983516 0.941983 0.988804 0.963798 0.611081 0.778739 0.658028 0.779542 0.825340 0.992521 0.562158 0.789386 0.961647 0.915464 0.931031 0.913774 0.725336 0.824112 0.748971 0.718218 0.660324 0.681591 0.810024 0.646388 0.713328 0.664207 0.828716 0.860404 0.852024 0.883348 0.767591 0.791192 0.908577 0.992989 0.722424 0.866628 0.778017 0.861311 0.698224 0.804793 0.833398 0.781837 0.937909 0.971351 0.988770 0.814834 0.853661 0.857160 0.937492 0.948514 0.882200 0.865916 0.844125 0.927591 0.710292 0.657925 0.642132 0.664127 0.432305 0.582797 0.884607 0.666284 0.865322 0.713527 0.897908 0.913944 0.852670 0.985338 0.982155 0.783867 0.836212 0.835469 0.698009 0.696111 0.647069 0.991016 0.948976 0.995574 0.696525 0.771438 0.905961 0.941364 0.867467 0.940268 0.927212 0.883720 0.930303 0.739745 0.723814 0.963498
0.976704 0.942076 0.782234 0.643181 0.922940 0.827438 0.862898 0.796069 0.970100 0.876972 0.834702 0.986853 0.915942 0.898535 0.901642 0.696899 0.890216 0.913170 0.934566 0.944970 0.874058 0.976403 0.492441 0.000000 0.684755 0.745700 0.765743 0.883865 0.868770 0.893902 0.755600 0.759323 0.860299 0.836301 0.908332 0.854062 0.661347 0.725737 0.884406 0.912673 0.944731 0.842309 0.838410 0.903648 0.940063 0.883715 0.721003 0.747088 0.996339 0.881148 0.791928 0.825260 0.991785 0.994300 0.814008 0.833669 0.981960 0.970663 0.919017 0.961158 0.967346 0.929158 0.967221 0.981484 0.656511 0.627448 0.691499 0.630721 0.787878 0.909493 0.874138 0.698724 0.732662 0.783488 0.994339 0.803068 0.901125 0.887561 0.889758 0.869141 0.837410 0.787546 0.798306 0.859618 0.545952 0.479491 0.965508 0.742737 0.991740 0.773236 0.809225 0.837731 0.798405 0.802458 0.915994 0.889907 0.922532 0.877879 0.868669 0.882139 0.637123 0.951371 0.972655 0.952561 0.682153 0.715964 0.971916 0.866808 0.888047 0.946584 0.945178 0.936494 0.918186 0.885797 0.816183 0.730285
0.931574 0.999370 0.500635 0.556052 0.931378 0.906022 0.607002 0.805358 0.847883 0.837192 0.894103 0.706427 0.989939 0.894424 0.914831 0.939725 0.792707 0.743074 0.966508 0.851866 0.837342 0.827431 0.761048 0.684755 0.000000 0.525450 0.774800 0.828722 0.716783 0.719783 0.764218 0.983129 0.904169 0.891279 0.649356 0.883684 0.701209 0.813926 0.714791 0.784105 0.918633 0.989937 0.531362 0.736446 0.945190 0.934182 0.715870 0.692779 0.988979 0.842013 0.785046 0.773240 0.874287 0.937934 0.896307 0.709297 0.853860 0.829886 0.847316 0.890954 0.965471 0.913827 0.752274 0.627985 0.438599 0.579251 0.535667 0.616026 0.785533 0.800831 0.847732 0.862812 0.873585 0.884385 0.838095 0.952996 0.863592 0.924842 0.914485 0.936855 0.950023 0.979363 0.924675 0.998664 0.646155 0.595589 0.816320 0.918802 0.779873 0.738979 0.659499 0.645979 0.619317 0.545109 0.969518 0.829837 0.947663 0.963132 0.851883 0.872358 0.676142 0.879994 0.914122 0.921082 0.787461 0.789347 0.924876 0.906178 0.949051 0.874145 0.937579 0.995944 0.926212 0.841567 0.844723 0.804995
0.935406 0.933313 0.603009 0.581412 0.936868 0.812805 0.670767 0.903511 0.817764 0.759568 0.988822 0.670166 0.918478 0.735094 0.804600 0.877907 0.759930 0.726748 0.920808 0.775493 0.689698 0.845671 0.829451 0.745700 0.525450 0.000000 0.823283 0.718555 0.714710 0.668707 0.798486 0.929610 0.912137 0.930625 0.821205 0.867481 0.697397 0.900886 0.641800 0.802899 0.869015 0.896726 0.758702 0.931037 0.995082 0.923431 0.815779 0.909582 0.956498 0.961544 0.867728 0.916960 0.911322 0.942613 0.863447 0.766383 0.879428 0.763307 0.985123 0.932085 0.923937 0.757841 0.756875 0.593645 0.546614 0.693024 0.563547 0.670274 0.846026 0.676178 0.702716 0.819586 0.870946 0.931375 0.794985 0.943770 0.964519 0.873939 0.805688 0.867538 0.827367 0.899349 0.896156 0.908979 0.773490 0.618358 0.737600 0.915306 0.904690 0.817078 0.688245 0.568480 0.622298 0.572691 0.952108 0.978229 0.903948 0.895672 0.820236 0.822855 0.765893 0.880370 0.740351 0.941048 0.875633 0.807596 0.939277 0.862798 0.937002 0.904775 0.846841 0.932242 0.976084 0.832513 0.850694 0.857572
0.935901 0.883142 0.989736 0.936002 0.969255 0.856290 0.944289 0.892148 0.911065 0.762051 0.933179 0.862652 0.833667 0.857594 0.840888 0.969461 0.967855 0.925047 0.960223 0.940853 0.912828 0.871334 0.983516 0.765743 0.774800 0.823283 0.000000 0.953763 0.831771 0.895503 0.943002 0.914322 0.865047 0.912278 0.943667 0.899285 0.947365 0.840451 0.709278 0.917837 0.855009 0.921633 0.959447 0.999968 0.959604 0.978651 0.922979 0.994853 0.970456 0.985853 0.942004 0.824606 0.936767 0.953488 0.913874 0.895598 0.906569 0.823637 0.831822 0.882797 0.802323 0.883477 0.837323 0.803602 0.929909 0.869875 0.962593 0.937587 0.981377 0.984219 0.903302 0.875883 0.940322 0.995525 0.940004 0.813547 0.944898 0.986513 0.938502 0.824148 0.961499 0.976891 0.958051 0.982249 0.952335 0.790427 0.875505 0.975683 0.783309 0.989293 0.920636 0.868723 0.939719 0.804034 0.836952 0.828706 0.999200 0.868218 0.955540 0.950191 0.829516 0.866953 0.994693 0.948792 0.957076 0.927131 0.998570 0.992285 0.918765 0.972726 0.897539 0.869321 0.988565 0.972490 0.868282 0.793342
0.995047 0.922343 0.912205 0.781773 0.968091 0.849601 0.992659 0.953501 0.938146 0.807512 0.831463 0.916756 0.900725 0.975706 0.948018 0.943397 0.845017 0.920776 0.992104 0.814037 0.885534 0.845911 0.941983 0.883865 0.828722 0.718555 0.953763 0.000000 0.924436 0.865550 0.948940 0.937489 0.997259 0.990541 0.770468 0.937176 0.858383 0.865557 0.846184 0.916973 0.890359 0.985520 0.759550 0.922233 0.887155 0.952961 0.795659 0.875197 0.955760 0.960260 0.894924 0.863935 0.871874 0.913877 0.904009 0.775375 0.967397 0.961642 0.869244 0.907364 0.897998 0.938079 0.939352 0.894528 0.772131 0.837806 0.690821 0.795845 0.836777 0.975035 0.756288 0.740290 0.985286 0.998345 0.923713 0.976862 0.891119 0.915281 0.926303 0.988207 0.909396 0.959300 0.949770 0.969509 0.927183 0.715531 0.969205 0.883701 0.969470 0.876871 0.836880 0.838799 0.826397 0.833274 0.933034 0.990794 0.968148 0.888536 0.808781 0.986060 0.792776 0.787418 0.927728 0.946623 0.999255 0.881992 0.985661 0.855694 0.910424 0.928150 0.957997 0.977222 0.946629 0.925542 0.948764 0.975396
0.669521 0.572479 0.761964 0.675061 0.881699 0.917812 0.915414 0.975594 0.839071 0.608568 0.660939 0.504275 0.682233 0.602601 0.569453 0.698312 0.386498 0.406334 0.567681 0.595083 0.902882 0.900491 0.988804 0.868770 0.716783 0.714710 0.831771 0.924436 0.000000 0.338082 0.701987 0.724901 0.596769 0.625559 0.903606 0.777298 0.989950 0.985563 0.658360 0.896794 0.874519 0.886367 0.926063 0.646241 0.619230 0.547367 0.725447 0.738092 0.680016 0.716767 0.710806 0.899180 0.769291 0.698370 0.928029 0.886072 0.493853 0.563299 0.929141 0.875499 0.677708 0.750540 0.422036 0.426202 0.711664 0.715907 0.841772 0.906022 0.946099 0.503024 0.932473 0.998470 0.564097 0.603438 0.911901 0.832171 0.924082 0.924970 0.682226 0.704993 0.472923 0.595174 0.646569 0.654685 0.989431 0.974356 0.915420 0.744025 0.807182 0.850588 0.625356 0.594959 0.585910 0.580346 0.925098 0.932797 0.961191 0.860986 0.942378 0.956702 0.997867 0.909203 0.667899 0.833642 0.861144 0.769053 0.866025 0.707592 0.922787 0.701962 0.814746 0.745029 0.845192 0.748602 0.903926 0.837879
0.694786 0.610149 0.683633 0.637447 0.756430 0.929278 0.875656 0.919620 0.807260 0.693306 0.686564 0.480632 0.678312 0.500043 0.512587 0.630225 0.361475 0.337650 0.622810 0.576873 0.876309 0.982048 0.963798 0.893902 0.719783 0.668707 0.895503 0.865550 0.338082 0.000000 0.711402 0.683452 0.599790 0.688772 0.917093 0.851025 0.974599 0.972566 0.744378 0.899389 0.891166 0.929257 0.948239 0.654913 0.621477 0.555418 0.787944 0.742146 0.668658 0.708572 0.746409 0.994961 0.800041 0.690061 0.922211 0.843242 0.471821 0.544556 0.995218 0.814483 0.679368 0.769249 0.383904 0.407988 0.672043 0.690335 0.752919 0.816849 0.933742 0.518433 0.949956 0.931648 0.589430 0.641153 0.961960 0.820764 0.996145 0.918771 0.583976 0.590136 0.419086 0.462316 0.519185 0.545522 0.923693 0.927792 0.827965 0.656486 0.803286 0.835447 0.584959 0.540378 0.506036 0.538952 0.849055 0.969873 0.993814 0.886305 0.992173 0.978242 0.911956 0.867325 0.710752 0.856040 0.816942 0.753119 0.855265 0.659379 0.926409 0.782583 0.847825 0.853144 0.908929 0.705236 0.949089 0.852696
0.869069 0.789257 0.912519 0.994729 0.763611 0.859476 0.882657 0.986030 0.910645 0.738170 0.811981 0.957167 0.788969 0.797860 0.671817 0.723102 0.762108 0.817311 0.688787 0.909947 0.937711 0.948939 0.611081 0.755600 0.764218 0.798486 0.943002 0.948940 0.701987 0.711402 0.000000 0.611384 0.574039 0.728695 0.836017 0.996069 0.682055 0.861024 0.940651 0.927738 0.991340 0.971657 0.672675 0.643219 0.519316 0.569053 0.574717 0.566646 0.610201 0.696029 0.634994 0.807644 0.706699 0.626325 0.803434 0.872266 0.721017 0.818169 0.906349 0.813898 0.810046 0.988850 0.721262 0.860643 0.957911 0.962597 0.876825 0.891482 0.845649 0.815266 0.888313 0.862953 0.836654 0.811334 0.939237 0.911394 0.995038 0.886861 0.870475 0.799028 0.682208 0.662696 0.615154 0.625573 0.686463 0.658647 0.977502 0.622837 0.985250 0.955895 0.912822 0.917840 0.944473 0.904782 0.983138 0.886786 0.979399 0.899514 0.779616 0.941533 0.852465 0.964075 0.916955 0.977031 0.978149 0.915976 0.825956 0.865533 0.986918 0.868108 0.964799 0.755523 0.916325 0.841278 0.929797 0.897230
0.963502 0.901597 0.967207 0.937911 0.945231 0.989605 0.914189 0.963543 0.815840 0.920947 0.969944 0.824275 0.822639 0.668911 0.617236 0.663899 0.783305 0.759546 0.833294 0.840960 0.977815 0.951683 0.778739 0.759323 0.983129 0.929610 0.914322 0.937489 0.724901 0.683452 0.611384 0.000000 0.695894 0.776776 0.972649 0.981228 0.958995 0.777323 0.883986 0.803083 0.974367 0.763191 0.803318 0.730755 0.666266 0.715611 0.660377 0.685538 0.863858 0.875454 0.849930 0.913355 0.913314 0.859648 0.840372 0.897827 0.801977 0.849284 0.822220 0.878577 0.929543 0.950820 0.758742 0.761879 0.954529 0.989761 0.933250 0.885506 0.937368 0.811555 0.957919 0.710613 0.916202 0.818960 0.851510 0.903098 0.978067 0.929675 0.732966 0.619562 0.714679 0.671506 0.629877 0.685611 0.832730 0.741443 0.819699 0.675090 0.805794 0.976097 0.821276 0.816335 0.761668 0.927162 0.928462 0.909302 0.979742 0.769094 0.862247 0.970485 0.838135 0.917447 0.843580 0.933413 0.907649 0.976112 0.884237 0.932579 0.904467 0.881525 0.902725 0.680180 0.933336 0.844937 0.992542 0.912384
0.675953 0.496280 0.787020 0.845779 0.815570 0.944317 0.678904 0.709239 0.928768 0.685175 0.790681 0.668266 0.632006 0.656199 0.609667 0.713329 0.587524 0.590163 0.526629 0.578591 0.951350 0.893502 0.658028 0.860299 0.904169 0.912137 0.865047 0.997259 0.596769 0.599790 0.574039 0.695894 0.000000 0.537535 0.820051 0.914289 0.829587 0.965271 0.918772 0.962574 0.956220 0.794974 0.661241 0.491543 0.654251 0.602665 0.569161 0.521270 0.747926 0.691652 0.638031 0.642331 0.742110 0.815312 0.848090 0.955894 0.513234 0.513632 0.688533 0.906869 0.512596 0.691660 0.505457 0.579168 0.842069 0.901971 0.787414 0.756011 0.967046 0.813221 0.907550 0.826276 0.899859 0.918736 0.876560 0.992049 0.764634 0.814298 0.742641 0.723281 0.454343 0.527314 0.605043 0.575996 0.641081 0.702768 0.984884 0.779929 0.957748 0.779451 0.943660 0.900381 0.942615 0.910637 0.808613 0.797308 0.903053 0.906770 0.653460 0.731606 0.740928 0.957223 0.781435 0.798901 0.779364 0.962478 0.780345 0.896785 0.951252 0.763249 0.797390 0.831838 0.882495 0.835289 0.661019 0.933363
0.575249 0.544394 0.787963 0.738127 0.901277 0.880788 0.707511 0.536873 0.897459 0.780255 0.640083 0.606614 0.693409 0.634221 0.808961 0.775068 0.665745 0.612131 0.574508 0.568650 0.947540 0.900249 0.779542 0.836301 0.891279 0.930625 0.912278 0.990541 0.625559 0.688772 0.728695 0.776776 0.537535 0.000000 0.791635 0.989509 0.841153 0.959425 0.981483 0.787377 0.899832 0.834872 0.721636 0.559988 0.838948 0.743351 0.617847 0.589126 0.946257 0.838789 0.696142 0.700263 0.913915 0.979743 0.969265 0.929943 0.646317 0.645836 0.685536 0.745191 0.589465 0.556227 0.597005 0.592623 0.820420 0.723788 0.666425 0.599219 0.894737 0.746406 0.882676 0.783985 0.809605 0.801232 0.925587 0.970608 0.757494 0.709384 0.722599 0.752997 0.533221 0.621871 0.828111 0.743135 0.733382 0.725841 0.871127 0.968188 0.967034 0.752697 0.947002 0.846176 0.953036 0.937225 0.863060 0.662722 0.838592 0.989077 0.647881 0.686622 0.699151 0.938257 0.665627 0.800334 0.722587 0.948734 0.994417 0.986548 0.870958 0.730363 0.780066 0.762846 0.903957 0.947004 0.669108 0.907993
0.886045 0.915744 0.659398 0.650127 0.978277 0.880210 0.708265 0.719672 0.892410 0.969140 0.995857 0.992310 0.884521 0.937742 0.982526 0.954116 0.941282 0.889827 0.881638 0.958816 0.857573 0.821260 0.825340 0.908332 0.649356 0.821205 0.943667 0.770468 0.903606 0.917093 0.836017 0.972649 0.820051 0.791635 0.000000 0.868327 0.693527 0.896696 0.833874 0.881325 0.977394 0.931863 0.636548 0.758398 0.911188 0.887942 0.745712 0.731036 0.949114 0.795160 0.760439 0.637449 0.854585 0.946385 0.829583 0.718528 0.965436 0.938154 0.791191 0.796450 0.837788 0.806965 0.971548 0.926844 0.661563 0.715690 0.674039 0.675391 0.878672 0.854902 0.810675 0.855419 0.860700 0.908352 0.997839 0.985166 0.782176 0.727649 0.929192 0.972710 0.963517 0.966138 0.996257 0.897353 0.769928 0.807079 0.844900 0.940675 0.863543 0.774831 0.755608 0.833559 0.713234 0.793383 0.829868 0.730519 0.927593 0.887056 0.685202 0.936775 0.913035 0.744003 0.926196 0.874387 0.797264 0.843847 0.869889 0.943700 0.859894 0.987243 0.989463 0.869298 0.888962 0.879536 0.898368 0.913230
0.915399 0.875683 0.888126 0.817446 0.873739 0.892997 0.989222 0.922774 0.989317 0.911459 0.947789 0.917175 0.911899 0.935756 0.812696 0.845283 0.892311 0.904449 0.897837 0.892051 0.938053 0.883950 0.992521 0.854062 0.883684 0.867481 0.899285 0.937176 0.777298 0.851025 0.996069 0.981228 0.914289 0.989509 0.868327 0.000000 0.800129 0.997086 0.881370 0.876254 0.908508 0.955653 0.997429 0.985959 0.964807 0.998626 0.932339 0.960488 0.993581 0.996893 0.938079 0.940708 0.931994 0.918213 0.833388 0.863413 0.946724 0.853131 0.917683 0.998203 0.953871 0.973590 0.864257 0.845234 0.879371 0.915262 0.945297 0.902404 0.883442 0.869420 0.779227 0.954473 0.902686 0.898842 0.811067 0.949804 0.920206 0.895895 0.880305 0.989866 0.922020 0.963165 0.923831 0.945807 0.957374 0.895065 0.979730 0.967369 0.856610 0.785803 0.844053 0.927235 0.806814 0.861519 0.850319 0.937632 0.924060 0.945883 0.954086 0.972614 0.921415 0.812056 0.948336 0.945584 0.956514 0.978120 0.905406 0.941591 0.947294 0.918742 0.894247 0.993506 0.962694 0.996918 0.988093 0.856710
0.922611 0.895532 0.779896 0.774604 0.805139 0.706166 0.817088 0.900195 0.805267 0.940959 0.963347 0.954507 0.858309 0.987720 0.920232 0.879433 0.985435 0.943950 0.779428 0.969493 0.835582 0.866481 0.562158 0.661347 0.701209 0.697397 0.947365 0.858383 0.989950 0.974599 0.682055 0.958995 0.829587 0.841153 0.693527 0.800129 0.000000 0.667140 0.920633 0.976769 0.970897 0.850956 0.689845 0.808807 0.735627 0.749727 0.731384 0.714704 0.756154 0.660131 0.679145 0.672643 0.750904 0.708978 0.784979 0.778915 0.912615 0.928776 0.982120 0.916790 0.890715 0.978723 0.955672 0.940718 0.718819 0.892912 0.782092 0.747500 0.858339 0.936909 0.711871 0.822108 0.886279 0.961350 0.929621 0.999275 0.971352 0.762921 0.953072 0.973175 0.936827 0.885825 0.879295 0.821685 0.726605 0.717687 0.954715 0.874429 0.971824 0.896980 0.822761 0.830464 0.703136 0.879826 0.958184 0.973463 0.915795 0.863770 0.698689 0.760529 0.776394 0.862619 0.900594 0.952950 0.836739 0.822617 0.771610 0.953101 0.938920 0.963827 0.972697 0.859405 0.976165 0.812427 0.717935 0.952867
0.793054 0.972962 0.960101 0.860559 0.905801 0.982879 0.898470 0.986028 0.973590 0.994775 0.818959 0.945695 0.891752 0.942511 0.954175 0.861115 0.911966 0.901795 0.981310 0.899803 0.973652 0.856139 0.789386 0.725737 0.813926 0.900886 0.840451 0.865557 0.985563 0.972566 0.861024 0.777323 0.965271 0.959425 0.896696 0.997086 0.667140 0.000000 0.955132 0.985095 0.916337 0.786203 0.688641 0.731517 0.708483 0.718378 0.737720 0.718769 0.826737 0.798059 0.756699 0.807129 0.795503 0.756769 0.941918 0.887642 0.878634 0.843781 0.824475 0.807196 0.859041 0.948064 0.915444 0.909457 0.834375 0.894183 0.814197 0.797068 0.834392 0.965455 0.841647 0.701975 0.918947 0.911727 0.943748 0.979864 0.936616 0.994860 0.828398 0.964394 0.959843 0.982798 0.908275 0.881463 0.983060 0.805727 0.993748 0.917427 0.806400 0.960193 0.979972 0.915685 0.878115 0.859628 0.840286 0.910049 0.950082 0.842509 0.863912 0.957706 0.857552 0.941075 0.882879 0.844158 0.894377 0.824665 0.855491 0.955657 0.883931 0.995671 0.984479 0.823115 0.988486 0.854016 0.835078 0.848578
