0.000000 0.395702 0.846561 0.691920 0.842577 0.533682 0.563033 0.434762 0.762762 0.768497 0.397034 0.343073 0.533905 0.456154 0.899061 0.557639 0.385279 0.369401 0.419035 0.387839 0.945549 0.948150 0.907329 0.844474 0.976295 0.854603 0.991172 0.930620 0.528799 0.457544 0.690748 0.577497 0.455219 0.463422 0.794832 0.923481 0.720066 0.825648 0.963865 0.908849 0.873776 0.888103 0.513080 0.465142 0.481524 0.491641 0.562819 0.580715 0.713433 0.615966 0.759315 0.809546 0.925176 0.895432 0.907763 0.793620 0.332939 0.499795 0.499737 0.886012 0.487725 0.618279 0.402195 0.438990 0.997166 0.710254 0.557272 0.595595 0.788922 0.669312 0.688769 0.667350 0.800780 0.651741 0.925257 0.737497 0.605070 0.769998 0.724165 0.613847 0.429766 0.500274 0.642909 0.747012 0.843929 0.829858 0.995018 0.909607 0.936247 0.926940 0.575507 0.814256 0.658286 0.854023 0.774371 0.757025 0.729027 0.780675 0.432015 0.464295 0.605937 0.642736 0.528486 0.586505 0.720478 0.822206 0.909829 0.901684 0.944220 0.927374 0.911572 0.688000 0.725683 0.873507 0.805037 0.992610
0.395702 0.000000 0.867749 0.955974 0.982611 0.713267 0.832158 0.618890 0.938143 0.790361 0.704071 0.417305 0.888206 0.704616 0.884889 0.697273 0.304879 0.306414 0.693063 0.566582 0.971447 0.944053 0.846433 0.947540 0.969470 0.946155 0.974195 0.925467 0.532162 0.342464 0.902978 0.716997 0.663757 0.669846 0.834475 0.997474 0.824343 0.879221 0.872088 0.756494 0.859080 0.848145 0.676998 0.584553 0.522411 0.433341 0.798378 0.711953 0.500161 0.556166 0.641069 0.755631 0.965232 0.926432 0.962899 0.813913 0.232867 0.248352 0.765260 0.806974 0.785510 0.511264 0.666000 0.378401 0.756748 0.815928 0.820881 0.761909 0.661793 0.615193 0.894685 0.880690 0.815964 0.743955 0.789779 0.785652 0.786161 0.830459 0.600405 0.509698 0.284440 0.450209 0.633268 0.596711 0.916283 0.893811 0.850671 0.957243 0.994350 0.928349 0.835550 0.933072 0.862847 0.888461 0.706361 0.887204 0.633091 0.885114 0.582297 0.669048 0.789399 0.870268 0.615730 0.771860 0.866917 0.996652 0.969922 0.924224 0.974278 0.844484 0.765465 0.623270 0.847031 0.860931 0.729553 0.900240
0.846561 0.867749 0.000000 0.271399 0.836205 0.872810 0.293206 0.433602 0.696012 0.739600 0.543213 0.896094 0.391535 0.459769 0.473760 0.576526 0.861093 0.993846 0.421420 0.618618 0.907923 0.984631 0.320514 0.481592 0.698948 0.500283 0.957475 0.921596 0.831362 0.962111 0.362640 0.435686 0.480568 0.461630 0.582693 0.723541 0.780123 0.995768 0.782433 0.941363 0.941183 0.720205 0.542851 0.627431 0.738342 0.846494 0.599301 0.580029 0.856768 0.950558 0.945242 0.956513 0.952052 0.869939 0.767006 0.996672 0.897253 0.745309 0.617560 0.937276 0.471854 0.958100 0.643299 0.801564 0.346968 0.511113 0.388940 0.464552 0.717528 0.829095 0.568336 0.540570 0.981837 0.832449 0.958103 0.815704 0.635939 0.653618 0.922492 0.901565 0.800575 0.972086 0.817387 0.782717 0.496067 0.633043 0.681917 0.812819 0.908582 0.971986 0.535984 0.561679 0.647128 0.633367 0.874384 0.901098 0.978706 0.958272 0.683820 0.577338 0.632241 0.576719 0.887224 0.813104 0.733651 0.777428 0.961635 0.710464 0.817698 0.825256 0.935626 0.927222 0.793406 0.998028 0.998874 0.808946
0.691920 0.955974 0.271399 0.000000 0.948643 0.747725 0.263337 0.314106 0.737698 0.759857 0.422731 0.718838 0.368303 0.331918 0.561088 0.551840 0.981839 0.815685 0.308516 0.451964 0.998236 0.980958 0.349777 0.357657 0.653679 0.519774 0.961201 0.816576 0.707365 0.802768 0.334918 0.355054 0.382960 0.368869 0.584153 0.707267 0.780964 0.994405 0.748600 0.935438 0.946284 0.742911 0.470460 0.539062 0.680693 0.778189 0.494316 0.504669 0.873631 0.987528 0.907683 0.939472 0.946123 0.888619 0.751749 0.903621 0.907774 0.876848 0.607308 0.918586 0.437549 0.916251 0.524165 0.947852 0.435216 0.421563 0.341717 0.369786 0.809500 0.859400 0.560547 0.553152 0.916859 0.761278 0.883511 0.800087 0.600554 0.641465 0.890617 0.845146 0.984031 0.834275 0.731967 0.901420 0.494369 0.545457 0.754969 0.777801 0.840071 0.840730 0.519768 0.614300 0.613962 0.703557 0.899916 0.790781 0.955178 0.875241 0.603215 0.482413 0.527372 0.479681 0.806303 0.684752 0.653189 0.747717 0.946188 0.799010 0.793744 0.798587 0.907687 0.894701 0.749961 0.931183 0.983083 0.777771
0.842577 0.982611 0.836205 0.948643 0.000000 0.892748 0.832529 0.875692 0.777071 0.757778 0.875309 0.832125 0.757442 0.825294 0.748909 0.710752 0.981541 0.931003 0.837855 0.842025 0.825055 0.955795 0.797241 0.989161 0.970911 0.953776 0.989837 0.988473 0.972423 0.900352 0.865958 0.850599 0.829787 0.789602 0.907461 0.834507 0.842536 0.897573 0.970241 0.893741 0.879321 0.999939 0.792356 0.806055 0.787599 0.805565 0.825113 0.787810 0.934666 0.920933 0.788245 0.720086 0.683253 0.698220 0.942171 0.961272 0.991434 0.998290 0.725358 0.943768 0.736959 0.974414 0.798935 0.882641 0.846074 0.931009 0.766473 0.823700 0.873585 0.868240 0.838256 0.770054 0.891239 0.881030 0.896897 0.903167 0.878734 0.939009 0.944555 0.923083 0.906699 0.949263 0.858611 0.994751 0.879622 0.978946 0.973174 0.909856 0.849681 0.818020 0.686407 0.699242 0.715922 0.696535 0.998415 0.994141 0.941279 0.972543 0.781708 0.912300 0.920485 0.902943 0.766741 0.702203 0.935949 0.678673 0.752666 0.793698 0.959969 0.972975 0.996689 0.823501 0.816789 0.824147 0.825759 0.970974
0.533682 0.713267 0.872810 0.747725 0.892748 0.000000 0.648616 0.576894 0.658273 0.666062 0.552735 0.529508 0.639143 0.657884 0.852890 0.551164 0.655036 0.570333 0.572669 0.601822 0.846078 0.919799 0.847036 0.791108 0.962447 0.799316 0.962853 0.794607 0.770503 0.620798 0.726032 0.642563 0.627988 0.552062 0.880969 0.957919 0.843803 0.872574 0.874108 0.952106 0.876515 0.904490 0.598780 0.612627 0.645916 0.637603 0.749000 0.694147 0.935785 0.864088 0.925868 0.933429 0.992387 0.865576 0.915865 0.976349 0.586373 0.822469 0.781051 0.959235 0.597787 0.720610 0.644594 0.681925 0.932699 0.705779 0.642095 0.602004 0.971809 0.978250 0.750049 0.709255 0.847504 0.713997 0.952667 0.806753 0.688353 0.718786 0.628684 0.706943 0.676593 0.676446 0.960153 0.927181 0.883840 0.873959 0.941851 0.887663 0.949870 0.980505 0.646981 0.813550 0.667658 0.749994 0.961286 0.988020 0.744721 0.786335 0.543800 0.694073 0.607311 0.642236 0.650311 0.624755 0.900039 0.883277 0.769304 0.956628 0.896517 0.897485 0.996040 0.770511 0.942234 0.850021 0.992578 0.811708
0.563033 0.832158 0.293206 0.263337 0.832529 0.648616 0.000000 0.227669 0.600782 0.523058 0.349212 0.580488 0.325106 0.302245 0.502022 0.408022 0.817663 0.647630 0.262900 0.430010 0.911111 0.875366 0.359112 0.505174 0.841256 0.562504 0.966062 0.935209 0.609961 0.624889 0.373228 0.337198 0.316794 0.294732 0.681502 0.717976 0.670483 0.922861 0.788434 0.999457 0.990315 0.833018 0.397042 0.479413 0.457958 0.576621 0.516063 0.443259 0.978248 0.828292 0.758097 0.739122 0.802410 0.689406 0.827804 0.875397 0.793255 0.977671 0.497590 0.874332 0.308826 0.799010 0.450236 0.854955 0.509890 0.425252 0.286505 0.326614 0.813138 0.978321 0.461356 0.450029 0.878573 0.723449 0.954429 0.778977 0.498149 0.569813 0.813220 0.708378 0.881090 0.792261 0.729824 0.981199 0.542707 0.641143 0.804010 0.869314 0.939175 0.930527 0.370897 0.494966 0.500187 0.567317 0.776473 0.753732 0.841500 0.889832 0.451634 0.396232 0.477749 0.451979 0.709271 0.650097 0.705906 0.667843 0.922504 0.774377 0.837233 0.883950 0.874772 0.775090 0.647874 0.939987 0.900789 0.900778
0.434762 0.618890 0.433602 0.314106 0.875692 0.576894 0.227669 0.000000 0.578339 0.529528 0.308446 0.426472 0.400182 0.290021 0.669644 0.452612 0.623292 0.493781 0.242498 0.316581 0.991853 0.888721 0.524580 0.567555 0.871266 0.594591 0.905776 0.927031 0.477861 0.491023 0.413647 0.345082 0.273308 0.289105 0.778325 0.811166 0.632570 0.918035 0.785281 0.965612 0.973726 0.891887 0.353547 0.417448 0.379655 0.475521 0.517779 0.441832 0.801709 0.708807 0.684113 0.725174 0.788197 0.715246 0.874142 0.823828 0.582892 0.765162 0.489360 0.811947 0.334183 0.634269 0.413987 0.696521 0.661774 0.443693 0.366489 0.336219 0.951762 0.904025 0.526060 0.485576 0.799264 0.641346 0.855869 0.733273 0.473475 0.572327 0.708494 0.636497 0.723631 0.671133 0.696125 0.910148 0.702161 0.712572 0.908504 0.897991 0.959038 0.873136 0.411294 0.592752 0.519197 0.689712 0.764529 0.762355 0.742298 0.846686 0.389452 0.352015 0.452605 0.443854 0.600084 0.572985 0.697403 0.702811 0.950138 0.811220 0.793658 0.919049 0.837063 0.725055 0.643323 0.894624 0.862206 0.935004
0.762762 0.938143 0.696012 0.737698 0.777071 0.658273 0.600782 0.578339 0.000000 0.421287 0.660710 0.746526 0.658293 0.706311 0.724926 0.602620 0.799224 0.768316 0.699399 0.711112 0.961262 0.916003 0.821693 0.975896 0.823347 0.864932 0.987078 0.818383 0.676798 0.733405 0.744371 0.807168 0.686591 0.652037 0.937443 0.826043 0.759543 0.788185 0.975418 0.900482 0.981355 0.946766 0.546393 0.579815 0.608828 0.645485 0.871395 0.690995 0.876318 0.781721 0.764224 0.668237 0.640050 0.563372 0.844149 0.957306 0.877040 0.994639 0.602559 0.843166 0.599865 0.888219 0.753696 0.872971 0.839980 0.867957 0.746369 0.796655 0.902490 0.873385 0.634512 0.589418 0.833067 0.785287 0.927795 0.871401 0.529448 0.713602 0.862204 0.869623 0.995846 0.875844 0.975642 0.795061 0.922826 0.787352 0.886118 0.830919 0.883033 0.780241 0.481806 0.474149 0.579343 0.475470 0.941040 0.867573 0.757421 0.880604 0.523176 0.537298 0.594614 0.554088 0.598390 0.650687 0.891236 0.568370 0.761398 0.703950 0.912294 0.980983 0.952674 0.757942 0.584880 0.722606 0.819367 0.877477
0.768497 0.790361 0.739600 0.759857 0.757778 0.666062 0.523058 0.529528 0.421287 0.000000 0.687512 0.689074 0.712863 0.671468 0.601181 0.542670 0.721892 0.626834 0.678393 0.735683 0.983688 0.853736 0.777121 0.984510 0.782692 0.923081 0.918952 0.910371 0.662916 0.582523 0.753684 0.684448 0.730616 0.621122 0.889390 0.948221 0.739058 0.925425 0.898780 0.911495 0.883211 0.950052 0.544864 0.569041 0.435051 0.467700 0.892747 0.626952 0.751297 0.686492 0.636016 0.567541 0.565654 0.483793 0.809752 0.953636 0.759626 0.840160 0.660853 0.907443 0.587747 0.797493 0.746009 0.737010 0.936202 0.847914 0.693043 0.709286 0.883158 0.921452 0.566442 0.512664 0.840417 0.792201 0.972174 0.891513 0.524145 0.593601 0.672151 0.708882 0.883005 0.972827 0.923027 0.996054 0.928319 0.823157 0.881423 0.911625 0.767461 0.749573 0.421353 0.453776 0.504311 0.484053 0.809081 0.932756 0.702304 0.895732 0.517737 0.519434 0.644487 0.580125 0.594668 0.674798 0.895914 0.576847 0.747131 0.681372 0.897333 0.971122 0.780317 0.615798 0.647504 0.744977 0.752082 0.798162
0.397034 0.704071 0.543213 0.422731 0.875309 0.552735 0.349212 0.308446 0.660710 0.687512 0.000000 0.447185 0.347058 0.311433 0.773415 0.565539 0.624644 0.561190 0.263216 0.365975 0.968238 0.854928 0.629439 0.668101 0.982977 0.700481 0.912883 0.929774 0.533543 0.555339 0.492812 0.460845 0.358944 0.321677 0.680524 0.870705 0.677350 0.954553 0.814663 0.901738 0.911195 0.994965 0.463082 0.495343 0.532538 0.608883 0.484644 0.497394 0.933613 0.780431 0.800750 0.867258 0.877210 0.821491 0.823269 0.809491 0.611877 0.830732 0.538787 0.859250 0.317696 0.686083 0.336407 0.655419 0.729496 0.515006 0.396506 0.410907 0.992276 0.962378 0.557062 0.631362 0.811647 0.704140 0.910416 0.694057 0.569921 0.597239 0.842966 0.734768 0.669044 0.654609 0.858631 0.895585 0.697650 0.716819 0.930036 0.904911 0.885441 0.903807 0.500795 0.678283 0.636217 0.739835 0.860038 0.672905 0.847327 0.898627 0.486688 0.422354 0.505462 0.567134 0.647741 0.605933 0.800686 0.770470 0.974530 0.799605 0.876299 0.938023 0.921997 0.802755 0.638791 0.983843 0.885446 0.854492
0.343073 0.417305 0.896094 0.718838 0.832125 0.529508 0.580488 0.426472 0.746526 0.689074 0.447185 0.000000 0.674326 0.522960 0.977425 0.600327 0.414063 0.336872 0.497502 0.408688 0.918040 0.890448 0.910319 0.862089 0.910424 0.894498 0.958552 0.974581 0.487127 0.378350 0.715277 0.629363 0.454500 0.455840 0.896816 0.893577 0.589791 0.806979 0.863767 0.934829 0.745797 0.874544 0.618563 0.566123 0.416174 0.466715 0.662098 0.572315 0.633450 0.590834 0.694737 0.724123 0.842085 0.768006 0.964643 0.827266 0.379631 0.469375 0.541713 0.699290 0.465018 0.412678 0.451008 0.369482 0.974417 0.615373 0.577970 0.517818 0.769387 0.569465 0.774367 0.724954 0.735968 0.615789 0.905944 0.782875 0.649689 0.761546 0.641166 0.598520 0.404227 0.493572 0.730824 0.652104 0.920225 0.855476 0.936680 0.979437 0.947989 0.897868 0.631160 0.865647 0.686400 0.872954 0.726435 0.792059 0.723280 0.795679 0.492469 0.560882 0.597640 0.652785 0.582228 0.639222 0.819249 0.821571 0.910572 0.923234 0.961236 0.912161 0.880672 0.772575 0.798331 0.915920 0.765885 0.902244
0.533905 0.888206 0.391535 0.368303 0.757442 0.639143 0.325106 0.400182 0.658293 0.712863 0.347058 0.674326 0.000000 0.313475 0.477073 0.467829 0.881056 0.744480 0.337813 0.461762 0.824549 0.982476 0.415699 0.496770 0.822752 0.670902 0.888365 0.846414 0.719888 0.723145 0.497675 0.448084 0.417155 0.366632 0.630750 0.781084 0.837988 0.993031 0.848917 0.967156 0.987809 0.863515 0.460974 0.502820 0.687751 0.767100 0.445075 0.537539 0.841398 0.970629 0.902300 0.905644 0.924264 0.779061 0.706327 0.906400 0.815904 0.965535 0.528928 0.986318 0.350869 0.989627 0.343851 0.857039 0.509477 0.574365 0.354461 0.502376 0.899849 0.954309 0.457231 0.548648 0.934520 0.844421 0.946629 0.705488 0.550504 0.555432 0.982058 0.826029 0.884751 0.821631 0.750193 0.888883 0.523524 0.606902 0.763818 0.862783 0.800079 0.936779 0.481830 0.555394 0.631139 0.597073 0.896355 0.709935 0.905885 0.911967 0.509034 0.471398 0.588425 0.588682 0.678805 0.613649 0.766038 0.713699 0.892331 0.722700 0.858310 0.890474 0.995246 0.843609 0.761166 0.926146 0.940759 0.821301
0.456154 0.704616 0.459769 0.331918 0.825294 0.657884 0.302245 0.290021 0.706311 0.671468 0.311433 0.522960 0.313475 0.000000 0.577853 0.423505 0.750455 0.579917 0.281823 0.311340 0.939521 0.956789 0.526336 0.505891 0.861163 0.678386 0.979161 0.858096 0.577149 0.578225 0.452229 0.366963 0.331989 0.280319 0.695273 0.763702 0.659170 0.955816 0.785176 0.980413 0.944608 0.871175 0.400346 0.440573 0.522795 0.589164 0.437402 0.427541 0.967231 0.795961 0.738559 0.763535 0.821587 0.737988 0.803082 0.884157 0.664089 0.867405 0.520918 0.904598 0.348702 0.789956 0.354170 0.743769 0.587374 0.455536 0.353905 0.403860 0.969695 0.931935 0.567648 0.560540 0.873169 0.722566 0.892781 0.621605 0.522860 0.582234 0.800811 0.749043 0.754419 0.671282 0.660267 0.883395 0.588784 0.569250 0.846758 0.827161 0.826786 0.830423 0.449110 0.633449 0.612814 0.713698 0.816597 0.659815 0.848306 0.865609 0.429154 0.409585 0.488539 0.553912 0.681434 0.663280 0.684905 0.715166 0.955301 0.780192 0.767686 0.917198 0.883594 0.781229 0.708608 0.993193 0.880371 0.876278
0.899061 0.884889 0.473760 0.561088 0.748909 0.852890 0.502022 0.669644 0.724926 0.601181 0.773415 0.977425 0.477073 0.577853 0.000000 0.533678 0.842228 0.974749 0.680519 0.797507 0.892835 0.979503 0.463887 0.664925 0.815880 0.735231 0.787164 0.777713 0.948019 0.964886 0.663620 0.657191 0.732629 0.672077 0.822679 0.810071 0.977367 0.964162 0.954133 0.867841 0.854715 0.793479 0.562415 0.659128 0.791973 0.839887 0.713182 0.716952 0.805415 0.945696 0.918893 0.838520 0.842168 0.709118 0.991773 0.867120 0.913932 0.792458 0.711909 0.884961 0.622213 0.788359 0.745291 0.885214 0.462013 0.753984 0.580538 0.727009 0.680079 0.816335 0.534033 0.568693 0.893442 0.962634 0.899992 0.854825 0.570008 0.684765 0.987518 0.995973 0.800799 0.817876 0.807441 0.763539 0.614907 0.779241 0.664352 0.934436 0.995025 0.922759 0.527328 0.472452 0.649231 0.519727 0.918205 0.942088 0.984438 0.866759 0.642726 0.659279 0.836712 0.646035 0.813798 0.741259 0.785633 0.704720 0.738450 0.664800 0.885167 0.730417 0.967376 0.771357 0.831325 0.926548 0.978660 0.918419
0.557639 0.697273 0.576526 0.551840 0.710752 0.551164 0.408022 0.452612 0.602620 0.542670 0.565539 0.600327 0.467829 0.423505 0.533678 0.000000 0.765599 0.595808 0.516513 0.493451 0.765796 0.914045 0.565836 0.626093 0.870727 0.631897 0.937383 0.887307 0.660842 0.578810 0.573431 0.460761 0.461304 0.438299 0.819863 0.730408 0.687448 0.865057 0.933952 0.992125 0.955690 0.966262 0.491612 0.545182 0.489827 0.520804 0.616490 0.572034 0.860648 0.757174 0.649149 0.662020 0.753877 0.625924 0.974179 0.965184 0.691668 0.817369 0.567852 0.888883 0.447188 0.778623 0.590146 0.759535 0.676377 0.574890 0.464844 0.513029 0.855935 0.908354 0.603521 0.533245 0.874028 0.756983 0.922260 0.772978 0.544888 0.718310 0.742396 0.644318 0.714281 0.707437 0.689470 0.888284 0.621594 0.665896 0.835025 0.908175 0.968189 0.911848 0.428397 0.625788 0.567849 0.600545 0.781305 0.878013 0.728028 0.851226 0.486089 0.570180 0.556928 0.600132 0.660115 0.720355 0.795127 0.814948 0.784624 0.826352 0.879702 0.915031 0.861299 0.667980 0.731254 0.954855 0.881564 0.953821
0.385279 0.304879 0.861093 0.981839 0.981541 0.655036 0.817663 0.623292 0.799224 0.721892 0.624644 0.414063 0.881056 0.750455 0.842228 0.765599 0.000000 0.305915 0.711562 0.634924 0.952048 0.898975 0.820899 0.919503 0.871204 0.887555 0.937054 0.905087 0.492077 0.341087 0.890394 0.787408 0.698838 0.640426 0.858703 0.925130 0.769469 0.764831 0.904643 0.747138 0.814032 0.820521 0.701815 0.578205 0.499348 0.485587 0.852713 0.730634 0.533097 0.541690 0.663680 0.686375 0.894565 0.807165 0.932166 0.769645 0.295553 0.334168 0.738722 0.740511 0.704565 0.487297 0.632330 0.326777 0.693809 0.856265 0.851738 0.762103 0.662351 0.601624 0.888785 0.829754 0.783210 0.671364 0.862585 0.738270 0.756255 0.829355 0.663398 0.565687 0.343662 0.565928 0.823184 0.601487 0.811953 0.967035 0.814637 0.848326 0.893845 0.949285 0.764904 0.963063 0.801814 0.995046 0.676467 0.881176 0.657812 0.835408 0.613978 0.600642 0.772913 0.805926 0.661542 0.729515 0.897933 0.959686 0.858234 0.970121 0.975265 0.853074 0.807021 0.688476 0.767425 0.844509 0.775893 0.858895
0.369401 0.306414 0.993846 0.815685 0.931003 0.570333 0.647630 0.493781 0.768316 0.626834 0.561190 0.336872 0.744480 0.579917 0.974749 0.595808 0.305915 0.000000 0.570113 0.541580 0.901637 0.986606 0.992646 0.924131 0.895720 0.952602 0.947035 0.916418 0.483016 0.287497 0.742588 0.596530 0.540982 0.542269 0.939416 0.957909 0.710649 0.839866 0.940531 0.832874 0.888963 0.874782 0.591828 0.510078 0.384080 0.351133 0.769711 0.592840 0.600726 0.533247 0.640324 0.615129 0.845266 0.758358 0.982953 0.811679 0.271561 0.354927 0.702660 0.800058 0.579258 0.500295 0.533177 0.305675 0.832837 0.733314 0.654578 0.634203 0.743061 0.603520 0.764952 0.706379 0.767790 0.628646 0.852764 0.760680 0.644997 0.702052 0.480424 0.468715 0.312395 0.494896 0.729460 0.613714 0.939268 0.909534 0.867245 0.897363 0.982321 0.930731 0.609448 0.846341 0.644702 0.871476 0.773929 0.809733 0.580236 0.918769 0.495896 0.517112 0.611321 0.698191 0.578479 0.712241 0.790868 0.833206 0.832502 0.990638 0.988760 0.887193 0.849070 0.685298 0.738780 0.857339 0.751877 0.884079
0.419035 0.693063 0.421420 0.308516 0.837855 0.572669 0.262900 0.242498 0.699399 0.678393 0.263216 0.497502 0.337813 0.281823 0.680519 0.516513 0.711562 0.570113 0.000000 0.334526 0.992439 0.894971 0.521330 0.513177 0.819417 0.632163 0.951109 0.880235 0.598206 0.584694 0.399098 0.330800 0.306329 0.287610 0.687602 0.844248 0.716039 0.992643 0.782472 0.968435 0.989568 0.905484 0.422883 0.453547 0.522267 0.597778 0.494539 0.452073 0.963495 0.825750 0.853250 0.892494 0.940531 0.902481 0.790214 0.824517 0.619006 0.857320 0.559723 0.933825 0.362807 0.783844 0.382970 0.761355 0.642282 0.484268 0.341969 0.365310 0.929888 0.962466 0.543906 0.601293 0.866741 0.735742 0.878443 0.722055 0.570488 0.600585 0.770482 0.698511 0.742907 0.636162 0.738618 0.941458 0.618343 0.644917 0.884715 0.851482 0.821176 0.835309 0.483759 0.647116 0.608811 0.752451 0.854826 0.712013 0.850056 0.894029 0.433216 0.402590 0.487597 0.514752 0.654910 0.607512 0.674646 0.757598 0.959876 0.848484 0.892980 0.886308 0.944697 0.727107 0.666126 0.960506 0.940580 0.909015
0.387839 0.566582 0.618618 0.451964 0.842025 0.601822 0.430010 0.316581 0.711112 0.735683 0.365975 0.408688 0.461762 0.311340 0.797507 0.493451 0.634924 0.541580 0.334526 0.000000 0.922284 0.988668 0.677629 0.584471 0.812914 0.701102 0.953341 0.881109 0.510946 0.560724 0.547352 0.429875 0.312061 0.353448 0.781185 0.813651 0.634387 0.970659 0.810443 0.943417 0.928810 0.994055 0.513294 0.517050 0.547503 0.605656 0.540180 0.545521 0.800152 0.732455 0.754818 0.863655 0.882576 0.871554 0.884717 0.812043 0.539236 0.667403 0.525438 0.826263 0.443194 0.630959 0.409596 0.672221 0.753146 0.546463 0.486087 0.446047 0.860686 0.809960 0.631084 0.657754 0.778674 0.640132 0.841824 0.724991 0.579021 0.658840 0.817569 0.679788 0.612065 0.518336 0.631260 0.804132 0.669767 0.653935 0.808174 0.820889 0.865133 0.826883 0.592700 0.818278 0.704484 0.886186 0.798931 0.788006 0.836712 0.849816 0.489308 0.460367 0.557513 0.650443 0.639300 0.648606 0.701602 0.804198 0.935626 0.941494 0.803449 0.981305 0.903763 0.764206 0.702587 0.961146 0.915736 0.983149
0.945549 0.971447 0.907923 0.998236 0.825055 0.846078 0.911111 0.991853 0.961262 0.983688 0.968238 0.918040 0.824549 0.939521 0.892835 0.765796 0.952048 0.901637 0.992439 0.922284 0.000000 0.908490 0.809631 0.820800 0.916715 0.982662 0.889611 0.929509 0.908463 0.951113 0.850243 0.922991 0.835552 0.830133 0.886250 0.747550 0.913255 0.856977 0.946441 0.812009 0.863913 0.975012 0.973035 0.955367 0.967365 0.997642 0.987258 0.982326 0.850079 0.881229 0.961425 0.962986 0.972900 0.857940 0.831307 0.961305 0.968614 0.956239 0.843071 0.923789 0.823141 0.974099 0.899506 0.924810 0.879826 0.900607 0.772376 0.822011 0.913883 0.956041 0.736689 0.852061 0.905534 0.815010 0.938828 0.854688 0.948263 0.856498 0.937020 0.870990 0.802778 0.821364 0.903746 0.860905 0.738418 0.722640 0.889621 0.738524 0.861794 0.949549 0.890004 0.919515 0.863508 0.815315 0.968649 0.911224 0.868607 0.877506 0.910315 0.974506 0.864085 0.947469 0.999996 0.986454 0.938927 0.910072 0.935850 0.989037 0.914658 0.962871 0.815588 0.987742 0.960794 0.948742 0.947256 0.859794
0.948150 0.944053 0.984631 0.980958 0.955795 0.919799 0.875366 0.888721 0.916003 0.853736 0.854928 0.890448 0.982476 0.956789 0.979503 0.914045 0.898975 0.986606 0.894971 0.988668 0.908490 0.000000 0.984231 0.913543 0.854418 0.818951 0.806500 0.849276 0.902988 0.928186 0.910575 0.962682 0.938686 0.933642 0.968485 0.974564 0.864194 0.881152 0.990334 0.897044 0.942412 0.955518 0.872691 0.939021 0.907132 0.905451 0.917265 0.984536 0.834603 0.821097 0.962011 0.988978 0.877984 0.942820 0.985609 0.852843 0.997038 0.995587 0.935796 0.988197 0.926616 0.881512 0.999417 0.985123 0.979292 0.960096 0.964784 0.908283 0.931452 0.953263 0.995211 0.994646 0.832922 0.993532 0.868991 0.944709 0.989502 0.920298 0.937758 0.980724 0.959096 0.962170 0.860759 0.947987 0.986196 0.860866 0.972464 0.946777 0.912874 0.859741 0.976177 0.959617 0.998427 0.941088 0.911453 0.931155 0.960756 0.983259 0.951441 0.999337 0.947420 0.875575 0.961276 0.923465 0.767822 0.963748 0.900708 0.937338 0.942910 0.853012 0.971562 0.829216 0.877133 0.916785 0.912144 0.931007
0.907329 0.846433 0.320514 0.349777 0.797241 0.847036 0.359112 0.524580 0.821693 0.777121 0.629439 0.910319 0.415699 0.526336 0.463887 0.565836 0.820899 0.992646 0.521330 0.677629 0.809631 0.984231 0.000000 0.362553 0.606882 0.601236 0.855168 0.897705 0.991133 0.934312 0.461858 0.446644 0.505711 0.487733 0.565413 0.597762 0.894471 0.999662 0.779998 0.863840 0.969564 0.734337 0.682653 0.773050 0.819894 0.912942 0.612350 0.670433 0.706082 0.865296 0.888735 0.890981 0.896184 0.753406 0.748897 0.987744 0.837326 0.765339 0.713241 0.976138 0.509404 0.930615 0.617287 0.888334 0.397204 0.485940 0.377903 0.426699 0.735135 0.715797 0.561689 0.588452 0.984770 0.926355 0.903845 0.851489 0.710972 0.691827 0.950137 0.869083 0.895243 0.881909 0.724836 0.863553 0.349256 0.462403 0.695671 0.707964 0.767674 0.784823 0.597446 0.618243 0.660737 0.647743 0.933661 0.883033 0.995935 0.967376 0.789666 0.683654 0.736745 0.648912 0.931834 0.777338 0.802675 0.716391 0.996324 0.802196 0.960914 0.748748 0.995002 0.977699 0.906040 0.974959 0.990899 0.842839
0.844474 0.947540 0.481592 0.357657 0.989161 0.791108 0.505174 0.567555 0.975896 0.984510 0.668101 0.862089 0.496770 0.505891 0.664925 0.626093 0.919503 0.924131 0.513177 0.584471 0.820800 0.913543 0.362553 0.000000 0.476261 0.669189 0.847737 0.807396 0.973979 0.880050 0.481074 0.421353 0.506067 0.475038 0.645906 0.670056 0.954754 0.957407 0.711678 0.973460 0.920268 0.714498 0.727623 0.766307 0.879277 0.944627 0.581200 0.733150 0.761645 0.840098 0.957422 0.926269 0.882190 0.978231 0.680743 0.990491 0.957112 0.914067 0.842658 0.997982 0.676546 0.974141 0.642671 0.925455 0.547577 0.498778 0.476439 0.472115 0.916685 0.755007 0.699283 0.743433 0.982823 0.890214 0.824017 0.796809 0.837781 0.770398 0.923764 0.846773 0.955249 0.677488 0.610307 0.952307 0.385037 0.328483 0.774139 0.522070 0.671412 0.702637 0.800494 0.897188 0.847057 0.976257 0.955799 0.843391 0.962083 0.992460 0.812750 0.761336 0.764106 0.801432 0.979692 0.820266 0.746934 0.989626 0.890548 0.988550 0.898785 0.814996 0.957367 0.998664 0.977176 0.948040 0.964985 0.825863
0.976295 0.969470 0.698948 0.653679 0.970911 0.962447 0.841256 0.871266 0.823347 0.782692 0.982977 0.910424 0.822752 0.861163 0.815880 0.870727 0.871204 0.895720 0.819417 0.812914 0.916715 0.854418 0.606882 0.476261 0.000000 0.672176 0.738329 0.998578 0.836603 0.934586 0.654594 0.628045 0.780006 0.827385 0.775798 0.704432 0.871559 0.996945 0.783910 0.971629 0.995095 0.693771 0.903083 0.941885 0.838810 0.883095 0.774322 0.910180 0.822586 0.795082 0.887150 0.721865 0.679504 0.730615 0.867558 0.867461 0.961837 0.964419 0.937720 0.943922 0.929246 0.994266 0.983730 0.800974 0.612010 0.644591 0.803099 0.754284 0.948369 0.723896 0.939679 0.989641 0.839315 0.880313 0.822959 0.782229 0.980456 0.957643 0.858153 0.884550 0.981272 0.761158 0.630269 0.947653 0.523583 0.514693 0.773861 0.769253 0.710521 0.730280 0.850020 0.814903 0.870522 0.756435 0.916952 0.969514 0.990750 0.907489 0.948206 0.995149 0.945521 0.983856 0.840183 0.962391 0.877822 0.864902 0.826900 0.975400 0.926193 0.859101 0.926820 0.981897 0.820836 0.863748 0.849527 0.808645
0.854603 0.946155 0.500283 0.519774 0.953776 0.799316 0.562504 0.594591 0.864932 0.923081 0.700481 0.894498 0.670902 0.678386 0.735231 0.631897 0.887555 0.952602 0.632163 0.701102 0.982662 0.818951 0.601236 0.669189 0.672176 0.000000 0.892315 0.959401 0.864743 0.988943 0.617602 0.638343 0.629564 0.691329 0.801200 0.663061 0.900825 0.874792 0.954291 0.996142 0.915981 0.863570 0.644948 0.812533 0.820268 0.802974 0.701152 0.789572 0.935712 0.987058 0.931202 0.915505 0.954698 0.940250 0.770487 0.951526 0.956469 0.919244 0.774717 0.897301 0.651967 0.873899 0.844238 0.849391 0.530177 0.550148 0.613111 0.617411 0.825219 0.804790 0.843879 0.779068 0.992909 0.916760 0.823676 0.968934 0.821751 0.809825 0.964080 0.886092 0.984353 0.886822 0.834731 0.837917 0.616691 0.711864 0.817009 0.863095 0.877651 0.938780 0.795642 0.902145 0.824512 0.890812 0.944568 0.896265 0.951466 0.884020 0.828373 0.784544 0.710254 0.809934 0.911245 0.952519 0.805014 0.961917 0.935896 0.932788 0.849724 0.902308 0.965662 0.896488 0.908899 0.931767 0.940794 0.874062
0.991172 0.974195 0.957475 0.961201 0.989837 0.962853 0.966062 0.905776 0.987078 0.918952 0.912883 0.958552 0.888365 0.979161 0.787164 0.937383 0.937054 0.947035 0.951109 0.953341 0.889611 0.806500 0.855168 0.847737 0.738329 0.892315 0.000000 0.722813 0.913798 0.928048 0.983691 0.997115 0.914621 0.990064 0.864247 0.868669 0.910079 0.948076 0.985234 0.950933 0.926502 0.995530 0.908340 0.997769 0.872629 0.915459 0.999232 0.942923 0.787821 0.808129 0.980429 0.898259 0.820720 0.955299 0.832071 0.919503 0.974449 0.986210 0.933639 0.884952 0.918215 0.982542 0.969424 0.988090 0.819730 0.830978 0.911004 0.980009 0.895421 0.938643 0.939647 0.884836 0.827276 0.814653 0.940791 0.979370 0.918515 0.836063 0.928344 0.957554 0.956289 0.975282 0.736436 0.756441 0.779768 0.769768 0.764905 0.987147 0.714960 0.885988 0.907369 0.937975 0.873089 0.960535 0.918004 0.833015 0.943037 0.770295 0.983367 0.951320 0.902152 0.920221 0.927503 0.982810 0.916094 0.952788 0.893685 0.848057 0.848070 0.855705 0.961296 0.967509 0.767530 0.899501 0.898897 0.950298
0.930620 0.925467 0.921596 0.816576 0.988473 0.794607 0.935209 0.927031 0.818383 0.910371 0.929774 0.974581 0.846414 0.858096 0.777713 0.887307 0.905087 0.916418 0.880235 0.881109 0.929509 0.849276 0.897705 0.807396 0.998578 0.959401 0.722813 0.000000 0.935902 0.913953 0.819969 0.942312 0.942425 0.935863 0.740791 0.846562 0.932920 0.931684 0.976556 0.851842 0.929568 0.994876 0.881385 0.828647 0.995420 0.984534 0.946690 0.954116 0.861259 0.908826 0.970817 0.883409 0.957199 0.999529 0.972378 0.978544 0.985221 0.827849 0.908228 0.776608 0.980465 0.765483 0.970536 0.815814 0.911602 0.978410 0.894284 0.986972 0.925576 0.940182 0.852233 0.840776 0.905221 0.876637 0.836844 0.999417 0.763203 0.975968 0.896580 0.847347 0.874472 0.911577 0.958865 0.829547 0.890742 0.920530 0.890235 0.912831 0.971480 0.927016 0.823723 0.824452 0.831378 0.777077 0.846785 0.957546 0.981954 0.761625 0.850203 0.884962 0.851831 0.826637 0.791292 0.734277 0.868058 0.932679 0.950608 0.807469 0.997244 0.719399 0.930182 0.917287 0.927116 0.894238 0.874921 0.998451
0.528799 0.532162 0.831362 0.707365 0.972423 0.770503 0.609961 0.477861 0.676798 0.662916 0.533543 0.487127 0.719888 0.577149 0.948019 0.660842 0.492077 0.483016 0.598206 0.510946 0.908463 0.902988 0.991133 0.973979 0.836603 0.864743 0.913798 0.935902 0.000000 0.453133 0.731176 0.721014 0.572973 0.622653 0.966628 0.970656 0.673152 0.894775 0.929513 0.775267 0.913737 0.974302 0.601983 0.557635 0.466466 0.469096 0.796267 0.599751 0.554665 0.534246 0.632132 0.647971 0.742089 0.704376 0.990352 0.710330 0.494856 0.589388 0.547672 0.738088 0.577914 0.554051 0.582182 0.584014 0.979036 0.766092 0.707164 0.688087 0.930141 0.618360 0.829691 0.699238 0.604484 0.604971 0.854742 0.715859 0.625684 0.771999 0.658641 0.713524 0.615041 0.755685 0.807393 0.751020 0.979361 0.983295 0.989345 0.868467 0.915187 0.909426 0.611833 0.847170 0.718261 0.833681 0.757562 0.808817 0.675097 0.940492 0.593150 0.551379 0.632070 0.708276 0.630314 0.768626 0.777633 0.951142 0.849001 0.802613 0.701001 0.966415 0.743077 0.874328 0.689859 0.798089 0.896585 0.944981
0.457544 0.342464 0.962111 0.802768 0.900352 0.620798 0.624889 0.491023 0.733405 0.582523 0.555339 0.378350 0.723145 0.578225 0.964886 0.578810 0.341087 0.287497 0.584694 0.560724 0.951113 0.928186 0.934312 0.880050 0.934586 0.988943 0.928048 0.913953 0.453133 0.000000 0.750396 0.615141 0.547616 0.519148 0.862195 0.991294 0.761812 0.850869 0.822050 0.798703 0.861414 0.905125 0.611137 0.539609 0.408749 0.398009 0.753571 0.584765 0.608125 0.520834 0.524019 0.525865 0.776560 0.642423 0.945175 0.794806 0.359848 0.401305 0.674384 0.675026 0.546274 0.478623 0.511786 0.348321 0.893752 0.677643 0.680882 0.610444 0.739811 0.695966 0.773784 0.775916 0.751002 0.687510 0.889089 0.747578 0.679633 0.718059 0.535632 0.436200 0.363062 0.519872 0.732808 0.606448 0.998854 0.839314 0.877377 0.955458 0.985396 0.869799 0.627872 0.837732 0.672378 0.887206 0.690067 0.836148 0.615484 0.930446 0.509320 0.597044 0.694396 0.702776 0.617553 0.760966 0.871966 0.830698 0.813232 0.941214 0.958585 0.850580 0.738525 0.673748 0.799038 0.778906 0.730338 0.960860
0.690748 0.902978 0.362640 0.334918 0.865958 0.726032 0.373228 0.413647 0.744371 0.753684 0.492812 0.715277 0.497675 0.452229 0.663620 0.573431 0.890394 0.742588 0.399098 0.547352 0.850243 0.910575 0.461858 0.481074 0.654594 0.617602 0.983691 0.819969 0.731176 0.750396 0.000000 0.380260 0.411083 0.421500 0.641034 0.804281 0.769342 0.985520 0.796358 0.982073 0.975828 0.737022 0.559088 0.587115 0.642182 0.707524 0.681741 0.614775 0.994683 0.942075 0.852613 0.947268 0.940614 0.903067 0.892619 0.944546 0.814414 0.988542 0.702571 0.931616 0.507889 0.894683 0.657508 0.982684 0.583826 0.530760 0.482769 0.457908 0.929149 0.997093 0.528283 0.494927 0.851791 0.625646 0.796149 0.647101 0.627985 0.752984 0.808773 0.777828 0.915023 0.799129 0.723027 0.925157 0.583198 0.605959 0.846640 0.827426 0.854952 0.925513 0.595880 0.710125 0.629095 0.791280 0.939374 0.850302 0.780024 0.951817 0.666597 0.559025 0.485329 0.591004 0.822963 0.764323 0.712150 0.874191 0.882542 0.749432 0.912642 0.868645 0.924771 0.956799 0.807917 0.926390 0.984855 0.887469
0.577497 0.716997 0.435686 0.355054 0.850599 0.642563 0.337198 0.345082 0.807168 0.684448 0.460845 0.629363 0.448084 0.366963 0.657191 0.460761 0.787408 0.596530 0.330800 0.429875 0.922991 0.962682 0.446644 0.421353 0.628045 0.638343 0.997115 0.942312 0.721014 0.615141 0.380260 0.000000 0.372068 0.355131 0.677529 0.697206 0.769962 0.896483 0.725412 0.942913 0.964745 0.826462 0.503228 0.499120 0.541317 0.600098 0.543360 0.472882 0.935206 0.805665 0.743550 0.816684 0.915656 0.850797 0.777733 0.995539 0.683311 0.835575 0.663078 0.886252 0.468344 0.796127 0.514978 0.822229 0.624024 0.471313 0.376457 0.373550 0.918166 0.944608 0.618605 0.578653 0.861067 0.710240 0.855714 0.657871 0.587612 0.609254 0.726108 0.590983 0.744564 0.577120 0.593530 0.836205 0.563398 0.520694 0.779464 0.765688 0.889372 0.782937 0.542851 0.723511 0.662527 0.802813 0.828270 0.803467 0.853967 0.899491 0.598240 0.530524 0.590743 0.591465 0.766485 0.677311 0.738060 0.809075 0.991022 0.858355 0.913600 0.957128 0.840173 0.826277 0.848292 0.983807 0.979457 0.916304
0.455219 0.663757 0.480568 0.382960 0.829787 0.627988 0.316794 0.273308 0.686591 0.730616 0.358944 0.454500 0.417155 0.331989 0.732629 0.461304 0.698838 0.540982 0.306329 0.312061 0.835552 0.938686 0.505711 0.506067 0.780006 0.629564 0.914621 0.942425 0.572973 0.547616 0.411083 0.372068 0.000000 0.331169 0.704948 0.740860 0.616132 0.852125 0.752268 0.874433 0.983009 0.878394 0.456308 0.513823 0.463281 0.552230 0.484154 0.537553 0.871991 0.761551 0.709894 0.808387 0.854939 0.796362 0.865228 0.796133 0.643862 0.779636 0.508434 0.778776 0.326594 0.638057 0.412310 0.697035 0.620510 0.391006 0.360109 0.321880 0.998054 0.912564 0.561074 0.562599 0.783165 0.655643 0.847997 0.706257 0.554739 0.686713 0.760010 0.622779 0.655941 0.551484 0.663019 0.852379 0.566259 0.555112 0.876032 0.829392 0.894533 0.834885 0.510884 0.726447 0.622644 0.812382 0.862779 0.766999 0.790821 0.946086 0.482173 0.478683 0.525027 0.571312 0.662514 0.669624 0.731816 0.814497 0.977071 0.897482 0.820970 0.958142 0.982750 0.811362 0.726176 0.873898 0.997508 0.863450
0.463422 0.669846 0.461630 0.368869 0.789602 0.552062 0.294732 0.289105 0.652037 0.621122 0.321677 0.455840 0.366632 0.280319 0.672077 0.438299 0.640426 0.542269 0.287610 0.353448 0.830133 0.933642 0.487733 0.475038 0.827385 0.691329 0.990064 0.935863 0.622653 0.519148 0.421500 0.355131 0.331169 0.000000 0.703957 0.800718 0.640736 0.867844 0.640344 0.991028 0.957366 0.847693 0.479952 0.461051 0.485158 0.584144 0.505953 0.464801 0.932078 0.799161 0.724627 0.739402 0.843519 0.725693 0.820492 0.995713 0.637369 0.815555 0.543571 0.809630 0.334353 0.714950 0.381473 0.682286 0.652733 0.428041 0.349753 0.325934 0.947503 0.923780 0.558678 0.577219 0.801842 0.673324 0.821965 0.647763 0.634283 0.575998 0.785333 0.621135 0.680420 0.572041 0.669071 0.822097 0.579423 0.569556 0.864313 0.809442 0.818675 0.840992 0.484759 0.682531 0.613596 0.732903 0.798326 0.752657 0.835197 0.895008 0.474847 0.452043 0.525912 0.604071 0.722614 0.647390 0.710299 0.758909 0.914867 0.824795 0.829013 0.943633 0.954158 0.741339 0.712868 0.975070 0.843159 0.925290
0.794832 0.834475 0.582693 0.584153 0.907461 0.880969 0.681502 0.778325 0.937443 0.889390 0.680524 0.896816 0.630750 0.695273 0.822679 0.819863 0.858703 0.939416 0.687602 0.781185 0.886250 0.968485 0.565413 0.645906 0.775798 0.801200 0.864247 0.740791 0.966628 0.862195 0.641034 0.677529 0.704948 0.703957 0.000000 0.769818 0.791767 0.964775 0.924707 0.982220 0.939402 0.979244 0.813948 0.797046 0.957258 0.998353 0.663079 0.840221 0.756576 0.942034 0.928932 0.922153 0.979032 0.999709 0.761066 0.955034 0.885007 0.790864 0.719187 0.879655 0.717004 0.929650 0.750400 0.899770 0.588848 0.706259 0.519996 0.617368 0.814896 0.876135 0.798909 0.728832 0.881554 0.812690 0.984594 0.864353 0.792547 0.931580 0.955934 0.965105 0.943730 0.903492 0.874735 0.873519 0.559188 0.661613 0.818760 0.984536 0.819213 0.879772 0.689460 0.814889 0.734403 0.727221 0.961737 0.825547 0.923593 0.918456 0.883766 0.847862 0.823112 0.717181 0.947059 0.826118 0.778212 0.843498 0.852399 0.771949 0.935586 0.825459 0.962523 0.743640 0.951731 0.947268 0.890860 0.794238
0.923481 0.997474 0.723541 0.707267 0.834507 0.957919 0.717976 0.811166 0.826043 0.948221 0.870705 0.893577 0.781084 0.763702 0.810071 0.730408 0.925130 0.957909 0.844248 0.813651 0.747550 0.974564 0.597762 0.670056 0.704432 0.663061 0.868669 0.846562 0.970656 0.991294 0.804281 0.697206 0.740860 0.800718 0.769818 0.000000 0.921486 0.899906 0.976566 0.991570 0.863753 0.927684 0.962000 0.995590 0.860622 0.931822 0.640545 0.864844 0.936403 0.983866 0.822725 0.881855 0.863540 0.902877 0.698215 0.963369 0.913694 0.996768 0.867452 0.841996 0.711026 0.851979 0.752217 0.972880 0.638779 0.584922 0.589769 0.604572 0.952827 0.885198 0.906857 0.809132 0.965842 0.841350 0.884892 0.963636 0.866913 0.917608 0.964468 0.903369 0.898419 0.740671 0.710750 0.964404 0.494380 0.500814 0.900026 0.731131 0.901037 0.855906 0.868577 0.977477 0.834188 0.967053 0.909630 0.831483 0.892080 0.903265 0.998789 0.952897 0.992446 0.918236 0.931669 0.908341 0.861178 0.874202 0.964222 0.939848 0.966433 0.973977 0.999699 0.980793 0.888604 0.901369 0.995820 0.985644
0.720066 0.824343 0.780123 0.780964 0.842536 0.843803 0.670483 0.632570 0.759543 0.739058 0.677350 0.589791 0.837988 0.659170 0.977367 0.687448 0.769469 0.710649 0.716039 0.634387 0.913255 0.864194 0.894471 0.954754 0.871559 0.900825 0.910079 0.932920 0.673152 0.761812 0.769342 0.769962 0.616132 0.640736 0.791767 0.921486 0.000000 0.889966 0.908388 0.823026 0.765557 0.818392 0.768458 0.757725 0.603907 0.725365 0.801028 0.813431 0.738532 0.749374 0.668029 0.751974 0.735261 0.722493 0.987175 0.954501 0.800096 0.824518 0.594396 0.702047 0.627603 0.684711 0.782389 0.796454 0.930335 0.726416 0.696494 0.595452 0.965160 0.842400 0.852672 0.721461 0.752382 0.705507 0.920325 0.741960 0.738197 0.989100 0.863787 0.766951 0.816273 0.829551 0.864066 0.815646 0.930175 0.963201 0.991197 0.979039 0.947876 0.977124 0.703651 0.820234 0.772744 0.828453 0.610851 0.910927 0.858832 0.965611 0.729587 0.781308 0.709080 0.809536 0.831958 0.868152 0.974746 0.857600 0.972841 0.807366 0.707995 0.908456 0.882558 0.911319 0.853998 0.867661 0.975270 0.988927
0.825648 0.879221 0.995768 0.994405 0.897573 0.872574 0.922861 0.918035 0.788185 0.925425 0.954553 0.806979 0.993031 0.955816 0.964162 0.865057 0.764831 0.839866 0.992643 0.970659 0.856977 0.881152 0.999662 0.957407 0.996945 0.874792 0.948076 0.931684 0.894775 0.850869 0.985520 0.896483 0.852125 0.867844 0.964775 0.899906 0.889966 0.000000 0.935447 0.900680 0.884315 0.959137 0.915498 0.970137 0.755679 0.799398 0.922201 0.943438 0.864441 0.893203 0.894111 0.864724 0.891829 0.904837 0.978242 0.915009 0.879326 0.868150 0.782535 0.700208 0.785923 0.733702 0.925626 0.784887 0.997897 0.815130 0.852401 0.832114 0.930748 0.913978 0.991920 0.893934 0.936252 0.961588 0.933459 0.938580 0.958700 0.847749 0.997294 0.898164 0.841876 0.874484 0.894470 0.974077 0.990128 0.981863 0.973499 0.847465 0.913922 0.764884 0.884053 0.955125 0.835725 0.907700 0.984327 0.955678 0.909513 0.861342 0.873799 0.960602 0.955616 0.937669 0.930495 0.930219 0.812214 0.860228 0.852657 0.970937 0.907536 0.992913 0.872008 0.836314 0.854472 0.890059 0.875274 0.978753
