0.000000 0.275337 0.724043 0.741893 0.934038 0.822870 0.951567 0.523448 0.900004 0.796961 0.422096 0.343191 0.520049 0.461300 0.829760 0.750161 0.463903 0.419379 0.477491 0.336528 0.870635 0.962455 0.854533 0.997063 0.695833 0.769284 0.874356 0.981483 0.421853 0.508039 0.835616 0.818299 0.899707 0.662878 0.811278 0.658672 0.699179 0.870092 0.932205 0.834383 0.843262 0.884074 0.844749 0.810720 0.897395 0.689234 0.793560 0.744349 0.305287 0.339666 0.321969 0.325242 0.389879 0.483126 0.717538 0.466731 0.415452 0.339618 0.330398 0.277160 0.690851 0.391532 0.479949 0.369109 0.725473 0.957142 0.709287 0.757675 0.525318 0.513086 0.641450 0.736266 0.673012 0.645914 0.894984 0.738758 0.633858 0.828065 0.839115 0.713785 0.467966 0.502515 0.755886 0.982004 0.828557 0.896446 0.801503 0.953413 0.919531 0.841880 0.938151 0.675402 0.733921 0.608577 0.969343 0.908354 0.859807 0.715383 0.731402 0.808887 0.726013 0.919692 0.673423 0.751793 0.786479 0.981356 0.848315 0.909338 0.922452 0.954103 0.926780 0.925694 0.625649 0.951790 0.906281 0.739506
0.275337 0.000000 0.733343 0.723058 0.903068 0.780947 0.900578 0.499328 0.870940 0.711577 0.468138 0.336928 0.571751 0.453229 0.811474 0.684383 0.412626 0.365070 0.408309 0.296912 0.858411 0.918176 0.899684 0.991403 0.724267 0.806831 0.883552 0.955094 0.398703 0.420835 0.946482 0.959478 0.830992 0.658538 0.810974 0.614599 0.722006 0.882321 0.907478 0.884924 0.875985 0.919261 0.859474 0.766890 0.862354 0.686473 0.731488 0.695570 0.316572 0.295159 0.296688 0.303043 0.399207 0.438189 0.660110 0.488526 0.337246 0.276542 0.418738 0.308136 0.778019 0.435206 0.464217 0.330439 0.676297 0.925386 0.632596 0.739219 0.548840 0.464012 0.762839 0.864112 0.631319 0.618388 0.800381 0.753538 0.619754 0.738691 0.773257 0.556683 0.348002 0.409337 0.774230 0.898552 0.878036 0.877991 0.764455 0.994529 0.998008 0.898752 0.961004 0.667240 0.686212 0.607969 0.939855 0.876233 0.892974 0.674136 0.767507 0.837481 0.704958 0.930302 0.654525 0.791731 0.762797 0.942195 0.837538 0.974113 0.932701 0.990834 0.936100 0.931747 0.673130 0.989519 0.948986 0.721658
0.724043 0.733343 0.000000 0.614043 0.722927 0.926528 0.496832 0.970728 0.698898 0.958135 0.726028 0.683328 0.894826 0.843937 0.722759 0.969605 0.859412 0.959980 0.870333 0.696558 0.857926 0.958688 0.531371 0.803132 0.555811 0.395689 0.986299 0.976763 0.760833 0.791170 0.529390 0.587579 0.577596 0.841393 0.550563 0.643099 0.693397 0.763820 0.881025 0.810475 0.995948 0.943637 0.499727 0.760111 0.575893 0.822674 0.896116 0.728558 0.773484 0.674118 0.815395 0.801965 0.874629 0.947200 0.914263 0.815486 0.710939 0.684845 0.710471 0.662905 0.763351 0.836085 0.879417 0.796497 0.344861 0.523058 0.495445 0.463601 0.714008 0.613416 0.762013 0.823690 0.903882 0.886278 0.978861 0.938615 0.875562 0.910635 0.834025 0.986538 0.981749 0.976181 0.867929 0.804154 0.584849 0.628804 0.778900 0.871566 0.787719 0.833897 0.589229 0.648685 0.557935 0.687439 0.992522 0.973982 0.884186 0.578326 0.850786 0.717995 0.901698 0.666431 0.938181 0.962914 0.813773 0.678328 0.843974 0.858205 0.995750 0.873880 0.691212 0.865695 0.933978 0.984958 0.677800 0.859805
0.741893 0.723058 0.614043 0.000000 0.862410 0.884427 0.672573 0.687455 0.902099 0.936709 0.889634 0.747091 0.580473 0.623571 0.622887 0.733489 0.756153 0.695762 0.721111 0.732586 0.944353 0.941546 0.620244 0.670352 0.859527 0.717891 0.852132 0.966228 0.863779 0.883517 0.869484 0.841320 0.586286 0.672729 0.884979 0.969464 0.898438 0.852395 0.986371 0.922188 0.924729 0.979028 0.916048 0.781504 0.844557 0.733857 0.925658 0.592602 0.812130 0.822858 0.712432 0.733787 0.696716 0.732086 0.840846 0.799497 0.779436 0.744333 0.748986 0.821162 0.597135 0.718984 0.820440 0.717633 0.617178 0.547771 0.859660 0.785551 0.800190 0.835710 0.912763 0.927795 0.959903 0.932325 0.876470 0.788161 0.958595 0.842629 0.665610 0.705461 0.661084 0.601408 0.591261 0.629917 0.501558 0.481662 0.842225 0.680110 0.685539 0.685991 0.774367 0.926181 0.981806 0.916644 0.980111 0.971764 0.764714 0.899528 0.838922 0.698089 0.900264 0.719032 0.842501 0.903480 0.679747 0.760432 0.882608 0.952457 0.949119 0.979321 0.843293 0.991331 0.841058 0.928415 0.844989 0.907193
0.934038 0.903068 0.722927 0.862410 0.000000 0.913550 0.714612 0.934655 0.728298 0.943260 0.912456 0.926415 0.901113 0.968505 0.847939 0.953941 0.821427 0.982473 0.860800 0.901924 0.781062 0.941262 0.730826 0.875644 0.999483 0.855676 0.985922 0.854145 0.991774 0.961773 0.910250 0.872936 0.855042 0.792931 0.831896 0.843389 0.844503 0.973699 0.907531 0.840076 0.944585 0.992839 0.804134 0.849690 0.795256 0.859939 0.894620 0.958542 0.942790 0.882041 0.922329 0.917965 0.917792 0.937817 0.772824 0.883433 0.932162 0.895114 0.882968 0.999840 0.777374 0.935977 0.998184 0.961182 0.705183 0.650958 0.758754 0.721645 0.919658 0.839661 0.920545 0.858315 0.959047 0.967162 0.982716 0.914894 0.901826 0.961968 0.856172 0.964250 0.977239 0.923212 0.894112 0.927835 0.690802 0.662673 0.806987 0.842796 0.839417 0.989308 0.748158 0.713142 0.784184 0.774186 0.890764 0.893168 0.999831 0.821305 0.938301 0.863583 0.972608 0.796168 0.968774 0.945124 0.792176 0.848660 0.953964 0.836252 0.935880 0.897482 0.823641 0.945678 0.864764 0.848419 0.869528 0.814264
0.822870 0.780947 0.926528 0.884427 0.913550 0.000000 0.950490 0.647023 0.904074 0.821275 0.854675 0.702825 0.751482 0.674296 0.753095 0.660340 0.941446 0.899237 0.880023 0.855342 0.836624 0.992122 0.949931 0.961069 0.743102 0.990235 0.992702 0.990522 0.721502 0.790662 0.922649 0.878298 0.797255 0.792070 0.910823 0.986793 0.856165 0.953221 0.955923 0.906834 0.806045 0.849289 0.898187 0.724359 0.983177 0.776033 0.956990 0.943474 0.813651 0.771359 0.813261 0.767866 0.964445 0.786217 0.889959 0.993089 0.940954 0.857567 0.899370 0.725352 0.832382 0.693472 0.762960 0.744192 0.960364 0.769459 0.979958 0.928619 0.860530 0.970175 0.991849 0.992714 0.968295 0.967364 0.717619 0.859424 0.807607 0.800900 0.979185 0.910664 0.877018 0.853897 0.873844 0.848303 0.914548 0.850010 0.979741 0.992630 0.922252 0.966643 0.886079 0.927152 0.960422 0.986028 0.943631 0.913417 0.922857 0.912587 0.907373 0.843728 0.779822 0.888535 0.993133 0.907190 0.843651 0.913955 0.970618 0.827491 0.816916 0.771687 0.876110 0.978497 0.961234 0.896653 0.970446 0.952225
0.951567 0.900578 0.496832 0.672573 0.714612 0.950490 0.000000 0.534951 0.433731 0.635557 0.803197 0.918326 0.649686 0.986171 0.719239 0.960730 0.817778 0.786032 0.941842 0.933322 0.875363 0.864139 0.778537 0.919731 0.940590 0.778815 0.740728 0.792655 0.853078 0.881714 0.734089 0.700414 0.516726 0.558121 0.676038 0.758799 0.965174 0.943524 0.942846 0.980268 0.807588 0.896759 0.396458 0.480853 0.334867 0.560074 0.829607 0.608326 0.951740 0.755907 0.906436 0.853583 0.849153 0.938521 0.841749 0.895788 0.964880 0.803030 0.984847 0.852773 0.398013 0.723364 0.733422 0.840409 0.552564 0.420130 0.376701 0.336649 0.769826 0.634826 0.894603 0.815619 0.923558 0.988643 0.948642 0.931056 0.906960 0.941530 0.729282 0.974294 0.864662 0.930260 0.856708 0.852862 0.656719 0.745561 0.824464 0.952208 0.904332 0.993994 0.455437 0.573553 0.558494 0.570686 0.983815 0.889320 0.772865 0.617750 0.541484 0.449206 0.638176 0.528317 0.886273 0.772360 0.796054 0.723674 0.801138 0.683846 0.901290 0.936288 0.604558 0.611628 0.720074 0.995614 0.653859 0.997385
0.523448 0.499328 0.970728 0.687455 0.934655 0.647023 0.534951 0.000000 0.660652 0.439257 0.379230 0.367217 0.459049 0.551741 0.734907 0.705628 0.418866 0.431991 0.577646 0.519594 0.694631 0.909365 0.928151 0.829264 0.535647 0.831375 0.849066 0.869852 0.390620 0.390157 0.945882 0.900978 0.627305 0.432619 0.949102 0.835878 0.720708 0.889913 0.826484 0.857219 0.843014 0.938883 0.712571 0.460002 0.643851 0.420179 0.775559 0.566356 0.535212 0.642743 0.572506 0.610639 0.744671 0.662849 0.967464 0.764913 0.561498 0.612962 0.538202 0.568520 0.394156 0.300351 0.330920 0.327987 0.931768 0.673483 0.881718 0.751164 0.925192 0.872929 0.882263 0.980027 0.723838 0.744210 0.756239 0.795907 0.626191 0.791016 0.687416 0.791801 0.467727 0.577859 0.783033 0.928370 0.822157 0.870456 0.927977 0.968472 0.954044 0.962143 0.659722 0.982435 0.968298 0.953724 0.956963 0.763710 0.791569 0.987254 0.514025 0.522775 0.482576 0.615424 0.720584 0.655120 0.744863 0.797723 0.958694 0.781723 0.929704 0.975370 0.694125 0.687337 0.583722 0.988975 0.757281 0.807178
0.900004 0.870940 0.698898 0.902099 0.728298 0.904074 0.433731 0.660652 0.000000 0.709052 0.904244 0.986749 0.803343 0.937528 0.755618 0.931426 0.918321 0.931269 0.947296 0.879824 0.973304 0.917179 0.880794 0.834917 0.923490 0.826352 0.781880 0.794766 0.912961 0.900926 0.647428 0.720505 0.757560 0.745499 0.744093 0.882627 0.859116 0.939270 0.916127 0.956100 0.766366 0.854014 0.505834 0.543612 0.440398 0.579061 0.947052 0.771021 0.969262 0.827124 0.940213 0.919872 0.912246 0.975803 0.727126 0.952437 0.977179 0.833521 0.892193 0.886972 0.598976 0.763432 0.843091 0.909100 0.697043 0.549573 0.543574 0.479348 0.795179 0.700852 0.899085 0.875571 0.912709 0.930145 0.975905 0.963890 0.903469 0.940029 0.908899 0.837192 0.937116 0.981550 0.961585 0.990102 0.772482 0.827708 0.752122 0.976010 0.956128 0.970194 0.653731 0.630922 0.684153 0.638329 0.939466 0.974519 0.894142 0.882806 0.666537 0.619592 0.659971 0.727539 0.947269 0.758444 0.772635 0.693671 0.825251 0.787049 0.990803 0.892425 0.729389 0.763319 0.765381 0.925165 0.683362 0.964053
0.796961 0.711577 0.958135 0.936709 0.943260 0.821275 0.635557 0.439257 0.709052 0.000000 0.520376 0.604736 0.796538 0.923053 0.994786 0.962692 0.512402 0.565582 0.876237 0.779312 0.743103 0.961109 0.671847 0.597755 0.623224 0.802537 0.691019 0.919611 0.518149 0.474068 0.890247 0.846030 0.733944 0.647782 0.951253 0.890933 0.912002 0.995820 0.918993 0.921923 0.945526 0.990308 0.666056 0.477088 0.581041 0.497289 0.789111 0.660675 0.686591 0.872971 0.746283 0.853197 0.908299 0.864759 0.898280 0.755703 0.666390 0.805567 0.729402 0.836208 0.615796 0.555399 0.544896 0.511919 0.832551 0.919598 0.856995 0.795285 0.987808 0.952375 0.999265 0.674918 0.767100 0.852185 0.851818 0.890740 0.775944 0.785288 0.814572 0.859647 0.657772 0.812651 0.998392 0.990118 0.856173 0.789520 0.912871 0.815049 0.843214 0.815550 0.755379 0.913762 0.933612 0.827125 0.898433 0.849024 0.742543 0.843488 0.482148 0.509613 0.603565 0.720453 0.752967 0.671376 0.898823 0.988840 0.903855 0.681547 0.840572 0.986097 0.803517 0.606857 0.669695 0.950734 0.914396 0.785781
0.422096 0.468138 0.726028 0.889634 0.912456 0.854675 0.803197 0.379230 0.904244 0.520376 0.000000 0.368614 0.579793 0.613150 0.923709 0.873253 0.372238 0.404416 0.566135 0.431080 0.650849 0.971210 0.616634 0.670485 0.481199 0.648481 0.872682 0.887524 0.319384 0.383719 0.835409 0.891868 0.805433 0.613504 0.821191 0.712303 0.683256 0.878499 0.865496 0.948339 0.962285 0.944532 0.941229 0.695100 0.864819 0.565114 0.831428 0.753620 0.456434 0.540097 0.518561 0.566005 0.634395 0.627128 0.804718 0.669148 0.475417 0.520055 0.412512 0.510266 0.589261 0.374121 0.336522 0.344367 0.619029 0.938399 0.888339 0.945050 0.762602 0.735414 0.672472 0.898644 0.641564 0.640148 0.847783 0.870293 0.661744 0.819613 0.721574 0.809117 0.510909 0.630700 0.970160 0.986773 0.926907 0.851065 0.766388 0.846738 0.904071 0.924241 0.843834 0.895575 0.875880 0.866768 0.952089 0.824701 0.816108 0.861067 0.562901 0.693015 0.632490 0.778438 0.774258 0.620724 0.900627 0.972207 0.898874 0.817612 0.972743 0.897649 0.962803 0.901750 0.611532 0.884891 0.907205 0.740035
0.343191 0.336928 0.683328 0.747091 0.926415 0.702825 0.918326 0.367217 0.986749 0.604736 0.368614 0.000000 0.399615 0.348637 0.767264 0.586192 0.383687 0.405016 0.445281 0.321935 0.750628 0.989915 0.856573 0.953850 0.509363 0.651469 0.986917 0.933439 0.358857 0.394718 0.772105 0.835617 0.811831 0.599893 0.747956 0.680095 0.642061 0.817332 0.796524 0.900274 0.979275 0.911166 0.884491 0.744850 0.953481 0.638083 0.866543 0.772090 0.446549 0.431903 0.400489 0.441345 0.541302 0.578627 0.809913 0.635956 0.431236 0.416863 0.391841 0.368849 0.561990 0.294527 0.351383 0.261889 0.711312 0.915188 0.760068 0.861639 0.653847 0.593642 0.713515 0.921293 0.699158 0.746598 0.796076 0.719420 0.602998 0.769918 0.825797 0.698335 0.433665 0.463485 0.743955 0.961219 0.884555 0.929111 0.879545 0.958719 0.933659 0.992091 0.920840 0.659345 0.666840 0.693068 0.940339 0.807276 0.938582 0.797844 0.683238 0.780472 0.667234 0.851052 0.733386 0.816340 0.847642 0.984862 0.888007 0.893173 0.942884 0.975374 0.962062 0.939201 0.634780 0.992334 0.922997 0.724656
0.520049 0.571751 0.894826 0.580473 0.901113 0.751482 0.649686 0.459049 0.803343 0.796538 0.579793 0.399615 0.000000 0.358096 0.521243 0.549041 0.537198 0.545345 0.496559 0.536681 0.838520 0.950211 0.782767 0.844633 0.757370 0.956734 0.934635 0.963614 0.534256 0.613213 0.984894 0.984433 0.638195 0.550226 0.964843 0.895859 0.761069 0.816844 0.792093 0.948909 0.883836 0.832072 0.928584 0.710832 0.911978 0.672086 0.856639 0.742824 0.673406 0.651208 0.553145 0.590518 0.634292 0.619072 0.922314 0.823242 0.681266 0.681034 0.583709 0.571451 0.413303 0.408722 0.477018 0.462148 0.856448 0.592961 0.960943 0.849555 0.890702 0.839449 0.797495 0.957302 0.834522 0.901205 0.858368 0.721239 0.663370 0.819797 0.783852 0.824136 0.552769 0.528995 0.631969 0.872002 0.594501 0.687304 0.941471 0.910942 0.889887 0.866780 0.728055 0.771055 0.890530 0.783389 0.803381 0.919053 0.940808 0.934832 0.693810 0.749098 0.640811 0.785450 0.768514 0.962344 0.779051 0.828087 0.996545 0.874030 0.967775 0.869483 0.857015 0.904846 0.673802 0.972073 0.777216 0.769563
0.461300 0.453229 0.843937 0.623571 0.968505 0.674296 0.986171 0.551741 0.937528 0.923053 0.613150 0.348637 0.358096 0.000000 0.586250 0.433908 0.573014 0.563032 0.447802 0.430712 0.817228 0.993234 0.842301 0.733261 0.747400 0.846606 0.840893 0.961773 0.567141 0.613274 0.851122 0.884250 0.812014 0.703988 0.830449 0.750844 0.644961 0.767329 0.725513 0.987747 0.914820 0.873664 0.800717 0.899378 0.791195 0.812273 0.925904 0.827738 0.609945 0.480891 0.445592 0.456198 0.542538 0.529224 0.848564 0.800355 0.624698 0.525197 0.550702 0.455943 0.631499 0.466416 0.525660 0.441243 0.932742 0.784551 0.733207 0.849770 0.749015 0.651039 0.722114 0.863919 0.853646 0.846940 0.807015 0.707576 0.750161 0.811449 0.762804 0.699700 0.508394 0.457132 0.661182 0.915161 0.695134 0.688855 0.938616 0.881504 0.929052 0.882094 0.969533 0.575134 0.588912 0.550268 0.829551 0.958930 0.927893 0.721027 0.909243 0.902931 0.815081 0.881897 0.849265 0.973313 0.824739 0.923507 0.902790 0.934875 0.988552 0.942702 0.940136 0.916218 0.818234 0.987767 0.888228 0.852820
0.829760 0.811474 0.722759 0.622887 0.847939 0.753095 0.719239 0.734907 0.755618 0.994786 0.923709 0.767264 0.521243 0.586250 0.000000 0.526002 0.857349 0.784970 0.707652 0.779870 0.988964 0.835032 0.522365 0.729449 0.899478 0.713561 0.805843 0.984912 0.855861 0.943086 0.751692 0.766108 0.578321 0.710222 0.789534 0.990813 0.980303 0.898174 0.837581 0.964553 0.866585 0.768906 0.817484 0.727539 0.901435 0.752163 0.942127 0.741547 0.892200 0.823585 0.794087 0.741431 0.813398 0.733858 0.982562 0.949697 0.890521 0.826718 0.909392 0.795401 0.654576 0.694762 0.770625 0.785502 0.580507 0.480798 0.768900 0.697660 0.975008 0.993565 0.985176 0.913682 0.925993 0.887240 0.859018 0.801479 0.788434 0.868963 0.732955 0.847383 0.758968 0.694789 0.611607 0.964969 0.516005 0.513056 0.952353 0.873805 0.838018 0.786114 0.699037 0.998511 0.992245 0.965632 0.971631 0.982886 0.991351 0.936280 0.863725 0.704615 0.755332 0.792506 0.947919 0.987576 0.786840 0.775437 0.959263 0.967607 0.970741 0.793319 0.945943 0.945847 0.981146 0.967860 0.639771 0.955638
0.750161 0.684383 0.969605 0.733489 0.953941 0.660340 0.960730 0.705628 0.931426 0.962692 0.873253 0.586192 0.549041 0.433908 0.526002 0.000000 0.820042 0.801715 0.641996 0.655396 0.989158 0.997166 0.717176 0.690641 0.965452 0.916518 0.850990 0.976406 0.805963 0.816413 0.955441 0.948606 0.778479 0.797810 0.998955 0.880536 0.940402 0.885917 0.891515 0.991309 0.869157 0.800683 0.946061 0.851903 0.849370 0.914384 0.982970 0.866957 0.869316 0.719725 0.729694 0.709091 0.853714 0.806124 0.963340 0.930970 0.767815 0.771921 0.908330 0.701470 0.813637 0.648951 0.774016 0.671380 0.884018 0.652068 0.885482 0.975580 0.862928 0.748062 0.983468 0.974805 0.946796 0.971608 0.863156 0.722048 0.811020 0.778442 0.829992 0.734002 0.642992 0.546273 0.663247 0.924462 0.612875 0.547795 0.975612 0.782953 0.891127 0.934337 0.988732 0.743256 0.728135 0.786085 0.905520 0.906168 0.867884 0.810341 0.918254 0.963180 0.818397 0.936070 0.991707 0.934779 0.873266 0.783125 0.777810 0.933130 0.948240 0.949266 0.930943 0.973837 0.900986 0.978213 0.819603 0.924501
0.463903 0.412626 0.859412 0.756153 0.821427 0.941446 0.817778 0.418866 0.918321 0.512402 0.372238 0.383687 0.537198 0.573014 0.857349 0.820042 0.000000 0.323151 0.476788 0.403085 0.752704 0.981562 0.781401 0.737590 0.613058 0.753034 0.895170 0.956397 0.377924 0.371224 0.938368 0.983772 0.680166 0.569287 0.845771 0.751855 0.768061 0.904186 0.888974 0.945495 0.986410 0.959409 0.934804 0.662143 0.908638 0.623994 0.691565 0.602159 0.467598 0.563241 0.455808 0.568233 0.603624 0.652567 0.649115 0.566762 0.401395 0.481907 0.425260 0.561520 0.610594 0.451715 0.358728 0.306583 0.759540 0.994241 0.858888 0.981590 0.751391 0.667673 0.797285 0.957617 0.682670 0.702246 0.787300 0.834910 0.694312 0.805899 0.711840 0.667464 0.375295 0.489154 0.837366 0.888858 0.905587 0.957910 0.792332 0.892677 0.884508 0.985748 0.921650 0.765248 0.810358 0.736872 0.966618 0.839117 0.860326 0.887068 0.500414 0.681724 0.661561 0.819054 0.620449 0.763013 0.841138 0.931027 0.959438 0.873611 0.958972 0.904589 0.906628 0.819349 0.621245 0.979045 0.874899 0.645497
0.419379 0.365070 0.959980 0.695762 0.982473 0.899237 0.786032 0.431991 0.931269 0.565582 0.404416 0.405016 0.545345 0.563032 0.784970 0.801715 0.323151 0.000000 0.398637 0.378919 0.838408 0.959166 0.943682 0.856905 0.686779 0.855328 0.936209 0.904220 0.368537 0.392531 0.988428 0.900007 0.611055 0.567766 0.946313 0.765037 0.823396 0.946393 0.869184 0.995304 0.863239 0.941060 0.912834 0.658153 0.879996 0.603353 0.687000 0.551948 0.451985 0.542644 0.479102 0.527966 0.602543 0.608225 0.633770 0.548479 0.390268 0.430747 0.463099 0.546671 0.611896 0.484355 0.386043 0.340095 0.827045 0.980548 0.903037 0.989227 0.656691 0.671265 0.799562 0.959670 0.530651 0.570396 0.818694 0.705882 0.673479 0.686227 0.581245 0.522139 0.314742 0.412708 0.720064 0.841289 0.825290 0.910289 0.824301 0.940867 0.924111 0.967146 0.815396 0.859657 0.835473 0.770668 0.988209 0.806548 0.816904 0.916120 0.532513 0.630570 0.678357 0.735224 0.665916 0.648434 0.713562 0.851899 0.928002 0.912785 0.878605 0.941120 0.913617 0.964208 0.604784 0.996683 0.784732 0.723250
0.477491 0.408309 0.870333 0.721111 0.860800 0.880023 0.941842 0.577646 0.947296 0.876237 0.566135 0.445281 0.496559 0.447802 0.707652 0.641996 0.476788 0.398637 0.000000 0.379270 0.888579 0.947890 0.905287 0.910691 0.787361 0.855082 0.933168 0.972465 0.495573 0.528528 0.950830 0.974056 0.706945 0.640983 0.879307 0.785172 0.698981 0.890306 0.780981 0.811206 0.911573 0.902404 0.900023 0.883387 0.885000 0.885757 0.751543 0.684265 0.611360 0.545039 0.548609 0.541908 0.627352 0.630243 0.605521 0.710510 0.475854 0.488336 0.536887 0.584041 0.745203 0.563640 0.508753 0.473680 0.850215 0.995572 0.793421 0.862620 0.638453 0.664387 0.856858 0.921569 0.638712 0.683709 0.891776 0.769255 0.624227 0.856533 0.689511 0.582352 0.447948 0.431986 0.742808 0.805707 0.793061 0.822809 0.820050 0.861940 0.949566 0.975363 0.920243 0.692840 0.731094 0.609417 0.883477 0.857099 0.973246 0.713215 0.832802 0.915749 0.770982 0.889176 0.724216 0.904012 0.850163 0.883317 0.928521 0.898049 0.895368 0.940851 0.965983 0.858028 0.768375 0.955778 0.961863 0.739105
0.336528 0.296912 0.696558 0.732586 0.901924 0.855342 0.933322 0.519594 0.879824 0.779312 0.431080 0.321935 0.536681 0.430712 0.779870 0.655396 0.403085 0.378919 0.379270 0.000000 0.831551 0.978742 0.927369 0.997086 0.690869 0.706927 0.901257 0.985411 0.429207 0.465019 0.785203 0.883832 0.871227 0.666974 0.799684 0.637165 0.683016 0.873880 0.891748 0.936132 0.923791 0.996138 0.802551 0.885256 0.783629 0.816014 0.855982 0.745411 0.406195 0.383142 0.405611 0.426798 0.515333 0.556784 0.682241 0.551522 0.390647 0.333880 0.432292 0.406549 0.786741 0.474887 0.478904 0.389245 0.677871 0.909811 0.666916 0.742892 0.557574 0.473796 0.744623 0.860788 0.617371 0.663939 0.866490 0.739274 0.559307 0.747928 0.737733 0.598970 0.404605 0.418195 0.726323 0.905868 0.878634 0.896046 0.723707 0.933304 0.924133 0.976804 0.957532 0.673366 0.666956 0.607898 0.964030 0.855844 0.948988 0.701225 0.762719 0.893230 0.772065 0.948911 0.729437 0.856917 0.804178 0.990243 0.883564 0.941964 0.876479 0.936352 0.959853 0.935067 0.713298 0.942741 0.887296 0.663745
0.870635 0.858411 0.857926 0.944353 0.781062 0.836624 0.875363 0.694631 0.973304 0.743103 0.650849 0.750628 0.838520 0.817228 0.988964 0.989158 0.752704 0.838408 0.888579 0.831551 0.000000 0.891154 0.851326 0.798842 0.801676 0.884962 0.991111 0.892429 0.751151 0.773719 0.919778 0.990515 0.831272 0.842928 0.908571 0.896975 0.702739 0.821597 0.799343 0.896199 0.768893 0.913684 0.968945 0.892722 0.938148 0.782748 0.889093 0.905449 0.910920 0.818603 0.867699 0.848050 0.872844 0.796895 0.919377 0.999594 0.896043 0.843453 0.750413 0.848395 0.821121 0.776984 0.702154 0.746764 0.855757 0.989804 0.945827 0.922800 0.905908 0.937501 0.984555 0.924453 0.991253 0.985097 0.796629 0.846857 0.803622 0.971009 0.889849 0.976019 0.925483 0.984941 0.968827 0.969903 0.830651 0.847194 0.880567 0.852529 0.845378 0.994541 0.816126 0.960295 0.972307 0.984583 0.927153 0.975508 0.889963 0.961267 0.819018 0.874165 0.928573 0.816940 0.966727 0.907964 0.896901 0.984172 0.953838 0.912053 0.915934 0.835221 0.881267 0.721414 0.889766 0.902519 0.956965 0.885957
0.962455 0.918176 0.958688 0.941546 0.941262 0.992122 0.864139 0.909365 0.917179 0.961109 0.971210 0.989915 0.950211 0.993234 0.835032 0.997166 0.981562 0.959166 0.947890 0.978742 0.891154 0.000000 0.883271 0.988132 0.883642 0.930306 0.943643 0.929992 0.983091 0.987104 0.961029 0.997428 0.858061 0.916046 0.951331 0.925703 0.921387 0.690413 0.947102 0.744723 0.853955 0.928248 0.972104 0.972999 0.937885 0.977662 0.958869 0.957905 0.918443 0.917097 0.866048 0.944721 0.921036 0.967041 0.998702 0.926196 0.967866 0.960108 0.985490 0.939934 0.853277 0.913275 0.956193 0.997552 0.886605 0.817470 0.849227 0.886538 0.964500 0.965906 0.995941 0.961761 0.999256 0.875471 0.921701 0.890403 0.990833 0.852107 0.860640 0.886543 0.938800 0.912974 0.999380 0.918701 0.960296 0.893701 0.857848 0.945866 0.985340 0.983348 0.915762 0.845663 0.920727 0.939085 0.985465 0.972011 0.972768 0.962738 0.975847 0.930216 0.989809 0.888958 0.967784 0.978783 0.875067 0.833164 0.975186 0.855514 0.945380 0.835401 0.966220 0.920641 0.963380 0.971773 0.924159 0.992737
0.854533 0.899684 0.531371 0.620244 0.730826 0.949931 0.778537 0.928151 0.880794 0.671847 0.616634 0.856573 0.782767 0.842301 0.522365 0.717176 0.781401 0.943682 0.905287 0.927369 0.851326 0.883271 0.000000 0.425087 0.614619 0.539769 0.771048 0.983866 0.731008 0.692250 0.753241 0.790808 0.727039 0.976988 0.704664 0.727407 0.850609 0.985226 0.892086 0.982681 0.856180 0.860762 0.908654 0.974514 0.974896 0.894571 0.998876 0.896458 0.783791 0.869599 0.895012 0.965735 0.966695 0.960670 0.890413 0.843482 0.786445 0.864939 0.758780 0.863084 0.893569 0.872664 0.782007 0.785389 0.399583 0.515643 0.725644 0.722663 0.931082 0.850912 0.832325 0.980548 0.986378 0.884640 0.954102 0.870589 0.905447 0.908930 0.877287 0.890346 0.996985 0.874577 0.609525 0.895168 0.433125 0.398827 0.775464 0.605788 0.821800 0.726261 0.764740 0.887219 0.850097 0.970543 0.837456 0.938375 0.987867 0.942059 0.885112 0.904467 0.983610 0.898120 0.931718 0.748316 0.793445 0.770829 0.893509 0.829660 0.895908 0.920953 0.852536 0.958183 0.864900 0.963421 0.728391 0.906264
0.997063 0.991403 0.803132 0.670352 0.875644 0.961069 0.919731 0.829264 0.834917 0.597755 0.670485 0.953850 0.844633 0.733261 0.729449 0.690641 0.737590 0.856905 0.910691 0.997086 0.798842 0.988132 0.425087 0.000000 0.663155 0.744606 0.683860 0.935625 0.737032 0.691160 0.973688 0.900813 0.969850 0.828355 0.924130 0.907368 0.995476 0.979826 0.840002 0.997988 0.921041 0.961083 0.798740 0.760563 0.747840 0.742661 0.906101 0.949709 0.862697 0.985159 0.977029 0.913657 0.875576 0.902742 0.949634 0.889608 0.830101 0.968136 0.862893 0.986267 0.954970 0.882297 0.724859 0.817553 0.659473 0.732817 0.944413 0.890996 0.900358 0.965455 0.971022 0.912209 0.865698 0.894929 0.919415 0.893765 0.833317 0.967829 0.969838 0.879469 0.959100 0.864692 0.684670 0.879551 0.596962 0.488338 0.841565 0.599929 0.760885 0.841945 0.968821 0.862583 0.870818 0.849119 0.852408 0.952978 0.971413 0.945347 0.614381 0.915178 0.835960 0.926599 0.992409 0.747827 0.938837 0.869870 0.999886 0.747797 0.935501 0.901078 0.979652 0.779812 0.879380 0.944068 0.981222 0.863295
0.695833 0.724267 0.555811 0.859527 0.999483 0.743102 0.940590 0.535647 0.923490 0.623224 0.481199 0.509363 0.757370 0.747400 0.899478 0.965452 0.613058 0.686779 0.787361 0.690869 0.801676 0.883642 0.614619 0.663155 0.000000 0.452263 0.665819 0.854250 0.509330 0.500546 0.708203 0.836214 0.992002 0.777056 0.750808 0.801336 0.688509 0.812271 0.915534 0.859591 0.918388 0.854469 0.941556 0.848431 0.946608 0.752855 0.903184 0.935562 0.708379 0.781330 0.782478 0.832747 0.901777 0.909501 0.963112 0.839725 0.703421 0.752843 0.595814 0.658862 0.674899 0.524321 0.497417 0.515604 0.551678 0.901127 0.836026 0.911495 0.945446 0.865955 0.670911 0.802619 0.784957 0.773571 0.867177 0.864560 0.780207 0.957602 0.949164 0.941540 0.741143 0.890631 0.960452 0.916429 0.770575 0.732101 0.965631 0.794526 0.748643 0.814077 0.949395 0.850279 0.806334 0.892781 0.936877 0.858122 0.953519 0.952780 0.753060 0.891664 0.821840 0.929218 0.877235 0.785314 0.929863 0.889425 0.933322 0.831138 0.916940 0.885063 0.968422 0.909189 0.779464 0.973073 0.879166 0.860980
0.769284 0.806831 0.395689 0.717891 0.855676 0.990235 0.778815 0.831375 0.826352 0.802537 0.648481 0.651469 0.956734 0.846606 0.713561 0.916518 0.753034 0.855328 0.855082 0.706927 0.884962 0.930306 0.539769 0.744606 0.452263 0.000000 0.816081 0.897078 0.695573 0.715579 0.422125 0.602064 0.718058 0.966253 0.624638 0.775529 0.649050 0.874016 0.810453 0.914266 0.961208 0.979784 0.607305 0.823903 0.803927 0.901124 0.919484 0.786682 0.821075 0.852992 0.880320 0.981136 0.991259 0.908918 0.927989 0.845174 0.750624 0.787431 0.647015 0.777716 0.966430 0.755787 0.770623 0.745135 0.457475 0.650780 0.668850 0.636715 0.817027 0.768346 0.689281 0.906615 0.835981 0.848043 0.949013 0.935492 0.826645 0.872681 0.922385 0.933469 0.964780 0.980619 0.886799 0.927431 0.650727 0.587335 0.821013 0.893704 0.796041 0.722637 0.631320 0.682667 0.624023 0.806757 0.842613 0.935820 0.939496 0.777487 0.968813 0.863469 0.895288 0.744427 0.993529 0.987545 0.859033 0.696434 0.938660 0.944788 0.989813 0.864654 0.932695 0.951650 0.993197 0.988126 0.715049 0.818574
0.874356 0.883552 0.986299 0.852132 0.985922 0.992702 0.740728 0.849066 0.781880 0.691019 0.872682 0.986917 0.934635 0.840893 0.805843 0.850990 0.895170 0.936209 0.933168 0.901257 0.991111 0.943643 0.771048 0.683860 0.665819 0.816081 0.000000 0.756246 0.842510 0.899901 0.925456 0.901474 0.881286 0.905855 0.760851 0.962656 0.998514 0.914865 0.967982 0.941206 0.948893 0.962745 0.752064 0.839355 0.696268 0.847059 0.964723 0.946356 0.949239 0.746256 0.908871 0.778611 0.807322 0.835090 0.962381 0.967001 0.923237 0.767975 0.999824 0.867883 0.792278 0.913743 0.850744 0.927069 0.886732 0.991730 0.759803 0.756123 0.846694 0.711102 0.919216 0.996213 0.872779 0.893148 0.991913 0.998415 0.885174 0.852722 0.860150 0.904812 0.982658 0.889210 0.797153 0.971309 0.839387 0.725864 0.972851 0.804664 0.823572 0.792536 0.923444 0.809298 0.836661 0.813554 0.934786 0.897733 0.907617 0.834619 0.698450 0.793976 0.825296 0.849092 0.947687 0.841767 0.994614 0.949036 0.947980 0.715149 0.804689 0.914146 0.856488 0.839391 0.789337 0.800689 0.880757 0.911971
0.981483 0.955094 0.976763 0.966228 0.854145 0.990522 0.792655 0.869852 0.794766 0.919611 0.887524 0.933439 0.963614 0.961773 0.984912 0.976406 0.956397 0.904220 0.972465 0.985411 0.892429 0.929992 0.983866 0.935625 0.854250 0.897078 0.756246 0.000000 0.905674 0.929093 0.940203 0.877433 0.950428 0.992265 0.993976 0.802222 0.844800 0.967015 0.963644 0.941354 0.946386 0.941877 0.823204 0.934635 0.810114 0.869714 0.984895 0.970392 0.964356 0.967824 0.893302 0.932749 0.903427 0.882841 0.880427 0.854388 0.957872 0.983078 0.985051 0.998618 0.849658 0.898004 0.935923 0.950213 0.989751 0.906514 0.905532 0.865716 0.939579 0.985172 0.900150 0.991848 0.844016 0.984787 0.876787 0.978259 0.930954 0.918290 0.965392 0.959625 0.920767 0.918020 0.976196 0.929378 0.957964 0.989514 0.952119 0.966855 0.862855 0.735607 0.858636 0.832055 0.887378 0.891580 0.960723 0.866296 0.940517 0.949463 0.945863 0.990224 0.962447 0.938094 0.905189 0.795127 0.943676 0.986388 0.977964 0.911147 0.777524 0.924787 0.888483 0.939351 0.957077 0.854260 0.943133 0.982005
0.421853 0.398703 0.760833 0.863779 0.991774 0.721502 0.853078 0.390620 0.912961 0.518149 0.319384 0.358857 0.534256 0.567141 0.855861 0.805963 0.377924 0.368537 0.495573 0.429207 0.751151 0.983091 0.731008 0.737032 0.509330 0.695573 0.842510 0.905674 0.000000 0.330801 0.922706 0.947588 0.695881 0.574076 0.844165 0.704190 0.692997 0.896292 0.857080 0.931943 0.931562 0.983942 0.912825 0.640116 0.881487 0.520598 0.714401 0.697841 0.422953 0.474578 0.428094 0.485652 0.563535 0.532791 0.741866 0.608173 0.459132 0.473077 0.400345 0.455244 0.578910 0.364725 0.330184 0.318634 0.666727 0.977426 0.851286 0.944591 0.812524 0.727019 0.697647 0.878864 0.580454 0.665928 0.833143 0.761874 0.561595 0.821805 0.727874 0.676614 0.471858 0.586286 0.885589 0.989566 0.997606 0.901756 0.830520 0.871301 0.928270 0.967116 0.810084 0.823493 0.872824 0.836296 0.912158 0.825596 0.859802 0.823731 0.569639 0.733437 0.579977 0.749992 0.699653 0.674439 0.798444 0.983661 0.923912 0.863002 0.878371 0.928112 0.928864 0.882506 0.572610 0.999220 0.990902 0.747345
0.508039 0.420835 0.791170 0.883517 0.961773 0.790662 0.881714 0.390157 0.900926 0.474068 0.383719 0.394718 0.613213 0.613274 0.943086 0.816413 0.371224 0.392531 0.528528 0.465019 0.773719 0.987104 0.692250 0.691160 0.500546 0.715579 0.899901 0.929093 0.330801 0.000000 0.954939 0.940654 0.739260 0.507303 0.786061 0.662058 0.811600 0.879882 0.896927 0.983761 0.900893 0.990584 0.865434 0.592171 0.855274 0.511330 0.704156 0.650527 0.473857 0.510941 0.487180 0.529491 0.626980 0.603525 0.751341 0.704620 0.447192 0.477248 0.509738 0.515829 0.652086 0.414074 0.334476 0.298574 0.628173 0.929056 0.767944 0.946172 0.870841 0.697306 0.830488 0.997025 0.700947 0.691122 0.849518 0.783819 0.649437 0.740818 0.736426 0.655349 0.439553 0.606720 0.937620 0.912331 0.898788 0.842550 0.792656 0.832459 0.820238 0.831184 0.908932 0.777966 0.802946 0.779103 0.970749 0.785134 0.883747 0.886063 0.607761 0.829840 0.565635 0.774819 0.674004 0.681898 0.871674 0.970478 0.857446 0.881647 0.962273 0.914651 0.873392 0.850575 0.555341 0.968083 0.948931 0.739044
0.835616 0.946482 0.529390 0.869484 0.910250 0.922649 0.734089 0.945882 0.647428 0.890247 0.835409 0.772105 0.984894 0.851122 0.751692 0.955441 0.938368 0.988428 0.950830 0.785203 0.919778 0.961029 0.753241 0.973688 0.708203 0.422125 0.925456 0.940203 0.922706 0.954939 0.000000 0.455897 0.679966 0.801762 0.747613 0.894511 0.716059 0.938019 0.910749 0.975558 0.997847 0.937996 0.474866 0.557173 0.648242 0.678098 0.774556 0.617805 0.975540 0.949959 0.981580 0.942651 0.967512 0.850987 0.957210 0.891393 0.958110 0.910545 0.673133 0.881547 0.975521 0.913426 0.989408 0.937698 0.692085 0.765250 0.801844 0.620051 0.692030 0.767600 0.719279 0.821692 0.849509 0.927512 0.882491 0.982278 0.980570 0.761836 0.887206 0.807798 0.919932 0.971119 0.999679 0.975286 0.872885 0.824830 0.897856 0.858072 0.913687 0.928975 0.687851 0.732382 0.710908 0.823103 0.878082 0.990988 0.930987 0.897635 0.861620 0.801190 0.712535 0.704348 0.884325 0.897142 0.866279 0.644634 0.986267 0.925167 0.984568 0.793976 0.797856 0.851452 0.898968 0.977342 0.720914 0.813891
0.818299 0.959478 0.587579 0.841320 0.872936 0.878298 0.700414 0.900978 0.720505 0.846030 0.891868 0.835617 0.984433 0.884250 0.766108 0.948606 0.983772 0.900007 0.974056 0.883832 0.990515 0.997428 0.790808 0.900813 0.836214 0.602064 0.901474 0.877433 0.947588 0.940654 0.455897 0.000000 0.579654 0.782240 0.750617 0.986331 0.857654 0.954276 0.847119 0.877855 0.915878 0.871417 0.500499 0.579128 0.646697 0.666955 0.724007 0.584511 0.965018 0.954728 0.995987 0.984606 0.964960 0.886353 0.941321 0.936278 0.977745 0.921500 0.780635 0.918642 0.915357 0.939972 0.954035 0.980144 0.722589 0.771474 0.821406 0.613538 0.717386 0.866365 0.699829 0.773421 0.994205 0.901162 0.924822 0.996884 0.979034 0.803989 0.799205 0.784752 0.920010 0.952164 0.961443 0.965796 0.904045 0.851381 0.974545 0.775753 0.930395 0.960078 0.724243 0.732664 0.769473 0.831784 0.842291 0.906380 0.987593 0.879818 0.832611 0.867252 0.775547 0.758527 0.899876 0.943538 0.823134 0.760105 0.941540 0.931039 0.922143 0.791111 0.739208 0.862782 0.982574 0.950419 0.797913 0.871897
0.899707 0.830992 0.577596 0.586286 0.855042 0.797255 0.516726 0.627305 0.757560 0.733944 0.805433 0.811831 0.638195 0.812014 0.578321 0.778479 0.680166 0.611055 0.706945 0.871227 0.831272 0.858061 0.727039 0.969850 0.992002 0.718058 0.881286 0.950428 0.695881 0.739260 0.679966 0.579654 0.000000 0.552810 0.676666 0.861014 0.897499 0.977957 0.957295 0.994750 0.914969 0.886859 0.537131 0.544425 0.622425 0.591168 0.805329 0.577458 0.908431 0.972500 0.880214 0.887116 0.941682 0.836859 0.883387 0.987255 0.812018 0.882059 0.855322 0.929825 0.558467 0.728378 0.661810 0.702814 0.677821 0.602101 0.654041 0.554929 0.893440 0.900408 0.992873 0.883304 0.855847 0.954982 0.861074 0.861494 0.811784 0.806715 0.626687 0.715542 0.696570 0.796404 0.818922 0.877133 0.665582 0.734118 0.928141 0.978228 0.984431 0.913000 0.629778 0.898147 0.797335 0.906355 0.965783 0.960868 0.922810 0.799429 0.627378 0.614613 0.700009 0.605587 0.866810 0.807472 0.679971 0.756392 0.907556 0.774274 0.999783 0.907749 0.769235 0.801007 0.767349 0.980909 0.778572 0.900091
0.662878 0.658538 0.841393 0.672729 0.792931 0.792070 0.558121 0.432619 0.745499 0.647782 0.613504 0.599893 0.550226 0.703988 0.710222 0.797810 0.569287 0.567766 0.640983 0.666974 0.842928 0.916046 0.976988 0.828355 0.777056 0.966253 0.905855 0.992265 0.574076 0.507303 0.801762 0.782240 0.552810 0.000000 0.865191 0.908562 0.929259 0.942434 0.942520 0.964219 0.955901 0.967655 0.614170 0.440323 0.649004 0.516550 0.705387 0.604730 0.700111 0.777525 0.702544 0.722937 0.833940 0.738742 0.938520 0.876272 0.684529 0.772395 0.688379 0.696324 0.520930 0.514057 0.456099 0.524179 0.933433 0.682809 0.819088 0.645696 0.938772 0.980434 0.964212 0.891707 0.828587 0.906054 0.828444 0.838337 0.596402 0.801180 0.735779 0.809061 0.626494 0.753433 0.789975 0.914359 0.783185 0.839351 0.997867 0.932277 0.960153 0.965836 0.667459 0.984360 0.930642 0.965617 0.982451 0.765293 0.912834 0.869473 0.513847 0.693600 0.605183 0.648748 0.682325 0.861577 0.775142 0.836314 0.993645 0.791165 0.918107 0.940610 0.758330 0.724596 0.617902 0.896205 0.721576 0.893647
0.811278 0.810974 0.550563 0.884979 0.831896 0.910823 0.676038 0.949102 0.744093 0.951253 0.821191 0.747956 0.964843 0.830449 0.789534 0.998955 0.845771 0.946313 0.879307 0.799684 0.908571 0.951331 0.704664 0.924130 0.750808 0.624638 0.760851 0.993976 0.844165 0.786061 0.747613 0.750617 0.676666 0.865191 0.000000 0.790339 0.645616 0.830691 0.987332 0.969354 0.961302 0.965108 0.647266 0.861426 0.708135 0.920800 0.942373 0.917907 0.803855 0.685132 0.815620 0.817924 0.851227 0.944095 0.942070 0.861789 0.777635 0.707716 0.805791 0.736179 0.837650 0.909037 0.842324 0.793538 0.616668 0.658924 0.522497 0.576609 0.840234 0.626532 0.949279 0.950735 0.976806 0.936521 0.947016 0.953094 0.853923 0.947981 0.996453 0.940589 0.933218 0.959729 0.937217 0.938139 0.671686 0.702718 0.879069 0.947975 0.920310 0.848814 0.693482 0.658644 0.711331 0.646559 0.989782 0.859770 0.959892 0.730346 0.877787 0.683223 0.890328 0.773135 0.992143 0.895458 0.759974 0.841928 0.962188 0.893930 0.984006 0.982894 0.937259 0.834796 0.840668 0.893621 0.625667 0.877451
0.658672 0.614599 0.643099 0.969464 0.843389 0.986793 0.758799 0.835878 0.882627 0.890933 0.712303 0.680095 0.895859 0.750844 0.990813 0.880536 0.751855 0.765037 0.785172 0.637165 0.896975 0.925703 0.727407 0.907368 0.801336 0.775529 0.962656 0.802222 0.704190 0.662058 0.894511 0.986331 0.861014 0.908562 0.790339 0.000000 0.726511 0.908471 0.966718 0.928074 0.909717 0.970073 0.803261 0.982694 0.814718 0.823600 0.948421 0.913422 0.650362 0.566029 0.605524 0.594180 0.663274 0.661709 0.719304 0.750963 0.599259 0.547988 0.703949 0.598395 0.998499 0.705318 0.722631 0.648464 0.634114 0.783707 0.574716 0.687880 0.731537 0.619472 0.967587 0.922059 0.884329 0.975483 0.993455 0.842840 0.751591 0.951608 0.898101 0.920305 0.805383 0.784691 0.991319 0.949817 0.800325 0.928181 0.673586 0.825871 0.980438 0.969445 0.788217 0.690178 0.580715 0.660845 0.876859 0.931583 0.965578 0.711424 0.970981 0.844892 0.961649 0.951752 0.911430 0.801914 0.973862 0.946290 0.830063 0.852615 0.946196 0.912300 0.874327 0.837615 0.946326 0.952453 0.982526 0.893290
0.699179 0.722006 0.693397 0.898438 0.844503 0.856165 0.965174 0.720708 0.859116 0.912002 0.683256 0.642061 0.761069 0.644961 0.980303 0.940402 0.768061 0.823396 0.698981 0.683016 0.702739 0.921387 0.850609 0.995476 0.688509 0.649050 0.998514 0.844800 0.692997 0.811600 0.716059 0.857654 0.897499 0.929259 0.645616 0.726511 0.000000 0.857882 0.751218 0.793294 0.917711 0.828482 0.793324 0.927496 0.840475 0.930708 0.948836 0.906936 0.779560 0.713203 0.734951 0.767618 0.773203 0.809068 0.838037 0.885467 0.767857 0.726112 0.611447 0.671953 0.814731 0.712628 0.702909 0.702080 0.787634 0.944586 0.776177 0.812329 0.918936 0.830112 0.760734 0.883818 0.873311 0.978187 0.974151 0.976788 0.749611 0.799641 0.906916 0.976268 0.842459 0.885863 0.976278 0.909907 0.927980 0.937991 0.868506 0.870761 0.920394 0.895962 0.961306 0.747320 0.878329 0.789136 0.936164 0.930776 0.938783 0.750922 0.981790 0.986242 0.989443 0.990922 0.913066 0.999276 0.952725 0.814166 0.968695 0.995709 0.967479 0.914401 0.921934 0.960028 0.958419 0.962353 0.936155 0.968883
0.870092 0.882321 0.763820 0.852395 0.973699 0.953221 0.943524 0.889913 0.939270 0.995820 0.878499 0.817332 0.816844 0.767329 0.898174 0.885917 0.904186 0.946393 0.890306 0.873880 0.821597 0.690413 0.985226 0.979826 0.812271 0.874016 0.914865 0.967015 0.896292 0.879882 0.938019 0.954276 0.977957 0.942434 0.830691 0.908471 0.857882 0.000000 0.816238 0.940366 0.765807 0.897509 0.956033 0.914266 0.875645 0.966785 0.952902 0.940485 0.896936 0.816786 0.870847 0.855833 0.888054 0.853724 0.983408 0.980179 0.946486 0.924919 0.997283 0.764044 0.976701 0.907761 0.785693 0.892487 0.847908 0.950639 0.850747 0.912393 0.960586 0.963087 0.978762 0.897042 0.919505 0.998661 0.981257 0.951641 0.963131 0.923134 0.975000 0.933024 0.950004 0.967870 0.969067 0.788877 0.871646 0.856194 0.984643 0.791740 0.921155 0.834427 0.985321 0.927563 0.901316 0.769516 0.911746 0.800152 0.740960 0.777339 0.907253 0.891978 0.867907 0.931427 0.996986 0.871877 0.978778 0.844254 0.838567 0.894835 0.899359 0.894441 0.966394 0.955782 0.931294 0.993314 0.974963 0.872139
