0.000000 0.145614 0.312254 0.282610 0.700521 0.553518 0.238705 0.186959 0.414935 0.326872 0.162751 0.132723 0.138569 0.224913 0.223178 0.219861 0.136234 0.119416 0.132479 0.142399 0.501854 0.895757 0.254596 0.454758 0.698407 0.654787 0.880633 0.869089 0.179061 0.144579 0.284803 0.355570 0.152240 0.159142 0.459976 0.626118 0.360103 0.411861 0.690389 0.661543 0.641135 0.494277 0.220160 0.188927 0.260934 0.196784 0.209176 0.202379 0.661262 0.346222 0.412313 0.315036 0.440925 0.519151 0.456284 0.467905 0.149202 0.138266 0.166318 0.166790 0.128448 0.167539 0.127949 0.124604 0.397475 0.272354 0.262800 0.252808 0.302200 0.190009 0.226017 0.245820 0.406418 0.388612 0.616508 0.586886 0.346757 0.287504 0.180825 0.182437 0.113175 0.169235 0.454301 0.311917 0.249235 0.442689 0.970704 0.868437 0.387287 0.490205 0.565229 0.662731 0.575012 0.780513 0.453135 0.453636 0.319215 0.544966 0.244850 0.238586 0.524027 0.625805 0.267078 0.275679 0.285049 0.298466 0.647443 0.589854 0.575776 0.350990 0.620607 0.320133 0.333356 0.458602 0.438826 0.962749
0.145614 0.000000 0.453379 0.394507 0.733604 0.595020 0.359859 0.250417 0.477087 0.371928 0.213559 0.134086 0.171655 0.196203 0.235088 0.228414 0.152021 0.126389 0.184376 0.165024 0.534512 0.935498 0.311331 0.461851 0.722467 0.729381 0.898016 0.940938 0.163291 0.167096 0.339338 0.408105 0.208425 0.236103 0.561629 0.634948 0.397456 0.461310 0.810696 0.688041 0.701671 0.461075 0.249544 0.217755 0.264387 0.209571 0.259006 0.226861 0.574628 0.362380 0.405839 0.331960 0.470220 0.591259 0.561653 0.524603 0.109672 0.098891 0.211880 0.205912 0.199152 0.206212 0.164801 0.129340 0.552487 0.416582 0.375813 0.352702 0.323410 0.215723 0.256990 0.276037 0.495670 0.493833 0.644251 0.579008 0.324762 0.308682 0.258199 0.225914 0.153868 0.216461 0.407607 0.328545 0.316667 0.483603 0.901529 0.839477 0.462813 0.527699 0.646094 0.737606 0.646656 0.881565 0.392452 0.517866 0.329711 0.455312 0.268234 0.258182 0.543251 0.720572 0.315588 0.275984 0.325414 0.330571 0.684791 0.628131 0.610728 0.410464 0.633347 0.373449 0.428337 0.426861 0.429349 0.865559
0.312254 0.453379 0.000000 0.135399 0.685576 0.546720 0.153321 0.211594 0.393519 0.366778 0.347834 0.357707 0.307452 0.423480 0.368948 0.356434 0.414617 0.366926 0.247228 0.314787 0.418405 0.848960 0.195458 0.373902 0.487314 0.378431 0.960051 0.914300 0.408277 0.320699 0.209368 0.324117 0.219005 0.243419 0.363778 0.664611 0.369884 0.463390 0.582220 0.595126 0.798229 0.623866 0.290065 0.291753 0.465046 0.423145 0.367232 0.308507 0.941903 0.573040 0.651938 0.539587 0.560095 0.485997 0.422843 0.547344 0.509469 0.483542 0.317068 0.326942 0.245250 0.340063 0.327185 0.365895 0.193391 0.175009 0.185621 0.216821 0.470909 0.300053 0.315313 0.366301 0.417008 0.420548 0.565238 0.789413 0.431687 0.414628 0.333071 0.433032 0.301516 0.259380 0.571441 0.335065 0.283230 0.399497 0.899939 0.939952 0.406127 0.458119 0.518117 0.577831 0.499146 0.669094 0.538536 0.584930 0.484309 0.698748 0.443580 0.392849 0.527192 0.463763 0.441737 0.333078 0.363667 0.397909 0.698550 0.617328 0.636276 0.437836 0.688341 0.546934 0.465638 0.624626 0.553062 0.956657
0.282610 0.394507 0.135399 0.000000 0.723166 0.478228 0.163728 0.155889 0.406038 0.291408 0.359796 0.288426 0.271346 0.336596 0.297648 0.278392 0.363832 0.318499 0.230695 0.272708 0.379900 0.800128 0.158204 0.311461 0.470731 0.355901 0.963255 0.993581 0.340403 0.259526 0.187802 0.264592 0.180618 0.195279 0.308098 0.618218 0.334249 0.455926 0.537446 0.601686 0.761530 0.562572 0.249393 0.254961 0.398808 0.363907 0.305264 0.250390 0.842425 0.501743 0.592819 0.474023 0.516661 0.489742 0.373047 0.489060 0.455108 0.415796 0.287823 0.289310 0.240360 0.282421 0.295305 0.296619 0.232001 0.183676 0.169759 0.177233 0.462468 0.275021 0.274311 0.351234 0.443388 0.526233 0.509503 0.729146 0.379773 0.407015 0.280613 0.386532 0.234642 0.187189 0.488122 0.254913 0.243854 0.331582 0.899002 0.976286 0.387755 0.382894 0.485054 0.556583 0.452037 0.659027 0.480089 0.522387 0.413796 0.651457 0.384934 0.309758 0.483161 0.472444 0.370079 0.294837 0.296188 0.340134 0.714705 0.636426 0.658252 0.415732 0.621199 0.459215 0.423541 0.516114 0.549665 0.971996
0.700521 0.733604 0.685576 0.723166 0.000000 0.900472 0.663106 0.660425 0.803821 0.702297 0.758552 0.735896 0.660753 0.731464 0.718072 0.695905 0.765934 0.755297 0.670579 0.795338 0.773270 0.861823 0.677526 0.768361 0.964643 0.975542 0.890811 0.879925 0.734323 0.768598 0.845583 0.903220 0.684008 0.739271 0.832645 0.813816 0.913147 0.676250 0.883734 0.735999 0.938020 0.742501 0.629053 0.652594 0.668181 0.677617 0.691427 0.691254 0.806903 0.749659 0.610511 0.637695 0.691126 0.655213 0.836799 0.801552 0.700738 0.763251 0.626917 0.656707 0.616792 0.625983 0.673651 0.674691 0.688210 0.669149 0.662250 0.655546 0.840687 0.765931 0.614663 0.727318 0.948958 0.916142 0.903489 0.892463 0.819366 0.850874 0.851728 0.807626 0.747843 0.801273 0.676674 0.795425 0.692213 0.743530 0.983340 0.955056 0.814959 0.742461 0.746191 0.731042 0.796899 0.826805 0.972258 0.822220 0.780076 0.830763 0.684934 0.635622 0.742026 0.749931 0.590306 0.635438 0.638016 0.723820 0.753657 0.710865 0.807527 0.868675 0.785281 0.793944 0.735237 0.757190 0.727486 0.986921
0.553518 0.595020 0.546720 0.478228 0.900472 0.000000 0.453243 0.412967 0.611768 0.449057 0.591375 0.538357 0.559975 0.652556 0.631896 0.591804 0.597245 0.547203 0.574199 0.554762 0.713301 0.961403 0.587201 0.761154 0.864021 0.602121 0.962667 0.817413 0.580026 0.577889 0.579512 0.651478 0.524484 0.540349 0.603467 0.829293 0.605913 0.853891 0.855498 0.818560 0.744954 0.590675 0.425284 0.512282 0.489657 0.514630 0.447718 0.502631 0.804906 0.709843 0.670554 0.606392 0.634644 0.679539 0.668643 0.622735 0.628606 0.626039 0.572333 0.586844 0.555481 0.579431 0.557789 0.558540 0.667066 0.544677 0.440681 0.454669 0.694872 0.586671 0.480032 0.476605 0.705387 0.785923 0.710495 0.844916 0.585155 0.602944 0.515036 0.687684 0.510903 0.523113 0.825382 0.554029 0.603850 0.762903 0.820672 0.811252 0.724614 0.714150 0.414307 0.482296 0.371182 0.591459 0.633314 0.736761 0.463128 0.751941 0.464547 0.464146 0.487146 0.501044 0.596786 0.466867 0.491728 0.537927 0.912621 0.652504 0.824756 0.611225 0.763351 0.518430 0.482617 0.677079 0.687945 0.913852
0.238705 0.359859 0.153321 0.163728 0.663106 0.453243 0.000000 0.127184 0.352420 0.225951 0.269188 0.274282 0.252011 0.361885 0.339252 0.324873 0.304114 0.272551 0.172337 0.262051 0.439333 0.848913 0.232774 0.483371 0.709992 0.563785 0.878627 0.856422 0.327990 0.263485 0.252117 0.343043 0.182096 0.171149 0.395373 0.663731 0.410679 0.454304 0.630589 0.592568 0.710348 0.536703 0.215703 0.187853 0.311695 0.298526 0.307602 0.235089 0.871282 0.545706 0.544821 0.460364 0.517994 0.439743 0.418764 0.580267 0.365815 0.378324 0.212810 0.271666 0.172190 0.287314 0.231825 0.267736 0.291545 0.197018 0.126820 0.138407 0.428858 0.281003 0.247162 0.257483 0.421842 0.455823 0.529251 0.712524 0.382867 0.336476 0.307667 0.389945 0.231245 0.236579 0.543310 0.346199 0.310991 0.495123 0.953783 0.797876 0.400755 0.560380 0.439306 0.479020 0.417649 0.585732 0.503943 0.525290 0.382273 0.609697 0.302160 0.274765 0.439990 0.354275 0.339959 0.246920 0.301851 0.312069 0.695716 0.556125 0.586191 0.371985 0.552554 0.408863 0.338901 0.483103 0.510537 0.922424
0.186959 0.250417 0.211594 0.155889 0.660425 0.412967 0.127184 0.000000 0.356272 0.185317 0.260217 0.180087 0.187529 0.254597 0.250379 0.231444 0.226133 0.200389 0.171644 0.201787 0.430948 0.830992 0.199450 0.405487 0.690472 0.564662 0.855569 0.947509 0.245684 0.190838 0.257707 0.324086 0.150449 0.142059 0.371407 0.582060 0.378945 0.411571 0.677481 0.579503 0.659589 0.509216 0.173127 0.171698 0.237789 0.231765 0.251168 0.205338 0.724129 0.431467 0.435920 0.357191 0.424780 0.435435 0.435631 0.501143 0.282227 0.273040 0.205386 0.231973 0.157438 0.185168 0.189447 0.166036 0.335333 0.212528 0.140554 0.157083 0.426687 0.231537 0.220233 0.270708 0.438374 0.514374 0.557351 0.629990 0.324452 0.282074 0.226266 0.348836 0.162976 0.178584 0.441563 0.288762 0.260378 0.423505 0.989215 0.834096 0.391604 0.455256 0.367462 0.439945 0.359198 0.583837 0.410533 0.414581 0.288860 0.511175 0.210728 0.176402 0.353292 0.422847 0.274871 0.189792 0.214381 0.277898 0.659826 0.504669 0.590103 0.339647 0.533879 0.339076 0.307221 0.403864 0.468778 0.927166
0.414935 0.477087 0.393519 0.406038 0.803821 0.611768 0.352420 0.356272 0.000000 0.362497 0.392469 0.392124 0.398663 0.492258 0.483921 0.438082 0.459108 0.439360 0.406725 0.384070 0.683963 0.966100 0.417411 0.648652 0.745205 0.680197 0.946527 0.840003 0.448883 0.413246 0.430406 0.538398 0.393005 0.405990 0.552415 0.733519 0.506508 0.561429 0.839616 0.767567 0.822981 0.758579 0.413246 0.399040 0.460129 0.459895 0.443561 0.439053 0.868612 0.604949 0.583164 0.534753 0.636727 0.647243 0.646278 0.658196 0.459166 0.487155 0.434959 0.447790 0.335308 0.351572 0.436037 0.441341 0.414490 0.362766 0.388638 0.387398 0.447491 0.454890 0.418974 0.521015 0.371384 0.367616 0.712607 0.612037 0.486660 0.407847 0.542432 0.516032 0.448670 0.484229 0.664244 0.597520 0.516417 0.678295 0.974922 0.709118 0.621685 0.675570 0.559080 0.561040 0.554825 0.631739 0.621821 0.549178 0.590240 0.803773 0.379330 0.403064 0.521890 0.528302 0.516558 0.382880 0.492734 0.485750 0.718260 0.582813 0.662404 0.514828 0.537604 0.568585 0.441607 0.722167 0.572679 0.902195
0.326872 0.371928 0.366778 0.291408 0.702297 0.449057 0.225951 0.185317 0.362497 0.000000 0.307874 0.281919 0.324347 0.374151 0.375767 0.349064 0.301130 0.303204 0.293798 0.335492 0.553387 0.785211 0.359008 0.560272 0.862146 0.666566 0.845653 0.948078 0.336245 0.283440 0.387054 0.423530 0.272177 0.256837 0.429107 0.671966 0.506789 0.517881 0.762754 0.635654 0.760829 0.516456 0.305865 0.307628 0.358678 0.375902 0.438011 0.347125 0.842978 0.584020 0.547647 0.474157 0.569304 0.528235 0.561566 0.582287 0.386358 0.418520 0.340623 0.389576 0.285091 0.298454 0.320239 0.286132 0.465442 0.306948 0.270194 0.299112 0.451156 0.316056 0.335705 0.358622 0.397418 0.505129 0.590760 0.557836 0.398183 0.312256 0.385444 0.424123 0.271371 0.309263 0.554928 0.382109 0.459510 0.635097 0.978768 0.736079 0.537045 0.652123 0.401486 0.420053 0.378979 0.524694 0.531139 0.448321 0.400044 0.572547 0.253516 0.246065 0.407331 0.384636 0.386259 0.245068 0.341642 0.365011 0.717381 0.530914 0.719910 0.457309 0.583953 0.415798 0.375691 0.424116 0.537844 0.967747
0.162751 0.213559 0.347834 0.359796 0.758552 0.591375 0.269188 0.260217 0.392469 0.307874 0.000000 0.149882 0.156033 0.225622 0.245517 0.216312 0.144761 0.130733 0.151151 0.153206 0.504259 0.954837 0.292549 0.453064 0.784565 0.708215 0.900732 0.855350 0.185076 0.143878 0.301377 0.327460 0.212834 0.185419 0.559720 0.683797 0.449327 0.480306 0.788654 0.659765 0.608915 0.529035 0.322660 0.260955 0.428880 0.365187 0.360336 0.316733 0.923853 0.583676 0.632157 0.541360 0.631019 0.698826 0.607634 0.686318 0.175645 0.226166 0.272079 0.319049 0.175793 0.250657 0.157830 0.177700 0.451721 0.308937 0.336962 0.366651 0.287581 0.265878 0.268914 0.281563 0.377099 0.382447 0.693269 0.594161 0.365721 0.250547 0.253173 0.214663 0.175000 0.236293 0.407295 0.366695 0.384357 0.569896 0.935079 0.802731 0.507704 0.683519 0.674017 0.755827 0.691130 0.842708 0.525558 0.577017 0.459254 0.630872 0.371142 0.347716 0.604359 0.599017 0.346708 0.290887 0.421232 0.365013 0.712131 0.678292 0.682467 0.423008 0.671856 0.425682 0.439456 0.503283 0.487910 0.989718
0.132723 0.134086 0.357707 0.288426 0.735896 0.538357 0.274282 0.180087 0.392124 0.281919 0.149882 0.000000 0.113893 0.130603 0.152337 0.135662 0.108984 0.084999 0.135229 0.121343 0.503254 0.867323 0.228279 0.377205 0.714342 0.670848 0.902846 0.989902 0.120049 0.092647 0.284333 0.305445 0.155198 0.165675 0.501968 0.631530 0.384150 0.435464 0.729450 0.602830 0.647290 0.477377 0.249284 0.206044 0.307355 0.252468 0.259873 0.236246 0.688374 0.432635 0.475374 0.393362 0.521959 0.604288 0.536002 0.567058 0.133610 0.141456 0.221323 0.230776 0.149302 0.151327 0.115861 0.092300 0.448584 0.291593 0.307064 0.304388 0.327324 0.202919 0.229267 0.272964 0.443080 0.475528 0.653992 0.532947 0.299163 0.226157 0.185544 0.209515 0.119800 0.172073 0.326495 0.276805 0.281551 0.427650 0.947231 0.871448 0.429720 0.523326 0.608487 0.702105 0.618344 0.849786 0.394484 0.463934 0.365558 0.491941 0.265475 0.235026 0.528097 0.642920 0.282631 0.232992 0.293540 0.306181 0.687484 0.603062 0.622291 0.345827 0.595352 0.352219 0.379657 0.411433 0.435965 0.950068
0.138569 0.171655 0.307452 0.271346 0.660753 0.559975 0.252011 0.187529 0.398663 0.324347 0.156033 0.113893 0.000000 0.128294 0.113721 0.123599 0.146961 0.125010 0.141004 0.164947 0.437556 0.873004 0.173615 0.307729 0.659201 0.645252 0.941048 0.932005 0.149049 0.119941 0.250177 0.305918 0.170360 0.174400 0.521273 0.644910 0.333719 0.372890 0.687690 0.607610 0.641932 0.478630 0.238371 0.197208 0.326067 0.274465 0.239794 0.214848 0.728751 0.447025 0.481916 0.389466 0.535210 0.582199 0.533581 0.573277 0.158560 0.171215 0.222764 0.245917 0.125066 0.163569 0.107764 0.107692 0.355502 0.268705 0.285950 0.298234 0.398340 0.259968 0.232108 0.293350 0.473072 0.473078 0.674212 0.562910 0.367890 0.266581 0.208750 0.241179 0.142750 0.196128 0.310163 0.292878 0.221619 0.362608 0.961495 0.947183 0.410694 0.449874 0.629498 0.713679 0.633299 0.856295 0.416397 0.461920 0.383117 0.501958 0.305661 0.267694 0.553315 0.621877 0.260692 0.240091 0.300063 0.279173 0.661387 0.580198 0.592738 0.363738 0.624749 0.393273 0.421391 0.436853 0.430425 0.996891
0.224913 0.196203 0.423480 0.336596 0.731464 0.652556 0.361885 0.254597 0.492258 0.374151 0.225622 0.130603 0.128294 0.000000 0.116568 0.113365 0.184143 0.163198 0.200512 0.211891 0.474329 0.828516 0.199570 0.269524 0.685786 0.696419 0.921599 0.936198 0.143100 0.135440 0.282703 0.290001 0.217381 0.222557 0.528430 0.636465 0.386613 0.421905 0.699592 0.580406 0.694093 0.484637 0.305268 0.258292 0.388538 0.343140 0.294124 0.258655 0.688237 0.491072 0.508995 0.455050 0.564531 0.655851 0.574265 0.611241 0.189058 0.204148 0.280576 0.311207 0.196484 0.206571 0.148404 0.123022 0.436013 0.335559 0.350554 0.359722 0.461191 0.316005 0.314933 0.401242 0.574996 0.622485 0.730133 0.581127 0.372063 0.274899 0.260259 0.299668 0.202107 0.239895 0.226563 0.327992 0.254779 0.335974 0.921700 0.967890 0.474232 0.468761 0.733891 0.830424 0.740354 0.986680 0.419301 0.505401 0.459212 0.446473 0.375852 0.313874 0.583695 0.720974 0.278771 0.290287 0.335735 0.311369 0.742425 0.636123 0.638971 0.412443 0.627362 0.427581 0.502665 0.464674 0.449541 0.962686
0.223178 0.235088 0.368948 0.297648 0.718072 0.631896 0.339252 0.250379 0.483921 0.375767 0.245517 0.152337 0.113721 0.116568 0.000000 0.123004 0.214426 0.188389 0.221176 0.239324 0.432670 0.803893 0.173621 0.273294 0.632381 0.623805 0.984228 0.977349 0.201519 0.156424 0.272302 0.312247 0.225156 0.239555 0.531599 0.704132 0.330131 0.414814 0.711144 0.555685 0.692971 0.516909 0.300584 0.247214 0.383844 0.332290 0.301384 0.253349 0.694575 0.462441 0.498456 0.411684 0.546558 0.596837 0.530572 0.565167 0.232591 0.228833 0.298326 0.310037 0.190422 0.194599 0.176304 0.152013 0.361519 0.299460 0.356545 0.366467 0.490114 0.318299 0.303978 0.369984 0.534773 0.584905 0.713085 0.584735 0.395846 0.300165 0.261620 0.304246 0.209560 0.236945 0.293292 0.327184 0.229675 0.323480 0.861731 0.918340 0.398149 0.396311 0.689359 0.771559 0.691338 0.931299 0.403462 0.461626 0.437125 0.503476 0.352112 0.300636 0.587733 0.685757 0.289590 0.287297 0.317627 0.315398 0.676972 0.583239 0.651754 0.431273 0.682864 0.417774 0.483692 0.472030 0.462231 0.957843
0.219861 0.228414 0.356434 0.278392 0.695905 0.591804 0.324873 0.231444 0.438082 0.349064 0.216312 0.135662 0.123599 0.113365 0.123004 0.000000 0.189157 0.158932 0.187962 0.202833 0.439621 0.855990 0.163474 0.258779 0.625068 0.614666 0.979095 0.971497 0.149911 0.129585 0.249597 0.263057 0.193928 0.204566 0.522846 0.687020 0.351738 0.430370 0.650208 0.520438 0.688114 0.464905 0.282546 0.233367 0.399616 0.337776 0.283804 0.254884 0.750803 0.491846 0.540111 0.465519 0.573997 0.641541 0.564607 0.601516 0.217485 0.220825 0.278514 0.301495 0.177596 0.183897 0.160688 0.128245 0.381511 0.273189 0.316323 0.336358 0.404008 0.286086 0.279195 0.340066 0.524724 0.600643 0.682504 0.572052 0.375428 0.254797 0.236173 0.272846 0.183144 0.205807 0.243297 0.270796 0.246768 0.302292 0.937054 0.947768 0.441966 0.421395 0.690708 0.782663 0.697759 0.930383 0.431738 0.467739 0.458732 0.506271 0.380154 0.321581 0.591933 0.649886 0.270743 0.261478 0.309439 0.297628 0.684667 0.681283 0.652258 0.421031 0.717165 0.442940 0.503301 0.465173 0.468812 0.994260
0.136234 0.152021 0.414617 0.363832 0.765934 0.597245 0.304114 0.226133 0.459108 0.301130 0.144761 0.108984 0.146961 0.184143 0.214426 0.189157 0.000000 0.092825 0.150766 0.148886 0.528032 0.860605 0.301111 0.464322 0.799863 0.743814 0.910490 0.923130 0.131006 0.114285 0.326879 0.327747 0.193296 0.164300 0.555582 0.668859 0.418823 0.480259 0.775412 0.625465 0.629192 0.481493 0.301040 0.231535 0.338992 0.289627 0.300197 0.277076 0.753912 0.475472 0.541177 0.437283 0.582435 0.652856 0.595148 0.599310 0.129285 0.144660 0.219898 0.240371 0.182194 0.201593 0.135993 0.119594 0.513102 0.338172 0.343021 0.333940 0.305738 0.210672 0.279759 0.287350 0.433797 0.453603 0.667134 0.510905 0.336469 0.253658 0.190676 0.184576 0.121328 0.187682 0.376654 0.313365 0.345721 0.508610 0.986911 0.846062 0.465955 0.601313 0.672215 0.741166 0.673703 0.849590 0.418792 0.478070 0.368643 0.481100 0.307221 0.262728 0.613371 0.656208 0.289835 0.262926 0.354266 0.309005 0.718426 0.637273 0.655766 0.355661 0.631055 0.356826 0.443972 0.376120 0.512297 0.873508
0.119416 0.126389 0.366926 0.318499 0.755297 0.547203 0.272551 0.200389 0.439360 0.303204 0.130733 0.084999 0.125010 0.163198 0.188389 0.158932 0.092825 0.000000 0.124802 0.114960 0.482990 0.902183 0.264848 0.424138 0.753593 0.705567 0.893696 0.953804 0.115895 0.097559 0.298938 0.320396 0.158666 0.162024 0.530841 0.668784 0.406345 0.459312 0.755088 0.605997 0.652693 0.472520 0.256935 0.193978 0.318876 0.250107 0.261895 0.234467 0.728565 0.450976 0.513524 0.414241 0.537143 0.614944 0.541018 0.580627 0.116633 0.126243 0.208288 0.217743 0.153818 0.183920 0.111028 0.097023 0.483105 0.321759 0.311487 0.315278 0.286132 0.196396 0.242808 0.241601 0.444633 0.454442 0.628009 0.570997 0.301669 0.229341 0.175229 0.183518 0.107751 0.164180 0.359508 0.284701 0.309494 0.471208 0.962089 0.829771 0.456644 0.556527 0.626390 0.715604 0.626869 0.845729 0.403684 0.478817 0.363887 0.502260 0.289120 0.253345 0.578540 0.641276 0.275076 0.252876 0.305659 0.302575 0.703138 0.669115 0.635267 0.351186 0.649066 0.350355 0.386170 0.390572 0.450888 0.928711
0.132479 0.184376 0.247228 0.230695 0.670579 0.574199 0.172337 0.171644 0.406725 0.293798 0.151151 0.135229 0.141004 0.200512 0.221176 0.187962 0.150766 0.124802 0.000000 0.136761 0.448475 0.858067 0.209523 0.396482 0.673355 0.631800 0.885456 0.855866 0.168423 0.131727 0.228257 0.280209 0.146371 0.132155 0.453183 0.624439 0.394316 0.415372 0.626649 0.577206 0.703417 0.478454 0.218302 0.167942 0.323237 0.273802 0.254730 0.191230 0.787872 0.453522 0.516382 0.420426 0.537092 0.546455 0.500794 0.622727 0.187035 0.204596 0.176643 0.199845 0.122875 0.206256 0.121481 0.139674 0.375501 0.241599 0.227894 0.221939 0.305107 0.202352 0.201449 0.232877 0.424134 0.426482 0.563286 0.591966 0.347877 0.265487 0.223422 0.214598 0.136113 0.172655 0.369782 0.293936 0.279790 0.438617 0.968986 0.830948 0.417594 0.553438 0.627203 0.716723 0.628531 0.832476 0.464005 0.503876 0.379098 0.511289 0.311571 0.275431 0.565669 0.572961 0.286945 0.246432 0.312288 0.284232 0.621126 0.631389 0.568597 0.340867 0.600243 0.372340 0.410257 0.456600 0.457742 0.968286
0.142399 0.165024 0.314787 0.272708 0.795338 0.554762 0.262051 0.201787 0.384070 0.335492 0.153206 0.121343 0.164947 0.211891 0.239324 0.202833 0.148886 0.114960 0.136761 0.000000 0.451456 0.886637 0.250643 0.389315 0.654821 0.605110 0.906777 0.928962 0.164073 0.118849 0.252056 0.260899 0.167884 0.159228 0.511029 0.649568 0.417302 0.491996 0.759594 0.654691 0.657076 0.564233 0.252527 0.215764 0.352972 0.276766 0.271761 0.260378 0.780148 0.450164 0.551007 0.456263 0.545177 0.626522 0.528657 0.576034 0.179076 0.182602 0.236522 0.233914 0.185284 0.210637 0.160832 0.152038 0.465450 0.316340 0.299345 0.297420 0.278485 0.210045 0.226973 0.263455 0.356754 0.383046 0.649121 0.576883 0.335894 0.253206 0.201927 0.179315 0.132414 0.158415 0.416597 0.312955 0.329656 0.479718 0.925527 0.847006 0.427785 0.580079 0.638619 0.744792 0.644562 0.872624 0.426522 0.541736 0.392864 0.591275 0.326813 0.290199 0.562993 0.645560 0.341851 0.287753 0.352284 0.311868 0.654447 0.682445 0.590873 0.342646 0.625820 0.395135 0.413894 0.457773 0.456001 0.938268
0.501854 0.534512 0.418405 0.379900 0.773270 0.713301 0.439333 0.430948 0.683963 0.553387 0.504259 0.503254 0.437556 0.474329 0.432670 0.439621 0.528032 0.482990 0.448475 0.451456 0.000000 0.822152 0.379775 0.428308 0.555314 0.566269 0.960303 0.949767 0.534665 0.470661 0.403230 0.529366 0.468685 0.422296 0.567545 0.772109 0.471316 0.476880 0.678730 0.668238 0.682324 0.654145 0.447037 0.422886 0.612313 0.555275 0.496178 0.447515 0.926037 0.635077 0.743878 0.680420 0.774425 0.677652 0.531096 0.690484 0.565067 0.526449 0.484329 0.511870 0.480850 0.519032 0.476121 0.467948 0.466817 0.505228 0.460972 0.487239 0.630110 0.548421 0.458409 0.501375 0.640054 0.743459 0.716853 0.847072 0.534659 0.511270 0.507753 0.541591 0.472682 0.428831 0.529593 0.507213 0.447116 0.551487 0.971145 0.986846 0.609310 0.539898 0.691910 0.753339 0.679603 0.868145 0.591793 0.610374 0.539566 0.739567 0.652430 0.528303 0.719980 0.647163 0.481186 0.461372 0.482185 0.444959 0.805351 0.712680 0.596929 0.583130 0.824719 0.657593 0.600808 0.663245 0.616061 0.863584
0.895757 0.935498 0.848960 0.800128 0.861823 0.961403 0.848913 0.830992 0.966100 0.785211 0.954837 0.867323 0.873004 0.828516 0.803893 0.855990 0.860605 0.902183 0.858067 0.886637 0.822152 0.000000 0.761537 0.846611 0.984344 0.859222 0.908984 0.958143 0.844111 0.839863 0.855733 0.779514 0.851137 0.839795 0.865569 0.798896 0.857126 0.797020 0.880979 0.745669 0.804796 0.855926 0.808892 0.837519 0.875015 0.896007 0.925146 0.891220 0.874755 0.894937 0.908256 0.839898 0.885099 0.783651 0.871441 0.933563 0.943204 0.982553 0.873472 0.939316 0.891524 0.912231 0.898943 0.881732 0.827309 0.849166 0.825802 0.832789 0.999820 0.879276 0.820633 0.886888 0.866515 0.938842 0.884012 0.695947 0.905837 0.886081 0.895791 0.827491 0.886292 0.883925 0.836944 0.881105 0.841995 0.811372 0.923170 0.826081 0.850459 0.859506 0.941431 0.966146 0.946413 0.936343 0.888250 0.778888 0.961345 0.882467 0.818850 0.786474 0.856040 0.797886 0.843071 0.753079 0.870795 0.746911 0.908566 0.850552 0.978419 0.865437 0.878664 0.898871 0.890175 0.908872 0.775637 0.956265
0.254596 0.311331 0.195458 0.158204 0.677526 0.587201 0.232774 0.199450 0.417411 0.359008 0.292549 0.228279 0.173615 0.199570 0.173621 0.163474 0.301111 0.264848 0.209523 0.250643 0.379775 0.761537 0.000000 0.199418 0.467469 0.420816 0.984476 0.981892 0.249988 0.208134 0.153239 0.218873 0.178855 0.197776 0.403357 0.603105 0.293416 0.377531 0.548637 0.526588 0.803648 0.497880 0.246614 0.233956 0.408501 0.348985 0.271291 0.236464 0.787747 0.491482 0.549776 0.451172 0.492153 0.526843 0.434675 0.524279 0.348985 0.336288 0.271754 0.290453 0.181709 0.226403 0.211079 0.218003 0.219158 0.187758 0.219424 0.243373 0.474461 0.299563 0.268017 0.382664 0.481123 0.562143 0.647448 0.696379 0.408725 0.342987 0.281847 0.347932 0.211304 0.198065 0.322057 0.249358 0.155945 0.218058 0.930421 0.891065 0.337111 0.339855 0.638736 0.735772 0.623162 0.877037 0.430496 0.461198 0.429279 0.548800 0.403023 0.334121 0.539204 0.600530 0.324446 0.276392 0.338605 0.277413 0.681412 0.602551 0.634176 0.447447 0.696988 0.481458 0.486136 0.554475 0.442401 0.996192
0.454758 0.461851 0.373902 0.311461 0.768361 0.761154 0.483371 0.405487 0.648652 0.560272 0.453064 0.377205 0.307729 0.269524 0.273294 0.258779 0.464322 0.424138 0.396482 0.389315 0.428308 0.846611 0.199418 0.000000 0.388021 0.422372 0.998116 0.865080 0.367806 0.335205 0.281264 0.281617 0.343853 0.375342 0.493827 0.674528 0.434685 0.527730 0.570877 0.628519 0.876315 0.621361 0.465326 0.448058 0.639389 0.580767 0.453470 0.443730 0.873058 0.662422 0.751025 0.679186 0.690865 0.776643 0.601152 0.677593 0.510748 0.483081 0.501059 0.500234 0.395951 0.394504 0.376361 0.376330 0.370124 0.364855 0.444063 0.492572 0.621340 0.466032 0.461923 0.595118 0.615968 0.716938 0.776698 0.723252 0.562002 0.465481 0.423343 0.474994 0.372113 0.324284 0.318644 0.354036 0.292679 0.227199 0.835936 0.704784 0.477959 0.381823 0.869058 0.994604 0.854191 0.882341 0.535020 0.618889 0.635386 0.603930 0.663962 0.560046 0.719878 0.843694 0.524534 0.475328 0.523720 0.509858 0.780517 0.781088 0.720056 0.611683 0.823856 0.652394 0.742705 0.661454 0.615786 0.923220
0.698407 0.722467 0.487314 0.470731 0.964643 0.864021 0.709992 0.690472 0.745205 0.862146 0.784565 0.714342 0.659201 0.685786 0.632381 0.625068 0.799863 0.753593 0.673355 0.654821 0.555314 0.984344 0.467469 0.388021 0.000000 0.278258 0.878149 0.826664 0.740817 0.679686 0.417439 0.583116 0.627659 0.681240 0.552075 0.843287 0.547866 0.764651 0.547845 0.860836 0.924959 0.883892 0.686543 0.724374 0.857756 0.780948 0.620025 0.680283 0.962165 0.719380 0.935192 0.799373 0.836178 0.899499 0.652818 0.710305 0.862164 0.731818 0.746898 0.649777 0.705956 0.688649 0.756169 0.741827 0.493862 0.580317 0.694281 0.685538 0.723068 0.691434 0.690250 0.732076 0.603531 0.697798 0.777888 0.972072 0.743318 0.790252 0.692748 0.684349 0.666730 0.576220 0.754845 0.604486 0.537647 0.463729 0.950927 0.912011 0.677796 0.509387 0.941118 0.971454 0.877097 0.926305 0.702839 0.832848 0.769510 0.878787 0.873589 0.850169 0.958937 0.990777 0.915833 0.794373 0.733479 0.751816 0.852113 0.930264 0.787716 0.721725 0.975604 0.877700 0.895092 0.956711 0.801201 0.913083
0.654787 0.729381 0.378431 0.355901 0.975542 0.602121 0.563785 0.564662 0.680197 0.666566 0.708215 0.670848 0.645252 0.696419 0.623805 0.614666 0.743814 0.705567 0.631800 0.605110 0.566269 0.859222 0.420816 0.422372 0.278258 0.000000 0.806198 0.759683 0.680658 0.630516 0.378688 0.463156 0.517598 0.538368 0.388736 0.784725 0.511674 0.797212 0.556779 0.704225 0.971498 0.774226 0.541778 0.609005 0.736643 0.664934 0.518863 0.570857 0.891738 0.673921 0.824063 0.707927 0.652485 0.729256 0.489797 0.525246 0.856526 0.761356 0.616785 0.590850 0.619071 0.623126 0.688211 0.706495 0.363210 0.395401 0.497975 0.494934 0.706216 0.586830 0.643781 0.674589 0.524649 0.661151 0.681949 0.902352 0.629548 0.726674 0.636017 0.635257 0.570739 0.486774 0.776631 0.501653 0.451314 0.424096 0.971916 0.860730 0.515207 0.456259 0.779974 0.844753 0.709995 0.911993 0.627825 0.793936 0.700191 0.849423 0.748753 0.655330 0.761901 0.798764 0.798059 0.613117 0.664327 0.678471 0.858589 0.830959 0.879709 0.734531 0.995604 0.743669 0.734286 0.886301 0.639521 0.974357
0.880633 0.898016 0.960051 0.963255 0.890811 0.962667 0.878627 0.855569 0.946527 0.845653 0.900732 0.902846 0.941048 0.921599 0.984228 0.979095 0.910490 0.893696 0.885456 0.906777 0.960303 0.908984 0.984476 0.998116 0.878149 0.806198 0.000000 0.902485 0.959304 0.915327 0.926990 0.938202 0.920773 0.933463 0.916237 0.925123 0.974645 0.868273 0.921318 0.915039 0.834114 0.962378 0.988011 0.990787 0.919403 0.916253 0.984735 0.943353 0.981203 0.957245 0.851397 0.951346 0.952583 0.952502 0.945972 0.974496 0.902304 0.956643 0.929712 0.948422 0.891628 0.859194 0.887608 0.871621 0.973392 0.963169 0.923297 0.934070 0.947140 0.989314 0.938845 0.898185 0.937833 0.969021 0.998013 0.859179 0.937428 0.842244 0.973000 0.963450 0.910862 0.904611 0.924803 0.985118 0.979026 0.969936 0.965949 0.901773 0.894768 0.918094 0.753692 0.792794 0.811968 0.795786 0.928665 0.873751 0.904171 0.900961 0.826321 0.864613 0.925005 0.988960 0.844472 0.991104 0.790705 0.979340 0.888449 0.921426 0.819638 0.759423 0.844277 0.923629 0.809426 0.997101 0.982030 0.884457
0.869089 0.940938 0.914300 0.993581 0.879925 0.817413 0.856422 0.947509 0.840003 0.948078 0.855350 0.989902 0.932005 0.936198 0.977349 0.971497 0.923130 0.953804 0.855866 0.928962 0.949767 0.958143 0.981892 0.865080 0.826664 0.759683 0.902485 0.000000 0.980415 0.962224 0.968926 0.980435 0.976013 0.914094 0.964911 0.936861 0.940551 0.911780 0.865372 0.859319 0.975602 0.963344 0.949485 0.940095 0.885854 0.914272 0.955207 0.886665 0.940826 0.871072 0.928282 0.885679 0.905874 0.844256 0.984960 0.967356 0.893163 0.941227 0.908795 0.918760 0.872396 0.930956 0.954761 0.976658 0.950446 0.956234 0.894425 0.935085 0.897518 0.931268 0.885356 0.865868 0.888135 0.768194 0.925007 0.981028 0.961932 0.959196 0.965585 0.911432 0.947718 0.990448 0.994248 0.998951 0.991523 0.909706 0.955012 0.953614 0.917952 0.965592 0.960754 0.948285 0.996960 0.930448 0.978857 0.889433 0.885650 0.854778 0.915217 0.991491 0.884412 0.927960 0.862917 0.987673 0.977372 0.885369 0.790134 0.933523 0.895043 0.983913 0.871178 0.925041 0.963506 0.973259 0.920102 0.914022
0.179061 0.163291 0.408277 0.340403 0.734323 0.580026 0.327990 0.245684 0.448883 0.336245 0.185076 0.120049 0.149049 0.143100 0.201519 0.149911 0.131006 0.115895 0.168423 0.164073 0.534665 0.844111 0.249988 0.367806 0.740817 0.680658 0.959304 0.980415 0.000000 0.115817 0.283715 0.276210 0.169075 0.181890 0.535886 0.667473 0.442969 0.530557 0.721429 0.591712 0.740329 0.472871 0.292547 0.237390 0.371213 0.305921 0.266603 0.234024 0.715301 0.485382 0.532354 0.442311 0.550411 0.639529 0.566385 0.578050 0.155754 0.183983 0.236942 0.259854 0.178334 0.193896 0.136752 0.128055 0.474074 0.313543 0.318898 0.322812 0.310111 0.220585 0.288566 0.353485 0.474684 0.501691 0.681659 0.548715 0.362452 0.252603 0.206667 0.215317 0.135849 0.193388 0.320473 0.287308 0.301498 0.403639 0.972760 0.912795 0.481937 0.513925 0.714090 0.797673 0.706677 0.948162 0.400761 0.534204 0.413729 0.494217 0.357795 0.291972 0.595061 0.647562 0.285738 0.249826 0.354556 0.317001 0.734295 0.741762 0.700091 0.391116 0.611019 0.442789 0.471232 0.380801 0.462467 0.932380
0.144579 0.167096 0.320699 0.259526 0.768598 0.577889 0.263485 0.190838 0.413246 0.283440 0.143878 0.092647 0.119941 0.135440 0.156424 0.129585 0.114285 0.097559 0.131727 0.118849 0.470661 0.839863 0.208134 0.335205 0.679686 0.630516 0.915327 0.962224 0.115817 0.000000 0.243080 0.236746 0.149960 0.142995 0.495947 0.677933 0.368104 0.471431 0.722560 0.591040 0.695682 0.510423 0.282415 0.217334 0.369307 0.293817 0.287679 0.237238 0.790593 0.471716 0.555068 0.451081 0.560400 0.616693 0.526893 0.567400 0.170529 0.177405 0.227753 0.245096 0.152623 0.171704 0.127802 0.107362 0.422862 0.271021 0.292943 0.300483 0.303005 0.197127 0.260212 0.294383 0.422707 0.453238 0.604664 0.545046 0.348297 0.233874 0.168243 0.185459 0.115386 0.148354 0.338018 0.257321 0.294311 0.405547 0.889795 0.936547 0.428125 0.539681 0.668668 0.759604 0.674945 0.887709 0.399984 0.500615 0.420390 0.518060 0.340940 0.277612 0.588137 0.626973 0.299796 0.253590 0.332385 0.285885 0.682217 0.695430 0.653993 0.326360 0.650340 0.390999 0.430430 0.415534 0.478726 0.973277
0.284803 0.339338 0.209368 0.187802 0.845583 0.579512 0.252117 0.257707 0.430406 0.387054 0.301377 0.284333 0.250177 0.282703 0.272302 0.249597 0.326879 0.298938 0.228257 0.252056 0.403230 0.855733 0.153239 0.281264 0.417439 0.378688 0.926990 0.968926 0.283715 0.243080 0.000000 0.194451 0.201025 0.217455 0.411339 0.661119 0.313612 0.496054 0.542391 0.644452 0.759773 0.580132 0.286364 0.270324 0.461543 0.405147 0.325129 0.281672 0.867676 0.563674 0.660983 0.550029 0.559727 0.597475 0.452676 0.561246 0.389320 0.367428 0.310597 0.322937 0.241930 0.307008 0.281078 0.296328 0.289790 0.222967 0.264791 0.277801 0.388121 0.315466 0.324098 0.362799 0.391515 0.459956 0.613881 0.745339 0.435636 0.353505 0.319182 0.315589 0.248331 0.221390 0.446263 0.287761 0.251991 0.330778 0.926520 0.993220 0.375929 0.461583 0.723751 0.809230 0.682589 0.894828 0.482182 0.581504 0.418986 0.641396 0.489129 0.435400 0.604468 0.577091 0.453381 0.360512 0.431724 0.346094 0.650631 0.697531 0.675751 0.449833 0.731937 0.532984 0.538211 0.554747 0.549968 0.996250
0.355570 0.408105 0.324117 0.264592 0.903220 0.651478 0.343043 0.324086 0.538398 0.423530 0.327460 0.305445 0.305918 0.290001 0.312247 0.263057 0.327747 0.320396 0.280209 0.260899 0.529366 0.779514 0.218873 0.281617 0.583116 0.463156 0.938202 0.980435 0.276210 0.236746 0.194451 0.000000 0.271357 0.228309 0.536675 0.696265 0.459807 0.641523 0.614239 0.618926 0.816334 0.671857 0.389167 0.346286 0.575930 0.511862 0.428543 0.347302 0.992545 0.676951 0.778992 0.677041 0.668638 0.707026 0.569007 0.677622 0.424165 0.439126 0.384499 0.423429 0.322149 0.378127 0.297884 0.324103 0.424036 0.299853 0.331011 0.359213 0.482106 0.347632 0.414114 0.467452 0.468647 0.552718 0.604462 0.656873 0.526625 0.381510 0.310987 0.327712 0.266260 0.244392 0.398203 0.279858 0.342184 0.354252 0.864519 0.902890 0.405487 0.545367 0.838449 0.959340 0.822736 0.944763 0.524330 0.645319 0.582793 0.651658 0.592417 0.494249 0.706943 0.691565 0.501572 0.411294 0.543288 0.415616 0.748983 0.870365 0.787884 0.499614 0.759361 0.591279 0.664154 0.556621 0.611378 0.942861
0.152240 0.208425 0.219005 0.180618 0.684008 0.524484 0.182096 0.150449 0.393005 0.272177 0.212834 0.155198 0.170360 0.217381 0.225156 0.193928 0.193296 0.158666 0.146371 0.167884 0.468685 0.851137 0.178855 0.343853 0.627659 0.517598 0.920773 0.976013 0.169075 0.149960 0.201025 0.271357 0.000000 0.135166 0.380188 0.587300 0.374435 0.435382 0.641624 0.541338 0.769890 0.505265 0.205912 0.182987 0.304590 0.234369 0.234683 0.213822 0.710968 0.450860 0.489593 0.400956 0.473064 0.498017 0.406609 0.449211 0.237374 0.224561 0.162935 0.199296 0.133380 0.186005 0.147881 0.155105 0.315615 0.193885 0.192086 0.184681 0.325202 0.171020 0.228245 0.271732 0.403129 0.463241 0.592606 0.661549 0.311009 0.264776 0.194393 0.226277 0.118146 0.129325 0.399857 0.234909 0.212626 0.335451 0.918759 0.921412 0.355853 0.436096 0.566185 0.621099 0.548036 0.763603 0.412789 0.475700 0.350899 0.529048 0.288172 0.241090 0.510043 0.483487 0.288114 0.202982 0.282908 0.318658 0.679501 0.620660 0.636091 0.356607 0.630411 0.367923 0.384722 0.401379 0.465925 0.989604
0.159142 0.236103 0.243419 0.195279 0.739271 0.540349 0.171149 0.142059 0.405990 0.256837 0.185419 0.165675 0.174400 0.222557 0.239555 0.204566 0.164300 0.162024 0.132155 0.159228 0.422296 0.839795 0.197776 0.375342 0.681240 0.538368 0.933463 0.914094 0.181890 0.142995 0.217455 0.228309 0.135166 0.000000 0.386440 0.613038 0.361007 0.438012 0.611092 0.541951 0.689498 0.493305 0.233531 0.195012 0.324106 0.275898 0.254306 0.216065 0.797098 0.463026 0.523011 0.432166 0.482987 0.523316 0.433907 0.533767 0.233279 0.234304 0.171634 0.217528 0.138577 0.194178 0.144598 0.153109 0.318134 0.191881 0.168860 0.174114 0.351773 0.188381 0.252854 0.270318 0.398936 0.484841 0.570518 0.615731 0.331747 0.263426 0.204360 0.222737 0.122484 0.140212 0.390194 0.262381 0.233453 0.374979 0.975745 0.915496 0.353556 0.486680 0.560839 0.645688 0.546517 0.760617 0.425492 0.471149 0.373656 0.507134 0.312401 0.247660 0.492022 0.495814 0.252688 0.211180 0.305595 0.288640 0.682919 0.606137 0.671862 0.377388 0.624502 0.360287 0.387582 0.398512 0.473682 0.949504
0.459976 0.561629 0.363778 0.308098 0.832645 0.603467 0.395373 0.371407 0.552415 0.429107 0.559720 0.501968 0.521273 0.528430 0.531599 0.522846 0.555582 0.530841 0.453183 0.511029 0.567545 0.865569 0.403357 0.493827 0.552075 0.388736 0.916237 0.964911 0.535886 0.495947 0.411339 0.536675 0.380188 0.386440 0.000000 0.572161 0.485835 0.567143 0.640993 0.762737 0.774530 0.594247 0.420426 0.475498 0.490009 0.469578 0.469725 0.432830 0.750263 0.524190 0.582544 0.507538 0.506094 0.554887 0.437283 0.484189 0.634997 0.570885 0.432901 0.422627 0.430710 0.444066 0.505273 0.496232 0.339205 0.332186 0.334950 0.358421 0.529840 0.437837 0.525012 0.562341 0.471505 0.597501 0.626827 0.846129 0.453368 0.558616 0.515547 0.573930 0.437416 0.382820 0.675808 0.455309 0.367649 0.451056 0.908094 0.951268 0.545585 0.490413 0.556984 0.608281 0.529278 0.662752 0.663197 0.655974 0.511196 0.598097 0.475800 0.425883 0.528458 0.676316 0.512019 0.466300 0.424623 0.493020 0.836385 0.637444 0.786884 0.661646 0.730761 0.443745 0.545698 0.712744 0.613528 0.988840
0.626118 0.634948 0.664611 0.618218 0.813816 0.829293 0.663731 0.582060 0.733519 0.671966 0.683797 0.631530 0.644910 0.636465 0.704132 0.687020 0.668859 0.668784 0.624439 0.649568 0.772109 0.798896 0.603105 0.674528 0.843287 0.784725 0.925123 0.936861 0.667473 0.677933 0.661119 0.696265 0.587300 0.613038 0.572161 0.000000 0.667318 0.506081 0.834528 0.723857 0.866305 0.703948 0.608309 0.679239 0.685335 0.709080 0.730097 0.631624 0.854229 0.761801 0.717112 0.654007 0.670980 0.709923 0.825638 0.807422 0.674349 0.656878 0.620514 0.629005 0.660103 0.660400 0.603896 0.623064 0.727759 0.706203 0.611872 0.616330 0.835740 0.654370 0.666709 0.759495 0.825152 0.892691 0.875334 0.741291 0.689504 0.713180 0.646711 0.740915 0.612183 0.651106 0.634193 0.659217 0.608498 0.663321 0.840804 0.894273 0.708551 0.664091 0.800382 0.807704 0.809478 0.834297 0.749170 0.633955 0.659339 0.606000 0.654855 0.671652 0.684391 0.789237 0.614393 0.570618 0.695390 0.680885 0.736175 0.675433 0.832826 0.790504 0.717813 0.681113 0.707631 0.813467 0.655300 0.897090
0.360103 0.397456 0.369884 0.334249 0.913147 0.605913 0.410679 0.378945 0.506508 0.506789 0.449327 0.384150 0.333719 0.386613 0.330131 0.351738 0.418823 0.406345 0.394316 0.417302 0.471316 0.857126 0.293416 0.434685 0.547866 0.511674 0.974645 0.940551 0.442969 0.368104 0.313612 0.459807 0.374435 0.361007 0.485835 0.667318 0.000000 0.385787 0.606305 0.673810 0.704982 0.492365 0.382748 0.367429 0.431650 0.399243 0.393456 0.335449 0.656725 0.452458 0.512409 0.439466 0.543280 0.590883 0.529102 0.488871 0.446343 0.402836 0.363803 0.371629 0.344602 0.358678 0.389793 0.373562 0.339151 0.370016 0.380944 0.380588 0.569177 0.413036 0.420800 0.408508 0.620904 0.605913 0.634302 0.712853 0.432616 0.426115 0.394395 0.455728 0.368463 0.355201 0.581179 0.371809 0.285765 0.360271 0.907356 0.838392 0.414670 0.395741 0.644889 0.726468 0.608121 0.769560 0.440021 0.570127 0.449682 0.568374 0.443091 0.443550 0.557075 0.661051 0.347292 0.435221 0.391792 0.374490 0.754274 0.575779 0.661952 0.541851 0.827401 0.529039 0.573380 0.648317 0.522838 0.893900
0.411861 0.461310 0.463390 0.455926 0.676250 0.853891 0.454304 0.411571 0.561429 0.517881 0.480306 0.435464 0.372890 0.421905 0.414814 0.430370 0.480259 0.459312 0.415372 0.491996 0.476880 0.797020 0.377531 0.527730 0.764651 0.797212 0.868273 0.911780 0.530557 0.471431 0.496054 0.641523 0.435382 0.438012 0.567143 0.506081 0.385787 0.000000 0.668358 0.670725 0.735999 0.540213 0.400077 0.424544 0.496075 0.470190 0.526000 0.468091 0.693666 0.510942 0.494587 0.479396 0.647376 0.542712 0.627127 0.688969 0.471351 0.472324 0.447014 0.445527 0.372174 0.415951 0.387808 0.389523 0.413407 0.464465 0.466971 0.485008 0.705088 0.520449 0.469724 0.547804 0.725143 0.712166 0.819425 0.788661 0.477179 0.505767 0.526015 0.537315 0.472053 0.499821 0.538762 0.525390 0.377927 0.497814 0.872217 0.969241 0.536255 0.565732 0.602034 0.651038 0.666544 0.735583 0.522666 0.442814 0.565661 0.598656 0.448927 0.471074 0.617088 0.657955 0.382771 0.430791 0.442090 0.436709 0.667364 0.546539 0.569392 0.564132 0.724695 0.579472 0.578614 0.687294 0.423658 0.951775
