0.000000 0.297595 0.664324 0.984483 0.753779 0.813955 0.778591 0.785245 0.820261 0.844285 0.435955 0.377413 0.817108 0.690892 0.807743 0.954625 0.421753 0.425017 0.472573 0.338024 0.841131 0.941893 0.578930 0.844626 0.846529 0.838525 0.927458 0.957862 0.481821 0.650256 0.772753 0.754002 0.896969 0.650138 0.813738 0.760393 0.813532 0.904175 0.972950 0.913960 0.858774 0.895583 0.938070 0.659282 0.896668 0.669685 0.701955 0.669543 0.288815 0.351297 0.364668 0.381376 0.519096 0.725371 0.587887 0.452526 0.374533 0.352051 0.260759 0.264604 0.797744 0.461783 0.596021 0.475320 0.740600 0.957605 0.784315 0.863796 0.429005 0.445212 0.944725 0.943216 0.540900 0.550118 0.901996 0.793578 0.626800 0.871858 0.888614 0.758035 0.455125 0.481250 0.863309 0.825137 0.920713 0.989114 0.657690 0.781557 0.994102 0.705873 0.703502 0.460007 0.587187 0.531039 0.967537 0.819144 0.774049 0.945509 0.883893 0.879547 0.704877 0.907848 0.715438 0.678732 0.929793 0.970238 0.902749 0.885801 0.954276 0.954687 0.903120 0.966345 0.726354 0.964371 0.957676 0.870478
0.297595 0.000000 0.587928 0.915874 0.702165 0.721353 0.698420 0.682727 0.716084 0.735482 0.561498 0.323475 0.861603 0.616286 0.877890 0.788845 0.411621 0.370795 0.466122 0.315382 0.709292 0.965371 0.659723 0.916895 0.807706 0.801022 0.909572 0.913257 0.478667 0.556436 0.893096 0.872321 0.810144 0.604340 0.801556 0.724460 0.841358 0.913947 0.952942 0.935917 0.916910 0.990000 0.889335 0.593939 0.920902 0.609832 0.642087 0.565190 0.326784 0.314053 0.352235 0.352394 0.532295 0.704798 0.552855 0.492761 0.284169 0.250736 0.339043 0.291800 0.845696 0.418089 0.525776 0.347453 0.696482 0.961505 0.717179 0.878518 0.498538 0.389708 0.862203 0.729016 0.591873 0.605855 0.788934 0.829609 0.533495 0.743205 0.791661 0.610454 0.329703 0.398286 0.826430 0.734529 0.978882 0.999434 0.668974 0.852315 0.861182 0.770750 0.707155 0.449263 0.540001 0.515210 0.899873 0.780794 0.726415 0.970781 0.846488 0.897243 0.669462 0.938418 0.654111 0.731481 0.883527 0.863918 0.905140 0.959820 0.953513 0.885018 0.837994 0.910469 0.723004 0.934748 0.991967 0.842128
0.664324 0.587928 0.000000 0.659885 0.645494 0.847857 0.462280 0.889653 0.688977 0.827226 0.775016 0.617203 0.809916 0.864790 0.643721 0.890033 0.808743 0.827737 0.877566 0.621066 0.757041 0.961465 0.553060 0.783022 0.581189 0.419070 0.881135 0.923747 0.697720 0.751961 0.594542 0.638234 0.737360 0.970382 0.627972 0.668471 0.791365 0.909974 0.960137 0.848527 0.990709 0.946555 0.699293 0.992222 0.725851 0.986539 0.994179 0.967123 0.594920 0.529433 0.679708 0.657358 0.742275 0.934609 0.752073 0.722700 0.590713 0.570000 0.661272 0.563337 0.778621 0.687954 0.857430 0.668778 0.361602 0.568861 0.497770 0.538787 0.721336 0.537759 0.999158 0.923860 0.893822 0.921480 0.995603 0.956421 0.730702 0.933780 0.913471 0.987099 0.833026 0.909512 0.888698 0.915974 0.592975 0.601039 0.814371 0.791623 0.765045 0.897999 0.607587 0.659597 0.588706 0.663591 0.900575 0.983267 0.906837 0.714863 0.988469 0.808716 0.981855 0.664709 0.875941 0.983916 0.870429 0.840383 0.872232 0.957174 0.993086 0.805869 0.839242 0.968908 0.913551 0.936416 0.734207 0.905618
0.984483 0.915874 0.659885 0.000000 0.811956 0.897254 0.665336 0.710656 0.955963 0.929377 0.936656 0.841609 0.639804 0.631695 0.605839 0.709273 0.880174 0.860827 0.889297 0.912568 0.963608 0.922245 0.620598 0.605068 0.925682 0.798143 0.885570 0.949325 0.960519 0.960069 0.871534 0.840352 0.682794 0.761698 0.873731 0.913617 0.942772 0.864890 0.996522 0.980590 0.828921 0.909162 0.907275 0.847834 0.781942 0.816679 0.936075 0.677948 0.967776 0.959487 0.864297 0.910336 0.855925 0.882166 0.967017 0.992252 0.954613 0.926281 0.933463 0.982711 0.576360 0.786338 0.888551 0.801119 0.544265 0.446803 0.803022 0.671541 0.986174 0.998416 0.941542 0.815316 0.845954 0.795055 0.802735 0.880174 0.879998 0.929654 0.729520 0.799913 0.802468 0.756129 0.626807 0.712702 0.522202 0.490486 0.754874 0.701175 0.754855 0.731868 0.800765 0.949436 0.975035 0.993543 0.962535 0.871243 0.843118 0.830571 0.844990 0.714649 0.970430 0.665627 0.933492 0.990360 0.794105 0.850756 0.817139 0.946763 0.957802 0.993303 0.727435 0.960720 0.932126 0.915214 0.854557 0.835960
0.753779 0.702165 0.645494 0.811956 0.000000 0.985067 0.555857 0.931458 0.689493 0.935482 0.927680 0.818363 0.818333 0.938838 0.783637 0.985750 0.766806 0.868331 0.856626 0.783260 0.824076 0.884862 0.682083 0.885303 0.973877 0.887926 0.995091 0.912210 0.902590 0.915265 0.987372 0.899716 0.900096 0.857579 0.806089 0.790085 0.916811 0.965766 0.951079 0.968473 0.922769 0.959138 0.892884 0.976274 0.764593 0.978103 0.994012 0.899103 0.710109 0.642715 0.725880 0.684681 0.719053 0.845984 0.650891 0.732612 0.748893 0.690453 0.804063 0.775031 0.734211 0.938475 0.957682 0.827181 0.636617 0.613836 0.636484 0.660363 0.796170 0.693538 0.862842 0.861438 0.995825 0.893173 0.974836 0.947026 0.811504 0.940610 0.911745 0.919387 0.834855 0.812855 0.907502 0.919482 0.698165 0.673756 0.745464 0.754530 0.813387 0.952622 0.666031 0.652990 0.731162 0.653133 0.908257 0.958935 0.984977 0.789247 0.934431 0.832975 0.979932 0.779548 0.826788 0.953721 0.795813 0.904273 0.945394 0.967744 0.875451 0.904034 0.854963 0.990824 0.941315 0.960827 0.986368 0.891727
0.813955 0.721353 0.847857 0.897254 0.985067 0.000000 0.941504 0.539977 0.940206 0.624423 0.847225 0.670966 0.780075 0.628930 0.815076 0.609308 0.889730 0.782575 0.809708 0.775274 0.759906 0.971372 0.944374 0.957781 0.705841 0.900145 0.909403 0.943603 0.655076 0.704985 0.892725 0.895407 0.783458 0.719438 0.943279 0.961829 0.864049 0.943134 0.936647 0.902465 0.879847 0.770944 0.850824 0.687948 0.886444 0.714707 0.876554 0.759569 0.720334 0.756016 0.750568 0.688477 0.913326 0.708625 0.940476 0.932663 0.842303 0.823681 0.875038 0.732783 0.791989 0.618169 0.739291 0.671983 0.959125 0.812519 0.975453 0.869708 0.887615 0.926953 0.892486 0.829510 0.916958 0.953202 0.783038 0.836406 0.767664 0.734841 0.960829 0.973202 0.833758 0.864687 0.879987 0.901297 0.958309 0.931898 0.962549 0.905960 0.855914 0.908101 0.847650 0.946707 0.961459 0.949349 0.798051 0.909612 0.770239 0.952823 0.765944 0.786309 0.653789 0.907912 0.865354 0.918403 0.872892 0.919683 0.953698 0.825531 0.857265 0.841143 0.843738 0.890763 0.986138 0.934023 0.975534 0.915344
0.778591 0.698420 0.462280 0.665336 0.555857 0.941504 0.000000 0.589712 0.419588 0.761808 0.885775 0.950649 0.570303 0.934903 0.572790 0.920792 0.982804 0.991327 0.950406 0.781318 0.958195 0.860330 0.668351 0.984208 0.914482 0.783187 0.900343 0.859791 0.987562 0.948009 0.736781 0.692710 0.654650 0.736152 0.728776 0.741184 0.962469 0.886288 0.900435 0.942569 0.726659 0.876234 0.600933 0.735821 0.424602 0.705993 0.992222 0.866406 0.759015 0.630785 0.796607 0.763776 0.763446 0.998070 0.571708 0.716291 0.728984 0.630340 0.794543 0.730264 0.442213 0.897387 0.796923 0.972623 0.528977 0.402670 0.400640 0.384461 0.615594 0.509107 0.903291 0.926113 0.874353 0.873118 0.876791 0.951576 0.922460 0.978890 0.873015 0.912541 0.927462 0.898882 0.891220 0.965968 0.636977 0.686270 0.734305 0.861549 0.850672 0.917109 0.389199 0.518720 0.517372 0.500143 0.976172 0.934647 0.977673 0.745414 0.658050 0.532620 0.778463 0.502163 0.964054 0.881937 0.765002 0.829441 0.857808 0.746699 0.886517 0.837992 0.720312 0.721228 0.807813 0.969458 0.727539 0.980227
0.785245 0.682727 0.889653 0.710656 0.931458 0.539977 0.589712 0.000000 0.741162 0.374728 0.585944 0.464701 0.530569 0.543815 0.716435 0.594867 0.610365 0.564323 0.753970 0.680249 0.585615 0.875467 0.994868 0.861552 0.472024 0.734438 0.798453 0.838814 0.494105 0.434290 0.886205 0.842020 0.614048 0.483257 0.969017 0.889778 0.756063 0.927250 0.816092 0.817682 0.701342 0.816722 0.682868 0.512943 0.523155 0.406973 0.825197 0.579264 0.709616 0.789213 0.676730 0.680570 0.830194 0.701864 0.947451 0.947726 0.730282 0.776732 0.772261 0.728639 0.411166 0.351236 0.388837 0.409174 0.984432 0.602011 0.825119 0.621675 0.819649 0.985552 0.982301 0.766596 0.991309 0.981072 0.722513 0.874061 0.665326 0.787836 0.747499 0.907001 0.629663 0.795427 0.850091 0.977414 0.890034 0.937583 0.937572 0.947017 0.870748 0.898368 0.652381 0.948388 0.898250 0.895286 0.811201 0.771745 0.750050 0.865658 0.458862 0.524319 0.498101 0.642082 0.708745 0.760924 0.722170 0.782534 0.977000 0.712792 0.895400 0.946562 0.592838 0.601345 0.594764 0.972260 0.789447 0.794767
0.820261 0.716084 0.688977 0.955963 0.689493 0.940206 0.419588 0.741162 0.000000 0.826721 0.900960 0.876399 0.780632 0.910174 0.765520 0.950958 0.863375 0.833353 0.864002 0.756417 0.937563 0.871654 0.861104 0.814128 0.885065 0.829154 0.893519 0.844945 0.932688 0.919915 0.815988 0.883479 0.923844 0.967876 0.831003 0.917402 0.998513 0.852371 0.872039 0.976810 0.796459 0.740071 0.774131 0.893160 0.646717 0.818100 0.832564 0.937219 0.835259 0.768737 0.867374 0.900833 0.873939 0.926402 0.589282 0.904483 0.752159 0.675876 0.806661 0.854264 0.707705 0.986076 0.979843 0.838640 0.713500 0.647508 0.588344 0.612295 0.735286 0.555843 0.906876 0.773735 0.834186 0.862174 0.970058 0.987210 0.927539 0.939967 0.865120 0.667606 0.776638 0.782921 0.944860 0.829961 0.828660 0.871578 0.821291 0.999815 0.856838 0.953038 0.538258 0.520855 0.605802 0.566799 0.992361 0.862434 0.906167 0.971447 0.781883 0.727498 0.812935 0.801832 0.769063 0.962215 0.833277 0.806442 0.904736 0.853916 0.961717 0.722438 0.957735 0.887786 0.937184 0.854095 0.837986 0.979096
0.844285 0.735482 0.827226 0.929377 0.935482 0.624423 0.761808 0.374728 0.826721 0.000000 0.588854 0.600515 0.834354 0.837537 0.962920 0.855059 0.651481 0.634600 0.950348 0.760701 0.570474 0.966640 0.745591 0.630426 0.553684 0.737520 0.679344 0.914713 0.503287 0.479423 0.860673 0.850620 0.686042 0.649854 0.947210 0.847763 0.892320 0.993706 0.921204 0.903165 0.855166 0.979211 0.710096 0.532154 0.587678 0.425165 0.899360 0.676175 0.679149 0.757056 0.683892 0.687792 0.816854 0.697829 0.963422 0.826923 0.732864 0.782999 0.801920 0.734529 0.673925 0.520294 0.509558 0.515003 0.809436 0.894873 0.893592 0.780275 0.879034 0.948149 0.919048 0.683505 0.959614 0.981200 0.769477 0.922937 0.694436 0.771528 0.874151 0.923312 0.748871 0.955751 0.985734 0.925114 0.769811 0.756450 0.936135 0.802442 0.785422 0.879883 0.746501 0.906387 0.898789 0.844808 0.798017 0.835926 0.808818 0.825701 0.470012 0.553369 0.581323 0.670754 0.718335 0.709164 0.842080 0.886676 0.978265 0.610011 0.816502 0.993154 0.777918 0.627051 0.647980 0.935317 0.926568 0.787428
0.435955 0.561498 0.775016 0.936656 0.927680 0.847225 0.885775 0.585944 0.900960 0.588854 0.000000 0.457580 0.715850 0.776129 0.895855 0.990722 0.382017 0.465843 0.583750 0.469982 0.758870 0.980669 0.515473 0.597852 0.606520 0.747510 0.804124 0.871962 0.355563 0.465818 0.874114 0.947652 0.791887 0.607871 0.821494 0.698185 0.768501 0.978231 0.908282 0.998936 0.947979 0.912690 0.836659 0.613802 0.864197 0.545047 0.784628 0.757326 0.462033 0.524873 0.524801 0.566660 0.689412 0.694430 0.820606 0.703385 0.515499 0.590692 0.458321 0.471881 0.669231 0.511939 0.432367 0.515628 0.651940 0.957752 0.889915 0.978177 0.745753 0.732202 0.788063 0.993830 0.632549 0.600714 0.780375 0.899171 0.726986 0.884652 0.844674 0.776390 0.586756 0.710935 0.899025 0.984350 0.908548 0.822153 0.693319 0.710681 0.912946 0.997760 0.894455 0.760558 0.799566 0.827083 0.978476 0.797361 0.867017 0.980063 0.719755 0.740658 0.613129 0.829209 0.778402 0.580311 0.995867 0.964955 0.844142 0.851814 0.900708 0.953975 0.861006 0.841797 0.694417 0.952262 0.952354 0.875928
0.377413 0.323475 0.617203 0.841609 0.818363 0.670966 0.950649 0.464701 0.876399 0.600515 0.457580 0.000000 0.556011 0.404249 0.923920 0.602058 0.370999 0.381386 0.465445 0.321453 0.708261 0.984333 0.759123 0.928881 0.574876 0.639951 0.861785 0.874496 0.374657 0.422148 0.800049 0.894816 0.777412 0.514550 0.781346 0.715074 0.733858 0.991117 0.846115 0.906934 0.925257 0.893431 0.924697 0.584831 0.950186 0.542199 0.721006 0.619880 0.435880 0.423057 0.370414 0.430330 0.577138 0.700886 0.732623 0.649609 0.388101 0.405445 0.405305 0.364825 0.581283 0.277575 0.375918 0.272707 0.729379 0.866804 0.801356 0.997274 0.669780 0.548607 0.979383 0.765157 0.715920 0.769046 0.766485 0.780717 0.544323 0.762309 0.795479 0.681951 0.392089 0.453004 0.765334 0.864484 0.918503 0.967107 0.853353 0.942287 0.838776 0.927070 0.855418 0.523411 0.590622 0.629324 0.997353 0.711293 0.817640 0.984078 0.722015 0.795521 0.635260 0.937137 0.670146 0.780125 0.897628 0.937002 0.922576 0.878676 0.874536 0.880836 0.787157 0.800499 0.632701 0.946541 0.913012 0.800305
0.817108 0.861603 0.809916 0.639804 0.818333 0.780075 0.570303 0.530569 0.780632 0.834354 0.715850 0.556011 0.000000 0.374221 0.491574 0.545056 0.683212 0.749743 0.620506 0.742561 0.898549 0.943193 0.721795 0.787806 0.765102 0.928985 0.899647 0.961903 0.691785 0.679343 0.998108 0.913190 0.708538 0.632743 0.951650 0.970652 0.763077 0.789970 0.764324 0.907732 0.724272 0.731165 0.936713 0.813552 0.835196 0.784555 0.916860 0.843149 0.960031 0.905891 0.723522 0.805536 0.810675 0.726781 0.836981 0.916474 0.923073 0.963935 0.868542 0.835568 0.385721 0.591998 0.565231 0.661872 0.755200 0.503557 0.875821 0.710489 0.871424 0.954468 0.823892 0.954293 0.967086 0.970391 0.807188 0.813435 0.840486 0.903623 0.867312 0.911723 0.745843 0.726865 0.706686 0.964732 0.582985 0.674395 0.827310 0.880405 0.918135 0.991499 0.761576 0.828760 0.945594 0.907071 0.851887 0.917109 0.976182 0.991711 0.797967 0.776674 0.726202 0.780721 0.862715 0.961154 0.859525 0.909260 0.989697 0.943934 0.934669 0.859230 0.770607 0.795365 0.795161 0.944909 0.832287 0.809919
0.690892 0.616286 0.864790 0.631695 0.938838 0.628930 0.934903 0.543815 0.910174 0.837537 0.776129 0.404249 0.374221 0.000000 0.590572 0.387077 0.616897 0.634535 0.545221 0.551109 0.782937 0.986981 0.821887 0.731197 0.705721 0.762118 0.897563 0.964531 0.629620 0.611679 0.895083 0.994936 0.764112 0.650764 0.846044 0.843737 0.622565 0.875440 0.725373 0.926672 0.791310 0.726441 0.910568 0.846681 0.944154 0.809456 0.872346 0.752612 0.783427 0.667340 0.534842 0.605997 0.660812 0.645954 0.905370 0.975447 0.731851 0.711027 0.723402 0.652169 0.563089 0.507992 0.566943 0.493207 0.975528 0.682223 0.823840 0.982046 0.991767 0.786837 0.859973 0.848003 0.983080 0.959993 0.796880 0.777368 0.769323 0.825610 0.787477 0.746815 0.589862 0.589634 0.669619 0.940749 0.693869 0.721140 0.927117 0.901353 0.985543 0.981996 0.973709 0.590432 0.649087 0.649480 0.928889 0.906646 0.949410 0.866582 0.881837 0.864120 0.821141 0.934393 0.819593 0.938660 0.876807 0.952275 0.989101 0.965473 0.964774 0.992232 0.818170 0.871486 0.880695 0.956450 0.885951 0.832416
0.807743 0.877890 0.643721 0.605839 0.783637 0.815076 0.572790 0.716435 0.765520 0.962920 0.895855 0.923920 0.491574 0.590572 0.000000 0.535990 0.978212 0.976154 0.910378 0.958586 0.966204 0.841607 0.431290 0.642784 0.981355 0.839573 0.797515 0.996033 0.990540 0.963470 0.736684 0.630102 0.642434 0.812139 0.772074 0.910866 0.961231 0.858471 0.776072 0.856208 0.710288 0.669372 0.862195 0.906795 0.784116 0.923024 0.975070 0.855118 0.748698 0.797991 0.979160 0.926413 0.916570 0.879135 0.744822 0.736820 0.837023 0.851745 0.794762 0.837901 0.594069 0.871010 0.869034 0.931621 0.515798 0.433269 0.670836 0.577354 0.670915 0.732560 0.948819 0.838815 0.825573 0.708973 0.866309 0.920735 0.996774 0.983281 0.766415 0.991088 0.984288 0.915900 0.679000 0.858465 0.544480 0.534887 0.779953 0.762498 0.890996 0.967146 0.634697 0.879687 0.860722 0.848758 0.967426 0.995687 0.986386 0.993579 0.865923 0.672531 0.906776 0.823064 0.866619 0.865755 0.804253 0.887838 0.932197 0.988053 0.953701 0.891795 0.862757 0.769184 0.908267 0.943997 0.706476 0.926715
0.954625 0.788845 0.890033 0.709273 0.985750 0.609308 0.920792 0.594867 0.950958 0.855059 0.990722 0.602058 0.545056 0.387077 0.535990 0.000000 0.839393 0.765178 0.725215 0.721419 0.866778 0.895752 0.650928 0.685665 0.844852 0.903999 0.943499 0.944015 0.807872 0.760303 0.958200 0.881932 0.790969 0.759843 0.977136 0.904489 0.882113 0.955913 0.824184 0.960306 0.760662 0.712310 0.981535 0.860705 0.964870 0.885851 0.928353 0.799794 0.999311 0.910248 0.812951 0.851380 0.932414 0.862766 0.950253 0.835275 0.826063 0.902104 0.987050 0.925421 0.700724 0.623079 0.723337 0.606987 0.855250 0.624354 0.995857 0.844390 0.894583 0.857034 0.892423 0.727991 0.937910 0.817659 0.892362 0.780018 0.792443 0.774988 0.736400 0.846705 0.703106 0.662647 0.630913 0.966995 0.681450 0.647810 0.891460 0.771929 0.932220 0.909796 0.940072 0.834031 0.840139 0.860702 0.920499 0.881477 0.893734 0.953061 0.893556 0.849399 0.792667 0.949112 0.901712 0.905914 0.874675 0.881823 0.935189 0.980537 0.991283 0.943716 0.799547 0.881097 0.928877 0.964158 0.791299 0.852740
0.421753 0.411621 0.808743 0.880174 0.766806 0.889730 0.982804 0.610365 0.863375 0.651481 0.382017 0.370999 0.683212 0.616897 0.978212 0.839393 0.000000 0.298221 0.438416 0.348315 0.698575 0.947551 0.685806 0.785271 0.740607 0.822473 0.862097 0.944782 0.364540 0.402471 0.990422 0.907026 0.614976 0.503096 0.850225 0.741293 0.845226 0.933010 0.924809 0.936526 0.929696 0.839419 0.796207 0.540282 0.895544 0.535646 0.590857 0.562419 0.460833 0.463619 0.420771 0.495476 0.604130 0.680469 0.695411 0.651127 0.377133 0.411997 0.408525 0.459134 0.665397 0.474139 0.342455 0.345780 0.773310 0.948018 0.861754 0.938866 0.657253 0.533611 0.994503 0.762131 0.625712 0.619473 0.723847 0.885889 0.645817 0.823058 0.703603 0.591697 0.339213 0.440627 0.803870 0.781553 0.931702 0.991785 0.730461 0.878908 0.792466 0.815892 0.798310 0.569634 0.629003 0.641322 0.973301 0.759048 0.870335 0.981645 0.693401 0.753706 0.637855 0.829135 0.610895 0.610657 0.855213 0.875363 0.998881 0.886461 0.914778 0.833110 0.790545 0.758743 0.675674 0.924784 0.864576 0.816634
0.425017 0.370795 0.827737 0.860827 0.868331 0.782575 0.991327 0.564323 0.833353 0.634600 0.465843 0.381386 0.749743 0.634535 0.976154 0.765178 0.298221 0.000000 0.419801 0.351352 0.690297 0.914725 0.800407 0.862417 0.768955 0.869488 0.839404 0.790889 0.366564 0.406437 0.925485 0.813636 0.549912 0.429988 0.943824 0.789289 0.934527 0.796449 0.952583 0.967247 0.997991 0.810289 0.675339 0.468382 0.765588 0.446958 0.544812 0.410893 0.449094 0.515709 0.487973 0.540833 0.683162 0.761615 0.651916 0.660797 0.344999 0.382280 0.438095 0.467516 0.645596 0.431120 0.350630 0.298517 0.858099 0.886352 0.958815 0.823598 0.668453 0.519618 0.858579 0.660104 0.543630 0.593775 0.766614 0.786561 0.589240 0.707513 0.572214 0.531686 0.274868 0.425950 0.717946 0.716073 0.887667 0.928586 0.759233 0.937583 0.772070 0.828130 0.854766 0.611144 0.689899 0.664065 0.908584 0.690014 0.722996 0.820554 0.656051 0.674797 0.598751 0.799776 0.599658 0.521543 0.748786 0.775880 0.893719 0.916092 0.936317 0.805714 0.642573 0.749180 0.642119 0.875887 0.777586 0.912488
0.472573 0.466122 0.877566 0.889297 0.856626 0.809708 0.950406 0.753970 0.864002 0.950348 0.583750 0.465445 0.620506 0.545221 0.910378 0.725215 0.438416 0.419801 0.000000 0.412409 0.931389 0.959482 0.943418 0.902123 0.888133 0.947010 0.961343 0.885747 0.522561 0.565792 0.992193 0.942852 0.697909 0.586250 0.846544 0.811043 0.756372 0.979584 0.816432 0.829907 0.922447 0.955626 0.910651 0.704622 0.964719 0.790533 0.635680 0.667791 0.608520 0.517599 0.536085 0.553116 0.684240 0.689887 0.718338 0.842276 0.509529 0.541073 0.555927 0.531591 0.758080 0.616334 0.526852 0.531549 0.903412 0.891378 0.806820 0.971018 0.658570 0.585649 0.979086 0.851687 0.630648 0.642346 0.855222 0.821308 0.683629 0.885340 0.760067 0.568729 0.460634 0.479763 0.743951 0.770463 0.796407 0.818193 0.768114 0.995838 0.885224 0.950918 0.799829 0.534275 0.603441 0.588993 0.881171 0.829733 0.942215 0.893761 0.986280 0.921580 0.708314 0.979889 0.724757 0.800234 0.880605 0.895228 0.936662 0.902066 0.900238 0.959177 0.840126 0.989451 0.872579 0.941820 0.965583 0.923385
0.338024 0.315382 0.621066 0.912568 0.783260 0.775274 0.781318 0.680249 0.756417 0.760701 0.469982 0.321453 0.742561 0.551109 0.958586 0.721419 0.348315 0.351352 0.412409 0.000000 0.776627 0.950662 0.734185 0.931291 0.768808 0.719276 0.927177 0.887937 0.436190 0.518217 0.809272 0.960466 0.809798 0.612531 0.841586 0.641871 0.810321 0.937094 0.912262 0.964080 0.975252 0.978351 0.992898 0.687932 0.868801 0.709168 0.728580 0.645414 0.387748 0.365805 0.393810 0.430727 0.584989 0.695462 0.651451 0.609744 0.345396 0.338860 0.409295 0.355334 0.816685 0.477595 0.517832 0.409147 0.688714 0.969703 0.685274 0.886151 0.548150 0.396338 0.995760 0.790216 0.601411 0.662688 0.808487 0.808918 0.577584 0.740665 0.788836 0.612785 0.398823 0.450854 0.819335 0.832891 0.949789 0.972174 0.641953 0.888662 0.823513 0.879407 0.666785 0.471193 0.509465 0.526335 0.983033 0.793744 0.866074 0.897978 0.865063 0.917145 0.685663 0.952002 0.656527 0.763272 0.857891 0.994533 0.900165 0.989158 0.970349 0.888939 0.816137 0.920705 0.774006 0.941039 0.895055 0.795663
0.841131 0.709292 0.757041 0.963608 0.824076 0.759906 0.958195 0.585615 0.937563 0.570474 0.758870 0.708261 0.898549 0.782937 0.966204 0.866778 0.698575 0.690297 0.931389 0.776627 0.000000 0.951841 0.871286 0.766463 0.721629 0.788570 0.934244 0.899013 0.698921 0.673846 0.902248 0.911813 0.716697 0.732590 0.907452 0.954162 0.806914 0.895762 0.809818 0.926403 0.815601 0.901139 0.819853 0.723717 0.771469 0.622511 0.932240 0.687077 0.753868 0.740212 0.736619 0.710479 0.754356 0.767982 0.990838 0.950925 0.724673 0.708268 0.757207 0.748224 0.814138 0.644597 0.642523 0.588949 0.832115 0.986271 0.998296 0.870676 0.884880 0.859551 0.901905 0.744702 0.959802 0.914111 0.761453 0.902271 0.783659 0.837371 0.847311 0.926818 0.746758 0.943949 0.993545 0.966768 0.881785 0.831269 0.897782 0.734939 0.772475 0.999296 0.822865 0.933293 0.973864 0.907462 0.772967 0.836686 0.817850 0.983690 0.602409 0.792181 0.832498 0.797556 0.722147 0.874537 0.820792 0.929448 0.993150 0.830368 0.932375 0.842394 0.767545 0.656362 0.763289 0.890363 0.913342 0.899511
0.941893 0.965371 0.961465 0.922245 0.884862 0.971372 0.860330 0.875467 0.871654 0.966640 0.980669 0.984333 0.943193 0.986981 0.841607 0.895752 0.947551 0.914725 0.959482 0.950662 0.951841 0.000000 0.840135 0.981555 0.910291 0.911082 0.901363 0.985856 0.946608 0.969900 0.988331 0.964266 0.914360 0.930898 0.899089 0.985433 0.978371 0.721174 0.995045 0.727125 0.835854 0.923526 0.970715 0.939932 0.858477 0.949849 0.969142 0.903569 0.972331 0.935938 0.920567 0.975150 0.939508 0.971578 0.895440 0.940544 0.987138 0.943597 0.971961 0.957834 0.842123 0.877573 0.978902 0.996400 0.864383 0.759985 0.869963 0.861388 0.976412 0.975528 0.983494 0.960083 0.929473 0.887564 0.955826 0.870078 0.997975 0.963264 0.915823 0.902463 0.973217 0.907722 0.986018 0.924312 0.875796 0.830647 0.794113 0.963392 0.977231 0.986186 0.875920 0.867468 0.937573 0.940978 0.982208 0.934418 0.879242 0.994035 0.989484 0.910936 0.990376 0.868618 0.986095 0.935851 0.828925 0.873595 0.974893 0.968615 0.978417 0.913575 0.942853 0.900472 0.975451 0.978645 0.966447 0.958265
0.578930 0.659723 0.553060 0.620598 0.682083 0.944374 0.668351 0.994868 0.861104 0.745591 0.515473 0.759123 0.721795 0.821887 0.431290 0.650928 0.685806 0.800407 0.943418 0.734185 0.871286 0.840135 0.000000 0.420195 0.745336 0.681793 0.734231 0.960424 0.628172 0.717551 0.757595 0.722133 0.808527 0.965385 0.724504 0.646005 0.880716 0.950018 0.861036 0.933065 0.745960 0.751070 0.996759 0.844795 0.867323 0.804653 0.905165 0.999420 0.517054 0.558623 0.668619 0.679816 0.761938 0.903082 0.698690 0.625545 0.622024 0.636756 0.558472 0.589766 0.823263 0.828697 0.782403 0.767969 0.363956 0.474685 0.652980 0.626416 0.648044 0.689199 0.912441 0.946019 0.767562 0.672738 0.932862 0.954214 0.780760 0.954267 0.922976 0.956628 0.836604 0.926067 0.666237 0.979325 0.482912 0.456397 0.625254 0.569149 0.879572 0.959680 0.662534 0.784130 0.753210 0.830911 0.954125 0.915025 0.947430 0.918896 0.945956 0.897696 0.944452 0.873141 0.888486 0.681172 0.804665 0.896106 0.863771 0.819623 0.918677 0.974976 0.824428 0.939439 0.817903 0.991909 0.803363 0.954540
0.844626 0.916895 0.783022 0.605068 0.885303 0.957781 0.984208 0.861552 0.814128 0.630426 0.597852 0.928881 0.787806 0.731197 0.642784 0.685665 0.785271 0.862417 0.902123 0.931291 0.766463 0.981555 0.420195 0.000000 0.716958 0.835663 0.725003 0.920554 0.684258 0.703033 0.990328 0.985067 0.994138 0.874121 0.911244 0.800753 0.935441 0.981315 0.862626 0.903115 0.916481 0.821964 0.800258 0.759463 0.812149 0.672997 0.988546 0.990415 0.696794 0.788179 0.868193 0.862747 0.983108 0.890331 0.985290 0.840422 0.845748 0.870738 0.822881 0.815756 0.960199 0.887730 0.754325 0.858678 0.592443 0.681083 0.975286 0.979297 0.966104 0.947994 0.974075 0.942508 0.837447 0.810394 0.949397 0.963722 0.815884 0.921947 0.974849 0.868621 0.982810 0.864825 0.665626 0.860048 0.546578 0.469415 0.727383 0.539208 0.786004 0.905280 0.989473 0.877859 0.923335 0.892978 0.876025 0.994091 0.994220 0.996509 0.708742 0.936243 0.791017 0.973123 0.986835 0.704591 0.975197 0.961150 0.937061 0.722245 0.901071 0.980055 0.935384 0.832315 0.862637 0.937482 0.971299 0.922166
0.846529 0.807706 0.581189 0.925682 0.973877 0.705841 0.914482 0.472024 0.885065 0.553684 0.606520 0.574876 0.765102 0.705721 0.981355 0.844852 0.740607 0.768955 0.888133 0.768808 0.721629 0.910291 0.745336 0.716958 0.000000 0.423936 0.642543 0.847695 0.545280 0.488577 0.793624 0.918574 0.936087 0.785353 0.818234 0.795453 0.728455 0.803674 0.892356 0.815780 0.834946 0.877417 0.974047 0.833781 0.827945 0.704460 0.968273 0.938953 0.754193 0.780403 0.752551 0.776229 0.840415 0.806181 0.951237 0.941067 0.847173 0.841664 0.781748 0.729627 0.685747 0.535113 0.540564 0.581301 0.577228 0.969278 0.837094 0.970165 0.878578 0.955693 0.755469 0.909937 0.985795 0.973983 0.839920 0.898536 0.768465 0.925930 0.924724 0.993422 0.813379 0.990273 0.933076 0.889847 0.758117 0.719869 0.924262 0.815860 0.770730 0.796909 0.949823 0.958172 0.882272 0.982331 0.971793 0.910784 0.980472 0.961952 0.682665 0.844860 0.816852 0.899735 0.842053 0.875227 0.973234 0.947196 0.886630 0.810744 0.892552 0.872145 0.905988 0.845938 0.686647 0.984511 0.892078 0.851184
0.838525 0.801022 0.419070 0.798143 0.887926 0.900145 0.783187 0.734438 0.829154 0.737520 0.747510 0.639951 0.928985 0.762118 0.839573 0.903999 0.822473 0.869488 0.947010 0.719276 0.788570 0.911082 0.681793 0.835663 0.423936 0.000000 0.839913 0.849155 0.662068 0.637248 0.520496 0.732926 0.837596 0.987171 0.653728 0.743191 0.652832 0.888137 0.836784 0.872575 0.921427 0.999207 0.683199 0.918342 0.927896 0.956545 0.929198 0.867181 0.786005 0.769864 0.801864 0.876298 0.890168 0.989068 0.993979 0.934858 0.796258 0.779817 0.777948 0.768039 0.930595 0.679099 0.733554 0.688220 0.468808 0.724952 0.635595 0.670559 0.967961 0.779278 0.763852 0.986155 0.991666 0.993839 0.948440 0.917122 0.769044 0.957186 0.937750 0.957405 0.934797 0.982858 0.917972 0.912568 0.677588 0.623098 0.963811 0.922817 0.800168 0.720494 0.758995 0.768375 0.694835 0.845572 0.981716 0.970260 0.986611 0.766998 0.972875 0.893653 0.938737 0.812844 0.896225 0.993899 0.953708 0.778827 0.918992 0.978773 0.959245 0.876148 0.960044 0.994878 0.906807 0.921275 0.793454 0.814587
0.927458 0.909572 0.881135 0.885570 0.995091 0.909403 0.900343 0.798453 0.893519 0.679344 0.804124 0.861785 0.899647 0.897563 0.797515 0.943499 0.862097 0.839404 0.961343 0.927177 0.934244 0.901363 0.734231 0.725003 0.642543 0.839913 0.000000 0.765711 0.731404 0.836088 0.946339 0.963526 0.825726 0.897438 0.761455 0.971060 0.983647 0.918285 0.930774 0.992488 0.932041 0.922859 0.726455 0.755383 0.761020 0.688639 0.929587 0.919789 0.795738 0.971826 0.893082 0.943118 0.973530 0.968587 0.907200 0.927896 0.930073 0.985241 0.860662 0.882097 0.831849 0.784582 0.762925 0.806833 0.799576 0.970144 0.872081 0.849903 0.995820 0.935857 0.900425 0.888984 0.806682 0.789924 0.968206 0.951887 0.794305 0.973646 0.860278 0.991281 0.853925 0.999023 0.870730 0.989219 0.841555 0.753002 0.957706 0.783503 0.821930 0.982727 0.918173 0.881936 0.915337 0.922405 0.939516 0.994763 0.846469 0.940125 0.725422 0.836962 0.792438 0.752348 0.849320 0.750303 0.965687 0.998607 0.968691 0.611415 0.821284 0.953669 0.933971 0.985560 0.697963 0.975041 0.970779 0.940275
0.957862 0.913257 0.923747 0.949325 0.912210 0.943603 0.859791 0.838814 0.844945 0.914713 0.871962 0.874496 0.961903 0.964531 0.996033 0.944015 0.944782 0.790889 0.885747 0.887937 0.899013 0.985856 0.960424 0.920554 0.847695 0.849155 0.765711 0.000000 0.857386 0.908044 0.931899 0.862693 0.928181 0.926981 0.993718 0.833837 0.890955 0.973058 0.947607 0.971428 0.942309 0.997412 0.779156 0.851397 0.796631 0.844753 0.909740 0.910703 0.962834 0.981702 0.971027 0.944393 0.922443 0.789163 0.925494 0.980584 0.838871 0.885290 0.930085 0.958665 0.847191 0.830695 0.869920 0.857023 0.941813 0.926664 0.928357 0.837490 0.898192 0.926672 0.838134 0.913331 0.788002 0.877719 0.949609 0.968769 0.844467 0.915162 0.884771 0.934941 0.859362 0.924033 0.965564 0.995756 0.984875 0.981155 0.942313 0.982451 0.799960 0.834968 0.910156 0.922054 0.970331 0.930619 0.978762 0.995297 0.908797 0.986662 0.987640 0.944478 0.979097 0.951673 0.943085 0.798053 0.923311 0.953204 0.909199 0.980936 0.790453 0.997902 0.802831 0.904508 0.836398 0.818305 0.939741 0.937678
0.481821 0.478667 0.697720 0.960519 0.902590 0.655076 0.987562 0.494105 0.932688 0.503287 0.355563 0.374657 0.691785 0.629620 0.990540 0.807872 0.364540 0.366564 0.522561 0.436190 0.698921 0.946608 0.628172 0.684258 0.545280 0.662068 0.731404 0.857386 0.000000 0.338224 0.959456 0.893039 0.615985 0.510650 0.812062 0.713474 0.748487 0.984991 0.871301 0.953606 0.959611 0.903403 0.765797 0.537386 0.818634 0.471508 0.661349 0.618071 0.471182 0.496285 0.459547 0.523827 0.654486 0.639306 0.730342 0.721899 0.474186 0.504159 0.462794 0.441175 0.627108 0.413873 0.334107 0.358641 0.684983 0.996294 0.881998 0.926257 0.825301 0.677073 0.940384 0.809217 0.623446 0.711375 0.841314 0.859550 0.553148 0.867339 0.728669 0.711596 0.485126 0.671291 0.917891 0.962284 0.896384 0.813152 0.761379 0.776134 0.798923 0.971756 0.943726 0.694114 0.784301 0.782770 0.994898 0.772344 0.805685 0.999196 0.662415 0.758924 0.538057 0.835067 0.682360 0.609681 0.904885 0.951979 0.905062 0.808609 0.826700 0.984174 0.790940 0.759845 0.686253 0.931561 0.963630 0.886824
0.650256 0.556436 0.751961 0.960069 0.915265 0.704985 0.948009 0.434290 0.919915 0.479423 0.465818 0.422148 0.679343 0.611679 0.963470 0.760303 0.402471 0.406437 0.565792 0.518217 0.673846 0.969900 0.717551 0.703033 0.488577 0.637248 0.836088 0.908044 0.338224 0.000000 0.944354 0.826501 0.663783 0.452145 0.782566 0.690047 0.788456 0.989091 0.902346 0.932758 0.952760 0.922566 0.810330 0.577389 0.782315 0.497934 0.652919 0.641938 0.615075 0.588048 0.550819 0.603853 0.724005 0.655536 0.828842 0.880343 0.542822 0.582306 0.630196 0.597669 0.642059 0.463364 0.303999 0.346102 0.655230 0.994026 0.819381 0.906069 0.997885 0.742573 0.997209 0.745987 0.810796 0.818998 0.793579 0.892533 0.650260 0.782781 0.725921 0.703294 0.501375 0.706771 0.919251 0.935137 0.837710 0.809301 0.859897 0.855261 0.706604 0.841792 0.977280 0.729239 0.787848 0.821463 0.906853 0.727544 0.831516 0.947752 0.641109 0.826042 0.584597 0.821136 0.655353 0.671282 0.864928 0.957209 0.855560 0.843035 0.854469 0.788070 0.733218 0.732815 0.615037 0.914882 0.933969 0.814867
0.772753 0.893096 0.594542 0.871534 0.987372 0.892725 0.736781 0.886205 0.815988 0.860673 0.874114 0.800049 0.998108 0.895083 0.736684 0.958200 0.990422 0.925485 0.992193 0.809272 0.902248 0.988331 0.757595 0.990328 0.793624 0.520496 0.946339 0.931899 0.959456 0.944354 0.000000 0.468866 0.635779 0.789981 0.766733 0.862361 0.778142 0.911911 0.991953 0.993901 0.961392 0.996979 0.512206 0.687903 0.675880 0.778002 0.788070 0.663899 0.822919 0.834518 0.875880 0.951574 0.887047 0.835427 0.963959 0.800523 0.932786 0.893841 0.720180 0.799712 0.953242 0.884888 0.928192 0.982308 0.703982 0.794915 0.717268 0.569031 0.695368 0.740709 0.676458 0.733077 0.884199 0.933531 0.881654 0.997966 0.989228 0.791554 0.766895 0.866202 0.944000 0.963997 0.932849 0.964010 0.972767 0.883938 0.957966 0.959351 0.919871 0.942407 0.680198 0.736581 0.707937 0.790934 0.841724 0.920669 0.858458 0.827350 0.798063 0.747190 0.749717 0.713283 0.940665 0.884150 0.900726 0.638891 0.981963 0.910898 0.934412 0.919580 0.773737 0.807302 0.970948 0.994333 0.703819 0.850135
0.754002 0.872321 0.638234 0.840352 0.899716 0.895407 0.692710 0.842020 0.883479 0.850620 0.947652 0.894816 0.913190 0.994936 0.630102 0.881932 0.907026 0.813636 0.942852 0.960466 0.911813 0.964266 0.722133 0.985067 0.918574 0.732926 0.963526 0.862693 0.893039 0.826501 0.468866 0.000000 0.534642 0.723511 0.793158 0.980275 0.875498 0.983512 0.987984 0.875880 0.849902 0.987804 0.592388 0.711552 0.669536 0.766680 0.767944 0.686810 0.787601 0.831313 0.897800 0.881881 0.818304 0.906321 0.977588 0.792109 0.939377 0.926865 0.765063 0.809364 0.839806 0.936315 0.824656 0.951685 0.724614 0.768515 0.761815 0.578094 0.723379 0.868741 0.751681 0.716871 0.976996 0.907538 0.918203 0.996451 0.956964 0.831177 0.652623 0.795391 0.894894 0.992306 0.822276 0.974023 0.939410 0.854582 0.984286 0.972222 0.873797 0.886951 0.768554 0.774856 0.847525 0.840096 0.834315 0.967288 0.975471 0.864169 0.834484 0.849846 0.809172 0.710230 0.948816 0.851556 0.849567 0.820855 0.922707 0.975781 0.945880 0.988809 0.732690 0.811413 0.934521 0.929586 0.755846 0.894359
0.896969 0.810144 0.737360 0.682794 0.900096 0.783458 0.654650 0.614048 0.923844 0.686042 0.791887 0.777412 0.708538 0.764112 0.642434 0.790969 0.614976 0.549912 0.697909 0.809798 0.716697 0.914360 0.808527 0.994138 0.936087 0.837596 0.825726 0.928181 0.615985 0.663783 0.635779 0.534642 0.000000 0.483393 0.720419 0.886724 0.916605 0.974657 0.922263 0.937966 0.864729 0.895573 0.525233 0.557042 0.560157 0.559939 0.656966 0.584765 0.891721 0.942717 0.808813 0.832508 0.916608 0.731421 0.923859 0.969621 0.796616 0.829686 0.830526 0.863666 0.562157 0.706401 0.564651 0.635214 0.731440 0.612368 0.672690 0.493381 0.878158 0.978866 0.926731 0.767747 0.829687 0.953848 0.763555 0.871423 0.757253 0.862822 0.626329 0.718251 0.630825 0.787024 0.776011 0.883229 0.716513 0.772390 0.989157 0.936097 0.896693 0.848076 0.727909 0.980352 0.910510 0.977168 0.880283 0.917087 0.899416 0.757691 0.594727 0.563402 0.712121 0.598832 0.789434 0.727751 0.744133 0.815532 0.957373 0.833931 0.967722 0.992571 0.716505 0.739284 0.836844 0.982398 0.746417 0.950243
0.650138 0.604340 0.970382 0.761698 0.857579 0.719438 0.736152 0.483257 0.967876 0.649854 0.607871 0.514550 0.632743 0.650764 0.812139 0.759843 0.503096 0.429988 0.586250 0.612531 0.732590 0.930898 0.965385 0.874121 0.785353 0.987171 0.897438 0.926981 0.510650 0.452145 0.789981 0.723511 0.483393 0.000000 0.922134 0.942723 0.973184 0.933643 0.961012 0.920141 0.872479 0.968953 0.531121 0.411134 0.593785 0.458226 0.548095 0.495018 0.699552 0.776313 0.673082 0.718964 0.889077 0.780844 0.893990 0.930234 0.590583 0.676133 0.688722 0.671593 0.519431 0.476777 0.380259 0.440442 0.961106 0.671950 0.809320 0.576113 0.975855 0.869454 0.843201 0.657908 0.769101 0.821324 0.809876 0.843224 0.566921 0.721630 0.600161 0.755684 0.510736 0.658881 0.760187 0.862611 0.806762 0.831787 0.999934 0.979277 0.823227 0.996099 0.812031 0.863699 0.951044 0.918236 0.872323 0.758777 0.790920 0.731342 0.530719 0.659292 0.611673 0.760672 0.646218 0.739525 0.729786 0.775226 0.987573 0.765515 0.882634 0.892696 0.651220 0.649634 0.635934 0.952726 0.733099 0.990113
0.813738 0.801556 0.627972 0.873731 0.806089 0.943279 0.728776 0.969017 0.831003 0.947210 0.821494 0.781346 0.951650 0.846044 0.772074 0.977136 0.850225 0.943824 0.846544 0.841586 0.907452 0.899089 0.724504 0.911244 0.818234 0.653728 0.761455 0.993718 0.812062 0.782566 0.766733 0.793158 0.720419 0.922134 0.000000 0.735723 0.662121 0.910621 0.972033 0.972460 0.936827 0.956747 0.685030 0.895639 0.749360 0.925365 0.921903 0.953838 0.811905 0.650249 0.766957 0.752262 0.789699 0.920751 0.963153 0.823457 0.801437 0.749654 0.813258 0.749701 0.835073 0.943568 0.891947 0.854184 0.611438 0.637679 0.507855 0.564663 0.845563 0.698239 0.986570 0.988369 0.964097 0.981603 0.941562 0.971255 0.874949 0.992785 0.968465 0.867370 0.959667 0.951789 0.957580 0.980439 0.698011 0.697311 0.927891 0.960987 0.977487 0.874332 0.700652 0.672268 0.704748 0.691289 0.981876 0.879554 0.956009 0.766576 0.874863 0.689423 0.921135 0.713137 0.954162 0.883329 0.858332 0.975143 0.921902 0.757654 0.869286 0.999964 0.954502 0.932235 0.902931 0.999862 0.551108 0.892933
0.760393 0.724460 0.668471 0.913617 0.790085 0.961829 0.741184 0.889778 0.917402 0.847763 0.698185 0.715074 0.970652 0.843737 0.910866 0.904489 0.741293 0.789289 0.811043 0.641871 0.954162 0.985433 0.646005 0.800753 0.795453 0.743191 0.971060 0.833837 0.713474 0.690047 0.862361 0.980275 0.886724 0.942723 0.735723 0.000000 0.787781 0.973141 0.945105 0.965478 0.983315 0.952471 0.843670 0.981249 0.787102 0.895306 0.956786 0.951109 0.719664 0.601729 0.649290 0.668715 0.775038 0.762229 0.711530 0.841627 0.678871 0.648251 0.785805 0.680526 0.940932 0.783992 0.796058 0.737426 0.616076 0.759584 0.552443 0.699179 0.795560 0.682072 0.972613 0.926972 0.906309 0.940088 0.965093 0.839382 0.796972 0.997083 0.905125 0.940583 0.806198 0.836444 0.929311 0.981377 0.727595 0.828788 0.688008 0.769847 0.890595 0.896501 0.666058 0.674791 0.578334 0.724587 0.904539 0.945191 0.971463 0.773602 0.920131 0.822725 0.982204 0.849521 0.936221 0.827835 0.889902 0.976750 0.780914 0.835777 0.849863 0.993199 0.940107 0.908720 0.943012 0.967210 0.965034 0.900710
0.813532 0.841358 0.791365 0.942772 0.916811 0.864049 0.962469 0.756063 0.998513 0.892320 0.768501 0.733858 0.763077 0.622565 0.961231 0.882113 0.845226 0.934527 0.756372 0.810321 0.806914 0.978371 0.880716 0.935441 0.728455 0.652832 0.983647 0.890955 0.748487 0.788456 0.778142 0.875498 0.916605 0.973184 0.662121 0.787781 0.000000 0.814113 0.594238 0.831890 0.890685 0.833753 0.818374 0.958666 0.878880 0.975796 0.934980 0.997558 0.873260 0.776343 0.741105 0.777225 0.789010 0.800824 0.952068 0.966223 0.932080 0.859727 0.787065 0.768700 0.816542 0.801029 0.814029 0.836647 0.821837 0.992303 0.744634 0.787660 0.988768 0.943280 0.685251 0.905255 0.975273 0.982384 0.978806 0.924560 0.887821 0.851918 0.980629 0.967233 0.916761 0.972483 0.966452 0.862993 0.968215 0.940905 0.983867 0.867019 0.870067 0.817964 0.953406 0.772529 0.818235 0.893906 0.901205 0.955981 0.931497 0.656963 0.847809 0.954742 0.991426 0.975993 0.967276 0.968220 0.955710 0.842197 0.892255 0.939030 0.820062 0.890114 0.911890 0.993663 0.999596 0.941451 0.859338 0.999337
0.904175 0.913947 0.909974 0.864890 0.965766 0.943134 0.886288 0.927250 0.852371 0.993706 0.978231 0.991117 0.789970 0.875440 0.858471 0.955913 0.933010 0.796449 0.979584 0.937094 0.895762 0.721174 0.950018 0.981315 0.803674 0.888137 0.918285 0.973058 0.984991 0.989091 0.911911 0.983512 0.974657 0.933643 0.910621 0.973141 0.814113 0.000000 0.832597 0.901314 0.824462 0.743513 0.912777 0.971181 0.871568 0.891043 0.846361 0.754050 0.931927 0.948333 0.961710 0.964510 0.961673 0.799711 0.809049 0.882669 0.804884 0.798577 0.864796 0.994707 0.970377 0.951271 0.963095 0.882618 0.899179 0.992877 0.904554 0.935886 0.740693 0.809197 0.803810 0.751475 0.793262 0.900059 0.999357 0.924856 0.952162 0.906987 0.802498 0.852958 0.878045 0.795273 0.892678 0.726164 0.922171 0.839795 0.830388 0.838144 0.973438 0.819002 0.826338 0.941149 0.957101 0.996516 0.822648 0.787082 0.620009 0.679488 0.998766 0.855595 0.981404 0.898714 0.885642 0.652410 0.869380 0.732909 0.878054 0.984962 0.990049 0.958899 0.802431 0.957213 0.985753 0.906425 0.911272 0.941706
