0.000000 0.352169 0.581087 0.549817 0.788602 0.606304 0.362273 0.303285 0.581705 0.626819 0.328791 0.261107 0.322836 0.395914 0.610191 0.592304 0.323262 0.342143 0.397139 0.371352 0.966069 0.948206 0.691810 0.883844 0.885841 0.941574 0.849841 0.910445 0.341898 0.382621 0.721935 0.822722 0.358323 0.296530 0.605891 0.922962 0.684799 0.884922 0.836086 0.992779 0.835075 0.809049 0.612386 0.620503 0.575703 0.588528 0.476304 0.559570 0.844911 0.840515 0.779369 0.771400 0.904171 0.960086 0.726146 0.684590 0.365548 0.380937 0.282052 0.389589 0.270928 0.303622 0.294064 0.317280 0.657982 0.519412 0.433964 0.440930 0.587922 0.651641 0.562314 0.661730 0.803384 0.667529 0.911782 0.902531 0.578823 0.746724 0.584785 0.840623 0.336994 0.497144 0.742537 0.550753 0.506053 0.703948 0.977819 0.907134 0.654346 0.600938 0.687702 0.808842 0.726301 0.812168 0.761037 0.754382 0.573706 0.690006 0.456359 0.429519 0.585900 0.670670 0.537923 0.621397 0.452769 0.586656 0.925742 0.616190 0.646441 0.761782 0.750100 0.730220 0.663494 0.941913 0.770688 0.992649
0.352169 0.000000 0.717474 0.657336 0.904375 0.748636 0.547574 0.412374 0.761694 0.720128 0.620171 0.446666 0.578875 0.574636 0.758835 0.674800 0.325224 0.395273 0.517783 0.398600 0.986151 0.921373 0.792568 0.840603 0.981320 0.871838 0.955508 0.887914 0.427196 0.510901 0.758816 0.827506 0.438907 0.434043 0.762142 0.864718 0.758743 0.963207 0.951443 0.941134 0.761364 0.882073 0.549490 0.558560 0.489680 0.451690 0.507808 0.552725 0.654192 0.671078 0.569704 0.643005 0.855632 0.981198 0.632265 0.697224 0.270876 0.207050 0.433946 0.377444 0.467662 0.322601 0.514389 0.479650 0.717561 0.499114 0.549728 0.501776 0.462392 0.546562 0.712367 0.792976 0.732526 0.694949 0.766167 0.768930 0.690792 0.753289 0.594416 0.724294 0.368997 0.446217 0.622907 0.506643 0.566872 0.618391 0.953982 0.949313 0.739022 0.630901 0.822872 0.967201 0.865620 0.979833 0.655222 0.902037 0.512616 0.713184 0.520904 0.493751 0.773216 0.872811 0.586185 0.775356 0.518554 0.656941 0.939730 0.668208 0.611864 0.674816 0.665774 0.583017 0.721546 0.791378 0.668171 0.980175
0.581087 0.717474 0.000000 0.224263 0.834151 0.876393 0.283035 0.424544 0.531873 0.912170 0.703304 0.740789 0.481651 0.545394 0.484744 0.396418 0.803190 0.745655 0.410514 0.556556 0.695601 0.930166 0.287376 0.438969 0.475775 0.393118 0.904100 0.853576 0.737334 0.699997 0.303304 0.478508 0.379804 0.360031 0.398067 0.701612 0.428565 0.733308 0.921886 0.919985 0.820871 0.973575 0.508135 0.587155 0.597415 0.686386 0.555632 0.466116 0.977504 0.863926 0.734432 0.775117 0.720057 0.739152 0.532315 0.649264 0.883658 0.847070 0.666922 0.881547 0.523148 0.707511 0.697173 0.838740 0.272164 0.446656 0.344929 0.419185 0.718493 0.901384 0.475446 0.471133 0.699234 0.681430 0.837799 0.948361 0.574388 0.583708 0.726306 0.733519 0.692202 0.627302 0.568133 0.701747 0.360650 0.428322 0.855250 0.828854 0.696019 0.548948 0.577603 0.733912 0.632370 0.698684 0.651558 0.867889 0.635486 0.931189 0.666829 0.615193 0.757986 0.781025 0.774557 0.839600 0.638365 0.614947 0.916408 0.777244 0.745100 0.985366 0.865613 0.987634 0.887889 0.931264 0.891365 0.914356
0.549817 0.657336 0.224263 0.000000 0.906466 0.799731 0.262441 0.355477 0.603920 0.936042 0.650241 0.649233 0.466738 0.449976 0.542730 0.432541 0.753254 0.697902 0.311524 0.439063 0.752030 0.982929 0.296160 0.355291 0.507351 0.427990 0.892679 0.815969 0.733310 0.690014 0.323853 0.445065 0.324220 0.332042 0.399306 0.649028 0.516120 0.797132 0.872744 0.876502 0.775926 0.935295 0.479527 0.547730 0.597826 0.686670 0.474863 0.451308 0.967281 0.887578 0.735157 0.811129 0.750589 0.799165 0.593416 0.651134 0.787492 0.824068 0.645075 0.817576 0.522052 0.662609 0.677320 0.839997 0.302335 0.342697 0.302870 0.320532 0.761476 0.916031 0.442504 0.458561 0.672101 0.654971 0.727756 0.972531 0.560068 0.576535 0.727621 0.707868 0.692136 0.614849 0.534489 0.718022 0.346173 0.390179 0.799165 0.741848 0.676229 0.513472 0.554966 0.755294 0.634186 0.738377 0.692251 0.797776 0.650492 0.847734 0.621357 0.548217 0.694552 0.694882 0.750638 0.785118 0.617311 0.608520 0.993706 0.788484 0.719825 0.985344 0.831769 0.921446 0.892932 0.983184 0.859306 0.897651
0.788602 0.904375 0.834151 0.906466 0.000000 0.839606 0.803233 0.796027 0.668322 0.690689 0.868741 0.816348 0.731924 0.846488 0.711682 0.895876 0.787156 0.865048 0.876728 0.961708 0.997736 0.979030 0.829610 0.919959 0.979865 0.908460 0.916175 0.891374 0.828344 0.812014 0.928611 0.905563 0.809706 0.774753 0.694184 0.988595 0.884883 0.849393 0.964694 0.830757 0.946897 0.895346 0.842057 0.824490 0.902946 0.948036 0.973488 0.936715 0.946472 0.905013 0.936667 0.860610 0.897289 0.917666 0.971310 0.915175 0.874195 0.816678 0.686262 0.771492 0.716257 0.840495 0.671536 0.729534 0.812668 0.886698 0.748302 0.796275 0.943050 0.947052 0.798549 0.765575 0.937779 0.997071 0.942924 0.906037 0.879481 0.875221 0.961607 0.992935 0.786609 0.967882 0.924964 0.835609 0.827468 0.999703 0.920585 0.656153 0.732153 0.964836 0.756195 0.753729 0.756504 0.713723 0.966373 0.962132 0.778067 0.984887 0.733005 0.863130 0.988032 0.925133 0.697319 0.811688 0.822765 0.665060 0.882604 0.763200 0.852139 0.903400 0.858237 0.959248 0.825260 0.951589 0.909830 0.928557
0.606304 0.748636 0.876393 0.799731 0.839606 0.000000 0.631211 0.600760 0.716155 0.752852 0.613304 0.624381 0.735971 0.803780 0.940016 0.860594 0.698349 0.627919 0.636916 0.659155 0.943106 0.944504 0.944553 0.978965 0.846933 0.975808 0.880270 0.863340 0.708246 0.753333 0.953292 0.948238 0.696288 0.655310 0.822058 0.961530 0.837693 0.992923 0.861493 0.937139 0.928144 0.836610 0.682093 0.723330 0.675000 0.651096 0.621418 0.753196 0.843165 0.796441 0.808401 0.800916 0.855565 0.900433 0.802886 0.824006 0.707329 0.764763 0.639976 0.752247 0.664755 0.642030 0.699419 0.725546 0.898200 0.741574 0.658565 0.610662 0.870753 0.828405 0.801420 0.873508 0.848461 0.732820 0.978014 0.921332 0.761564 0.764254 0.779760 0.957362 0.644740 0.762958 0.898665 0.862474 0.875948 0.921611 0.878430 0.980995 0.825261 0.794237 0.707927 0.765676 0.754795 0.785936 0.951307 0.843233 0.765047 0.924410 0.598127 0.676847 0.801877 0.760970 0.670315 0.615709 0.820044 0.838380 0.993667 0.875333 0.991639 0.968196 0.798548 0.790524 0.792559 0.898793 0.856916 0.951908
0.362273 0.547574 0.283035 0.262441 0.803233 0.631211 0.000000 0.193899 0.412408 0.587440 0.441101 0.449499 0.365813 0.441698 0.530161 0.469119 0.533989 0.457308 0.288751 0.405969 0.885124 0.977747 0.454452 0.665158 0.814608 0.644511 0.906100 0.963699 0.469631 0.486573 0.473978 0.617929 0.316509 0.261496 0.416321 0.761528 0.546668 0.801972 0.961092 0.965503 0.767942 0.862765 0.407359 0.437140 0.426482 0.490119 0.440195 0.419569 0.847610 0.759933 0.624652 0.656332 0.626540 0.722314 0.575381 0.610281 0.654243 0.647199 0.400424 0.706560 0.391233 0.521814 0.467096 0.569116 0.435275 0.466724 0.246328 0.314655 0.715290 0.803155 0.349388 0.408774 0.589438 0.536974 0.829366 0.950844 0.423872 0.538319 0.589311 0.812932 0.490121 0.574349 0.684439 0.649631 0.464457 0.604960 0.999583 0.978535 0.706492 0.596058 0.403536 0.539055 0.463908 0.553280 0.653015 0.696150 0.471631 0.717454 0.370302 0.347736 0.537254 0.537392 0.524666 0.561801 0.452000 0.477865 0.904425 0.636206 0.659624 0.846720 0.711471 0.769610 0.696722 0.872741 0.805745 0.970429
0.303285 0.412374 0.424544 0.355477 0.796027 0.600760 0.193899 0.000000 0.498596 0.533977 0.380795 0.332832 0.370906 0.395227 0.631607 0.570654 0.415609 0.370317 0.275039 0.339352 0.979217 0.969758 0.578436 0.735536 0.959293 0.796917 0.836702 0.976954 0.364077 0.436906 0.561552 0.684414 0.307117 0.263465 0.482200 0.821293 0.664133 0.900919 0.926973 0.999253 0.755697 0.842398 0.420528 0.442083 0.438701 0.466000 0.420754 0.462930 0.766683 0.745732 0.643076 0.683014 0.702796 0.847506 0.636717 0.599416 0.476258 0.488534 0.346987 0.585019 0.354270 0.396702 0.381771 0.462234 0.559695 0.472653 0.310202 0.312745 0.665717 0.711181 0.434122 0.475564 0.631959 0.508283 0.811106 0.959524 0.481557 0.598374 0.584150 0.800487 0.427061 0.527516 0.673836 0.637091 0.513774 0.662932 0.989296 0.992906 0.702971 0.582456 0.489661 0.634392 0.538321 0.686423 0.687895 0.696051 0.436712 0.646751 0.356965 0.315807 0.530963 0.554989 0.482671 0.530311 0.423790 0.477919 0.948379 0.644087 0.630578 0.733888 0.608992 0.690521 0.628946 0.897280 0.771362 0.955574
0.581705 0.761694 0.531873 0.603920 0.668322 0.716155 0.412408 0.498596 0.000000 0.456243 0.586963 0.608181 0.570836 0.794685 0.611972 0.657769 0.623640 0.639180 0.710727 0.710799 0.924125 0.964270 0.717585 0.978130 0.989306 0.867038 0.890383 0.998447 0.530194 0.550946 0.806431 0.991017 0.641768 0.548211 0.653453 0.944972 0.710303 0.787542 0.819819 0.967896 0.896785 0.704998 0.652536 0.621991 0.578190 0.604082 0.729774 0.669165 0.830468 0.830602 0.657131 0.623411 0.578365 0.655783 0.678106 0.681123 0.941153 0.784409 0.426099 0.667464 0.492963 0.628157 0.559615 0.571312 0.623639 0.807222 0.530395 0.636188 0.814118 0.857483 0.501662 0.614955 0.691307 0.772882 0.904593 0.750619 0.491921 0.671706 0.652948 0.971973 0.584926 0.812414 0.940869 0.729781 0.767326 0.961842 0.834981 0.789771 0.690775 0.768563 0.517438 0.477102 0.525013 0.471504 0.738139 0.993164 0.516686 0.801690 0.471131 0.478653 0.711957 0.669266 0.589975 0.656910 0.536249 0.462241 0.696728 0.638150 0.757252 0.784423 0.704442 0.755693 0.602323 0.761760 0.792025 0.872026
0.626819 0.720128 0.912170 0.936042 0.690689 0.752852 0.587440 0.533977 0.456243 0.000000 0.575674 0.571809 0.760068 0.878244 0.788825 0.925242 0.505162 0.489156 0.787305 0.800560 0.767606 0.963632 0.898749 0.593277 0.593644 0.718297 0.758225 0.821124 0.449415 0.526441 0.870843 0.750155 0.862506 0.700392 0.800415 0.892900 0.964450 0.989236 0.826133 0.931330 0.860810 0.656387 0.719908 0.649656 0.569571 0.560044 0.853767 0.861077 0.680484 0.744730 0.611723 0.594843 0.634433 0.715528 0.990216 0.822330 0.759065 0.662094 0.440969 0.759294 0.686854 0.698298 0.548651 0.464570 0.922579 0.904518 0.685835 0.800323 0.843011 0.826454 0.529883 0.649614 0.744417 0.697948 0.923189 0.843479 0.539500 0.709671 0.705154 0.850248 0.579203 0.908306 0.891651 0.795025 0.904490 0.694911 0.770752 0.570928 0.945016 0.913496 0.475410 0.422337 0.467856 0.468086 0.829942 0.839358 0.550972 0.664646 0.369163 0.456337 0.603437 0.597733 0.378834 0.504526 0.568071 0.556057 0.821339 0.532181 0.740365 0.687154 0.608717 0.683077 0.465730 0.773545 0.765035 0.770250
0.328791 0.620171 0.703304 0.650241 0.868741 0.613304 0.441101 0.380795 0.586963 0.575674 0.000000 0.284690 0.329995 0.426495 0.784019 0.752231 0.441594 0.403348 0.439431 0.475293 0.819046 0.909764 0.842553 0.979762 0.737861 0.883655 0.753400 0.863085 0.376478 0.368746 0.840191 0.861633 0.494558 0.410160 0.730724 0.896429 0.919802 0.958980 0.946901 0.986348 0.963658 0.782007 0.845647 0.768206 0.740382 0.736038 0.658975 0.732172 0.939466 0.977462 0.992935 0.995211 0.992341 0.842499 0.797188 0.792669 0.599010 0.603118 0.419626 0.560109 0.351476 0.415362 0.266261 0.324855 0.828284 0.701825 0.583885 0.577261 0.805423 0.875067 0.706139 0.811852 0.957366 0.812200 0.910386 0.975007 0.745933 0.895309 0.657474 0.888180 0.403352 0.544776 0.998320 0.682780 0.716771 0.891700 0.842532 0.881967 0.737311 0.718806 0.814954 0.837307 0.842227 0.860761 0.876469 0.741205 0.757304 0.788660 0.585036 0.533252 0.572422 0.674577 0.656054 0.627905 0.572466 0.690432 0.945248 0.824466 0.782957 0.813446 0.806242 0.865230 0.711866 0.854358 0.868108 0.887175
0.261107 0.446666 0.740789 0.649233 0.816348 0.624381 0.449499 0.332832 0.608181 0.571809 0.284690 0.000000 0.343890 0.400979 0.719553 0.703706 0.307180 0.327990 0.482350 0.412684 0.912120 0.991150 0.835294 0.965567 0.701824 0.885022 0.846261 0.859951 0.315801 0.319910 0.901968 0.954153 0.453948 0.394259 0.721234 0.969971 0.914677 0.999509 0.877201 0.919802 0.851249 0.815650 0.746145 0.697480 0.630592 0.644106 0.617097 0.638363 0.847538 0.892225 0.902514 0.873262 0.951161 0.904536 0.826957 0.770509 0.423110 0.451361 0.316551 0.417059 0.299168 0.271596 0.264030 0.254952 0.779813 0.564452 0.526650 0.498489 0.735137 0.709919 0.687578 0.762210 0.912638 0.728943 0.870653 0.923251 0.646140 0.787371 0.607427 0.837332 0.351308 0.545585 0.844687 0.604440 0.665140 0.832511 0.989925 0.887593 0.742350 0.693614 0.731248 0.835091 0.784264 0.829576 0.820296 0.822623 0.666131 0.741363 0.478187 0.481734 0.611873 0.711907 0.557406 0.610002 0.501183 0.602657 0.972947 0.755131 0.672151 0.770401 0.712699 0.698869 0.717679 0.942853 0.781384 0.952193
0.322836 0.578875 0.481651 0.466738 0.731924 0.735971 0.365813 0.370906 0.570836 0.760068 0.329995 0.343890 0.000000 0.277804 0.508512 0.479938 0.518214 0.484288 0.402935 0.434191 0.848204 0.966024 0.464668 0.667333 0.966483 0.870031 0.976839 0.951010 0.485439 0.365315 0.601621 0.683830 0.322621 0.301666 0.573051 0.899915 0.730556 0.860945 0.961853 0.968695 0.837901 0.919930 0.746806 0.742251 0.835148 0.866202 0.623220 0.632207 0.791853 0.869403 0.947223 0.990224 0.981836 0.909541 0.732249 0.816638 0.600829 0.601935 0.403717 0.513661 0.238957 0.401912 0.254843 0.383881 0.514292 0.450256 0.455164 0.464445 0.764939 0.821366 0.594163 0.696697 0.892909 0.858797 0.840772 0.922993 0.734716 0.746307 0.734807 0.721075 0.418220 0.577489 0.743436 0.728148 0.409584 0.585115 0.935440 0.927988 0.637404 0.598093 0.780406 0.887097 0.865912 0.830511 0.856149 0.762627 0.733969 0.852993 0.624139 0.622501 0.640078 0.728496 0.725967 0.726287 0.569246 0.560351 0.940283 0.793439 0.748826 0.885652 0.913492 0.907339 0.868096 0.914966 0.840061 0.926411
0.395914 0.574636 0.545394 0.449976 0.846488 0.803780 0.441698 0.395227 0.794685 0.878244 0.426495 0.400979 0.277804 0.000000 0.535926 0.500521 0.647418 0.526245 0.364601 0.445569 0.906856 0.985071 0.448517 0.563459 0.930009 0.851108 0.991310 0.945129 0.579419 0.452003 0.538851 0.582944 0.272119 0.333112 0.575314 0.770532 0.687612 0.944631 0.896723 0.961621 0.863840 0.996162 0.790670 0.822145 0.882314 0.925996 0.731780 0.719722 0.727620 0.792135 0.908002 0.916510 0.910174 0.812394 0.912233 0.913991 0.532610 0.598624 0.504891 0.551042 0.325377 0.450172 0.354673 0.491810 0.554600 0.371818 0.470719 0.375652 0.915957 0.831183 0.678256 0.610044 0.992537 0.833682 0.775388 0.867535 0.832720 0.784964 0.703302 0.654645 0.550926 0.676019 0.620931 0.774064 0.401416 0.515040 0.822564 0.924700 0.656060 0.563688 0.819969 0.968077 0.879045 0.979336 0.943223 0.730806 0.813198 0.902292 0.722057 0.681502 0.594249 0.780197 0.811414 0.868126 0.590946 0.675343 0.928101 0.881969 0.737959 0.908036 0.856866 0.954786 0.999776 0.813875 0.876389 0.929359
0.610191 0.758835 0.484744 0.542730 0.711682 0.940016 0.530161 0.631607 0.611972 0.788825 0.784019 0.719553 0.508512 0.535926 0.000000 0.402398 0.784339 0.703421 0.694553 0.736628 0.649814 0.868192 0.388280 0.693734 0.736913 0.702904 0.881060 0.877278 0.727644 0.616274 0.521053 0.760602 0.480235 0.524551 0.552989 0.755297 0.461068 0.704537 0.956337 0.989494 0.769956 0.935842 0.781415 0.897321 0.775806 0.862707 0.824981 0.724360 0.772329 0.943224 0.820010 0.750477 0.756349 0.745545 0.838793 0.817105 0.832175 0.768346 0.553599 0.680060 0.455420 0.677890 0.585185 0.630585 0.461716 0.590838 0.498998 0.552998 0.787243 0.785533 0.522380 0.469777 0.826640 0.906883 0.923306 0.974103 0.746682 0.744601 0.698909 0.834448 0.701514 0.897631 0.595322 0.742397 0.456874 0.599533 0.786745 0.995487 0.754448 0.622409 0.668868 0.763036 0.733153 0.667463 0.770620 0.839920 0.729599 0.864081 0.680697 0.727805 0.864752 0.897523 0.765223 0.862345 0.638693 0.528466 0.717276 0.642792 0.713282 0.950084 0.795963 0.862922 0.985121 0.830184 0.772423 0.974512
0.592304 0.674800 0.396418 0.432541 0.895876 0.860594 0.469119 0.570654 0.657769 0.925242 0.752231 0.703706 0.479938 0.500521 0.402398 0.000000 0.761486 0.622555 0.558730 0.555571 0.598830 0.995886 0.353331 0.505097 0.608535 0.465297 0.826754 0.901050 0.640012 0.550107 0.406694 0.496709 0.404514 0.473631 0.539449 0.610957 0.419968 0.690509 0.988084 0.920168 0.824102 0.984299 0.700669 0.760666 0.733353 0.765407 0.679920 0.674935 0.854644 0.955873 0.792434 0.791373 0.821015 0.803457 0.720270 0.856516 0.761168 0.749807 0.680177 0.800638 0.513573 0.631265 0.661864 0.737587 0.410172 0.437529 0.485675 0.503270 0.825853 0.860582 0.569647 0.556982 0.797296 0.722657 0.760488 0.957237 0.722694 0.752940 0.625712 0.601287 0.575056 0.672033 0.575846 0.758774 0.377664 0.442201 0.795925 0.903772 0.763518 0.694779 0.640918 0.886497 0.719413 0.741302 0.676079 0.873592 0.674349 0.877309 0.719731 0.769983 0.785423 0.870089 0.824554 0.968080 0.622047 0.736395 0.859496 0.813737 0.783737 0.938623 0.902001 0.894016 0.993557 0.947210 0.879682 0.940469
0.323262 0.325224 0.803190 0.753254 0.787156 0.698349 0.533989 0.415609 0.623640 0.505162 0.441594 0.307180 0.518214 0.647418 0.784339 0.761486 0.000000 0.279531 0.583965 0.444304 0.901441 0.989607 0.934968 0.925745 0.755129 0.897015 0.895256 0.801242 0.303684 0.365489 0.940815 0.992557 0.553992 0.472756 0.791670 0.999952 0.862087 0.922471 0.940732 0.829077 0.775221 0.820549 0.675944 0.598319 0.528385 0.499234 0.586830 0.679793 0.660670 0.720525 0.667592 0.700861 0.846585 0.973408 0.762452 0.712360 0.367797 0.298848 0.367768 0.463568 0.463368 0.354988 0.382490 0.312665 0.863083 0.682736 0.568928 0.570576 0.600177 0.699704 0.675110 0.826829 0.840207 0.697042 0.912071 0.849633 0.648322 0.779193 0.652607 0.958654 0.285800 0.490783 0.842003 0.488215 0.732678 0.870284 0.941656 0.837329 0.794931 0.780524 0.726754 0.780606 0.754873 0.814515 0.595137 0.909477 0.575311 0.577694 0.458482 0.457126 0.660644 0.755630 0.490171 0.555263 0.466276 0.626873 0.963805 0.633672 0.720526 0.751890 0.710873 0.582778 0.588521 0.831405 0.698350 0.916978
0.342143 0.395273 0.745655 0.697902 0.865048 0.627919 0.457308 0.370317 0.639180 0.489156 0.403348 0.327990 0.484288 0.526245 0.703421 0.622555 0.279531 0.000000 0.509107 0.419602 0.923166 0.913637 0.879006 0.978879 0.802813 0.972359 0.892368 0.851280 0.272085 0.287232 0.822480 0.834180 0.487084 0.438102 0.763057 0.870856 0.701808 0.834644 0.936459 0.833640 0.838698 0.778201 0.672333 0.609956 0.492376 0.481045 0.610066 0.688496 0.732795 0.729411 0.634878 0.685961 0.800471 0.900898 0.744512 0.817999 0.374466 0.342408 0.418846 0.572815 0.454530 0.397195 0.373199 0.307256 0.843802 0.639894 0.501310 0.507755 0.622957 0.686635 0.631817 0.716516 0.763853 0.628321 0.988217 0.842432 0.649192 0.747699 0.532460 0.825407 0.244176 0.445059 0.775794 0.550350 0.722876 0.799857 0.931631 0.869811 0.746079 0.810600 0.633812 0.745611 0.644575 0.783242 0.726402 0.833610 0.545712 0.670905 0.437247 0.460112 0.545874 0.691021 0.433692 0.555136 0.438636 0.665727 0.898184 0.667166 0.676011 0.727203 0.707318 0.625950 0.660550 0.831494 0.747234 0.957284
0.397139 0.517783 0.410514 0.311524 0.876728 0.636916 0.288751 0.275039 0.710727 0.787305 0.439431 0.482350 0.402935 0.364601 0.694553 0.558730 0.583965 0.509107 0.000000 0.346874 0.952125 0.926309 0.480560 0.573466 0.829153 0.695746 0.916169 0.906698 0.559860 0.589251 0.465028 0.547809 0.283932 0.269824 0.455383 0.720394 0.615232 0.900992 0.913522 0.909973 0.770522 0.978288 0.503525 0.536086 0.581588 0.625877 0.447677 0.501675 0.945808 0.894302 0.807464 0.856272 0.857965 0.970096 0.654739 0.714590 0.536889 0.610660 0.542386 0.694709 0.470774 0.544563 0.504387 0.651391 0.539603 0.423297 0.347162 0.319899 0.747392 0.788329 0.493680 0.557826 0.744783 0.634390 0.751491 0.869244 0.611345 0.652729 0.709808 0.741493 0.556271 0.561055 0.683044 0.742555 0.458605 0.548982 0.924056 0.853868 0.681377 0.626528 0.600184 0.794154 0.675784 0.821425 0.828134 0.711407 0.631754 0.815975 0.510651 0.474290 0.586525 0.634235 0.654879 0.674174 0.573728 0.650962 0.945298 0.697612 0.707337 0.967768 0.837059 0.773721 0.731557 0.993788 0.944081 0.920212
0.371352 0.398600 0.556556 0.439063 0.961708 0.659155 0.405969 0.339352 0.710799 0.800560 0.475293 0.412684 0.434191 0.445569 0.736628 0.555571 0.444304 0.419602 0.346874 0.000000 0.898378 0.962906 0.633055 0.632611 0.869860 0.762429 0.930968 0.941849 0.432286 0.517948 0.605596 0.591964 0.335179 0.347091 0.676994 0.782111 0.684517 0.996669 0.939832 0.969481 0.773373 0.994095 0.560188 0.571985 0.601336 0.606920 0.520929 0.543348 0.869635 0.802165 0.812164 0.849579 0.930342 0.988896 0.673028 0.689089 0.432392 0.465223 0.556415 0.626780 0.494616 0.442577 0.499491 0.569766 0.621742 0.447637 0.497013 0.435392 0.598564 0.714237 0.596550 0.722196 0.736942 0.617680 0.752498 0.737890 0.634615 0.740897 0.613176 0.724731 0.432938 0.382932 0.623318 0.646282 0.492681 0.573797 0.861416 0.821202 0.794402 0.625189 0.729004 0.915416 0.787925 0.932738 0.733313 0.992650 0.623895 0.798609 0.580784 0.499191 0.679713 0.685250 0.576014 0.700294 0.486583 0.721365 0.978502 0.814399 0.748074 0.931235 0.872426 0.748225 0.794597 0.992561 0.838604 0.961349
0.966069 0.986151 0.695601 0.752030 0.997736 0.943106 0.885124 0.979217 0.924125 0.767606 0.819046 0.912120 0.848204 0.906856 0.649814 0.598830 0.901441 0.923166 0.952125 0.898378 0.000000 0.898618 0.595149 0.629123 0.573869 0.575584 0.685002 0.853285 0.862027 0.980354 0.697236 0.823435 0.796380 0.890301 0.849183 0.754072 0.653250 0.697154 0.954663 0.941564 0.769769 0.923275 0.887649 0.992263 0.984582 0.941687 0.938126 0.948381 0.749206 0.888384 0.985724 0.985384 0.973222 0.797145 0.883308 0.937899 0.960636 0.942079 0.982075 0.984371 0.898596 0.982188 0.928905 0.861054 0.582941 0.685749 0.790223 0.814085 0.844806 0.941138 0.787150 0.788081 0.985530 0.978561 0.913551 0.928529 0.951638 0.758626 0.972092 0.769156 0.975074 0.969959 0.666679 0.992753 0.691247 0.647842 0.571313 0.720185 0.941588 0.837655 0.892555 0.985230 0.984325 0.854436 0.881256 0.861200 0.982149 0.915139 0.980266 0.960530 0.919198 0.857440 0.901936 0.852808 0.976710 0.870172 0.916373 0.996374 0.947189 0.894099 0.768632 0.998351 0.706435 0.963443 0.882303 0.971555
0.948206 0.921373 0.930166 0.982929 0.979030 0.944504 0.977747 0.969758 0.964270 0.963632 0.909764 0.991150 0.966024 0.985071 0.868192 0.995886 0.989607 0.913637 0.926309 0.962906 0.898618 0.000000 0.961038 0.977866 0.924915 0.940098 0.824833 0.953701 0.974341 0.941442 0.945994 0.910890 0.988230 0.966862 0.931887 0.958148 0.890117 0.945553 0.993559 0.939594 0.777912 0.911634 0.973450 0.991657 0.873489 0.939826 0.994867 0.967916 0.936518 0.937837 0.753025 0.803285 0.890667 0.795058 0.977984 0.933382 0.907776 0.921225 0.920521 0.873121 0.930527 0.957971 0.979530 0.901276 0.977732 0.965644 0.960768 0.942230 0.806543 0.855114 0.911462 0.944643 0.894505 0.959956 0.908602 0.976497 0.903165 0.832005 0.912349 0.969132 0.970306 0.953777 0.748655 0.982585 0.993638 0.884838 0.997999 0.940470 0.823652 0.772092 0.941787 0.921045 0.928572 0.997257 0.762989 0.906432 0.904086 0.986471 0.897208 0.870538 0.994479 0.852816 0.873638 0.966855 0.780015 0.887004 0.956158 0.921811 0.950153 0.935842 0.753626 0.867445 0.969887 0.932865 0.783334 0.963439
0.691810 0.792568 0.287376 0.296160 0.829610 0.944553 0.454452 0.578436 0.717585 0.898749 0.842553 0.835294 0.464668 0.448517 0.388280 0.353331 0.934968 0.879006 0.480560 0.633055 0.595149 0.961038 0.000000 0.292846 0.427111 0.442980 0.764424 0.799932 0.935386 0.779271 0.275004 0.398308 0.368138 0.419341 0.450194 0.621075 0.497722 0.803008 0.869468 0.945826 0.817247 0.845633 0.642043 0.751778 0.883972 0.942409 0.679436 0.624553 0.648496 0.837206 0.943368 0.917260 0.896713 0.845957 0.724147 0.856531 0.894035 0.896536 0.778684 0.844607 0.534199 0.761722 0.722786 0.907742 0.256777 0.349052 0.442605 0.430247 0.855194 0.937708 0.566055 0.521722 0.871534 0.865320 0.734594 0.897500 0.784006 0.619562 0.845923 0.684945 0.806025 0.823543 0.507529 0.889474 0.269848 0.327974 0.744095 0.778498 0.663739 0.497830 0.732308 0.917967 0.799226 0.828736 0.769164 0.823653 0.805091 0.984186 0.824518 0.794853 0.856120 0.870199 0.985672 0.996711 0.732516 0.640063 0.972400 0.835098 0.903407 0.883930 0.967067 0.947031 0.894689 0.994991 0.902643 0.964460
0.883844 0.840603 0.438969 0.355291 0.919959 0.978965 0.665158 0.735536 0.978130 0.593277 0.979762 0.965567 0.667333 0.563459 0.693734 0.505097 0.925745 0.978879 0.573466 0.632611 0.629123 0.977866 0.292846 0.000000 0.335432 0.398983 0.715597 0.742800 0.899953 0.946500 0.334947 0.325593 0.505949 0.603062 0.640789 0.621534 0.647146 0.862971 0.784048 0.899179 0.913712 0.724199 0.757288 0.876330 0.989724 0.957283 0.726572 0.696696 0.681133 0.851708 0.959497 0.894099 0.915557 0.959859 0.721054 0.889847 0.919014 0.997077 0.939785 0.996821 0.760103 0.852356 0.953146 0.872543 0.376114 0.346689 0.642258 0.540631 0.896173 0.935425 0.815776 0.780993 0.972448 0.945299 0.682729 0.840073 0.989981 0.804497 0.915095 0.605936 0.938230 0.735067 0.472203 0.928260 0.356494 0.263664 0.681670 0.515033 0.741855 0.529568 0.984351 0.805451 0.945048 0.850390 0.786369 0.927540 0.961827 0.916476 0.924509 0.983711 0.981040 0.943809 0.800542 0.820311 0.915347 0.907355 0.847484 0.849336 0.989560 0.797981 0.927210 0.888097 0.741463 0.883033 0.957876 0.842648
0.885841 0.981320 0.475775 0.507351 0.979865 0.846933 0.814608 0.959293 0.989306 0.593644 0.737861 0.701824 0.966483 0.930009 0.736913 0.608535 0.755129 0.802813 0.829153 0.869860 0.573869 0.924915 0.427111 0.335432 0.000000 0.291974 0.602543 0.769110 0.722764 0.859872 0.390538 0.478685 0.731127 0.818075 0.669662 0.604800 0.559611 0.728578 0.722294 0.988469 0.903086 0.760770 0.813120 0.942508 0.989044 0.934983 0.839108 0.843291 0.778345 0.955406 0.895570 0.954194 0.986856 0.861852 0.723411 0.919471 0.872746 0.862310 0.738934 0.769406 0.957283 0.859014 0.784334 0.659051 0.430265 0.584087 0.754804 0.749190 0.839214 0.852915 0.820165 0.823468 0.947125 0.961240 0.827797 0.953298 0.949569 0.775149 0.972050 0.775960 0.921382 0.830782 0.497552 0.949228 0.511357 0.378991 0.758427 0.626390 0.820654 0.652859 0.977445 0.854849 0.974084 0.901803 0.790344 0.980380 0.920200 0.889529 0.855837 0.890512 0.807285 0.829325 0.800645 0.733681 0.981577 0.963964 0.990222 0.902012 0.932711 0.866862 0.920743 0.817156 0.686460 0.984069 0.996233 0.777592
0.941574 0.871838 0.393118 0.427990 0.908460 0.975808 0.644511 0.796917 0.867038 0.718297 0.883655 0.885022 0.870031 0.851108 0.702904 0.465297 0.897015 0.972359 0.695746 0.762429 0.575584 0.940098 0.442980 0.398983 0.291974 0.000000 0.782410 0.823325 0.934611 0.999048 0.363394 0.433398 0.633582 0.745884 0.688087 0.528881 0.431995 0.656099 0.901889 0.954060 0.907864 0.879538 0.642987 0.784807 0.755884 0.793915 0.684779 0.663641 0.990488 0.843245 0.725998 0.835730 0.794016 0.731816 0.564207 0.857349 0.960059 0.977665 0.922428 0.858720 0.906117 0.979605 0.863985 0.769233 0.401487 0.551714 0.642256 0.667503 0.784153 0.961581 0.731030 0.705117 0.734227 0.805018 0.929978 0.989398 0.797267 0.724522 0.878268 0.725401 0.927266 0.748584 0.564964 0.841995 0.508722 0.410442 0.785092 0.700233 0.828323 0.702451 0.790835 0.977388 0.817909 0.905431 0.777722 0.915938 0.760352 0.989065 0.963580 0.959923 0.995156 0.989652 0.934043 0.887282 0.924555 0.925994 0.948151 0.979688 0.908834 0.938598 0.969046 0.928268 0.868163 0.930144 0.989062 0.895151
0.849841 0.955508 0.904100 0.892679 0.916175 0.880270 0.906100 0.836702 0.890383 0.758225 0.753400 0.846261 0.976839 0.991310 0.881060 0.826754 0.895256 0.892368 0.916169 0.930968 0.685002 0.824833 0.764424 0.715597 0.602543 0.782410 0.000000 0.814961 0.713457 0.899994 0.815252 0.886953 0.941662 0.997973 0.931940 0.717355 0.809841 0.842289 0.797163 0.919971 0.733516 0.922250 0.902524 0.877357 0.830281 0.752554 0.893914 0.841461 0.678988 0.801842 0.997599 0.885285 0.818514 0.950821 0.986125 0.876385 0.977371 0.964994 0.840993 0.917925 0.931898 0.885782 0.920423 0.887213 0.785902 0.767767 0.910493 0.875529 0.999958 0.890602 0.991620 0.973608 0.771613 0.804728 0.868129 0.961204 0.967790 0.885729 0.964627 0.910243 0.997581 0.985313 0.762269 0.833251 0.797869 0.698974 0.871446 0.942283 0.847307 0.841640 0.921572 0.848471 0.955736 0.933962 0.808626 0.934442 0.952952 0.990709 0.939994 0.859111 0.764068 0.781051 0.893283 0.850896 0.928398 0.993672 0.885509 0.967816 0.891119 0.750880 0.862219 0.892550 0.727897 0.979246 0.894316 0.878449
0.910445 0.887914 0.853576 0.815969 0.891374 0.863340 0.963699 0.976954 0.998447 0.821124 0.863085 0.859951 0.951010 0.945129 0.877278 0.901050 0.801242 0.851280 0.906698 0.941849 0.853285 0.953701 0.799932 0.742800 0.769110 0.823325 0.814961 0.000000 0.795635 0.815015 0.734773 0.874661 0.888554 0.980335 0.836962 0.873145 0.790178 0.924904 0.867937 0.983201 0.921003 0.848213 0.951076 0.976019 0.941967 0.890807 0.990163 0.975164 0.789195 0.889461 0.957375 0.926465 0.957947 0.950074 0.990732 0.904767 0.911258 0.810049 0.900853 0.866822 0.936167 0.827986 0.855596 0.750547 0.843352 0.833215 0.861755 0.818968 0.910314 0.936037 0.964389 0.860297 0.960074 0.987709 0.966506 0.903581 0.966770 0.961520 0.994508 0.897017 0.848170 0.945678 0.968040 0.828588 0.863394 0.783113 0.996179 0.851932 0.929772 0.838752 0.885048 0.930558 0.901020 0.967401 0.911871 0.794164 0.947977 0.904335 0.923275 0.929805 0.948047 0.945184 0.958280 0.961223 0.998980 0.951275 0.976552 0.968226 0.878311 0.667169 0.957805 0.872561 0.860768 0.984655 0.843651 0.897741
0.341898 0.427196 0.737334 0.733310 0.828344 0.708246 0.469631 0.364077 0.530194 0.449415 0.376478 0.315801 0.485439 0.579419 0.727644 0.640012 0.303684 0.272085 0.559860 0.432286 0.862027 0.974341 0.935386 0.899953 0.722764 0.934611 0.713457 0.795635 0.000000 0.323097 0.883491 0.975840 0.523044 0.488754 0.771057 0.913335 0.800706 0.938597 0.833110 0.908445 0.871326 0.752240 0.697869 0.630337 0.511805 0.464631 0.651204 0.628036 0.627126 0.656339 0.687293 0.672176 0.760147 0.911875 0.745186 0.645712 0.470873 0.403666 0.357844 0.524367 0.414336 0.355548 0.363589 0.307961 0.872907 0.757838 0.607994 0.636254 0.669618 0.629300 0.657306 0.731214 0.705940 0.613813 0.919930 0.884487 0.645022 0.847109 0.520220 0.907931 0.336872 0.498288 0.870117 0.545630 0.757080 0.937500 0.966226 0.835616 0.799035 0.848235 0.673796 0.758053 0.741418 0.774510 0.745520 0.891809 0.491725 0.750172 0.465866 0.455881 0.578346 0.731005 0.488061 0.606697 0.468325 0.644867 0.828174 0.683027 0.564271 0.634581 0.629037 0.665385 0.544390 0.808083 0.799299 0.935310
0.382621 0.510901 0.699997 0.690014 0.812014 0.753333 0.486573 0.436906 0.550946 0.526441 0.368746 0.319910 0.365315 0.452003 0.616274 0.550107 0.365489 0.287232 0.589251 0.517948 0.980354 0.941442 0.779271 0.946500 0.859872 0.999048 0.899994 0.815015 0.323097 0.000000 0.849182 0.903333 0.500569 0.437042 0.779318 0.987758 0.780697 0.809354 0.980594 0.761197 0.945482 0.849937 0.869785 0.777059 0.703664 0.706099 0.766840 0.787982 0.929204 0.935284 0.836048 0.858252 0.928811 0.969974 0.852256 0.912970 0.526944 0.478069 0.438275 0.558622 0.379535 0.369813 0.285092 0.254561 0.776589 0.630783 0.592009 0.576405 0.759669 0.864887 0.687874 0.834459 0.986112 0.852033 0.916383 0.989995 0.718950 0.770075 0.586969 0.786545 0.271385 0.502136 0.767067 0.522004 0.636887 0.765539 0.906326 0.853049 0.714965 0.764497 0.753145 0.879863 0.782190 0.839810 0.787610 0.824739 0.678727 0.825375 0.573888 0.629946 0.639133 0.842707 0.621211 0.737729 0.518807 0.711583 0.911109 0.836344 0.770192 0.758929 0.745234 0.714282 0.783916 0.971182 0.755471 0.979641
0.721935 0.758816 0.303304 0.323853 0.928611 0.953292 0.473978 0.561552 0.806431 0.870843 0.840191 0.901968 0.601621 0.538851 0.521053 0.406694 0.940815 0.822480 0.465028 0.605596 0.697236 0.945994 0.275004 0.334947 0.390538 0.363394 0.815252 0.734773 0.883491 0.849182 0.000000 0.321207 0.382726 0.499044 0.472317 0.667107 0.461772 0.735259 0.918848 0.931624 0.812184 0.952056 0.631959 0.724927 0.770463 0.815825 0.675314 0.681834 0.823975 0.984986 0.865476 0.937771 0.900416 0.892157 0.695016 0.808830 0.815510 0.825640 0.842747 0.953914 0.627270 0.800799 0.817347 0.978552 0.359933 0.442609 0.495257 0.486067 0.754976 0.850635 0.643367 0.535398 0.764081 0.758275 0.785098 0.898297 0.861950 0.763984 0.783950 0.629935 0.815482 0.692908 0.517530 0.870207 0.363901 0.369212 0.782404 0.743532 0.728759 0.554946 0.757883 0.971028 0.806091 0.926847 0.675064 0.846880 0.712907 0.888131 0.886449 0.782750 0.857259 0.823454 0.993770 0.987722 0.696840 0.717925 0.968632 0.865963 0.882333 0.967940 0.934224 0.951518 0.949516 0.977932 0.904297 0.862455
0.822722 0.827506 0.478508 0.445065 0.905563 0.948238 0.617929 0.684414 0.991017 0.750155 0.861633 0.954153 0.683830 0.582944 0.760602 0.496709 0.992557 0.834180 0.547809 0.591964 0.823435 0.910890 0.398308 0.325593 0.478685 0.433398 0.886953 0.874661 0.975840 0.903333 0.321207 0.000000 0.514450 0.589675 0.685472 0.632523 0.629514 0.912832 0.760519 0.889630 0.982675 0.794407 0.736240 0.754005 0.911352 0.905948 0.732125 0.721784 0.802235 0.925745 0.975347 0.947133 0.947156 0.968251 0.753035 0.963689 0.836326 0.893200 0.974729 0.918124 0.775916 0.881720 0.905108 0.938230 0.503753 0.482565 0.646254 0.563375 0.893574 0.970291 0.843853 0.753846 0.809556 0.782859 0.811417 0.803447 0.983411 0.815676 0.854994 0.593708 0.847950 0.684801 0.621305 0.939187 0.481768 0.398438 0.824358 0.676228 0.896570 0.727461 0.904177 0.878096 0.931856 0.936221 0.764869 0.873809 0.928097 0.980876 0.998432 0.926852 0.845608 0.854553 0.938503 0.948855 0.848899 0.949028 0.904641 0.972538 0.901348 0.856799 0.920731 0.907771 0.839972 0.916125 0.954979 0.832254
0.358323 0.438907 0.379804 0.324220 0.809706 0.696288 0.316509 0.307117 0.641768 0.862506 0.494558 0.453948 0.322621 0.272119 0.480235 0.404514 0.553992 0.487084 0.283932 0.335179 0.796380 0.988230 0.368138 0.505949 0.731127 0.633582 0.941662 0.888554 0.523044 0.500569 0.382726 0.514450 0.000000 0.261629 0.484867 0.709253 0.503522 0.819524 0.913081 0.953546 0.776990 0.993403 0.571614 0.628980 0.643631 0.689914 0.541822 0.570651 0.917870 0.983400 0.856479 0.885785 0.929098 0.986975 0.726454 0.719511 0.491737 0.501617 0.482327 0.559988 0.313125 0.419586 0.409343 0.543188 0.379806 0.294104 0.333926 0.292645 0.708490 0.726385 0.552574 0.531017 0.785879 0.719647 0.740253 0.853714 0.665796 0.659619 0.602639 0.681883 0.469605 0.527029 0.555541 0.658668 0.299684 0.394331 0.877371 0.865946 0.648331 0.502065 0.693482 0.929531 0.755616 0.897822 0.787655 0.750045 0.640922 0.828356 0.579052 0.543390 0.701144 0.719341 0.709906 0.786977 0.514093 0.595790 0.943220 0.772988 0.719267 0.883245 0.807018 0.827679 0.855068 0.969930 0.863734 0.910746
0.296530 0.434043 0.360031 0.332042 0.774753 0.655310 0.261496 0.263465 0.548211 0.700392 0.410160 0.394259 0.301666 0.333112 0.524551 0.473631 0.472756 0.438102 0.269824 0.347091 0.890301 0.966862 0.419341 0.603062 0.818075 0.745884 0.997973 0.980335 0.488754 0.437042 0.499044 0.589675 0.261629 0.000000 0.452693 0.793456 0.586929 0.869648 0.904824 0.959209 0.802887 0.923935 0.512273 0.519590 0.574541 0.616936 0.471733 0.498680 0.973846 0.892470 0.763440 0.764607 0.819805 0.906389 0.635135 0.762434 0.502409 0.518405 0.423241 0.558369 0.330655 0.437648 0.379241 0.480842 0.462938 0.364872 0.303566 0.279613 0.617950 0.759331 0.467317 0.534299 0.791861 0.677847 0.757135 0.899028 0.625494 0.579084 0.608531 0.732916 0.422839 0.503796 0.555834 0.633455 0.389512 0.492924 0.940365 0.925053 0.539512 0.527222 0.603644 0.774045 0.648578 0.767468 0.729993 0.800655 0.611897 0.846579 0.454822 0.438609 0.623600 0.664854 0.585714 0.616134 0.476671 0.545124 0.953960 0.672242 0.697069 0.827260 0.766483 0.739667 0.758928 0.978961 0.772835 0.905957
0.605891 0.762142 0.398067 0.399306 0.694184 0.822058 0.416321 0.482200 0.653453 0.800415 0.730724 0.721234 0.573051 0.575314 0.552989 0.539449 0.791670 0.763057 0.455383 0.676994 0.849183 0.931887 0.450194 0.640789 0.669662 0.688087 0.931940 0.836962 0.771057 0.779318 0.472317 0.685472 0.484867 0.452693 0.000000 0.762137 0.626215 0.795765 0.922345 0.987490 0.776289 0.801941 0.530291 0.618875 0.631728 0.729483 0.578832 0.582374 0.941842 0.922347 0.741699 0.779118 0.712253 0.774718 0.676176 0.706874 0.811194 0.855664 0.643694 0.826923 0.572138 0.748692 0.716623 0.805757 0.402723 0.486268 0.337346 0.432925 0.831839 0.927986 0.452342 0.499055 0.731772 0.683769 0.941775 0.931639 0.625568 0.578877 0.762447 0.854613 0.743973 0.778752 0.678907 0.820647 0.485943 0.566662 0.793129 0.987581 0.717529 0.665008 0.475382 0.680012 0.564741 0.602832 0.732358 0.741817 0.609187 0.765946 0.602633 0.597354 0.709051 0.723568 0.702221 0.816736 0.681362 0.530100 0.992424 0.640705 0.688616 0.822726 0.792641 0.934014 0.884876 0.930276 0.919764 0.895261
0.922962 0.864718 0.701612 0.649028 0.988595 0.961530 0.761528 0.821293 0.944972 0.892900 0.896429 0.969971 0.899915 0.770532 0.755297 0.610957 0.999952 0.870856 0.720394 0.782111 0.754072 0.958148 0.621075 0.621534 0.604800 0.528881 0.717355 0.873145 0.913335 0.987758 0.667107 0.632523 0.709253 0.793456 0.762137 0.000000 0.524066 0.795144 0.851316 0.925673 0.721603 0.908245 0.686812 0.843596 0.812130 0.909689 0.813408 0.803898 0.893071 0.960463 0.757298 0.831890 0.823664 0.764777 0.805843 0.961890 0.881305 0.927923 0.978170 0.885679 0.973547 0.999259 0.978279 0.905225 0.661487 0.623410 0.631463 0.605741 0.931546 0.900000 0.710073 0.649026 0.845975 0.833689 0.946116 0.971845 0.726207 0.839308 0.952889 0.983455 0.896753 0.930746 0.628392 0.953558 0.632827 0.587177 0.874558 0.861166 0.884901 0.800020 0.730665 0.899198 0.708677 0.837899 0.882120 0.780155 0.879306 0.798425 0.846737 0.903595 0.855607 0.883341 0.848856 0.957003 0.860407 0.951604 0.969801 0.862549 0.906199 0.902790 0.981935 0.924764 0.897544 0.995550 0.860693 0.960993
0.684799 0.758743 0.428565 0.516120 0.884883 0.837693 0.546668 0.664133 0.710303 0.964450 0.919802 0.914677 0.730556 0.687612 0.461068 0.419968 0.862087 0.701808 0.615232 0.684517 0.653250 0.890117 0.497722 0.647146 0.559611 0.431995 0.809841 0.790178 0.800706 0.780697 0.461772 0.629514 0.503522 0.586929 0.626215 0.524066 0.000000 0.560484 0.852426 0.934674 0.753682 0.969829 0.664009 0.773532 0.686489 0.753777 0.656958 0.708319 0.951758 0.852831 0.679278 0.722364 0.738830 0.722032 0.714260 0.784358 0.823944 0.787653 0.758448 0.934453 0.707858 0.834878 0.813896 0.889931 0.500906 0.600796 0.506405 0.513543 0.812426 0.838744 0.586551 0.510401 0.740338 0.735081 0.962524 0.994506 0.699282 0.745233 0.661962 0.873420 0.711333 0.811189 0.580166 0.776844 0.505952 0.535914 0.889827 0.939423 0.706476 0.645047 0.636021 0.773080 0.630336 0.754154 0.808609 0.874693 0.674714 0.858422 0.697022 0.716604 0.845209 0.879936 0.770777 0.926938 0.597086 0.773848 0.796714 0.678419 0.809699 0.945960 0.890645 0.838203 0.903190 0.822207 0.954330 0.935782
0.884922 0.963207 0.733308 0.797132 0.849393 0.992923 0.801972 0.900919 0.787542 0.989236 0.958980 0.999509 0.860945 0.944631 0.704537 0.690509 0.922471 0.834644 0.900992 0.996669 0.697154 0.945553 0.803008 0.862971 0.728578 0.656099 0.842289 0.924904 0.938597 0.809354 0.735259 0.912832 0.819524 0.869648 0.795765 0.795144 0.560484 0.000000 0.978630 0.945710 0.929024 0.907331 0.880309 0.946270 0.810982 0.887559 0.908084 0.922269 0.926751 0.991640 0.860229 0.901357 0.882027 0.854895 0.814658 0.919844 0.971575 0.934920 0.890540 0.972132 0.873082 0.959575 0.920206 0.916080 0.755821 0.840990 0.726992 0.804082 0.942944 0.973840 0.758945 0.784034 0.865101 0.975744 0.864827 0.864748 0.920804 0.979288 0.970039 0.961339 0.859676 0.920686 0.771884 0.851330 0.837301 0.803505 0.940589 0.917846 0.865141 0.965763 0.731249 0.839644 0.724018 0.788118 0.911901 0.914995 0.765765 0.845156 0.891729 0.937936 0.967504 0.951910 0.950670 0.972570 0.890488 0.885082 0.769845 0.784788 0.838462 0.926382 0.958524 0.877381 0.944239 0.659633 0.851798 0.880832
