0.000000 0.224685 0.631232 0.866768 0.676784 0.984751 0.588334 0.622520 0.874775 0.922904 0.367028 0.315288 0.329794 0.520954 0.729991 0.770877 0.357865 0.388221 0.331905 0.335551 0.948377 0.914915 0.698478 0.854209 0.987554 0.846053 0.964660 0.924771 0.581904 0.501261 0.939344 0.956378 0.417043 0.407185 0.826431 0.836334 0.688813 0.884372 0.946988 0.971986 0.828934 0.954028 0.942716 0.985238 0.974388 0.866472 0.603539 0.572076 0.652159 0.505884 0.577003 0.532879 0.899809 0.833179 0.463762 0.572346 0.313698 0.240514 0.346850 0.358995 0.272843 0.311336 0.274846 0.289956 0.658569 0.673687 0.673925 0.858184 0.371055 0.312914 0.886173 0.783353 0.576009 0.748607 0.662036 0.790477 0.870124 0.923623 0.523777 0.576289 0.269090 0.302973 0.407038 0.354579 0.289706 0.511304 0.587637 0.627368 0.462594 0.513502 0.571134 0.436421 0.547525 0.445926 0.917154 0.925963 0.482779 0.984510 0.919564 0.963787 0.790665 0.787632 0.801831 0.813010 0.794275 0.696501 0.944918 0.923746 0.886793 0.655184 0.995887 0.767031 0.952605 0.864210 0.718707 0.705450
0.224685 0.000000 0.671004 0.827507 0.744861 0.981430 0.663012 0.563335 0.928946 0.888060 0.425160 0.261570 0.385695 0.485511 0.793955 0.753025 0.343629 0.369480 0.379489 0.322703 0.990295 0.961116 0.745200 0.798512 0.998697 0.845116 0.996069 0.927609 0.584715 0.516823 0.876167 0.886655 0.483118 0.449294 0.849233 0.879855 0.680675 0.847089 0.904152 0.916902 0.836175 0.963953 0.986872 0.967636 0.969186 0.882994 0.538036 0.590325 0.704126 0.547457 0.574458 0.531205 0.959478 0.807872 0.480472 0.582783 0.305351 0.214810 0.388353 0.387520 0.320865 0.291022 0.309829 0.295784 0.668342 0.605547 0.722325 0.852342 0.373132 0.310377 0.877203 0.737127 0.613607 0.765142 0.700401 0.777731 0.786003 0.815912 0.516227 0.533556 0.296670 0.314195 0.425781 0.371759 0.326425 0.482234 0.573696 0.652240 0.489958 0.520897 0.507008 0.435924 0.532675 0.426915 0.934449 0.903625 0.508541 0.977569 0.962189 0.957860 0.775600 0.719845 0.900859 0.857596 0.789211 0.678346 0.949100 0.951721 0.872652 0.618607 0.984256 0.770114 0.919592 0.884665 0.703347 0.754558
0.631232 0.671004 0.000000 0.323492 0.860880 0.827773 0.566847 0.595453 0.925881 0.634943 0.907607 0.858512 0.709217 0.887375 0.977871 0.847831 0.961163 0.977467 0.786037 0.858910 0.532549 0.919482 0.874387 0.576715 0.437466 0.504998 0.829118 0.761170 0.825308 0.823035 0.785445 0.915281 0.709645 0.632635 0.599504 0.969538 0.436406 0.819005 0.561108 0.721951 0.743636 0.835514 0.756320 0.794097 0.880808 0.889814 0.533098 0.499215 0.929943 0.767755 0.707717 0.648090 0.955765 0.859478 0.422062 0.638614 0.914134 0.758704 0.516441 0.550803 0.672450 0.799372 0.853676 0.968416 0.292130 0.426430 0.403336 0.475304 0.598511 0.540096 0.860036 0.948611 0.724708 0.789212 0.726224 0.846541 0.662482 0.958544 0.829880 0.911547 0.881460 0.814129 0.820558 0.706376 0.604385 0.332777 0.758699 0.886381 0.556883 0.626814 0.922084 0.909559 0.805150 0.984659 0.852230 0.785719 0.673534 0.745824 0.901627 0.865200 0.943271 0.776406 0.969852 0.969998 0.608023 0.524585 0.858828 0.801805 0.940450 0.688339 0.921713 0.937167 0.941643 0.915646 0.694391 0.957542
0.866768 0.827507 0.323492 0.000000 0.788761 0.737823 0.662742 0.471042 0.881463 0.648364 0.903730 0.981308 0.890917 0.933078 0.850352 0.800485 0.848610 0.815608 0.970888 0.989655 0.561442 0.986802 0.973297 0.485251 0.413471 0.407829 0.832098 0.706814 0.680040 0.694556 0.805256 0.998330 0.918160 0.769806 0.733776 0.894086 0.536812 0.780055 0.470578 0.582461 0.793480 0.947147 0.547464 0.661763 0.818428 0.880713 0.485645 0.479641 0.794234 0.913826 0.740900 0.697639 0.980876 0.872175 0.590672 0.704460 0.924275 0.944444 0.654012 0.677159 0.868458 0.913775 0.923611 0.850390 0.389814 0.364532 0.430090 0.421105 0.805203 0.738963 0.806252 0.954710 0.944181 0.957901 0.811816 0.905084 0.604877 0.913547 0.895915 0.981892 0.894367 0.970371 0.981894 0.888552 0.839819 0.359871 0.890164 0.733225 0.712830 0.735528 0.743051 0.869035 0.599082 0.788910 0.839875 0.755966 0.742271 0.749126 0.928205 0.967580 0.851225 0.818893 0.926272 0.919206 0.562905 0.504181 0.800531 0.709964 0.892806 0.752774 0.835108 0.952962 0.769529 0.870064 0.728972 0.928638
0.676784 0.744861 0.860880 0.788761 0.000000 0.795974 0.878632 0.970127 0.738057 0.802612 0.697086 0.704520 0.643507 0.734870 0.786264 0.834643 0.662955 0.763496 0.671038 0.805837 0.769358 0.941915 0.774533 0.894382 0.722446 0.686975 0.866588 0.841032 0.647175 0.659038 0.797663 0.937482 0.866337 0.820495 0.988263 0.854024 0.787283 0.893005 0.818475 0.860971 0.813620 0.875011 0.846750 0.867542 0.861840 0.894628 0.949881 0.886399 0.737573 0.757376 0.801273 0.815462 0.824430 0.881125 0.945456 0.922688 0.718738 0.804197 0.793273 0.831747 0.693158 0.705235 0.641597 0.616949 0.902552 0.882007 0.873790 0.800733 0.856520 0.847208 0.984189 0.777338 0.984823 0.945493 0.956616 0.945641 0.834097 0.986609 0.778334 0.909373 0.688214 0.782395 0.760493 0.848423 0.722756 0.952664 0.851513 0.748590 0.859653 0.878532 0.738552 0.800949 0.579247 0.694089 0.869396 0.935208 0.916253 0.692259 0.920748 0.968252 0.736670 0.967426 0.890260 0.843051 0.924617 0.991076 0.999210 0.841259 0.972992 0.925408 0.810773 0.848718 0.884303 0.890377 0.919907 0.923661
0.984751 0.981430 0.827773 0.737823 0.795974 0.000000 0.999373 0.845283 0.825140 0.779800 0.980613 0.987285 0.947000 0.997368 0.805132 0.958756 0.933628 0.947988 0.876362 0.954342 0.711524 0.921827 0.704002 0.908425 0.689231 0.570694 0.928761 0.573505 0.860893 0.817090 0.980882 0.876493 0.964868 0.859723 0.763761 0.819975 0.812481 0.944726 0.753694 0.497526 0.636532 0.898378 0.664165 0.671775 0.993784 0.882021 0.779008 0.804965 0.872072 0.886054 0.905382 0.932591 0.900275 0.856591 0.874794 0.670527 0.993637 0.976417 0.874472 0.942262 0.998981 0.984708 0.918610 0.886332 0.775743 0.629830 0.623223 0.547526 0.977429 0.925593 0.975827 0.863352 0.925781 0.967924 0.925851 0.977006 0.954254 0.851362 0.939349 0.866642 0.917053 0.969734 0.938887 0.951327 0.963131 0.721501 0.960892 0.849002 0.973475 0.846038 0.712173 0.892615 0.661942 0.776717 0.939993 0.690023 0.777528 0.655914 0.905679 0.910310 0.663690 0.965041 0.936579 0.901026 0.962058 0.733721 0.992647 0.947403 0.935613 0.987965 0.919112 0.917197 0.964448 0.933534 0.910742 0.814770
0.588334 0.663012 0.566847 0.662742 0.878632 0.999373 0.000000 0.383667 0.620423 0.722508 0.576198 0.632084 0.392575 0.464865 0.572114 0.584442 0.679487 0.688262 0.384227 0.589257 0.844248 0.925013 0.698743 0.833860 0.937232 0.934285 0.870887 0.915723 0.634339 0.650306 0.752450 0.664823 0.474314 0.392684 0.945370 0.877484 0.826705 0.945809 0.976342 0.988262 0.910946 0.954131 0.623034 0.525535 0.591239 0.453282 0.562018 0.377093 0.596034 0.501917 0.510202 0.588192 0.703506 0.800198 0.646731 0.724515 0.713091 0.737312 0.490904 0.634876 0.400363 0.543595 0.551712 0.646469 0.799859 0.744826 0.581505 0.679929 0.814934 0.658953 0.715829 0.762561 0.539553 0.585832 0.781852 0.675299 0.528843 0.736632 0.659017 0.729113 0.718767 0.797164 0.746943 0.779019 0.696041 0.649401 0.889701 0.947799 0.697992 0.828405 0.794163 0.919434 0.954580 0.938209 0.889618 0.951248 0.607257 0.871690 0.573261 0.590378 0.861261 0.782816 0.611928 0.531577 0.697739 0.751555 0.838711 0.709327 0.921751 0.706919 0.658942 0.579085 0.677254 0.683211 0.763773 0.599135
0.622520 0.563335 0.595453 0.471042 0.970127 0.845283 0.383667 0.000000 0.803646 0.899661 0.643514 0.524162 0.562580 0.484152 0.852283 0.585052 0.731341 0.730646 0.549238 0.623188 0.855446 0.923014 0.964312 0.732616 0.938507 0.911452 0.927890 0.962746 0.733004 0.721423 0.885185 0.786379 0.646849 0.461843 0.978590 0.983978 0.710777 0.757602 0.785997 0.777356 0.936971 0.940484 0.442680 0.453570 0.795769 0.534625 0.392193 0.347666 0.704468 0.610523 0.439374 0.498547 0.844363 0.990624 0.593693 0.658236 0.703021 0.665790 0.487886 0.550470 0.493059 0.456287 0.647115 0.665049 0.774573 0.475911 0.538146 0.558920 0.780579 0.598960 0.811802 0.899772 0.731794 0.765993 0.799113 0.734089 0.516036 0.626127 0.685226 0.720851 0.753924 0.797214 0.765000 0.796858 0.801102 0.501191 0.890887 0.871590 0.754726 0.798786 0.803825 0.945001 0.869904 0.923386 0.969880 0.784315 0.575739 0.801716 0.629215 0.615727 0.737608 0.939995 0.676487 0.569405 0.617117 0.568381 0.786318 0.686725 0.856940 0.686442 0.665056 0.599815 0.594722 0.695060 0.668605 0.732531
0.874775 0.928946 0.925881 0.881463 0.738057 0.825140 0.620423 0.803646 0.000000 0.413567 0.756148 0.869165 0.674848 0.708215 0.537940 0.626237 0.800169 0.814516 0.652999 0.882806 0.951397 0.830522 0.698664 0.945112 0.644292 0.636232 0.891107 0.785031 0.629479 0.681703 0.852671 0.735778 0.771367 0.755445 0.982034 0.805960 0.831208 0.838155 0.684483 0.747395 0.905021 0.876768 0.854213 0.695175 0.503658 0.551907 0.912789 0.812601 0.558027 0.634469 0.745482 0.799079 0.527644 0.567196 0.895530 0.929110 0.895003 0.945616 0.859081 0.975566 0.725128 0.775964 0.725294 0.731057 0.807475 0.759738 0.927253 0.881174 0.847561 0.971230 0.921444 0.838444 0.814332 0.880396 0.900338 0.845185 0.869880 0.792247 0.871316 0.913221 0.882271 0.982542 0.991892 0.956349 0.960692 0.823189 0.980017 0.883821 0.932155 0.873194 0.920791 0.858945 0.804389 0.923960 0.926269 0.860645 0.968140 0.889749 0.631137 0.607219 0.947583 0.745434 0.637891 0.664343 0.945874 0.991343 0.847224 0.895932 0.988320 0.972742 0.756999 0.808585 0.717777 0.751722 0.952116 0.758439
0.922904 0.888060 0.634943 0.648364 0.802612 0.779800 0.722508 0.899661 0.413567 0.000000 0.847710 0.954993 0.838260 0.789191 0.576404 0.728642 0.880694 0.882230 0.766403 0.971999 0.743514 0.892121 0.788591 0.703470 0.434521 0.509973 0.740968 0.638763 0.564987 0.633438 0.817392 0.601068 0.948825 0.866489 0.660959 0.912247 0.716506 0.839914 0.515526 0.601258 0.784176 0.985421 0.824112 0.661973 0.388398 0.498666 0.912360 0.950416 0.438112 0.663480 0.772300 0.878207 0.516513 0.425056 0.754838 0.782392 0.967893 0.912428 0.960724 0.927706 0.846089 0.876196 0.855974 0.790723 0.488351 0.541836 0.739840 0.697188 0.715417 0.873311 0.970066 0.699146 0.818839 0.789112 0.939145 0.853871 0.855402 0.795870 0.952841 0.926301 0.988174 0.822584 0.924828 0.751293 0.739759 0.532508 0.823248 0.966852 0.783393 0.740524 0.855566 0.724023 0.851456 0.951844 0.999121 0.855972 0.883505 0.944969 0.508210 0.417678 0.891923 0.612332 0.582547 0.648841 0.863626 0.784998 0.870767 0.849405 0.905754 0.901228 0.726130 0.734904 0.689441 0.768764 0.936821 0.849161
0.367028 0.425160 0.907607 0.903730 0.697086 0.980613 0.576198 0.643514 0.756148 0.847710 0.000000 0.316752 0.381044 0.462174 0.671445 0.758993 0.339939 0.335390 0.349898 0.315579 0.930558 0.977207 0.860753 0.907203 0.720916 0.673737 0.803086 0.782139 0.439033 0.353742 0.870904 0.959464 0.486929 0.424093 0.990674 0.798988 0.932769 0.910251 0.819658 0.908060 0.910474 0.893590 0.952770 0.959918 0.805930 0.773597 0.830323 0.689722 0.595723 0.620588 0.666623 0.692491 0.970428 0.895275 0.738173 0.641746 0.400345 0.407379 0.536319 0.597769 0.340186 0.365962 0.324936 0.321560 0.963297 0.830075 0.805808 0.904087 0.644729 0.578864 0.867868 0.927863 0.577173 0.677796 0.710221 0.870768 0.897514 0.813246 0.573563 0.485893 0.349044 0.389543 0.558131 0.541412 0.562220 0.780935 0.813154 0.727770 0.753285 0.759265 0.746106 0.602758 0.653111 0.535434 0.781349 0.925813 0.636130 0.909845 0.777417 0.925095 0.960210 0.945006 0.632069 0.735998 0.968328 0.882222 0.817952 0.872482 0.862190 0.815462 0.934782 0.774494 0.936271 0.784343 0.776622 0.652890
0.315288 0.261570 0.858512 0.981308 0.704520 0.987285 0.632084 0.524162 0.869165 0.954993 0.316752 0.000000 0.393665 0.370333 0.744580 0.717177 0.315708 0.324786 0.361265 0.310562 0.845501 0.956668 0.840157 0.939155 0.792222 0.698212 0.879882 0.783419 0.429872 0.376150 0.868302 0.973803 0.478234 0.420130 0.975351 0.890450 0.795442 0.825161 0.939936 0.977980 0.947509 0.961533 0.946850 0.918185 0.867268 0.787247 0.608694 0.632664 0.620871 0.568183 0.546672 0.563810 0.940564 0.866393 0.659077 0.623431 0.300482 0.291214 0.466099 0.499104 0.304896 0.228935 0.277463 0.251511 0.924795 0.680944 0.777336 0.860523 0.529571 0.452977 0.929549 0.772931 0.641232 0.774949 0.719188 0.737788 0.838171 0.729077 0.529798 0.486780 0.313023 0.359783 0.460492 0.478049 0.484774 0.623613 0.690293 0.683040 0.665475 0.671465 0.625659 0.501226 0.583101 0.442666 0.851422 0.936936 0.531578 0.988403 0.816063 0.875923 0.933632 0.946855 0.727710 0.728686 0.880664 0.769757 0.872519 0.990906 0.869894 0.698950 0.893215 0.706899 0.878565 0.808599 0.706962 0.667772
0.329794 0.385695 0.709217 0.890917 0.643507 0.947000 0.392575 0.562580 0.674848 0.838260 0.381044 0.393665 0.000000 0.373589 0.478031 0.506283 0.393903 0.426440 0.284734 0.370459 0.976999 0.894463 0.548024 0.783987 0.888017 0.733032 0.898876 0.864337 0.483476 0.484440 0.930050 0.852890 0.368500 0.359105 0.880453 0.876560 0.843588 0.940811 0.983948 0.946000 0.823156 0.985671 0.952594 0.827847 0.734012 0.629278 0.620587 0.509745 0.570417 0.460483 0.532239 0.550294 0.753413 0.919906 0.617179 0.637607 0.447991 0.432132 0.418405 0.538847 0.258484 0.365143 0.270114 0.340604 0.743628 0.808602 0.724449 0.860494 0.617607 0.503005 0.827460 0.901499 0.591898 0.665834 0.786777 0.757228 0.680395 0.812503 0.536038 0.579286 0.416692 0.495553 0.475542 0.472512 0.384707 0.608068 0.655435 0.606171 0.573845 0.598995 0.752467 0.622357 0.634138 0.535518 0.990478 0.958383 0.571135 0.998685 0.732041 0.801626 0.882427 0.981232 0.782021 0.689919 0.781544 0.750337 0.918889 0.981451 0.948329 0.824553 0.918223 0.658991 0.786710 0.792174 0.745513 0.598577
0.520954 0.485511 0.887375 0.933078 0.734870 0.997368 0.464865 0.484152 0.708215 0.789191 0.462174 0.370333 0.373589 0.000000 0.577804 0.501995 0.466238 0.428633 0.359423 0.399419 0.884395 0.971146 0.675419 0.779350 0.750179 0.725390 0.891407 0.809641 0.400280 0.454639 0.919483 0.698830 0.433330 0.413162 0.943863 0.990975 0.922805 0.848270 0.967283 0.963233 0.990393 0.888573 0.798150 0.686776 0.670112 0.551540 0.571542 0.541756 0.579683 0.559762 0.537361 0.602030 0.790117 0.899797 0.781622 0.737121 0.465399 0.541624 0.588087 0.721123 0.394914 0.381284 0.369592 0.386288 0.969896 0.798101 0.797202 0.824022 0.822488 0.695693 0.806000 0.993178 0.763720 0.721902 0.812716 0.645158 0.711344 0.648228 0.528932 0.581406 0.485521 0.571301 0.484088 0.594640 0.568659 0.661283 0.841154 0.630331 0.749617 0.684236 0.888800 0.791074 0.765036 0.638304 0.959375 0.946918 0.593279 0.947359 0.650509 0.654502 0.999307 0.902954 0.685735 0.684388 0.841484 0.870695 0.911749 0.956089 0.974904 0.711447 0.780060 0.664564 0.754618 0.670418 0.800817 0.581598
0.729991 0.793955 0.977871 0.850352 0.786264 0.805132 0.572114 0.852283 0.537940 0.576404 0.671445 0.744580 0.478031 0.577804 0.000000 0.431808 0.624550 0.624195 0.576718 0.709411 0.916409 0.909504 0.438058 0.891231 0.753243 0.653125 0.993986 0.816234 0.506553 0.570085 0.678179 0.614920 0.545097 0.674867 0.950647 0.841837 0.940131 0.844764 0.677719 0.674913 0.993478 0.958421 0.943590 0.856065 0.679197 0.681120 0.910819 0.836690 0.645957 0.654009 0.838868 0.866466 0.692570 0.752660 0.954484 0.975006 0.745331 0.782048 0.833695 0.975902 0.632230 0.718431 0.538493 0.579296 0.996477 0.741570 0.902877 0.796977 0.952575 0.921850 0.910151 0.966368 0.788686 0.876000 0.899328 0.762350 0.836438 0.882776 0.763498 0.777489 0.694568 0.859110 0.642691 0.710550 0.729859 0.981178 0.798513 0.660753 0.870765 0.851669 0.864660 0.892457 0.660642 0.708499 0.916655 0.844299 0.908013 0.858564 0.687743 0.742531 0.795816 0.903392 0.825983 0.816310 0.961068 0.927212 0.931370 0.919561 0.968976 0.978798 0.959496 0.672119 0.873503 0.707921 0.948412 0.653881
0.770877 0.753025 0.847831 0.800485 0.834643 0.958756 0.584442 0.585052 0.626237 0.728642 0.758993 0.717177 0.506283 0.501995 0.431808 0.000000 0.740820 0.747476 0.667961 0.758384 0.867426 0.979602 0.611655 0.662148 0.989225 0.946769 0.943712 0.972264 0.651380 0.761151 0.719161 0.707903 0.654295 0.656559 0.958933 0.994720 0.885899 0.934437 0.953374 0.975322 0.920701 0.935039 0.724647 0.598216 0.769534 0.587244 0.643766 0.637771 0.734016 0.710841 0.657021 0.689588 0.673540 0.750647 0.867919 0.923725 0.804887 0.800084 0.743518 0.867016 0.654262 0.664359 0.638585 0.673909 0.816310 0.912838 0.891565 0.906863 0.954368 0.850503 0.890723 0.998967 0.930768 0.822353 0.851100 0.681640 0.695301 0.779052 0.710079 0.787890 0.841598 0.943691 0.687906 0.747418 0.798699 0.724007 0.871030 0.879489 0.899978 0.783118 0.985781 0.982598 0.860090 0.864311 0.972940 0.958482 0.839659 0.892537 0.689017 0.692021 0.941710 0.981458 0.860449 0.737572 0.849633 0.824453 0.944990 0.855201 0.977924 0.987233 0.859680 0.673257 0.628592 0.576044 0.764451 0.834911
0.357865 0.343629 0.961163 0.848610 0.662955 0.933628 0.679487 0.731341 0.800169 0.880694 0.339939 0.315708 0.393903 0.466238 0.624550 0.740820 0.000000 0.229766 0.348068 0.304617 0.776138 0.993088 0.734486 0.999949 0.703781 0.577928 0.950648 0.793952 0.376590 0.304309 0.883237 0.945707 0.469554 0.479588 0.959797 0.792044 0.899502 0.939114 0.802848 0.924737 0.896316 0.926035 0.919775 0.996593 0.873393 0.836920 0.774894 0.792575 0.618371 0.634987 0.736019 0.759596 0.961896 0.884339 0.751101 0.734570 0.273776 0.314034 0.614579 0.676542 0.404714 0.375508 0.296549 0.276196 0.944145 0.881938 0.952618 0.943491 0.597509 0.560659 0.935335 0.862628 0.641390 0.779161 0.780070 0.767331 0.945133 0.750420 0.463513 0.456533 0.261609 0.320750 0.432407 0.451980 0.449822 0.748360 0.668689 0.562288 0.677526 0.689942 0.585602 0.556924 0.492999 0.478345 0.814681 0.961456 0.619721 0.940119 0.873920 0.961173 0.789150 0.998651 0.741012 0.766369 0.966387 0.961307 0.817356 0.809578 0.904241 0.809431 0.987369 0.742463 0.989770 0.734534 0.804906 0.663671
0.388221 0.369480 0.977467 0.815608 0.763496 0.947988 0.688262 0.730646 0.814516 0.882230 0.335390 0.324786 0.426440 0.428633 0.624195 0.747476 0.229766 0.000000 0.361244 0.250179 0.805435 0.928504 0.763364 0.994908 0.672936 0.553820 0.974168 0.784572 0.339348 0.276567 0.879333 0.927649 0.449600 0.518198 0.944785 0.831746 0.918147 0.854842 0.798051 0.867263 0.867214 0.905639 0.922284 0.984665 0.874089 0.861921 0.818539 0.820548 0.649931 0.710038 0.793494 0.845867 0.949546 0.843828 0.826120 0.761337 0.265785 0.324151 0.674137 0.741413 0.455459 0.414716 0.311572 0.286534 0.989101 0.906520 0.964142 0.933626 0.590241 0.579922 0.852436 0.914477 0.623375 0.734918 0.813695 0.760275 0.923481 0.704483 0.449929 0.443366 0.273388 0.314643 0.435291 0.448889 0.494780 0.774740 0.706201 0.539906 0.709311 0.762355 0.597051 0.579329 0.500773 0.515274 0.750308 0.956569 0.623272 0.892902 0.855071 0.930666 0.792067 0.980703 0.753440 0.735183 0.925812 0.993935 0.830128 0.780741 0.943431 0.777679 0.947723 0.736630 0.998317 0.753602 0.864497 0.632177
0.331905 0.379489 0.786037 0.970888 0.671038 0.876362 0.384227 0.549238 0.652999 0.766403 0.349898 0.361265 0.284734 0.359423 0.576718 0.667961 0.348068 0.361244 0.000000 0.335779 0.947886 0.968344 0.588395 0.881518 0.750976 0.633037 0.920416 0.772952 0.397152 0.353196 0.948567 0.831250 0.400944 0.367896 0.986561 0.844180 0.916817 0.988917 0.805207 0.878166 0.937426 0.971065 0.969771 0.853123 0.735781 0.656550 0.689765 0.537351 0.516764 0.450203 0.570463 0.604207 0.805646 0.950997 0.663710 0.718187 0.369749 0.403487 0.463548 0.549406 0.284743 0.338302 0.279295 0.306291 0.930971 0.873335 0.786815 0.954991 0.582670 0.517476 0.802535 0.991590 0.532820 0.695194 0.749024 0.740584 0.771828 0.786552 0.512212 0.577722 0.337816 0.417729 0.489636 0.524175 0.454819 0.700867 0.771010 0.611151 0.633345 0.693411 0.777993 0.663992 0.639114 0.528463 0.967634 0.938970 0.551990 0.958082 0.743690 0.762039 0.893230 0.938020 0.681408 0.657984 0.851915 0.878789 0.946441 0.987516 0.891265 0.686000 0.824394 0.673784 0.861087 0.748016 0.806951 0.558024
0.335551 0.322703 0.858910 0.989655 0.805837 0.954342 0.589257 0.623188 0.882806 0.971999 0.315579 0.310562 0.370459 0.399419 0.709411 0.758384 0.304617 0.250179 0.335779 0.000000 0.906319 0.922647 0.759134 0.914791 0.809927 0.699537 0.955859 0.813348 0.450905 0.349253 0.931622 0.943674 0.454972 0.455215 0.992631 0.858162 0.831244 0.765902 0.955831 0.935742 0.841756 0.942230 0.975077 0.960896 0.918791 0.863319 0.731710 0.718566 0.696444 0.679876 0.709499 0.760943 0.936050 0.822634 0.686999 0.672389 0.292796 0.309142 0.556402 0.617163 0.383043 0.384253 0.314638 0.321381 0.857082 0.755926 0.836163 0.931884 0.543932 0.508700 0.777513 0.953080 0.581440 0.676331 0.786671 0.805570 0.777402 0.741915 0.460319 0.469278 0.294354 0.311804 0.436640 0.426941 0.423673 0.641722 0.657629 0.590935 0.616679 0.667895 0.618027 0.556827 0.608096 0.534740 0.832650 0.982790 0.570532 0.919239 0.890928 0.942732 0.835913 0.976070 0.763619 0.759888 0.795881 0.881247 0.846065 0.875301 0.920963 0.652473 0.896638 0.766672 0.958907 0.815961 0.788909 0.621873
0.948377 0.990295 0.532549 0.561442 0.769358 0.711524 0.844248 0.855446 0.951397 0.743514 0.930558 0.845501 0.976999 0.884395 0.916409 0.867426 0.776138 0.805435 0.947886 0.906319 0.000000 0.992808 0.934030 0.723955 0.511789 0.482450 0.773607 0.658574 0.676882 0.668744 0.794262 0.834937 0.931155 0.878810 0.748340 0.950645 0.706572 0.862134 0.671426 0.657679 0.822474 0.974000 0.771355 0.748794 0.967348 0.875661 0.737953 0.691353 0.904380 0.961063 0.877761 0.844413 0.962155 0.973326 0.730859 0.778796 0.886962 0.993842 0.776494 0.839724 0.974093 0.913481 0.906568 0.822118 0.515629 0.696932 0.591661 0.632720 0.872021 0.800290 0.958716 0.952024 0.993712 0.941531 0.916132 0.946097 0.759695 0.991343 0.983247 0.901002 0.880205 0.954883 0.924341 0.924703 0.936164 0.618155 0.968740 0.789006 0.863441 0.828633 0.818391 0.927052 0.732790 0.800024 0.970711 0.756531 0.839340 0.843519 0.991257 0.884400 0.826630 0.843357 0.871129 0.960151 0.790221 0.695966 0.984898 0.966197 0.935801 0.991808 0.997673 0.979466 0.894739 0.933556 0.831431 0.922904
0.914915 0.961116 0.919482 0.986802 0.941915 0.921827 0.925013 0.923014 0.830522 0.892121 0.977207 0.956668 0.894463 0.971146 0.909504 0.979602 0.993088 0.928504 0.968344 0.922647 0.992808 0.000000 0.943973 0.991407 0.952725 0.993088 0.860578 0.942491 0.996124 0.936298 0.972274 0.956147 0.815703 0.915363 0.922464 0.951358 0.956340 0.872629 0.940846 0.960965 0.860785 0.803320 0.946897 0.934357 0.987466 0.995905 0.980319 0.988332 0.955281 0.960693 0.963116 0.989982 0.938823 0.992134 0.887081 0.945238 0.973298 0.984288 0.964738 0.939524 0.941320 0.997469 0.923006 0.971186 0.839689 0.960418 0.882494 0.955288 0.998982 0.991224 0.832012 0.962509 0.987091 0.904333 0.950739 0.975844 0.976561 0.831631 0.931767 0.864029 0.969044 0.950537 0.836503 0.923738 0.789079 0.915601 0.848115 0.853381 0.797207 0.899197 0.938330 0.935957 0.962649 0.983039 0.958375 0.890811 0.996298 0.906882 0.998364 0.969849 0.927965 0.803306 0.981654 0.915619 0.889348 0.957430 0.987688 0.967094 0.913042 0.970842 0.981743 0.963758 0.983003 0.893866 0.979471 0.856868
0.698478 0.745200 0.874387 0.973297 0.774533 0.704002 0.698743 0.964312 0.698664 0.788591 0.860753 0.840157 0.548024 0.675419 0.438058 0.611655 0.734486 0.763364 0.588395 0.759134 0.934030 0.943973 0.000000 0.655050 0.976155 0.744862 0.866246 0.926122 0.677029 0.727961 0.678174 0.757061 0.637967 0.825912 0.915500 0.894531 0.964158 0.806188 0.799137 0.661183 0.972461 0.938866 0.790771 0.964731 0.885632 0.855774 0.898033 0.814435 0.756186 0.597130 0.862289 0.803380 0.642654 0.714844 0.846415 0.950257 0.765588 0.762208 0.801702 0.835575 0.680975 0.800228 0.592886 0.624625 0.874804 0.749314 0.897996 0.742376 0.867986 0.793219 0.954232 0.979934 0.875759 0.945811 0.922363 0.844804 0.893534 0.916732 0.688242 0.862992 0.675998 0.824014 0.662673 0.661737 0.564674 0.867961 0.752006 0.527658 0.742012 0.658427 0.732584 0.744325 0.599868 0.608261 0.955141 0.814356 0.863060 0.856795 0.943870 0.940905 0.624674 0.874085 0.941887 0.962047 0.950565 0.945742 0.904279 0.986853 0.915247 0.915821 0.952067 0.904387 0.959127 0.956509 0.985726 0.804244
0.854209 0.798512 0.576715 0.485251 0.894382 0.908425 0.833860 0.732616 0.945112 0.703470 0.907203 0.939155 0.783987 0.779350 0.891231 0.662148 0.999949 0.994908 0.881518 0.914791 0.723955 0.991407 0.655050 0.000000 0.517380 0.685950 0.705770 0.759326 0.931140 0.889066 0.804147 0.908473 0.815980 0.837973 0.735715 0.871962 0.702097 0.854349 0.677176 0.856073 0.780453 0.983008 0.881822 0.882495 0.812792 0.988133 0.636148 0.675804 0.808572 0.948965 0.893944 0.834794 0.979828 0.904431 0.734301 0.815896 0.956328 0.861978 0.803147 0.867092 0.898426 0.914963 0.906220 0.958328 0.517808 0.659293 0.707444 0.736557 0.868443 0.824317 0.852900 0.920413 0.868237 0.821620 0.865907 0.855377 0.823169 0.924976 0.755328 0.938006 0.927078 0.901970 0.749659 0.676123 0.666417 0.452944 0.674519 0.846599 0.768794 0.639525 0.983506 0.841662 0.916897 0.933925 0.979058 0.826096 0.879779 0.945022 0.870398 0.921515 0.905772 0.770764 0.718486 0.941286 0.686702 0.692792 0.992937 0.932965 0.979834 0.841744 0.953990 0.979999 0.939885 0.923104 0.920017 0.980296
0.987554 0.998697 0.437466 0.413471 0.722446 0.689231 0.937232 0.938507 0.644292 0.434521 0.720916 0.792222 0.888017 0.750179 0.753243 0.989225 0.703781 0.672936 0.750976 0.809927 0.511789 0.952725 0.976155 0.517380 0.000000 0.303643 0.685898 0.556843 0.488526 0.495342 0.785939 0.759214 0.970652 0.965368 0.567118 0.792639 0.543830 0.799019 0.421977 0.597281 0.760468 0.973110 0.903210 0.987272 0.590672 0.787241 0.754848 0.816290 0.572995 0.838558 0.982598 0.911355 0.832303 0.754287 0.633250 0.746864 0.787499 0.958250 0.832091 0.819034 0.872336 0.827329 0.778188 0.694668 0.344979 0.540820 0.564731 0.560797 0.851698 0.818499 0.948408 0.934283 0.889030 0.875469 0.951973 0.917840 0.885826 0.859089 0.934913 0.816288 0.811134 0.931844 0.964660 0.849488 0.844449 0.478273 0.806411 0.809373 0.732791 0.695381 0.896082 0.956074 0.651266 0.826873 0.879137 0.776121 0.883636 0.758986 0.670713 0.694657 0.945729 0.685850 0.670313 0.785523 0.730867 0.581027 0.935143 0.910431 0.949659 0.901737 0.882330 0.814881 0.954418 0.934712 0.850807 0.760984
0.846053 0.845116 0.504998 0.407829 0.686975 0.570694 0.934285 0.911452 0.636232 0.509973 0.673737 0.698212 0.733032 0.725390 0.653125 0.946769 0.577928 0.553820 0.633037 0.699537 0.482450 0.993088 0.744862 0.685950 0.303643 0.000000 0.820759 0.498830 0.448307 0.425831 0.793920 0.921166 0.873327 0.947912 0.617312 0.775206 0.617150 0.844769 0.472414 0.539375 0.752940 0.950848 0.715015 0.833376 0.695230 0.874602 0.768828 0.858340 0.567977 0.773008 0.988173 0.953824 0.863500 0.820026 0.736086 0.766826 0.675566 0.795315 0.908987 0.912117 0.775110 0.725744 0.617672 0.550341 0.461637 0.515961 0.516176 0.473858 0.976367 0.988628 0.893589 0.962932 0.860694 0.958324 0.966355 0.937223 0.876671 0.966691 0.847194 0.845003 0.641330 0.781947 0.793092 0.925793 0.931191 0.588273 0.928672 0.595383 0.916805 0.843049 0.689995 0.801307 0.453685 0.612628 0.811537 0.742936 0.938277 0.764426 0.768538 0.757377 0.796392 0.803822 0.818104 0.773459 0.753688 0.633059 0.843238 0.901732 0.937736 0.962997 0.959636 0.820512 0.989165 0.988706 0.881867 0.661650
0.964660 0.996069 0.829118 0.832098 0.866588 0.928761 0.870887 0.927890 0.891107 0.740968 0.803086 0.879882 0.898876 0.891407 0.993986 0.943712 0.950648 0.974168 0.920416 0.955859 0.773607 0.860578 0.866246 0.705770 0.685898 0.820759 0.000000 0.959964 0.898176 0.868446 0.864793 0.877901 0.974295 0.877945 0.979947 0.847478 0.823703 0.855715 0.829136 0.983127 0.920270 0.933111 0.883427 0.859311 0.659309 0.723843 0.987261 0.911385 0.672769 0.832057 0.827902 0.859991 0.810943 0.824517 0.925358 0.875700 0.953892 0.989336 0.883784 0.903310 0.801528 0.841156 0.914589 0.893212 0.716450 0.892928 0.985079 0.948250 0.885770 0.997953 0.970387 0.940819 0.875868 0.805477 0.878253 0.925600 0.989981 0.863312 0.983224 0.998538 0.978252 0.958808 0.823787 0.932428 0.852893 0.778256 0.818115 0.856854 0.810767 0.926316 0.877114 0.941516 0.991204 0.972898 0.969247 0.977758 0.998004 0.983643 0.779983 0.816688 0.849944 0.750130 0.677694 0.772525 0.928543 0.964852 0.961574 0.914818 0.993818 0.993522 0.867135 0.892152 0.862538 0.887436 0.971462 0.773345
0.924771 0.927609 0.761170 0.706814 0.841032 0.573505 0.915723 0.962746 0.785031 0.638763 0.782139 0.783419 0.864337 0.809641 0.816234 0.972264 0.793952 0.784572 0.772952 0.813348 0.658574 0.942491 0.926122 0.759326 0.556843 0.498830 0.959964 0.000000 0.699952 0.618340 0.982046 0.927900 0.944965 0.925526 0.687799 0.880539 0.873067 0.914470 0.722117 0.589519 0.713831 0.982564 0.801028 0.910380 0.810156 0.928015 0.838927 0.842010 0.742662 0.805371 0.967008 0.996168 0.888170 0.883241 0.818405 0.745335 0.834100 0.906198 0.918792 0.973717 0.872432 0.832559 0.796764 0.740446 0.608206 0.752047 0.725210 0.734071 0.971597 0.931280 0.978474 0.897265 0.790928 0.886931 0.954854 0.943139 0.934862 0.981328 0.955461 0.978365 0.815637 0.887705 0.880263 0.965705 0.999312 0.724813 0.981541 0.795332 0.968980 0.839079 0.853847 0.927477 0.716308 0.804922 0.941094 0.910621 0.984745 0.838194 0.895572 0.806467 0.981681 0.767339 0.826359 0.825775 0.996668 0.771881 0.898450 0.982449 0.946817 0.971639 0.962414 0.846605 0.961906 0.993130 0.990675 0.757692
0.581904 0.584715 0.825308 0.680040 0.647175 0.860893 0.634339 0.733004 0.629479 0.564987 0.439033 0.429872 0.483476 0.400280 0.506553 0.651380 0.376590 0.339348 0.397152 0.450905 0.676882 0.996124 0.677029 0.931140 0.488526 0.448307 0.898176 0.699952 0.000000 0.249786 0.983197 0.734569 0.524041 0.533151 0.820300 0.841309 0.928522 0.976375 0.579734 0.732837 0.932561 0.927216 0.968637 0.834467 0.606927 0.649485 0.872336 0.797504 0.452394 0.614836 0.713578 0.817976 0.775992 0.858425 0.965430 0.887082 0.419707 0.545650 0.751544 0.829590 0.502752 0.451358 0.366281 0.336496 0.743440 0.853098 0.899705 0.815364 0.839964 0.780206 0.891158 0.978625 0.723004 0.804085 0.916503 0.716692 0.920263 0.763078 0.538621 0.552627 0.425969 0.565964 0.528794 0.716236 0.707609 0.996213 0.883881 0.608037 0.872698 0.900851 0.793258 0.805667 0.559532 0.598389 0.873514 0.927263 0.773669 0.832272 0.618381 0.658417 0.931197 0.822719 0.633879 0.617776 0.930717 0.860830 0.947542 0.905913 0.904305 0.861563 0.842999 0.625179 0.886534 0.684557 0.942460 0.639250
0.501261 0.516823 0.823035 0.694556 0.659038 0.817090 0.650306 0.721423 0.681703 0.633438 0.353742 0.376150 0.484440 0.454639 0.570085 0.761151 0.304309 0.276567 0.353196 0.349253 0.668744 0.936298 0.727961 0.889066 0.495342 0.425831 0.868446 0.618340 0.249786 0.000000 0.926089 0.763205 0.551167 0.569206 0.730289 0.747770 0.952398 0.965143 0.580890 0.718401 0.950004 0.886918 0.918170 0.965584 0.754232 0.790121 0.928047 0.870840 0.534496 0.674539 0.808379 0.892136 0.917169 0.968279 0.933320 0.900219 0.334733 0.456010 0.760850 0.809561 0.493678 0.444545 0.369397 0.313996 0.732002 0.900769 0.875615 0.772732 0.735591 0.712173 0.907749 0.996033 0.621826 0.794018 0.830093 0.767349 0.993222 0.745245 0.536455 0.541043 0.334931 0.436563 0.527090 0.630137 0.662310 0.987675 0.806813 0.586793 0.844249 0.904171 0.713322 0.703242 0.518343 0.553134 0.780107 0.934825 0.736092 0.858394 0.730533 0.757003 0.876830 0.786583 0.628758 0.614631 0.985883 0.882056 0.866769 0.857327 0.979346 0.817362 0.874925 0.690416 0.979454 0.762882 0.940781 0.591101
0.939344 0.876167 0.785445 0.805256 0.797663 0.980882 0.752450 0.885185 0.852671 0.817392 0.870904 0.868302 0.930050 0.919483 0.678179 0.719161 0.883237 0.879333 0.948567 0.931622 0.794262 0.972274 0.678174 0.804147 0.785939 0.793920 0.864793 0.982046 0.983197 0.926089 0.000000 0.681628 0.798684 0.868332 0.853670 0.800390 0.763425 0.953993 0.993986 0.952141 0.952158 0.999142 0.786910 0.739446 0.806909 0.760513 0.933541 0.849002 0.915798 0.805810 0.821542 0.857762 0.619735 0.648704 0.926734 0.958829 0.858916 0.873319 0.921511 0.975822 0.978641 0.948499 0.976255 0.947361 0.855525 0.936464 0.823087 0.885067 0.811509 0.902066 0.800335 0.728482 0.901494 0.878325 0.834644 0.842942 0.695480 0.941262 0.936498 0.963971 0.871569 0.765314 0.978532 0.890837 0.957197 0.918872 0.910553 0.854166 0.986928 0.958102 0.829343 0.828168 0.824190 0.864903 0.936733 0.952178 0.916459 0.925802 0.916479 0.860311 0.919269 0.890713 0.826383 0.946440 0.787049 0.903480 0.929417 0.758860 0.959613 0.962779 0.892824 0.859949 0.916107 0.767353 0.969409 0.830613
0.956378 0.886655 0.915281 0.998330 0.937482 0.876493 0.664823 0.786379 0.735778 0.601068 0.959464 0.973803 0.852890 0.698830 0.614920 0.707903 0.945707 0.927649 0.831250 0.943674 0.834937 0.956147 0.757061 0.908473 0.759214 0.921166 0.877901 0.927900 0.734569 0.763205 0.681628 0.000000 0.792127 0.816311 0.865127 0.909093 0.931426 0.922783 0.792947 0.750513 0.984778 0.931450 0.778018 0.692270 0.691833 0.678977 0.926009 0.865768 0.793254 0.822407 0.850899 0.955614 0.686835 0.683585 0.957955 0.929429 0.979965 0.867314 0.977186 0.907006 0.927964 0.995811 0.937115 0.936697 0.801463 0.823451 0.994619 0.955413 0.778899 0.802915 0.822018 0.618104 0.896070 0.902899 0.990790 0.725360 0.847463 0.708065 0.881029 0.919514 0.982650 0.862524 0.933762 0.911349 0.905261 0.906366 0.787454 0.935793 0.861075 0.940360 0.731002 0.734419 0.857495 0.898190 0.994111 0.994141 0.978644 0.950133 0.598095 0.592190 0.909463 0.661093 0.599762 0.734048 0.949506 0.939687 0.762858 0.793086 0.859603 0.939456 0.772785 0.747429 0.825137 0.746446 0.839241 0.839454
0.417043 0.483118 0.709645 0.918160 0.866337 0.964868 0.474314 0.646849 0.771367 0.948825 0.486929 0.478234 0.368500 0.433330 0.545097 0.654295 0.469554 0.449600 0.400944 0.454972 0.931155 0.815703 0.637967 0.815980 0.970652 0.873327 0.974295 0.944965 0.524041 0.551167 0.798684 0.792127 0.000000 0.344592 0.747035 0.948127 0.740463 0.925256 0.985281 0.984938 0.749691 0.973969 0.910676 0.788922 0.758095 0.667750 0.638705 0.641653 0.645817 0.525645 0.545679 0.589773 0.745158 0.957503 0.621643 0.596468 0.468838 0.493372 0.462173 0.569244 0.380560 0.446021 0.346795 0.413582 0.773297 0.799762 0.616517 0.756409 0.676287 0.618466 0.830821 0.970142 0.618489 0.748494 0.754375 0.717129 0.766751 0.807132 0.523599 0.596046 0.458803 0.521374 0.558145 0.528206 0.463912 0.592713 0.795147 0.684300 0.634016 0.679770 0.851161 0.658913 0.784740 0.594613 0.939504 0.985299 0.440120 0.910631 0.732038 0.831243 0.986891 0.969444 0.698027 0.758492 0.839586 0.728150 0.924720 0.979784 0.995811 0.739719 0.775224 0.659052 0.902960 0.679432 0.742234 0.668908
0.407185 0.449294 0.632635 0.769806 0.820495 0.859723 0.392684 0.461843 0.755445 0.866489 0.424093 0.420130 0.359105 0.413162 0.674867 0.656559 0.479588 0.518198 0.367896 0.455215 0.878810 0.915363 0.825912 0.837973 0.965368 0.947912 0.877945 0.925526 0.533151 0.569206 0.868332 0.816311 0.344592 0.000000 0.836754 0.983432 0.762815 0.888849 0.976032 0.887955 0.748341 0.994029 0.698746 0.637548 0.673639 0.494820 0.536293 0.432145 0.527151 0.453696 0.403202 0.476436 0.757318 0.915554 0.557507 0.525068 0.506718 0.490165 0.360623 0.477545 0.314800 0.354088 0.398252 0.446236 0.765355 0.646426 0.506634 0.615628 0.706981 0.560969 0.768397 0.964097 0.633449 0.683799 0.670254 0.718429 0.611521 0.737639 0.542061 0.561821 0.493484 0.561546 0.582874 0.623371 0.554291 0.545829 0.877547 0.839482 0.676902 0.638729 0.977287 0.775526 0.919291 0.726453 0.978798 0.843661 0.549409 0.855576 0.660879 0.721485 0.840568 0.930375 0.604803 0.642947 0.773327 0.650715 0.987583 0.921156 0.963667 0.704591 0.703250 0.559744 0.759138 0.581366 0.667632 0.716815
0.826431 0.849233 0.599504 0.733776 0.988263 0.763761 0.945370 0.978590 0.982034 0.660959 0.990674 0.975351 0.880453 0.943863 0.950647 0.958933 0.959797 0.944785 0.986561 0.992631 0.748340 0.922464 0.915500 0.735715 0.567118 0.617312 0.979947 0.687799 0.820300 0.730289 0.853670 0.865127 0.747035 0.836754 0.000000 0.734395 0.644615 0.873253 0.624648 0.765063 0.722252 0.931752 0.994352 0.983499 0.941774 0.959257 0.809410 0.800326 0.814133 0.948757 0.863780 0.807898 0.893345 0.997481 0.700673 0.721665 0.952696 0.937082 0.744493 0.796878 0.892817 0.987870 0.928879 0.976330 0.543792 0.735654 0.565701 0.583032 0.847231 0.834325 0.792226 0.982641 0.966950 0.853766 0.913840 0.979170 0.879710 0.951856 0.936281 0.997295 0.958415 0.949495 0.982917 0.864062 0.771170 0.672553 0.966502 0.971087 0.785387 0.728817 0.955124 0.864426 0.899893 0.990033 0.739581 0.990032 0.819675 0.972077 0.854904 0.765371 0.857679 0.873435 0.934766 0.916386 0.778815 0.623823 0.969993 0.961924 0.895188 0.944350 0.868826 0.829873 0.971226 0.991414 0.835717 0.988602
0.836334 0.879855 0.969538 0.894086 0.854024 0.819975 0.877484 0.983978 0.805960 0.912247 0.798988 0.890450 0.876560 0.990975 0.841837 0.994720 0.792044 0.831746 0.844180 0.858162 0.950645 0.951358 0.894531 0.871962 0.792639 0.775206 0.847478 0.880539 0.841309 0.747770 0.800390 0.909093 0.948127 0.983432 0.734395 0.000000 0.900035 0.797422 0.790561 0.853940 0.980874 0.967660 0.880277 0.914372 0.967556 0.997909 0.942113 0.930114 0.865574 0.938910 0.907551 0.932862 0.976248 0.893300 0.922841 0.921758 0.753487 0.818398 0.987385 0.981837 0.876889 0.881875 0.831002 0.837246 0.963417 0.924065 0.761400 0.777372 0.845702 0.921879 0.809527 0.950714 0.883706 0.962970 0.845907 0.912378 0.800341 0.860386 0.824593 0.958426 0.755912 0.789895 0.953886 0.846556 0.860524 0.989967 0.848401 0.944091 0.977998 0.977498 0.853145 0.938808 0.703798 0.840976 0.847309 0.963653 0.948164 0.898459 0.967824 0.928528 0.888948 0.963926 0.962294 0.848856 0.863021 0.818100 0.937610 0.863239 0.956797 0.970298 0.933813 0.986807 0.944552 0.979372 0.998428 0.851982
0.688813 0.680675 0.436406 0.536812 0.787283 0.812481 0.826705 0.710777 0.831208 0.716506 0.932769 0.795442 0.843588 0.922805 0.940131 0.885899 0.899502 0.918147 0.916817 0.831244 0.706572 0.956340 0.964158 0.702097 0.543830 0.617150 0.823703 0.873067 0.928522 0.952398 0.763425 0.931426 0.740463 0.762815 0.644615 0.900035 0.000000 0.710254 0.622732 0.795606 0.764158 0.862033 0.778913 0.830421 0.854271 0.974131 0.606378 0.689855 0.934099 0.867696 0.784813 0.749552 0.951768 0.846234 0.547371 0.697488 0.805661 0.704108 0.667233 0.646200 0.795253 0.841308 0.853750 0.906032 0.509373 0.575450 0.553904 0.624345 0.639088 0.633071 0.883223 0.955800 0.702172 0.781319 0.807983 0.810698 0.708422 0.907405 0.763436 0.914741 0.860751 0.793257 0.762362 0.776817 0.725328 0.502788 0.807898 0.963848 0.696380 0.717757 0.881613 0.829663 0.934765 0.988671 0.933542 0.796260 0.727062 0.782753 0.881060 0.884250 0.993247 0.768859 0.964509 0.999056 0.585371 0.654226 0.920646 0.840288 0.963621 0.714421 0.959443 0.979431 0.980741 0.887514 0.674865 0.989157
0.884372 0.847089 0.819005 0.780055 0.893005 0.944726 0.945809 0.757602 0.838155 0.839914 0.910251 0.825161 0.940811 0.848270 0.844764 0.934437 0.939114 0.854842 0.988917 0.765902 0.862134 0.872629 0.806188 0.854349 0.799019 0.844769 0.855715 0.914470 0.976375 0.965143 0.953993 0.922783 0.925256 0.888849 0.873253 0.797422 0.710254 0.000000 0.696289 0.853914 0.999284 0.934820 0.797360 0.860776 0.987643 0.958455 0.774680 0.892212 0.931722 0.890791 0.863558 0.926279 0.820415 0.838029 0.818462 0.854182 0.857207 0.849955 0.911795 0.931896 0.928636 0.886419 0.959957 0.941803 0.811300 0.671253 0.775569 0.729335 0.853315 0.856091 0.834660 0.842779 0.997196 0.858122 0.997525 0.818138 0.856539 0.759580 0.858469 0.922187 0.935942 0.892549 0.880523 0.856719 0.924826 0.746070 0.853516 0.943626 0.718029 0.914651 0.998032 0.991988 0.903515 0.826657 0.928226 0.800523 0.840287 0.843978 0.983291 0.925968 0.833150 0.967408 0.922774 0.919615 0.560929 0.690958 0.910143 0.989807 0.931247 0.911255 0.952881 0.959206 0.851164 0.907312 0.713498 0.994556
