0.000000 0.279025 0.969550 0.796456 0.864124 0.805995 0.889187 0.601728 0.721773 0.653114 0.371933 0.337385 0.486097 0.446695 0.617388 0.709354 0.355025 0.329685 0.341059 0.291183 0.698875 0.954703 0.523001 0.660114 0.922254 0.678798 0.764399 0.890022 0.425336 0.466224 0.709111 0.779660 0.607104 0.687020 0.941681 0.845589 0.705580 0.944629 0.762442 0.787232 0.818215 0.774882 0.857544 0.807887 0.897786 0.720811 0.589976 0.684886 0.463510 0.612395 0.858485 0.946386 0.970512 0.715191 0.750140 0.950761 0.265405 0.361683 0.499403 0.642624 0.727390 0.760722 0.400266 0.391678 0.810611 0.747606 0.853721 0.749961 0.455459 0.513876 0.815590 0.926614 0.731112 0.938112 0.938449 0.947877 0.787079 0.922053 0.786990 0.646704 0.408033 0.323774 0.422890 0.556890 0.343316 0.592846 0.979534 0.585481 0.768454 0.545272 0.779389 0.615971 0.654053 0.522343 0.947609 0.981884 0.833516 0.847225 0.848794 0.871620 0.861403 0.719396 0.860185 0.897680 0.997861 0.889086 0.888859 0.667543 0.890404 0.927405 0.944993 0.900483 0.800016 0.971972 0.994060 0.816090
0.279025 0.000000 0.876045 0.835250 0.999595 0.727281 0.985040 0.586601 0.645196 0.688793 0.501821 0.391354 0.627919 0.507756 0.804028 0.799428 0.359243 0.361896 0.434771 0.339631 0.780139 0.913892 0.680743 0.784643 0.808686 0.783716 0.908533 0.808373 0.426759 0.499247 0.779050 0.776912 0.715162 0.672939 0.909058 0.968155 0.773659 0.996585 0.755732 0.746887 0.782891 0.837973 0.879293 0.763834 0.826529 0.663195 0.598090 0.730380 0.368790 0.572487 0.883332 0.972917 0.914901 0.664648 0.771403 0.985725 0.270097 0.256609 0.623179 0.650060 0.778346 0.712847 0.491974 0.421342 0.726455 0.775131 0.766121 0.815794 0.575621 0.508494 0.977613 0.941970 0.821346 0.983497 0.987978 0.988651 0.842586 0.917426 0.754301 0.619270 0.404722 0.323722 0.460290 0.498283 0.415287 0.590878 0.910897 0.564876 0.948359 0.626272 0.636981 0.499936 0.571939 0.435751 0.871421 0.957039 0.921578 0.820220 0.918381 0.948555 0.796496 0.648821 0.900191 0.965269 0.935055 0.960688 0.728258 0.601537 0.906471 0.987916 0.989265 0.947144 0.784195 0.995388 0.881812 0.774649
0.969550 0.876045 0.000000 0.500482 0.805913 0.660974 0.379194 0.614062 0.724283 0.698621 0.862759 0.996489 0.721774 0.876814 0.731183 0.878953 0.913087 0.962724 0.854214 0.995819 0.864349 0.917235 0.698351 0.894658 0.855625 0.635331 0.918467 0.939803 0.907740 0.861197 0.584831 0.580544 0.524929 0.675581 0.587481 0.912201 0.915898 0.853242 0.892029 0.843349 0.967708 0.948831 0.562366 0.584693 0.521177 0.642718 0.607066 0.515188 0.922146 0.673625 0.445356 0.494383 0.459905 0.432967 0.690669 0.771599 0.980241 0.777351 0.944187 0.803711 0.563918 0.799783 0.898256 0.938032 0.465550 0.727742 0.395812 0.534026 0.911793 0.875299 0.804549 0.789125 0.715220 0.566608 0.750526 0.913066 0.763760 0.682932 0.896022 0.923316 0.898200 0.948716 0.980372 0.992622 0.898626 0.993632 0.784077 0.933195 0.794339 0.996989 0.589158 0.671696 0.690558 0.737747 0.738904 0.986869 0.711202 0.957205 0.590837 0.533840 0.683904 0.706607 0.665408 0.554367 0.596822 0.649747 0.964011 0.909694 0.955806 0.708900 0.794712 0.723916 0.631285 0.716057 0.582083 0.963030
0.796456 0.835250 0.500482 0.000000 0.759063 0.743640 0.446261 0.391459 0.779894 0.535284 0.734784 0.643648 0.629533 0.614206 0.600615 0.616865 0.745898 0.778782 0.720305 0.716499 0.827677 0.997983 0.545354 0.621309 0.915130 0.797871 0.943782 0.873083 0.687139 0.717815 0.488013 0.594437 0.561176 0.674956 0.786699 0.899752 0.812701 0.871437 0.828013 0.983219 0.943199 0.957474 0.543677 0.520720 0.511191 0.521071 0.649466 0.536144 0.621416 0.464553 0.435613 0.447752 0.569198 0.643664 0.705290 0.893178 0.890635 0.986970 0.806250 0.977108 0.536379 0.515167 0.740680 0.763151 0.622203 0.619908 0.579231 0.664318 0.984807 0.830382 0.801512 0.695052 0.660209 0.597022 0.625820 0.954584 0.547154 0.679611 0.801708 0.854947 0.751469 0.853639 0.797810 0.904077 0.678938 0.694328 0.849285 0.790676 0.891302 0.751366 0.736694 0.811924 0.822318 0.925250 0.773544 0.945905 0.757720 0.944445 0.567011 0.530349 0.735994 0.747810 0.666630 0.700182 0.655558 0.683230 0.916236 0.979025 0.957953 0.845508 0.748160 0.692209 0.624641 0.909487 0.828314 0.885781
0.864124 0.999595 0.805913 0.759063 0.000000 0.864806 0.789608 0.851929 0.847780 0.999029 0.855594 0.860689 0.770895 0.780404 0.752282 0.777828 0.986907 0.997998 0.864059 0.917053 0.945588 0.900601 0.730860 0.654049 0.991996 0.948448 0.795446 0.792998 0.998318 0.933003 0.936791 0.974177 0.859723 0.982523 0.917886 0.906128 0.853727 0.887902 0.957820 0.975724 0.972754 0.914388 0.859139 0.888872 0.957056 0.994525 0.866367 0.843378 0.905576 0.884639 0.773755 0.806939 0.744045 0.866435 0.756968 0.888290 0.992292 0.851825 0.855150 0.848616 0.760586 0.798183 0.920561 0.971877 0.868903 0.836919 0.809524 0.930319 0.884820 0.994390 0.913202 0.988368 0.814956 0.874821 0.954295 0.858327 0.944703 0.891687 0.871350 0.975837 0.977132 0.978168 0.928426 0.984121 0.772956 0.825861 0.945693 0.763396 0.759378 0.965212 0.753232 0.820520 0.956336 0.895116 0.965668 0.984559 0.958748 0.986078 0.870790 0.807396 0.812997 0.801153 0.998152 0.960879 0.918204 0.848532 0.865699 0.903715 0.875766 0.717133 0.937742 0.894222 0.931917 0.944414 0.762181 0.884937
0.805995 0.727281 0.660974 0.743640 0.864806 0.000000 0.581553 0.742278 0.689911 0.806982 0.991484 0.902128 0.941009 0.972168 0.855887 0.803740 0.873826 0.843388 0.892766 0.795979 0.982526 0.845946 0.964036 0.962814 0.957579 0.810165 0.754744 0.839302 0.843780 0.959095 0.859968 0.769407 0.797518 0.901287 0.789657 0.927636 0.979005 0.930715 0.844590 0.947258 0.844069 0.897648 0.569306 0.670184 0.697922 0.801944 0.862618 0.758666 0.939157 0.888534 0.669421 0.687187 0.708386 0.589073 0.924681 0.839862 0.722430 0.573671 0.967524 0.968397 0.671036 0.850963 0.941657 0.982072 0.651913 0.553094 0.543016 0.559433 0.604079 0.828216 0.723024 0.700827 0.985664 0.780305 0.690914 0.851341 0.736232 0.861931 0.970076 0.934144 0.973423 0.793336 0.913466 0.839642 0.867604 0.941021 0.990170 0.830464 0.979532 0.927700 0.671827 0.667445 0.699668 0.690946 0.858060 0.890173 0.774356 0.806619 0.740722 0.634266 0.707573 0.795664 0.791614 0.812809 0.734527 0.776398 0.856789 0.814148 0.784322 0.923453 0.874653 0.692096 0.853455 0.828106 0.732526 0.910402
0.889187 0.985040 0.379194 0.446261 0.789608 0.581553 0.000000 0.441413 0.712933 0.456149 0.702766 0.829730 0.529588 0.666379 0.512557 0.608665 0.763997 0.762415 0.613570 0.890185 0.754065 0.967537 0.566662 0.785471 0.884495 0.830888 0.987069 0.940360 0.709848 0.602623 0.346562 0.418381 0.394012 0.475183 0.748996 0.978018 0.883073 0.817224 0.728364 0.919190 0.972463 0.985625 0.347205 0.380651 0.363763 0.463037 0.560063 0.413324 0.715124 0.529352 0.304530 0.344435 0.382192 0.378829 0.711282 0.750476 0.956919 0.829019 0.886704 0.810695 0.415313 0.736832 0.652074 0.728995 0.664854 0.714545 0.363236 0.495875 0.875872 0.917621 0.568461 0.546681 0.544718 0.447580 0.700674 0.799167 0.544903 0.527921 0.648962 0.677257 0.688147 0.942731 0.772246 0.874144 0.828007 0.898647 0.798411 0.889834 0.903265 0.906404 0.623421 0.676615 0.777526 0.823927 0.789055 0.731241 0.726697 0.845713 0.478053 0.379291 0.546623 0.601651 0.583767 0.456788 0.638719 0.604356 0.888793 0.907740 0.804461 0.797237 0.754422 0.619835 0.581386 0.689340 0.655664 0.906367
0.601728 0.586601 0.614062 0.391459 0.851929 0.742278 0.441413 0.000000 0.947670 0.431849 0.606103 0.446323 0.449532 0.369406 0.544571 0.509335 0.630029 0.665321 0.575803 0.619766 0.807427 0.930596 0.535673 0.661712 0.895805 0.914320 0.952546 0.750290 0.564948 0.598685 0.495702 0.513263 0.494282 0.521885 0.823623 0.874127 0.830650 0.881181 0.710129 0.975400 0.866017 0.958073 0.366857 0.387189 0.373626 0.343623 0.438543 0.389129 0.354916 0.285057 0.376698 0.395930 0.607756 0.732366 0.716141 0.855946 0.694384 0.794819 0.565369 0.773078 0.363136 0.372339 0.489829 0.511302 0.707318 0.646184 0.583704 0.614797 0.998085 0.681655 0.692006 0.743674 0.651931 0.649934 0.681460 0.876639 0.516659 0.681206 0.847128 0.739132 0.592820 0.730840 0.641964 0.805487 0.544654 0.627755 0.910881 0.714305 0.876165 0.624552 0.852606 0.982872 0.913342 0.882603 0.740483 0.825819 0.760344 0.915487 0.459009 0.400455 0.708303 0.886231 0.578670 0.695985 0.644421 0.715220 0.892400 0.976012 0.752465 0.816493 0.672907 0.547142 0.581461 0.736623 0.787053 0.801374
0.721773 0.645196 0.724283 0.779894 0.847780 0.689911 0.712933 0.947670 0.000000 0.860282 0.852090 0.780322 0.981308 0.844086 0.822448 0.929582 0.798084 0.725581 0.861333 0.739024 0.892462 0.999446 0.944600 0.933334 0.931628 0.772094 0.977659 0.967039 0.776938 0.871502 0.846430 0.901470 0.905673 0.935406 0.701853 0.935067 0.974380 0.781471 0.881519 0.866238 0.954032 0.920886 0.821483 0.932577 0.865046 0.988637 0.990959 0.866227 0.845230 0.916273 0.745275 0.634722 0.636589 0.579610 0.995851 0.931149 0.650173 0.558026 0.871418 0.748659 0.960372 0.913958 0.779303 0.763275 0.651937 0.774315 0.663615 0.835554 0.808635 0.829516 0.802842 0.674225 0.800306 0.679719 0.868175 0.892591 0.682969 0.815656 0.906094 0.957501 0.812968 0.700212 0.723093 0.720951 0.812500 0.892162 0.720890 0.798623 0.791858 0.841298 0.503650 0.466859 0.477241 0.536981 0.779087 0.958434 0.806544 0.769796 0.682695 0.696171 0.654718 0.696879 0.769124 0.744335 0.795723 0.796118 0.804323 0.708025 0.855744 0.908669 0.894508 0.771366 0.806890 0.824839 0.877328 0.865331
0.653114 0.688793 0.698621 0.535284 0.999029 0.806982 0.456149 0.431849 0.860282 0.000000 0.453650 0.560705 0.553381 0.575875 0.447041 0.507119 0.487937 0.523692 0.529887 0.649778 0.710175 0.977110 0.456191 0.656128 0.915930 0.927605 0.987241 0.994104 0.465362 0.425532 0.345642 0.472036 0.425719 0.462950 0.993908 0.894373 0.747670 0.848078 0.869220 0.906872 0.913198 0.857631 0.542598 0.524134 0.533726 0.459392 0.580690 0.496136 0.513950 0.472544 0.566299 0.576333 0.739987 0.834124 0.917026 0.936178 0.743671 0.844630 0.651698 0.989966 0.576020 0.626876 0.461889 0.456078 0.909208 0.953351 0.704394 0.792240 0.923549 0.763564 0.588496 0.617877 0.600148 0.579008 0.746483 0.859124 0.590459 0.545721 0.699341 0.494628 0.456417 0.599002 0.605511 0.692202 0.608362 0.665425 0.873954 0.827030 0.945932 0.738280 0.951445 0.972135 0.996012 0.849379 0.929208 0.901968 0.708338 0.891685 0.654639 0.563629 0.795721 0.953200 0.611071 0.590069 0.701094 0.699167 0.993084 0.962792 0.659165 0.980087 0.830937 0.723411 0.735019 0.802510 0.889817 0.680486
0.371933 0.501821 0.862759 0.734784 0.855594 0.991484 0.702766 0.606103 0.852090 0.453650 0.000000 0.421994 0.422628 0.463436 0.444522 0.506638 0.338187 0.324924 0.341177 0.469284 0.671512 0.946650 0.446836 0.591086 0.899160 0.803486 0.773069 0.999103 0.408764 0.341193 0.559615 0.639383 0.477892 0.580127 0.862620 0.910487 0.708107 0.958007 0.864398 0.901417 0.837977 0.835031 0.734537 0.688066 0.824990 0.672967 0.558875 0.641458 0.570271 0.638399 0.793898 0.860706 0.976261 0.859206 0.885306 0.989668 0.494425 0.621325 0.545950 0.765824 0.612957 0.802200 0.332033 0.326375 0.908608 0.862951 0.932235 0.916572 0.737197 0.709499 0.711142 0.735030 0.622102 0.727973 0.848636 0.918820 0.750733 0.769390 0.692016 0.522091 0.401977 0.392590 0.445706 0.636399 0.453395 0.535665 0.997436 0.645181 0.864132 0.597191 0.819170 0.694245 0.694578 0.579147 0.945558 0.898858 0.788688 0.727507 0.866644 0.801475 0.955712 0.827992 0.790764 0.696883 0.888645 0.868434 0.875276 0.667524 0.787414 0.865811 0.996913 0.857048 0.832960 0.970451 0.910695 0.798564
0.337385 0.391354 0.996489 0.643648 0.860689 0.902128 0.829730 0.446323 0.780322 0.560705 0.421994 0.000000 0.401477 0.276695 0.480974 0.442350 0.423628 0.448537 0.431491 0.411048 0.858711 0.914724 0.437207 0.454457 0.938309 0.684102 0.859098 0.819276 0.439964 0.467132 0.640949 0.735458 0.619290 0.616252 0.915134 0.768488 0.713140 0.979761 0.876725 0.796524 0.969559 0.863141 0.700490 0.693337 0.752363 0.579650 0.576587 0.630468 0.347943 0.502382 0.777988 0.846005 0.997225 0.756125 0.882095 0.902380 0.473101 0.494395 0.504910 0.591277 0.597453 0.483048 0.376283 0.343103 0.953713 0.916892 0.990912 0.948999 0.674822 0.611082 0.785082 0.793586 0.779989 0.908962 0.886160 0.969992 0.697252 0.886925 0.869098 0.749423 0.529056 0.472601 0.510963 0.690623 0.343801 0.401287 0.944975 0.507840 0.823534 0.516695 0.783871 0.615399 0.688354 0.523292 0.991044 0.855940 0.919894 0.830784 0.783063 0.779155 0.968217 0.755886 0.884277 0.903047 0.883046 0.913361 0.773224 0.730360 0.827107 0.865416 0.856521 0.844685 0.853186 0.969306 0.995833 0.763195
0.486097 0.627919 0.721774 0.629533 0.770895 0.941009 0.529588 0.449532 0.981308 0.553381 0.422628 0.401477 0.000000 0.349234 0.325578 0.384739 0.534433 0.555749 0.417487 0.602710 0.880227 0.965978 0.408139 0.606395 0.991607 0.790049 0.860645 0.908041 0.528505 0.439995 0.490104 0.591514 0.458302 0.565595 0.867558 0.929597 0.784221 0.995915 0.808137 0.971616 0.944787 0.926763 0.462209 0.490484 0.590362 0.522841 0.424460 0.455419 0.517018 0.487368 0.520513 0.564366 0.676000 0.838787 0.688439 0.981183 0.573225 0.728133 0.478521 0.702875 0.387919 0.624813 0.383289 0.390237 0.813982 0.924709 0.635153 0.793127 0.816394 0.789554 0.610993 0.700457 0.646060 0.721947 0.865553 0.872016 0.614137 0.640407 0.726746 0.781757 0.629619 0.661362 0.508072 0.810712 0.526582 0.662870 0.813662 0.670862 0.696958 0.643670 0.903443 0.927940 0.928704 0.759471 0.893618 0.781221 0.735416 0.940241 0.535228 0.512841 0.715017 0.947264 0.564155 0.645590 0.631480 0.682156 0.911637 0.880655 0.839503 0.659462 0.744313 0.647527 0.660297 0.762759 0.663473 0.866399
0.446695 0.507756 0.876814 0.614206 0.780404 0.972168 0.666379 0.369406 0.844086 0.575875 0.463436 0.276695 0.349234 0.000000 0.438577 0.379748 0.531331 0.534410 0.419719 0.480968 0.810998 0.981778 0.407499 0.433944 0.958601 0.670798 0.913503 0.835478 0.454113 0.452458 0.588142 0.595379 0.565749 0.532914 0.960701 0.831605 0.819616 0.963494 0.865843 0.794055 0.896012 0.916109 0.522312 0.545132 0.607502 0.514497 0.502371 0.524374 0.365161 0.456295 0.567209 0.687673 0.838410 0.961934 0.727799 0.958768 0.600635 0.672820 0.582916 0.685710 0.469269 0.454141 0.363368 0.387975 0.998081 0.763897 0.821972 0.874506 0.823921 0.731815 0.703142 0.799144 0.685091 0.767847 0.782902 0.880108 0.701719 0.847528 0.843053 0.753488 0.587057 0.583301 0.514330 0.782557 0.396306 0.387547 0.919485 0.527729 0.892540 0.525744 0.879084 0.696252 0.738962 0.567273 0.959234 0.817349 0.979402 0.863098 0.716220 0.615547 0.915168 0.945753 0.817963 0.832640 0.855928 0.892763 0.793061 0.799989 0.859619 0.803939 0.858346 0.737411 0.788689 0.944793 0.933002 0.779221
0.617388 0.804028 0.731183 0.600615 0.752282 0.855887 0.512557 0.544571 0.822448 0.447041 0.444522 0.480974 0.325578 0.438577 0.000000 0.335032 0.544722 0.576210 0.462613 0.664862 0.795515 0.933896 0.322894 0.497691 0.967394 0.820392 0.939723 0.958661 0.568849 0.426301 0.395043 0.568011 0.428605 0.478579 0.929745 0.854893 0.786871 0.945102 0.960698 0.978707 0.958883 0.863829 0.531655 0.560750 0.625203 0.550803 0.590316 0.499407 0.631027 0.589173 0.592859 0.591220 0.671687 0.822974 0.818511 0.940638 0.754493 0.884925 0.640428 0.895692 0.513833 0.668415 0.392120 0.430709 0.824484 0.908000 0.585554 0.826210 0.858286 0.902931 0.506831 0.525949 0.543517 0.622952 0.822137 0.877773 0.573138 0.668726 0.770855 0.698915 0.637731 0.712856 0.621297 0.845301 0.550115 0.588565 0.862737 0.703212 0.764256 0.706029 0.921889 0.983801 0.944245 0.809267 0.857690 0.837180 0.762889 0.953769 0.629146 0.570088 0.697119 0.904052 0.685473 0.526483 0.717472 0.732324 0.968641 0.946994 0.774685 0.752349 0.818186 0.728680 0.763928 0.798687 0.654464 0.862737
0.709354 0.799428 0.878953 0.616865 0.777828 0.803740 0.608665 0.509335 0.929582 0.507119 0.506638 0.442350 0.384739 0.379748 0.335032 0.000000 0.662777 0.682131 0.583342 0.802993 0.873473 0.982490 0.436735 0.454466 0.799195 0.710598 0.970119 0.849779 0.543585 0.480809 0.547355 0.643762 0.577953 0.633825 0.970148 0.910254 0.916515 0.908837 0.945961 0.972311 0.915382 0.933274 0.486616 0.514829 0.657129 0.564548 0.639848 0.567784 0.533332 0.631092 0.636911 0.673668 0.819952 0.895608 0.870563 0.928754 0.874440 0.930876 0.607941 0.798322 0.481341 0.571510 0.419745 0.453250 0.918192 0.773462 0.652185 0.762934 0.929482 0.993494 0.662184 0.573038 0.751375 0.732124 0.798474 0.888879 0.701636 0.666184 0.775662 0.767639 0.750899 0.820098 0.679524 0.939259 0.644742 0.517916 0.895431 0.685661 0.911138 0.686916 0.975498 0.898529 0.886603 0.734305 0.937907 0.746056 0.855474 0.958706 0.692671 0.616277 0.805478 0.905770 0.797288 0.728140 0.768855 0.819206 0.887953 0.934808 0.773781 0.851689 0.868140 0.806674 0.797789 0.896362 0.825828 0.841571
0.355025 0.359243 0.913087 0.745898 0.986907 0.873826 0.763997 0.630029 0.798084 0.487937 0.338187 0.423628 0.534433 0.531331 0.544722 0.662777 0.000000 0.235841 0.365890 0.372368 0.732418 0.847099 0.539931 0.696625 0.823499 0.784781 0.890955 0.958470 0.349765 0.276339 0.538588 0.593542 0.479850 0.473048 0.977319 0.995518 0.698136 0.940508 0.819926 0.775342 0.730573 0.796907 0.787777 0.677164 0.725807 0.535669 0.583240 0.590887 0.509031 0.589276 0.838081 0.949808 0.970817 0.795113 0.836782 0.993565 0.324213 0.383711 0.689817 0.827287 0.704341 0.809543 0.338857 0.287355 0.775842 0.721799 0.990969 0.941159 0.664763 0.573881 0.784561 0.777344 0.691298 0.876181 0.896232 0.960273 0.751838 0.731727 0.585487 0.510979 0.261368 0.294899 0.440624 0.430572 0.458019 0.596262 0.965413 0.575958 0.948464 0.673448 0.617652 0.552124 0.567410 0.476339 0.935065 0.932269 0.891200 0.702188 0.922038 0.886548 0.869317 0.732460 0.832061 0.720976 0.942861 0.940456 0.774891 0.585307 0.823676 0.884200 0.987971 0.939817 0.746783 0.915329 0.946554 0.808876
0.329685 0.361896 0.962724 0.778782 0.997998 0.843388 0.762415 0.665321 0.725581 0.523692 0.324924 0.448537 0.555749 0.534410 0.576210 0.682131 0.235841 0.000000 0.329586 0.378144 0.654662 0.874245 0.534154 0.679140 0.801685 0.764584 0.850661 0.978772 0.326745 0.273700 0.549439 0.627395 0.524060 0.506965 0.826590 0.907953 0.747083 0.973941 0.804250 0.836740 0.701610 0.775530 0.822487 0.689067 0.793317 0.618435 0.671170 0.630641 0.519387 0.641093 0.869525 0.958600 0.958997 0.828049 0.876353 0.930135 0.349978 0.422453 0.751002 0.867506 0.740210 0.925701 0.347524 0.328343 0.709980 0.710556 0.921317 0.852325 0.658235 0.652361 0.767180 0.762874 0.647544 0.794221 0.971656 0.987215 0.766240 0.736577 0.559217 0.443520 0.283631 0.286371 0.391042 0.489482 0.479577 0.601037 0.996545 0.588518 0.991191 0.731072 0.635006 0.571479 0.528018 0.472278 0.891343 0.912535 0.938414 0.708565 0.954827 0.904897 0.825074 0.744208 0.899611 0.790852 0.990445 0.970629 0.804721 0.626801 0.882675 0.929582 0.943938 0.979791 0.762351 0.937884 0.995927 0.848965
0.341059 0.434771 0.854214 0.720305 0.864059 0.892766 0.613570 0.575803 0.861333 0.529887 0.341177 0.431491 0.417487 0.419719 0.462613 0.583342 0.365890 0.329586 0.000000 0.351038 0.681661 0.908811 0.373780 0.563341 0.856606 0.700490 0.845115 0.998843 0.390583 0.348051 0.501304 0.552808 0.458847 0.525811 0.923127 0.922269 0.724431 0.885679 0.774909 0.880073 0.830370 0.790503 0.683984 0.649844 0.685137 0.590471 0.525316 0.550873 0.451979 0.563657 0.659156 0.795651 0.808410 0.977879 0.717047 0.842638 0.401344 0.540694 0.716954 0.957972 0.662064 0.778636 0.398707 0.399951 0.859533 0.812373 0.927387 0.934363 0.594804 0.626823 0.654003 0.771635 0.569919 0.695395 0.935743 0.919532 0.668855 0.785570 0.644601 0.537357 0.400216 0.411766 0.394289 0.565335 0.386383 0.586078 0.898103 0.553173 0.844726 0.587700 0.848688 0.743069 0.693361 0.623859 0.885863 0.798248 0.865484 0.871291 0.799430 0.728909 0.988002 0.888316 0.790846 0.699068 0.904668 0.864523 0.925046 0.659036 0.867078 0.860263 0.914385 0.849948 0.708588 0.807808 0.972492 0.829565
0.291183 0.339631 0.995819 0.716499 0.917053 0.795979 0.890185 0.619766 0.739024 0.649778 0.469284 0.411048 0.602710 0.480968 0.664862 0.802993 0.372368 0.378144 0.351038 0.000000 0.736276 0.877836 0.488368 0.626655 0.822621 0.813355 0.856715 0.976514 0.423471 0.486000 0.670127 0.711786 0.617625 0.654555 0.955566 0.848294 0.709401 0.778525 0.863851 0.757698 0.772589 0.704055 0.925143 0.859361 0.809662 0.670347 0.644204 0.667683 0.460529 0.548909 0.814706 0.944694 0.983228 0.751796 0.690489 0.961254 0.324225 0.393686 0.703287 0.837475 0.851179 0.676729 0.549444 0.498146 0.779275 0.802107 0.829847 0.797068 0.402211 0.471765 0.809418 0.980052 0.689044 0.882603 0.904744 0.890790 0.774160 0.996257 0.797930 0.710186 0.411595 0.323680 0.430349 0.488888 0.333191 0.564507 0.933455 0.536577 0.883198 0.519237 0.705381 0.584464 0.671747 0.537326 0.931967 0.990882 0.932404 0.841212 0.990977 0.939972 0.838538 0.700015 0.956942 0.934437 0.950554 0.979556 0.860862 0.655278 0.972067 0.950336 0.865125 0.922763 0.866911 0.937666 0.904831 0.831712
0.698875 0.780139 0.864349 0.827677 0.945588 0.982526 0.754065 0.807427 0.892462 0.710175 0.671512 0.858711 0.880227 0.810998 0.795515 0.873473 0.732418 0.654662 0.681661 0.736276 0.000000 0.770437 0.816904 0.895282 0.921920 0.950904 0.928176 0.840540 0.733566 0.781959 0.651565 0.718140 0.769056 0.751303 0.900196 0.849900 0.932564 0.987137 0.782270 0.814883 0.840939 0.814721 0.801517 0.757553 0.883527 0.794973 0.827473 0.816342 0.786540 0.931229 0.862919 0.815083 0.905261 0.929797 0.861217 0.871578 0.829535 0.864965 0.963331 0.934325 0.842625 0.974418 0.716084 0.778578 0.906552 0.962850 0.959364 0.967117 0.853634 0.886074 0.830809 0.816179 0.698727 0.685217 0.797712 0.831504 0.980099 0.894116 0.805618 0.687588 0.707040 0.724841 0.711299 0.870550 0.858161 0.877433 0.841364 0.820571 0.889040 0.807240 0.928022 0.917216 0.884545 0.805268 0.921413 0.953014 0.973162 0.948231 0.882833 0.973853 0.977232 0.978639 0.958779 0.785471 0.947910 0.990032 0.863007 0.857187 0.966798 0.909428 0.935360 0.970864 0.924712 0.976642 0.989897 0.792427
0.954703 0.913892 0.917235 0.997983 0.900601 0.845946 0.967537 0.930596 0.999446 0.977110 0.946650 0.914724 0.965978 0.981778 0.933896 0.982490 0.847099 0.874245 0.908811 0.877836 0.770437 0.000000 0.946712 0.975762 0.938406 0.943614 0.940140 0.992158 0.956868 0.858410 0.974266 0.939265 0.963949 0.887627 0.904758 0.700841 0.891901 0.691139 0.900150 0.954168 0.982351 0.997803 0.940561 0.961399 0.956926 0.985358 0.945433 0.906686 0.959158 0.965761 0.971237 0.956494 0.977194 0.989806 0.962995 0.812737 0.888036 0.907288 0.916120 0.978594 0.912101 0.956050 0.990839 0.925493 0.868614 0.929432 0.980588 0.956494 0.892683 0.993424 0.958472 0.979429 0.988300 0.967520 0.790979 0.892334 0.912274 0.993208 0.985599 0.919692 0.908072 0.879580 0.971937 0.822402 0.902021 0.975755 0.866784 0.938610 0.984502 0.867488 0.925061 0.918638 0.941413 0.971884 0.900540 0.898558 0.974329 0.888955 0.908808 0.884379 0.989051 0.783743 0.922046 0.867705 0.892178 0.960322 0.961711 0.847294 0.950844 0.872984 0.970890 0.939309 0.954974 0.950909 0.901538 0.982821
0.523001 0.680743 0.698351 0.545354 0.730860 0.964036 0.566662 0.535673 0.944600 0.456191 0.446836 0.437207 0.408139 0.407499 0.322894 0.436735 0.539931 0.534154 0.373780 0.488368 0.816904 0.946712 0.000000 0.408271 0.987359 0.805831 0.828253 0.961342 0.468084 0.458030 0.452517 0.594157 0.443603 0.568950 0.973553 0.891539 0.767379 0.869416 0.964719 0.997069 0.899432 0.749943 0.714630 0.713400 0.717504 0.648710 0.613113 0.588425 0.542188 0.539943 0.572985 0.669368 0.723042 0.909797 0.755339 0.947071 0.674989 0.799846 0.698726 0.974332 0.676781 0.646143 0.507076 0.521742 0.946125 0.989349 0.760911 0.985029 0.629585 0.760543 0.582100 0.714261 0.469904 0.555370 0.813408 0.910302 0.664145 0.727148 0.832108 0.730767 0.621465 0.607210 0.552079 0.809291 0.419742 0.501500 0.786275 0.553299 0.775289 0.686091 0.955737 0.956043 0.925849 0.761140 0.942357 0.849666 0.770461 0.865259 0.729558 0.657826 0.903464 0.953710 0.800893 0.619870 0.805751 0.769270 0.957879 0.935150 0.884714 0.858717 0.816393 0.859831 0.829602 0.865826 0.870949 0.819477
0.660114 0.784643 0.894658 0.621309 0.654049 0.962814 0.785471 0.661712 0.933334 0.656128 0.591086 0.454457 0.606395 0.433944 0.497691 0.454466 0.696625 0.679140 0.563341 0.626655 0.895282 0.975762 0.408271 0.000000 0.869566 0.743677 0.985751 0.979448 0.595233 0.605179 0.705633 0.724300 0.693839 0.722205 0.905564 0.759884 0.917896 0.964742 0.986615 0.832542 0.915154 0.944641 0.805039 0.784864 0.840387 0.742286 0.798669 0.744069 0.607777 0.671991 0.774698 0.877585 0.934415 0.937913 0.871648 0.943090 0.850879 0.898423 0.798368 0.893728 0.757536 0.624695 0.581515 0.613563 0.979612 0.877318 0.893930 0.975591 0.836780 0.853392 0.733555 0.788175 0.804044 0.811191 0.829934 0.919204 0.818480 0.945510 0.910083 0.811386 0.748538 0.736894 0.720603 0.860677 0.512288 0.435863 0.854767 0.567084 0.896653 0.630135 0.883425 0.814574 0.757760 0.706353 0.856899 0.855291 0.952380 0.803495 0.928723 0.829021 0.979592 0.946380 0.997077 0.916454 0.942288 0.947430 0.959442 0.902911 0.972871 0.994476 0.979969 0.920918 0.971716 0.960851 0.921074 0.808134
0.922254 0.808686 0.855625 0.915130 0.991996 0.957579 0.884495 0.895805 0.931628 0.915930 0.899160 0.938309 0.991607 0.958601 0.967394 0.799195 0.823499 0.801685 0.856606 0.822621 0.921920 0.938406 0.987359 0.869566 0.000000 0.657827 0.932795 0.929768 0.948081 0.910017 0.853763 0.774712 0.898692 0.832240 0.866125 0.982477 0.828302 0.962276 0.808040 0.958530 0.856173 0.924448 0.976753 0.853210 0.854908 0.873574 0.878545 0.819681 0.967048 0.857469 0.891966 0.797507 0.754785 0.915799 0.851423 0.629942 0.822320 0.872663 0.960313 0.916632 0.984726 0.958813 0.964674 0.933208 0.997864 0.937426 0.993097 0.978232 0.977732 0.835727 0.886054 0.913958 0.842746 0.857222 0.988636 0.948105 0.760248 0.976929 0.807531 0.721723 0.704107 0.733550 0.866730 0.820913 0.916023 0.947878 0.974372 0.887028 0.872739 0.953117 0.984752 0.943740 0.974623 0.958379 0.966430 0.985431 0.966430 0.982575 0.927391 0.948629 0.964223 0.948250 0.801431 0.959592 0.965688 0.885370 0.994325 0.981841 0.928900 0.911466 0.959781 0.916096 0.783939 0.849135 0.984328 0.836827
0.678798 0.783716 0.635331 0.797871 0.948448 0.810165 0.830888 0.914320 0.772094 0.927605 0.803486 0.684102 0.790049 0.670798 0.820392 0.710598 0.784781 0.764584 0.700490 0.813355 0.950904 0.943614 0.805831 0.743677 0.657827 0.000000 0.814113 0.942264 0.851138 0.736969 0.944342 0.912035 0.952732 0.968188 0.668440 0.856553 0.953812 0.847010 0.981736 0.759547 0.934521 0.899928 0.956546 0.916275 0.773944 0.896084 0.950919 0.885282 0.886643 0.905584 0.823358 0.711672 0.767228 0.676088 0.983213 0.822209 0.731016 0.736677 0.882356 0.786892 0.964001 0.926049 0.693822 0.712136 0.648598 0.784441 0.758516 0.707682 0.825318 0.963771 0.980070 0.958040 0.938507 0.878067 0.908185 0.995634 0.907353 0.914291 0.902770 0.981995 0.918323 0.785405 0.814513 0.978403 0.823469 0.752435 0.904771 0.777770 0.913715 0.781195 0.697996 0.655467 0.618635 0.623314 0.774964 0.854841 0.913450 0.753585 0.878977 0.834090 0.825642 0.753693 0.838049 0.940497 0.755670 0.899009 0.816788 0.832466 0.946406 0.919485 0.857905 0.777966 0.896026 0.903945 0.886309 0.903424
0.764399 0.908533 0.918467 0.943782 0.795446 0.754744 0.987069 0.952546 0.977659 0.987241 0.773069 0.859098 0.860645 0.913503 0.939723 0.970119 0.890955 0.850661 0.845115 0.856715 0.928176 0.940140 0.828253 0.985751 0.932795 0.814113 0.000000 0.967289 0.958438 0.940675 0.956082 0.923072 0.986722 0.880213 0.777672 0.858742 0.926467 0.908551 0.883857 0.947671 0.921040 0.846021 0.823112 0.780500 0.767611 0.784262 0.989874 0.812995 0.974832 0.992512 0.895824 0.909730 0.916162 0.847226 0.943152 0.816298 0.855016 0.945813 0.922462 0.943108 0.907746 0.940788 0.975012 0.994716 0.827453 0.854626 0.788771 0.648286 0.781283 0.902051 0.988874 0.987087 0.781785 0.893890 0.954594 0.965105 0.988998 0.995813 0.955323 0.901150 0.918154 0.862274 0.871013 0.992579 0.889645 0.915500 0.959938 0.835757 0.860389 0.968924 0.912061 0.998163 0.932895 0.961638 0.954379 0.905190 0.978140 0.850981 0.925209 0.961436 0.955223 0.983642 0.981218 0.924938 0.847061 0.976750 0.995216 0.941648 0.857683 0.818733 0.938377 0.920648 0.830288 0.831382 0.884687 0.895344
0.890022 0.808373 0.939803 0.873083 0.792998 0.839302 0.940360 0.750290 0.967039 0.994104 0.999103 0.819276 0.908041 0.835478 0.958661 0.849779 0.958470 0.978772 0.998843 0.976514 0.840540 0.992158 0.961342 0.979448 0.929768 0.942264 0.967289 0.000000 0.974328 0.961279 0.967753 0.953348 0.999454 0.994047 0.961368 0.864777 0.969013 0.963687 0.972009 0.976709 0.928699 0.890662 0.802995 0.833564 0.869102 0.909826 0.953608 0.808242 0.778399 0.815272 0.831460 0.776173 0.878545 0.932822 0.949014 0.871424 0.959005 0.959800 0.855735 0.749996 0.766107 0.791708 0.902269 0.944425 0.943212 0.763297 0.927670 0.913815 0.876825 0.971312 0.951606 0.974290 0.983313 0.924238 0.922968 0.923792 0.853729 0.977027 0.972170 0.904851 0.988395 0.918211 0.897371 0.907744 0.869103 0.830855 0.803498 0.991784 0.821297 0.883236 0.870041 0.963256 0.934507 0.999693 0.843421 0.886728 0.907894 0.854913 0.794210 0.789439 0.781534 0.959812 0.947746 0.879112 0.966037 0.935657 0.963518 0.999041 0.971211 0.974697 0.916085 0.828101 0.848578 0.982224 0.974383 0.999229
0.425336 0.426759 0.907740 0.687139 0.998318 0.843780 0.709848 0.564948 0.776938 0.465362 0.408764 0.439964 0.528505 0.454113 0.568849 0.543585 0.349765 0.326745 0.390583 0.423471 0.733566 0.956868 0.468084 0.595233 0.948081 0.851138 0.958438 0.974328 0.000000 0.280548 0.485300 0.516243 0.460358 0.448218 0.943587 0.929076 0.727030 0.948862 0.893931 0.820112 0.791850 0.822164 0.723229 0.627449 0.671258 0.516989 0.675972 0.560346 0.431826 0.572704 0.714504 0.847279 0.899656 0.896337 0.806248 0.862845 0.475146 0.502400 0.678530 0.898816 0.679898 0.693535 0.408876 0.353229 0.786048 0.855848 0.973958 0.984509 0.660965 0.562516 0.815846 0.772752 0.650017 0.771274 0.892760 0.946909 0.809864 0.661561 0.535043 0.522562 0.322728 0.377126 0.379715 0.478910 0.411558 0.563453 0.845440 0.518392 0.928125 0.747238 0.714994 0.602098 0.621218 0.494071 0.910084 0.895833 0.935830 0.809012 0.906449 0.802526 0.879235 0.892072 0.874153 0.793766 0.853741 0.938589 0.864350 0.684818 0.904641 0.978952 0.966194 0.966697 0.760623 0.906521 0.942970 0.738153
0.466224 0.499247 0.861197 0.717815 0.933003 0.959095 0.602623 0.598685 0.871502 0.425532 0.341193 0.467132 0.439995 0.452458 0.426301 0.480809 0.276339 0.273700 0.348051 0.486000 0.781959 0.858410 0.458030 0.605179 0.910017 0.736969 0.940675 0.961279 0.280548 0.000000 0.433554 0.502700 0.392436 0.374000 0.895609 0.987862 0.761895 0.966926 0.890582 0.850834 0.765327 0.853060 0.650592 0.533465 0.625467 0.499766 0.601464 0.511162 0.507179 0.587511 0.719372 0.845584 0.872805 0.957055 0.797451 0.894675 0.486395 0.571620 0.711874 0.911486 0.599731 0.793026 0.304313 0.276622 0.828787 0.836142 0.859731 0.910167 0.814362 0.689573 0.725540 0.676512 0.653491 0.745750 0.945072 0.969125 0.730390 0.636500 0.468942 0.469490 0.295416 0.386735 0.408116 0.469060 0.501766 0.576069 0.911694 0.571233 0.981893 0.742259 0.674940 0.606725 0.559856 0.482641 0.869926 0.875062 0.913622 0.718782 0.901760 0.797207 0.977491 0.877130 0.837018 0.700172 0.914467 0.933805 0.857645 0.690965 0.790682 0.854453 0.973850 0.914302 0.711639 0.870882 0.925664 0.787321
0.709111 0.779050 0.584831 0.488013 0.936791 0.859968 0.346562 0.495702 0.846430 0.345642 0.559615 0.640949 0.490104 0.588142 0.395043 0.547355 0.538588 0.549439 0.501304 0.670127 0.651565 0.974266 0.452517 0.705633 0.853763 0.944342 0.956082 0.967753 0.485300 0.433554 0.000000 0.389536 0.370333 0.343960 0.858996 0.900067 0.771153 0.796697 0.817108 0.990556 0.918271 0.876938 0.441512 0.409359 0.413772 0.393489 0.616130 0.423761 0.613695 0.533408 0.463875 0.456504 0.507165 0.620609 0.781907 0.817084 0.778968 0.894135 0.856041 0.851471 0.544524 0.716315 0.513457 0.525578 0.910432 0.910196 0.580753 0.668433 0.906457 0.841482 0.506683 0.516423 0.455301 0.453351 0.769986 0.911857 0.531304 0.476164 0.545699 0.567154 0.501201 0.692104 0.624748 0.691640 0.659420 0.738310 0.866878 0.738493 0.896364 0.835039 0.875831 0.958306 0.990721 0.876717 0.806756 0.775804 0.769242 0.996226 0.605570 0.549512 0.645891 0.745119 0.592539 0.494423 0.676874 0.773612 0.907991 0.924038 0.786866 0.848609 0.838395 0.753503 0.596514 0.797538 0.764726 0.807778
0.779660 0.776912 0.580544 0.594437 0.974177 0.769407 0.418381 0.513263 0.901470 0.472036 0.639383 0.735458 0.591514 0.595379 0.568011 0.643762 0.593542 0.627395 0.552808 0.711786 0.718140 0.939265 0.594157 0.724300 0.774712 0.912035 0.923072 0.953348 0.516243 0.502700 0.389536 0.000000 0.401185 0.389101 0.764308 0.892086 0.824802 0.822202 0.735779 0.908887 0.890669 0.894989 0.434680 0.417223 0.416096 0.441822 0.583593 0.445578 0.605751 0.567242 0.453363 0.528885 0.565337 0.655217 0.784602 0.673212 0.819708 0.939676 0.980692 0.780752 0.594680 0.691483 0.607678 0.585288 0.940160 0.861034 0.621883 0.677805 0.933777 0.763459 0.559210 0.665825 0.554547 0.541201 0.704576 0.910327 0.611134 0.522612 0.616557 0.552312 0.507002 0.701661 0.590973 0.761858 0.676725 0.687739 0.740287 0.703454 0.943436 0.823293 0.952312 0.948861 0.959304 0.868004 0.967972 0.733523 0.826916 0.976204 0.711757 0.528379 0.815117 0.815138 0.640923 0.585588 0.726235 0.888604 0.923745 0.918335 0.824562 0.883984 0.915628 0.645904 0.658064 0.703033 0.795682 0.730003
0.607104 0.715162 0.524929 0.561176 0.859723 0.797518 0.394012 0.494282 0.905673 0.425719 0.477892 0.619290 0.458302 0.565749 0.428605 0.577953 0.479850 0.524060 0.458847 0.617625 0.769056 0.963949 0.443603 0.693839 0.898692 0.952732 0.986722 0.999454 0.460358 0.392436 0.370333 0.401185 0.000000 0.385256 0.840484 0.894293 0.628547 0.781281 0.778198 0.894267 0.913688 0.864234 0.515436 0.444495 0.430946 0.401396 0.607640 0.409648 0.614997 0.506954 0.463520 0.566160 0.600961 0.710584 0.742290 0.882583 0.679102 0.828528 0.760388 0.906273 0.515720 0.695972 0.487417 0.454692 0.842595 0.978229 0.555960 0.682150 0.849557 0.607852 0.545121 0.573333 0.545040 0.607711 0.767460 0.992539 0.600094 0.529150 0.670409 0.594247 0.470365 0.621765 0.588622 0.616015 0.564005 0.721317 0.781445 0.669792 0.820008 0.729143 0.974725 0.966645 0.914026 0.841377 0.903135 0.858942 0.664162 0.988007 0.682819 0.583682 0.760873 0.875958 0.590199 0.482104 0.712162 0.678425 0.948883 0.869785 0.746125 0.811153 0.781463 0.605653 0.558230 0.777022 0.730291 0.864361
0.687020 0.672939 0.675581 0.674956 0.982523 0.901287 0.475183 0.521885 0.935406 0.462950 0.580127 0.616252 0.565595 0.532914 0.478579 0.633825 0.473048 0.506965 0.525811 0.654555 0.751303 0.887627 0.568950 0.722205 0.832240 0.968188 0.880213 0.994047 0.448218 0.374000 0.343960 0.389101 0.385256 0.000000 0.882326 0.896858 0.768320 0.845088 0.829940 0.886144 0.962399 0.976722 0.502190 0.409656 0.413685 0.367576 0.590944 0.444493 0.587222 0.549236 0.566033 0.636659 0.666951 0.818357 0.798738 0.795909 0.685783 0.744302 0.863204 0.945638 0.534704 0.696621 0.432278 0.426329 0.979466 0.926845 0.645737 0.626966 0.932243 0.749688 0.601513 0.658789 0.622989 0.639284 0.822214 0.983582 0.663032 0.612602 0.560480 0.575518 0.427147 0.591900 0.582711 0.535198 0.610077 0.683239 0.889562 0.646341 0.983192 0.799811 0.865231 0.787373 0.775894 0.698420 0.904248 0.826100 0.895746 0.907678 0.756275 0.668219 0.830444 0.940906 0.722033 0.593556 0.822595 0.888439 0.873613 0.797909 0.790117 0.835073 0.940131 0.743768 0.649175 0.819649 0.797334 0.789975
0.941681 0.909058 0.587481 0.786699 0.917886 0.789657 0.748996 0.823623 0.701853 0.993908 0.862620 0.915134 0.867558 0.960701 0.929745 0.970148 0.977319 0.826590 0.923127 0.955566 0.900196 0.904758 0.973553 0.905564 0.866125 0.668440 0.777672 0.961368 0.943587 0.895609 0.858996 0.764308 0.840484 0.882326 0.000000 0.941209 0.943937 0.869300 0.821597 0.985002 0.908892 0.915575 0.691287 0.772497 0.655587 0.744012 0.763766 0.658736 0.997411 0.784134 0.629021 0.648636 0.560456 0.670544 0.702834 0.729613 0.984414 0.938415 0.908790 0.981126 0.723173 0.771648 0.928062 0.926298 0.589446 0.779628 0.585227 0.639124 0.988041 0.816061 0.978440 0.946460 0.992509 0.978989 0.900878 0.891546 0.844095 0.876348 0.998206 0.857240 0.976265 0.830924 0.900793 0.987204 0.936835 0.873848 0.662848 0.920330 0.763467 0.931398 0.711177 0.783460 0.710245 0.738156 0.732762 0.960744 0.827385 0.665976 0.703069 0.655348 0.713394 0.790604 0.710268 0.805963 0.561941 0.758397 0.927572 0.877786 0.985402 0.915265 0.833407 0.754097 0.752374 0.743290 0.620274 0.862408
0.845589 0.968155 0.912201 0.899752 0.906128 0.927636 0.978018 0.874127 0.935067 0.894373 0.910487 0.768488 0.929597 0.831605 0.854893 0.910254 0.995518 0.907953 0.922269 0.848294 0.849900 0.700841 0.891539 0.759884 0.982477 0.856553 0.858742 0.864777 0.929076 0.987862 0.900067 0.892086 0.894293 0.896858 0.941209 0.000000 0.923178 0.913317 0.952066 0.986073 0.969376 0.958751 0.990961 0.949625 0.922439 0.960036 0.946755 0.995203 0.929641 0.910617 0.985851 0.951488 0.993682 0.933331 0.967777 0.918076 0.972254 0.999101 0.871081 0.845464 0.929404 0.932246 0.849751 0.941539 0.945175 0.882602 0.912211 0.880295 0.953075 0.970771 0.903641 0.960341 0.991404 0.994158 0.941778 0.879395 0.867836 0.853594 0.990488 0.984023 0.970665 0.972798 0.948162 0.926935 0.840211 0.823104 0.816904 0.972613 0.890706 0.902702 0.990726 0.986739 0.943435 0.953662 0.888825 0.970890 0.901491 0.975117 0.907225 0.946050 0.966190 0.962645 0.952257 0.956468 0.984526 0.981089 0.964379 0.893787 0.934875 0.906794 0.910288 0.875166 0.854083 0.865430 0.950487 0.938157
0.705580 0.773659 0.915898 0.812701 0.853727 0.979005 0.883073 0.830650 0.974380 0.747670 0.708107 0.713140 0.784221 0.819616 0.786871 0.916515 0.698136 0.747083 0.724431 0.709401 0.932564 0.891901 0.767379 0.917896 0.828302 0.953812 0.926467 0.969013 0.727030 0.761895 0.771153 0.824802 0.628547 0.768320 0.943937 0.923178 0.000000 0.751006 0.971357 0.836906 0.865508 0.940871 0.950715 0.909475 0.871339 0.825679 0.889578 0.907531 0.873980 0.857417 0.852543 0.923314 0.950594 0.933099 0.905716 0.957568 0.716225 0.783483 0.781302 0.945718 0.928718 0.815352 0.794088 0.691781 0.941069 0.968112 0.985837 0.907831 0.750028 0.605108 0.754813 0.813534 0.901018 0.997759 0.865865 0.886234 0.727760 0.814209 0.876190 0.831264 0.701243 0.650111 0.808824 0.810181 0.667323 0.777966 0.810607 0.838163 0.793702 0.672775 0.943110 0.892051 0.966533 0.902999 0.938245 0.956286 0.696031 0.881419 0.903401 0.891207 0.993847 0.840681 0.749798 0.821875 0.948916 0.788677 0.983372 0.893347 0.818456 0.866974 0.839854 0.734247 0.872787 0.960440 0.963747 0.779958
0.944629 0.996585 0.853242 0.871437 0.887902 0.930715 0.817224 0.881181 0.781471 0.848078 0.958007 0.979761 0.995915 0.963494 0.945102 0.908837 0.940508 0.973941 0.885679 0.778525 0.987137 0.691139 0.869416 0.964742 0.962276 0.847010 0.908551 0.963687 0.948862 0.966926 0.796697 0.822202 0.781281 0.845088 0.869300 0.913317 0.751006 0.000000 0.972622 0.901998 0.958039 0.711955 0.852253 0.931697 0.733798 0.839412 0.948643 0.851894 0.918251 0.798397 0.707934 0.809540 0.709299 0.772040 0.869611 0.994076 0.975379 0.917101 0.891341 0.724342 0.988746 0.772985 0.886481 0.975836 0.980158 0.881714 0.908054 0.914802 0.803156 0.818491 0.741121 0.775117 0.672748 0.726180 0.997302 0.979050 0.806251 0.910361 0.919328 0.976508 0.866058 0.964956 0.958587 0.844734 0.826322 0.982589 0.732099 0.979292 0.878932 0.813112 0.789790 0.863424 0.819628 0.811550 0.883025 0.856320 0.841830 0.931753 0.971602 0.832447 0.835116 0.937866 0.858138 0.897321 0.999125 0.927834 0.904058 0.941384 0.898647 0.913132 0.812588 0.734701 0.947832 0.807270 0.967393 0.994976
