0.000000 0.521941 0.694819 0.652306 0.835651 0.857974 0.663972 0.573303 0.926572 0.736346 0.570921 0.627858 0.820337 0.910730 0.905207 0.868987 0.488716 0.436208 0.604046 0.577020 0.715212 0.994158 0.776427 0.632802 0.934940 0.805907 0.924169 0.852371 0.832997 0.859943 0.944263 0.819396 0.575225 0.577132 0.675878 0.927470 0.782344 0.882461 0.892539 0.855844 0.630604 0.836820 0.746160 0.746830 0.798781 0.635998 0.521394 0.659450 0.729002 0.853385 0.849303 0.953594 0.971068 0.935349 0.645119 0.557354 0.415387 0.528440 0.455255 0.641287 0.551110 0.610331 0.567243 0.524943 0.867689 0.696386 0.618648 0.657856 0.746483 0.651000 0.909451 0.925495 0.981955 0.874136 0.978745 0.965363 0.891356 0.784343 0.595320 0.962235 0.467026 0.514717 0.940335 0.680661 0.842804 0.769332 0.819434 0.815440 0.730166 0.563063 0.857460 0.923778 0.872919 0.992721 0.798447 0.787396 0.687149 0.835106 0.632145 0.722674 0.875331 0.913566 0.612212 0.668142 0.980843 0.707335 0.941192 0.818765 0.895041 0.937176 0.978460 0.727409 0.831367 0.887498 0.992888 0.967715
0.521941 0.000000 0.784801 0.687733 0.775621 0.816588 0.910759 0.735371 0.970246 0.993945 0.827534 0.702489 0.736366 0.672425 0.890771 0.866878 0.648691 0.643560 0.645488 0.651497 0.802721 0.840320 0.907007 0.908478 0.836579 0.728926 0.970594 0.845729 0.956949 0.931088 0.941525 0.915288 0.700586 0.795007 0.782625 0.880802 0.790820 0.904145 0.972800 0.992601 0.752365 0.799953 0.660276 0.625503 0.778574 0.671125 0.667227 0.653795 0.666490 0.700619 0.735528 0.797441 0.792699 0.822535 0.716151 0.786230 0.524124 0.499111 0.610087 0.663942 0.819106 0.775604 0.890548 0.812792 0.801326 0.729188 0.829627 0.736503 0.706525 0.571762 0.754374 0.803943 0.856541 0.979506 0.926798 0.877690 0.758134 0.688220 0.717970 0.926805 0.727515 0.774456 0.892274 0.879697 0.990345 0.815144 0.931516 0.824449 0.832760 0.684579 0.886124 0.951286 0.874017 0.939173 0.822018 0.864743 0.712231 0.894754 0.718605 0.716824 0.929912 0.859989 0.703954 0.692127 0.897212 0.734543 0.890263 0.744345 0.923166 0.821143 0.996912 0.746422 0.727060 0.835343 0.818871 0.960233
0.694819 0.784801 0.000000 0.413486 0.925541 0.935476 0.446379 0.787824 0.627229 0.983458 0.893225 0.905758 0.890259 0.892731 0.999135 0.774841 0.880559 0.748446 0.791448 0.825153 0.738167 0.863424 0.835404 0.978745 0.629092 0.648047 0.760595 0.816304 0.903850 0.816654 0.809770 0.934168 0.577322 0.837659 0.585066 0.862912 0.735109 0.852422 0.822455 0.883895 0.689743 0.723889 0.720514 0.695517 0.737998 0.729307 0.820437 0.778177 0.893607 0.823301 0.755397 0.807419 0.799984 0.691336 0.891922 0.758159 0.691327 0.780685 0.776986 0.989069 0.737726 0.940809 0.893888 0.971237 0.433521 0.856625 0.440266 0.691222 0.789028 0.739458 0.799291 0.803648 0.984295 0.918843 0.885707 0.871606 0.726536 0.812434 0.744675 0.982550 0.718885 0.733643 0.909338 0.763873 0.591400 0.563447 0.987896 0.903933 0.782574 0.717141 0.544435 0.596060 0.478007 0.555335 0.757105 0.717186 0.661579 0.821226 0.667751 0.675267 0.986684 0.852569 0.719694 0.730439 0.770199 0.667587 0.983086 0.725201 0.984954 0.892306 0.781974 0.728606 0.829199 0.905549 0.924332 0.944862
0.652306 0.687733 0.413486 0.000000 0.998705 0.785322 0.520260 0.618445 0.718201 0.944211 0.895779 0.917277 0.845556 0.999836 0.895977 0.874725 0.931633 0.753636 0.797403 0.844219 0.755366 0.843959 0.927730 0.960341 0.692206 0.666441 0.865991 0.839543 0.830501 0.837326 0.866055 0.869702 0.641753 0.817614 0.636372 0.872854 0.843562 0.909389 0.781069 0.816738 0.680769 0.792439 0.604981 0.589263 0.715822 0.692746 0.721322 0.658106 0.846621 0.866697 0.745897 0.853281 0.846495 0.796379 0.886527 0.776487 0.745445 0.791785 0.740492 0.822263 0.704617 0.882111 0.952139 0.964039 0.475481 0.649313 0.468846 0.563572 0.917184 0.746344 0.668537 0.752196 0.951492 0.957171 0.935844 0.908576 0.637982 0.783716 0.792865 0.996073 0.745550 0.781652 0.920012 0.924597 0.762830 0.619217 0.935582 0.753670 0.880549 0.673249 0.566551 0.653545 0.472947 0.579845 0.752337 0.725438 0.622320 0.760710 0.592291 0.663203 0.889700 0.822700 0.700593 0.586239 0.735437 0.653895 0.957400 0.768648 0.909030 0.900174 0.788285 0.762355 0.873678 0.757044 0.901873 0.912916
0.835651 0.775621 0.925541 0.998705 0.000000 0.904802 0.806629 0.958845 0.680351 0.843784 0.929743 0.919220 0.886808 0.996527 0.782336 0.923439 0.932949 0.991329 0.914509 0.920569 0.796728 0.947681 0.598909 0.697974 0.894060 0.844422 0.866818 0.751050 0.859102 0.862481 0.889064 0.790933 0.975283 0.983570 0.920914 0.971476 0.917097 0.693758 0.998192 0.957860 0.821422 0.842226 0.708313 0.711088 0.989470 0.919301 0.789296 0.814611 0.881276 0.920134 0.949884 0.999107 0.870762 0.879310 0.952944 0.977822 0.860037 0.982115 0.811872 0.905216 0.838887 0.967593 0.915511 0.949453 0.820508 0.971212 0.965135 0.882868 0.804411 0.845905 0.988292 0.960455 0.841092 0.760620 0.903847 0.877676 0.981152 0.817930 0.983807 0.974220 0.986395 0.940568 0.698208 0.873164 0.674834 0.764601 0.819260 0.739309 0.970676 0.998093 0.894103 0.958066 0.930132 0.993632 0.985221 0.879980 0.991002 0.762546 0.985385 0.979631 0.933007 0.876212 0.782202 0.821823 0.935066 0.865122 0.967192 0.901910 0.862403 0.946061 0.995520 0.978745 0.948170 0.902338 0.958956 0.887248
0.857974 0.816588 0.935476 0.785322 0.904802 0.000000 0.983800 0.748900 0.998294 0.873228 0.913385 0.737862 0.862547 0.795754 0.958410 0.779549 0.998816 0.926621 0.952702 0.938854 0.962531 0.819180 0.868503 0.883837 0.977430 0.958779 0.951230 0.841485 0.926471 0.967999 0.968138 0.863746 0.977246 0.968512 0.880458 0.989917 0.931721 0.908054 0.873007 0.820387 0.909664 0.877791 0.970063 0.970352 0.916658 0.992534 0.907714 0.949706 0.933421 0.890823 0.926975 0.878551 0.942779 0.866447 0.899801 0.925330 0.967893 0.934839 0.901294 0.758535 0.837627 0.698775 0.987334 0.988832 0.976477 0.642384 0.974682 0.835205 0.875023 0.971961 0.807208 0.822502 0.996152 0.957672 0.966439 0.873820 0.874935 0.875384 0.952183 0.927743 0.947561 0.993155 0.692218 0.859299 0.790022 0.991509 0.918590 0.758786 0.973183 0.953273 0.983493 0.899200 0.910993 0.944432 0.929912 0.979302 0.890760 0.854140 0.915568 0.977213 0.839543 0.953115 0.970874 0.884576 0.836537 0.916206 0.947633 0.928225 0.959079 0.925290 0.863502 0.985798 0.990304 0.903953 0.730531 0.826361
0.663972 0.910759 0.446379 0.520260 0.806629 0.983800 0.000000 0.511702 0.597724 0.580972 0.726456 0.876672 0.863282 0.840411 0.832268 0.730673 0.733913 0.624073 0.682944 0.812122 0.946252 0.988089 0.848869 0.955021 0.991471 0.980280 0.997088 0.922487 0.854168 0.870397 0.811743 0.984791 0.515806 0.558224 0.641450 0.890453 0.995370 0.899165 0.964970 0.960125 0.703640 0.878070 0.859464 0.850569 0.609151 0.602836 0.849315 0.784662 0.876293 0.986937 0.987574 0.899071 0.931357 0.989866 0.819136 0.717951 0.822101 0.967397 0.855200 0.979812 0.434471 0.724712 0.554564 0.644950 0.661018 0.782806 0.468853 0.621448 0.978242 0.906598 0.945925 0.924139 0.993444 0.972662 0.846766 0.882196 0.882150 0.957397 0.760143 0.839160 0.540856 0.566170 0.884376 0.677222 0.544057 0.607250 0.868999 0.974147 0.885476 0.800264 0.519402 0.744108 0.542259 0.769683 0.703696 0.788511 0.719284 0.874854 0.526950 0.650557 0.930903 0.988071 0.755261 0.710518 0.900810 0.787928 0.794049 0.901278 0.884417 0.962307 0.743351 0.686097 0.840747 0.862690 0.866191 0.861523
0.573303 0.735371 0.787824 0.618445 0.958845 0.748900 0.511702 0.000000 0.800710 0.452495 0.516713 0.450401 0.803390 0.922384 0.701169 0.913568 0.622348 0.585645 0.720979 0.762118 0.979122 0.930118 0.831693 0.744248 0.750165 0.842914 0.830734 0.814783 0.761849 0.667927 0.974697 0.893453 0.673648 0.447939 0.804281 0.955799 0.888314 0.750194 0.895494 0.855343 0.747796 0.989961 0.852314 0.840760 0.682381 0.627775 0.760396 0.728306 0.788031 0.856532 0.838378 0.668115 0.716764 0.676012 0.717692 0.754929 0.853007 0.906351 0.726692 0.781764 0.373458 0.390223 0.528861 0.483150 0.957815 0.589238 0.690284 0.558074 0.838531 0.863108 0.896142 0.937365 0.990675 0.977619 0.879037 0.959638 0.830550 0.867877 0.795891 0.819849 0.598887 0.655217 0.871026 0.773035 0.968670 0.841225 0.761934 0.747379 0.965661 0.740484 0.814773 0.900728 0.821052 0.888160 0.729553 0.946770 0.792882 0.850586 0.562273 0.764710 0.745676 0.902830 0.727356 0.733678 0.967550 0.863593 0.757150 0.930857 0.820316 0.964576 0.796422 0.766784 0.876712 0.736006 0.880954 0.853432
0.926572 0.970246 0.627229 0.718201 0.680351 0.998294 0.597724 0.800710 0.000000 0.829058 0.901853 0.970546 0.749021 0.969725 0.862347 0.966933 0.929696 0.842697 0.837433 0.871785 0.966201 0.972035 0.689933 0.802705 0.929132 0.950470 0.824190 0.972153 0.876720 0.944164 0.845009 0.909605 0.788277 0.856953 0.796354 0.958514 0.973113 0.871187 0.932795 0.980429 0.840036 0.970106 0.903884 0.910226 0.953842 0.948359 0.989543 0.933649 0.913155 0.951317 0.980637 0.927114 0.846581 0.746767 0.953192 0.791930 0.964165 0.934828 0.918668 0.959103 0.703482 0.891960 0.844070 0.914960 0.610606 0.810685 0.787001 0.954084 0.983031 0.951150 0.941912 0.909532 0.818912 0.913237 0.990005 0.950063 0.840058 0.974673 0.729306 0.959262 0.825437 0.835578 0.772842 0.807729 0.618744 0.552723 0.991745 0.963898 0.931420 0.823079 0.659347 0.732213 0.738515 0.756034 0.942224 0.817162 0.828278 0.994996 0.832142 0.738834 0.889943 0.904521 0.918681 0.894774 0.777314 0.927547 0.898261 0.968667 0.954223 0.962954 0.757863 0.810151 0.863677 0.888728 0.918407 0.923181
0.736346 0.993945 0.983458 0.944211 0.843784 0.873228 0.580972 0.452495 0.829058 0.000000 0.554945 0.602617 0.980849 0.988905 0.724715 0.860274 0.648976 0.631998 0.709696 0.797798 0.912002 0.836778 0.940065 0.787130 0.552324 0.616843 0.792946 0.655133 0.643795 0.578495 0.981292 0.967766 0.786613 0.512221 0.862488 0.927701 0.745139 0.681502 0.904601 0.991588 0.884875 0.921148 0.827857 0.858941 0.746809 0.733140 0.846931 0.921835 0.834296 0.843932 0.745421 0.642623 0.671123 0.610131 0.776299 0.772485 0.985396 0.943211 0.864002 0.874672 0.453764 0.478801 0.414073 0.407380 0.802325 0.837772 0.799311 0.730930 0.775009 0.976807 0.899716 0.792537 0.947116 0.954356 0.903030 0.908568 0.880029 0.835417 0.843690 0.737940 0.597902 0.632079 0.999256 0.704745 0.872786 0.964444 0.766653 0.984605 0.924797 0.849099 0.847892 0.852240 0.973836 0.774267 0.819796 0.977134 0.975654 0.945625 0.692298 0.781614 0.849653 0.812488 0.805240 0.860919 0.925777 0.932502 0.627754 0.789358 0.908313 0.980592 0.957630 0.811786 0.942158 0.932625 0.766955 0.753011
0.570921 0.827534 0.893225 0.895779 0.929743 0.913385 0.726456 0.516713 0.901853 0.554945 0.000000 0.463657 0.816229 0.991050 0.655225 0.834395 0.564103 0.634423 0.820379 0.756263 0.934106 0.804160 0.599539 0.546798 0.794399 0.881176 0.791006 0.913902 0.778736 0.782966 0.813633 0.760678 0.782789 0.511341 0.800955 0.977462 0.922662 0.904012 0.974498 0.871642 0.741374 0.854729 0.969713 0.960039 0.874776 0.740410 0.759622 0.900985 0.857901 0.851967 0.723345 0.643110 0.609793 0.586769 0.710305 0.672988 0.819860 0.860608 0.693785 0.808904 0.531160 0.513257 0.553558 0.479151 0.813690 0.830657 0.799875 0.791137 0.931495 0.706588 0.823788 0.827590 0.827332 0.892991 0.879867 0.901005 0.946943 0.912077 0.738521 0.871751 0.635517 0.729627 0.888898 0.752564 0.892598 0.923552 0.771086 0.714412 0.925367 0.800584 0.905784 0.774818 0.961831 0.814007 0.833977 0.951462 0.818372 0.839807 0.757727 0.899295 0.817714 0.905999 0.648257 0.833878 0.858538 0.901322 0.756680 0.913914 0.839173 0.934070 0.993955 0.842260 0.894280 0.845879 0.892066 0.995008
0.627858 0.702489 0.905758 0.917277 0.919220 0.737862 0.876672 0.450401 0.970546 0.602617 0.463657 0.000000 0.668589 0.690003 0.817080 0.861812 0.638063 0.675366 0.675483 0.731190 0.928526 0.824173 0.658028 0.729557 0.668528 0.745017 0.828059 0.831491 0.762530 0.676062 0.738842 0.852894 0.911621 0.567380 0.951747 0.995200 0.898548 0.726044 0.937417 0.938983 0.865495 0.959941 0.909302 0.902465 0.876868 0.763752 0.746047 0.846520 0.874402 0.822263 0.774813 0.655322 0.691927 0.618509 0.675950 0.796633 0.866376 0.860590 0.765263 0.779996 0.538872 0.422211 0.601218 0.527234 0.781763 0.691003 0.987358 0.826986 0.965915 0.757939 0.927630 0.879325 0.972577 0.993503 0.874110 0.988104 0.859161 0.795165 0.830819 0.850433 0.726987 0.794579 0.816810 0.898758 0.769431 0.926737 0.772350 0.710146 0.975320 0.889462 0.919615 0.697212 0.909980 0.676532 0.866708 0.851256 0.884347 0.947869 0.785060 0.981490 0.745458 0.833517 0.776317 0.914698 0.864174 0.976389 0.825045 0.890119 0.859222 0.976020 0.992178 0.900473 0.888357 0.868267 0.884032 0.899622
0.820337 0.736366 0.890259 0.845556 0.886808 0.862547 0.863282 0.803390 0.749021 0.980849 0.816229 0.668589 0.000000 0.542939 0.720578 0.597386 0.873295 0.870939 0.691160 0.898304 0.891949 0.966807 0.932373 0.896822 0.924849 0.966915 0.931617 0.896344 0.870549 0.942664 0.962513 0.994879 0.961545 0.828855 0.917586 0.981618 0.941828 0.866074 0.989850 0.902385 0.853157 0.970804 0.919046 0.894274 0.945054 0.861250 0.904233 0.968709 0.947217 0.959535 0.935389 0.929141 0.881273 0.791513 0.850617 0.854920 0.909063 0.885379 0.877570 0.858107 0.728274 0.822870 0.887349 0.899211 0.900827 0.886804 0.963823 0.847216 0.763239 0.804430 0.905651 0.877320 0.877393 0.953526 0.950203 0.866079 0.757002 0.691092 0.885911 0.928304 0.927774 0.985407 0.957119 0.963546 0.990517 0.869730 0.950691 0.900677 0.952438 0.893091 0.815790 0.937600 0.799990 0.944224 0.938583 0.989779 0.842492 0.969392 0.813866 0.935849 0.890381 0.994573 0.852723 0.925479 0.891003 0.980098 0.855665 0.917172 0.968789 0.940187 0.918808 0.904515 0.871038 0.774570 0.981947 0.995362
0.910730 0.672425 0.892731 0.999836 0.996527 0.795754 0.840411 0.922384 0.969725 0.988905 0.991050 0.690003 0.542939 0.000000 0.642937 0.526178 0.977740 0.912364 0.651964 0.782863 0.938412 0.993083 0.953505 0.859836 0.910518 0.967896 0.847890 0.961839 0.818996 0.826259 0.994171 0.801858 0.906440 0.990722 0.997312 0.943068 0.816548 0.805405 0.991141 0.886601 0.898667 0.894462 0.884258 0.857745 0.976563 0.900690 0.846361 0.872603 0.897404 0.973214 0.994455 0.995130 0.792285 0.843866 0.913461 0.886889 0.916867 0.875029 0.903570 0.994244 0.980322 0.903229 0.999828 0.986973 0.955082 0.939858 0.768195 0.837077 0.850642 0.834267 0.826216 0.794271 0.861480 0.911273 0.932610 0.815627 0.661195 0.776662 0.886410 0.980875 0.985517 0.929528 0.984886 0.945917 0.850671 0.987421 0.949262 0.979689 0.933010 0.998213 0.950808 0.952584 0.966156 0.911881 0.962985 0.957747 0.967740 0.900360 0.988659 0.949690 0.918479 0.922423 0.937119 0.982939 0.984142 0.928936 0.885006 0.985772 0.833625 0.908863 0.979207 0.914542 0.880877 0.958387 0.952816 0.978061
0.905207 0.890771 0.999135 0.895977 0.782336 0.958410 0.832268 0.701169 0.862347 0.724715 0.655225 0.817080 0.720578 0.642937 0.000000 0.560306 0.898690 0.998588 0.852004 0.912621 0.957211 0.889142 0.550750 0.599450 0.906318 0.891323 0.672820 0.922877 0.877209 0.982895 0.752299 0.714368 0.968498 0.802254 0.985778 0.901228 0.931992 0.950957 0.988481 0.908809 0.874453 0.906710 0.866997 0.877636 0.848001 0.843561 0.980623 0.939574 0.893759 0.853305 0.874576 0.732944 0.545253 0.529469 0.858423 0.936308 0.939067 0.825921 0.762071 0.819628 0.827425 0.758169 0.867959 0.802387 0.781223 0.875955 0.762164 0.693606 0.847686 0.947228 0.842610 0.783838 0.790634 0.853999 0.903970 0.874616 0.933970 0.938564 0.950356 0.975353 0.936757 0.997641 0.735516 0.942684 0.776345 0.768496 0.770038 0.745719 0.983586 0.964298 0.940851 0.930845 0.912858 0.991448 0.914828 0.987182 0.879320 0.758974 0.861733 0.897005 0.718779 0.995066 0.770934 0.832206 0.922175 0.922876 0.740349 0.995620 0.955509 0.955441 0.829331 0.978293 0.955444 0.786092 0.928878 0.968319
0.868987 0.866878 0.774841 0.874725 0.923439 0.779549 0.730673 0.913568 0.966933 0.860274 0.834395 0.861812 0.597386 0.526178 0.560306 0.000000 0.871799 0.888579 0.929294 0.985187 0.923324 0.917874 0.787396 0.670893 0.918788 0.950990 0.837495 0.971083 0.953432 0.902659 0.935156 0.757421 0.888990 0.914302 0.785678 0.943091 0.924612 0.888821 0.997318 0.923212 0.920243 0.771994 0.919458 0.906319 0.791788 0.808186 0.951452 0.874787 0.799668 0.940526 0.992755 0.973626 0.748719 0.768798 0.943164 0.802975 0.911537 0.942023 0.753269 0.940873 0.928731 0.990633 0.820450 0.828472 0.989150 0.912937 0.738128 0.807883 0.993227 0.981329 0.830544 0.815674 0.744465 0.810570 0.925159 0.779205 0.849349 0.800753 0.993922 0.948267 0.765879 0.759146 0.997936 0.825681 0.882447 0.960625 0.842651 0.914811 0.894655 0.800796 0.868621 0.937776 0.865333 0.907225 0.922440 0.830549 0.881120 0.831437 0.877049 0.826974 0.929359 0.991255 0.845089 0.853603 0.935589 0.835010 0.809807 0.956285 0.935960 0.971870 0.886557 0.863835 0.840627 0.950001 0.884474 0.972641
0.488716 0.648691 0.880559 0.931633 0.932949 0.998816 0.733913 0.622348 0.929696 0.648976 0.564103 0.638063 0.873295 0.977740 0.898690 0.871799 0.000000 0.461553 0.709539 0.598153 0.956233 0.930742 0.861983 0.746021 0.861081 0.953280 0.873319 0.930738 0.678389 0.712663 0.950161 0.918911 0.695034 0.613929 0.769735 0.925314 0.817310 0.898215 0.885696 0.991882 0.866426 0.937324 0.997403 0.933197 0.855071 0.785756 0.737510 0.796649 0.814194 0.951851 0.976332 0.942961 0.873073 0.832049 0.605089 0.640054 0.571513 0.617079 0.564738 0.682153 0.542246 0.552085 0.502272 0.441720 0.998326 0.738351 0.792110 0.764662 0.878960 0.711947 0.937700 0.771491 0.976258 0.969707 0.881660 0.965012 0.971762 0.960210 0.719937 0.918478 0.483732 0.531325 0.973421 0.603945 0.811771 0.835876 0.853877 0.979844 0.762444 0.687788 0.981690 0.776798 0.932104 0.800802 0.817461 0.849862 0.788710 0.965295 0.737362 0.818428 0.935881 0.859692 0.692288 0.817907 0.929217 0.850342 0.844375 0.930596 0.974033 0.924898 0.994899 0.807685 0.856426 0.976962 0.991823 0.911253
0.436208 0.643560 0.748446 0.753636 0.991329 0.926621 0.624073 0.585645 0.842697 0.631998 0.634423 0.675366 0.870939 0.912364 0.998588 0.888579 0.461553 0.000000 0.626358 0.585009 0.848959 0.954027 0.956800 0.760760 0.986812 0.967113 0.955104 0.971919 0.617868 0.619548 0.863247 0.982260 0.595976 0.543829 0.737510 0.801311 0.823094 0.921874 0.945509 0.900580 0.752646 0.868626 0.876717 0.865639 0.779593 0.707824 0.550136 0.669558 0.717085 0.884085 0.933354 0.995962 0.998161 0.909724 0.580006 0.537853 0.477859 0.624197 0.557869 0.693784 0.512493 0.586537 0.431700 0.442015 0.880226 0.752510 0.703529 0.681827 0.937967 0.725159 0.998432 0.846274 0.970249 0.882007 0.925932 0.987611 0.990048 0.968836 0.647794 0.943067 0.347691 0.398196 0.849583 0.488555 0.689776 0.685037 0.920194 0.974073 0.740085 0.588931 0.950280 0.795957 0.992212 0.826970 0.770277 0.819033 0.841994 0.968620 0.709739 0.763576 0.960157 0.826960 0.755661 0.817295 0.950521 0.765802 0.838949 0.959040 0.911080 0.920139 0.997468 0.769225 0.814308 0.974223 0.988408 0.830475
0.604046 0.645488 0.791448 0.797403 0.914509 0.952702 0.682944 0.720979 0.837433 0.709696 0.820379 0.675483 0.691160 0.651964 0.852004 0.929294 0.709539 0.626358 0.000000 0.662300 0.961004 0.965711 0.870831 0.929176 0.928446 0.995609 0.949510 0.997104 0.729560 0.760511 0.870682 0.784292 0.719990 0.678212 0.747296 0.833774 0.921012 0.806180 0.932781 0.830124 0.846101 0.971696 0.922722 0.874484 0.762640 0.685617 0.725878 0.768384 0.809194 0.894278 0.948273 0.968738 0.883457 0.884506 0.707202 0.689030 0.719771 0.747945 0.891288 0.931908 0.621870 0.756897 0.587879 0.653887 0.869053 0.863244 0.901971 0.906866 0.840509 0.797278 0.988262 0.922557 0.817535 0.894162 0.913732 0.975531 0.846837 0.814190 0.710832 0.965161 0.616030 0.637089 0.842511 0.800801 0.693693 0.743116 0.919986 0.903366 0.900747 0.810467 0.821624 0.954906 0.855966 0.995011 0.825101 0.976073 0.794163 0.884879 0.730915 0.679859 0.990076 0.833785 0.795483 0.893257 0.979436 0.802341 0.885238 0.898883 0.929415 0.914197 0.997904 0.732619 0.803163 0.996072 0.901482 0.712599
0.577020 0.651497 0.825153 0.844219 0.920569 0.938854 0.812122 0.762118 0.871785 0.797798 0.756263 0.731190 0.898304 0.782863 0.912621 0.985187 0.598153 0.585009 0.662300 0.000000 0.800140 0.956211 0.981700 0.906292 0.966388 0.946119 0.925774 0.858939 0.783208 0.815776 0.823424 0.982938 0.755945 0.761933 0.745999 0.947760 0.824247 0.983927 0.965039 0.972382 0.892129 0.938919 0.837654 0.851835 0.795333 0.696200 0.651856 0.644646 0.678541 0.708176 0.754556 0.779731 0.830700 0.942416 0.800077 0.660033 0.610807 0.569803 0.594016 0.623353 0.745944 0.744802 0.719552 0.663335 0.905466 0.794422 0.806570 0.778660 0.847424 0.749485 0.927650 0.985712 0.866232 0.955066 0.970275 0.964949 0.878403 0.990287 0.634773 0.973774 0.642683 0.656339 0.804240 0.697734 0.824303 0.780462 0.914255 0.981372 0.793467 0.622552 0.913208 0.961302 0.969953 0.976266 0.912005 0.922746 0.777343 0.852126 0.728333 0.778170 0.817840 0.884974 0.729805 0.813336 0.963566 0.859073 0.943580 0.894052 0.914326 0.993715 0.910667 0.742741 0.784963 0.998093 0.994624 0.893289
0.715212 0.802721 0.738167 0.755366 0.796728 0.962531 0.946252 0.979122 0.966201 0.912002 0.934106 0.928526 0.891949 0.938412 0.957211 0.923324 0.956233 0.848959 0.961004 0.800140 0.000000 0.916830 0.841331 0.758994 0.730715 0.692986 0.981128 0.786340 0.828877 0.763698 0.975741 0.845261 0.763356 0.960025 0.777983 0.942686 0.726231 0.764381 0.807160 0.917700 0.847521 0.908174 0.688942 0.735882 0.971181 0.934799 0.761712 0.844398 0.938215 0.841880 0.754362 0.805211 0.939068 0.918932 0.997773 0.974188 0.636567 0.747921 0.664993 0.821856 0.986459 0.920361 0.933781 0.931505 0.827618 0.892527 0.732991 0.831410 0.733238 0.737946 0.953964 0.848674 0.974019 0.747750 0.908166 0.945240 0.914120 0.936192 0.848050 0.922575 0.930041 0.920091 0.854445 0.953123 0.994205 0.954189 0.962240 0.809546 0.855570 0.723120 0.859242 0.881935 0.887050 0.822008 0.908734 0.729071 0.785972 0.874111 0.979745 0.895919 0.912343 0.909365 0.732196 0.776332 0.924348 0.848688 0.891061 0.816643 0.945099 0.844445 0.934073 0.846179 0.912278 0.949117 0.870105 0.747336
0.994158 0.840320 0.863424 0.843959 0.947681 0.819180 0.988089 0.930118 0.972035 0.836778 0.804160 0.824173 0.966807 0.993083 0.889142 0.917874 0.930742 0.954027 0.965711 0.956211 0.916830 0.000000 0.931644 0.942880 0.901816 0.801689 0.907609 0.715703 0.828625 0.832618 0.887174 0.839514 0.943606 0.903768 0.903830 0.964939 0.811603 0.798510 0.987468 0.915410 0.924408 0.814721 0.941342 0.917136 0.917912 0.946866 0.967104 0.973526 0.948034 0.829346 0.760051 0.746860 0.779855 0.783463 0.919178 0.929118 0.951568 0.874924 0.884587 0.817248 0.895341 0.919689 0.813316 0.822801 0.793791 0.854070 0.888520 0.941046 0.874900 0.973251 0.786932 0.763919 0.923920 0.960191 0.907386 0.954335 0.924969 0.902257 0.994545 0.971373 0.993098 0.940914 0.822562 0.939663 0.982723 0.869148 0.958668 0.987638 0.852878 0.953230 0.892499 0.886394 0.823320 0.784710 0.966101 0.949269 0.996191 0.920627 0.880081 0.847306 0.956370 0.770245 0.946065 0.898683 0.694413 0.792381 0.852380 0.814651 0.985064 0.974812 0.960416 0.898331 0.899883 0.869155 0.775776 0.907784
0.776427 0.907007 0.835404 0.927730 0.598909 0.868503 0.848869 0.831693 0.689933 0.940065 0.599539 0.658028 0.932373 0.953505 0.550750 0.787396 0.861983 0.956800 0.870831 0.981700 0.841331 0.931644 0.000000 0.403787 0.871885 0.953288 0.752845 0.912803 0.954334 0.936978 0.567739 0.551314 0.915526 0.892713 0.895258 0.838378 0.926190 0.930109 0.891790 0.882077 0.889839 0.890401 0.823508 0.809363 0.975067 0.919233 0.854318 0.903697 0.895620 0.886403 0.844477 0.748166 0.608462 0.530029 0.881414 0.923780 0.905837 0.943049 0.655849 0.771351 0.978194 0.778171 0.927183 0.819516 0.586731 0.994029 0.987727 0.960515 0.851220 0.832282 0.802199 0.829427 0.637557 0.697322 0.916655 0.977182 0.954324 0.925424 0.989139 0.957746 0.971291 0.917176 0.615964 0.865992 0.464058 0.593455 0.711114 0.545646 0.964199 0.987436 0.831449 0.698379 0.870128 0.817754 0.948612 0.969711 0.948901 0.715234 0.968359 0.896291 0.731144 0.954893 0.705235 0.839418 0.850924 0.975437 0.944812 0.952228 0.969847 0.949229 0.952873 0.981852 0.974556 0.915370 0.993087 0.832656
0.632802 0.908478 0.978745 0.960341 0.697974 0.883837 0.955021 0.744248 0.802705 0.787130 0.546798 0.729557 0.896822 0.859836 0.599450 0.670893 0.746021 0.760760 0.929176 0.906292 0.758994 0.942880 0.403787 0.000000 0.871592 0.962860 0.714691 0.970275 0.969460 0.985742 0.678978 0.548668 0.971393 0.751391 0.958902 0.928239 0.830791 0.934481 0.906196 0.817987 0.804701 0.898652 0.869950 0.878715 0.928349 0.843335 0.756622 0.825676 0.797379 0.951367 0.875793 0.774139 0.677865 0.566597 0.848399 0.809429 0.797103 0.866955 0.570599 0.786946 0.852039 0.769650 0.747262 0.650390 0.690835 0.936899 0.842684 0.883259 0.837627 0.775434 0.839006 0.874227 0.589007 0.660482 0.999178 0.903815 0.957709 0.967489 0.921829 0.881578 0.760564 0.866974 0.794481 0.881619 0.696466 0.719905 0.742543 0.638752 0.890742 0.844668 0.973705 0.758325 0.959178 0.849339 0.994215 0.878522 0.920897 0.800669 0.842829 0.936731 0.802738 0.993350 0.642907 0.775613 0.875987 0.881452 0.844673 0.923992 0.957387 0.938191 0.962547 0.842171 0.970223 0.945536 0.933230 0.905710
0.934940 0.836579 0.629092 0.692206 0.894060 0.977430 0.991471 0.750165 0.929132 0.552324 0.794399 0.668528 0.924849 0.910518 0.906318 0.918788 0.861081 0.986812 0.928446 0.966388 0.730715 0.901816 0.871885 0.871592 0.000000 0.412797 0.764558 0.611387 0.672706 0.652916 0.808786 0.990606 0.840135 0.772280 0.850433 0.815051 0.689830 0.669284 0.781634 0.853467 0.895724 0.743982 0.622458 0.614409 0.959851 0.950566 0.860037 0.914363 0.945308 0.725539 0.628721 0.608517 0.652593 0.599002 0.996838 0.921651 0.687568 0.805610 0.906413 0.980304 0.737103 0.619346 0.683265 0.619734 0.554483 0.972098 0.757716 0.885336 0.811995 0.814591 0.763220 0.755216 0.946675 0.906536 0.931555 0.946712 0.769492 0.809547 0.844468 0.763021 0.966536 0.958569 0.925737 0.947853 0.821982 0.799446 0.844501 0.983335 0.772490 0.830417 0.835079 0.663461 0.743889 0.580749 0.922007 0.731126 0.798023 0.816809 0.975071 0.880699 0.981898 0.786199 0.993865 0.907588 0.801006 0.822416 0.840825 0.687555 0.928620 0.885495 0.900271 0.975147 0.925894 0.963463 0.701676 0.703271
0.805907 0.728926 0.648047 0.666441 0.844422 0.958779 0.980280 0.842914 0.950470 0.616843 0.881176 0.745017 0.966915 0.967896 0.891323 0.950990 0.953280 0.967113 0.995609 0.946119 0.692986 0.801689 0.953288 0.962860 0.412797 0.000000 0.805913 0.630360 0.704999 0.635233 0.795286 0.935569 0.836487 0.839129 0.852688 0.814198 0.629100 0.632200 0.751082 0.873448 0.860088 0.753399 0.610908 0.628953 0.937287 0.934391 0.870799 0.806160 0.922967 0.723065 0.658230 0.639019 0.734145 0.654218 0.907277 0.894474 0.700080 0.706454 0.838919 0.879587 0.817585 0.754223 0.726185 0.724135 0.570063 0.913642 0.759498 0.880367 0.741625 0.858945 0.781327 0.834575 0.963768 0.863593 0.981220 0.991073 0.729456 0.715793 0.839079 0.709873 0.981451 0.975323 0.956722 0.978893 0.879638 0.795477 0.880382 0.931083 0.684128 0.757526 0.829064 0.735501 0.752442 0.611632 0.882023 0.760138 0.799016 0.744774 0.939638 0.906413 0.983473 0.761809 0.847000 0.793801 0.857264 0.768550 0.779710 0.713102 0.925219 0.927810 0.969230 0.913427 0.896232 0.980105 0.717600 0.756877
0.924169 0.970594 0.760595 0.865991 0.866818 0.951230 0.997088 0.830734 0.824190 0.792946 0.791006 0.828059 0.931617 0.847890 0.672820 0.837495 0.873319 0.955104 0.949510 0.925774 0.981128 0.907609 0.752845 0.714691 0.764558 0.805913 0.000000 0.754003 0.987849 0.962967 0.890964 0.836077 0.990831 0.773599 0.990092 0.880502 0.908671 0.981531 0.935568 0.999967 0.999772 0.922085 0.880457 0.949724 0.825213 0.790998 0.958627 0.903952 0.824671 0.957333 0.912329 0.842847 0.699273 0.707976 0.962848 0.929738 0.976268 0.900194 0.921800 0.895947 0.923428 0.798387 0.908848 0.829095 0.696469 0.962208 0.951084 0.804517 0.955233 0.999102 0.878412 0.810100 0.947248 0.969632 0.936075 0.954887 0.860557 0.945331 0.992854 0.917692 0.998666 0.975396 0.829507 0.940284 0.849852 0.813568 0.843366 0.948363 0.950132 0.935584 0.936572 0.897739 0.964356 0.857199 0.909749 0.994883 0.920179 0.962106 0.909137 0.911725 0.841180 0.993429 0.915502 0.953061 0.673010 0.916672 0.887686 0.906965 0.912656 0.953798 0.888997 0.969081 0.943789 0.854147 0.782572 0.945904
0.852371 0.845729 0.816304 0.839543 0.751050 0.841485 0.922487 0.814783 0.972153 0.655133 0.913902 0.831491 0.896344 0.961839 0.922877 0.971083 0.930738 0.971919 0.997104 0.858939 0.786340 0.715703 0.912803 0.970275 0.611387 0.630360 0.754003 0.000000 0.848908 0.768960 0.967497 0.863878 0.942677 0.867784 0.955694 0.928636 0.705902 0.669368 0.974680 0.931682 0.851592 0.940808 0.868221 0.830079 0.813246 0.852953 0.966652 0.996261 0.864627 0.994301 0.918885 0.888082 0.855088 0.828634 0.986814 0.924058 0.768382 0.902820 0.928736 0.955884 0.844686 0.789172 0.847323 0.773227 0.787238 0.994571 0.924971 0.875928 0.678187 0.884570 0.866674 0.887587 0.897068 0.809174 0.924732 0.947848 0.923243 0.817179 0.868833 0.813572 0.997833 0.893333 0.861120 0.869550 0.968385 0.969933 0.988443 0.836883 0.921277 0.886553 0.967061 0.915128 0.849940 0.780887 0.920439 0.855825 0.854448 0.788374 0.934941 0.995105 0.922737 0.885370 0.806665 0.847663 0.780693 0.838549 0.893028 0.747867 0.898332 0.928967 0.967007 0.949643 0.952528 0.993963 0.726382 0.721251
0.832997 0.956949 0.903850 0.830501 0.859102 0.926471 0.854168 0.761849 0.876720 0.643795 0.778736 0.762530 0.870549 0.818996 0.877209 0.953432 0.678389 0.617868 0.729560 0.783208 0.828877 0.828625 0.954334 0.969460 0.672706 0.704999 0.987849 0.848908 0.000000 0.413074 0.973064 0.764265 0.858865 0.638110 0.935476 0.923366 0.825840 0.691372 0.859960 0.815002 0.966240 0.927710 0.754929 0.789850 0.999999 0.960908 0.860408 0.992125 0.968235 0.827006 0.657586 0.698332 0.886660 0.742234 0.887326 0.774234 0.931005 0.977985 0.975513 0.983988 0.666662 0.642817 0.539029 0.587988 0.831482 0.960142 0.842047 0.921854 0.835823 0.959728 0.791308 0.734198 0.967821 0.829651 0.953261 0.879760 0.906723 0.932368 0.830629 0.930902 0.694792 0.713847 0.743901 0.664796 0.869214 0.910491 0.991823 0.803738 0.961847 0.887502 0.806459 0.592842 0.705627 0.540831 0.922283 0.980047 0.833381 0.843257 0.998389 0.993719 0.935315 0.575742 0.904966 0.887955 0.810266 0.858833 0.837670 0.679967 0.968464 0.982852 0.976474 0.928857 0.886463 0.978136 0.850839 0.673926
0.859943 0.931088 0.816654 0.837326 0.862481 0.967999 0.870397 0.667927 0.944164 0.578495 0.782966 0.676062 0.942664 0.826259 0.982895 0.902659 0.712663 0.619548 0.760511 0.815776 0.763698 0.832618 0.936978 0.985742 0.652916 0.635233 0.962967 0.768960 0.413074 0.000000 0.884102 0.746832 0.819353 0.587579 0.920432 0.839535 0.796740 0.704838 0.913505 0.977650 0.986789 0.854217 0.816187 0.808531 0.902740 0.893956 0.834781 0.941680 0.832478 0.875923 0.776043 0.724243 0.856555 0.716074 0.786586 0.781505 0.905725 0.987400 0.960535 0.913261 0.666306 0.586827 0.532282 0.544123 0.793732 0.893061 0.883028 0.908417 0.714155 0.959282 0.866494 0.823330 0.873567 0.811753 0.995063 0.904072 0.886859 0.906725 0.845590 0.996260 0.712284 0.677421 0.758552 0.663990 0.886974 0.944644 0.978153 0.868621 0.987629 0.875863 0.758763 0.583560 0.703136 0.526078 0.878518 0.865739 0.874713 0.808533 0.944426 0.994504 0.994346 0.649682 0.855705 0.908754 0.871532 0.940672 0.713868 0.733710 0.968574 0.997602 0.996987 0.952259 0.890780 0.947392 0.886387 0.674210
0.944263 0.941525 0.809770 0.866055 0.889064 0.968138 0.811743 0.974697 0.845009 0.981292 0.813633 0.738842 0.962513 0.994171 0.752299 0.935156 0.950161 0.863247 0.870682 0.823424 0.975741 0.887174 0.567739 0.678978 0.808786 0.795286 0.890964 0.967497 0.973064 0.884102 0.000000 0.667407 0.696331 0.955734 0.851407 0.790413 0.999598 0.782301 0.998287 0.948363 0.869299 0.911026 0.956380 0.976362 0.846909 0.842427 0.933652 0.826570 0.799791 0.688884 0.723838 0.698579 0.705782 0.656973 0.970889 0.895008 0.839778 0.851774 0.985668 0.950958 0.979904 0.893888 0.959939 0.982197 0.727503 0.970214 0.843249 0.775412 0.910328 0.843436 0.730864 0.891631 0.803862 0.845606 0.872086 0.950855 0.999963 0.956860 0.858264 0.988767 0.851412 0.813611 0.746680 0.796984 0.577818 0.709386 0.841176 0.728578 0.958385 0.885500 0.850699 0.819069 0.814433 0.827486 0.867991 0.913341 0.929383 0.930880 0.841605 0.819988 0.892584 0.967016 0.847766 0.915500 0.923859 0.888885 0.952605 0.829527 0.973682 0.938675 0.889915 0.975221 0.933062 0.959028 0.873039 0.870260
0.819396 0.915288 0.934168 0.869702 0.790933 0.863746 0.984791 0.893453 0.909605 0.967766 0.760678 0.852894 0.994879 0.801858 0.714368 0.757421 0.918911 0.982260 0.784292 0.982938 0.845261 0.839514 0.551314 0.548668 0.990606 0.935569 0.836077 0.863878 0.764265 0.746832 0.667407 0.000000 0.945347 0.980336 0.991260 0.683799 0.749984 0.838871 0.888801 0.820132 0.785325 0.913119 0.898186 0.910113 0.928685 0.989155 0.949988 0.971666 0.958998 0.962404 0.993782 0.938673 0.758851 0.794092 0.980331 0.976434 0.918793 0.881651 0.665878 0.819918 0.934050 0.888453 0.998298 0.894465 0.926565 0.981244 0.822932 0.996449 0.787010 0.747634 0.888394 0.998433 0.749502 0.648499 0.851836 0.890638 0.937895 0.989171 0.992954 0.891714 0.895290 0.989735 0.688467 0.969232 0.706557 0.854908 0.820382 0.536555 0.785991 0.983653 0.910032 0.970967 0.889090 0.954210 0.943715 0.987691 0.864902 0.727387 0.907042 0.920478 0.882130 0.830735 0.716910 0.800244 0.948237 0.870770 0.966937 0.921004 0.920735 0.835372 0.902306 0.919585 0.946571 0.902142 0.931825 0.791887
0.575225 0.700586 0.577322 0.641753 0.975283 0.977246 0.515806 0.673648 0.788277 0.786613 0.782789 0.911621 0.961545 0.906440 0.968498 0.888990 0.695034 0.595976 0.719990 0.755945 0.763356 0.943606 0.915526 0.971393 0.840135 0.836487 0.990831 0.942677 0.858865 0.819353 0.696331 0.945347 0.000000 0.588795 0.743728 0.809827 0.854843 0.898552 0.944212 0.916231 0.693889 0.816570 0.773625 0.761104 0.701705 0.653103 0.738116 0.718231 0.824093 0.848916 0.854327 0.943587 0.969602 0.924697 0.796871 0.769799 0.578029 0.767238 0.710765 0.841519 0.590573 0.763918 0.694421 0.752540 0.726243 0.714596 0.524500 0.520209 0.936454 0.864290 0.933429 0.938466 0.891863 0.918406 0.969563 0.988360 0.837587 0.948262 0.684992 0.879998 0.557041 0.594447 0.950581 0.727849 0.632939 0.633510 0.851989 0.988063 0.841922 0.748833 0.684259 0.875006 0.713974 0.856446 0.779872 0.716700 0.617148 0.862433 0.674118 0.716452 0.868890 0.954768 0.847397 0.724314 0.988564 0.740417 0.843859 0.780421 0.881279 0.826298 0.885524 0.709883 0.758832 0.867827 0.934911 0.945022
0.577132 0.795007 0.837659 0.817614 0.983570 0.968512 0.558224 0.447939 0.856953 0.512221 0.511341 0.567380 0.828855 0.990722 0.802254 0.914302 0.613929 0.543829 0.678212 0.761933 0.960025 0.903768 0.892713 0.751391 0.772280 0.839129 0.773599 0.867784 0.638110 0.587579 0.955734 0.980336 0.588795 0.000000 0.805706 0.890998 0.978797 0.894156 0.989857 0.927985 0.714250 0.927843 0.907880 0.937805 0.733154 0.651870 0.784543 0.771681 0.772698 0.905201 0.833953 0.710184 0.732761 0.707177 0.673255 0.743312 0.769730 0.897003 0.777260 0.875039 0.443651 0.501876 0.449029 0.453616 0.949374 0.784954 0.741961 0.643997 0.975754 0.825484 0.895763 0.830669 0.975323 0.963367 0.954758 0.978572 0.999596 0.910738 0.793789 0.830482 0.544703 0.584862 0.966977 0.672074 0.821541 0.855082 0.937205 0.965166 0.916471 0.794543 0.849430 0.841267 0.899077 0.806950 0.787097 0.960082 0.837064 0.932249 0.627582 0.725156 0.878435 0.846067 0.811704 0.819755 0.901048 0.845698 0.727743 0.922668 0.857935 0.891581 0.847513 0.709861 0.788278 0.820168 0.830177 0.733448
0.675878 0.782625 0.585066 0.636372 0.920914 0.880458 0.641450 0.804281 0.796354 0.862488 0.800955 0.951747 0.917586 0.997312 0.985778 0.785678 0.769735 0.737510 0.747296 0.745999 0.777983 0.903830 0.895258 0.958902 0.850433 0.852688 0.990092 0.955694 0.935476 0.920432 0.851407 0.991260 0.743728 0.805706 0.000000 0.917045 0.853188 0.916261 0.989120 0.998331 0.720222 0.745261 0.788529 0.836086 0.715247 0.697919 0.833693 0.784104 0.803269 0.786150 0.772447 0.795066 0.852572 0.802935 0.905619 0.693845 0.712878 0.737634 0.782888 0.887690 0.779033 0.986095 0.802980 0.795042 0.714601 0.948736 0.659202 0.783922 0.734274 0.687188 0.798855 0.840306 0.945348 0.932262 0.950914 0.874145 0.940202 0.952146 0.787437 0.914954 0.696701 0.723255 0.905117 0.730666 0.681237 0.746035 0.942117 0.947883 0.989039 0.714054 0.679565 0.680726 0.641437 0.735903 0.837502 0.773611 0.704352 0.781365 0.664485 0.632519 0.977400 0.865072 0.713085 0.733004 0.914561 0.728620 0.945818 0.674549 0.921370 0.943862 0.861442 0.833545 0.939244 0.966161 0.882953 0.975191
0.927470 0.880802 0.862912 0.872854 0.971476 0.989917 0.890453 0.955799 0.958514 0.927701 0.977462 0.995200 0.981618 0.943068 0.901228 0.943091 0.925314 0.801311 0.833774 0.947760 0.942686 0.964939 0.838378 0.928239 0.815051 0.814198 0.880502 0.928636 0.923366 0.839535 0.790413 0.683799 0.809827 0.890998 0.917045 0.000000 0.903620 0.991698 0.999712 0.906727 0.972648 0.939415 0.826882 0.883961 0.831747 0.834350 0.874441 0.712976 0.783954 0.845992 0.921854 0.957807 0.857081 0.878885 0.861861 0.914216 0.843774 0.941248 0.994201 0.955646 0.992883 0.923964 0.914115 0.999473 0.796075 0.976226 0.908729 0.837868 0.896194 0.940978 0.887830 0.918479 0.989996 0.998136 0.996629 0.984001 0.873862 0.838057 0.848753 0.873845 0.893297 0.881217 0.801968 0.868169 0.782479 0.858499 0.946192 0.865054 0.991652 0.900271 0.989023 0.981337 0.931324 0.975808 0.773266 0.970044 0.970832 0.870621 0.830646 0.907449 0.994147 0.939051 0.927410 0.958649 0.979199 0.902780 0.864690 0.930711 0.965132 0.983606 0.953795 0.950982 0.892009 0.956786 0.972256 0.951691
0.782344 0.790820 0.735109 0.843562 0.917097 0.931721 0.995370 0.888314 0.973113 0.745139 0.922662 0.898548 0.941828 0.816548 0.931992 0.924612 0.817310 0.823094 0.921012 0.824247 0.726231 0.811603 0.926190 0.830791 0.689830 0.629100 0.908671 0.705902 0.825840 0.796740 0.999598 0.749984 0.854843 0.978797 0.853188 0.903620 0.000000 0.644489 0.844620 0.787783 0.772562 0.789070 0.896326 0.874308 0.849099 0.882665 0.886789 0.930864 0.985297 0.878820 0.788522 0.742457 0.845938 0.840039 0.842092 0.836869 0.648097 0.614969 0.689698 0.783629 0.926387 0.893454 0.937498 0.977201 0.747597 0.968006 0.790273 0.902851 0.707342 0.775335 0.963596 0.933386 0.978604 0.854333 0.881795 0.822597 0.995493 0.870536 0.734324 0.870549 0.846689 0.892266 0.943650 0.847761 0.914541 0.877134 0.955770 0.842302 0.726608 0.706215 0.942593 0.987251 0.907212 0.832325 0.939422 0.837373 0.759726 0.887802 0.977076 0.966968 0.990168 0.832991 0.755898 0.893178 0.785742 0.727633 0.875868 0.725300 0.982835 0.809557 0.902596 0.960608 0.976400 0.953026 0.700975 0.834311
0.882461 0.904145 0.852422 0.909389 0.693758 0.908054 0.899165 0.750194 0.871187 0.681502 0.904012 0.726044 0.866074 0.805405 0.950957 0.888821 0.898215 0.921874 0.806180 0.983927 0.764381 0.798510 0.930109 0.934481 0.669284 0.632200 0.981531 0.669368 0.691372 0.704838 0.782301 0.838871 0.898552 0.894156 0.916261 0.991698 0.644489 0.000000 0.920742 0.902677 0.802727 0.734943 0.813911 0.839331 0.916977 0.982084 0.943043 0.927232 0.914766 0.746771 0.627852 0.650687 0.851332 0.772551 0.952434 0.976070 0.761829 0.820152 0.788732 0.836379 0.735252 0.731578 0.759828 0.773946 0.894323 0.928234 0.790006 0.882015 0.761745 0.961065 0.865099 0.848952 0.944688 0.930241 0.821990 0.988980 0.921586 0.893777 0.975117 0.907535 0.934001 0.923818 0.909525 0.967562 0.998199 0.991935 0.975370 0.946838 0.846886 0.902846 0.930153 0.808693 0.806182 0.710888 0.987799 0.887620 0.769985 0.825214 0.997338 0.938202 0.988417 0.799598 0.896968 0.774521 0.825947 0.742616 0.756496 0.624019 0.956468 0.835997 0.968670 0.905119 0.990593 0.908443 0.795430 0.774629
