0.000000 0.325424 0.929677 0.879281 0.862415 0.780351 0.926654 0.924380 0.824831 0.845565 0.535767 0.371425 0.518089 0.492848 0.779419 0.632526 0.439313 0.393760 0.437872 0.363368 0.915185 0.683464 0.935749 0.841596 0.851313 0.802512 0.773107 0.987403 0.730940 0.617747 0.774398 0.990852 0.928516 0.879034 0.956964 0.916792 0.789199 0.603611 0.882159 0.651897 0.795465 0.956757 0.871087 0.787416 0.934632 0.865812 0.626041 0.670032 0.754076 0.503525 0.747782 0.516814 0.885798 0.977293 0.691073 0.687616 0.394143 0.351308 0.654854 0.541702 0.932637 0.942048 0.695692 0.556220 0.941618 0.907984 0.827704 0.888917 0.378391 0.405052 0.948036 0.920327 0.928014 0.796695 0.750922 0.863495 0.833640 0.983430 0.672693 0.558044 0.343280 0.316548 0.534227 0.400966 0.644881 0.741774 0.776401 0.768068 0.886398 0.622456 0.962705 0.939874 0.896940 0.989185 0.966238 0.939705 0.869765 0.953110 0.845853 0.912597 0.826246 0.952859 0.682176 0.820995 0.995255 0.976150 0.969060 0.975433 0.961789 0.844564 0.992357 0.962060 0.994745 0.827139 0.853269 0.964335
0.325424 0.000000 0.995753 0.859928 0.903636 0.729908 0.970890 0.901787 0.890603 0.895275 0.571927 0.394481 0.597124 0.544899 0.847790 0.647238 0.394728 0.345054 0.392729 0.369785 0.888964 0.762838 0.868364 0.862112 0.822611 0.819264 0.784911 0.904198 0.656359 0.630473 0.836305 0.943614 0.876227 0.801120 0.937972 0.994264 0.848251 0.559991 0.939831 0.681362 0.868831 0.984093 0.717456 0.627205 0.908389 0.714902 0.588106 0.617716 0.637665 0.408388 0.603805 0.426398 0.716213 0.892319 0.791585 0.737105 0.272035 0.247403 0.629119 0.510295 0.903090 0.921793 0.656062 0.505424 0.951210 0.875615 0.896566 0.940167 0.493904 0.415985 0.875826 0.902342 0.968941 0.810865 0.872028 0.968459 0.820502 0.915329 0.629226 0.588882 0.342064 0.383188 0.550062 0.424919 0.629443 0.738237 0.883723 0.765885 0.930680 0.680238 0.947954 0.961535 0.922923 0.924961 0.935156 0.976515 0.988825 0.908462 0.845401 0.855076 0.888348 0.943263 0.612564 0.816574 0.980603 0.998962 0.988784 0.978674 0.991906 0.755837 0.808804 0.919928 0.872395 0.663254 0.802876 0.962525
0.929677 0.995753 0.000000 0.373071 0.847286 0.819819 0.416947 0.423700 0.456929 0.926819 0.998897 0.983810 0.766001 0.828791 0.906060 0.816925 0.808085 0.763340 0.827862 0.981905 0.951158 0.964828 0.568709 0.701813 0.600864 0.493055 0.945018 0.955968 0.835891 0.816064 0.663786 0.746231 0.608710 0.787587 0.780673 0.874221 0.747623 0.986017 0.913719 0.986428 0.936948 0.960845 0.729702 0.765281 0.804787 0.832057 0.748788 0.798238 0.817965 0.998073 0.984138 0.942258 0.814209 0.798785 0.924034 0.909732 0.967775 0.875268 0.968223 0.963656 0.482526 0.508751 0.818945 0.834940 0.396091 0.355756 0.554094 0.545884 0.956171 0.891109 0.686747 0.652008 0.810437 0.861345 0.977175 0.765078 0.791243 0.806129 0.921854 0.999546 0.780292 0.875083 0.972022 0.826286 0.776590 0.657944 0.942270 0.966217 0.936118 0.976100 0.549375 0.756936 0.567477 0.796270 0.847444 0.987637 0.848573 0.898192 0.654202 0.654178 0.681141 0.902696 0.958716 0.950098 0.629181 0.888537 0.887872 0.804408 0.698024 0.897215 0.740854 0.774403 0.786402 0.884470 0.741526 0.984059
0.879281 0.859928 0.373071 0.000000 0.812257 0.846256 0.577648 0.428154 0.558557 0.955346 0.971235 0.841504 0.597275 0.637074 0.720298 0.578658 0.915576 0.887406 0.686803 0.809694 0.925260 0.816200 0.400004 0.511879 0.579684 0.586765 0.902284 0.975133 0.885783 0.912495 0.790688 0.714350 0.752317 0.874366 0.830035 0.879623 0.695974 0.938995 0.848605 0.842621 0.877770 0.951108 0.730669 0.710005 0.917448 0.826614 0.711566 0.690527 0.890908 0.883569 0.890375 0.769405 0.715922 0.671443 0.876489 0.992047 0.942222 0.977832 0.930407 0.855080 0.617095 0.520209 0.801475 0.939636 0.400342 0.411474 0.668110 0.663788 0.866222 0.971808 0.635270 0.688840 0.900219 0.907360 0.962308 0.842023 0.721558 0.811373 0.960552 0.905659 0.990018 0.950712 0.884045 0.985957 0.671197 0.566157 0.786269 0.952401 0.766804 0.836224 0.550545 0.672037 0.575090 0.729527 0.848480 0.998524 0.705060 0.888522 0.644571 0.608762 0.738155 0.867618 0.964028 0.972615 0.591002 0.773827 0.951625 0.737433 0.642171 0.813666 0.790879 0.776207 0.827593 0.906317 0.742461 0.973478
0.862415 0.903636 0.847286 0.812257 0.000000 0.866478 0.906702 0.904855 0.872985 0.973876 0.920050 0.916341 0.949588 0.949078 0.934833 0.983119 0.825271 0.813133 0.976096 0.849507 0.933546 0.945285 0.776975 0.871464 0.846409 0.862069 0.789968 0.857289 0.914463 0.887052 0.924690 0.956629 0.978887 0.961483 0.877221 0.945122 0.974387 0.909351 0.969667 0.908037 0.928195 0.857917 0.918155 0.876023 0.867807 0.856252 0.949376 0.879434 0.791691 0.863146 0.842449 0.903297 0.992091 0.986292 0.923478 0.837232 0.853873 0.874498 0.931611 0.982950 0.906125 0.984693 0.937873 0.902671 0.792817 0.824628 0.878936 0.938527 0.999732 0.911819 0.913139 0.876712 0.968265 0.989046 0.967503 0.893127 0.869627 0.976305 0.767091 0.923518 0.879760 0.886944 0.900419 0.820230 0.919746 0.865138 0.878679 0.885003 0.845290 0.912883 0.927257 0.952526 0.918868 0.900540 0.918536 0.935499 0.927559 0.839013 0.962143 0.969284 0.985194 0.937930 0.816115 0.954003 0.904983 0.794710 0.945300 0.985853 0.900851 0.978567 0.964192 0.876865 0.997192 0.816095 0.942248 0.938473
0.780351 0.729908 0.819819 0.846256 0.866478 0.000000 0.940657 0.816294 0.775947 0.930636 0.678563 0.867902 0.940148 0.906578 0.818450 0.810674 0.618900 0.584518 0.716623 0.834113 0.873992 0.867810 0.831433 0.789616 0.796617 0.640667 0.886631 0.753613 0.721464 0.808490 0.881011 0.991223 0.910199 0.967688 0.920115 0.994979 0.841654 0.835144 0.869151 0.882651 0.941774 0.986480 0.949148 0.923543 0.949606 0.929463 0.977295 0.983089 0.935280 0.907849 0.966622 0.989547 0.770570 0.779822 0.788466 0.901968 0.595109 0.657821 0.804027 0.890635 0.857274 0.699968 0.665692 0.759232 0.810180 0.650054 0.832855 0.834542 0.881748 0.867752 0.712161 0.821460 0.767765 0.923238 0.909225 0.963060 0.979009 0.984345 0.842541 0.922647 0.747748 0.856950 0.773159 0.793441 0.873782 0.791693 0.943873 0.977811 0.969148 0.931409 0.686890 0.820413 0.716481 0.864575 0.979261 0.859231 0.702666 0.895341 0.886864 0.920089 0.842797 0.970390 0.793350 0.980106 0.861932 0.892952 0.825462 0.978406 0.952072 0.957739 0.964733 0.946616 0.891482 0.949804 0.982857 0.929709
0.926654 0.970890 0.416947 0.577648 0.906702 0.940657 0.000000 0.370933 0.527129 0.719072 0.835479 0.913707 0.984820 0.966309 0.849474 0.957529 0.995408 0.886774 0.810599 0.981641 0.942083 0.885015 0.801892 0.982281 0.887803 0.681937 0.729181 0.760067 0.885788 0.911507 0.503216 0.589456 0.424742 0.500506 0.722683 0.745556 0.891035 0.978517 0.969872 0.949796 0.882917 0.935551 0.553810 0.611695 0.496016 0.542978 0.641720 0.651611 0.853208 0.814903 0.759353 0.819603 0.770382 0.754045 0.987683 0.921053 0.990215 0.925898 0.667804 0.743425 0.366405 0.522301 0.835551 0.834247 0.726061 0.565406 0.324379 0.342353 0.852265 0.860222 0.844070 0.791411 0.805016 0.856856 0.983589 0.765164 0.694638 0.614219 0.982699 0.905531 0.942538 0.815777 0.922221 0.819731 0.970670 0.925270 0.845654 0.819098 0.843241 0.783424 0.748340 0.955033 0.789612 0.989734 0.841537 0.966341 0.929935 0.751280 0.539893 0.573525 0.519399 0.833761 0.809819 0.752188 0.696582 0.782601 0.860416 0.791357 0.786042 0.865610 0.673386 0.780356 0.685147 0.786257 0.619736 0.957074
0.924380 0.901787 0.423700 0.428154 0.904855 0.816294 0.370933 0.000000 0.511724 0.605561 0.757819 0.727231 0.843861 0.849864 0.987389 0.805525 0.968908 0.923853 0.690544 0.817378 0.932222 0.990401 0.725545 0.910131 0.857928 0.683112 0.858104 0.935156 0.887065 0.856786 0.571373 0.596370 0.488541 0.470306 0.815934 0.862205 0.694926 0.888858 0.937021 0.952793 0.914191 0.958065 0.501167 0.507172 0.591642 0.544612 0.494868 0.489551 0.839738 0.725797 0.710795 0.686625 0.766568 0.650443 0.876816 0.990557 0.965703 0.976321 0.656853 0.692652 0.402925 0.346397 0.919017 0.782378 0.718541 0.471324 0.467967 0.401022 0.943190 0.983691 0.672548 0.709967 0.776703 0.839869 0.947906 0.867164 0.675646 0.629219 0.975641 0.846254 0.995867 0.895266 0.979719 0.909465 0.994895 0.865184 0.923899 0.814864 0.926768 0.849082 0.695743 0.902489 0.816062 0.973663 0.878680 0.891743 0.755011 0.791577 0.499313 0.468696 0.497855 0.902807 0.756140 0.708390 0.595560 0.750177 0.958405 0.704735 0.728700 0.765238 0.714767 0.740718 0.652627 0.752688 0.655477 0.997019
0.824831 0.890603 0.456929 0.558557 0.872985 0.775947 0.527129 0.511724 0.000000 0.669049 0.996634 0.925937 0.994621 0.911541 0.868983 0.870905 0.840193 0.722281 0.915562 0.952409 0.998159 0.905224 0.706707 0.885046 0.760234 0.478990 0.856559 0.916962 0.969768 0.842729 0.557823 0.670110 0.564050 0.716161 0.655425 0.887879 0.759036 0.999879 0.852890 0.983594 0.927275 0.818553 0.588200 0.664662 0.608728 0.692200 0.680843 0.779996 0.940917 0.924922 0.794345 0.882817 0.712323 0.571215 0.905122 0.968434 0.922383 0.786445 0.922742 0.995495 0.515304 0.474952 0.844910 0.921216 0.625250 0.518124 0.476915 0.542754 0.855906 0.808030 0.591582 0.595086 0.652195 0.798334 0.960161 0.872966 0.738499 0.744681 0.997229 0.913039 0.737397 0.754019 0.964259 0.764943 0.878352 0.810999 0.921415 0.943139 0.913242 0.947017 0.534366 0.772263 0.622316 0.815529 0.816984 0.991897 0.730312 0.794824 0.506811 0.538656 0.616285 0.914595 0.878456 0.776049 0.678085 0.695996 0.799371 0.650061 0.761229 0.805262 0.721692 0.721980 0.665544 0.789930 0.828270 0.887508
0.845565 0.895275 0.926819 0.955346 0.973876 0.930636 0.719072 0.605561 0.669049 0.000000 0.788806 0.923323 0.645649 0.695693 0.746584 0.787904 0.998604 0.888742 0.994826 0.954843 0.888604 0.792713 0.843516 0.591739 0.774399 0.917726 0.716735 0.920916 0.705124 0.786839 0.539384 0.647863 0.633708 0.541893 0.783796 0.975251 0.813076 0.809198 0.959762 0.989986 0.956799 0.744211 0.540885 0.593646 0.484995 0.491800 0.702397 0.643271 0.605463 0.781691 0.734238 0.931357 0.910609 0.725857 0.986358 0.984631 0.921087 0.823559 0.737895 0.894440 0.710733 0.590347 0.883740 0.747902 0.795852 0.959776 0.694425 0.606120 0.935560 0.893034 0.792276 0.788527 0.689790 0.705697 0.969343 0.923019 0.786713 0.640580 0.978834 0.873163 0.883262 0.658096 0.815051 0.775188 0.632058 0.659277 0.614498 0.705975 0.856998 0.696949 0.997422 0.766227 0.839512 0.712043 0.989212 0.873469 0.912340 0.803630 0.601998 0.575961 0.608261 0.992764 0.648727 0.681616 0.815213 0.768429 0.992835 0.666471 0.924041 0.815743 0.774725 0.685694 0.663274 0.819902 0.919197 0.974700
0.535767 0.571927 0.998897 0.971235 0.920050 0.678563 0.835479 0.757819 0.996634 0.788806 0.000000 0.491456 0.922707 0.893873 0.869280 0.964932 0.449369 0.422051 0.506787 0.508284 0.864435 0.923172 0.881585 0.838628 0.886795 0.753052 0.890746 0.826784 0.485881 0.442191 0.901579 0.837699 0.737799 0.545063 0.926660 0.989015 0.976367 0.682995 0.946368 0.900684 0.971470 0.900122 0.861166 0.745557 0.893178 0.761216 0.675550 0.699640 0.784417 0.638946 0.912134 0.784033 0.885155 0.933768 0.878053 0.928014 0.533637 0.590657 0.562193 0.507577 0.792321 0.924151 0.432821 0.397924 0.796768 0.853122 0.918699 0.856227 0.611250 0.663019 0.948623 0.850806 0.787570 0.693595 0.834526 0.899536 0.822026 0.883786 0.720404 0.801335 0.585669 0.729792 0.766765 0.678233 0.940138 0.882019 0.893774 0.985498 0.844331 0.953236 0.782854 0.795946 0.679944 0.731188 0.947495 0.934710 0.988329 0.735275 0.826084 0.818423 0.910970 0.964957 0.594270 0.631561 0.955956 0.957190 0.895399 0.907187 0.973039 0.827384 0.950056 0.987274 0.773619 0.818090 0.835937 0.970887
0.371425 0.394481 0.983810 0.841504 0.916341 0.867902 0.913707 0.727231 0.925937 0.923323 0.491456 0.000000 0.618452 0.616324 0.891245 0.670582 0.449153 0.449618 0.470672 0.340076 0.861398 0.728047 0.973045 0.948295 0.923472 0.864762 0.825236 0.846607 0.590957 0.475169 0.986388 0.897755 0.797438 0.660032 0.955102 0.938016 0.762783 0.575010 0.829606 0.670006 0.813497 0.847158 0.752954 0.673010 0.877562 0.705230 0.559924 0.541123 0.632066 0.467820 0.659585 0.478024 0.869739 0.892879 0.721279 0.742218 0.494436 0.419888 0.634493 0.482696 0.803619 0.770543 0.613023 0.439923 0.879667 0.962324 0.983372 0.931066 0.451122 0.485774 0.992856 0.975971 0.918007 0.849814 0.870409 0.925927 0.795508 0.902098 0.721162 0.590589 0.376413 0.463691 0.640580 0.519128 0.804677 0.840860 0.911600 0.919215 0.997405 0.825639 0.918335 0.983846 0.838033 0.789923 0.982698 0.815096 0.848253 0.830925 0.822563 0.821233 0.945318 0.967570 0.623104 0.725003 0.910031 0.917774 0.908282 0.994111 0.920829 0.749493 0.907332 0.957114 0.958795 0.733454 0.852775 0.972297
0.518089 0.597124 0.766001 0.597275 0.949588 0.940148 0.984820 0.843861 0.994621 0.645649 0.922707 0.618452 0.000000 0.335728 0.430950 0.396251 0.826847 0.771683 0.629572 0.582825 0.946337 0.638653 0.529504 0.471370 0.660235 0.931111 0.689338 0.947265 0.950022 0.974372 0.789323 0.922875 0.992943 0.849076 0.860218 0.952058 0.832333 0.903146 0.858077 0.767588 0.793919 0.968902 0.981455 0.976089 0.755364 0.889666 0.786864 0.871704 0.863199 0.829917 0.930381 0.628172 0.852019 0.886608 0.775823 0.798386 0.734289 0.637214 0.991275 0.777590 0.869880 0.820179 0.916828 0.961290 0.596516 0.698085 0.873670 0.872304 0.644784 0.641255 0.830121 0.965966 0.990605 0.996111 0.822151 0.912131 0.867021 0.824176 0.922514 0.688118 0.694978 0.521993 0.655665 0.677929 0.427739 0.450028 0.623333 0.721778 0.739650 0.568492 0.748871 0.651110 0.736739 0.766625 0.924603 0.887393 0.757609 0.994619 0.998217 0.946011 0.834471 0.890715 0.890991 0.928074 0.869295 0.954062 0.948881 0.959630 0.798723 0.949511 0.996378 0.987027 0.892254 0.911296 0.870875 0.995667
0.492848 0.544899 0.828791 0.637074 0.949078 0.906578 0.966309 0.849864 0.911541 0.695693 0.893873 0.616324 0.335728 0.000000 0.430384 0.312170 0.748527 0.724075 0.608176 0.548695 0.987247 0.662948 0.554772 0.461701 0.617047 0.827853 0.772361 0.844817 0.990616 0.916575 0.836364 0.937454 0.910699 0.927069 0.915908 0.996142 0.791878 0.799197 0.785491 0.729110 0.838958 0.993426 0.888525 0.850372 0.882933 0.995601 0.675171 0.848574 0.989894 0.734177 0.773357 0.535481 0.645811 0.758941 0.736215 0.747551 0.650913 0.617246 0.971334 0.777520 0.858327 0.770308 0.922640 0.918232 0.677180 0.712487 0.905993 0.919684 0.644963 0.633421 0.853857 0.928357 0.960033 0.985816 0.788747 0.906093 0.858539 0.860501 0.787177 0.666233 0.626432 0.512882 0.560242 0.598238 0.405177 0.405427 0.626318 0.760752 0.705822 0.547575 0.738775 0.693154 0.779433 0.803999 0.925265 0.985905 0.732796 0.985555 0.925302 0.929178 0.863277 0.907604 0.996265 0.947054 0.946490 0.932888 0.888239 0.999853 0.882775 0.871036 0.946385 0.962148 0.972791 0.818605 0.843397 0.910473
0.779419 0.847790 0.906060 0.720298 0.934833 0.818450 0.849474 0.987389 0.868983 0.746584 0.869280 0.891245 0.430950 0.430384 0.000000 0.364771 0.935156 0.980240 0.873320 0.812712 0.997619 0.769251 0.492415 0.499210 0.635851 0.839551 0.689633 0.803715 0.910162 0.921142 0.896778 0.940632 0.951898 0.769498 0.964418 0.946843 0.888509 0.983217 0.828211 0.842588 0.816590 0.982032 0.984424 0.967969 0.754723 0.846133 0.825537 0.965952 0.820150 0.975817 0.960538 0.720180 0.804037 0.832534 0.805971 0.788564 0.911277 0.869326 0.918135 0.916088 0.958313 0.861110 0.791980 0.898243 0.592470 0.725742 0.843710 0.841421 0.760872 0.839025 0.801847 0.972731 0.991899 0.974714 0.912499 0.869555 0.942476 0.845274 0.854386 0.804924 0.898269 0.765263 0.669039 0.817746 0.452749 0.465616 0.736642 0.724819 0.626689 0.630833 0.788221 0.761644 0.821514 0.786743 0.871020 0.953206 0.772394 0.991164 0.967904 0.973104 0.791423 0.988829 0.816121 0.883865 0.825430 0.919152 0.814277 0.960484 0.756787 0.930603 0.998172 0.985631 0.890607 0.940501 0.904959 0.953431
0.632526 0.647238 0.816925 0.578658 0.983119 0.810674 0.957529 0.805525 0.870905 0.787904 0.964932 0.670582 0.396251 0.312170 0.364771 0.000000 0.820970 0.823748 0.721737 0.653349 0.953552 0.721513 0.446479 0.415690 0.618295 0.801081 0.764071 0.786104 0.990639 0.902003 0.964341 0.871455 0.905160 0.958960 0.990868 0.953011 0.843129 0.856352 0.770927 0.812261 0.857840 0.971197 0.862136 0.826987 0.883719 0.958752 0.674393 0.778284 0.965092 0.784553 0.772898 0.550003 0.651340 0.755390 0.756941 0.773395 0.765156 0.711725 0.949593 0.761004 0.842926 0.709945 0.893223 0.923990 0.615775 0.662092 0.945833 0.980547 0.713946 0.708518 0.814293 0.975743 0.991490 0.970862 0.873166 0.923434 0.911684 0.954602 0.744989 0.753257 0.721789 0.648604 0.554184 0.651322 0.446678 0.383149 0.716053 0.775660 0.660584 0.600950 0.780040 0.771812 0.831910 0.907090 0.910008 0.948905 0.765518 0.936372 0.969115 0.906684 0.876567 0.997063 0.943707 0.999733 0.829467 0.872621 0.896164 0.977109 0.801336 0.880526 0.904022 0.984837 0.996351 0.863480 0.780064 0.925811
0.439313 0.394728 0.808085 0.915576 0.825271 0.618900 0.995408 0.968908 0.840193 0.998604 0.449369 0.449153 0.826847 0.748527 0.935156 0.820970 0.000000 0.300225 0.504717 0.431134 0.819321 0.900514 0.921744 0.877446 0.971420 0.628893 0.883216 0.915734 0.433622 0.402915 0.939450 0.934357 0.833171 0.684644 0.908777 0.977572 0.995356 0.674552 0.976231 0.827973 0.995709 0.944395 0.817972 0.712614 0.907934 0.758122 0.651775 0.710763 0.642598 0.522124 0.743158 0.588211 0.981470 0.905332 0.856064 0.777871 0.383651 0.360746 0.539138 0.494533 0.931257 0.942033 0.411603 0.343605 0.729633 0.668407 0.909722 0.952156 0.526037 0.513276 0.777740 0.776574 0.937781 0.810131 0.887769 0.886960 0.844607 0.857609 0.516438 0.655119 0.357729 0.553910 0.574710 0.506529 0.902372 0.979563 0.927837 0.864462 0.932836 0.866567 0.663894 0.742366 0.607303 0.679990 0.881768 0.967273 0.880968 0.778590 0.925202 0.957227 0.909350 0.901481 0.605308 0.773925 0.915379 0.980174 0.966891 0.973955 0.967818 0.794471 0.890267 0.994516 0.897081 0.796264 0.741348 0.822139
0.393760 0.345054 0.763340 0.887406 0.813133 0.584518 0.886774 0.923853 0.722281 0.888742 0.422051 0.449618 0.771683 0.724075 0.980240 0.823748 0.300225 0.000000 0.460566 0.415301 0.821058 0.806601 0.924553 0.966894 0.909687 0.590506 0.825952 0.890778 0.504221 0.461940 0.792835 0.983081 0.951936 0.804564 0.891521 0.979524 0.945012 0.650847 0.999767 0.770037 0.945269 0.937181 0.958594 0.800394 0.935450 0.874088 0.764913 0.783112 0.740300 0.556634 0.833795 0.653138 0.972469 0.845675 0.872224 0.807524 0.327153 0.305545 0.643219 0.540961 0.919470 0.807486 0.455721 0.397304 0.737934 0.609646 0.773207 0.798759 0.498319 0.460826 0.788737 0.708913 0.954510 0.868526 0.822969 0.891908 0.931484 0.994762 0.583582 0.696497 0.367530 0.470814 0.553365 0.424102 0.855935 0.989867 0.963454 0.814708 0.963281 0.812281 0.688040 0.845177 0.655860 0.786984 0.971994 0.967757 0.909092 0.824753 0.967088 0.977957 0.799177 0.967598 0.630155 0.857065 0.904519 0.924852 0.932839 0.904880 0.880863 0.848168 0.945413 0.918440 0.935316 0.762683 0.877915 0.885048
0.437872 0.392729 0.827862 0.686803 0.976096 0.716623 0.810599 0.690544 0.915562 0.994826 0.506787 0.470672 0.629572 0.608176 0.873320 0.721737 0.504717 0.460566 0.000000 0.398122 0.815362 0.743532 0.790424 0.822607 0.818388 0.919918 0.773763 0.822965 0.672243 0.697832 0.945550 0.813999 0.747619 0.720138 0.981408 0.991373 0.734341 0.617513 0.924002 0.789752 0.776831 0.967279 0.732867 0.633591 0.919511 0.745860 0.605235 0.609693 0.779287 0.536336 0.792716 0.583414 0.887655 0.862342 0.860400 0.872890 0.403523 0.440964 0.699727 0.605513 0.817975 0.847533 0.712891 0.581970 0.913679 0.979535 0.967012 0.938446 0.551254 0.617015 0.912409 0.978651 0.990083 0.890697 0.908157 0.937302 0.767869 0.877213 0.694454 0.624990 0.532153 0.572065 0.624259 0.558831 0.734342 0.825291 0.899895 0.909438 0.943156 0.845095 0.968830 0.922314 0.986589 0.995919 0.861435 0.947123 0.890441 0.851527 0.724616 0.723528 0.999908 0.814496 0.629275 0.910586 0.914258 0.987950 0.878131 0.831898 0.974985 0.618617 0.821702 0.928276 0.847672 0.670719 0.838317 0.987701
0.363368 0.369785 0.981905 0.809694 0.849507 0.834113 0.981641 0.817378 0.952409 0.954843 0.508284 0.340076 0.582825 0.548695 0.812712 0.653349 0.431134 0.415301 0.398122 0.000000 0.882321 0.714700 0.892089 0.837942 0.897680 0.862931 0.744168 0.921417 0.661130 0.587900 0.850046 0.975906 0.864061 0.781547 0.919185 0.911243 0.725791 0.538821 0.870346 0.632160 0.753701 0.912250 0.821231 0.735330 0.993070 0.829566 0.633293 0.636204 0.727233 0.505705 0.763395 0.541005 0.858298 0.901442 0.719968 0.735826 0.438765 0.377886 0.768359 0.586930 0.940038 0.884319 0.719490 0.542227 0.947725 0.915945 0.876139 0.915132 0.440667 0.439795 0.959513 0.970502 0.952531 0.869875 0.850819 0.929781 0.803251 0.957629 0.664155 0.670179 0.424267 0.440321 0.631339 0.443089 0.704500 0.822606 0.879000 0.847186 0.934390 0.744943 0.979613 0.933561 0.936120 0.957247 0.926739 0.896170 0.823826 0.860544 0.839565 0.831473 0.997606 0.864606 0.676415 0.870184 0.922110 0.981260 0.897408 0.921825 0.960695 0.666340 0.959615 0.980734 0.989029 0.765583 0.891685 0.930207
0.915185 0.888964 0.951158 0.925260 0.933546 0.873992 0.942083 0.932222 0.998159 0.888604 0.864435 0.861398 0.946337 0.987247 0.997619 0.953552 0.819321 0.821058 0.815362 0.882321 0.000000 0.994058 0.934820 0.967850 0.984521 0.899160 0.973025 0.978857 0.887990 0.862519 0.870528 0.900381 0.910796 0.931958 0.998691 0.881248 0.806358 0.714585 0.963973 0.931686 0.892659 0.941548 0.988642 0.924448 0.902423 0.958436 0.944761 0.822387 0.988209 0.944732 0.939002 0.965414 0.948596 0.948601 0.977350 0.924275 0.807977 0.846021 0.918675 0.872929 0.898575 0.983574 0.953846 0.858834 0.999860 0.899311 0.911513 0.897368 0.789548 0.903631 0.969338 0.922081 0.948172 0.962292 0.989256 0.927381 0.914340 0.905002 0.900859 0.918673 0.913129 0.997814 0.914023 0.815638 0.929863 0.878938 0.972480 0.989019 0.958407 0.919494 0.855331 0.959727 0.847537 0.938578 0.887802 0.875546 0.932414 0.873823 0.952389 0.881952 0.968778 0.772096 0.904207 0.990938 0.948707 0.971290 0.815048 0.927331 0.973020 0.842720 0.881124 0.860425 0.988681 0.926358 0.960146 0.927224
0.683464 0.762838 0.964828 0.816200 0.945285 0.867810 0.885015 0.990401 0.905224 0.792713 0.923172 0.728047 0.638653 0.662948 0.769251 0.721513 0.900514 0.806601 0.743532 0.714700 0.994058 0.000000 0.795639 0.715465 0.893577 0.995578 0.722621 0.962261 0.945814 0.955512 0.873104 0.963579 0.982469 0.878141 0.893647 0.826963 0.902657 0.791337 0.847183 0.620016 0.904164 0.980412 0.977507 0.946777 0.807498 0.937223 0.907876 0.908150 0.943538 0.860046 0.927791 0.804122 0.918284 0.933166 0.864092 0.796746 0.795557 0.775075 0.916174 0.929294 0.971624 0.970834 0.968939 0.957517 0.879881 0.967247 0.775346 0.841317 0.731945 0.774056 0.886762 0.972672 0.882843 0.762515 0.696681 0.929927 0.959125 0.769019 0.952954 0.774721 0.760306 0.698047 0.678652 0.639109 0.776486 0.756083 0.699761 0.731314 0.790210 0.778499 0.937500 0.903393 0.992904 0.901160 0.963573 0.930509 0.799611 0.974592 0.943348 0.931510 0.942969 0.948122 0.946051 0.919389 0.973925 0.992910 0.833450 0.864541 0.939717 0.902054 0.993654 0.940413 0.816578 0.837299 0.893356 0.998921
0.935749 0.868364 0.568709 0.400004 0.776975 0.831433 0.801892 0.725545 0.706707 0.843516 0.881585 0.973045 0.529504 0.554772 0.492415 0.446479 0.921744 0.924553 0.790424 0.892089 0.934820 0.795639 0.000000 0.392630 0.603602 0.663758 0.779678 0.882080 0.902775 0.882000 0.968093 0.848504 0.896924 0.904960 0.951903 0.956123 0.845051 0.986569 0.937422 0.900619 0.932054 0.957924 0.916553 0.911505 0.887257 0.967370 0.885112 0.922260 0.748030 0.957470 0.984884 0.832158 0.696385 0.779229 0.950018 0.962310 0.960557 0.929219 0.876530 0.966476 0.777885 0.744979 0.778484 0.871186 0.357501 0.543310 0.851597 0.930707 0.933096 0.986077 0.715579 0.807681 0.966046 0.982172 0.985228 0.848198 0.860014 0.995748 0.927359 0.934066 0.973072 0.966820 0.781402 0.963625 0.485815 0.447947 0.796865 0.842744 0.731732 0.742080 0.649866 0.710961 0.649704 0.714456 0.790193 0.903888 0.789422 0.970296 0.907463 0.811501 0.964731 0.963099 0.815581 0.779935 0.737362 0.792865 0.894260 0.917315 0.741458 0.853584 0.887840 0.819502 0.962667 0.965402 0.843747 0.999600
0.841596 0.862112 0.701813 0.511879 0.871464 0.789616 0.982281 0.910131 0.885046 0.591739 0.838628 0.948295 0.471370 0.461701 0.499210 0.415690 0.877446 0.966894 0.822607 0.837942 0.967850 0.715465 0.392630 0.000000 0.536300 0.694490 0.650923 0.822797 0.761461 0.802338 0.869268 0.976785 0.967787 0.741083 0.979799 0.946815 0.885602 0.975607 0.770475 0.853224 0.804465 0.935441 0.918290 0.958612 0.708954 0.793252 0.962792 0.999102 0.700855 0.967275 0.934630 0.861504 0.759297 0.885925 0.866909 0.931123 0.948557 0.890117 0.763610 0.976194 0.977290 0.884478 0.683993 0.749303 0.440599 0.608728 0.943620 0.920883 0.857027 0.940221 0.788303 0.939568 0.927976 0.854633 0.887120 0.950942 0.915166 0.859683 0.906342 0.849599 0.939983 0.736922 0.722557 0.804608 0.422772 0.377979 0.608789 0.702536 0.575355 0.590846 0.674619 0.631391 0.630763 0.671970 0.882466 0.887544 0.730934 0.949816 0.959491 0.958019 0.854652 0.871046 0.725378 0.777175 0.802587 0.958681 0.973271 0.971428 0.906461 0.979673 0.985014 0.936992 0.896322 0.981519 0.938739 0.899811
0.851313 0.822611 0.600864 0.579684 0.846409 0.796617 0.887803 0.857928 0.760234 0.774399 0.886795 0.923472 0.660235 0.617047 0.635851 0.618295 0.971420 0.909687 0.818388 0.897680 0.984521 0.893577 0.603602 0.536300 0.000000 0.554169 0.774306 0.849812 0.826729 0.823833 0.898163 0.848756 0.850179 0.950610 0.885349 0.975359 0.723713 0.825569 0.722313 0.825988 0.810367 0.961679 0.918809 0.963968 0.948506 0.960735 0.862337 0.924845 0.867090 0.937275 0.997483 0.879173 0.790590 0.915685 0.786141 0.832227 0.880151 0.920115 0.920602 0.927874 0.821501 0.801422 0.740163 0.806917 0.513396 0.622163 0.893980 0.886629 0.757040 0.889546 0.875934 0.752627 0.889203 0.848291 0.983215 0.928765 0.921224 0.959364 0.838750 0.832591 0.888326 0.753233 0.769991 0.887101 0.507560 0.462358 0.760464 0.728073 0.709144 0.682614 0.769055 0.837658 0.713504 0.858155 0.894949 0.963040 0.901637 0.941280 0.894823 0.970380 0.928386 0.972787 0.896755 0.964108 0.829351 0.966111 0.812038 0.948949 0.822261 0.917234 0.942664 0.983683 0.981803 0.914603 0.901913 0.968287
0.802512 0.819264 0.493055 0.586765 0.862069 0.640667 0.681937 0.683112 0.478990 0.917726 0.753052 0.864762 0.931111 0.827853 0.839551 0.801081 0.628893 0.590506 0.919918 0.862931 0.899160 0.995578 0.663758 0.694490 0.554169 0.000000 0.905482 0.906205 0.711775 0.729282 0.646052 0.768928 0.707567 0.907800 0.710848 0.933879 0.714916 0.972798 0.753648 0.850832 0.879740 0.899510 0.785241 0.886143 0.798389 0.880726 0.834380 0.894919 0.890811 0.912718 0.911992 0.989755 0.686325 0.764539 0.871379 0.988460 0.780142 0.713458 0.849272 0.867963 0.626987 0.555709 0.623155 0.680644 0.527908 0.431542 0.610278 0.617085 0.849868 0.841053 0.684324 0.626015 0.726534 0.854271 0.968173 0.864700 0.970110 0.914565 0.890801 0.900123 0.747523 0.832518 0.991401 0.760109 0.755181 0.639711 0.880262 0.893064 0.847835 0.891893 0.612871 0.823961 0.625644 0.854542 0.921615 0.999601 0.804532 0.999400 0.721754 0.803526 0.767465 0.943470 0.862324 0.966313 0.738612 0.803705 0.856873 0.895257 0.821163 0.961135 0.831900 0.998419 0.967213 0.999175 0.945834 0.904476
0.773107 0.784911 0.945018 0.902284 0.789968 0.886631 0.729181 0.858104 0.856559 0.716735 0.890746 0.825236 0.689338 0.772361 0.689633 0.764071 0.883216 0.825952 0.773763 0.744168 0.973025 0.722621 0.779678 0.650923 0.774306 0.905482 0.000000 0.929310 0.967429 0.950565 0.721621 0.882850 0.737226 0.776532 0.839798 0.863787 0.967738 0.791913 0.915014 0.897508 0.751656 0.959448 0.788587 0.887717 0.623794 0.745873 0.956131 0.938819 0.831958 0.963347 0.841852 0.937671 0.934077 0.863051 0.961876 0.879405 0.805493 0.737605 0.840307 0.982603 0.773216 0.802980 0.994067 0.954323 0.866388 0.921534 0.668558 0.706449 0.726206 0.804407 0.936325 0.847681 0.838425 0.836225 0.996696 0.968109 0.951786 0.800112 0.861422 0.890456 0.819414 0.666309 0.790572 0.764729 0.710538 0.795696 0.789689 0.591210 0.850721 0.689639 0.967442 0.875106 0.978661 0.841256 0.870864 0.994178 0.899594 0.938513 0.856046 0.956490 0.729023 0.975967 0.974200 0.824375 0.984892 0.970831 0.851426 0.934479 0.924393 0.921680 0.891424 0.982398 0.823968 0.919552 0.866424 0.955435
0.987403 0.904198 0.955968 0.975133 0.857289 0.753613 0.760067 0.935156 0.916962 0.920916 0.826784 0.846607 0.947265 0.844817 0.803715 0.786104 0.915734 0.890778 0.822965 0.921417 0.978857 0.962261 0.882080 0.822797 0.849812 0.906205 0.929310 0.000000 0.756776 0.842857 0.941351 0.905748 0.846079 0.837996 0.861331 0.890186 0.892180 0.974217 0.896833 0.990396 0.987335 0.984095 0.917507 0.899508 0.766505 0.822829 0.935603 0.885467 0.795610 0.875555 0.870975 0.896930 0.958255 0.929832 0.986716 0.971124 0.908323 0.892796 0.787508 0.808838 0.837291 0.961059 0.734715 0.801212 0.908165 0.920514 0.765464 0.849816 0.903975 0.885052 0.987402 0.976308 0.938390 0.955030 0.846167 0.960077 0.951156 0.891210 0.989505 0.863864 0.899015 0.939826 0.954655 0.971665 0.900224 0.847970 0.855505 0.908623 0.922841 0.831817 0.964715 0.998067 0.992835 0.995113 0.944337 0.997808 0.956855 0.803134 0.865137 0.820810 0.826858 0.771285 0.765721 0.796369 0.955274 0.919446 0.934640 0.940352 0.925869 0.760053 0.902723 0.943171 0.963068 0.817949 0.938876 0.970343
0.730940 0.656359 0.835891 0.885783 0.914463 0.721464 0.885788 0.887065 0.969768 0.705124 0.485881 0.590957 0.950022 0.990616 0.910162 0.990639 0.433622 0.504221 0.672243 0.661130 0.887990 0.945814 0.902775 0.761461 0.826729 0.711775 0.967429 0.756776 0.000000 0.344242 0.814638 0.735544 0.711813 0.569588 0.919490 0.930655 0.845337 0.785648 0.947573 0.908981 0.802962 0.907939 0.827270 0.732679 0.751177 0.667931 0.715717 0.717816 0.640431 0.641956 0.790174 0.746379 0.950646 0.933053 0.968716 0.910176 0.632477 0.629125 0.571693 0.531209 0.799479 0.960672 0.404303 0.370804 0.699237 0.742579 0.913961 0.909262 0.725178 0.828179 0.825845 0.754231 0.798811 0.723796 0.943876 0.975155 0.933879 0.782647 0.668674 0.857089 0.598470 0.887928 0.747335 0.794142 0.906766 0.819697 0.780129 0.922007 0.785327 0.884451 0.633154 0.579665 0.519083 0.558841 0.980977 0.965209 0.869073 0.827732 0.920139 0.905872 0.944107 0.903132 0.608162 0.686182 0.985755 0.908186 0.971282 0.970924 0.979555 0.839059 0.864271 0.968212 0.817934 0.810019 0.781106 0.898346
0.617747 0.630473 0.816064 0.912495 0.887052 0.808490 0.911507 0.856786 0.842729 0.786839 0.442191 0.475169 0.974372 0.916575 0.921142 0.902003 0.402915 0.461940 0.697832 0.587900 0.862519 0.955512 0.882000 0.802338 0.823833 0.729282 0.950565 0.842857 0.344242 0.000000 0.816615 0.780270 0.759732 0.533558 0.970950 0.961535 0.887908 0.793413 0.985855 0.869262 0.864140 0.932661 0.871002 0.757107 0.824441 0.715666 0.662893 0.691298 0.668444 0.621021 0.796688 0.711575 0.958839 0.857544 0.917020 0.861848 0.659364 0.624961 0.519772 0.465372 0.798641 0.933778 0.375442 0.300935 0.663150 0.761346 0.928486 0.861536 0.643654 0.707870 0.810564 0.722139 0.820344 0.697039 0.822202 0.997388 0.982322 0.744754 0.625677 0.758089 0.499503 0.796297 0.690171 0.723553 0.878924 0.845687 0.820299 0.991725 0.765490 0.865181 0.599851 0.559515 0.470139 0.503581 0.918765 0.864422 0.886107 0.792538 0.983330 0.968800 0.926879 0.858655 0.624239 0.654641 0.971094 0.826256 0.967855 0.938634 0.937362 0.836115 0.942796 0.990697 0.957394 0.852768 0.687443 0.817642
0.774398 0.836305 0.663786 0.790688 0.924690 0.881011 0.503216 0.571373 0.557823 0.539384 0.901579 0.986388 0.789323 0.836364 0.896778 0.964341 0.939450 0.792835 0.945550 0.850046 0.870528 0.873104 0.968093 0.869268 0.898163 0.646052 0.721621 0.941351 0.814638 0.816615 0.000000 0.465820 0.479518 0.502970 0.738631 0.828023 0.952260 0.995403 0.802447 0.916335 0.869711 0.919436 0.602997 0.669769 0.489422 0.540645 0.683070 0.705585 0.825379 0.894748 0.794868 0.937572 0.842446 0.827157 0.940902 0.949076 0.852221 0.726066 0.737000 0.838343 0.471877 0.547556 0.901714 0.854598 0.935824 0.701705 0.473741 0.410257 0.862588 0.737326 0.936118 0.886056 0.741556 0.697548 0.974752 0.797344 0.822851 0.557891 0.941823 0.933260 0.859107 0.651350 0.986820 0.717536 0.813775 0.943060 0.734923 0.870264 0.895146 0.752197 0.983789 0.747661 0.922253 0.708387 0.976663 0.799097 0.982718 0.745904 0.720001 0.758034 0.522205 0.974531 0.917568 0.729977 0.711243 0.694900 0.807516 0.773198 0.768369 0.964262 0.751875 0.861045 0.778656 0.892298 0.699465 0.995350
0.990852 0.943614 0.746231 0.714350 0.956629 0.991223 0.589456 0.596370 0.670110 0.647863 0.837699 0.897755 0.922875 0.937454 0.940632 0.871455 0.934357 0.983081 0.813999 0.975906 0.900381 0.963579 0.848504 0.976785 0.848756 0.768928 0.882850 0.905748 0.735544 0.780270 0.465820 0.000000 0.537512 0.610588 0.787057 0.887105 0.932519 0.875332 0.830498 0.959434 0.898629 0.995139 0.540717 0.549431 0.570151 0.516319 0.612040 0.674046 0.744408 0.729940 0.671306 0.721619 0.712133 0.681811 0.960703 0.952745 0.917641 0.943655 0.700541 0.759255 0.619798 0.677676 0.865527 0.792415 0.926887 0.793877 0.633968 0.565241 0.998946 0.902902 0.924711 0.961005 0.884367 0.832906 0.939689 0.960522 0.794508 0.653205 0.799010 0.835250 0.942189 0.863411 0.810427 0.993136 0.976583 0.946771 0.918699 0.908851 0.973990 0.813451 0.912072 0.841008 0.963579 0.897747 0.986096 0.814942 0.886292 0.908123 0.649471 0.772670 0.651735 0.812779 0.757155 0.817057 0.685718 0.755284 0.801601 0.695490 0.783689 0.821786 0.777028 0.894491 0.688726 0.870243 0.633985 0.998930
0.928516 0.876227 0.608710 0.752317 0.978887 0.910199 0.424742 0.488541 0.564050 0.633708 0.737799 0.797438 0.992943 0.910699 0.951898 0.905160 0.833171 0.951936 0.747619 0.864061 0.910796 0.982469 0.896924 0.967787 0.850179 0.707567 0.737226 0.846079 0.711813 0.759732 0.479518 0.537512 0.000000 0.464123 0.722604 0.801092 0.775875 0.859926 0.906295 0.927256 0.968358 0.831901 0.480235 0.519412 0.429376 0.449336 0.476163 0.624792 0.658176 0.650006 0.632252 0.686271 0.728546 0.760071 0.820527 0.919757 0.849525 0.942242 0.622209 0.691422 0.406185 0.526949 0.766247 0.703446 0.863967 0.712374 0.475565 0.439821 0.971141 0.954705 0.898223 0.864046 0.666806 0.733872 0.887676 0.887171 0.775942 0.630835 0.840749 0.795467 0.864778 0.986080 0.825986 0.982481 0.919954 0.869453 0.846636 0.944116 0.962629 0.915399 0.881079 0.901704 0.986578 0.800992 0.829239 0.867638 0.858002 0.719833 0.544528 0.644947 0.686689 0.846996 0.729164 0.613974 0.810879 0.850754 0.944546 0.847109 0.850080 0.810018 0.633594 0.823965 0.641860 0.696849 0.575251 0.917493
0.879034 0.801120 0.787587 0.874366 0.961483 0.967688 0.500506 0.470306 0.716161 0.541893 0.545063 0.660032 0.849076 0.927069 0.769498 0.958960 0.684644 0.804564 0.720138 0.781547 0.931958 0.878141 0.904960 0.741083 0.950610 0.907800 0.776532 0.837996 0.569588 0.533558 0.502970 0.610588 0.464123 0.000000 0.833008 0.830400 0.903318 0.839134 0.952983 0.985476 0.981480 0.903824 0.517597 0.515052 0.478773 0.435675 0.483789 0.491354 0.647559 0.606386 0.659787 0.717952 0.899804 0.892222 0.980528 0.974184 0.794019 0.874627 0.455574 0.521544 0.468028 0.577887 0.558936 0.486940 0.869892 0.858574 0.515613 0.451168 0.912853 0.891956 0.964859 0.983611 0.760284 0.691111 0.914612 0.946114 0.833762 0.586444 0.797741 0.840570 0.817025 0.911534 0.912107 0.987551 0.791017 0.860514 0.714763 0.823711 0.797739 0.730047 0.860671 0.695763 0.745561 0.579519 0.965134 0.878708 0.994265 0.743240 0.654763 0.677113 0.548266 0.948414 0.618356 0.530545 0.768296 0.722529 0.975459 0.760290 0.976232 0.740870 0.755493 0.895581 0.668220 0.743585 0.663243 0.910784
0.956964 0.937972 0.780673 0.830035 0.877221 0.920115 0.722683 0.815934 0.655425 0.783796 0.926660 0.955102 0.860218 0.915908 0.964418 0.990868 0.908777 0.891521 0.981408 0.919185 0.998691 0.893647 0.951903 0.979799 0.885349 0.710848 0.839798 0.861331 0.919490 0.970950 0.738631 0.787057 0.722604 0.833008 0.000000 0.969353 0.964960 0.961763 0.878378 0.907940 0.970978 0.908011 0.755107 0.821180 0.735615 0.742020 0.786756 0.807281 0.890320 0.877517 0.879188 0.963114 0.818423 0.810415 0.812651 0.877604 0.951581 0.864427 0.882110 0.936312 0.770688 0.736851 0.976898 0.990422 0.844247 0.841940 0.629887 0.630365 0.952758 0.917418 0.827852 0.811885 0.824228 0.784168 0.875180 0.986588 0.905339 0.746248 0.952559 0.973464 0.942790 0.952584 0.911730 0.879158 0.976428 0.933747 0.894008 0.962954 0.844563 0.930985 0.823443 0.937477 0.832998 0.906916 0.926720 0.908811 0.824798 0.645359 0.691049 0.783236 0.911625 0.889842 0.779696 0.802270 0.828102 0.836258 0.741091 0.822130 0.839101 0.936964 0.890161 0.883769 0.664931 0.928668 0.812445 0.934938
0.916792 0.994264 0.874221 0.879623 0.945122 0.994979 0.745556 0.862205 0.887879 0.975251 0.989015 0.938016 0.952058 0.996142 0.946843 0.953011 0.977572 0.979524 0.991373 0.911243 0.881248 0.826963 0.956123 0.946815 0.975359 0.933879 0.863787 0.890186 0.930655 0.961535 0.828023 0.887105 0.801092 0.830400 0.969353 0.000000 0.891311 0.832537 0.811914 0.891501 0.908437 0.958606 0.844472 0.823591 0.783694 0.824012 0.874762 0.983895 0.883024 0.871350 0.907185 0.935259 0.813821 0.883665 0.917891 0.884314 0.970970 0.958925 0.848883 0.960592 0.834066 0.915631 0.976205 0.981566 0.932085 0.900702 0.719329 0.804479 0.817327 0.856601 0.972212 0.944192 0.998160 0.877250 0.909256 0.857038 0.882842 0.707228 0.999264 0.962542 0.992052 0.958910 0.915383 0.872781 0.991439 0.993790 0.815123 0.960787 0.848296 0.960647 0.874937 0.857454 0.948679 0.923094 0.944960 0.876614 0.982012 0.953663 0.891288 0.783140 0.791660 0.954458 0.962959 0.847913 0.917885 0.964649 0.976027 0.998701 0.927224 0.990522 0.844720 0.998339 0.964410 0.899084 0.802640 0.855270
0.789199 0.848251 0.747623 0.695974 0.974387 0.841654 0.891035 0.694926 0.759036 0.813076 0.976367 0.762783 0.832333 0.791878 0.888509 0.843129 0.995356 0.945012 0.734341 0.725791 0.806358 0.902657 0.845051 0.885602 0.723713 0.714916 0.967738 0.892180 0.845337 0.887908 0.952260 0.932519 0.775875 0.903318 0.964960 0.891311 0.000000 0.657174 0.838155 0.798966 0.592741 0.832676 0.680952 0.763920 0.840994 0.811327 0.725114 0.732384 0.822880 0.811079 0.822648 0.802427 0.782390 0.676013 0.688788 0.824418 0.854972 0.886635 0.960951 0.971244 0.881528 0.686440 0.728569 0.949166 0.844059 0.798778 0.934942 0.861138 0.703227 0.762643 0.737400 0.571026 0.825055 0.871562 0.943109 0.993269 0.755660 0.975148 0.988690 0.880453 0.927279 0.834567 0.919631 0.846693 0.795135 0.835480 0.861541 0.963206 0.900876 0.868490 0.714470 0.766075 0.789633 0.854874 0.937934 0.968935 0.693340 0.959193 0.650402 0.716550 0.873031 0.836085 0.921492 0.992934 0.892897 0.998770 0.867741 0.801287 0.851435 0.766639 0.839372 0.871831 0.998869 0.901914 0.943877 0.955246
0.603611 0.559991 0.986017 0.938995 0.909351 0.835144 0.978517 0.888858 0.999879 0.809198 0.682995 0.575010 0.903146 0.799197 0.983217 0.856352 0.674552 0.650847 0.617513 0.538821 0.714585 0.791337 0.986569 0.975607 0.825569 0.972798 0.791913 0.974217 0.785648 0.793413 0.995403 0.875332 0.859926 0.839134 0.961763 0.832537 0.657174 0.000000 0.792956 0.587154 0.765177 0.810069 0.768674 0.745604 0.910144 0.798569 0.686608 0.652932 0.685240 0.583617 0.760138 0.701007 0.794619 0.900327 0.738283 0.649446 0.545668 0.604726 0.901001 0.812665 0.973244 0.903195 0.909459 0.754388 0.900261 0.877013 0.852438 0.946299 0.575587 0.623527 0.935119 0.832743 0.978090 0.908415 0.858563 0.996011 0.907156 0.946346 0.786152 0.875897 0.590074 0.652310 0.748324 0.586226 0.858199 0.970872 0.946095 0.841211 0.994365 0.813064 0.996472 0.996516 0.922476 0.943187 0.911109 0.816873 0.860546 0.886697 0.807067 0.822391 0.976810 0.993115 0.610660 0.914124 0.911004 0.991848 0.998996 0.971302 0.919542 0.693535 0.833212 0.782400 0.962232 0.723319 0.977304 0.902265
