0.000000 0.398934 0.891173 0.933187 0.605071 0.869954 0.796863 0.463504 0.818511 0.579892 0.406437 0.285979 0.372965 0.467904 0.486782 0.624601 0.423262 0.456275 0.369748 0.369491 0.894418 0.998980 0.470809 0.965989 0.704600 0.621241 0.991489 0.962148 0.398607 0.483930 0.903014 0.855164 0.636347 0.720171 0.894161 0.927461 0.756084 0.837643 0.919489 0.987177 0.855579 0.872393 0.975007 0.945964 0.818116 0.687180 0.704393 0.740988 0.536055 0.595296 0.715743 0.762674 0.818493 0.838209 0.717327 0.871237 0.380307 0.335197 0.474841 0.469530 0.608215 0.409949 0.397161 0.352911 0.807581 0.803817 0.913288 0.839891 0.353019 0.398807 0.825600 0.939435 0.885235 0.959603 0.783077 0.931103 0.788268 0.939206 0.793951 0.729541 0.424891 0.482604 0.662559 0.684524 0.648047 0.913765 0.822811 0.879706 0.633018 0.580531 0.892894 0.847378 0.807704 0.656398 0.967026 0.898679 0.962031 0.908362 0.665020 0.601504 0.944003 0.888011 0.767445 0.746172 0.808743 0.826430 0.971915 0.704184 0.902594 0.877951 0.873785 0.701861 0.606454 0.785650 0.989204 0.848895
0.398934 0.000000 0.604740 0.862252 0.656845 0.694775 0.856656 0.611043 0.961988 0.604553 0.678000 0.358207 0.682412 0.484511 0.542878 0.612199 0.324113 0.314290 0.398606 0.341404 0.779037 0.966855 0.569852 0.974374 0.777814 0.573049 0.919203 0.896350 0.376175 0.368414 0.932879 0.903412 0.825954 0.827657 0.712956 0.879652 0.764304 0.977614 0.913562 0.874047 0.939841 0.803164 0.822386 0.687442 0.634284 0.464540 0.648545 0.601768 0.313268 0.388318 0.559382 0.581606 0.705550 0.954013 0.739670 0.770917 0.278364 0.269834 0.808965 0.719319 0.926295 0.626025 0.637602 0.490351 0.700320 0.675641 0.645579 0.654676 0.525947 0.443533 0.947622 0.802023 0.965466 0.938847 0.830935 0.995350 0.723697 0.988430 0.708053 0.641565 0.407677 0.427257 0.470313 0.575396 0.650961 0.984421 0.917761 0.853947 0.834373 0.778217 0.688855 0.701705 0.642679 0.490739 0.939491 0.880733 0.898941 0.895880 0.843573 0.696838 0.809321 0.742543 0.896507 0.845184 0.962457 0.983858 0.916221 0.704351 0.889020 0.963666 0.927409 0.702335 0.593461 0.751027 0.978421 0.875746
0.891173 0.604740 0.000000 0.425587 0.982914 0.608215 0.430304 0.756813 0.937299 0.846584 0.970360 0.750875 0.873969 0.923667 0.929868 0.966546 0.740320 0.720750 0.999425 0.825818 0.617786 0.832325 0.848345 0.742971 0.615944 0.472361 0.968808 0.975656 0.766492 0.761078 0.612418 0.607772 0.628188 0.719276 0.568194 0.672014 0.942755 0.783027 0.714906 0.973661 0.953774 0.935974 0.834080 0.964703 0.971818 0.860584 0.740577 0.884432 0.621593 0.668496 0.955469 0.835200 0.974141 0.960538 0.794604 0.975214 0.693014 0.632968 0.932656 0.973820 0.631506 0.990912 0.914984 0.820302 0.458504 0.459327 0.365600 0.432844 0.937433 0.864060 0.679288 0.692674 0.682474 0.765478 0.939812 0.976170 0.982165 0.966162 0.976318 0.976897 0.919694 0.961741 0.864708 0.895473 0.816674 0.632982 0.952769 0.861893 0.840418 0.764779 0.683374 0.820723 0.622215 0.650216 0.889922 0.949677 0.685939 0.977889 0.970542 0.898044 0.737735 0.837840 0.928410 0.974417 0.752857 0.801753 0.724298 0.898530 0.866113 0.833662 0.953099 0.968566 0.975280 0.926787 0.951079 0.991448
0.933187 0.862252 0.425587 0.000000 0.956884 0.850372 0.641465 0.667380 0.818325 0.780044 0.903047 0.864532 0.999264 0.792357 0.948820 0.836134 0.894358 0.935511 0.915352 0.981916 0.670878 0.800759 0.773478 0.560186 0.473348 0.422611 0.773392 0.867070 0.893674 0.913269 0.688485 0.602661 0.758160 0.770499 0.605825 0.606667 0.860949 0.822330 0.648983 0.864815 0.833484 0.979779 0.728751 0.815206 0.846086 0.917586 0.596335 0.743834 0.835956 0.910122 0.878456 0.949237 0.876575 0.909418 0.752798 0.928988 0.894211 0.834164 0.888107 0.975597 0.967394 0.946515 0.958678 0.735814 0.432734 0.373412 0.480994 0.478811 0.993371 0.893435 0.754030 0.748037 0.727268 0.849439 0.995305 0.899381 0.827754 0.838136 0.902422 0.830600 0.955780 0.727961 0.840719 0.829285 0.653656 0.449274 0.970249 0.708001 0.982943 0.737886 0.816043 0.976221 0.725979 0.831938 0.907946 0.819753 0.784873 0.891912 0.946752 0.938370 0.864027 0.964146 0.912545 0.875975 0.754294 0.781221 0.794746 0.982401 0.902704 0.990412 0.899935 0.971123 0.890583 0.907929 0.923629 0.957397
0.605071 0.656845 0.982914 0.956884 0.000000 0.911538 0.939840 0.749950 0.961810 0.926437 0.790210 0.667799 0.675291 0.620224 0.687858 0.714234 0.685346 0.755779 0.680141 0.662284 0.961516 0.972031 0.633410 0.711397 0.954291 0.836430 0.722286 0.891949 0.749793 0.807785 0.974205 0.952201 0.889475 0.995935 0.973044 0.901822 0.983264 0.965921 0.846987 0.989620 0.957805 0.945647 0.989225 0.979859 0.891645 0.866372 0.848021 0.863409 0.753434 0.821137 0.921442 0.976263 0.965108 0.746480 0.746847 0.963010 0.630307 0.668128 0.817629 0.827075 0.895569 0.617480 0.823768 0.762230 0.966796 0.956986 0.977634 0.871247 0.684318 0.649155 0.940635 0.863824 0.972781 0.965824 0.972017 0.954141 0.965570 0.832220 0.955885 0.969623 0.695013 0.630304 0.653392 0.718110 0.658886 0.805734 0.754395 0.703478 0.729535 0.682649 0.906244 0.765132 0.873705 0.730867 0.828173 0.959706 0.898051 0.993219 0.923015 0.918248 0.874209 0.851430 0.977756 0.944240 0.981593 0.921078 0.956219 0.678762 0.886066 0.828341 0.961366 0.932656 0.901249 0.926670 0.842750 0.950654
0.869954 0.694775 0.608215 0.850372 0.911538 0.000000 0.624314 0.971877 0.835025 0.994029 0.931930 0.804160 0.862746 0.956497 0.989537 0.989090 0.772903 0.791494 0.935050 0.794841 0.636103 0.967538 0.964350 0.881063 0.861092 0.739223 0.972505 0.876303 0.782347 0.804044 0.804823 0.827484 0.805014 0.853248 0.826393 0.858754 0.903423 0.990803 0.781483 0.805361 0.836011 0.936000 0.880622 0.849834 0.839266 0.726093 0.978273 0.891761 0.708473 0.693965 0.827008 0.776568 0.846539 0.931545 0.937201 0.948136 0.723601 0.707945 0.944302 0.949547 0.716434 0.891853 0.930059 0.927551 0.873758 0.829118 0.677367 0.816897 0.818818 0.862768 0.775114 0.839040 0.960442 0.818733 0.805151 0.928902 0.906064 0.955553 0.958189 0.961486 0.944269 0.985676 0.836272 0.896644 0.993538 0.917838 0.883316 0.868794 0.965704 0.993008 0.813947 0.866805 0.872713 0.774833 0.949402 0.903007 0.875249 0.967969 0.892071 0.969470 0.937181 0.985597 0.948987 0.977794 0.798843 0.988282 0.646831 0.982402 0.999929 0.918438 0.993073 0.894173 0.833763 0.816237 0.944398 0.978486
0.796863 0.856656 0.430304 0.641465 0.939840 0.624314 0.000000 0.485449 0.707970 0.735717 0.747851 0.995246 0.627054 0.793792 0.864771 0.930429 0.984157 0.973479 0.711584 0.963408 0.655832 0.827561 0.601273 0.919764 0.962739 0.762914 0.912247 0.923102 0.838594 0.871850 0.382378 0.483898 0.386252 0.427828 0.684006 0.726938 0.909626 0.870957 0.887638 0.848124 0.988376 0.999852 0.838909 0.867923 0.792090 0.972733 0.731780 0.870995 0.882644 0.857460 0.868460 0.979761 0.932163 0.910173 0.868475 0.989684 0.921188 0.935325 0.606865 0.655426 0.388173 0.921850 0.513160 0.741994 0.844581 0.819583 0.483354 0.547862 0.886537 0.833215 0.591280 0.563256 0.558926 0.600527 0.899728 0.945213 0.837263 0.850467 0.788054 0.856424 0.825699 0.833366 0.932537 0.959109 0.892396 0.921067 0.879840 0.853096 0.787297 0.841442 0.605530 0.720226 0.746814 0.860671 0.863329 0.920331 0.699734 0.834329 0.616373 0.683286 0.660878 0.689245 0.658916 0.696257 0.694268 0.692574 0.791304 0.961410 0.916943 0.813776 0.919414 0.894005 0.858696 0.871116 0.942546 0.934120
0.463504 0.611043 0.756813 0.667380 0.749950 0.971877 0.485449 0.000000 0.907595 0.574080 0.635637 0.560598 0.540700 0.469726 0.695511 0.670348 0.546539 0.587327 0.379404 0.517315 0.916290 0.942748 0.391731 0.896985 0.903059 0.953093 0.938524 0.952738 0.448117 0.501435 0.546142 0.514824 0.432439 0.479771 0.890977 0.925076 0.838323 0.902405 0.993576 0.996178 0.953327 0.850425 0.661179 0.671914 0.554546 0.568681 0.512176 0.632031 0.623962 0.645137 0.540295 0.611466 0.658628 0.856791 0.712662 0.882586 0.570773 0.548143 0.602039 0.533569 0.634722 0.653287 0.404799 0.507789 0.976495 0.979684 0.798761 0.812935 0.583836 0.531333 0.618085 0.705281 0.553541 0.745640 0.870655 0.997946 0.628465 0.869203 0.669658 0.654740 0.520217 0.513252 0.672077 0.779042 0.709305 0.915167 0.959329 0.825857 0.772498 0.700828 0.820472 0.961046 0.950713 0.813896 0.854664 0.769472 0.737088 0.789832 0.578236 0.492382 0.759043 0.845400 0.719828 0.715668 0.682457 0.664770 0.911207 0.897611 0.999109 0.912443 0.763117 0.725957 0.511056 0.677978 0.993392 0.891891
0.818511 0.961988 0.937299 0.818325 0.961810 0.835025 0.707970 0.907595 0.000000 0.651084 0.668074 0.860651 0.645167 0.963061 0.946765 0.971598 0.954886 0.876296 0.934209 0.892345 0.958816 0.995433 0.981777 0.729460 0.707990 0.825958 0.851559 0.848452 0.884118 0.999003 0.971157 0.943046 0.895578 0.870272 0.919249 0.889223 0.828731 0.980892 0.864199 0.949846 0.946468 0.961936 0.738373 0.882400 0.863054 0.935598 0.912261 0.927897 0.978873 0.960553 0.984863 0.996544 0.988638 0.985286 0.955291 0.995491 0.865132 0.987746 0.534342 0.641647 0.503063 0.731171 0.698120 0.712631 0.864140 0.837573 0.972332 0.970597 0.824432 0.721873 0.963593 0.907311 0.984760 0.978505 0.913050 0.986734 0.987962 0.878411 0.978032 0.976430 0.993569 0.902695 0.711008 0.897789 0.860052 0.723490 0.915256 0.855342 0.750599 0.982504 0.935727 0.855601 0.921999 0.925883 0.902777 0.922742 0.976879 0.960291 0.791695 0.876325 0.899400 0.895187 0.734499 0.776428 0.959364 0.942061 0.879870 0.842085 0.886652 0.841903 0.989925 0.998473 0.908691 0.943507 0.963626 0.884280
0.579892 0.604553 0.846584 0.780044 0.926437 0.994029 0.735717 0.574080 0.651084 0.000000 0.598587 0.572675 0.578640 0.748711 0.664033 0.775087 0.642192 0.667543 0.568030 0.685414 0.926991 0.978017 0.628471 0.749958 0.519951 0.578520 0.807569 0.956746 0.479781 0.496155 0.814306 0.785443 0.651981 0.668394 0.681111 0.886622 0.980123 0.804453 0.752192 0.784436 0.951882 0.888409 0.962851 0.832153 0.705123 0.678636 0.821637 0.876092 0.526861 0.604790 0.628622 0.629104 0.715898 0.870865 0.978443 0.951140 0.701771 0.564244 0.539701 0.565214 0.684542 0.803652 0.415710 0.382606 0.499758 0.495918 0.768286 0.725680 0.696604 0.542357 0.897540 0.913989 0.821074 0.912070 0.782200 0.923059 0.780086 0.912484 0.620456 0.625055 0.594383 0.823481 0.882953 0.940585 0.914499 0.613520 0.853211 0.850767 0.840541 0.971588 0.952873 0.953427 0.792098 0.685555 0.965062 0.860454 0.941923 0.917936 0.639563 0.634686 0.978602 0.874107 0.678941 0.682256 0.956139 0.941444 0.903385 0.953743 0.833729 0.912751 0.904808 0.890154 0.728228 0.913639 0.956308 0.910915
0.406437 0.678000 0.970360 0.903047 0.790210 0.931930 0.747851 0.635637 0.668074 0.598587 0.000000 0.543796 0.448677 0.745172 0.729023 0.864162 0.602394 0.682741 0.653779 0.601224 0.892576 0.921608 0.737611 0.807394 0.696780 0.773635 0.900642 0.908525 0.592433 0.659563 0.903838 0.905948 0.665892 0.793581 0.882030 0.992586 0.788897 0.869406 0.964439 0.862041 0.799932 0.838135 0.787640 0.907276 0.982041 0.900518 0.937772 0.968152 0.792109 0.793728 0.898152 0.914867 0.896434 0.844452 0.872445 0.851998 0.672473 0.599669 0.463590 0.492121 0.486268 0.540361 0.467446 0.446024 0.848955 0.862540 0.957456 0.946070 0.507281 0.508544 0.752509 0.819101 0.869141 0.960417 0.744035 0.884264 0.817002 0.982348 0.890788 0.734499 0.570342 0.667886 0.956419 0.871334 0.890839 0.780239 0.969472 0.859554 0.633684 0.745823 0.958079 0.998424 0.991811 0.913428 0.955480 0.977526 0.938477 0.981960 0.695193 0.692092 0.858171 0.927525 0.642588 0.686911 0.786781 0.837814 0.889376 0.911782 0.897136 0.820726 0.943927 0.820957 0.764676 0.896383 0.929348 0.982477
0.285979 0.358207 0.750875 0.864532 0.667799 0.804160 0.995246 0.560598 0.860651 0.572675 0.543796 0.000000 0.420919 0.433323 0.458388 0.535167 0.432782 0.484861 0.425300 0.397790 0.879997 0.916084 0.491429 0.977374 0.676098 0.561016 0.971359 0.934968 0.409612 0.494221 0.957524 0.946834 0.798642 0.865141 0.785519 0.815727 0.802672 0.994081 0.892849 0.962280 0.927825 0.940276 0.927072 0.984769 0.899476 0.694873 0.778052 0.817838 0.465047 0.577929 0.742563 0.754487 0.835487 0.823290 0.787435 0.927769 0.416504 0.340840 0.606737 0.567902 0.771849 0.424963 0.513346 0.421963 0.753630 0.756657 0.711172 0.654945 0.400395 0.448070 0.979296 0.927664 0.972024 0.910580 0.801768 0.941946 0.837224 0.881115 0.782427 0.736549 0.479155 0.517581 0.615821 0.679949 0.644170 0.915692 0.787058 0.830894 0.723856 0.649780 0.760994 0.723881 0.679468 0.557701 0.991341 0.949911 0.917175 0.983571 0.848569 0.719700 0.929349 0.774036 0.941599 0.903549 0.959258 0.929480 0.963513 0.723751 0.882380 0.977198 0.893451 0.775522 0.669927 0.891337 0.950434 0.843742
0.372965 0.682412 0.873969 0.999264 0.675291 0.862746 0.627054 0.540700 0.645167 0.578640 0.448677 0.420919 0.000000 0.483453 0.516618 0.567111 0.698711 0.818334 0.512905 0.600546 0.909689 0.978986 0.467588 0.888775 0.754051 0.741124 0.965387 0.973833 0.603956 0.675200 0.822336 0.790977 0.640674 0.728476 0.934068 0.923852 0.811306 0.988855 0.951145 0.975182 0.978806 0.977809 0.900464 0.942511 0.976124 0.864673 0.772371 0.894049 0.751707 0.813721 0.814776 0.894580 0.877772 0.884758 0.742094 0.983779 0.713556 0.637982 0.481374 0.562975 0.430184 0.498240 0.442775 0.502545 0.896037 0.886035 0.965892 0.856046 0.481621 0.555473 0.799520 0.929858 0.834180 0.971624 0.792972 0.990806 0.905718 0.930879 0.845640 0.866189 0.651610 0.680418 0.832343 0.783622 0.710181 0.937657 0.863360 0.802165 0.558807 0.673515 0.945925 0.871013 0.798116 0.766129 0.970447 0.983470 0.903663 0.999740 0.757084 0.740651 0.883126 0.952377 0.780716 0.852496 0.900977 0.859579 0.861055 0.761956 0.885032 0.771706 0.937254 0.903708 0.822467 0.976653 0.921234 0.910026
0.467904 0.484511 0.923667 0.792357 0.620224 0.956497 0.793792 0.469726 0.963061 0.748711 0.745172 0.433323 0.483453 0.000000 0.445255 0.397655 0.590682 0.591773 0.374773 0.421676 0.893256 0.966774 0.336404 0.595296 0.962122 0.850144 0.873721 0.870837 0.562381 0.534332 0.810751 0.625868 0.682780 0.722360 0.950049 0.980484 0.843834 0.972664 0.805749 0.809165 0.920004 0.993325 0.709195 0.733963 0.728156 0.607949 0.529559 0.624005 0.565165 0.673745 0.640676 0.737838 0.729587 0.975679 0.620531 0.901805 0.564091 0.568540 0.886478 0.839844 0.841431 0.596774 0.650705 0.697443 0.960163 0.927255 0.868162 0.895563 0.586347 0.611338 0.967653 0.901794 0.796116 0.986657 0.809845 0.949617 0.756431 0.975726 0.804773 0.719139 0.548112 0.419216 0.457195 0.619328 0.446668 0.694075 0.868823 0.579758 0.836632 0.641921 0.753287 0.594930 0.700058 0.531520 0.909575 0.872017 0.944422 0.910820 0.962747 0.801636 0.881610 0.768960 0.980180 0.949271 0.925800 0.918153 0.805607 0.694198 0.983734 0.906493 0.999456 0.834460 0.704033 0.830454 0.975190 0.878993
0.486782 0.542878 0.929868 0.948820 0.687858 0.989537 0.864771 0.695511 0.946765 0.664033 0.729023 0.458388 0.516618 0.445255 0.000000 0.522349 0.591374 0.607544 0.475830 0.515951 0.936286 0.940502 0.525047 0.826225 0.889769 0.753678 0.915906 0.929474 0.582479 0.558590 0.852226 0.775671 0.761683 0.748893 0.888223 0.951780 0.840079 0.956367 0.939174 0.961833 0.881865 0.929675 0.907323 0.839494 0.848707 0.725796 0.692192 0.687899 0.608229 0.717445 0.742642 0.800030 0.866484 0.912664 0.770064 0.934838 0.640659 0.610587 0.744269 0.745775 0.783607 0.662412 0.620861 0.608944 0.899429 0.895978 0.819717 0.779549 0.484127 0.594011 0.999540 0.890843 0.870327 0.992432 0.750535 0.998495 0.895957 0.927085 0.705620 0.698678 0.562968 0.526852 0.578328 0.669927 0.592716 0.880668 0.789904 0.690669 0.684521 0.720398 0.688095 0.679578 0.590932 0.564051 0.932140 0.843726 0.994525 0.886753 0.960911 0.806669 0.883581 0.686314 0.952765 0.972329 0.930087 0.929584 0.997801 0.632212 0.903603 0.909355 0.954863 0.843255 0.858838 0.863952 0.929763 0.963282
0.624601 0.612199 0.966546 0.836134 0.714234 0.989090 0.930429 0.670348 0.971598 0.775087 0.864162 0.535167 0.567111 0.397655 0.522349 0.000000 0.748710 0.763112 0.539371 0.630096 0.839186 0.845723 0.449792 0.529415 0.920088 0.868050 0.858007 0.763740 0.718262 0.716420 0.978186 0.814254 0.919622 0.918021 0.839636 0.880074 0.952498 0.820912 0.821728 0.917758 0.889404 0.879634 0.942094 0.912524 0.949904 0.749527 0.684386 0.842588 0.620321 0.717306 0.781571 0.813204 0.886004 0.909284 0.720634 0.976999 0.788547 0.703404 0.916943 0.911530 0.968800 0.651191 0.854642 0.890555 0.983178 0.913831 0.763477 0.740214 0.719869 0.756580 0.892613 0.867224 0.994364 0.858638 0.823467 0.990935 0.976100 0.854399 0.859877 0.721125 0.750920 0.624063 0.578756 0.679440 0.561447 0.674676 0.874169 0.623813 0.889001 0.726839 0.590133 0.589169 0.593076 0.520590 0.950529 0.947681 0.963348 0.927807 0.891575 0.955804 0.809018 0.635808 0.739539 0.753421 0.983527 0.939495 0.866320 0.638930 0.887598 0.963919 0.911333 0.948606 0.940583 0.974031 0.893266 0.922041
0.423262 0.324113 0.740320 0.894358 0.685346 0.772903 0.984157 0.546539 0.954886 0.642192 0.602394 0.432782 0.698711 0.590682 0.591374 0.748710 0.000000 0.312837 0.450224 0.372053 0.793864 0.943825 0.636140 0.931361 0.812076 0.634619 0.974583 0.998548 0.365618 0.349030 0.870553 0.819949 0.721906 0.719530 0.834752 0.872819 0.828058 0.971020 0.878109 0.894808 0.853773 0.865081 0.810977 0.714491 0.617459 0.511806 0.676957 0.635332 0.439322 0.472960 0.584724 0.593726 0.702630 0.978953 0.757809 0.804487 0.331533 0.328111 0.767219 0.631106 0.949020 0.669216 0.527413 0.408954 0.730610 0.733449 0.789470 0.803592 0.580019 0.442082 0.838736 0.975922 0.911011 0.968674 0.771504 0.934378 0.706270 0.977318 0.577120 0.592759 0.339364 0.425238 0.568752 0.614422 0.736139 0.927344 0.937781 0.917137 0.753768 0.789866 0.832724 0.775386 0.738306 0.560823 0.992454 0.919206 0.943201 0.963060 0.788322 0.617802 0.990124 0.830558 0.811472 0.736646 0.953821 0.931387 0.929314 0.712945 0.913887 0.931756 0.899418 0.703311 0.546312 0.694225 0.864336 0.837558
0.456275 0.314290 0.720750 0.935511 0.755779 0.791494 0.973479 0.587327 0.876296 0.667543 0.682741 0.484861 0.818334 0.591773 0.607544 0.763112 0.312837 0.000000 0.428548 0.376399 0.851503 0.977340 0.625267 0.957444 0.863579 0.689659 0.970435 0.998127 0.396934 0.358688 0.907410 0.806580 0.717280 0.699997 0.814844 0.988392 0.782894 0.929267 0.931969 0.919995 0.821860 0.827844 0.768599 0.651526 0.559592 0.487308 0.649665 0.601292 0.427978 0.485085 0.596963 0.613872 0.702003 0.991754 0.778429 0.768271 0.304132 0.323017 0.842784 0.702685 0.947131 0.769388 0.581972 0.477138 0.753616 0.754891 0.820074 0.844356 0.592366 0.504642 0.912634 0.996557 0.909942 0.908715 0.821036 0.971603 0.703953 0.931597 0.624710 0.538043 0.335072 0.394931 0.502449 0.584399 0.699317 0.993327 0.944463 0.865955 0.839344 0.797532 0.835713 0.789322 0.800174 0.575337 0.943665 0.898906 0.906723 0.864755 0.821674 0.691906 0.859383 0.827597 0.900483 0.785071 0.919160 0.940799 0.935677 0.709736 0.935771 0.939445 0.899789 0.684564 0.507895 0.662649 0.945886 0.812101
0.369748 0.398606 0.999425 0.915352 0.680141 0.935050 0.711584 0.379404 0.934209 0.568030 0.653779 0.425300 0.512905 0.374773 0.475830 0.539371 0.450224 0.428548 0.000000 0.343485 0.980980 0.970222 0.366238 0.885718 0.888990 0.724420 0.989215 0.927945 0.401702 0.401543 0.737023 0.643041 0.524584 0.542057 0.964204 0.978303 0.765861 0.882385 0.990101 0.940032 0.953097 0.882847 0.694201 0.644757 0.579893 0.507545 0.498330 0.562641 0.478361 0.519974 0.528397 0.603749 0.693261 0.952241 0.714061 0.949054 0.397465 0.420671 0.650857 0.634283 0.778896 0.666339 0.458541 0.472984 0.851220 0.837160 0.954767 0.893587 0.490000 0.474945 0.842661 0.918963 0.727061 0.884064 0.851798 0.956649 0.751147 0.972797 0.703052 0.645296 0.470592 0.448462 0.552267 0.702710 0.625064 0.918487 0.994875 0.753457 0.758926 0.690230 0.948267 0.850537 0.801254 0.626908 0.991505 0.835392 0.917990 0.803438 0.675939 0.546896 0.959604 0.875693 0.780742 0.752758 0.859774 0.854075 0.987584 0.733239 0.907000 0.933814 0.853379 0.706442 0.545353 0.686324 0.983502 0.856271
0.369491 0.341404 0.825818 0.981916 0.662284 0.794841 0.963408 0.517315 0.892345 0.685414 0.601224 0.397790 0.600546 0.421676 0.515951 0.630096 0.372053 0.376399 0.343485 0.000000 0.835336 0.946287 0.489981 0.918170 0.815328 0.662351 0.962074 0.912552 0.433560 0.395914 0.872485 0.801986 0.682575 0.740676 0.886531 0.955180 0.797479 0.865084 0.967605 0.873182 0.982458 0.777548 0.735222 0.714910 0.634147 0.555217 0.629701 0.589625 0.474686 0.488516 0.586597 0.631021 0.672616 0.986666 0.722945 0.966587 0.312483 0.346025 0.727263 0.667162 0.924415 0.663398 0.585883 0.510054 0.775747 0.776265 0.832924 0.801700 0.447460 0.490421 0.877523 0.963192 0.830192 0.953299 0.792542 0.983999 0.693992 0.968354 0.726887 0.738532 0.464115 0.467627 0.560608 0.664087 0.686136 0.998318 0.954353 0.858175 0.815410 0.686294 0.858756 0.783482 0.812707 0.569958 0.961885 0.879947 0.966254 0.813168 0.750243 0.584591 0.979089 0.869269 0.814067 0.809161 0.871266 0.868634 0.984005 0.810424 0.984046 0.924531 0.792983 0.691465 0.578524 0.677965 0.983313 0.911674
0.894418 0.779037 0.617786 0.670878 0.961516 0.636103 0.655832 0.916290 0.958816 0.926991 0.892576 0.879997 0.909689 0.893256 0.936286 0.839186 0.793864 0.851503 0.980980 0.835336 0.000000 0.936163 0.794261 0.686707 0.652131 0.614727 0.821041 0.939471 0.815178 0.827936 0.704407 0.730663 0.860812 0.851514 0.725499 0.898076 0.866679 0.976396 0.782034 0.892860 0.893059 0.896123 0.942332 0.981951 0.980121 0.912659 0.830121 0.995015 0.805587 0.731718 0.981221 0.895111 0.976816 0.987489 0.924676 0.994601 0.791811 0.721207 0.902362 0.934813 0.878595 0.935177 0.987448 0.818569 0.715694 0.650151 0.722115 0.752929 0.853601 0.852765 0.777821 0.916605 0.752752 0.737253 0.952773 0.775089 0.865885 0.936948 0.993219 0.946862 0.980717 0.916711 0.956536 0.970504 0.820543 0.672184 0.964095 0.672213 0.938739 0.927422 0.898784 0.947504 0.858590 0.959471 0.889761 0.915958 0.952339 0.862186 0.875816 0.822236 0.908180 0.913978 0.814287 0.902352 0.954676 0.809781 0.701871 0.886645 0.852604 0.975978 0.907678 0.796031 0.868457 0.881197 0.972844 0.858433
0.998980 0.966855 0.832325 0.800759 0.972031 0.967538 0.827561 0.942748 0.995433 0.978017 0.921608 0.916084 0.978986 0.966774 0.940502 0.845723 0.943825 0.977340 0.970222 0.946287 0.936163 0.000000 0.947604 0.927125 0.943376 0.845811 0.794442 0.998583 0.970150 0.893658 0.718969 0.875828 0.753903 0.837276 0.840802 0.716752 0.742829 0.696959 0.837635 0.937855 0.988910 0.838462 0.868141 0.905666 0.863054 0.988908 0.898156 0.848736 0.883646 0.908170 0.882936 0.958092 0.889231 0.850175 0.890764 0.932919 0.995340 0.938302 0.938265 0.952551 0.943526 0.897672 0.911281 0.986797 0.995312 0.965526 0.799274 0.859185 0.922732 0.989455 0.804912 0.865289 0.917397 0.792874 0.943825 0.937499 0.849624 0.801949 0.879393 0.980779 0.898991 0.911416 0.968384 0.982266 0.948770 0.977840 0.935420 0.839326 0.997027 0.930242 0.698816 0.854440 0.802934 0.884140 0.930961 0.961869 0.928440 0.826361 0.825446 0.891605 0.824913 0.837645 0.645380 0.828285 0.878491 0.818876 0.995270 0.802774 0.995917 0.856870 0.882753 0.860768 0.930812 0.823864 0.964109 0.788032
0.470809 0.569852 0.848345 0.773478 0.633410 0.964350 0.601273 0.391731 0.981777 0.628471 0.737611 0.491429 0.467588 0.336404 0.525047 0.449792 0.636140 0.625267 0.366238 0.489981 0.794261 0.947604 0.000000 0.625641 0.957864 0.895406 0.921570 0.855815 0.556250 0.549687 0.668629 0.544119 0.571778 0.629923 0.989789 0.969144 0.912950 0.951429 0.936018 0.952851 0.899697 0.945396 0.778415 0.799629 0.690780 0.692886 0.585311 0.742094 0.592593 0.768477 0.713136 0.807737 0.844737 0.951012 0.750051 0.946726 0.587244 0.591660 0.776238 0.746630 0.722707 0.700139 0.547433 0.629488 0.972640 0.995740 0.992529 0.941740 0.631757 0.636294 0.806181 0.896260 0.717212 0.829048 0.833090 0.893305 0.832613 0.974991 0.768481 0.718340 0.565972 0.524671 0.564132 0.717779 0.547156 0.777092 0.911458 0.623503 0.860147 0.702791 0.935749 0.853034 0.862267 0.612531 0.965219 0.891145 0.888232 0.921622 0.802443 0.745005 0.996467 0.855153 0.977526 0.932948 0.911268 0.909676 0.897282 0.687752 0.950803 0.910204 0.898873 0.875084 0.680100 0.890537 0.881880 0.803637
0.965989 0.974374 0.742971 0.560186 0.711397 0.881063 0.919764 0.896985 0.729460 0.749958 0.807394 0.977374 0.888775 0.595296 0.826225 0.529415 0.931361 0.957444 0.885718 0.918170 0.686707 0.927125 0.625641 0.000000 0.516382 0.669021 0.655277 0.678592 0.849675 0.927461 0.925334 0.763025 0.970378 0.939439 0.782885 0.958776 0.963916 0.874526 0.551595 0.811150 0.857272 0.752182 0.825381 0.911244 0.953014 0.942446 0.722388 0.916331 0.970771 0.918944 0.972766 0.885374 0.923863 0.866997 0.761479 0.999515 0.956559 0.893150 0.723275 0.731193 0.867755 0.964102 0.786126 0.660416 0.583917 0.551568 0.889124 0.882939 0.952934 0.893971 0.937113 0.879864 0.958476 0.928062 0.966365 0.970136 0.971372 0.831171 0.968648 0.975768 0.967021 0.762455 0.675102 0.659985 0.495733 0.370142 0.842996 0.449084 0.945048 0.770377 0.838754 0.695648 0.900995 0.827676 0.920037 0.955289 0.935517 0.994314 0.727375 0.836319 0.807956 0.757884 0.600288 0.542789 0.965459 0.923868 0.736475 0.726241 0.865781 0.942672 0.922462 0.898722 0.881802 0.851387 0.827984 0.968200
0.704600 0.777814 0.615944 0.473348 0.954291 0.861092 0.962739 0.903059 0.707990 0.519951 0.696780 0.676098 0.754051 0.962122 0.889769 0.920088 0.812076 0.863579 0.888990 0.815328 0.652131 0.943376 0.957864 0.516382 0.000000 0.418865 0.713791 0.845599 0.617075 0.710988 0.918290 0.829150 0.988649 0.986755 0.598325 0.711827 0.930651 0.865347 0.536715 0.695516 0.868749 0.852340 0.787435 0.850397 0.918864 0.964604 0.721559 0.819558 0.768313 0.830256 0.978027 0.907554 0.987231 0.983757 0.758477 0.822394 0.789411 0.656882 0.615897 0.650332 0.752978 0.874213 0.672457 0.505680 0.407269 0.380459 0.659518 0.622985 0.788806 0.687793 0.994367 0.963582 0.977535 0.918948 0.949433 0.969197 0.939443 0.941109 0.912987 0.955419 0.910821 0.843870 0.866353 0.846243 0.623486 0.352314 0.903174 0.674080 0.923443 0.812626 0.974469 0.761529 0.896871 0.913710 0.931418 0.948642 0.955364 0.985303 0.663353 0.785951 0.947809 0.810544 0.681639 0.662332 0.932210 0.938290 0.798694 0.865590 0.851729 0.857574 0.899754 0.798762 0.890055 0.982267 0.955522 0.930108
0.621241 0.573049 0.472361 0.422611 0.836430 0.739223 0.762914 0.953093 0.825958 0.578520 0.773635 0.561016 0.741124 0.850144 0.753678 0.868050 0.634619 0.689659 0.724420 0.662351 0.614727 0.845811 0.895406 0.669021 0.418865 0.000000 0.839175 0.897723 0.609491 0.630002 0.755336 0.795639 0.900682 0.905873 0.526980 0.657306 0.994367 0.831112 0.600731 0.881999 0.990537 0.997011 0.829842 0.913971 0.975153 0.886521 0.840116 0.948360 0.628285 0.674474 0.913860 0.855688 0.929877 0.946067 0.901855 0.864254 0.615759 0.502988 0.760905 0.749407 0.962243 0.795571 0.735829 0.510643 0.385947 0.371629 0.435398 0.430922 0.778286 0.716498 0.862031 0.843830 0.852357 0.789763 0.941834 0.903855 0.968987 0.923250 0.919456 0.987185 0.789506 0.990182 0.914244 0.981993 0.810628 0.502124 0.995056 0.808116 0.948308 0.900726 0.741502 0.874930 0.648564 0.614116 0.849869 0.952861 0.774310 0.966275 0.818912 0.894849 0.937596 0.877005 0.886807 0.823023 0.815108 0.933580 0.798902 0.919594 0.847833 0.945167 0.977261 0.890000 0.872961 0.985401 0.965864 0.982093
0.991489 0.919203 0.968808 0.773392 0.722286 0.972505 0.912247 0.938524 0.851559 0.807569 0.900642 0.971359 0.965387 0.873721 0.915906 0.858007 0.974583 0.970435 0.989215 0.962074 0.821041 0.794442 0.921570 0.655277 0.713791 0.839175 0.000000 0.765796 0.922442 0.885539 0.831712 0.898931 0.904050 0.858050 0.982448 0.950701 0.854179 0.972913 0.767847 0.778193 0.974669 0.924181 0.995559 0.962597 0.966621 0.910446 0.923483 0.972590 0.830651 0.903106 0.996181 0.959706 0.923628 0.818421 0.870311 0.847770 0.942621 0.991241 0.863059 0.952214 0.835625 0.834020 0.832330 0.827319 0.741279 0.724368 0.946570 0.979003 0.964642 0.970375 0.844013 0.832100 0.842353 0.909226 0.997939 0.891026 0.998521 0.834595 0.988408 0.955056 0.969621 0.836107 0.791414 0.780522 0.699274 0.629091 0.826216 0.647436 0.904790 0.819756 0.897543 0.836284 0.999162 0.951845 0.857031 0.835220 0.910382 0.958111 0.797706 0.875126 0.962546 0.858671 0.643479 0.722051 0.900017 0.799766 0.842095 0.819585 0.753539 0.909883 0.928456 0.828185 0.950550 0.795816 0.919889 0.999985
0.962148 0.896350 0.975656 0.867070 0.891949 0.876303 0.923102 0.952738 0.848452 0.956746 0.908525 0.934968 0.973833 0.870837 0.929474 0.763740 0.998548 0.998127 0.927945 0.912552 0.939471 0.998583 0.855815 0.678592 0.845599 0.897723 0.765796 0.000000 0.945714 0.952818 0.947841 0.960181 0.990785 0.907054 0.959035 0.962936 0.986236 0.988788 0.723413 0.950177 0.909550 0.824636 0.975770 0.965841 0.931574 0.946208 0.848078 0.958087 0.847197 0.994528 0.999022 0.929608 0.891800 0.867855 0.991825 0.948061 0.994527 0.978532 0.927362 0.809629 0.860229 0.988708 0.906248 0.847165 0.950027 0.933885 0.984996 0.856674 0.972597 0.934383 0.891679 0.799646 0.982441 0.996327 0.804431 0.906372 0.889571 0.785167 0.975261 0.941055 0.988494 0.920143 0.822163 0.978074 0.840403 0.794888 0.937343 0.892197 0.968338 0.891524 0.894149 0.953632 0.908633 0.966015 0.739990 0.996504 0.980736 0.822221 0.872059 0.992041 0.994605 0.799157 0.753939 0.782905 0.881711 0.793323 0.874022 0.964835 0.949126 0.862643 0.916027 0.940168 0.966484 0.970900 0.955317 0.913697
0.398607 0.376175 0.766492 0.893674 0.749793 0.782347 0.838594 0.448117 0.884118 0.479781 0.592433 0.409612 0.603956 0.562381 0.582479 0.718262 0.365618 0.396934 0.401702 0.433560 0.815178 0.970150 0.556250 0.849675 0.617075 0.609491 0.922442 0.945714 0.000000 0.329642 0.761488 0.775765 0.640285 0.597123 0.804326 0.874813 0.720602 0.991380 0.821422 0.965442 0.891836 0.835503 0.811625 0.684965 0.634373 0.534012 0.735216 0.657846 0.445076 0.487007 0.560840 0.563535 0.707430 0.922156 0.797144 0.812639 0.417673 0.363445 0.602791 0.552039 0.799317 0.650512 0.429574 0.354921 0.625128 0.647934 0.796246 0.807353 0.536008 0.394864 0.878366 0.961683 0.801408 0.868424 0.871364 0.983068 0.704428 0.885707 0.600340 0.619138 0.402278 0.521533 0.638537 0.707140 0.824824 0.843064 0.988452 0.953846 0.788947 0.845016 0.908932 0.916443 0.739156 0.603772 0.918754 0.824059 0.980235 0.867105 0.646431 0.587163 0.993744 0.960215 0.704571 0.672557 0.944373 0.897316 0.894874 0.828319 0.811433 0.971560 0.870133 0.667326 0.526717 0.729787 0.939147 0.768363
0.483930 0.368414 0.761078 0.913269 0.807785 0.804044 0.871850 0.501435 0.999003 0.496155 0.659563 0.494221 0.675200 0.534332 0.558590 0.716420 0.349030 0.358688 0.401543 0.395914 0.827936 0.893658 0.549687 0.927461 0.710988 0.630002 0.885539 0.952818 0.329642 0.000000 0.715544 0.665660 0.623227 0.576557 0.728155 0.934968 0.802104 0.981625 0.914488 0.951935 0.973111 0.851392 0.744487 0.630589 0.575793 0.539662 0.688175 0.679054 0.464707 0.539093 0.537781 0.567965 0.657410 0.847279 0.825110 0.915395 0.437816 0.418764 0.803093 0.727246 0.900329 0.833253 0.466086 0.414938 0.593094 0.632355 0.729723 0.771214 0.631276 0.475926 0.876020 0.990611 0.786755 0.843000 0.816938 0.921488 0.720620 0.830289 0.471392 0.525120 0.374433 0.476284 0.575760 0.685212 0.849112 0.862757 0.949202 0.941233 0.863015 0.964514 0.827976 0.861372 0.646274 0.506928 0.977925 0.899477 0.972252 0.871823 0.727653 0.664142 0.970098 0.962680 0.735732 0.684190 0.976740 0.895409 0.889280 0.829801 0.894368 0.934842 0.917166 0.700941 0.511572 0.659573 0.981772 0.853065
0.903014 0.932879 0.612418 0.688485 0.974205 0.804823 0.382378 0.546142 0.971157 0.814306 0.903838 0.957524 0.822336 0.810751 0.852226 0.978186 0.870553 0.907410 0.737023 0.872485 0.704407 0.718969 0.668629 0.925334 0.918290 0.755336 0.831712 0.947841 0.761488 0.715544 0.000000 0.405568 0.411469 0.364619 0.729813 0.743923 0.936052 0.888529 0.886421 0.976464 0.998682 0.949628 0.589441 0.646195 0.596851 0.774125 0.684994 0.766499 0.999657 0.971936 0.683631 0.758971 0.745409 0.659099 0.861356 0.947174 0.978659 0.948244 0.840301 0.875663 0.683742 0.845937 0.568295 0.793126 0.979571 0.934533 0.669906 0.629587 0.964240 0.915682 0.535144 0.635588 0.467908 0.516427 0.927130 0.900552 0.816121 0.712167 0.705272 0.747725 0.767612 0.807717 0.900001 0.962537 0.945375 0.930880 0.807634 0.888714 0.938404 0.982096 0.682682 0.818024 0.872181 0.924938 0.828347 0.956814 0.817279 0.844428 0.631722 0.688514 0.814524 0.675457 0.655217 0.701441 0.810120 0.734962 0.866568 0.931558 0.886776 0.935885 0.803354 0.820177 0.716768 0.755096 0.887814 0.870476
0.855164 0.903412 0.607772 0.602661 0.952201 0.827484 0.483898 0.514824 0.943046 0.785443 0.905948 0.946834 0.790977 0.625868 0.775671 0.814254 0.819949 0.806580 0.643041 0.801986 0.730663 0.875828 0.544119 0.763025 0.829150 0.795639 0.898931 0.960181 0.775765 0.665660 0.405568 0.000000 0.487385 0.453028 0.797617 0.782794 0.854219 0.965551 0.904106 0.973161 0.869208 0.954212 0.580398 0.592977 0.612085 0.729310 0.514389 0.700065 0.921970 0.983752 0.649917 0.724881 0.697538 0.738867 0.748286 0.952729 0.907428 0.955600 0.965684 0.929776 0.775986 0.971410 0.606598 0.805882 0.902581 0.867199 0.765584 0.715417 0.957455 0.869304 0.649720 0.751948 0.557565 0.542913 0.957371 0.901670 0.876957 0.781506 0.657565 0.663335 0.636438 0.619510 0.744124 0.845593 0.759927 0.789387 0.872277 0.755949 0.961979 0.921245 0.836552 0.993551 0.975435 0.839064 0.923535 0.941546 0.820661 0.905022 0.811776 0.769073 0.915343 0.848242 0.785810 0.804786 0.855022 0.714408 0.785409 0.909766 0.999804 0.890357 0.884936 0.759616 0.674408 0.799908 0.870442 0.883857
0.636347 0.825954 0.628188 0.758160 0.889475 0.805014 0.386252 0.432439 0.895578 0.651981 0.665892 0.798642 0.640674 0.682780 0.761683 0.919622 0.721906 0.717280 0.524584 0.682575 0.860812 0.753903 0.571778 0.970378 0.988649 0.900682 0.904050 0.990785 0.640285 0.623227 0.411469 0.487385 0.000000 0.339703 0.775967 0.741084 0.788451 0.775455 0.840337 0.947561 0.988154 0.917917 0.646272 0.660235 0.530766 0.648417 0.528281 0.633700 0.795631 0.855571 0.608220 0.725481 0.738065 0.862482 0.717731 0.893768 0.766524 0.787249 0.619723 0.669742 0.563448 0.876400 0.401125 0.578542 0.938650 0.977334 0.638428 0.657916 0.710246 0.666376 0.639662 0.735098 0.569592 0.581860 0.831065 0.956015 0.753159 0.844238 0.722568 0.731642 0.604944 0.627923 0.859551 0.917136 0.742661 0.948029 0.920821 0.903750 0.714303 0.751714 0.706651 0.829615 0.875254 0.945746 0.948867 0.989909 0.753379 0.738163 0.546401 0.529324 0.780447 0.779989 0.607934 0.633579 0.676041 0.687313 0.953426 0.997882 0.953485 0.864850 0.755083 0.692595 0.610079 0.654637 0.895775 0.910646
0.720171 0.827657 0.719276 0.770499 0.995935 0.853248 0.427828 0.479771 0.870272 0.668394 0.793581 0.865141 0.728476 0.722360 0.748893 0.918021 0.719530 0.699997 0.542057 0.740676 0.851514 0.837276 0.629923 0.939439 0.986755 0.905873 0.858050 0.907054 0.597123 0.576557 0.364619 0.453028 0.339703 0.000000 0.869148 0.729876 0.760346 0.851259 0.949574 0.982105 0.988817 0.953878 0.593945 0.547271 0.523170 0.604001 0.555044 0.584949 0.803545 0.757435 0.531825 0.598966 0.675606 0.723937 0.742786 0.845293 0.791980 0.798761 0.680624 0.681481 0.653002 0.974285 0.445735 0.599681 0.992487 0.957911 0.730238 0.686808 0.810980 0.725107 0.671359 0.764327 0.613919 0.588997 0.897791 0.923852 0.804411 0.705763 0.630309 0.639577 0.602430 0.640691 0.802324 0.855417 0.823188 0.958667 0.824503 0.860208 0.828950 0.901324 0.812082 0.915376 0.979367 0.866559 0.839179 0.958055 0.901021 0.774591 0.583558 0.610681 0.854901 0.793567 0.590881 0.619712 0.765530 0.684246 0.894244 0.951592 0.961936 0.867720 0.851198 0.706880 0.533944 0.673539 0.852608 0.808570
0.894161 0.712956 0.568194 0.605825 0.973044 0.826393 0.684006 0.890977 0.919249 0.681111 0.882030 0.785519 0.934068 0.950049 0.888223 0.839636 0.834752 0.814844 0.964204 0.886531 0.725499 0.840802 0.989789 0.782885 0.598325 0.526980 0.982448 0.959035 0.804326 0.728155 0.729813 0.797617 0.775967 0.869148 0.000000 0.805431 0.866341 0.781319 0.796296 0.923790 0.942271 0.937388 0.788204 0.920163 0.904382 0.949206 0.779318 0.861808 0.695228 0.748603 0.965482 0.881047 0.941822 0.951422 0.827547 0.984332 0.870311 0.757840 0.971922 0.984908 0.863196 0.938473 0.978233 0.787541 0.573810 0.583877 0.418689 0.436820 0.995218 0.810995 0.758241 0.766111 0.787995 0.822992 0.852782 0.998796 0.896401 0.970778 0.878546 0.839164 0.895521 0.994547 0.899824 0.951767 0.850070 0.730412 0.902941 0.779235 0.896585 0.749235 0.535774 0.770821 0.583361 0.666872 0.849261 0.898848 0.703432 0.783294 0.866967 0.874435 0.742946 0.848718 0.895975 0.924958 0.643665 0.714978 0.955578 0.879513 0.965583 0.937163 0.870653 0.822884 0.944041 0.875611 0.985972 0.914332
0.927461 0.879652 0.672014 0.606667 0.901822 0.858754 0.726938 0.925076 0.889223 0.886622 0.992586 0.815727 0.923852 0.980484 0.951780 0.880074 0.872819 0.988392 0.978303 0.955180 0.898076 0.716752 0.969144 0.958776 0.711827 0.657306 0.950701 0.962936 0.874813 0.934968 0.743923 0.782794 0.741084 0.729876 0.805431 0.000000 0.865872 0.604184 0.777161 0.976235 0.971455 0.949089 0.815228 0.853410 0.827109 0.962766 0.809811 0.856758 0.881742 0.923737 0.923841 0.980854 0.857006 0.895321 0.952983 0.972019 0.893858 0.869832 0.974114 0.958791 0.956945 0.894089 0.976183 0.889356 0.713242 0.709141 0.609665 0.627116 0.973961 0.910919 0.819419 0.877455 0.877424 0.754620 0.999894 0.805074 0.861296 0.760915 0.951140 0.886254 0.982943 0.870707 0.987849 0.918772 0.930887 0.807615 0.879844 0.963176 0.970242 0.860503 0.790336 0.899631 0.724105 0.764477 0.937159 0.969535 0.900096 0.807799 0.877891 0.846672 0.997382 0.783779 0.895775 0.841913 0.805643 0.884778 0.754426 0.845426 0.848500 0.993593 0.980697 0.954503 0.810474 0.831046 0.954939 0.916454
0.756084 0.764304 0.942755 0.860949 0.983264 0.903423 0.909626 0.838323 0.828731 0.980123 0.788897 0.802672 0.811306 0.843834 0.840079 0.952498 0.828058 0.782894 0.765861 0.797479 0.866679 0.742829 0.912950 0.963916 0.930651 0.994367 0.854179 0.986236 0.720602 0.802104 0.936052 0.854219 0.788451 0.760346 0.866341 0.865872 0.000000 0.743330 0.994238 0.867691 0.893784 0.915775 0.879987 0.729582 0.852650 0.781362 0.745852 0.665256 0.866729 0.808122 0.764648 0.793654 0.854614 0.908666 0.736735 0.898719 0.785335 0.804234 0.777831 0.848697 0.880842 0.782984 0.814864 0.845750 0.906387 0.972077 0.893870 0.906283 0.646257 0.686849 0.978364 0.974804 0.997408 0.896742 0.996176 0.857298 0.903636 0.931728 0.886004 0.916925 0.831451 0.761217 0.967027 0.920718 0.784719 0.933953 0.858663 0.963846 0.741488 0.720637 0.954606 0.950746 0.945622 0.960700 0.904271 0.898308 0.973838 0.812012 0.763603 0.766601 0.963792 0.992815 0.707036 0.773134 0.934058 0.803659 0.925600 0.998033 0.785046 0.725252 0.779651 0.655647 0.816782 0.767526 0.788122 0.937520
0.837643 0.977614 0.783027 0.822330 0.965921 0.990803 0.870957 0.902405 0.980892 0.804453 0.869406 0.994081 0.988855 0.972664 0.956367 0.820912 0.971020 0.929267 0.882385 0.865084 0.976396 0.696959 0.951429 0.874526 0.865347 0.831112 0.972913 0.988788 0.991380 0.981625 0.888529 0.965551 0.775455 0.851259 0.781319 0.604184 0.743330 0.000000 0.822370 0.873832 0.851949 0.726232 0.918901 0.948066 0.951887 0.961138 0.902230 0.824983 0.870755 0.945281 0.988840 0.940143 0.987685 0.976999 0.882745 0.969235 0.883536 0.997599 0.929453 0.985216 0.894672 0.896590 0.897966 0.997016 0.804675 0.807094 0.722059 0.747598 0.715625 0.946689 0.789856 0.911291 0.772725 0.790836 0.964897 0.981853 0.952215 0.891886 0.918907 0.969747 0.899957 0.824844 0.916392 0.888204 0.894659 0.926872 0.943011 0.861445 0.886311 0.805974 0.837445 0.867109 0.795307 0.735149 0.972346 0.794249 0.855880 0.784523 0.890470 0.838095 0.780982 0.940580 0.805669 0.837701 0.904048 0.938487 0.963003 0.931247 0.980490 0.907261 0.920426 0.800588 0.834881 0.647797 0.940860 0.992761
