0.000000 0.252628 0.673037 0.788189 0.932510 0.787014 0.461929 0.392672 0.878169 0.480813 0.247828 0.224791 0.320855 0.383750 0.412974 0.475943 0.273156 0.251842 0.289571 0.262424 0.868058 0.869739 0.345041 0.891496 0.934602 0.938518 0.908810 0.892619 0.261991 0.274130 0.479637 0.430630 0.362725 0.343898 0.961861 0.934759 0.616277 0.829495 0.844770 0.949452 0.711498 0.773513 0.712089 0.630281 0.703066 0.614640 0.555778 0.507665 0.627541 0.632036 0.764693 0.740329 0.788209 0.945283 0.751901 0.761874 0.296096 0.261270 0.370643 0.342574 0.301344 0.511367 0.246291 0.252905 0.975557 0.992960 0.725161 0.724487 0.323758 0.300249 0.466577 0.525334 0.556690 0.630381 0.674574 0.884873 0.514429 0.585779 0.473165 0.296725 0.218588 0.292274 0.579425 0.554707 0.740099 0.959523 0.885725 0.811202 0.854550 0.718380 0.910874 0.893810 0.917493 0.908434 0.630349 0.734228 0.640797 0.848974 0.508431 0.514393 0.719985 0.696074 0.516249 0.550865 0.515962 0.541188 0.870768 0.987340 0.976912 0.824813 0.835167 0.654699 0.512919 0.757257 0.838395 0.866701
0.252628 0.000000 0.765158 0.847014 0.932039 0.873214 0.475536 0.373314 0.856735 0.418822 0.348973 0.291458 0.506197 0.527666 0.524011 0.569035 0.185912 0.182694 0.318493 0.267347 0.957671 0.823004 0.406954 0.962948 0.836753 0.865874 0.847852 0.955004 0.243188 0.243340 0.499883 0.458591 0.355569 0.314182 0.976396 0.825305 0.650020 0.791943 0.964643 0.996418 0.824245 0.607398 0.557713 0.479826 0.532925 0.472936 0.519080 0.410809 0.468228 0.526785 0.629475 0.633929 0.692020 0.903063 0.813298 0.792892 0.179868 0.172744 0.369331 0.382932 0.405153 0.577476 0.205001 0.193971 0.880852 0.900164 0.695057 0.667306 0.401780 0.288088 0.423733 0.467285 0.538617 0.561293 0.694477 0.777724 0.468517 0.420432 0.430008 0.376356 0.202661 0.363168 0.542263 0.573832 0.827129 0.886762 0.741770 0.721563 0.900479 0.851075 0.792779 0.775708 0.805427 0.966224 0.593121 0.724789 0.615788 0.676474 0.415846 0.368373 0.700120 0.561336 0.384578 0.436950 0.487192 0.470943 0.772864 0.863376 0.940247 0.845927 0.701538 0.525564 0.497180 0.669930 0.753783 0.908126
0.673037 0.765158 0.000000 0.237205 0.929726 0.631825 0.306727 0.472480 0.767717 0.847626 0.700040 0.805302 0.681042 0.638229 0.706017 0.602951 0.801636 0.727776 0.637980 0.647062 0.649860 0.786269 0.430073 0.440461 0.528503 0.388806 0.891716 0.919137 0.896006 0.774782 0.403297 0.482918 0.429658 0.483546 0.503196 0.581441 0.624893 0.647279 0.474110 0.748073 0.895772 0.895600 0.454770 0.484513 0.547279 0.562812 0.441544 0.458204 0.889366 0.779083 0.699017 0.710428 0.704227 0.912759 0.651085 0.660631 0.835152 0.838122 0.735079 0.729174 0.567180 0.612795 0.804791 0.876818 0.447036 0.447346 0.282422 0.374004 0.798145 0.741570 0.545461 0.515742 0.668904 0.576613 0.721946 0.938907 0.547868 0.837331 0.653034 0.564085 0.725525 0.634792 0.760498 0.794958 0.649281 0.562570 0.886888 0.941138 0.909987 0.665964 0.679087 0.771641 0.602323 0.590200 0.673899 0.690348 0.419979 0.826786 0.642384 0.642468 0.693462 0.722938 0.750332 0.771293 0.493470 0.674639 0.794536 0.711998 0.903102 0.863320 0.805985 0.801410 0.676289 0.781840 0.705239 0.925460
0.788189 0.847014 0.237205 0.000000 0.897901 0.653491 0.385373 0.491518 0.825130 0.881372 0.760519 0.911034 0.791282 0.743671 0.806437 0.671858 0.865309 0.812344 0.694837 0.708036 0.660744 0.788635 0.509671 0.468681 0.549913 0.391952 0.805199 0.834722 0.950536 0.863375 0.528432 0.541671 0.538705 0.586011 0.492380 0.523281 0.621538 0.682162 0.524779 0.865251 0.971909 0.875218 0.545915 0.578436 0.633344 0.664267 0.501829 0.571119 0.912712 0.800838 0.771121 0.779337 0.780373 0.956512 0.714053 0.710231 0.876846 0.894690 0.747598 0.781967 0.743790 0.680352 0.909495 0.982544 0.487565 0.435841 0.306576 0.408594 0.822490 0.822427 0.551105 0.554942 0.756973 0.639167 0.880905 0.988975 0.585634 0.832573 0.708943 0.668830 0.801340 0.662170 0.843787 0.862057 0.704473 0.571048 0.889822 0.948604 0.924177 0.629831 0.632248 0.711426 0.554539 0.511128 0.815886 0.636670 0.493196 0.781582 0.707360 0.648578 0.665922 0.795491 0.799577 0.756196 0.542082 0.726077 0.834458 0.760439 0.845816 0.899718 0.804155 0.809456 0.673936 0.790412 0.809544 0.830607
0.932510 0.932039 0.929726 0.897901 0.000000 0.925987 0.982734 0.932401 0.928471 0.983435 0.982084 0.935296 0.960443 0.881694 0.928810 0.928714 0.916788 0.949621 0.962618 0.938579 0.851312 0.979200 0.939743 0.951300 0.974121 0.970550 0.884118 0.896531 0.979267 0.959449 0.912201 0.959440 0.952768 0.908822 0.991144 0.936355 0.789008 0.982050 0.861446 0.875394 0.843776 0.996098 0.978028 0.998831 0.957535 0.950878 0.910289 0.960685 0.933868 0.877718 0.899788 0.868793 0.896359 0.835686 0.969613 0.963215 0.902869 0.900531 0.924477 0.931969 0.949009 0.828203 0.899076 0.879094 0.945872 0.856795 0.935297 0.912034 0.919143 0.991832 0.890216 0.809037 0.943152 0.952959 0.973306 0.943869 0.956914 0.940405 0.935493 0.973134 0.892102 0.905752 0.844048 0.989962 0.925774 0.917727 0.852030 0.879989 0.927052 0.946768 0.845090 0.998706 0.874574 0.994562 0.942582 0.981345 0.973308 0.837915 0.972786 0.874600 0.856762 0.962457 0.973235 0.962750 0.856686 0.998307 0.818060 0.900869 0.739311 0.905087 0.884045 0.880772 0.861104 0.983603 0.915610 0.951971
0.787014 0.873214 0.631825 0.653491 0.925987 0.000000 0.596057 0.781250 0.775947 0.757644 0.791206 0.717238 0.563865 0.695699 0.664375 0.490410 0.923555 0.870427 0.690717 0.779102 0.785983 0.747904 0.600382 0.633980 0.905423 0.707786 0.865521 0.650225 0.907694 0.831838 0.736002 0.727272 0.676364 0.653138 0.857423 0.896918 0.954672 0.993386 0.738957 0.939204 0.875233 0.984913 0.773779 0.739806 0.946873 0.957896 0.886650 0.813271 0.985686 0.895252 0.947430 0.846665 0.881892 0.954104 0.960248 0.943803 0.981763 0.923756 0.867637 0.847831 0.812982 0.969237 0.884132 0.914988 0.891890 0.883267 0.763123 0.887103 0.901439 0.727966 0.747910 0.723912 0.846758 0.687473 0.761202 0.903449 0.776812 0.771887 0.789608 0.642114 0.826808 0.728080 0.946339 0.977969 0.851796 0.864373 0.866712 0.815659 0.944069 0.959462 0.702496 0.719846 0.761855 0.697926 0.794784 0.734873 0.725450 0.924483 0.809157 0.787464 0.943350 0.879209 0.861450 0.809773 0.697371 0.828407 0.990980 0.918381 0.984921 0.893714 0.963136 0.922982 0.744912 0.970653 0.923730 0.979324
0.461929 0.475536 0.306727 0.385373 0.982734 0.596057 0.000000 0.230271 0.567264 0.427749 0.511964 0.601657 0.535907 0.656861 0.628749 0.586085 0.540130 0.504550 0.389623 0.398812 0.788223 0.793690 0.281667 0.683522 0.907916 0.722450 0.874559 0.983966 0.622861 0.518049 0.279244 0.400472 0.256007 0.243724 0.630346 0.541815 0.625660 0.714829 0.733257 0.894251 0.872471 0.747191 0.284167 0.282360 0.339690 0.352958 0.378426 0.348331 0.553213 0.468073 0.471808 0.450327 0.481073 0.725699 0.740530 0.682326 0.519559 0.509893 0.393165 0.447467 0.423016 0.577481 0.481117 0.520091 0.806606 0.793571 0.307944 0.418400 0.713542 0.492774 0.317113 0.291524 0.658046 0.486371 0.746842 0.848420 0.361864 0.596757 0.434696 0.419674 0.503586 0.581415 0.783601 0.796680 0.884132 0.957155 0.936231 0.802697 0.903461 0.863840 0.421663 0.488766 0.477815 0.530644 0.613319 0.594629 0.328830 0.678058 0.284980 0.307101 0.506689 0.464337 0.426349 0.434298 0.353999 0.426252 0.579167 0.605575 0.787495 0.851592 0.606933 0.566600 0.391365 0.633103 0.599033 0.925645
0.392672 0.373314 0.472480 0.491518 0.932401 0.781250 0.230271 0.000000 0.598328 0.357068 0.395921 0.522171 0.563142 0.670751 0.693776 0.707607 0.413183 0.426946 0.380422 0.337835 0.931859 0.856946 0.380589 0.880509 0.896900 0.918183 0.831731 0.918464 0.470421 0.452741 0.391108 0.425961 0.315388 0.296452 0.763982 0.600458 0.632534 0.799338 0.904200 0.995724 0.810068 0.633506 0.415743 0.422751 0.389054 0.404404 0.459720 0.445332 0.466279 0.488004 0.549543 0.545380 0.607759 0.843992 0.806057 0.673510 0.394951 0.373245 0.336624 0.408662 0.458492 0.507128 0.386242 0.396704 0.973987 0.920113 0.436611 0.520738 0.591426 0.425864 0.326826 0.363561 0.686936 0.615325 0.766747 0.946995 0.375204 0.617013 0.452144 0.468569 0.410735 0.521044 0.752060 0.772646 0.964015 0.899867 0.904609 0.744466 0.796247 0.806966 0.472212 0.528956 0.531819 0.632264 0.619684 0.638370 0.404344 0.610435 0.281982 0.282514 0.456791 0.501944 0.366028 0.372246 0.379334 0.450233 0.617576 0.668827 0.747109 0.846109 0.546313 0.506227 0.321366 0.564865 0.620272 0.985900
0.878169 0.856735 0.767717 0.825130 0.928471 0.775947 0.567264 0.598328 0.000000 0.478975 0.800686 0.882954 0.747884 0.965588 0.976922 0.959490 0.919931 0.997234 0.845740 0.871806 0.968067 0.888195 0.820585 0.861902 0.770460 0.892044 0.771043 0.947472 0.974739 0.979992 0.767133 0.928780 0.828788 0.702674 0.996327 0.790716 0.857681 0.964208 0.883865 0.886114 0.911695 0.992782 0.694824 0.696456 0.678951 0.643062 0.814714 0.789118 0.638678 0.556903 0.566528 0.556145 0.547160 0.634791 0.964421 0.960658 0.964309 0.867333 0.524510 0.641445 0.728870 0.805614 0.799313 0.804564 0.858522 0.877862 0.805940 0.891511 0.963487 0.811136 0.744515 0.747663 0.858506 0.998744 0.931507 0.983196 0.718802 0.830769 0.754298 0.868856 0.964268 0.854170 0.817959 0.803013 0.708529 0.681121 0.876700 0.749934 0.912814 0.892428 0.612709 0.675741 0.772621 0.665187 0.846359 0.901087 0.799174 0.978942 0.600188 0.597322 0.812524 0.676790 0.623337 0.650234 0.732031 0.735377 0.709153 0.643011 0.830365 0.933331 0.766221 0.826584 0.666068 0.837392 0.650550 0.911910
0.480813 0.418822 0.847626 0.881372 0.983435 0.757644 0.427749 0.357068 0.478975 0.000000 0.474429 0.497304 0.487856 0.713850 0.631072 0.732001 0.494275 0.549541 0.403343 0.411059 0.965690 0.832360 0.501357 0.887329 0.546047 0.683017 0.683904 0.906216 0.467502 0.458651 0.576655 0.601733 0.478684 0.414389 0.861965 0.790695 0.851784 0.999141 0.867229 0.835081 0.972077 0.700664 0.570101 0.536967 0.545157 0.527385 0.648554 0.604015 0.369684 0.441954 0.567403 0.543043 0.611998 0.784292 0.995496 0.900237 0.489580 0.421756 0.325614 0.460147 0.608726 0.826859 0.389838 0.383041 0.577045 0.601109 0.865681 0.976039 0.626426 0.425278 0.490548 0.529694 0.824802 0.740145 0.778964 0.792432 0.481593 0.586343 0.430224 0.546710 0.481271 0.729000 0.973447 0.897971 0.739895 0.502507 0.756937 0.621518 0.888711 0.861048 0.573216 0.508013 0.746893 0.838889 0.742722 0.815983 0.614486 0.706949 0.329905 0.343930 0.637789 0.513178 0.357693 0.400311 0.674857 0.572927 0.696450 0.706753 0.748689 0.869731 0.699404 0.658738 0.407353 0.722688 0.768524 0.921907
0.247828 0.348973 0.700040 0.760519 0.982084 0.791206 0.511964 0.395921 0.800686 0.474429 0.000000 0.317926 0.342998 0.443857 0.528562 0.554699 0.386733 0.379869 0.366078 0.314202 0.952538 0.866787 0.454311 0.922259 0.892813 0.929410 0.884572 0.898908 0.386845 0.361858 0.551421 0.519349 0.456504 0.474889 0.989608 0.887806 0.711006 0.896769 0.893874 0.996181 0.728379 0.742285 0.795336 0.719795 0.756446 0.688522 0.708131 0.683397 0.662587 0.699291 0.834705 0.795899 0.810829 0.942380 0.845150 0.762096 0.423611 0.372454 0.446740 0.449477 0.407846 0.592701 0.343247 0.364379 0.906240 0.961460 0.781322 0.811137 0.353042 0.411003 0.479858 0.481060 0.613587 0.727050 0.667965 0.982343 0.503302 0.568764 0.556647 0.355294 0.324598 0.387664 0.726942 0.678236 0.898876 0.839692 0.934834 0.712878 0.881138 0.806104 0.843068 0.851800 0.851254 0.963771 0.718137 0.774646 0.641991 0.863029 0.536263 0.534304 0.739604 0.679841 0.500900 0.545515 0.564772 0.577247 0.885532 0.953618 0.886138 0.833264 0.830295 0.718118 0.528726 0.782598 0.858939 0.948790
0.224791 0.291458 0.805302 0.911034 0.935296 0.717238 0.601657 0.522171 0.882954 0.497304 0.317926 0.000000 0.276078 0.392090 0.385362 0.360250 0.292063 0.306938 0.376358 0.376247 0.873804 0.863185 0.370044 0.859022 0.914294 0.903751 0.915193 0.984891 0.295935 0.295489 0.589892 0.490586 0.444210 0.427180 0.933127 0.945962 0.757001 0.980377 0.914938 0.967364 0.831299 0.838067 0.789641 0.690786 0.822744 0.690861 0.683835 0.573253 0.680665 0.651932 0.793605 0.739021 0.818834 0.985663 0.853837 0.851492 0.376801 0.299710 0.450489 0.412747 0.336947 0.535498 0.238684 0.261256 0.915758 0.949569 0.872059 0.847832 0.404399 0.351065 0.561854 0.593779 0.529237 0.572489 0.616527 0.811861 0.603944 0.552055 0.487570 0.352642 0.248693 0.338402 0.582120 0.572746 0.736556 0.954501 0.833508 0.890295 0.916729 0.785300 0.985215 0.999546 0.961458 0.724695 0.645650 0.809394 0.737635 0.898017 0.638961 0.582752 0.843650 0.773723 0.601913 0.670662 0.548399 0.569721 0.941820 0.926740 0.980137 0.810238 0.894805 0.726601 0.551982 0.881475 0.824862 0.928299
0.320855 0.506197 0.681042 0.791282 0.960443 0.563865 0.535907 0.563142 0.747884 0.487856 0.342998 0.276078 0.000000 0.353641 0.383941 0.320637 0.542035 0.538153 0.413566 0.482390 0.805886 0.893019 0.369057 0.722511 0.970776 0.999369 0.998435 0.967409 0.471956 0.422221 0.595376 0.517927 0.493631 0.481274 0.932720 0.983891 0.768645 0.984870 0.798857 0.946911 0.829299 0.979660 0.815665 0.722529 0.894401 0.748627 0.696576 0.670672 0.765322 0.672389 0.809930 0.734556 0.791273 0.965715 0.819915 0.808711 0.638233 0.514861 0.505184 0.497613 0.357502 0.634949 0.400890 0.452146 0.975867 0.973258 0.898866 0.921137 0.475310 0.450640 0.611057 0.644265 0.615850 0.670482 0.724497 0.877735 0.631681 0.653898 0.530283 0.378697 0.450221 0.452572 0.745604 0.692990 0.798184 0.968030 0.880358 0.986908 0.835522 0.874550 0.978392 0.961238 0.914646 0.868249 0.720259 0.814897 0.694451 0.971475 0.674532 0.681615 0.870915 0.792147 0.671303 0.717900 0.662182 0.678614 0.997821 0.909643 0.884607 0.778047 0.964518 0.891999 0.617066 0.947512 0.853023 0.981567
0.383750 0.527666 0.638229 0.743671 0.881694 0.695699 0.656861 0.670751 0.965588 0.713850 0.443857 0.392090 0.353641 0.000000 0.327038 0.361889 0.560904 0.517023 0.418070 0.410966 0.748181 0.803617 0.421353 0.610496 0.872950 0.892695 0.987176 0.925818 0.468738 0.434859 0.606074 0.443954 0.539704 0.535589 0.940138 0.979248 0.756975 0.977676 0.637668 0.902622 0.794498 0.858791 0.876557 0.834702 0.981937 0.905428 0.641232 0.688874 0.960603 0.996234 0.906983 0.950601 0.935390 0.707127 0.722423 0.816193 0.648830 0.622081 0.719721 0.745352 0.546853 0.741671 0.578803 0.595950 0.873316 0.898755 0.898064 0.897301 0.411074 0.499513 0.766898 0.807723 0.538185 0.721270 0.677027 0.898144 0.640969 0.700795 0.648545 0.469946 0.439135 0.333452 0.561910 0.545357 0.610055 0.816835 0.928891 0.966721 0.922994 0.749378 0.841612 0.904890 0.833511 0.765646 0.740592 0.796645 0.774697 0.877174 0.860471 0.814740 0.943328 0.890400 0.770830 0.799301 0.745744 0.776625 0.874935 0.821761 0.950146 0.750348 0.956501 0.935985 0.811095 0.954490 0.970823 0.892695
0.412974 0.524011 0.706017 0.806437 0.928810 0.664375 0.628749 0.693776 0.976922 0.631072 0.528562 0.385362 0.383941 0.327038 0.000000 0.381114 0.510141 0.469499 0.405028 0.401690 0.804751 0.785778 0.413779 0.662441 0.950487 0.925912 0.943247 0.897533 0.491826 0.385335 0.513426 0.432451 0.519207 0.497917 0.958432 0.984360 0.835990 0.972310 0.719631 0.961504 0.831598 0.967048 0.779194 0.716136 0.925831 0.834546 0.677266 0.605564 0.872077 0.819078 0.962549 0.899976 0.962774 0.872473 0.906175 0.957833 0.632855 0.580557 0.612847 0.657678 0.565349 0.844896 0.541167 0.553734 0.974018 0.956769 0.891792 0.920829 0.424276 0.525476 0.706786 0.707245 0.525816 0.636379 0.695771 0.808083 0.659355 0.621918 0.469761 0.467236 0.459453 0.444650 0.634520 0.577596 0.791689 0.933641 0.959788 0.981605 0.935259 0.900536 0.927081 0.942043 0.829835 0.788045 0.728962 0.892103 0.738009 0.836849 0.757146 0.711393 0.912051 0.879667 0.724955 0.764460 0.767139 0.781306 0.968026 0.839200 0.979279 0.748685 0.946290 0.912302 0.765271 0.938703 0.985612 0.984004
0.475943 0.569035 0.602951 0.671858 0.928714 0.490410 0.586085 0.707607 0.959490 0.732001 0.554699 0.360250 0.320637 0.361889 0.381114 0.000000 0.551361 0.545867 0.440793 0.520390 0.703093 0.744774 0.348848 0.475474 0.766318 0.773761 0.934981 0.791356 0.571401 0.464785 0.578415 0.464185 0.497102 0.475255 0.980213 0.963364 0.778404 0.954247 0.686540 0.896491 0.941483 0.978127 0.706083 0.637541 0.920271 0.791737 0.652173 0.578709 0.928763 0.760909 0.862438 0.780433 0.859550 0.951525 0.762614 0.922961 0.697075 0.628618 0.663034 0.700505 0.507272 0.713301 0.545093 0.602522 0.804045 0.799125 0.799272 0.818491 0.574085 0.525578 0.666593 0.644375 0.525705 0.528905 0.677053 0.773043 0.692525 0.654356 0.558382 0.429645 0.515799 0.443782 0.703046 0.645784 0.632281 0.728607 0.818057 0.938537 0.961916 0.779239 0.981451 0.971512 0.925309 0.863220 0.764884 0.739434 0.707328 0.855917 0.783060 0.705829 0.956847 0.832717 0.764300 0.827038 0.621993 0.675558 0.990222 0.917242 0.955114 0.706839 0.980953 0.868242 0.701676 0.950425 0.916146 0.956279
0.273156 0.185912 0.801636 0.865309 0.916788 0.923555 0.540130 0.413183 0.919931 0.494275 0.386733 0.292063 0.542035 0.560904 0.510141 0.551361 0.000000 0.179237 0.343641 0.289079 0.945879 0.798681 0.430236 0.953574 0.904998 0.884972 0.881148 0.981351 0.275056 0.247247 0.488180 0.443693 0.373562 0.354367 0.993058 0.867907 0.708603 0.801519 0.977754 0.975059 0.811806 0.630237 0.582470 0.536316 0.576256 0.521979 0.541407 0.450002 0.503909 0.566804 0.676444 0.676370 0.755975 0.941049 0.862726 0.890610 0.206742 0.208858 0.404104 0.449417 0.454264 0.610845 0.226443 0.230916 0.895232 0.927916 0.728888 0.728633 0.412954 0.308555 0.467326 0.484406 0.529733 0.556987 0.642840 0.829022 0.523158 0.488194 0.431538 0.412813 0.216177 0.382279 0.521138 0.584198 0.814243 0.912967 0.786308 0.743470 0.889837 0.847735 0.850653 0.846657 0.880096 0.894688 0.657665 0.765391 0.651833 0.705205 0.493164 0.425855 0.695361 0.653575 0.448661 0.500319 0.506209 0.473617 0.806282 0.938540 0.947840 0.856801 0.755560 0.563929 0.522857 0.661107 0.732286 0.933833
0.251842 0.182694 0.727776 0.812344 0.949621 0.870427 0.504550 0.426946 0.997234 0.549541 0.379869 0.306938 0.538153 0.517023 0.469499 0.545867 0.179237 0.000000 0.321930 0.246022 0.895225 0.785210 0.379434 0.868370 0.990273 0.991261 0.895404 0.986045 0.253171 0.225851 0.447227 0.404214 0.351650 0.309823 0.885117 0.867696 0.638581 0.780055 0.862822 0.977643 0.705606 0.663792 0.564631 0.494155 0.567440 0.526285 0.545640 0.410434 0.557866 0.609165 0.722160 0.725948 0.779318 0.979155 0.795522 0.816952 0.190291 0.204190 0.452398 0.462109 0.454143 0.627657 0.243894 0.237785 0.958795 0.969963 0.673211 0.641085 0.397742 0.341089 0.445892 0.472454 0.492462 0.496824 0.716430 0.778369 0.496198 0.467119 0.440168 0.356579 0.194179 0.306441 0.487483 0.519319 0.743076 0.990428 0.834154 0.808579 0.903132 0.784864 0.834309 0.840595 0.828555 0.930995 0.589744 0.783507 0.640086 0.685893 0.497991 0.447815 0.767333 0.642341 0.460995 0.512598 0.483970 0.507542 0.820250 0.973346 0.963259 0.838099 0.741681 0.554610 0.539858 0.635427 0.789789 0.870415
0.289571 0.318493 0.637980 0.694837 0.962618 0.690717 0.389623 0.380422 0.845740 0.403343 0.366078 0.376358 0.413566 0.418070 0.405028 0.440793 0.343641 0.321930 0.000000 0.226479 0.806509 0.704333 0.327291 0.819380 0.974040 0.967998 0.888183 0.975007 0.296536 0.273210 0.382982 0.341097 0.298050 0.267936 0.996695 0.774734 0.681686 0.825795 0.809782 0.937519 0.873395 0.664130 0.558622 0.517839 0.626112 0.584808 0.514424 0.460041 0.577002 0.605831 0.758312 0.725363 0.827337 0.962429 0.899694 0.859569 0.360632 0.357636 0.397795 0.487593 0.528729 0.803799 0.349257 0.387341 0.876099 0.867939 0.702890 0.822172 0.421799 0.322149 0.456632 0.479018 0.564365 0.558514 0.665025 0.808867 0.488578 0.482042 0.454989 0.378205 0.355132 0.421408 0.709425 0.716154 0.929932 0.880058 0.783648 0.803340 0.944619 0.936551 0.788622 0.716704 0.869088 0.969425 0.782292 0.630007 0.612221 0.698205 0.438481 0.410945 0.656056 0.598324 0.432975 0.443730 0.566958 0.592264 0.839575 0.908017 0.940433 0.851930 0.773506 0.671383 0.471448 0.670896 0.846715 0.961175
0.262424 0.267347 0.647062 0.708036 0.938579 0.779102 0.398812 0.337835 0.871806 0.411059 0.314202 0.376247 0.482390 0.410966 0.401690 0.520390 0.289079 0.246022 0.226479 0.000000 0.892904 0.720636 0.343190 0.842353 0.896866 0.954196 0.765665 0.990390 0.296677 0.222335 0.396143 0.334461 0.317736 0.273640 0.948817 0.801175 0.642402 0.784973 0.797679 0.941521 0.742727 0.632581 0.551966 0.511587 0.613139 0.609561 0.554044 0.465854 0.606566 0.667099 0.807919 0.785639 0.836003 0.923215 0.882222 0.866418 0.290167 0.301235 0.417618 0.508356 0.522713 0.738559 0.342363 0.330454 0.869315 0.885770 0.694841 0.750829 0.390002 0.340445 0.445413 0.469524 0.566269 0.596607 0.688892 0.790440 0.415484 0.492158 0.415306 0.383593 0.282565 0.352985 0.678984 0.673699 0.924648 0.864452 0.786852 0.705813 0.977598 0.863751 0.772451 0.677726 0.807878 0.955270 0.645758 0.737390 0.571681 0.611920 0.420907 0.390710 0.651602 0.592092 0.368895 0.410292 0.521184 0.510996 0.804761 0.869154 0.919346 0.776981 0.730473 0.595071 0.496132 0.617828 0.826019 0.989238
0.868058 0.957671 0.649860 0.660744 0.851312 0.785983 0.788223 0.931859 0.968067 0.965690 0.952538 0.873804 0.805886 0.748181 0.804751 0.703093 0.945879 0.895225 0.806509 0.892904 0.000000 0.846572 0.688617 0.626063 0.600928 0.670016 0.818197 0.816237 0.980151 0.918289 0.765812 0.719905 0.818722 0.793268 0.791877 0.915326 0.823676 0.858574 0.545870 0.880738 0.914979 0.927504 0.900844 0.895310 0.972469 0.944332 0.708494 0.803333 0.870531 0.910978 0.939927 0.921338 0.939020 0.800125 0.906428 0.943640 0.882832 0.983335 0.956937 0.967403 0.852116 0.935666 0.930819 0.986539 0.689206 0.744901 0.748519 0.814589 0.916725 0.905355 0.915584 0.906272 0.777646 0.813690 0.803115 0.814907 0.999838 0.970590 0.937130 0.848133 0.932538 0.791532 0.833873 0.712910 0.744840 0.692703 0.956271 0.930875 0.986778 0.837065 0.891439 0.877717 0.995555 0.969682 0.968072 0.676420 0.864204 0.803677 0.904407 0.980458 0.959082 0.861591 0.945125 0.952952 0.983574 0.957845 0.870538 0.857072 0.972567 0.999155 0.941749 0.830996 0.928197 0.927445 0.889330 0.903235
0.869739 0.823004 0.786269 0.788635 0.979200 0.747904 0.793690 0.856946 0.888195 0.832360 0.866787 0.863185 0.893019 0.803617 0.785778 0.744774 0.798681 0.785210 0.704333 0.720636 0.846572 0.000000 0.789005 0.893625 0.902720 0.880890 0.844381 0.740777 0.841729 0.781899 0.699658 0.723715 0.763792 0.767208 0.857373 0.785824 0.859003 0.656712 0.850053 0.994545 0.867588 0.806519 0.767275 0.785292 0.842152 0.898585 0.924741 0.799947 0.963110 0.914192 0.958538 0.918474 0.918153 0.956857 0.924002 0.891199 0.866399 0.901787 0.869715 0.980347 0.980482 0.863130 0.884860 0.914925 0.949562 0.963622 0.881770 0.957242 0.868695 0.825823 0.774340 0.763237 0.756479 0.748889 0.876060 0.801901 0.881265 0.775460 0.858078 0.772294 0.836092 0.882378 0.977560 0.933338 0.892597 0.972179 0.898919 0.770100 0.882032 0.927127 0.816551 0.851415 0.878015 0.858028 0.939779 0.848849 0.905171 0.764174 0.808290 0.786902 0.895380 0.802585 0.693705 0.634135 0.832356 0.948588 0.978001 0.894323 0.961956 0.858582 0.926194 0.945123 0.870630 0.823122 0.959918 0.880381
0.345041 0.406954 0.430073 0.509671 0.939743 0.600382 0.281667 0.380589 0.820585 0.501357 0.454311 0.370044 0.369057 0.421353 0.413779 0.348848 0.430236 0.379434 0.327291 0.343190 0.688617 0.789005 0.000000 0.540206 0.871715 0.745790 0.929790 0.944649 0.481845 0.347516 0.300802 0.286854 0.255370 0.261048 0.792398 0.780151 0.650987 0.819099 0.670532 0.977178 0.862723 0.755673 0.453307 0.417660 0.566538 0.518186 0.443968 0.406823 0.668800 0.600037 0.651109 0.601628 0.661986 0.871359 0.763444 0.790132 0.449413 0.437547 0.469213 0.495779 0.373878 0.637698 0.374464 0.416595 0.866409 0.873074 0.520679 0.584132 0.571107 0.432605 0.390668 0.378573 0.501794 0.389309 0.693368 0.765006 0.431421 0.550688 0.396786 0.357945 0.365587 0.406854 0.617271 0.634667 0.735740 0.896141 0.924212 0.887094 0.987806 0.843117 0.697639 0.717722 0.746711 0.918306 0.640409 0.667561 0.468728 0.727119 0.471286 0.448752 0.713355 0.653944 0.496607 0.545819 0.436757 0.474774 0.707914 0.884683 0.842911 0.742711 0.735602 0.645357 0.451874 0.783558 0.743981 0.993822
0.891496 0.962948 0.440461 0.468681 0.951300 0.633980 0.683522 0.880509 0.861902 0.887329 0.922259 0.859022 0.722511 0.610496 0.662441 0.475474 0.953574 0.868370 0.819380 0.842353 0.626063 0.893625 0.540206 0.000000 0.468641 0.431170 0.809563 0.841531 0.949029 0.839095 0.678265 0.578183 0.686599 0.753224 0.714036 0.834804 0.811873 0.924203 0.442581 0.844374 0.918286 0.921368 0.787765 0.786744 0.973310 0.962566 0.729048 0.731353 0.791965 0.897302 0.922260 0.941587 0.923234 0.870443 0.827545 0.850052 0.962683 0.942703 0.894962 0.914871 0.822754 0.889079 0.974898 0.924741 0.492570 0.492741 0.644743 0.659583 0.932910 0.949914 0.831850 0.780736 0.679030 0.635885 0.880762 0.938671 0.793532 0.927209 0.822356 0.756659 0.882669 0.664216 0.737968 0.667224 0.561046 0.462465 0.882640 0.730494 0.971151 0.794871 0.956447 0.995552 0.922946 0.928148 0.823024 0.848714 0.696152 0.846567 0.972093 0.962142 0.984861 0.965114 0.949613 0.872672 0.814079 0.875039 0.955543 0.940704 0.929111 0.838923 0.960080 0.964222 0.982626 0.929899 0.979207 0.945910
0.934602 0.836753 0.528503 0.549913 0.974121 0.905423 0.907916 0.896900 0.770460 0.546047 0.892813 0.914294 0.970776 0.872950 0.950487 0.766318 0.904998 0.990273 0.974040 0.896866 0.600928 0.902720 0.871715 0.468641 0.000000 0.297136 0.596843 0.800743 0.816570 0.896029 0.771847 0.799636 0.861485 0.965829 0.522148 0.843006 0.847171 0.729236 0.452452 0.665532 0.987125 0.893000 0.884200 0.880010 0.941431 0.928196 0.762460 0.773741 0.738739 0.871388 0.980914 0.935160 0.949152 0.900722 0.757268 0.883131 0.839557 0.783325 0.817870 0.887578 0.923546 0.855076 0.850091 0.735756 0.302426 0.347180 0.602059 0.593926 0.987664 0.865074 0.935833 0.983307 0.715259 0.753537 0.887509 0.894063 0.973666 0.884443 0.914683 0.902619 0.920920 0.839412 0.733758 0.825205 0.460346 0.291077 0.782937 0.718962 0.992499 0.622087 0.792036 0.668785 0.938468 0.999998 0.901867 0.938410 0.888037 0.866976 0.733468 0.806988 0.905621 0.889064 0.717923 0.705241 0.921400 0.932720 0.878254 0.887566 0.860905 0.960604 0.960259 0.819627 0.790400 0.936860 0.954484 0.907791
0.938518 0.865874 0.388806 0.391952 0.970550 0.707786 0.722450 0.918183 0.892044 0.683017 0.929410 0.903751 0.999369 0.892695 0.925912 0.773761 0.884972 0.991261 0.967998 0.954196 0.670016 0.880890 0.745790 0.431170 0.297136 0.000000 0.648547 0.736869 0.801310 0.905497 0.679500 0.719993 0.768709 0.835884 0.434651 0.775884 0.844034 0.751366 0.465126 0.645888 0.959353 0.966386 0.713150 0.722327 0.818411 0.850157 0.711204 0.757563 0.830932 0.971422 0.900633 0.925083 0.897004 0.954693 0.700583 0.742428 0.852427 0.788860 0.883147 0.905363 0.903828 0.856199 0.864140 0.748418 0.300207 0.311424 0.447684 0.473622 0.959547 0.919367 0.881009 0.790954 0.728521 0.667302 0.963591 0.879860 0.919462 0.938554 0.969891 0.858729 0.982038 0.796002 0.786154 0.879249 0.518278 0.296756 0.836878 0.727617 0.983153 0.661633 0.914776 0.974468 0.786615 0.688285 0.877175 0.866191 0.730407 0.983310 0.910081 0.969623 0.991869 0.947327 0.846295 0.871216 0.733571 0.956684 0.966795 0.973329 0.908089 0.917419 0.963251 0.969235 0.984773 0.959138 0.920378 0.923482
0.908810 0.847852 0.891716 0.805199 0.884118 0.865521 0.874559 0.831731 0.771043 0.683904 0.884572 0.915193 0.998435 0.987176 0.943247 0.934981 0.881148 0.895404 0.888183 0.765665 0.818197 0.844381 0.929790 0.809563 0.596843 0.648547 0.000000 0.710465 0.889890 0.784656 0.868765 0.923070 0.953821 0.857479 0.878202 0.945058 0.879097 0.958330 0.791012 0.804078 0.998623 0.855075 0.908955 0.886623 0.887486 0.954195 0.918449 0.986020 0.979803 0.911555 0.940162 0.890550 0.888967 0.847266 0.787362 0.780846 0.831647 0.821767 0.872443 0.931220 0.931509 0.981655 0.862475 0.789915 0.595299 0.660963 0.917308 0.934365 0.924179 0.950928 0.813420 0.773502 0.902696 0.950823 0.916203 0.860624 0.908013 0.800369 0.900262 0.991228 0.923769 0.867849 0.837875 0.913567 0.527542 0.535232 0.802211 0.588413 0.859160 0.614041 0.780305 0.794312 0.916443 0.979361 0.792633 0.955875 0.830235 0.769232 0.693749 0.788274 0.788671 0.783867 0.630082 0.713881 0.913900 0.760755 0.776711 0.708333 0.789170 0.864160 0.764132 0.815660 0.820462 0.875230 0.942032 0.896821
0.892619 0.955004 0.919137 0.834722 0.896531 0.650225 0.983966 0.918464 0.947472 0.906216 0.898908 0.984891 0.967409 0.925818 0.897533 0.791356 0.981351 0.986045 0.975007 0.990390 0.816237 0.740777 0.944649 0.841531 0.800743 0.736869 0.710465 0.000000 0.956123 0.976219 0.949223 0.907170 0.973387 0.969642 0.840923 0.973225 0.938348 0.988589 0.780078 0.997914 0.902688 0.917089 0.928477 0.926076 0.950019 0.981939 0.932903 0.981570 0.963571 0.996731 0.991903 0.982841 0.995374 0.959377 0.942742 0.921377 0.919146 0.936138 0.941614 0.873170 0.850060 0.815287 0.946028 0.876866 0.923844 0.957042 0.960484 0.971442 0.962940 0.974974 0.997615 0.869230 0.976990 0.873746 0.919146 0.998471 0.967872 0.965906 0.988792 0.925221 0.949694 0.944858 0.979942 0.918935 0.909304 0.800654 0.797096 0.877396 0.830092 0.839921 0.971769 0.970585 0.947466 0.915549 0.792851 0.921654 0.958565 0.970583 0.915141 0.985098 0.858580 0.901936 0.906569 0.976628 0.964063 0.925051 0.800562 0.865844 0.863569 0.826620 0.923156 0.953463 0.962931 0.951896 0.966455 0.942816
0.261991 0.243188 0.896006 0.950536 0.979267 0.907694 0.622861 0.470421 0.974739 0.467502 0.386845 0.295935 0.471956 0.468738 0.491826 0.571401 0.275056 0.253171 0.296536 0.296677 0.980151 0.841729 0.481845 0.949029 0.816570 0.801310 0.889890 0.956123 0.000000 0.221367 0.547162 0.471401 0.458327 0.383292 0.928168 0.991874 0.654030 0.888214 0.996593 0.922564 0.761330 0.661949 0.701804 0.626549 0.706189 0.624920 0.659547 0.543079 0.542542 0.618194 0.771464 0.755667 0.844615 0.995946 0.819634 0.802383 0.285519 0.271623 0.452351 0.472482 0.512045 0.700557 0.262947 0.252395 0.754584 0.772698 0.893732 0.885588 0.353204 0.296656 0.545121 0.635013 0.526594 0.611601 0.734805 0.816475 0.553724 0.494213 0.540235 0.434310 0.252455 0.380159 0.594996 0.615457 0.890564 0.843702 0.741806 0.805543 0.906067 0.863215 0.953817 0.854610 0.983445 0.828040 0.698810 0.769860 0.733007 0.777962 0.544665 0.524921 0.790660 0.613601 0.483243 0.527426 0.646217 0.618117 0.927742 0.997779 0.956742 0.782165 0.753771 0.597979 0.518310 0.655138 0.881509 0.844752
0.274130 0.243340 0.774782 0.863375 0.959449 0.831838 0.518049 0.452741 0.979992 0.458651 0.361858 0.295489 0.422221 0.434859 0.385335 0.464785 0.247247 0.225851 0.273210 0.222335 0.918289 0.781899 0.347516 0.839095 0.896029 0.905497 0.784656 0.976219 0.221367 0.000000 0.401264 0.354248 0.344321 0.302499 0.988358 0.906178 0.634588 0.821811 0.832462 0.960150 0.773560 0.665430 0.575452 0.508002 0.641209 0.588754 0.606688 0.474868 0.599341 0.614571 0.747674 0.708454 0.799663 0.945533 0.861723 0.886033 0.296296 0.275412 0.494532 0.522815 0.473013 0.739859 0.264291 0.257383 0.800382 0.823241 0.808727 0.798475 0.357030 0.313862 0.472030 0.508138 0.428131 0.449458 0.723984 0.746885 0.487590 0.431624 0.408154 0.393860 0.255342 0.365429 0.596241 0.606407 0.924202 0.862840 0.748565 0.735631 0.983361 0.954047 0.878716 0.799988 0.964532 0.849566 0.632076 0.733924 0.600948 0.668802 0.482817 0.446082 0.725414 0.591961 0.418340 0.502881 0.616492 0.510465 0.820728 0.903933 0.877104 0.743739 0.744923 0.570135 0.511925 0.615666 0.843259 0.985996
0.479637 0.499883 0.403297 0.528432 0.912201 0.736002 0.279244 0.391108 0.767133 0.576655 0.551421 0.589892 0.595376 0.606074 0.513426 0.578415 0.488180 0.447227 0.382982 0.396143 0.765812 0.699658 0.300802 0.678265 0.771847 0.679500 0.868765 0.949223 0.547162 0.401264 0.000000 0.296174 0.248987 0.258244 0.659710 0.694915 0.596116 0.682997 0.647727 0.819973 0.878657 0.750465 0.322626 0.297726 0.366372 0.372467 0.395199 0.357879 0.585110 0.557204 0.531798 0.521105 0.572024 0.776667 0.774182 0.789825 0.553901 0.567798 0.503301 0.598051 0.495617 0.737230 0.467998 0.535328 0.868363 0.893899 0.442106 0.522406 0.645195 0.508139 0.425187 0.379469 0.419362 0.368839 0.686668 0.829732 0.431561 0.634229 0.435113 0.434527 0.511536 0.588859 0.623381 0.749780 0.886478 0.928247 0.945053 0.749584 0.967986 0.950617 0.680076 0.726059 0.770274 0.832582 0.685252 0.670284 0.452184 0.731752 0.414529 0.448841 0.689547 0.505043 0.478421 0.505417 0.498689 0.533241 0.634059 0.697206 0.840927 0.823122 0.591518 0.614041 0.462442 0.585314 0.599510 0.937871
0.430630 0.458591 0.482918 0.541671 0.959440 0.727272 0.400472 0.425961 0.928780 0.601733 0.519349 0.490586 0.517927 0.443954 0.432451 0.464185 0.443693 0.404214 0.341097 0.334461 0.719905 0.723715 0.286854 0.578183 0.799636 0.719993 0.923070 0.907170 0.471401 0.354248 0.296174 0.000000 0.307301 0.344832 0.755107 0.762557 0.563347 0.835614 0.652012 0.905856 0.902636 0.689506 0.499384 0.487669 0.591738 0.613459 0.480239 0.483383 0.725701 0.781459 0.815032 0.803532 0.876379 0.939689 0.799563 0.833075 0.512909 0.532985 0.590475 0.681776 0.560868 0.788297 0.479001 0.543824 0.894488 0.907530 0.596518 0.671709 0.551374 0.470162 0.522205 0.494945 0.452570 0.450636 0.690157 0.900157 0.536891 0.635191 0.460249 0.509597 0.443042 0.446292 0.654462 0.689732 0.816211 0.883384 0.888768 0.902550 0.934768 0.892335 0.838111 0.822209 0.873702 0.939475 0.748103 0.695046 0.505345 0.714771 0.558583 0.543950 0.745824 0.627772 0.532684 0.530847 0.556251 0.593154 0.862501 0.862625 0.919025 0.714596 0.737763 0.640567 0.541356 0.673572 0.764714 0.951266
0.362725 0.355569 0.429658 0.538705 0.952768 0.676364 0.256007 0.315388 0.828788 0.478684 0.456504 0.444210 0.493631 0.539704 0.519207 0.497102 0.373562 0.351650 0.298050 0.317736 0.818722 0.763792 0.255370 0.686599 0.861485 0.768709 0.953821 0.973387 0.458327 0.344321 0.248987 0.307301 0.000000 0.216097 0.745285 0.634521 0.610429 0.687967 0.710030 0.911102 0.898988 0.685593 0.328192 0.308999 0.370285 0.360103 0.329733 0.319728 0.506295 0.492523 0.518514 0.502614 0.580751 0.806451 0.703962 0.671447 0.417090 0.407829 0.423481 0.469505 0.400428 0.597202 0.348161 0.413844 0.850623 0.868075 0.428789 0.494424 0.570231 0.394674 0.376244 0.373271 0.456296 0.366843 0.685063 0.789252 0.401448 0.580187 0.401744 0.380961 0.357526 0.438258 0.616816 0.729913 0.757244 0.916319 0.859196 0.772376 0.941162 0.833731 0.631923 0.654157 0.670605 0.826102 0.681408 0.658468 0.440038 0.653177 0.356177 0.356776 0.599188 0.498127 0.452741 0.468507 0.371084 0.447494 0.690055 0.710210 0.898829 0.795373 0.627320 0.596563 0.388187 0.621940 0.612772 0.931787
0.343898 0.314182 0.483546 0.586011 0.908822 0.653138 0.243724 0.296452 0.702674 0.414389 0.474889 0.427180 0.481274 0.535589 0.497917 0.475255 0.354367 0.309823 0.267936 0.273640 0.793268 0.767208 0.261048 0.753224 0.965829 0.835884 0.857479 0.969642 0.383292 0.302499 0.258244 0.344832 0.216097 0.000000 0.772339 0.717959 0.575660 0.745620 0.731543 0.919238 0.821133 0.704405 0.322558 0.273690 0.396842 0.362592 0.377664 0.294991 0.473930 0.431209 0.505259 0.502397 0.579705 0.793860 0.716588 0.713759 0.373138 0.365185 0.361646 0.445869 0.425148 0.644867 0.323073 0.365215 0.944400 0.966021 0.486149 0.527740 0.565847 0.339077 0.394670 0.381636 0.531592 0.426681 0.740086 0.739221 0.402156 0.518495 0.384753 0.343432 0.346786 0.440995 0.615982 0.658676 0.821436 0.974707 0.765589 0.791540 0.903215 0.879742 0.629164 0.598824 0.707724 0.812871 0.569814 0.652256 0.503413 0.640890 0.340732 0.318793 0.662623 0.476125 0.384695 0.429111 0.400938 0.417747 0.684774 0.715227 0.890880 0.786682 0.650710 0.538673 0.387758 0.570116 0.652082 0.977541
0.961861 0.976396 0.503196 0.492380 0.991144 0.857423 0.630346 0.763982 0.996327 0.861965 0.989608 0.933127 0.932720 0.940138 0.958432 0.980213 0.993058 0.885117 0.996695 0.948817 0.791877 0.857373 0.792398 0.714036 0.522148 0.434651 0.878202 0.840923 0.928168 0.988358 0.659710 0.755107 0.745285 0.772339 0.000000 0.667343 0.714205 0.668783 0.580386 0.803054 0.919919 0.995362 0.617033 0.651651 0.612220 0.696415 0.731926 0.652106 0.994088 0.841521 0.768296 0.780891 0.794815 0.834121 0.773340 0.764562 0.929858 0.960886 0.953698 0.871678 0.800867 0.706063 0.958075 0.988967 0.537580 0.505058 0.413738 0.364045 0.959501 0.931099 0.721354 0.667117 0.801546 0.705705 0.946785 0.967652 0.810264 0.903726 0.929470 0.851146 0.926113 0.856486 0.869747 0.906431 0.738339 0.620060 0.831439 0.954797 0.951331 0.703556 0.678216 0.901480 0.629733 0.578093 0.772498 0.855758 0.658160 0.895792 0.793532 0.803051 0.792047 0.837065 0.959543 0.873857 0.612918 0.728922 0.800163 0.759087 0.854716 0.970992 0.754524 0.741538 0.872531 0.818554 0.858853 0.862742
0.934759 0.825305 0.581441 0.523281 0.936355 0.896918 0.541815 0.600458 0.790716 0.790695 0.887806 0.945962 0.983891 0.979248 0.984360 0.963364 0.867907 0.867696 0.774734 0.801175 0.915326 0.785824 0.780151 0.834804 0.843006 0.775884 0.945058 0.973225 0.991874 0.906178 0.694915 0.762557 0.634521 0.717959 0.667343 0.000000 0.744866 0.553023 0.840192 0.947784 0.979063 0.855773 0.551917 0.611191 0.514443 0.641845 0.603122 0.697214 0.768720 0.722158 0.717797 0.733994 0.740755 0.826133 0.848443 0.879511 0.823458 0.841465 0.779862 0.829532 0.884741 0.806894 0.895415 0.911581 0.774950 0.730700 0.423553 0.531794 0.960329 0.847167 0.538235 0.627397 0.923209 0.812193 0.891917 0.809409 0.602919 0.747784 0.804167 0.936885 0.851024 0.911905 0.963012 0.996845 0.975944 0.897819 0.941103 0.849818 0.934523 0.892137 0.521300 0.608579 0.477417 0.520563 0.888778 0.673494 0.629449 0.582483 0.568117 0.497784 0.616925 0.610273 0.767714 0.645711 0.663758 0.701876 0.816352 0.577992 0.856437 0.990547 0.701479 0.667299 0.635904 0.664533 0.675309 0.782938
0.616277 0.650020 0.624893 0.621538 0.789008 0.954672 0.625660 0.632534 0.857681 0.851784 0.711006 0.757001 0.768645 0.756975 0.835990 0.778404 0.708603 0.638581 0.681686 0.642402 0.823676 0.859003 0.650987 0.811873 0.847171 0.844034 0.879097 0.938348 0.654030 0.634588 0.596116 0.563347 0.610429 0.575660 0.714205 0.744866 0.000000 0.709887 0.642105 0.861864 0.778334 0.850855 0.688846 0.621882 0.668587 0.659566 0.573364 0.559399 0.839409 0.761197 0.771714 0.798694 0.841299 0.912670 0.775300 0.780678 0.688536 0.718357 0.709698 0.690318 0.640302 0.688206 0.702764 0.724002 0.818695 0.814226 0.628140 0.613497 0.747842 0.654869 0.645349 0.739329 0.737524 0.649119 0.911897 0.993416 0.624847 0.682816 0.759993 0.724008 0.714713 0.684534 0.831455 0.869146 0.875774 0.860626 0.905014 0.863690 0.920400 0.798124 0.913239 0.862845 0.871459 0.883428 0.783674 0.669960 0.704899 0.836340 0.676826 0.679888 0.935292 0.723655 0.607667 0.709319 0.656611 0.677082 0.942151 0.793845 0.998017 0.777099 0.676173 0.643185 0.721887 0.799413 0.756436 0.837596
0.829495 0.791943 0.647279 0.682162 0.982050 0.993386 0.714829 0.799338 0.964208 0.999141 0.896769 0.980377 0.984870 0.977676 0.972310 0.954247 0.801519 0.780055 0.825795 0.784973 0.858574 0.656712 0.819099 0.924203 0.729236 0.751366 0.958330 0.988589 0.888214 0.821811 0.682997 0.835614 0.687967 0.745620 0.668783 0.553023 0.709887 0.000000 0.676615 0.900253 0.975061 0.877389 0.657871 0.649639 0.619620 0.683999 0.666514 0.642479 0.884878 0.721282 0.704459 0.711658 0.703431 0.799082 0.846956 0.817709 0.768236 0.822745 0.829687 0.791008 0.797707 0.817148 0.835858 0.865135 0.768860 0.742557 0.543057 0.564798 0.857316 0.817363 0.611242 0.663918 0.700016 0.709754 0.867208 0.946038 0.789790 0.778032 0.859255 0.852164 0.804959 0.830352 0.866908 0.997767 0.912865 0.836227 0.892242 0.751072 0.916863 0.900046 0.830606 0.836821 0.751024 0.779232 0.869923 0.695364 0.695805 0.761546 0.763610 0.695855 0.731759 0.714324 0.726729 0.745634 0.717060 0.754699 0.830250 0.757644 0.978954 0.924973 0.727597 0.757718 0.810628 0.654316 0.812132 0.867819
