0.000000 0.617865 0.810210 0.896577 0.908321 0.890675 0.887453 0.863016 0.836749 0.814240 0.680232 0.838145 0.901112 0.858120 0.979237 0.976988 0.796712 0.596623 0.888120 0.815498 0.990989 0.952358 0.955422 0.985958 0.971808 0.973300 0.914609 0.788879 0.819102 0.844518 0.940428 0.837923 0.821999 0.764099 0.934567 0.857118 0.908552 0.885824 0.909956 0.863677 0.848263 0.714427 0.757512 0.736904 0.714938 0.640414 0.764581 0.663327 0.682770 0.699488 0.638189 0.612354 0.697867 0.875414 0.860636 0.691566 0.597257 0.659894 0.683052 0.663105 0.829208 0.998667 0.640120 0.607640 0.900438 0.925000 0.807615 0.813160 0.808929 0.760752 0.995119 0.896894 0.975523 0.952778 0.890162 0.967837 0.960136 0.918373 0.696551 0.936883 0.541352 0.689991 0.808904 0.658985 0.909535 0.906524 0.972554 0.945577 0.925085 0.814241 0.872614 0.803457 0.937410 0.798021 0.946380 0.989512 0.911586 0.850507 0.811924 0.962357 0.993026 0.970267 0.783851 0.775060 0.925163 0.921034 0.908451 0.795160 0.916322 0.944656 0.951526 0.973145 0.920589 0.855560 0.875357 0.970677
0.617865 0.000000 0.804455 0.983861 0.866329 0.995394 0.813920 0.879342 0.687628 0.604919 0.931917 0.814480 0.949811 0.902018 0.995191 0.973676 0.789344 0.643294 0.937486 0.950904 0.907896 0.951846 0.900708 0.960985 0.798956 0.775035 0.951929 0.679360 0.967009 0.967401 0.982035 0.999265 0.848727 0.822541 0.832623 0.791737 0.975634 0.996640 0.927211 0.694474 0.770153 0.735217 0.678149 0.663350 0.749850 0.638975 0.591224 0.667606 0.777322 0.721194 0.638965 0.572649 0.756353 0.938193 0.723844 0.711620 0.499449 0.496548 0.616319 0.647548 0.958436 0.849697 0.619467 0.618610 0.985133 0.928860 0.725924 0.693757 0.812237 0.739496 0.948802 0.805021 0.992263 0.939729 0.886843 0.956639 0.982328 0.817025 0.801848 0.779564 0.590496 0.622702 0.747543 0.601971 0.822418 0.684090 0.940942 0.906219 0.947665 0.728604 0.876014 0.793274 0.949096 0.816404 0.932457 0.979683 0.940422 0.983953 0.986528 0.951697 0.952965 0.920754 0.886186 0.902117 0.879506 0.892596 0.979681 0.903159 0.963256 0.933586 0.942265 0.949506 0.959340 0.856932 0.750854 0.945690
0.810210 0.804455 0.000000 0.642032 0.869546 0.967398 0.598936 0.694772 0.704255 0.755730 0.992695 0.852967 0.675987 0.734280 0.770908 0.707721 0.834568 0.845365 0.790151 0.895468 0.807298 0.892668 0.657363 0.653529 0.806454 0.933447 0.918406 0.844061 0.876799 0.929550 0.769219 0.859285 0.821946 0.923968 0.965758 0.963712 0.967284 0.958480 0.837232 0.900990 0.925155 0.975476 0.984462 0.978966 0.953753 0.847669 0.965287 0.982101 0.810053 0.862957 0.772688 0.806745 0.969242 0.992320 0.869540 0.774942 0.852995 0.657387 0.670551 0.707660 0.792516 0.643844 0.701285 0.768426 0.621584 0.831147 0.899974 0.836479 0.894765 0.793598 0.875326 0.814650 0.932326 0.861674 0.961812 0.798613 0.973537 0.974270 0.976475 0.966544 0.775801 0.947996 0.973093 0.902249 0.834261 0.888733 0.906098 0.919477 0.708252 0.894843 0.926592 0.742542 0.979513 0.709307 0.997463 0.857967 0.961667 0.979449 0.947271 0.809993 0.967500 0.928667 0.798626 0.810554 0.977302 0.938036 0.889260 0.968221 0.994212 0.954552 0.882608 0.933661 0.902011 0.852572 0.973335 0.994613
0.896577 0.983861 0.642032 0.000000 0.937932 0.975538 0.803542 0.510609 0.935928 0.894925 0.958115 0.953435 0.989953 0.911667 0.807926 0.985794 0.937017 0.917324 0.946314 0.971385 0.902865 0.930605 0.979302 0.843995 0.817166 0.868585 0.980526 0.981164 0.812357 0.897497 0.999501 0.895301 0.925933 0.990863 0.914364 0.942370 0.966478 0.971800 0.751530 0.908029 0.967139 0.980524 0.961023 0.983635 0.721049 0.791663 0.992347 0.952290 0.738666 0.866293 0.763236 0.847321 0.877592 0.854712 0.903599 0.861885 0.998986 0.872060 0.900170 0.964892 0.937972 0.887546 0.810887 0.806559 0.907901 0.768973 0.992910 0.945916 0.938045 0.945889 0.926216 0.894317 0.947743 0.939167 0.873755 0.880390 0.960567 0.974675 0.993258 0.906599 0.860225 0.936441 0.806002 0.932996 0.946993 0.926819 0.947668 0.955364 0.839920 0.901303 0.997893 0.841206 0.962025 0.795827 0.913118 0.983454 0.972187 0.893516 0.753572 0.951887 0.985891 0.946951 0.901449 0.850266 0.922388 0.912604 0.907499 0.979836 0.863017 0.922633 0.992277 0.741748 0.969960 0.975916 0.989204 0.890768
0.908321 0.866329 0.869546 0.937932 0.000000 0.929511 0.747911 0.952914 0.739257 0.837960 0.982146 0.905889 0.682996 0.798127 0.739210 0.674329 0.969346 0.939602 0.825944 0.987469 0.801375 0.986854 0.645272 0.678159 0.979459 0.821827 0.918153 0.867201 0.940712 0.997774 0.999719 0.958544 0.917087 0.944135 0.917510 0.987383 0.869373 0.967429 0.903993 0.813119 0.934999 0.807144 0.971190 0.811369 0.942989 0.877990 0.919436 0.930616 0.908446 0.879443 0.885660 0.963431 0.999460 0.927006 0.914949 0.981784 0.772817 0.798485 0.858558 0.790789 0.731449 0.803209 0.880559 0.969544 0.653032 0.840324 0.954040 0.846638 0.836826 0.748928 0.871233 0.987335 0.990651 0.963658 0.957170 0.889114 0.908869 0.965098 0.962268 0.940438 0.768433 0.934064 0.833812 0.855443 0.624905 0.868537 0.768953 0.797524 0.903087 0.922247 0.732637 0.692436 0.937469 0.686625 0.881300 0.970764 0.862807 0.757581 0.859822 0.706396 0.900632 0.844963 0.838166 0.891436 0.911535 0.975176 0.971792 0.842714 0.989162 0.806677 0.860904 0.951957 0.928897 0.978855 0.973527 0.842453
0.890675 0.995394 0.967398 0.975538 0.929511 0.000000 0.986863 0.955085 0.910145 0.902148 0.968071 0.962747 0.934976 0.965265 0.922160 0.895991 0.880885 0.868625 0.913443 0.869228 0.869539 0.892866 0.958771 0.879435 0.703971 0.696024 0.982460 0.754470 0.929458 0.861109 0.986412 0.905971 0.861559 0.841009 0.719306 0.898356 0.940790 0.986753 0.881739 0.863045 0.768107 0.968074 0.891663 0.782526 0.856047 0.767155 0.966746 0.777489 0.700582 0.669342 0.867021 0.902784 0.863072 0.777324 0.942077 0.974625 0.833909 0.964433 0.930036 0.892677 0.813590 0.953098 0.891430 0.909790 0.758438 0.657717 0.683726 0.718959 0.743655 0.772542 0.966840 0.883062 0.902461 0.879397 0.872187 0.984763 0.973244 0.905748 0.924150 0.975141 0.923268 0.928440 0.886697 0.971721 0.810454 0.680955 0.869899 0.935274 0.972864 0.979687 0.711255 0.901723 0.686054 0.881267 0.879918 0.874726 0.976935 0.978426 0.978642 0.946579 0.896128 0.948245 0.884595 0.866726 0.871991 0.840238 0.734698 0.872085 0.945037 0.943381 0.973179 0.899547 0.882812 0.960793 0.888550 0.838923
0.887453 0.813920 0.598936 0.803542 0.747911 0.986863 0.000000 0.583022 0.658184 0.543539 0.852198 0.930129 0.544766 0.786263 0.679149 0.710004 0.978989 0.979387 0.499675 0.767466 0.680341 0.912299 0.554199 0.759219 0.965919 0.635652 0.939747 0.806405 0.731008 0.671535 0.796128 0.666730 0.754172 0.878143 0.848860 0.905239 0.803200 0.855468 0.860260 0.686887 0.912555 0.913001 0.828685 0.797855 0.887080 0.770624 0.730003 0.911400 0.791744 0.873957 0.666683 0.737972 0.945977 0.904378 0.876530 0.779333 0.763853 0.671225 0.692096 0.767809 0.689934 0.756751 0.873064 0.934285 0.744223 0.943057 0.868329 0.678797 0.784449 0.703623 0.853033 0.721098 0.779265 0.826012 0.841559 0.889795 0.985688 0.979911 0.865726 0.928238 0.896441 0.964060 0.909524 0.848160 0.775758 0.908247 0.970309 0.775711 0.756106 0.997960 0.672123 0.601539 0.843956 0.661305 0.996736 0.992699 0.949486 0.814559 0.883326 0.732007 0.992198 0.716701 0.820596 0.798908 0.962643 0.889868 0.858233 0.971670 0.942176 0.940595 0.918456 0.999950 0.959139 0.874762 0.839734 0.877975
0.863016 0.879342 0.694772 0.510609 0.952914 0.955085 0.583022 0.000000 0.868390 0.643844 0.868153 0.910307 0.921248 0.991347 0.867118 0.976474 0.944930 0.998894 0.740374 0.861842 0.735718 0.963591 0.976308 0.943444 0.978596 0.895067 0.892279 0.846434 0.957045 0.832213 0.994241 0.733482 0.955217 0.887302 0.755462 0.942790 0.903221 0.902929 0.950973 0.871406 0.971635 0.984267 0.742939 0.830860 0.600957 0.662663 0.784867 0.893873 0.669834 0.830851 0.650373 0.704821 0.851913 0.757880 0.953487 0.832771 0.886397 0.767577 0.859288 0.986591 0.955044 0.850352 0.937146 0.940066 0.947977 0.959679 0.938330 0.889609 0.951335 0.814746 0.933694 0.704310 0.866310 0.940685 0.759184 0.989482 0.962791 0.992524 0.889082 0.891306 0.933181 0.960595 0.667690 0.786141 0.869273 0.831103 0.804552 0.993064 0.906524 0.988071 0.833162 0.810278 0.878076 0.793026 0.985886 0.945442 0.916605 0.969686 0.868151 0.993407 0.894207 0.899203 0.985920 0.808383 0.908510 0.981547 0.877287 0.986601 0.944971 0.998475 0.878552 0.807263 0.853648 0.929348 0.850337 0.895009
0.836749 0.687628 0.704255 0.935928 0.739257 0.910145 0.658184 0.868390 0.000000 0.478406 0.912502 0.998095 0.645287 0.792407 0.670267 0.597536 0.905123 0.777352 0.600936 0.878837 0.859140 0.914557 0.565675 0.685514 0.864551 0.718585 0.864824 0.729462 0.816878 0.751340 0.687891 0.846926 0.980820 0.975728 0.936079 0.865475 0.873018 0.910035 0.792727 0.697923 0.786943 0.875209 0.965625 0.953199 0.898486 0.970603 0.756059 0.846018 0.930499 0.919182 0.850210 0.905710 0.828029 0.702110 0.774681 0.814563 0.682851 0.625420 0.663638 0.691961 0.919616 0.717498 0.702065 0.787118 0.757002 0.821036 0.737798 0.593327 0.790774 0.808496 0.769615 0.834985 0.890908 0.973695 0.821635 0.936569 0.895831 0.998066 0.936140 0.942500 0.813095 0.807453 0.983010 0.734372 0.870281 0.801515 0.912998 0.815485 0.881187 0.933899 0.808060 0.587697 0.873817 0.693852 0.954193 0.952829 0.857428 0.856658 0.840521 0.738483 0.867739 0.736465 0.907218 0.993814 0.810730 0.897409 0.916795 0.969958 0.991497 0.858073 0.956098 0.882335 0.899842 0.951003 0.877720 0.910998
0.814240 0.604919 0.755730 0.894925 0.837960 0.902148 0.543539 0.643844 0.478406 0.000000 0.834814 0.939484 0.736562 0.942885 0.794445 0.765629 0.981516 0.862738 0.563392 0.818353 0.763579 0.992984 0.680253 0.880058 0.781327 0.629640 0.954804 0.676817 0.765186 0.641049 0.771947 0.764273 0.984765 0.964925 0.733938 0.801188 0.840851 0.911349 0.782295 0.624487 0.823354 0.830305 0.749992 0.804895 0.849186 0.781287 0.572214 0.757723 0.933314 0.945101 0.661038 0.705192 0.988310 0.927435 0.825884 0.761090 0.633318 0.568728 0.641446 0.738170 0.953738 0.818873 0.743085 0.820001 0.948039 0.731020 0.685953 0.541036 0.810849 0.748956 0.774374 0.717507 0.753791 0.938380 0.995573 0.984046 0.893675 0.967212 0.877476 0.936551 0.828973 0.806701 0.824184 0.674277 0.941721 0.612799 0.938565 0.880552 0.860764 0.939744 0.758144 0.562788 0.970621 0.646671 0.932317 0.995619 0.915019 0.860356 0.944142 0.840619 0.927218 0.763611 0.933263 0.875664 0.802663 0.820833 0.951226 0.948171 0.986813 0.918698 0.919722 0.993838 0.955853 0.953586 0.735417 0.966445
0.680232 0.931917 0.992695 0.958115 0.982146 0.968071 0.852198 0.868153 0.912502 0.834814 0.000000 0.759735 0.750667 0.827870 0.866686 0.881637 0.771147 0.654724 0.728307 0.749131 0.994132 0.983776 0.934909 0.942277 0.988860 0.905284 0.930706 0.973042 0.674773 0.637004 0.761144 0.792241 0.657664 0.715482 0.885492 0.974015 0.934907 0.934812 0.847589 0.973694 0.978107 0.779810 0.978895 0.894085 0.924879 0.917684 0.890121 0.928543 0.895280 0.885986 0.880507 0.884311 0.804770 0.948756 0.994051 0.770918 0.891756 0.921667 0.896781 0.830312 0.774179 0.774996 0.808126 0.650607 0.937926 0.874916 0.856745 0.998116 0.941773 0.948607 0.858243 0.912741 0.976178 0.970662 0.991784 0.949749 0.969288 0.970914 0.853453 0.926546 0.775582 0.699437 0.998504 0.830301 0.990020 0.920156 0.887378 0.945810 0.894677 0.857332 0.979287 0.906115 0.987242 0.871127 0.897471 0.984231 0.902607 0.912832 0.854453 0.926342 0.884519 0.889724 0.856257 0.916859 0.958318 0.978915 0.960550 0.995819 0.880994 0.922634 0.992271 0.937084 0.999672 0.882368 0.971418 0.935021
0.838145 0.814480 0.852967 0.953435 0.905889 0.962747 0.930129 0.910307 0.998095 0.939484 0.759735 0.000000 0.778054 0.638536 0.928617 0.799511 0.855425 0.831142 0.927850 0.856659 0.822613 0.981024 0.926415 0.800029 0.813846 0.887321 0.915515 0.971913 0.819226 0.978132 0.913516 0.964408 0.652004 0.765669 0.797926 0.825352 0.956434 0.938694 0.983565 0.902938 0.981043 0.909724 0.926202 0.891611 0.896704 0.939783 0.874911 0.957157 0.990244 0.909422 0.809660 0.806569 0.861400 0.914272 0.891900 0.723003 0.874449 0.982853 0.827876 0.928886 0.721232 0.642338 0.851430 0.775085 0.906261 0.782980 0.701168 0.795278 0.992851 0.992925 0.904179 0.944084 0.936675 0.845341 0.915631 0.831058 0.999801 0.940561 0.907284 0.911028 0.981779 0.747019 0.885318 0.838865 0.863173 0.823823 0.948727 0.845126 0.956620 0.755683 0.941551 0.914847 0.889155 0.953658 0.974116 0.964730 0.785151 0.999089 0.896249 0.867523 0.829781 0.901342 0.829505 0.951217 0.967143 0.869627 0.940846 0.990120 0.950223 0.955634 0.907739 0.982819 0.838381 0.952422 0.899629 0.954770
0.901112 0.949811 0.675987 0.989953 0.682996 0.934976 0.544766 0.921248 0.645287 0.736562 0.750667 0.778054 0.000000 0.575484 0.464642 0.454675 0.964425 0.866013 0.515534 0.696302 0.821198 0.952853 0.450718 0.574672 0.911191 0.778708 0.957348 0.905452 0.690843 0.693561 0.720053 0.741699 0.632415 0.792797 0.929019 0.975385 0.895191 0.975946 0.918929 0.861385 0.951084 0.969613 0.879834 0.927217 0.759801 0.936803 0.998870 0.994325 0.947264 0.963030 0.980034 0.945363 0.795521 0.863137 0.849961 0.989680 0.933073 0.816234 0.811335 0.752776 0.555579 0.679917 0.905073 0.968225 0.550972 0.955429 0.978011 0.807910 0.869449 0.814374 0.786370 0.913418 0.838657 0.772215 0.999707 0.834161 0.840654 0.840783 0.927409 0.978930 0.901113 0.957479 0.834924 0.970707 0.592767 0.883814 0.852406 0.704245 0.736346 0.849589 0.783165 0.703257 0.924444 0.778165 0.955207 0.960760 0.908939 0.831767 0.763882 0.603699 0.985478 0.707590 0.882076 0.981612 0.872120 0.971152 0.954597 0.983823 0.947983 0.907821 0.963116 0.890686 0.902623 0.968097 0.905917 0.992571
0.858120 0.902018 0.734280 0.911667 0.798127 0.965265 0.786263 0.991347 0.792407 0.942885 0.827870 0.638536 0.575484 0.000000 0.609678 0.563530 0.870766 0.978892 0.725745 0.723221 0.836843 0.823955 0.552812 0.535095 0.832269 0.962203 0.870494 0.985462 0.773919 0.894385 0.821628 0.818111 0.685324 0.853915 0.751329 0.831023 0.890775 0.901546 0.989499 0.916411 0.910361 0.986924 0.803300 0.825679 0.744069 0.814894 0.961406 0.826639 0.844740 0.768683 0.907445 0.738155 0.780039 0.735981 0.998070 0.953355 0.918022 0.952401 0.968690 0.989307 0.741686 0.665487 0.903717 0.991255 0.591164 0.851517 0.923240 0.970423 0.961964 0.962497 0.986023 0.916425 0.991697 0.811206 0.872730 0.719623 0.840937 0.852619 0.890198 0.939900 0.909885 0.924566 0.705295 0.817050 0.609074 0.734735 0.895694 0.709656 0.767570 0.660931 0.985874 0.926261 0.992506 0.940792 0.976533 0.959202 0.957408 0.821930 0.946289 0.704621 0.965445 0.922898 0.986636 0.957567 0.834938 0.925974 0.913090 0.987794 0.975252 0.925043 0.871895 0.966092 0.983966 0.962533 0.870765 0.874449
0.979237 0.995191 0.770908 0.807926 0.739210 0.922160 0.679149 0.867118 0.670267 0.794445 0.866686 0.928617 0.464642 0.609678 0.000000 0.464964 0.952558 0.915485 0.642445 0.811175 0.889245 0.937515 0.411378 0.640780 0.930156 0.817894 0.835955 0.977864 0.623104 0.715120 0.718129 0.802094 0.662277 0.890348 0.891157 0.955653 0.884890 0.926351 0.830017 0.840883 0.909289 0.961143 0.847233 0.905110 0.681238 0.839496 0.980202 0.976528 0.821467 0.848278 0.989793 0.892067 0.782960 0.762751 0.941109 0.908385 0.923337 0.909266 0.807387 0.772490 0.733046 0.833690 0.877756 0.997154 0.535600 0.886726 0.886136 0.711387 0.770391 0.844470 0.934087 0.964141 0.810459 0.853332 0.856299 0.878069 0.867882 0.855075 0.938224 0.987452 0.945269 0.971295 0.708763 0.935634 0.569096 0.867707 0.770467 0.671541 0.841400 0.846731 0.888798 0.718010 0.962514 0.813392 0.943075 0.998020 0.832480 0.722171 0.813282 0.637835 0.876492 0.834182 0.861480 0.950804 0.921703 0.928419 0.969435 0.997524 0.973424 0.939709 0.997441 0.801131 0.885918 0.980669 0.915648 0.993416
0.976988 0.973676 0.707721 0.985794 0.674329 0.895991 0.710004 0.976474 0.597536 0.765629 0.881637 0.799511 0.454675 0.563530 0.464964 0.000000 0.982367 0.944875 0.670663 0.758807 0.901245 0.962042 0.447330 0.508772 0.834406 0.902896 0.784867 0.977173 0.697534 0.796142 0.719061 0.848316 0.738578 0.941537 0.888991 0.996882 0.985411 0.932414 0.943287 0.883709 0.958826 0.958344 0.832404 0.887345 0.774260 0.912698 0.966611 0.962848 0.905843 0.939685 0.953241 0.948267 0.782712 0.773294 0.868501 0.972021 0.935495 0.848335 0.757650 0.683821 0.774791 0.760330 0.833102 0.933902 0.484254 0.966525 0.881826 0.745494 0.790482 0.826169 0.847924 0.959246 0.890506 0.815406 0.880744 0.785606 0.851781 0.891090 0.897406 0.995799 0.852897 0.950769 0.696541 0.939529 0.565053 0.818632 0.863902 0.651835 0.825653 0.739716 0.859423 0.654897 0.974784 0.687098 0.921021 0.945052 0.819253 0.700085 0.861071 0.656053 0.921270 0.837584 0.812265 0.923747 0.920694 0.934769 0.903927 0.974575 0.998570 0.934107 0.895858 0.856645 0.851555 0.949740 0.861222 0.874931
0.796712 0.789344 0.834568 0.937017 0.969346 0.880885 0.978989 0.944930 0.905123 0.981516 0.771147 0.855425 0.964425 0.870766 0.952558 0.982367 0.000000 0.597022 0.913094 0.923895 0.951801 0.953840 0.854332 0.805752 0.940520 0.992154 0.852522 0.922525 0.876119 0.721186 0.934273 0.929281 0.876359 0.740203 0.981004 0.953098 0.972822 0.992462 0.896707 0.933499 0.918334 0.919389 0.932178 0.933996 0.985747 0.955913 0.956301 0.906977 0.944830 0.986551 0.927636 0.983232 0.976526 0.893762 0.954380 0.762281 0.845284 0.775189 0.872993 0.956562 0.884465 0.920341 0.626098 0.665923 0.816392 0.935870 0.885910 0.886458 0.933603 0.941140 0.870842 0.898844 0.996346 0.977216 0.905181 0.953998 0.952934 0.974615 0.842715 0.845770 0.702791 0.760313 0.979890 0.904048 0.907399 0.947138 0.877229 0.928006 0.982346 0.960319 0.857187 0.993874 0.952098 0.907661 0.988167 0.985704 0.845164 0.895569 0.935529 0.937083 0.997647 0.922830 0.857125 0.851110 0.963015 0.964920 0.977940 0.963909 0.986682 0.977296 0.908288 0.905708 0.953815 0.975739 0.973224 0.996610
0.596623 0.643294 0.845365 0.917324 0.939602 0.868625 0.979387 0.998894 0.777352 0.862738 0.654724 0.831142 0.866013 0.978892 0.915485 0.944875 0.597022 0.000000 0.891901 0.817313 0.988209 0.963159 0.982332 0.933312 0.847246 0.978831 0.903083 0.752195 0.810886 0.749184 0.860695 0.926785 0.730741 0.761899 0.981415 0.884116 0.916357 0.975401 0.931724 0.820997 0.850940 0.777564 0.958795 0.846306 0.913949 0.860686 0.819285 0.862201 0.931764 0.938475 0.829815 0.839292 0.914314 0.895970 0.805337 0.743553 0.645159 0.622800 0.802236 0.797633 0.803062 0.893535 0.578407 0.533270 0.942333 0.932626 0.810955 0.845083 0.866323 0.922869 0.959500 0.986643 0.878174 0.915693 0.959574 0.906288 0.904645 0.882420 0.744524 0.825826 0.609981 0.535894 0.826140 0.659194 0.889575 0.842194 0.977843 0.857745 0.956511 0.884791 0.969951 0.925783 0.911583 0.932680 0.983436 0.943336 0.874490 0.918454 0.906814 0.979338 0.949673 0.926432 0.905484 0.925027 0.893245 0.907672 0.891585 0.924328 0.888038 0.976236 0.998938 0.964205 0.993345 0.854780 0.856545 0.996589
0.888120 0.937486 0.790151 0.946314 0.825944 0.913443 0.499675 0.740374 0.600936 0.563392 0.728307 0.927850 0.515534 0.725745 0.642445 0.670663 0.913094 0.891901 0.000000 0.656461 0.767241 0.919706 0.558813 0.774160 0.833246 0.624090 0.985261 0.808180 0.674908 0.586141 0.726713 0.690623 0.774213 0.734643 0.848414 0.987028 0.767458 0.914166 0.738662 0.716612 0.935678 0.981809 0.976592 0.985991 0.927217 0.999365 0.784823 0.990997 0.943126 0.872328 0.881748 0.996495 0.809030 0.898494 0.869609 0.889389 0.910126 0.816368 0.859427 0.929489 0.687327 0.784747 0.964778 0.934026 0.817269 0.818239 0.909155 0.714097 0.950549 0.824286 0.785639 0.871145 0.793079 0.871035 0.929766 0.973787 0.846804 0.968793 0.995289 0.968909 0.959756 0.963775 0.952818 0.926066 0.772617 0.886665 0.984492 0.683982 0.784312 0.921096 0.724707 0.641253 0.891295 0.756609 0.967989 0.905896 0.991072 0.837041 0.854822 0.721896 0.998979 0.733331 0.937930 0.914178 0.925895 0.918963 0.884807 0.809255 0.961116 0.936723 0.977439 0.879917 0.896508 0.931853 0.950218 0.933269
0.815498 0.950904 0.895468 0.971385 0.987469 0.869228 0.767466 0.861842 0.878837 0.818353 0.749131 0.856659 0.696302 0.723221 0.811175 0.758807 0.923895 0.817313 0.656461 0.000000 0.783491 0.876605 0.775181 0.852238 0.980238 0.855932 0.989897 0.904100 0.759726 0.675917 0.868294 0.754992 0.840023 0.818705 0.862411 0.913701 0.871789 0.885514 0.894142 0.909043 0.949259 0.999165 0.962952 0.847332 0.967397 0.910526 0.916750 0.957843 0.917789 0.899150 0.999449 0.976255 0.953601 0.950700 0.998973 0.841804 0.874441 0.968860 0.982350 0.964270 0.844607 0.895185 0.987333 0.958208 0.910168 0.910054 0.927110 0.827969 0.991117 0.985896 0.836373 0.866727 0.922526 0.804115 0.845811 0.996031 0.842076 0.997641 0.810442 0.966539 0.901111 0.852611 0.896726 0.833084 0.894545 0.957626 0.988955 0.756990 0.802211 0.803367 0.977285 0.920747 0.996450 0.920699 0.938537 0.891744 0.990130 0.990849 0.870457 0.846808 0.990551 0.870480 0.967540 0.972611 0.976420 0.978994 0.925250 0.860608 0.950772 0.946582 0.992623 0.939202 0.992945 0.946799 0.992947 0.974924
0.990989 0.907896 0.807298 0.902865 0.801375 0.869539 0.680341 0.735718 0.859140 0.763579 0.994132 0.822613 0.821198 0.836843 0.889245 0.901245 0.951801 0.988209 0.767241 0.783491 0.000000 0.917958 0.757791 0.916192 0.899579 0.823729 0.937756 0.882456 0.890291 0.848677 0.980017 0.740467 0.923624 0.968597 0.951636 0.999493 0.844821 0.824889 0.869548 0.743672 0.946091 0.863044 0.864391 0.914648 0.910775 0.867398 0.875614 0.956778 0.928153 0.974086 0.864659 0.939590 0.968300 0.951367 0.993447 0.950574 0.868430 0.777739 0.907340 0.968659 0.818740 0.791524 0.912908 0.976141 0.912760 0.988021 0.903254 0.820358 0.917276 0.791699 0.934520 0.884328 0.744971 0.803045 0.916300 0.994953 0.955664 0.992748 0.908184 0.939309 0.896420 0.988835 0.995307 0.882656 0.867898 0.942699 0.988676 0.887639 0.988579 0.936566 0.868696 0.790286 0.990208 0.809746 0.951378 0.877087 0.969223 0.937949 0.914180 0.893926 0.927025 0.753520 0.998187 0.796779 0.962562 0.992210 0.905007 0.928804 0.957558 0.894566 0.998133 0.970454 0.953412 0.992463 0.834987 0.868263
0.952358 0.951846 0.892668 0.930605 0.986854 0.892866 0.912299 0.963591 0.914557 0.992984 0.983776 0.981024 0.952853 0.823955 0.937515 0.962042 0.953840 0.963159 0.919706 0.876605 0.917958 0.000000 0.949929 0.920453 0.950572 0.989963 0.998437 0.957437 0.991759 0.954351 0.943044 0.908135 0.952292 0.989054 0.933015 0.929697 0.882442 0.883297 0.970299 0.978270 0.964809 0.937014 0.967178 0.954807 0.887290 0.946306 0.943500 0.972821 0.923509 0.982920 0.890089 0.959088 0.802191 0.920729 0.956360 0.947393 0.984007 0.986034 0.980193 0.979577 0.923443 0.875875 0.987830 0.907327 0.917153 0.998404 0.977733 0.961787 0.929274 0.983321 0.979008 0.912673 0.986554 0.978187 0.956187 0.901113 0.903879 0.985643 0.944299 0.818250 0.919285 0.888774 0.975003 0.947402 0.924782 0.991428 0.895198 0.961977 0.890137 0.933843 0.980094 0.944741 0.933314 0.903381 0.880389 0.793433 0.978795 0.903599 0.862942 0.928209 0.985028 0.839014 0.973310 0.878593 0.864987 0.873372 0.999170 0.989857 0.865406 0.958031 0.963113 0.935872 0.930303 0.907178 0.955059 0.985656
0.955422 0.900708 0.657363 0.979302 0.645272 0.958771 0.554199 0.976308 0.565675 0.680253 0.934909 0.926415 0.450718 0.552812 0.411378 0.447330 0.854332 0.982332 0.558813 0.775181 0.757791 0.949929 0.000000 0.519517 0.930354 0.716817 0.798731 0.932815 0.716390 0.757244 0.738250 0.775277 0.715680 0.971162 0.906703 0.985468 0.843800 0.942436 0.845786 0.713695 0.917805 0.922408 0.914844 0.987821 0.771400 0.947287 0.902562 0.979171 0.892452 0.878148 0.904088 0.924862 0.791635 0.746173 0.856241 0.857352 0.853415 0.826244 0.786299 0.777709 0.700302 0.746096 0.822369 0.928425 0.475661 0.964901 0.840400 0.674918 0.788826 0.827052 0.925054 0.999425 0.785805 0.819308 0.892571 0.865734 0.851442 0.870346 0.988439 0.958421 0.863658 0.949093 0.708231 0.999518 0.503375 0.848938 0.805135 0.611290 0.805718 0.802413 0.807122 0.601405 0.993003 0.698370 0.967749 0.941891 0.849997 0.730417 0.851550 0.602662 0.920917 0.759828 0.796894 0.890622 0.919051 0.935047 0.997724 0.963704 0.985317 0.956997 0.974916 0.868607 0.870012 0.957712 0.951699 0.974774
0.985958 0.960985 0.653529 0.843995 0.678159 0.879435 0.759219 0.943444 0.685514 0.880058 0.942277 0.800029 0.574672 0.535095 0.640780 0.508772 0.805752 0.933312 0.774160 0.852238 0.916192 0.920453 0.519517 0.000000 0.715099 0.933492 0.780686 0.960825 0.926404 0.984928 0.857990 0.935621 0.828230 0.966628 0.832178 0.959978 0.863805 0.836013 0.933164 0.947479 0.926043 0.979665 0.917946 0.988110 0.896204 0.957829 0.996505 0.962335 0.945241 0.997518 0.942291 0.903264 0.889873 0.844414 0.883189 0.957717 0.929239 0.898156 0.891012 0.854021 0.760598 0.688263 0.860092 0.925215 0.484601 0.765413 0.995976 0.911035 0.836979 0.886038 0.909463 0.930689 0.993415 0.911822 0.884650 0.845852 0.974196 0.818627 0.902528 0.918680 0.795280 0.973747 0.777609 0.950438 0.548854 0.666789 0.795232 0.692699 0.750655 0.741283 0.914379 0.808913 0.954182 0.777417 0.940714 0.864731 0.875121 0.881041 0.995951 0.702326 0.969137 0.935722 0.723225 0.863320 0.840118 0.849267 0.999300 0.956585 0.927563 0.965925 0.916753 0.975931 0.919591 0.968420 0.843060 0.858116
0.971808 0.798956 0.806454 0.817166 0.979459 0.703971 0.965919 0.978596 0.864551 0.781327 0.988860 0.813846 0.911191 0.832269 0.930156 0.834406 0.940520 0.847246 0.833246 0.980238 0.899579 0.950572 0.930354 0.715099 0.000000 0.674906 0.794383 0.793568 0.966994 0.794823 0.960969 0.819088 0.789112 0.900465 0.734503 0.834731 0.893501 0.794718 0.679123 0.749894 0.850585 0.876389 0.910254 0.971619 0.966778 0.965696 0.740280 0.967012 0.838506 0.821505 0.991677 0.925619 0.941315 0.852696 0.896236 0.951149 0.868842 0.866190 0.928801 0.972769 0.878279 0.859546 0.915676 0.886003 0.659219 0.610914 0.762752 0.697749 0.964674 0.942054 0.914574 0.890017 0.858074 0.959793 0.933826 0.983314 0.956618 0.778064 0.979394 0.948800 0.980119 0.845646 0.865712 0.727980 0.764778 0.544588 0.714725 0.979956 0.864341 0.842722 0.933340 0.898372 0.915611 0.968293 0.974219 0.911062 0.984754 0.995891 0.899741 0.937376 0.836452 0.873929 0.844808 0.799346 0.767504 0.790016 0.913372 0.807990 0.997791 0.864152 0.981257 0.921862 0.922281 0.856092 0.812431 0.848179
0.973300 0.775035 0.933447 0.868585 0.821827 0.696024 0.635652 0.895067 0.718585 0.629640 0.905284 0.887321 0.778708 0.962203 0.817894 0.902896 0.992154 0.978831 0.624090 0.855932 0.823729 0.989963 0.716817 0.933492 0.674906 0.000000 0.968659 0.665454 0.850267 0.634920 0.909341 0.863589 0.997916 0.878070 0.732476 0.862179 0.795976 0.906138 0.688391 0.633301 0.873267 0.936198 0.813673 0.890214 0.950991 0.965401 0.705210 0.991667 0.932779 0.897600 0.870037 0.863874 0.942455 0.934289 0.837042 0.835265 0.868545 0.783113 0.766303 0.913732 0.913836 0.991274 0.966874 0.955440 0.940233 0.611543 0.649122 0.546151 0.967993 0.979666 0.913311 0.845263 0.761851 0.939110 0.944252 0.995871 0.978772 0.888335 0.933132 0.903772 0.949497 0.885959 0.907184 0.857085 0.962816 0.667749 0.962134 0.775775 0.932161 0.855735 0.841031 0.792406 0.924225 0.914278 0.836289 0.934930 0.927873 0.824932 0.890009 0.847606 0.949818 0.747206 0.915296 0.985336 0.857184 0.792230 0.850227 0.872084 0.988696 0.951911 0.971716 0.978924 0.973837 0.888743 0.852000 0.811734
0.914609 0.951929 0.918406 0.980526 0.918153 0.982460 0.939747 0.892279 0.864824 0.954804 0.930706 0.915515 0.957348 0.870494 0.835955 0.784867 0.852522 0.903083 0.985261 0.989897 0.937756 0.998437 0.798731 0.780686 0.794383 0.968659 0.000000 0.930123 0.946548 0.920092 0.902013 0.875670 0.979242 0.907828 0.982285 0.827483 0.983896 0.839062 0.887927 0.974705 0.999786 0.997998 0.999373 0.982774 0.981785 0.993393 0.999709 0.998111 0.988352 0.962643 0.927424 0.979809 0.952910 0.875264 0.938136 0.892935 0.896653 0.918615 0.893867 0.854751 0.931176 0.960564 0.823943 0.793460 0.721153 0.905202 0.859301 0.893401 0.971819 0.993260 0.976981 0.920439 0.964526 0.952013 0.973569 0.969613 0.853777 0.998265 0.967829 0.924359 0.902977 0.906696 0.811256 0.996694 0.839469 0.842594 0.834338 0.926800 0.908862 0.910662 0.967681 0.857752 0.947393 0.912327 0.994614 0.905166 0.992147 0.968596 0.962362 0.864438 0.924335 0.935594 0.787147 0.838834 0.975901 0.910535 0.841689 0.965053 0.942664 0.989767 0.946665 0.918252 0.951357 0.915947 0.788407 0.810145
0.788879 0.679360 0.844061 0.981164 0.867201 0.754470 0.806405 0.846434 0.729462 0.676817 0.973042 0.971913 0.905452 0.985462 0.977864 0.977173 0.922525 0.752195 0.808180 0.904100 0.882456 0.957437 0.932815 0.960825 0.793568 0.665454 0.930123 0.000000 0.965874 0.839170 0.962561 0.984917 0.829271 0.965500 0.748663 0.872865 0.930640 0.998688 0.891596 0.776919 0.855825 0.869916 0.808925 0.847722 0.861079 0.865342 0.790546 0.876156 0.893023 0.939243 0.796539 0.761092 0.896103 0.957511 0.803172 0.860000 0.747800 0.637022 0.769392 0.857487 0.959328 0.878200 0.805286 0.728784 0.898540 0.845234 0.759327 0.713412 0.982735 0.928453 0.798961 0.741823 0.873502 0.997506 0.868153 0.947214 0.987165 0.897286 0.836265 0.901152 0.754491 0.818248 0.803129 0.755352 0.831036 0.696384 0.973832 0.984895 0.845684 0.833614 0.898613 0.807849 0.960722 0.942792 0.987479 0.989264 0.980844 0.934277 0.974532 0.917554 0.981278 0.932158 0.909974 0.938557 0.780783 0.879750 0.878995 0.971765 0.945027 0.911273 0.999168 0.944025 0.936515 0.890808 0.895767 0.951626
0.819102 0.967009 0.876799 0.812357 0.940712 0.929458 0.731008 0.957045 0.816878 0.765186 0.674773 0.819226 0.690843 0.773919 0.623104 0.697534 0.876119 0.810886 0.674908 0.759726 0.890291 0.991759 0.716390 0.926404 0.966994 0.850267 0.946548 0.965874 0.000000 0.566120 0.705099 0.750436 0.664271 0.774023 0.915178 0.949089 0.924242 0.929938 0.788113 0.781116 0.934868 0.797080 0.982479 0.948422 0.886054 0.885356 0.820310 0.988198 0.845711 0.862348 0.953954 0.986036 0.819834 0.924460 0.926090 0.929061 0.985554 0.898743 0.839082 0.892779 0.867131 0.934133 0.946843 0.885242 0.899897 0.739629 0.896095 0.751829 0.871921 0.869770 0.981572 0.861231 0.769549 0.874261 0.976372 0.913911 0.999704 0.933535 0.921983 0.976815 0.825546 0.939181 0.850087 0.955230 0.883051 0.880452 0.908476 0.843249 0.956731 0.840437 0.943431 0.888870 0.980862 0.831369 0.941479 0.930695 0.949743 0.728128 0.778573 0.887256 0.974536 0.897969 0.987324 0.965878 0.862504 0.779124 0.984397 0.873078 0.745669 0.835392 0.986808 0.896973 0.982654 0.919810 0.979835 0.898327
0.844518 0.967401 0.929550 0.897497 0.997774 0.861109 0.671535 0.832213 0.751340 0.641049 0.637004 0.978132 0.693561 0.894385 0.715120 0.796142 0.721186 0.749184 0.586141 0.675917 0.848677 0.954351 0.757244 0.984928 0.794823 0.634920 0.920092 0.839170 0.566120 0.000000 0.689132 0.627213 0.784240 0.789615 0.763194 0.966716 0.891552 0.905726 0.691131 0.725173 0.964347 0.827851 0.973529 0.879769 0.885159 0.889509 0.824298 0.989657 0.876714 0.827843 0.967417 0.968546 0.841514 0.895240 0.927484 0.997877 0.992056 0.920266 0.903785 0.997345 0.870549 0.998993 0.908440 0.870066 0.912406 0.614537 0.845488 0.709576 0.968381 0.993238 0.808766 0.775392 0.686370 0.792087 0.996679 0.912372 0.893911 0.971767 0.839653 0.904252 0.837711 0.923576 0.994833 0.957947 0.980206 0.729261 0.870168 0.816741 0.895353 0.985824 0.831521 0.851901 0.954593 0.947965 0.923704 0.965848 0.997711 0.912721 0.718767 0.801376 0.955082 0.704364 0.863913 0.862963 0.891208 0.863735 0.958773 0.885846 0.900023 0.990697 0.887515 0.886527 0.990971 0.999458 0.950256 0.887601
0.940428 0.982035 0.769219 0.999501 0.999719 0.986412 0.796128 0.994241 0.687891 0.771947 0.761144 0.913516 0.720053 0.821628 0.718129 0.719061 0.934273 0.860695 0.726713 0.868294 0.980017 0.943044 0.738250 0.857990 0.960969 0.909341 0.902013 0.962561 0.705099 0.689132 0.000000 0.834638 0.716339 0.785706 0.995556 0.909364 0.873039 0.921894 0.960019 0.987998 0.962676 0.910250 0.876887 0.851648 0.777633 0.827482 0.938359 0.971312 0.837107 0.804830 0.912451 0.915118 0.805850 0.825837 0.975619 0.959907 0.972663 0.932213 0.827689 0.888296 0.948641 0.893663 0.955461 0.988914 0.867960 0.799213 0.983022 0.837276 0.937467 0.944285 0.872072 0.998457 0.905581 0.931210 0.848195 0.938964 0.747258 0.945607 0.897890 0.833656 0.904482 0.974045 0.897607 0.984567 0.907893 0.948478 0.971154 0.891239 0.829575 0.822121 0.998640 0.877213 0.914139 0.829936 0.994870 0.951098 0.969887 0.977039 0.863605 0.785750 0.976299 0.881036 0.947644 0.970785 0.962326 0.959688 0.905643 0.962617 0.863542 0.959533 0.977910 0.998318 0.967269 0.961563 0.901227 0.931060
0.837923 0.999265 0.859285 0.895301 0.958544 0.905971 0.666730 0.733482 0.846926 0.764273 0.792241 0.964408 0.741699 0.818111 0.802094 0.848316 0.929281 0.926785 0.690623 0.754992 0.740467 0.908135 0.775277 0.935621 0.819088 0.863589 0.875670 0.984917 0.750436 0.627213 0.834638 0.000000 0.743790 0.856592 0.955662 0.939743 0.886027 0.891293 0.916868 0.813185 0.936736 0.914704 0.916371 0.881319 0.919967 0.921286 0.915039 0.905290 0.923083 0.790067 0.984866 0.949967 0.829412 0.924114 0.951988 0.977728 0.971552 0.873353 0.981544 0.915660 0.896655 0.956846 0.984777 0.987298 0.984348 0.817666 0.949667 0.836510 0.845679 0.961068 0.963001 0.854299 0.772735 0.811673 0.930579 0.865682 0.927593 0.912187 0.890481 0.871443 0.955231 0.958673 0.942737 0.880791 0.956518 0.847055 0.809465 0.936493 0.937369 0.957027 0.873653 0.858059 0.965047 0.933555 0.971828 0.907496 0.964680 0.986889 0.799434 0.738518 0.901536 0.828499 0.811577 0.919959 0.964037 0.947291 0.916812 0.917994 0.987792 0.984699 0.850197 0.997901 0.919301 0.945549 0.971602 0.855241
0.821999 0.848727 0.821946 0.925933 0.917087 0.861559 0.754172 0.955217 0.980820 0.984765 0.657664 0.652004 0.632415 0.685324 0.662277 0.738578 0.876359 0.730741 0.774213 0.840023 0.923624 0.952292 0.715680 0.828230 0.789112 0.997916 0.979242 0.829271 0.664271 0.784240 0.716339 0.743790 0.000000 0.682669 0.780826 0.825038 0.984998 0.928277 0.907347 0.955338 0.930008 0.858609 0.841133 0.858098 0.759090 0.844680 0.915730 0.894420 0.921885 0.872113 0.833045 0.797837 0.803437 0.931367 0.950665 0.831119 0.879925 0.936777 0.905202 0.926551 0.625126 0.734014 0.826363 0.725191 0.749894 0.933604 0.759354 0.908141 0.901749 0.944990 0.940771 0.993096 0.904363 0.913695 0.989934 0.874813 0.987832 0.857861 0.941096 0.833122 0.855849 0.829282 0.867179 0.811842 0.731824 0.825753 0.987464 0.814701 0.947032 0.793423 0.899620 0.945591 0.852171 0.939066 0.937113 0.991550 0.821221 0.972936 0.811876 0.707583 0.774291 0.863711 0.866293 0.988648 0.852022 0.847715 0.984638 0.956565 0.984241 0.996693 0.865131 0.971323 0.918913 0.989908 0.840841 0.937063
0.764099 0.822541 0.923968 0.990863 0.944135 0.841009 0.878143 0.887302 0.975728 0.964925 0.715482 0.765669 0.792797 0.853915 0.890348 0.941537 0.740203 0.761899 0.734643 0.818705 0.968597 0.989054 0.971162 0.966628 0.900465 0.878070 0.907828 0.965500 0.774023 0.789615 0.785706 0.856592 0.682669 0.000000 0.834146 0.817275 0.962693 0.975032 0.943508 0.971167 0.884175 0.826727 0.866090 0.862935 0.887912 0.886553 0.880929 0.912815 0.979207 0.956852 0.867975 0.863353 0.846257 0.999003 0.857508 0.861205 0.917508 0.969203 0.867906 0.859088 0.701496 0.787779 0.806564 0.786014 0.979629 0.889516 0.713960 0.789925 0.983685 0.866955 0.829061 0.868349 0.993058 0.896767 0.895541 0.935583 0.873528 0.800009 0.956372 0.702803 0.826891 0.862297 0.953274 0.958112 0.959875 0.924169 0.954512 0.972960 0.906873 0.896429 0.819156 0.964016 0.763778 0.959656 0.975589 0.958053 0.901507 0.905293 0.803987 0.870448 0.807663 0.847028 0.817258 0.976621 0.985600 0.846628 0.946657 0.925376 0.930329 0.989083 0.797320 0.818044 0.978955 0.862599 0.917246 0.958862
0.934567 0.832623 0.965758 0.914364 0.917510 0.719306 0.848860 0.755462 0.936079 0.733938 0.885492 0.797926 0.929019 0.751329 0.891157 0.888991 0.981004 0.981415 0.848414 0.862411 0.951636 0.933015 0.906703 0.832178 0.734503 0.732476 0.982285 0.748663 0.915178 0.763194 0.995556 0.955662 0.780826 0.834146 0.000000 0.797151 0.828495 0.943384 0.762796 0.901672 0.919180 0.991018 0.691320 0.829043 0.698776 0.778492 0.703698 0.840266 0.877322 0.869291 0.710479 0.654649 0.812389 0.802856 0.876839 0.823729 0.942223 0.837828 0.768207 0.907248 0.816235 0.863004 0.887388 0.882927 0.751496 0.691224 0.629801 0.634379 0.937526 0.933600 0.898544 0.822957 0.885724 0.998945 0.808118 0.855578 0.939592 0.728600 0.915495 0.845455 0.966467 0.972620 0.850480 0.981053 0.759714 0.643819 0.904929 0.986533 0.961820 0.856689 0.968616 0.850050 0.887228 0.886437 0.927374 0.957851 0.998172 0.939946 0.869053 0.851588 0.983460 0.946400 0.906130 0.913789 0.830279 0.800825 0.884004 0.964310 0.855802 0.998988 0.947119 0.935126 0.898859 0.839778 0.796087 0.892528
0.857118 0.791737 0.963712 0.942370 0.987383 0.898356 0.905239 0.942790 0.865475 0.801188 0.974015 0.825352 0.975385 0.831023 0.955653 0.996882 0.953098 0.884116 0.987028 0.913701 0.999493 0.929697 0.985468 0.959978 0.834731 0.862179 0.827483 0.872865 0.949089 0.966716 0.909364 0.939743 0.825038 0.817275 0.797151 0.000000 0.870173 0.919405 0.871850 0.884444 0.869190 0.879169 0.886375 0.911384 0.905049 0.946640 0.837080 0.883517 0.992774 0.935742 0.846559 0.783885 0.898990 0.994329 0.898044 0.847251 0.874661 0.874844 0.737409 0.797550 0.859243 0.929164 0.836520 0.886924 0.930305 0.786746 0.706874 0.691601 0.991224 0.967684 0.951029 0.803064 0.927127 0.959618 0.910708 0.962302 0.885210 0.976831 0.910489 0.830311 0.986905 0.903007 0.775629 0.864729 0.887235 0.768442 0.978429 0.972391 0.931270 0.948062 0.912508 0.932977 0.785118 0.961996 0.999302 0.926555 0.790768 0.904738 0.936928 0.934581 0.851116 0.956721 0.883287 0.876466 0.801728 0.761899 0.958383 0.971098 0.887859 0.898949 0.946139 0.915962 0.956782 0.947718 0.672108 0.969379
0.908552 0.975634 0.967284 0.966478 0.869373 0.940790 0.803200 0.903221 0.873018 0.840851 0.934907 0.956434 0.895191 0.890775 0.884890 0.985411 0.972822 0.916357 0.767458 0.871789 0.844821 0.882442 0.843800 0.863805 0.893501 0.795976 0.983896 0.930640 0.924242 0.891552 0.873039 0.886027 0.984998 0.962693 0.828495 0.870173 0.000000 0.950351 0.718060 0.810691 0.935586 0.965248 0.825795 0.841120 0.917435 0.893651 0.801829 0.903022 0.927789 0.961754 0.867044 0.974132 0.990467 0.986843 0.865694 0.946652 0.891778 0.900344 0.994068 0.964123 0.849161 0.914578 0.987888 0.954407 0.912412 0.972871 0.896310 0.832400 0.891158 0.920855 0.998006 0.981339 0.934249 0.947020 0.942933 0.922503 0.832122 0.972212 0.864850 0.861089 0.908193 0.946167 0.963640 0.986994 0.864710 0.978243 0.939156 0.844920 0.943416 0.968817 0.891807 0.898083 0.990862 0.981958 0.867534 0.968707 0.966994 0.892735 0.937375 0.996911 0.944498 0.917253 0.910833 0.958679 0.882876 0.958879 0.902622 0.976722 0.968690 0.928989 0.969486 0.925243 0.992899 0.914580 0.837381 0.899659
0.885824 0.996640 0.958480 0.971800 0.967429 0.986753 0.855468 0.902929 0.910035 0.911349 0.934812 0.938694 0.975946 0.901546 0.926351 0.932414 0.992462 0.975401 0.914166 0.885514 0.824889 0.883297 0.942436 0.836013 0.794718 0.906138 0.839062 0.998688 0.929938 0.905726 0.921894 0.891293 0.928277 0.975032 0.943384 0.919405 0.950351 0.000000 0.869235 0.734784 0.923721 0.953293 0.904872 0.927481 0.948443 0.900219 0.859164 0.967848 0.975978 0.967624 0.876278 0.906680 0.970499 0.931415 0.978486 0.893173 0.892586 0.973649 0.990666 0.977120 0.967713 0.950089 0.986599 0.961202 0.916591 0.870075 0.917950 0.919633 0.863076 0.810555 0.895486 0.992255 0.891808 0.962869 0.990883 0.897492 0.921924 0.848907 0.962845 0.877951 0.996362 0.960073 0.872250 0.803980 0.978438 0.873224 0.911796 0.912508 0.724393 0.825384 0.820439 0.906422 0.893439 0.981605 0.955819 0.934365 0.948511 0.867841 0.934598 0.999662 0.833024 0.905475 0.966548 0.914489 0.779910 0.854250 0.969580 0.998556 0.956097 0.915200 0.949778 0.917032 0.985875 0.971605 0.982380 0.868934
