0.000000 0.331729 0.688585 0.662144 0.797806 0.602071 0.390534 0.358695 0.549081 0.567274 0.371292 0.278062 0.320119 0.458739 0.600982 0.644226 0.406740 0.404657 0.419956 0.406250 0.978908 0.851873 0.793989 0.978872 0.824509 0.999216 0.839743 0.871585 0.432272 0.494396 0.870752 0.943863 0.373598 0.328933 0.653328 0.968202 0.820821 0.954912 0.815731 0.983986 0.821679 0.781684 0.622454 0.604708 0.586293 0.577823 0.534681 0.576582 0.883714 0.815369 0.667133 0.598928 0.810588 0.907594 0.757809 0.710129 0.408550 0.372583 0.247279 0.295628 0.257047 0.292532 0.388282 0.360515 0.732544 0.589305 0.482620 0.503668 0.552306 0.643796 0.613844 0.712418 0.844717 0.810989 0.909617 0.847501 0.591892 0.801528 0.605156 0.811316 0.362272 0.582317 0.851096 0.708171 0.604555 0.761637 0.959840 0.819977 0.561779 0.639016 0.671845 0.732633 0.706321 0.743755 0.780836 0.799024 0.550927 0.685003 0.434425 0.419254 0.625039 0.677423 0.503548 0.579291 0.469382 0.517652 0.793891 0.583603 0.651001 0.692079 0.685995 0.646032 0.637586 0.861456 0.639164 0.952161
0.331729 0.000000 0.683424 0.591804 0.898622 0.682735 0.476544 0.368606 0.715168 0.705574 0.618376 0.422973 0.553616 0.572658 0.779835 0.704266 0.470649 0.487906 0.397464 0.322373 0.944749 0.874557 0.787879 0.822975 0.997502 0.839676 0.938634 0.881460 0.548821 0.656359 0.783902 0.842911 0.406877 0.367830 0.741420 0.867972 0.833426 0.997437 0.974779 0.912526 0.761557 0.898611 0.475739 0.485520 0.518370 0.493177 0.455495 0.492157 0.748149 0.697428 0.557107 0.545953 0.825383 0.915444 0.673099 0.758383 0.302680 0.257007 0.387746 0.362724 0.454177 0.325925 0.622221 0.577365 0.701952 0.503129 0.493714 0.457742 0.493458 0.518074 0.660733 0.746609 0.667193 0.679259 0.746030 0.768139 0.662732 0.734362 0.646606 0.705143 0.457108 0.498769 0.747939 0.693405 0.596514 0.619962 0.951488 0.961992 0.649566 0.666247 0.728954 0.840793 0.770426 0.891614 0.674941 0.887476 0.514349 0.715583 0.486302 0.438656 0.727836 0.747669 0.582363 0.691794 0.488621 0.544200 0.951052 0.639603 0.649677 0.691461 0.614964 0.548571 0.650238 0.763347 0.560357 0.989294
0.688585 0.683424 0.000000 0.198770 0.815610 0.853111 0.361005 0.498896 0.606838 0.992797 0.974303 0.832493 0.610367 0.676389 0.579738 0.462214 0.969612 0.969097 0.525543 0.618852 0.547669 0.839893 0.300742 0.408950 0.392042 0.301197 0.815307 0.842028 0.982066 0.959492 0.369929 0.554302 0.485942 0.456552 0.487410 0.741879 0.453904 0.650007 0.834628 0.771068 0.912478 0.986798 0.440447 0.568646 0.765114 0.843679 0.473257 0.441258 0.800404 0.932505 0.723995 0.671226 0.786595 0.677834 0.700598 0.818214 0.988190 0.920343 0.679738 0.774921 0.583902 0.646120 0.992746 0.960259 0.212205 0.343406 0.349717 0.394527 0.722523 0.901102 0.465336 0.432059 0.628091 0.670802 0.829769 0.967112 0.580938 0.497531 0.878464 0.726849 0.849191 0.752617 0.786606 0.951453 0.373180 0.366086 0.904369 0.891146 0.628501 0.642953 0.555586 0.635058 0.578895 0.584623 0.591326 0.832048 0.644784 0.939186 0.709736 0.650599 0.814973 0.838229 0.855774 0.938933 0.582047 0.487014 0.737787 0.789994 0.770309 0.888228 0.725843 0.859854 0.833832 0.889391 0.766644 0.899998
0.662144 0.591804 0.198770 0.000000 0.900040 0.775787 0.342235 0.438749 0.648210 0.980684 0.966883 0.742421 0.638036 0.632612 0.617479 0.487662 0.990926 0.939922 0.488461 0.534275 0.534350 0.870771 0.332984 0.378395 0.433750 0.315443 0.827731 0.842406 0.970111 0.974800 0.428424 0.567718 0.482977 0.437555 0.497156 0.715732 0.540210 0.683724 0.815319 0.765324 0.871988 0.934645 0.399120 0.498278 0.749977 0.818748 0.422664 0.392162 0.814391 0.915628 0.690345 0.645409 0.776795 0.676019 0.759794 0.822915 0.906623 0.864744 0.632717 0.681712 0.579510 0.569315 0.983554 0.948206 0.215654 0.253692 0.301572 0.309459 0.744456 0.855325 0.421215 0.400809 0.585041 0.660206 0.744440 0.935166 0.566893 0.494405 0.892442 0.672939 0.856268 0.774224 0.794084 0.965852 0.380549 0.354067 0.825132 0.928040 0.632530 0.649469 0.498598 0.627472 0.542708 0.567535 0.592511 0.777096 0.588981 0.865302 0.658630 0.595847 0.737968 0.771922 0.847429 0.931344 0.533626 0.460938 0.755380 0.754883 0.730256 0.861379 0.674212 0.794628 0.813601 0.876626 0.674947 0.866300
0.797806 0.898622 0.815610 0.900040 0.000000 0.971651 0.813128 0.865737 0.725317 0.797923 0.866789 0.845130 0.692100 0.785965 0.691488 0.834096 0.752762 0.799046 0.752673 0.930670 0.945979 0.918723 0.785705 0.994103 0.927594 0.960848 0.748801 0.993227 0.812712 0.778623 0.855458 0.976965 0.713148 0.777637 0.665527 0.838931 0.814683 0.859208 0.919170 0.783252 0.985169 0.993720 0.941674 0.926851 0.913131 0.970535 0.979655 0.985313 0.943346 0.847157 0.972588 0.994552 0.965451 0.973756 0.895815 0.942734 0.805635 0.740695 0.744551 0.902066 0.743594 0.899347 0.628791 0.720515 0.816318 0.929745 0.762195 0.849471 0.992528 0.968962 0.847192 0.854967 0.978528 0.906163 0.884121 0.948170 0.942109 0.899807 0.941649 0.995629 0.710211 0.938782 0.827805 0.749641 0.742742 0.890933 0.980921 0.717686 0.693105 0.926000 0.904380 0.914461 0.922165 0.863647 0.933024 0.970959 0.852662 0.909289 0.843076 0.940872 0.959737 0.954320 0.770321 0.950152 0.910708 0.796876 0.970322 0.880659 0.888855 0.893161 0.875007 0.970338 0.967163 0.985460 0.980639 0.884910
0.602071 0.682735 0.853111 0.775787 0.971651 0.000000 0.549257 0.495756 0.638910 0.627407 0.678124 0.640140 0.778498 0.874664 0.948976 0.921654 0.819252 0.775793 0.738707 0.698017 0.994986 0.840339 0.966491 0.888701 0.755745 0.987013 0.737069 0.852370 0.808413 0.950166 0.917111 0.932945 0.746292 0.666162 0.836417 0.939980 0.966308 0.901758 0.826042 0.998981 0.857982 0.876157 0.660743 0.589575 0.713911 0.687205 0.696240 0.724169 0.947716 0.787638 0.723375 0.625804 0.738134 0.721007 0.900808 0.764744 0.818638 0.800366 0.623110 0.546717 0.632876 0.543061 0.861484 0.841335 0.929996 0.684277 0.618775 0.588876 0.790409 0.729224 0.750438 0.742940 0.860331 0.875040 0.918599 0.939811 0.750365 0.841848 0.855674 0.877063 0.805557 0.935038 0.772475 0.943847 0.982753 0.992565 0.943382 0.894338 0.828866 0.926928 0.537383 0.584467 0.560265 0.610544 0.948733 0.895374 0.714275 0.792444 0.517847 0.578478 0.628738 0.583248 0.653309 0.644659 0.712291 0.713757 0.798361 0.689131 0.929956 0.838430 0.670237 0.647206 0.708640 0.827469 0.576527 0.857953
0.390534 0.476544 0.361005 0.342235 0.813128 0.549257 0.000000 0.209735 0.331682 0.522832 0.569066 0.466952 0.430338 0.592398 0.533494 0.509562 0.663672 0.606814 0.406920 0.476337 0.791124 0.834944 0.550500 0.761582 0.858714 0.642214 0.901213 0.955901 0.654758 0.669837 0.625087 0.778601 0.391826 0.291236 0.464719 0.794445 0.712546 0.824992 0.960915 0.887020 0.758156 0.816725 0.362009 0.375176 0.476546 0.516811 0.458538 0.418809 0.952575 0.752480 0.485883 0.413178 0.543335 0.514565 0.645781 0.711785 0.757359 0.661879 0.359325 0.504896 0.351659 0.390282 0.664774 0.650100 0.465622 0.416692 0.239636 0.314266 0.665068 0.744270 0.357060 0.435025 0.655034 0.697670 0.827874 0.986599 0.420959 0.549558 0.660081 0.812441 0.557558 0.709403 0.868895 0.863293 0.553320 0.630021 0.987451 0.833689 0.568849 0.660654 0.321262 0.392587 0.359008 0.393298 0.618139 0.743940 0.394543 0.654509 0.319889 0.326768 0.560744 0.520493 0.526067 0.587337 0.407980 0.332985 0.675686 0.534424 0.650983 0.759049 0.541804 0.615143 0.621470 0.734703 0.545838 0.845191
0.358695 0.368606 0.498896 0.438749 0.865737 0.495756 0.209735 0.000000 0.428781 0.474150 0.524371 0.370498 0.467676 0.572809 0.675032 0.654274 0.629506 0.596726 0.448685 0.438056 0.894994 0.856593 0.713463 0.866583 0.989437 0.761137 0.775512 0.876506 0.595012 0.696496 0.735063 0.844460 0.432190 0.325129 0.567910 0.867621 0.882017 0.953202 0.919684 0.876487 0.735658 0.810423 0.375444 0.386533 0.550658 0.546000 0.468636 0.477398 0.922123 0.781024 0.543215 0.466359 0.661893 0.659486 0.751154 0.736927 0.611329 0.549789 0.328107 0.390691 0.335044 0.262939 0.659820 0.611742 0.597442 0.400953 0.301730 0.314508 0.671022 0.655725 0.442954 0.470563 0.717710 0.692667 0.820841 0.874775 0.521402 0.663836 0.718657 0.808582 0.587151 0.743716 0.920627 0.933882 0.664667 0.732479 0.948929 0.784270 0.592671 0.734542 0.368587 0.473419 0.402501 0.501663 0.658896 0.743367 0.371279 0.583211 0.315979 0.300158 0.503740 0.519341 0.524347 0.601768 0.379632 0.341954 0.666670 0.524954 0.625772 0.666371 0.451079 0.513419 0.529085 0.755940 0.468607 0.816237
0.549081 0.715168 0.606838 0.648210 0.725317 0.638910 0.331682 0.428781 0.000000 0.447423 0.514480 0.582262 0.530296 0.798043 0.645193 0.653600 0.685630 0.697768 0.691767 0.675052 0.929469 0.997359 0.789903 0.948720 0.898681 0.920457 0.807484 0.848425 0.608616 0.672387 0.880450 0.980720 0.619007 0.501312 0.665951 0.932677 0.884942 0.920546 0.821789 0.992675 0.805477 0.732049 0.641169 0.568563 0.595088 0.629767 0.788402 0.734044 0.888475 0.841364 0.645940 0.568786 0.551410 0.597851 0.659793 0.743504 0.963065 0.779859 0.427524 0.607227 0.466031 0.565092 0.636374 0.622951 0.741156 0.785256 0.518240 0.610388 0.800696 0.816200 0.491315 0.633310 0.799988 0.880708 0.932515 0.872788 0.532957 0.765764 0.680851 0.935121 0.652279 0.875237 0.994018 0.852007 0.846768 0.993566 0.898288 0.810875 0.622982 0.852493 0.489368 0.428913 0.490966 0.433213 0.770254 0.956082 0.526626 0.724182 0.451235 0.468805 0.623992 0.584327 0.620458 0.645669 0.563127 0.476654 0.680577 0.579315 0.736299 0.818031 0.654342 0.701956 0.624572 0.800026 0.673111 0.876537
0.567274 0.705574 0.992797 0.980684 0.797923 0.627407 0.522832 0.474150 0.447423 0.000000 0.455600 0.530927 0.698790 0.892032 0.771725 0.926277 0.513286 0.505159 0.723163 0.742601 0.799497 0.962304 0.842139 0.558579 0.569571 0.721526 0.697413 0.801467 0.474610 0.568455 0.824162 0.725876 0.807030 0.637301 0.781276 0.958739 0.837974 0.893965 0.776611 0.988997 0.771018 0.677116 0.778589 0.673602 0.589614 0.573995 0.908353 0.917876 0.741574 0.788091 0.602275 0.585747 0.645539 0.695270 0.930329 0.801250 0.763011 0.659510 0.465923 0.671349 0.635019 0.634976 0.541015 0.465916 0.850124 0.968511 0.679818 0.791008 0.809490 0.833487 0.558700 0.745257 0.935332 0.887493 0.960505 0.952693 0.605776 0.862006 0.765048 0.840385 0.566451 0.906006 0.926830 0.851437 0.860561 0.685456 0.812877 0.685370 0.814217 0.942599 0.499267 0.467259 0.501073 0.515233 0.878343 0.831891 0.525292 0.605924 0.357823 0.467693 0.581066 0.546581 0.414659 0.477258 0.627456 0.635033 0.776751 0.552814 0.794300 0.707771 0.626230 0.650387 0.490227 0.743830 0.675877 0.821914
0.371292 0.618376 0.974303 0.966883 0.866789 0.678124 0.569066 0.524371 0.514480 0.455600 0.000000 0.302635 0.398531 0.539995 0.742124 0.805801 0.428555 0.414191 0.633144 0.616102 0.756789 0.978850 0.926260 0.760144 0.539263 0.697096 0.688728 0.717347 0.362607 0.387825 0.913063 0.905642 0.591099 0.519588 0.860820 0.859243 0.869905 0.863697 0.863367 0.982211 0.970387 0.722504 0.977107 0.815281 0.698383 0.663813 0.892061 0.892711 0.855759 0.901272 0.854527 0.828947 0.863130 0.991791 0.830065 0.836241 0.658875 0.552483 0.434657 0.489235 0.358556 0.410242 0.311733 0.262695 0.959694 0.890580 0.752849 0.764826 0.805668 0.815973 0.852005 0.978503 0.838104 0.935412 0.936413 0.965609 0.822580 0.931674 0.575296 0.952597 0.397200 0.661178 0.977042 0.697805 0.914521 0.924603 0.831290 0.833260 0.712820 0.811019 0.837026 0.836819 0.850449 0.855444 0.912942 0.898796 0.731866 0.746299 0.587083 0.603496 0.650507 0.735958 0.640854 0.690047 0.645710 0.708289 0.827343 0.747115 0.785750 0.773855 0.742622 0.806877 0.752771 0.982682 0.743533 0.895710
0.278062 0.422973 0.832493 0.742421 0.845130 0.640140 0.466952 0.370498 0.582262 0.530927 0.302635 0.000000 0.328185 0.422271 0.669977 0.706873 0.411858 0.402443 0.519275 0.439233 0.966169 0.915275 0.905114 0.966900 0.699782 0.884583 0.823927 0.789257 0.380915 0.402182 0.992221 0.978898 0.453413 0.386970 0.781017 0.974642 0.941664 0.950062 0.856178 0.900968 0.863571 0.854987 0.783437 0.704330 0.674501 0.678756 0.687026 0.676891 0.903516 0.934669 0.817220 0.757212 0.907381 0.985559 0.865329 0.833906 0.471770 0.449586 0.310441 0.363356 0.288995 0.251661 0.373221 0.299878 0.843424 0.608238 0.565180 0.548717 0.752895 0.692614 0.709072 0.811081 0.982959 0.893154 0.828917 0.866059 0.672688 0.881489 0.622360 0.820084 0.402126 0.633576 0.866583 0.712283 0.741856 0.857039 0.932898 0.849828 0.635229 0.740725 0.723949 0.819286 0.779890 0.802626 0.793747 0.840457 0.610110 0.730168 0.477231 0.507477 0.618187 0.744131 0.583147 0.633181 0.520557 0.569297 0.808358 0.720167 0.710085 0.748717 0.677563 0.624827 0.715993 0.965512 0.662242 0.956178
0.320119 0.553616 0.610367 0.638036 0.692100 0.778498 0.430338 0.467676 0.530296 0.698790 0.398531 0.328185 0.000000 0.302259 0.455062 0.476803 0.568598 0.521924 0.486228 0.519853 0.879844 0.952083 0.573560 0.809955 0.958973 0.908712 0.955251 0.884475 0.501125 0.396645 0.690508 0.826115 0.313091 0.360459 0.657064 0.951946 0.783462 0.819160 0.943712 0.878332 0.906166 0.868024 0.776656 0.777228 0.824267 0.835903 0.736738 0.697018 0.798981 0.877266 0.960258 0.853188 0.960327 0.991894 0.847380 0.914105 0.622182 0.565350 0.384365 0.471232 0.215918 0.359408 0.337266 0.376085 0.610498 0.556033 0.524242 0.564734 0.810576 0.759844 0.676440 0.747604 0.931596 0.974569 0.873497 0.952983 0.720118 0.801874 0.682403 0.726359 0.435762 0.672559 0.801671 0.773710 0.482288 0.654876 0.918389 0.815005 0.642917 0.681946 0.764110 0.846880 0.811938 0.775455 0.864918 0.856779 0.730852 0.876704 0.627298 0.641120 0.699118 0.755676 0.695652 0.790396 0.571747 0.495414 0.783241 0.749533 0.779602 0.833257 0.824154 0.825296 0.866458 0.963350 0.714954 0.988284
0.458739 0.572658 0.676389 0.632612 0.785965 0.874664 0.592398 0.572809 0.798043 0.892032 0.539995 0.422271 0.302259 0.000000 0.528295 0.490860 0.715374 0.604221 0.460114 0.595572 0.881368 0.932094 0.512763 0.660509 0.963442 0.882223 0.936809 0.995591 0.651687 0.486446 0.641888 0.699250 0.310358 0.415472 0.689524 0.849593 0.738736 0.883246 0.939756 0.810260 0.928043 0.930394 0.851734 0.879540 0.960966 0.971850 0.805965 0.778668 0.677847 0.745977 0.947807 0.995608 0.884631 0.845724 0.993977 0.934735 0.568034 0.597400 0.502937 0.499713 0.338871 0.445535 0.455098 0.506104 0.616377 0.482399 0.564188 0.485186 0.971242 0.838100 0.789980 0.695962 0.938910 0.929935 0.829442 0.866252 0.891910 0.758009 0.689798 0.687325 0.578113 0.790531 0.690006 0.827267 0.447932 0.535459 0.802501 0.963202 0.619539 0.618021 0.891085 0.942586 0.917764 0.956418 0.902328 0.789183 0.851434 0.924896 0.790784 0.774682 0.684635 0.940030 0.868493 0.977444 0.642704 0.647770 0.940206 0.874815 0.808952 0.842395 0.829152 0.899832 0.966869 0.889210 0.767635 0.983242
0.600982 0.779835 0.579738 0.617479 0.691488 0.948976 0.533494 0.675032 0.645193 0.771725 0.742124 0.669977 0.455062 0.528295 0.000000 0.462990 0.770453 0.706863 0.597792 0.730440 0.635411 0.862795 0.435760 0.733549 0.808804 0.787551 0.846325 0.894472 0.735735 0.614389 0.537077 0.790171 0.442439 0.488742 0.574745 0.812359 0.620206 0.722174 0.995580 0.999986 0.779651 0.938587 0.794299 0.893120 0.770274 0.860462 0.789244 0.677206 0.779826 0.928093 0.822801 0.729908 0.760866 0.743654 0.804631 0.801889 0.844211 0.789827 0.522581 0.705459 0.460322 0.695243 0.571866 0.613056 0.594109 0.697293 0.517781 0.625356 0.814985 0.785752 0.568828 0.579893 0.821660 0.919481 0.885138 0.956531 0.771942 0.761844 0.748986 0.904389 0.693211 0.902885 0.603559 0.815157 0.492500 0.650453 0.796904 0.959003 0.670315 0.632656 0.709960 0.746489 0.779611 0.672618 0.817674 0.809728 0.724971 0.880654 0.676792 0.717470 0.860190 0.837505 0.786636 0.820547 0.648656 0.536097 0.745512 0.656257 0.846304 0.940405 0.835671 0.884542 0.945286 0.775493 0.758219 0.950953
0.644226 0.704266 0.462214 0.487662 0.834096 0.921654 0.509562 0.654274 0.653600 0.926277 0.805801 0.706873 0.476803 0.490860 0.462990 0.000000 0.832051 0.688917 0.511369 0.591462 0.626390 0.934906 0.362198 0.522916 0.672323 0.571322 0.786041 0.888923 0.703194 0.619842 0.443358 0.550590 0.421237 0.458674 0.574483 0.701373 0.489852 0.685646 0.974650 0.869084 0.845449 0.994436 0.685693 0.689926 0.772538 0.792941 0.638186 0.640730 0.815008 0.975358 0.809250 0.721014 0.824028 0.758547 0.745362 0.920679 0.816270 0.821520 0.650348 0.789853 0.550353 0.682633 0.732382 0.785169 0.499564 0.548874 0.516906 0.557073 0.875484 0.858728 0.591412 0.559646 0.715525 0.635692 0.802117 0.943349 0.744435 0.668057 0.641359 0.648592 0.641794 0.733807 0.628884 0.838948 0.408198 0.465692 0.825564 0.974194 0.720042 0.718241 0.662757 0.817662 0.732717 0.664997 0.641166 0.923296 0.747598 0.871135 0.753734 0.772286 0.808807 0.857426 0.841627 0.953474 0.601826 0.678999 0.845640 0.808711 0.839502 0.915146 0.915146 0.873824 0.958878 0.910269 0.794357 0.944386
0.406740 0.470649 0.969612 0.990926 0.752762 0.819252 0.663672 0.629506 0.685630 0.513286 0.428555 0.411858 0.568598 0.715374 0.770453 0.832051 0.000000 0.269900 0.499433 0.478140 0.781533 0.894209 0.926472 0.812228 0.660174 0.710779 0.910972 0.860170 0.305602 0.407329 0.934677 0.843202 0.592075 0.576199 0.826724 0.960085 0.984104 0.951529 0.908261 0.977157 0.810120 0.796506 0.880418 0.750181 0.486342 0.449379 0.783911 0.785195 0.586477 0.671661 0.638416 0.669936 0.751374 0.923076 0.720901 0.703680 0.407573 0.312188 0.456933 0.580828 0.568151 0.581955 0.343224 0.304828 0.927966 0.985563 0.776723 0.802027 0.620542 0.750983 0.810126 0.937782 0.965857 0.875265 0.928295 0.821219 0.781075 0.968870 0.617553 0.945761 0.267399 0.494566 0.764222 0.481735 0.842606 0.995240 0.899027 0.941346 0.738730 0.736705 0.877295 0.899421 0.934402 0.951521 0.785145 0.979459 0.605840 0.713155 0.557627 0.631966 0.815431 0.864764 0.498044 0.511529 0.705071 0.782648 0.967688 0.792609 0.728288 0.769306 0.810987 0.672091 0.734470 0.759976 0.843816 0.996749
0.404657 0.487906 0.969097 0.939922 0.799046 0.775793 0.606814 0.596726 0.697768 0.505159 0.414191 0.402443 0.521924 0.604221 0.706863 0.688917 0.269900 0.000000 0.478569 0.472800 0.879977 0.811932 0.996993 0.856185 0.719900 0.830497 0.969214 0.913519 0.286837 0.306084 0.960926 0.992017 0.540437 0.523037 0.818943 0.975202 0.858324 0.956496 0.855105 0.927773 0.812322 0.726447 0.852880 0.725815 0.489397 0.458350 0.761903 0.788506 0.676643 0.702450 0.607654 0.641827 0.769660 0.864963 0.711151 0.814105 0.395609 0.342385 0.466446 0.639767 0.544931 0.570699 0.351545 0.287107 0.976941 0.902692 0.699634 0.725228 0.618737 0.710773 0.772984 0.951645 0.900007 0.760431 0.984522 0.833281 0.786195 0.870988 0.525021 0.884384 0.212310 0.433983 0.739643 0.548540 0.813090 0.906712 0.851891 0.904027 0.670941 0.770385 0.808182 0.848262 0.840838 0.883274 0.804035 0.908798 0.613696 0.772749 0.529665 0.596734 0.710386 0.827914 0.463937 0.495307 0.601218 0.787504 0.966073 0.779640 0.797390 0.757300 0.777858 0.708303 0.745254 0.790783 0.811223 0.973989
0.419956 0.397464 0.525543 0.488461 0.752673 0.738707 0.406920 0.448685 0.691767 0.723163 0.633144 0.519275 0.486228 0.460114 0.597792 0.511369 0.499433 0.478569 0.000000 0.398511 0.869589 0.860632 0.526472 0.680100 0.865984 0.763233 0.947170 0.936963 0.590994 0.605721 0.602183 0.745154 0.301100 0.330875 0.477562 0.760703 0.640050 0.877190 0.932459 0.879641 0.802805 0.934568 0.522628 0.498855 0.487018 0.488703 0.493377 0.470567 0.870660 0.744437 0.566673 0.546670 0.699165 0.733026 0.657835 0.732958 0.506253 0.446106 0.476136 0.530458 0.447034 0.481310 0.563465 0.599508 0.533537 0.502413 0.431402 0.407700 0.602172 0.677510 0.567593 0.647027 0.774214 0.699318 0.798447 0.764991 0.641598 0.585546 0.654599 0.703621 0.442567 0.568269 0.652269 0.693581 0.438627 0.524153 0.949265 0.956072 0.603986 0.564971 0.629216 0.790554 0.708836 0.757079 0.723189 0.775835 0.535106 0.823318 0.514572 0.530774 0.749305 0.824160 0.613263 0.747712 0.591733 0.561376 0.903780 0.685409 0.673010 0.759792 0.690289 0.683451 0.763429 0.818381 0.808635 0.959880
0.406250 0.322373 0.618852 0.534275 0.930670 0.698017 0.476337 0.438056 0.675052 0.742601 0.616102 0.439233 0.519853 0.595572 0.730440 0.591462 0.478140 0.472800 0.398511 0.000000 0.802272 0.914316 0.699527 0.711940 0.915611 0.798656 0.992911 0.936824 0.537823 0.627671 0.757455 0.719795 0.417423 0.395894 0.714709 0.902888 0.794848 0.962868 0.980819 0.895417 0.800609 0.920567 0.536993 0.505086 0.598224 0.565328 0.504235 0.454404 0.884461 0.722342 0.678666 0.620040 0.854397 0.859815 0.663409 0.729323 0.448892 0.413520 0.480642 0.468033 0.508227 0.406072 0.634571 0.608000 0.629169 0.494642 0.522009 0.469260 0.546749 0.636064 0.649595 0.759119 0.716601 0.637107 0.732250 0.660949 0.709845 0.778218 0.618913 0.710401 0.439625 0.447325 0.728980 0.713096 0.551514 0.602297 0.875148 0.960625 0.739688 0.654941 0.698140 0.811948 0.760071 0.824098 0.618372 0.958197 0.559241 0.789549 0.573991 0.483225 0.760739 0.751565 0.580573 0.737016 0.461030 0.597927 0.830511 0.775857 0.795905 0.813380 0.749510 0.642464 0.661640 0.796544 0.609829 0.927594
0.978908 0.944749 0.547669 0.534350 0.945979 0.994986 0.791124 0.894994 0.929469 0.799497 0.756789 0.966169 0.879844 0.881368 0.635411 0.626390 0.781533 0.879977 0.869589 0.802272 0.000000 0.870905 0.484647 0.522742 0.482952 0.485256 0.646992 0.786716 0.797140 0.922244 0.574653 0.684516 0.743854 0.775646 0.797060 0.830437 0.661809 0.658953 0.918353 0.822414 0.876911 0.761121 0.732629 0.852273 0.947927 0.868666 0.699128 0.765869 0.671813 0.826542 0.979320 0.964389 0.974820 0.841076 0.972922 0.989368 0.944458 0.898763 0.919591 0.975958 0.896981 0.914106 0.815513 0.788335 0.479872 0.564796 0.649650 0.669865 0.903457 0.985512 0.678056 0.621271 0.735973 0.787624 0.806957 0.944770 0.891601 0.725388 0.924702 0.762262 0.885648 0.992285 0.711576 0.917829 0.598166 0.561280 0.630586 0.952607 0.889951 0.846378 0.775870 0.846275 0.866548 0.755107 0.764591 0.972223 0.924670 0.928831 0.980366 0.908595 0.989734 0.959410 0.889023 0.857553 0.752659 0.702667 0.803169 0.985020 0.824768 0.892105 0.901907 0.956874 0.994393 0.891687 0.823592 0.939029
0.851873 0.874557 0.839893 0.870771 0.918723 0.840339 0.834944 0.856593 0.997359 0.962304 0.978850 0.915275 0.952083 0.932094 0.862795 0.934906 0.894209 0.811932 0.860632 0.914316 0.870905 0.000000 0.907924 0.954230 0.909077 0.944109 0.943628 0.871758 0.882971 0.933127 0.871041 0.930316 0.884968 0.912224 0.872017 0.935657 0.860280 0.944806 0.918995 0.956422 0.766001 0.778181 0.928895 0.959775 0.753832 0.857326 0.876926 0.781572 0.875071 0.860331 0.769976 0.800936 0.898267 0.805547 0.909058 0.786870 0.806565 0.859931 0.871683 0.860945 0.893283 0.934396 0.898666 0.884362 0.928449 0.942488 0.826189 0.850296 0.812425 0.782705 0.877956 0.888827 0.961547 0.774815 0.811703 0.944186 0.762245 0.804729 0.901550 0.931739 0.871508 0.857876 0.805415 0.868458 0.948627 0.847954 0.944019 0.950426 0.874342 0.726465 0.887322 0.885315 0.868356 0.967326 0.771639 0.835481 0.849400 0.962792 0.821377 0.830821 0.922467 0.953193 0.881974 0.839550 0.924469 0.909563 0.986226 0.951732 0.942769 0.905938 0.853181 0.857807 0.940564 0.840281 0.871140 0.868681
0.793989 0.787879 0.300742 0.332984 0.785705 0.966491 0.550500 0.713463 0.789903 0.842139 0.926260 0.905114 0.573560 0.512763 0.435760 0.362198 0.926472 0.996993 0.526472 0.699527 0.484647 0.907924 0.000000 0.279360 0.378546 0.402777 0.672325 0.782815 0.935265 0.896496 0.289851 0.432867 0.414557 0.495676 0.517897 0.718646 0.448536 0.643404 0.833287 0.808105 0.908424 0.873503 0.599597 0.739143 0.943731 0.991352 0.634746 0.564031 0.606605 0.838973 0.935713 0.847158 0.932105 0.820068 0.826842 0.947395 0.951738 0.938542 0.776644 0.851143 0.610804 0.769060 0.914566 0.976334 0.248888 0.404093 0.471869 0.480572 0.907365 0.926688 0.597689 0.496824 0.735762 0.764320 0.769374 0.946002 0.764353 0.510597 0.901107 0.713425 0.894802 0.898979 0.614670 0.972739 0.259907 0.295979 0.759098 0.963360 0.682982 0.573161 0.752881 0.872671 0.795007 0.761207 0.685505 0.808314 0.824652 0.953362 0.887679 0.833335 0.948233 0.973474 0.951312 0.868890 0.671510 0.579373 0.885648 0.867426 0.952448 0.958894 0.923468 0.982504 0.960910 0.929058 0.871909 0.900648
0.978872 0.822975 0.408950 0.378395 0.994103 0.888701 0.761582 0.866583 0.948720 0.558579 0.760144 0.966900 0.809955 0.660509 0.733549 0.522916 0.812228 0.856185 0.680100 0.711940 0.522742 0.954230 0.279360 0.000000 0.320851 0.359308 0.623687 0.750855 0.763570 0.917967 0.374566 0.367306 0.609317 0.707018 0.682549 0.734017 0.559961 0.726348 0.740397 0.875160 0.975385 0.794823 0.667369 0.815110 0.971556 0.946636 0.668580 0.584378 0.671007 0.913211 0.996569 0.971983 0.954082 0.944565 0.826335 0.976225 0.986042 0.973812 0.976199 0.993447 0.827679 0.865776 0.858086 0.761496 0.309427 0.415177 0.652909 0.576420 0.937300 0.993041 0.837415 0.716661 0.789595 0.784879 0.762214 0.896869 0.942646 0.673893 0.947940 0.609207 0.972594 0.827340 0.663339 0.997302 0.338474 0.251392 0.684118 0.781637 0.846469 0.602099 0.948329 0.910209 0.998249 0.999230 0.693359 0.934409 0.942642 0.855773 0.873581 0.999862 0.913307 0.869318 0.770969 0.699347 0.859651 0.769186 0.925351 0.901376 0.995244 0.858805 0.998406 0.875627 0.821565 0.973161 0.913559 0.976026
0.824509 0.997502 0.392042 0.433750 0.927594 0.755745 0.858714 0.989437 0.898681 0.569571 0.539263 0.699782 0.958973 0.963442 0.808804 0.672323 0.660174 0.719900 0.865984 0.915611 0.482952 0.909077 0.378546 0.320851 0.000000 0.263244 0.546394 0.717439 0.639590 0.776834 0.367523 0.496205 0.816755 0.870865 0.737266 0.761122 0.452549 0.565943 0.693055 0.774868 0.943143 0.772864 0.683379 0.860812 0.962835 0.881417 0.670525 0.674812 0.750987 0.950429 0.931247 0.983198 0.960506 0.866350 0.864621 0.981137 0.845518 0.825369 0.834254 0.770141 0.910566 0.872535 0.650162 0.575103 0.347948 0.576873 0.725096 0.735431 0.932277 0.906573 0.783741 0.687821 0.630915 0.731235 0.826784 0.937327 0.862500 0.604026 0.904072 0.776626 0.826891 0.902825 0.692082 0.956264 0.480623 0.368872 0.842857 0.956563 0.911185 0.743700 0.939784 0.998472 0.928064 0.959353 0.704543 0.874713 0.946534 0.829066 0.843275 0.947350 0.821788 0.836128 0.801757 0.736303 0.903039 0.862102 0.930978 0.904726 0.932121 0.948053 0.963223 0.849638 0.831109 0.984247 0.989019 0.975739
0.999216 0.839676 0.301197 0.315443 0.960848 0.987013 0.642214 0.761137 0.920457 0.721526 0.697096 0.884583 0.908712 0.882223 0.787551 0.571322 0.710779 0.830497 0.763233 0.798656 0.485256 0.944109 0.402777 0.359308 0.263244 0.000000 0.737069 0.807162 0.753321 0.822803 0.357423 0.449513 0.726152 0.753938 0.751243 0.677666 0.448049 0.598187 0.783311 0.829430 0.989349 0.827472 0.513505 0.680708 0.904078 0.953565 0.528922 0.550319 0.809726 0.950347 0.759562 0.765958 0.889296 0.711655 0.774546 0.981738 0.875987 0.888411 0.991757 0.954606 0.904439 0.886123 0.658362 0.630419 0.316698 0.425470 0.572217 0.586583 0.871278 0.986965 0.640665 0.545181 0.526824 0.640402 0.885396 0.963355 0.744100 0.572496 0.957918 0.712767 0.886563 0.899514 0.790649 0.887471 0.505126 0.377792 0.829780 0.991170 0.830029 0.803094 0.704713 0.791541 0.722067 0.742121 0.664270 0.860868 0.786614 0.980195 0.948241 0.856403 0.926975 0.959194 0.935922 0.877156 0.747344 0.697515 0.797654 0.929963 0.907658 0.986929 0.898667 0.940597 0.992437 0.927378 0.842949 0.954534
0.839743 0.938634 0.815307 0.827731 0.748801 0.737069 0.901213 0.775512 0.807484 0.697413 0.688728 0.823927 0.955251 0.936809 0.846325 0.786041 0.910972 0.969214 0.947170 0.992911 0.646992 0.943628 0.672325 0.623687 0.546394 0.737069 0.000000 0.776719 0.768796 0.949355 0.704363 0.792129 0.883268 0.988454 0.886042 0.739352 0.620884 0.722296 0.785790 0.818454 0.871921 0.888743 0.984027 0.877951 0.924656 0.827332 0.974700 0.953791 0.805708 0.879514 0.963574 0.858757 0.851884 0.977150 0.995206 0.887274 0.953348 0.999195 0.882754 0.753801 0.864574 0.780298 0.940366 0.873320 0.705423 0.881562 0.920915 0.906157 0.946067 0.886415 0.963243 0.914496 0.995977 0.890677 0.912751 0.869574 0.988301 0.858333 0.973029 0.910109 0.977176 0.922634 0.707574 0.979736 0.691258 0.665161 0.935756 0.968405 0.959279 0.850398 0.876787 0.860315 0.904439 0.926320 0.836255 0.980879 0.944214 0.833276 0.880319 0.841553 0.704165 0.760063 0.892198 0.891025 0.948184 0.976026 0.813974 0.820241 0.873352 0.794501 0.816621 0.804197 0.776591 0.990541 0.897548 0.948559
0.871585 0.881460 0.842028 0.842406 0.993227 0.852370 0.955901 0.876506 0.848425 0.801467 0.717347 0.789257 0.884475 0.995591 0.894472 0.888923 0.860170 0.913519 0.936963 0.936824 0.786716 0.871758 0.782815 0.750855 0.717439 0.807162 0.776719 0.000000 0.812331 0.810767 0.762509 0.894786 0.921013 0.951724 0.836810 0.994553 0.752755 0.858735 0.995158 0.919927 0.930165 0.899295 0.988824 0.957110 0.944203 0.931826 0.956827 0.903716 0.835731 0.974552 0.955949 0.928984 0.903970 0.947499 0.977649 0.774968 0.980620 0.891654 0.909345 0.959224 0.890631 0.830291 0.857217 0.745918 0.823568 0.897626 0.918227 0.866851 0.895916 0.970189 0.977224 0.828061 0.829037 0.951843 0.940998 0.979159 0.895755 0.846150 0.912002 0.782993 0.935368 0.987972 0.927496 0.923379 0.850451 0.769025 0.914611 0.876077 0.924237 0.785156 0.970194 0.936743 0.993172 0.992617 0.989420 0.920075 0.979816 0.885366 0.880598 0.849792 0.847055 0.860179 0.923677 0.907714 0.969677 0.858875 0.994899 0.827294 0.946526 0.959946 0.925960 0.857388 0.849853 0.931647 0.868933 0.999340
0.432272 0.548821 0.982066 0.970111 0.812712 0.808413 0.654758 0.595012 0.608616 0.474610 0.362607 0.380915 0.501125 0.651687 0.735735 0.703194 0.305602 0.286837 0.590994 0.537823 0.797140 0.882971 0.935265 0.763570 0.639590 0.753321 0.768796 0.812331 0.000000 0.291012 0.988298 0.884242 0.567351 0.573072 0.875378 0.859332 0.992883 0.972718 0.735152 0.996207 0.881259 0.768194 0.913747 0.780533 0.539816 0.486264 0.826688 0.805332 0.598422 0.699373 0.694504 0.687363 0.797421 0.931395 0.706755 0.699951 0.515887 0.453124 0.469468 0.597598 0.507687 0.517414 0.343513 0.278430 0.892874 0.993950 0.818591 0.864690 0.729982 0.728868 0.856521 0.986565 0.889145 0.762308 0.927018 0.851746 0.807642 0.983177 0.531230 0.993719 0.327312 0.533095 0.735416 0.518741 0.884790 0.964086 0.929663 0.938086 0.716926 0.814216 0.872721 0.911898 0.926370 0.930226 0.811622 0.963855 0.637814 0.785328 0.581287 0.611451 0.753231 0.866897 0.573709 0.609181 0.660940 0.813907 0.852692 0.820449 0.772435 0.649612 0.756704 0.703455 0.659634 0.776041 0.792591 0.957511
0.494396 0.656359 0.959492 0.974800 0.778623 0.950166 0.669837 0.696496 0.672387 0.568455 0.387825 0.402182 0.396645 0.486446 0.614389 0.619842 0.407329 0.306084 0.605721 0.627671 0.922244 0.933127 0.896496 0.917967 0.776834 0.822803 0.949355 0.810767 0.291012 0.000000 0.932252 0.981327 0.539978 0.537337 0.893535 0.896351 0.918060 0.895275 0.903330 0.896655 0.972364 0.854764 0.976873 0.898398 0.696838 0.692028 0.923665 0.904317 0.834050 0.930853 0.835203 0.862105 0.921355 0.955609 0.861561 0.930874 0.577627 0.541133 0.529277 0.734614 0.511017 0.590094 0.295800 0.261250 0.996833 0.943296 0.808690 0.842696 0.868096 0.915439 0.872637 0.973193 0.976877 0.900777 0.947927 0.966445 0.801749 0.865983 0.569476 0.897559 0.312921 0.553456 0.672620 0.531909 0.754185 0.903185 0.902045 0.931200 0.755879 0.796720 0.943043 0.997259 0.979660 0.966652 0.867069 0.888180 0.802226 0.912039 0.699682 0.758935 0.784266 0.940004 0.673253 0.717295 0.690110 0.849466 0.949662 0.920526 0.949081 0.822774 0.908648 0.845182 0.881618 0.932987 0.868970 0.924341
0.870752 0.783902 0.369929 0.428424 0.855458 0.917111 0.625087 0.735063 0.880450 0.824162 0.913063 0.992221 0.690508 0.641888 0.537077 0.443358 0.934677 0.960926 0.602183 0.757455 0.574653 0.871041 0.289851 0.374566 0.367523 0.357423 0.704363 0.762509 0.988298 0.932252 0.000000 0.389128 0.475559 0.617076 0.608229 0.803114 0.469511 0.645359 0.882551 0.857969 0.886386 0.976871 0.598705 0.728225 0.849678 0.878957 0.644584 0.660169 0.765408 0.965760 0.820703 0.823807 0.942561 0.808178 0.798380 0.937879 0.919768 0.893301 0.849799 0.944636 0.684086 0.803501 0.999061 0.935983 0.363547 0.485351 0.563486 0.587317 0.818659 0.868650 0.712432 0.556358 0.640270 0.696132 0.802702 0.916265 0.868976 0.638559 0.871965 0.654849 0.900809 0.809500 0.594329 0.973699 0.374936 0.367322 0.813103 0.958398 0.730480 0.623689 0.803352 0.934597 0.841323 0.868376 0.628638 0.844493 0.758176 0.923416 0.951397 0.846772 0.961461 0.934661 0.938156 0.905472 0.694802 0.634684 0.789848 0.880568 0.949895 0.942060 0.919069 0.999590 0.960771 0.886268 0.853961 0.968798
0.943863 0.842911 0.554302 0.567718 0.976965 0.932945 0.778601 0.844460 0.980720 0.725876 0.905642 0.978898 0.826115 0.699250 0.790171 0.550590 0.843202 0.992017 0.745154 0.719795 0.684516 0.930316 0.432867 0.367306 0.496205 0.449513 0.792129 0.894786 0.884242 0.981327 0.389128 0.000000 0.628475 0.700361 0.789178 0.811967 0.658435 0.796482 0.771105 0.961165 0.917129 0.846265 0.700642 0.727502 0.996603 0.959878 0.709360 0.721698 0.741227 0.914229 0.934351 0.936672 0.938693 0.970262 0.852220 0.848978 0.946746 0.989130 0.981071 0.961578 0.832026 0.863882 0.898971 0.863097 0.505591 0.528875 0.709833 0.645218 0.978218 0.944968 0.917147 0.760599 0.753027 0.685280 0.845552 0.839964 0.966830 0.736019 0.902767 0.695746 0.963913 0.822796 0.739536 0.909992 0.518247 0.419534 0.886169 0.906750 0.890500 0.838769 0.912925 0.953155 0.917591 0.968356 0.671345 0.910752 0.935820 0.990628 0.960494 0.947200 0.941017 0.961030 0.882103 0.795139 0.720532 0.841595 0.991866 0.947931 0.803806 0.866962 0.970866 0.919546 0.941288 0.982233 0.883917 0.981335
0.373598 0.406877 0.485942 0.482977 0.713148 0.746292 0.391826 0.432190 0.619007 0.807030 0.591099 0.453413 0.313091 0.310358 0.442439 0.421237 0.592075 0.540437 0.301100 0.417423 0.743854 0.884968 0.414557 0.609317 0.816755 0.726152 0.883268 0.921013 0.567351 0.539978 0.475559 0.628475 0.000000 0.273096 0.522436 0.854576 0.618115 0.833089 0.984118 0.899553 0.786747 0.940318 0.572117 0.599734 0.651199 0.660261 0.565899 0.524405 0.902084 0.965702 0.758056 0.695045 0.878841 0.886708 0.751651 0.777637 0.507307 0.474022 0.390647 0.451082 0.290106 0.397234 0.480263 0.535656 0.463903 0.417770 0.390337 0.380040 0.694949 0.679626 0.624584 0.578419 0.766510 0.740699 0.793410 0.822067 0.736209 0.620540 0.602701 0.696521 0.476529 0.617860 0.615963 0.737937 0.354921 0.434900 0.870817 0.964315 0.549780 0.519150 0.708651 0.870153 0.771631 0.794655 0.715169 0.788364 0.623420 0.858627 0.577388 0.546444 0.763416 0.796923 0.717119 0.787064 0.486361 0.488407 0.829106 0.746037 0.786489 0.762728 0.743484 0.762520 0.798071 0.849473 0.655486 0.983746
0.328933 0.367830 0.456552 0.437555 0.777637 0.666162 0.291236 0.325129 0.501312 0.637301 0.519588 0.386970 0.360459 0.415472 0.488742 0.458674 0.576199 0.523037 0.330875 0.395894 0.775646 0.912224 0.495676 0.707018 0.870865 0.753938 0.988454 0.951724 0.573072 0.537337 0.617076 0.700361 0.273096 0.000000 0.530184 0.823213 0.708252 0.834834 0.945716 0.880243 0.818319 0.871100 0.468508 0.436479 0.571458 0.594116 0.500232 0.465453 0.995403 0.858077 0.649199 0.553089 0.733873 0.753821 0.701200 0.819807 0.563085 0.504425 0.378424 0.466176 0.318597 0.361463 0.534923 0.532744 0.505106 0.410060 0.309524 0.326528 0.659746 0.664302 0.498210 0.536943 0.754260 0.729610 0.754879 0.878383 0.574030 0.583928 0.614046 0.763263 0.469677 0.608537 0.679304 0.743715 0.450512 0.523262 0.920958 0.941288 0.502403 0.610854 0.546962 0.674421 0.575947 0.637042 0.665678 0.814914 0.551075 0.812228 0.438135 0.430185 0.654454 0.656939 0.591993 0.654352 0.438502 0.443771 0.740547 0.583779 0.750627 0.779830 0.712148 0.657122 0.674030 0.821337 0.626100 0.989102
0.653328 0.741420 0.487410 0.497156 0.665527 0.836417 0.464719 0.567910 0.665951 0.781276 0.860820 0.781017 0.657064 0.689524 0.574745 0.574483 0.826724 0.818943 0.477562 0.714709 0.797060 0.872017 0.517897 0.682549 0.737266 0.751243 0.886042 0.836810 0.875378 0.893535 0.608229 0.789178 0.522436 0.530184 0.000000 0.772676 0.714198 0.819300 0.934019 0.898614 0.763286 0.756905 0.526229 0.585129 0.618760 0.695829 0.628139 0.569484 0.944278 0.844570 0.665903 0.643371 0.619531 0.651801 0.699734 0.697045 0.857767 0.846746 0.635701 0.760789 0.605244 0.746634 0.814905 0.867614 0.466290 0.579834 0.390198 0.494560 0.806611 0.896207 0.515729 0.536978 0.744226 0.698057 0.994664 0.922947 0.646993 0.631051 0.805548 0.879702 0.759509 0.828193 0.804523 0.870499 0.534506 0.589491 0.817098 0.876186 0.755007 0.674620 0.493302 0.607169 0.566963 0.529617 0.700688 0.761269 0.619258 0.804466 0.631145 0.599444 0.812154 0.753486 0.696457 0.849406 0.692741 0.486302 0.956192 0.684722 0.729321 0.760910 0.732575 0.888116 0.813956 0.868233 0.830267 0.975174
0.968202 0.867972 0.741879 0.715732 0.838931 0.939980 0.794445 0.867621 0.932677 0.958739 0.859243 0.974642 0.951946 0.849593 0.812359 0.701373 0.960085 0.975202 0.760703 0.902888 0.830437 0.935657 0.718646 0.734017 0.761122 0.677666 0.739352 0.994553 0.859332 0.896351 0.803114 0.811967 0.854576 0.823213 0.772676 0.000000 0.656770 0.901496 0.867116 0.927772 0.860119 0.865005 0.707806 0.799739 0.832828 0.926455 0.865891 0.761202 0.901362 0.992188 0.748973 0.734946 0.713153 0.676989 0.836027 0.912993 0.953770 0.954636 0.989799 0.932119 0.977366 0.989889 0.926483 0.891005 0.741432 0.729259 0.660760 0.688598 0.902162 0.832279 0.722089 0.733518 0.811522 0.866496 0.997421 0.944785 0.772914 0.887799 0.927072 0.998216 0.977025 0.951091 0.821931 0.932420 0.752108 0.664598 0.874213 0.993649 0.843672 0.893346 0.709081 0.772410 0.673307 0.709924 0.942852 0.932537 0.872534 0.946356 0.847511 0.923695 0.806177 0.809620 0.860076 0.959516 0.880179 0.812200 0.988082 0.845636 0.869725 0.956863 0.914764 0.850166 0.915922 0.992360 0.959748 0.961203
0.820821 0.833426 0.453904 0.540210 0.814683 0.966308 0.712546 0.882017 0.884942 0.837974 0.869905 0.941664 0.783462 0.738736 0.620206 0.489852 0.984104 0.858324 0.640050 0.794848 0.661809 0.860280 0.448536 0.559961 0.452549 0.448049 0.620884 0.752755 0.992883 0.918060 0.469511 0.658435 0.618115 0.708252 0.714198 0.656770 0.000000 0.501713 0.786413 0.760800 0.863060 0.953464 0.716337 0.867897 0.860899 0.927337 0.609507 0.736229 0.839098 0.943544 0.762358 0.777405 0.902540 0.789094 0.798860 0.912226 0.886517 0.880898 0.829725 0.995611 0.841133 0.972056 0.960688 0.971991 0.483817 0.661074 0.637180 0.616654 0.822208 0.933541 0.664906 0.605564 0.696003 0.687171 0.943669 0.937878 0.776119 0.594147 0.780883 0.912501 0.803247 0.843634 0.692030 0.892925 0.476108 0.469616 0.971934 0.910819 0.694424 0.639003 0.843962 0.837453 0.828650 0.817674 0.757322 0.850360 0.853044 0.954711 0.873604 0.835455 0.984249 0.903347 0.876194 0.929439 0.740981 0.784810 0.881694 0.832441 0.864633 0.932534 0.894093 0.920197 0.961789 0.923100 0.991592 0.978261
0.954912 0.997437 0.650007 0.683724 0.859208 0.901758 0.824992 0.953202 0.920546 0.893965 0.863697 0.950062 0.819160 0.883246 0.722174 0.685646 0.951529 0.956496 0.877190 0.962868 0.658953 0.944806 0.643404 0.726348 0.565943 0.598187 0.722296 0.858735 0.972718 0.895275 0.645359 0.796482 0.833089 0.834834 0.819300 0.901496 0.501713 0.000000 0.760614 0.894505 0.975492 0.957187 0.855445 0.902237 0.946389 0.953407 0.743559 0.829096 0.806880 0.950800 0.878096 0.886851 0.961280 0.840089 0.887630 0.983108 0.929012 0.958378 0.883919 0.917661 0.924403 0.958108 0.986458 0.973131 0.637009 0.787500 0.736127 0.768474 0.981271 0.994970 0.713459 0.756372 0.640433 0.799302 0.993393 0.855160 0.814396 0.752890 0.894754 0.901208 0.953779 0.923191 0.819549 0.965570 0.717880 0.672002 0.946405 0.797843 0.882831 0.929027 0.827587 0.844007 0.837812 0.809750 0.770041 0.847630 0.821938 0.854021 0.973650 0.957203 0.969777 0.978838 0.968263 0.960254 0.914967 0.824474 0.781303 0.824147 0.916530 0.958006 0.915796 0.986094 0.989519 0.717113 0.981407 0.823359
