0.000000 0.239480 0.704553 0.819813 0.958499 0.801142 0.457240 0.408275 0.849177 0.484771 0.248546 0.219532 0.319539 0.381314 0.404336 0.480975 0.260551 0.241464 0.299497 0.282395 0.865732 0.865948 0.361037 0.922915 0.927085 0.924213 0.898524 0.874553 0.253324 0.271952 0.494253 0.437563 0.368783 0.349668 0.995642 0.935338 0.593929 0.813906 0.864390 0.953123 0.691761 0.757569 0.737155 0.638339 0.717316 0.614529 0.563633 0.505040 0.616938 0.634328 0.760489 0.740655 0.791426 0.924249 0.740206 0.751035 0.278133 0.252709 0.369502 0.342808 0.299278 0.502035 0.240305 0.246572 0.968660 0.978726 0.743696 0.746044 0.314920 0.296042 0.514922 0.555957 0.577257 0.622361 0.658184 0.898184 0.531852 0.592010 0.486943 0.304176 0.215206 0.288265 0.544403 0.503937 0.713409 0.962246 0.914687 0.794883 0.824653 0.696940 0.946024 0.925063 0.964611 0.850711 0.626589 0.805367 0.682783 0.837366 0.524094 0.532103 0.746914 0.740244 0.500071 0.552375 0.531023 0.544154 0.876438 0.954158 0.945861 0.813644 0.845276 0.635928 0.542907 0.761207 0.827056 0.867398
0.239480 0.000000 0.760734 0.847667 0.936929 0.831317 0.414337 0.355539 0.794614 0.387604 0.355678 0.288752 0.481330 0.525878 0.510605 0.573797 0.195329 0.188321 0.317351 0.284852 0.982596 0.809448 0.411982 0.988096 0.817455 0.876355 0.829393 0.947125 0.243998 0.250615 0.497261 0.466303 0.328617 0.298545 0.964506 0.792593 0.620554 0.768755 0.981316 0.972600 0.796366 0.615445 0.545973 0.449659 0.511691 0.450381 0.511971 0.398164 0.448927 0.493814 0.582043 0.580376 0.648402 0.881120 0.766427 0.729982 0.186825 0.174092 0.346192 0.346259 0.379378 0.548276 0.202356 0.194714 0.894705 0.909044 0.676020 0.658659 0.393467 0.266149 0.447922 0.480026 0.568918 0.549890 0.705041 0.823093 0.459384 0.445130 0.436441 0.353198 0.203859 0.352017 0.533090 0.566964 0.793662 0.897673 0.757568 0.741223 0.839916 0.815797 0.747783 0.734155 0.776617 0.995882 0.559658 0.780627 0.611245 0.650833 0.378941 0.364969 0.665748 0.585113 0.369190 0.411878 0.473150 0.453056 0.751502 0.850126 0.921637 0.846413 0.717336 0.490538 0.488253 0.651005 0.730912 0.915284
0.704553 0.760734 0.000000 0.244337 0.960971 0.693962 0.336492 0.491294 0.870501 0.900834 0.721278 0.796117 0.711479 0.622809 0.710226 0.591651 0.759858 0.691849 0.637393 0.622489 0.596359 0.807200 0.428390 0.422266 0.494176 0.400914 0.874950 0.909240 0.890507 0.754280 0.411647 0.478875 0.451342 0.504861 0.528813 0.625957 0.678928 0.682103 0.450779 0.802087 0.912607 0.885188 0.476014 0.520745 0.577057 0.594910 0.448568 0.475895 0.932476 0.826325 0.764312 0.777470 0.764340 0.967775 0.714058 0.743918 0.792291 0.817736 0.773896 0.777101 0.608929 0.665715 0.803746 0.876785 0.457781 0.459203 0.297636 0.385925 0.828386 0.798435 0.557011 0.526567 0.630006 0.592168 0.686862 0.868985 0.570727 0.800268 0.640345 0.596021 0.726166 0.644535 0.731507 0.752230 0.684783 0.560722 0.884230 0.928135 0.993958 0.709192 0.738645 0.839874 0.647420 0.647814 0.723511 0.681003 0.442124 0.847563 0.680386 0.660582 0.735816 0.742717 0.794055 0.814533 0.504818 0.705411 0.835889 0.760587 0.909965 0.870847 0.784223 0.863826 0.702802 0.807032 0.731000 0.937640
0.819813 0.847667 0.244337 0.000000 0.867941 0.705780 0.414069 0.508461 0.920911 0.928328 0.784516 0.906022 0.821843 0.734052 0.813339 0.665500 0.832481 0.784996 0.696498 0.688056 0.616886 0.808759 0.512058 0.454988 0.523218 0.404131 0.790736 0.822793 0.948543 0.848701 0.540839 0.542811 0.561675 0.608865 0.512601 0.561456 0.675975 0.717328 0.506992 0.916984 0.988285 0.869612 0.566679 0.613414 0.661857 0.696378 0.511523 0.592044 0.952520 0.842572 0.831219 0.840792 0.836396 0.995224 0.773788 0.785723 0.842820 0.879575 0.783542 0.825494 0.785580 0.731308 0.911898 0.985692 0.499767 0.447221 0.320679 0.420492 0.854114 0.875899 0.560964 0.566115 0.724723 0.657755 0.858756 0.951013 0.607139 0.801059 0.699107 0.700018 0.805887 0.674486 0.823873 0.832905 0.740787 0.572010 0.891065 0.949931 0.999170 0.674156 0.672888 0.760207 0.582318 0.537832 0.863291 0.629337 0.512356 0.801354 0.741317 0.664876 0.695913 0.813125 0.842957 0.794265 0.553416 0.755605 0.871803 0.804371 0.856123 0.909843 0.785567 0.867780 0.694519 0.812739 0.835821 0.840403
0.958499 0.936929 0.960971 0.867941 0.000000 0.997730 0.957098 0.901438 0.995900 0.980172 0.967507 0.939379 0.995582 0.873838 0.932901 0.929816 0.941431 0.968782 0.968473 0.931240 0.812832 0.958188 0.932031 0.960499 0.957008 0.948789 0.893307 0.895323 0.984445 0.946082 0.927440 0.964340 0.984897 0.931622 0.978851 0.892884 0.820946 0.956815 0.849187 0.905339 0.856465 0.995469 0.949501 0.964535 0.925044 0.921433 0.922596 0.939426 0.912263 0.835325 0.845665 0.802389 0.837984 0.786642 0.917319 0.971125 0.926705 0.907247 0.890541 0.886020 0.912520 0.794170 0.896189 0.878866 0.924624 0.831704 0.895729 0.886237 0.931860 0.974287 0.871732 0.787404 0.968115 0.939437 0.949372 0.898909 0.976156 0.965201 0.941312 0.997369 0.888469 0.895795 0.866627 0.979018 0.909307 0.909045 0.856899 0.856482 0.876978 0.927031 0.757207 0.936354 0.799084 0.895161 0.978926 0.973523 0.946378 0.827218 0.922706 0.854558 0.794061 0.979065 0.999253 0.924264 0.825062 0.971218 0.791098 0.941558 0.733160 0.897719 0.887258 0.842337 0.821220 0.999614 0.943380 0.935804
0.801142 0.831317 0.693962 0.705780 0.997730 0.000000 0.684455 0.840444 0.862084 0.826607 0.759876 0.674168 0.570049 0.654534 0.632276 0.442918 0.857300 0.810904 0.683652 0.756442 0.704882 0.751390 0.594417 0.621075 0.867004 0.744746 0.837806 0.635405 0.874976 0.790543 0.763299 0.707211 0.719958 0.675671 0.956528 0.975036 0.979161 0.963298 0.720126 0.962046 0.866585 0.963873 0.846805 0.810701 0.967010 0.984155 0.914350 0.825802 0.944682 0.971926 0.945775 0.960144 0.987970 0.944103 0.927522 0.927287 0.912395 0.883225 0.910704 0.926935 0.850714 0.991439 0.860358 0.890964 0.931069 0.931704 0.836113 0.953463 0.889018 0.763504 0.797661 0.755176 0.809159 0.681010 0.679806 0.810980 0.830874 0.710813 0.782125 0.681842 0.801316 0.710587 0.986587 0.872232 0.844326 0.865402 0.887638 0.848665 0.869140 0.980835 0.832274 0.844211 0.904375 0.850809 0.854644 0.766383 0.814391 0.952619 0.909581 0.829198 0.917336 0.943495 0.873043 0.861547 0.732828 0.871405 0.926432 0.968490 0.981360 0.861680 0.978125 0.978871 0.814944 0.915364 0.941508 0.963745
0.457240 0.414337 0.336492 0.414069 0.957098 0.684455 0.000000 0.229471 0.622608 0.442780 0.497951 0.549201 0.549276 0.610883 0.586447 0.557877 0.454691 0.424534 0.359453 0.360380 0.726418 0.807273 0.259268 0.686320 0.890196 0.749007 0.865122 0.970648 0.572768 0.457874 0.272607 0.378579 0.252345 0.230903 0.675778 0.569846 0.626472 0.723836 0.718684 0.943551 0.846994 0.716553 0.296816 0.289937 0.350094 0.351222 0.362373 0.333331 0.547465 0.486456 0.502394 0.487949 0.517884 0.781615 0.792409 0.743787 0.428750 0.448210 0.396575 0.471484 0.430310 0.589377 0.434336 0.474037 0.828873 0.825622 0.325595 0.431816 0.681830 0.500029 0.348274 0.306560 0.613955 0.468817 0.687141 0.786437 0.364742 0.538520 0.392524 0.424619 0.465431 0.549774 0.692174 0.695325 0.866909 0.960594 0.964569 0.771462 0.941774 0.858328 0.475254 0.548905 0.546802 0.614308 0.635187 0.632243 0.357311 0.657169 0.309311 0.304073 0.557152 0.507249 0.419828 0.452150 0.358187 0.430845 0.592746 0.672082 0.762880 0.848849 0.583109 0.581583 0.425328 0.630082 0.602483 0.944980
0.408275 0.355539 0.491294 0.508461 0.901438 0.840444 0.229471 0.000000 0.637033 0.369275 0.414739 0.505781 0.587956 0.654057 0.685763 0.700925 0.370254 0.391754 0.375940 0.327284 0.897466 0.873969 0.378527 0.882311 0.905087 0.935611 0.831034 0.910489 0.452708 0.428003 0.394432 0.425893 0.325034 0.302890 0.787255 0.620638 0.647111 0.813706 0.896528 0.985520 0.807530 0.636540 0.426196 0.434874 0.398130 0.415002 0.461716 0.455078 0.479002 0.505036 0.572032 0.568432 0.631295 0.876337 0.828981 0.710635 0.350842 0.351293 0.352686 0.424418 0.480980 0.535841 0.377289 0.384859 0.991648 0.940499 0.449865 0.532948 0.591783 0.445144 0.349371 0.379765 0.664119 0.613975 0.734809 0.916512 0.378309 0.588002 0.439949 0.480675 0.403352 0.520559 0.710960 0.722102 0.965931 0.893297 0.919963 0.718521 0.832100 0.811619 0.484950 0.546933 0.551308 0.667034 0.638303 0.662350 0.421771 0.614377 0.290308 0.284346 0.473290 0.522803 0.380984 0.389095 0.390390 0.459731 0.619361 0.697119 0.753852 0.857084 0.544758 0.522112 0.338065 0.571503 0.641794 0.995006
0.849177 0.794614 0.870501 0.920911 0.995900 0.862084 0.622608 0.637033 0.000000 0.505667 0.748535 0.825136 0.722758 0.997179 0.909289 0.955035 0.873518 0.945010 0.837924 0.871855 0.963765 0.877635 0.849259 0.804731 0.757764 0.836580 0.745902 0.928778 0.925869 0.948081 0.817926 0.935510 0.845971 0.712134 0.902247 0.823581 0.825113 0.951516 0.849277 0.960735 0.983899 0.919812 0.770674 0.737985 0.731012 0.652225 0.826656 0.771824 0.619508 0.573481 0.592340 0.595132 0.591583 0.695529 0.888626 0.987687 0.906619 0.809517 0.514967 0.670414 0.708292 0.762385 0.742725 0.758016 0.832542 0.829878 0.879437 0.951171 0.965189 0.797164 0.844790 0.820139 0.842626 0.993202 0.910709 0.970458 0.778229 0.828942 0.744739 0.886180 0.926907 0.913494 0.920361 0.892563 0.801283 0.688062 0.917934 0.768130 0.873141 0.936751 0.713378 0.782875 0.922779 0.763618 0.857476 0.986884 0.895484 0.925715 0.667711 0.648219 0.899172 0.800643 0.599988 0.668231 0.759480 0.760075 0.773159 0.751473 0.746998 0.970384 0.751506 0.828503 0.742702 0.835605 0.606376 0.902215
0.484771 0.387604 0.900834 0.928328 0.980172 0.826607 0.442780 0.369275 0.505667 0.000000 0.486605 0.464554 0.502012 0.685457 0.599273 0.725944 0.450975 0.508331 0.394376 0.407035 0.986303 0.844505 0.507769 0.869627 0.542469 0.656815 0.668610 0.896157 0.439352 0.429019 0.595137 0.611376 0.486385 0.418398 0.827095 0.812428 0.844178 0.995280 0.865699 0.814622 0.992668 0.698832 0.593560 0.547770 0.560337 0.532763 0.649700 0.607116 0.364592 0.451240 0.580033 0.561774 0.636009 0.819567 0.972514 0.924385 0.445062 0.391869 0.334199 0.475908 0.617779 0.827328 0.367331 0.361539 0.557463 0.570246 0.904531 0.998030 0.600462 0.428733 0.542714 0.570989 0.811112 0.739779 0.754004 0.776582 0.491971 0.566644 0.410235 0.551087 0.467364 0.705920 0.905340 0.839004 0.780327 0.502178 0.782703 0.622626 0.888987 0.889139 0.612170 0.540152 0.812265 0.921320 0.749058 0.864185 0.642329 0.675756 0.352893 0.356987 0.672796 0.570831 0.365083 0.419095 0.695711 0.585698 0.701641 0.764592 0.739442 0.881834 0.706021 0.663962 0.444771 0.709697 0.776525 0.939901
0.248546 0.355678 0.721278 0.784516 0.967507 0.759876 0.497951 0.414739 0.748535 0.486605 0.000000 0.333621 0.326119 0.462926 0.533826 0.569800 0.403133 0.395596 0.389743 0.346944 0.973785 0.849781 0.480689 0.957128 0.886011 0.919501 0.882459 0.885592 0.396536 0.384416 0.570080 0.526492 0.461689 0.484233 0.956087 0.877122 0.686751 0.871338 0.924520 0.989855 0.718537 0.712664 0.822160 0.729707 0.771889 0.688265 0.720478 0.673946 0.664987 0.696124 0.823426 0.783023 0.800851 0.937790 0.833164 0.736960 0.430061 0.377731 0.440204 0.444353 0.397900 0.572316 0.349263 0.372393 0.908547 0.956744 0.791139 0.831452 0.365159 0.411319 0.523427 0.505877 0.659003 0.724123 0.671414 0.993733 0.536198 0.599407 0.593444 0.370821 0.331759 0.393943 0.720993 0.654918 0.863379 0.849283 0.954297 0.698669 0.838185 0.790191 0.845830 0.857669 0.871560 0.965309 0.713447 0.848206 0.693818 0.867698 0.537957 0.560394 0.750788 0.717974 0.485211 0.535636 0.572738 0.579719 0.906806 0.960052 0.843703 0.804030 0.832334 0.698107 0.546230 0.801472 0.826595 0.969332
0.219532 0.288752 0.796117 0.906022 0.939379 0.674168 0.549201 0.505781 0.825136 0.464554 0.333621 0.000000 0.268406 0.391771 0.382021 0.364688 0.294908 0.309391 0.375250 0.392888 0.882477 0.857284 0.369403 0.879033 0.898242 0.916402 0.898982 0.972594 0.294364 0.297479 0.580107 0.495789 0.423537 0.411788 0.948527 0.974235 0.724275 0.957070 0.924478 0.989080 0.811888 0.852867 0.772764 0.660214 0.799970 0.668179 0.674013 0.563797 0.652569 0.624211 0.750241 0.692790 0.780072 0.966180 0.799592 0.798617 0.380705 0.304358 0.433698 0.380497 0.322113 0.520303 0.240219 0.261082 0.925901 0.957495 0.854221 0.836918 0.395399 0.327371 0.577173 0.600817 0.548296 0.554957 0.614991 0.850854 0.584309 0.564548 0.490407 0.331269 0.249895 0.335328 0.570699 0.558878 0.719173 0.959758 0.850552 0.893092 0.867692 0.754357 0.958254 0.973162 0.978131 0.716254 0.614191 0.849135 0.726313 0.872451 0.613318 0.571156 0.821907 0.781729 0.581171 0.651395 0.540635 0.550544 0.906028 0.937819 0.976363 0.819580 0.915542 0.686331 0.545279 0.858387 0.818224 0.924053
0.319539 0.481330 0.711479 0.821843 0.995582 0.570049 0.549276 0.587956 0.722758 0.502012 0.326119 0.268406 0.000000 0.348464 0.381804 0.316921 0.516792 0.520206 0.423465 0.496526 0.780973 0.893906 0.376371 0.748751 0.973852 0.977453 0.997711 0.994633 0.453706 0.410375 0.603485 0.511144 0.511890 0.490037 0.879208 0.969614 0.740678 0.999433 0.812698 0.958180 0.818801 0.953744 0.849845 0.744521 0.921926 0.756649 0.707154 0.669583 0.760295 0.688613 0.823434 0.751605 0.806408 0.996965 0.813662 0.823197 0.609410 0.502202 0.508666 0.508309 0.360115 0.632202 0.391534 0.437226 0.958816 0.951455 0.928470 0.952472 0.456869 0.444531 0.649551 0.665062 0.623783 0.654642 0.686062 0.873234 0.650482 0.644099 0.548728 0.393530 0.436547 0.451213 0.706576 0.622167 0.779729 0.962568 0.913042 0.931646 0.826188 0.854672 0.959991 0.985878 0.839432 0.774729 0.728387 0.874545 0.751065 0.985357 0.708224 0.698455 0.928716 0.821192 0.645751 0.725651 0.687398 0.683168 0.990884 0.873768 0.859204 0.756746 0.973145 0.873959 0.653167 0.968090 0.853930 0.975682
0.381314 0.525878 0.622809 0.734052 0.873838 0.654534 0.610883 0.654057 0.997179 0.685457 0.462926 0.391771 0.348464 0.000000 0.329047 0.364920 0.562380 0.517501 0.415059 0.420626 0.753086 0.801622 0.418511 0.628242 0.887426 0.880109 0.998483 0.932309 0.467756 0.434838 0.596099 0.449838 0.520376 0.521877 0.959062 0.956898 0.738873 0.963626 0.646023 0.864507 0.783613 0.876523 0.858491 0.808063 0.997918 0.886374 0.632262 0.682300 0.931817 0.974848 0.938468 0.978982 0.959728 0.716778 0.674549 0.774540 0.652879 0.624896 0.706337 0.721707 0.535871 0.729974 0.577911 0.594044 0.864507 0.890521 0.881194 0.884749 0.413761 0.483000 0.772807 0.810417 0.549706 0.708618 0.677450 0.926206 0.621338 0.708021 0.644875 0.450379 0.440630 0.334290 0.556473 0.538285 0.609807 0.814088 0.937715 0.954407 0.890760 0.731590 0.852153 0.922343 0.841590 0.758435 0.715429 0.822203 0.756952 0.856047 0.841547 0.802136 0.923233 0.892588 0.757934 0.785175 0.737404 0.761242 0.905278 0.825327 0.948648 0.766177 0.941414 0.906353 0.803897 0.931558 0.967421 0.887848
0.404336 0.510605 0.710226 0.813339 0.932901 0.632276 0.586447 0.685763 0.909289 0.599273 0.533826 0.382021 0.381804 0.329047 0.000000 0.391193 0.513461 0.471220 0.408619 0.428394 0.814539 0.781740 0.421098 0.700776 0.972999 0.917715 0.921163 0.918133 0.484368 0.388039 0.512729 0.445095 0.505028 0.485970 0.965982 0.985897 0.788410 0.943023 0.740512 0.915275 0.801655 0.974312 0.771184 0.689030 0.907268 0.809703 0.670340 0.596117 0.826013 0.793332 0.917695 0.861010 0.930300 0.884510 0.851592 0.901270 0.636270 0.583322 0.595517 0.634083 0.546268 0.810330 0.535080 0.545802 0.982671 0.960962 0.882223 0.916429 0.403195 0.490923 0.737750 0.726761 0.553077 0.617877 0.693555 0.854998 0.645290 0.638611 0.476588 0.449147 0.457222 0.436056 0.609625 0.553106 0.758907 0.928897 0.985433 0.976283 0.870917 0.852259 0.934488 0.953224 0.821799 0.777430 0.694635 0.946389 0.739127 0.805170 0.748470 0.706255 0.905856 0.903123 0.693670 0.748782 0.768710 0.764047 0.931025 0.836495 0.966757 0.759703 0.923228 0.860413 0.776450 0.909877 0.972752 0.991221
0.480975 0.573797 0.591651 0.665500 0.929816 0.442918 0.557877 0.700925 0.955035 0.725944 0.569800 0.364688 0.316921 0.364920 0.391193 0.000000 0.548316 0.544153 0.441361 0.521378 0.701094 0.745577 0.348997 0.486462 0.770254 0.769882 0.938456 0.791676 0.574161 0.465743 0.574258 0.466977 0.487996 0.472395 0.975270 0.959253 0.782284 0.953326 0.689972 0.888388 0.940265 0.982035 0.698885 0.628713 0.915248 0.788506 0.650936 0.580077 0.926288 0.754274 0.854812 0.766401 0.849962 0.946856 0.746959 0.915048 0.694989 0.628200 0.661315 0.690768 0.509066 0.718897 0.548497 0.605565 0.801585 0.796111 0.791301 0.814239 0.589646 0.532138 0.668345 0.644240 0.530637 0.527428 0.674339 0.777141 0.687946 0.655180 0.561393 0.425170 0.519444 0.450780 0.704400 0.640674 0.646098 0.728461 0.819347 0.931967 0.958769 0.783167 0.984666 0.964386 0.923460 0.847094 0.761014 0.754040 0.702322 0.855174 0.770583 0.702152 0.950099 0.832861 0.767475 0.823272 0.615094 0.671245 0.995460 0.914411 0.954762 0.716567 0.978716 0.865420 0.693649 0.946305 0.916518 0.957609
0.260551 0.195329 0.759858 0.832481 0.941431 0.857300 0.454691 0.370254 0.873518 0.450975 0.403133 0.294908 0.516792 0.562380 0.513461 0.548316 0.000000 0.182353 0.331071 0.284827 0.966058 0.787427 0.414599 0.952996 0.891395 0.906360 0.872191 0.984810 0.279224 0.249023 0.460604 0.438541 0.330554 0.325904 0.967473 0.830306 0.698449 0.787782 0.978814 0.984459 0.810440 0.651618 0.538920 0.489025 0.532820 0.492324 0.523091 0.435353 0.494571 0.523720 0.623832 0.609374 0.698909 0.900510 0.809173 0.834053 0.211999 0.209259 0.376589 0.395904 0.430817 0.598394 0.227710 0.233316 0.911653 0.947434 0.683492 0.696386 0.428282 0.291739 0.443241 0.460805 0.539693 0.541737 0.653103 0.860858 0.489110 0.497437 0.428203 0.377488 0.215916 0.381029 0.540184 0.603976 0.814756 0.917637 0.776842 0.753408 0.860718 0.836730 0.769612 0.771124 0.805111 0.957854 0.623186 0.767637 0.608561 0.695115 0.421840 0.395034 0.624431 0.627240 0.441528 0.462814 0.470648 0.441776 0.770056 0.892202 0.958434 0.867313 0.762423 0.535036 0.474639 0.642003 0.721326 0.937344
0.241464 0.188321 0.691849 0.784996 0.968782 0.810904 0.424534 0.391754 0.945010 0.508331 0.395596 0.309391 0.520206 0.517501 0.471220 0.544153 0.182353 0.000000 0.313146 0.249137 0.908957 0.776428 0.366721 0.873925 0.976035 0.987575 0.884587 0.983070 0.255254 0.227268 0.422531 0.401457 0.315256 0.284538 0.849958 0.831028 0.621463 0.763277 0.865995 0.930568 0.702216 0.686522 0.526767 0.449529 0.528208 0.498202 0.529751 0.397934 0.541806 0.570943 0.671331 0.665426 0.726329 0.944886 0.733853 0.758652 0.194735 0.207209 0.428486 0.414901 0.433107 0.613627 0.245942 0.239245 0.973858 0.986943 0.632096 0.613171 0.404343 0.319813 0.432892 0.456991 0.504508 0.478170 0.722460 0.813128 0.463882 0.476227 0.439250 0.324344 0.194264 0.306049 0.497434 0.525721 0.740323 0.985858 0.834209 0.812727 0.867047 0.767276 0.762802 0.773752 0.760070 0.987030 0.554710 0.796775 0.605587 0.675416 0.438810 0.421273 0.713905 0.623589 0.448704 0.480118 0.457114 0.478563 0.780188 0.934608 0.971724 0.848787 0.755176 0.519931 0.504520 0.617222 0.782696 0.869656
0.299497 0.317351 0.637393 0.696498 0.968473 0.683652 0.359453 0.375940 0.837924 0.394376 0.389743 0.375250 0.423465 0.415059 0.408619 0.441361 0.331071 0.313146 0.000000 0.233234 0.794425 0.711340 0.327453 0.827553 0.970856 0.968814 0.882768 0.982570 0.294679 0.268227 0.379048 0.346917 0.293331 0.266572 0.997457 0.769884 0.678620 0.824461 0.810435 0.953703 0.867450 0.681476 0.552742 0.508291 0.619305 0.581547 0.513327 0.464673 0.575455 0.601375 0.749006 0.714443 0.820806 0.957886 0.883147 0.852617 0.348839 0.356527 0.400952 0.480137 0.534489 0.807527 0.352448 0.387607 0.874097 0.864164 0.699281 0.822159 0.429195 0.326079 0.471265 0.488304 0.564154 0.551182 0.651837 0.814500 0.480156 0.476992 0.454965 0.374512 0.357645 0.426272 0.693146 0.694692 0.924451 0.879915 0.796425 0.792625 0.937635 0.923206 0.779117 0.700940 0.867282 0.982879 0.776317 0.660752 0.611632 0.696398 0.425586 0.406621 0.648596 0.606312 0.437521 0.443094 0.569955 0.588742 0.821982 0.910732 0.947321 0.864141 0.786255 0.662255 0.473436 0.667555 0.857214 0.949968
0.282395 0.284852 0.622489 0.688056 0.931240 0.756442 0.360380 0.327284 0.871855 0.407035 0.346944 0.392888 0.496526 0.420626 0.428394 0.521378 0.284827 0.249137 0.233234 0.000000 0.878247 0.729140 0.337884 0.832683 0.903434 0.961138 0.775408 0.992140 0.308771 0.226578 0.381516 0.334438 0.314494 0.274919 0.937022 0.796496 0.658418 0.791161 0.790007 0.957510 0.766295 0.656650 0.534620 0.502394 0.601677 0.611472 0.554779 0.476607 0.624789 0.666338 0.805157 0.775314 0.824971 0.927669 0.863056 0.870128 0.286973 0.311331 0.426369 0.498859 0.538485 0.762581 0.360869 0.344352 0.868239 0.888974 0.677582 0.741820 0.425899 0.359248 0.432077 0.456843 0.561286 0.591729 0.677387 0.786321 0.401683 0.484144 0.424957 0.384927 0.294879 0.378235 0.694200 0.672639 0.947325 0.859467 0.785691 0.673564 0.994598 0.875649 0.737902 0.636051 0.769054 0.939946 0.649404 0.731470 0.558994 0.641245 0.390324 0.377783 0.628572 0.566294 0.385295 0.405820 0.517081 0.505146 0.786203 0.840955 0.942827 0.790620 0.737703 0.597537 0.477721 0.630298 0.846313 0.980344
0.865732 0.982596 0.596359 0.616886 0.812832 0.704882 0.726418 0.897466 0.963765 0.986303 0.973785 0.882477 0.780973 0.753086 0.814539 0.701094 0.966058 0.908957 0.794425 0.878247 0.000000 0.838056 0.675586 0.611406 0.603195 0.641977 0.819024 0.790644 0.962431 0.929190 0.747144 0.719018 0.784343 0.775573 0.740240 0.893552 0.849315 0.865500 0.537385 0.864179 0.926634 0.910370 0.863638 0.864936 0.942937 0.930660 0.693644 0.797466 0.865745 0.934352 0.961476 0.952476 0.965756 0.825677 0.891275 0.913030 0.903530 0.990922 0.943883 0.936887 0.841357 0.937013 0.938721 0.972508 0.665733 0.717481 0.704339 0.779968 0.950340 0.912854 0.878524 0.880571 0.778020 0.820633 0.830248 0.822907 0.980860 0.982648 0.927635 0.824713 0.943182 0.795390 0.872707 0.762118 0.769899 0.682821 0.926254 0.879202 0.983884 0.857531 0.945795 0.924281 0.928356 0.955220 0.953951 0.649375 0.811394 0.818503 0.950375 0.961378 0.979168 0.887704 0.964667 0.970872 0.983831 0.969168 0.876888 0.881468 0.955386 0.983813 0.949870 0.820893 0.972431 0.944718 0.879281 0.912933
0.865948 0.809448 0.807200 0.808759 0.958188 0.751390 0.807273 0.873969 0.877635 0.844505 0.849781 0.857284 0.893906 0.801622 0.781740 0.745577 0.787427 0.776428 0.711340 0.729140 0.838056 0.000000 0.797437 0.910969 0.902837 0.894605 0.845794 0.754755 0.832132 0.777810 0.708657 0.722518 0.774938 0.774216 0.888145 0.791320 0.846066 0.651919 0.861718 0.991036 0.882501 0.789926 0.788945 0.799845 0.858951 0.904308 0.932065 0.798989 0.959169 0.925058 0.968994 0.932683 0.930620 0.975312 0.912794 0.878826 0.851822 0.893756 0.871365 0.966553 0.982764 0.876892 0.877119 0.905568 0.940426 0.950728 0.899300 0.976596 0.854018 0.822846 0.800152 0.778338 0.765644 0.744413 0.859742 0.799711 0.897850 0.774154 0.868657 0.783308 0.828425 0.877435 0.955021 0.965885 0.915543 0.970844 0.916400 0.740225 0.899459 0.942091 0.837336 0.874053 0.910139 0.876277 0.945646 0.888595 0.940958 0.776349 0.827988 0.800655 0.925736 0.825594 0.684189 0.636670 0.846105 0.954369 0.964442 0.910744 0.941477 0.845154 0.927559 0.938118 0.894214 0.837834 0.954540 0.880356
0.361037 0.411982 0.428390 0.512058 0.932031 0.594417 0.259268 0.378527 0.849259 0.507769 0.480689 0.369403 0.376371 0.418511 0.421098 0.348997 0.414599 0.366721 0.327453 0.337884 0.675586 0.797437 0.000000 0.545391 0.869178 0.749777 0.929748 0.940848 0.482645 0.342112 0.302477 0.293386 0.252872 0.265910 0.794462 0.790316 0.674059 0.832126 0.668595 0.987309 0.865593 0.763752 0.452672 0.419142 0.568264 0.525574 0.446911 0.416574 0.683957 0.605142 0.660243 0.603370 0.666831 0.880743 0.772967 0.805608 0.433122 0.430430 0.479658 0.497566 0.389726 0.659308 0.377991 0.420547 0.870997 0.878790 0.519937 0.585600 0.592601 0.456244 0.400314 0.386181 0.495376 0.395540 0.685513 0.750252 0.433883 0.541405 0.394770 0.362625 0.371216 0.415165 0.609243 0.620828 0.751636 0.896997 0.924428 0.893002 0.994505 0.854580 0.691495 0.715667 0.746013 0.939097 0.650905 0.679874 0.469627 0.729562 0.461935 0.450788 0.709729 0.663958 0.519266 0.553774 0.434648 0.480328 0.711935 0.900217 0.851914 0.757450 0.734111 0.663197 0.449686 0.785245 0.754643 0.999779
0.922915 0.988096 0.422266 0.454988 0.960499 0.621075 0.686320 0.882311 0.804731 0.869627 0.957128 0.879033 0.748751 0.628242 0.700776 0.486462 0.952996 0.873925 0.827553 0.832683 0.611406 0.910969 0.545391 0.000000 0.464282 0.435527 0.798457 0.828858 0.933358 0.846509 0.678895 0.589186 0.700205 0.770647 0.703880 0.855188 0.866821 0.954693 0.438170 0.858062 0.955106 0.906165 0.781696 0.800290 0.977325 0.981846 0.739916 0.757402 0.766845 0.879516 0.893336 0.916783 0.902518 0.864656 0.850708 0.891773 0.961234 0.934403 0.872615 0.898415 0.858586 0.937084 0.955731 0.908362 0.503840 0.496666 0.640787 0.657225 0.981113 0.992063 0.809044 0.769734 0.665177 0.657813 0.881451 0.906518 0.795536 0.913433 0.825071 0.775880 0.902362 0.701065 0.771347 0.690048 0.632406 0.479019 0.904897 0.729293 0.966570 0.845599 0.952648 0.994873 0.903669 0.929727 0.853145 0.808205 0.683399 0.879876 0.973733 0.959036 0.978729 0.994040 0.913161 0.856261 0.814789 0.888909 0.948513 0.944165 0.963774 0.862279 0.970125 0.925143 0.969550 0.918798 0.952849 0.953669
0.927085 0.817455 0.494176 0.523218 0.957008 0.867004 0.890196 0.905087 0.757764 0.542469 0.886011 0.898242 0.973852 0.887426 0.972999 0.770254 0.891395 0.976035 0.970856 0.903434 0.603195 0.902837 0.869178 0.464282 0.000000 0.287845 0.591625 0.790399 0.801813 0.884696 0.763443 0.798571 0.856747 0.967687 0.503769 0.839589 0.875610 0.742232 0.453928 0.664900 0.989262 0.890134 0.870622 0.877455 0.934631 0.932447 0.765332 0.781084 0.726111 0.871500 0.977412 0.938573 0.954332 0.911813 0.750934 0.886697 0.825084 0.773455 0.815664 0.891622 0.931142 0.874918 0.837623 0.724339 0.298254 0.335623 0.578221 0.581074 0.979314 0.850222 0.964608 0.962487 0.717618 0.762322 0.897227 0.901872 0.976919 0.882468 0.909023 0.905381 0.910680 0.859479 0.772454 0.854225 0.512237 0.297363 0.803555 0.710920 0.969476 0.661755 0.803038 0.669528 0.968925 0.963564 0.894991 0.909345 0.871397 0.850762 0.745631 0.813876 0.925713 0.918756 0.708457 0.708272 0.908454 0.933809 0.873628 0.908366 0.851614 0.960291 0.969741 0.806042 0.812347 0.949042 0.958083 0.901604
0.924213 0.876355 0.400914 0.404131 0.948789 0.744746 0.749007 0.935611 0.836580 0.656815 0.919501 0.916402 0.977453 0.880109 0.917715 0.769882 0.906360 0.987575 0.968814 0.961138 0.641977 0.894605 0.749777 0.435527 0.287845 0.000000 0.649957 0.733075 0.810747 0.919368 0.690765 0.725519 0.783232 0.848512 0.444865 0.800291 0.865428 0.769911 0.459384 0.661597 0.956231 0.965771 0.728482 0.740078 0.836212 0.866335 0.716134 0.768946 0.826661 0.946162 0.931885 0.963344 0.932089 0.985823 0.725453 0.778134 0.872505 0.799267 0.861787 0.872187 0.925209 0.878686 0.870093 0.754214 0.304910 0.317737 0.458609 0.482054 0.961771 0.900519 0.901994 0.810370 0.710161 0.674974 0.949402 0.907782 0.933075 0.955669 0.957046 0.873732 0.983433 0.794829 0.757573 0.850240 0.538688 0.294488 0.829865 0.710498 0.986092 0.678679 0.963137 0.918541 0.821638 0.715325 0.898470 0.873352 0.745076 0.976375 0.867759 0.954707 0.970918 0.973330 0.829199 0.840639 0.745836 0.976119 0.983643 0.980275 0.907469 0.928479 0.959844 0.942649 0.986180 0.961010 0.935906 0.935021
0.898524 0.829393 0.874950 0.790736 0.893307 0.837806 0.865122 0.831034 0.745902 0.668610 0.882459 0.898982 0.997711 0.998483 0.921163 0.938456 0.872191 0.884587 0.882768 0.775408 0.819024 0.845794 0.929748 0.798457 0.591625 0.649957 0.000000 0.702321 0.874842 0.775512 0.870758 0.927238 0.948668 0.849813 0.876402 0.935483 0.854014 0.945960 0.789324 0.823832 0.972143 0.863286 0.909592 0.874992 0.881788 0.942164 0.926281 0.977976 0.987421 0.901839 0.921595 0.877255 0.878686 0.846429 0.800119 0.801182 0.823997 0.815927 0.864508 0.925838 0.920093 0.996986 0.850636 0.778671 0.598529 0.658239 0.911355 0.932137 0.891044 0.924261 0.839537 0.792679 0.907271 0.938865 0.922383 0.880559 0.900636 0.802717 0.891155 0.978758 0.913991 0.890524 0.874013 0.936932 0.581346 0.543979 0.823103 0.585977 0.902395 0.663443 0.772842 0.787981 0.926957 0.961149 0.776262 0.989465 0.834580 0.749137 0.694339 0.788241 0.789601 0.809306 0.620441 0.711734 0.919975 0.755411 0.758376 0.710356 0.788758 0.873221 0.781596 0.792644 0.836152 0.858086 0.939700 0.906953
0.874553 0.947125 0.909240 0.822793 0.895323 0.635405 0.970648 0.910489 0.928778 0.896157 0.885592 0.972594 0.994633 0.932309 0.918133 0.791676 0.984810 0.983070 0.982570 0.992140 0.790644 0.754755 0.940848 0.828858 0.790399 0.733075 0.702321 0.000000 0.949793 0.976777 0.942833 0.906591 0.988745 0.979257 0.836754 0.982544 0.926979 0.999277 0.769409 0.989710 0.883999 0.935608 0.923758 0.932712 0.946694 0.971256 0.937359 0.995837 0.951256 0.988520 0.976986 0.996716 0.995690 0.961915 0.941559 0.894458 0.918627 0.924524 0.923665 0.856831 0.828329 0.792773 0.931316 0.868836 0.929561 0.958153 0.959756 0.971245 0.978448 0.990063 0.985525 0.876581 0.962208 0.872244 0.904005 0.982715 0.961677 0.951878 0.985498 0.936974 0.941396 0.965833 0.988650 0.919984 0.939238 0.808682 0.797586 0.904718 0.807415 0.859285 0.963832 0.969775 0.949872 0.918758 0.779117 0.903156 0.962324 0.995846 0.903193 0.989919 0.839686 0.924606 0.897200 0.963716 0.952446 0.919480 0.809497 0.869275 0.842597 0.820706 0.917446 0.944168 0.959881 0.940819 0.994008 0.955772
0.253324 0.243998 0.890507 0.948543 0.984445 0.874976 0.572768 0.452708 0.925869 0.439352 0.396536 0.294364 0.453706 0.467756 0.484368 0.574161 0.279224 0.255254 0.294679 0.308771 0.962431 0.832132 0.482645 0.933358 0.801813 0.810747 0.874842 0.949793 0.000000 0.225694 0.541360 0.476641 0.434514 0.368512 0.940571 0.966069 0.632719 0.869147 0.992735 0.950273 0.743852 0.671782 0.688317 0.599244 0.686112 0.604541 0.651096 0.531982 0.526458 0.590081 0.732300 0.712475 0.810428 0.978459 0.777740 0.751455 0.288360 0.271603 0.433228 0.440284 0.491527 0.677280 0.261243 0.252670 0.765690 0.780057 0.878351 0.876005 0.353918 0.280749 0.559820 0.641492 0.548495 0.600354 0.741032 0.851486 0.541560 0.510422 0.542362 0.413395 0.253152 0.373315 0.587706 0.608931 0.864845 0.851866 0.753618 0.819118 0.860665 0.835918 0.925126 0.820364 0.997666 0.837470 0.670246 0.810371 0.724115 0.755804 0.512313 0.517618 0.762129 0.627411 0.470620 0.505863 0.633782 0.601357 0.906020 0.993690 0.946039 0.787651 0.766955 0.568479 0.506832 0.640173 0.864934 0.848707
0.271952 0.250615 0.754280 0.848701 0.946082 0.790543 0.457874 0.428003 0.948081 0.429019 0.384416 0.297479 0.410375 0.434838 0.388039 0.465743 0.249023 0.227268 0.268227 0.226578 0.929190 0.777810 0.342112 0.846509 0.884696 0.919368 0.775512 0.976777 0.225694 0.000000 0.387308 0.358247 0.317514 0.286633 0.963328 0.882003 0.627928 0.812693 0.835918 0.991925 0.767645 0.686409 0.549620 0.476006 0.614384 0.570093 0.596257 0.468926 0.589141 0.587050 0.711636 0.663974 0.763667 0.922290 0.822786 0.845070 0.299299 0.277651 0.479959 0.490413 0.461073 0.729936 0.267730 0.261585 0.810890 0.833258 0.784563 0.780805 0.370625 0.305818 0.470549 0.504164 0.439413 0.440042 0.730117 0.772542 0.466329 0.439909 0.406974 0.371613 0.259386 0.366081 0.599471 0.610944 0.914879 0.867842 0.750572 0.746003 0.953744 0.936127 0.832711 0.750602 0.929771 0.867352 0.607841 0.752353 0.575969 0.656992 0.438426 0.429937 0.682909 0.587465 0.418042 0.482390 0.599400 0.492445 0.792717 0.880690 0.885361 0.759275 0.756209 0.549831 0.488238 0.600968 0.838582 0.984267
0.494253 0.497261 0.411647 0.540839 0.927440 0.763299 0.272607 0.394432 0.817926 0.595137 0.570080 0.580107 0.603485 0.596099 0.512729 0.574258 0.460604 0.422531 0.379048 0.381516 0.747144 0.708657 0.302477 0.678895 0.763443 0.690765 0.870758 0.942833 0.541360 0.387308 0.000000 0.298313 0.249070 0.264932 0.672948 0.716253 0.628169 0.702384 0.643231 0.848182 0.879999 0.746666 0.329140 0.307117 0.374204 0.384647 0.398698 0.366541 0.609335 0.570573 0.553988 0.536509 0.589927 0.797501 0.807808 0.825434 0.525083 0.550113 0.517355 0.612559 0.513833 0.760629 0.463177 0.532714 0.878408 0.907433 0.449860 0.530005 0.664935 0.538851 0.439020 0.390107 0.404891 0.377552 0.672568 0.798379 0.442779 0.617162 0.427210 0.445140 0.511094 0.590068 0.604212 0.726723 0.896122 0.929125 0.945002 0.751170 0.998997 0.966262 0.696447 0.748744 0.797645 0.871149 0.706448 0.681962 0.463088 0.733924 0.413648 0.456748 0.699336 0.523972 0.505725 0.519348 0.499661 0.545768 0.652985 0.721979 0.842121 0.831483 0.579570 0.644777 0.467371 0.594486 0.608154 0.943047
0.437563 0.466303 0.478875 0.542811 0.964340 0.707211 0.378579 0.425893 0.935510 0.611376 0.526492 0.495789 0.511144 0.449838 0.445095 0.466977 0.438541 0.401457 0.346917 0.334438 0.719018 0.722518 0.293386 0.589186 0.798571 0.725519 0.927238 0.906591 0.476641 0.358247 0.298313 0.000000 0.304135 0.349857 0.765777 0.765898 0.581248 0.838714 0.659858 0.922346 0.906318 0.682425 0.504754 0.492853 0.596900 0.619617 0.486743 0.486937 0.743092 0.785401 0.822628 0.805857 0.881462 0.929933 0.805987 0.839971 0.504134 0.528402 0.592845 0.681068 0.565274 0.794108 0.482516 0.548293 0.897349 0.911199 0.594436 0.676805 0.575433 0.489362 0.529219 0.496991 0.461684 0.455755 0.686210 0.893236 0.548122 0.636575 0.472896 0.516697 0.447004 0.455528 0.658428 0.680493 0.823206 0.883747 0.888518 0.897920 0.942871 0.902008 0.835685 0.820930 0.878012 0.941069 0.756808 0.715946 0.519309 0.730584 0.546371 0.550440 0.741083 0.634808 0.543913 0.528178 0.552124 0.596024 0.878135 0.864367 0.910764 0.712221 0.731208 0.651647 0.535654 0.689477 0.760513 0.945583
0.368783 0.328617 0.451342 0.561675 0.984897 0.719958 0.252345 0.325034 0.845971 0.486385 0.461689 0.423537 0.511890 0.520376 0.505028 0.487996 0.330554 0.315256 0.293331 0.314494 0.784343 0.774938 0.252872 0.700205 0.856747 0.783232 0.948668 0.988745 0.434514 0.317514 0.249070 0.304135 0.000000 0.217423 0.774263 0.647568 0.604991 0.689540 0.709033 0.918028 0.884684 0.682793 0.339339 0.314316 0.377948 0.363610 0.329062 0.321953 0.504723 0.504265 0.529061 0.514670 0.594852 0.835400 0.705729 0.693215 0.373626 0.385597 0.432830 0.482494 0.412213 0.609605 0.333642 0.395789 0.865116 0.887887 0.441891 0.508972 0.553103 0.397680 0.409076 0.394218 0.441115 0.353365 0.647316 0.769620 0.404625 0.555498 0.393393 0.387519 0.343909 0.430878 0.565522 0.665927 0.749434 0.919531 0.883979 0.739428 0.948621 0.821394 0.662824 0.684073 0.708451 0.890748 0.690988 0.702038 0.467088 0.651499 0.371693 0.360932 0.631146 0.526510 0.450101 0.481780 0.384668 0.451701 0.687590 0.739753 0.893349 0.799284 0.632853 0.594873 0.414035 0.625895 0.627059 0.949359
0.349668 0.298545 0.504861 0.608865 0.931622 0.675671 0.230903 0.302890 0.712134 0.418398 0.484233 0.411788 0.490037 0.521877 0.485970 0.472395 0.325904 0.284538 0.266572 0.274919 0.775573 0.774216 0.265910 0.770647 0.967687 0.848512 0.849813 0.979257 0.368512 0.286633 0.264932 0.349857 0.217423 0.000000 0.793546 0.727494 0.575406 0.747476 0.736703 0.925815 0.805656 0.703185 0.333481 0.276350 0.403494 0.365974 0.380239 0.298687 0.475645 0.435740 0.508996 0.504966 0.586535 0.813535 0.718409 0.722959 0.342787 0.348345 0.367512 0.451534 0.432590 0.650411 0.313394 0.354721 0.954355 0.981811 0.497919 0.540524 0.556335 0.345604 0.428883 0.405434 0.528428 0.422697 0.719797 0.731144 0.408984 0.506930 0.380898 0.347272 0.340308 0.434287 0.577153 0.612257 0.808941 0.974807 0.784949 0.782980 0.901997 0.866723 0.644051 0.611127 0.736617 0.849080 0.573989 0.698021 0.525730 0.633465 0.346438 0.326552 0.682374 0.509563 0.389020 0.437755 0.409975 0.422414 0.686314 0.741343 0.882546 0.792707 0.656687 0.539257 0.407459 0.571451 0.658463 0.966730
0.995642 0.964506 0.528813 0.512601 0.978851 0.956528 0.675778 0.787255 0.902247 0.827095 0.956087 0.948527 0.879208 0.959062 0.965982 0.975270 0.967473 0.849958 0.997457 0.937022 0.740240 0.888145 0.794462 0.703880 0.503769 0.444865 0.876402 0.836754 0.940571 0.963328 0.672948 0.765777 0.774263 0.793546 0.000000 0.707098 0.753902 0.703343 0.559350 0.822359 0.923966 0.987466 0.632258 0.677150 0.631679 0.722221 0.738677 0.676785 0.980091 0.880154 0.816561 0.837652 0.847637 0.876881 0.817321 0.832574 0.892652 0.947297 0.994368 0.918995 0.846014 0.757085 0.956557 0.993478 0.552893 0.521615 0.435214 0.373548 0.957561 0.896420 0.745420 0.692915 0.760285 0.716596 0.972717 0.982040 0.819321 0.865763 0.904400 0.875850 0.928709 0.861896 0.825982 0.864419 0.766066 0.623723 0.820359 0.953304 0.891707 0.726881 0.730257 0.970910 0.669461 0.635711 0.807371 0.848292 0.668290 0.891010 0.841790 0.815111 0.837133 0.863063 0.996497 0.921507 0.636094 0.755738 0.807750 0.811168 0.880251 0.999574 0.754492 0.784218 0.913866 0.820004 0.901492 0.891722
0.935338 0.792593 0.625957 0.561456 0.892884 0.975036 0.569846 0.620638 0.823581 0.812428 0.877122 0.974235 0.969614 0.956898 0.985897 0.959253 0.830306 0.831028 0.769884 0.796496 0.893552 0.791320 0.790316 0.855188 0.839589 0.800291 0.935483 0.982544 0.966069 0.882003 0.716253 0.765898 0.647568 0.727494 0.707098 0.000000 0.742389 0.555371 0.845714 0.907303 0.993111 0.832715 0.582189 0.632598 0.535288 0.651669 0.606361 0.697153 0.764584 0.741747 0.743637 0.769673 0.776702 0.868111 0.886409 0.915104 0.780869 0.811550 0.790132 0.859860 0.893352 0.807059 0.871466 0.889453 0.789269 0.753104 0.447838 0.554292 0.930526 0.852039 0.584753 0.662563 0.913836 0.814699 0.866567 0.828917 0.624307 0.728143 0.791404 0.954543 0.834703 0.890647 0.902425 0.944664 0.996010 0.896029 0.964313 0.845497 0.940489 0.880515 0.559158 0.655675 0.522806 0.550251 0.905798 0.726975 0.671244 0.567006 0.602878 0.515136 0.655681 0.664468 0.767314 0.665055 0.682149 0.717829 0.841474 0.624795 0.831379 0.995675 0.694705 0.677510 0.676862 0.665558 0.672530 0.789002
0.593929 0.620554 0.678928 0.675975 0.820946 0.979161 0.626472 0.647111 0.825113 0.844178 0.686751 0.724275 0.740678 0.738873 0.788410 0.782284 0.698449 0.621463 0.678620 0.658418 0.849315 0.846066 0.674059 0.866821 0.875610 0.865428 0.854014 0.926979 0.632719 0.627928 0.628169 0.581248 0.604991 0.575406 0.753902 0.742389 0.000000 0.694946 0.684625 0.878604 0.729223 0.819965 0.724461 0.627799 0.686103 0.653326 0.581840 0.548818 0.803865 0.751911 0.757531 0.792977 0.844912 0.933288 0.778830 0.748893 0.672052 0.692916 0.691516 0.688029 0.614634 0.647762 0.671526 0.699977 0.823988 0.833250 0.656616 0.642691 0.702119 0.630566 0.717227 0.788886 0.770615 0.652095 0.915044 0.979769 0.654491 0.706408 0.757599 0.717022 0.696513 0.647268 0.774504 0.824475 0.811696 0.852219 0.935636 0.902873 0.855248 0.759412 0.953595 0.901816 0.935840 0.909662 0.766202 0.776082 0.751704 0.786957 0.699815 0.709171 0.962169 0.808821 0.589291 0.707393 0.666572 0.682948 0.961163 0.848334 0.940656 0.768490 0.687579 0.625547 0.761902 0.783127 0.721895 0.833111
0.813906 0.768755 0.682103 0.717328 0.956815 0.963298 0.723836 0.813706 0.951516 0.995280 0.871338 0.957070 0.999433 0.963626 0.943023 0.953326 0.787782 0.763277 0.824461 0.791161 0.865500 0.651919 0.832126 0.954693 0.742232 0.769911 0.945960 0.999277 0.869147 0.812693 0.702384 0.838714 0.689540 0.747476 0.703343 0.555371 0.694946 0.000000 0.700873 0.921656 0.942651 0.849609 0.686235 0.660700 0.636493 0.684939 0.672905 0.635416 0.870257 0.722954 0.705272 0.714889 0.710186 0.817885 0.857535 0.811213 0.748709 0.802425 0.821368 0.795974 0.783811 0.794225 0.813950 0.846733 0.776016 0.757859 0.561388 0.586686 0.828516 0.805162 0.657426 0.694772 0.718449 0.709971 0.860829 0.952852 0.812789 0.785194 0.860509 0.854674 0.790573 0.807149 0.828445 0.964431 0.875830 0.832595 0.912996 0.755650 0.955166 0.878568 0.861962 0.869508 0.792406 0.792185 0.867057 0.765271 0.736646 0.746343 0.784521 0.717123 0.752930 0.766950 0.713198 0.747090 0.725803 0.760606 0.852131 0.790904 0.940295 0.945758 0.728156 0.749987 0.839977 0.659467 0.791106 0.863100
