0.000000 0.333205 0.745426 0.609011 0.924930 0.884498 0.834428 0.702401 0.851731 0.948997 0.430940 0.373467 0.573653 0.484859 0.785264 0.704827 0.403428 0.345655 0.478413 0.345614 0.834399 0.993006 0.843034 0.810904 0.763332 0.856399 0.925157 0.875106 0.530613 0.500013 0.846772 0.807480 0.505066 0.556943 0.866515 0.962785 0.681262 0.617424 0.719642 0.757857 0.857157 0.637443 0.973971 0.758896 0.990012 0.874638 0.729323 0.719037 0.873024 0.777027 0.991267 0.895036 0.945235 0.845019 0.745756 0.778051 0.339704 0.316572 0.693855 0.680753 0.701471 0.807029 0.590707 0.490273 0.886523 0.982909 0.835071 0.885208 0.351352 0.465836 0.861648 0.901343 0.732666 0.701758 0.729745 0.973886 0.765570 0.912819 0.553326 0.605436 0.370452 0.418498 0.439628 0.460986 0.520265 0.605120 0.958637 0.938000 0.831004 0.597237 0.801168 0.719505 0.790414 0.708499 0.982635 0.931467 0.987381 0.829045 0.921358 0.954790 0.825828 0.985233 0.814291 0.681038 0.939216 0.734082 0.968679 0.949521 0.916460 0.800537 0.975067 0.999983 0.952020 0.777538 0.901217 0.886284
0.333205 0.000000 0.708019 0.566960 0.871706 0.807866 0.739405 0.620256 0.996949 0.909839 0.529710 0.404800 0.726200 0.559037 0.926456 0.770103 0.465377 0.408212 0.445886 0.381372 0.921079 0.948713 0.890307 0.859522 0.767827 0.831339 0.923677 0.797708 0.594134 0.641043 0.823420 0.807512 0.546930 0.546854 0.869921 0.963253 0.646806 0.561346 0.734751 0.811832 0.911124 0.680415 0.797474 0.605025 0.839540 0.729970 0.686521 0.692699 0.726003 0.648154 0.830244 0.789541 0.889538 0.998224 0.810519 0.737903 0.261402 0.249762 0.730419 0.741698 0.753292 0.766795 0.680372 0.554569 0.903690 0.974461 0.841642 0.869646 0.475884 0.483039 0.857623 0.825658 0.819677 0.814506 0.900087 0.918486 0.677634 0.883991 0.516083 0.604774 0.373135 0.440149 0.550473 0.453386 0.578000 0.703050 0.976531 0.997971 0.860684 0.621447 0.959699 0.901345 0.980843 0.866132 0.899771 0.949507 0.997598 0.816525 0.860882 0.832567 0.926095 0.984776 0.769347 0.718927 0.958569 0.819548 0.897754 0.827847 0.988990 0.702001 0.774896 0.896334 0.852440 0.637485 0.919392 0.947151
0.745426 0.708019 0.000000 0.511173 0.948871 0.764856 0.756172 0.704236 0.622249 0.936228 0.854575 0.681275 0.580928 0.670346 0.611562 0.528673 0.974763 0.959898 0.792334 0.675143 0.810757 0.940275 0.504742 0.609470 0.519340 0.547051 0.862920 0.901125 0.870009 0.785302 0.540709 0.582161 0.741800 0.791379 0.655575 0.935012 0.681790 0.811961 0.809596 0.765350 0.884790 0.888804 0.805389 0.807572 0.983787 0.966994 0.719854 0.757253 0.886454 0.962344 0.982339 0.920951 0.979949 0.933102 0.895843 0.993170 0.870328 0.829141 0.964417 0.799610 0.676491 0.514325 0.951323 0.938662 0.465961 0.490041 0.923111 0.757149 0.765508 0.820224 0.695563 0.713090 0.706445 0.839159 0.947015 0.998575 0.650901 0.843592 0.958584 0.671672 0.843274 0.757889 0.737722 0.778427 0.652664 0.580120 0.918790 0.828284 0.744651 0.749627 0.954975 0.900380 0.919968 0.894594 0.849567 0.911201 0.798408 0.907782 0.919920 0.909781 0.826616 0.962295 0.984705 0.971581 0.904468 0.815453 0.815395 0.985443 0.756397 0.885352 0.948541 0.919486 0.953627 0.897591 0.629698 0.978777
0.609011 0.566960 0.511173 0.000000 0.876271 0.877008 0.803025 0.495953 0.862998 0.971297 0.818888 0.481604 0.648289 0.512646 0.708235 0.530162 0.827464 0.768580 0.693671 0.599881 0.681109 0.900918 0.551774 0.483355 0.530748 0.530206 0.850798 0.947074 0.919934 0.797507 0.609376 0.593537 0.671813 0.754489 0.827911 0.931855 0.638145 0.707554 0.666248 0.844752 0.977598 0.755037 0.967660 0.821669 0.797474 0.901927 0.905576 0.868624 0.765049 0.899654 0.871717 0.900758 0.904284 0.782632 0.947648 0.972101 0.705892 0.654609 0.972813 0.847045 0.801811 0.591245 0.909296 0.738597 0.590546 0.591490 0.975325 0.886493 0.619857 0.675697 0.808000 0.734054 0.859826 0.990193 0.935608 0.978628 0.692086 0.957403 0.746065 0.807260 0.713191 0.668165 0.645751 0.659528 0.729406 0.566382 0.951215 0.919723 0.732426 0.584971 0.897887 0.711786 0.963202 0.845304 0.919114 0.905830 0.990360 0.908939 0.929679 0.958808 0.892890 0.838211 0.876795 0.901623 0.810486 0.747574 0.855798 0.915512 0.852251 0.847113 0.906618 0.775950 0.985041 0.868621 0.774878 0.906551
0.924930 0.871706 0.948871 0.876271 0.000000 0.947008 0.812084 0.967262 0.915402 0.817323 0.931381 0.993064 0.884489 0.894378 0.871511 0.924188 0.986800 0.992234 0.858346 0.834808 0.968107 0.987326 0.813231 0.857204 0.947497 0.801287 0.897651 0.876695 0.934198 0.940219 0.803436 0.952348 0.963718 0.879547 0.784960 0.891570 0.888359 0.757449 0.962646 0.829558 0.917959 0.774869 0.880058 0.919142 0.945950 0.994686 0.945898 0.975992 0.959920 0.975857 0.991832 0.956038 0.991391 0.981397 0.910384 0.910239 0.860200 0.888936 0.788894 0.869564 0.821653 0.923519 0.824167 0.913965 0.951038 0.993974 0.801342 0.831501 0.999299 0.761682 0.887787 0.967094 0.969951 0.871765 0.983549 0.897012 0.988755 0.757777 0.925156 0.956650 0.921339 0.858528 0.979901 0.908923 0.955175 0.952863 0.996382 0.999592 0.926451 0.838712 0.991139 0.961008 0.905733 0.920993 0.933604 0.933079 0.929676 0.898840 0.919567 0.844717 0.977783 0.853995 0.902652 0.890621 0.900187 0.688482 0.927851 0.999008 0.894570 0.953644 0.999167 0.957236 0.933058 0.831113 0.773099 0.962856
0.884498 0.807866 0.764856 0.877008 0.947008 0.000000 0.886861 0.992678 0.788495 0.975852 0.760448 0.922719 0.851667 0.933655 0.662467 0.695246 0.711162 0.704359 0.752938 0.921243 0.952063 0.872639 0.825523 0.728873 0.805608 0.704423 0.857511 0.675904 0.734874 0.874415 0.899129 0.996582 0.855427 0.776713 0.967397 0.842785 0.809078 0.846969 0.871839 0.948610 0.881482 0.992815 0.975881 0.876161 0.802406 0.772950 0.904330 0.827410 0.780121 0.835012 0.860465 0.937634 0.960679 0.967433 0.812431 0.956526 0.651181 0.758621 0.790752 0.930450 0.982926 0.793659 0.744009 0.810166 0.767705 0.719118 0.859572 0.927460 0.993886 0.976983 0.751950 0.850119 0.832090 0.952834 0.902456 0.908488 0.945422 0.927074 0.879143 0.950881 0.764028 0.910156 0.858695 0.812760 0.912044 0.895788 0.990771 0.899533 0.913277 0.999932 0.882882 0.928585 0.906985 0.847973 0.982746 0.958517 0.740634 0.875779 0.955460 0.880451 0.945970 0.967237 0.921064 0.844514 0.993539 0.978709 0.828957 0.988908 0.766532 0.895589 0.974997 0.886512 0.948399 0.895674 0.994152 0.918664
0.834428 0.739405 0.756172 0.803025 0.812084 0.886861 0.000000 0.332199 0.786833 0.466587 0.716803 0.668620 0.762997 0.943485 0.984685 0.944480 0.671334 0.725031 0.591589 0.923793 0.833140 0.999850 0.799357 0.738380 0.739300 0.833674 0.712415 0.512265 0.662378 0.707821 0.590983 0.791090 0.501127 0.406920 0.810693 0.776280 0.846655 0.785911 0.764725 0.817591 0.823291 0.935465 0.455454 0.453355 0.467771 0.449684 0.530277 0.480376 0.567226 0.530867 0.516535 0.511085 0.643133 0.676271 0.967741 0.838954 0.761210 0.722115 0.375783 0.431357 0.343227 0.667743 0.459270 0.459980 0.851494 0.984066 0.313709 0.364466 0.973527 0.996901 0.746725 0.720454 0.935321 0.930981 0.986485 0.848218 0.567532 0.840988 0.663383 0.817248 0.778652 0.921035 0.941063 0.994558 0.950354 0.802428 0.957621 0.753669 0.949584 0.922496 0.744426 0.747333 0.718706 0.818873 0.813234 0.912744 0.834704 0.631535 0.416220 0.464069 0.582789 0.632228 0.585562 0.570295 0.731114 0.711962 0.831219 0.653846 0.859376 0.808962 0.516447 0.649023 0.515666 0.727083 0.535582 0.918972
0.702401 0.620256 0.704236 0.495953 0.967262 0.992678 0.332199 0.000000 0.793522 0.530522 0.742394 0.477042 0.650874 0.670041 0.882586 0.765113 0.660663 0.676902 0.557811 0.753938 0.991238 0.910976 0.671273 0.934275 0.933486 0.959785 0.846415 0.675557 0.738790 0.718084 0.517530 0.705510 0.468533 0.439228 0.830365 0.843175 0.966729 0.945454 0.982742 0.877507 0.871072 0.907148 0.574495 0.483749 0.675014 0.615124 0.567027 0.566081 0.760261 0.678192 0.644768 0.646861 0.699675 0.774979 0.938801 0.819098 0.713844 0.651112 0.508023 0.533356 0.387001 0.482805 0.534236 0.436897 0.973872 0.808735 0.451732 0.460876 0.903157 0.834385 0.669758 0.650939 0.894724 0.999226 0.930953 0.916586 0.575339 0.926205 0.558000 0.824012 0.724461 0.922425 0.796599 0.895727 0.915503 0.953734 0.903078 0.734857 0.898078 0.862671 0.793041 0.917515 0.738906 0.936857 0.820186 0.878312 0.788609 0.625832 0.589444 0.601751 0.705150 0.846378 0.737164 0.593684 0.670226 0.698648 0.794104 0.642174 0.841385 0.750984 0.596574 0.826014 0.590732 0.731256 0.631829 0.938832
0.851731 0.996949 0.622249 0.862998 0.915402 0.788495 0.786833 0.793522 0.000000 0.738385 0.913039 0.944537 0.844256 0.970407 0.705007 0.765180 0.758942 0.760876 0.950284 0.943177 0.994785 0.920866 0.673483 0.919284 0.859659 0.716603 0.970660 0.868489 0.998343 0.901421 0.645995 0.858909 0.883956 0.981584 0.764321 0.968722 0.877710 0.998110 0.972092 0.916661 0.974587 0.984875 0.590075 0.761395 0.841501 0.911250 0.782826 0.910864 0.953011 0.910935 0.848664 0.842893 0.779311 0.736205 0.965668 0.969254 0.847242 0.866530 0.914580 0.938328 0.779004 0.546121 0.800674 0.893497 0.743962 0.665522 0.946046 0.887427 0.827570 0.746784 0.521072 0.557098 0.749489 0.820142 0.932367 0.909090 0.693070 0.716422 0.944275 0.994482 0.824756 0.899793 0.799556 0.854667 0.942862 0.961610 0.834810 0.789458 0.957114 0.979651 0.591443 0.643917 0.688180 0.720797 0.881876 0.895096 0.766714 0.935581 0.682931 0.659462 0.883159 0.787983 0.898499 0.954161 0.801799 0.859504 0.731165 0.816444 0.902477 0.847100 0.835305 0.972077 0.793127 0.848592 0.813408 0.656280
0.948997 0.909839 0.936228 0.971297 0.817323 0.975852 0.466587 0.530522 0.738385 0.000000 0.843797 0.825810 0.824664 0.964803 0.994418 0.907137 0.832884 0.903691 0.780372 0.924518 0.825923 0.944216 0.950397 0.672030 0.633112 0.790054 0.744775 0.633650 0.814188 0.952761 0.712501 0.911867 0.675375 0.703703 0.990887 0.808514 0.881046 0.815216 0.739022 0.867444 0.961204 0.941321 0.494080 0.517290 0.522414 0.526736 0.614283 0.669741 0.536335 0.585853 0.513833 0.531997 0.535550 0.552776 0.966961 0.885751 0.886091 0.873084 0.603864 0.702374 0.553289 0.724083 0.669488 0.641040 0.706033 0.811677 0.539971 0.692810 0.846433 0.915356 0.612481 0.581711 0.946899 0.856154 0.971525 0.878650 0.591282 0.853190 0.778247 0.955248 0.973248 0.719341 0.842444 0.734073 0.831729 0.622092 0.857174 0.658100 0.908267 0.876055 0.561931 0.541883 0.578850 0.622348 0.879197 0.807411 0.704665 0.710760 0.399382 0.482920 0.602540 0.588770 0.508059 0.637084 0.735347 0.838623 0.929821 0.639673 0.907932 0.750808 0.529476 0.652624 0.595971 0.818035 0.836032 0.849548
0.430940 0.529710 0.854575 0.818888 0.931381 0.760448 0.716803 0.742394 0.913039 0.843797 0.000000 0.480530 0.715607 0.696467 0.921439 0.882860 0.378040 0.358831 0.536599 0.441287 0.919750 0.967425 0.957680 0.924163 0.962418 0.987503 0.988743 0.772583 0.412480 0.392686 0.720512 0.738706 0.527350 0.500152 0.982975 0.986387 0.961356 0.810555 0.909174 0.875129 0.824012 0.640988 0.947947 0.833526 0.986108 0.921136 0.793509 0.775093 0.914461 0.908078 0.951165 0.997331 0.855794 0.809015 0.903201 0.974080 0.481164 0.484284 0.676260 0.643447 0.670701 0.879279 0.459279 0.414374 0.854846 0.895424 0.792522 0.819939 0.468433 0.624165 0.922751 0.996969 0.729222 0.660465 0.830572 0.967389 0.801606 0.693338 0.638552 0.810431 0.515811 0.696355 0.581445 0.617813 0.836528 0.883138 0.942152 0.932001 0.880870 0.940176 0.743154 0.694839 0.680308 0.697082 0.996094 0.854898 0.912137 0.755428 0.946465 0.969953 0.991860 0.924495 0.761699 0.602079 0.903010 0.617498 0.946378 0.971885 0.971058 0.813443 0.926995 0.962472 0.905182 0.843554 0.868730 0.830208
0.373467 0.404800 0.681275 0.481604 0.993064 0.922719 0.668620 0.477042 0.944537 0.825810 0.480530 0.000000 0.471915 0.378929 0.686650 0.539362 0.433684 0.376664 0.400592 0.396843 0.826706 0.998665 0.623100 0.761905 0.773855 0.852307 0.961473 0.756397 0.524568 0.452450 0.591104 0.574703 0.415523 0.481674 0.924202 0.983822 0.683317 0.691412 0.787719 0.901388 0.863067 0.692848 0.847241 0.651522 0.955825 0.867042 0.660686 0.706108 0.936091 0.884793 0.929059 0.901150 0.981475 0.975299 0.831001 0.786642 0.471750 0.427927 0.686297 0.707090 0.545012 0.584807 0.527994 0.390631 0.917340 0.864643 0.751546 0.755675 0.479455 0.599513 0.695724 0.656724 0.641247 0.724298 0.832186 0.937872 0.686529 0.825135 0.436116 0.697077 0.423865 0.528324 0.481209 0.530406 0.622524 0.673449 0.967499 0.910457 0.819701 0.658174 0.925100 0.771036 0.914078 0.773951 0.937367 0.866881 0.962471 0.706186 0.842136 0.845045 0.995735 0.952168 0.827568 0.606925 0.752095 0.642039 0.962634 0.794736 0.876870 0.747165 0.913917 0.983367 0.865354 0.781615 0.761357 0.888925
0.573653 0.726200 0.580928 0.648289 0.884489 0.851667 0.762997 0.650874 0.844256 0.824664 0.715607 0.471915 0.000000 0.483119 0.392183 0.463547 0.720577 0.675370 0.599684 0.577970 0.787641 0.977398 0.428995 0.729413 0.779000 0.852777 0.963408 0.830425 0.665960 0.622035 0.543806 0.643675 0.538402 0.659354 0.861491 0.950494 0.756626 0.898441 0.860364 0.899495 0.937896 0.833307 0.810707 0.773232 0.957990 0.895299 0.644310 0.668760 0.995405 0.926222 0.920905 0.801025 0.922870 0.930654 0.793486 0.823402 0.816598 0.736769 0.783820 0.784903 0.526635 0.572041 0.708593 0.643103 0.715179 0.729129 0.823684 0.778649 0.624027 0.725693 0.596251 0.656112 0.599612 0.739083 0.859398 0.964698 0.726515 0.897420 0.665654 0.742604 0.699049 0.691511 0.671124 0.706374 0.528778 0.614075 0.908923 0.871664 0.677093 0.661240 0.983961 0.898490 0.900336 0.854995 0.925283 0.774411 0.755573 0.812932 0.812300 0.830735 0.904677 0.851674 0.914947 0.733942 0.795834 0.713953 0.963677 0.917108 0.686035 0.906471 0.952957 0.988550 0.893547 0.861672 0.669961 0.986849
0.484859 0.559037 0.670346 0.512646 0.894378 0.933655 0.943485 0.670041 0.970407 0.964803 0.696467 0.378929 0.483119 0.000000 0.549189 0.373623 0.593316 0.533020 0.570715 0.434846 0.759865 0.936808 0.567439 0.562167 0.665109 0.727507 0.939966 0.988869 0.676756 0.543583 0.683311 0.570774 0.520333 0.735105 0.915316 0.985699 0.595498 0.645362 0.649791 0.762018 0.896342 0.687962 0.993616 0.863636 0.904194 0.952911 0.836308 0.897696 0.882544 0.939356 0.991544 0.994654 0.947708 0.999993 0.819435 0.877229 0.659286 0.610114 0.969401 0.966642 0.727545 0.543372 0.756780 0.598046 0.786749 0.729465 0.971961 0.928779 0.540302 0.592389 0.653562 0.705547 0.647529 0.885680 0.779137 0.879968 0.827816 0.932144 0.609189 0.739877 0.476939 0.492954 0.444333 0.518752 0.523733 0.508433 0.878186 0.904137 0.697164 0.624819 0.935020 0.718057 0.868877 0.739041 0.992131 0.882256 0.919261 0.863854 0.987074 0.923483 0.848313 0.962822 0.942527 0.685641 0.919475 0.762288 0.937491 0.901144 0.856241 0.832979 0.952197 0.928955 0.977629 0.823445 0.926013 0.890352
0.785264 0.926456 0.611562 0.708235 0.871511 0.662467 0.984685 0.882586 0.705007 0.994418 0.921439 0.686650 0.392183 0.549189 0.000000 0.393489 0.921680 0.897560 0.795678 0.728260 0.742840 0.872106 0.432328 0.608063 0.688751 0.785025 0.929570 0.999283 0.811997 0.707578 0.601339 0.682473 0.694130 0.927937 0.846055 0.908156 0.666197 0.917371 0.840173 0.812299 0.980003 0.916575 0.945777 0.935562 0.854780 0.876588 0.827017 0.853332 0.812586 0.870106 0.925825 0.957075 0.998191 0.994603 0.817591 0.927926 0.971452 0.964936 0.935276 0.998067 0.748478 0.667488 0.949042 0.889143 0.642760 0.651201 0.952642 0.981770 0.721075 0.919013 0.546512 0.701748 0.624580 0.829007 0.857830 0.906483 0.842664 0.842461 0.877791 0.812430 0.845826 0.783893 0.752119 0.833021 0.553919 0.595565 0.982633 0.968047 0.697624 0.819732 0.952936 0.867772 0.810801 0.839833 0.961327 0.954020 0.858141 0.947722 0.991869 0.992446 0.766085 0.961737 0.908729 0.913356 0.856746 0.747035 0.915720 0.985985 0.694866 0.892846 0.902135 0.891671 0.869070 0.974047 0.770641 0.982021
0.704827 0.770103 0.528673 0.530162 0.924188 0.695246 0.944480 0.765113 0.765180 0.907137 0.882860 0.539362 0.463547 0.373623 0.393489 0.000000 0.907706 0.851388 0.738894 0.598858 0.720555 0.947794 0.392456 0.401181 0.517033 0.591671 0.905214 0.954165 0.854353 0.695870 0.549596 0.537751 0.701422 0.890362 0.810035 0.904226 0.593115 0.765487 0.612801 0.812047 0.983081 0.801443 0.957988 0.931780 0.818887 0.862225 0.803224 0.926613 0.726859 0.794247 0.877438 0.948019 0.997799 0.955241 0.817083 0.976253 0.942378 0.905632 0.894543 0.985874 0.758042 0.473708 0.963512 0.869433 0.538785 0.461655 0.938612 0.902395 0.735328 0.752404 0.569810 0.691755 0.554396 0.849495 0.901053 0.885639 0.910150 0.906346 0.749072 0.760052 0.757080 0.644412 0.587129 0.707773 0.529729 0.419653 0.979443 0.909467 0.703739 0.653425 0.908859 0.734362 0.831593 0.727261 0.969131 0.938308 0.863338 0.952159 0.901133 0.931819 0.754911 0.931863 0.840749 0.937587 0.940669 0.800773 0.921515 0.969196 0.781441 0.877999 0.915842 0.754043 0.878052 0.999857 0.812202 0.943903
0.403428 0.465377 0.974763 0.827464 0.986800 0.711162 0.671334 0.660663 0.758942 0.832884 0.378040 0.433684 0.720577 0.593316 0.921680 0.907706 0.000000 0.250632 0.445268 0.448362 0.976040 0.946988 0.992526 0.880358 0.907101 0.780482 0.910815 0.728413 0.370222 0.338848 0.826544 0.800826 0.426671 0.453846 0.934448 0.879390 0.893751 0.843264 0.955435 0.928246 0.806133 0.714490 0.918301 0.659752 0.803728 0.725853 0.687970 0.680282 0.703386 0.686233 0.817778 0.767318 0.927665 0.985800 0.888483 0.757126 0.387288 0.368609 0.545547 0.672332 0.613632 0.924928 0.326924 0.279007 0.712715 0.741426 0.645502 0.771920 0.515648 0.583608 0.931359 0.957959 0.808800 0.786079 0.807438 0.996004 0.795266 0.848587 0.450308 0.702857 0.335309 0.633510 0.555592 0.585095 0.786633 0.907169 0.981641 0.974143 0.976460 0.876336 0.831074 0.764033 0.790265 0.735372 0.937551 0.791970 0.946587 0.686091 0.812058 0.857959 0.926798 0.973145 0.714204 0.470671 0.874316 0.715102 0.944076 0.853569 0.943084 0.740650 0.913481 0.866474 0.832202 0.791975 0.861305 0.752154
0.345655 0.408212 0.959898 0.768580 0.992234 0.704359 0.725031 0.676902 0.760876 0.903691 0.358831 0.376664 0.675370 0.533020 0.897560 0.851388 0.250632 0.000000 0.363348 0.371163 0.952834 0.940033 0.907484 0.988598 0.985073 0.873433 0.978143 0.766145 0.382218 0.368526 0.844829 0.779617 0.429959 0.428693 0.947411 0.947170 0.856202 0.745242 0.896718 0.856497 0.845888 0.651333 0.976917 0.698160 0.883740 0.793679 0.758671 0.695919 0.781216 0.790817 0.904927 0.872770 0.976552 0.925254 0.915332 0.782040 0.339298 0.334614 0.581489 0.706564 0.658599 0.920963 0.362683 0.320574 0.798328 0.810136 0.701281 0.808426 0.453284 0.558769 0.930845 0.966707 0.798676 0.794519 0.779716 0.994158 0.874890 0.852227 0.470456 0.741099 0.339400 0.524693 0.480182 0.449531 0.699006 0.797334 0.951156 0.956602 0.998668 0.783713 0.800418 0.702779 0.741890 0.692463 0.940392 0.887410 0.874433 0.715584 0.889831 0.901477 0.973981 0.978983 0.768567 0.506906 0.868563 0.676534 0.923970 0.879210 0.985832 0.801696 0.922849 0.894887 0.890054 0.723994 0.888149 0.792731
0.478413 0.445886 0.792334 0.693671 0.858346 0.752938 0.591589 0.557811 0.950284 0.780372 0.536599 0.400592 0.599684 0.570715 0.795678 0.738894 0.445268 0.363348 0.000000 0.468863 0.979673 0.961424 0.645122 0.948216 0.945552 0.915494 0.959619 0.658228 0.456332 0.487251 0.676520 0.690517 0.413739 0.414866 0.880040 0.800257 0.769232 0.800351 0.954052 0.954421 0.935011 0.773346 0.653916 0.515276 0.720016 0.645307 0.559570 0.557795 0.691107 0.694758 0.759627 0.713183 0.895218 0.906641 0.961989 0.852616 0.424539 0.431050 0.541124 0.641881 0.532528 0.752940 0.471643 0.415485 0.942884 0.986679 0.596842 0.629751 0.655314 0.726190 0.762055 0.798120 0.827610 0.769178 0.861071 0.952137 0.768386 0.775290 0.545713 0.765231 0.509074 0.659990 0.616801 0.542694 0.655440 0.768039 0.972466 0.968811 0.885032 0.780468 0.947021 0.873154 0.863264 0.797398 0.909700 0.895589 0.943853 0.688737 0.726035 0.651917 0.981459 0.843900 0.708054 0.515405 0.860060 0.660918 0.997693 0.890054 0.952529 0.710932 0.812273 0.808104 0.750427 0.618847 0.732361 0.978724
0.345614 0.381372 0.675143 0.599881 0.834808 0.921243 0.923793 0.753938 0.943177 0.924518 0.441287 0.396843 0.577970 0.434846 0.728260 0.598858 0.448362 0.371163 0.468863 0.000000 0.793473 0.970453 0.749230 0.694834 0.708313 0.790682 0.827166 0.856743 0.555999 0.505088 0.797849 0.758093 0.580041 0.636462 0.907186 0.985096 0.626691 0.557250 0.718553 0.723680 0.842220 0.529130 0.957203 0.844906 0.894633 0.988134 0.826889 0.835305 0.974771 0.950961 0.900363 0.959769 0.860563 0.781894 0.847469 0.861371 0.415091 0.388400 0.864695 0.822159 0.798780 0.744330 0.686714 0.572172 0.841406 0.892506 0.970610 0.958510 0.386118 0.430847 0.856611 0.943298 0.669022 0.746513 0.733976 0.903954 0.787402 0.901951 0.624897 0.687870 0.468407 0.427789 0.494732 0.366869 0.523252 0.543890 0.948344 0.983317 0.829788 0.607112 0.784971 0.643728 0.718565 0.670913 0.925988 0.940448 0.936696 0.813475 0.945230 0.974495 0.766329 0.907525 0.992652 0.767773 0.956311 0.793762 0.943383 0.970439 0.917963 0.759195 0.980938 0.916218 0.958567 0.773504 0.971922 0.809788
0.834399 0.921079 0.810757 0.681109 0.968107 0.952063 0.833140 0.991238 0.994785 0.825923 0.919750 0.826706 0.787641 0.759865 0.742840 0.720555 0.976040 0.952834 0.979673 0.793473 0.000000 0.865829 0.764158 0.677747 0.685225 0.810601 0.908497 0.861131 0.971436 0.903985 0.817598 0.702404 0.924988 0.968916 0.926103 0.916110 0.824391 0.864376 0.856885 0.847073 0.883902 0.919857 0.792875 0.910718 0.746723 0.802888 0.895055 0.912247 0.697083 0.777391 0.778733 0.771188 0.834819 0.803284 0.876976 0.893497 0.984001 0.956102 0.791176 0.872083 0.909385 0.936692 0.942255 0.990298 0.814164 0.798451 0.798437 0.835599 0.758045 0.860092 0.944646 0.965004 0.990714 0.931535 0.968371 0.956256 0.898906 0.949892 0.949813 0.971337 0.933526 0.836552 0.828490 0.881444 0.880069 0.720256 0.896770 0.971381 0.844590 0.766783 0.866562 0.729998 0.841062 0.856213 0.961628 0.974937 0.891101 0.960181 0.770482 0.794144 0.801593 0.840955 0.811339 0.924701 0.906456 0.989057 0.902058 0.944988 0.967779 0.983924 0.793256 0.721854 0.674160 0.922714 0.868453 0.961333
0.993006 0.948713 0.940275 0.900918 0.987326 0.872639 0.999850 0.910976 0.920866 0.944216 0.967425 0.998665 0.977398 0.936808 0.872106 0.947794 0.946988 0.940033 0.961424 0.970453 0.865829 0.000000 0.985895 0.970464 0.945648 0.975366 0.851198 0.950722 0.910427 0.986439 0.910040 0.961449 0.966067 0.934124 0.854994 0.893514 0.979351 0.850131 0.881012 0.775262 0.895974 0.896044 0.983034 0.912801 0.988630 0.976458 0.932298 0.993567 0.987311 0.906925 0.928887 0.961283 0.923270 0.937755 0.887567 0.848690 0.988460 0.989710 0.915301 0.942119 0.965177 0.975842 0.981452 0.958428 0.971462 0.954655 0.911143 0.915288 0.991732 0.930897 0.968047 0.930500 0.878955 0.801706 0.820085 0.995167 0.962772 0.987140 0.978913 0.982636 0.995794 0.952138 0.955123 0.946726 0.915024 0.987509 0.911346 0.873092 0.942961 0.982258 0.889010 0.959158 0.917502 0.983125 0.973666 0.910719 0.811517 0.984570 0.966913 0.978215 0.966297 0.927963 0.972376 0.952734 0.892147 0.974695 0.848101 0.854383 0.995321 0.953746 0.985247 0.821507 0.956093 0.930090 0.885691 0.981674
0.843034 0.890307 0.504742 0.551774 0.813231 0.825523 0.799357 0.671273 0.673483 0.950397 0.957680 0.623100 0.428995 0.567439 0.432328 0.392456 0.992526 0.907484 0.645122 0.749230 0.764158 0.985895 0.000000 0.536709 0.619970 0.720255 0.954124 0.906330 0.843972 0.759007 0.459267 0.498472 0.684698 0.819896 0.838573 0.965670 0.741665 0.900626 0.886944 0.948533 0.903188 0.938675 0.784658 0.805971 0.939884 0.951124 0.742221 0.813758 0.789786 0.827321 0.943070 0.984512 0.991607 0.993290 0.992908 0.957553 0.993403 0.969790 0.949964 0.913264 0.640081 0.540615 0.950910 0.861519 0.573014 0.503091 0.866670 0.763934 0.863174 0.924646 0.568336 0.621529 0.596246 0.840371 0.927616 0.978422 0.819530 0.811049 0.867098 0.843373 0.933772 0.837589 0.705160 0.793816 0.612430 0.561146 0.979564 0.929878 0.702536 0.692470 0.971680 0.853549 0.888929 0.920267 0.877392 0.991613 0.888236 0.903286 0.913520 0.835785 0.884904 0.908001 0.919964 0.919443 0.825457 0.718191 0.923543 0.915005 0.736300 0.983248 0.908210 0.898032 0.931237 0.945676 0.559868 0.957818
0.810904 0.859522 0.609470 0.483355 0.857204 0.728873 0.738380 0.934275 0.919284 0.672030 0.924163 0.761905 0.729413 0.562167 0.608063 0.401181 0.880358 0.988598 0.948216 0.694834 0.677747 0.970464 0.536709 0.000000 0.379743 0.467502 0.746747 0.773168 0.889149 0.951811 0.783709 0.685013 0.995272 0.905291 0.798319 0.841395 0.645282 0.705347 0.547976 0.693032 0.993363 0.820190 0.828252 0.886645 0.621570 0.667912 0.931665 0.914578 0.538892 0.629520 0.664294 0.701070 0.799450 0.680623 0.986288 0.936109 0.991312 0.969290 0.739986 0.899087 0.927856 0.674505 0.751079 0.871872 0.440957 0.440142 0.762548 0.928554 0.747741 0.803155 0.873056 0.916930 0.815303 0.952573 0.905774 0.955582 0.977553 0.988936 0.999750 0.838711 0.943022 0.673815 0.682809 0.748093 0.638147 0.366822 0.993270 0.908500 0.644775 0.567493 0.760835 0.593023 0.765684 0.714943 0.986495 0.874766 0.993243 0.874058 0.656878 0.747375 0.631554 0.707933 0.681367 0.864046 0.962174 0.922454 0.967640 0.841521 0.887947 0.992154 0.844940 0.590837 0.707848 0.958059 0.926297 0.939231
0.763332 0.767827 0.519340 0.530748 0.947497 0.805608 0.739300 0.933486 0.859659 0.633112 0.962418 0.773855 0.779000 0.665109 0.688751 0.517033 0.907101 0.985073 0.945552 0.708313 0.685225 0.945648 0.619970 0.379743 0.000000 0.405673 0.683267 0.701971 0.934118 0.947498 0.746782 0.632265 0.979382 0.910144 0.838334 0.825926 0.633292 0.585103 0.566945 0.686923 0.979763 0.813618 0.827273 0.849136 0.581515 0.628864 0.934715 0.873708 0.532275 0.657269 0.585725 0.643170 0.720996 0.611971 0.971810 0.892450 0.894370 0.916833 0.718147 0.934232 0.885011 0.774570 0.699924 0.844937 0.408819 0.520470 0.675945 0.854637 0.632679 0.784320 0.918286 0.911485 0.721741 0.787245 0.992800 0.996952 0.928051 0.872244 0.972501 0.831398 0.897062 0.677661 0.705408 0.734398 0.652127 0.402866 0.973831 0.937961 0.681382 0.619704 0.680370 0.601165 0.690649 0.714439 0.999559 0.905460 0.912207 0.884837 0.653932 0.693270 0.635433 0.734456 0.752081 0.817830 0.910417 0.892659 0.906389 0.769313 0.891341 0.934416 0.834451 0.548924 0.739705 0.893744 0.894193 0.999313
0.856399 0.831339 0.547051 0.530206 0.801287 0.704423 0.833674 0.959785 0.716603 0.790054 0.987503 0.852307 0.852777 0.727507 0.785025 0.591671 0.780482 0.873433 0.915494 0.790682 0.810601 0.975366 0.720255 0.467502 0.405673 0.000000 0.808809 0.759466 0.868229 0.904224 0.805948 0.793970 0.926405 0.859501 0.773345 0.731714 0.705871 0.621605 0.579542 0.838536 0.943296 0.763949 0.891271 0.825638 0.645603 0.668819 0.879595 0.852704 0.603872 0.713141 0.692769 0.709317 0.843491 0.740173 0.973398 0.921863 0.975089 0.985030 0.663516 0.892815 0.896438 0.671875 0.651351 0.801771 0.445406 0.521573 0.688118 0.850058 0.762777 0.832356 0.821660 0.807653 0.778648 0.917192 0.938792 0.970175 0.897324 0.982718 0.920709 0.866540 0.973370 0.760272 0.855126 0.834033 0.761247 0.586739 0.969661 0.966467 0.721785 0.671842 0.920313 0.830397 0.959577 0.967893 0.920151 0.896747 0.917208 0.900996 0.793340 0.743073 0.801677 0.901833 0.832928 0.838973 0.982004 0.892726 0.874291 0.943832 0.904546 0.957454 0.936160 0.669216 0.867137 0.917087 0.986733 0.936512
0.925157 0.923677 0.862920 0.850798 0.897651 0.857511 0.712415 0.846415 0.970660 0.744775 0.988743 0.961473 0.963408 0.939966 0.929570 0.905214 0.910815 0.978143 0.959619 0.827166 0.908497 0.851198 0.954124 0.746747 0.683267 0.808809 0.000000 0.715434 0.876460 0.917957 0.941319 0.961757 0.814591 0.862610 0.974898 0.879151 0.827340 0.694096 0.898748 0.785880 0.874520 0.781763 0.771488 0.867232 0.656102 0.715121 0.918910 0.864499 0.767104 0.837282 0.663730 0.735052 0.680483 0.637458 0.993470 0.966975 0.941387 0.929814 0.792497 0.848151 0.735121 0.856905 0.807400 0.832104 0.784448 0.974955 0.665638 0.698079 0.775123 0.815319 0.867460 0.907665 0.978634 0.993610 0.908577 0.940429 0.859785 0.987615 0.952722 0.970386 0.903775 0.835518 0.867141 0.794111 0.896787 0.786922 0.894542 0.732173 0.914657 0.695187 0.775680 0.819974 0.779132 0.912504 0.859588 0.911709 0.979294 0.940635 0.693331 0.813863 0.693524 0.778199 0.922106 0.771661 0.968160 0.990340 0.874470 0.820364 0.968868 0.860423 0.810079 0.817293 0.837250 0.874977 0.908633 0.898591
0.875106 0.797708 0.901125 0.947074 0.876695 0.675904 0.512265 0.675557 0.868489 0.633650 0.772583 0.756397 0.830425 0.988869 0.999283 0.954165 0.728413 0.766145 0.658228 0.856743 0.861131 0.950722 0.906330 0.773168 0.701971 0.759466 0.715434 0.000000 0.668197 0.781125 0.846331 0.949334 0.651006 0.607439 0.776596 0.869310 0.887886 0.894213 0.758366 0.899582 0.909770 0.872009 0.621206 0.623906 0.564858 0.565209 0.584473 0.564075 0.591029 0.633623 0.609097 0.602953 0.780052 0.771320 0.891997 0.839232 0.768700 0.766186 0.513043 0.585789 0.521573 0.791452 0.594940 0.664091 0.878872 0.962633 0.526145 0.590651 0.899353 0.929901 0.877192 0.897199 0.915002 0.955465 0.882621 0.959227 0.731077 0.852969 0.820037 0.792383 0.795929 0.984495 0.954815 0.918002 0.927299 0.897783 0.978540 0.876759 0.927894 0.890872 0.878459 0.871687 0.884519 0.967291 0.953016 0.950869 0.943555 0.716561 0.611238 0.557922 0.875820 0.753277 0.747092 0.723241 0.826168 0.946012 0.892674 0.839391 0.853982 0.942956 0.773553 0.771788 0.775687 0.837200 0.808466 0.884120
0.530613 0.594134 0.870009 0.919934 0.934198 0.734874 0.662378 0.738790 0.998343 0.814188 0.412480 0.524568 0.665960 0.676756 0.811997 0.854353 0.370222 0.382218 0.456332 0.555999 0.971436 0.910427 0.843972 0.889149 0.934118 0.868229 0.876460 0.668197 0.000000 0.304599 0.677290 0.709983 0.445319 0.449741 0.994334 0.929068 0.976388 0.852764 0.999363 0.927724 0.946843 0.821396 0.866465 0.712988 0.749658 0.715588 0.650086 0.588530 0.746414 0.744722 0.789970 0.718317 0.910123 0.917086 0.961974 0.900786 0.533310 0.532996 0.580479 0.615838 0.529513 0.820253 0.410513 0.391679 0.807638 0.906869 0.654075 0.693955 0.601347 0.780314 0.814978 0.954936 0.670151 0.662032 0.855430 0.987500 0.847569 0.759479 0.590973 0.821904 0.478716 0.742480 0.588046 0.693075 0.793774 0.910137 0.962655 0.941719 0.963668 0.957296 0.808411 0.800817 0.737025 0.740337 0.910208 0.841670 0.971861 0.684852 0.786973 0.801777 0.933695 0.892263 0.667562 0.531094 0.845982 0.629611 0.962029 0.872208 0.909809 0.847397 0.944383 0.866816 0.772409 0.748575 0.799262 0.847586
0.500013 0.641043 0.785302 0.797507 0.940219 0.874415 0.707821 0.718084 0.901421 0.952761 0.392686 0.452450 0.622035 0.543583 0.707578 0.695870 0.338848 0.368526 0.487251 0.505088 0.903985 0.986439 0.759007 0.951811 0.947498 0.904224 0.917957 0.781125 0.304599 0.000000 0.619489 0.597962 0.433320 0.467793 0.941209 0.908386 0.903304 0.889190 0.934630 0.839252 0.918930 0.799974 0.991962 0.790343 0.928462 0.866329 0.695089 0.696799 0.935630 0.907762 0.962042 0.873454 0.969912 0.934930 0.872443 0.889415 0.599597 0.587506 0.633069 0.658094 0.530667 0.796998 0.395199 0.354594 0.866050 0.989201 0.675690 0.684934 0.526969 0.737308 0.841043 0.975036 0.650561 0.676192 0.732646 0.958023 0.852672 0.749746 0.565451 0.730955 0.431056 0.691330 0.501375 0.639097 0.781340 0.796571 0.986364 0.978712 0.952572 0.949647 0.695313 0.625496 0.604417 0.599142 0.960974 0.853750 0.926574 0.723602 0.939550 0.952321 0.997704 0.988997 0.810232 0.522600 0.862290 0.585906 0.953885 0.945737 0.863166 0.849111 0.943384 0.981677 0.933840 0.906495 0.751346 0.792627
0.846772 0.823420 0.540709 0.609376 0.803436 0.899129 0.590983 0.517530 0.645995 0.712501 0.720512 0.591104 0.543806 0.683311 0.601339 0.549596 0.826544 0.844829 0.676520 0.797849 0.817598 0.910040 0.459267 0.783709 0.746782 0.805948 0.941319 0.846331 0.677290 0.619489 0.000000 0.427034 0.537965 0.584904 0.918201 0.807133 0.922532 0.972891 0.928300 0.944754 0.901571 0.894068 0.675926 0.652902 0.861211 0.823465 0.669372 0.647564 0.961160 0.967364 0.860802 0.844824 0.831267 0.870757 0.955151 0.993345 0.934421 0.928641 0.769418 0.704193 0.470196 0.479334 0.743813 0.636528 0.804531 0.623693 0.680537 0.552369 0.896170 0.954499 0.589753 0.636094 0.650698 0.792648 0.891182 0.918999 0.693416 0.614378 0.697923 0.851096 0.808668 0.966536 0.765629 0.971116 0.861033 0.789955 0.844865 0.760720 0.822523 0.921297 0.987276 0.927376 0.943142 0.909847 0.894195 0.821140 0.863131 0.728132 0.791989 0.740282 0.838305 0.867600 0.846626 0.717011 0.756756 0.625061 0.769343 0.761809 0.754261 0.859856 0.771759 0.952514 0.886291 0.896129 0.549967 0.969837
0.807480 0.807512 0.582161 0.593537 0.952348 0.996582 0.791090 0.705510 0.858909 0.911867 0.738706 0.574703 0.643675 0.570774 0.682473 0.537751 0.800826 0.779617 0.690517 0.758093 0.702404 0.961449 0.498472 0.685013 0.632265 0.793970 0.961757 0.949334 0.709983 0.597962 0.427034 0.000000 0.574569 0.709277 0.951485 0.986688 0.856948 0.772521 0.902822 0.810703 0.974767 0.859791 0.868435 0.761025 0.979162 0.949882 0.739383 0.864945 0.885692 0.873953 0.981162 0.995303 0.952945 0.990033 0.915191 0.926901 0.824132 0.914493 0.931472 0.916096 0.682939 0.642790 0.806447 0.710259 0.857145 0.719331 0.860002 0.780343 0.810232 0.921676 0.770782 0.670727 0.769717 0.802970 0.984453 0.935349 0.750973 0.662705 0.779305 0.874422 0.774604 0.923793 0.644655 0.821149 0.898221 0.731682 0.824183 0.744266 0.855754 0.877619 0.865361 0.741846 0.796320 0.817963 0.992399 0.871576 0.971507 0.783816 0.960824 0.997798 0.974371 0.924140 0.925010 0.760661 0.918763 0.704258 0.995366 0.857709 0.873856 0.931397 0.867922 0.856986 0.980959 0.902650 0.593418 0.917126
0.505066 0.546930 0.741800 0.671813 0.963718 0.855427 0.501127 0.468533 0.883956 0.675375 0.527350 0.415523 0.538402 0.520333 0.694130 0.701422 0.426671 0.429959 0.413739 0.580041 0.924988 0.966067 0.684698 0.995272 0.979382 0.926405 0.814591 0.651006 0.445319 0.433320 0.537965 0.574569 0.000000 0.387305 0.808650 0.845920 0.889455 0.899488 0.976730 0.932270 0.980397 0.775079 0.694311 0.496162 0.637804 0.586198 0.568930 0.519078 0.684108 0.640086 0.617899 0.591656 0.712809 0.763022 0.900898 0.774881 0.539827 0.527592 0.521141 0.628771 0.386858 0.619513 0.392141 0.339851 0.932206 0.978585 0.497880 0.553115 0.697304 0.766082 0.677524 0.696189 0.758942 0.844547 0.796443 0.956661 0.739303 0.683003 0.500243 0.675648 0.438369 0.699398 0.554785 0.656727 0.729283 0.835437 0.984769 0.821182 0.900231 0.868119 0.943616 0.946744 0.995196 0.867710 0.916923 0.821561 0.970043 0.614136 0.605162 0.659515 0.900848 0.841385 0.684996 0.415284 0.803841 0.651568 0.959105 0.745897 0.858126 0.787279 0.692345 0.824589 0.755492 0.625651 0.608130 0.922636
0.556943 0.546854 0.791379 0.754489 0.879547 0.776713 0.406920 0.439228 0.981584 0.703703 0.500152 0.481674 0.659354 0.735105 0.927937 0.890362 0.453846 0.428693 0.414866 0.636462 0.968916 0.934124 0.819896 0.905291 0.910144 0.859501 0.862610 0.607439 0.449741 0.467793 0.584904 0.709277 0.387305 0.000000 0.889125 0.757103 0.927678 0.985469 0.960250 0.962007 0.878951 0.901587 0.688322 0.500079 0.584143 0.513792 0.534750 0.424502 0.635122 0.611941 0.649885 0.605379 0.798829 0.866691 0.918906 0.804158 0.553230 0.535161 0.364395 0.421292 0.362247 0.709020 0.340170 0.343506 0.884776 0.988516 0.392070 0.403871 0.764980 0.827983 0.908484 0.924179 0.908677 0.856457 0.868962 0.926234 0.732105 0.728169 0.507011 0.718049 0.552708 0.826575 0.691284 0.732722 0.904258 0.921002 0.918866 0.830247 0.980069 0.946339 0.929676 0.914134 0.928651 0.796863 0.902872 0.883399 0.983002 0.557757 0.660435 0.615486 0.785046 0.867226 0.586617 0.465530 0.787768 0.595293 0.944169 0.850323 0.912202 0.788618 0.705959 0.847269 0.757741 0.652902 0.585478 0.882020
0.866515 0.869921 0.655575 0.827911 0.784960 0.967397 0.810693 0.830365 0.764321 0.990887 0.982975 0.924202 0.861491 0.915316 0.846055 0.810035 0.934448 0.947411 0.880040 0.907186 0.926103 0.854994 0.838573 0.798319 0.838334 0.773345 0.974898 0.776596 0.994334 0.941209 0.918201 0.951485 0.808650 0.889125 0.000000 0.962243 0.991551 0.940054 0.969596 0.819331 0.755330 0.972288 0.812341 0.861671 0.850535 0.820387 0.765225 0.720684 0.919727 0.782488 0.841924 0.801130 0.914087 0.939996 0.885019 0.849265 0.908267 0.915820 0.891711 0.741900 0.762102 0.743653 0.994249 0.992476 0.720531 0.761962 0.806607 0.748960 0.973770 0.940123 0.838108 0.958388 0.959544 0.950245 0.980057 0.856123 0.810345 0.969802 0.982588 0.843511 0.935199 0.863303 0.897465 0.891732 0.806981 0.803724 0.950890 0.996908 0.943706 0.839198 0.947206 0.953337 0.939643 0.947960 0.981492 0.903063 0.943295 0.969205 0.849366 0.842109 0.792349 0.925248 0.922661 0.952124 0.906510 0.969320 0.964824 0.917560 0.981194 0.992264 0.947941 0.993589 0.854876 0.860455 0.857857 0.989223
0.962785 0.963253 0.935012 0.931855 0.891570 0.842785 0.776280 0.843175 0.968722 0.808514 0.986387 0.983822 0.950494 0.985699 0.908156 0.904226 0.879390 0.947170 0.800257 0.985096 0.916110 0.893514 0.965670 0.841395 0.825926 0.731714 0.879151 0.869310 0.929068 0.908386 0.807133 0.986688 0.845920 0.757103 0.962243 0.000000 0.958852 0.887501 0.964099 0.922442 0.835501 0.976138 0.717212 0.724449 0.665350 0.676223 0.771077 0.722351 0.727674 0.734858 0.700063 0.749079 0.708095 0.751692 0.987425 0.995593 0.947640 0.910542 0.698045 0.829571 0.767218 0.885036 0.814925 0.805606 0.860679 0.921385 0.707776 0.690407 0.872736 0.995529 0.987240 0.998907 0.894952 0.930142 0.918064 0.964389 0.797404 0.867826 0.822532 0.871305 0.905217 0.898125 0.971905 0.922562 0.950524 0.936345 0.938953 0.976754 0.942773 0.973889 0.932867 0.826268 0.916259 0.986566 0.901608 0.964518 0.929404 0.821471 0.739714 0.657762 0.801424 0.949480 0.788443 0.780333 0.975566 0.913748 0.939772 0.817175 0.855352 0.880688 0.832375 0.704828 0.948315 0.870477 0.921911 0.976362
0.681262 0.646806 0.681790 0.638145 0.888359 0.809078 0.846655 0.966729 0.877710 0.881046 0.961356 0.683317 0.756626 0.595498 0.666197 0.593115 0.893751 0.856202 0.769232 0.626691 0.824391 0.979351 0.741665 0.645282 0.633292 0.705871 0.827340 0.887886 0.976388 0.903304 0.922532 0.856948 0.889455 0.927678 0.991551 0.958852 0.000000 0.643324 0.709872 0.804011 0.752359 0.826711 0.944713 0.908617 0.811638 0.881945 0.923549 0.972249 0.904647 0.933810 0.874155 0.936365 0.995747 0.948904 0.831235 0.983289 0.732154 0.683289 0.793117 0.860566 0.934551 0.762938 0.825276 0.974097 0.679440 0.813820 0.729327 0.844575 0.631666 0.674204 0.807389 0.716459 0.767671 0.867556 0.988627 0.979247 0.849231 0.958490 0.829768 0.750223 0.736162 0.620651 0.786897 0.685759 0.573232 0.612407 0.951913 0.988869 0.727894 0.638644 0.958906 0.955603 0.937636 0.991672 0.959512 0.773995 0.925229 0.932522 0.958799 0.984374 0.733933 0.927125 0.948914 0.978749 0.958396 0.985564 0.995954 0.954740 0.772419 0.863634 0.899901 0.957161 0.879468 0.911086 0.924586 0.998150
0.617424 0.561346 0.811961 0.707554 0.757449 0.846969 0.785911 0.945454 0.998110 0.815216 0.810555 0.691412 0.898441 0.645362 0.917371 0.765487 0.843264 0.745242 0.800351 0.557250 0.864376 0.850131 0.900626 0.705347 0.585103 0.621605 0.694096 0.894213 0.852764 0.889190 0.972891 0.772521 0.899488 0.985469 0.940054 0.887501 0.643324 0.000000 0.676730 0.644534 0.760472 0.614205 0.872029 0.986685 0.792211 0.850619 0.971213 0.972666 0.902731 0.922331 0.865726 0.829988 0.897640 0.804976 0.933165 0.857997 0.556578 0.625389 0.782423 0.882922 0.831185 0.910291 0.916023 0.978112 0.721152 0.909775 0.702988 0.746664 0.611363 0.663522 0.995105 0.870662 0.824139 0.907955 0.860324 0.976504 0.976999 0.963564 0.821197 0.898941 0.671207 0.545270 0.629625 0.486527 0.622898 0.648124 0.943381 0.832840 0.774907 0.580734 0.885230 0.796723 0.842701 0.888316 0.961834 0.993654 0.979011 0.941580 0.838064 0.801562 0.764324 0.844757 0.993040 0.983796 0.917953 0.924062 0.985258 0.940043 0.892712 0.879251 0.923755 0.899404 0.855603 0.798569 0.879950 0.929483
