0.000000 0.253545 0.496529 0.500201 0.710554 0.706178 0.371512 0.336861 0.501243 0.393013 0.231941 0.231359 0.251890 0.445213 0.383382 0.445799 0.278240 0.276626 0.293279 0.319916 0.762983 0.942889 0.591084 0.908564 0.973383 0.949439 0.935298 0.750750 0.407934 0.349459 0.453491 0.657528 0.247585 0.284468 0.686822 0.825913 0.493858 0.477609 0.985462 0.788094 0.658953 0.673930 0.410320 0.353004 0.376970 0.387890 0.474848 0.479006 0.850797 0.608322 0.534451 0.510310 0.672859 0.687290 0.664414 0.620234 0.296912 0.250024 0.342918 0.374613 0.248916 0.344391 0.205041 0.211878 0.624333 0.496719 0.470879 0.491655 0.292858 0.330624 0.425622 0.322915 0.462921 0.467906 0.780909 0.668123 0.528064 0.458196 0.400633 0.407635 0.284415 0.369509 0.795277 0.570332 0.479141 0.793043 0.917364 0.654951 0.720768 0.775698 0.503387 0.541080 0.584099 0.532534 0.770957 0.672684 0.498878 0.746391 0.255963 0.361280 0.584729 0.563086 0.392900 0.443547 0.416225 0.465339 0.694272 0.671363 0.747521 0.653224 0.728354 0.504434 0.457083 0.660460 0.609436 0.921686
0.253545 0.000000 0.710364 0.632554 0.704031 0.763379 0.526527 0.406194 0.539442 0.450762 0.314417 0.205451 0.304350 0.296197 0.351004 0.360029 0.242190 0.210664 0.302006 0.271347 0.785135 0.925807 0.569390 0.782634 0.951381 0.934583 0.974212 0.757078 0.340941 0.309056 0.565442 0.657376 0.357551 0.380378 0.844696 0.847814 0.561568 0.536064 0.853177 0.855282 0.659889 0.657037 0.438367 0.375418 0.468415 0.496823 0.568969 0.538966 0.923005 0.771544 0.702455 0.679433 0.848161 0.893664 0.876857 0.838553 0.175660 0.169263 0.525129 0.549887 0.402014 0.431477 0.245421 0.207366 0.797530 0.660809 0.684271 0.648747 0.345738 0.463749 0.338177 0.320603 0.530857 0.552558 0.872754 0.696755 0.462964 0.441475 0.499740 0.359156 0.283585 0.378542 0.662329 0.571225 0.636013 0.801883 0.913074 0.691417 0.892413 0.966468 0.620126 0.600134 0.706717 0.643649 0.789521 0.680366 0.575795 0.777374 0.332077 0.343875 0.652092 0.741315 0.462835 0.401409 0.505577 0.538152 0.805143 0.693464 0.737828 0.673453 0.642378 0.503616 0.550649 0.613191 0.638890 0.870989
0.496529 0.710364 0.000000 0.236786 0.616756 0.598068 0.198335 0.316531 0.479261 0.417011 0.477509 0.583665 0.443071 0.792427 0.575712 0.599347 0.580516 0.559725 0.437178 0.562690 0.645326 0.754125 0.412529 0.784355 0.659747 0.469759 0.835970 0.918200 0.657155 0.474686 0.308899 0.608162 0.327095 0.310172 0.463769 0.723558 0.563091 0.624814 0.665139 0.745610 0.762037 0.751389 0.350243 0.349817 0.471886 0.461058 0.469295 0.410638 0.873741 0.660057 0.773008 0.644532 0.688326 0.652530 0.662882 0.652670 0.751092 0.700786 0.359938 0.468946 0.307631 0.503710 0.491272 0.559076 0.228630 0.228751 0.201018 0.250385 0.580206 0.385341 0.570543 0.574148 0.604446 0.639637 0.501168 0.856465 0.540161 0.672874 0.479476 0.666933 0.515258 0.466876 0.870753 0.605547 0.361996 0.608620 0.945349 0.785029 0.506692 0.651924 0.487786 0.495153 0.503623 0.466322 0.772783 0.616170 0.622664 0.788218 0.497226 0.492157 0.641184 0.463775 0.599787 0.563913 0.459425 0.451930 0.810612 0.782169 0.770302 0.620758 0.705330 0.705701 0.567722 0.703003 0.683727 0.775532
0.500201 0.632554 0.236786 0.000000 0.690218 0.582056 0.209006 0.224543 0.582486 0.287853 0.553324 0.475169 0.478309 0.609003 0.499699 0.458498 0.533432 0.497931 0.378908 0.473759 0.619342 0.766168 0.300722 0.578063 0.692030 0.548014 0.883739 0.862183 0.602035 0.399109 0.285897 0.460183 0.299266 0.298155 0.541189 0.739635 0.458456 0.589098 0.659755 0.728108 0.796050 0.661162 0.310125 0.347322 0.552311 0.550185 0.557673 0.397764 0.792210 0.777040 0.833794 0.742318 0.720755 0.590861 0.697453 0.719945 0.679604 0.642412 0.480441 0.581119 0.413988 0.500378 0.448721 0.475668 0.352783 0.282368 0.291636 0.323038 0.637066 0.410699 0.458074 0.482308 0.565851 0.665767 0.530849 0.822079 0.490989 0.620117 0.435375 0.624138 0.409660 0.350935 0.746805 0.450367 0.389078 0.511830 0.851881 0.829960 0.614626 0.658491 0.449401 0.405413 0.473956 0.459426 0.804172 0.554271 0.643221 0.755762 0.487198 0.378256 0.567171 0.384443 0.527363 0.488189 0.450998 0.459414 0.911136 0.734218 0.706514 0.587733 0.703159 0.601956 0.536968 0.602571 0.784085 0.938214
0.710554 0.704031 0.616756 0.690218 0.000000 0.772558 0.629385 0.673893 0.683411 0.781719 0.694475 0.731546 0.600461 0.833911 0.666107 0.786791 0.779833 0.727823 0.634645 0.786496 0.776038 0.833169 0.714473 0.884420 0.891886 0.941817 0.881053 0.848227 0.703331 0.757560 0.699941 0.956140 0.617803 0.629387 0.761162 0.934555 0.818470 0.878194 0.816760 0.759727 0.899146 0.649413 0.620449 0.572036 0.545554 0.609867 0.721214 0.626913 0.972258 0.779232 0.898747 0.798336 0.888811 0.942774 0.937400 0.873411 0.777981 0.798387 0.607578 0.654736 0.553526 0.674715 0.707677 0.751379 0.570744 0.568892 0.599735 0.566801 0.664507 0.742250 0.769279 0.804938 0.926610 0.965174 0.926509 0.937255 0.713015 0.830154 0.777825 0.866139 0.767405 0.787168 0.916501 0.828760 0.701949 0.710428 0.945880 0.844208 0.818038 0.995386 0.750417 0.746782 0.759055 0.667312 0.986512 0.936881 0.822158 0.921817 0.687700 0.665503 0.839348 0.646844 0.700170 0.852663 0.591582 0.653865 0.803120 0.888357 0.961411 0.998944 0.805286 0.734023 0.842048 0.814628 0.684914 0.683743
0.706178 0.763379 0.598068 0.582056 0.772558 0.000000 0.576298 0.547722 0.595322 0.577471 0.777222 0.714942 0.633403 0.899282 0.767331 0.758563 0.828820 0.795509 0.741324 0.766651 0.743889 0.792029 0.686874 0.976204 0.795546 0.568640 0.949643 0.705126 0.832844 0.815536 0.608680 0.819474 0.644111 0.644775 0.594343 0.966581 0.620814 0.981704 0.795067 0.972519 0.882304 0.783282 0.604504 0.668628 0.575582 0.598873 0.560058 0.701213 0.963979 0.814038 0.825770 0.740500 0.810478 0.929709 0.815101 0.746437 0.896414 0.849900 0.643329 0.716537 0.609057 0.683491 0.736940 0.735112 0.623635 0.575397 0.552780 0.494000 0.879943 0.779877 0.633453 0.707403 0.916870 0.996201 0.873286 0.875708 0.714414 0.813308 0.783373 0.861418 0.694476 0.706821 0.915262 0.868069 0.663431 0.823880 0.849763 0.640497 0.785811 0.814464 0.472999 0.515512 0.406228 0.547280 0.800305 0.820965 0.661346 0.864994 0.578140 0.634422 0.605264 0.591599 0.729751 0.803245 0.688552 0.550814 0.951057 0.687637 0.847093 0.869430 0.831333 0.645675 0.736952 0.871126 0.800361 0.725775
0.371512 0.526527 0.198335 0.209006 0.629385 0.576298 0.000000 0.188047 0.454523 0.285212 0.408964 0.436010 0.371183 0.590195 0.475209 0.487481 0.440770 0.402497 0.268984 0.410693 0.632633 0.856976 0.337494 0.728279 0.777484 0.646618 0.988220 0.757395 0.523483 0.378504 0.287269 0.517007 0.236591 0.241007 0.529634 0.712440 0.503032 0.577511 0.703988 0.755879 0.771550 0.646707 0.232175 0.257352 0.397759 0.395040 0.408163 0.315869 0.865543 0.725029 0.726275 0.653833 0.691483 0.565621 0.644594 0.715093 0.541279 0.529310 0.339692 0.458203 0.263190 0.435432 0.321314 0.390169 0.348824 0.262639 0.215803 0.229508 0.509557 0.397112 0.411487 0.394513 0.496326 0.538505 0.573162 0.814176 0.513223 0.525232 0.419215 0.546151 0.338343 0.336579 0.794545 0.527510 0.334644 0.604952 0.955657 0.733331 0.563292 0.752815 0.395908 0.371937 0.431258 0.424118 0.794264 0.556155 0.491494 0.733387 0.335269 0.310880 0.547192 0.330127 0.468168 0.426504 0.387773 0.406710 0.771386 0.669049 0.638629 0.533352 0.611055 0.530314 0.426401 0.612443 0.611686 0.816127
0.336861 0.406194 0.316531 0.224543 0.673893 0.547722 0.188047 0.000000 0.441786 0.209183 0.429765 0.302791 0.320506 0.409019 0.389577 0.364846 0.367422 0.333205 0.274562 0.332792 0.645219 0.802570 0.329289 0.656150 0.804890 0.708676 0.943828 0.810934 0.421049 0.318386 0.316722 0.469986 0.232699 0.236841 0.536504 0.716220 0.485671 0.573195 0.840320 0.776498 0.727876 0.625884 0.254492 0.281664 0.386031 0.412624 0.464614 0.373957 0.923181 0.734488 0.677145 0.596976 0.648690 0.581674 0.687430 0.769303 0.476304 0.437524 0.403796 0.466648 0.308388 0.347265 0.289110 0.267800 0.484878 0.332721 0.306721 0.326003 0.493390 0.363051 0.376082 0.359968 0.478958 0.564174 0.621531 0.740926 0.434669 0.431436 0.367596 0.511260 0.263843 0.274000 0.683667 0.443369 0.394227 0.591185 0.980833 0.735141 0.675193 0.710831 0.314839 0.307017 0.369515 0.399526 0.712340 0.505660 0.463844 0.697107 0.273830 0.229983 0.428604 0.366899 0.410071 0.377186 0.354702 0.399038 0.782763 0.584302 0.640955 0.535318 0.614389 0.459326 0.421312 0.549549 0.671414 0.857282
0.501243 0.539442 0.479261 0.582486 0.683411 0.595322 0.454523 0.441786 0.000000 0.435880 0.479016 0.508239 0.444969 0.699765 0.587658 0.639110 0.532802 0.543068 0.536502 0.522648 0.813649 0.902930 0.688881 0.981183 0.789953 0.808728 0.908205 0.912461 0.582261 0.568023 0.535797 0.780048 0.475641 0.474293 0.616918 0.887698 0.780802 0.878609 0.896334 0.810011 0.752562 0.848762 0.501614 0.493273 0.409426 0.442932 0.496955 0.580887 0.994529 0.717210 0.784440 0.648429 0.793858 0.867897 0.824178 0.713882 0.636966 0.550387 0.452456 0.455343 0.403385 0.480268 0.560215 0.542578 0.576212 0.497534 0.492423 0.466369 0.535328 0.534912 0.613935 0.593220 0.568819 0.617918 0.849695 0.750607 0.512187 0.598493 0.683412 0.606055 0.560896 0.605815 0.963977 0.831581 0.687775 0.985970 0.819994 0.515254 0.699504 0.907012 0.546067 0.525056 0.560489 0.485175 0.731174 0.681713 0.687177 0.871252 0.408115 0.499552 0.682511 0.640114 0.692144 0.597097 0.544530 0.587643 0.841629 0.726587 0.816820 0.689905 0.614652 0.656207 0.623473 0.688590 0.668854 0.660579
0.393013 0.450762 0.417011 0.287853 0.781719 0.577471 0.285212 0.209183 0.435880 0.000000 0.453838 0.364226 0.402284 0.453707 0.409482 0.406018 0.392074 0.379658 0.325888 0.375802 0.647177 0.835329 0.374659 0.723386 0.790056 0.699711 0.907935 0.829955 0.489712 0.352975 0.349893 0.496714 0.319937 0.324845 0.541503 0.767751 0.510883 0.624538 0.862507 0.763298 0.808624 0.645454 0.356965 0.387100 0.496669 0.526273 0.549741 0.450129 0.861225 0.815132 0.784249 0.704789 0.755106 0.676427 0.762851 0.789934 0.512669 0.502103 0.522118 0.582237 0.408292 0.431011 0.378010 0.349692 0.549883 0.415219 0.418353 0.448447 0.501789 0.493895 0.375080 0.416021 0.426462 0.531189 0.660338 0.607037 0.459597 0.404710 0.448784 0.545293 0.310359 0.325119 0.689306 0.506415 0.492367 0.720026 0.979002 0.694854 0.815507 0.787170 0.388898 0.358950 0.413377 0.427070 0.751412 0.469122 0.520675 0.722243 0.310397 0.297441 0.586489 0.487414 0.497869 0.423055 0.481931 0.465969 0.782532 0.626663 0.712698 0.597238 0.663774 0.546503 0.472768 0.584736 0.698766 0.903383
0.231941 0.314417 0.477509 0.553324 0.694475 0.777222 0.408964 0.429765 0.479016 0.453838 0.000000 0.269847 0.261070 0.451388 0.385051 0.433495 0.262874 0.263968 0.296974 0.301691 0.722648 0.914469 0.587181 0.830073 0.965230 0.909574 0.953220 0.742710 0.372836 0.306951 0.487420 0.605426 0.321132 0.305118 0.746334 0.825758 0.635131 0.614626 0.995422 0.767013 0.661255 0.693418 0.449486 0.389798 0.505833 0.483793 0.482930 0.510207 0.932717 0.727047 0.752947 0.691104 0.797865 0.875810 0.767068 0.618729 0.321123 0.299699 0.411826 0.443279 0.283701 0.419683 0.259749 0.275958 0.602537 0.482478 0.482420 0.516121 0.274553 0.359812 0.470325 0.402839 0.432205 0.451286 0.816569 0.619208 0.514208 0.479180 0.392086 0.321069 0.309309 0.361921 0.769446 0.633261 0.513315 0.847783 0.886400 0.668853 0.710971 0.859799 0.646384 0.681479 0.726081 0.659977 0.884951 0.638435 0.545329 0.784002 0.334039 0.394623 0.668376 0.645739 0.425243 0.470322 0.481293 0.483249 0.759095 0.833198 0.795566 0.671977 0.770435 0.624270 0.580703 0.649862 0.558580 0.795758
0.231359 0.205451 0.583665 0.475169 0.731546 0.714942 0.436010 0.302791 0.508239 0.364226 0.269847 0.000000 0.238952 0.256178 0.247322 0.257407 0.213507 0.189279 0.275358 0.252183 0.754475 0.905042 0.480941 0.697340 0.918944 0.970384 0.975615 0.807571 0.278994 0.228813 0.465736 0.549125 0.254380 0.306774 0.812963 0.852697 0.491604 0.565355 0.931646 0.774130 0.615425 0.635714 0.406118 0.352826 0.482469 0.459694 0.531930 0.502536 0.965287 0.728495 0.679296 0.615789 0.741895 0.767920 0.810837 0.757468 0.257512 0.218168 0.487717 0.481388 0.337007 0.327400 0.212604 0.143837 0.719051 0.521343 0.578302 0.581760 0.375023 0.346309 0.379716 0.291948 0.472650 0.551678 0.823938 0.647145 0.429368 0.379573 0.363842 0.354682 0.229148 0.285207 0.597342 0.450533 0.522153 0.687800 0.981935 0.751849 0.765553 0.839883 0.560033 0.548076 0.639783 0.621332 0.743675 0.564564 0.576721 0.696711 0.294645 0.310578 0.565343 0.588105 0.397464 0.393276 0.410972 0.503427 0.800409 0.688309 0.714440 0.617665 0.736887 0.513849 0.508051 0.590751 0.669359 0.869790
0.251890 0.304350 0.443071 0.478309 0.600461 0.633403 0.371183 0.320506 0.444969 0.402284 0.261070 0.238952 0.000000 0.379697 0.242489 0.332789 0.299306 0.256516 0.338439 0.382359 0.723246 0.879230 0.465576 0.737656 0.884453 0.869067 0.957062 0.877316 0.333596 0.288221 0.419389 0.630312 0.278002 0.308341 0.713063 0.932932 0.517966 0.619800 0.979066 0.799452 0.623201 0.594649 0.381757 0.327485 0.372822 0.373440 0.452509 0.451624 0.968621 0.603586 0.664619 0.522159 0.709057 0.767004 0.783956 0.713458 0.377063 0.298912 0.401207 0.393602 0.239932 0.314762 0.260661 0.240919 0.514771 0.406362 0.477353 0.483106 0.394405 0.361029 0.461828 0.395169 0.510161 0.527401 0.753714 0.617302 0.489526 0.421396 0.361045 0.370554 0.287715 0.339210 0.720940 0.554837 0.433240 0.686220 0.913435 0.703729 0.603104 0.777886 0.562622 0.539009 0.600476 0.573909 0.701006 0.565974 0.507791 0.739424 0.312540 0.379576 0.631643 0.573587 0.447357 0.475606 0.409481 0.449826 0.760507 0.718262 0.730137 0.603502 0.730738 0.534740 0.529922 0.580705 0.655738 0.777588
0.445213 0.296197 0.792427 0.609003 0.833911 0.899282 0.590195 0.409019 0.699765 0.453707 0.451388 0.256178 0.379697 0.000000 0.290002 0.261646 0.311058 0.260375 0.385883 0.344654 0.820083 0.943323 0.464666 0.553146 0.983706 0.904413 0.944739 0.799936 0.314034 0.274501 0.560680 0.478015 0.413638 0.455666 0.925968 0.836341 0.642254 0.657186 0.820340 0.798111 0.771646 0.591570 0.475414 0.474939 0.651686 0.639957 0.661831 0.574632 0.941886 0.928057 0.808614 0.778964 0.787236 0.760569 0.934786 0.917897 0.310212 0.314385 0.703776 0.691233 0.561093 0.489800 0.316452 0.249080 0.864826 0.683150 0.766490 0.772965 0.519353 0.534538 0.470886 0.463259 0.513967 0.614812 0.966636 0.696316 0.487629 0.400883 0.434474 0.429710 0.300577 0.325412 0.447547 0.431841 0.599329 0.646287 0.974984 0.978299 0.901042 0.896446 0.706225 0.646128 0.807412 0.781640 0.793041 0.570441 0.626507 0.714218 0.454784 0.379059 0.650513 0.683712 0.425409 0.407212 0.573152 0.653557 0.826433 0.668083 0.747530 0.655609 0.737905 0.555913 0.640123 0.517619 0.791970 0.997150
0.383382 0.351004 0.575712 0.499699 0.666107 0.767331 0.475209 0.389577 0.587658 0.409482 0.385051 0.247322 0.242489 0.290002 0.000000 0.287308 0.328223 0.274121 0.368474 0.387221 0.649626 0.869303 0.413511 0.609621 0.822518 0.942049 0.894612 0.854964 0.325979 0.253069 0.466260 0.577268 0.353278 0.372489 0.827379 0.952518 0.527230 0.628673 0.952896 0.747599 0.738029 0.614192 0.449173 0.366082 0.538656 0.511508 0.557420 0.459755 0.975439 0.703439 0.801918 0.663185 0.778154 0.726758 0.829880 0.802919 0.395410 0.355090 0.588589 0.575720 0.408011 0.391301 0.333455 0.291786 0.584724 0.482696 0.633680 0.640286 0.496924 0.447184 0.475398 0.439224 0.497843 0.607450 0.869193 0.631879 0.460054 0.397569 0.370602 0.407707 0.312906 0.340813 0.628266 0.482485 0.462909 0.595416 0.884122 0.860523 0.692840 0.815974 0.648604 0.589125 0.717719 0.670747 0.737670 0.434331 0.628329 0.712027 0.399914 0.389985 0.748625 0.628860 0.488558 0.474379 0.473614 0.552938 0.815123 0.721313 0.722968 0.656077 0.739573 0.535198 0.572009 0.525068 0.779706 0.850700
0.445799 0.360029 0.599347 0.458498 0.786791 0.758563 0.487481 0.364846 0.639110 0.406018 0.433495 0.257407 0.332789 0.261646 0.287308 0.000000 0.303613 0.254312 0.351168 0.323795 0.750379 0.841937 0.333835 0.474333 0.837250 0.902340 0.993479 0.829407 0.303508 0.208943 0.490159 0.438474 0.357465 0.387053 0.855939 0.850414 0.514758 0.648447 0.999914 0.756593 0.702405 0.591778 0.402072 0.378389 0.669782 0.620726 0.632051 0.516801 0.827762 0.887423 0.897190 0.820041 0.864507 0.836389 0.997058 0.945485 0.363690 0.340409 0.647845 0.676070 0.475484 0.425743 0.318601 0.257224 0.698890 0.498630 0.657499 0.645777 0.536494 0.496462 0.412976 0.444245 0.556793 0.632593 0.827519 0.646122 0.452604 0.381783 0.412236 0.420555 0.297663 0.296862 0.508465 0.403778 0.542818 0.534702 0.968074 0.975315 0.836281 0.811736 0.690257 0.621185 0.775763 0.738664 0.761166 0.524273 0.701751 0.685700 0.484459 0.372045 0.727073 0.667034 0.427073 0.357140 0.480617 0.559437 0.911609 0.845349 0.742274 0.613178 0.759606 0.615589 0.611256 0.565713 0.766359 0.883129
0.278240 0.242190 0.580516 0.533432 0.779833 0.828820 0.440770 0.367422 0.532802 0.392074 0.262874 0.213507 0.299306 0.311058 0.328223 0.303613 0.000000 0.159898 0.251868 0.240425 0.746634 0.943357 0.473498 0.685844 0.901959 0.986167 0.999113 0.728250 0.258133 0.207916 0.445790 0.498324 0.306659 0.297155 0.820673 0.813881 0.565610 0.566694 0.939083 0.837224 0.609598 0.635063 0.422490 0.358585 0.562595 0.536293 0.546775 0.553563 0.909207 0.826752 0.818991 0.756234 0.882183 0.820792 0.889452 0.817368 0.223148 0.219649 0.549255 0.558115 0.388540 0.416190 0.221213 0.194835 0.706390 0.561141 0.595133 0.614052 0.334330 0.386405 0.386732 0.350863 0.424248 0.459723 0.820920 0.622423 0.482367 0.430231 0.350445 0.294372 0.200103 0.268110 0.593116 0.480397 0.535776 0.724319 0.983777 0.822057 0.810100 0.893404 0.640213 0.597915 0.720266 0.633476 0.739906 0.594394 0.561454 0.722973 0.409392 0.344336 0.705489 0.640557 0.443172 0.380031 0.514629 0.545980 0.741100 0.743721 0.793001 0.615039 0.681487 0.551738 0.548134 0.542690 0.698283 0.793385
0.276626 0.210664 0.559725 0.497931 0.727823 0.795509 0.402497 0.333205 0.543068 0.379658 0.263968 0.189279 0.256516 0.260375 0.274121 0.254312 0.159898 0.000000 0.208447 0.205692 0.735832 0.951310 0.417020 0.644516 0.919610 0.987446 0.997482 0.708393 0.230552 0.171381 0.466570 0.482806 0.265875 0.278052 0.803157 0.826266 0.534909 0.569052 0.937278 0.831563 0.673997 0.590688 0.371040 0.316540 0.529573 0.500637 0.553428 0.473617 0.898072 0.834817 0.819604 0.760130 0.847364 0.814026 0.857208 0.846573 0.187552 0.191746 0.544161 0.572054 0.367171 0.414776 0.185416 0.169189 0.677359 0.543214 0.568440 0.588458 0.333315 0.391395 0.344745 0.300716 0.434632 0.476290 0.767389 0.655721 0.451231 0.370767 0.317085 0.273888 0.162806 0.218042 0.507596 0.418444 0.468810 0.658999 0.969860 0.861136 0.797299 0.888830 0.608188 0.550204 0.689056 0.626646 0.767552 0.552890 0.547490 0.752273 0.360422 0.288298 0.655998 0.606932 0.388629 0.341800 0.472857 0.514343 0.757851 0.789281 0.755563 0.588983 0.683577 0.484617 0.520335 0.542842 0.651894 0.853044
0.293279 0.302006 0.437178 0.378908 0.634645 0.741324 0.268984 0.274562 0.536502 0.325888 0.296974 0.275358 0.338439 0.385883 0.368474 0.351168 0.251868 0.208447 0.000000 0.209609 0.743248 0.951842 0.343354 0.644004 0.907620 0.945908 0.986388 0.589046 0.330860 0.262646 0.409541 0.418977 0.250197 0.249090 0.748232 0.695051 0.529842 0.573698 0.926750 0.801019 0.781258 0.615137 0.293186 0.284691 0.526348 0.539541 0.509841 0.380785 0.815557 0.891162 0.856327 0.827267 0.881987 0.735273 0.853233 0.897718 0.269745 0.319624 0.503043 0.599385 0.349758 0.475397 0.196201 0.253031 0.587265 0.450879 0.438504 0.461145 0.399927 0.397945 0.269910 0.303194 0.469904 0.494579 0.716599 0.702814 0.485367 0.430695 0.374765 0.382156 0.209523 0.259170 0.568042 0.440280 0.420267 0.627435 0.928896 0.794977 0.813318 0.952560 0.531737 0.492517 0.624761 0.565984 0.863585 0.579111 0.504269 0.693042 0.335706 0.240823 0.632177 0.480921 0.383080 0.347470 0.474232 0.489449 0.753234 0.752513 0.698555 0.644834 0.624718 0.483598 0.519696 0.604725 0.582883 0.865157
0.319916 0.271347 0.562690 0.473759 0.786496 0.766651 0.410693 0.332792 0.522648 0.375802 0.301691 0.252183 0.382359 0.344654 0.387221 0.323795 0.240425 0.205692 0.209609 0.000000 0.735324 0.933301 0.432835 0.651676 0.939408 0.987012 0.957858 0.658695 0.334053 0.250820 0.483871 0.413334 0.328029 0.300677 0.847465 0.709460 0.551485 0.602304 0.937145 0.876689 0.680071 0.713702 0.380664 0.357964 0.615587 0.598069 0.598275 0.517998 0.804108 0.953677 0.897131 0.894405 0.933982 0.837516 0.896406 0.881997 0.252032 0.273812 0.597286 0.669700 0.454794 0.495508 0.238081 0.251157 0.733064 0.594162 0.559379 0.596409 0.365648 0.420517 0.300808 0.339188 0.426320 0.465146 0.787865 0.675423 0.497861 0.423293 0.361662 0.351163 0.234624 0.282126 0.601600 0.475698 0.568953 0.729075 0.921805 0.824291 0.928296 0.993555 0.580532 0.557744 0.694309 0.629802 0.812077 0.622509 0.620194 0.801291 0.384186 0.302696 0.635058 0.568112 0.431854 0.358856 0.542857 0.513492 0.824328 0.794193 0.730320 0.643214 0.638523 0.513481 0.583859 0.574711 0.630102 0.904167
0.762983 0.785135 0.645326 0.619342 0.776038 0.743889 0.632633 0.645219 0.813649 0.647177 0.722648 0.754475 0.723246 0.820083 0.649626 0.750379 0.746634 0.735832 0.743248 0.735324 0.000000 0.685389 0.690799 0.826301 0.694332 0.764500 0.920485 0.991471 0.835223 0.668268 0.698377 0.807025 0.677133 0.626192 0.837775 0.985509 0.736638 0.797740 0.987351 0.862345 0.878407 0.807257 0.698263 0.638161 0.792073 0.734808 0.800899 0.704828 0.918555 0.831627 0.903592 0.867163 0.937957 0.879138 0.722740 0.809321 0.835537 0.819877 0.729713 0.802953 0.685798 0.726852 0.742945 0.749792 0.663507 0.675143 0.692962 0.676220 0.774486 0.815877 0.785514 0.760893 0.671551 0.931372 0.852156 0.984560 0.755409 0.657828 0.730847 0.818637 0.705068 0.677414 0.987585 0.803643 0.757575 0.853131 0.989040 0.851892 0.837228 0.928541 0.719851 0.686203 0.695469 0.741329 0.999270 0.568441 0.958383 0.945044 0.762606 0.707160 0.906332 0.802596 0.699097 0.806387 0.759228 0.621767 0.903123 0.920961 0.699670 0.858697 0.794186 0.781862 0.719849 0.822263 0.843126 0.815431
0.942889 0.925807 0.754125 0.766168 0.833169 0.792029 0.856976 0.802570 0.902930 0.835329 0.914469 0.905042 0.879230 0.943323 0.869303 0.841937 0.943357 0.951310 0.951842 0.933301 0.685389 0.000000 0.804479 0.899703 0.752524 0.729944 0.667810 0.907511 0.912448 0.872540 0.740118 0.924497 0.889518 0.834861 0.894410 0.882855 0.856256 0.820533 0.830268 0.733886 0.950167 0.804477 0.797366 0.799304 0.877065 0.944767 0.964127 0.996013 0.988895 0.895466 0.964128 0.846597 0.874721 0.896530 0.879411 0.857193 0.981272 0.997363 0.892247 0.959935 0.918720 0.903523 0.976294 0.935948 0.805955 0.806105 0.822874 0.871516 0.931780 0.823972 0.827620 0.929709 0.939307 0.943937 0.856775 0.857858 0.857880 0.866386 0.848743 0.967823 0.946274 0.933858 0.925801 0.915133 0.917620 0.918328 0.928796 0.942833 0.869427 0.904594 0.868619 0.872455 0.867560 0.844593 0.864281 0.713862 0.938755 0.990381 0.881544 0.879053 0.879939 0.850648 0.885750 0.819101 0.778611 0.764719 0.871624 0.950701 0.886422 0.965966 0.883887 0.985923 0.910029 0.956283 0.877427 0.910141
0.591084 0.569390 0.412529 0.300722 0.714473 0.686874 0.337494 0.329289 0.688881 0.374659 0.587181 0.480941 0.465576 0.464666 0.413511 0.333835 0.473498 0.417020 0.343354 0.432835 0.690799 0.804479 0.000000 0.338502 0.712258 0.744411 0.890221 0.801541 0.503961 0.357626 0.365459 0.374523 0.382797 0.412709 0.754990 0.692004 0.511933 0.675559 0.838383 0.873952 0.867583 0.546517 0.352493 0.422967 0.690555 0.704278 0.677040 0.539738 0.657400 0.953037 0.970656 0.939273 0.878775 0.657989 0.939674 0.996081 0.572917 0.595716 0.746488 0.840028 0.551605 0.632241 0.442005 0.476358 0.435894 0.409112 0.521613 0.568452 0.732925 0.589597 0.336363 0.461350 0.611473 0.659449 0.686196 0.841245 0.491060 0.516582 0.499531 0.574852 0.393016 0.362676 0.580025 0.458301 0.357084 0.397899 0.774022 0.989725 0.772251 0.874689 0.561786 0.462693 0.616458 0.589103 0.852970 0.463484 0.696263 0.743657 0.548580 0.368514 0.732670 0.527473 0.603869 0.471282 0.589824 0.539126 0.941026 0.788193 0.761794 0.656036 0.746113 0.594124 0.588135 0.636264 0.815418 0.866984
0.908564 0.782634 0.784355 0.578063 0.884420 0.976204 0.728279 0.656150 0.981183 0.723386 0.830073 0.697340 0.737656 0.553146 0.609621 0.474333 0.685844 0.644516 0.644004 0.651676 0.826301 0.899703 0.338502 0.000000 0.691632 0.972305 0.963069 0.847474 0.631976 0.531324 0.711400 0.421973 0.705440 0.713520 0.975904 0.777850 0.686973 0.779308 0.976326 0.992292 0.953580 0.755896 0.678289 0.756014 0.921309 0.925038 0.998749 0.828932 0.552119 0.796924 0.755717 0.815893 0.937520 0.857082 0.838317 0.787433 0.726379 0.781437 0.884173 0.851090 0.915388 0.855398 0.698012 0.697638 0.757268 0.713136 0.905018 0.972044 0.946370 0.809105 0.618830 0.763694 0.764909 0.804871 0.885832 0.914849 0.719005 0.746735 0.670294 0.717606 0.634201 0.544189 0.582679 0.550524 0.636634 0.420415 0.802310 0.722253 0.915764 0.906085 0.917092 0.830909 0.970410 0.976378 0.970985 0.614085 0.947184 0.786710 0.894901 0.649545 0.870504 0.809450 0.818874 0.673357 0.759627 0.822696 0.832198 0.991291 0.827468 0.872573 0.872248 0.819679 0.893109 0.687716 0.871463 0.965131
0.973383 0.951381 0.659747 0.692030 0.891886 0.795546 0.777484 0.804890 0.789953 0.790056 0.965230 0.918944 0.884453 0.983706 0.822518 0.837250 0.901959 0.919610 0.907620 0.939408 0.694332 0.752524 0.712258 0.691632 0.000000 0.519513 0.621846 0.850602 0.913283 0.762320 0.694634 0.856330 0.859045 0.773863 0.751906 0.855764 0.812931 0.903346 0.728012 0.990109 0.825658 0.864391 0.802368 0.826800 0.917937 0.908346 0.875509 0.781667 0.803192 0.873464 0.891693 0.903636 0.957427 0.989331 0.984936 0.988033 0.987390 0.971942 0.918585 0.960656 0.870538 0.920813 0.977767 0.959458 0.584458 0.671390 0.786144 0.784074 0.954450 0.827826 0.902165 0.935055 0.786133 0.969975 0.811290 0.991367 0.758483 0.958654 0.889510 0.978195 0.902058 0.846227 0.981163 0.855589 0.889142 0.731248 0.907077 0.895026 0.864349 0.850743 0.912966 0.872194 0.812938 0.823392 0.938499 0.704561 0.941249 0.842747 0.935104 0.891958 0.941162 0.962236 0.915899 0.920496 0.818899 0.791493 0.883360 0.939694 0.868179 0.881774 0.702780 0.960250 0.970862 0.815937 0.975823 0.666872
0.949439 0.934583 0.469759 0.548014 0.941817 0.568640 0.646618 0.708676 0.808728 0.699711 0.909574 0.970384 0.869067 0.904413 0.942049 0.902340 0.986167 0.987446 0.945908 0.987012 0.764500 0.729944 0.744411 0.972305 0.519513 0.000000 0.639568 0.670913 0.962808 0.881430 0.594195 0.872733 0.770075 0.731037 0.482743 0.777325 0.777972 0.976338 0.674168 0.848976 0.903684 0.901897 0.756636 0.771452 0.810069 0.789569 0.677693 0.714987 0.894781 0.774406 0.942066 0.775201 0.807484 0.913064 0.761543 0.705065 0.840934 0.939037 0.677120 0.729790 0.723796 0.809916 0.964351 0.976152 0.452896 0.502332 0.558514 0.513271 0.927809 0.742096 0.963197 0.976743 0.895491 0.983984 0.600767 0.964420 0.823372 0.982634 0.870317 0.987932 0.918018 0.830305 0.930861 0.911187 0.702682 0.730420 0.957224 0.924584 0.712158 0.608649 0.822919 0.827252 0.713405 0.795549 0.830245 0.887134 0.858430 0.941174 0.913738 0.875894 0.911516 0.813308 0.946672 0.923234 0.848876 0.735682 0.970220 0.925003 0.972517 0.840581 0.938254 0.974033 0.916717 0.912008 0.871706 0.734871
0.935298 0.974212 0.835970 0.883739 0.881053 0.949643 0.988220 0.943828 0.908205 0.907935 0.953220 0.975615 0.957062 0.944739 0.894612 0.993479 0.999113 0.997482 0.986388 0.957858 0.920485 0.667810 0.890221 0.963069 0.621846 0.639568 0.000000 0.787546 0.985629 0.917414 0.749906 0.985900 0.979369 0.934680 0.976702 0.987415 0.968897 0.970400 0.874445 0.972527 0.938743 0.899399 0.900241 0.859916 0.971624 0.960316 0.905825 0.931576 0.925980 0.816716 0.946040 0.923637 0.972162 0.936587 0.970600 0.931324 0.961769 0.970490 0.968786 0.979610 0.978169 0.912865 0.944163 0.927145 0.711691 0.894998 0.944754 0.951544 0.984793 0.841019 0.984569 0.993361 0.982805 0.944146 0.803290 0.954755 0.896962 0.807713 0.894857 0.943146 0.954290 0.980242 0.914106 0.958309 0.907699 0.810444 0.869757 0.921935 0.881640 0.884661 0.824878 0.904417 0.861877 0.957943 0.899374 0.990364 0.868668 0.977521 0.840927 0.923030 0.961775 0.940898 0.898279 0.980219 0.891217 0.953469 0.959415 0.864037 0.889843 0.996232 0.974101 0.994304 0.947087 0.944921 0.987736 0.925303
0.750750 0.757078 0.918200 0.862183 0.848227 0.705126 0.757395 0.810934 0.912461 0.829955 0.742710 0.807571 0.877316 0.799936 0.854964 0.829407 0.728250 0.708393 0.589046 0.658695 0.991471 0.907511 0.801541 0.847474 0.850602 0.670913 0.787546 0.000000 0.741271 0.761720 0.945525 0.807377 0.797398 0.787458 0.984397 0.840590 0.914926 0.827576 0.863424 0.920124 0.991481 0.903491 0.763760 0.786532 0.942562 0.951781 0.975268 0.736601 0.787018 0.917068 0.905682 0.872099 0.919190 0.821175 0.977927 0.831751 0.654557 0.747784 0.944395 0.978773 0.823735 0.851558 0.746174 0.804707 0.996339 0.878180 0.891021 0.912119 0.730808 0.845126 0.736080 0.753086 0.605235 0.637925 0.952464 0.929736 0.925415 0.860071 0.796608 0.689267 0.763467 0.839994 0.859059 0.832691 0.869063 0.969479 0.822189 0.970584 0.887837 0.773620 0.941897 0.894067 0.978964 0.927099 0.943292 0.932935 0.926182 0.969730 0.797724 0.735303 0.940541 0.774627 0.811353 0.746816 0.802867 0.991779 0.913354 0.995510 0.976223 0.927313 0.765990 0.809350 0.886059 0.901631 0.854398 0.825970
0.407934 0.340941 0.657155 0.602035 0.703331 0.832844 0.523483 0.421049 0.582261 0.489712 0.372836 0.278994 0.333596 0.314034 0.325979 0.303508 0.258133 0.230552 0.330860 0.334053 0.835223 0.912448 0.503961 0.631976 0.913283 0.962808 0.985629 0.741271 0.000000 0.242685 0.555954 0.520635 0.357948 0.339269 0.815543 0.877519 0.679727 0.741322 0.992072 0.868022 0.719991 0.599643 0.434038 0.388409 0.577788 0.525245 0.535352 0.464916 0.932838 0.776451 0.819375 0.712853 0.773620 0.801239 0.847530 0.867122 0.311312 0.305770 0.602913 0.598617 0.428452 0.399231 0.292290 0.258940 0.717521 0.540513 0.599765 0.635171 0.420639 0.378363 0.526932 0.508500 0.489766 0.539077 0.839513 0.606696 0.526246 0.440205 0.382558 0.363293 0.258081 0.312796 0.527853 0.421466 0.521440 0.635122 0.917296 0.924455 0.829991 0.822762 0.713942 0.646865 0.786116 0.762713 0.716758 0.586921 0.644254 0.714565 0.466910 0.396631 0.665951 0.596099 0.452337 0.403772 0.503615 0.589185 0.836980 0.896657 0.859706 0.645429 0.625782 0.601871 0.640821 0.565730 0.784386 0.852891
0.349459 0.309056 0.474686 0.399109 0.757560 0.815536 0.378504 0.318386 0.568023 0.352975 0.306951 0.228813 0.288221 0.274501 0.253069 0.208943 0.207916 0.171381 0.262646 0.250820 0.668268 0.872540 0.357626 0.531324 0.762320 0.881430 0.917414 0.761720 0.242685 0.000000 0.392080 0.408199 0.282629 0.263570 0.768519 0.819468 0.501284 0.522732 0.985061 0.812615 0.635117 0.640466 0.320764 0.278910 0.575945 0.499440 0.537588 0.408551 0.851756 0.768712 0.813923 0.729473 0.775908 0.726720 0.865021 0.812946 0.285102 0.285534 0.554399 0.597140 0.370669 0.377047 0.245331 0.212423 0.578206 0.435712 0.531191 0.563350 0.403612 0.369301 0.417493 0.388382 0.385658 0.453175 0.709797 0.617808 0.459542 0.388543 0.289015 0.343125 0.218341 0.236521 0.488883 0.392286 0.455592 0.589648 0.940902 0.945518 0.736389 0.826407 0.664164 0.608457 0.761381 0.682225 0.769761 0.507054 0.640299 0.687169 0.437160 0.332996 0.671395 0.610762 0.443261 0.338583 0.447688 0.479149 0.811245 0.796807 0.702743 0.540532 0.661552 0.568092 0.538210 0.537774 0.717320 0.858488
0.453491 0.565442 0.308899 0.285897 0.699941 0.608680 0.287269 0.316722 0.535797 0.349893 0.487420 0.465736 0.419389 0.560680 0.466260 0.490159 0.445790 0.466570 0.409541 0.483871 0.698377 0.740118 0.365459 0.711400 0.694634 0.594195 0.749906 0.945525 0.555954 0.392080 0.000000 0.496419 0.313271 0.303152 0.565166 0.733936 0.525605 0.638530 0.739929 0.808625 0.726863 0.646570 0.321614 0.331589 0.497359 0.504016 0.534447 0.462076 0.854569 0.745085 0.810806 0.704659 0.716158 0.685915 0.734998 0.692745 0.584246 0.578405 0.476017 0.551454 0.383580 0.540383 0.427256 0.448263 0.397607 0.370158 0.354144 0.380325 0.619037 0.469117 0.481254 0.531796 0.556851 0.665113 0.657807 0.749908 0.549017 0.612383 0.493935 0.575769 0.423122 0.427952 0.714542 0.556024 0.460426 0.639755 0.898345 0.749571 0.550789 0.748907 0.559756 0.525768 0.596000 0.507215 0.757576 0.619383 0.527672 0.711225 0.490124 0.473232 0.615179 0.423582 0.601850 0.555405 0.598198 0.469060 0.794068 0.668493 0.811743 0.626315 0.629612 0.632690 0.542183 0.614347 0.723370 0.848026
0.657528 0.657376 0.608162 0.460183 0.956140 0.819474 0.517007 0.469986 0.780048 0.496714 0.605426 0.549125 0.630312 0.478015 0.577268 0.438474 0.498324 0.482806 0.418977 0.413334 0.807025 0.924497 0.374523 0.421973 0.856330 0.872733 0.985900 0.807377 0.520635 0.408199 0.496419 0.000000 0.497240 0.474233 0.900796 0.643924 0.710398 0.829625 0.972101 0.963100 0.912527 0.780808 0.515497 0.600152 0.919004 0.897262 0.812361 0.640375 0.557280 0.821763 0.880207 0.902713 0.980484 0.807462 0.992130 0.959851 0.573074 0.639992 0.868400 0.915810 0.703331 0.746849 0.464178 0.502837 0.741764 0.629557 0.671154 0.708609 0.754379 0.635114 0.527515 0.634184 0.635643 0.654903 0.798988 0.828096 0.702812 0.601319 0.462409 0.601061 0.423391 0.363441 0.570245 0.470053 0.579675 0.538065 0.912956 0.843818 0.927871 0.840710 0.771878 0.704469 0.817514 0.828020 0.950509 0.571399 0.726743 0.775823 0.735844 0.511141 0.729610 0.599904 0.651616 0.468965 0.722180 0.760379 0.902496 0.891014 0.814016 0.713918 0.693994 0.783186 0.843719 0.664903 0.848336 0.947025
0.247585 0.357551 0.327095 0.299266 0.617803 0.644111 0.236591 0.232699 0.475641 0.319937 0.321132 0.254380 0.278002 0.413638 0.353278 0.357465 0.306659 0.265875 0.250197 0.328029 0.677133 0.889518 0.382797 0.705440 0.859045 0.770075 0.979369 0.797398 0.357948 0.282629 0.313271 0.497240 0.000000 0.182692 0.570222 0.748301 0.437786 0.546848 0.861771 0.716460 0.693322 0.587421 0.318251 0.274339 0.403166 0.389673 0.497446 0.400148 0.951051 0.719492 0.716179 0.622210 0.700234 0.678173 0.669545 0.664880 0.381140 0.347417 0.352169 0.396932 0.236402 0.366718 0.224374 0.234787 0.467745 0.345143 0.321449 0.333981 0.402776 0.307980 0.381435 0.332233 0.512521 0.606713 0.664003 0.821733 0.417690 0.396376 0.359565 0.443470 0.241001 0.240400 0.657732 0.405356 0.357363 0.546646 0.957787 0.778293 0.592626 0.755485 0.461765 0.416122 0.505060 0.468851 0.736745 0.624228 0.575574 0.754664 0.321482 0.345729 0.588424 0.405092 0.384596 0.377740 0.370186 0.460766 0.777166 0.688448 0.810981 0.628104 0.648675 0.505103 0.494771 0.597327 0.659635 0.864862
0.284468 0.380378 0.310172 0.298155 0.629387 0.644775 0.241007 0.236841 0.474293 0.324845 0.305118 0.306774 0.308341 0.455666 0.372489 0.387053 0.297155 0.278052 0.249090 0.300677 0.626192 0.834861 0.412709 0.713520 0.773863 0.731037 0.934680 0.787458 0.339269 0.263570 0.303152 0.474233 0.182692 0.000000 0.504799 0.707340 0.481770 0.553475 0.791038 0.702830 0.693828 0.616209 0.311679 0.274646 0.440448 0.437854 0.465792 0.349275 0.884048 0.715385 0.772878 0.665579 0.718161 0.716713 0.664609 0.663369 0.402717 0.377618 0.361713 0.418410 0.253408 0.369279 0.236283 0.265748 0.420701 0.312868 0.279530 0.309971 0.367584 0.291856 0.416139 0.416537 0.467292 0.591029 0.719865 0.724520 0.461553 0.430460 0.301278 0.427252 0.224660 0.229598 0.666392 0.427099 0.379778 0.564018 0.991498 0.722700 0.637780 0.718028 0.460139 0.454564 0.520760 0.475233 0.757828 0.579109 0.528822 0.667234 0.356692 0.331422 0.571356 0.414000 0.393777 0.344267 0.374163 0.405520 0.782806 0.700119 0.805046 0.602581 0.578113 0.484970 0.485592 0.531290 0.614153 0.816443
0.686822 0.844696 0.463769 0.541189 0.761162 0.594343 0.529634 0.536504 0.616918 0.541503 0.746334 0.812963 0.713063 0.925968 0.827379 0.855939 0.820673 0.803157 0.748232 0.847465 0.837775 0.894410 0.754990 0.975904 0.751906 0.482743 0.976702 0.984397 0.815543 0.768519 0.565166 0.900796 0.570222 0.504799 0.000000 0.705494 0.698463 0.772917 0.634420 0.883479 0.911878 0.877545 0.645756 0.626604 0.527039 0.565846 0.731340 0.627056 0.989227 0.701507 0.793015 0.667853 0.631910 0.845246 0.640633 0.655065 0.909824 0.866890 0.491009 0.545350 0.502069 0.588645 0.745613 0.751982 0.449043 0.423007 0.376467 0.400373 0.709882 0.622920 0.853390 0.864303 0.779827 0.903818 0.763078 0.902532 0.682724 0.812601 0.773459 0.865705 0.700081 0.683214 0.924265 0.798779 0.615512 0.733941 0.972508 0.682666 0.711264 0.672253 0.566080 0.615906 0.524174 0.563987 0.851599 0.890552 0.635746 0.767107 0.634632 0.670006 0.663448 0.643232 0.677000 0.790696 0.662721 0.595348 0.829222 0.722518 0.987867 0.834501 0.767815 0.599625 0.740758 0.828781 0.811364 0.890355
0.825913 0.847814 0.723558 0.739635 0.934555 0.966581 0.712440 0.716220 0.887698 0.767751 0.825758 0.852697 0.932932 0.836341 0.952518 0.850414 0.813881 0.826266 0.695051 0.709460 0.985509 0.882855 0.692004 0.777850 0.855764 0.777325 0.987415 0.840590 0.877519 0.819468 0.733936 0.643924 0.748301 0.707340 0.705494 0.000000 0.861927 0.767070 0.820117 0.962354 0.949631 0.927666 0.735336 0.814247 0.873996 0.943163 0.984812 0.857536 0.807757 0.891269 0.990314 0.976855 0.893224 0.875569 0.955667 0.940249 0.801486 0.863649 0.859969 0.919417 0.811878 0.886180 0.777288 0.816654 0.806934 0.761895 0.678161 0.758364 0.789210 0.781000 0.693416 0.852812 0.858819 0.836026 0.880286 0.971994 0.877443 0.846120 0.914438 0.898953 0.779092 0.792867 0.739274 0.808089 0.821415 0.758930 0.822623 0.988862 0.944575 0.958352 0.884397 0.961880 0.924293 0.911962 0.814384 0.831938 0.856452 0.970241 0.838137 0.770289 0.806641 0.856747 0.905020 0.761908 0.879124 0.856516 0.656279 0.858535 0.988445 0.969898 0.732139 0.773811 0.948038 0.840844 0.837192 0.862021
0.493858 0.561568 0.563091 0.458456 0.818470 0.620814 0.503032 0.485671 0.780802 0.510883 0.635131 0.491604 0.517966 0.642254 0.527230 0.514758 0.565610 0.534909 0.529842 0.551485 0.736638 0.856256 0.511933 0.686973 0.812931 0.777972 0.968897 0.914926 0.679727 0.501284 0.525605 0.710398 0.437786 0.481770 0.698463 0.861927 0.000000 0.500722 0.962617 0.911166 0.722063 0.730440 0.545818 0.536838 0.686860 0.679714 0.744578 0.654218 0.959485 0.861232 0.834687 0.822539 0.940856 0.856405 0.867818 0.874231 0.563781 0.563519 0.632047 0.753194 0.537670 0.550966 0.493882 0.493322 0.632200 0.550476 0.623004 0.644883 0.657440 0.598322 0.450667 0.498268 0.691085 0.734694 0.816467 0.856523 0.613221 0.593182 0.544729 0.727516 0.531235 0.525360 0.778954 0.537068 0.579674 0.675100 0.817092 0.885587 0.826046 0.886048 0.640886 0.604137 0.668801 0.623339 0.746818 0.789108 0.674277 0.711086 0.561853 0.575737 0.767071 0.610208 0.637064 0.624108 0.494853 0.583401 0.977044 0.694324 0.681971 0.777494 0.761514 0.521026 0.639507 0.739590 0.794988 0.883357
0.477609 0.536064 0.624814 0.589098 0.878194 0.981704 0.577511 0.573195 0.878609 0.624538 0.614626 0.565355 0.619800 0.657186 0.628673 0.648447 0.566694 0.569052 0.573698 0.602304 0.797740 0.820533 0.675559 0.779308 0.903346 0.976338 0.970400 0.827576 0.741322 0.522732 0.638530 0.829625 0.546848 0.553475 0.772917 0.767070 0.500722 0.000000 0.962876 0.751169 0.770351 0.900323 0.532848 0.509109 0.639483 0.628067 0.791526 0.706845 0.829941 0.712265 0.627921 0.640586 0.695445 0.626084 0.797821 0.875962 0.546142 0.553329 0.588416 0.677996 0.552460 0.577421 0.519632 0.521068 0.708171 0.665656 0.692815 0.735094 0.571651 0.515633 0.563149 0.541475 0.684085 0.603090 0.781772 0.823947 0.662540 0.691768 0.649761 0.658891 0.624789 0.625176 0.752529 0.650339 0.668702 0.755601 0.922009 0.908811 0.759836 0.800518 0.770540 0.789346 0.883465 0.751752 0.948081 0.770968 0.722390 0.740522 0.611362 0.617996 0.803229 0.779857 0.662096 0.556427 0.609116 0.555023 0.747527 0.656366 0.656586 0.736850 0.795049 0.720819 0.575720 0.724084 0.827654 0.851645
