0.000000 0.238878 0.635323 0.692280 0.639675 0.644752 0.870400 0.888793 0.482260 0.484975 0.386974 0.360490 0.522493 0.502545 0.700690 0.990387 0.360749 0.301279 0.406747 0.272999 0.621488 0.935679 0.868664 0.587333 0.588148 0.808306 0.639531 0.918074 0.701743 0.685665 0.874683 0.906322 0.574059 0.694508 0.914794 0.912885 0.930515 0.991267 0.799126 0.862702 0.904577 0.865323 0.956018 0.902378 0.840745 0.991709 0.720545 0.682558 0.886690 0.898792 0.911781 0.954974 0.635724 0.411630 0.604648 0.612652 0.215512 0.235439 0.442864 0.374690 0.822256 0.914580 0.531736 0.524493 0.400466 0.712653 0.777926 0.987516 0.329336 0.533846 0.575122 0.550562 0.691134 0.616541 0.984840 0.839519 0.956856 0.845409 0.593664 0.464458 0.312278 0.281787 0.520972 0.310584 0.308088 0.275446 0.893523 0.625292 0.723881 0.367910 0.467671 0.587314 0.596765 0.664600 0.937479 0.845447 0.812568 0.980975 0.861028 0.895044 0.599485 0.671680 0.940112 0.755841 0.944852 0.958538 0.955599 0.923831 0.746406 0.829541 0.891651 0.955186 0.821153 0.877958 0.884417 0.737758
0.238878 0.000000 0.537266 0.546603 0.620471 0.710315 0.876820 0.971304 0.574046 0.546963 0.492561 0.415146 0.608362 0.529931 0.667196 0.912719 0.397640 0.362251 0.406476 0.274932 0.631347 0.957641 0.818790 0.586972 0.500040 0.685033 0.591513 0.906752 0.701695 0.686627 0.978311 0.855054 0.596951 0.641221 0.865115 0.904964 0.833967 0.891674 0.666935 0.913649 0.948592 0.802073 0.937834 0.830576 0.794025 0.987412 0.681465 0.679554 0.925803 0.910720 0.899733 0.973924 0.626513 0.432413 0.666462 0.650936 0.231337 0.206313 0.484748 0.439415 0.902705 0.946973 0.647098 0.566393 0.384357 0.729031 0.852230 0.975340 0.313057 0.486776 0.729294 0.608326 0.782750 0.676297 0.968539 0.853244 0.900660 0.884504 0.562899 0.474529 0.328781 0.326317 0.587339 0.339590 0.419461 0.349311 0.973980 0.732342 0.756382 0.412999 0.411316 0.545902 0.540639 0.643572 0.977298 0.907014 0.814642 0.963422 0.813977 0.905316 0.501202 0.634442 0.893219 0.828521 0.985343 0.900329 0.899039 0.952105 0.826480 0.776907 0.933715 0.933656 0.862904 0.883282 0.888798 0.743850
0.635323 0.537266 0.000000 0.306683 0.767397 0.974273 0.784719 0.677589 0.992792 0.842455 0.799376 0.690552 0.591338 0.773156 0.682963 0.750425 0.824248 0.786167 0.630205 0.654296 0.623050 0.957955 0.698536 0.639745 0.435943 0.504610 0.618475 0.975134 0.890047 0.933011 0.705168 0.705170 0.750831 0.732290 0.743975 0.846506 0.644163 0.852601 0.754912 0.826715 0.951192 0.753736 0.739898 0.744798 0.878020 0.993799 0.778050 0.796247 0.958153 0.921540 0.959141 0.956412 0.810429 0.770015 0.797466 0.873319 0.578440 0.547136 0.739678 0.630814 0.865896 0.780254 0.984412 0.877341 0.449210 0.571508 0.841023 0.936751 0.547757 0.632326 0.867386 0.904447 0.930177 0.934602 0.931942 0.853277 0.710745 0.812797 0.715585 0.685281 0.808512 0.716892 0.875552 0.777944 0.798113 0.628497 0.917781 0.851524 0.786029 0.687749 0.790683 0.957201 0.885174 0.956136 0.857571 0.936354 0.635245 0.758821 0.853492 0.783092 0.616007 0.989998 0.999658 0.918388 0.868900 0.779316 0.683903 0.956560 0.974563 0.774586 0.834154 0.950201 0.786119 0.751518 0.621661 0.972156
0.692280 0.546603 0.306683 0.000000 0.746483 0.991956 0.903380 0.585812 0.967353 0.879799 0.938677 0.729216 0.724738 0.666942 0.720512 0.633039 0.841338 0.799024 0.705321 0.749969 0.684569 0.924979 0.795025 0.530331 0.436638 0.467663 0.663546 0.969715 0.983750 0.907159 0.738335 0.703490 0.802007 0.741824 0.713925 0.907984 0.559961 0.762013 0.618622 0.741335 0.886593 0.735558 0.834039 0.799583 0.822054 0.940630 0.866486 0.864520 0.874488 0.974878 0.962782 0.937203 0.862544 0.843952 0.849009 0.872507 0.596020 0.568077 0.765738 0.684305 0.936106 0.758282 0.993050 0.880122 0.562201 0.543624 0.913670 0.972281 0.628682 0.605694 0.896586 0.994413 0.976875 0.997220 0.965839 0.977632 0.755249 0.891284 0.704736 0.724304 0.822566 0.789352 0.916762 0.771263 0.921725 0.631659 0.915831 0.830649 0.766027 0.739720 0.686692 0.751578 0.784604 0.812003 0.951545 0.970522 0.807802 0.726943 0.971106 0.890097 0.528068 0.841673 0.902352 0.910466 0.992643 0.846313 0.698471 0.947538 0.992142 0.825301 0.954355 0.873904 0.863838 0.763658 0.703379 0.924196
0.639675 0.620471 0.767397 0.746483 0.000000 0.809394 0.650518 0.828642 0.700170 0.634512 0.837854 0.882749 0.925312 0.896821 0.904129 0.840769 0.769044 0.765116 0.874231 0.653219 0.753856 0.971422 0.836084 0.842103 0.672976 0.746339 0.866192 0.897354 0.920530 0.995438 0.865505 0.980643 0.950269 0.935369 0.940410 0.708021 0.829879 0.811979 0.833992 0.990212 0.890461 0.745319 0.910266 0.957389 0.669301 0.786415 0.940833 0.955743 0.803720 0.830947 0.683084 0.709857 0.548085 0.486272 0.962017 0.954769 0.559584 0.601446 0.900886 0.752670 0.759598 0.772489 0.959278 0.943428 0.750243 0.992954 0.884584 0.744214 0.531608 0.556647 0.731318 0.679817 0.830394 0.769259 0.910249 0.965667 0.953729 0.810608 0.791838 0.820793 0.671532 0.659014 0.867780 0.710174 0.875892 0.781288 0.973358 0.920099 0.992736 0.771549 0.617712 0.581984 0.781211 0.732548 0.978587 0.913332 0.888802 0.985559 0.734152 0.766310 0.613575 0.619240 0.815618 0.997433 0.894048 0.894022 0.961577 0.908697 0.817226 0.879302 0.951423 0.744492 0.901302 0.917658 0.857955 0.783992
0.644752 0.710315 0.974273 0.991956 0.809394 0.000000 0.809065 0.762605 0.621484 0.681951 0.688374 0.718105 0.884095 0.758765 0.986089 0.869150 0.667934 0.666234 0.708528 0.717382 0.881084 0.954961 0.994160 0.844812 0.915672 0.892121 0.970772 0.802847 0.830590 0.891788 0.781576 0.931277 0.823194 0.960948 0.916963 0.947941 0.830166 0.825422 0.961414 0.797937 0.736209 0.779169 0.836873 0.865076 0.928199 0.996150 0.909763 0.898373 0.923805 0.947033 0.964721 0.916025 0.784576 0.704708 0.861646 0.779010 0.629369 0.661763 0.730238 0.797229 0.934404 0.801970 0.760155 0.820431 0.714818 0.986925 0.867044 0.979150 0.751433 0.925243 0.701931 0.620111 0.662129 0.731629 0.932078 0.865921 0.824980 0.736194 0.927194 0.894139 0.681410 0.657728 0.738430 0.656089 0.628785 0.661646 0.803315 0.851158 0.923227 0.755013 0.682335 0.790745 0.838816 0.793579 0.999812 0.947016 0.939532 0.973926 0.866022 0.872533 0.840574 0.812111 0.899355 0.955417 0.962120 0.911151 0.912327 0.829923 0.741760 0.777027 0.933805 0.966555 0.881853 0.880953 0.902265 0.736707
0.870400 0.876820 0.784719 0.903380 0.650518 0.809065 0.000000 0.344451 0.666103 0.478550 0.981510 0.781413 0.601257 0.887042 0.505518 0.684763 0.993951 0.998822 0.748611 0.952664 0.948315 0.959658 0.453325 0.995001 0.759292 0.836978 0.943376 0.833206 0.550384 0.655905 0.550986 0.737161 0.685606 0.537988 0.844224 0.899221 0.948557 0.893826 0.852760 0.974814 0.828637 0.916588 0.471314 0.551167 0.385549 0.450671 0.678448 0.704485 0.480976 0.470669 0.384223 0.427360 0.468585 0.494583 0.796933 0.745279 0.873827 0.881794 0.767200 0.924488 0.332721 0.328832 0.668594 0.647073 0.843444 0.747625 0.488560 0.454560 0.727026 0.752586 0.530555 0.614013 0.664480 0.605279 0.871719 0.754900 0.664939 0.600592 0.827103 0.909649 0.884189 0.760575 0.937394 0.782618 0.948645 0.933266 0.999229 0.845958 0.854510 0.913224 0.609366 0.542710 0.865066 0.863156 0.678600 0.740758 0.739669 0.864966 0.377942 0.438287 0.792828 0.600003 0.745920 0.851763 0.742419 0.727633 0.834745 0.884415 0.778230 0.891265 0.743609 0.646874 0.453577 0.746673 0.461014 0.734118
0.888793 0.971304 0.677589 0.585812 0.828642 0.762605 0.344451 0.000000 0.668149 0.551029 0.850480 0.779473 0.626009 0.791465 0.558942 0.470782 0.936907 0.957456 0.863501 0.899837 0.988260 0.867436 0.580585 0.823328 0.931795 0.998794 0.998785 0.872152 0.782332 0.780336 0.607655 0.775008 0.799821 0.612644 0.812337 0.960756 0.951619 0.940052 0.915804 0.898770 0.730342 0.999424 0.620113 0.662528 0.632995 0.677952 0.840394 0.880206 0.743604 0.680833 0.537077 0.537515 0.591195 0.565096 0.946104 0.899968 0.953884 0.961874 0.838772 0.957390 0.432627 0.309703 0.808641 0.729323 0.818111 0.560195 0.658375 0.614232 0.766268 0.924611 0.592148 0.687208 0.744482 0.734180 0.842108 0.888635 0.676864 0.663771 0.817113 0.932224 0.832490 0.745995 0.964931 0.780106 0.901190 0.991344 0.947289 0.718039 0.779531 0.865092 0.795241 0.850519 0.965267 0.952074 0.851832 0.870892 0.826213 0.860615 0.598408 0.608144 0.928188 0.836877 0.980233 0.967141 0.878424 0.923591 0.749382 0.874851 0.823802 0.891107 0.909370 0.916331 0.578842 0.744346 0.528337 0.880609
0.482260 0.574046 0.992792 0.967353 0.700170 0.621484 0.666103 0.668149 0.000000 0.528843 0.634316 0.645406 0.938167 0.564060 0.913990 0.838481 0.457576 0.425809 0.630917 0.510929 0.812859 0.873048 0.899411 0.662871 0.703608 0.855344 0.788094 0.945625 0.862759 0.739770 0.764647 0.953322 0.777630 0.827336 0.939241 0.863692 0.916506 0.897720 0.841852 0.928922 0.915854 0.986504 0.867528 0.956258 0.889090 0.987559 0.793442 0.735383 0.923953 0.924859 0.876452 0.884897 0.765499 0.616515 0.659311 0.607066 0.495147 0.515785 0.581762 0.672023 0.890560 0.727788 0.698585 0.670869 0.843724 0.993110 0.856099 0.995992 0.575012 0.619603 0.583389 0.572191 0.748102 0.758468 0.975066 0.935317 0.866260 0.702743 0.765626 0.696249 0.463519 0.459335 0.574393 0.400560 0.599166 0.500919 0.799753 0.587594 0.744643 0.493946 0.497601 0.610952 0.656439 0.707880 0.964542 0.802660 0.934730 0.846966 0.793484 0.897265 0.881044 0.733726 0.911924 0.707965 0.966203 0.936224 0.868590 0.924535 0.744686 0.903418 0.930987 0.909072 0.712648 0.970842 0.857219 0.712568
0.484975 0.546963 0.842455 0.879799 0.634512 0.681951 0.478550 0.551029 0.528843 0.000000 0.636041 0.837003 0.934753 0.836416 0.857636 0.710736 0.730990 0.647121 0.850560 0.589578 0.780001 0.940741 0.720373 0.686468 0.627283 0.805197 0.731384 0.788882 0.808418 0.927614 0.524051 0.716512 0.922940 0.778362 0.930990 0.939573 0.934297 0.847074 0.830751 0.972369 0.838167 0.945507 0.562532 0.679934 0.422466 0.520430 0.835263 0.895654 0.606910 0.614959 0.440563 0.471569 0.373408 0.327590 0.936643 0.961069 0.558161 0.547813 0.908110 0.763511 0.711179 0.522156 0.961182 0.926158 0.683336 0.822113 0.793946 0.627368 0.444765 0.607152 0.469159 0.529147 0.639816 0.560623 0.881768 0.768142 0.654152 0.599594 0.975104 0.816936 0.589896 0.403964 0.765604 0.465068 0.602703 0.489270 0.829175 0.566642 0.818651 0.555739 0.586418 0.614735 0.917440 0.923022 0.805992 0.947738 0.937106 0.918976 0.500748 0.596498 0.713397 0.616140 0.766616 0.953653 0.886663 0.899628 0.920740 0.893490 0.636253 0.967139 0.915939 0.763844 0.510683 0.897315 0.726456 0.727657
0.386974 0.492561 0.799376 0.938677 0.837854 0.688374 0.981510 0.850480 0.634316 0.636041 0.000000 0.470387 0.537062 0.577697 0.710321 0.969437 0.501921 0.410177 0.576615 0.443528 0.764421 0.958907 0.998989 0.863292 0.868707 0.962555 0.828380 0.897398 0.654410 0.673349 0.791146 0.951659 0.743391 0.840751 0.889296 0.968121 0.896803 0.857913 0.933666 0.933881 0.845772 0.913451 0.873405 0.916125 0.856252 0.925260 0.951849 0.889688 0.939070 0.990898 0.868379 0.837971 0.697995 0.483882 0.725904 0.757271 0.424970 0.469097 0.678191 0.634731 0.726932 0.931461 0.602841 0.622123 0.467673 0.689300 0.939256 0.930701 0.574943 0.842880 0.596957 0.712766 0.805201 0.704249 0.999481 0.943092 0.802522 0.960015 0.737723 0.634814 0.490439 0.448108 0.621695 0.489933 0.445983 0.515668 0.783337 0.730608 0.798556 0.653794 0.657939 0.782513 0.639929 0.888822 0.973747 0.798057 0.917632 0.932697 0.787410 0.857698 0.756562 0.866717 0.868769 0.943896 0.999841 0.942034 0.915543 0.931090 0.795301 0.908254 0.934275 0.916030 0.778849 0.990119 0.935881 0.808332
0.360490 0.415146 0.690552 0.729216 0.882749 0.718105 0.781413 0.779473 0.645406 0.837003 0.470387 0.000000 0.386405 0.348221 0.435028 0.648432 0.351948 0.316921 0.370102 0.369056 0.712001 0.994900 0.633612 0.653875 0.812728 0.983737 0.705829 0.954006 0.473139 0.451466 0.871207 0.789827 0.481106 0.499786 0.878771 0.985413 0.969836 0.959805 0.891329 0.796009 0.980353 0.948231 0.828547 0.749315 0.827915 0.725036 0.652055 0.589122 0.624999 0.658057 0.720122 0.720787 0.971681 0.766282 0.494331 0.550168 0.378640 0.381314 0.408167 0.483562 0.517963 0.728543 0.347154 0.304662 0.508114 0.630197 0.631705 0.733790 0.612616 0.723235 0.828929 0.746412 0.865358 0.828071 0.783490 0.977564 0.905430 0.996580 0.492356 0.437104 0.388601 0.458727 0.474415 0.481156 0.384055 0.423112 0.854389 0.748195 0.660886 0.575947 0.640409 0.759926 0.578367 0.640846 0.887234 0.777360 0.836061 0.996347 0.916906 0.931778 0.717507 0.790817 0.965996 0.725448 0.865316 0.904299 0.963766 0.987901 0.859485 0.817799 0.823415 0.824497 0.961764 0.899515 0.662826 0.818233
0.522493 0.608362 0.591338 0.724738 0.925312 0.884095 0.601257 0.626009 0.938167 0.934753 0.537062 0.386405 0.000000 0.503817 0.407867 0.592098 0.688601 0.585716 0.541489 0.629527 0.817467 0.989916 0.573542 0.658321 0.911136 0.999918 0.777429 0.833777 0.648383 0.671617 0.862832 0.816017 0.658475 0.629297 0.891085 0.984907 0.849001 0.796795 0.969352 0.882276 0.903850 0.896315 0.906977 0.891632 0.867269 0.817164 0.791877 0.777169 0.740046 0.728895 0.727987 0.696682 0.939090 0.908659 0.629367 0.713939 0.578618 0.581327 0.511969 0.497116 0.361753 0.588909 0.473754 0.538381 0.481591 0.503951 0.629515 0.681319 0.804775 0.877609 0.895300 0.909421 0.870400 0.813762 0.952005 0.906091 0.918989 0.939488 0.737982 0.566049 0.683296 0.681920 0.700115 0.710789 0.475628 0.473693 0.739082 0.847142 0.704194 0.666678 0.843092 0.998296 0.828553 0.824397 0.920217 0.835463 0.738008 0.963059 0.812435 0.874808 0.801695 0.917270 0.997949 0.922414 0.914169 0.982248 0.985722 0.904817 0.985385 0.928856 0.774207 0.923089 0.888028 0.881234 0.639938 0.993346
0.502545 0.529931 0.773156 0.666942 0.896821 0.758765 0.887042 0.791465 0.564060 0.836416 0.577697 0.348221 0.503817 0.000000 0.574295 0.560991 0.417712 0.346511 0.453972 0.487412 0.774427 0.921481 0.718860 0.517289 0.776009 0.844133 0.767168 0.804394 0.636042 0.418222 0.904657 0.731824 0.558819 0.516304 0.878504 0.865469 0.914654 0.946542 0.739371 0.762383 0.894257 0.939171 0.948303 0.847359 0.903096 0.818081 0.759096 0.672205 0.768501 0.728862 0.808933 0.783391 0.957396 0.879685 0.535152 0.521936 0.479202 0.481694 0.521440 0.588447 0.660453 0.719760 0.440450 0.415766 0.725163 0.571739 0.694448 0.729535 0.713720 0.726103 0.862979 0.757726 0.941317 0.901280 0.857411 0.996048 0.912895 0.983911 0.605141 0.495404 0.442948 0.497876 0.469562 0.425560 0.559834 0.434241 0.719210 0.673317 0.617992 0.624461 0.605239 0.669746 0.619623 0.612461 0.849623 0.853949 0.871709 0.936995 0.983863 0.932814 0.719064 0.833716 0.968963 0.740579 0.964664 0.905328 0.955922 0.941822 0.883285 0.985762 0.848863 0.827271 0.973146 0.900050 0.791146 0.861610
0.700690 0.667196 0.682963 0.720512 0.904129 0.986089 0.505518 0.558942 0.913990 0.857636 0.710321 0.435028 0.407867 0.574295 0.000000 0.494211 0.683066 0.668806 0.570226 0.661511 0.859685 0.852662 0.472889 0.711736 0.986051 0.976254 0.839331 0.811377 0.535855 0.538996 0.640979 0.794578 0.582354 0.510458 0.796124 0.946218 0.976288 0.850603 0.904465 0.864103 0.958286 0.854321 0.697576 0.709707 0.702490 0.678622 0.712283 0.672731 0.601730 0.626875 0.579354 0.537800 0.771940 0.938148 0.626642 0.660206 0.686104 0.680481 0.595322 0.668912 0.383061 0.509532 0.516317 0.464829 0.618113 0.631323 0.664301 0.690034 0.950562 0.997125 0.941651 0.962090 0.917676 0.934066 0.847881 0.872981 0.751409 0.771740 0.650614 0.636566 0.694860 0.816317 0.729408 0.796292 0.600129 0.690688 0.838706 0.964018 0.827032 0.825243 0.930238 0.991947 0.739879 0.772517 0.814954 0.900750 0.903532 0.953247 0.719350 0.770903 0.803111 0.958402 0.954426 0.860428 0.952835 0.885998 0.806631 0.917593 0.890012 0.916983 0.839192 0.815343 0.841713 0.874003 0.556223 0.982730
0.990387 0.912719 0.750425 0.633039 0.840769 0.869150 0.684763 0.470782 0.838481 0.710736 0.969437 0.648432 0.592098 0.560991 0.494211 0.000000 0.876230 0.904709 0.882401 0.996451 0.926866 0.912470 0.652853 0.724301 0.976895 0.918164 0.963645 0.752489 0.812094 0.671420 0.648247 0.710888 0.832891 0.667746 0.931950 0.960879 0.916499 0.967184 0.788805 0.768110 0.739371 0.901810 0.871008 0.902690 0.859992 0.846561 0.949776 0.891729 0.885368 0.830277 0.693453 0.612281 0.682833 0.735840 0.881131 0.959909 0.923752 0.909183 0.822337 0.949595 0.609683 0.514562 0.785158 0.720711 0.936853 0.615581 0.867461 0.721326 0.859738 0.977382 0.766762 0.839565 0.836886 0.989937 0.786026 0.911678 0.791313 0.858995 0.795974 0.739441 0.966220 0.948335 0.828361 0.959440 0.966793 0.895219 0.890792 0.796803 0.914390 0.905358 0.893130 0.869693 0.749179 0.710637 0.900320 0.965377 0.933793 0.982994 0.857599 0.864243 0.791661 0.926735 0.924428 0.999642 0.863267 0.983954 0.812292 0.936421 0.852847 0.970594 0.995673 0.960133 0.863145 0.920710 0.695750 0.956550
0.360749 0.397640 0.824248 0.841338 0.769044 0.667934 0.993951 0.936907 0.457576 0.730990 0.501921 0.351948 0.688601 0.417712 0.683066 0.876230 0.000000 0.247201 0.386841 0.318572 0.729835 0.907393 0.795172 0.727496 0.755029 0.952481 0.761294 0.965529 0.479735 0.407361 0.935927 0.816574 0.472600 0.508625 0.958055 0.963067 0.860983 0.981723 0.843068 0.810897 0.996070 0.948133 0.887902 0.706492 0.907852 0.739505 0.590955 0.521760 0.667841 0.685714 0.840331 0.838851 0.921703 0.675990 0.567663 0.475888 0.348094 0.360886 0.449360 0.538588 0.788744 0.969186 0.438040 0.375069 0.617569 0.833392 0.679931 0.804139 0.551521 0.677199 0.792633 0.650183 0.906394 0.824257 0.871317 0.942326 0.916251 0.999011 0.483014 0.470070 0.300014 0.396433 0.438960 0.415367 0.416728 0.428788 0.928279 0.611765 0.788561 0.526522 0.536964 0.647940 0.507480 0.611519 0.870563 0.798509 0.887144 0.952774 0.999064 0.950919 0.740398 0.729419 0.918399 0.673363 0.896832 0.850293 0.954176 0.990945 0.857259 0.915923 0.911168 0.744748 0.956514 0.968715 0.874371 0.845236
0.301279 0.362251 0.786167 0.799024 0.765116 0.666234 0.998822 0.957456 0.425809 0.647121 0.410177 0.316921 0.585716 0.346511 0.668806 0.904709 0.247201 0.000000 0.337421 0.273446 0.721801 0.982884 0.806846 0.638003 0.757615 0.938623 0.791660 0.963561 0.531523 0.467559 0.944979 0.851108 0.490083 0.538502 0.968850 0.939926 0.933782 0.985686 0.824742 0.789820 0.957662 0.951766 0.961154 0.805393 0.956418 0.824811 0.688833 0.607968 0.727060 0.734600 0.937035 0.930550 0.848480 0.615698 0.519945 0.473353 0.303967 0.312629 0.434693 0.517130 0.769889 0.974740 0.398981 0.368561 0.569403 0.765593 0.687534 0.816502 0.491121 0.618248 0.718691 0.611609 0.857322 0.787064 0.886572 0.988666 0.976286 0.921242 0.497798 0.447987 0.250284 0.304466 0.447414 0.301487 0.353165 0.368190 0.799768 0.553990 0.748987 0.474051 0.547237 0.622025 0.534652 0.614790 0.847463 0.792154 0.878000 0.906964 0.941468 0.968519 0.695927 0.719355 0.998856 0.726782 0.887084 0.869766 0.981842 0.973617 0.764257 0.900728 0.916689 0.819264 0.895267 0.888090 0.842636 0.811507
0.406747 0.406476 0.630205 0.705321 0.874231 0.708528 0.748611 0.863501 0.630917 0.850560 0.576615 0.370102 0.541489 0.453972 0.570226 0.882401 0.386841 0.337421 0.000000 0.340794 0.713187 0.925254 0.484280 0.678954 0.720052 0.889371 0.717018 0.903979 0.476326 0.505562 0.720935 0.660318 0.327287 0.405941 0.784215 0.929690 0.847558 0.918903 0.811758 0.931788 0.959417 0.955356 0.627224 0.540376 0.717312 0.556203 0.433908 0.387222 0.509034 0.475633 0.675995 0.644614 0.966020 0.833226 0.489494 0.404197 0.409800 0.395543 0.361386 0.448069 0.641094 0.871653 0.380506 0.346932 0.566392 0.843934 0.499442 0.620463 0.562381 0.706263 0.964338 0.815945 0.938240 0.943659 0.886863 0.934698 0.780622 0.947369 0.478244 0.466920 0.379499 0.466133 0.491901 0.439353 0.376023 0.436530 0.829863 0.700706 0.761326 0.493851 0.729306 0.889808 0.698232 0.711094 0.747706 0.709532 0.766718 0.803150 0.744095 0.700268 0.836843 0.859276 0.783640 0.611445 0.727752 0.618537 0.880615 0.949396 0.921209 0.734738 0.740936 0.742670 0.798535 0.707788 0.699778 0.906749
0.272999 0.274932 0.654296 0.749969 0.653219 0.717382 0.952664 0.899837 0.510929 0.589578 0.443528 0.369056 0.629527 0.487412 0.661511 0.996451 0.318572 0.273446 0.340794 0.000000 0.643789 0.904803 0.762848 0.681062 0.638227 0.792704 0.634905 0.953542 0.588625 0.580267 0.956216 0.876501 0.496486 0.584280 0.905614 0.985591 0.857278 0.893340 0.781896 0.883933 0.890361 0.864907 0.881495 0.759489 0.970123 0.879922 0.644022 0.603990 0.783508 0.781677 0.989583 0.968302 0.739440 0.518256 0.558559 0.540952 0.283624 0.270848 0.499865 0.485828 0.870969 0.941187 0.513275 0.459017 0.486319 0.816797 0.764150 0.940080 0.366568 0.537920 0.711074 0.625036 0.904943 0.822812 0.911951 0.968607 0.916379 0.921126 0.524820 0.485354 0.276503 0.292101 0.516778 0.320357 0.353301 0.383656 0.934209 0.641277 0.772489 0.402010 0.544639 0.693689 0.612652 0.665549 0.892022 0.744294 0.865783 0.934855 0.935010 0.996133 0.640358 0.698498 0.983323 0.730267 0.867780 0.815894 0.928757 0.982708 0.896309 0.810611 0.882396 0.894820 0.894162 0.876037 0.874221 0.791690
0.621488 0.631347 0.623050 0.684569 0.753856 0.881084 0.948315 0.988260 0.812859 0.780001 0.764421 0.712001 0.817467 0.774427 0.859685 0.926866 0.729835 0.721801 0.713187 0.643789 0.000000 0.943861 0.870233 0.847700 0.600112 0.647022 0.839548 0.885262 0.847697 0.913274 0.871615 0.660505 0.684317 0.757011 0.996784 0.855924 0.844745 0.781647 0.785853 0.807302 0.977756 0.811159 0.854093 0.765078 0.997314 0.934769 0.817219 0.696447 0.925553 0.855024 0.999623 0.959118 0.940289 0.756421 0.673488 0.840268 0.579449 0.614085 0.714547 0.610170 0.991296 0.969134 0.840143 0.813010 0.679964 0.838239 0.881566 0.999583 0.598781 0.744761 0.872298 0.834453 0.953067 0.950158 0.943868 0.950121 0.830252 0.913802 0.768198 0.625787 0.699572 0.668046 0.678750 0.733900 0.752667 0.678224 0.840463 0.923977 0.794668 0.695360 0.779818 0.842575 0.957028 0.933227 0.924528 0.872619 0.829081 0.929148 0.916254 0.890195 0.801086 0.889190 0.899903 0.753469 0.898381 0.766777 0.826185 0.975913 0.804256 0.792686 0.907459 0.916959 0.988823 0.586664 0.724419 0.746500
0.935679 0.957641 0.957955 0.924979 0.971422 0.954961 0.959658 0.867436 0.873048 0.940741 0.958907 0.994900 0.989916 0.921481 0.852662 0.912470 0.907393 0.982884 0.925254 0.904803 0.943861 0.000000 0.850781 0.990489 0.878209 0.877540 0.891697 0.959774 0.869046 0.991246 0.945916 0.953040 0.987734 0.915846 0.907490 0.956743 0.884126 0.929879 0.979529 0.904453 0.843719 0.889071 0.910398 0.904737 0.987746 0.939694 0.815041 0.854051 0.966252 0.952007 0.984431 0.978408 0.925966 0.930843 0.963274 0.992346 0.993979 0.990240 0.989836 0.990464 0.883263 0.883328 0.951212 0.986347 0.985753 0.847265 0.917637 0.936534 0.867867 0.960940 0.899492 0.987804 0.958181 0.933367 0.977388 0.920828 0.859589 0.797316 0.942673 0.885325 0.871148 0.950450 0.948482 0.994461 0.959638 0.948365 0.971232 0.905747 0.970019 0.912675 0.944521 0.913321 0.980119 0.995892 0.947953 0.834106 0.971805 0.984672 0.908560 0.889313 0.911079 0.941689 0.965284 0.962332 0.879934 0.849970 0.996549 0.923389 0.882601 0.791639 0.888213 0.948195 0.977063 0.972971 0.980884 0.924044
0.868664 0.818790 0.698536 0.795025 0.836084 0.994160 0.453325 0.580585 0.899411 0.720373 0.998989 0.633612 0.573542 0.718860 0.472889 0.652853 0.795172 0.806846 0.484280 0.762848 0.870233 0.850781 0.000000 0.773195 0.952190 0.961946 0.899998 0.686311 0.584881 0.661499 0.411984 0.531441 0.477616 0.471276 0.677259 0.936107 0.933313 0.854433 0.896046 0.995999 0.838449 0.990779 0.417279 0.429269 0.455054 0.384241 0.410263 0.447582 0.397139 0.359392 0.397541 0.336710 0.603790 0.677021 0.616816 0.571969 0.909575 0.853843 0.556320 0.698354 0.542493 0.665985 0.560039 0.525587 0.834316 0.940382 0.443198 0.468844 0.969442 0.951193 0.661302 0.808143 0.758069 0.807174 0.874187 0.845184 0.533517 0.796420 0.650641 0.664425 0.797287 0.931686 0.780093 0.912228 0.656537 0.780540 0.916284 0.937246 0.895993 0.762899 0.900697 0.804853 0.965057 0.869766 0.692121 0.831865 0.835372 0.800004 0.457591 0.506830 0.915455 0.812296 0.684790 0.726251 0.738631 0.583580 0.861593 0.998529 0.908565 0.704357 0.770640 0.738952 0.537591 0.736447 0.478606 0.931362
0.587333 0.586972 0.639745 0.530331 0.842103 0.844812 0.995001 0.823328 0.662871 0.686468 0.863292 0.653875 0.658321 0.517289 0.711736 0.724301 0.727496 0.638003 0.678954 0.681062 0.847700 0.990489 0.773195 0.000000 0.652440 0.705667 0.771010 0.896701 0.983148 0.818487 0.990969 0.768175 0.779626 0.789125 0.792189 0.974753 0.913744 0.863852 0.665503 0.861648 0.940004 0.937912 0.868472 0.992577 0.840332 0.951481 0.855485 0.828643 0.959479 0.933482 0.991435 0.911603 0.866611 0.800085 0.758015 0.726665 0.573140 0.556192 0.574582 0.598831 0.875012 0.937888 0.753965 0.762969 0.749311 0.635660 0.773029 0.869094 0.660663 0.673831 0.809873 0.782785 0.735030 0.693229 0.948115 0.843491 0.910927 0.767361 0.802985 0.733825 0.692208 0.651955 0.687057 0.582244 0.692157 0.442788 0.800110 0.737592 0.673773 0.575288 0.653590 0.645716 0.781074 0.708968 0.991019 0.955709 0.937223 0.804166 0.997453 0.998557 0.658443 0.754971 0.913740 0.900292 0.922079 0.975955 0.930209 0.831885 0.805624 0.875616 0.891036 0.867730 0.908916 0.935074 0.872186 0.791053
0.588148 0.500040 0.435943 0.436638 0.672976 0.915672 0.759292 0.931795 0.703608 0.627283 0.868707 0.812728 0.911136 0.776009 0.986051 0.976895 0.755029 0.757615 0.720052 0.638227 0.600112 0.878209 0.952190 0.652440 0.000000 0.288710 0.547036 0.872026 0.871424 0.928136 0.882774 0.763899 0.822878 0.894241 0.746125 0.903387 0.594730 0.726531 0.560753 0.832417 0.907591 0.687071 0.893732 0.833136 0.686779 0.856242 0.784475 0.772145 0.813204 0.967431 0.759295 0.860408 0.701243 0.610748 0.861883 0.850954 0.540054 0.497812 0.761815 0.571210 0.720361 0.870712 0.853973 0.994338 0.631471 0.776608 0.975883 0.882778 0.431024 0.555417 0.982075 0.852939 0.892457 0.930117 0.955900 0.981725 0.775072 0.986272 0.753780 0.727440 0.733888 0.611858 0.873430 0.593630 0.843565 0.575331 0.837538 0.992892 0.837350 0.553651 0.550857 0.752355 0.810692 0.902906 0.977183 0.981669 0.753612 0.807189 0.915599 0.955603 0.660833 0.748010 0.947605 0.818269 0.862377 0.728803 0.767663 0.947403 0.901644 0.724912 0.912697 0.789375 0.998974 0.807249 0.861380 0.861153
0.808306 0.685033 0.504610 0.467663 0.746339 0.892121 0.836978 0.998794 0.855344 0.805197 0.962555 0.983737 0.999918 0.844133 0.976254 0.918164 0.952481 0.938623 0.889371 0.792704 0.647022 0.877540 0.961946 0.705667 0.288710 0.000000 0.643322 0.893304 0.803864 0.908177 0.791921 0.776056 0.940197 0.894141 0.741498 0.962874 0.527305 0.631015 0.552640 0.879527 0.960969 0.589509 0.845966 0.839241 0.739881 0.841693 0.835937 0.850157 0.785508 0.940526 0.798983 0.906451 0.844839 0.800309 0.885632 0.897474 0.764882 0.688048 0.938245 0.712177 0.676982 0.978863 0.756016 0.890727 0.782301 0.780613 0.937543 0.892341 0.560546 0.610649 0.874075 0.990064 0.977609 0.932991 0.908180 0.982843 0.725548 0.940537 0.815766 0.794593 0.870858 0.781898 0.992967 0.715065 0.981464 0.750932 0.845637 0.952645 0.810197 0.665530 0.726009 0.899217 0.950032 0.974734 0.954180 0.994058 0.715994 0.808677 0.961328 0.920663 0.715458 0.910032 0.970942 0.857496 0.794594 0.757758 0.752434 0.957588 0.994965 0.735131 0.955404 0.862310 0.955955 0.776203 0.864804 0.947874
0.639531 0.591513 0.618475 0.663546 0.866192 0.970772 0.943376 0.998785 0.788094 0.731384 0.828380 0.705829 0.777429 0.767168 0.839331 0.963645 0.761294 0.791660 0.717018 0.634905 0.839548 0.891697 0.899998 0.771010 0.547036 0.643322 0.000000 0.774215 0.979400 0.930118 0.919349 0.943366 0.934336 0.861446 0.927379 0.897393 0.757597 0.969410 0.876055 0.719728 0.983468 0.913434 0.930950 0.878467 0.833397 0.933047 0.858092 0.792938 0.928026 0.995831 0.888438 0.989587 0.796014 0.725348 0.757738 0.831158 0.646487 0.620067 0.776724 0.614914 0.989846 0.998183 0.941888 0.847497 0.677318 0.739328 0.913075 0.983685 0.688742 0.716504 0.944027 0.891866 0.935335 0.959850 0.752218 0.995673 0.817369 0.986070 0.864797 0.747760 0.810308 0.665892 0.840460 0.692396 0.741359 0.600604 0.955242 0.903134 0.814434 0.645535 0.698115 0.992200 0.842243 0.945197 0.980035 0.869850 0.779853 0.865510 0.990979 0.958305 0.780433 0.913100 0.932268 0.827370 0.964180 0.827860 0.957603 0.969532 0.934911 0.845993 0.716324 0.968409 0.969805 0.982794 0.782887 0.965067
0.918074 0.906752 0.975134 0.969715 0.897354 0.802847 0.833206 0.872152 0.945625 0.788882 0.897398 0.954006 0.833777 0.804394 0.811377 0.752489 0.965529 0.963561 0.903979 0.953542 0.885262 0.959774 0.686311 0.896701 0.872026 0.893304 0.774215 0.000000 0.901152 0.902966 0.768911 0.740729 0.781392 0.831344 0.979961 0.992270 0.834525 0.838720 0.992324 0.779549 0.943065 0.752375 0.914013 0.919325 0.747649 0.752951 0.846110 0.872764 0.756901 0.707871 0.685327 0.663726 0.796753 0.748203 0.855345 0.868332 0.919959 0.900588 0.860245 0.938662 0.793067 0.926231 0.773446 0.897994 0.889798 0.916633 0.779368 0.758104 0.822511 0.813574 0.992266 0.956146 0.971511 0.995615 0.971023 0.937861 0.872020 0.958194 0.947329 0.898318 0.990638 0.870090 0.821645 0.942257 0.968165 0.984104 0.912765 0.934878 0.989539 0.921125 0.966813 0.968065 0.930942 0.842635 0.947205 0.870360 0.978687 0.914178 0.821611 0.841339 0.919503 0.903986 0.987330 0.982158 0.894095 0.960597 0.928222 0.944018 0.876493 0.999756 0.932363 0.973072 0.861165 0.995555 0.938419 0.978625
0.701743 0.701695 0.890047 0.983750 0.920530 0.830590 0.550384 0.782332 0.862759 0.808418 0.654410 0.473139 0.648383 0.636042 0.535855 0.812094 0.479735 0.531523 0.476326 0.588625 0.847697 0.869046 0.584881 0.983148 0.871424 0.803864 0.979400 0.901152 0.000000 0.321548 0.718008 0.734670 0.442223 0.381121 0.941596 0.921187 0.962138 0.979030 0.925461 0.912604 0.991378 0.963202 0.636255 0.589080 0.560156 0.509785 0.573778 0.517294 0.439903 0.528259 0.530800 0.602565 0.745434 0.914905 0.598471 0.583028 0.686689 0.701270 0.579955 0.759866 0.498702 0.630321 0.418887 0.375037 0.769609 0.898386 0.571884 0.621458 0.922839 0.946715 0.871024 0.952015 0.818809 0.838663 0.881035 0.886178 0.777755 0.741959 0.577243 0.617201 0.571807 0.778704 0.533947 0.805102 0.648737 0.828547 0.931363 0.847934 0.850821 0.836991 0.952304 0.949799 0.718357 0.837456 0.801441 0.764562 0.836087 0.949268 0.717891 0.728095 0.918059 0.941745 0.810413 0.780171 0.787435 0.759853 0.829970 0.902616 0.981145 0.894798 0.811689 0.610538 0.756494 0.799348 0.679541 0.970985
0.685665 0.686627 0.933011 0.907159 0.995438 0.891788 0.655905 0.780336 0.739770 0.927614 0.673349 0.451466 0.671617 0.418222 0.538996 0.671420 0.407361 0.467559 0.505562 0.580267 0.913274 0.991246 0.661499 0.818487 0.928136 0.908177 0.930118 0.902966 0.321548 0.000000 0.739285 0.755083 0.482630 0.387804 0.935381 0.830397 0.893724 0.933375 0.915076 0.880210 0.892563 0.982612 0.754794 0.648629 0.665820 0.588940 0.630180 0.545280 0.547166 0.592776 0.605011 0.623505 0.768557 0.926175 0.573912 0.494299 0.671739 0.663337 0.563716 0.756918 0.554099 0.622443 0.436437 0.352862 0.854306 0.770999 0.629067 0.619021 0.892568 0.865720 0.970029 0.956990 0.834602 0.869755 0.863960 0.828125 0.841818 0.839550 0.532016 0.515420 0.512818 0.722218 0.484180 0.667219 0.695689 0.734461 0.845450 0.755223 0.740779 0.772373 0.822547 0.886379 0.663392 0.742542 0.807922 0.778730 0.868067 0.922276 0.840761 0.805975 0.996054 0.998790 0.881247 0.749407 0.877816 0.774041 0.836022 0.920128 0.939334 0.952117 0.851904 0.587506 0.856588 0.868173 0.755072 0.899835
0.874683 0.978311 0.705168 0.738335 0.865505 0.781576 0.550986 0.607655 0.764647 0.524051 0.791146 0.871207 0.862832 0.904657 0.640979 0.648247 0.935927 0.944979 0.720935 0.956216 0.871615 0.945916 0.411984 0.990969 0.882774 0.791921 0.919349 0.768911 0.718008 0.739285 0.000000 0.474126 0.556458 0.487224 0.680640 0.922119 0.715589 0.997802 0.854431 0.947636 0.776862 0.893137 0.347756 0.379431 0.512486 0.449596 0.465943 0.489846 0.549247 0.461202 0.433404 0.391069 0.541108 0.570616 0.760874 0.715659 0.929401 0.973997 0.759202 0.859069 0.775431 0.624236 0.829756 0.720316 0.975832 0.952837 0.613205 0.538332 0.890172 0.971819 0.494396 0.615347 0.632026 0.607498 0.956651 0.738120 0.436166 0.579442 0.659442 0.816329 0.997875 0.813243 0.965934 0.883148 0.957352 0.934398 0.801907 0.796850 0.985216 0.952015 0.901492 0.757280 0.973653 0.941799 0.657522 0.876710 0.749849 0.815366 0.455108 0.454481 0.935469 0.735211 0.639199 0.772266 0.782971 0.563497 0.668755 0.828988 0.761914 0.740444 0.778185 0.725928 0.508363 0.741887 0.536958 0.760332
0.906322 0.855054 0.705170 0.703490 0.980643 0.931277 0.737161 0.775008 0.953322 0.716512 0.951659 0.789827 0.816017 0.731824 0.794578 0.710888 0.816574 0.851108 0.660318 0.876501 0.660505 0.953040 0.531441 0.768175 0.763899 0.776056 0.943366 0.740729 0.734670 0.755083 0.474126 0.000000 0.543380 0.575454 0.834781 0.984996 0.862026 0.940967 0.846766 0.787044 0.767226 0.874267 0.596957 0.534707 0.626451 0.526938 0.473674 0.488039 0.593741 0.523292 0.576911 0.527050 0.689692 0.794180 0.684782 0.659637 0.819716 0.824839 0.595514 0.677768 0.871719 0.772404 0.738094 0.689334 0.982455 0.943589 0.637762 0.597184 0.882805 0.861579 0.748586 0.815468 0.817905 0.814290 0.969542 0.882294 0.595516 0.831837 0.656784 0.649346 0.811707 0.968906 0.711377 0.935788 0.930361 0.900742 0.825192 0.869548 0.990848 0.806217 0.927354 0.977723 0.877610 0.864366 0.779466 0.925927 0.706973 0.719135 0.596927 0.620485 0.995760 0.876388 0.656331 0.636474 0.961756 0.563540 0.917466 0.937189 0.984307 0.727474 0.747836 0.886687 0.549960 0.662143 0.640466 0.947704
0.574059 0.596951 0.750831 0.802007 0.950269 0.823194 0.685606 0.799821 0.777630 0.922940 0.743391 0.481106 0.658475 0.558819 0.582354 0.832891 0.472600 0.490083 0.327287 0.496486 0.684317 0.987734 0.477616 0.779626 0.822878 0.940197 0.934336 0.781392 0.442223 0.482630 0.556458 0.543380 0.000000 0.373775 0.708959 0.980993 0.910706 0.967032 0.883806 0.885348 0.845281 0.916310 0.545522 0.441844 0.569927 0.435628 0.415286 0.351072 0.423272 0.407149 0.512472 0.509791 0.802255 0.964228 0.569639 0.443832 0.551676 0.560517 0.421350 0.528703 0.628988 0.762359 0.431925 0.389078 0.696541 0.922075 0.468723 0.555543 0.727301 0.789906 0.951030 0.925968 0.932304 0.930698 0.918300 0.881664 0.738326 0.755651 0.435861 0.513665 0.508418 0.676679 0.518989 0.598741 0.550226 0.610814 0.999036 0.825088 0.851514 0.617210 0.790424 0.938999 0.757532 0.714174 0.732857 0.780155 0.759806 0.864929 0.628184 0.601711 0.894690 0.931667 0.736805 0.614524 0.719179 0.651138 0.899229 0.972743 0.950043 0.758993 0.758402 0.702677 0.680076 0.622450 0.679681 0.999662
0.694508 0.641221 0.732290 0.741824 0.935369 0.960948 0.537988 0.612644 0.827336 0.778362 0.840751 0.499786 0.629297 0.516304 0.510458 0.667746 0.508625 0.538502 0.405941 0.584280 0.757011 0.915846 0.471276 0.789125 0.894241 0.894141 0.861446 0.831344 0.381121 0.387804 0.487224 0.575454 0.373775 0.000000 0.791078 0.781003 0.785810 0.948559 0.765976 0.865343 0.821791 0.839205 0.468763 0.384072 0.508228 0.418922 0.410069 0.382309 0.431725 0.388041 0.437085 0.422058 0.640614 0.783785 0.535557 0.447782 0.675495 0.671031 0.448709 0.668893 0.552427 0.572066 0.428968 0.334060 0.788523 0.845392 0.456272 0.495489 0.889097 0.844452 0.780841 0.941405 0.819459 0.802221 0.893802 0.850642 0.605978 0.666062 0.504635 0.551753 0.609608 0.834324 0.595546 0.722526 0.706815 0.714696 0.971880 0.909579 0.754960 0.707251 0.842058 0.969150 0.733127 0.686981 0.687446 0.722327 0.724467 0.761899 0.551508 0.539154 0.956196 0.928372 0.736020 0.661826 0.750499 0.583910 0.733969 0.980393 0.954627 0.742591 0.842511 0.662652 0.705936 0.679242 0.538337 0.881156
0.914794 0.865115 0.743975 0.713925 0.940410 0.916963 0.844224 0.812337 0.939241 0.930990 0.889296 0.878771 0.891085 0.878504 0.796124 0.931950 0.958055 0.968850 0.784215 0.905614 0.996784 0.907490 0.677259 0.792189 0.746125 0.741498 0.927379 0.979961 0.941596 0.935381 0.680640 0.834781 0.708959 0.791078 0.000000 0.963365 0.799399 0.948047 0.787279 0.943942 0.852179 0.840063 0.642410 0.642455 0.802202 0.748999 0.671034 0.690573 0.833840 0.714706 0.762705 0.778094 0.853184 0.895758 0.849633 0.702833 0.910512 0.877770 0.825756 0.803967 0.905324 0.875233 0.901185 0.863509 0.888938 0.951512 0.707446 0.759018 0.951193 0.930929 0.752286 0.944822 0.946007 0.822823 0.928319 0.942580 0.654550 0.734356 0.851356 0.886261 0.914869 0.974989 0.979519 0.899786 0.908223 0.857547 0.969925 0.944070 0.823113 0.811882 0.939868 0.961063 0.969206 0.846208 0.883249 0.955271 0.834069 0.837138 0.739664 0.699448 0.903648 0.959528 0.730577 0.730976 0.707923 0.824024 0.902241 0.991102 0.946234 0.780311 0.714543 0.821441 0.671122 0.809179 0.719297 0.931493
0.912885 0.904964 0.846506 0.907984 0.708021 0.947941 0.899221 0.960756 0.863692 0.939573 0.968121 0.985413 0.984907 0.865469 0.946218 0.960879 0.963067 0.939926 0.929690 0.985591 0.855924 0.956743 0.936107 0.974753 0.903387 0.962874 0.897393 0.992270 0.921187 0.830397 0.922119 0.984996 0.980993 0.781003 0.963365 0.000000 0.890139 0.956342 0.972094 0.974013 0.740807 0.894480 0.953662 0.895431 0.804984 0.863672 0.928356 0.821733 0.912026 0.861828 0.825245 0.855364 0.793794 0.736206 0.872656 0.791323 0.856864 0.896630 0.903412 0.933294 0.927789 0.916542 0.850820 0.904638 0.819627 0.982371 0.815272 0.737186 0.791662 0.955253 0.948863 0.915645 0.877021 0.885367 0.837507 0.975732 0.997834 0.900063 0.997892 0.992267 0.925172 0.913091 0.942688 0.980458 0.982021 0.934963 0.936564 0.922591 0.985650 0.909811 0.925579 0.878511 0.899232 0.968812 0.970483 0.695561 0.864862 0.719516 0.852475 0.814484 0.726072 0.834248 0.783328 0.691970 0.947740 0.815309 0.989471 0.943039 0.968248 0.922087 0.898273 0.765062 0.954834 0.926387 0.928887 0.789750
0.930515 0.833967 0.644163 0.559961 0.829879 0.830166 0.948557 0.951619 0.916506 0.934297 0.896803 0.969836 0.849001 0.914654 0.976288 0.916499 0.860983 0.933782 0.847558 0.857278 0.844745 0.884126 0.933313 0.913744 0.594730 0.527305 0.757597 0.834525 0.962138 0.893724 0.715589 0.862026 0.910706 0.785810 0.799399 0.890139 0.000000 0.708168 0.626325 0.815330 0.991663 0.774123 0.714527 0.687504 0.950025 0.971542 0.809701 0.734187 0.897003 0.970605 0.926523 0.986589 0.981657 0.995035 0.851745 0.849167 0.917827 0.878882 0.978575 0.987585 0.740589 0.942351 0.842229 0.995235 0.963808 0.924842 0.950769 0.945065 0.791276 0.704691 0.770297 0.708182 0.699548 0.747996 0.981295 0.819180 0.753298 0.828576 0.785113 0.843123 0.879517 0.899973 0.967752 0.869573 0.917770 0.905028 0.841348 0.962292 0.825493 0.858491 0.892163 0.941229 0.847896 0.964530 0.923659 0.923864 0.886556 0.721523 0.914100 0.813484 0.912308 0.990512 0.789586 0.694399 0.759840 0.599185 0.706666 0.836701 0.911766 0.812138 0.999313 0.981976 0.908655 0.816677 0.794179 0.869465
0.991267 0.891674 0.852601 0.762013 0.811979 0.825422 0.893826 0.940052 0.897720 0.847074 0.857913 0.959805 0.796795 0.946542 0.850603 0.967184 0.981723 0.985686 0.918903 0.893340 0.781647 0.929879 0.854433 0.863852 0.726531 0.631015 0.969410 0.838720 0.979030 0.933375 0.997802 0.940967 0.967032 0.948559 0.948047 0.956342 0.708168 0.000000 0.720067 0.981653 0.981025 0.620028 0.987226 0.956323 0.814895 0.809442 0.911244 0.920928 0.783389 0.799524 0.813213 0.779923 0.937214 0.922649 0.926045 0.955599 0.920550 0.879885 0.862206 0.913144 0.729602 0.970643 0.804367 0.931029 0.995190 0.831850 0.826159 0.833307 0.731588 0.664734 0.889855 0.984784 0.821739 0.816108 0.969492 0.880063 0.940986 0.959222 0.809258 0.892252 0.916544 0.848452 0.878834 0.916928 0.841805 0.986722 0.739733 0.970279 0.786198 0.871137 0.934064 0.824335 0.968411 0.968355 0.913104 0.906405 0.998711 0.854170 0.897699 0.950030 0.929692 0.884419 0.914572 0.926883 0.991782 0.807365 0.823101 0.732312 0.978320 0.880642 0.834785 0.766546 0.834999 0.750387 0.939092 0.861195
