0.000000 0.119214 0.256242 0.297046 0.718598 0.626683 0.644217 0.487630 0.490183 0.596948 0.309388 0.219143 0.261898 0.292976 0.502627 0.565172 0.206904 0.182475 0.217693 0.164371 0.434258 0.945730 0.494693 0.338363 0.270631 0.510288 0.367008 0.841168 0.395362 0.370356 0.731685 0.595404 0.291570 0.396309 0.710820 0.958106 0.523054 0.559599 0.758284 0.665380 0.550460 0.656446 0.999860 0.776562 0.831588 0.943930 0.523743 0.603711 0.848802 0.681522 0.810367 0.723961 0.968183 0.650779 0.303574 0.415184 0.121362 0.124748 0.342987 0.280326 0.293253 0.413967 0.202992 0.218601 0.209034 0.324613 0.586026 0.690717 0.222870 0.255831 0.706043 0.486298 0.997846 0.860497 0.747561 0.970743 0.960907 0.894856 0.434942 0.375193 0.208942 0.237932 0.292103 0.189930 0.168549 0.164596 0.738933 0.460236 0.458938 0.227975 0.276744 0.352918 0.316861 0.350913 0.956439 0.923746 0.928428 0.855776 0.756600 0.863144 0.606134 0.622135 0.990112 0.783277 0.793897 0.810360 0.907884 0.834455 0.705620 0.718163 0.778114 0.984880 0.816200 0.999586 0.672286 0.529208
0.119214 0.000000 0.253035 0.266432 0.801250 0.655015 0.605031 0.431684 0.513822 0.647437 0.364694 0.216384 0.293812 0.294686 0.488967 0.523139 0.194797 0.184064 0.219473 0.174986 0.458920 0.979692 0.421297 0.301364 0.292632 0.525626 0.381742 0.876698 0.375785 0.343719 0.638759 0.554771 0.275630 0.343469 0.677003 0.899099 0.508842 0.541382 0.708222 0.712342 0.590181 0.643153 0.922601 0.707278 0.900439 0.871515 0.470779 0.547291 0.785837 0.619510 0.729118 0.639931 0.948441 0.746800 0.301523 0.377695 0.117807 0.119124 0.315399 0.271606 0.287973 0.375585 0.204980 0.195563 0.229340 0.324507 0.534394 0.629835 0.256473 0.244836 0.780641 0.532095 0.933814 0.915165 0.724740 0.935074 0.957185 0.917420 0.395083 0.339941 0.187600 0.262776 0.290417 0.202581 0.191371 0.172461 0.734082 0.471312 0.485177 0.227553 0.277676 0.349731 0.316691 0.330971 0.992976 0.932046 0.951863 0.887851 0.787742 0.918240 0.595151 0.637269 0.968882 0.830406 0.769851 0.762856 0.848849 0.823525 0.752029 0.698201 0.766423 0.976543 0.870025 0.987118 0.643442 0.565857
0.256242 0.253035 0.000000 0.221593 0.814087 0.760649 0.505822 0.393689 0.648471 0.737984 0.496564 0.360446 0.320739 0.373940 0.538054 0.541920 0.354146 0.331071 0.290695 0.287322 0.488622 0.889837 0.425324 0.342422 0.371335 0.507802 0.495542 0.976566 0.467933 0.492399 0.642958 0.525132 0.365307 0.394357 0.734087 0.974876 0.528276 0.519883 0.790773 0.656326 0.600463 0.604895 0.865137 0.704556 0.926345 0.893158 0.536311 0.621542 0.820072 0.652324 0.734295 0.677869 0.914000 0.821021 0.356409 0.490293 0.241893 0.260571 0.401463 0.349695 0.356010 0.408696 0.318717 0.329150 0.313024 0.353911 0.544886 0.666491 0.342811 0.302468 0.883234 0.699182 0.781335 0.935295 0.809951 0.832783 0.888239 0.923316 0.453109 0.461687 0.326706 0.378953 0.411164 0.382822 0.318835 0.276174 0.812299 0.598418 0.493934 0.360989 0.496701 0.538384 0.515164 0.488783 0.920415 0.930172 0.841537 0.966675 0.953579 0.965470 0.729130 0.800798 0.981688 0.823737 0.758007 0.708916 0.706985 0.918707 0.826426 0.708609 0.764153 0.909313 0.975467 0.913527 0.613504 0.640083
0.297046 0.266432 0.221593 0.000000 0.872316 0.852721 0.378696 0.219096 0.742955 0.932968 0.649911 0.405219 0.418483 0.388683 0.636406 0.468450 0.419916 0.412320 0.356532 0.415269 0.593112 0.944275 0.342529 0.303640 0.459391 0.513091 0.574120 0.983563 0.563501 0.534904 0.506602 0.477098 0.335984 0.369068 0.653530 0.902488 0.496986 0.514218 0.782739 0.643667 0.684489 0.628544 0.742328 0.597953 0.939068 0.755809 0.482228 0.547388 0.680285 0.518892 0.529315 0.458439 0.688707 0.936788 0.362053 0.432050 0.253391 0.274192 0.275795 0.220907 0.352302 0.326637 0.317689 0.298332 0.454517 0.361508 0.436214 0.493082 0.478886 0.245500 0.978245 0.750328 0.703642 0.888898 0.794653 0.770990 0.766583 0.881380 0.370281 0.439618 0.371264 0.523320 0.470479 0.434553 0.398363 0.292982 0.947098 0.642720 0.477306 0.339460 0.538125 0.591027 0.542364 0.493846 0.848217 0.911620 0.804429 0.870555 0.929605 0.853760 0.791675 0.889980 0.967586 0.750739 0.697019 0.622129 0.608355 0.903092 0.881998 0.643450 0.750138 0.777691 0.918369 0.824641 0.525146 0.735383
0.718598 0.801250 0.814087 0.872316 0.000000 0.647713 0.977378 0.976294 0.732200 0.655558 0.791540 0.897135 0.879779 0.908051 0.942869 0.818299 0.875659 0.847157 0.771263 0.730481 0.872371 0.893784 0.996674 0.973420 0.833278 0.958125 0.897695 0.977754 0.980687 0.993784 0.893333 0.963028 0.884238 0.987714 0.936736 0.741449 0.978838 0.954383 0.937877 0.924260 0.801405 0.977071 0.904046 0.966779 0.790520 0.887183 0.930714 0.976277 0.949757 0.980864 0.891737 0.901271 0.696818 0.596496 0.876408 0.913546 0.776945 0.805711 0.818004 0.769469 0.925090 0.939683 0.859341 0.890028 0.761328 0.965275 0.920343 0.963158 0.677036 0.821482 0.685996 0.750229 0.717670 0.681776 0.876625 0.981945 0.959387 0.857196 0.960268 0.964480 0.864039 0.800638 0.891999 0.804408 0.754218 0.766189 0.944548 0.773698 0.823237 0.781631 0.855165 0.850363 0.934522 0.823985 0.966604 0.896170 0.823786 0.851671 0.887197 0.931711 0.832742 0.774091 0.816581 0.959221 0.960511 0.963401 0.927023 0.961280 0.748390 0.896004 0.982637 0.913073 0.859543 0.956700 0.971392 0.737867
0.626683 0.655015 0.760649 0.852721 0.647713 0.000000 0.851311 0.921930 0.517143 0.606477 0.591856 0.692620 0.852477 0.780009 0.946911 0.948389 0.694579 0.676517 0.688221 0.610146 0.842203 0.885852 0.995677 0.836991 0.747143 0.937707 0.703032 0.920887 0.809275 0.763717 0.889953 0.913602 0.811623 0.922957 0.972152 0.984077 0.890522 0.975723 0.914010 0.995180 0.646960 0.852658 0.726674 0.811253 0.709002 0.860897 0.981893 0.997143 0.923196 0.926689 0.820839 0.827003 0.667239 0.505580 0.899621 0.872406 0.646599 0.655586 0.791216 0.784840 0.833354 0.972093 0.747051 0.752742 0.642744 0.929052 0.936347 0.937706 0.583433 0.760789 0.649968 0.676105 0.589712 0.578716 0.939121 0.830951 0.670474 0.684559 0.936592 0.960685 0.790940 0.712366 0.764994 0.646539 0.697102 0.738117 0.818605 0.792661 0.940885 0.748086 0.517632 0.625062 0.633840 0.662390 0.843440 0.858227 0.888154 0.921530 0.672128 0.685828 0.711582 0.691879 0.914421 0.976317 0.785233 0.837901 0.820216 0.696751 0.711225 0.939797 0.862445 0.891569 0.689862 0.804721 0.857499 0.749682
0.644217 0.605031 0.505822 0.378696 0.977378 0.851311 0.000000 0.209115 0.964788 0.561541 0.961728 0.688371 0.677880 0.668817 0.718242 0.626433 0.675875 0.703955 0.511774 0.715732 0.731726 0.925291 0.353502 0.680581 0.868761 0.776980 0.878503 0.988505 0.565577 0.696462 0.356087 0.398007 0.368670 0.333555 0.684932 0.997325 0.611181 0.645776 0.922527 0.754359 0.849773 0.626726 0.419875 0.349025 0.489443 0.420590 0.432103 0.470792 0.385261 0.328619 0.278238 0.284288 0.378245 0.557338 0.523096 0.484749 0.559156 0.599776 0.348880 0.409387 0.417006 0.381588 0.443853 0.446857 0.787893 0.654230 0.346502 0.363066 0.889562 0.561107 0.593647 0.900501 0.395761 0.531161 0.757591 0.588313 0.550547 0.545020 0.407592 0.579046 0.623948 0.884135 0.676460 0.813280 0.682760 0.675087 0.735996 0.989671 0.665463 0.679812 0.928618 0.987816 0.813893 0.801062 0.670953 0.757090 0.647522 0.714890 0.536925 0.488092 0.945708 0.748950 0.713744 0.604882 0.538908 0.421966 0.533585 0.723280 0.897102 0.780931 0.689377 0.548013 0.520716 0.535303 0.360640 0.989989
0.487630 0.431684 0.393689 0.219096 0.976294 0.921930 0.209115 0.000000 0.975698 0.740041 0.816801 0.494370 0.533773 0.500263 0.649921 0.412433 0.542743 0.551207 0.484662 0.606474 0.690057 0.978601 0.315223 0.433903 0.694842 0.662439 0.765086 0.988703 0.529445 0.549379 0.393252 0.468739 0.349061 0.347826 0.640817 0.926449 0.521000 0.507608 0.904620 0.691092 0.792264 0.652853 0.564352 0.468213 0.684104 0.575282 0.471137 0.538173 0.535550 0.413538 0.348487 0.316095 0.448113 0.639441 0.432272 0.480898 0.404363 0.422287 0.342564 0.322023 0.316395 0.216869 0.368540 0.316508 0.618401 0.408701 0.391537 0.366990 0.751448 0.390539 0.718338 0.994672 0.485612 0.650357 0.735838 0.642194 0.648955 0.676574 0.372274 0.508100 0.495779 0.747630 0.569653 0.636555 0.577232 0.491124 0.957622 0.860011 0.552567 0.539279 0.725480 0.737099 0.643857 0.592831 0.781805 0.850871 0.784807 0.857876 0.761559 0.678904 0.935808 0.970260 0.880552 0.743441 0.575409 0.570238 0.575734 0.810493 0.977299 0.729050 0.753853 0.685403 0.726553 0.684477 0.456218 0.856260
0.490183 0.513822 0.648471 0.742955 0.732200 0.517143 0.964788 0.975698 0.000000 0.495965 0.546013 0.604087 0.709580 0.568787 0.832563 0.996830 0.493559 0.467473 0.507652 0.452803 0.671287 0.987064 0.881370 0.648510 0.422283 0.569608 0.506607 0.960988 0.717463 0.655480 0.995978 0.851393 0.651391 0.708741 0.815004 0.814077 0.689369 0.837439 0.809012 0.906611 0.752560 0.945037 0.933884 0.890479 0.830013 0.985321 0.742206 0.734164 0.938058 0.850937 0.941343 0.995213 0.809587 0.611890 0.598856 0.530155 0.523011 0.527761 0.613085 0.632335 0.828380 0.916982 0.642098 0.661260 0.596383 0.765575 0.767453 0.917483 0.453010 0.647469 0.665423 0.592060 0.788194 0.798780 0.860436 0.954502 0.910276 0.811181 0.777278 0.673540 0.542249 0.424227 0.558783 0.370059 0.503872 0.498491 0.742993 0.481181 0.646385 0.448389 0.519511 0.669806 0.624757 0.695372 0.969228 0.848069 0.974489 0.982824 0.783104 0.956705 0.746588 0.742659 0.847529 0.768304 0.900191 0.847077 0.985948 0.845683 0.675978 0.754588 0.758221 0.931581 0.770467 0.950281 0.930240 0.730337
0.596948 0.647437 0.737984 0.932968 0.655558 0.606477 0.561541 0.740041 0.495965 0.000000 0.520680 0.717943 0.706550 0.758598 0.898993 0.919751 0.710698 0.647389 0.815574 0.585749 0.732439 0.945413 0.815845 0.734073 0.506355 0.752605 0.593122 0.812264 0.994364 0.850102 0.581997 0.787263 0.950815 0.882326 0.962389 0.957961 0.904288 0.798705 0.768062 0.983275 0.747746 0.982539 0.504210 0.611433 0.355229 0.455967 0.836476 0.821483 0.513968 0.612831 0.471330 0.545145 0.403498 0.306093 0.894124 0.994742 0.691944 0.664160 0.959044 0.941656 0.973685 0.896955 0.923338 0.907750 0.543888 0.702841 0.755951 0.633337 0.439582 0.730057 0.396351 0.514104 0.543674 0.527719 0.929098 0.689334 0.571079 0.538237 0.929797 0.874779 0.698559 0.454160 0.718312 0.529866 0.609074 0.575290 0.585575 0.517838 0.809082 0.656246 0.558072 0.558278 0.765906 0.769963 0.682280 0.942401 0.791331 0.701232 0.425524 0.505775 0.621060 0.516064 0.751984 0.812116 0.803632 0.749693 0.774083 0.634017 0.672081 0.986603 0.925819 0.568193 0.408551 0.716431 0.724988 0.631207
0.309388 0.364694 0.496564 0.649911 0.791540 0.591856 0.961728 0.816801 0.546013 0.520680 0.000000 0.268389 0.277645 0.311989 0.442463 0.587942 0.293025 0.230078 0.431229 0.278447 0.595048 0.838538 0.839510 0.559514 0.434271 0.754076 0.427944 0.774340 0.401080 0.335818 0.938334 0.869326 0.590683 0.625574 0.974485 0.951437 0.716117 0.699240 0.837704 0.772371 0.535267 0.921037 0.645868 0.832110 0.578987 0.722462 0.891709 0.994446 0.784817 0.930090 0.774577 0.846456 0.661894 0.420896 0.542681 0.708896 0.349212 0.325525 0.787211 0.721079 0.361806 0.529223 0.400855 0.399132 0.198907 0.373001 0.990413 0.928482 0.367045 0.597171 0.543375 0.510671 0.823776 0.761638 0.730296 0.889922 0.596771 0.737211 0.740552 0.621083 0.408846 0.324750 0.409853 0.322743 0.343474 0.384458 0.483767 0.588427 0.603041 0.540373 0.265140 0.288678 0.264904 0.391838 0.761771 0.929322 0.726913 0.625854 0.414034 0.530166 0.490812 0.516134 0.790075 0.923252 0.861346 0.853671 0.799093 0.629736 0.669606 0.957546 0.979643 0.706414 0.558743 0.731758 0.934474 0.493618
0.219143 0.216384 0.360446 0.405219 0.897135 0.692620 0.688371 0.494370 0.604087 0.717943 0.268389 0.000000 0.206506 0.191331 0.344457 0.361924 0.165124 0.153218 0.278857 0.219531 0.495478 0.881179 0.477101 0.348694 0.326756 0.591842 0.393211 0.871240 0.296092 0.216175 0.680704 0.599163 0.338522 0.377352 0.683852 0.894668 0.517994 0.549104 0.726255 0.646548 0.568463 0.783160 0.947839 0.833341 0.865901 0.955737 0.589206 0.678347 0.921841 0.739708 0.847468 0.766975 0.985013 0.746500 0.299942 0.456896 0.212159 0.176731 0.529728 0.466158 0.210066 0.276654 0.202059 0.168910 0.208529 0.250032 0.710383 0.734877 0.329756 0.372182 0.791483 0.640063 0.922238 0.977346 0.654066 0.958531 0.921717 0.919721 0.474108 0.363772 0.228179 0.285020 0.250303 0.234640 0.246507 0.244932 0.590432 0.514669 0.467068 0.371756 0.255583 0.300072 0.230677 0.275941 0.914992 0.992510 0.852809 0.752077 0.657215 0.776423 0.582634 0.626529 0.991299 0.894553 0.836347 0.895022 0.974420 0.723641 0.699745 0.726002 0.828818 0.919281 0.760283 0.868648 0.676291 0.549329
0.261898 0.293812 0.320739 0.418483 0.879779 0.852477 0.677880 0.533773 0.709580 0.706550 0.277645 0.206506 0.000000 0.195357 0.281257 0.351763 0.279368 0.233084 0.325938 0.290600 0.536312 0.932625 0.525644 0.353582 0.363701 0.539717 0.427964 0.833963 0.390425 0.371937 0.802768 0.567345 0.423617 0.428172 0.760271 0.950325 0.641358 0.626299 0.820502 0.687686 0.561470 0.744491 0.899548 0.931641 0.759743 0.914078 0.670487 0.803443 0.970130 0.840154 0.920678 0.833754 0.964719 0.712941 0.346415 0.547622 0.277040 0.257386 0.602411 0.531761 0.231796 0.366985 0.253307 0.274908 0.226025 0.237086 0.819680 0.859716 0.372658 0.421099 0.694763 0.628869 0.910249 0.999382 0.686617 0.995498 0.894111 0.878285 0.544895 0.419112 0.273279 0.271815 0.335073 0.296915 0.246079 0.240866 0.591643 0.532202 0.458109 0.444051 0.372184 0.404950 0.328795 0.400170 0.857692 0.929105 0.892969 0.741733 0.684278 0.792845 0.569976 0.758789 0.897631 0.932072 0.920015 0.919480 0.959485 0.758198 0.697020 0.901826 0.886165 0.817599 0.735221 0.870723 0.689116 0.505473
0.292976 0.294686 0.373940 0.388683 0.908051 0.780009 0.668817 0.500263 0.568787 0.758598 0.311989 0.191331 0.195357 0.000000 0.301429 0.284304 0.218917 0.194649 0.296300 0.292554 0.572911 0.875861 0.461391 0.289181 0.341938 0.501810 0.421262 0.885470 0.371876 0.269014 0.689039 0.531251 0.386067 0.366180 0.750728 0.902142 0.561624 0.609705 0.747047 0.698626 0.651271 0.825583 0.988383 0.828014 0.863309 0.966131 0.595681 0.674976 0.932819 0.734717 0.827979 0.739178 0.917124 0.842256 0.308132 0.440043 0.275035 0.246164 0.545731 0.495928 0.254445 0.310985 0.252968 0.231316 0.297014 0.223392 0.729138 0.743707 0.420249 0.413954 0.796734 0.666828 0.845930 0.902994 0.681849 0.872430 0.963186 0.923345 0.475809 0.392101 0.263521 0.290152 0.275448 0.237329 0.287886 0.238123 0.589019 0.445903 0.441333 0.402974 0.337566 0.398443 0.310536 0.379604 0.973694 0.979254 0.877676 0.818990 0.725352 0.892274 0.613136 0.749602 0.981536 0.857740 0.879289 0.824654 0.874459 0.814445 0.678324 0.841401 0.790094 0.941867 0.798244 0.909457 0.671707 0.580634
0.502627 0.488967 0.538054 0.636406 0.942869 0.946911 0.718242 0.649921 0.832563 0.898993 0.442463 0.344457 0.281257 0.301429 0.000000 0.344921 0.387453 0.374703 0.475969 0.444521 0.669249 0.882935 0.539114 0.453808 0.608890 0.727868 0.604971 0.821816 0.390204 0.398741 0.773206 0.634284 0.562138 0.456425 0.853424 0.906193 0.788993 0.850378 0.846304 0.792425 0.714501 0.886072 0.965751 0.869236 0.966672 0.952285 0.677723 0.755733 0.900156 0.807031 0.833599 0.788914 0.905664 0.896731 0.428207 0.568672 0.483090 0.467523 0.743128 0.747584 0.338440 0.462431 0.409505 0.418071 0.409243 0.407685 0.881606 0.926807 0.617905 0.682105 0.762985 0.764210 0.817371 0.867234 0.700797 0.911264 0.995106 0.931768 0.564638 0.521497 0.382899 0.431987 0.460172 0.466483 0.407867 0.475230 0.677864 0.648247 0.669284 0.644977 0.558105 0.569201 0.432830 0.537364 0.959117 0.958810 0.771865 0.772313 0.815700 0.893592 0.614387 0.823198 0.999297 0.912404 0.999478 0.897459 0.886277 0.750018 0.761530 0.991124 0.917354 0.892185 0.898400 0.899190 0.726578 0.677117
0.565172 0.523139 0.541920 0.468450 0.818299 0.948389 0.626433 0.412433 0.996830 0.919751 0.587942 0.361924 0.351763 0.284304 0.344921 0.000000 0.435246 0.453130 0.576036 0.587499 0.702445 0.885743 0.461790 0.372647 0.601061 0.669557 0.709297 0.951075 0.460885 0.382649 0.603863 0.555562 0.552337 0.466544 0.812394 0.923387 0.687291 0.664862 0.863522 0.653990 0.812537 0.875982 0.910777 0.819505 0.981101 0.889501 0.699115 0.753552 0.882379 0.713584 0.682315 0.613886 0.674132 0.826636 0.446145 0.633925 0.496514 0.467976 0.675102 0.643638 0.343889 0.287553 0.425493 0.377697 0.536466 0.314197 0.793854 0.685893 0.766678 0.583197 0.981338 0.921667 0.702064 0.776053 0.637568 0.750840 0.894984 0.948665 0.560747 0.509941 0.480258 0.601990 0.477197 0.566152 0.575249 0.494223 0.692080 0.774467 0.656960 0.649458 0.575187 0.558513 0.471772 0.484446 0.998251 0.949906 0.784612 0.840349 0.868152 0.991154 0.772273 0.867643 0.987140 0.950252 0.924375 0.894168 0.790463 0.879074 0.890304 0.941672 0.900639 0.989694 0.940225 0.956839 0.696968 0.737721
0.206904 0.194797 0.354146 0.419916 0.875659 0.694579 0.675875 0.542743 0.493559 0.710698 0.293025 0.165124 0.279368 0.218917 0.387453 0.435246 0.000000 0.136387 0.218987 0.193239 0.479823 0.944319 0.461743 0.348626 0.296519 0.554670 0.413346 0.851814 0.244102 0.209781 0.639632 0.553867 0.282822 0.323498 0.692400 0.870230 0.527115 0.604434 0.739331 0.668692 0.663285 0.718320 0.941681 0.716901 0.956734 0.845305 0.462016 0.537257 0.802636 0.630487 0.775580 0.697878 0.942847 0.771459 0.279154 0.372684 0.192979 0.174001 0.450451 0.428741 0.275921 0.358320 0.208048 0.193002 0.232933 0.319147 0.607525 0.656459 0.315482 0.371360 0.819239 0.591972 0.902592 0.990083 0.693023 0.867753 0.986015 0.998612 0.424678 0.348016 0.180316 0.248164 0.211286 0.210202 0.214625 0.223700 0.652612 0.459977 0.493405 0.312542 0.291415 0.357264 0.259377 0.321482 0.989252 0.942323 0.955437 0.823328 0.755872 0.899220 0.634696 0.621990 0.887392 0.796207 0.807089 0.788691 0.919585 0.781905 0.713222 0.718212 0.794382 0.948214 0.860293 0.911559 0.663013 0.590594
0.182475 0.184064 0.331071 0.412320 0.847157 0.676517 0.703955 0.551207 0.467473 0.647389 0.230078 0.153218 0.233084 0.194649 0.374703 0.453130 0.136387 0.000000 0.221183 0.173029 0.472548 0.884471 0.500642 0.324448 0.290616 0.536493 0.409913 0.814964 0.277647 0.231920 0.719220 0.569274 0.315730 0.360170 0.726967 0.857920 0.549254 0.582988 0.744171 0.688674 0.616769 0.746449 0.987734 0.789718 0.881340 0.929921 0.539621 0.614015 0.879232 0.696588 0.855626 0.771634 0.992640 0.700985 0.274563 0.393209 0.176225 0.157655 0.477272 0.444752 0.266869 0.353176 0.205772 0.191683 0.194952 0.276455 0.652814 0.711253 0.293058 0.362551 0.753766 0.569877 0.955083 0.970867 0.727752 0.910020 0.923424 0.914882 0.432210 0.348364 0.174436 0.211300 0.235975 0.176081 0.194089 0.205932 0.599165 0.451648 0.506564 0.302618 0.262617 0.314601 0.248125 0.318900 0.989665 0.937581 0.922362 0.831422 0.693619 0.853285 0.569267 0.583255 0.943443 0.862177 0.821815 0.837888 0.975444 0.760808 0.686248 0.754436 0.810770 0.944664 0.810438 0.932440 0.670789 0.538969
0.217693 0.219473 0.290695 0.356532 0.771263 0.688221 0.511774 0.484662 0.507652 0.815574 0.431229 0.278857 0.325938 0.296300 0.475969 0.576036 0.218987 0.221183 0.000000 0.194747 0.478221 0.935976 0.311938 0.396010 0.353344 0.558555 0.457282 0.954622 0.321370 0.368894 0.517337 0.397921 0.199442 0.271465 0.617990 0.945750 0.509912 0.642167 0.784666 0.690625 0.574648 0.678713 0.768930 0.557329 0.898888 0.685195 0.339027 0.412158 0.637896 0.479584 0.644859 0.578495 0.852531 0.845470 0.267414 0.293259 0.212384 0.218730 0.322933 0.330313 0.306308 0.420756 0.183352 0.204986 0.332277 0.446988 0.445776 0.552567 0.324242 0.325912 0.917312 0.665162 0.819291 0.917474 0.764226 0.840735 0.816462 0.931941 0.341499 0.339290 0.209367 0.298439 0.268985 0.261204 0.206504 0.238347 0.762831 0.511125 0.504149 0.286685 0.438783 0.532029 0.414765 0.444585 0.806634 0.842125 0.851881 0.959213 0.998268 0.894577 0.792525 0.769619 0.743290 0.651660 0.664250 0.584722 0.793094 0.904510 0.782386 0.645534 0.656915 0.857314 0.975845 0.862110 0.532514 0.587105
0.164371 0.174986 0.287322 0.415269 0.730481 0.610146 0.715732 0.606474 0.452803 0.585749 0.278447 0.219531 0.290600 0.292554 0.444521 0.587499 0.193239 0.173029 0.194747 0.000000 0.438915 0.974544 0.491154 0.399570 0.297420 0.549859 0.342293 0.866690 0.347715 0.320947 0.692643 0.617698 0.317568 0.372727 0.760388 0.903829 0.566958 0.582294 0.744966 0.712893 0.551757 0.744310 0.992788 0.783373 0.851791 0.940075 0.524837 0.603651 0.879384 0.709364 0.881712 0.797435 0.916634 0.615786 0.314879 0.426309 0.187177 0.181619 0.461674 0.415242 0.328942 0.461744 0.248168 0.247063 0.205536 0.383014 0.642308 0.764787 0.230340 0.330846 0.729758 0.545970 0.976853 0.916586 0.753895 0.957783 0.965711 0.920055 0.460577 0.409888 0.226716 0.235051 0.295231 0.212494 0.206131 0.228731 0.653970 0.481866 0.516771 0.286403 0.287661 0.367454 0.318316 0.354607 0.990986 0.900148 0.990483 0.850184 0.727631 0.831617 0.602907 0.592937 0.955557 0.819393 0.815589 0.838935 0.917155 0.755116 0.775097 0.722357 0.808527 0.953766 0.802214 0.947388 0.711273 0.541872
0.434258 0.458920 0.488622 0.593112 0.872371 0.842203 0.731726 0.690057 0.671287 0.732439 0.595048 0.495478 0.536312 0.572911 0.669249 0.702445 0.479823 0.472548 0.478221 0.438915 0.000000 0.905126 0.607571 0.613087 0.482204 0.618882 0.589091 0.962275 0.567497 0.562625 0.708198 0.587714 0.462133 0.547912 0.988706 0.963587 0.653232 0.682060 0.830948 0.743827 0.825927 0.783305 0.909537 0.753522 0.950552 0.844459 0.607317 0.600105 0.806671 0.688107 0.826982 0.763852 0.925708 0.835019 0.457122 0.600784 0.448469 0.470142 0.554386 0.548246 0.545909 0.634244 0.436542 0.479293 0.537963 0.611477 0.639685 0.748137 0.480101 0.581116 0.911335 0.689705 0.891240 0.973527 0.851190 0.854223 0.973681 0.969098 0.601534 0.418666 0.436675 0.482332 0.440815 0.519382 0.475076 0.498034 0.924080 0.766851 0.712992 0.543826 0.565822 0.605649 0.649734 0.674484 0.971345 0.835805 0.874894 0.949987 0.949645 0.987243 0.788569 0.771433 0.885148 0.743035 0.825552 0.755953 0.931231 0.812455 0.806875 0.723423 0.814834 0.969154 0.931211 0.763292 0.619332 0.711772
0.945730 0.979692 0.889837 0.944275 0.893784 0.885852 0.925291 0.978601 0.987064 0.945413 0.838538 0.881179 0.932625 0.875861 0.882935 0.885743 0.944319 0.884471 0.935976 0.974544 0.905126 0.000000 0.841184 0.977920 0.882782 0.795920 0.840210 0.840867 0.981138 0.856420 0.803498 0.870129 0.928759 0.887522 0.857089 0.953208 0.773915 0.953938 0.867922 0.942173 0.944113 0.764477 0.757516 0.768522 0.857804 0.826141 0.798896 0.827168 0.805995 0.823399 0.833337 0.848517 0.908013 0.905280 0.976837 0.961986 0.920694 0.922270 0.948996 0.950661 0.864442 0.910521 0.931149 0.941651 0.926376 0.838186 0.805745 0.963169 0.951602 0.965810 0.802818 0.949774 0.919086 0.849928 0.997788 0.974218 0.674118 0.898940 0.975563 0.997220 0.988230 0.940007 0.941073 0.924034 0.981509 0.998054 0.906392 0.973613 0.941481 0.955063 0.871659 0.751935 0.837896 0.823770 0.802679 0.870513 0.802774 0.898199 0.708969 0.847937 0.955165 0.902510 0.859539 0.813458 0.828324 0.733618 0.875750 0.988026 0.852408 0.748153 0.922570 0.837216 0.807996 0.764387 0.928400 0.793670
0.494693 0.421297 0.425324 0.342529 0.996674 0.995677 0.353502 0.315223 0.881370 0.815845 0.839510 0.477101 0.525644 0.461391 0.539114 0.461790 0.461743 0.500642 0.311938 0.491154 0.607571 0.841184 0.000000 0.428075 0.555642 0.598590 0.724941 0.931564 0.492434 0.544902 0.262748 0.284179 0.283648 0.290173 0.533905 0.941285 0.553558 0.668407 0.789548 0.737298 0.831579 0.662427 0.442936 0.318424 0.565484 0.407991 0.241954 0.307598 0.408620 0.287906 0.328162 0.281156 0.472540 0.665942 0.334494 0.315061 0.439786 0.432648 0.344696 0.372122 0.434564 0.409712 0.339882 0.313811 0.635760 0.579764 0.337549 0.374999 0.635869 0.409019 0.718669 0.993020 0.512801 0.612485 0.743932 0.619916 0.498766 0.770659 0.312035 0.371609 0.368240 0.591394 0.488972 0.542805 0.437854 0.437246 0.998472 0.694773 0.641420 0.430007 0.736970 0.784868 0.657784 0.596545 0.718178 0.843776 0.813591 0.781243 0.684315 0.593096 0.985273 0.978123 0.615555 0.589276 0.532631 0.419171 0.611511 0.932700 0.972523 0.589293 0.652844 0.679653 0.688125 0.688490 0.399620 0.800435
0.338363 0.301364 0.342422 0.303640 0.973420 0.836991 0.680581 0.433903 0.648510 0.734073 0.559514 0.348694 0.353582 0.289181 0.453808 0.372647 0.348626 0.324448 0.396010 0.399570 0.613087 0.977920 0.428075 0.000000 0.378299 0.454552 0.579876 0.926728 0.542738 0.441386 0.689036 0.571721 0.431696 0.464151 0.705734 0.907713 0.609523 0.605564 0.710035 0.786340 0.722100 0.749209 0.900422 0.762468 0.927002 0.899223 0.519121 0.604780 0.850479 0.647047 0.702208 0.606918 0.797961 0.996028 0.344501 0.450371 0.289253 0.282642 0.455541 0.409530 0.413326 0.397191 0.368793 0.338724 0.400168 0.292325 0.596887 0.630814 0.433307 0.317162 0.842379 0.774779 0.869142 0.945061 0.854610 0.864005 0.911880 0.896505 0.465232 0.417980 0.283554 0.349168 0.392328 0.299701 0.344153 0.245108 0.688282 0.432379 0.472112 0.341163 0.470322 0.485462 0.456595 0.474942 0.953136 0.985886 0.989147 0.993215 0.875457 0.986014 0.707410 0.759271 0.960397 0.847497 0.809198 0.772943 0.844461 0.865278 0.690230 0.802062 0.762158 0.985140 0.875711 0.979971 0.768422 0.689409
0.270631 0.292632 0.371335 0.459391 0.833278 0.747143 0.868761 0.694842 0.422283 0.506355 0.434271 0.326756 0.363701 0.341938 0.608890 0.601061 0.296519 0.290616 0.353344 0.297420 0.482204 0.882782 0.555642 0.378299 0.000000 0.300933 0.387178 0.905945 0.573954 0.481031 0.791255 0.636829 0.443550 0.525510 0.641886 0.857313 0.509365 0.552250 0.588835 0.729766 0.692375 0.686489 0.962549 0.830509 0.785392 0.972197 0.581312 0.657757 0.981272 0.772656 0.951593 0.853182 0.909727 0.687435 0.416983 0.490203 0.313206 0.278697 0.535199 0.465979 0.536119 0.590285 0.397853 0.381478 0.343997 0.412595 0.706310 0.800352 0.264841 0.369965 0.748574 0.568320 0.998133 0.905376 0.766227 0.988141 0.971934 0.858699 0.585803 0.445556 0.308854 0.258405 0.372989 0.228008 0.289434 0.239169 0.665688 0.409824 0.475288 0.275745 0.362345 0.431247 0.449478 0.452487 0.919138 0.930322 0.997028 0.869138 0.743357 0.883798 0.698594 0.645091 0.918499 0.777046 0.787835 0.786388 0.934972 0.692392 0.733096 0.659934 0.829056 0.902862 0.749093 0.948062 0.732240 0.581295
0.510288 0.525626 0.507802 0.513091 0.958125 0.937707 0.776980 0.662439 0.569608 0.752605 0.754076 0.591842 0.539717 0.501810 0.727868 0.669557 0.554670 0.536493 0.558555 0.549859 0.618882 0.795920 0.598590 0.454552 0.300933 0.000000 0.555595 0.968842 0.768941 0.681418 0.700273 0.635317 0.550023 0.548214 0.620801 0.791377 0.557202 0.563244 0.684345 0.816318 0.889249 0.578953 0.838271 0.692228 0.986104 0.884479 0.584278 0.632900 0.873856 0.691238 0.790160 0.707486 0.854287 0.988187 0.461343 0.471277 0.534000 0.512333 0.579851 0.525708 0.717763 0.661142 0.573178 0.567811 0.630856 0.539135 0.651762 0.700275 0.499492 0.449266 0.943767 0.780592 0.855265 0.897778 0.876308 0.887107 0.855233 0.947534 0.619443 0.548486 0.486122 0.488234 0.582925 0.419747 0.507159 0.402765 0.807417 0.554050 0.493386 0.410181 0.674273 0.743764 0.750798 0.670501 0.984814 0.763908 0.820413 0.946156 0.935898 0.876103 0.860022 0.949862 0.885280 0.693140 0.662797 0.693941 0.798881 0.932695 0.828890 0.686802 0.912487 0.945935 0.976417 0.892782 0.703506 0.788024
0.367008 0.381742 0.495542 0.574120 0.897695 0.703032 0.878503 0.765086 0.506607 0.593122 0.427944 0.393211 0.427964 0.421262 0.604971 0.709297 0.413346 0.409913 0.457282 0.342293 0.589091 0.840210 0.724941 0.579876 0.387178 0.555595 0.000000 0.849969 0.597929 0.537467 0.853031 0.772134 0.595885 0.564033 0.839995 0.797813 0.521621 0.676660 0.710344 0.706999 0.645823 0.835965 0.859908 0.963862 0.739422 0.885729 0.766792 0.827024 0.946158 0.926726 0.973587 0.939128 0.846637 0.626063 0.525328 0.654676 0.416018 0.400642 0.659000 0.570496 0.527669 0.623123 0.471237 0.468912 0.415002 0.502244 0.824002 0.935580 0.428320 0.564228 0.729651 0.612573 0.972238 0.870795 0.611353 0.837360 0.901207 0.827178 0.721850 0.611727 0.491579 0.397072 0.499000 0.407228 0.388838 0.376386 0.700935 0.561572 0.549217 0.486644 0.391582 0.510447 0.459569 0.562434 0.856680 0.996352 0.884000 0.780842 0.699942 0.724271 0.541604 0.710891 0.978034 0.826434 0.945532 0.850154 0.960255 0.705060 0.873940 0.829348 0.783414 0.869605 0.697307 0.908679 0.781206 0.729341
0.841168 0.876698 0.976566 0.983563 0.977754 0.920887 0.988505 0.988703 0.960988 0.812264 0.774340 0.871240 0.833963 0.885470 0.821816 0.951075 0.851814 0.814964 0.954622 0.866690 0.962275 0.840867 0.931564 0.926728 0.905945 0.968842 0.849969 0.000000 0.926798 0.942728 0.736555 0.860793 0.956807 0.996215 0.986416 0.957529 0.986769 0.917148 0.922944 0.981920 0.981636 0.856070 0.869228 0.916243 0.793930 0.794563 0.887116 0.909357 0.839155 0.817317 0.848961 0.860572 0.890457 0.783804 0.972216 0.949432 0.861471 0.833095 0.974252 0.985754 0.866395 0.934500 0.918216 0.911530 0.761913 0.755689 0.847054 0.797905 0.890651 0.930118 0.890735 0.873593 0.949647 0.991034 0.921959 0.928199 0.756862 0.836331 0.966490 0.968921 0.880595 0.777794 0.964232 0.882045 0.813537 0.823011 0.934971 0.887447 0.963982 0.840776 0.858439 0.828693 0.812942 0.937915 0.887881 0.916819 0.780624 0.864803 0.799488 0.850817 0.722647 0.886569 0.950722 0.958030 0.969809 0.874481 0.841138 0.977269 0.970376 0.832072 0.971485 0.826028 0.834282 0.876745 0.996131 0.781703
0.395362 0.375785 0.467933 0.563501 0.980687 0.809275 0.565577 0.529445 0.717463 0.994364 0.401080 0.296092 0.390425 0.371876 0.390204 0.460885 0.244102 0.277647 0.321370 0.347715 0.567497 0.981138 0.492434 0.542738 0.573954 0.768941 0.597929 0.926798 0.000000 0.208085 0.585810 0.567734 0.323056 0.304691 0.782478 0.889316 0.616707 0.654457 0.866802 0.658895 0.714833 0.726649 0.820007 0.641862 0.840042 0.709767 0.497652 0.560458 0.680518 0.584424 0.689025 0.668373 0.832061 0.948882 0.358560 0.431674 0.369437 0.359885 0.558305 0.589791 0.286686 0.346129 0.290328 0.275527 0.386818 0.458452 0.591854 0.621993 0.564966 0.528575 0.953287 0.849117 0.755569 0.793777 0.700861 0.818964 0.894439 0.828687 0.469027 0.440141 0.332012 0.485148 0.322856 0.449619 0.420975 0.482307 0.739282 0.703093 0.629449 0.530337 0.495856 0.544024 0.351780 0.444580 0.923458 0.890564 0.990524 0.901679 0.903917 0.998179 0.811377 0.773749 0.815010 0.810507 0.799243 0.756254 0.829145 0.902622 0.821470 0.722028 0.816755 0.901709 0.973949 0.934757 0.614191 0.716786
0.370356 0.343719 0.492399 0.534904 0.993784 0.763717 0.696462 0.549379 0.655480 0.850102 0.335818 0.216175 0.371937 0.269014 0.398741 0.382649 0.209781 0.231920 0.368894 0.320947 0.562625 0.856420 0.544902 0.441386 0.481031 0.681418 0.537467 0.942728 0.208085 0.000000 0.608125 0.621189 0.386467 0.355096 0.805354 0.750391 0.542592 0.531886 0.708467 0.697745 0.711180 0.784847 0.992726 0.793651 0.988647 0.867793 0.584473 0.650492 0.873610 0.711767 0.826659 0.767490 0.926346 0.872608 0.374598 0.472877 0.349096 0.314234 0.614524 0.609769 0.272486 0.284989 0.299993 0.251216 0.344261 0.338766 0.695447 0.679652 0.503953 0.482128 0.932685 0.799031 0.826149 0.896043 0.719712 0.855131 0.940661 0.957453 0.504190 0.413159 0.315328 0.456307 0.284545 0.364380 0.435512 0.422469 0.602981 0.617307 0.556163 0.497969 0.345924 0.350926 0.274742 0.323865 0.970615 0.936822 0.892288 0.814305 0.697244 0.822101 0.737728 0.620094 0.947612 0.941160 0.887232 0.881292 0.917520 0.751539 0.793443 0.759513 0.869758 0.993358 0.846793 0.917421 0.730366 0.733181
0.731685 0.638759 0.642958 0.506602 0.893333 0.889953 0.356087 0.393252 0.995978 0.581997 0.938334 0.680704 0.802768 0.689039 0.773206 0.603863 0.639632 0.719220 0.517337 0.692643 0.708198 0.803498 0.262748 0.689036 0.791255 0.700273 0.853031 0.736555 0.585810 0.608125 0.000000 0.326290 0.366580 0.308445 0.587120 0.802443 0.558949 0.700636 0.856935 0.793654 0.932734 0.724288 0.391654 0.292706 0.409088 0.301966 0.277896 0.311580 0.357054 0.265282 0.278623 0.250805 0.371873 0.492794 0.469730 0.408616 0.656373 0.661500 0.431374 0.497211 0.591502 0.493439 0.492932 0.469818 0.910605 0.822663 0.321556 0.304393 0.903422 0.603731 0.523537 0.861462 0.467985 0.548010 0.843707 0.586353 0.408398 0.574000 0.380309 0.509847 0.589239 0.915739 0.664218 0.791700 0.739834 0.721396 0.865105 0.915158 0.754806 0.649529 0.880106 0.931137 0.821028 0.710047 0.607015 0.810018 0.706351 0.760129 0.534694 0.516340 0.884788 0.886508 0.586838 0.627989 0.532052 0.420494 0.579886 0.828261 0.798749 0.611067 0.712601 0.503753 0.536516 0.662026 0.431667 0.918838
0.595404 0.554771 0.525132 0.477098 0.963028 0.913602 0.398007 0.468739 0.851393 0.787263 0.869326 0.599163 0.567345 0.531251 0.634284 0.555562 0.553867 0.569274 0.397921 0.617698 0.587714 0.870129 0.284179 0.571721 0.636829 0.635317 0.772134 0.860793 0.567734 0.621189 0.326290 0.000000 0.345678 0.328937 0.671892 0.900084 0.601021 0.729670 0.908377 0.740705 0.906274 0.720491 0.578419 0.442618 0.602754 0.472025 0.332393 0.365836 0.486044 0.371831 0.424940 0.375124 0.522095 0.710731 0.412547 0.393930 0.533672 0.541121 0.387390 0.457474 0.519548 0.533120 0.391809 0.432055 0.767824 0.700254 0.424405 0.399396 0.724975 0.567743 0.800637 0.930845 0.583731 0.696197 0.719127 0.707929 0.625347 0.839709 0.425416 0.422516 0.469563 0.676062 0.502088 0.630363 0.547872 0.552976 0.953867 0.807107 0.744249 0.557624 0.790635 0.830525 0.741372 0.708100 0.708855 0.943965 0.782998 0.827500 0.671487 0.591477 0.996459 0.907908 0.597177 0.575907 0.678227 0.419522 0.699716 0.942235 0.980066 0.707812 0.619606 0.705660 0.632231 0.656556 0.448527 0.926167
0.291570 0.275630 0.365307 0.335984 0.884238 0.811623 0.368670 0.349061 0.651391 0.950815 0.590683 0.338522 0.423617 0.386067 0.562138 0.552337 0.282822 0.315730 0.199442 0.317568 0.462133 0.928759 0.283648 0.431696 0.443550 0.550023 0.595885 0.956807 0.323056 0.386467 0.366580 0.345678 0.000000 0.217644 0.581002 0.941120 0.503266 0.612025 0.841950 0.708707 0.721896 0.634308 0.615576 0.421687 0.711256 0.516497 0.261448 0.334034 0.478981 0.345632 0.445635 0.392710 0.643594 0.915884 0.283449 0.268518 0.250660 0.267573 0.253316 0.270888 0.306576 0.351927 0.197876 0.201898 0.448340 0.503346 0.334645 0.410100 0.450555 0.319378 0.926367 0.783580 0.674575 0.775919 0.775575 0.701679 0.722061 0.798747 0.265121 0.317095 0.261364 0.467283 0.328688 0.363469 0.319941 0.331294 0.953029 0.614478 0.523951 0.346217 0.501768 0.617202 0.475715 0.478218 0.760928 0.831020 0.744767 0.947080 0.849437 0.770063 0.871763 0.887251 0.682247 0.591861 0.555344 0.513813 0.727150 0.987534 0.850666 0.589441 0.681484 0.717121 0.800041 0.752893 0.483060 0.747323
0.396309 0.343469 0.394357 0.369068 0.987714 0.922957 0.333555 0.347826 0.708741 0.882326 0.625574 0.377352 0.428172 0.366180 0.456425 0.466544 0.323498 0.360170 0.271465 0.372727 0.547912 0.887522 0.290173 0.464151 0.525510 0.548214 0.564033 0.996215 0.304691 0.355096 0.308445 0.328937 0.217644 0.000000 0.580152 0.799913 0.453976 0.580845 0.792185 0.749571 0.783964 0.608515 0.598535 0.417087 0.694431 0.539542 0.286246 0.376422 0.519806 0.389311 0.454571 0.410048 0.586031 0.835659 0.314903 0.283546 0.352638 0.367907 0.348358 0.402070 0.307662 0.326336 0.237213 0.232731 0.514886 0.487728 0.386012 0.451614 0.591075 0.421820 0.827743 0.901592 0.586263 0.672549 0.727617 0.711639 0.669149 0.694211 0.308105 0.363432 0.325212 0.547034 0.381975 0.456108 0.418854 0.417459 0.957200 0.671430 0.529092 0.429842 0.562138 0.639995 0.503681 0.501382 0.794476 0.838778 0.827883 0.924437 0.821572 0.731896 0.854962 0.953961 0.724507 0.637972 0.635353 0.520028 0.607776 0.980720 0.928466 0.666004 0.724712 0.705504 0.793367 0.781837 0.412868 0.855530
0.710820 0.677003 0.734087 0.653530 0.936736 0.972152 0.684932 0.640817 0.815004 0.962389 0.974485 0.683852 0.760271 0.750728 0.853424 0.812394 0.692400 0.726967 0.617990 0.760388 0.988706 0.857089 0.533905 0.705734 0.641886 0.620801 0.839995 0.986416 0.782478 0.805354 0.587120 0.671892 0.581002 0.580152 0.000000 0.867364 0.573322 0.821362 0.798409 0.868796 0.759436 0.726005 0.611367 0.518510 0.725044 0.640094 0.496479 0.568162 0.667289 0.548368 0.595197 0.596211 0.658251 0.789046 0.582899 0.482097 0.692120 0.687062 0.607378 0.622710 0.758558 0.696073 0.634041 0.589163 0.809042 0.786685 0.556998 0.577737 0.799727 0.635034 0.856849 0.938508 0.751427 0.759979 0.947533 0.771303 0.643220 0.728018 0.648341 0.646722 0.618929 0.748102 0.755793 0.665808 0.657698 0.647265 0.922565 0.789217 0.567607 0.606129 0.870550 0.898108 0.829430 0.737135 0.790506 0.900318 0.791260 0.919320 0.780111 0.682604 0.945919 0.964424 0.568192 0.622451 0.544410 0.664606 0.764610 0.948623 0.899172 0.588946 0.706586 0.709076 0.814783 0.905637 0.556153 0.946416
0.958106 0.899099 0.974876 0.902488 0.741449 0.984077 0.997325 0.926449 0.814077 0.957961 0.951437 0.894668 0.950325 0.902142 0.906193 0.923387 0.870230 0.857920 0.945750 0.903829 0.963587 0.953208 0.941285 0.907713 0.857313 0.791377 0.797813 0.957529 0.889316 0.750391 0.802443 0.900084 0.941120 0.799913 0.867364 0.000000 0.649834 0.696622 0.776145 0.929338 0.845027 0.940539 0.996153 0.888590 0.949027 0.945573 0.936729 0.842526 0.934047 0.967358 0.995973 0.960267 0.940687 0.893682 0.886443 0.814078 0.952248 0.929489 0.962610 0.994833 0.986278 0.845743 0.947880 0.874875 0.975744 0.899620 0.856645 0.807002 0.963211 0.837728 0.815543 0.771393 0.807924 0.922368 0.923922 0.941439 0.971008 0.833313 0.933530 0.879966 0.939908 0.991667 0.870600 0.898541 0.968823 0.909656 0.897642 0.976369 0.997264 0.875601 0.855641 0.831447 0.900245 0.854537 0.928274 0.741499 0.866239 0.708511 0.955335 0.983699 0.901113 0.981651 0.846019 0.837541 0.896912 0.889541 0.908947 0.860738 0.947508 0.811135 0.994739 0.970092 0.970863 0.997967 0.839410 0.854147
0.523054 0.508842 0.528276 0.496986 0.978838 0.890522 0.611181 0.521000 0.689369 0.904288 0.716117 0.517994 0.641358 0.561624 0.788993 0.687291 0.527115 0.549254 0.509912 0.566958 0.653232 0.773915 0.553558 0.609523 0.509365 0.557202 0.521621 0.986769 0.616707 0.542592 0.558949 0.601021 0.503266 0.453976 0.573322 0.649834 0.000000 0.506873 0.683529 0.669410 0.747457 0.658976 0.872728 0.679250 0.963763 0.834423 0.628246 0.639723 0.857398 0.683220 0.750542 0.707556 0.833271 0.981021 0.509961 0.545730 0.551080 0.523867 0.546994 0.565009 0.562841 0.514547 0.472969 0.451101 0.656157 0.605044 0.556246 0.640688 0.636762 0.525953 0.832153 0.939755 0.703406 0.837098 0.692629 0.983064 0.856958 0.897462 0.666932 0.668917 0.592343 0.688566 0.500101 0.567679 0.584332 0.511770 0.827688 0.708362 0.558640 0.550201 0.582559 0.621615 0.583796 0.565223 0.897671 0.796151 0.979222 0.996356 0.986937 0.954715 0.930000 0.858709 0.776703 0.639686 0.651980 0.674343 0.820104 0.908804 0.962685 0.671953 0.865877 0.899831 0.988171 0.923498 0.664337 0.929851
0.559599 0.541382 0.519883 0.514218 0.954383 0.975723 0.645776 0.507608 0.837439 0.798705 0.699240 0.549104 0.626299 0.609705 0.850378 0.664862 0.604434 0.582988 0.642167 0.582294 0.682060 0.953938 0.668407 0.605564 0.552250 0.563244 0.676660 0.917148 0.654457 0.531886 0.700636 0.729670 0.612025 0.580845 0.821362 0.696622 0.506873 0.000000 0.725347 0.807505 0.759156 0.660434 0.959222 0.879112 0.871869 0.969171 0.802852 0.851394 0.942356 0.896566 0.921372 0.865510 0.922409 0.943674 0.637599 0.730987 0.560338 0.518018 0.717680 0.648247 0.530998 0.449660 0.580533 0.484819 0.588968 0.456193 0.774641 0.739864 0.634176 0.429469 0.873138 0.960499 0.778880 0.850703 0.734927 0.956997 0.975494 0.976759 0.689636 0.734134 0.637420 0.714604 0.560938 0.631426 0.685328 0.558554 0.833853 0.777547 0.559450 0.572486 0.588810 0.547873 0.641872 0.508415 0.923425 0.843769 0.978407 0.934003 0.836169 0.941303 0.989760 0.825556 0.954164 0.979363 0.838159 0.819918 0.828542 0.936146 0.946093 0.788981 0.939828 0.912780 0.801589 0.999506 0.765637 0.708727
