0.000000 0.263434 0.940906 0.795932 0.952665 0.864299 0.437539 0.529516 0.862604 0.649845 0.408536 0.337515 0.481093 0.521231 0.872800 0.991986 0.274820 0.262493 0.339245 0.333986 0.905629 0.789989 0.775281 0.716768 0.585760 0.688684 0.719908 0.832481 0.493384 0.419082 0.690229 0.858042 0.437073 0.462295 0.837967 0.860733 0.895726 0.832024 0.854872 0.865326 0.904474 0.720587 0.792006 0.561799 0.585998 0.510089 0.453157 0.431930 0.411828 0.494788 0.537952 0.664699 0.987354 0.783840 0.450941 0.594036 0.269066 0.258366 0.366472 0.380380 0.371684 0.457786 0.381199 0.309574 0.982307 0.809491 0.691651 0.703344 0.372714 0.392699 0.710848 0.672666 0.713536 0.847175 0.935717 0.944115 0.992190 0.971897 0.594518 0.576258 0.284488 0.330922 0.478658 0.369383 0.359117 0.686642 0.931585 0.830003 0.656546 0.651526 0.987587 0.990338 0.831746 0.842885 0.823100 0.853760 0.679712 0.917229 0.602622 0.613146 0.812866 0.912883 0.545545 0.805628 0.885805 0.855080 0.873435 0.935807 0.875738 0.809177 0.816750 0.838350 0.683804 0.762025 0.692815 0.894047
0.263434 0.000000 0.952681 0.920598 0.945231 0.803228 0.505450 0.558445 0.872899 0.721296 0.484534 0.429486 0.584126 0.572456 0.845231 0.966167 0.281426 0.283677 0.401562 0.316753 0.992995 0.812087 0.858840 0.855251 0.730735 0.799930 0.812902 0.838676 0.502597 0.425177 0.745889 0.885754 0.483410 0.482644 0.934803 0.852232 0.817407 0.743380 0.830031 0.885053 0.780983 0.666685 0.785535 0.569658 0.609504 0.506162 0.445773 0.413901 0.386558 0.416058 0.459280 0.554322 0.888943 0.910662 0.430454 0.557247 0.243704 0.229110 0.407136 0.346973 0.431083 0.455606 0.422309 0.343879 0.892848 0.729912 0.610130 0.661755 0.325368 0.326997 0.744457 0.734428 0.767040 0.932293 0.981412 0.952244 0.986855 0.927346 0.606594 0.538561 0.326107 0.377503 0.448263 0.404933 0.350173 0.605318 0.917491 0.746633 0.692135 0.631068 0.999147 0.982598 0.901632 0.920101 0.850035 0.814965 0.629648 0.842065 0.633923 0.581037 0.839258 0.935183 0.573909 0.828565 0.810736 0.801203 0.886290 0.968692 0.901660 0.825715 0.831005 0.849693 0.684138 0.715957 0.678047 0.915072
0.940906 0.952681 0.000000 0.611635 0.806166 0.892799 0.743349 0.642743 0.817279 0.945053 0.978070 0.967175 0.979107 0.861602 0.902164 0.826344 0.988959 0.968074 0.955576 0.939616 0.956920 0.942210 0.947942 0.888585 0.652767 0.741445 0.977078 0.974242 0.921991 0.928940 0.709080 0.689357 0.867870 0.759527 0.761363 0.977538 0.796551 0.926411 0.809289 0.907990 0.992678 0.910954 0.908288 0.921301 0.769319 0.881113 0.819755 0.997151 0.788813 0.862108 0.972166 0.856971 0.909517 0.891186 0.940856 0.881674 0.976864 0.961240 0.824776 0.965026 0.886473 0.972516 0.883953 0.932967 0.687332 0.665490 0.683673 0.682766 0.938469 0.943223 0.922942 0.870983 0.860312 0.925802 0.836563 0.825370 0.827451 0.950699 0.815675 0.967236 0.964578 0.915820 0.915617 0.998022 0.937372 0.802388 0.712986 0.979768 0.914121 0.948893 0.756817 0.721190 0.742919 0.768512 0.990075 0.975412 0.927828 0.955219 0.816536 0.858061 0.893795 0.858219 0.968460 0.962009 0.840181 0.928515 0.964011 0.898334 0.982477 0.936745 0.911496 0.833815 0.838140 0.981296 0.911363 0.959832
0.795932 0.920598 0.611635 0.000000 0.575625 0.821286 0.887385 0.869451 0.979623 0.903860 0.659480 0.729046 0.579744 0.611072 0.707230 0.906369 0.842081 0.800882 0.833934 0.891752 0.895009 0.899331 0.824713 0.632004 0.424001 0.513710 0.736486 0.965338 0.769446 0.785018 0.702610 0.706562 0.971306 0.991657 0.731036 0.891519 0.854634 0.715982 0.942602 0.958708 0.830251 0.925727 0.825871 0.902898 0.805439 0.882509 0.933231 0.946595 0.861521 0.870802 0.793611 0.742246 0.728813 0.690451 0.926090 0.870459 0.952721 0.906301 0.939544 0.837397 0.799478 0.907138 0.827631 0.828497 0.561692 0.558961 0.576452 0.644883 0.959056 0.930387 0.703587 0.712280 0.729116 0.826180 0.803935 0.935187 0.785532 0.789700 0.918780 0.902772 0.792242 0.783403 0.778186 0.752383 0.796526 0.776179 0.883843 0.922670 0.898655 0.872471 0.934693 0.893725 0.845456 0.852715 0.803257 0.950379 0.981067 0.935270 0.908625 0.979887 0.724593 0.838554 0.913164 0.900789 0.746945 0.794623 0.843208 0.987253 0.958817 0.893763 0.995248 0.993833 0.948470 0.911598 0.957191 0.903357
0.952665 0.945231 0.806166 0.575625 0.000000 0.908764 0.940813 0.836528 0.988255 0.997319 0.836426 0.887544 0.746699 0.795431 0.631961 0.819994 0.910306 0.908420 0.947410 0.949510 0.980991 0.880851 0.908132 0.958675 0.669462 0.724146 0.895199 0.804312 0.829734 0.814781 0.789168 0.866992 0.976235 0.989097 0.888411 0.934586 0.986894 0.771246 0.915590 0.867509 0.991635 0.963845 0.952562 0.992513 0.822950 0.889183 0.985501 0.981329 0.889488 0.984140 0.904147 0.884463 0.979678 0.905535 0.857132 0.973216 0.989539 0.972086 0.903809 0.889913 0.885663 0.962827 0.895885 0.904555 0.826853 0.756502 0.788578 0.812905 0.994486 0.947343 0.955844 0.758728 0.985089 0.871786 0.823882 0.849655 0.967742 0.990211 0.989705 0.977359 0.873256 0.868868 0.844735 0.807498 0.803419 0.940917 0.768055 0.818983 0.962527 0.991557 0.938941 0.975150 0.989396 0.977190 0.885935 0.958119 0.904570 0.937867 0.925199 0.912034 0.792269 0.989776 0.851916 0.940626 0.864295 0.857974 0.944612 0.990806 0.846865 0.939036 0.934631 0.808338 0.956267 0.911323 0.884277 0.969385
0.864299 0.803228 0.892799 0.821286 0.908764 0.000000 0.721226 0.719376 0.703490 0.746287 0.878381 0.910615 0.929784 0.939717 0.835289 0.824345 0.795740 0.877535 0.865483 0.882637 0.933193 0.943269 0.831481 0.879468 0.948408 0.786376 0.965221 0.855700 0.774107 0.840345 0.898018 0.952490 0.799119 0.758823 0.851514 0.810492 0.948361 0.994785 0.975290 0.950792 0.992669 0.696841 0.680487 0.687856 0.682339 0.690386 0.687295 0.708389 0.745337 0.744008 0.705710 0.827648 0.784240 0.869609 0.821765 0.721163 0.873593 0.894100 0.842843 0.769092 0.734331 0.677246 0.827445 0.813268 0.720051 0.609641 0.747019 0.708229 0.827520 0.846220 0.876519 0.926537 0.789519 0.856041 0.847152 0.840446 0.640304 0.732268 0.812675 0.674431 0.759253 0.812397 0.915623 0.931736 0.696090 0.664423 0.937965 0.937455 0.979414 0.994863 0.740030 0.901902 0.799506 0.972414 0.758532 0.896279 0.758098 0.867649 0.719716 0.758287 0.816227 0.905697 0.781959 0.955172 0.768951 0.863095 0.988849 0.997443 0.762749 0.900626 0.970635 0.877378 0.781982 0.889465 0.912696 0.905751
0.437539 0.505450 0.743349 0.887385 0.940813 0.721226 0.000000 0.295582 0.791636 0.427964 0.355084 0.366729 0.399112 0.524221 0.707710 0.926220 0.386830 0.426455 0.394788 0.461060 0.970876 0.807465 0.702420 0.617986 0.600297 0.790380 0.544532 0.934798 0.370992 0.356741 0.991020 0.872373 0.326501 0.315923 0.897359 0.962715 0.907477 0.954897 0.781031 0.840567 0.934590 0.800415 0.606379 0.432261 0.531631 0.416302 0.372324 0.441324 0.543311 0.697160 0.600111 0.938868 0.861192 0.664830 0.585578 0.606939 0.483602 0.541176 0.397623 0.577595 0.232461 0.417516 0.285794 0.307476 0.939898 0.724113 0.624070 0.527140 0.697262 0.568595 0.789852 0.704899 0.871102 0.954359 0.941353 0.888880 0.780249 0.985447 0.454715 0.495922 0.326236 0.386379 0.647565 0.552828 0.497164 0.751398 0.994417 0.998275 0.897336 0.979447 0.947536 0.735739 0.766274 0.559047 0.850392 0.919953 0.676710 0.954128 0.609873 0.679170 0.653579 0.932145 0.529388 0.712583 0.726514 0.876326 0.839864 0.901136 0.758412 0.774943 0.805113 0.898820 0.719701 0.802702 0.863147 0.950146
0.529516 0.558445 0.642743 0.869451 0.836528 0.719376 0.295582 0.000000 0.722501 0.437767 0.513409 0.457437 0.534095 0.576628 0.836004 0.822002 0.507521 0.553372 0.453253 0.536040 0.976196 0.837835 0.781000 0.737642 0.819308 0.979565 0.667058 0.834368 0.487905 0.493065 0.877988 0.867403 0.348268 0.383095 0.976997 0.936738 0.872586 0.877296 0.775092 0.849722 0.962184 0.793172 0.539120 0.384261 0.578752 0.454453 0.370129 0.489460 0.556230 0.653084 0.550675 0.815825 0.977363 0.804309 0.540557 0.547007 0.525532 0.586572 0.404786 0.522317 0.347949 0.402483 0.409209 0.405476 0.978070 0.610897 0.554236 0.458893 0.715119 0.535144 0.961678 0.887261 0.888270 0.941667 0.824272 0.946836 0.707316 0.890753 0.575329 0.565390 0.442661 0.532957 0.737408 0.692629 0.620962 0.796939 0.940640 0.942776 0.816875 0.911218 0.936923 0.823561 0.803792 0.618442 0.767299 0.924347 0.598446 0.931900 0.601197 0.746815 0.726675 0.922609 0.635661 0.646613 0.646579 0.841078 0.933226 0.935909 0.812052 0.784780 0.789746 0.950604 0.731775 0.780096 0.881175 0.955708
0.862604 0.872899 0.817279 0.979623 0.988255 0.703490 0.791636 0.722501 0.000000 0.667188 0.877025 0.733455 0.724214 0.727030 0.708145 0.656115 0.933330 0.922847 0.939492 0.957000 0.743546 0.915777 0.777562 0.903820 0.996370 0.806817 0.897523 0.986623 0.799729 0.765273 0.779270 0.911686 0.764492 0.794144 0.850597 0.946175 0.926814 0.953410 0.759802 0.905460 0.931520 0.872053 0.747217 0.773620 0.727923 0.742818 0.767533 0.810819 0.703001 0.913892 0.884129 0.998438 0.885364 0.931259 0.764882 0.816302 0.913607 0.911810 0.934392 0.936299 0.752795 0.573150 0.889124 0.792137 0.858823 0.717215 0.943957 0.894797 0.828295 0.766750 0.737946 0.752396 0.854954 0.823215 0.744182 0.911735 0.761088 0.868088 0.944363 0.818977 0.808199 0.959663 0.768970 0.927831 0.706343 0.762896 0.892975 0.923644 0.801375 0.884295 0.994817 0.937010 0.904305 0.932095 0.824777 0.886377 0.847210 0.869122 0.793041 0.847690 0.818199 0.905322 0.830481 0.966684 0.799443 0.893232 0.904925 0.822547 0.809503 0.729305 0.896585 0.932026 0.908333 0.851418 0.817949 0.937828
0.649845 0.721296 0.945053 0.903860 0.997319 0.746287 0.427964 0.437767 0.667188 0.000000 0.571794 0.491321 0.465424 0.488216 0.657746 0.975883 0.667594 0.666079 0.567437 0.633679 0.876797 0.907662 0.858393 0.598127 0.621119 0.950697 0.608474 0.797808 0.520966 0.538819 0.804901 0.968150 0.442048 0.478167 0.873856 0.978932 0.893061 0.917752 0.843768 0.938304 0.838899 0.996202 0.520852 0.419166 0.373851 0.364932 0.495211 0.644761 0.479432 0.698638 0.699503 0.947532 0.912731 0.811695 0.750896 0.723275 0.742620 0.781770 0.650906 0.743750 0.450657 0.447882 0.569678 0.544070 0.746421 0.872063 0.817552 0.665003 0.842303 0.710854 0.935211 0.977560 0.883152 0.979177 0.980152 0.912004 0.685151 0.992655 0.721092 0.604802 0.568580 0.681298 0.790372 0.813803 0.687468 0.993371 0.985209 0.839297 0.927950 0.959363 0.834922 0.910637 0.993789 0.738702 0.843750 0.865816 0.746436 0.884426 0.471954 0.604539 0.648341 0.846681 0.596780 0.690983 0.780036 0.978444 0.831994 0.982586 0.724702 0.688674 0.726514 0.776763 0.748367 0.754986 0.894612 0.970154
0.408536 0.484534 0.978070 0.659480 0.836426 0.878381 0.355084 0.513409 0.877025 0.571794 0.000000 0.352141 0.352683 0.476363 0.730167 0.967409 0.384599 0.367664 0.389736 0.433552 0.976409 0.758613 0.653504 0.590981 0.466797 0.574356 0.541249 0.922878 0.406918 0.380233 0.741849 0.959273 0.424909 0.427036 0.831306 0.950004 0.955638 0.919296 0.918856 0.841212 0.936931 0.776831 0.860615 0.648725 0.631854 0.517011 0.490121 0.516139 0.562153 0.786914 0.758296 0.963825 0.733805 0.578172 0.656202 0.770906 0.463826 0.487111 0.498410 0.667824 0.305018 0.500769 0.321163 0.336849 0.780606 0.922821 0.873752 0.789827 0.621348 0.610953 0.680915 0.585694 0.697618 0.783941 0.987484 0.974856 0.994510 0.923220 0.582527 0.551013 0.322781 0.334459 0.606562 0.434321 0.489677 0.841043 0.946753 0.943666 0.780486 0.965746 0.868489 0.725020 0.713251 0.636202 0.972096 0.999400 0.772653 0.973397 0.721578 0.813452 0.762097 0.997380 0.663756 0.787855 0.947911 0.945461 0.892162 0.879850 0.851895 0.794022 0.892268 0.992902 0.759762 0.843535 0.872534 0.919403
0.337515 0.429486 0.967175 0.729046 0.887544 0.910615 0.366729 0.457437 0.733455 0.491321 0.352141 0.000000 0.316766 0.355657 0.677192 0.887003 0.369603 0.357768 0.346129 0.429991 0.860667 0.773663 0.817612 0.669896 0.501400 0.692539 0.677360 0.900868 0.398370 0.367425 0.904848 0.987502 0.383208 0.421512 0.813962 0.906634 0.923681 0.937951 0.846666 0.871815 0.975726 0.797034 0.761900 0.530849 0.526259 0.459745 0.469516 0.493170 0.448669 0.669832 0.706113 0.900807 0.888758 0.640509 0.599595 0.674256 0.419311 0.432165 0.496661 0.609289 0.312100 0.370215 0.384668 0.318374 0.868186 0.843031 0.810613 0.779349 0.551591 0.460634 0.822057 0.767646 0.734824 0.864938 0.991377 0.963246 0.931391 0.992204 0.587314 0.541874 0.316945 0.377778 0.466713 0.479044 0.393939 0.772670 0.999449 0.891800 0.689651 0.795006 0.903864 0.816306 0.717166 0.745156 0.876731 0.859272 0.744257 0.988631 0.615794 0.638923 0.712186 0.917800 0.568029 0.737538 0.880783 0.940340 0.820946 0.992985 0.833526 0.775744 0.820619 0.850053 0.717971 0.699122 0.750772 0.919734
0.481093 0.584126 0.979107 0.579744 0.746699 0.929784 0.399112 0.534095 0.724214 0.465424 0.352683 0.316766 0.000000 0.304481 0.509453 0.872679 0.495999 0.496715 0.458685 0.560395 0.856014 0.816901 0.863737 0.585468 0.447145 0.601570 0.622803 0.925250 0.413115 0.370987 0.948547 0.980154 0.417383 0.488405 0.777630 0.941391 0.971177 0.869215 0.834443 0.854166 0.886019 0.834532 0.764374 0.588916 0.519089 0.459538 0.546051 0.583210 0.512442 0.829066 0.821388 0.934439 0.803055 0.567911 0.735388 0.769596 0.599096 0.593909 0.602744 0.787504 0.326587 0.435110 0.426379 0.378896 0.736067 0.978075 0.985715 0.869415 0.713337 0.627645 0.861728 0.780047 0.765534 0.866773 0.984577 0.842734 0.887209 0.985858 0.673439 0.621294 0.409808 0.498109 0.552317 0.561587 0.478460 0.921077 0.980830 0.926112 0.753197 0.957179 0.828352 0.714148 0.634797 0.637216 0.969566 0.937087 0.753061 0.981123 0.678446 0.729416 0.655214 0.943642 0.616778 0.743487 0.987270 0.916069 0.808158 0.977897 0.776397 0.796173 0.759685 0.933630 0.772186 0.794797 0.857937 0.927495
0.521231 0.572456 0.861602 0.611072 0.795431 0.939717 0.524221 0.576628 0.727030 0.488216 0.476363 0.355657 0.304481 0.000000 0.491273 0.770006 0.574223 0.544108 0.512493 0.569719 0.952234 0.798992 0.980322 0.699517 0.512706 0.695752 0.692449 0.862377 0.490817 0.460131 0.956035 0.960916 0.509919 0.570699 0.751520 0.955053 0.983980 0.945398 0.924659 0.905676 0.909778 0.948851 0.736143 0.556400 0.476081 0.451891 0.567165 0.612500 0.414707 0.739399 0.780048 0.907633 0.953127 0.726470 0.742808 0.806331 0.630160 0.599548 0.726900 0.778020 0.441214 0.400881 0.559645 0.475880 0.784019 0.991869 0.980956 0.933694 0.693629 0.584643 0.927532 0.908354 0.715607 0.860801 0.996800 0.943901 0.891911 0.988927 0.755107 0.605152 0.486626 0.575738 0.503540 0.648804 0.479063 0.942389 0.940046 0.911659 0.693837 0.842671 0.934590 0.918817 0.781206 0.804789 0.910361 0.948720 0.735476 0.960353 0.601391 0.659092 0.649426 0.828062 0.651360 0.774886 0.970010 0.985547 0.888961 0.985027 0.787879 0.828839 0.771719 0.868959 0.746935 0.726696 0.832381 0.988123
0.872800 0.845231 0.902164 0.707230 0.631961 0.835289 0.707710 0.836004 0.708145 0.657746 0.730167 0.677192 0.509453 0.491273 0.000000 0.533789 0.826856 0.861051 0.894911 0.906096 0.972382 0.825765 0.696726 0.923789 0.696530 0.915368 0.891979 0.893332 0.621864 0.609625 0.871418 0.928927 0.705218 0.756470 0.871974 0.935949 0.973280 0.804206 0.870127 0.868079 0.991542 0.928605 0.766152 0.750868 0.565181 0.583599 0.759093 0.787625 0.615670 0.902003 0.888879 0.970445 0.929615 0.894049 0.976176 0.984358 0.965720 0.926609 0.966797 0.919495 0.646639 0.627471 0.744965 0.708921 0.962923 0.990887 0.892650 0.988027 0.986579 0.820814 0.876503 0.920202 0.993159 0.866772 0.964324 0.788294 0.742036 0.907406 0.908737 0.832910 0.754443 0.878489 0.594776 0.852561 0.567303 0.823500 0.882035 0.869083 0.888898 0.949923 0.993969 0.854894 0.912942 0.838843 0.957371 0.999243 0.881411 0.920676 0.740815 0.762677 0.670999 0.948879 0.729643 0.968780 0.910340 0.926131 0.852036 0.980749 0.868252 0.984988 0.854939 0.845814 0.922599 0.869392 0.924712 0.968941
0.991986 0.966167 0.826344 0.906369 0.819994 0.824345 0.926220 0.822002 0.656115 0.975883 0.967409 0.887003 0.872679 0.770006 0.533789 0.000000 0.981465 0.996796 0.868503 0.904849 0.906474 0.875692 0.479834 0.674948 0.980309 0.924264 0.820169 0.759587 0.974049 0.874014 0.948661 0.869615 0.945039 0.941067 0.917740 0.966758 0.889492 0.933668 0.992885 0.992204 0.835260 0.939282 0.979562 0.978674 0.896248 0.953074 0.962461 0.937032 0.864331 0.973995 0.943335 0.999470 0.811253 0.960782 0.902452 0.890380 0.914816 0.968209 0.705454 0.820162 0.976271 0.829912 0.902571 0.993759 0.693959 0.895119 0.820604 0.823498 0.970989 0.948776 0.812179 0.854452 0.838399 0.827534 0.967627 0.930612 0.971124 0.852138 0.893056 0.959331 0.987480 0.943261 0.588434 0.988652 0.645656 0.638056 0.919104 0.828120 0.836651 0.864604 0.943811 0.943093 0.944971 0.828180 0.875490 0.930023 0.861002 0.971061 0.997326 0.834756 0.964373 0.857519 0.924970 0.612301 0.947690 0.887289 0.946119 0.866013 0.973913 0.902358 0.961356 0.992375 0.982052 0.995785 0.849716 0.965917
0.274820 0.281426 0.988959 0.842081 0.910306 0.795740 0.386830 0.507521 0.933330 0.667594 0.384599 0.369603 0.495999 0.574223 0.826856 0.981465 0.000000 0.240570 0.339756 0.331689 0.985042 0.786617 0.697660 0.712037 0.599151 0.735984 0.666904 0.904297 0.399084 0.334344 0.792872 0.985442 0.382635 0.374812 0.909005 0.941228 0.817902 0.869807 0.889117 0.815542 0.837387 0.624735 0.805583 0.564361 0.618206 0.487790 0.403472 0.396284 0.470618 0.537795 0.527409 0.732049 0.928622 0.731233 0.464427 0.578712 0.262119 0.278057 0.352327 0.401308 0.328029 0.475105 0.291858 0.251060 0.991814 0.749467 0.600718 0.597259 0.429679 0.412042 0.658264 0.635865 0.786001 0.879601 0.981257 0.946334 0.933560 0.946965 0.507174 0.576031 0.252161 0.307605 0.477567 0.374607 0.389417 0.655982 0.894060 0.813886 0.764796 0.768940 0.924002 0.829065 0.762914 0.736263 0.892838 0.863245 0.647134 0.901823 0.659571 0.637704 0.759460 0.991705 0.562220 0.836676 0.856565 0.769731 0.921167 0.934184 0.833119 0.786139 0.869263 0.817276 0.640209 0.724672 0.707738 0.919127
0.262493 0.283677 0.968074 0.800882 0.908420 0.877535 0.426455 0.553372 0.922847 0.666079 0.367664 0.357768 0.496715 0.544108 0.861051 0.996796 0.240570 0.000000 0.306660 0.275319 0.996790 0.836752 0.718171 0.730623 0.578663 0.710866 0.647483 0.832993 0.406879 0.328376 0.694714 0.996949 0.422346 0.409392 0.845782 0.931716 0.837629 0.831791 0.916760 0.801412 0.847629 0.707032 0.877433 0.630686 0.654566 0.505816 0.430494 0.412737 0.480683 0.550672 0.573780 0.757614 0.884387 0.696090 0.497341 0.612177 0.255546 0.264938 0.399549 0.437799 0.360846 0.496188 0.323834 0.291119 0.966366 0.784009 0.652845 0.647220 0.414434 0.418837 0.668566 0.598485 0.746869 0.894301 0.955415 0.958255 0.902031 0.927331 0.523396 0.547333 0.257499 0.281820 0.459263 0.315839 0.384379 0.669676 0.855031 0.740250 0.773662 0.716893 0.882325 0.866720 0.768164 0.774088 0.878523 0.899228 0.692671 0.918107 0.677530 0.682603 0.826725 0.999211 0.548967 0.825018 0.929401 0.861473 0.914536 0.911339 0.858727 0.839227 0.835825 0.841211 0.691961 0.762793 0.752687 0.850166
0.339245 0.401562 0.955576 0.833934 0.947410 0.865483 0.394788 0.453253 0.939492 0.567437 0.389736 0.346129 0.458685 0.512493 0.894911 0.868503 0.339756 0.306660 0.000000 0.300117 0.870220 0.829748 0.711397 0.663844 0.568088 0.650588 0.612008 0.748855 0.425972 0.407108 0.788628 0.982953 0.416726 0.399669 0.852433 0.962816 0.939345 0.859293 0.922007 0.855317 0.964980 0.810602 0.753037 0.516992 0.571380 0.468433 0.444373 0.481003 0.527006 0.595983 0.651101 0.827257 0.832056 0.668239 0.550711 0.619269 0.361305 0.393054 0.404259 0.510932 0.371215 0.470586 0.378316 0.356537 0.850371 0.811000 0.672227 0.634747 0.501569 0.500932 0.777017 0.706781 0.786353 0.916179 0.990603 0.947441 0.972161 0.943049 0.551131 0.543733 0.329687 0.314073 0.577675 0.412844 0.512499 0.846742 0.928632 0.788852 0.731017 0.808535 0.944750 0.864558 0.783699 0.741308 0.925172 0.992515 0.771670 0.983836 0.633210 0.701963 0.836185 0.876629 0.550749 0.645021 0.952468 0.941471 0.900847 0.901685 0.844419 0.810842 0.878589 0.841796 0.699053 0.746125 0.796044 0.958888
0.333986 0.316753 0.939616 0.891752 0.949510 0.882637 0.461060 0.536040 0.957000 0.633679 0.433552 0.429991 0.560395 0.569719 0.906096 0.904849 0.331689 0.275319 0.300117 0.000000 0.984508 0.886566 0.754775 0.780652 0.658103 0.748839 0.679279 0.766156 0.459247 0.399631 0.744361 0.993596 0.458584 0.419603 0.847308 0.946719 0.795576 0.782431 0.971391 0.891744 0.909366 0.787912 0.880214 0.620260 0.660341 0.530904 0.434362 0.492696 0.519928 0.562684 0.623316 0.775004 0.851824 0.687285 0.503105 0.611410 0.307651 0.322303 0.441245 0.484853 0.424341 0.522787 0.403987 0.365884 0.976506 0.768225 0.658599 0.633077 0.424511 0.459039 0.699610 0.671063 0.695063 0.959166 0.981982 0.916103 0.932914 0.885164 0.546196 0.524554 0.340206 0.308411 0.559611 0.354138 0.455305 0.709649 0.893599 0.709640 0.752695 0.734715 0.899423 0.894743 0.791443 0.799502 0.937783 0.921040 0.768273 0.895406 0.733668 0.689848 0.925823 0.989693 0.643590 0.731716 0.927468 0.940382 0.905944 0.882795 0.893836 0.833502 0.861463 0.823661 0.839821 0.816671 0.845317 0.929285
0.905629 0.992995 0.956920 0.895009 0.980991 0.933193 0.970876 0.976196 0.743546 0.876797 0.976409 0.860667 0.856014 0.952234 0.972382 0.906474 0.985042 0.996790 0.870220 0.984508 0.000000 0.979272 0.988046 0.982083 0.903400 0.912558 0.919048 0.953148 0.949742 0.985079 0.992502 0.921342 0.973323 0.981531 0.926919 0.990367 0.902339 0.949934 0.712547 0.971324 0.985677 0.934610 0.951150 0.935964 0.916606 0.962356 0.914357 0.919544 0.946907 0.997819 0.968693 0.998693 0.993856 0.984634 0.973952 0.965028 0.969536 0.961042 0.998475 0.969495 0.988187 0.948629 0.967195 0.993825 0.949357 0.925792 0.890005 0.874469 0.947959 0.948472 0.877860 0.872895 0.934559 0.995342 0.930543 0.962221 0.986332 0.985013 0.948292 0.984664 0.978223 0.960361 0.951658 0.988948 0.942672 0.922682 0.947808 0.995345 0.874046 0.863731 0.869932 0.939640 0.979766 0.959723 0.957442 0.934159 0.931045 0.837127 0.918580 0.807659 0.954116 0.869477 0.861077 0.963111 0.977374 0.866309 0.933784 0.973352 0.965965 0.882639 0.990210 0.962687 0.904325 0.776085 0.818120 0.961978
0.789989 0.812087 0.942210 0.899331 0.880851 0.943269 0.807465 0.837835 0.915777 0.907662 0.758613 0.773663 0.816901 0.798992 0.825765 0.875692 0.786617 0.836752 0.829748 0.886566 0.979272 0.000000 0.963256 0.886886 0.898725 0.914457 0.947806 0.997908 0.772568 0.782597 0.946697 0.968825 0.749256 0.803901 0.974493 0.824455 0.965259 0.930684 0.862117 0.775322 0.897783 0.944138 0.957662 0.833144 0.925286 0.878676 0.818508 0.757315 0.830209 0.968634 0.909237 0.999480 0.990292 0.921555 0.988090 0.996753 0.824629 0.853401 0.871994 0.826106 0.793997 0.771631 0.821163 0.788407 0.992573 0.945091 0.982550 0.995510 0.877137 0.902397 0.843164 0.906598 0.998966 0.989383 0.963025 0.949114 0.953683 0.949207 0.937836 0.880854 0.831962 0.797281 0.797336 0.760453 0.837376 0.933018 0.940431 0.880081 0.764135 0.967551 0.927496 0.841403 0.916587 0.796694 0.967574 0.959145 0.751810 0.910076 0.956194 0.994215 0.879848 0.871754 0.946149 0.973432 0.924492 0.921486 0.996236 0.906799 0.985195 0.878112 0.939958 0.894073 0.954603 0.937752 0.915741 0.916804
0.775281 0.858840 0.947942 0.824713 0.908132 0.831481 0.702420 0.781000 0.777562 0.858393 0.653504 0.817612 0.863737 0.980322 0.696726 0.479834 0.697660 0.718171 0.711397 0.754775 0.988046 0.963256 0.000000 0.524169 0.732935 0.736308 0.577508 0.843109 0.763637 0.818917 0.864548 0.856687 0.805949 0.694444 0.976117 0.962684 0.995181 0.971393 0.893457 0.949616 0.859253 0.939862 0.905209 0.965933 0.966602 0.942464 0.860341 0.863632 0.971539 0.992931 0.970549 0.850473 0.651575 0.676923 0.811269 0.930960 0.718596 0.788061 0.583170 0.755446 0.741202 0.963381 0.613751 0.686264 0.568517 0.904499 0.863649 0.816691 0.878140 0.988362 0.583067 0.628067 0.727065 0.738668 0.974204 0.860381 0.900778 0.757354 0.658115 0.963287 0.705618 0.665158 0.844901 0.747113 0.896050 0.758114 0.916619 0.873193 0.833487 0.768898 0.855687 0.737917 0.765725 0.655021 0.820829 0.976613 0.919870 0.975370 0.984061 0.912973 0.842661 0.952890 0.954186 0.770173 0.985175 0.948528 0.918971 0.907540 0.921279 0.666621 0.999988 0.990376 0.868146 0.918883 0.957581 0.916865
0.716768 0.855251 0.888585 0.632004 0.958675 0.879468 0.617986 0.737642 0.903820 0.598127 0.590981 0.669896 0.585468 0.699517 0.923789 0.674948 0.712037 0.730623 0.663844 0.780652 0.982083 0.886886 0.524169 0.000000 0.572233 0.665155 0.587128 0.877363 0.659796 0.690429 0.985192 0.841782 0.641058 0.684950 0.792746 0.897086 0.841025 0.867111 0.916254 0.998559 0.745835 0.954243 0.812438 0.759030 0.729191 0.687882 0.809514 0.782121 0.760193 0.927165 0.887469 0.922773 0.726372 0.707314 0.849884 0.949051 0.785561 0.813223 0.674865 0.869066 0.618724 0.788152 0.587940 0.648178 0.474465 0.707577 0.927176 0.963243 0.921290 0.971556 0.801023 0.729249 0.822546 0.727211 0.784653 0.870548 0.972324 0.893794 0.820642 0.849176 0.691593 0.735704 0.995144 0.815672 0.947166 0.658872 0.887029 0.832451 0.901476 0.830170 0.875386 0.771717 0.785525 0.605375 0.833149 0.999554 0.856751 0.989410 0.788775 0.945330 0.680426 0.871340 0.801088 0.694994 0.991985 0.897195 0.783155 0.986826 0.998556 0.749000 0.839668 0.914058 0.804468 0.934927 0.957588 0.987872
0.585760 0.730735 0.652767 0.424001 0.669462 0.948408 0.600297 0.819308 0.996370 0.621119 0.466797 0.501400 0.447145 0.512706 0.696530 0.980309 0.599151 0.578663 0.568088 0.658103 0.903400 0.898725 0.732935 0.572233 0.000000 0.494494 0.562626 0.815888 0.622399 0.592336 0.689210 0.850770 0.665450 0.701797 0.612890 0.966192 0.851494 0.771940 0.897996 0.866385 0.797348 0.970884 0.964062 0.810788 0.550107 0.575154 0.775234 0.785597 0.637739 0.908089 0.982201 0.875212 0.746061 0.610474 0.867947 0.966605 0.719344 0.725037 0.793931 0.903021 0.537594 0.699620 0.590624 0.580722 0.531383 0.793974 0.875886 0.968092 0.863840 0.814626 0.736142 0.720446 0.703023 0.890208 0.803947 0.903219 0.992209 0.846282 0.749171 0.696420 0.545100 0.580688 0.717165 0.626372 0.670656 0.894290 0.902935 0.992729 0.855151 0.997814 0.918010 0.952432 0.923291 0.834775 0.890834 0.933262 0.948908 0.893084 0.601014 0.743384 0.665148 0.817584 0.612407 0.759907 0.919966 0.924067 0.856571 0.945506 0.873408 0.895689 0.762461 0.813252 0.789051 0.812123 0.933572 0.941860
0.688684 0.799930 0.741445 0.513710 0.724146 0.786376 0.790380 0.979565 0.806817 0.950697 0.574356 0.692539 0.601570 0.695752 0.915368 0.924264 0.735984 0.710866 0.650588 0.748839 0.912558 0.914457 0.736308 0.665155 0.494494 0.000000 0.677694 0.924522 0.871381 0.789994 0.541886 0.804975 0.904708 0.900881 0.659866 0.855267 0.902649 0.781058 0.889620 0.992209 0.900699 0.966629 0.864918 0.989868 0.923431 0.925139 0.960044 0.940041 0.905483 0.937027 0.885638 0.833212 0.704820 0.666344 0.970939 0.966520 0.820248 0.798912 0.855739 0.990783 0.753560 0.950449 0.731280 0.768043 0.619596 0.610725 0.757460 0.812045 0.877630 0.975121 0.725941 0.683339 0.650373 0.816424 0.879818 0.960655 0.740641 0.834592 0.830430 0.958592 0.776437 0.697062 0.845780 0.706110 0.822900 0.827423 0.986477 0.979695 0.836936 0.991036 0.904898 0.949364 0.788791 0.881396 0.742588 0.855422 0.940744 0.899980 0.877846 0.931000 0.975707 0.911701 0.810392 0.823431 0.790838 0.932477 0.849451 0.941003 0.923158 0.974496 0.918227 0.955136 0.982645 0.981627 0.904663 0.999252
0.719908 0.812902 0.977078 0.736486 0.895199 0.965221 0.544532 0.667058 0.897523 0.608474 0.541249 0.677360 0.622803 0.692449 0.891979 0.820169 0.666904 0.647483 0.612008 0.679279 0.919048 0.947806 0.577508 0.587128 0.562626 0.677694 0.000000 0.914429 0.636550 0.634066 0.849158 0.998593 0.687009 0.602212 0.817373 0.774359 0.864305 0.779180 0.976623 0.995466 0.866292 0.978100 0.909054 0.783558 0.706242 0.682004 0.665514 0.822396 0.784462 0.939588 0.963014 0.826083 0.657813 0.630410 0.874640 0.983873 0.797952 0.828711 0.704844 0.881716 0.577026 0.754302 0.606834 0.647501 0.653722 0.919610 0.916607 0.782013 0.982358 0.986325 0.751915 0.704691 0.795550 0.956175 0.856043 0.972480 0.976992 0.814843 0.726223 0.737948 0.612205 0.606293 0.880486 0.740297 0.889490 0.885095 0.940194 0.968173 0.938694 0.812675 0.974840 0.834400 0.852925 0.686359 0.974285 0.970727 0.969610 0.999870 0.768113 0.888614 0.855721 0.994052 0.746514 0.870074 0.960685 0.866952 0.847345 0.986498 0.935385 0.794767 0.963512 0.952426 0.828807 0.912027 0.907475 0.994864
0.832481 0.838676 0.974242 0.965338 0.804312 0.855700 0.934798 0.834368 0.986623 0.797808 0.922878 0.900868 0.925250 0.862377 0.893332 0.759587 0.904297 0.832993 0.748855 0.766156 0.953148 0.997908 0.843109 0.877363 0.815888 0.924522 0.914429 0.000000 0.944340 0.913287 0.883437 0.952263 0.894720 0.867373 0.849525 0.812963 0.966499 0.853715 0.936517 0.988469 0.948753 0.888112 0.898542 0.883348 0.908260 0.817424 0.886980 0.921962 0.891765 0.866385 0.873922 0.879931 0.978425 0.993945 0.803810 0.913376 0.828393 0.821664 0.823676 0.765155 0.935782 0.911833 0.895144 0.909369 0.802505 0.982936 0.903900 0.853398 0.861681 0.761187 0.937782 0.860214 0.852813 0.983702 0.959440 0.872161 0.879758 0.766671 0.847598 0.977850 0.917209 0.899035 0.964816 0.830365 0.968174 0.798552 0.917634 0.954811 0.871707 0.946838 0.921062 0.919815 0.932138 0.988258 0.986291 0.927816 0.909930 0.886941 0.789246 0.859333 0.993943 0.841130 0.845788 0.798697 0.997434 0.954039 0.775092 0.856647 0.913602 0.966957 0.849066 0.974696 0.972512 0.832987 0.855357 0.943880
0.493384 0.502597 0.921991 0.769446 0.829734 0.774107 0.370992 0.487905 0.799729 0.520966 0.406918 0.398370 0.413115 0.490817 0.621864 0.974049 0.399084 0.406879 0.425972 0.459247 0.949742 0.772568 0.763637 0.659796 0.622399 0.871381 0.636550 0.944340 0.000000 0.331969 0.940054 0.863694 0.399637 0.367808 0.931496 0.963104 0.865552 0.962312 0.833781 0.745378 0.939798 0.757848 0.707266 0.517697 0.533940 0.388818 0.403520 0.426691 0.507019 0.667664 0.622958 0.926111 0.884614 0.706880 0.611389 0.638278 0.482481 0.522810 0.507766 0.646575 0.339360 0.418880 0.337273 0.339635 0.840293 0.803182 0.705825 0.659742 0.650800 0.599698 0.812410 0.715013 0.891498 0.982352 0.976134 0.823538 0.843960 0.973652 0.493521 0.518878 0.329146 0.411560 0.605888 0.517199 0.500087 0.760858 0.915670 0.850448 0.942436 0.978402 0.900694 0.665599 0.709893 0.625845 0.952472 0.932311 0.638879 0.935556 0.698534 0.719370 0.605577 0.927029 0.602851 0.720712 0.838456 0.886358 0.882600 0.941189 0.690825 0.790297 0.788443 0.821298 0.709401 0.729925 0.879218 0.959155
0.419082 0.425177 0.928940 0.785018 0.814781 0.840345 0.356741 0.493065 0.765273 0.538819 0.380233 0.367425 0.370987 0.460131 0.609625 0.874014 0.334344 0.328376 0.407108 0.399631 0.985079 0.782597 0.818917 0.690429 0.592336 0.789994 0.634066 0.913287 0.331969 0.000000 0.927942 0.883320 0.354882 0.329849 0.845408 0.980690 0.863666 0.900420 0.841786 0.748717 0.907021 0.750444 0.758954 0.568493 0.595401 0.437713 0.440076 0.468009 0.506838 0.705829 0.646946 0.930012 0.792458 0.594986 0.577921 0.591619 0.411618 0.444608 0.481504 0.607987 0.306037 0.434980 0.316910 0.280808 0.911575 0.804676 0.735308 0.626034 0.577952 0.518727 0.798036 0.687356 0.884502 0.938270 0.983521 0.925103 0.961923 0.994567 0.526017 0.533157 0.320704 0.385156 0.455910 0.420050 0.427823 0.697364 0.913437 0.790134 0.815042 0.920351 0.790572 0.651021 0.643743 0.615682 0.940464 0.864461 0.665800 0.942451 0.723107 0.719603 0.705636 0.897846 0.560197 0.862645 0.867154 0.769656 0.903110 0.961047 0.831159 0.740198 0.832059 0.876646 0.733640 0.727257 0.865445 0.919807
0.690229 0.745889 0.709080 0.702610 0.789168 0.898018 0.991020 0.877988 0.779270 0.804901 0.741849 0.904848 0.948547 0.956035 0.871418 0.948661 0.792872 0.694714 0.788628 0.744361 0.992502 0.946697 0.864548 0.985192 0.689210 0.541886 0.849158 0.883437 0.940054 0.927942 0.000000 0.667871 0.928735 0.999818 0.749695 0.983530 0.897922 0.984616 0.803180 0.900790 0.873829 0.975890 0.665214 0.817398 0.953273 0.950167 0.969431 0.952517 0.942510 0.946250 0.966995 0.948968 0.924733 0.897111 0.969845 0.955755 0.754438 0.703967 0.928611 0.852633 0.939400 0.924813 0.892345 0.907041 0.915222 0.838490 0.865928 0.882468 0.765141 0.923865 0.684708 0.638878 0.686314 0.940248 0.925504 0.956005 0.591213 0.812379 0.992946 0.941930 0.831228 0.700701 0.868089 0.609612 0.807101 0.946760 0.767511 0.753433 0.791563 0.830662 0.988544 0.717758 0.963571 0.865992 0.930843 0.829722 0.975234 0.909960 0.957130 0.960190 0.842105 0.983260 0.988855 0.957902 0.759151 0.854939 0.924251 0.876974 0.821495 0.862446 0.946847 0.970663 0.900230 0.876135 0.960960 0.920092
0.858042 0.885754 0.689357 0.706562 0.866992 0.952490 0.872373 0.867403 0.911686 0.968150 0.959273 0.987502 0.980154 0.960916 0.928927 0.869615 0.985442 0.996949 0.982953 0.993596 0.921342 0.968825 0.856687 0.841782 0.850770 0.804975 0.998593 0.952263 0.863694 0.883320 0.667871 0.000000 0.837337 0.873678 0.929610 0.836348 0.757191 0.970808 0.960059 0.825428 0.982293 0.937775 0.844242 0.874665 0.892800 0.930074 0.897147 0.879674 0.884874 0.917293 0.970854 0.851759 0.924707 0.889571 0.924320 0.986036 0.932191 0.858990 0.985653 0.926869 0.959076 0.975364 0.977682 0.992802 0.784648 0.677199 0.746965 0.720326 0.884939 0.966470 0.843900 0.882706 0.633849 0.793285 0.891113 0.975052 0.917500 0.852355 0.831874 0.898924 0.992595 0.997089 0.916765 0.980844 0.938063 0.816623 0.991978 0.888055 0.883936 0.916307 0.926857 0.764308 0.916720 0.851938 0.891053 0.922589 0.992661 0.991548 0.916119 0.953768 0.929083 0.830315 0.845754 0.934227 0.849113 0.859114 0.846014 0.946712 0.896882 0.901741 0.973866 0.916966 0.924415 0.934846 0.803946 0.989534
0.437073 0.483410 0.867870 0.971306 0.976235 0.799119 0.326501 0.348268 0.764492 0.442048 0.424909 0.383208 0.417383 0.509919 0.705218 0.945039 0.382635 0.422346 0.416726 0.458584 0.973323 0.749256 0.805949 0.641058 0.665450 0.904708 0.687009 0.894720 0.399637 0.354882 0.928735 0.837337 0.000000 0.354377 0.990230 0.962957 0.834001 0.874584 0.858513 0.837299 0.988665 0.746217 0.628574 0.434002 0.521595 0.394278 0.375185 0.418746 0.473834 0.628112 0.579369 0.852010 0.870942 0.643308 0.515417 0.603113 0.430712 0.473594 0.389604 0.532733 0.304472 0.409615 0.346393 0.314030 0.957555 0.700222 0.630608 0.519595 0.601659 0.459745 0.890745 0.746955 0.871573 0.979584 0.916489 0.832812 0.764404 0.919672 0.637495 0.560579 0.348954 0.470933 0.599010 0.534849 0.503365 0.772797 0.913412 0.987694 0.772562 0.910645 0.824312 0.707138 0.688639 0.597706 0.794818 0.913424 0.615316 0.896124 0.653272 0.713543 0.675207 0.942740 0.592042 0.679120 0.805167 0.799189 0.881468 0.991018 0.803211 0.774275 0.710310 0.869806 0.711747 0.811753 0.833535 0.897614
0.462295 0.482644 0.759527 0.991657 0.989097 0.758823 0.315923 0.383095 0.794144 0.478167 0.427036 0.421512 0.488405 0.570699 0.756470 0.941067 0.374812 0.409392 0.399669 0.419603 0.981531 0.803901 0.694444 0.684950 0.701797 0.900881 0.602212 0.867373 0.367808 0.329849 0.999818 0.873678 0.354377 0.000000 0.896866 0.965526 0.920508 0.888909 0.786464 0.799380 0.995315 0.802992 0.701099 0.469283 0.595978 0.432903 0.372325 0.471890 0.533521 0.634952 0.563416 0.865371 0.877039 0.691018 0.554568 0.614351 0.442947 0.494104 0.390319 0.531561 0.320031 0.459655 0.320283 0.317069 0.944098 0.695022 0.607031 0.489770 0.646150 0.526749 0.831044 0.769393 0.817583 0.989044 0.868169 0.953290 0.830702 0.927676 0.535406 0.546209 0.353704 0.385070 0.631808 0.476250 0.520888 0.701901 0.990184 0.911188 0.895363 0.969865 0.874370 0.716220 0.672562 0.565364 0.917603 0.883818 0.706668 0.992943 0.718217 0.746602 0.723282 0.961480 0.632698 0.799256 0.789498 0.844745 0.827802 0.875471 0.771950 0.713953 0.843559 0.888011 0.779926 0.757644 0.780128 0.931184
0.837967 0.934803 0.761363 0.731036 0.888411 0.851514 0.897359 0.976997 0.850597 0.873856 0.831306 0.813962 0.777630 0.751520 0.871974 0.917740 0.909005 0.845782 0.852433 0.847308 0.926919 0.974493 0.976117 0.792746 0.612890 0.659866 0.817373 0.849525 0.931496 0.845408 0.749695 0.929610 0.990230 0.896866 0.000000 0.941361 0.882126 0.998144 0.790301 0.965618 0.900613 0.772852 0.965507 0.954173 0.877605 0.894040 0.977702 0.913318 0.872208 0.994164 0.965864 0.999256 0.947564 0.895957 0.830498 0.975236 0.959773 0.953008 0.972851 0.948858 0.874782 0.977037 0.901625 0.899897 0.734879 0.732602 0.787469 0.891414 0.991999 0.972133 0.891473 0.882975 0.768503 0.945466 0.829162 0.928949 0.726413 0.890431 0.983400 0.850476 0.934831 0.870059 0.880801 0.859898 0.849178 0.903915 0.963755 0.916926 0.802469 0.893834 0.927845 0.941845 0.981386 0.979336 0.920210 0.988018 0.990532 0.821010 0.848221 0.787556 0.971824 0.962963 0.829371 0.991993 0.951391 0.887967 0.831903 0.875408 0.922407 0.887389 0.830445 0.874073 0.956035 0.994798 0.948355 0.979686
0.860733 0.852232 0.977538 0.891519 0.934586 0.810492 0.962715 0.936738 0.946175 0.978932 0.950004 0.906634 0.941391 0.955053 0.935949 0.966758 0.941228 0.931716 0.962816 0.946719 0.990367 0.824455 0.962684 0.897086 0.966192 0.855267 0.774359 0.812963 0.963104 0.980690 0.983530 0.836348 0.962957 0.965526 0.941361 0.000000 0.818907 0.809170 0.894388 0.870593 0.818032 0.975096 0.976281 0.996825 0.994764 0.966145 0.913982 0.997337 0.965041 0.867713 0.892333 0.823365 0.813321 0.919861 0.796242 0.890106 0.819047 0.817546 0.860813 0.774792 0.966936 0.922410 0.985508 0.943774 0.962629 0.839910 0.814356 0.944696 0.870950 0.728859 0.968597 0.890060 0.968360 0.974070 0.892916 0.981408 0.994310 0.959467 0.947351 0.881661 0.956465 0.989849 0.942886 0.972298 0.966958 0.924456 0.856017 0.936245 0.879254 0.846177 0.930366 0.909779 0.908166 0.828483 0.864985 0.945500 0.901317 0.894064 0.902795 0.900544 0.894527 0.961401 0.949716 0.895703 0.765445 0.984989 0.934954 0.982876 0.985720 0.917761 0.776810 0.914400 0.981866 0.862768 0.990512 0.900294
0.895726 0.817407 0.796551 0.854634 0.986894 0.948361 0.907477 0.872586 0.926814 0.893061 0.955638 0.923681 0.971177 0.983980 0.973280 0.889492 0.817902 0.837629 0.939345 0.795576 0.902339 0.965259 0.995181 0.841025 0.851494 0.902649 0.864305 0.966499 0.865552 0.863666 0.897922 0.757191 0.834001 0.920508 0.882126 0.818907 0.000000 0.799545 0.857982 0.911915 0.835993 0.748065 0.915817 0.987969 0.859642 0.951066 0.871054 0.836942 0.973148 0.967841 0.910551 0.991099 0.948483 0.846628 0.753725 0.818740 0.764536 0.774367 0.840482 0.857022 0.882265 0.913051 0.850077 0.832392 0.707397 0.705391 0.837605 0.852511 0.760897 0.791247 0.991235 0.920232 0.979676 0.958398 0.941733 0.932023 0.956313 0.873594 0.865598 0.974755 0.832496 0.855773 0.851484 0.808040 0.807050 0.713242 0.930977 0.777277 0.955094 0.811017 0.778756 0.862419 0.818564 0.932292 0.980707 0.930880 0.926650 0.933518 0.849187 0.968137 0.894541 0.875237 0.934787 0.986356 0.860503 0.848856 0.940625 0.998839 0.964795 0.813979 0.997588 0.884543 0.802246 0.915241 0.928189 0.922759
0.832024 0.743380 0.926411 0.715982 0.771246 0.994785 0.954897 0.877296 0.953410 0.917752 0.919296 0.937951 0.869215 0.945398 0.804206 0.933668 0.869807 0.831791 0.859293 0.782431 0.949934 0.930684 0.971393 0.867111 0.771940 0.781058 0.779180 0.853715 0.962312 0.900420 0.984616 0.970808 0.874584 0.888909 0.998144 0.809170 0.799545 0.000000 0.975859 0.856637 0.749765 0.936875 0.973464 0.890741 0.952790 0.973578 0.868887 0.782247 0.855844 0.692656 0.687247 0.573701 0.816033 0.872592 0.757889 0.637769 0.684403 0.694934 0.783404 0.664460 0.985005 0.865428 0.974183 0.899263 0.772235 0.787229 0.809196 0.847222 0.677549 0.673320 0.964629 0.893241 0.999728 0.991252 0.767696 0.935784 0.908616 0.881955 0.943180 0.885435 0.936328 0.889373 0.806947 0.808360 0.875677 0.794107 0.955549 0.854599 0.724442 0.702088 0.770403 0.999895 0.886806 0.995066 0.907380 0.772357 0.775503 0.999556 0.913767 0.996816 0.933357 0.854599 0.988191 0.940871 0.873852 0.805133 0.956975 0.994325 0.830234 0.931668 0.844698 0.922271 0.985267 0.881128 0.928460 0.960890
