0.000000 0.336822 0.755336 0.934976 0.908345 0.825324 0.943043 0.645244 0.910933 0.716028 0.608673 0.368457 0.619112 0.577594 0.872615 0.835858 0.578713 0.482910 0.646467 0.521437 0.884674 0.987861 0.926058 0.892751 0.726129 0.705686 0.790987 0.945501 0.631529 0.623035 0.925824 0.807424 0.802610 0.711531 0.870093 0.983463 0.779553 0.899352 0.979050 0.995359 0.883407 0.907611 0.831111 0.742338 0.736035 0.639153 0.755982 0.790005 0.510081 0.480329 0.500525 0.550234 0.800290 0.834996 0.803267 0.825004 0.389912 0.354615 0.512883 0.390303 0.686809 0.625270 0.462438 0.376585 0.759487 0.883747 0.985810 0.865995 0.540238 0.603081 0.814546 0.747118 0.866880 0.911133 0.800771 0.979599 0.963692 0.915755 0.794911 0.758370 0.411779 0.467534 0.954664 0.904111 0.638315 0.633232 0.792741 0.995975 0.678237 0.543117 0.716953 0.768666 0.776753 0.936290 0.838748 0.950994 0.868740 0.866082 0.569004 0.687976 0.898418 0.790043 0.614017 0.805472 0.884861 0.971165 0.955637 0.941546 0.979327 0.879247 0.942267 0.728450 0.723147 0.875757 0.991080 0.971157
0.336822 0.000000 0.831265 0.891070 0.831168 0.955785 0.978873 0.685863 0.813815 0.780435 0.649638 0.467481 0.656302 0.688692 0.938484 0.963724 0.508213 0.481835 0.739431 0.569417 0.978566 0.929954 0.977771 0.971585 0.790412 0.703693 0.837701 0.998159 0.599007 0.611932 0.839031 0.791505 0.833200 0.663978 0.896504 0.953009 0.959732 0.885064 0.956630 0.977376 0.854047 0.873889 0.732072 0.669957 0.722091 0.603683 0.696908 0.812780 0.532630 0.458475 0.526430 0.518987 0.774017 0.809551 0.812967 0.794297 0.328547 0.348463 0.497682 0.397593 0.751270 0.725170 0.547637 0.445236 0.763393 0.892202 0.951563 0.814377 0.534441 0.527274 0.872099 0.726552 0.873370 0.948804 0.808405 0.969261 0.883803 0.922326 0.713171 0.682812 0.436560 0.580313 0.950361 0.936963 0.848589 0.770609 0.828310 0.916450 0.808646 0.639819 0.797630 0.817729 0.841186 0.934298 0.903866 0.972087 0.813893 0.786192 0.656155 0.673874 0.948332 0.843750 0.683054 0.780820 0.948010 0.955374 0.939344 0.962418 0.975246 0.835295 0.964002 0.763108 0.699458 0.835829 0.941806 0.930314
0.755336 0.831265 0.000000 0.556130 0.943573 0.959842 0.538198 0.741081 0.669513 0.938034 0.800286 0.803361 0.965988 0.943009 0.823667 0.830524 0.999880 0.934081 0.970654 0.920377 0.820824 0.866582 0.746336 0.800540 0.446881 0.468075 0.919021 0.899552 0.924863 0.936558 0.579081 0.740069 0.861423 0.844813 0.666486 0.865136 0.980590 0.983032 0.741454 0.930559 0.834136 0.949290 0.838626 0.868961 0.841223 0.802516 0.903676 0.977577 0.642119 0.726410 0.807763 0.805115 0.992640 0.884156 0.969583 0.992364 0.908716 0.868393 0.996675 0.871326 0.763041 0.978242 0.988901 0.843672 0.492732 0.509890 0.570472 0.699330 0.855143 0.991653 0.821711 0.831745 0.727716 0.697982 0.841125 0.888304 0.651688 0.907863 0.902896 0.895232 0.778760 0.847179 0.969927 0.601786 0.975009 0.966103 0.826922 0.844319 0.699783 0.747249 0.854721 0.965226 0.813299 0.768710 0.935417 0.910180 0.856179 0.951092 0.978350 0.831934 0.863743 0.817428 0.967079 0.972961 0.758136 0.841732 0.745190 0.814876 0.935498 0.857476 0.929686 0.946160 0.916553 0.892569 0.767182 0.873868
0.934976 0.891070 0.556130 0.000000 0.803513 0.725070 0.575061 0.485790 0.609143 0.683271 0.937804 0.878591 0.743296 0.735798 0.579488 0.510367 0.837986 0.884823 0.729143 0.882839 0.758512 0.929435 0.473871 0.596035 0.681777 0.676127 0.869119 0.917895 0.811987 0.755006 0.425755 0.581002 0.541713 0.740758 0.716194 0.783720 0.930035 0.930560 0.917465 0.773125 0.988882 0.969536 0.650752 0.667551 0.832682 0.926275 0.951286 0.873840 0.925074 0.909769 0.764214 0.721301 0.630602 0.494229 0.926862 0.986698 0.871847 0.796522 0.831992 0.745697 0.567773 0.685231 0.810300 0.803933 0.659745 0.470163 0.483595 0.556206 0.945881 0.780520 0.528547 0.520819 0.577289 0.636384 0.859424 0.818677 0.539352 0.646199 0.802946 0.822462 0.996926 0.915679 0.906518 0.655525 0.862981 0.726415 0.799966 0.816061 0.892616 0.968577 0.477747 0.610324 0.463743 0.482142 0.860658 0.823893 0.811599 0.936592 0.595140 0.541375 0.772185 0.620299 0.761190 0.914837 0.630834 0.781324 0.850188 0.823765 0.953252 0.904255 0.829803 0.797055 0.739118 0.973304 0.622934 0.874128
0.908345 0.831168 0.943573 0.803513 0.000000 0.668744 0.743049 0.698143 0.512341 0.654678 0.959830 0.931681 0.685048 0.768700 0.640625 0.675996 0.896113 0.833337 0.684289 0.854517 0.993407 0.932608 0.615840 0.764651 0.886920 0.997526 0.849298 0.851980 0.882899 0.873789 0.856719 0.847861 0.808413 0.989818 0.865716 0.995156 0.915883 0.991954 0.884776 0.836007 0.876870 0.821988 0.932230 0.908609 0.924373 0.981424 0.802682 0.899762 0.907698 0.873349 0.910391 0.956514 0.792706 0.786288 0.954386 0.935261 0.793379 0.968831 0.945627 0.973095 0.701182 0.601180 0.915979 0.894978 0.965615 0.829398 0.855384 0.982897 0.955279 0.981886 0.663287 0.934358 0.923382 0.845497 0.983775 0.981226 0.806643 0.869008 0.805953 0.998441 0.910640 0.986141 0.830708 0.823332 0.725777 0.865775 0.934271 0.855938 0.865135 0.911659 0.633305 0.603952 0.660702 0.731792 0.966006 0.877405 0.847959 0.866129 0.818157 0.819745 0.727106 0.714311 0.962263 0.887735 0.887293 0.908250 0.847683 0.919999 0.945309 0.877232 0.882926 0.844892 0.965381 0.967183 0.888402 0.904228
0.825324 0.955785 0.959842 0.725070 0.668744 0.000000 0.618715 0.610380 0.665718 0.600493 0.928694 0.860689 0.856587 0.853712 0.784021 0.716828 0.772519 0.849254 0.625586 0.810834 0.832575 0.990879 0.642702 0.664078 0.962915 0.953942 0.991871 0.867199 0.755887 0.837171 0.762351 0.955392 0.742103 0.738171 0.805531 0.947995 0.846386 0.910377 0.953587 0.900002 0.990970 0.987977 0.912485 0.832997 0.585109 0.718120 0.914222 0.811324 0.747434 0.713129 0.608264 0.696110 0.639179 0.596031 0.803737 0.715262 0.947909 0.862125 0.730456 0.711838 0.600137 0.725923 0.699538 0.683590 0.924005 0.927117 0.631166 0.735101 0.991135 0.868757 0.807997 0.810264 0.857120 0.918194 0.965243 0.899701 0.736845 0.815923 0.986878 0.779301 0.783028 0.788031 0.970478 0.896006 0.700653 0.700529 0.979724 0.982088 0.936614 0.875728 0.465294 0.591083 0.508457 0.805936 0.863800 0.955688 0.794292 0.917504 0.561682 0.644738 0.715488 0.710692 0.670642 0.823722 0.834542 0.929004 0.896973 0.966938 0.906083 0.932424 0.970263 0.663746 0.746973 0.872651 0.733450 0.853213
0.943043 0.978873 0.538198 0.575061 0.743049 0.618715 0.000000 0.373978 0.555196 0.434956 0.862313 0.906683 0.762820 0.879108 0.698317 0.850125 0.716784 0.800310 0.516178 0.788034 0.998663 0.904200 0.767900 0.977111 0.910741 0.747153 0.872778 0.946214 0.539817 0.712739 0.556552 0.681076 0.667436 0.576575 0.758057 0.923811 0.848947 0.934346 0.894912 0.893125 0.844424 0.874555 0.665157 0.657432 0.757327 0.764817 0.702845 0.734573 0.950153 0.957939 0.767816 0.962258 0.848889 0.795516 0.884810 0.863619 0.911645 0.963563 0.655418 0.753709 0.337713 0.607045 0.535683 0.701166 0.888259 0.614605 0.572994 0.590975 0.970656 0.919953 0.724114 0.829275 0.700324 0.768430 0.968406 0.935199 0.563683 0.847402 0.789423 0.926607 0.826384 0.798914 0.995266 0.732458 0.834525 0.940569 0.907669 0.826535 0.832364 0.888149 0.508247 0.694153 0.552260 0.799176 0.869840 0.879777 0.753058 0.823359 0.596388 0.607164 0.601932 0.711954 0.727730 0.823116 0.644996 0.899264 0.835904 0.934501 0.921365 0.856020 0.823211 0.810193 0.705451 0.854644 0.796942 0.888744
0.645244 0.685863 0.741081 0.485790 0.698143 0.610380 0.373978 0.000000 0.575501 0.345235 0.697773 0.570116 0.492302 0.559393 0.520987 0.673081 0.629590 0.631769 0.400787 0.543153 0.928523 0.933694 0.630066 0.830556 0.941760 0.953730 0.823783 0.925770 0.455470 0.546571 0.481749 0.577169 0.510347 0.554736 0.873843 0.895401 0.773396 0.999507 0.872307 0.865612 0.955551 0.903556 0.676436 0.630360 0.678954 0.674815 0.786714 0.770975 0.765037 0.778786 0.588605 0.725734 0.713813 0.669606 0.879246 0.875207 0.696343 0.639393 0.592067 0.542614 0.300104 0.368328 0.431131 0.461345 0.958108 0.726444 0.664276 0.627558 0.839878 0.732437 0.529346 0.582890 0.608896 0.667663 0.975281 0.880168 0.570589 0.824955 0.795071 0.733872 0.657836 0.677145 0.990328 0.772150 0.703418 0.776119 0.792885 0.842006 0.950504 0.856956 0.396271 0.515904 0.450304 0.620235 0.837410 0.859540 0.679902 0.869903 0.412069 0.466169 0.554733 0.600694 0.615205 0.703079 0.676108 0.865736 0.885750 0.864396 0.959727 0.867454 0.803574 0.690802 0.658009 0.849952 0.783580 0.912633
0.910933 0.813815 0.669513 0.609143 0.512341 0.665718 0.555196 0.575501 0.000000 0.554078 0.911149 0.992986 0.719964 0.784476 0.684747 0.642542 0.910956 0.867631 0.666369 0.922835 0.926172 0.933976 0.594239 0.768541 0.835757 0.811408 0.852559 0.956626 0.871640 0.910577 0.634188 0.891389 0.848194 0.919747 0.854660 0.941825 0.859631 0.983150 0.886165 0.811967 0.822489 0.971462 0.992950 0.949915 0.980401 0.909155 0.830339 0.910357 0.849924 0.777436 0.976015 0.944991 0.838589 0.821284 0.912620 0.951145 0.855478 0.984114 0.978733 0.965495 0.642093 0.589369 0.921252 0.951007 0.866323 0.728933 0.796985 0.943541 0.978857 0.972369 0.590391 0.772226 0.688974 0.676975 0.872331 0.975723 0.746665 0.823234 0.788350 0.891829 0.814881 0.856265 0.983655 0.627351 0.829179 0.980812 0.856137 0.964167 0.934688 0.939677 0.539771 0.570873 0.618473 0.556593 0.984163 0.847534 0.856946 0.907893 0.732236 0.733286 0.740044 0.713777 0.913047 0.874812 0.755268 0.819483 0.911941 0.758867 0.964789 0.909030 0.867796 0.868897 0.881123 0.982997 0.708858 0.924744
0.716028 0.780435 0.938034 0.683271 0.654678 0.600493 0.434956 0.345235 0.554078 0.000000 0.724588 0.631105 0.525598 0.641079 0.618926 0.809841 0.684100 0.657226 0.405423 0.599540 0.948721 0.981112 0.766983 0.981963 0.753082 0.940059 0.785384 0.907848 0.467331 0.583635 0.596886 0.723697 0.602914 0.582739 0.918458 0.962667 0.766286 0.997072 0.827322 0.895733 0.942454 0.986640 0.741216 0.732949 0.601304 0.602736 0.785034 0.766258 0.679092 0.794741 0.602015 0.786367 0.767911 0.779209 0.790734 0.868866 0.810994 0.744195 0.661824 0.627532 0.368783 0.386461 0.480865 0.504784 0.760336 0.916618 0.795675 0.778848 0.877954 0.756451 0.619480 0.679442 0.779211 0.789226 0.898006 0.928946 0.667588 0.905901 0.902772 0.876540 0.675836 0.762966 0.945020 0.836941 0.799399 0.947820 0.880646 0.788607 0.979013 0.952302 0.443226 0.542510 0.517167 0.740224 0.932836 0.868970 0.795847 0.807755 0.468845 0.539382 0.565880 0.696254 0.636961 0.744759 0.798638 0.892953 0.937846 0.899108 0.913568 0.871751 0.841468 0.686528 0.760378 0.872878 0.821905 0.993419
0.608673 0.649638 0.800286 0.937804 0.959830 0.928694 0.862313 0.697773 0.911149 0.724588 0.000000 0.555101 0.606369 0.659954 0.870495 0.914845 0.640394 0.531746 0.599246 0.597021 0.957555 0.911135 0.824941 0.818569 0.643037 0.734549 0.551678 0.944839 0.581328 0.620360 0.965074 0.920504 0.852181 0.622237 0.820303 0.804469 0.945777 0.942600 0.973497 0.779544 0.816123 0.969128 0.909366 0.747201 0.807289 0.683159 0.762633 0.845495 0.721548 0.838077 0.772985 0.926596 0.897059 0.956717 0.940648 0.853816 0.722162 0.741789 0.696954 0.693749 0.646746 0.677426 0.484940 0.572213 0.618607 0.895515 0.915710 0.941841 0.751945 0.899404 0.943649 0.938991 0.971905 0.995025 0.923087 0.865093 0.994966 0.992930 0.846288 0.785328 0.556657 0.548348 0.938302 0.791790 0.974239 0.984105 0.952828 0.966739 0.900569 0.850461 0.867307 0.961583 0.912867 0.896501 0.951359 0.934446 0.798899 0.883239 0.716600 0.915394 0.647851 0.912714 0.739303 0.772638 0.980999 0.851966 0.871572 0.828516 0.823639 0.948098 0.916965 0.893721 0.816312 0.998315 0.951624 0.895712
0.368457 0.467481 0.803361 0.878591 0.931681 0.860689 0.906683 0.570116 0.992986 0.631105 0.555101 0.000000 0.461741 0.415454 0.645536 0.715943 0.642070 0.444110 0.490753 0.435034 0.942476 0.992173 0.824352 0.836200 0.665540 0.704154 0.776283 0.956019 0.542282 0.465772 0.849884 0.703947 0.671173 0.666277 0.931941 0.920719 0.791737 0.899032 0.950179 0.998028 0.837581 0.950314 0.865484 0.769323 0.725878 0.623817 0.861674 0.855708 0.587486 0.616033 0.581624 0.646017 0.841831 0.856731 0.854425 0.944973 0.540502 0.485585 0.668579 0.550761 0.646100 0.488443 0.499395 0.381727 0.728668 0.908887 0.993141 0.905211 0.608436 0.622693 0.732711 0.633895 0.814071 0.746506 0.948378 0.900953 0.905086 0.974202 0.788821 0.676867 0.467061 0.490704 0.889358 0.853257 0.658008 0.641423 0.921555 0.924058 0.674309 0.619657 0.742451 0.777823 0.787978 0.876539 0.931061 0.987040 0.843236 0.989084 0.570269 0.697345 0.836996 0.756404 0.613880 0.688078 0.903600 0.986098 0.952585 0.958270 0.934378 0.925898 0.926358 0.651203 0.807046 0.884625 0.999467 0.995846
0.619112 0.656302 0.965988 0.743296 0.685048 0.856587 0.762820 0.492302 0.719964 0.525598 0.606369 0.461741 0.000000 0.347720 0.431474 0.631033 0.791480 0.670591 0.439788 0.513481 0.965548 0.921843 0.681524 0.836715 0.746139 0.846775 0.867184 0.999853 0.497323 0.437252 0.662238 0.606369 0.606104 0.680217 0.934286 0.948753 0.898808 0.980044 0.899435 0.924959 0.907780 0.953888 0.861264 0.799940 0.786094 0.703577 0.946344 0.948445 0.791301 0.827331 0.719968 0.759557 0.884175 0.802884 0.990495 0.963124 0.770703 0.626844 0.818899 0.702290 0.504340 0.426171 0.537760 0.501148 0.760502 0.975899 0.969086 0.880648 0.809770 0.684241 0.514077 0.546722 0.640907 0.642584 0.998290 0.846751 0.806337 0.833212 0.929386 0.790224 0.708570 0.758289 0.882628 0.896510 0.845506 0.926258 0.880091 0.967587 0.866282 0.772789 0.647536 0.650215 0.702281 0.716673 0.907916 0.963016 0.670225 0.876157 0.569107 0.679185 0.698565 0.689204 0.690268 0.647646 0.901252 0.896495 0.980729 0.927641 0.913676 0.931972 0.873621 0.718353 0.804614 0.789386 0.871169 0.920960
0.577594 0.688692 0.943009 0.735798 0.768700 0.853712 0.879108 0.559393 0.784476 0.641079 0.659954 0.415454 0.347720 0.000000 0.435290 0.510107 0.791878 0.610978 0.511124 0.433086 0.891923 0.987271 0.604985 0.669377 0.762315 0.909757 0.875436 0.940076 0.600974 0.536720 0.692032 0.660049 0.651408 0.745297 0.986475 0.944693 0.796514 0.985286 0.843865 0.965211 0.908907 0.930487 0.987739 0.915317 0.856470 0.794210 0.995624 0.983561 0.803166 0.840041 0.740476 0.750155 0.877392 0.787879 0.977793 0.945858 0.806141 0.578936 0.915571 0.732631 0.632853 0.453370 0.586973 0.500149 0.792972 0.991862 0.923575 0.936502 0.850608 0.729080 0.546878 0.488294 0.615226 0.561894 0.919163 0.885266 0.809356 0.937664 0.879641 0.783005 0.725986 0.712533 0.885768 0.893779 0.756270 0.760901 0.908705 0.992934 0.777130 0.661909 0.639239 0.627985 0.667360 0.623038 0.831113 0.903459 0.799927 0.985550 0.575686 0.672989 0.740769 0.656823 0.725192 0.635328 0.821650 0.880643 0.951234 0.915144 0.926767 0.944001 0.921327 0.763900 0.775146 0.847300 0.863986 0.952117
0.872615 0.938484 0.823667 0.579488 0.640625 0.784021 0.698317 0.520987 0.684747 0.618926 0.870495 0.645536 0.431474 0.435290 0.000000 0.424418 0.899344 0.758303 0.560291 0.669034 0.885199 0.892263 0.415030 0.596231 0.891723 0.936242 0.947753 0.956693 0.610724 0.549624 0.573328 0.604656 0.525260 0.769822 0.808122 0.847396 0.859003 0.988859 0.876178 0.981103 0.939793 0.985069 0.853789 0.819657 0.743450 0.772480 0.994033 0.953835 0.910648 0.895136 0.792812 0.761214 0.740865 0.604849 0.985605 0.905913 0.961231 0.827568 0.985747 0.865884 0.564968 0.538239 0.711813 0.676444 0.979211 0.808358 0.711320 0.789760 0.947091 0.686872 0.448525 0.456626 0.595102 0.587253 0.736034 0.812751 0.634957 0.839978 0.892606 0.861130 0.885439 0.953581 0.720918 0.823573 0.785448 0.766513 0.961445 0.988574 0.877524 0.852345 0.579304 0.579480 0.556380 0.538986 0.820242 0.987309 0.849615 0.984743 0.533179 0.579291 0.705653 0.605213 0.698564 0.673254 0.751114 0.766714 0.958995 0.939848 0.915676 0.989191 0.853273 0.680170 0.848403 0.788468 0.761893 0.948093
0.835858 0.963724 0.830524 0.510367 0.675996 0.716828 0.850125 0.673081 0.642542 0.809841 0.914845 0.715943 0.631033 0.510107 0.424418 0.000000 0.989440 0.901144 0.699512 0.784059 0.872092 0.969077 0.282232 0.364656 0.902817 0.875445 0.785754 0.910122 0.865703 0.693074 0.638307 0.636681 0.665068 0.915263 0.736775 0.809011 0.831778 0.970249 0.887466 0.937648 0.835717 0.873032 0.921787 0.885403 0.798122 0.916171 0.874515 0.939805 0.944670 0.820431 0.745630 0.646988 0.573023 0.514663 0.957396 0.920449 0.963823 0.801753 0.996190 0.827923 0.714049 0.660563 0.890326 0.779579 0.746199 0.715471 0.605679 0.800975 0.975496 0.783101 0.485144 0.537749 0.616986 0.653811 0.750300 0.887055 0.716082 0.814598 0.987456 0.869952 0.989903 0.998570 0.664432 0.809418 0.597602 0.548813 0.951561 0.840858 0.709701 0.693511 0.565279 0.574333 0.526605 0.500113 0.786797 0.896912 0.941391 0.873671 0.604574 0.599902 0.902297 0.596530 0.740100 0.890587 0.678130 0.765843 0.951745 0.920734 0.901954 0.904292 0.872332 0.690611 0.830579 0.865105 0.641351 0.900233
0.578713 0.508213 0.999880 0.837986 0.896113 0.772519 0.716784 0.629590 0.910956 0.684100 0.640394 0.642070 0.791480 0.791878 0.899344 0.989440 0.000000 0.446460 0.650715 0.632949 0.935937 0.937880 0.996088 0.961729 0.865628 0.857281 0.756520 0.926629 0.450160 0.580966 0.786605 0.783848 0.746790 0.481155 0.927051 0.975824 0.881887 0.944703 0.965007 0.997876 0.953283 0.791542 0.693295 0.567604 0.603159 0.539970 0.505220 0.661588 0.595263 0.580280 0.642533 0.715801 0.836514 0.820426 0.687284 0.647277 0.562873 0.636308 0.543042 0.538689 0.613622 0.760331 0.455966 0.480929 0.823524 0.983466 0.762546 0.695439 0.748589 0.733174 0.914414 0.865229 0.946856 0.987275 0.921926 0.928189 0.703388 0.927725 0.709163 0.754557 0.467887 0.540660 0.981948 0.856008 0.843972 0.809554 0.994091 0.916618 0.997365 0.824338 0.726416 0.871193 0.754715 0.985304 0.943859 0.861439 0.801792 0.816313 0.633309 0.682208 0.760936 0.781633 0.725621 0.809873 0.896499 0.947697 0.982406 0.999156 0.909690 0.766115 0.913704 0.734912 0.655198 0.878506 0.996680 0.817734
0.482910 0.481835 0.934081 0.884823 0.833337 0.849254 0.800310 0.631769 0.867631 0.657226 0.531746 0.444110 0.670591 0.610978 0.758303 0.901144 0.446460 0.000000 0.608835 0.501771 0.995919 0.985428 0.978340 0.982625 0.755404 0.883533 0.677860 0.982831 0.444828 0.458884 0.758085 0.722634 0.673384 0.534614 0.961943 0.991265 0.828535 0.894133 0.934710 0.987776 0.864497 0.844937 0.643130 0.554984 0.597871 0.452716 0.630363 0.625747 0.493788 0.517417 0.529758 0.600720 0.811089 0.755710 0.787029 0.757672 0.545106 0.536862 0.583657 0.529062 0.643255 0.665876 0.455248 0.403333 0.724198 0.926005 0.804279 0.730652 0.695131 0.585740 0.843547 0.732853 0.849485 0.850705 0.913109 0.940643 0.784787 0.923544 0.592225 0.586222 0.365567 0.527487 0.972187 0.835304 0.890966 0.782545 0.970542 0.853494 0.896257 0.806954 0.754928 0.865524 0.755305 0.979723 0.825468 0.940802 0.869433 0.914347 0.575793 0.606731 0.801172 0.786324 0.582014 0.734668 0.845186 0.979203 0.967777 0.918841 0.996936 0.843218 0.866530 0.763981 0.736790 0.802870 0.971924 0.845977
0.646467 0.739431 0.970654 0.729143 0.684289 0.625586 0.516178 0.400787 0.666369 0.405423 0.599246 0.490753 0.439788 0.511124 0.560291 0.699512 0.650715 0.608835 0.000000 0.492687 0.878678 0.971439 0.745718 0.891769 0.721704 0.908968 0.736384 0.999117 0.433462 0.482329 0.656317 0.684270 0.653807 0.526861 0.997170 0.997280 0.814206 0.978433 0.930111 0.931354 0.875812 0.971765 0.819067 0.677393 0.629725 0.621522 0.779550 0.811309 0.736721 0.783884 0.657219 0.773568 0.841286 0.801841 0.809348 0.872924 0.796616 0.733729 0.687660 0.653288 0.390556 0.425237 0.424042 0.440621 0.780833 0.903119 0.772925 0.777293 0.853415 0.787595 0.666680 0.649616 0.682070 0.675884 0.988309 0.959286 0.715562 0.902594 0.877500 0.783880 0.616151 0.629778 0.955956 0.923679 0.706838 0.812630 0.898152 0.962012 0.927490 0.818831 0.505405 0.630858 0.602008 0.787126 0.858416 0.967031 0.712164 0.899649 0.438245 0.609028 0.571459 0.636856 0.571024 0.688547 0.723441 0.934090 0.997227 0.988649 0.852297 0.850595 0.799547 0.636855 0.744236 0.793626 0.833354 0.953358
0.521437 0.569417 0.920377 0.882839 0.854517 0.810834 0.788034 0.543153 0.922835 0.599540 0.597021 0.435034 0.513481 0.433086 0.669034 0.784059 0.632949 0.501771 0.492687 0.000000 0.961232 0.906435 0.871158 0.844599 0.764388 0.890654 0.770076 0.993186 0.525826 0.552998 0.798612 0.754756 0.697540 0.680206 0.971541 0.974075 0.931940 0.990283 0.936929 0.913003 0.925114 0.889194 0.952607 0.821790 0.785763 0.693555 0.807299 0.860701 0.686932 0.766928 0.679754 0.773346 0.948972 0.879946 0.920031 0.881236 0.652205 0.523308 0.668891 0.584858 0.603480 0.495994 0.456715 0.391675 0.699699 0.987607 0.903836 0.812090 0.662785 0.686781 0.770065 0.695829 0.789751 0.749043 0.969848 0.903738 0.816101 0.989510 0.744740 0.707708 0.534978 0.509831 0.923980 0.977775 0.738367 0.784137 0.855092 0.998425 0.813371 0.770370 0.677216 0.732141 0.734339 0.848959 0.787976 0.900954 0.754265 0.901998 0.566425 0.689594 0.746928 0.776415 0.673463 0.650125 0.803887 0.869796 0.907240 0.983467 0.812174 0.900881 0.983717 0.745932 0.775286 0.838100 0.969539 0.927614
0.884674 0.978566 0.820824 0.758512 0.993407 0.832575 0.998663 0.928523 0.926172 0.948721 0.957555 0.942476 0.965548 0.891923 0.885199 0.872092 0.935937 0.995919 0.878678 0.961232 0.000000 0.909763 0.891809 0.896125 0.847328 0.719514 0.937806 0.986273 0.928401 0.940663 0.778004 0.982194 0.885718 0.915943 0.796973 0.912655 0.955788 0.798854 0.849294 0.840094 0.975365 0.963670 0.999795 0.918687 0.821354 0.829316 0.921461 0.866120 0.822169 0.891950 0.921865 0.955953 0.966105 0.910943 0.966112 0.815834 0.973161 0.985668 0.939711 0.918947 0.976649 0.964295 0.923869 0.906518 0.795142 0.744620 0.819897 0.961400 0.975363 0.981110 0.995503 0.873087 0.814153 0.789309 0.902071 0.905724 0.805340 0.934901 0.899925 0.972226 0.875756 0.835895 0.898930 0.761093 0.865115 0.926439 0.900185 0.819083 0.917688 0.921542 0.962436 0.959087 0.878629 0.763212 0.842179 0.921672 0.962468 0.963459 0.977590 0.906174 0.937375 0.894895 0.896851 0.877097 0.844578 0.974765 0.984251 0.910876 0.782725 0.977998 0.983916 0.862953 0.868482 0.951013 0.941112 0.999691
0.987861 0.929954 0.866582 0.929435 0.932608 0.990879 0.904200 0.933694 0.933976 0.981112 0.911135 0.992173 0.921843 0.987271 0.892263 0.969077 0.937880 0.985428 0.971439 0.906435 0.909763 0.000000 0.986473 0.927015 0.844804 0.995777 0.837738 0.927667 0.966426 0.977777 0.913012 0.888597 0.926693 0.861497 0.915345 0.966775 0.953058 0.961478 0.959096 0.887106 0.907297 0.853126 0.936415 0.934635 0.984310 0.980360 0.893071 0.880407 0.990106 0.942775 0.898768 0.860023 0.855666 0.928782 0.781665 0.981450 0.980334 0.936834 0.994058 0.981474 0.875042 0.991314 0.979283 0.966066 0.898865 0.962529 0.946444 0.993889 0.960501 0.895274 0.947601 0.823883 0.939440 0.970919 0.986467 0.970874 0.932069 0.986300 0.928138 0.926774 0.922642 0.962307 0.974167 0.946020 0.894112 0.942593 0.929235 0.856073 0.883673 0.944655 0.967342 0.963044 0.995909 0.965239 0.923198 0.828740 0.963221 0.976742 0.989796 0.960937 0.990292 0.905782 0.992571 0.976369 0.946858 0.971603 0.806819 0.945467 0.915085 0.864333 0.840928 0.945996 0.919657 0.828090 0.757485 0.964791
0.926058 0.977771 0.746336 0.473871 0.615840 0.642702 0.767900 0.630066 0.594239 0.766983 0.824941 0.824352 0.681524 0.604985 0.415030 0.282232 0.996088 0.978340 0.745718 0.871158 0.891809 0.986473 0.000000 0.380601 0.843825 0.833708 0.745181 0.873838 0.859935 0.718679 0.569509 0.640336 0.625718 0.952125 0.713375 0.784544 0.847319 0.935255 0.858661 0.888286 0.949858 0.940604 0.923197 0.915139 0.806498 0.939715 0.885207 0.987598 0.998834 0.853645 0.789702 0.689404 0.568054 0.505670 0.975285 0.940686 0.949384 0.834601 0.982307 0.868077 0.697635 0.704017 0.913668 0.829035 0.702427 0.690776 0.548751 0.743048 0.909987 0.755906 0.451330 0.562675 0.614641 0.689525 0.801493 0.931056 0.637750 0.804097 0.983916 0.887739 0.925607 0.913149 0.663788 0.715953 0.598520 0.571667 0.924947 0.856379 0.811008 0.725253 0.550184 0.530808 0.498012 0.464216 0.838513 0.889666 0.880932 0.953506 0.634750 0.587976 0.827936 0.598455 0.769274 0.895812 0.649107 0.737669 0.993161 0.838020 0.895507 0.892474 0.844276 0.708138 0.904496 0.884348 0.701110 0.909108
0.892751 0.971585 0.800540 0.596035 0.764651 0.664078 0.977111 0.830556 0.768541 0.981963 0.818569 0.836200 0.836715 0.669377 0.596231 0.364656 0.961729 0.982625 0.891769 0.844599 0.896125 0.927015 0.380601 0.000000 0.800397 0.798420 0.680427 0.883348 0.995322 0.857369 0.738459 0.825286 0.723660 0.962614 0.733719 0.795444 0.983059 0.907687 0.985406 0.856180 0.883605 0.936757 0.929751 0.952076 0.908128 0.959757 0.839963 0.948937 0.943412 0.874577 0.837800 0.712826 0.650107 0.543111 0.971645 0.980892 0.964983 0.818455 0.961180 0.943538 0.915469 0.921735 0.989115 0.906431 0.735077 0.764586 0.585905 0.806378 0.986726 0.780477 0.672132 0.629741 0.755942 0.679848 0.742990 0.842689 0.732425 0.861564 0.968918 0.855239 0.966626 0.994579 0.733960 0.803153 0.665146 0.496740 0.988679 0.817731 0.778591 0.781362 0.670921 0.717284 0.602995 0.591756 0.848017 0.914183 0.937974 0.888940 0.716583 0.733555 0.972657 0.669700 0.817188 0.830750 0.695807 0.738257 0.930152 0.991731 0.942765 0.847973 0.965806 0.711219 0.899030 0.825909 0.775795 0.872065
0.726129 0.790412 0.446881 0.681777 0.886920 0.962915 0.910741 0.941760 0.835757 0.753082 0.643037 0.665540 0.746139 0.762315 0.891723 0.902817 0.865628 0.755404 0.721704 0.764388 0.847328 0.844804 0.843825 0.800397 0.000000 0.497165 0.774175 0.899641 0.719987 0.788831 0.789450 0.978530 0.937585 0.909584 0.770326 0.909147 0.895545 0.977883 0.873157 0.909897 0.935551 0.973764 0.990106 0.973641 0.674361 0.609437 0.894321 0.902928 0.582779 0.709824 0.701457 0.782263 0.951326 0.958488 0.891295 0.995953 0.889691 0.883317 0.898255 0.803600 0.902363 0.718706 0.702543 0.652930 0.411784 0.610167 0.737458 0.824146 0.949829 0.845840 0.997699 0.999667 0.890421 0.914050 0.878919 0.953804 0.943408 0.834179 0.993946 0.810328 0.613314 0.737409 0.990658 0.774325 0.933251 0.940454 0.879767 0.959100 0.736328 0.755821 0.942913 0.904751 0.981424 0.850802 0.947761 0.811337 0.966229 0.918732 0.781059 0.968194 0.858322 0.974738 0.840936 0.727730 0.906354 0.897330 0.753012 0.934192 0.935878 0.917715 0.937015 0.879044 0.941777 0.866054 0.753095 0.840339
0.705686 0.703693 0.468075 0.676127 0.997526 0.953942 0.747153 0.953730 0.811408 0.940059 0.734549 0.704154 0.846775 0.909757 0.936242 0.875445 0.857281 0.883533 0.908968 0.890654 0.719514 0.995777 0.833708 0.798420 0.497165 0.000000 0.989887 0.997700 0.916108 0.921313 0.722805 0.909015 0.870968 0.922763 0.726956 0.944995 0.978138 0.944682 0.797433 0.939704 0.888434 0.971565 0.883209 0.953162 0.826251 0.791248 0.987725 0.984523 0.643546 0.747236 0.848046 0.835050 0.929008 0.871757 0.979799 0.980451 0.786113 0.763884 0.978614 0.843509 0.905771 0.846027 0.925666 0.799120 0.582136 0.520086 0.598030 0.668492 0.821887 0.871457 0.970739 0.927581 0.791667 0.772429 0.827121 0.816059 0.795048 0.836915 0.873795 0.862125 0.752711 0.775364 0.920151 0.714611 0.862628 0.991152 0.950502 0.777637 0.744513 0.604677 0.898119 0.907922 0.861172 0.871209 0.879480 0.797085 0.887484 0.861443 0.972197 0.992224 0.972240 0.874738 0.926728 0.924351 0.717469 0.703310 0.811244 0.999014 0.987360 0.893500 0.997893 0.824604 0.893791 0.841560 0.787387 0.823977
0.790987 0.837701 0.919021 0.869119 0.849298 0.991871 0.872778 0.823783 0.852559 0.785384 0.551678 0.776283 0.867184 0.875436 0.947753 0.785754 0.756520 0.677860 0.736384 0.770076 0.937806 0.837738 0.745181 0.680427 0.774175 0.989887 0.000000 0.966875 0.710561 0.796573 0.998258 0.976683 0.929826 0.707334 0.921947 0.877917 0.770238 0.819977 0.971601 0.819832 0.914809 0.941145 0.934390 0.814060 0.871219 0.805540 0.661230 0.829529 0.808360 0.954173 0.956543 0.909194 0.737297 0.879689 0.898590 0.927528 0.883239 0.969931 0.883652 0.865374 0.788878 0.838213 0.689743 0.752857 0.759274 0.906033 0.934084 0.942639 0.961940 0.923593 0.889442 0.929695 0.962368 0.963757 0.889048 0.977165 0.948660 0.975623 0.927418 0.954563 0.677739 0.707106 0.867962 0.903520 0.888246 0.924873 0.866168 0.803885 0.961496 0.935361 0.965745 0.905695 0.988477 0.808377 0.948001 0.940009 0.926177 0.969403 0.809463 0.998648 0.762164 0.966264 0.897782 0.911705 0.979985 0.850063 0.986973 0.958736 0.979868 0.806367 0.994861 0.961071 0.829103 0.870053 0.965634 0.912459
0.945501 0.998159 0.899552 0.917895 0.851980 0.867199 0.946214 0.925770 0.956626 0.907848 0.944839 0.956019 0.999853 0.940076 0.956693 0.910122 0.926629 0.982831 0.999117 0.993186 0.986273 0.927667 0.873838 0.883348 0.899641 0.997700 0.966875 0.000000 0.980296 0.963474 0.978276 0.973601 0.920664 0.959171 0.802872 0.880402 0.865476 0.986015 0.863080 0.976215 0.996798 0.983307 0.958038 0.959528 0.930110 0.889009 0.964014 0.995149 0.952924 0.998478 0.997865 0.981461 0.964437 0.918272 0.862016 0.937374 0.965792 0.908914 0.890841 0.994307 0.932331 0.989678 0.999943 0.987730 0.809414 0.997276 0.980445 0.959074 0.981725 0.892966 0.881973 0.984627 0.944914 0.975386 0.920835 0.860591 0.976755 0.939809 0.987542 0.842980 0.944878 0.932654 0.923172 0.843798 0.817003 0.856976 0.973619 0.969707 0.932661 0.971291 0.948725 0.930976 0.918282 0.884151 0.968508 0.897854 0.989510 0.994759 0.992333 0.994355 0.994930 0.879149 0.883559 0.955811 0.919583 0.784251 0.893126 0.925902 0.932984 0.904921 0.963186 0.984218 0.942741 0.845447 0.934747 0.939634
0.631529 0.599007 0.924863 0.811987 0.882899 0.755887 0.539817 0.455470 0.871640 0.467331 0.581328 0.542282 0.497323 0.600974 0.610724 0.865703 0.450160 0.444828 0.433462 0.525826 0.928401 0.966426 0.859935 0.995322 0.719987 0.916108 0.710561 0.980296 0.000000 0.348050 0.652347 0.648742 0.631021 0.438934 0.948353 0.966108 0.918771 0.971301 0.934601 0.851111 0.936727 0.951703 0.669397 0.575816 0.577277 0.461482 0.566463 0.685495 0.596386 0.631536 0.595287 0.736666 0.841437 0.851372 0.808925 0.725996 0.623874 0.639502 0.577294 0.589563 0.409410 0.545864 0.340266 0.387318 0.744725 0.957034 0.767670 0.681681 0.805342 0.634112 0.697228 0.732800 0.793110 0.836210 0.977630 0.907213 0.675318 0.978039 0.675577 0.707579 0.426978 0.523223 0.965396 0.978071 0.787766 0.865681 0.994033 0.955397 0.949517 0.851190 0.695171 0.817226 0.744727 0.963916 0.950228 0.968565 0.727703 0.845029 0.567336 0.615421 0.621567 0.678769 0.607419 0.646629 0.835419 0.958319 0.973433 0.937793 0.880936 0.839264 0.823041 0.713102 0.693529 0.709530 0.996776 0.891064
0.623035 0.611932 0.936558 0.755006 0.873789 0.837171 0.712739 0.546571 0.910577 0.583635 0.620360 0.465772 0.437252 0.536720 0.549624 0.693074 0.580966 0.458884 0.482329 0.552998 0.940663 0.977777 0.718679 0.857369 0.788831 0.921313 0.796573 0.963474 0.348050 0.000000 0.681562 0.564495 0.574651 0.526574 0.963745 0.967416 0.943162 0.947499 0.909914 0.828231 0.867537 0.918010 0.724444 0.617706 0.610003 0.528142 0.653817 0.731062 0.640052 0.625551 0.625567 0.679321 0.831160 0.792494 0.770021 0.841075 0.625719 0.633508 0.619654 0.593151 0.477909 0.564612 0.452411 0.415670 0.840143 0.908200 0.735156 0.666442 0.727373 0.557972 0.602906 0.713278 0.791859 0.731843 0.997795 0.881737 0.714295 0.878554 0.765247 0.685555 0.513910 0.625811 0.843081 0.944445 0.742191 0.779929 0.956368 0.918607 0.841112 0.776282 0.754333 0.860616 0.773281 0.946437 0.956012 0.993211 0.707234 0.932011 0.581829 0.629819 0.748504 0.738211 0.576575 0.723554 0.841637 0.901262 0.983423 0.987594 0.920516 0.937541 0.778330 0.677496 0.774528 0.725623 0.939760 0.925575
0.925824 0.839031 0.579081 0.425755 0.856719 0.762351 0.556552 0.481749 0.634188 0.596886 0.965074 0.849884 0.662238 0.692032 0.573328 0.638307 0.786605 0.758085 0.656317 0.798612 0.778004 0.913012 0.569509 0.738459 0.789450 0.722805 0.998258 0.978276 0.652347 0.681562 0.000000 0.503687 0.583555 0.624455 0.778216 0.865641 0.849004 0.995298 0.960838 0.843926 0.986089 0.950085 0.651563 0.673404 0.807283 0.816417 0.913843 0.871856 0.970542 0.863758 0.788576 0.780577 0.735544 0.623493 0.931131 0.936209 0.825729 0.831699 0.854197 0.818012 0.578381 0.663343 0.746881 0.738824 0.858513 0.699554 0.552618 0.605379 0.976146 0.793919 0.587146 0.468434 0.562816 0.650411 0.924518 0.966265 0.520216 0.729814 0.781651 0.800886 0.884419 0.966214 0.937816 0.628572 0.959148 0.902599 0.753380 0.706120 0.839078 0.965522 0.553101 0.645949 0.529318 0.548634 0.988836 0.828561 0.834578 0.938245 0.599437 0.456001 0.751286 0.549709 0.658854 0.844249 0.717321 0.742181 0.809853 0.780488 0.964824 0.819008 0.859543 0.822555 0.718019 0.866798 0.705415 0.835105
0.807424 0.791505 0.740069 0.581002 0.847861 0.955392 0.681076 0.577169 0.891389 0.723697 0.920504 0.703947 0.606369 0.660049 0.604656 0.636681 0.783848 0.722634 0.684270 0.754756 0.982194 0.888597 0.640336 0.825286 0.978530 0.909015 0.976683 0.973601 0.648742 0.564495 0.503687 0.000000 0.512362 0.683621 0.907013 0.984569 0.876971 0.848090 0.973624 0.979643 0.964321 0.973439 0.586100 0.605454 0.820938 0.746529 0.772621 0.758545 0.873589 0.800245 0.735341 0.742100 0.764876 0.753119 0.899758 0.936474 0.785620 0.799921 0.784895 0.704016 0.563299 0.634147 0.680361 0.653875 0.826234 0.680992 0.666309 0.657670 0.895317 0.789740 0.641503 0.662963 0.620827 0.764868 0.980223 0.757641 0.685889 0.861567 0.809021 0.721711 0.788002 0.829619 0.819510 0.919782 0.794282 0.763185 0.917108 0.980993 0.918635 0.760582 0.761752 0.845509 0.732867 0.833385 0.982682 0.998235 0.858130 0.938788 0.728716 0.673115 0.894558 0.701191 0.696660 0.971614 0.659000 0.796260 0.812748 0.881057 0.984629 0.919875 0.801482 0.940763 0.769532 0.893473 0.828249 0.956095
0.802610 0.833200 0.861423 0.541713 0.808413 0.742103 0.667436 0.510347 0.848194 0.602914 0.852181 0.671173 0.606104 0.651408 0.525260 0.665068 0.746790 0.673384 0.653807 0.697540 0.885718 0.926693 0.625718 0.723660 0.937585 0.870968 0.929826 0.920664 0.631021 0.574651 0.583555 0.512362 0.000000 0.650075 0.810313 0.873493 0.762723 0.902918 0.957061 0.822120 0.919767 0.947003 0.687182 0.668299 0.643328 0.651957 0.793179 0.725301 0.781827 0.760126 0.664586 0.740104 0.779618 0.675986 0.952360 0.864684 0.817497 0.819853 0.710983 0.691166 0.539577 0.559544 0.609378 0.575999 0.956967 0.707066 0.592100 0.552039 0.875842 0.727238 0.660692 0.644927 0.692930 0.697361 0.927485 0.754105 0.624325 0.806527 0.839049 0.633052 0.710332 0.795784 0.869349 0.981434 0.801166 0.678090 0.956300 0.961896 0.973132 0.922671 0.642044 0.834511 0.632311 0.813698 0.912550 0.957264 0.773895 0.956830 0.513362 0.634346 0.741134 0.752950 0.712951 0.791768 0.692460 0.772604 0.971342 0.975525 0.997559 0.989947 0.840328 0.683278 0.832941 0.803793 0.866068 0.949611
0.711531 0.663978 0.844813 0.740758 0.989818 0.738171 0.576575 0.554736 0.919747 0.582739 0.622237 0.666277 0.680217 0.745297 0.769822 0.915263 0.481155 0.534614 0.526861 0.680206 0.915943 0.861497 0.952125 0.962614 0.909584 0.922763 0.707334 0.959171 0.438934 0.526574 0.624455 0.683621 0.650075 0.000000 0.947925 0.928481 0.737651 0.993679 0.846750 0.827549 0.889133 0.920831 0.654196 0.492712 0.553911 0.505074 0.563692 0.749579 0.659270 0.704396 0.669042 0.792347 0.870641 0.847386 0.721088 0.665666 0.700779 0.834026 0.576569 0.642627 0.492646 0.651661 0.455414 0.521057 0.794497 0.905100 0.670359 0.533424 0.820699 0.808927 0.785227 0.722007 0.828652 0.860956 0.971466 0.896202 0.692332 0.831066 0.748446 0.801074 0.546592 0.617978 0.980874 0.930631 0.942831 0.913693 0.931580 0.875825 0.925771 0.964744 0.672236 0.887628 0.752155 0.979192 0.999128 0.897917 0.848080 0.996477 0.584171 0.623518 0.714682 0.664396 0.564232 0.840969 0.845374 0.896420 0.818163 0.924105 0.786830 0.818397 0.905431 0.774112 0.643995 0.781962 0.870007 0.873289
0.870093 0.896504 0.666486 0.716194 0.865716 0.805531 0.758057 0.873843 0.854660 0.918458 0.820303 0.931941 0.934286 0.986475 0.808122 0.736775 0.927051 0.961943 0.997170 0.971541 0.796973 0.915345 0.713375 0.733719 0.770326 0.726956 0.921947 0.802872 0.948353 0.963745 0.778216 0.907013 0.810313 0.947925 0.000000 0.884541 0.917582 0.936582 0.807398 0.847346 0.947374 0.983437 0.961414 0.981088 0.956253 0.962950 0.932350 0.890061 0.886382 0.981077 0.989202 0.965877 0.889786 0.805291 0.835313 0.952282 0.882021 0.928098 0.972589 0.978549 0.845536 0.970396 0.972537 0.953877 0.664598 0.701652 0.620091 0.766095 0.984691 0.968549 0.999380 0.847611 0.901935 0.883474 0.729247 0.999903 0.711572 0.998214 0.843557 0.933507 0.932072 0.967337 0.820005 0.870800 0.863719 0.718033 0.993731 0.977621 0.926712 0.919763 0.823653 0.909763 0.756053 0.799640 0.993120 0.833496 0.985781 0.967618 0.902856 0.919706 0.928067 0.773580 0.996064 0.973339 0.860890 0.972531 0.855400 0.925044 0.978496 0.911059 0.985227 0.865746 0.886321 0.960414 0.862952 0.923242
0.983463 0.953009 0.865136 0.783720 0.995156 0.947995 0.923811 0.895401 0.941825 0.962667 0.804469 0.920719 0.948753 0.944693 0.847396 0.809011 0.975824 0.991265 0.997280 0.974075 0.912655 0.966775 0.784544 0.795444 0.909147 0.944995 0.877917 0.880402 0.966108 0.967416 0.865641 0.984569 0.873493 0.928481 0.884541 0.000000 0.948120 0.859982 0.898933 0.877764 0.951415 0.958226 0.854718 0.872596 0.836848 0.931857 0.967918 0.901975 0.925619 0.845295 0.847044 0.812964 0.753118 0.776830 0.820823 0.913062 0.929814 0.860059 0.917529 0.854468 0.971684 0.968503 0.972285 0.962916 0.867880 0.846168 0.737836 0.801243 0.965070 0.821285 0.782040 0.872192 0.984498 0.985689 0.968543 0.896193 0.847838 0.943936 0.923724 0.978226 0.992546 0.879739 0.928392 0.861007 0.823449 0.809737 0.704047 0.924171 0.893181 0.956515 0.834609 0.855898 0.806615 0.798696 0.778835 0.992848 0.941688 0.851113 0.811407 0.783911 0.967371 0.984611 0.855299 0.952703 0.891700 0.851667 0.980936 0.872156 0.826704 0.998981 0.884741 0.967991 0.988207 0.897434 0.961334 0.836305
0.779553 0.959732 0.980590 0.930035 0.915883 0.846386 0.848947 0.773396 0.859631 0.766286 0.945777 0.791737 0.898808 0.796514 0.859003 0.831778 0.881887 0.828535 0.814206 0.931940 0.955788 0.953058 0.847319 0.983059 0.895545 0.978138 0.770238 0.865476 0.918771 0.943162 0.849004 0.876971 0.762723 0.737651 0.917582 0.948120 0.000000 0.870698 0.959915 0.948375 0.882661 0.984095 0.899992 0.833420 0.743311 0.776163 0.925931 0.852817 0.767668 0.853808 0.806156 0.904042 0.879770 0.868944 0.903488 0.999556 0.974811 0.981282 0.950122 0.891690 0.797359 0.691645 0.833554 0.783807 0.942927 0.977869 0.832224 0.830993 0.984711 0.892406 0.888401 0.851143 0.823256 0.867151 0.981175 0.919783 0.892481 0.970674 0.958922 0.913707 0.831763 0.834660 0.963117 0.995624 0.828179 0.811510 0.864525 0.938747 0.918944 0.899709 0.739403 0.840649 0.754651 0.888766 0.952572 0.848772 0.922304 0.946011 0.677949 0.880285 0.933731 0.783777 0.801069 0.994135 0.913268 0.947509 0.913445 0.980704 0.908173 0.970959 0.870654 0.911638 0.772710 0.896927 0.958809 0.899845
0.899352 0.885064 0.983032 0.930560 0.991954 0.910377 0.934346 0.999507 0.983150 0.997072 0.942600 0.899032 0.980044 0.985286 0.988859 0.970249 0.944703 0.894133 0.978433 0.990283 0.798854 0.961478 0.935255 0.907687 0.977883 0.944682 0.819977 0.986015 0.971301 0.947499 0.995298 0.848090 0.902918 0.993679 0.936582 0.859982 0.870698 0.000000 0.960898 0.974004 0.912501 0.938401 0.855455 0.864523 0.904977 0.862232 0.940555 0.957438 0.843024 0.870791 0.800451 0.766538 0.796571 0.879288 0.982147 0.830587 0.861376 0.873950 0.963374 0.885140 0.943686 0.988064 0.973026 0.979109 0.987004 0.898362 0.960086 0.964262 0.851406 0.781401 0.844683 0.943620 0.986560 0.993494 0.942676 0.863600 0.944950 0.788588 0.952055 0.859093 0.939726 0.970966 0.947009 0.991749 0.954162 0.927891 0.917992 0.916621 0.849283 0.956920 0.932906 0.944807 0.984592 0.944884 0.958473 0.916130 0.836090 0.981080 0.968956 0.988022 0.825492 0.884106 0.801479 0.928791 0.962351 0.907647 0.866519 0.979444 0.736217 0.964670 0.998153 0.989046 0.929161 0.981996 0.861952 0.906200
