0.000000 0.219612 0.622816 0.734939 0.768523 0.862389 0.880979 0.459633 0.808649 0.675629 0.325653 0.263683 0.424483 0.299621 0.742754 0.689900 0.343447 0.322861 0.351597 0.275700 0.982840 0.823374 0.819396 0.977390 0.681012 0.717485 0.928387 0.989099 0.335633 0.396220 0.936981 0.965818 0.740360 0.498966 0.681917 0.653900 0.874624 0.947547 0.924523 0.955638 0.734392 0.769409 0.950992 0.650204 0.948669 0.509912 0.720849 0.621945 0.233597 0.274890 0.253208 0.273411 0.314181 0.400178 0.634247 0.409528 0.329605 0.262224 0.370703 0.279228 0.672558 0.321464 0.394281 0.291693 0.531238 0.857480 0.604528 0.674740 0.439673 0.455370 0.926974 0.971955 0.514202 0.507474 0.846316 0.827510 0.466940 0.717573 0.713123 0.549841 0.359886 0.359835 0.621074 0.783324 0.719233 0.733343 0.739028 0.947159 0.932372 0.713013 0.927953 0.486393 0.572212 0.430163 0.951270 0.857917 0.929458 0.618855 0.686085 0.737644 0.807915 0.983217 0.591432 0.613792 0.849914 0.847403 0.998007 0.918112 0.963526 0.974153 0.894775 0.995286 0.541382 0.996041 0.951631 0.759837
0.219612 0.000000 0.616082 0.752169 0.726619 0.831429 0.844469 0.439046 0.798580 0.599930 0.355289 0.272713 0.520284 0.331180 0.774930 0.688938 0.311754 0.280064 0.303782 0.239273 0.980812 0.781625 0.838042 0.995364 0.719340 0.768382 0.957056 0.995019 0.310632 0.346346 0.961175 0.916890 0.686895 0.483986 0.687111 0.633176 0.941326 0.880583 0.927582 0.906221 0.738859 0.778957 0.970660 0.612996 0.936687 0.493886 0.679518 0.586860 0.231639 0.242045 0.241991 0.259405 0.323754 0.371664 0.590701 0.397950 0.264347 0.216491 0.470927 0.334155 0.781482 0.351121 0.403857 0.277038 0.466724 0.810533 0.543034 0.670284 0.428726 0.406901 0.963544 0.941409 0.446633 0.457917 0.759677 0.849745 0.443418 0.658132 0.652819 0.426209 0.272676 0.290428 0.621892 0.691382 0.774466 0.727665 0.716680 0.881818 0.955157 0.752516 0.918906 0.516168 0.562108 0.456393 0.952623 0.816562 0.959910 0.609321 0.704611 0.745413 0.802259 0.983034 0.580675 0.619970 0.824785 0.871178 0.973952 0.834971 0.982094 0.982319 0.888465 0.987906 0.573858 0.938951 0.981405 0.749029
0.622816 0.616082 0.000000 0.674355 0.748981 0.858537 0.483183 0.861589 0.664067 0.923043 0.658180 0.530688 0.862153 0.568249 0.953111 0.780634 0.728013 0.753912 0.672686 0.576406 0.923959 0.990105 0.598058 0.981274 0.529709 0.380888 0.968305 0.967131 0.687823 0.658948 0.616542 0.709615 0.743928 0.906734 0.494276 0.605206 0.725492 0.899644 0.820326 0.971374 0.980895 0.967961 0.572613 0.930061 0.680410 0.966330 0.940430 0.875173 0.691720 0.604699 0.730241 0.716433 0.775758 0.844577 0.878692 0.792635 0.615394 0.594951 0.721851 0.594543 0.882618 0.686740 0.730015 0.635370 0.330122 0.550835 0.410326 0.446066 0.650161 0.614549 0.902905 0.941204 0.799156 0.804275 0.982779 0.979031 0.737913 0.983090 0.987470 0.842818 0.758838 0.739884 0.934134 0.964216 0.731071 0.874518 0.790148 0.920191 0.821289 0.972690 0.557858 0.462427 0.398091 0.556058 0.805224 0.869665 0.805613 0.508056 0.838651 0.790174 0.955342 0.680284 0.988218 0.965932 0.798455 0.599252 0.855085 0.782057 0.984488 0.855871 0.720470 0.889462 0.988434 0.953365 0.706429 0.912651
0.734939 0.752169 0.674355 0.000000 0.978661 0.996847 0.713691 0.735941 0.931337 0.866472 0.826938 0.829457 0.742836 0.806090 0.819838 0.913758 0.754181 0.760757 0.796035 0.753671 0.967653 0.908487 0.790228 0.846038 0.851401 0.769756 0.970464 0.928147 0.839059 0.895916 0.931786 0.880391 0.635614 0.791551 0.938196 0.985244 0.991903 0.802546 0.869406 0.909654 0.936534 0.868731 0.927957 0.813319 0.833346 0.768631 0.888826 0.600692 0.761061 0.789505 0.692484 0.716783 0.673261 0.737576 0.790404 0.722675 0.762554 0.745251 0.700904 0.834594 0.697565 0.762753 0.876809 0.798199 0.764625 0.688999 0.862386 0.854303 0.721477 0.718485 0.960391 0.944101 0.893504 0.994741 0.835368 0.891650 0.908766 0.926650 0.756798 0.761092 0.780756 0.707828 0.645410 0.713018 0.579437 0.619902 0.919159 0.746751 0.783125 0.763317 0.850094 0.996328 0.889954 0.952673 0.890275 0.925925 0.705742 0.852311 0.756346 0.712510 0.974364 0.772924 0.778679 0.776245 0.667872 0.786109 0.811841 0.898092 0.957072 0.992911 0.891242 0.983645 0.755150 0.989321 0.987485 0.794601
0.768523 0.726619 0.748981 0.978661 0.000000 0.971575 0.876038 0.848715 0.798002 0.889216 0.798357 0.748936 0.898097 0.750647 0.978118 0.918284 0.715428 0.733655 0.637891 0.726215 0.914772 0.962830 0.927549 0.978438 0.994048 0.937911 0.970248 0.886524 0.826608 0.843906 0.982196 0.995766 0.935717 0.880895 0.861460 0.929127 0.997391 0.846356 0.855503 0.973229 0.945293 0.897001 0.866857 0.943578 0.950606 0.885130 0.886777 0.884017 0.813304 0.816938 0.834307 0.825084 0.847588 0.837131 0.732905 0.819641 0.790290 0.791277 0.921014 0.998706 0.941420 0.831248 0.852622 0.777171 0.732941 0.847995 0.817064 0.791109 0.728871 0.792057 0.775938 0.796016 0.793570 0.740568 0.876928 0.955893 0.710446 0.882549 0.950253 0.801925 0.719880 0.620519 0.797904 0.731775 0.996717 0.977605 0.967603 0.794338 0.923413 0.804832 0.818203 0.680544 0.745367 0.725948 0.904298 0.982520 0.997394 0.811700 0.989081 0.949172 0.987314 0.924405 0.903085 0.925327 0.897792 0.805399 0.967645 0.773349 0.898654 0.886895 0.862785 0.863741 0.978180 0.886059 0.907901 0.861390
0.862389 0.831429 0.858537 0.996847 0.971575 0.000000 0.990837 0.708722 0.877235 0.839601 0.877813 0.767605 0.790728 0.764408 0.836932 0.738556 0.957013 0.961536 0.938377 0.874214 0.802621 0.939466 0.922946 0.944943 0.777623 0.947486 0.936232 0.923638 0.759487 0.824436 0.993320 0.888305 0.852873 0.871434 0.891954 0.987267 0.870347 0.948677 0.989316 0.968143 0.835208 0.891915 0.905202 0.774361 0.938885 0.844212 0.993842 0.972666 0.856192 0.772071 0.818208 0.781906 0.939303 0.793103 0.858997 0.999461 0.966581 0.893725 0.914194 0.737475 0.886426 0.735646 0.840143 0.822887 0.877352 0.826451 0.930097 0.964444 0.861814 0.938964 0.975757 0.957782 0.969962 0.973512 0.824116 0.954266 0.769235 0.870942 0.942936 0.943165 0.922508 0.911295 0.911525 0.823357 0.978563 0.951844 0.985882 0.923581 0.806122 0.876591 0.896767 0.960383 0.948109 0.978337 0.993887 0.980681 0.956383 0.880546 0.926430 0.931816 0.784747 0.931058 0.998855 0.935784 0.848171 0.995039 0.971838 0.738259 0.779273 0.786715 0.919590 0.955165 0.979015 0.999478 0.962494 0.927074
0.880979 0.844469 0.483183 0.713691 0.876038 0.990837 0.000000 0.603488 0.468424 0.598082 0.856109 0.952332 0.808297 0.828492 0.917733 0.833202 0.888265 0.960327 0.943292 0.877552 0.799009 0.907336 0.985266 0.684755 0.971958 0.778594 0.680774 0.831924 0.920594 0.942859 0.759997 0.721595 0.595821 0.735368 0.685081 0.779910 0.970840 0.996471 0.996499 0.917653 0.865199 0.825695 0.420485 0.608534 0.397452 0.730992 0.807157 0.676652 0.917957 0.756023 0.932066 0.849235 0.856377 0.952531 0.909626 0.939161 0.897682 0.763125 0.963409 0.824275 0.444407 0.833109 0.874697 0.977811 0.600827 0.452372 0.393046 0.315729 0.656384 0.694471 0.975353 0.811717 0.971800 0.915154 0.940913 0.988734 0.983953 0.947305 0.852785 0.880209 0.979129 0.893483 0.984350 0.976042 0.844342 0.893516 0.912397 0.736226 0.976992 0.841283 0.465953 0.555734 0.499178 0.578861 0.859805 0.972630 0.701401 0.537000 0.500084 0.499524 0.610255 0.576832 0.831047 0.804104 0.841260 0.716292 0.809250 0.627391 0.889109 0.902231 0.584960 0.557300 0.735828 0.990650 0.741512 0.910647
0.459633 0.439046 0.861589 0.735941 0.848715 0.708722 0.603488 0.000000 0.757891 0.346354 0.300305 0.355671 0.466983 0.511897 0.818871 0.775352 0.369337 0.441960 0.522468 0.468940 0.747298 0.937637 0.723704 0.690268 0.520301 0.762803 0.767881 0.855220 0.335936 0.357495 0.935163 0.871427 0.590093 0.421083 0.812957 0.795562 0.833816 0.988413 0.860727 0.968561 0.974568 0.999958 0.704799 0.437034 0.599241 0.398504 0.704833 0.543680 0.446473 0.528296 0.445076 0.515044 0.621154 0.556187 0.854357 0.646703 0.490474 0.529312 0.496243 0.520813 0.409939 0.271474 0.349127 0.343738 0.700995 0.811215 0.985734 0.856968 0.842373 0.737599 0.994261 0.877887 0.628846 0.632521 0.692250 0.901851 0.531118 0.769271 0.691345 0.711527 0.475319 0.547383 0.759867 0.878678 0.886342 0.998736 0.821951 0.863383 0.888134 0.957426 0.783916 0.880431 0.926801 0.869969 0.930934 0.775421 0.818515 0.926704 0.435961 0.513551 0.536900 0.706457 0.621605 0.544846 0.807592 0.903427 0.943757 0.879184 0.908514 0.976824 0.752650 0.650474 0.487703 0.958565 0.875920 0.744255
0.808649 0.798580 0.664067 0.931337 0.798002 0.877235 0.468424 0.757891 0.000000 0.686337 0.982809 0.878038 0.962989 0.762327 0.905041 0.914013 0.986929 0.879140 0.821449 0.814720 0.973004 0.886333 0.964510 0.687409 0.975439 0.818927 0.758863 0.808348 0.991680 0.970202 0.687725 0.739521 0.890298 0.934921 0.741358 0.907812 0.961973 0.981796 0.902245 0.865989 0.768294 0.836470 0.564050 0.707860 0.588619 0.782000 0.934596 0.816665 0.883669 0.797244 0.945812 0.914684 0.902444 0.973126 0.814067 0.950836 0.855431 0.763929 0.908612 0.859608 0.682065 0.873951 0.997358 0.939662 0.687153 0.577838 0.593238 0.515233 0.700526 0.734033 0.987314 0.884022 0.829748 0.856692 0.979598 0.911862 0.983554 0.962283 0.979089 0.761693 0.918903 0.850724 0.861096 0.859293 0.999381 0.865346 0.783031 0.696956 0.993488 0.850257 0.658024 0.598387 0.608586 0.602381 0.845822 0.918683 0.850253 0.804374 0.693116 0.720224 0.632329 0.726571 0.988848 0.853402 0.785243 0.693948 0.832091 0.624755 0.991931 0.862414 0.672783 0.785550 0.819857 0.844999 0.758546 0.994439
0.675629 0.599930 0.923043 0.866472 0.889216 0.839601 0.598082 0.346354 0.686337 0.000000 0.444318 0.491882 0.636614 0.707562 0.897760 0.912201 0.428234 0.481796 0.698861 0.646884 0.866292 0.863951 0.680907 0.627904 0.617705 0.796940 0.657383 0.860689 0.442489 0.404691 0.824058 0.789092 0.621384 0.504567 0.874038 0.886189 0.982433 0.917282 0.882364 0.881883 0.992550 0.957594 0.612144 0.395344 0.488197 0.402145 0.729297 0.563610 0.596575 0.763423 0.616912 0.737898 0.768455 0.739247 0.815614 0.689922 0.572977 0.701628 0.709751 0.783301 0.500087 0.438966 0.477417 0.435779 0.740692 0.865072 0.928227 0.797012 0.918570 0.878776 0.878413 0.599300 0.657762 0.715824 0.804881 0.912377 0.649944 0.717780 0.717928 0.718993 0.529681 0.627187 0.819474 0.806833 0.971463 0.893912 0.941590 0.917800 0.822007 0.918139 0.801148 0.930371 0.917433 0.960302 0.981597 0.816545 0.824648 0.937603 0.420619 0.428730 0.652527 0.727279 0.684725 0.595666 0.922616 0.949534 0.819466 0.816456 0.857883 0.970362 0.804794 0.579276 0.569271 0.970940 0.911031 0.786861
0.325653 0.355289 0.658180 0.826938 0.798357 0.877813 0.856109 0.300305 0.982809 0.444318 0.000000 0.266053 0.412487 0.395281 0.781151 0.737367 0.287939 0.317333 0.411449 0.347486 0.782310 0.942518 0.626133 0.731534 0.490822 0.618379 0.876512 0.911598 0.272076 0.281558 0.925596 0.993530 0.648685 0.439096 0.716888 0.689126 0.836170 0.986930 0.828671 0.890061 0.861786 0.828140 0.864743 0.555214 0.762030 0.433331 0.752574 0.612595 0.357645 0.443703 0.408533 0.462700 0.524652 0.513518 0.695272 0.592698 0.382737 0.403974 0.400817 0.447769 0.508598 0.285824 0.274029 0.259825 0.500497 0.907874 0.802117 0.889277 0.668320 0.643743 0.926908 0.891006 0.517446 0.510534 0.805928 0.905924 0.496380 0.687880 0.608840 0.640229 0.389964 0.453863 0.794501 0.802740 0.931311 0.975709 0.729126 0.965562 0.923447 0.921670 0.952825 0.661259 0.688758 0.618920 0.994998 0.774759 0.870507 0.752550 0.522665 0.619397 0.680407 0.834646 0.639395 0.531844 0.900300 0.872757 0.984941 0.989683 0.975054 0.853068 0.963256 0.833830 0.512319 0.923350 0.879668 0.738740
0.263683 0.272713 0.530688 0.829457 0.748936 0.767605 0.952332 0.355671 0.878038 0.491882 0.266053 0.000000 0.356930 0.252842 0.706473 0.572614 0.283832 0.306869 0.357319 0.282648 0.847364 0.839553 0.758403 0.931959 0.499713 0.562896 0.931430 0.933634 0.294000 0.298544 0.869618 0.942861 0.709579 0.474384 0.600468 0.663398 0.835212 0.996891 0.824010 0.945828 0.872374 0.905529 0.996630 0.595591 0.906854 0.479146 0.774854 0.646288 0.315566 0.357799 0.353408 0.388688 0.466797 0.521169 0.735367 0.538922 0.339273 0.312352 0.399873 0.343114 0.599901 0.268516 0.290906 0.213861 0.466927 0.911630 0.674601 0.751682 0.539760 0.531120 0.990276 0.864954 0.507177 0.566527 0.760436 0.836069 0.438184 0.657232 0.730887 0.570802 0.367526 0.363177 0.657804 0.812993 0.853069 0.832107 0.743564 0.885392 0.894330 0.848185 0.909283 0.478723 0.521290 0.486039 0.926785 0.753904 0.979299 0.674308 0.613850 0.707579 0.748565 0.947445 0.640677 0.650928 0.913043 0.831157 0.934939 0.950748 0.915858 0.913899 0.946540 0.888943 0.537238 0.981872 0.962668 0.720847
0.424483 0.520284 0.862153 0.742836 0.898097 0.790728 0.808297 0.466983 0.962989 0.636614 0.412487 0.356930 0.000000 0.378952 0.489904 0.535383 0.442952 0.477306 0.518933 0.538526 0.766379 0.923814 0.974596 0.984537 0.660121 0.754835 0.983125 0.948026 0.437708 0.484915 0.971820 0.967038 0.638108 0.570150 0.782180 0.824890 0.821874 0.815315 0.827057 0.880261 0.960868 0.971052 0.841706 0.601668 0.889518 0.611354 0.792439 0.664067 0.512389 0.565768 0.534831 0.555456 0.610198 0.635530 0.881727 0.723509 0.569606 0.542246 0.431154 0.455423 0.459011 0.418993 0.365025 0.386634 0.859037 0.825769 0.975035 0.986659 0.796203 0.770607 0.981533 0.886125 0.686167 0.803581 0.860395 0.828919 0.573417 0.700056 0.783732 0.802806 0.599737 0.561278 0.697001 0.970362 0.689796 0.732096 0.825262 0.979176 0.958942 0.850529 0.901379 0.640944 0.785112 0.602055 0.944072 0.869202 0.869382 0.790268 0.566060 0.673452 0.668752 0.887411 0.664753 0.780012 0.784213 0.999581 0.804939 0.910245 0.907979 0.960237 0.975610 0.879881 0.585321 0.954372 0.767613 0.686269
0.299621 0.331180 0.568249 0.806090 0.750647 0.764408 0.828492 0.511897 0.762327 0.707562 0.395281 0.252842 0.378952 0.000000 0.600681 0.463824 0.378708 0.370594 0.372204 0.346903 0.878191 0.814452 0.976302 0.842369 0.655758 0.651718 0.952237 0.970458 0.405799 0.427938 0.888048 0.899290 0.758862 0.557516 0.623215 0.706694 0.827542 0.942003 0.782165 0.963673 0.870610 0.850521 0.933451 0.701371 0.944522 0.589125 0.804485 0.697232 0.370421 0.362691 0.400853 0.386581 0.479169 0.518016 0.784559 0.631473 0.450400 0.347348 0.470450 0.373367 0.717482 0.395708 0.375366 0.308187 0.567591 0.952075 0.675096 0.706912 0.548458 0.555647 0.967015 0.920737 0.567442 0.591006 0.755138 0.818273 0.535874 0.681156 0.718961 0.598829 0.442459 0.371011 0.627648 0.846699 0.731987 0.631110 0.719296 0.841589 0.933363 0.769503 0.836633 0.428008 0.480064 0.372486 0.915693 0.879987 0.907651 0.584972 0.739198 0.794695 0.873536 0.998785 0.718494 0.731532 0.859479 0.846789 0.901149 0.838673 0.942676 0.949487 0.924821 0.995804 0.650032 0.951612 0.955159 0.800280
0.742754 0.774930 0.953111 0.819838 0.978118 0.836932 0.917733 0.818871 0.905041 0.897760 0.781151 0.706473 0.489904 0.600681 0.000000 0.467521 0.725618 0.702454 0.725296 0.782373 0.965110 0.989586 0.607532 0.791226 0.984923 0.945425 0.905276 0.968365 0.765881 0.773590 0.789835 0.822695 0.638063 0.746298 0.971293 0.943535 0.984552 0.828746 0.865177 0.964609 0.990937 0.954640 0.750555 0.660446 0.949646 0.730890 0.884567 0.711304 0.768056 0.773398 0.799007 0.740364 0.805945 0.779292 0.988761 0.931886 0.811446 0.738152 0.785409 0.701799 0.746014 0.742828 0.624048 0.678662 0.827650 0.683484 0.779299 0.826671 0.978314 0.957705 0.844255 0.772431 0.832256 0.971646 0.925071 0.919398 0.718462 0.793335 0.785067 0.860732 0.798006 0.725347 0.693872 0.865184 0.615618 0.509192 0.854782 0.921175 0.911801 0.826487 0.899735 0.859590 0.874231 0.756074 0.924368 0.977142 0.997699 0.773480 0.786163 0.724648 0.785024 0.933047 0.947002 0.927812 0.821818 0.958549 0.762144 0.963524 0.992510 0.922636 0.957635 0.954663 0.892412 0.991613 0.646919 0.905588
0.689900 0.688938 0.780634 0.913758 0.918284 0.738556 0.833202 0.775352 0.914013 0.912201 0.737367 0.572614 0.535383 0.463824 0.467521 0.000000 0.719124 0.725097 0.710449 0.721698 0.967769 0.837832 0.824414 0.743373 0.841993 0.844647 0.948972 0.981936 0.737767 0.694294 0.983987 0.987847 0.822719 0.842803 0.848865 0.850665 0.943811 0.781267 0.922176 0.957659 0.959405 0.955315 0.977352 0.760550 0.814153 0.860871 0.955699 0.810415 0.752249 0.700657 0.777992 0.744402 0.891527 0.882189 0.983636 0.928674 0.716200 0.694560 0.781446 0.615070 0.910777 0.723721 0.625193 0.601646 0.889539 0.897192 0.902761 0.878694 0.847678 0.766923 0.845454 0.855484 0.865027 0.920844 0.864767 0.838615 0.771491 0.676371 0.884558 0.784056 0.754287 0.638479 0.790249 0.932532 0.739943 0.536066 0.794850 0.863867 0.914031 0.952805 0.786543 0.630630 0.645691 0.626689 0.918705 0.916363 0.905935 0.660501 0.980386 0.965739 0.871780 0.931149 0.955856 0.937642 0.915076 0.921899 0.991574 0.882203 0.960212 0.943466 0.950253 0.972742 0.840039 0.971050 0.802626 0.868719
0.343447 0.311754 0.728013 0.754181 0.715428 0.957013 0.888265 0.369337 0.986929 0.428234 0.287939 0.283832 0.442952 0.378708 0.725618 0.719124 0.000000 0.220138 0.335907 0.314559 0.950519 0.856796 0.817915 0.818528 0.627957 0.714034 0.863582 0.986361 0.296879 0.280641 0.941791 0.857926 0.549739 0.381895 0.720801 0.763851 0.986415 0.877249 0.882687 0.840953 0.871415 0.826622 0.814704 0.489117 0.720294 0.411238 0.645022 0.461031 0.331022 0.474884 0.402066 0.482686 0.514785 0.563700 0.592239 0.498879 0.319435 0.364256 0.485109 0.544361 0.596545 0.361282 0.292501 0.231677 0.571382 0.949392 0.795804 0.906813 0.591202 0.606396 0.879248 0.743848 0.452290 0.487830 0.747714 0.915410 0.470845 0.656243 0.578238 0.495701 0.265639 0.308419 0.644993 0.648402 0.743052 0.783098 0.764243 0.898728 0.890410 0.787134 0.940603 0.579064 0.637921 0.523254 0.892885 0.777349 0.938152 0.777300 0.485940 0.569818 0.783672 0.866443 0.537296 0.586246 0.877424 0.862334 0.774330 0.947825 0.996413 0.875850 0.949623 0.778212 0.529114 0.992562 0.897730 0.717331
0.322861 0.280064 0.753912 0.760757 0.733655 0.961536 0.960327 0.441960 0.879140 0.481796 0.317333 0.306869 0.477306 0.370594 0.702454 0.725097 0.220138 0.000000 0.292428 0.297071 0.996325 0.795249 0.881710 0.895455 0.704310 0.763200 0.892584 0.920908 0.286329 0.281273 0.903306 0.791411 0.515607 0.405767 0.747197 0.741692 0.973281 0.866761 0.887990 0.766467 0.714705 0.768277 0.825298 0.514866 0.760504 0.425507 0.656871 0.466018 0.317082 0.431319 0.389774 0.440053 0.479629 0.506101 0.547748 0.482927 0.313993 0.318660 0.517797 0.529587 0.665830 0.428419 0.308468 0.252090 0.560601 0.851760 0.741978 0.845293 0.556666 0.576292 0.864174 0.762858 0.401376 0.444750 0.816874 0.838931 0.467737 0.597569 0.511681 0.405466 0.249620 0.284375 0.593151 0.654176 0.761519 0.765548 0.750163 0.841086 0.897223 0.806320 0.941447 0.560385 0.593682 0.467740 0.907794 0.787422 0.937634 0.767634 0.555154 0.612689 0.825389 0.890464 0.547565 0.544473 0.825578 0.848755 0.863764 0.891990 0.946248 0.927225 0.968640 0.893677 0.544317 0.986573 0.905453 0.782731
0.351597 0.303782 0.672686 0.796035 0.637891 0.938377 0.943292 0.522468 0.821449 0.698861 0.411449 0.357319 0.518933 0.372204 0.725296 0.710449 0.335907 0.292428 0.000000 0.286006 0.973260 0.874910 0.963149 0.992655 0.759117 0.756865 0.994030 0.936594 0.391719 0.407022 0.973337 0.914702 0.598039 0.501550 0.718494 0.752174 0.929631 0.880629 0.842011 0.995147 0.728874 0.875923 0.988950 0.701188 0.925030 0.633017 0.673992 0.579165 0.406426 0.428361 0.456732 0.450511 0.517036 0.532835 0.535344 0.537486 0.354717 0.349970 0.556004 0.541890 0.807144 0.486222 0.440384 0.378070 0.562540 0.805237 0.679013 0.752084 0.496389 0.540572 0.873474 0.863803 0.425947 0.474579 0.822726 0.927973 0.415559 0.752785 0.607437 0.470184 0.340516 0.324398 0.640828 0.652171 0.758265 0.760619 0.703704 0.791387 0.892788 0.793378 0.916852 0.529746 0.600623 0.448451 0.880008 0.816613 0.972385 0.616584 0.749163 0.820334 0.852851 0.992197 0.631386 0.692809 0.910643 0.876584 0.910253 0.781540 0.975954 0.995903 0.898909 0.995103 0.657146 0.997745 0.977839 0.725339
0.275700 0.239273 0.576406 0.753671 0.726215 0.874214 0.877552 0.468940 0.814720 0.646884 0.347486 0.282648 0.538526 0.346903 0.782373 0.721698 0.314559 0.297071 0.286006 0.000000 0.980114 0.844950 0.845169 0.968589 0.715720 0.700957 0.969078 0.941368 0.351699 0.386546 0.900783 0.961055 0.728964 0.491365 0.671540 0.650106 0.908573 0.842265 0.921018 0.848122 0.766791 0.821045 0.921524 0.714374 0.998040 0.584256 0.777134 0.624497 0.303471 0.318662 0.333093 0.357246 0.416204 0.463044 0.584662 0.425810 0.318455 0.271783 0.512245 0.433802 0.814238 0.388707 0.447190 0.339275 0.475145 0.797950 0.552751 0.674297 0.429414 0.411189 0.990023 0.939375 0.416682 0.476736 0.818091 0.845041 0.394699 0.692047 0.622719 0.458752 0.297210 0.299308 0.574198 0.669798 0.793891 0.775590 0.700203 0.800758 0.869306 0.795231 0.852612 0.529554 0.566499 0.479813 0.854521 0.799141 0.988957 0.655487 0.716262 0.792344 0.849460 0.988079 0.628678 0.698596 0.864655 0.803754 0.993733 0.859469 0.963266 0.937304 0.936667 0.969031 0.633187 0.904223 0.997439 0.713434
0.982840 0.980812 0.923959 0.967653 0.914772 0.802621 0.799009 0.747298 0.973004 0.866292 0.782310 0.847364 0.766379 0.878191 0.965110 0.967769 0.950519 0.996325 0.973260 0.980114 0.000000 0.800324 0.894235 0.880381 0.838509 0.917744 0.978401 0.963961 0.884766 0.903510 0.905689 0.963255 0.907571 0.926820 0.957006 0.914998 0.662713 0.817822 0.766590 0.819143 0.655463 0.851027 0.991547 0.967865 0.953406 0.934728 0.834280 0.993431 0.951689 0.933636 0.968963 0.949497 0.962465 0.890792 0.845089 0.885497 0.997751 0.965832 0.785720 0.896903 0.752090 0.834042 0.808002 0.869758 0.966899 0.869559 0.848796 0.866129 0.869378 0.968008 0.957552 0.970723 0.914465 0.891345 0.914998 0.907515 0.906461 0.948500 0.911354 0.920176 0.948881 0.918154 0.909552 0.926596 0.838269 0.902296 0.920936 0.902161 0.912911 0.910505 0.749313 0.950166 0.950864 0.914887 0.984642 0.908676 0.914085 0.991829 0.912476 0.892702 0.854459 0.747092 0.956287 0.974432 0.866339 0.961850 0.893729 0.840590 0.847446 0.826286 0.873564 0.820783 0.916665 0.859341 0.920955 0.940854
0.823374 0.781625 0.990105 0.908487 0.962830 0.939466 0.907336 0.937637 0.886333 0.863951 0.942518 0.839553 0.923814 0.814452 0.989586 0.837832 0.856796 0.795249 0.874910 0.844950 0.800324 0.000000 0.988092 0.862880 0.929118 0.917417 0.991288 0.953474 0.898907 0.858485 0.888464 0.923239 0.999806 0.897556 0.913766 0.945415 0.906961 0.628874 0.977380 0.747412 0.771529 0.784719 0.914228 0.862923 0.947284 0.855452 0.845037 0.880540 0.789300 0.846511 0.815294 0.850985 0.890391 0.913417 0.944874 0.849736 0.850657 0.824487 0.971631 0.860066 0.961686 0.924068 0.909200 0.832222 0.892289 0.936829 0.861723 0.925402 0.927412 0.919198 0.874160 0.856544 0.891361 0.785675 0.901507 0.973841 0.885980 0.762300 0.987229 0.759771 0.782394 0.739894 0.864444 0.827189 0.835282 0.821080 0.850296 0.868865 0.979785 0.828383 0.967831 0.747506 0.868248 0.878636 0.978911 0.853467 0.937878 0.963933 0.997109 0.927056 0.951569 0.959752 0.874934 0.935717 0.959245 0.967177 0.977738 0.764570 0.876371 0.838760 0.924981 0.949489 0.899213 0.894070 0.931138 0.978376
0.819396 0.838042 0.598058 0.790228 0.927549 0.922946 0.985266 0.723704 0.964510 0.680907 0.626133 0.758403 0.974596 0.976302 0.607532 0.824414 0.817915 0.881710 0.963149 0.845169 0.894235 0.988092 0.000000 0.465476 0.552353 0.604763 0.807369 0.994561 0.738827 0.679689 0.774415 0.846984 0.829463 0.814107 0.776556 0.721167 0.839803 0.907377 0.953755 0.912388 0.954552 0.906374 0.911128 0.887580 0.878869 0.799238 0.961640 0.967829 0.824656 0.873348 0.848322 0.933095 0.949083 0.982039 0.897995 0.854054 0.747543 0.873176 0.791881 0.843945 0.844586 0.670977 0.772476 0.733177 0.520997 0.761396 0.724370 0.851328 0.900844 0.877029 0.780615 0.974884 0.963494 0.836611 0.999762 0.999467 0.860560 0.941623 0.976828 0.986370 0.832797 0.953870 0.794692 0.855095 0.601358 0.547115 0.962400 0.793143 0.903649 0.869580 0.912218 0.875492 0.823771 0.975708 0.971071 0.819376 0.997952 0.999605 0.882583 0.977289 0.878836 0.933756 0.941423 0.715058 0.857196 0.812458 0.718584 0.839654 0.924558 0.915292 0.944067 0.887942 0.834127 0.980896 0.812989 0.957977
0.977390 0.995364 0.981274 0.846038 0.978438 0.944943 0.684755 0.690268 0.687409 0.627904 0.731534 0.931959 0.984537 0.842369 0.791226 0.743373 0.818528 0.895455 0.992655 0.968589 0.880381 0.862880 0.465476 0.000000 0.692043 0.891221 0.704470 0.958432 0.764043 0.742917 0.966406 0.809793 0.856775 0.732032 0.990478 0.917596 0.987024 0.920046 0.889433 0.902569 0.977001 0.929655 0.794926 0.743638 0.647052 0.740323 0.924937 0.905725 0.946659 0.961389 0.959345 0.942350 0.903485 0.987260 0.881808 0.924233 0.852743 0.980926 0.910038 0.944046 0.741932 0.776647 0.769116 0.842094 0.836487 0.969510 0.915895 0.752017 0.874294 0.946554 0.930433 0.956859 0.898283 0.908486 0.866936 0.996550 0.848403 0.956090 0.867217 0.957525 0.872565 0.966553 0.805627 0.942488 0.727280 0.519932 0.960134 0.671171 0.869711 0.862535 0.837452 0.827315 0.857910 0.794709 0.988901 0.909085 0.979236 0.866783 0.632811 0.831311 0.781258 0.769042 0.957226 0.782840 0.987262 0.965294 0.928429 0.724497 0.916031 0.968137 0.859447 0.785614 0.890513 0.944700 0.977045 0.923053
0.681012 0.719340 0.529709 0.851401 0.994048 0.777623 0.971958 0.520301 0.975439 0.617705 0.490822 0.499713 0.660121 0.655758 0.984923 0.841993 0.627957 0.704310 0.759117 0.715720 0.838509 0.929118 0.552353 0.692043 0.000000 0.384907 0.649425 0.844870 0.562894 0.511910 0.696635 0.832692 0.963919 0.759426 0.677510 0.789657 0.673842 0.772024 0.886457 0.887115 0.946840 0.874893 0.977778 0.795982 0.962458 0.746714 0.838119 0.921096 0.709360 0.757990 0.770614 0.821281 0.893902 0.904210 0.963409 0.876478 0.694493 0.735389 0.563994 0.601641 0.599303 0.516247 0.495516 0.528557 0.518191 0.852182 0.815118 0.888377 0.944967 0.870950 0.775287 0.893531 0.817951 0.793599 0.862201 0.865407 0.782362 0.936195 0.932454 0.926750 0.787046 0.859339 0.971263 0.896526 0.743233 0.723274 0.923970 0.766108 0.735663 0.862237 0.899244 0.749720 0.744402 0.801211 0.978492 0.850219 0.926384 0.862551 0.727515 0.904133 0.803648 0.987833 0.855139 0.792572 0.914787 0.823250 0.984374 0.934853 0.914852 0.847403 0.963387 0.860824 0.742153 0.945347 0.904223 0.845582
0.717485 0.768382 0.380888 0.769756 0.937911 0.947486 0.778594 0.762803 0.818927 0.796940 0.618379 0.562896 0.754835 0.651718 0.945425 0.844647 0.714034 0.763200 0.756865 0.700957 0.917744 0.917417 0.604763 0.891221 0.384907 0.000000 0.870886 0.924082 0.710459 0.654093 0.485036 0.629284 0.809701 0.910963 0.557531 0.738314 0.638597 0.867242 0.743964 0.942295 0.945331 0.983894 0.681556 0.950928 0.832735 0.982435 0.998329 0.898871 0.789350 0.832747 0.871790 0.951010 0.997231 0.925696 0.934807 0.877579 0.703983 0.743990 0.609386 0.695614 0.834791 0.676478 0.667741 0.652623 0.488414 0.672725 0.670922 0.660576 0.819869 0.825769 0.787664 0.986410 0.841186 0.859724 0.918987 0.972313 0.833793 0.949037 0.987021 0.996545 0.891146 0.868889 0.998263 0.976578 0.747157 0.738972 0.804831 0.950831 0.807792 0.886522 0.608159 0.547769 0.526805 0.704487 0.818795 0.821170 0.920286 0.695856 0.993187 0.934711 0.948151 0.734308 0.992184 0.996363 0.852743 0.681921 0.913483 0.829433 0.984192 0.810998 0.966440 0.967652 0.981837 0.871149 0.834964 0.835635
0.928387 0.957056 0.968305 0.970464 0.970248 0.936232 0.680774 0.767881 0.758863 0.657383 0.876512 0.931430 0.983125 0.952237 0.905276 0.948972 0.863582 0.892584 0.994030 0.969078 0.978401 0.991288 0.807369 0.704470 0.649425 0.870886 0.000000 0.768304 0.811896 0.852786 0.963887 0.815162 0.796661 0.828101 0.721456 0.959094 0.986009 0.889466 0.910492 0.931093 0.958432 0.917387 0.727042 0.798909 0.684962 0.820599 0.951329 0.835085 0.989923 0.793544 0.975736 0.848494 0.850863 0.900607 0.900073 0.995653 0.959706 0.840793 0.969503 0.894790 0.676549 0.841870 0.828384 0.871232 0.933911 0.903229 0.768102 0.698700 0.817634 0.743335 0.943094 0.927648 0.892735 0.919214 0.955267 0.923018 0.894750 0.910333 0.936960 0.995355 0.935283 0.983720 0.875456 0.999069 0.889872 0.743381 0.942430 0.782400 0.809346 0.847806 0.881362 0.906548 0.875075 0.907207 0.899255 0.900873 0.919461 0.784946 0.664886 0.727304 0.815182 0.778864 0.933289 0.803411 0.940498 0.925982 0.998961 0.791543 0.876774 0.956355 0.792943 0.776091 0.795580 0.718122 0.934307 0.900783
0.989099 0.995019 0.967131 0.928147 0.886524 0.923638 0.831924 0.855220 0.808348 0.860689 0.911598 0.933634 0.948026 0.970458 0.968365 0.981936 0.986361 0.920908 0.936594 0.941368 0.963961 0.953474 0.994561 0.958432 0.844870 0.924082 0.768304 0.000000 0.900310 0.868741 0.987342 0.823307 0.954011 0.985591 0.971994 0.716572 0.784635 0.960597 0.920632 0.977090 0.959001 0.846499 0.878794 0.988436 0.901314 0.885253 0.936913 0.860918 0.970080 0.991321 0.997121 0.983455 0.975643 0.985199 0.964102 0.883665 0.981146 0.976797 0.987450 0.966923 0.849181 0.878788 0.944545 0.946431 0.994537 0.912231 0.956941 0.916985 0.988003 0.965909 0.977327 0.934167 0.852129 0.965037 0.981640 0.969382 0.950687 0.926178 0.964934 0.991732 0.980630 0.947544 0.999018 0.966211 0.873800 0.886447 0.917706 0.846580 0.855917 0.688808 0.907225 0.969783 0.942530 0.984862 0.942437 0.813140 0.934587 0.990197 0.943232 0.959606 0.956327 0.937146 0.974574 0.842290 0.998106 0.940549 0.941981 0.883593 0.838907 0.875361 0.813175 0.994400 0.983778 0.964824 0.989635 0.986617
0.335633 0.310632 0.687823 0.839059 0.826608 0.759487 0.920594 0.335936 0.991680 0.442489 0.272076 0.294000 0.437708 0.405799 0.765881 0.737767 0.296879 0.286329 0.391719 0.351699 0.884766 0.898907 0.738827 0.764043 0.562894 0.710459 0.811896 0.900310 0.000000 0.264015 0.986453 0.833864 0.561463 0.395851 0.758834 0.726669 0.908734 0.956130 0.847922 0.894224 0.804626 0.843431 0.840426 0.512629 0.749396 0.391762 0.701306 0.558059 0.329630 0.396182 0.340745 0.404368 0.461976 0.446611 0.644217 0.513581 0.376781 0.370756 0.423551 0.449369 0.552964 0.296355 0.297545 0.260551 0.522294 0.919198 0.769069 0.886125 0.685603 0.633002 0.980817 0.897831 0.431030 0.509018 0.789854 0.834183 0.425050 0.669173 0.599541 0.517454 0.349422 0.416814 0.691849 0.769407 0.866615 0.931757 0.810584 0.999321 0.915985 0.889471 0.926148 0.624526 0.714102 0.592471 0.864017 0.787683 0.916596 0.748198 0.507326 0.646310 0.697727 0.799471 0.597440 0.537697 0.794767 0.858024 0.928991 0.982681 0.934191 0.965299 0.975595 0.827347 0.492352 0.976540 0.997703 0.765818
0.396220 0.346346 0.658948 0.895916 0.843906 0.824436 0.942859 0.357495 0.970202 0.404691 0.281558 0.298544 0.484915 0.427938 0.773590 0.694294 0.280641 0.281273 0.407022 0.386546 0.903510 0.858485 0.679689 0.742917 0.511910 0.654093 0.852786 0.868741 0.264015 0.000000 0.876567 0.843249 0.611849 0.387651 0.663125 0.668089 0.962942 0.960558 0.893761 0.800363 0.796515 0.812030 0.754282 0.440019 0.714517 0.368837 0.672868 0.518476 0.357918 0.440671 0.436876 0.473517 0.542131 0.546644 0.698424 0.628223 0.349849 0.370348 0.514661 0.488105 0.619021 0.353929 0.257506 0.226875 0.464058 0.838935 0.719335 0.870393 0.719727 0.655222 0.903526 0.802733 0.514222 0.544212 0.833069 0.868419 0.487546 0.615012 0.607247 0.523164 0.345262 0.427235 0.769082 0.726603 0.992100 0.957515 0.749750 0.994958 0.826421 0.977592 0.946221 0.600696 0.627410 0.557615 0.958604 0.733790 0.936864 0.747028 0.571324 0.705887 0.694249 0.826412 0.608984 0.516552 0.908602 0.850389 0.935917 0.968884 0.924112 0.884567 0.924686 0.824361 0.501062 0.928942 0.945509 0.790346
0.936981 0.961175 0.616542 0.931786 0.982196 0.993320 0.759997 0.935163 0.687725 0.824058 0.925596 0.869618 0.971820 0.888048 0.789835 0.983987 0.941791 0.903306 0.973337 0.900783 0.905689 0.888464 0.774415 0.966406 0.696635 0.485036 0.963887 0.987342 0.986453 0.876567 0.000000 0.471520 0.666284 0.757147 0.806517 0.908317 0.658877 0.904148 0.902723 0.907232 0.920258 0.944262 0.416269 0.520457 0.588013 0.643047 0.737805 0.625608 0.922835 0.975834 0.960849 0.890929 0.896211 0.806650 0.992193 0.968048 0.968826 0.997947 0.692403 0.915310 0.982988 0.940383 0.940283 0.975874 0.816759 0.797039 0.823907 0.630553 0.777164 0.837381 0.643366 0.758619 0.961642 0.950626 0.915232 0.915636 0.891102 0.731534 0.876070 0.776575 0.854518 0.947665 0.993557 0.976198 0.886906 0.808804 0.938070 0.800872 0.935401 0.934811 0.725543 0.775894 0.781764 0.927257 0.844018 0.973282 0.963777 0.984504 0.814066 0.794371 0.713281 0.740813 0.792184 0.856953 0.865028 0.755397 0.868328 0.923949 0.934202 0.839172 0.832112 0.801869 0.811191 0.996483 0.741603 0.816913
0.965818 0.916890 0.709615 0.880391 0.995766 0.888305 0.721595 0.871427 0.739521 0.789092 0.993530 0.942861 0.967038 0.899290 0.822695 0.987847 0.857926 0.791411 0.914702 0.961055 0.963255 0.923239 0.846984 0.809793 0.832692 0.629284 0.815162 0.823307 0.833864 0.843249 0.471520 0.000000 0.531953 0.718484 0.828553 0.975785 0.715373 0.866539 0.815977 0.782215 0.927251 0.993570 0.489066 0.545846 0.579377 0.632769 0.713791 0.554258 0.897172 0.954774 0.904424 0.895481 0.941850 0.808468 0.859188 0.928939 0.919630 0.968352 0.801009 0.939391 0.960953 0.976279 0.899818 0.912316 0.868754 0.826740 0.886020 0.646869 0.834672 0.991267 0.609143 0.728537 0.850518 0.968151 0.942096 0.891114 0.848577 0.798996 0.751857 0.687880 0.778636 0.897241 0.861538 0.945021 0.887131 0.835719 0.968876 0.813974 0.997632 0.982129 0.758028 0.812502 0.824505 0.969799 0.958417 0.919349 0.957976 0.902423 0.792739 0.864278 0.802312 0.769756 0.821712 0.862195 0.781988 0.947360 0.922851 0.936969 0.900718 0.813525 0.761288 0.769940 0.903208 0.960343 0.843967 0.890448
0.740360 0.686895 0.743928 0.635614 0.935717 0.852873 0.595821 0.590093 0.890298 0.621384 0.648685 0.709579 0.638108 0.758862 0.638063 0.822719 0.549739 0.515607 0.598039 0.728964 0.907571 0.999806 0.829463 0.856775 0.963919 0.809701 0.796661 0.954011 0.561463 0.611849 0.666284 0.531953 0.000000 0.502240 0.831012 0.893765 0.730016 0.907358 0.993706 0.878329 0.913280 0.968654 0.524288 0.478679 0.541640 0.515688 0.751090 0.517625 0.709510 0.834219 0.746684 0.769514 0.819650 0.722152 0.752226 0.857192 0.677225 0.731369 0.806949 0.875505 0.606431 0.669798 0.580901 0.600721 0.929729 0.728619 0.749644 0.672242 0.971811 0.918797 0.832288 0.753307 0.683054 0.776664 0.805480 0.992829 0.651040 0.733745 0.596278 0.606630 0.585068 0.665153 0.755367 0.792400 0.646722 0.742803 0.991008 0.961999 0.995830 0.873762 0.786667 0.948569 0.938131 0.871656 0.981587 0.947545 0.884419 0.891122 0.573186 0.578742 0.778642 0.690731 0.732595 0.655818 0.698953 0.934209 0.766608 0.877358 0.954738 0.932232 0.812534 0.755938 0.664096 0.904598 0.866950 0.861463
0.498966 0.483986 0.906734 0.791551 0.880895 0.871434 0.735368 0.421083 0.934921 0.504567 0.439096 0.474384 0.570150 0.557516 0.746298 0.842803 0.381895 0.405767 0.501550 0.491365 0.926820 0.897556 0.814107 0.732032 0.759426 0.910963 0.828101 0.985591 0.395851 0.387651 0.757147 0.718484 0.502240 0.000000 0.930464 0.843618 0.920030 0.842770 0.983593 0.852556 0.858303 0.885042 0.582922 0.368763 0.551961 0.378775 0.667623 0.526767 0.469800 0.584147 0.545839 0.576744 0.639018 0.607049 0.811650 0.671581 0.512098 0.549503 0.667654 0.647870 0.615558 0.451206 0.385158 0.404937 0.694064 0.904015 0.973151 0.835802 0.857143 0.833655 0.809697 0.713278 0.599844 0.684248 0.804558 0.951092 0.418631 0.706551 0.639249 0.617201 0.473431 0.555100 0.720894 0.757500 0.834320 0.855177 0.831172 0.891579 0.860732 0.938657 0.892202 0.767360 0.834701 0.733431 0.970882 0.755408 0.985333 0.987141 0.470504 0.648727 0.750326 0.779337 0.589831 0.658749 0.890706 0.929826 0.811049 0.969629 0.892117 0.924057 0.902043 0.707607 0.536669 0.998788 0.904300 0.886234
0.681917 0.687111 0.494276 0.938196 0.861460 0.891954 0.685081 0.812957 0.741358 0.874038 0.716888 0.600468 0.782180 0.623215 0.971293 0.848865 0.720801 0.747197 0.718494 0.671540 0.957006 0.913766 0.776556 0.990478 0.677510 0.557531 0.721456 0.971994 0.758834 0.663125 0.806517 0.828553 0.831012 0.930464 0.000000 0.782102 0.717169 0.921219 0.985672 0.866659 0.963524 0.947663 0.733970 0.964374 0.850069 0.873042 0.898452 0.930459 0.684471 0.627765 0.781235 0.755081 0.808629 0.889032 0.968273 0.829597 0.661475 0.602976 0.791523 0.665769 0.940830 0.769219 0.714397 0.652632 0.565802 0.675035 0.520848 0.568666 0.740860 0.600436 0.876691 0.951210 0.815526 0.892732 0.900837 0.962715 0.922105 0.927559 0.843872 0.818179 0.746895 0.747214 0.776618 0.885480 0.803691 0.918169 0.853010 0.860722 0.939191 0.974120 0.676100 0.569407 0.614765 0.582535 0.911089 0.799738 0.926973 0.674965 0.915337 0.775307 0.900247 0.787655 0.977521 0.977433 0.770982 0.782306 0.984258 0.787975 0.993062 0.911466 0.931044 0.922319 0.941043 0.875741 0.725480 0.859168
0.653900 0.633176 0.605206 0.985244 0.929127 0.987267 0.779910 0.795562 0.907812 0.886189 0.689126 0.663398 0.824890 0.706694 0.943535 0.850665 0.763851 0.741692 0.752174 0.650106 0.914998 0.945415 0.721167 0.917596 0.789657 0.738314 0.959094 0.716572 0.726669 0.668089 0.908317 0.975785 0.893765 0.843618 0.782102 0.000000 0.780776 0.974168 0.951104 0.986199 0.923568 0.960937 0.846552 0.951723 0.902870 0.776236 0.954176 0.899376 0.666715 0.583680 0.633989 0.618723 0.675660 0.682796 0.749679 0.760982 0.587207 0.572938 0.714241 0.583145 0.945008 0.669459 0.712400 0.661286 0.620100 0.781336 0.601275 0.706097 0.668404 0.654327 0.984923 0.919162 0.808034 0.879407 0.999973 0.828438 0.692988 0.989136 0.861825 0.926119 0.790255 0.756649 0.914643 0.849867 0.862695 0.955490 0.678258 0.949310 0.984277 0.957946 0.774132 0.711518 0.569124 0.691667 0.898159 0.972001 0.935938 0.655416 0.996057 0.906754 0.947276 0.949599 0.879140 0.754008 0.955883 0.953933 0.848957 0.865239 0.978605 0.986518 0.866536 0.834584 0.897778 0.941190 0.976106 0.898091
0.874624 0.941326 0.725492 0.991903 0.997391 0.870347 0.970840 0.833816 0.961973 0.982433 0.836170 0.835212 0.821874 0.827542 0.984552 0.943811 0.986415 0.973281 0.929631 0.908573 0.662713 0.906961 0.839803 0.987024 0.673842 0.638597 0.986009 0.784635 0.908734 0.962942 0.658877 0.715373 0.730016 0.920030 0.717169 0.780776 0.000000 0.760349 0.784489 0.668756 0.845559 0.767252 0.767722 0.826293 0.751860 0.910408 0.998523 0.991505 0.976251 0.875187 0.923298 0.927764 0.943321 0.999371 0.985278 0.972666 0.927848 0.924390 0.642671 0.727479 0.821571 0.823819 0.873447 0.906988 0.894743 0.939274 0.892098 0.893413 0.977934 0.980333 0.714519 0.754151 0.995567 0.910216 0.999464 0.954236 0.932912 0.706052 0.954758 0.824462 0.898358 0.900428 0.902326 0.764283 0.845631 0.846935 0.866334 0.845224 0.967442 0.841126 0.978858 0.903023 0.984792 0.972026 0.976231 0.920080 0.963596 0.823646 0.999971 0.936814 0.945634 0.981823 0.982245 0.908750 0.957606 0.950853 0.892525 0.913193 0.941977 0.987625 0.962326 0.919141 0.919249 0.875241 0.990956 0.934381
0.947547 0.880583 0.899644 0.802546 0.846356 0.948677 0.996471 0.988413 0.981796 0.917282 0.986930 0.996891 0.815315 0.942003 0.828746 0.781267 0.877249 0.866761 0.880629 0.842265 0.817822 0.628874 0.907377 0.920046 0.772024 0.867242 0.889466 0.960597 0.956130 0.960558 0.904148 0.866539 0.907358 0.842770 0.921219 0.974168 0.760349 0.000000 0.842504 0.744089 0.659226 0.821706 0.964503 0.986960 0.795595 0.861754 0.900570 0.907964 0.909055 0.972334 0.905198 0.938498 0.872122 0.913858 0.840043 0.743974 0.907232 0.894761 0.970484 0.847844 0.948896 0.948901 0.869401 0.961502 0.976772 0.964320 0.921995 0.959353 0.837172 0.851456 0.903720 0.820969 0.766395 0.796952 0.966786 0.954327 0.814153 0.922232 0.906545 0.772025 0.768288 0.768207 0.813837 0.593521 0.798620 0.846722 0.993280 0.769877 0.990960 0.705308 0.969157 0.888460 0.956671 0.976340 0.972797 0.801565 0.815099 0.866002 0.948126 0.901123 0.903621 0.995874 0.897991 0.877878 0.988897 0.969822 0.851381 0.871504 0.873042 0.917965 0.995413 0.915439 0.984650 0.987461 0.917215 0.849667
