0.000000 0.270588 0.750523 0.706812 0.926185 0.827837 0.987339 0.503197 0.950829 0.776136 0.410797 0.336826 0.511429 0.428989 0.831775 0.757067 0.450190 0.406680 0.459880 0.328393 0.947483 0.944503 0.873404 0.999844 0.703710 0.800448 0.915039 0.959894 0.409236 0.500077 0.844128 0.861810 0.864415 0.633430 0.826346 0.689825 0.723758 0.914205 0.939339 0.897837 0.836612 0.881204 0.856379 0.781480 0.938669 0.649556 0.797787 0.719086 0.298037 0.333435 0.314304 0.318638 0.378595 0.468231 0.703915 0.450459 0.405897 0.333365 0.345927 0.301524 0.668312 0.378190 0.469850 0.361969 0.723896 0.983037 0.704233 0.761023 0.509133 0.503083 0.660799 0.753688 0.642556 0.613127 0.856045 0.746810 0.609163 0.816162 0.813929 0.680022 0.449539 0.470600 0.714385 0.906466 0.795270 0.867115 0.847905 0.973727 0.915183 0.836788 0.934953 0.687071 0.750235 0.609905 0.992154 0.945031 0.883317 0.731482 0.714493 0.788349 0.783326 0.896531 0.678900 0.716716 0.787583 0.966842 0.893499 0.922287 0.893342 0.915084 0.946330 0.935305 0.618075 0.993824 0.944848 0.756852
0.270588 0.000000 0.765152 0.684507 0.888301 0.788252 0.939936 0.477276 0.928151 0.687556 0.454218 0.332935 0.571257 0.422148 0.818567 0.698810 0.396471 0.350074 0.391685 0.287113 0.950510 0.900707 0.920508 0.991493 0.735706 0.844536 0.931463 0.974947 0.381130 0.414419 0.955361 0.993961 0.791993 0.622177 0.828553 0.653686 0.754040 0.935889 0.916939 0.959634 0.864886 0.913020 0.874434 0.734489 0.912537 0.637377 0.737082 0.665811 0.306567 0.290539 0.288374 0.296012 0.386511 0.423021 0.642618 0.469521 0.330162 0.272260 0.441155 0.341462 0.757026 0.417329 0.455743 0.324971 0.674745 0.952605 0.628622 0.744127 0.528716 0.453334 0.786233 0.886205 0.595771 0.579074 0.758817 0.763751 0.592019 0.727868 0.746397 0.525860 0.332776 0.377065 0.725047 0.814911 0.843454 0.848437 0.819431 0.983704 0.998245 0.891897 0.957749 0.682001 0.709733 0.610737 0.964806 0.919416 0.919478 0.698907 0.745568 0.812331 0.774692 0.903480 0.661252 0.745769 0.764576 0.929462 0.889399 0.961383 0.898624 0.960781 0.960740 0.946242 0.664728 0.963525 0.993735 0.743470
0.750523 0.765152 0.000000 0.619666 0.770515 0.935972 0.508561 0.979592 0.724149 0.996044 0.739385 0.688853 0.930460 0.819256 0.743011 0.942356 0.894543 0.985555 0.880393 0.728588 0.860601 0.989079 0.547844 0.833415 0.543796 0.384094 0.976896 0.966992 0.795655 0.819857 0.517084 0.581935 0.571804 0.828681 0.559919 0.653441 0.673716 0.750793 0.880729 0.847235 0.946859 0.905388 0.487688 0.755417 0.579359 0.819258 0.867905 0.701174 0.815347 0.697882 0.840329 0.834624 0.889260 0.963068 0.963119 0.867507 0.729118 0.716368 0.728516 0.668406 0.783378 0.851946 0.882800 0.814972 0.358613 0.537587 0.508961 0.468003 0.731315 0.646762 0.745087 0.792536 0.926931 0.906508 0.983121 0.924239 0.881542 0.903329 0.829483 0.969344 0.998856 0.981222 0.872124 0.827879 0.598883 0.648684 0.799110 0.890479 0.822594 0.825645 0.587332 0.664583 0.542852 0.704320 0.964498 0.992120 0.852764 0.547372 0.830021 0.707517 0.898789 0.665822 0.891953 0.947985 0.789942 0.707184 0.875516 0.852322 0.992458 0.874659 0.675023 0.836513 0.925726 0.967959 0.680632 0.871835
0.706812 0.684507 0.619666 0.000000 0.920959 0.876586 0.677403 0.666086 0.907183 0.886608 0.861855 0.730266 0.608714 0.621238 0.649229 0.761693 0.712515 0.660617 0.698519 0.696299 0.991594 0.921702 0.636021 0.700112 0.855103 0.701440 0.868697 0.993038 0.816707 0.845084 0.863401 0.817244 0.568207 0.644456 0.897167 0.968331 0.925976 0.820098 0.988415 0.923689 0.978734 0.943112 0.908092 0.761587 0.830454 0.703859 0.903866 0.557489 0.760053 0.788268 0.679385 0.693102 0.672341 0.705217 0.783712 0.733932 0.750739 0.702587 0.730581 0.819712 0.606966 0.692231 0.805846 0.690667 0.648600 0.557248 0.887803 0.801292 0.770938 0.789061 0.933962 0.894357 0.912728 0.986306 0.850728 0.780135 0.931865 0.829827 0.651314 0.674427 0.632696 0.583953 0.577161 0.615728 0.504286 0.488840 0.839059 0.688066 0.719265 0.679356 0.779234 0.907023 0.967378 0.892728 0.967922 0.975999 0.751680 0.871496 0.809061 0.680667 0.928787 0.711471 0.805158 0.863916 0.662135 0.788846 0.887609 0.956762 0.934341 0.956187 0.823057 0.978821 0.827393 0.906960 0.873393 0.902112
0.926185 0.888301 0.770515 0.920959 0.000000 0.895066 0.780294 0.973346 0.820891 0.948370 0.887860 0.905876 0.943977 0.898552 0.869246 0.974369 0.798721 0.936928 0.821953 0.866096 0.868983 0.881177 0.783112 0.912553 0.999602 0.876821 0.956304 0.936700 0.947268 0.972369 0.910424 0.911115 0.894362 0.838520 0.866102 0.894237 0.845594 0.993531 0.913923 0.967771 0.996506 0.972810 0.805019 0.887034 0.846475 0.931802 0.858969 0.972433 0.948547 0.873689 0.899261 0.914677 0.890438 0.910356 0.797518 0.921304 0.915579 0.906708 0.927979 0.965362 0.822891 0.969670 0.979512 0.949125 0.721997 0.701948 0.762401 0.728124 0.892918 0.854545 0.915776 0.866161 0.996512 0.910657 0.931949 0.891199 0.858504 0.973639 0.886465 0.988328 0.952821 0.838437 0.961975 0.951189 0.746118 0.715216 0.884786 0.884968 0.880683 0.992926 0.750164 0.742055 0.782940 0.787511 0.943368 0.823136 0.940908 0.804523 0.946665 0.883593 0.908310 0.825322 0.974361 0.991485 0.764297 0.905181 0.945384 0.811941 0.891193 0.948090 0.827837 0.960501 0.871223 0.941581 0.824972 0.841645
0.827837 0.788252 0.935972 0.876586 0.895066 0.000000 0.933866 0.650217 0.880292 0.828790 0.855562 0.703054 0.733760 0.659748 0.742994 0.650993 0.944989 0.902540 0.879037 0.860099 0.854910 0.997147 0.933922 0.950009 0.741580 0.992374 0.999118 0.997919 0.735037 0.796133 0.922474 0.876399 0.797465 0.796909 0.917481 0.996157 0.855169 0.956279 0.957163 0.925068 0.784798 0.837846 0.897421 0.723824 0.990945 0.781926 0.963382 0.947225 0.822439 0.776259 0.818127 0.775134 0.963774 0.788949 0.877326 0.979941 0.942289 0.863985 0.907079 0.728993 0.817910 0.698389 0.761616 0.747798 0.967725 0.746405 0.984391 0.923863 0.863988 0.977798 0.990355 0.987492 0.967080 0.964302 0.717997 0.862491 0.806492 0.800135 0.982942 0.911251 0.880734 0.853039 0.868021 0.868099 0.899494 0.830050 0.965379 0.998549 0.931836 0.966322 0.883323 0.934619 0.960694 0.979953 0.953030 0.922894 0.931858 0.908013 0.909621 0.843163 0.791782 0.883735 0.980232 0.907367 0.847227 0.896023 0.987092 0.829458 0.823220 0.768421 0.876951 0.983820 0.961587 0.909898 0.975416 0.957990
0.987339 0.939936 0.508561 0.677403 0.780294 0.933866 0.000000 0.519350 0.450523 0.577358 0.781557 0.904721 0.684672 0.986173 0.745524 0.995348 0.777645 0.760118 0.928417 0.965996 0.882759 0.813160 0.820351 0.864232 0.943946 0.764677 0.746951 0.804653 0.824124 0.835192 0.720368 0.688060 0.501865 0.540629 0.692855 0.776170 0.942225 0.922496 0.938407 0.909674 0.873090 0.941726 0.373110 0.467367 0.329886 0.558358 0.788030 0.566144 0.991822 0.785689 0.937407 0.896034 0.866946 0.959198 0.904796 0.970680 0.989831 0.846681 0.945463 0.865245 0.406472 0.702836 0.720388 0.811091 0.577847 0.435372 0.387712 0.334946 0.789606 0.678115 0.873387 0.771660 0.897770 0.989747 0.942774 0.910846 0.898219 0.931709 0.719182 0.998612 0.847031 0.927581 0.860274 0.883328 0.680054 0.782229 0.853592 0.981209 0.959142 0.998887 0.445646 0.590981 0.534426 0.587628 0.945186 0.859611 0.724398 0.573701 0.505699 0.426339 0.630115 0.520817 0.820261 0.753579 0.761914 0.768277 0.842059 0.669245 0.894480 0.936594 0.577430 0.562313 0.702315 0.939143 0.653098 0.981713
0.503197 0.477276 0.979592 0.666086 0.973346 0.650217 0.519350 0.000000 0.631417 0.415324 0.369758 0.362622 0.475877 0.537796 0.754162 0.728612 0.400546 0.416498 0.558881 0.497301 0.778354 0.907397 0.923361 0.812003 0.550554 0.862361 0.825582 0.830991 0.378273 0.373453 0.939787 0.869395 0.605667 0.417292 0.949710 0.852187 0.752945 0.936925 0.834442 0.885672 0.875881 0.961872 0.709306 0.447769 0.625279 0.406556 0.767232 0.540086 0.504816 0.619917 0.549335 0.583407 0.719362 0.639626 0.927252 0.721347 0.543828 0.587093 0.539503 0.583169 0.393158 0.292738 0.328725 0.319158 0.912384 0.668095 0.904639 0.763905 0.890686 0.838830 0.903466 0.953844 0.687983 0.705376 0.727931 0.796876 0.606141 0.779953 0.670374 0.751971 0.452032 0.550125 0.750466 0.878262 0.811096 0.866570 0.953595 0.973834 0.932829 0.972476 0.666436 0.987558 0.954580 0.969658 0.961891 0.788344 0.798317 0.964748 0.498715 0.511579 0.543762 0.606107 0.703835 0.625805 0.737611 0.807901 0.978124 0.794648 0.956696 0.989138 0.680315 0.671549 0.577650 0.999596 0.798981 0.814770
0.950829 0.928151 0.724149 0.907183 0.820891 0.880292 0.450523 0.631417 0.000000 0.626901 0.871571 0.966844 0.861563 0.903391 0.793114 0.976844 0.853725 0.879480 0.969968 0.931109 0.956240 0.856867 0.943009 0.756680 0.927733 0.803543 0.783929 0.798488 0.860274 0.836476 0.624002 0.695477 0.730961 0.706851 0.768475 0.907441 0.821366 0.903718 0.910088 0.872678 0.852808 0.912241 0.476844 0.517388 0.427332 0.555927 0.898910 0.706145 0.950254 0.871931 0.987506 0.982099 0.942022 0.990353 0.807649 0.941275 0.984584 0.895643 0.933920 0.902270 0.622003 0.726981 0.824979 0.866795 0.740053 0.581088 0.566710 0.483732 0.826119 0.763991 0.868514 0.817031 0.958672 0.969991 0.960368 0.984885 0.884300 0.924040 0.894470 0.879165 0.894456 0.962256 0.957397 0.980626 0.807511 0.880523 0.778967 0.936890 0.967225 0.957835 0.648443 0.656971 0.654316 0.664970 0.889537 0.945686 0.842446 0.832932 0.615899 0.587397 0.655243 0.719804 0.980363 0.721163 0.725933 0.751084 0.875044 0.773816 0.990088 0.883988 0.693352 0.703038 0.740239 0.838455 0.687236 0.987510
0.776136 0.687556 0.996044 0.886608 0.948370 0.828790 0.577358 0.415324 0.626901 0.000000 0.502203 0.589026 0.779385 0.875171 0.999976 0.963589 0.493011 0.535545 0.838692 0.739774 0.840769 0.932357 0.699900 0.607378 0.630942 0.835645 0.649629 0.851156 0.492052 0.469239 0.885417 0.808324 0.698673 0.612704 0.973560 0.930350 0.931486 0.961413 0.927719 0.986670 0.936166 0.985767 0.660505 0.451378 0.542647 0.460998 0.799123 0.638131 0.670089 0.851796 0.717891 0.830918 0.875893 0.832530 0.892489 0.750539 0.647193 0.794996 0.754557 0.860117 0.581276 0.529824 0.529104 0.499072 0.836836 0.877046 0.864414 0.792798 0.975469 0.941493 0.988508 0.669832 0.724816 0.796763 0.806821 0.900661 0.739775 0.772068 0.784660 0.810566 0.611213 0.742629 0.939466 0.894221 0.900199 0.826801 0.973876 0.844359 0.855329 0.825857 0.751912 0.893627 0.922576 0.825411 0.931515 0.897035 0.775912 0.837126 0.470606 0.492582 0.674158 0.694653 0.770733 0.634152 0.902650 0.961027 0.835006 0.700096 0.881399 0.964992 0.788661 0.606447 0.659245 0.988046 0.958611 0.808486
0.410797 0.454218 0.739385 0.861855 0.887860 0.855562 0.781557 0.369758 0.871571 0.502203 0.000000 0.363584 0.583861 0.592946 0.932734 0.885503 0.364264 0.397542 0.550106 0.420525 0.730263 0.976071 0.614509 0.660997 0.492599 0.679372 0.847954 0.848642 0.318779 0.372539 0.843769 0.927011 0.779467 0.592100 0.826824 0.731462 0.708993 0.918593 0.871796 0.987444 0.942297 0.931877 0.933947 0.675515 0.839375 0.544410 0.827640 0.726815 0.438495 0.526156 0.503482 0.548167 0.617222 0.609459 0.779264 0.639900 0.464317 0.503988 0.416638 0.524912 0.578885 0.365363 0.332538 0.337473 0.609311 0.947225 0.876090 0.941565 0.740066 0.714206 0.692333 0.918658 0.617921 0.615234 0.818402 0.872084 0.642140 0.809263 0.704557 0.775080 0.497439 0.602178 0.931400 0.933489 0.943230 0.859024 0.795639 0.856752 0.893269 0.932993 0.844472 0.896959 0.889582 0.859267 0.962307 0.849518 0.826910 0.879103 0.549962 0.678297 0.682436 0.764178 0.766884 0.598747 0.895187 0.973714 0.923809 0.828602 0.996968 0.932853 0.945771 0.888657 0.605116 0.859549 0.939297 0.749911
0.336826 0.332935 0.688853 0.730266 0.905876 0.703054 0.904721 0.362622 0.966844 0.589026 0.363584 0.000000 0.396674 0.332841 0.773896 0.595482 0.382370 0.407876 0.438419 0.325210 0.804846 0.992061 0.854733 0.946091 0.515383 0.673152 0.968170 0.905553 0.364692 0.383917 0.777982 0.862319 0.793782 0.588382 0.749421 0.690891 0.660787 0.848692 0.800810 0.922492 0.994530 0.920990 0.891307 0.730212 0.974185 0.624578 0.861894 0.752732 0.433414 0.423644 0.395463 0.431334 0.531989 0.568108 0.788703 0.609596 0.424303 0.403905 0.388214 0.376561 0.551677 0.293330 0.347132 0.258157 0.700957 0.907438 0.750911 0.858576 0.641185 0.577162 0.726665 0.935897 0.682580 0.726641 0.777498 0.720044 0.591405 0.762496 0.811768 0.681798 0.440525 0.461322 0.724411 0.925411 0.872217 0.921247 0.897935 0.952673 0.923818 0.986643 0.920458 0.656536 0.678342 0.686270 0.933527 0.823059 0.944726 0.811412 0.671121 0.768159 0.702191 0.839879 0.722675 0.794195 0.842705 0.987721 0.902160 0.899564 0.960153 0.998318 0.949574 0.928397 0.628768 0.979011 0.945386 0.729584
0.511429 0.571257 0.930460 0.608714 0.943977 0.733760 0.684672 0.475877 0.861563 0.779385 0.583861 0.396674 0.000000 0.378676 0.528217 0.555011 0.549364 0.578127 0.511304 0.558677 0.802978 0.909287 0.819084 0.871762 0.752530 0.945680 0.901172 0.990615 0.566464 0.589269 0.984001 0.966141 0.656355 0.575793 0.935049 0.856817 0.759052 0.805598 0.781380 0.857055 0.923222 0.854638 0.929820 0.727792 0.941535 0.715370 0.828321 0.741966 0.654675 0.642778 0.559350 0.578667 0.641422 0.626890 0.885428 0.774548 0.680506 0.655344 0.531378 0.537457 0.426080 0.423558 0.477743 0.455904 0.877178 0.619729 0.973597 0.859341 0.898378 0.812392 0.796316 0.971591 0.854707 0.928608 0.882789 0.699108 0.681411 0.820764 0.797197 0.846695 0.608329 0.592029 0.668634 0.940477 0.622389 0.719964 0.992046 0.940042 0.924142 0.863991 0.728839 0.731204 0.887557 0.757474 0.833327 0.877657 0.899835 0.945878 0.689072 0.755039 0.606580 0.800492 0.712344 0.981393 0.756812 0.866308 0.938538 0.860678 0.944555 0.895472 0.855361 0.885481 0.670353 0.900812 0.755315 0.739863
0.428989 0.422148 0.819256 0.621238 0.898552 0.659748 0.986173 0.537796 0.903391 0.875171 0.592946 0.332841 0.378676 0.000000 0.608749 0.455237 0.541768 0.544083 0.434348 0.413344 0.849013 0.978010 0.873489 0.764969 0.750206 0.861603 0.841756 0.968612 0.547226 0.572469 0.855762 0.903556 0.794626 0.682145 0.806966 0.733609 0.666783 0.799268 0.722757 0.953430 0.973517 0.910625 0.805563 0.885160 0.795382 0.792019 0.898459 0.788126 0.559998 0.449610 0.421312 0.418010 0.522874 0.508967 0.786488 0.727769 0.599415 0.478621 0.513613 0.439685 0.645729 0.449771 0.513464 0.415851 0.895888 0.809798 0.703359 0.830894 0.725341 0.599852 0.738523 0.896578 0.823384 0.820796 0.793213 0.691512 0.736062 0.799688 0.751215 0.677747 0.504966 0.463330 0.655440 0.919131 0.709202 0.709454 0.921601 0.897456 0.972805 0.873217 0.974510 0.539031 0.598389 0.516849 0.847911 0.948774 0.948155 0.747314 0.881262 0.886665 0.827720 0.878519 0.800323 0.943040 0.801172 0.966093 0.869761 0.934483 0.994052 0.932326 0.921331 0.945895 0.805293 0.948466 0.902916 0.838573
0.831775 0.818567 0.743011 0.649229 0.869246 0.742994 0.745524 0.754162 0.793114 0.999976 0.932734 0.773896 0.528217 0.608749 0.000000 0.529556 0.870206 0.813301 0.725808 0.801599 0.955300 0.804165 0.533173 0.742204 0.898232 0.723482 0.780479 0.979252 0.879990 0.935646 0.750413 0.784746 0.600592 0.736761 0.804070 0.965246 0.978961 0.887328 0.831674 0.899837 0.887837 0.780354 0.818859 0.745843 0.925364 0.792221 0.926542 0.750432 0.887310 0.824953 0.805611 0.741946 0.825014 0.746988 0.999528 0.925776 0.896187 0.816790 0.883680 0.777145 0.670538 0.713229 0.778817 0.789497 0.586814 0.491889 0.773200 0.701939 0.965794 0.982140 0.985107 0.905608 0.945709 0.869910 0.881762 0.789473 0.807476 0.873082 0.747166 0.871427 0.803640 0.747752 0.646636 0.912939 0.532963 0.525969 0.989363 0.893207 0.856436 0.785409 0.700826 0.981475 0.994188 0.953861 0.997006 0.954211 0.982486 0.941563 0.866809 0.714058 0.731450 0.806352 0.973152 0.994042 0.774426 0.795866 0.996803 0.959480 0.988653 0.816682 0.948837 0.936346 0.985056 0.986597 0.624942 0.939231
0.757067 0.698810 0.942356 0.761693 0.974369 0.650993 0.995348 0.728612 0.976844 0.963589 0.885503 0.595482 0.555011 0.455237 0.529556 0.000000 0.839503 0.834359 0.664493 0.686878 0.972878 0.979390 0.735018 0.699982 0.964913 0.928384 0.825403 0.985927 0.837800 0.812291 0.956921 0.967718 0.801128 0.825737 0.983373 0.853785 0.936869 0.872567 0.886414 0.948263 0.885621 0.810095 0.941992 0.871721 0.824798 0.950245 0.994993 0.878118 0.870048 0.725712 0.746879 0.714924 0.868088 0.821865 0.949626 0.945656 0.777792 0.766364 0.884690 0.683244 0.833168 0.672245 0.784279 0.679578 0.893929 0.669526 0.880204 0.982360 0.877378 0.739264 0.981679 0.978817 0.969887 0.999622 0.888506 0.710762 0.832558 0.783877 0.846176 0.766946 0.701697 0.612356 0.700436 0.978749 0.632844 0.561370 0.987179 0.799825 0.908014 0.936038 0.983780 0.719536 0.723648 0.774356 0.927854 0.876717 0.889655 0.812407 0.913144 0.974363 0.792565 0.951712 0.967448 0.915565 0.864318 0.801009 0.723868 0.940670 0.929256 0.973319 0.935915 0.979655 0.905989 0.977927 0.802307 0.908558
0.450190 0.396471 0.894543 0.712515 0.798721 0.944989 0.777645 0.400546 0.853725 0.493011 0.364264 0.382370 0.549364 0.541768 0.870206 0.839503 0.000000 0.306630 0.456020 0.381330 0.872761 0.964714 0.803906 0.739278 0.635161 0.803385 0.849152 0.961575 0.356157 0.368506 0.950377 0.930906 0.643964 0.532733 0.865398 0.796304 0.808766 0.968906 0.901865 0.969002 0.994025 0.973829 0.923980 0.631335 0.860544 0.570653 0.700134 0.571554 0.447415 0.546093 0.436486 0.545905 0.579022 0.623257 0.627185 0.543095 0.392804 0.471151 0.457120 0.598492 0.596903 0.431326 0.358980 0.305272 0.755480 0.977682 0.846274 0.979202 0.716096 0.647751 0.827810 0.934081 0.634274 0.645775 0.739756 0.845339 0.659117 0.792121 0.685039 0.620067 0.348948 0.441340 0.776650 0.793995 0.869774 0.987537 0.856806 0.918921 0.880765 0.974355 0.920653 0.781509 0.837277 0.737521 0.941937 0.891048 0.890902 0.913968 0.488780 0.660726 0.748925 0.793697 0.629776 0.709645 0.840835 0.922971 0.901472 0.894523 0.918314 0.967107 0.882854 0.808089 0.616447 0.971039 0.933184 0.675959
0.406680 0.350074 0.985555 0.660617 0.936928 0.902540 0.760118 0.416498 0.879480 0.535545 0.397542 0.407876 0.578127 0.544083 0.813301 0.834359 0.306630 0.000000 0.386879 0.357985 0.957584 0.953345 0.952715 0.845374 0.712285 0.906463 0.890085 0.832739 0.345590 0.386732 0.978071 0.849443 0.580323 0.529458 0.956719 0.807753 0.870785 0.983454 0.884732 0.931766 0.827891 0.918009 0.902634 0.629343 0.835351 0.550596 0.692352 0.519298 0.425326 0.523867 0.456279 0.502668 0.577447 0.580559 0.599903 0.511719 0.383937 0.418024 0.494065 0.588054 0.613057 0.462606 0.391855 0.339291 0.812307 0.965000 0.881718 0.981258 0.625314 0.641683 0.838505 0.997805 0.493162 0.524452 0.767954 0.721987 0.640553 0.680073 0.565193 0.485830 0.295514 0.376211 0.669671 0.755350 0.802694 0.895308 0.884129 0.927337 0.906010 0.954809 0.823613 0.866799 0.867367 0.765305 0.971255 0.858567 0.843730 0.951834 0.518279 0.613751 0.771402 0.717937 0.666058 0.601722 0.716052 0.862045 0.977331 0.932972 0.843207 0.995489 0.885511 0.938167 0.603716 0.967020 0.854920 0.750928
0.459880 0.391685 0.880393 0.698519 0.821953 0.879037 0.928417 0.558881 0.969968 0.838692 0.550106 0.438419 0.511304 0.434348 0.725808 0.664493 0.456020 0.386879 0.000000 0.367250 0.956257 0.946967 0.906345 0.927052 0.796469 0.884599 0.962704 0.929247 0.475972 0.509398 0.958907 0.989892 0.682243 0.613490 0.881297 0.802426 0.730654 0.936119 0.789695 0.839344 0.878477 0.924072 0.911714 0.855387 0.918061 0.835820 0.744273 0.653410 0.579722 0.526527 0.527538 0.518572 0.607431 0.609088 0.570985 0.669392 0.461928 0.466731 0.538702 0.598351 0.741838 0.543975 0.501479 0.460382 0.832986 0.992636 0.778098 0.857367 0.616918 0.636288 0.877847 0.948563 0.609808 0.650548 0.857834 0.770955 0.604548 0.844089 0.672569 0.557683 0.435281 0.417195 0.712337 0.760037 0.780875 0.816876 0.847000 0.857351 0.930077 0.966713 0.921362 0.690721 0.751288 0.600977 0.878229 0.880421 0.979962 0.741021 0.807585 0.892381 0.819258 0.872887 0.708879 0.860083 0.841758 0.892947 0.948578 0.891952 0.873626 0.908964 0.988539 0.881195 0.757867 0.967681 0.995264 0.747980
0.328393 0.287113 0.728588 0.696299 0.866096 0.860099 0.965996 0.497301 0.931109 0.739774 0.420525 0.325210 0.558677 0.413344 0.801599 0.686878 0.381330 0.357985 0.367250 0.000000 0.938735 0.970363 0.937920 0.984227 0.710778 0.759442 0.952127 0.914553 0.403209 0.453879 0.804518 0.943229 0.824561 0.623836 0.815086 0.679461 0.730322 0.940665 0.903777 0.995281 0.893669 0.983140 0.825186 0.843710 0.843282 0.747138 0.853674 0.701965 0.384625 0.374314 0.389408 0.409721 0.497006 0.534199 0.650383 0.517968 0.382394 0.325221 0.457604 0.446452 0.777121 0.454405 0.475194 0.382696 0.670517 0.928126 0.658981 0.746946 0.535074 0.456219 0.779726 0.897231 0.575932 0.613751 0.816988 0.750776 0.535522 0.737437 0.711980 0.559323 0.378222 0.384608 0.678967 0.822091 0.853077 0.878948 0.780866 0.919244 0.910166 0.965404 0.961991 0.686054 0.701671 0.609140 0.947414 0.900231 0.969425 0.740738 0.735125 0.861668 0.847881 0.920708 0.727781 0.797095 0.801661 0.993093 0.930266 0.930820 0.843706 0.993255 0.991285 0.961161 0.704575 0.906518 0.942530 0.689592
0.947483 0.950510 0.860601 0.991594 0.868983 0.854910 0.882759 0.778354 0.956240 0.840769 0.730263 0.804846 0.802978 0.849013 0.955300 0.972878 0.872761 0.957584 0.956257 0.938735 0.000000 0.910145 0.876224 0.847274 0.803797 0.851334 0.970094 0.964239 0.880430 0.847075 0.911867 0.952579 0.905204 0.940661 0.921136 0.888130 0.678551 0.767769 0.804801 0.866415 0.701207 0.869968 0.986730 0.951675 0.984287 0.901778 0.868087 0.997319 0.994282 0.893797 0.953678 0.935080 0.941454 0.875027 0.842714 0.910972 0.961470 0.919531 0.772357 0.850489 0.821613 0.862527 0.754222 0.819540 0.904970 0.977397 0.909357 0.908379 0.850325 0.988454 0.982003 0.979337 0.917702 0.919327 0.873539 0.845902 0.873742 0.945884 0.939617 0.890648 0.953177 0.915737 0.908195 0.901549 0.831587 0.862077 0.858391 0.860060 0.898501 0.978570 0.824235 0.979848 0.998759 0.982572 0.933328 0.952631 0.895942 0.920304 0.886685 0.925785 0.876397 0.855036 0.994385 0.999612 0.927186 0.977570 0.939894 0.905905 0.885019 0.795539 0.927004 0.779007 0.924027 0.902717 0.909905 0.890684
0.944503 0.900707 0.989079 0.921702 0.881177 0.997147 0.813160 0.907397 0.856867 0.932357 0.976071 0.992061 0.909287 0.978010 0.804165 0.979390 0.964714 0.953345 0.946967 0.970363 0.910145 0.000000 0.831673 0.976400 0.878236 0.929210 0.961432 0.905485 0.975563 0.961812 0.958081 0.999015 0.855623 0.920356 0.924667 0.949613 0.909775 0.687975 0.949273 0.790487 0.793286 0.892484 0.972358 0.967713 0.920434 0.972160 0.933125 0.977065 0.886722 0.899758 0.855166 0.921574 0.915992 0.961420 0.954655 0.871823 0.957465 0.930404 0.984232 0.921773 0.814543 0.916755 0.954215 0.986030 0.853188 0.762807 0.826567 0.868358 0.970665 0.932038 0.986775 0.938236 0.995599 0.880573 0.929470 0.900977 0.986186 0.847700 0.854549 0.886708 0.943860 0.932183 0.982856 0.960656 0.921177 0.843613 0.815048 0.917311 0.973077 0.985973 0.906996 0.811064 0.923650 0.915113 0.952935 0.944262 0.939928 0.980885 0.987783 0.930596 0.994585 0.876503 0.923051 0.980948 0.889632 0.870588 0.976146 0.858388 0.933355 0.846088 0.972684 0.940938 0.959756 0.973886 0.930115 0.974212
0.873404 0.920508 0.547844 0.636021 0.783112 0.933922 0.820351 0.923361 0.943009 0.699900 0.614509 0.854733 0.819084 0.873489 0.533173 0.735018 0.803906 0.952715 0.906345 0.937920 0.876224 0.831673 0.000000 0.438518 0.597017 0.528910 0.739155 0.950341 0.746432 0.713458 0.741812 0.793335 0.728377 0.975409 0.722696 0.749443 0.833544 0.988994 0.883544 0.932898 0.912844 0.896001 0.904606 0.966290 0.996796 0.887043 0.967562 0.872982 0.818686 0.887082 0.907910 0.993367 0.971241 0.954088 0.940781 0.899522 0.794195 0.896730 0.785585 0.879105 0.929901 0.874175 0.773187 0.794298 0.408735 0.537939 0.739385 0.730809 0.936884 0.887072 0.815549 0.991631 0.991406 0.884346 0.964709 0.847972 0.896785 0.904401 0.881057 0.889916 0.993087 0.900490 0.628535 0.949831 0.448051 0.412754 0.813622 0.620986 0.864533 0.712868 0.764530 0.918415 0.839573 0.997549 0.870041 0.971385 0.971485 0.916146 0.897137 0.901385 0.995114 0.908852 0.982287 0.750737 0.762022 0.814770 0.951262 0.831672 0.908298 0.935526 0.839761 0.984737 0.863719 0.886528 0.713693 0.926130
0.999844 0.991493 0.833415 0.700112 0.912553 0.950009 0.864232 0.812003 0.756680 0.607378 0.660997 0.946091 0.871762 0.764969 0.742204 0.699982 0.739278 0.845374 0.927052 0.984227 0.847274 0.976400 0.438518 0.000000 0.655262 0.752827 0.648190 0.891228 0.731127 0.699356 0.973950 0.882309 0.951347 0.813966 0.948313 0.938440 0.994419 0.967102 0.831260 0.918806 0.958391 0.985819 0.791679 0.740729 0.715174 0.721498 0.924666 0.950388 0.875689 0.981964 0.982998 0.906537 0.885098 0.912486 0.978141 0.921468 0.826184 0.983772 0.890144 0.965386 0.917253 0.869361 0.711007 0.815272 0.672014 0.765603 0.931331 0.875589 0.909464 0.944690 0.972649 0.923636 0.852376 0.873925 0.895423 0.877940 0.813729 0.962250 0.953440 0.902153 0.931503 0.913669 0.721766 0.946127 0.623846 0.507929 0.886465 0.617102 0.785907 0.839529 0.960872 0.829122 0.867327 0.827692 0.882656 0.989018 0.993509 0.955060 0.611228 0.904649 0.868932 0.906455 0.968162 0.734314 0.922976 0.907438 0.938475 0.752540 0.956921 0.927297 0.981123 0.789474 0.873621 0.995057 0.960905 0.881021
0.703710 0.735706 0.543796 0.855103 0.999602 0.741580 0.943946 0.550554 0.927733 0.630942 0.492599 0.515383 0.752530 0.750206 0.898232 0.964913 0.635161 0.712285 0.796469 0.710778 0.803797 0.878236 0.597017 0.655262 0.000000 0.453739 0.672716 0.865243 0.545063 0.503377 0.707078 0.834459 0.997272 0.792305 0.745393 0.795231 0.687931 0.812186 0.914536 0.842020 0.915725 0.852341 0.940357 0.855414 0.952266 0.775492 0.901416 0.941859 0.716378 0.787098 0.792868 0.838848 0.907679 0.915645 0.963986 0.837556 0.711076 0.755222 0.585661 0.654541 0.671476 0.541419 0.502829 0.524314 0.546270 0.893588 0.836576 0.910770 0.950799 0.867540 0.669898 0.801033 0.801626 0.793579 0.875897 0.863036 0.789165 0.959633 0.945808 0.950845 0.770786 0.907079 0.954562 0.907391 0.760513 0.718503 0.958694 0.788734 0.740640 0.812981 0.948641 0.845974 0.805053 0.891976 0.939015 0.852187 0.956111 0.951483 0.758795 0.895969 0.819062 0.932705 0.871418 0.800460 0.929513 0.882575 0.923953 0.829305 0.913335 0.881505 0.970812 0.909658 0.781800 0.977992 0.885653 0.857784
0.800448 0.844536 0.384094 0.701440 0.876821 0.992374 0.764677 0.862361 0.803543 0.835645 0.679372 0.673152 0.945680 0.861603 0.723482 0.928384 0.803385 0.906463 0.884599 0.759442 0.851334 0.929210 0.528910 0.752827 0.453739 0.000000 0.838388 0.931466 0.757580 0.739906 0.422568 0.589342 0.701126 0.933568 0.622850 0.765141 0.638374 0.850454 0.809073 0.886075 0.938644 0.965581 0.604614 0.805964 0.786908 0.866902 0.912728 0.762802 0.857402 0.879783 0.914277 0.990405 0.967449 0.886328 0.953844 0.871840 0.779405 0.813019 0.643739 0.773395 0.969208 0.792348 0.788551 0.772063 0.469357 0.639575 0.684750 0.643722 0.847932 0.794226 0.680931 0.890220 0.882418 0.897647 0.977678 0.934435 0.855799 0.863263 0.905291 0.900694 0.984872 0.974130 0.861194 0.892109 0.637466 0.574104 0.802034 0.889052 0.805391 0.718991 0.633768 0.683268 0.618618 0.816890 0.845518 0.921112 0.943946 0.764816 0.948309 0.848153 0.925486 0.734407 0.998229 0.977238 0.852356 0.695088 0.921828 0.951038 0.972724 0.844412 0.918804 0.937937 0.982129 0.997440 0.744497 0.815454
0.915039 0.931463 0.976896 0.868697 0.956304 0.999118 0.746951 0.825582 0.783929 0.649629 0.847954 0.968170 0.901172 0.841756 0.780479 0.825403 0.849152 0.890085 0.962704 0.952127 0.970094 0.961432 0.739155 0.648190 0.672716 0.838388 0.000000 0.741447 0.802054 0.864041 0.932459 0.878585 0.856844 0.870239 0.771772 0.964778 0.977783 0.951414 0.969712 0.930915 0.999794 0.996011 0.745812 0.820422 0.686547 0.814337 0.944029 0.902180 0.997322 0.786392 0.951372 0.827343 0.841771 0.871092 0.909454 0.974389 0.955764 0.811280 0.984183 0.870827 0.803418 0.883599 0.837130 0.898323 0.856134 0.970792 0.785966 0.770379 0.882633 0.757088 0.938353 0.964704 0.835219 0.855506 0.965877 0.992827 0.863378 0.867335 0.881092 0.952324 0.963509 0.938121 0.827911 0.991251 0.826668 0.698171 0.972226 0.793999 0.782929 0.802545 0.926939 0.825587 0.824677 0.836048 0.946217 0.895320 0.917888 0.808886 0.673614 0.776471 0.852061 0.841092 0.914061 0.809530 0.976811 0.913460 0.956041 0.719913 0.820728 0.936708 0.837689 0.812219 0.777182 0.772413 0.861756 0.917565
0.959894 0.974947 0.966992 0.993038 0.936700 0.997919 0.804653 0.830991 0.798488 0.851156 0.848642 0.905553 0.990615 0.968612 0.979252 0.985927 0.961575 0.832739 0.929247 0.914553 0.964239 0.905485 0.950341 0.891228 0.865243 0.931466 0.741447 0.000000 0.833509 0.875983 0.951733 0.841417 0.907709 0.943628 0.990059 0.805347 0.885541 0.978037 0.967456 0.937600 0.870289 0.990981 0.814854 0.900364 0.790642 0.811068 0.955958 0.901189 0.955454 0.977264 0.959868 0.998364 0.954027 0.937447 0.959274 0.941448 0.911631 0.921884 0.994005 0.999436 0.867442 0.850795 0.912897 0.905603 0.946376 0.931834 0.944674 0.887965 0.892334 0.948500 0.874592 0.961028 0.784702 0.915134 0.925626 0.990604 0.893641 0.941335 0.936189 0.970114 0.987334 0.993078 0.981171 0.969416 0.947570 0.985367 0.958930 0.956299 0.809688 0.755131 0.865637 0.857821 0.869616 0.926067 0.946246 0.860572 0.927527 0.990507 0.994287 0.957339 0.998268 0.923077 0.949580 0.744853 0.918962 0.939264 0.969915 0.919152 0.807344 0.893058 0.859949 0.899752 0.936101 0.871926 0.980818 0.988503
0.409236 0.381130 0.795655 0.816707 0.947268 0.735037 0.824124 0.378273 0.860274 0.492052 0.318779 0.364692 0.566464 0.547226 0.879990 0.837800 0.356157 0.345590 0.475972 0.403209 0.880430 0.975563 0.746432 0.731127 0.545063 0.757580 0.802054 0.833509 0.000000 0.329241 0.938251 0.893225 0.658142 0.535117 0.860008 0.750504 0.748582 0.970563 0.873377 0.993139 0.895464 0.959641 0.902626 0.612462 0.836344 0.477140 0.718864 0.652907 0.399048 0.460954 0.409760 0.463947 0.541468 0.511139 0.703729 0.570048 0.447828 0.458266 0.434533 0.501879 0.580595 0.352988 0.339453 0.319460 0.660432 0.995083 0.833367 0.939425 0.768897 0.694848 0.742613 0.921269 0.537783 0.609178 0.781017 0.775118 0.537161 0.807184 0.701430 0.624312 0.431211 0.528439 0.821010 0.891515 0.972218 0.922782 0.890857 0.894284 0.910963 0.983293 0.818410 0.832861 0.902297 0.827905 0.897676 0.877146 0.885476 0.864476 0.552953 0.709464 0.681038 0.731491 0.699669 0.625129 0.796641 0.989735 0.974446 0.886225 0.930106 0.874294 0.899913 0.861558 0.573515 0.963243 0.954110 0.774086
0.500077 0.414419 0.819857 0.845084 0.972369 0.796133 0.835192 0.373453 0.836476 0.469239 0.372539 0.383917 0.589269 0.572469 0.935646 0.812291 0.368506 0.386732 0.509398 0.453879 0.847075 0.961812 0.713458 0.699356 0.503377 0.739906 0.864041 0.875983 0.329241 0.000000 0.950785 0.910510 0.713095 0.490043 0.803410 0.691498 0.824863 0.913829 0.903161 0.905910 0.910574 0.998011 0.858654 0.569508 0.820228 0.488263 0.711883 0.637339 0.469307 0.503096 0.476116 0.522328 0.610049 0.586974 0.750358 0.703501 0.437627 0.473786 0.525434 0.533272 0.618763 0.400282 0.322407 0.292377 0.631697 0.962076 0.766490 0.951151 0.848336 0.693785 0.839088 0.993110 0.675811 0.661580 0.815933 0.791707 0.625077 0.730416 0.714504 0.631062 0.429198 0.569966 0.892192 0.838804 0.934470 0.873443 0.839445 0.855389 0.831629 0.836992 0.903632 0.793301 0.811990 0.783126 0.998756 0.821951 0.911116 0.890088 0.597316 0.811533 0.619388 0.752796 0.686316 0.656261 0.875857 0.943318 0.907418 0.893253 0.991370 0.952991 0.861891 0.850207 0.546840 0.913442 0.981006 0.755840
0.844128 0.955361 0.517084 0.863401 0.910424 0.922474 0.720368 0.939787 0.624002 0.885417 0.843769 0.777982 0.984001 0.855762 0.750413 0.956921 0.950377 0.978071 0.958907 0.804518 0.911867 0.958081 0.741812 0.973950 0.707078 0.422568 0.932459 0.951733 0.938251 0.950785 0.000000 0.459419 0.679771 0.800444 0.742665 0.888941 0.713814 0.932065 0.909575 0.963363 0.994976 0.939006 0.473068 0.557688 0.644556 0.685247 0.771810 0.620929 0.982837 0.956117 0.989601 0.937218 0.961704 0.847355 0.961217 0.893888 0.964417 0.915367 0.665133 0.878398 0.972157 0.923253 0.993549 0.943692 0.690234 0.753551 0.803972 0.618733 0.705067 0.771918 0.717059 0.818214 0.866697 0.942671 0.877262 0.982638 0.987967 0.759503 0.882900 0.806710 0.913121 0.986155 0.991054 0.988693 0.865199 0.815135 0.888974 0.859023 0.912291 0.927373 0.686601 0.727027 0.708890 0.823137 0.878954 0.985096 0.933062 0.894642 0.858073 0.798214 0.726900 0.700845 0.880990 0.891871 0.864620 0.629725 0.978421 0.927077 0.990182 0.790001 0.795222 0.848386 0.896309 0.982368 0.731823 0.810437
0.861810 0.993961 0.581935 0.817244 0.911115 0.876399 0.688060 0.869395 0.695477 0.808324 0.927011 0.862319 0.966141 0.903556 0.784746 0.967718 0.930906 0.849443 0.989892 0.943229 0.952579 0.999015 0.793335 0.882309 0.834459 0.589342 0.878585 0.841417 0.893225 0.910510 0.459419 0.000000 0.561215 0.746991 0.753684 0.998647 0.837739 0.916673 0.846097 0.845752 0.949977 0.895074 0.501225 0.563222 0.629475 0.636150 0.715021 0.557900 0.986473 0.990577 0.953733 0.943906 0.999584 0.854930 0.901250 0.980610 0.988836 0.958179 0.783440 0.913895 0.914121 0.981952 0.935269 0.988307 0.745543 0.768809 0.844963 0.628058 0.764821 0.905366 0.688714 0.751587 0.942243 0.964032 0.891042 0.999850 0.946457 0.792872 0.779609 0.747552 0.862017 0.983976 0.923389 0.984843 0.895078 0.849096 0.952769 0.780858 0.951865 0.970003 0.729265 0.739972 0.760478 0.849461 0.845540 0.889293 0.983667 0.859692 0.807118 0.845891 0.820916 0.746435 0.883045 0.898426 0.813822 0.770616 0.924025 0.939834 0.947331 0.766461 0.724302 0.843353 0.967092 0.957291 0.835573 0.870168
0.864415 0.791993 0.571804 0.568207 0.894362 0.797465 0.501865 0.605667 0.730961 0.698673 0.779467 0.793782 0.656355 0.794626 0.600592 0.801128 0.643964 0.580323 0.682243 0.824561 0.905204 0.855623 0.728377 0.951347 0.997272 0.701126 0.856844 0.907709 0.658142 0.713095 0.679771 0.561215 0.000000 0.529407 0.680606 0.848995 0.875563 0.978556 0.962510 0.962321 0.950062 0.911292 0.537997 0.528835 0.604595 0.563246 0.796194 0.549844 0.862460 0.937234 0.841109 0.848159 0.907719 0.805578 0.842768 0.966960 0.784484 0.848600 0.854683 0.938053 0.557738 0.699676 0.650189 0.680553 0.702684 0.596869 0.682575 0.571906 0.936483 0.940566 0.974323 0.858570 0.810002 0.899007 0.827580 0.861110 0.783735 0.795107 0.611550 0.680193 0.656826 0.749312 0.784387 0.828961 0.655209 0.729555 0.904018 0.973755 0.993563 0.905325 0.637473 0.904498 0.787562 0.923707 0.970243 0.982166 0.928555 0.780590 0.607768 0.600271 0.752502 0.596668 0.850418 0.767819 0.673590 0.767093 0.886900 0.787547 0.974654 0.876485 0.753017 0.782468 0.756485 0.969363 0.820030 0.906050
0.633430 0.622177 0.828681 0.644456 0.838520 0.796909 0.540629 0.417292 0.706851 0.612704 0.592100 0.588382 0.575793 0.682145 0.736761 0.825737 0.532733 0.529458 0.613490 0.623836 0.940661 0.920356 0.975409 0.813966 0.792305 0.933568 0.870239 0.943628 0.535117 0.490043 0.800444 0.746991 0.529407 0.000000 0.865229 0.934530 0.963601 0.998521 0.951074 0.982057 0.994413 0.993507 0.617282 0.427340 0.624223 0.482443 0.703589 0.570386 0.657436 0.744674 0.665296 0.685673 0.796702 0.705187 0.892834 0.827728 0.658266 0.739365 0.699450 0.719510 0.522751 0.491648 0.453285 0.508417 0.957894 0.676434 0.850749 0.667561 0.992078 0.974570 0.988869 0.864028 0.770733 0.836443 0.785474 0.842787 0.572364 0.788329 0.712134 0.753623 0.577435 0.690969 0.743907 0.841912 0.766824 0.830661 0.962773 0.945123 0.939144 0.979490 0.679235 0.987029 0.914933 0.983753 0.994151 0.805591 0.927548 0.847280 0.498754 0.673777 0.684192 0.637154 0.673227 0.804656 0.770475 0.847511 0.959168 0.811591 0.957176 0.895981 0.740788 0.709404 0.613028 0.919704 0.781861 0.906271
0.826346 0.828553 0.559919 0.897167 0.866102 0.917481 0.692855 0.949710 0.768475 0.973560 0.826824 0.749421 0.935049 0.806966 0.804070 0.983373 0.865398 0.956719 0.881297 0.815086 0.921136 0.924667 0.722696 0.948313 0.745393 0.622850 0.771772 0.990059 0.860008 0.803410 0.742665 0.753684 0.680606 0.865229 0.000000 0.804155 0.635049 0.828605 0.984891 0.921409 0.998711 0.939390 0.642105 0.864414 0.718123 0.926727 0.959117 0.903771 0.829275 0.698962 0.828727 0.837059 0.857219 0.950190 0.974010 0.896011 0.787066 0.727167 0.822191 0.743282 0.855836 0.914247 0.841323 0.803240 0.629845 0.674482 0.530541 0.580874 0.847686 0.647009 0.941502 0.932716 0.983581 0.937488 0.943794 0.942497 0.856901 0.945692 0.994277 0.946864 0.939719 0.953422 0.927903 0.966803 0.686569 0.720317 0.901938 0.965648 0.948504 0.844455 0.694004 0.670049 0.704490 0.656475 0.966654 0.875802 0.936048 0.712504 0.867722 0.680756 0.881647 0.777821 0.960239 0.895295 0.742414 0.868726 0.995640 0.888468 0.990999 0.989864 0.930905 0.815298 0.836447 0.846432 0.623827 0.888159
0.689825 0.653686 0.653441 0.968331 0.894237 0.996157 0.776170 0.852187 0.907441 0.930350 0.731462 0.690891 0.856817 0.733609 0.965246 0.853785 0.796304 0.807753 0.802426 0.679461 0.888130 0.949613 0.749443 0.938440 0.795231 0.765141 0.964778 0.805347 0.750504 0.691498 0.888941 0.998647 0.848995 0.934530 0.804155 0.000000 0.707921 0.889833 0.965641 0.958081 0.958698 0.935677 0.796808 0.972951 0.814651 0.852760 0.969961 0.948964 0.695954 0.594681 0.639672 0.631732 0.684942 0.685526 0.762418 0.799582 0.623181 0.580808 0.718909 0.601846 0.978824 0.729743 0.729547 0.671347 0.656701 0.805891 0.592586 0.698162 0.754890 0.655169 0.953102 0.893616 0.915391 0.999619 0.982794 0.851728 0.765402 0.943351 0.906242 0.947720 0.847256 0.811967 0.997030 0.940955 0.816729 0.956366 0.683159 0.839462 0.980442 0.963031 0.790680 0.705632 0.568199 0.677993 0.894946 0.919296 0.943672 0.685347 0.948912 0.833140 0.957357 0.951165 0.945427 0.830883 0.991545 0.984375 0.850792 0.850001 0.948160 0.918803 0.859463 0.810133 0.955024 0.986158 0.991410 0.903176
0.723758 0.754040 0.673716 0.925976 0.845594 0.855169 0.942225 0.752945 0.821366 0.931486 0.708993 0.660787 0.759052 0.666783 0.978961 0.936869 0.808766 0.870785 0.730654 0.730322 0.678551 0.909775 0.833544 0.994419 0.687931 0.638374 0.977783 0.885541 0.748582 0.824863 0.713814 0.837739 0.875563 0.963601 0.635049 0.707921 0.000000 0.837770 0.748664 0.740770 0.911505 0.824271 0.788823 0.906744 0.818673 0.975067 0.947372 0.934028 0.804255 0.735336 0.767569 0.791819 0.799646 0.836006 0.847685 0.894341 0.790603 0.740904 0.597087 0.662325 0.825126 0.746732 0.720187 0.723813 0.789241 0.927189 0.783600 0.812731 0.942675 0.842947 0.754381 0.875480 0.912849 0.983516 0.997806 0.979664 0.779728 0.791770 0.927161 0.989566 0.900137 0.939159 0.944645 0.864562 0.907295 0.919933 0.839129 0.857747 0.919805 0.891669 0.959062 0.738425 0.871735 0.791067 0.949108 0.952865 0.923774 0.744560 0.966259 0.970161 0.959931 0.993527 0.905491 0.969231 0.951505 0.800392 0.997153 0.988520 0.948511 0.941871 0.934518 0.954005 0.949379 0.934231 0.960098 0.959863
0.914205 0.935889 0.750793 0.820098 0.993531 0.956279 0.922496 0.936925 0.903718 0.961413 0.918593 0.848692 0.805598 0.799268 0.887328 0.872567 0.968906 0.983454 0.936119 0.940665 0.767769 0.687975 0.988994 0.967102 0.812186 0.850454 0.951414 0.978037 0.970563 0.913829 0.932065 0.916673 0.978556 0.998521 0.828605 0.889833 0.837770 0.000000 0.815688 0.890989 0.736221 0.880333 0.946686 0.954909 0.844542 0.963427 0.945983 0.894459 0.948493 0.859788 0.923979 0.904288 0.931348 0.900905 0.947275 0.941266 0.983981 0.960600 0.998086 0.758443 0.986073 0.957164 0.816027 0.929635 0.867008 0.940594 0.873442 0.920643 0.922312 0.998327 0.961018 0.874786 0.866213 0.934565 0.937672 0.952204 0.995563 0.907823 0.993328 0.879290 0.968349 0.898030 0.920853 0.732437 0.853359 0.844603 0.950657 0.784315 0.936517 0.829039 0.987150 0.928661 0.889108 0.786779 0.923513 0.831929 0.755428 0.761821 0.943444 0.867008 0.828442 0.910690 0.995011 0.824911 0.969726 0.848490 0.806163 0.887498 0.932072 0.859107 0.944287 0.976607 0.950972 0.983742 0.987219 0.883027
