0.000000 0.392369 0.875454 0.996696 0.894401 0.641397 0.658057 0.495444 0.700955 0.721917 0.514660 0.419393 0.675506 0.638405 0.957618 0.767048 0.410625 0.420830 0.502235 0.465307 0.884495 0.886415 0.726538 0.827370 0.770778 0.826306 0.822466 0.997498 0.614194 0.544419 0.991560 0.739468 0.637274 0.572108 0.985696 0.817503 0.940421 0.999234 0.953110 0.974303 0.934206 0.851289 0.578496 0.529812 0.610072 0.599019 0.657064 0.585317 0.658499 0.651186 0.753624 0.745267 0.845868 0.826954 0.960961 0.878791 0.331756 0.508744 0.559974 0.928798 0.588000 0.736389 0.490767 0.429171 0.716478 0.938878 0.770107 0.766715 0.774671 0.698219 0.826740 0.839293 0.870888 0.773683 0.972337 0.812970 0.747076 0.827300 0.830091 0.763955 0.553978 0.640714 0.852109 0.787089 0.811379 0.805017 0.958836 0.743229 0.986393 0.956056 0.576688 0.737526 0.741807 0.832189 0.815605 0.868296 0.769704 0.826496 0.501459 0.521182 0.629331 0.699126 0.522982 0.564265 0.865737 0.716854 0.879157 0.887046 0.943858 0.944630 0.869868 0.739256 0.714209 0.824277 0.801955 0.907481
0.392369 0.000000 0.720181 0.865283 0.915528 0.749773 0.808715 0.627180 0.823778 0.735065 0.731642 0.447375 0.900576 0.799381 0.895198 0.762164 0.372884 0.345102 0.689501 0.664099 0.990374 0.818290 0.729484 0.810833 0.837328 0.841648 0.888904 0.885000 0.666826 0.432667 0.916404 0.773757 0.700426 0.667430 0.830166 0.900993 0.936552 0.891946 0.956823 0.812602 0.885995 0.844710 0.644023 0.570486 0.605779 0.531481 0.798788 0.643574 0.639827 0.599602 0.705482 0.646674 0.843090 0.747274 0.951567 0.766272 0.282581 0.316027 0.708878 0.842914 0.736506 0.632118 0.663347 0.390420 0.706154 0.972955 0.808099 0.801628 0.804611 0.657237 0.883242 0.894385 0.863212 0.821248 0.907512 0.787567 0.761111 0.777618 0.664486 0.585141 0.407007 0.607157 0.823453 0.741421 0.732268 0.837374 0.809204 0.756697 0.923481 0.968668 0.664722 0.834261 0.782216 0.843257 0.772365 0.898719 0.686395 0.863275 0.594235 0.683084 0.742490 0.734409 0.572790 0.657961 0.929871 0.766883 0.782003 0.968015 0.874957 0.897605 0.802991 0.680653 0.728790 0.874205 0.801908 0.827242
0.875454 0.720181 0.000000 0.362610 0.859813 0.944884 0.642820 0.775801 0.830210 0.883292 0.861560 0.732410 0.699270 0.749900 0.704376 0.864729 0.715615 0.673507 0.684057 0.865004 0.941523 0.959608 0.516146 0.649674 0.721964 0.711217 0.806801 0.871756 0.973688 0.735638 0.481896 0.629531 0.659665 0.735360 0.656375 0.795176 0.929297 0.949204 0.827572 0.940390 0.969847 0.760680 0.837816 0.933951 0.888934 0.787625 0.762552 0.819839 0.732440 0.850448 0.889839 0.904129 0.950114 0.963712 0.839784 0.883175 0.769160 0.611769 0.845231 0.772213 0.750777 0.929626 0.969107 0.610968 0.447887 0.511930 0.644646 0.705368 0.896287 0.834434 0.764559 0.948983 0.990842 0.961508 0.992312 0.891856 0.817098 0.757006 0.796646 0.801686 0.604023 0.694443 0.924902 0.626278 0.670350 0.768169 0.854910 0.962866 0.868495 0.966986 0.972762 0.800918 0.878581 0.795410 0.979818 0.947763 0.792513 0.955910 0.991810 0.878970 0.926965 0.833501 0.895777 0.919077 0.926001 0.932874 0.855043 0.774921 0.909025 0.908401 0.923637 0.945072 0.941403 0.922003 0.985923 0.731344
0.996696 0.865283 0.362610 0.000000 0.968669 0.961582 0.740725 0.763981 0.939786 0.725739 0.906489 0.834502 0.689795 0.621222 0.762053 0.994219 0.789890 0.788955 0.646314 0.733512 0.967204 0.933437 0.453342 0.473112 0.592572 0.640554 0.726496 0.676297 0.980903 0.815730 0.434735 0.564822 0.637401 0.733544 0.607176 0.845259 0.849530 0.988813 0.754461 0.949688 0.932518 0.852516 0.866835 0.943752 0.757570 0.682637 0.777199 0.843462 0.587305 0.767238 0.823378 0.888443 0.871918 0.993892 0.752139 0.995724 0.896212 0.727431 0.866314 0.855288 0.871358 0.903853 0.984464 0.687162 0.489410 0.472379 0.670189 0.716844 0.979384 0.894363 0.762288 0.924469 0.912781 0.935234 0.871828 0.864154 0.863041 0.833031 0.971904 0.915010 0.822584 0.914236 0.892944 0.778192 0.630288 0.612927 0.921381 0.923178 0.787710 0.771502 0.972103 0.930761 0.882963 0.876725 0.954458 0.846699 0.831939 0.953505 0.946900 0.964625 0.881503 0.815619 0.901313 0.996042 0.850624 0.902919 0.875677 0.849764 0.876105 0.857622 0.988866 0.829326 0.891890 0.795713 0.953560 0.696808
0.894401 0.915528 0.859813 0.968669 0.000000 0.754730 0.764505 0.814367 0.913672 0.756382 0.789745 0.813099 0.847996 0.854782 0.929266 0.983075 0.977751 0.932425 0.758723 0.750477 0.833146 0.942820 0.931526 0.955535 0.918156 0.813399 0.878511 0.927771 0.961655 0.930459 0.891520 0.794606 0.754848 0.804316 0.818051 0.829161 0.997112 0.898000 0.843922 0.858923 0.986311 0.875823 0.855799 0.911160 0.826708 0.837786 0.953489 0.836292 0.965965 0.934931 0.912460 0.965026 0.874984 0.858029 0.888535 0.958510 0.938294 0.935681 0.854682 0.895334 0.785952 0.944807 0.855396 0.984602 0.988667 0.941081 0.692420 0.716801 0.920614 0.976235 0.815883 0.907025 0.863405 0.797734 0.945225 0.885638 0.827266 0.824017 0.937571 0.985750 0.951014 0.891708 0.953890 0.909554 0.933223 0.997067 0.896477 0.961066 0.991827 0.789222 0.780939 0.738522 0.804203 0.770438 0.996570 0.979006 0.960517 0.998934 0.831033 0.838426 0.940437 0.875753 0.896805 0.916711 0.935500 0.972304 0.822431 0.997301 0.993850 0.947632 0.838555 0.929058 0.905247 0.929881 0.826674 0.846608
0.641397 0.749773 0.944884 0.961582 0.754730 0.000000 0.633800 0.610608 0.625645 0.565047 0.598881 0.592029 0.762107 0.837817 0.998499 0.845114 0.677716 0.661893 0.655798 0.730510 0.933155 0.975138 0.813529 0.842788 0.752415 0.726252 0.762924 0.958831 0.734987 0.709513 0.899413 0.833564 0.832186 0.656312 0.884485 0.819626 0.971448 0.991451 0.980752 0.853598 0.935437 0.932277 0.672879 0.667624 0.652128 0.663666 0.915368 0.725610 0.781129 0.858548 0.928035 0.932197 0.926037 0.851172 0.781203 0.977161 0.621471 0.865413 0.814670 0.980639 0.703830 0.857895 0.729691 0.751071 0.713074 0.891437 0.804399 0.778897 0.939944 0.929819 0.806629 0.786877 0.866740 0.775548 0.923264 0.738286 0.739224 0.814106 0.766617 0.878865 0.923501 0.830750 0.903466 0.992798 0.789970 0.777562 0.923100 0.948752 0.966509 0.721129 0.687453 0.751211 0.716182 0.784070 0.987898 0.935921 0.720986 0.852272 0.568499 0.671697 0.695949 0.710159 0.721241 0.697443 0.951791 0.891739 0.641569 0.929004 0.888250 0.995862 0.903511 0.763450 0.788827 0.772118 0.982545 0.744966
0.658057 0.808715 0.642820 0.740725 0.764505 0.633800 0.000000 0.319372 0.639189 0.479738 0.348535 0.667278 0.491595 0.595165 0.890092 0.964014 0.745877 0.738479 0.365600 0.583270 0.759082 0.903320 0.977394 0.884191 0.657129 0.680684 0.710977 0.866356 0.590818 0.695281 0.794247 0.670492 0.508268 0.394956 0.987908 0.979712 0.956541 0.833742 0.999562 0.882609 0.978503 0.799534 0.528492 0.570627 0.482952 0.600158 0.648699 0.513933 0.724539 0.792224 0.755287 0.784528 0.805230 0.697008 0.893601 0.963976 0.724584 0.997466 0.515810 0.776505 0.355758 0.765736 0.517403 0.791755 0.869388 0.861332 0.485000 0.480218 0.872097 0.977780 0.638871 0.833108 0.964530 0.802537 0.986113 0.737169 0.585005 0.669290 0.974362 0.981264 0.915212 0.959620 0.859150 0.841494 0.908656 0.832965 0.998235 0.800804 0.987936 0.740966 0.519336 0.476789 0.812943 0.648447 0.760472 0.818237 0.807707 0.862415 0.475045 0.436882 0.528559 0.565664 0.736858 0.666313 0.984443 0.797066 0.920987 0.753751 0.904867 0.988423 0.717261 0.702379 0.585711 0.894950 0.986049 0.923017
0.495444 0.627180 0.775801 0.763981 0.814367 0.610608 0.319372 0.000000 0.560994 0.478906 0.338782 0.488662 0.530812 0.490059 0.944287 0.910211 0.570377 0.572220 0.318398 0.490733 0.717933 0.898560 0.892220 0.840023 0.666135 0.727954 0.700242 0.926274 0.468209 0.542381 0.827872 0.649914 0.497814 0.390790 0.941934 0.869893 0.957314 0.890881 0.956529 0.928356 0.991233 0.928358 0.416493 0.451412 0.456133 0.536284 0.643651 0.443279 0.629585 0.692709 0.656490 0.679875 0.722351 0.645500 0.845919 0.893729 0.549162 0.830467 0.530965 0.765948 0.411343 0.661947 0.499065 0.649497 0.813194 0.883268 0.622524 0.546478 0.980499 0.868734 0.670237 0.800858 0.860624 0.762767 0.965414 0.724741 0.582617 0.710621 0.908269 0.839777 0.926816 0.970632 0.886190 0.935641 0.741213 0.739185 0.906404 0.714336 0.904713 0.819481 0.433969 0.494105 0.758095 0.675764 0.747410 0.806669 0.785332 0.783360 0.416914 0.388729 0.481752 0.490137 0.566532 0.541452 0.986183 0.719179 0.898047 0.736128 0.938049 0.994997 0.764590 0.650101 0.583155 0.819593 0.887728 0.934760
0.700955 0.823778 0.830210 0.939786 0.913672 0.625645 0.639189 0.560994 0.000000 0.646975 0.634812 0.725118 0.821655 0.792499 0.936198 0.877081 0.717859 0.750808 0.706135 0.725485 0.722376 0.910716 0.819800 0.792237 0.831464 0.982801 0.858457 0.893037 0.663331 0.819907 0.819549 0.842190 0.698471 0.682797 0.924638 0.778762 0.772480 0.911251 0.968694 0.969748 0.972735 0.968227 0.599556 0.656104 0.606055 0.682385 0.753830 0.694698 0.690627 0.611087 0.681752 0.659517 0.644524 0.614750 0.841092 0.927724 0.696893 0.861842 0.689265 0.723392 0.564179 0.644708 0.926311 0.811312 0.967801 0.875905 0.898752 0.886162 0.998118 0.797532 0.800296 0.853213 0.944327 0.791926 0.952948 0.897535 0.604689 0.828213 0.986377 0.998781 0.925237 0.824613 0.871325 0.907162 0.749375 0.670996 0.946636 0.795179 0.902852 0.814312 0.647095 0.677075 0.790644 0.750911 0.876505 0.969694 0.852599 0.888956 0.574168 0.622636 0.720749 0.755776 0.658024 0.827932 0.972335 0.699875 0.849186 0.805546 0.943874 0.963291 0.899801 0.769773 0.732500 0.869339 0.871652 0.975946
0.721917 0.735065 0.883292 0.725739 0.756382 0.565047 0.479738 0.478906 0.646975 0.000000 0.484350 0.562947 0.744711 0.811176 0.981589 0.942046 0.612320 0.584808 0.662170 0.812296 0.763276 0.905018 0.581471 0.516682 0.397746 0.445809 0.554469 0.756028 0.528503 0.559389 0.824911 0.951758 0.872906 0.646716 0.654852 0.825529 0.854499 0.829765 0.877944 0.871462 0.921573 0.901307 0.547599 0.537125 0.328481 0.341332 0.872692 0.571025 0.407950 0.622288 0.618207 0.709612 0.685504 0.674186 0.640339 0.943689 0.640400 0.824800 0.725723 0.928723 0.538496 0.701751 0.602203 0.617297 0.514802 0.729560 0.836195 0.805129 0.809089 0.955406 0.795713 0.803006 0.993519 0.833232 0.895552 0.809541 0.637019 0.796711 0.932269 0.932713 0.988397 0.915576 0.770707 0.984733 0.539318 0.480078 0.991773 0.784292 0.728938 0.523352 0.456771 0.507204 0.687437 0.699345 0.803276 0.988545 0.696983 0.741548 0.456382 0.453316 0.596263 0.655597 0.600270 0.627395 0.905261 0.877643 0.806047 0.791968 0.977809 0.904617 0.679828 0.527480 0.553813 0.737720 0.918327 0.823425
0.514660 0.731642 0.861560 0.906489 0.789745 0.598881 0.348535 0.338782 0.634812 0.484350 0.000000 0.534185 0.470496 0.561302 0.963558 0.934641 0.597729 0.619099 0.377800 0.526735 0.791377 0.879343 0.786512 0.760509 0.544370 0.657395 0.628571 0.887296 0.496747 0.609420 0.880550 0.745131 0.638037 0.450066 0.961184 0.839625 0.985016 0.779189 0.971180 0.980321 0.989806 0.964180 0.547575 0.545430 0.489862 0.544863 0.662298 0.543356 0.605541 0.732277 0.692993 0.786696 0.774583 0.763091 0.904987 0.904382 0.616968 0.871770 0.520865 0.885445 0.389597 0.782424 0.429049 0.642535 0.695144 0.958513 0.637834 0.601270 0.930442 0.954730 0.661904 0.805545 0.898149 0.789312 0.953751 0.725348 0.719478 0.742918 0.917432 0.929512 0.922073 0.888259 0.875864 0.998367 0.792265 0.752737 0.938802 0.853129 0.981628 0.725776 0.484639 0.532219 0.765767 0.744314 0.825470 0.864436 0.766936 0.859888 0.452336 0.396827 0.500059 0.663038 0.637733 0.563906 0.947556 0.778356 0.919031 0.762814 0.949777 0.990122 0.817292 0.667645 0.553877 0.883419 0.907842 0.937806
0.419393 0.447375 0.732410 0.834502 0.813099 0.592029 0.667278 0.488662 0.725118 0.562947 0.534185 0.000000 0.822088 0.703029 0.795524 0.759884 0.428170 0.384285 0.622311 0.561211 0.858021 0.860647 0.609585 0.672131 0.583691 0.641108 0.624618 0.852645 0.515626 0.433302 0.906279 0.879824 0.731332 0.612490 0.821101 0.822945 0.826022 0.990592 0.951149 0.987091 0.824558 0.881347 0.652273 0.617143 0.501926 0.494403 0.768361 0.562301 0.503840 0.610584 0.644421 0.643759 0.726197 0.725505 0.789792 0.844270 0.416029 0.521366 0.617620 0.845284 0.631387 0.588943 0.548971 0.393850 0.524495 0.857041 0.867803 0.760199 0.851098 0.574697 0.921330 0.866405 0.787514 0.723068 0.966710 0.809723 0.759371 0.956974 0.760434 0.730516 0.579710 0.673544 0.989116 0.699063 0.631799 0.665886 0.842331 0.731313 0.910100 0.840511 0.587837 0.782784 0.755101 0.860200 0.692586 0.856465 0.726877 0.794481 0.535841 0.643089 0.620379 0.704098 0.579306 0.565967 0.947422 0.779054 0.792533 0.909796 0.932091 0.894807 0.812102 0.768894 0.654924 0.778261 0.799988 0.793936
0.675506 0.900576 0.699270 0.689795 0.847996 0.762107 0.491595 0.530812 0.821655 0.744711 0.470496 0.822088 0.000000 0.401747 0.632357 0.747687 0.855143 0.830060 0.458932 0.551937 0.911231 0.920758 0.877177 0.816513 0.873593 0.842821 0.947518 0.922044 0.740147 0.781837 0.802073 0.647769 0.678261 0.555794 0.989829 0.920275 0.875855 0.693027 0.962030 0.967034 0.869116 0.811415 0.572106 0.607242 0.822200 0.828409 0.564918 0.630785 0.936973 0.986345 0.897246 0.950529 0.978025 0.974548 0.921209 0.996944 0.806908 0.918350 0.700530 0.924290 0.628271 0.862160 0.507796 0.933061 0.945499 0.987969 0.722501 0.809970 0.957163 0.944980 0.634576 0.770160 0.982263 0.953607 0.891775 0.660425 0.770473 0.794470 0.907464 0.985450 0.960576 0.987530 0.922909 0.874553 0.890608 0.908273 0.884193 0.959396 0.849317 0.882498 0.647539 0.662290 0.915113 0.843531 0.822046 0.762532 0.940554 0.942272 0.617955 0.543390 0.661976 0.803335 0.755989 0.652168 0.961507 0.978752 0.986422 0.758229 0.910918 0.968590 0.829983 0.833340 0.772747 0.840546 0.990074 0.846756
0.638405 0.799381 0.749900 0.621222 0.854782 0.837817 0.595165 0.490059 0.792499 0.811176 0.561302 0.703029 0.401747 0.000000 0.709131 0.637344 0.797046 0.764288 0.469552 0.444372 0.901649 0.842994 0.882962 0.809286 0.963810 0.919280 0.954841 0.895131 0.640849 0.703955 0.731208 0.641442 0.633357 0.519170 0.987432 0.919090 0.906182 0.788841 0.927525 0.999190 0.913352 0.918634 0.552024 0.595922 0.845091 0.848528 0.620689 0.578382 0.969601 0.968258 0.853150 0.910577 0.943921 0.875092 0.916541 0.949819 0.763003 0.997948 0.766708 0.989865 0.712615 0.998390 0.577320 0.896957 0.978471 0.842149 0.775002 0.813010 0.950880 0.873105 0.728639 0.819337 0.901992 0.866740 0.919355 0.599192 0.720789 0.847967 0.983168 0.925406 0.923901 0.921576 0.902084 0.999095 0.953938 0.882656 0.956563 0.973347 0.847559 0.973194 0.600109 0.749944 0.915848 0.889851 0.845776 0.716278 0.951651 0.894450 0.626450 0.584997 0.655512 0.751972 0.783461 0.748423 0.960661 0.881182 0.981727 0.730237 0.860306 0.965788 0.849299 0.837721 0.737916 0.926311 0.886117 0.889493
0.957618 0.895198 0.704376 0.762053 0.929266 0.998499 0.890092 0.944287 0.936198 0.981589 0.963558 0.795524 0.632357 0.709131 0.000000 0.634018 0.853214 0.845418 0.960164 0.858379 0.833428 0.943406 0.821477 0.739439 0.816314 0.831857 0.716174 0.770461 0.967179 0.918859 0.858665 0.810652 0.965203 0.988266 0.939958 0.961205 0.901446 0.775656 0.925239 0.953150 0.873519 0.854498 0.743926 0.815204 0.908757 0.942427 0.706878 0.897361 0.926126 0.890792 0.973747 0.894843 0.900557 0.919536 0.963945 0.786512 0.937450 0.829054 0.985204 0.836627 0.946817 0.839880 0.997342 0.801759 0.691011 0.872037 0.936217 0.851146 0.890799 0.828191 0.877043 0.933461 0.796791 0.804788 0.955141 0.840715 0.834292 0.895382 0.801618 0.857214 0.804274 0.788537 0.855004 0.837230 0.754905 0.818956 0.763875 0.980681 0.882292 0.979056 0.962472 0.954832 0.894651 0.973325 0.989028 0.968022 0.856949 0.922038 0.920116 0.894073 0.932379 0.955733 0.970040 0.972182 0.995471 0.950563 0.995087 0.735804 0.950185 0.910224 0.875728 0.873258 0.974051 0.934852 0.970244 0.820621
0.767048 0.762164 0.864729 0.994219 0.983075 0.845114 0.964014 0.910211 0.877081 0.942046 0.934641 0.759884 0.747687 0.637344 0.634018 0.000000 0.793848 0.774491 0.961308 0.693101 0.974317 0.959284 0.998625 0.802806 0.889927 0.928122 0.886390 0.885902 0.893872 0.745883 0.937088 0.802089 0.993081 0.918388 0.774436 0.814902 0.817802 0.981731 0.936914 0.805806 0.972977 0.946039 0.800117 0.872041 0.995121 0.942003 0.816458 0.822638 0.910411 0.995122 0.820096 0.929959 0.999486 0.998423 0.887786 0.919448 0.759643 0.779362 0.966276 0.925267 0.975941 0.937479 0.915237 0.802405 0.941004 0.970683 0.732789 0.810877 0.863587 0.854314 0.956835 0.974517 0.989551 0.908961 0.939205 0.808551 0.971841 0.904828 0.964955 0.876553 0.729870 0.766453 0.691709 0.732775 0.916996 0.832728 0.922997 0.926957 0.866991 0.956711 0.989106 0.815093 0.908643 0.746682 0.812122 0.907639 0.971412 0.952276 0.848577 0.932375 0.977198 0.892249 0.920150 0.954381 0.878532 0.912672 0.940985 0.897998 0.918594 0.966687 0.930534 0.909158 0.992965 0.913622 0.909592 0.903669
0.410625 0.372884 0.715615 0.789890 0.977751 0.677716 0.745877 0.570377 0.717859 0.612320 0.597729 0.428170 0.855143 0.797046 0.853214 0.793848 0.000000 0.294670 0.704389 0.718350 0.956828 0.783453 0.592959 0.653261 0.687534 0.740635 0.687305 0.826107 0.488372 0.373885 0.909341 0.873973 0.807451 0.668225 0.728138 0.835108 0.922133 0.894115 0.970286 0.799693 0.921389 0.880446 0.642230 0.560861 0.550486 0.535918 0.813847 0.677243 0.557081 0.582709 0.642345 0.631014 0.781316 0.724524 0.799805 0.860845 0.333458 0.405901 0.758952 0.878069 0.676282 0.586361 0.650443 0.356147 0.582929 0.877844 0.954771 0.889198 0.769934 0.649199 0.931333 0.832817 0.794622 0.791000 0.959769 0.784718 0.808367 0.913238 0.757182 0.621686 0.500561 0.713878 0.995416 0.674193 0.598530 0.687594 0.785368 0.695965 0.779719 0.884819 0.620849 0.804508 0.757916 0.908657 0.738356 0.927701 0.730776 0.881239 0.590650 0.578333 0.687307 0.756422 0.616557 0.698970 0.967765 0.844074 0.764941 0.953176 0.956324 0.909003 0.766064 0.739864 0.706685 0.834067 0.828712 0.817238
0.420830 0.345102 0.673507 0.788955 0.932425 0.661893 0.738479 0.572220 0.750808 0.584808 0.619099 0.384285 0.830060 0.764288 0.845418 0.774491 0.294670 0.000000 0.686393 0.659813 0.951933 0.936077 0.566005 0.695698 0.647375 0.653104 0.705117 0.805632 0.521509 0.352911 0.884390 0.829673 0.781400 0.672661 0.702271 0.757584 0.952630 0.988776 0.955219 0.908070 0.963528 0.898174 0.655353 0.577667 0.536450 0.483465 0.848320 0.610822 0.567608 0.590407 0.691988 0.627321 0.817695 0.752341 0.797978 0.860206 0.296478 0.384373 0.785790 0.935924 0.679801 0.618303 0.609992 0.338125 0.533209 0.833438 0.929622 0.899046 0.759400 0.626479 0.901641 0.853064 0.860060 0.785111 0.939438 0.871497 0.780412 0.832283 0.676152 0.603960 0.477036 0.666048 0.998209 0.675563 0.574894 0.671284 0.802401 0.683781 0.839436 0.888692 0.595267 0.782367 0.744875 0.860056 0.790348 0.899075 0.666416 0.926957 0.560911 0.576016 0.669800 0.781854 0.594440 0.678749 0.980146 0.844652 0.769142 0.999948 0.938432 0.943619 0.814479 0.706536 0.676750 0.812935 0.809943 0.817858
0.502235 0.689501 0.684057 0.646314 0.758723 0.655798 0.365600 0.318398 0.706135 0.662170 0.377800 0.622311 0.458932 0.469552 0.960164 0.961308 0.704389 0.686393 0.000000 0.461823 0.865213 0.935551 0.963272 0.978618 0.825689 0.835044 0.839797 0.964077 0.637196 0.665203 0.744164 0.597803 0.485265 0.387839 0.913789 0.933515 0.983399 0.836041 0.969122 0.925336 0.974422 0.998410 0.527657 0.533480 0.639129 0.697609 0.679339 0.518798 0.850814 0.844276 0.853249 0.875260 0.904602 0.865043 0.980920 0.877455 0.611022 0.905818 0.595375 0.864779 0.480159 0.872991 0.489221 0.767004 0.930208 0.840628 0.513563 0.526558 0.976580 0.919897 0.606773 0.914840 0.898301 0.837563 0.950318 0.756522 0.679095 0.699715 0.941744 0.917786 0.912192 0.893670 0.933380 0.899288 0.961683 0.934102 0.970264 0.902187 0.894280 0.909243 0.551912 0.568974 0.838341 0.740668 0.857055 0.790349 0.849447 0.891300 0.499072 0.468354 0.515804 0.588751 0.658597 0.615553 0.891476 0.790446 0.938590 0.834915 0.986988 0.944819 0.887909 0.721200 0.685524 0.899413 0.929596 0.954347
0.465307 0.664099 0.865004 0.733512 0.750477 0.730510 0.583270 0.490733 0.725485 0.812296 0.526735 0.561211 0.551937 0.444372 0.858379 0.693101 0.718350 0.659813 0.461823 0.000000 0.926165 0.991810 0.999708 0.924492 0.919485 0.908958 0.912894 0.909878 0.668473 0.719018 0.854389 0.611743 0.471756 0.536396 0.900914 0.970192 0.765709 0.838821 0.928432 0.971565 0.870235 0.911029 0.614302 0.621346 0.752386 0.802955 0.597302 0.560453 0.882910 0.817324 0.806339 0.828725 0.779581 0.825282 0.998351 0.962088 0.612596 0.780751 0.547965 0.857715 0.568247 0.837326 0.553437 0.717822 0.953567 0.854142 0.683788 0.688298 0.839534 0.772531 0.768557 0.856171 0.741101 0.779698 0.915822 0.806057 0.735807 0.803962 0.992607 0.858931 0.743695 0.712788 0.844837 0.944659 0.931496 0.951355 0.947283 0.888628 0.871835 0.978631 0.637434 0.762063 0.862593 0.880694 0.819611 0.746630 0.993384 0.902772 0.618056 0.598119 0.680463 0.793500 0.712871 0.655172 0.914764 0.744285 0.914379 0.838527 0.875932 0.998786 0.915784 0.901465 0.795535 0.889138 0.959276 0.989923
0.884495 0.990374 0.941523 0.967204 0.833146 0.933155 0.759082 0.717933 0.722376 0.763276 0.791377 0.858021 0.911231 0.901649 0.833428 0.974317 0.956828 0.951933 0.865213 0.926165 0.000000 0.967471 0.837957 0.792298 0.821724 0.984326 0.957729 0.994026 0.758242 0.960428 0.925812 0.987020 0.976994 0.944956 0.859791 0.797449 0.935022 0.903016 0.994286 0.831915 0.971360 0.957688 0.822397 0.867339 0.815688 0.851466 0.770332 0.877602 0.825273 0.871010 0.946429 0.885149 0.883395 0.927387 0.915152 0.967408 0.899009 0.981319 0.859609 0.989762 0.810785 0.793901 0.895622 0.892518 0.984451 0.991376 0.937609 0.984598 0.947141 0.982062 0.976717 0.992035 0.787351 0.966229 0.890478 0.883399 0.820970 0.908628 0.966756 0.995918 0.820681 0.786957 0.859595 0.861226 0.762405 0.648004 0.943698 0.675419 0.987707 0.999487 0.823186 0.774169 0.931107 0.921444 0.886765 0.962176 0.980958 0.817334 0.803836 0.751346 0.942011 0.843008 0.765151 0.814342 0.981977 0.782930 0.955511 0.752100 0.886912 0.893480 0.886968 0.785540 0.838145 0.896927 0.992148 0.880187
0.886415 0.818290 0.959608 0.933437 0.942820 0.975138 0.903320 0.898560 0.910716 0.905018 0.879343 0.860647 0.920758 0.842994 0.943406 0.959284 0.783453 0.936077 0.935551 0.991810 0.967471 0.000000 0.915560 0.827309 0.826036 0.951335 0.923707 0.913290 0.926970 0.880720 0.872370 0.853000 0.938801 0.976602 0.951816 0.962191 0.885311 0.940633 0.926850 0.874983 0.733650 0.870262 0.974492 0.942882 0.878627 0.908230 0.980909 0.973107 0.830469 0.895953 0.831216 0.953706 0.905918 0.908380 0.994435 0.871245 0.859878 0.837322 0.846049 0.905837 0.874418 0.833673 0.913430 0.854041 0.899183 0.977545 0.946492 0.868689 0.956363 0.885420 0.953857 0.988260 0.882287 0.980129 0.876533 0.930463 0.909160 0.935755 0.964707 0.963551 0.822751 0.946723 0.929686 0.916467 0.932353 0.882522 0.941015 0.929798 0.808399 0.883207 0.942748 0.961940 0.962397 0.996250 0.790447 0.899143 0.955369 0.964221 0.951790 0.959099 0.874277 0.900633 0.842482 0.912197 0.842970 0.988323 0.964086 0.916205 0.980531 0.830092 0.929402 0.907163 0.984449 0.986285 0.947999 0.881888
0.726538 0.729484 0.516146 0.453342 0.931526 0.813529 0.977394 0.892220 0.819800 0.581471 0.786512 0.609585 0.877177 0.882962 0.821477 0.998625 0.592959 0.566005 0.963272 0.999708 0.837957 0.915560 0.000000 0.352457 0.397671 0.601044 0.548431 0.748377 0.670170 0.712981 0.541395 0.714291 0.789169 0.947940 0.573997 0.665775 0.961743 0.990433 0.791661 0.947941 0.913719 0.853134 0.812610 0.750222 0.572761 0.520461 0.953559 0.870597 0.471318 0.606073 0.813161 0.765196 0.783555 0.900892 0.760637 0.892662 0.649109 0.700777 0.888436 0.879228 0.868483 0.789659 0.820621 0.555962 0.453413 0.503411 0.811875 0.822977 0.950543 0.759083 0.862977 0.917529 0.948686 0.916272 0.810293 0.925038 0.956106 0.985061 0.881127 0.982889 0.848331 0.998865 0.785877 0.797509 0.370125 0.382270 0.879932 0.699550 0.675338 0.701954 0.671046 0.760803 0.695162 0.884557 0.916395 0.977362 0.785319 0.878522 0.621534 0.741611 0.758916 0.921537 0.689748 0.753519 0.979810 0.901338 0.803943 0.994978 0.938962 0.962800 0.938253 0.666735 0.651065 0.878038 0.967610 0.738261
0.827370 0.810833 0.649674 0.473112 0.955535 0.842788 0.884191 0.840023 0.792237 0.516682 0.760509 0.672131 0.816513 0.809286 0.739439 0.802806 0.653261 0.695698 0.978618 0.924492 0.792298 0.827309 0.352457 0.000000 0.406882 0.626469 0.533810 0.681341 0.677350 0.767890 0.585242 0.682394 0.867739 0.955264 0.653103 0.858573 0.940735 0.994139 0.729645 0.984734 0.924630 0.945421 0.846346 0.817147 0.527732 0.501720 0.889644 0.872562 0.434834 0.552676 0.719725 0.722429 0.674008 0.796787 0.693394 0.895401 0.757569 0.745247 0.826136 0.946040 0.768442 0.691139 0.848365 0.639425 0.532580 0.628723 0.942963 0.976972 0.861194 0.784175 0.888370 0.936340 0.986696 0.927281 0.845404 0.945478 0.859164 0.928336 0.917468 0.979508 0.963446 0.890582 0.707034 0.958363 0.419623 0.357966 0.890109 0.642832 0.592354 0.633604 0.664035 0.722373 0.706553 0.758478 0.861686 0.929622 0.784150 0.835683 0.664238 0.702003 0.833010 0.799441 0.728578 0.831490 0.933214 0.853966 0.851000 0.992521 0.971400 0.891820 0.880876 0.683824 0.613127 0.878060 0.942701 0.763684
0.770778 0.837328 0.721964 0.592572 0.918156 0.752415 0.657129 0.666135 0.831464 0.397746 0.544370 0.583691 0.873593 0.963810 0.816314 0.889927 0.687534 0.647375 0.825689 0.919485 0.821724 0.826036 0.397671 0.406882 0.000000 0.435727 0.454207 0.712872 0.604735 0.681104 0.614722 0.788973 0.980128 0.820243 0.666756 0.781878 0.855466 0.824781 0.756856 0.898060 0.857375 0.981416 0.770396 0.714007 0.409638 0.423876 0.967202 0.760258 0.413626 0.647781 0.687151 0.742279 0.700891 0.784052 0.805097 0.827655 0.740606 0.870272 0.722847 0.936998 0.665958 0.835859 0.557898 0.595989 0.376895 0.514990 0.921659 0.927774 0.863433 0.883311 0.990945 0.864723 0.998057 0.834597 0.866538 0.996478 0.848231 0.850574 0.960770 0.924515 0.996709 0.961566 0.718284 0.933056 0.461357 0.447621 0.908899 0.809361 0.690445 0.605673 0.541934 0.588194 0.687920 0.731669 0.798606 0.920690 0.766834 0.830048 0.567667 0.588244 0.620185 0.793421 0.659324 0.655460 0.944849 0.879992 0.867376 0.921872 0.930578 0.869505 0.865391 0.669517 0.554401 0.815191 0.961379 0.793282
0.826306 0.841648 0.711217 0.640554 0.813399 0.726252 0.680684 0.727954 0.982801 0.445809 0.657395 0.641108 0.842821 0.919280 0.831857 0.928122 0.740635 0.653104 0.835044 0.908958 0.984326 0.951335 0.601044 0.626469 0.435727 0.000000 0.531674 0.710328 0.728316 0.637312 0.753772 0.989391 0.982845 0.830311 0.800605 0.925642 0.799257 0.746119 0.766610 0.871438 0.881206 0.941422 0.840476 0.755791 0.519847 0.524854 0.972622 0.757394 0.610779 0.756992 0.794423 0.810687 0.789313 0.822323 0.749932 0.862524 0.798531 0.850619 0.830338 0.907975 0.806525 0.975494 0.593926 0.689152 0.413006 0.535684 0.853345 0.898361 0.875747 0.926293 0.822855 0.810327 0.943942 0.803615 0.857509 0.847255 0.743023 0.884984 0.907374 0.921872 0.949619 0.903023 0.867666 0.928825 0.650732 0.656421 0.915769 0.878942 0.788504 0.703527 0.571759 0.612359 0.668026 0.750893 0.835922 0.916465 0.667807 0.825867 0.615115 0.656359 0.780496 0.747545 0.810714 0.658071 0.911811 0.992430 0.899538 0.946947 0.987109 0.841883 0.792598 0.730959 0.643008 0.768629 0.957614 0.754665
0.822466 0.888904 0.806801 0.726496 0.878511 0.762924 0.710977 0.700242 0.858457 0.554469 0.628571 0.624618 0.947518 0.954841 0.716174 0.886390 0.687305 0.705117 0.839797 0.912894 0.957729 0.923707 0.548431 0.533810 0.454207 0.531674 0.000000 0.633752 0.687047 0.670485 0.817305 0.812477 0.890931 0.812368 0.724901 0.919883 0.967268 0.993351 0.835313 0.967886 0.912677 0.975347 0.750514 0.762570 0.554811 0.615191 0.883763 0.853196 0.583810 0.763541 0.795882 0.817525 0.732342 0.841054 0.797261 0.918305 0.817874 0.885573 0.787851 0.976791 0.711360 0.850816 0.650109 0.632292 0.524971 0.666563 0.920512 0.847022 0.902022 0.891523 0.890198 0.868446 0.892985 0.835762 0.903932 0.982254 0.948031 0.983163 0.975683 0.952952 0.930978 0.954310 0.654456 0.809013 0.563043 0.590132 0.831689 0.885387 0.759845 0.703491 0.649449 0.691126 0.681354 0.896868 0.962856 0.931244 0.790100 0.966492 0.667620 0.724380 0.661811 0.777322 0.813531 0.768683 0.953516 0.878220 0.874821 0.972030 0.869441 0.925724 0.903558 0.818206 0.634251 0.897965 0.974646 0.952931
0.997498 0.885000 0.871756 0.676297 0.927771 0.958831 0.866356 0.926274 0.893037 0.756028 0.887296 0.852645 0.922044 0.895131 0.770461 0.885902 0.826107 0.805632 0.964077 0.909878 0.994026 0.913290 0.748377 0.681341 0.712872 0.710328 0.633752 0.000000 0.926523 0.755524 0.707659 0.925863 0.989837 0.955428 0.697016 0.916722 0.945708 0.999993 0.942295 0.950799 0.980209 0.980931 0.967879 0.975722 0.748720 0.765795 0.983693 0.923650 0.705287 0.852344 0.844533 0.848038 0.915229 0.902258 0.805831 0.970272 0.950395 0.860039 0.960315 0.807920 0.810870 0.743497 0.854655 0.747560 0.725571 0.896141 0.990518 0.868154 0.926222 0.961248 0.909720 0.929039 0.831538 0.968937 0.817062 0.979343 0.878266 0.956763 0.968108 0.800547 0.910604 0.938155 0.790715 0.940094 0.733415 0.755768 0.935020 0.803401 0.835067 0.833872 0.936694 0.937137 0.985449 0.914940 0.738524 0.917355 0.876157 0.974330 0.916798 0.894022 0.996863 0.987395 0.964304 0.973490 0.941783 0.947347 0.990916 0.856125 0.998336 0.832703 0.818435 0.777355 0.860551 0.934201 0.936104 0.947005
0.614194 0.666826 0.973688 0.980903 0.961655 0.734987 0.590818 0.468209 0.663331 0.528503 0.496747 0.515626 0.740147 0.640849 0.967179 0.893872 0.488372 0.521509 0.637196 0.668473 0.758242 0.926970 0.670170 0.677350 0.604735 0.728316 0.687047 0.926523 0.000000 0.497361 0.993401 0.934246 0.785649 0.706696 0.815652 0.799130 0.936210 0.934665 0.979411 0.828590 0.967894 0.988009 0.551879 0.552209 0.517687 0.530501 0.746597 0.580795 0.584940 0.633022 0.636638 0.647231 0.698801 0.670397 0.779389 0.820163 0.566928 0.748954 0.690819 0.885767 0.602859 0.652378 0.615214 0.580420 0.705767 0.902370 0.890930 0.870870 0.950252 0.716300 0.914062 0.815625 0.726274 0.744396 0.991489 0.804119 0.703705 0.834443 0.866709 0.883494 0.821949 0.988140 0.861404 0.849083 0.660021 0.664510 0.921849 0.690620 0.828192 0.745241 0.508811 0.703472 0.738339 0.809986 0.786786 0.810186 0.880691 0.841632 0.566110 0.500618 0.640970 0.680892 0.575750 0.727464 0.996775 0.837905 0.798602 0.713987 0.860504 0.953568 0.707972 0.824713 0.656733 0.725970 0.864508 0.969679
0.544419 0.432667 0.735638 0.815730 0.930459 0.709513 0.695281 0.542381 0.819907 0.559389 0.609420 0.433302 0.781837 0.703955 0.918859 0.745883 0.373885 0.352911 0.665203 0.719018 0.960428 0.880720 0.712981 0.767890 0.681104 0.637312 0.670485 0.755524 0.497361 0.000000 0.934754 0.883641 0.758344 0.670762 0.624110 0.780706 0.971567 0.985874 0.995244 0.854303 0.999935 0.979906 0.651023 0.597661 0.561508 0.523566 0.875850 0.653938 0.590258 0.705090 0.624267 0.667409 0.829954 0.729799 0.791524 0.819267 0.427065 0.496558 0.808068 0.847181 0.683422 0.669323 0.553964 0.412621 0.551693 0.876423 0.951046 0.855589 0.794478 0.728542 0.914015 0.881567 0.853400 0.845411 0.955743 0.770012 0.833849 0.937254 0.704194 0.525611 0.509949 0.668463 0.970666 0.691990 0.669330 0.795040 0.844471 0.827344 0.894326 0.889412 0.638469 0.809759 0.780503 0.966645 0.775083 0.886025 0.685657 0.877078 0.589323 0.651742 0.713680 0.738310 0.644881 0.716227 0.899333 0.915588 0.798215 0.968830 0.924740 0.895779 0.740646 0.746643 0.762340 0.733633 0.879263 0.885768
0.991560 0.916404 0.481896 0.434735 0.891520 0.899413 0.794247 0.827872 0.819549 0.824911 0.880550 0.906279 0.802073 0.731208 0.858665 0.937088 0.909341 0.884390 0.744164 0.854389 0.925812 0.872370 0.541395 0.585242 0.614722 0.753772 0.817305 0.707659 0.993401 0.934754 0.000000 0.607967 0.683378 0.744438 0.680689 0.956433 0.868485 0.999719 0.725675 0.994908 0.889273 0.803987 0.888714 0.951874 0.846871 0.793742 0.927439 0.913202 0.694637 0.805793 0.881201 0.918768 0.926440 0.977182 0.864427 0.954275 0.954687 0.831477 0.993223 0.892694 0.919553 0.952045 0.897158 0.756231 0.583899 0.573912 0.783430 0.772926 0.940323 0.994803 0.606985 0.764538 0.830560 0.778524 0.772034 0.713644 0.846748 0.880322 0.995118 0.959479 0.931379 0.975810 0.914257 0.928288 0.674999 0.662178 0.904753 0.911291 0.743942 0.920695 0.998788 0.966421 0.981918 0.925716 0.841604 0.979244 0.985561 0.913683 0.957063 0.959573 0.857062 0.840267 0.923854 0.935786 0.959535 0.909901 0.856049 0.803346 0.995842 0.973653 0.987809 0.835903 0.897386 0.874324 0.979086 0.815853
0.739468 0.773757 0.629531 0.564822 0.794606 0.833564 0.670492 0.649914 0.842190 0.951758 0.745131 0.879824 0.647769 0.641442 0.810652 0.802089 0.873973 0.829673 0.597803 0.611743 0.987020 0.853000 0.714291 0.682394 0.788973 0.989391 0.812477 0.925863 0.934246 0.883641 0.607967 0.000000 0.623894 0.586585 0.825242 0.918573 0.839781 0.869864 0.740452 0.926668 0.883970 0.977365 0.791975 0.800706 0.912799 0.934532 0.701418 0.619349 0.952833 0.881477 0.852828 0.821412 0.961482 0.838702 0.815284 0.963596 0.749058 0.854275 0.738303 0.752190 0.698005 0.847093 0.793519 0.935747 0.801426 0.648031 0.645024 0.672957 0.953566 0.935705 0.715752 0.866754 0.921257 0.828906 0.956315 0.691770 0.716207 0.595977 0.941887 0.808023 0.922930 0.823315 0.786566 0.996249 0.818279 0.751681 0.927923 0.963279 0.908649 0.792335 0.841474 0.846439 0.968403 0.837846 0.822853 0.880634 0.972346 0.888954 0.873058 0.799611 0.866900 0.872246 0.953002 0.802444 0.927158 0.837108 0.997165 0.782257 0.964645 0.999385 0.870777 0.881831 0.973472 0.947352 0.961749 0.915216
0.637274 0.700426 0.659665 0.637401 0.754848 0.832186 0.508268 0.497814 0.698471 0.872906 0.638037 0.731332 0.678261 0.633357 0.965203 0.993081 0.807451 0.781400 0.485265 0.471756 0.976994 0.938801 0.789169 0.867739 0.980128 0.982845 0.890931 0.989837 0.785649 0.758344 0.683378 0.623894 0.000000 0.489037 0.830866 0.870332 0.825812 0.938856 0.809758 0.975169 0.846288 0.963423 0.655478 0.714965 0.721881 0.819402 0.665283 0.648402 0.980312 0.841160 0.780151 0.794531 0.786060 0.695478 0.969772 0.905851 0.728317 0.877695 0.527804 0.659513 0.511159 0.768371 0.634704 0.809618 0.893723 0.628349 0.457115 0.477459 0.883712 0.851192 0.664282 0.873071 0.739122 0.758100 0.855221 0.771103 0.653355 0.726286 0.881160 0.793000 0.810359 0.800811 0.965112 0.905641 0.860357 0.867891 0.933533 0.895280 0.982135 0.970062 0.691639 0.710179 0.896216 0.772972 0.880182 0.836120 0.866523 0.946549 0.722503 0.704823 0.698182 0.663111 0.751003 0.805697 0.886522 0.805103 0.993254 0.862655 0.877026 0.955637 0.922267 0.970828 0.824102 0.892398 0.978203 0.892934
0.572108 0.667430 0.735360 0.733544 0.804316 0.656312 0.394956 0.390790 0.682797 0.646716 0.450066 0.612490 0.555794 0.519170 0.988266 0.918388 0.668225 0.672661 0.387839 0.536396 0.944956 0.976602 0.947940 0.955264 0.820243 0.830311 0.812368 0.955428 0.706696 0.670762 0.744438 0.586585 0.489037 0.000000 0.963706 0.955621 0.913687 0.958237 0.812800 0.912140 0.969233 0.861152 0.631519 0.616399 0.582003 0.672725 0.638871 0.543050 0.772211 0.767811 0.706167 0.692082 0.804260 0.648031 0.994529 0.987896 0.625308 0.864304 0.555173 0.723475 0.434094 0.739698 0.527385 0.701935 0.931881 0.762003 0.509254 0.445469 0.857670 0.911810 0.673213 0.881033 0.855725 0.750721 0.850025 0.597740 0.729500 0.638224 0.967841 0.839677 0.908182 0.823675 0.970244 0.940064 0.999495 0.998082 0.979870 0.980295 0.913013 0.921728 0.607310 0.671716 0.879781 0.740572 0.814322 0.817021 0.803970 0.883663 0.589944 0.595450 0.553309 0.693722 0.780036 0.694916 0.905500 0.788695 0.867015 0.812339 0.938212 0.984609 0.873999 0.729175 0.670785 0.938511 0.903428 0.980261
0.985696 0.830166 0.656375 0.607176 0.818051 0.884485 0.987908 0.941934 0.924638 0.654852 0.961184 0.821101 0.989829 0.987432 0.939958 0.774436 0.728138 0.702271 0.913789 0.900914 0.859791 0.951816 0.573997 0.653103 0.666756 0.800605 0.724901 0.697016 0.815652 0.624110 0.680689 0.825242 0.830866 0.963706 0.000000 0.806442 0.905819 0.990974 0.954310 0.912836 0.875871 0.990509 0.849617 0.844853 0.742388 0.682230 0.998687 0.941949 0.670254 0.800048 0.757781 0.829438 0.877191 0.921764 0.739914 0.894738 0.812345 0.836203 0.895164 0.933047 0.937861 0.806313 0.908325 0.738749 0.645847 0.759319 0.702828 0.770365 0.985113 0.886621 0.835049 0.977298 0.854859 0.889481 0.998882 0.959332 0.946470 0.995841 0.809481 0.808499 0.912322 0.953465 0.900292 0.817417 0.604190 0.703816 0.923417 0.865478 0.807964 0.856009 0.906923 0.982695 0.900012 0.858635 0.864173 0.931589 0.876681 0.893441 0.790468 0.890946 0.854865 0.925763 0.865829 0.904040 0.863705 0.950598 0.870623 0.952937 0.991834 0.957909 0.929517 0.647038 0.739666 0.779934 0.969880 0.868634
0.817503 0.900993 0.795176 0.845259 0.829161 0.819626 0.979712 0.869893 0.778762 0.825529 0.839625 0.822945 0.920275 0.919090 0.961205 0.814902 0.835108 0.757584 0.933515 0.970192 0.797449 0.962191 0.665775 0.858573 0.781878 0.925642 0.919883 0.916722 0.799130 0.780706 0.956433 0.918573 0.870332 0.955621 0.806442 0.000000 0.999766 0.827127 0.992416 0.955242 0.803586 0.968815 0.795801 0.829376 0.932891 0.858884 0.868216 0.957710 0.856562 0.994383 0.968976 0.954218 0.869612 0.933505 0.803860 0.957017 0.760964 0.950138 0.912629 0.770476 0.944620 0.940245 0.997761 0.881753 0.755460 0.705002 0.670472 0.707139 0.961400 0.946167 0.899276 0.912832 0.908264 0.954171 0.833433 0.984498 0.943010 0.957209 0.939184 0.928768 0.953418 0.954985 0.862187 0.950114 0.629892 0.656983 0.962183 0.848860 0.997835 0.907582 0.820329 0.868937 0.873346 0.970447 0.896449 0.953057 0.824129 0.987353 0.741533 0.828060 0.740121 0.949594 0.733421 0.880670 0.894634 0.939633 0.991860 0.905165 0.955060 0.927845 0.962414 0.885579 0.909434 0.911546 0.986382 0.918054
0.940421 0.936552 0.929297 0.849530 0.997112 0.971448 0.956541 0.957314 0.772480 0.854499 0.985016 0.826022 0.875855 0.906182 0.901446 0.817802 0.922133 0.952630 0.983399 0.765709 0.935022 0.885311 0.961743 0.940735 0.855466 0.799257 0.967268 0.945708 0.936210 0.971567 0.868485 0.839781 0.825812 0.913687 0.905819 0.999766 0.000000 0.914124 0.810829 0.720251 0.699589 0.770575 0.971025 0.917736 0.956312 0.859886 0.910500 0.990930 0.988086 0.860542 0.811638 0.787572 0.745254 0.757267 0.910451 0.962113 0.925289 0.870161 0.833455 0.710806 0.894695 0.723921 0.861546 0.956423 0.813837 0.714884 0.976848 0.886203 0.840221 0.776631 0.914950 0.994142 0.800865 0.873077 0.963333 0.904179 0.949219 0.965812 0.919196 0.912485 0.888095 0.917465 0.874785 0.842571 0.966845 0.969901 0.890653 0.978472 0.886137 0.838365 0.937291 0.887234 0.978424 0.992626 0.729290 0.975232 0.969484 0.858600 0.957661 0.873412 0.912681 0.933892 0.959285 0.880310 0.948640 0.872326 0.983952 0.929855 0.822462 0.980643 0.987911 0.867727 0.939000 0.988451 0.954665 0.967111
0.999234 0.891946 0.949204 0.988813 0.898000 0.991451 0.833742 0.890881 0.911251 0.829765 0.779189 0.990592 0.693027 0.788841 0.775656 0.981731 0.894115 0.988776 0.836041 0.838821 0.903016 0.940633 0.990433 0.994139 0.824781 0.746119 0.993351 0.999993 0.934665 0.985874 0.999719 0.869864 0.938856 0.958237 0.990974 0.827127 0.914124 0.000000 0.886346 0.838148 0.852289 0.910765 0.952400 0.880911 0.994377 0.998261 0.974455 0.981964 0.991488 0.899872 0.976753 0.923557 0.923583 0.959208 0.982810 0.903124 0.931913 0.859654 0.981688 0.685656 0.978521 0.745505 0.797524 0.929024 0.907743 0.752627 0.995856 0.933316 0.866710 0.900740 0.787399 0.877887 0.982590 0.956510 0.844163 0.885175 0.893725 0.850905 0.885380 0.906919 0.862081 0.906665 0.933847 0.911097 0.994103 0.986535 0.981228 0.910746 0.871591 0.952925 0.828050 0.768684 0.952313 0.933539 0.954687 0.969408 0.936623 0.974443 0.868713 0.794856 0.921198 0.903020 0.954480 0.885088 0.788259 0.920831 0.967626 0.857644 0.965896 0.980481 0.923448 0.969825 0.992361 0.990163 0.812329 0.896450
