0.000000 0.313368 0.580787 0.563823 0.818541 0.614060 0.373078 0.331642 0.596848 0.667060 0.362304 0.283426 0.302984 0.394405 0.586235 0.567729 0.380002 0.397772 0.404349 0.371025 0.918374 0.892312 0.665520 0.814223 0.974829 0.839957 0.927714 0.867530 0.456893 0.483378 0.716812 0.814409 0.347255 0.299013 0.632756 0.850487 0.650576 0.831032 0.939930 0.843403 0.835660 0.861935 0.623178 0.651297 0.616524 0.640069 0.490596 0.574031 0.938792 0.881901 0.740190 0.767368 0.934586 0.969934 0.749256 0.725493 0.371867 0.338149 0.285057 0.344755 0.258720 0.273008 0.377829 0.388645 0.596588 0.489617 0.451346 0.457990 0.537124 0.667849 0.562821 0.676228 0.850911 0.778791 0.864524 0.867244 0.579193 0.718052 0.644557 0.778182 0.337482 0.498672 0.741407 0.658181 0.466257 0.590881 0.999012 0.900881 0.561370 0.583119 0.708412 0.848300 0.743542 0.842185 0.735780 0.741750 0.561246 0.705583 0.462200 0.444750 0.612628 0.743264 0.570825 0.673800 0.436091 0.593759 0.841446 0.633980 0.603511 0.689449 0.689912 0.671337 0.721480 0.949725 0.729220 0.972430
0.313368 0.000000 0.641596 0.580149 0.906849 0.664334 0.461382 0.339033 0.721940 0.714162 0.590735 0.417165 0.544861 0.545781 0.764345 0.674906 0.407037 0.461432 0.429725 0.333648 0.923050 0.907776 0.744953 0.774521 0.935383 0.782520 0.954598 0.873606 0.530098 0.644690 0.729801 0.789495 0.414506 0.377185 0.713129 0.809879 0.743135 0.964178 0.957074 0.872718 0.747983 0.921484 0.473912 0.490453 0.498754 0.471852 0.458872 0.485704 0.748353 0.688191 0.576881 0.630532 0.843634 0.955652 0.659700 0.738085 0.289170 0.224351 0.385436 0.363761 0.443128 0.308683 0.590281 0.574541 0.643386 0.473231 0.487805 0.451723 0.482300 0.526385 0.637225 0.709733 0.685039 0.650925 0.739797 0.756160 0.661517 0.730418 0.660346 0.689384 0.431887 0.466730 0.698654 0.652786 0.541458 0.561258 0.936285 0.996488 0.692571 0.642893 0.719423 0.879137 0.768725 0.929917 0.656768 0.883227 0.493516 0.715839 0.474697 0.424790 0.699521 0.763280 0.579096 0.738682 0.452105 0.587754 0.995619 0.652896 0.573715 0.660860 0.609969 0.545140 0.663799 0.800796 0.600268 0.983620
0.580787 0.641596 0.000000 0.199397 0.896136 0.736425 0.261193 0.377112 0.544251 0.965516 0.818479 0.769744 0.551465 0.605997 0.567405 0.441639 0.938767 0.872378 0.428054 0.528679 0.571298 0.895691 0.296977 0.387055 0.343594 0.298019 0.852749 0.888788 0.966662 0.931729 0.350729 0.511272 0.431813 0.381558 0.403248 0.630871 0.422017 0.666610 0.796805 0.834847 0.847638 0.975213 0.452084 0.565948 0.698780 0.789186 0.511427 0.435005 0.828852 0.911012 0.747106 0.775115 0.767118 0.741351 0.641418 0.743615 0.891234 0.830475 0.669371 0.751178 0.532412 0.603180 0.891055 0.996218 0.214291 0.340149 0.311544 0.355452 0.655008 0.866181 0.426705 0.409953 0.730044 0.758198 0.823166 0.996156 0.597697 0.574279 0.857778 0.677642 0.780720 0.673379 0.731944 0.888543 0.355897 0.341423 0.842107 0.954550 0.638837 0.606672 0.487826 0.672583 0.533766 0.616254 0.637583 0.844612 0.589487 0.921545 0.654055 0.594833 0.722945 0.746289 0.826295 0.947439 0.557900 0.554618 0.834581 0.757924 0.661918 0.887453 0.694785 0.871444 0.844624 0.928827 0.754332 0.962628
0.563823 0.580149 0.199397 0.000000 0.977515 0.666102 0.262353 0.333683 0.615770 0.997247 0.810172 0.699874 0.577370 0.559124 0.626686 0.479315 0.903297 0.851098 0.379600 0.449821 0.584898 0.950291 0.318619 0.321918 0.354236 0.298212 0.836588 0.890583 0.993904 0.953191 0.389136 0.494439 0.419088 0.378316 0.418212 0.587530 0.496242 0.670371 0.746495 0.804284 0.827449 0.908670 0.424629 0.541143 0.708974 0.796042 0.447685 0.420509 0.813584 0.924288 0.742133 0.802002 0.801971 0.792652 0.714243 0.762734 0.805693 0.797567 0.657434 0.675190 0.540625 0.544507 0.914772 0.981593 0.217527 0.248472 0.278310 0.274054 0.687872 0.868558 0.402321 0.398331 0.727883 0.759562 0.745368 0.936468 0.604082 0.566628 0.882702 0.665519 0.795601 0.685730 0.728157 0.914429 0.350608 0.312656 0.773630 0.897341 0.640679 0.604489 0.461775 0.694415 0.522302 0.641690 0.652717 0.788194 0.577585 0.839382 0.629838 0.544789 0.674024 0.691395 0.822106 0.940714 0.537755 0.544765 0.877827 0.754271 0.620905 0.880776 0.639456 0.810291 0.846291 0.946190 0.687891 0.948188
0.818541 0.906849 0.896136 0.977515 0.000000 0.934286 0.846199 0.859683 0.669814 0.686417 0.872998 0.841590 0.745972 0.859238 0.699161 0.874169 0.773792 0.841573 0.905122 0.990644 0.968047 0.965755 0.853158 0.885658 0.950816 0.881795 0.852248 0.946277 0.783965 0.792560 0.949015 0.907498 0.804119 0.818985 0.728466 0.947047 0.913612 0.897847 0.995536 0.812076 0.917914 0.902372 0.892528 0.845528 0.902480 0.939881 0.967043 0.981040 0.969976 0.904065 0.932028 0.874891 0.906200 0.936251 0.948646 0.925419 0.872948 0.798784 0.695538 0.827083 0.741467 0.868769 0.665092 0.712580 0.870488 0.948945 0.791314 0.868627 0.945612 0.924820 0.862143 0.813152 0.947891 0.965503 0.915560 0.942734 0.905199 0.920023 0.923975 0.936798 0.767673 0.978150 0.906968 0.807281 0.836188 0.996503 0.948188 0.660281 0.768275 0.999555 0.813545 0.797199 0.832249 0.747558 0.976486 0.976823 0.842653 0.988767 0.764005 0.893721 0.991422 0.957964 0.738657 0.858689 0.864314 0.733314 0.895261 0.781597 0.943951 0.929430 0.879474 0.983650 0.838517 0.947202 0.953716 0.907409
0.614060 0.664334 0.736425 0.666102 0.934286 0.000000 0.585891 0.543878 0.735401 0.833487 0.731321 0.681352 0.731975 0.825404 0.951947 0.853853 0.818065 0.753927 0.667730 0.666345 0.818374 0.981499 0.882051 0.895326 0.946664 0.767998 0.956643 0.859132 0.914929 0.932728 0.910475 0.936959 0.691938 0.678380 0.830125 0.825327 0.776029 0.919519 0.981049 0.739968 0.953309 0.916413 0.640633 0.729216 0.777651 0.772319 0.585579 0.738617 0.976890 0.886008 0.785378 0.805726 0.906483 0.881196 0.860544 0.826094 0.742291 0.746605 0.674238 0.650185 0.642980 0.557728 0.859410 0.872326 0.725200 0.558290 0.599501 0.553248 0.753905 0.827916 0.737885 0.802259 0.894306 0.889956 0.916695 0.968333 0.744217 0.746060 0.901170 0.847461 0.699359 0.793202 0.830615 0.966921 0.815988 0.762889 0.881136 0.890778 0.729875 0.816893 0.660273 0.734278 0.693784 0.760675 0.984509 0.767444 0.735997 0.908913 0.583552 0.659268 0.757528 0.770536 0.725493 0.681350 0.785520 0.777105 0.872492 0.827969 0.891973 0.855896 0.675868 0.694257 0.846859 0.937855 0.774609 0.838949
0.373078 0.461382 0.261193 0.262353 0.846199 0.585891 0.000000 0.199587 0.404471 0.655410 0.565113 0.489977 0.411954 0.500213 0.510987 0.438099 0.648965 0.571547 0.343788 0.410943 0.688718 0.913596 0.415293 0.573443 0.589742 0.463798 0.973143 0.957096 0.681358 0.650610 0.461610 0.615509 0.330970 0.271406 0.424787 0.646571 0.494530 0.676472 0.879410 0.753337 0.810306 0.938104 0.392470 0.466803 0.501067 0.577846 0.439332 0.432203 0.995720 0.823549 0.577276 0.644995 0.670224 0.705912 0.638705 0.725036 0.675555 0.602853 0.429848 0.604663 0.374910 0.408034 0.644392 0.690093 0.317249 0.340388 0.230403 0.287399 0.638218 0.793296 0.334199 0.407448 0.671495 0.677298 0.780240 0.993276 0.429793 0.521393 0.688794 0.741876 0.521803 0.592327 0.722544 0.775154 0.397049 0.436825 0.963524 0.950851 0.595103 0.594201 0.376443 0.552689 0.419665 0.539736 0.602181 0.686109 0.419047 0.729577 0.380783 0.365285 0.572949 0.595299 0.600659 0.715979 0.393954 0.450214 0.778879 0.631094 0.618298 0.754533 0.557865 0.677672 0.730965 0.846200 0.679345 0.885929
0.331642 0.339033 0.377112 0.333683 0.859683 0.543878 0.199587 0.000000 0.498163 0.609523 0.520235 0.384452 0.432273 0.479331 0.626684 0.569890 0.572649 0.531892 0.363448 0.366107 0.791674 0.923136 0.555274 0.649929 0.731440 0.576392 0.939792 0.871020 0.620642 0.654695 0.562148 0.684514 0.351861 0.297738 0.509623 0.683827 0.637851 0.786823 0.892610 0.709126 0.809834 0.935010 0.393709 0.477023 0.541831 0.585921 0.427245 0.472777 0.944562 0.829141 0.606706 0.676436 0.756779 0.828291 0.724156 0.732413 0.521881 0.465678 0.388672 0.491329 0.345559 0.280970 0.606720 0.625534 0.418841 0.322597 0.281508 0.284451 0.613387 0.692434 0.419068 0.468857 0.720949 0.665336 0.752389 0.934986 0.495248 0.604198 0.720501 0.737373 0.505276 0.589314 0.768619 0.818419 0.474542 0.508593 0.931661 0.889201 0.611938 0.629690 0.437972 0.625598 0.468427 0.654739 0.653167 0.677411 0.395091 0.669761 0.368173 0.327309 0.542206 0.583046 0.578080 0.697008 0.377125 0.431116 0.793767 0.621249 0.590166 0.653294 0.451942 0.586914 0.649233 0.873393 0.619157 0.845199
0.596848 0.721940 0.544251 0.615770 0.669814 0.735401 0.404471 0.498163 0.000000 0.474011 0.600217 0.624450 0.571789 0.815425 0.594455 0.647204 0.686712 0.686632 0.733164 0.710673 0.804614 0.988422 0.695454 0.969493 0.933055 0.806817 0.957551 0.904123 0.623781 0.638978 0.804881 0.959051 0.642914 0.545927 0.663702 0.961693 0.732068 0.788561 0.886056 0.872980 0.887445 0.780452 0.638859 0.605846 0.610826 0.649392 0.726183 0.681666 0.903506 0.862237 0.641856 0.621694 0.588654 0.656757 0.671051 0.754883 0.960379 0.773096 0.417865 0.650584 0.493620 0.595454 0.642309 0.631887 0.598864 0.743202 0.524187 0.625592 0.788445 0.852855 0.511213 0.615698 0.702358 0.805030 0.868610 0.821492 0.516324 0.697803 0.689536 0.971589 0.618747 0.827125 0.946939 0.811241 0.745446 0.889846 0.859128 0.743116 0.641036 0.802386 0.517379 0.458977 0.531974 0.462091 0.714935 0.984371 0.535128 0.801178 0.474241 0.469307 0.696790 0.645528 0.648355 0.696810 0.512028 0.464384 0.662071 0.631288 0.798900 0.776868 0.650804 0.728194 0.589393 0.777198 0.740971 0.853366
0.667060 0.714162 0.965516 0.997247 0.686417 0.833487 0.655410 0.609523 0.474011 0.000000 0.598472 0.600250 0.770192 0.917463 0.755235 0.919763 0.525633 0.519845 0.870852 0.859065 0.827782 0.939187 0.890881 0.603521 0.652761 0.777025 0.834547 0.773445 0.499092 0.535568 0.859982 0.735287 0.880716 0.736085 0.855304 0.945993 0.987185 0.993667 0.882460 0.860581 0.897658 0.714473 0.797902 0.712528 0.614440 0.610640 0.912540 0.970479 0.725213 0.806571 0.582844 0.606869 0.664918 0.722461 0.997772 0.904736 0.794903 0.653485 0.485160 0.780671 0.705999 0.709049 0.581438 0.474248 0.938953 0.950476 0.752678 0.864752 0.842018 0.856762 0.600101 0.748130 0.824365 0.790300 0.974520 0.879357 0.553480 0.766840 0.726863 0.861201 0.563629 0.913330 0.952573 0.806230 0.915479 0.748714 0.737387 0.569864 0.891144 0.933126 0.567302 0.480123 0.548713 0.543440 0.830838 0.837906 0.596158 0.674615 0.408498 0.503452 0.666301 0.651070 0.419691 0.515759 0.612663 0.614226 0.779889 0.567086 0.827853 0.689964 0.621876 0.687790 0.530740 0.781736 0.766518 0.786544
0.362304 0.590735 0.818479 0.810172 0.872998 0.731321 0.565113 0.520235 0.600217 0.598472 0.000000 0.295831 0.352576 0.464207 0.722986 0.721552 0.432349 0.404413 0.558532 0.555461 0.922395 0.938449 0.892777 0.993823 0.801795 0.924880 0.851644 0.738787 0.408389 0.342021 0.883499 0.906778 0.516685 0.470764 0.824626 0.930511 0.927085 0.944241 0.997230 0.806180 0.970732 0.802442 0.969844 0.908891 0.776378 0.769489 0.778368 0.867464 0.961878 0.969545 0.951021 0.971066 0.929783 0.801594 0.817543 0.876683 0.595530 0.530422 0.466409 0.546411 0.349030 0.377385 0.292235 0.283779 0.844086 0.735704 0.686375 0.693362 0.791867 0.907904 0.814003 0.960360 0.859036 0.981271 0.885453 0.982109 0.800393 0.941192 0.647844 0.913226 0.335456 0.539597 0.917176 0.664503 0.710321 0.834569 0.846764 0.884850 0.651482 0.719276 0.940911 0.989469 0.945204 0.992024 0.857975 0.762203 0.764026 0.815871 0.646009 0.628131 0.694181 0.867635 0.738240 0.801979 0.587702 0.769888 0.873616 0.853628 0.831176 0.753345 0.769262 0.852536 0.813222 0.877992 0.854133 0.888937
0.283426 0.417165 0.769744 0.699874 0.841590 0.681352 0.489977 0.384452 0.624450 0.600250 0.295831 0.000000 0.326668 0.409252 0.676857 0.687622 0.345199 0.377193 0.531751 0.438186 0.970258 0.959760 0.829599 0.923348 0.809427 0.978284 0.930185 0.766020 0.403826 0.382305 0.909629 0.946840 0.457131 0.407385 0.771876 0.955620 0.921845 0.955215 0.988484 0.779592 0.875374 0.872833 0.783250 0.748598 0.674890 0.700533 0.656518 0.684999 0.920108 0.947217 0.860665 0.876295 0.983721 0.905713 0.847827 0.842762 0.443295 0.417781 0.335178 0.404375 0.290898 0.249065 0.330680 0.295283 0.740959 0.559088 0.560818 0.545913 0.729135 0.725944 0.719109 0.824936 0.999954 0.860628 0.808361 0.902227 0.650113 0.802827 0.656400 0.809880 0.347111 0.562302 0.820442 0.681842 0.639711 0.741940 0.955185 0.883701 0.677342 0.682250 0.778526 0.897276 0.826508 0.890207 0.798294 0.817608 0.657124 0.751728 0.502818 0.510015 0.653984 0.791776 0.605402 0.681230 0.510333 0.618768 0.885639 0.760621 0.681457 0.739604 0.680262 0.665245 0.778139 0.951619 0.748448 0.952610
0.302984 0.544861 0.551465 0.577370 0.745972 0.731975 0.411954 0.432273 0.571789 0.770192 0.352576 0.326668 0.000000 0.295405 0.471499 0.457705 0.528606 0.512439 0.455163 0.469597 0.773299 0.998446 0.499722 0.704958 0.897656 0.797725 0.975375 0.879796 0.524807 0.405251 0.605610 0.742023 0.323417 0.333343 0.617063 0.866517 0.711283 0.764148 0.982607 0.798262 0.876944 0.906225 0.782964 0.829293 0.851940 0.877966 0.700317 0.675068 0.764286 0.832397 0.978769 0.990135 0.935647 0.898235 0.802836 0.887818 0.578194 0.539593 0.413443 0.490354 0.217331 0.338680 0.305448 0.391741 0.530907 0.487187 0.494307 0.533003 0.765572 0.788643 0.644295 0.753446 0.988001 0.994364 0.858580 0.948743 0.738420 0.752340 0.759667 0.724337 0.394493 0.590869 0.742334 0.754492 0.398002 0.541945 0.877243 0.910366 0.606468 0.622278 0.791221 0.956443 0.858536 0.852970 0.859871 0.784124 0.708716 0.893023 0.635457 0.662107 0.681508 0.796126 0.760190 0.851690 0.563839 0.585940 0.849807 0.794828 0.746124 0.817994 0.838435 0.861603 0.923162 0.976413 0.773737 0.980343
0.394405 0.545781 0.605997 0.559124 0.859238 0.825404 0.500213 0.479331 0.815425 0.917463 0.464207 0.409252 0.295405 0.000000 0.503674 0.460706 0.642735 0.535998 0.397433 0.486851 0.828135 0.970421 0.455059 0.571108 0.853424 0.801261 0.912343 0.986320 0.636346 0.486414 0.548618 0.604415 0.278513 0.360311 0.609919 0.747322 0.663444 0.858507 0.872265 0.796295 0.883577 0.994220 0.839140 0.897565 0.907774 0.946108 0.793978 0.766648 0.704981 0.767893 0.933960 0.907067 0.857252 0.794524 0.947413 0.991316 0.501436 0.528065 0.518731 0.522374 0.328824 0.423583 0.401319 0.507087 0.561792 0.448416 0.523678 0.442835 0.883001 0.819397 0.727507 0.655687 0.907045 0.931828 0.812108 0.854627 0.881910 0.775008 0.723418 0.648303 0.523832 0.677187 0.594815 0.764929 0.377507 0.457512 0.759044 0.923771 0.636508 0.558854 0.867892 0.871511 0.910599 0.977260 0.904678 0.743708 0.802588 0.922186 0.772059 0.742892 0.649403 0.903166 0.868279 0.994538 0.608674 0.724852 0.991173 0.910153 0.748187 0.830966 0.802018 0.939681 0.929923 0.846351 0.813318 0.948103
0.586235 0.764345 0.567405 0.626686 0.699161 0.951947 0.510987 0.626684 0.594455 0.755235 0.722986 0.676857 0.471499 0.503674 0.000000 0.431270 0.780058 0.702615 0.654066 0.735122 0.661908 0.910206 0.419219 0.725425 0.783362 0.752624 0.897247 0.948653 0.715952 0.621572 0.520159 0.746503 0.465450 0.498808 0.579100 0.764243 0.528028 0.695416 0.959368 0.989823 0.778712 0.942356 0.761256 0.869497 0.743600 0.842761 0.823288 0.726393 0.793669 0.944645 0.811415 0.737667 0.731596 0.747622 0.833854 0.831111 0.837710 0.778434 0.518300 0.708723 0.453700 0.682762 0.584005 0.622179 0.565325 0.684157 0.527499 0.609686 0.842643 0.775708 0.543234 0.488968 0.811206 0.866886 0.889187 0.980979 0.736468 0.784604 0.695491 0.884942 0.724475 0.921192 0.584459 0.793768 0.490560 0.640772 0.778881 0.973404 0.744712 0.668980 0.655156 0.719774 0.720096 0.649225 0.796981 0.842509 0.724153 0.835281 0.655168 0.688332 0.810150 0.809611 0.758497 0.828746 0.615004 0.532987 0.715449 0.602833 0.752349 0.963981 0.808572 0.875028 0.981787 0.811854 0.764147 0.963608
0.567729 0.674906 0.441639 0.479315 0.874169 0.853853 0.438099 0.569890 0.647204 0.919763 0.721552 0.687622 0.457705 0.460706 0.431270 0.000000 0.761996 0.616147 0.461963 0.514703 0.603249 0.992166 0.342329 0.494342 0.610011 0.527858 0.806138 0.900523 0.660052 0.605394 0.408004 0.497386 0.384256 0.433864 0.508576 0.624893 0.423184 0.677967 0.987317 0.885534 0.809712 0.992976 0.672728 0.707566 0.708497 0.736205 0.666964 0.640192 0.860405 0.930348 0.809763 0.787821 0.802507 0.803895 0.710262 0.857304 0.745456 0.747012 0.643401 0.799301 0.528656 0.664147 0.669584 0.764741 0.468100 0.545378 0.499545 0.529798 0.827860 0.848347 0.557913 0.522169 0.761145 0.640096 0.787439 0.916233 0.736546 0.747529 0.637811 0.615847 0.588558 0.658420 0.569451 0.772057 0.371501 0.437005 0.797174 0.906631 0.759049 0.687556 0.622206 0.855624 0.711566 0.701025 0.668256 0.880263 0.682625 0.873408 0.718595 0.746458 0.768969 0.819810 0.824284 0.957539 0.588800 0.733509 0.888531 0.830847 0.770754 0.902772 0.895482 0.901702 0.971009 0.937154 0.853157 0.938959
0.380002 0.407037 0.938767 0.903297 0.773792 0.818065 0.648965 0.572649 0.686712 0.525633 0.432349 0.345199 0.528606 0.642735 0.780058 0.761996 0.000000 0.280798 0.589226 0.480402 0.868536 0.920209 0.971058 0.909505 0.757802 0.835061 0.945603 0.840784 0.291999 0.356998 0.968517 0.961607 0.563106 0.516423 0.850771 0.954189 0.862134 0.936110 0.970963 0.842785 0.780867 0.819427 0.797174 0.682054 0.528485 0.489126 0.692402 0.777882 0.647419 0.730115 0.676029 0.733468 0.862883 0.995289 0.779834 0.728950 0.391265 0.314719 0.421189 0.553805 0.526352 0.483726 0.362141 0.310065 0.954383 0.844171 0.716062 0.729957 0.652438 0.765312 0.768629 0.945386 0.889943 0.749107 0.913324 0.837911 0.676809 0.795989 0.646307 0.957707 0.266200 0.475910 0.741749 0.496384 0.746094 0.875408 0.906715 0.943978 0.763059 0.729193 0.864649 0.904192 0.895029 0.936175 0.642008 0.977124 0.648709 0.633947 0.530973 0.550322 0.780667 0.875233 0.498820 0.527767 0.529799 0.750151 0.988246 0.736193 0.760855 0.763168 0.819500 0.643846 0.696404 0.834254 0.804437 0.996475
0.397772 0.461432 0.872378 0.851098 0.841573 0.753927 0.571547 0.531892 0.686632 0.519845 0.404413 0.377193 0.512439 0.535998 0.702615 0.616147 0.280798 0.000000 0.523094 0.470077 0.914739 0.882596 0.907796 0.958360 0.806122 0.960667 0.964623 0.872456 0.278940 0.297674 0.856558 0.869742 0.504085 0.492915 0.815741 0.902681 0.712321 0.850324 0.922503 0.826914 0.839890 0.791602 0.791635 0.686092 0.498792 0.476665 0.711487 0.795043 0.719586 0.736389 0.646259 0.719475 0.826490 0.929333 0.740317 0.855454 0.391382 0.346431 0.470430 0.648308 0.527003 0.520514 0.370026 0.314012 0.924460 0.804415 0.645759 0.661561 0.646255 0.735488 0.732314 0.825206 0.814543 0.650102 0.989013 0.806548 0.708798 0.778006 0.521841 0.847672 0.229012 0.428721 0.686322 0.531867 0.735532 0.800498 0.899548 0.934604 0.719982 0.779079 0.774369 0.861632 0.784439 0.889201 0.744990 0.882071 0.636045 0.715747 0.519510 0.556895 0.659124 0.808670 0.472133 0.554433 0.506355 0.791207 0.932504 0.763172 0.757468 0.732798 0.786429 0.692050 0.751876 0.846001 0.826167 0.981815
0.404349 0.429725 0.428054 0.379600 0.905122 0.667730 0.343788 0.363448 0.733164 0.870852 0.558532 0.531751 0.455163 0.397433 0.654066 0.461963 0.589226 0.523094 0.000000 0.364625 0.794651 0.974203 0.433994 0.498575 0.630981 0.572604 0.927249 0.964243 0.679303 0.641271 0.447771 0.552627 0.270419 0.282389 0.457549 0.640533 0.514236 0.730226 0.836761 0.801465 0.791516 0.999628 0.545415 0.601563 0.598634 0.636680 0.488994 0.536239 0.994310 0.907659 0.746763 0.857341 0.915668 0.979849 0.666751 0.780446 0.486370 0.495818 0.583725 0.610729 0.470967 0.472179 0.597960 0.695402 0.453592 0.397767 0.378857 0.344980 0.646765 0.780211 0.520941 0.592902 0.863169 0.781169 0.767568 0.812499 0.658896 0.602515 0.742101 0.689654 0.494346 0.518734 0.611518 0.718382 0.361258 0.380428 0.869552 0.836576 0.598564 0.577176 0.658477 0.923273 0.718808 0.886055 0.736597 0.712837 0.591723 0.835421 0.568337 0.547089 0.700208 0.841270 0.735396 0.876001 0.561194 0.705366 0.981831 0.740132 0.670967 0.833151 0.732163 0.728905 0.824462 0.958030 0.864831 0.951070
0.371025 0.333648 0.528679 0.449821 0.990644 0.666345 0.410943 0.366107 0.710673 0.859065 0.555461 0.438186 0.469597 0.486851 0.735122 0.514703 0.480402 0.470077 0.364625 0.000000 0.746311 0.972428 0.591929 0.560575 0.723654 0.648507 0.969240 0.983683 0.584589 0.635885 0.613592 0.578659 0.354461 0.346662 0.667160 0.703813 0.645823 0.874754 0.890372 0.802633 0.802094 0.967883 0.545350 0.567618 0.628896 0.636714 0.517262 0.526996 0.942328 0.809611 0.785047 0.840383 0.960993 0.996119 0.670852 0.731032 0.413630 0.399079 0.560931 0.554496 0.501480 0.396939 0.615998 0.655399 0.536967 0.425707 0.488840 0.423791 0.547121 0.687439 0.593796 0.699835 0.792904 0.661626 0.754482 0.702505 0.681462 0.728514 0.673348 0.695395 0.439903 0.388872 0.637671 0.676066 0.447932 0.457528 0.815926 0.879821 0.747107 0.618521 0.720239 0.935764 0.766272 0.920524 0.640406 0.991439 0.592621 0.785530 0.613673 0.505625 0.723355 0.762912 0.643623 0.823869 0.456107 0.709118 0.930584 0.819341 0.707198 0.832264 0.764138 0.710023 0.798313 0.965648 0.709793 0.971715
0.918374 0.923050 0.571298 0.584898 0.968047 0.818374 0.688718 0.791674 0.804614 0.827782 0.922395 0.970258 0.773299 0.828135 0.661908 0.603249 0.868536 0.914739 0.794651 0.746311 0.000000 0.957748 0.523740 0.563635 0.562177 0.532927 0.716369 0.914975 0.832907 0.912427 0.642692 0.728569 0.722075 0.737706 0.725815 0.689294 0.679671 0.723623 0.872463 0.913517 0.763152 0.889563 0.711402 0.821445 0.973858 0.938969 0.776148 0.805827 0.699154 0.890635 0.982538 0.969947 0.919264 0.780966 0.866238 0.975701 0.976794 0.933755 0.896208 0.919755 0.816627 0.874050 0.909895 0.834581 0.517452 0.588469 0.618706 0.649630 0.868496 0.973964 0.645264 0.638458 0.900320 0.881676 0.857772 0.891316 0.877673 0.776161 0.961388 0.782067 0.929452 0.986793 0.763358 0.918402 0.636282 0.602732 0.574428 0.858081 0.908580 0.849308 0.692647 0.791136 0.798406 0.689158 0.854971 0.924369 0.884089 0.992042 0.906804 0.870431 0.901631 0.868925 0.938646 0.902806 0.817375 0.703617 0.902395 0.883630 0.975620 0.860977 0.911398 0.950926 0.911666 0.951416 0.783565 0.927925
0.892312 0.907776 0.895691 0.950291 0.965755 0.981499 0.913596 0.923136 0.988422 0.939187 0.938449 0.959760 0.998446 0.970421 0.910206 0.992166 0.920209 0.882596 0.974203 0.972428 0.957748 0.000000 0.951718 0.997187 0.965457 0.947620 0.864641 0.908884 0.932071 0.965318 0.940361 0.899572 0.998811 0.957215 0.903166 0.967709 0.896480 0.937009 0.922954 0.922245 0.750705 0.835978 0.987583 0.942740 0.819994 0.883820 0.963457 0.866397 0.900259 0.898504 0.757735 0.797020 0.887562 0.780419 0.990552 0.812206 0.860383 0.884897 0.875205 0.877652 0.919836 0.968526 0.943635 0.910402 0.985191 0.993262 0.919781 0.925006 0.825480 0.767594 0.910283 0.878924 0.961997 0.861591 0.965420 0.921957 0.866171 0.819553 0.927585 0.966930 0.954035 0.952308 0.857230 0.927098 0.993896 0.904004 0.952595 0.967852 0.931098 0.753493 0.902011 0.867597 0.899218 0.935554 0.709160 0.981889 0.921571 0.999264 0.879265 0.789815 0.924535 0.891914 0.823536 0.881051 0.843763 0.880351 0.919995 0.909705 0.907522 0.927242 0.780426 0.878059 0.989434 0.918064 0.738767 0.934319
0.665520 0.744953 0.296977 0.318619 0.853158 0.882051 0.415293 0.555274 0.695454 0.890881 0.892777 0.829599 0.499722 0.455059 0.419219 0.342329 0.971058 0.907796 0.433994 0.591929 0.523740 0.951718 0.000000 0.279797 0.365884 0.415870 0.736348 0.835528 0.990903 0.882394 0.288390 0.411332 0.369433 0.402248 0.419988 0.604887 0.463249 0.696641 0.828977 0.899773 0.815845 0.878255 0.582545 0.711272 0.869399 0.923098 0.654899 0.546842 0.626557 0.869696 0.934949 0.894507 0.883964 0.834334 0.757033 0.855559 0.865856 0.860743 0.742116 0.781943 0.527920 0.699253 0.804358 0.967190 0.263633 0.387200 0.413444 0.415501 0.830253 0.885278 0.532589 0.457148 0.857462 0.857132 0.774466 0.901513 0.779817 0.581362 0.875895 0.696479 0.830004 0.831390 0.583249 0.931659 0.256527 0.293371 0.689901 0.826015 0.655711 0.532878 0.649705 0.872996 0.722548 0.747857 0.727506 0.824531 0.740969 0.982102 0.802506 0.759548 0.835529 0.852223 0.993382 0.903420 0.652598 0.607916 0.951601 0.808743 0.810368 0.954600 0.868194 0.995683 0.952388 0.947841 0.822235 0.956216
0.814223 0.774521 0.387055 0.321918 0.885658 0.895326 0.573443 0.649929 0.969493 0.603521 0.993823 0.923348 0.704958 0.571108 0.725425 0.494342 0.909505 0.958360 0.498575 0.560575 0.563635 0.997187 0.279797 0.000000 0.287356 0.354890 0.723137 0.772631 0.830553 0.943154 0.340586 0.327175 0.502601 0.560088 0.576001 0.614913 0.603255 0.747759 0.753551 0.944792 0.906290 0.788524 0.649846 0.791758 0.963042 0.991822 0.648027 0.563827 0.661222 0.906149 0.973146 0.934336 0.936873 0.983252 0.760127 0.874072 0.874022 0.951455 0.989985 0.907237 0.728903 0.759441 0.971262 0.816779 0.339218 0.362333 0.547842 0.463180 0.867265 0.971215 0.726303 0.657657 0.925268 0.884407 0.741913 0.865334 0.954415 0.741666 0.949658 0.626026 0.967142 0.743190 0.616127 0.970931 0.332323 0.244009 0.615594 0.609787 0.772988 0.571956 0.832231 0.900597 0.906734 0.991568 0.719893 0.907775 0.851140 0.955721 0.976328 0.901837 0.938016 0.987629 0.824542 0.736232 0.815572 0.820669 0.884844 0.938281 0.878646 0.855611 0.937787 0.937770 0.853232 0.959400 0.853353 0.942357
0.974829 0.935383 0.343594 0.354236 0.950816 0.946664 0.589742 0.731440 0.933055 0.652761 0.801795 0.809427 0.897656 0.853424 0.783362 0.610011 0.757802 0.806122 0.630981 0.723654 0.562177 0.965457 0.365884 0.287356 0.000000 0.266748 0.700937 0.752947 0.695967 0.758347 0.341267 0.434105 0.667951 0.682158 0.545219 0.593355 0.526134 0.649291 0.721203 0.967894 0.874815 0.826313 0.597087 0.750708 0.909338 0.995595 0.669432 0.604975 0.755800 0.977212 0.905086 0.986980 0.919375 0.817083 0.727359 0.810521 0.935715 0.885923 0.882267 0.892728 0.951522 0.983984 0.765828 0.611378 0.378512 0.523474 0.573718 0.581167 0.832097 0.958614 0.653849 0.592230 0.791514 0.859712 0.839272 0.987691 0.860484 0.698636 0.938083 0.753058 0.876743 0.840380 0.664788 0.967215 0.483902 0.374743 0.710962 0.728988 0.845258 0.691183 0.729150 0.919993 0.746629 0.869973 0.746612 0.909950 0.799410 0.961343 0.994819 0.909063 0.988834 0.926235 0.894129 0.810489 0.869107 0.853384 0.987915 0.970780 0.881462 0.928761 0.962765 0.896858 0.872054 0.974752 0.863070 0.896128
0.839957 0.782520 0.298019 0.298212 0.881795 0.767998 0.463798 0.576392 0.806817 0.777025 0.924880 0.978284 0.797725 0.801261 0.752624 0.527858 0.835061 0.960667 0.572604 0.648507 0.532927 0.947620 0.415870 0.354890 0.266748 0.000000 0.857649 0.868938 0.827614 0.847004 0.364210 0.430004 0.609779 0.639142 0.616709 0.501901 0.466027 0.643116 0.788262 0.939432 0.900128 0.871221 0.472412 0.642565 0.772373 0.830572 0.551505 0.503695 0.872474 0.863852 0.743966 0.800993 0.772970 0.706080 0.643001 0.853211 0.979242 0.987651 0.960347 0.980533 0.809096 0.818958 0.796228 0.698774 0.339640 0.429310 0.487320 0.510621 0.775245 0.967437 0.578120 0.532894 0.642929 0.744024 0.870948 0.988429 0.721496 0.686671 0.983752 0.670733 0.996212 0.799191 0.766802 0.956689 0.504114 0.385432 0.763567 0.843621 0.801762 0.758830 0.578152 0.770124 0.618577 0.719012 0.773891 0.850705 0.665203 0.955058 0.831675 0.784929 0.808344 0.773534 0.997417 0.953979 0.779655 0.728806 0.866544 0.865169 0.751244 0.987681 0.873122 0.935170 0.978141 0.927390 0.830044 0.991248
0.927714 0.954598 0.852749 0.836588 0.852248 0.956643 0.973143 0.939792 0.957551 0.834547 0.851644 0.930185 0.975375 0.912343 0.897247 0.806138 0.945603 0.964623 0.927249 0.969240 0.716369 0.864641 0.736348 0.723137 0.700937 0.857649 0.000000 0.810663 0.802150 0.913633 0.789222 0.850014 0.892496 0.897128 0.827528 0.756342 0.798321 0.847090 0.870178 0.996763 0.650145 0.996963 0.971623 0.986512 0.937765 0.858665 0.962331 0.974258 0.750742 0.893785 0.966051 0.918990 0.889343 0.929880 0.972053 0.936431 0.957550 0.967132 0.960078 0.920118 0.964929 0.888492 0.988587 0.914919 0.818386 0.846231 0.825737 0.815676 0.959728 0.946261 0.906228 0.830095 0.879302 0.997478 0.941659 0.955459 0.988455 0.840698 0.982071 0.966036 0.991389 0.997756 0.780109 0.863882 0.797896 0.771932 0.834563 0.946671 0.900154 0.877592 0.940548 0.982123 0.936468 0.917070 0.795483 0.925818 0.991431 0.969238 0.976620 0.972820 0.866269 0.950956 0.965987 0.962107 0.971154 0.911915 0.820264 0.993931 0.954366 0.752234 0.862613 0.885943 0.869366 0.941951 0.838093 0.887985
0.867530 0.873606 0.888788 0.890583 0.946277 0.859132 0.957096 0.871020 0.904123 0.773445 0.738787 0.766020 0.879796 0.986320 0.948653 0.900523 0.840784 0.872456 0.964243 0.983683 0.914975 0.908884 0.835528 0.772631 0.752947 0.868938 0.810663 0.000000 0.763047 0.785861 0.807841 0.943164 0.964258 0.926871 0.880666 0.954344 0.731407 0.853540 0.988765 0.957156 0.888086 0.788583 0.991130 0.952982 0.956412 0.922184 0.965807 0.985761 0.835113 0.958913 0.957009 0.919790 0.923843 0.950955 0.992094 0.816167 0.956378 0.875496 0.871777 0.931381 0.881138 0.799286 0.835291 0.725972 0.877268 0.937513 0.957062 0.882121 0.965858 0.972570 0.988919 0.858920 0.949929 0.952748 0.903423 0.895502 0.888335 0.925510 0.980028 0.845443 0.884954 0.957162 0.989142 0.896415 0.904935 0.809274 0.975990 0.805819 0.890235 0.841977 0.974045 0.989139 0.974078 0.992995 0.973927 0.788284 0.919434 0.875125 0.867984 0.850585 0.856470 0.836236 0.957979 0.947206 0.922996 0.858404 0.942828 0.867110 0.995543 0.829448 0.959801 0.893416 0.774614 0.989328 0.869452 0.929893
0.456893 0.530098 0.966662 0.993904 0.783965 0.914929 0.681358 0.620642 0.623781 0.499092 0.408389 0.403826 0.524807 0.636346 0.715952 0.660052 0.291999 0.278940 0.679303 0.584589 0.832907 0.932071 0.990903 0.830553 0.695967 0.827614 0.802150 0.763047 0.000000 0.273091 0.945322 0.949394 0.590577 0.598943 0.890807 0.887460 0.868548 0.974676 0.791633 0.926104 0.923527 0.808204 0.900913 0.791008 0.544588 0.489909 0.844310 0.841067 0.585847 0.703097 0.700461 0.728922 0.816909 0.955135 0.735108 0.733039 0.516031 0.421546 0.477446 0.658538 0.527712 0.529175 0.353268 0.285223 0.963162 0.978845 0.838915 0.878062 0.735797 0.721985 0.853909 0.948718 0.835026 0.701624 0.936983 0.855691 0.763993 0.951508 0.515565 0.938275 0.311967 0.513716 0.702268 0.474703 0.823459 0.965377 0.923148 0.916905 0.777112 0.809204 0.914981 0.952793 0.956074 0.969724 0.790826 0.960115 0.654773 0.821513 0.610726 0.627286 0.781801 0.936051 0.586478 0.651034 0.622769 0.831157 0.861866 0.839424 0.735963 0.640732 0.769279 0.748179 0.705359 0.836360 0.861169 0.969437
0.483378 0.644690 0.931729 0.953191 0.792560 0.932728 0.650610 0.654695 0.638978 0.535568 0.342021 0.382305 0.405251 0.486414 0.621572 0.605394 0.356998 0.297674 0.641271 0.635885 0.912427 0.965318 0.882394 0.943154 0.758347 0.847004 0.913633 0.785861 0.273091 0.000000 0.905304 0.954345 0.559104 0.539329 0.891209 0.926081 0.873666 0.870160 0.927898 0.865641 0.948113 0.838223 0.997566 0.877914 0.681820 0.675407 0.921073 0.915475 0.838249 0.924226 0.846746 0.891344 0.932943 0.946169 0.851940 0.937577 0.576742 0.529598 0.515351 0.722581 0.490945 0.556922 0.270527 0.247062 0.984360 0.916270 0.788696 0.819023 0.876709 0.919935 0.848113 0.989626 0.973914 0.873947 0.954155 0.986832 0.782642 0.850851 0.572033 0.891881 0.303444 0.554745 0.676506 0.523634 0.736122 0.883941 0.913953 0.955014 0.784073 0.802684 0.919293 0.999548 0.951595 0.967104 0.858654 0.895327 0.794417 0.877248 0.672898 0.738384 0.741399 0.931567 0.662481 0.730328 0.656386 0.862856 0.943966 0.906533 0.902018 0.815609 0.904354 0.821990 0.881749 0.954648 0.878113 0.928702
0.716812 0.729801 0.350729 0.389136 0.949015 0.910475 0.461610 0.562148 0.804881 0.859982 0.883499 0.909629 0.605610 0.548618 0.520159 0.408004 0.968517 0.856558 0.447771 0.613592 0.642692 0.940361 0.288390 0.340586 0.341267 0.364210 0.789222 0.807841 0.945322 0.905304 0.000000 0.340483 0.389412 0.499584 0.492652 0.644326 0.463321 0.673219 0.869197 0.952276 0.817518 0.951471 0.602969 0.722536 0.767697 0.817054 0.684878 0.662982 0.795438 0.985057 0.839725 0.920201 0.903098 0.876452 0.734506 0.841978 0.812161 0.801604 0.838361 0.904015 0.615722 0.741944 0.884294 0.984027 0.386820 0.476749 0.497694 0.509337 0.751591 0.836304 0.631694 0.518158 0.764515 0.790688 0.790063 0.891551 0.864173 0.747609 0.832322 0.624209 0.837683 0.721330 0.545488 0.944048 0.365078 0.346511 0.732401 0.771545 0.725340 0.596869 0.721023 0.957841 0.768047 0.892741 0.671784 0.850613 0.681513 0.889887 0.877250 0.773200 0.831138 0.809160 0.985572 0.919217 0.673070 0.698394 0.889834 0.846092 0.840859 0.949446 0.870924 0.995409 0.940260 0.940748 0.829426 0.902485
0.814409 0.789495 0.511272 0.494439 0.907498 0.936959 0.615509 0.684514 0.959051 0.735287 0.906778 0.946840 0.742023 0.604415 0.746503 0.497386 0.961607 0.869742 0.552627 0.578659 0.728569 0.899572 0.411332 0.327175 0.434105 0.430004 0.850014 0.943164 0.949394 0.954345 0.340483 0.000000 0.523101 0.584164 0.684337 0.630215 0.625176 0.791290 0.733045 0.994325 0.954900 0.790708 0.709404 0.740836 0.911060 0.909131 0.716412 0.710561 0.774345 0.934251 0.954799 0.971934 0.959670 0.969038 0.770987 0.923239 0.833181 0.875040 0.987151 0.981143 0.767159 0.813245 0.981542 0.921087 0.509116 0.515696 0.633768 0.562953 0.882376 0.994155 0.819767 0.740722 0.840463 0.778096 0.789326 0.809210 0.977982 0.811150 0.854196 0.646990 0.876097 0.707819 0.643700 0.981259 0.476920 0.380017 0.804894 0.748229 0.835411 0.780142 0.850360 0.901946 0.869180 0.971220 0.740834 0.893076 0.851432 0.947655 0.978649 0.916808 0.843502 0.852914 0.910069 0.805953 0.749176 0.907459 0.937694 0.949897 0.933479 0.870003 0.975577 0.931062 0.889932 0.966529 0.913399 0.913719
0.347255 0.414506 0.431813 0.419088 0.804119 0.691938 0.330970 0.351861 0.642914 0.880716 0.516685 0.457131 0.323417 0.278513 0.465450 0.384256 0.563106 0.504085 0.270419 0.354461 0.722075 0.998811 0.369433 0.502601 0.667951 0.609779 0.892496 0.964258 0.590577 0.559104 0.389412 0.523101 0.000000 0.261321 0.501025 0.686575 0.494342 0.744155 0.904878 0.827413 0.783187 0.987323 0.572399 0.646487 0.630958 0.681884 0.574258 0.577205 0.900795 0.980987 0.830879 0.872888 0.946455 0.991722 0.733809 0.765864 0.466507 0.447264 0.468863 0.526553 0.314537 0.399647 0.466207 0.577399 0.408354 0.383488 0.372729 0.345591 0.683196 0.715965 0.575523 0.536594 0.818751 0.739751 0.763430 0.836320 0.706510 0.646811 0.630008 0.671867 0.468062 0.538071 0.544398 0.685953 0.298423 0.352705 0.835031 0.888710 0.611561 0.514875 0.699868 0.953813 0.748696 0.892437 0.754258 0.757707 0.632960 0.837799 0.589982 0.554079 0.728820 0.764922 0.746953 0.845647 0.499038 0.610511 0.891251 0.793106 0.704809 0.795543 0.748438 0.792356 0.872022 0.947948 0.769756 0.944844
0.299013 0.377185 0.381558 0.378316 0.818985 0.678380 0.271406 0.297738 0.545927 0.736085 0.470764 0.407385 0.333343 0.360311 0.498808 0.433864 0.516423 0.492915 0.282389 0.346662 0.737706 0.957215 0.402248 0.560088 0.682158 0.639142 0.897128 0.926871 0.598943 0.539329 0.499584 0.584164 0.261321 0.000000 0.464730 0.710735 0.562086 0.751802 0.793366 0.815850 0.824830 0.932354 0.508586 0.532043 0.594588 0.637412 0.492295 0.483378 0.956170 0.908770 0.720537 0.753911 0.838946 0.898256 0.671373 0.817758 0.498162 0.463405 0.428745 0.517050 0.322454 0.373040 0.485063 0.547244 0.411852 0.358099 0.302346 0.305088 0.611559 0.718039 0.476745 0.542027 0.848510 0.773449 0.747465 0.888032 0.623530 0.571310 0.660820 0.735971 0.429143 0.517849 0.583117 0.695545 0.339584 0.388299 0.866677 0.956355 0.508667 0.537500 0.590614 0.806369 0.639789 0.764995 0.669227 0.790842 0.563388 0.853182 0.475336 0.442743 0.647190 0.719802 0.635912 0.752337 0.450108 0.541918 0.876859 0.650526 0.668596 0.773777 0.680186 0.706129 0.773427 0.911970 0.702740 0.951106
0.632756 0.713129 0.403248 0.418212 0.728466 0.830125 0.424787 0.509623 0.663702 0.855304 0.824626 0.771876 0.617063 0.609919 0.579100 0.508576 0.850771 0.815741 0.457549 0.667160 0.725815 0.903166 0.419988 0.576001 0.545219 0.616709 0.827528 0.880666 0.890807 0.891209 0.492652 0.684337 0.501025 0.464730 0.000000 0.688281 0.592278 0.727869 0.848774 0.821205 0.781033 0.828795 0.530823 0.614096 0.674126 0.769969 0.589186 0.558323 0.871355 0.935245 0.741160 0.786853 0.736356 0.773139 0.690426 0.740702 0.812499 0.822696 0.659727 0.780538 0.592609 0.715439 0.820405 0.893760 0.370944 0.483161 0.350116 0.439407 0.786138 0.905134 0.465396 0.484684 0.755069 0.734061 0.963257 0.894598 0.657797 0.572728 0.820166 0.826818 0.756891 0.775388 0.723432 0.845264 0.447269 0.460104 0.748793 0.958848 0.695187 0.647820 0.482056 0.699272 0.578033 0.590793 0.666998 0.723200 0.612659 0.795441 0.642982 0.615334 0.759002 0.786234 0.766752 0.943142 0.664418 0.545336 0.984088 0.688248 0.652445 0.766413 0.725911 0.895956 0.882800 0.913194 0.847664 0.929458
0.850487 0.809879 0.630871 0.587530 0.947047 0.825327 0.646571 0.683827 0.961693 0.945993 0.930511 0.955620 0.866517 0.747322 0.764243 0.624893 0.954189 0.902681 0.640533 0.703813 0.689294 0.967709 0.604887 0.614913 0.593355 0.501901 0.756342 0.954344 0.887460 0.926081 0.644326 0.630215 0.686575 0.710735 0.688281 0.000000 0.551955 0.806890 0.797284 0.865029 0.727958 0.882435 0.568392 0.753715 0.790311 0.898075 0.759291 0.716340 0.864172 0.960594 0.770094 0.799855 0.797169 0.746349 0.834903 0.965673 0.861759 0.923309 0.946101 0.955372 0.904810 0.884897 0.935331 0.877003 0.620370 0.578063 0.539970 0.539327 0.932338 0.837934 0.637658 0.558923 0.799872 0.745619 0.952224 0.978800 0.700512 0.845675 0.982393 0.965100 0.940843 0.946747 0.709300 0.902064 0.630601 0.573377 0.840828 0.955994 0.863847 0.838045 0.580485 0.767364 0.567894 0.701248 0.892308 0.774615 0.826196 0.817905 0.762629 0.800641 0.763429 0.690893 0.836975 0.934823 0.747281 0.813784 0.916693 0.834090 0.866924 0.941082 0.870574 0.838955 0.967840 0.978612 0.977993 0.975299
0.650576 0.743135 0.422017 0.496242 0.913612 0.776029 0.494530 0.637851 0.732068 0.987185 0.927085 0.921845 0.711283 0.663444 0.528028 0.423184 0.862134 0.712321 0.514236 0.645823 0.679671 0.896480 0.463249 0.603255 0.526134 0.466027 0.798321 0.731407 0.868548 0.873666 0.463321 0.625176 0.494342 0.562086 0.592278 0.551955 0.000000 0.551554 0.880337 0.885848 0.723509 0.954929 0.629263 0.714812 0.687651 0.750757 0.606127 0.642959 0.919391 0.829443 0.702530 0.728699 0.749312 0.721182 0.712002 0.739791 0.801764 0.771201 0.723715 0.877591 0.720611 0.848349 0.841794 0.956707 0.504932 0.635076 0.506639 0.502851 0.745920 0.829179 0.552517 0.440832 0.675633 0.663465 0.929357 0.958418 0.712502 0.692074 0.716302 0.819633 0.726799 0.785433 0.648070 0.817882 0.488426 0.505967 0.900268 0.950417 0.713399 0.624617 0.618543 0.733365 0.622906 0.699039 0.766621 0.844095 0.687504 0.838202 0.699605 0.686438 0.802855 0.857786 0.756739 0.863194 0.602880 0.776512 0.828291 0.713069 0.750864 0.872620 0.864434 0.837330 0.896048 0.854191 0.916057 0.955167
0.831032 0.964178 0.666610 0.670371 0.897847 0.919519 0.676472 0.786823 0.788561 0.993667 0.944241 0.955215 0.764148 0.858507 0.695416 0.677967 0.936110 0.850324 0.730226 0.874754 0.723623 0.937009 0.696641 0.747759 0.649291 0.643116 0.847090 0.853540 0.974676 0.870160 0.673219 0.791290 0.744155 0.751802 0.727869 0.806890 0.551554 0.000000 0.846429 0.975740 0.869090 0.908637 0.814934 0.835760 0.827149 0.921305 0.752095 0.800158 0.848620 0.999957 0.851890 0.895174 0.854268 0.823542 0.791798 0.891477 0.995414 0.976859 0.831625 0.991592 0.835805 0.974813 0.894874 0.963230 0.694565 0.798375 0.650479 0.697532 0.942860 0.981925 0.651755 0.711446 0.730460 0.892050 0.923290 0.871245 0.812251 0.898292 0.925140 0.876128 0.879403 0.877334 0.858599 0.938891 0.753215 0.725153 0.939184 0.966518 0.857921 0.922386 0.682832 0.766449 0.706157 0.742051 0.862923 0.874156 0.707786 0.776660 0.861293 0.857055 0.936748 0.848894 0.861699 0.870565 0.884885 0.834507 0.792138 0.745715 0.794360 0.950776 0.925799 0.911504 0.904110 0.679542 0.929597 0.773693
