0.000000 0.206318 0.445200 0.634193 0.686888 0.966391 0.500976 0.553042 0.932309 0.765546 0.383717 0.315733 0.303261 0.486502 0.677019 0.696612 0.324838 0.373524 0.286108 0.308831 0.746355 0.953607 0.628770 0.693565 0.746740 0.994038 0.890913 0.980148 0.549534 0.463693 0.892559 0.993663 0.369663 0.362330 0.719581 0.875027 0.481668 0.720778 0.781161 0.783219 0.762625 0.975610 0.863129 0.830853 0.986567 0.863419 0.484742 0.506898 0.735437 0.506283 0.591769 0.526491 0.989235 0.755481 0.419235 0.571665 0.296516 0.220451 0.318846 0.349844 0.264718 0.347598 0.234053 0.239076 0.472189 0.484435 0.541313 0.716409 0.306124 0.259093 0.738590 0.989804 0.530087 0.727606 0.689281 0.787137 0.728981 0.794618 0.507048 0.504542 0.259778 0.281393 0.409535 0.365683 0.266993 0.323310 0.590838 0.664374 0.432014 0.460893 0.629893 0.494146 0.644387 0.496389 0.953313 0.861032 0.429054 0.964396 0.923393 0.977259 0.763139 0.853694 0.783993 0.773756 0.668493 0.571014 0.986519 0.951767 0.861667 0.621500 0.992346 0.760012 0.941587 0.842854 0.649717 0.788210
0.206318 0.000000 0.522914 0.616706 0.742176 0.972395 0.575459 0.519223 0.980644 0.759297 0.439898 0.252140 0.349311 0.457615 0.738002 0.676069 0.301179 0.324536 0.305890 0.270258 0.824285 0.911171 0.619533 0.634373 0.813627 0.916114 0.870710 0.982693 0.517404 0.437206 0.938612 0.996794 0.401762 0.414514 0.751832 0.942391 0.524030 0.670622 0.765265 0.784607 0.784936 0.901612 0.783556 0.781922 0.993513 0.890685 0.437738 0.535966 0.779517 0.556732 0.597246 0.535527 0.924738 0.731355 0.480173 0.592800 0.274340 0.195763 0.368689 0.373278 0.317113 0.344784 0.249915 0.216140 0.529142 0.462065 0.591587 0.723098 0.316924 0.276246 0.692180 0.978037 0.567645 0.738808 0.749754 0.767647 0.666136 0.692007 0.444492 0.447321 0.262507 0.289700 0.431970 0.403641 0.310333 0.335555 0.614661 0.690416 0.468452 0.505419 0.605413 0.502470 0.658958 0.458196 0.970291 0.848845 0.448846 0.944396 0.901629 0.943177 0.745026 0.809687 0.802627 0.779703 0.652515 0.558247 0.990400 0.985852 0.882776 0.591364 0.968500 0.744964 0.899292 0.899550 0.654317 0.802210
0.445200 0.522914 0.000000 0.358508 0.982580 0.928718 0.434678 0.602487 0.881716 0.732451 0.698475 0.690048 0.448545 0.667763 0.718089 0.730192 0.714335 0.809130 0.506746 0.623745 0.635712 0.929090 0.602814 0.550557 0.485770 0.565133 0.882241 0.823484 0.892060 0.900710 0.694781 0.945687 0.469659 0.492639 0.505094 0.972064 0.452276 0.819408 0.669867 0.839673 0.790199 0.919649 0.836347 0.810333 0.969938 0.829702 0.597379 0.496983 0.924421 0.549114 0.559264 0.474908 0.786593 0.985548 0.346893 0.528760 0.752369 0.614828 0.355424 0.405384 0.424916 0.605154 0.568143 0.650851 0.278769 0.467482 0.344804 0.486383 0.547442 0.509801 0.718173 0.884932 0.604605 0.743874 0.744356 0.849855 0.638337 0.986076 0.623044 0.724234 0.673101 0.685139 0.708543 0.634322 0.464703 0.351124 0.777080 0.924264 0.541257 0.581413 0.915999 0.683020 0.969223 0.744586 0.946340 0.889499 0.583210 0.845118 0.989362 0.961244 0.902403 0.923517 0.888369 0.927329 0.678561 0.518625 0.864143 0.807323 0.978592 0.728475 0.937715 0.827464 0.946425 0.867536 0.669465 0.872352
0.634193 0.616706 0.358508 0.000000 0.875958 0.830562 0.444544 0.410253 0.970438 0.815230 0.856444 0.686028 0.565156 0.628500 0.769151 0.659040 0.840249 0.872709 0.629029 0.683915 0.724093 0.985510 0.665948 0.465351 0.512359 0.581865 0.934856 0.842444 0.936648 0.951638 0.656199 0.745279 0.557351 0.517903 0.613953 0.801361 0.511070 0.760757 0.575033 0.748626 0.824129 0.908505 0.607543 0.645091 0.954551 0.740120 0.527310 0.430325 0.966029 0.616196 0.491811 0.483279 0.800062 0.989230 0.480905 0.529852 0.855161 0.722940 0.449979 0.482358 0.556550 0.640060 0.707629 0.737994 0.445785 0.432543 0.344850 0.381585 0.769180 0.672921 0.674930 0.851927 0.817914 0.831869 0.846232 0.868480 0.504637 0.780566 0.659404 0.775644 0.818475 0.859191 0.803726 0.743445 0.651528 0.376397 0.884291 0.934180 0.675134 0.633788 0.857027 0.871788 0.777191 0.885285 0.932927 0.768366 0.563384 0.866968 0.810880 0.839705 0.948548 0.989813 0.806635 0.802066 0.538188 0.429272 0.774107 0.594764 0.975319 0.709797 0.831879 0.765990 0.836917 0.813672 0.675477 0.848781
0.686888 0.742176 0.982580 0.875958 0.000000 0.890791 0.863164 0.926959 0.865143 0.937196 0.711742 0.756967 0.665274 0.776281 0.762424 0.714481 0.687477 0.742303 0.712055 0.800611 0.981399 0.869377 0.785134 0.988020 0.926429 0.795421 0.959427 0.975252 0.663852 0.697187 0.921257 0.958921 0.849819 0.808988 0.959903 0.813790 0.975513 0.998160 0.942174 0.931558 0.929739 0.861255 0.992782 0.981394 0.931317 0.903615 0.807886 0.830321 0.830510 0.863054 0.886772 0.908654 0.980989 0.947200 0.945296 0.965072 0.657529 0.750767 0.816458 0.887721 0.750644 0.810611 0.667071 0.659144 0.948534 0.973303 0.928129 0.848414 0.739680 0.734954 0.983751 0.908296 0.924827 0.924411 0.947053 0.954413 0.971539 0.922603 0.802666 0.872997 0.695893 0.755706 0.718436 0.800611 0.713340 0.887225 0.791570 0.775030 0.847044 0.835127 0.759809 0.891578 0.686837 0.771561 0.850505 0.983545 0.879677 0.801281 0.961126 0.959803 0.816826 0.987623 0.936997 0.794343 0.956164 0.895549 0.969307 0.838207 0.888852 0.956340 0.807763 0.873840 0.843155 0.924713 0.831935 0.923259
0.966391 0.972395 0.928718 0.830562 0.890791 0.000000 0.891993 0.829604 0.907799 0.981508 0.915701 0.883625 0.997190 0.940111 0.849657 0.997442 0.984994 0.950937 0.937960 0.976355 0.766272 0.881283 0.835617 0.947235 0.956473 0.760008 0.813144 0.657263 0.981664 0.983371 0.923525 0.902762 0.973382 0.858171 0.997058 0.846784 0.993776 0.821911 0.955392 0.656893 0.739018 0.878171 0.744968 0.767523 0.903742 0.866481 0.919259 0.857192 0.986920 0.972129 0.935852 0.993476 0.941767 0.875161 0.981302 0.788648 0.947397 0.996441 0.904975 0.938380 0.943845 0.931137 0.990383 0.976354 0.952965 0.771886 0.748696 0.673434 0.978865 0.924309 0.966459 0.991488 0.956994 0.913505 0.999574 0.916993 0.992206 0.875571 0.923321 0.841402 0.988022 0.936058 0.836681 0.932596 0.900360 0.906115 0.930094 0.850135 0.840391 0.936868 0.624298 0.858398 0.680549 0.847894 0.966762 0.645040 0.760359 0.690141 0.729911 0.704846 0.678860 0.889340 0.732465 0.803999 0.970219 0.846454 0.943044 0.856385 0.931211 0.955989 0.845254 0.896174 0.910443 0.997977 0.965942 0.855653
0.500976 0.575459 0.434678 0.444544 0.863164 0.891993 0.000000 0.344446 0.628412 0.842090 0.529629 0.563849 0.321426 0.351957 0.477954 0.476252 0.599196 0.614603 0.351234 0.503075 0.685536 0.983392 0.660257 0.642182 0.849546 0.897158 0.964979 0.990108 0.548315 0.620808 0.647730 0.668857 0.359324 0.294212 0.721039 0.970580 0.626750 0.727134 0.853249 0.819376 0.848049 0.875318 0.503958 0.428551 0.547911 0.430043 0.445147 0.308680 0.624795 0.475254 0.425705 0.482193 0.719149 0.847181 0.597544 0.577435 0.627943 0.630822 0.402763 0.570479 0.326914 0.489086 0.442635 0.525331 0.597819 0.547204 0.387831 0.436168 0.772888 0.618432 0.577142 0.705599 0.589422 0.605683 0.784030 0.695129 0.460758 0.640381 0.574145 0.635331 0.645868 0.714874 0.667011 0.701726 0.590192 0.457069 0.870523 0.950938 0.673796 0.742697 0.811240 0.939396 0.909470 0.975833 0.921956 0.852438 0.517510 0.897114 0.572744 0.600534 0.882687 0.758660 0.614974 0.539077 0.576178 0.594741 0.827829 0.715349 0.909721 0.689679 0.750937 0.564755 0.698289 0.583689 0.629058 0.652747
0.553042 0.519223 0.602487 0.410253 0.926959 0.829604 0.344446 0.000000 0.779600 0.850094 0.545643 0.423140 0.484252 0.370837 0.724294 0.544739 0.649320 0.642195 0.489672 0.545162 0.872860 0.915862 0.888198 0.715356 0.963054 0.956233 0.886280 0.941001 0.567113 0.579448 0.851423 0.752998 0.542451 0.409568 0.946390 0.953695 0.657956 0.675208 0.786539 0.770580 0.939307 0.853936 0.476635 0.486633 0.698165 0.485774 0.376030 0.345659 0.604840 0.530998 0.358160 0.444917 0.789281 0.982992 0.573501 0.573315 0.648606 0.598366 0.434607 0.505632 0.381237 0.334617 0.513093 0.493088 0.760528 0.413471 0.495250 0.479633 0.781502 0.592980 0.782411 0.875115 0.725047 0.727319 0.798304 0.729935 0.507932 0.613761 0.632054 0.655380 0.669482 0.740105 0.674292 0.732273 0.732845 0.466312 0.873779 0.932823 0.736095 0.763854 0.843727 0.968924 0.912691 0.833733 0.926383 0.749212 0.517878 0.830737 0.552224 0.574725 0.759678 0.895043 0.628058 0.587251 0.605561 0.529109 0.788448 0.670849 0.875289 0.690831 0.740898 0.538387 0.647330 0.643292 0.660859 0.665534
0.932309 0.980644 0.881716 0.970438 0.865143 0.907799 0.628412 0.779600 0.000000 0.559195 0.910671 0.979493 0.732838 0.725700 0.580528 0.683315 0.904744 0.977880 0.807003 0.998269 0.984266 0.961718 0.842844 0.983768 0.788203 0.834300 0.899167 0.870374 0.732321 0.852114 0.847808 0.913932 0.836142 0.833887 0.829560 0.775806 0.992658 0.994311 0.832057 0.938061 0.837805 0.926907 0.841642 0.704316 0.546357 0.527236 0.784299 0.762501 0.623787 0.689040 0.704258 0.760382 0.540217 0.584532 0.975793 0.961652 0.972483 0.986254 0.836476 0.996331 0.736373 0.801267 0.814796 0.855697 0.938600 0.915007 0.964159 0.960210 0.857042 0.999674 0.968824 0.956784 0.856582 0.876506 0.851623 0.784069 0.872019 0.891261 0.914560 0.991023 0.990504 0.903251 0.887574 0.934409 0.979271 0.997398 0.993454 0.913557 0.934909 0.936836 0.974478 0.827385 0.774422 0.981455 0.868104 0.970588 0.978611 0.917291 0.800304 0.817530 0.930834 0.850310 0.907279 0.775880 0.956320 0.963579 0.799991 0.927292 0.853373 0.971909 0.876173 0.742052 0.850026 0.781631 0.868524 0.723706
0.765546 0.759297 0.732451 0.815230 0.937196 0.981508 0.842090 0.850094 0.559195 0.000000 0.977955 0.930696 0.945554 0.892496 0.777115 0.742271 0.853654 0.918514 0.926622 0.810198 0.964408 0.960275 0.907181 0.762755 0.539017 0.695989 0.726849 0.762539 0.755860 0.906075 0.904719 0.775922 0.885764 0.977185 0.699311 0.970274 0.822839 0.962308 0.658142 0.771747 0.783963 0.950485 0.691801 0.623824 0.386236 0.438513 0.936047 0.883335 0.489115 0.812631 0.781062 0.919595 0.595562 0.502831 0.693310 0.800579 0.880013 0.783110 0.892138 0.825595 0.988348 0.966176 0.925316 0.977337 0.599682 0.680865 0.812519 0.892052 0.621483 0.815497 0.909889 0.827097 0.943295 0.791921 0.985239 0.811482 0.913060 0.862456 0.909473 0.914094 0.793538 0.668240 0.845820 0.670472 0.633613 0.629328 0.864298 0.795615 0.758431 0.716703 0.698313 0.507122 0.920369 0.594001 0.965277 0.967179 0.884207 0.951192 0.587492 0.505803 0.678409 0.785760 0.718229 0.752737 0.981766 0.892583 0.845666 0.814407 0.880859 0.870788 0.793060 0.763799 0.620327 0.701676 0.978757 0.936890
0.383717 0.439898 0.698475 0.856444 0.711742 0.915701 0.529629 0.545643 0.910671 0.977955 0.000000 0.325330 0.454925 0.517524 0.772181 0.747197 0.402966 0.389526 0.396751 0.372159 0.845429 0.909454 0.955744 0.997563 0.907960 0.808494 0.890070 0.877394 0.492473 0.382933 0.923150 0.991298 0.546745 0.421664 0.976082 0.794554 0.760286 0.778538 0.971375 0.896175 0.825366 0.880825 0.855984 0.851533 0.881988 0.805860 0.660697 0.596841 0.696036 0.717375 0.747429 0.779871 0.821282 0.706266 0.700997 0.680046 0.420770 0.422458 0.542863 0.604788 0.380382 0.413806 0.361484 0.369993 0.814525 0.583715 0.712948 0.737393 0.554405 0.481921 0.856462 0.961437 0.562676 0.631513 0.676582 0.856394 0.822487 0.796834 0.626952 0.535050 0.379386 0.385704 0.595315 0.546444 0.588651 0.586709 0.775534 0.862062 0.693798 0.727634 0.860412 0.726506 0.827903 0.670537 0.840927 0.935340 0.597716 0.992772 0.782972 0.917807 0.974466 0.983005 0.681991 0.720079 0.818218 0.783600 0.858717 0.909270 0.809290 0.738418 0.933069 0.759633 0.896309 0.779787 0.737619 0.760958
0.315733 0.252140 0.690048 0.686028 0.756967 0.883625 0.563849 0.423140 0.979493 0.930696 0.325330 0.000000 0.440111 0.404833 0.791003 0.683751 0.343558 0.319301 0.346092 0.307460 0.912735 0.889963 0.813887 0.784729 0.950063 0.766382 0.995128 0.897505 0.427211 0.329520 0.927321 0.945372 0.510957 0.427416 0.996895 0.901049 0.682248 0.677285 0.929681 0.806965 0.886472 0.855955 0.741758 0.775221 0.912893 0.811208 0.477995 0.571332 0.694512 0.638434 0.619373 0.640020 0.863211 0.692230 0.640782 0.637370 0.308569 0.289183 0.478782 0.496532 0.341344 0.285326 0.299901 0.247533 0.792033 0.480534 0.693566 0.714634 0.468274 0.405262 0.796494 0.999827 0.602063 0.720272 0.747634 0.774888 0.732078 0.647443 0.492677 0.491475 0.312993 0.351891 0.511419 0.494004 0.495089 0.455378 0.694703 0.804740 0.614736 0.637738 0.770295 0.624191 0.761770 0.539566 0.875264 0.779500 0.521492 0.903641 0.773834 0.812213 0.947535 0.929879 0.691268 0.672294 0.682272 0.637021 0.972468 0.922064 0.816534 0.590041 0.838846 0.688094 0.790158 0.805199 0.676297 0.759447
0.303261 0.349311 0.448545 0.565156 0.665274 0.997190 0.321426 0.484252 0.732838 0.945554 0.454925 0.440111 0.000000 0.374604 0.450071 0.457359 0.377607 0.458786 0.275163 0.360980 0.713843 0.995452 0.522151 0.602003 0.825501 0.956035 0.927111 0.975539 0.489692 0.508963 0.762488 0.833847 0.343843 0.337719 0.729609 0.894863 0.595152 0.743366 0.772652 0.819935 0.772017 0.967492 0.723468 0.638895 0.797297 0.661798 0.464591 0.399433 0.732104 0.484079 0.541133 0.517449 0.877501 0.999570 0.545760 0.640832 0.432458 0.400613 0.381799 0.502224 0.271640 0.426397 0.261961 0.345013 0.461584 0.548776 0.551537 0.675859 0.524019 0.438297 0.628195 0.877788 0.562694 0.680214 0.802092 0.722133 0.523033 0.730016 0.515925 0.504762 0.425763 0.475541 0.470513 0.483540 0.337315 0.358436 0.650813 0.680063 0.534079 0.533970 0.801370 0.754016 0.730015 0.661106 0.921934 0.985348 0.541607 0.976384 0.824641 0.823726 0.824373 0.993784 0.810443 0.643794 0.639424 0.607467 0.996980 0.949600 0.967037 0.772986 0.934876 0.665323 0.810180 0.771404 0.622422 0.715439
0.486502 0.457615 0.667763 0.628500 0.776281 0.940111 0.351957 0.370837 0.725700 0.892496 0.517524 0.404833 0.374604 0.000000 0.574219 0.476241 0.465440 0.449121 0.320617 0.383839 0.863631 0.937550 0.633020 0.594715 0.946312 0.877857 0.931130 0.926267 0.403116 0.444315 0.834744 0.685665 0.438372 0.405103 0.869854 0.989460 0.763143 0.664409 0.850303 0.832471 0.978364 0.821999 0.620042 0.560308 0.690949 0.553450 0.433928 0.455110 0.664158 0.592103 0.554346 0.612316 0.906986 0.995506 0.719840 0.722198 0.457574 0.526154 0.561207 0.698007 0.401461 0.433488 0.386979 0.395901 0.756516 0.595232 0.669163 0.681174 0.737198 0.625188 0.681112 0.770052 0.723285 0.713576 0.869618 0.691688 0.587795 0.577286 0.516315 0.569750 0.491288 0.564924 0.513505 0.588355 0.526488 0.456524 0.828712 0.703318 0.690127 0.642110 0.970113 0.926772 0.867633 0.773242 0.957529 0.823892 0.557884 0.979758 0.676541 0.623905 0.956895 0.870071 0.712846 0.637274 0.673702 0.735667 0.973144 0.879123 0.925012 0.649309 0.799372 0.658228 0.703061 0.635468 0.742702 0.680859
0.677019 0.738002 0.718089 0.769151 0.762424 0.849657 0.477954 0.724294 0.580528 0.777115 0.772181 0.791003 0.450071 0.574219 0.000000 0.348830 0.643058 0.670004 0.568478 0.712410 0.758480 0.935831 0.442723 0.619540 0.917077 0.879123 0.811105 0.991253 0.577033 0.680565 0.582775 0.598447 0.515461 0.621760 0.887961 0.889429 0.848033 0.901310 0.941521 0.860287 0.917677 0.859559 0.779274 0.653557 0.716244 0.677718 0.665560 0.638381 0.798135 0.690806 0.816523 0.795845 0.800716 0.840619 0.894250 0.996714 0.720821 0.749953 0.770409 0.922767 0.636967 0.769948 0.529526 0.615940 0.685176 0.999638 0.866676 0.967323 0.940719 0.806844 0.708980 0.803337 0.843347 0.925546 0.872200 0.694363 0.714835 0.779595 0.714799 0.764359 0.704785 0.841364 0.636210 0.700166 0.655021 0.692404 0.752838 0.786490 0.794738 0.786587 0.984696 0.935627 0.816632 0.918647 0.995691 0.971936 0.831566 0.865709 0.750934 0.761661 0.830801 0.867189 0.857886 0.723150 0.835541 0.902412 0.939614 0.851686 0.984978 0.988452 0.987065 0.699466 0.820854 0.689845 0.905407 0.791696
0.696612 0.676069 0.730192 0.659040 0.714481 0.997442 0.476252 0.544739 0.683315 0.742271 0.747197 0.683751 0.457359 0.476241 0.348830 0.000000 0.651910 0.670239 0.554979 0.679541 0.816085 0.868426 0.507258 0.610488 0.915116 0.951690 0.894682 0.943560 0.552944 0.680836 0.616066 0.599253 0.533079 0.577914 0.939551 0.996381 0.832570 0.876510 0.922412 0.965074 0.844744 0.860021 0.564885 0.517683 0.746832 0.594429 0.531453 0.526550 0.765407 0.700711 0.676491 0.697470 0.749603 0.800148 0.886610 0.988339 0.703528 0.733992 0.698319 0.808608 0.619865 0.687693 0.552878 0.591382 0.759647 0.856764 0.809574 0.860424 0.908668 0.730074 0.718347 0.775784 0.854070 0.764488 0.871209 0.584695 0.620981 0.701951 0.665159 0.695009 0.744157 0.876999 0.704284 0.753391 0.741263 0.624975 0.879505 0.907841 0.843319 0.754757 0.933336 0.878965 0.919471 0.933569 0.961131 0.959205 0.776577 0.920814 0.660594 0.627645 0.907953 0.903410 0.757891 0.610877 0.773556 0.745532 0.961714 0.749692 0.998528 0.962683 0.909859 0.603000 0.591915 0.594143 0.752956 0.905033
0.324838 0.301179 0.714335 0.840249 0.687477 0.984994 0.599196 0.649320 0.904744 0.853654 0.402966 0.343558 0.377607 0.465440 0.643058 0.651910 0.000000 0.237284 0.289487 0.276174 0.934129 0.870037 0.662450 0.740869 0.997829 0.744854 0.844730 0.997695 0.382213 0.294954 0.898783 0.864267 0.405686 0.448672 0.920639 0.836707 0.673914 0.734310 0.995499 0.811230 0.792096 0.807954 0.755286 0.755144 0.936221 0.881188 0.584793 0.673118 0.803544 0.723046 0.783559 0.768088 0.854582 0.729793 0.738231 0.764408 0.231052 0.280777 0.583636 0.637011 0.440742 0.478837 0.285335 0.267017 0.696323 0.630019 0.740300 0.844962 0.469277 0.475285 0.656802 0.865289 0.620224 0.778911 0.795804 0.735030 0.765173 0.619596 0.394904 0.398496 0.246489 0.289806 0.435794 0.440453 0.404097 0.490552 0.718123 0.666783 0.621013 0.626624 0.707495 0.722183 0.672015 0.602044 0.921520 0.966586 0.589358 0.985085 0.890641 0.916084 0.778917 0.968726 0.713415 0.657772 0.751638 0.772770 0.918726 0.885486 0.889296 0.731045 0.996939 0.760359 0.935935 0.750883 0.685953 0.814889
0.373524 0.324536 0.809130 0.872709 0.742303 0.950937 0.614603 0.642195 0.977880 0.918514 0.389526 0.319301 0.458786 0.449121 0.670004 0.670239 0.237284 0.000000 0.323654 0.228556 0.862182 0.849331 0.702561 0.738757 0.952514 0.687053 0.840048 0.919147 0.338905 0.260906 0.919621 0.804305 0.414083 0.435028 0.956818 0.951786 0.714310 0.612088 0.988066 0.899073 0.751474 0.731778 0.728527 0.718762 0.891164 0.882386 0.624122 0.699216 0.807012 0.793259 0.859913 0.880365 0.721974 0.640943 0.822720 0.792002 0.230540 0.297740 0.647361 0.715386 0.524942 0.539221 0.321486 0.278786 0.811649 0.690147 0.758292 0.829957 0.485712 0.493483 0.620041 0.770319 0.629694 0.688194 0.850711 0.755126 0.759937 0.534121 0.411384 0.375491 0.254045 0.290076 0.493427 0.501615 0.483691 0.549253 0.746624 0.692980 0.674858 0.717961 0.794600 0.766867 0.784517 0.706515 0.844459 0.870467 0.541502 0.996589 0.768261 0.806160 0.835604 0.968404 0.631435 0.641746 0.656311 0.788402 0.939163 0.877342 0.908908 0.690017 0.908301 0.711086 0.930832 0.746219 0.783904 0.787688
0.286108 0.305890 0.506746 0.629029 0.712055 0.937960 0.351234 0.489672 0.807003 0.926622 0.396751 0.346092 0.275163 0.320617 0.568478 0.554979 0.289487 0.323654 0.000000 0.272546 0.707697 0.878402 0.556798 0.593487 0.869509 0.916550 0.823825 0.994380 0.377229 0.366355 0.738495 0.769120 0.320451 0.287463 0.781906 0.983773 0.620957 0.661277 0.904754 0.763824 0.852121 0.856230 0.668092 0.607750 0.788979 0.699083 0.471819 0.458013 0.718490 0.550969 0.587875 0.582268 0.975164 0.872193 0.587402 0.646799 0.296681 0.338764 0.407506 0.518427 0.314915 0.431550 0.253481 0.286114 0.623447 0.571415 0.529166 0.659016 0.485946 0.446904 0.551127 0.768580 0.545099 0.684516 0.778607 0.736763 0.616361 0.636643 0.426380 0.463954 0.313973 0.369855 0.467225 0.483129 0.385934 0.390260 0.791596 0.726660 0.579258 0.593344 0.862432 0.784857 0.814453 0.663177 0.988269 0.876743 0.466307 0.970926 0.746413 0.757041 0.871716 0.926989 0.682616 0.605819 0.615399 0.655011 0.979539 0.962476 0.909250 0.613481 0.868319 0.634033 0.849168 0.718464 0.622066 0.743240
0.308831 0.270258 0.623745 0.683915 0.800611 0.976355 0.503075 0.545162 0.998269 0.810198 0.372159 0.307460 0.360980 0.383839 0.712410 0.679541 0.276174 0.228556 0.272546 0.000000 0.832887 0.866597 0.664325 0.664474 0.901575 0.870739 0.849697 0.955538 0.434713 0.328262 0.834557 0.823684 0.369838 0.377473 0.834055 0.986245 0.604362 0.531380 0.845150 0.836393 0.777453 0.770911 0.715529 0.700238 0.919333 0.876720 0.565381 0.588808 0.849284 0.706599 0.735969 0.730777 0.783822 0.696436 0.655897 0.684519 0.249629 0.272644 0.507980 0.572519 0.408789 0.479958 0.287420 0.279962 0.649624 0.529870 0.602948 0.686518 0.425045 0.429470 0.520210 0.757710 0.577724 0.651846 0.815476 0.760037 0.606264 0.572355 0.397764 0.365690 0.267283 0.281988 0.472911 0.470680 0.385298 0.418718 0.735114 0.702842 0.584947 0.619365 0.760568 0.704767 0.815533 0.698005 0.909109 0.953210 0.477654 0.975387 0.837390 0.856244 0.825471 0.991547 0.667711 0.693033 0.603079 0.670908 0.963045 0.954030 0.896721 0.629747 0.899192 0.744699 0.929871 0.800885 0.708499 0.776189
0.746355 0.824285 0.635712 0.724093 0.981399 0.766272 0.685536 0.872860 0.984266 0.964408 0.845429 0.912735 0.713843 0.863631 0.758480 0.816085 0.934129 0.862182 0.707697 0.832887 0.000000 0.959381 0.721862 0.787636 0.727799 0.689789 0.886364 0.728151 0.983654 0.972452 0.684613 0.836687 0.681179 0.702991 0.737203 0.668558 0.832892 0.872735 0.878657 0.872732 0.843043 0.972154 0.825668 0.750869 0.824237 0.789207 0.796845 0.746830 0.942972 0.719469 0.784810 0.752152 0.960256 0.941228 0.784243 0.846929 0.882252 0.857303 0.672318 0.750332 0.764832 0.940280 0.807255 0.853218 0.699843 0.869706 0.588360 0.703066 0.840087 0.753640 0.803069 0.763742 0.784031 0.814378 0.880169 0.905475 0.690315 0.837071 0.906955 0.762527 0.892121 0.885294 0.989205 0.962045 0.835805 0.712829 0.905084 0.946668 0.937828 0.805732 0.815837 0.984809 0.823976 0.994914 0.876597 0.905942 0.710124 0.893090 0.780698 0.823267 0.899988 0.967337 0.702965 0.920929 0.835214 0.705164 0.982389 0.985444 0.982545 0.980864 0.914439 0.915587 0.909989 0.919206 0.878522 0.988467
0.953607 0.911171 0.929090 0.985510 0.869377 0.881283 0.983392 0.915862 0.961718 0.960275 0.909454 0.889963 0.995452 0.937550 0.935831 0.868426 0.870037 0.849331 0.878402 0.866597 0.959381 0.000000 0.945730 0.940853 0.941082 0.928696 0.821491 0.824935 0.887108 0.814856 0.789270 0.779063 0.972812 0.906207 0.993730 0.852252 0.981667 0.972062 0.848245 0.775379 0.927988 0.820855 0.763544 0.783821 0.951620 0.980013 0.905379 0.924713 0.982156 0.925832 0.937722 0.965084 0.956712 0.900136 0.898217 0.959127 0.831745 0.879658 0.940783 0.996386 0.984970 0.963354 0.999276 0.917324 0.894158 0.959223 0.991844 0.995147 0.907864 0.884917 0.864076 0.953774 0.932113 0.972157 0.999096 0.976504 0.896583 0.679764 0.948458 0.948965 0.898103 0.929544 0.874172 0.955324 0.892988 0.983461 0.961268 0.847010 0.813748 0.967919 0.933346 0.846083 0.898106 0.909144 0.990235 0.994840 0.883158 0.967217 0.885263 0.853577 0.992601 0.803055 0.804319 0.866524 0.922047 0.813879 0.980344 0.928080 0.800479 0.934138 0.986144 0.912384 0.933397 0.998532 0.988202 0.960036
0.628770 0.619533 0.602814 0.665948 0.785134 0.835617 0.660257 0.888198 0.842844 0.907181 0.955744 0.813887 0.522151 0.633020 0.442723 0.507258 0.662450 0.702561 0.556798 0.664325 0.721862 0.945730 0.000000 0.362610 0.618550 0.951481 0.640446 0.872694 0.693254 0.785455 0.519722 0.724344 0.523779 0.707523 0.665233 0.971596 0.692892 0.862943 0.929002 0.933340 0.938365 0.871760 0.859308 0.753481 0.928159 0.881572 0.661229 0.678400 0.955332 0.661073 0.849715 0.734823 0.830052 0.877432 0.779076 0.994177 0.655076 0.659209 0.721120 0.768289 0.710702 0.883241 0.565818 0.605868 0.556770 0.995274 0.808047 0.967300 0.760924 0.721201 0.629858 0.737073 0.903137 0.965187 0.916384 0.787860 0.740032 0.893581 0.565240 0.697467 0.631051 0.752412 0.632483 0.669053 0.474201 0.551242 0.784976 0.626584 0.679513 0.554979 0.827519 0.865957 0.787629 0.767302 0.865433 0.970197 0.781012 0.899132 0.972387 0.934311 0.611583 0.903231 0.957071 0.866703 0.817418 0.813046 0.973176 0.942548 0.876696 0.863896 0.954571 0.871231 0.926073 0.916622 0.809822 0.942399
0.693565 0.634373 0.550557 0.465351 0.988020 0.947235 0.642182 0.715356 0.983768 0.762755 0.997563 0.784729 0.602003 0.594715 0.619540 0.610488 0.740869 0.738757 0.593487 0.664474 0.787636 0.940853 0.362610 0.000000 0.543294 0.791617 0.683408 0.858682 0.784260 0.826698 0.647690 0.658056 0.589149 0.666057 0.661102 0.800577 0.650843 0.792943 0.763875 0.976546 0.870022 0.868479 0.829710 0.789729 0.962180 0.942658 0.624694 0.666235 0.904454 0.803800 0.849939 0.791923 0.993560 0.916840 0.684210 0.839379 0.731393 0.702007 0.723170 0.786769 0.761313 0.870722 0.691452 0.714841 0.552382 0.763634 0.662256 0.781733 0.772457 0.765133 0.631486 0.752168 0.972709 0.945665 0.937956 0.837391 0.709093 0.796476 0.604103 0.766165 0.706331 0.765017 0.632557 0.627905 0.541062 0.445380 0.786221 0.705596 0.728994 0.613176 0.942902 0.798333 0.989167 0.803383 0.987258 0.847726 0.777680 0.955963 0.916382 0.905382 0.743083 0.943697 0.988939 0.818368 0.679396 0.697339 0.914330 0.865278 0.890376 0.800044 0.934105 0.853386 0.996616 0.947720 0.909457 0.880581
0.746740 0.813627 0.485770 0.512359 0.926429 0.956473 0.849546 0.963054 0.788203 0.539017 0.907960 0.950063 0.825501 0.946312 0.917077 0.915116 0.997829 0.952514 0.869509 0.901575 0.727799 0.941082 0.618550 0.543294 0.000000 0.412085 0.749351 0.657638 0.766710 0.798249 0.622901 0.946366 0.714449 0.826990 0.495701 0.766892 0.568343 0.972154 0.586442 0.868894 0.745479 0.907129 0.985441 0.992746 0.720691 0.814678 0.854629 0.757539 0.717627 0.924289 0.927519 0.803236 0.982583 0.870938 0.544085 0.712649 0.983745 0.860758 0.676796 0.636372 0.898537 0.946606 0.932325 0.987857 0.429517 0.746914 0.555378 0.694788 0.734561 0.710306 0.771493 0.857864 0.897995 0.990504 0.982281 0.995187 0.836279 0.943106 0.874193 0.894192 0.900745 0.884472 0.880088 0.727483 0.663071 0.554705 0.858607 0.946526 0.672068 0.640758 0.981601 0.767704 0.830145 0.878185 0.938016 0.970240 0.762204 0.868669 0.875610 0.840090 0.817619 0.865182 0.938526 0.900519 0.804492 0.652344 0.881877 0.831534 0.998299 0.886223 0.821231 0.956245 0.883612 0.863773 0.934329 0.905544
0.994038 0.916114 0.565133 0.581865 0.795421 0.760008 0.897158 0.956233 0.834300 0.695989 0.808494 0.766382 0.956035 0.877857 0.879123 0.951690 0.744854 0.687053 0.916550 0.870739 0.689789 0.928696 0.951481 0.791617 0.412085 0.000000 0.978342 0.589169 0.614369 0.616870 0.692194 0.886578 0.915744 0.965616 0.558135 0.767438 0.695556 0.948304 0.625987 0.779854 0.811536 0.887880 0.912235 0.951914 0.844524 0.911638 0.935866 0.884383 0.715260 0.995780 0.885294 0.827521 0.860513 0.944355 0.662683 0.732630 0.780087 0.852564 0.776852 0.774850 0.979541 0.846559 0.811071 0.744490 0.590855 0.701091 0.516242 0.597266 0.921641 0.977182 0.894990 0.871016 0.961013 0.996609 0.971494 0.899470 0.890339 0.958191 0.926466 0.969240 0.782734 0.846889 0.835522 0.947339 0.991780 0.743391 0.831808 0.773214 0.941318 0.878527 0.796244 0.992242 0.645245 0.861530 0.856817 0.949067 0.848934 0.838567 0.904064 0.888424 0.929761 0.989155 0.989236 0.807299 0.919916 0.727560 0.819681 0.856471 0.969773 0.974146 0.923418 0.866964 0.956896 0.928469 0.978988 0.800888
0.890913 0.870710 0.882241 0.934856 0.959427 0.813144 0.964979 0.886280 0.899167 0.726849 0.890070 0.995128 0.927111 0.931130 0.811105 0.894682 0.844730 0.840048 0.823825 0.849697 0.886364 0.821491 0.640446 0.683408 0.749351 0.978342 0.000000 0.956096 0.883155 0.899716 0.799297 0.901271 0.842499 0.979945 0.989049 0.754832 0.950131 0.909468 0.985277 0.781796 0.964663 0.882599 0.888408 0.863023 0.699599 0.726944 0.975175 0.896256 0.732920 0.895600 0.851648 0.890421 0.842621 0.876461 0.921526 0.873174 0.882055 0.907538 0.946999 0.994654 0.918448 0.922882 0.897466 0.904610 0.779451 0.998234 0.972128 0.864229 0.858111 0.960626 0.785903 0.873736 0.962096 0.881350 0.907950 0.855375 0.997685 0.982104 0.814977 0.862562 0.813830 0.842763 0.684631 0.834082 0.737129 0.811091 0.883132 0.712843 0.782587 0.857095 0.824284 0.839293 0.868988 0.786538 0.984913 0.903194 0.981451 0.942506 0.860724 0.884942 0.744939 0.896677 0.863047 0.851949 0.940693 0.929965 0.992334 0.895178 0.894681 0.945076 0.816164 0.959728 0.837702 0.940484 0.949221 0.754124
0.980148 0.982693 0.823484 0.842444 0.975252 0.657263 0.990108 0.941001 0.870374 0.762539 0.877394 0.897505 0.975539 0.926267 0.991253 0.943560 0.997695 0.919147 0.994380 0.955538 0.728151 0.824935 0.872694 0.858682 0.657638 0.589169 0.956096 0.000000 0.884871 0.816702 0.902452 0.912813 0.915211 0.979488 0.751329 0.833217 0.980798 0.727458 0.870048 0.739022 0.748342 0.951504 0.822539 0.906224 0.888438 0.959975 0.916648 0.866106 0.824337 0.941372 0.982833 0.931252 0.983935 0.987173 0.876256 0.836948 0.956331 0.969847 0.866736 0.902541 0.979557 0.925175 0.970295 0.907165 0.757754 0.857592 0.762002 0.846517 0.992142 0.871704 0.866353 0.992586 0.887041 0.916863 0.934386 0.947285 0.841761 0.910647 0.905313 0.911700 0.950952 0.967321 0.859459 0.979045 0.981954 0.831323 0.930283 0.860862 0.877877 0.824488 0.875153 0.939937 0.847095 0.932262 0.879410 0.944575 0.977301 0.964849 0.994643 0.969009 0.945587 0.985175 0.977777 0.938241 0.887762 0.821526 0.879258 0.999030 0.992052 0.981675 0.957709 0.797951 0.979980 0.979217 0.965706 0.715277
0.549534 0.517404 0.892060 0.936648 0.663852 0.981664 0.548315 0.567113 0.732321 0.755860 0.492473 0.427211 0.489692 0.403116 0.577033 0.552944 0.382213 0.338905 0.377229 0.434713 0.983654 0.887108 0.693254 0.784260 0.766710 0.614369 0.883155 0.884871 0.000000 0.262444 0.895830 0.702716 0.513760 0.478228 0.902178 0.864594 0.839268 0.738302 0.813732 0.961261 0.925600 0.834313 0.625191 0.578209 0.668096 0.646600 0.608327 0.624671 0.611477 0.700263 0.739470 0.816465 0.990840 0.951237 0.923839 0.863194 0.376188 0.496054 0.705216 0.801312 0.541801 0.515318 0.373093 0.358013 0.986319 0.830008 0.884498 0.918359 0.703681 0.660468 0.693275 0.784669 0.720938 0.788396 0.914824 0.684975 0.747452 0.615222 0.467924 0.513538 0.415451 0.518335 0.534624 0.702968 0.658020 0.688552 0.833785 0.764150 0.776952 0.824292 0.953649 0.967464 0.790166 0.816536 0.964258 0.901919 0.696508 0.927280 0.672996 0.621521 0.999784 0.865693 0.652498 0.511457 0.785554 0.911670 0.952733 0.960738 0.941202 0.735201 0.803486 0.627607 0.787560 0.630980 0.793210 0.794178
0.463693 0.437206 0.900710 0.951638 0.697187 0.983371 0.620808 0.579448 0.852114 0.906075 0.382933 0.329520 0.508963 0.444315 0.680565 0.680836 0.294954 0.260906 0.366355 0.328262 0.972452 0.814856 0.785455 0.826698 0.798249 0.616870 0.899716 0.816702 0.262444 0.000000 0.938958 0.763886 0.508756 0.517933 0.865949 0.867321 0.778166 0.640365 0.809136 0.950144 0.943527 0.748339 0.744701 0.726425 0.834806 0.821354 0.667111 0.729978 0.734155 0.797203 0.842811 0.902702 0.830724 0.722778 0.895883 0.885259 0.275464 0.391557 0.715311 0.775686 0.534805 0.492645 0.369612 0.311950 0.999453 0.745860 0.879166 0.926234 0.593661 0.600570 0.710381 0.829435 0.632165 0.785092 0.779625 0.700037 0.842353 0.591503 0.473170 0.477559 0.317184 0.370376 0.504578 0.600663 0.604772 0.653509 0.785157 0.733172 0.758497 0.807390 0.858621 0.858190 0.754680 0.739200 0.865232 0.918516 0.647266 0.990796 0.763562 0.744007 0.959315 0.891102 0.604915 0.545486 0.749666 0.836696 0.921716 0.892891 0.936066 0.731617 0.834201 0.689115 0.909474 0.697180 0.802936 0.737596
0.892559 0.938612 0.694781 0.656199 0.921257 0.923525 0.647730 0.851423 0.847808 0.904719 0.923150 0.927321 0.762488 0.834744 0.582775 0.616066 0.898783 0.919621 0.738495 0.834557 0.684613 0.789270 0.519722 0.647690 0.622901 0.692194 0.799297 0.902452 0.895830 0.938958 0.000000 0.494543 0.635931 0.738202 0.757348 0.787648 0.657515 0.823918 0.964653 0.960806 0.948055 0.880769 0.605147 0.563017 0.781378 0.785645 0.842526 0.731006 0.999117 0.778304 0.811038 0.789536 0.710003 0.723726 0.876508 0.998290 0.909104 0.945918 0.811700 0.861698 0.904853 0.919219 0.886616 0.912182 0.742599 0.995185 0.676923 0.781790 0.997075 0.950714 0.528665 0.548268 0.859041 0.858670 0.860960 0.794590 0.590864 0.751780 0.727441 0.772117 0.941577 0.935913 0.935991 0.971540 0.902738 0.796878 0.874996 0.869753 0.951079 0.923942 0.831520 0.755662 0.804964 0.822629 0.893195 0.956352 0.855002 0.995675 0.862177 0.791470 0.953660 0.824295 0.726122 0.761137 0.679833 0.810984 0.885729 0.756877 0.942879 0.944962 0.912259 0.770977 0.890272 0.799559 0.869436 0.886007
0.993663 0.996794 0.945687 0.745279 0.958921 0.902762 0.668857 0.752998 0.913932 0.775922 0.991298 0.945372 0.833847 0.685665 0.598447 0.599253 0.864267 0.804305 0.769120 0.823684 0.836687 0.779063 0.724344 0.658056 0.946366 0.886578 0.901271 0.912813 0.702716 0.763886 0.494543 0.000000 0.659310 0.695776 0.984384 0.772993 0.838623 0.824754 0.955043 0.965335 0.888751 0.759914 0.501854 0.487612 0.711349 0.703416 0.785322 0.801425 0.945352 0.916525 0.879993 0.969499 0.911479 0.895994 0.980263 0.923546 0.852304 0.994417 0.980536 0.925475 0.982694 0.917702 0.897428 0.909553 0.941453 0.994229 0.809276 0.763291 0.916559 0.899684 0.642749 0.524548 0.963946 0.894809 0.957065 0.720456 0.693894 0.537077 0.769208 0.846935 0.920113 0.961870 0.951833 0.968871 0.969107 0.886914 0.789455 0.940964 0.877538 0.957265 0.647890 0.612135 0.672264 0.744614 0.941830 0.853474 0.922034 0.918017 0.565721 0.504823 0.813038 0.719388 0.578211 0.636121 0.690316 0.774250 0.779688 0.753249 0.885952 0.871446 0.769552 0.736108 0.843107 0.690449 0.963088 0.987772
0.369663 0.401762 0.469659 0.557351 0.849819 0.973382 0.359324 0.542451 0.836142 0.885764 0.546745 0.510957 0.343843 0.438372 0.515461 0.533079 0.405686 0.414083 0.320451 0.369838 0.681179 0.972812 0.523779 0.589149 0.714449 0.915744 0.842499 0.915211 0.513760 0.508756 0.635931 0.659310 0.000000 0.300817 0.666264 0.950656 0.503977 0.753286 0.822580 0.812161 0.648521 0.803421 0.583270 0.514749 0.790574 0.685752 0.450004 0.483410 0.772438 0.568699 0.609626 0.595204 0.895923 0.911431 0.582157 0.623917 0.394412 0.423539 0.427970 0.516625 0.412265 0.560413 0.326704 0.393646 0.553806 0.589102 0.446383 0.560135 0.543121 0.501832 0.499291 0.688206 0.563359 0.694612 0.779555 0.668937 0.536625 0.612163 0.402835 0.493410 0.407649 0.466500 0.547614 0.543510 0.426509 0.368819 0.858887 0.783734 0.550571 0.645044 0.988902 0.875875 0.971791 0.787532 0.982540 0.926764 0.447992 0.894637 0.716663 0.760814 0.944493 0.899274 0.627221 0.630529 0.622326 0.610197 0.949172 0.919233 0.999002 0.628180 0.828221 0.649186 0.832249 0.664568 0.656718 0.794359
0.362330 0.414514 0.492639 0.517903 0.808988 0.858171 0.294212 0.409568 0.833887 0.977185 0.421664 0.427416 0.337719 0.405103 0.621760 0.577914 0.448672 0.435028 0.287463 0.377473 0.702991 0.906207 0.707523 0.666057 0.826990 0.965616 0.979945 0.979488 0.478228 0.517933 0.738202 0.695776 0.300817 0.000000 0.783230 0.988771 0.558482 0.713915 0.840270 0.738743 0.678881 0.846143 0.518381 0.490019 0.651784 0.519448 0.427968 0.353468 0.580773 0.486185 0.467201 0.528017 0.902217 0.927533 0.556384 0.531557 0.419066 0.422373 0.356905 0.476530 0.316894 0.444845 0.351484 0.385680 0.637472 0.530998 0.400363 0.472123 0.579516 0.463229 0.612902 0.728406 0.610562 0.634615 0.741707 0.765614 0.497691 0.622197 0.472938 0.504065 0.418671 0.496478 0.564619 0.577895 0.510187 0.406547 0.888659 0.890790 0.630145 0.645599 0.937981 0.880748 0.933044 0.831447 0.968612 0.741878 0.455082 0.824190 0.570442 0.635216 0.877836 0.865283 0.575512 0.567350 0.582936 0.563390 0.904455 0.846754 0.980342 0.615880 0.781992 0.544296 0.756283 0.631419 0.629704 0.747960
0.719581 0.751832 0.505094 0.613953 0.959903 0.997058 0.721039 0.946390 0.829560 0.699311 0.976082 0.996895 0.729609 0.869854 0.887961 0.939551 0.920639 0.956818 0.781906 0.834055 0.737203 0.993730 0.665233 0.661102 0.495701 0.558135 0.989049 0.751329 0.902178 0.865949 0.757348 0.984384 0.666264 0.783230 0.000000 0.935844 0.599002 0.873467 0.601205 0.826023 0.756975 0.999691 0.956054 0.889478 0.985049 0.995815 0.808524 0.734760 0.885025 0.820594 0.832522 0.747611 0.857419 0.943844 0.635794 0.664856 0.922281 0.836344 0.656666 0.715962 0.790035 0.997308 0.843752 0.921231 0.439598 0.786544 0.546402 0.624844 0.742168 0.778912 0.684993 0.780242 0.787893 0.755790 0.974533 0.961728 0.781233 0.869233 0.775416 0.863622 0.922284 0.875193 0.907599 0.806263 0.649023 0.640016 0.994057 0.879004 0.689267 0.734279 0.906090 0.862885 0.992553 0.956484 0.777330 0.995013 0.746713 0.968360 0.905573 0.844558 0.649045 0.996770 0.968377 0.982976 0.739778 0.672439 0.844867 0.918848 0.962613 0.902214 0.864681 0.895997 0.902385 0.905395 0.880286 0.854486
0.875027 0.942391 0.972064 0.801361 0.813790 0.846784 0.970580 0.953695 0.775806 0.970274 0.794554 0.901049 0.894863 0.989460 0.889429 0.996381 0.836707 0.951786 0.983773 0.986245 0.668558 0.852252 0.971596 0.800577 0.766892 0.767438 0.754832 0.833217 0.864594 0.867321 0.787648 0.772993 0.950656 0.988771 0.935844 0.000000 0.958836 0.786707 0.819740 0.920825 0.999339 0.828944 0.786543 0.849737 0.991721 0.986771 0.949726 0.987973 0.898792 0.908022 0.992570 0.971286 0.887403 0.996076 0.985567 0.981799 0.888608 0.881119 0.990860 0.980574 0.836274 0.783912 0.811712 0.842748 0.975527 0.997032 0.814794 0.834885 0.896214 0.975513 0.749860 0.700872 0.961119 0.882135 0.708907 0.942962 0.716071 0.736191 0.931055 0.973262 0.836157 0.834430 0.862536 0.788863 0.843451 0.962522 0.782493 0.844903 0.888092 0.983041 0.732677 0.819296 0.619571 0.751107 0.884191 0.945388 0.899219 0.863008 0.798726 0.728332 0.853528 0.956861 0.809665 0.951859 0.762716 0.786417 0.839347 0.836461 0.913059 0.984284 0.976335 0.936083 0.912422 0.952380 0.944957 0.801822
0.481668 0.524030 0.452276 0.511070 0.975513 0.993776 0.626750 0.657956 0.992658 0.822839 0.760286 0.682248 0.595152 0.763143 0.848033 0.832570 0.673914 0.714310 0.620957 0.604362 0.832892 0.981667 0.692892 0.650843 0.568343 0.695556 0.950131 0.980798 0.839268 0.778166 0.657515 0.838623 0.503977 0.558482 0.599002 0.958836 0.000000 0.720720 0.754570 0.937135 0.679518 0.896119 0.754031 0.766301 0.995810 0.902681 0.622026 0.589396 0.933370 0.625781 0.656432 0.598248 0.827354 0.970052 0.478883 0.574517 0.640418 0.540920 0.495405 0.478807 0.575196 0.701277 0.607537 0.605816 0.507865 0.602781 0.488860 0.641077 0.523143 0.538082 0.689358 0.782261 0.618479 0.716639 0.839643 0.763948 0.674063 0.754689 0.605123 0.698046 0.633972 0.645298 0.669463 0.695701 0.559484 0.494994 0.794392 0.880459 0.622859 0.671324 0.777518 0.704275 0.923852 0.851847 0.943719 0.886947 0.622047 0.895437 0.989896 0.979870 0.810785 0.922144 0.779071 0.833915 0.598611 0.592179 0.890284 0.806781 0.981451 0.686054 0.945369 0.891527 0.981826 0.867359 0.700425 0.927233
0.720778 0.670622 0.819408 0.760757 0.998160 0.821911 0.727134 0.675208 0.994311 0.962308 0.778538 0.677285 0.743366 0.664409 0.901310 0.876510 0.734310 0.612088 0.661277 0.531380 0.872735 0.972062 0.862943 0.792943 0.972154 0.948304 0.909468 0.727458 0.738302 0.640365 0.823918 0.824754 0.753286 0.713915 0.873467 0.786707 0.720720 0.000000 0.795033 0.940888 0.908303 0.797665 0.790935 0.784515 0.861448 0.891888 0.816225 0.858631 0.909843 0.894850 0.815131 0.840100 0.854672 0.877826 0.804988 0.879765 0.661527 0.680506 0.822464 0.837046 0.776609 0.814629 0.763128 0.683734 0.881676 0.802873 0.751339 0.801077 0.756471 0.804942 0.643418 0.564608 0.793190 0.723818 0.920001 0.822003 0.746086 0.646783 0.682615 0.617309 0.721401 0.739658 0.810902 0.868269 0.788856 0.791416 0.982873 0.947102 0.762683 0.914740 0.966147 0.953161 0.990507 0.917093 0.887828 0.852584 0.702694 0.940794 0.851156 0.753056 0.992213 0.829766 0.696416 0.863705 0.568612 0.736987 0.779145 0.960680 0.957530 0.907597 0.896277 0.887994 0.919830 0.953993 0.751227 0.856683
