0.000000 0.386210 0.945241 0.825798 0.844805 0.558186 0.483779 0.504751 0.682710 0.563074 0.419677 0.428510 0.438397 0.483739 0.700100 0.809496 0.461917 0.458972 0.472274 0.565252 0.791451 0.926560 0.923584 0.837144 0.636010 0.732130 0.685694 0.784409 0.527819 0.597524 0.779719 0.918427 0.596873 0.527149 0.896618 0.782117 0.825375 0.812483 0.794444 0.937748 0.947031 0.818366 0.638614 0.582933 0.633421 0.578848 0.531942 0.582219 0.655398 0.633813 0.629525 0.517552 0.780504 0.922238 0.745886 0.627049 0.380727 0.389288 0.268258 0.298027 0.314262 0.458909 0.431101 0.416557 0.978003 0.774522 0.747758 0.682607 0.850040 0.728031 0.784884 0.885168 0.965919 0.984291 0.898308 0.996634 0.604696 0.895417 0.601515 0.810529 0.493288 0.730512 0.946452 0.724964 0.826648 0.980475 0.962543 0.966592 0.733459 0.667661 0.775470 0.688052 0.866419 0.857405 0.948158 0.733230 0.662986 0.848503 0.424925 0.435819 0.729935 0.631006 0.654441 0.645757 0.597840 0.521923 0.837345 0.675884 0.743615 0.706962 0.569007 0.663160 0.489407 0.936810 0.612934 0.783848
0.386210 0.000000 0.720589 0.578499 0.945845 0.632720 0.421304 0.477563 0.827683 0.790437 0.628815 0.598051 0.703975 0.532301 0.923780 0.865265 0.603588 0.570041 0.471019 0.448255 0.920780 0.927256 0.854282 0.830626 0.990946 0.940390 0.817420 0.853532 0.717252 0.664851 0.825408 0.686854 0.427869 0.420654 0.740233 0.990435 0.997264 0.947285 0.992004 0.811192 0.899449 0.823700 0.404462 0.394968 0.590095 0.563461 0.500623 0.451124 0.789957 0.608931 0.514857 0.458704 0.720177 0.876835 0.710879 0.566330 0.398045 0.400926 0.423357 0.330025 0.402433 0.462745 0.671796 0.615384 0.851229 0.572514 0.548560 0.469907 0.860210 0.661660 0.636878 0.689634 0.688144 0.729218 0.769622 0.953384 0.658408 0.720521 0.721704 0.747429 0.550629 0.725261 0.813324 0.772128 0.744844 0.678355 0.960618 0.998469 0.750172 0.533367 0.761274 0.872696 0.781215 0.981548 0.978009 0.783492 0.573774 0.915068 0.524849 0.555245 0.763415 0.727622 0.707687 0.795241 0.543423 0.494228 0.867340 0.725821 0.752613 0.680668 0.581606 0.735667 0.574755 0.840613 0.553644 0.900766
0.945241 0.720589 0.000000 0.284238 0.951710 0.835519 0.644863 0.785073 0.940018 0.789738 0.690241 0.859063 0.934600 0.957509 0.984708 0.901619 0.744637 0.771988 0.797385 0.635632 0.483084 0.781710 0.372837 0.425051 0.400722 0.329953 0.889507 0.790667 0.669436 0.744704 0.446066 0.590772 0.572687 0.659611 0.498019 0.716023 0.500300 0.727583 0.653152 0.631139 0.754565 0.968736 0.522057 0.686916 0.943468 0.868288 0.636575 0.672662 0.587511 0.923547 0.966602 0.980478 0.967818 0.969243 0.839844 0.991456 0.955750 0.994129 0.972332 0.800504 0.871036 0.852374 0.611755 0.657108 0.278120 0.325495 0.400436 0.423935 0.776826 0.792355 0.414347 0.467502 0.639227 0.703203 0.824805 0.839749 0.808260 0.594165 0.781931 0.697392 0.874385 0.944221 0.940527 0.834318 0.586025 0.500368 0.897378 0.764159 0.739703 0.868565 0.701675 0.826252 0.633516 0.717220 0.863890 0.743289 0.793979 0.981384 0.912489 0.854053 0.846600 0.893932 0.980524 0.888599 0.745349 0.614097 0.783258 0.883306 0.916972 0.913926 0.726266 0.925928 0.951479 0.873284 0.806275 0.815346
0.825798 0.578499 0.284238 0.000000 0.932629 0.704682 0.492230 0.555011 0.881930 0.949742 0.848524 0.862748 0.986275 0.787999 0.924060 0.806660 0.890975 0.896191 0.649757 0.465522 0.502614 0.846981 0.420358 0.394852 0.527999 0.415275 0.969450 0.890509 0.780195 0.902510 0.455079 0.556380 0.511908 0.510955 0.552923 0.723036 0.641088 0.697853 0.693056 0.738359 0.767632 0.872780 0.454095 0.614482 0.926975 0.987853 0.470011 0.554448 0.655597 0.999559 0.812745 0.858174 0.925076 0.873919 0.824967 0.889195 0.900486 0.953920 0.855059 0.680303 0.733219 0.588829 0.764463 0.839112 0.428050 0.221266 0.326416 0.316297 0.861295 0.771999 0.375638 0.425656 0.536170 0.662259 0.701178 0.723866 0.683266 0.535004 0.784190 0.680634 0.947550 0.891167 0.905621 0.875861 0.654523 0.513067 0.857436 0.859755 0.769006 0.806508 0.583572 0.815065 0.558564 0.742386 0.841834 0.629899 0.622978 0.886095 0.740677 0.741825 0.678043 0.822352 0.925456 0.959268 0.592201 0.601120 0.815911 0.850119 0.769084 0.814697 0.658857 0.840026 0.876416 0.898289 0.689444 0.842333
0.844805 0.945845 0.951710 0.932629 0.000000 0.979910 0.939811 0.956487 0.728550 0.776599 0.807823 0.838594 0.544927 0.801161 0.648661 0.572944 0.815579 0.788177 0.777828 0.981112 0.893168 0.884994 0.827520 0.980515 0.881679 0.842305 0.870969 0.981929 0.730130 0.742437 0.824474 0.844554 0.889817 0.960669 0.985514 0.751482 0.933115 0.853660 0.913500 0.664676 0.838554 0.947064 0.984649 0.999712 0.903148 0.883328 0.997887 0.990188 0.653856 0.962038 0.929547 0.961022 0.989830 0.803025 0.785527 0.982520 0.958683 0.800950 0.916248 0.993386 0.772192 0.953508 0.713068 0.736678 0.856922 0.931531 0.853495 0.847004 0.955393 0.932426 0.953211 0.707142 0.783696 0.854160 0.986336 0.876776 0.930259 0.946311 0.905398 0.871251 0.799937 0.791232 0.930235 0.705055 0.717807 0.983053 0.836464 0.945228 0.743671 0.867292 0.865451 0.947146 0.820677 0.991257 0.947055 0.919402 0.817766 0.811116 0.997015 0.924893 0.831777 0.942037 0.984698 0.931290 0.849727 0.986371 0.943195 0.819100 0.971740 0.762049 0.946083 0.893714 0.765713 0.890379 0.768346 0.965432
0.558186 0.632720 0.835519 0.704682 0.979910 0.000000 0.418188 0.402064 0.550557 0.499431 0.620947 0.555650 0.746322 0.691267 0.966024 0.837943 0.783421 0.748607 0.681195 0.608828 0.904148 0.872679 0.999023 0.873497 0.793587 0.943561 0.512446 0.954904 0.694154 0.763008 0.925729 0.998996 0.563757 0.528610 0.771275 0.901405 0.883800 0.931606 0.835600 0.982220 0.829989 0.967851 0.680354 0.654372 0.669754 0.708272 0.695979 0.689658 0.897343 0.778760 0.663768 0.646997 0.711848 0.722692 0.807817 0.752159 0.851667 0.805868 0.577833 0.450654 0.458611 0.425000 0.728887 0.658287 0.945180 0.679069 0.587743 0.550308 0.927488 0.628690 0.653625 0.703585 0.783936 0.860340 0.845661 0.811280 0.701081 0.766832 0.983527 0.933031 0.868096 0.915459 0.854265 0.978261 0.925468 0.910100 0.951003 0.871312 0.880911 0.960310 0.521319 0.591275 0.530163 0.631990 0.989143 0.716350 0.674719 0.668751 0.453951 0.534509 0.523489 0.590601 0.734030 0.644902 0.626025 0.685997 0.757157 0.755437 0.778876 0.759645 0.580732 0.632117 0.593053 0.872781 0.556904 0.923689
0.483779 0.421304 0.644863 0.492230 0.939811 0.418188 0.000000 0.208985 0.445106 0.476599 0.606791 0.437978 0.682787 0.532236 0.971997 0.820845 0.736687 0.720938 0.521731 0.412360 0.956042 0.930408 0.835079 0.947422 0.847944 0.960395 0.500530 0.803263 0.650816 0.636397 0.791924 0.800802 0.455416 0.303625 0.629795 0.983663 0.915755 0.931933 0.998693 0.937929 0.810140 0.973218 0.361757 0.375496 0.458561 0.504718 0.582703 0.502906 0.845795 0.583650 0.454449 0.418375 0.470195 0.513360 0.755634 0.749554 0.719720 0.689264 0.460760 0.371106 0.314216 0.290049 0.684315 0.578152 0.915117 0.488783 0.324977 0.306053 0.917861 0.714037 0.436403 0.542984 0.629622 0.732763 0.806376 0.773693 0.472307 0.659985 0.881967 0.851411 0.819479 0.949269 0.925909 0.912233 0.973852 0.995724 0.989307 0.719247 0.856436 0.900975 0.343919 0.462205 0.406292 0.556062 0.893223 0.702293 0.478523 0.733570 0.282513 0.353636 0.403886 0.461260 0.546124 0.667871 0.421324 0.437037 0.670543 0.666944 0.637699 0.654180 0.484772 0.552352 0.471087 0.736991 0.487043 0.861146
0.504751 0.477563 0.785073 0.555011 0.956487 0.402064 0.208985 0.000000 0.453430 0.389802 0.562219 0.329836 0.674942 0.449544 0.957434 0.812831 0.749716 0.715199 0.585631 0.431020 0.995615 0.964954 0.930144 0.998116 0.759598 0.971256 0.458138 0.737422 0.592932 0.600330 0.825244 0.804624 0.525537 0.358300 0.736240 0.938128 0.801155 0.936117 0.887499 0.990240 0.859806 0.973268 0.441828 0.472250 0.499652 0.528784 0.613887 0.576287 0.845988 0.640804 0.497286 0.448006 0.523809 0.505031 0.830628 0.721764 0.798644 0.777687 0.508427 0.423539 0.322923 0.197594 0.653066 0.514119 0.947627 0.508575 0.403659 0.380958 0.865077 0.738741 0.537009 0.594280 0.638841 0.731902 0.836371 0.736196 0.506622 0.731811 0.932564 0.945345 0.832202 0.947650 0.889739 0.894934 0.894793 0.932050 0.975819 0.761180 0.877089 0.903145 0.351294 0.533862 0.439468 0.595051 0.872726 0.710576 0.516062 0.696898 0.296651 0.375650 0.374615 0.485844 0.605021 0.718288 0.444974 0.531017 0.686997 0.722138 0.644689 0.675826 0.496330 0.548375 0.457123 0.821808 0.501263 0.911798
0.682710 0.827683 0.940018 0.881930 0.728550 0.550557 0.445106 0.453430 0.000000 0.396445 0.503372 0.512738 0.617664 0.677594 0.880246 0.793885 0.830927 0.799663 0.804125 0.743252 0.848331 0.987294 0.982778 0.751120 0.620928 0.788399 0.563020 0.724180 0.572437 0.686431 0.906605 0.880840 0.769589 0.591616 0.843283 0.906791 0.815259 0.767861 0.875581 0.949247 0.837612 0.971961 0.771408 0.733789 0.656547 0.710440 0.986696 0.955466 0.776611 0.858140 0.802787 0.775384 0.629182 0.716440 0.781094 0.976215 0.997500 0.869778 0.654155 0.693990 0.478776 0.479423 0.662207 0.592429 0.916353 0.829938 0.673052 0.712270 0.882399 0.740390 0.706074 0.833069 0.934181 0.996112 0.889529 0.791377 0.723575 0.975624 0.867096 0.958415 0.920136 0.980440 0.828258 0.996647 0.882085 0.759138 0.995896 0.801687 0.789252 0.869783 0.538843 0.451333 0.586797 0.519438 0.906484 0.923123 0.806073 0.796172 0.466313 0.536459 0.579141 0.614606 0.681261 0.825479 0.700311 0.714035 0.782529 0.739320 0.762374 0.873255 0.688077 0.703465 0.611755 0.860111 0.722791 0.996666
0.563074 0.790437 0.789738 0.949742 0.776599 0.499431 0.476599 0.389802 0.396445 0.000000 0.331227 0.299712 0.527430 0.530572 0.857344 0.776982 0.582984 0.532662 0.679316 0.695110 0.658763 0.900266 0.710485 0.537854 0.386940 0.540431 0.442585 0.695210 0.342950 0.420351 0.725014 0.802777 0.833957 0.620737 0.961772 0.693658 0.561698 0.734978 0.698171 0.934297 0.915918 0.992031 0.856489 0.740320 0.524319 0.516011 0.890082 0.871515 0.549234 0.678492 0.668133 0.595910 0.600436 0.633767 0.905818 0.782352 0.908670 0.822492 0.543579 0.641319 0.439157 0.397161 0.400158 0.310226 0.613071 0.988155 0.825826 0.854011 0.779892 0.896358 0.848229 0.978845 0.979854 0.994769 0.978159 0.869750 0.678431 0.987319 0.847111 0.929944 0.691279 0.875724 0.847418 0.926328 0.701691 0.561199 0.886559 0.814175 0.939586 0.925356 0.566027 0.538105 0.693421 0.655005 0.991991 0.875955 0.775548 0.789987 0.388578 0.493171 0.541147 0.573604 0.572003 0.701399 0.706724 0.804125 0.844240 0.882581 0.789477 0.815842 0.677050 0.666742 0.429095 0.895790 0.742106 0.951912
0.419677 0.628815 0.690241 0.848524 0.807823 0.620947 0.606791 0.562219 0.503372 0.331227 0.000000 0.347552 0.440680 0.495524 0.745499 0.821522 0.421838 0.411213 0.640660 0.727689 0.604927 0.809267 0.617931 0.502978 0.372409 0.465598 0.624877 0.643377 0.334380 0.419552 0.586928 0.738657 0.853246 0.682001 0.860248 0.675112 0.594019 0.742533 0.747021 0.997015 0.901942 0.830570 0.913302 0.769839 0.636612 0.588134 0.832259 0.896920 0.495642 0.715269 0.705045 0.637065 0.773172 0.892800 0.819615 0.755402 0.667112 0.567865 0.423764 0.564966 0.426695 0.499008 0.312481 0.283247 0.621852 0.901239 0.994267 0.957702 0.908919 0.845798 0.977795 0.867176 0.910522 0.896225 0.893668 0.979141 0.739171 0.901328 0.623815 0.979842 0.494331 0.729663 0.978564 0.713763 0.889370 0.719929 0.922539 0.988824 0.878206 0.896050 0.823486 0.688983 0.928086 0.864362 0.989547 0.911953 0.847314 0.887089 0.485888 0.561980 0.757419 0.723235 0.637816 0.705415 0.777095 0.765887 0.949028 0.842596 0.738841 0.771590 0.729116 0.765760 0.503303 0.952250 0.747125 0.853041
0.428510 0.598051 0.859063 0.862748 0.838594 0.555650 0.437978 0.329836 0.512738 0.299712 0.347552 0.000000 0.428844 0.301913 0.797289 0.674947 0.567280 0.506706 0.550372 0.571660 0.771685 0.807559 0.868804 0.787178 0.500210 0.617040 0.559900 0.652156 0.371986 0.400950 0.773553 0.913346 0.710161 0.523819 0.954326 0.771078 0.567210 0.776426 0.764006 0.944634 0.892739 0.938022 0.757899 0.710033 0.594337 0.584014 0.659157 0.740141 0.654767 0.716024 0.659707 0.556760 0.694493 0.725792 0.893682 0.705234 0.732581 0.717797 0.438004 0.527928 0.331561 0.269177 0.372647 0.299663 0.746864 0.787446 0.787995 0.729609 0.743603 0.865700 0.840713 0.953979 0.879989 0.959366 0.860877 0.877500 0.571328 0.885004 0.754685 0.976033 0.629817 0.792606 0.972163 0.808806 0.942186 0.845580 0.899143 0.943824 0.879612 0.892694 0.661504 0.676341 0.789237 0.807436 0.962411 0.749062 0.724137 0.787355 0.401833 0.475579 0.571326 0.651040 0.647349 0.712645 0.610881 0.675016 0.902125 0.889151 0.758240 0.775185 0.698967 0.630567 0.477421 0.973636 0.712772 0.970519
0.438397 0.703975 0.934600 0.986275 0.544927 0.746322 0.682787 0.674942 0.617664 0.527430 0.440680 0.428844 0.000000 0.428676 0.436066 0.486480 0.585913 0.572922 0.571940 0.800337 0.753132 0.820511 0.949190 0.803708 0.553398 0.613278 0.833238 0.837735 0.475251 0.516026 0.636111 0.704591 0.811689 0.784697 0.852918 0.658029 0.789128 0.688189 0.755489 0.858838 0.767871 0.951241 0.857523 0.876304 0.796888 0.750071 0.757001 0.804851 0.610324 0.867788 0.914794 0.802551 0.936944 0.894249 0.837865 0.880202 0.686023 0.611284 0.471455 0.664923 0.414574 0.600327 0.415908 0.427913 0.994948 0.947852 0.958440 0.985751 0.817403 0.826815 0.980808 0.794082 0.823639 0.755384 0.876810 0.916540 0.701978 0.971447 0.777502 0.891062 0.643415 0.774920 0.934534 0.737891 0.801355 0.923258 0.897423 0.856187 0.845020 0.875322 0.958535 0.752859 0.911543 0.928194 0.976464 0.803375 0.971171 0.960521 0.626767 0.577468 0.951174 0.797726 0.821579 0.801801 0.857680 0.677447 0.971896 0.988268 0.854515 0.941250 0.726373 0.752073 0.587429 0.908176 0.861904 0.955079
0.483739 0.532301 0.957509 0.787999 0.801161 0.691267 0.532236 0.449544 0.677594 0.530572 0.495524 0.301913 0.428676 0.000000 0.753684 0.529625 0.582460 0.535338 0.456786 0.584923 0.882432 0.843657 0.890917 0.954149 0.672278 0.748510 0.657079 0.809919 0.458582 0.377137 0.979059 0.880473 0.601715 0.548701 0.974392 0.787455 0.823090 0.888900 0.823704 0.964523 0.864494 0.882444 0.630313 0.620134 0.553184 0.539014 0.555533 0.636365 0.650443 0.640440 0.574765 0.507440 0.701347 0.764113 0.730396 0.682787 0.644612 0.671015 0.471444 0.548152 0.386472 0.379046 0.466367 0.396502 0.869979 0.752105 0.823292 0.719951 0.707843 0.861738 0.911386 0.930178 0.764188 0.864457 0.838084 0.838756 0.627918 0.741177 0.744810 0.813654 0.664336 0.758082 0.758438 0.721491 0.896173 0.932135 0.831741 0.929430 0.902622 0.713190 0.882477 0.937991 0.972550 0.937338 0.969804 0.793265 0.776634 0.975056 0.566690 0.587247 0.714017 0.831261 0.803781 0.840693 0.674687 0.756991 0.998264 0.995244 0.729924 0.772466 0.762597 0.745503 0.626097 0.974162 0.746094 0.935714
0.700100 0.923780 0.984708 0.924060 0.648661 0.966024 0.971997 0.957434 0.880246 0.857344 0.745499 0.797289 0.436066 0.753684 0.000000 0.562751 0.787656 0.757022 0.725958 0.960895 0.900946 0.956426 0.791168 0.957683 0.846844 0.839067 0.855050 0.921787 0.728713 0.805068 0.761062 0.776894 0.863827 0.976070 0.922626 0.838254 0.990931 0.766931 0.798373 0.783633 0.888078 0.838647 0.937447 0.872854 0.937398 0.953408 0.893863 0.932761 0.834154 0.885372 0.825225 0.886081 0.848161 0.679416 0.837988 0.934198 0.789937 0.747590 0.718374 0.889808 0.726828 0.928694 0.740850 0.770527 0.811256 0.985053 0.833265 0.836622 0.940271 0.727798 0.973914 0.777419 0.782910 0.804092 0.853534 0.989530 0.988378 0.853246 0.958291 0.889319 0.814760 0.780603 0.740319 0.741635 0.617080 0.896226 0.709399 0.938890 0.770350 0.830540 0.833449 0.978510 0.700939 0.921082 0.972558 0.780192 0.868610 0.833710 0.960364 0.919148 0.761109 0.998498 0.847976 0.961628 0.920074 0.866362 0.937644 0.844957 0.913441 0.893861 0.918470 0.951637 0.794786 0.883807 0.996470 0.977020
0.809496 0.865265 0.901619 0.806660 0.572944 0.837943 0.820845 0.812831 0.793885 0.776982 0.821522 0.674947 0.486480 0.529625 0.562751 0.000000 0.898068 0.832074 0.620676 0.832107 0.968430 0.868506 0.578625 0.783608 0.899289 0.903711 0.996938 0.962252 0.765247 0.734501 0.968821 0.968612 0.729006 0.845041 0.982068 0.827168 0.907346 0.899310 0.931569 0.774098 0.875082 0.761996 0.830558 0.876103 0.859910 0.874340 0.674681 0.784181 0.767221 0.959590 0.968071 0.890134 0.999627 0.925184 0.800182 0.986424 0.926750 0.919076 0.793074 0.875638 0.683851 0.768017 0.780004 0.750288 0.784955 0.825666 0.968647 0.948204 0.773029 0.859575 0.954244 0.977883 0.978348 0.870984 0.816002 0.884876 0.877695 0.775356 0.937080 0.880378 0.974427 0.857390 0.815600 0.843298 0.694563 0.868061 0.854190 0.950692 0.847964 0.900620 0.997354 0.940435 0.884549 0.994854 0.872185 0.853490 0.965190 0.948386 0.899360 0.770069 0.957421 0.971514 0.959612 0.963335 0.899829 0.908439 0.913910 0.866768 0.883115 0.864127 0.904583 0.814278 0.763353 0.941682 0.983924 0.904729
0.461917 0.603588 0.744637 0.890975 0.815579 0.783421 0.736687 0.749716 0.830927 0.582984 0.421838 0.567280 0.585913 0.582460 0.787656 0.898068 0.000000 0.315491 0.568117 0.714336 0.698493 0.933034 0.708396 0.715964 0.565529 0.567434 0.791074 0.906992 0.452240 0.408360 0.707344 0.843302 0.826528 0.759950 0.924025 0.765968 0.755633 0.808904 0.805878 0.938995 0.964887 0.840593 0.880277 0.718830 0.608590 0.545956 0.744005 0.761253 0.452562 0.557989 0.641895 0.613802 0.786580 0.957863 0.688155 0.600022 0.470191 0.439589 0.492283 0.623846 0.586222 0.722654 0.337243 0.352376 0.706584 0.820282 0.948662 0.975045 0.987196 0.840074 0.973079 0.769234 0.941001 0.985815 0.908261 0.992272 0.877237 0.958184 0.630242 0.775725 0.350290 0.542760 0.764392 0.572576 0.970951 0.888191 0.887979 0.910000 0.929861 0.653410 0.974426 0.990319 0.845839 0.855327 0.958355 0.958074 0.754316 0.947025 0.619912 0.758655 0.937284 0.839760 0.782039 0.702393 0.906819 0.878308 0.908903 0.996109 0.756683 0.809772 0.737836 0.857077 0.652621 0.950084 0.881199 0.926367
0.458972 0.570041 0.771988 0.896191 0.788177 0.748607 0.720938 0.715199 0.799663 0.532662 0.411213 0.506706 0.572922 0.535338 0.757022 0.832074 0.315491 0.000000 0.545717 0.675126 0.749722 0.936246 0.689208 0.715443 0.580919 0.573954 0.791919 0.872564 0.363338 0.356295 0.715992 0.938020 0.756155 0.700678 0.848666 0.686267 0.723574 0.811180 0.809576 0.961758 0.870513 0.842664 0.848909 0.679238 0.589251 0.507713 0.707121 0.768236 0.439920 0.520921 0.600815 0.577348 0.791575 0.940889 0.646083 0.528331 0.471914 0.409163 0.476647 0.636204 0.568744 0.675840 0.314084 0.306714 0.672830 0.830278 0.940459 0.968720 0.979928 0.850801 0.934586 0.789984 0.995784 0.997782 0.987269 0.997282 0.849850 0.978635 0.557793 0.769292 0.315244 0.428260 0.785323 0.452819 0.955025 0.921400 0.898461 0.887697 0.845629 0.687563 0.940784 0.971697 0.860374 0.853622 0.888978 0.809890 0.766123 0.985345 0.584449 0.725290 0.921986 0.808027 0.699646 0.607587 0.804487 0.855158 0.995441 0.999929 0.868321 0.828896 0.801711 0.815272 0.533435 0.895429 0.851006 0.925474
0.472274 0.471019 0.797385 0.649757 0.777828 0.681195 0.521731 0.585631 0.804125 0.679316 0.640660 0.550372 0.571940 0.456786 0.725958 0.620676 0.568117 0.545717 0.000000 0.510044 0.948211 0.983535 0.791164 0.875009 0.855144 0.886884 0.805454 0.974219 0.670370 0.637646 0.986717 0.909804 0.508759 0.497974 0.799147 0.904462 0.976846 0.863021 0.960753 0.857437 0.900731 0.914227 0.636695 0.626663 0.569360 0.570077 0.527269 0.530716 0.685896 0.631508 0.592974 0.586633 0.703598 0.824274 0.686761 0.642351 0.571038 0.500813 0.439110 0.444607 0.450800 0.582658 0.550191 0.566346 0.872706 0.738493 0.712696 0.638425 0.949989 0.870166 0.659562 0.847049 0.862015 0.879582 0.847972 0.854430 0.749425 0.714616 0.855216 0.723651 0.642409 0.713231 0.800645 0.752280 0.785396 0.885153 0.940582 0.996795 0.787971 0.692056 0.819439 0.826335 0.930069 0.927191 0.968751 0.738128 0.665357 0.972539 0.552591 0.597180 0.776970 0.808913 0.727826 0.756515 0.810392 0.643996 0.917624 0.929666 0.653840 0.738730 0.688327 0.743690 0.593072 0.912136 0.815215 0.951238
0.565252 0.448255 0.635632 0.465522 0.981112 0.608828 0.412360 0.431020 0.743252 0.695110 0.727689 0.571660 0.800337 0.584923 0.960895 0.832107 0.714336 0.675126 0.510044 0.000000 0.834136 0.927694 0.778250 0.755901 0.952212 0.855314 0.781268 0.940495 0.734034 0.723512 0.766233 0.673031 0.488014 0.437581 0.658347 0.861847 0.941063 0.932371 0.933492 0.886938 0.746898 0.900932 0.471397 0.506018 0.655836 0.670119 0.503204 0.442363 0.940045 0.667305 0.604243 0.607706 0.738468 0.737407 0.615967 0.605882 0.673345 0.701423 0.611934 0.497126 0.517429 0.445227 0.737903 0.701542 0.816175 0.502905 0.484465 0.417703 0.918544 0.658829 0.566853 0.622137 0.629824 0.691189 0.680432 0.789595 0.632317 0.744602 0.872621 0.817883 0.660657 0.691991 0.819128 0.898289 0.783708 0.757352 0.958917 0.937093 0.842113 0.642492 0.612017 0.816893 0.653314 0.847993 0.918014 0.698068 0.535803 0.813792 0.524458 0.587844 0.701214 0.696823 0.639610 0.886954 0.524310 0.636164 0.786096 0.869569 0.749294 0.685260 0.596997 0.855070 0.600747 0.768576 0.657999 0.973347
0.791451 0.920780 0.483084 0.502614 0.893168 0.904148 0.956042 0.995615 0.848331 0.658763 0.604927 0.771685 0.753132 0.882432 0.900946 0.968430 0.698493 0.749722 0.948211 0.834136 0.000000 0.744912 0.478436 0.461446 0.398078 0.405893 0.732957 0.794841 0.661583 0.779442 0.489744 0.622651 0.794682 0.826196 0.716456 0.693825 0.665698 0.787868 0.772495 0.787442 0.754169 0.675648 0.738266 0.900172 0.828321 0.745762 0.851215 0.873085 0.605150 0.838001 0.934241 0.829905 0.879952 0.919264 0.948507 0.960611 0.890719 0.816703 0.788221 0.904037 0.837852 0.975658 0.519157 0.590885 0.486678 0.551402 0.680011 0.701667 0.871294 0.822333 0.678418 0.650813 0.697051 0.750254 0.785177 0.804624 0.997694 0.827984 0.707557 0.837820 0.760150 0.942252 0.735196 0.906838 0.670881 0.554160 0.675456 0.952438 0.916529 0.892344 0.906485 0.848906 0.880402 0.962379 0.804026 0.801877 0.930934 0.893588 0.867190 0.884885 0.938728 0.965011 0.667890 0.727112 0.807329 0.912399 0.915947 0.927752 0.886693 0.922512 0.997720 0.922284 0.912604 0.976578 0.881009 0.992976
0.926560 0.927256 0.781710 0.846981 0.884994 0.872679 0.930408 0.964954 0.987294 0.900266 0.809267 0.807559 0.820511 0.843657 0.956426 0.868506 0.933034 0.936246 0.983535 0.927694 0.744912 0.000000 0.851645 0.861831 0.827513 0.853746 0.945426 0.796420 0.907156 0.849866 0.821688 0.940433 0.932052 0.978186 0.822307 0.951616 0.835208 0.933430 0.934605 0.847690 0.796213 0.943737 0.851119 0.863432 0.930481 0.984190 0.946952 0.818594 0.927041 0.920571 0.966395 0.979235 0.836562 0.857850 0.955788 0.886118 0.968134 0.952549 0.865126 0.959309 0.906505 0.933064 0.785134 0.857057 0.884926 0.937400 0.779563 0.880926 0.835896 0.867859 0.863871 0.788787 0.983718 0.861990 0.864064 0.786494 0.995287 0.871266 0.996204 0.967119 0.844257 0.958407 0.963980 0.934736 0.980937 0.933947 0.998273 0.939291 0.973720 0.843996 0.810506 0.925361 0.808282 0.835364 0.902543 0.906145 0.831854 0.954380 0.930664 0.981514 0.931153 0.911785 0.964737 0.920691 0.888305 0.869727 0.854768 0.919909 0.972596 0.980341 0.931997 0.937808 0.949335 0.742663 0.817934 0.996948
0.923584 0.854282 0.372837 0.420358 0.827520 0.999023 0.835079 0.930144 0.982778 0.710485 0.617931 0.868804 0.949190 0.890917 0.791168 0.578625 0.708396 0.689208 0.791164 0.778250 0.478436 0.851645 0.000000 0.296035 0.451760 0.446010 0.768403 0.746013 0.707310 0.800765 0.467200 0.600385 0.581404 0.785322 0.606035 0.783706 0.501976 0.775380 0.728776 0.687666 0.843284 0.798821 0.611214 0.814824 0.964639 0.886544 0.676222 0.689856 0.727453 0.892565 0.965174 0.945686 0.960184 0.911739 0.782378 0.971241 0.958042 0.913847 0.929681 0.958252 0.907756 0.943598 0.644833 0.676363 0.297300 0.452740 0.632626 0.631144 0.997970 0.805293 0.652988 0.649524 0.702957 0.767220 0.708760 0.817486 0.926919 0.588952 0.761565 0.729462 0.764406 0.991043 0.783961 0.901590 0.481405 0.452405 0.700293 0.989719 0.826545 0.826690 0.932693 0.946154 0.923472 0.963336 0.809768 0.776003 0.971496 0.896402 0.918059 0.945292 0.929768 0.927972 0.812971 0.731176 0.866481 0.754810 0.967607 0.933173 0.981198 0.952263 0.889426 0.966887 0.936797 0.915656 0.946397 0.928265
0.837144 0.830626 0.425051 0.394852 0.980515 0.873497 0.947422 0.998116 0.751120 0.537854 0.502978 0.787178 0.803708 0.954149 0.957683 0.783608 0.715964 0.715443 0.875009 0.755901 0.461446 0.861831 0.296035 0.000000 0.331983 0.384214 0.681163 0.728795 0.547407 0.727911 0.408375 0.452293 0.674657 0.859619 0.621154 0.667632 0.544980 0.661887 0.662955 0.755493 0.857933 0.834616 0.645923 0.836451 0.865777 0.803407 0.679614 0.710937 0.595831 0.879375 0.987676 0.921514 0.892888 0.906603 0.854131 0.958553 0.983961 0.895747 0.802629 0.964588 0.909805 0.982916 0.561819 0.584436 0.394982 0.465163 0.678040 0.643272 0.906428 0.884190 0.761344 0.672764 0.676410 0.742353 0.771656 0.838720 0.991462 0.662553 0.805608 0.687067 0.785605 0.948215 0.747870 0.922613 0.536950 0.373017 0.752259 0.897957 0.914609 0.712152 0.965279 0.767645 0.997160 0.858934 0.867867 0.867578 0.861549 0.958934 0.780291 0.912534 0.875833 0.820813 0.756023 0.712963 0.933252 0.874104 0.922890 0.934136 0.989275 0.911189 0.971527 0.881565 0.787759 0.989910 0.992638 0.986124
0.636010 0.990946 0.400722 0.527999 0.881679 0.793587 0.847944 0.759598 0.620928 0.386940 0.372409 0.500210 0.553398 0.672278 0.846844 0.899289 0.565529 0.580919 0.855144 0.952212 0.398078 0.827513 0.451760 0.331983 0.000000 0.242692 0.554692 0.681396 0.408719 0.557630 0.394425 0.532360 0.815259 0.993624 0.682973 0.603860 0.434373 0.539020 0.541758 0.683330 0.801245 0.918412 0.845835 0.993162 0.680275 0.608670 0.858981 0.938531 0.472885 0.736281 0.808659 0.696217 0.686175 0.753906 0.940686 0.942540 0.893891 0.793261 0.625552 0.770750 0.656290 0.741911 0.362396 0.362570 0.372598 0.582514 0.777867 0.755635 0.760164 0.932777 0.741717 0.696833 0.695755 0.706608 0.849777 0.929284 0.879282 0.744416 0.681407 0.737296 0.783320 0.941271 0.777763 0.920482 0.546464 0.362448 0.839255 0.926002 0.915357 0.826179 0.859181 0.688765 0.981381 0.845377 0.944207 0.883619 0.948135 0.845087 0.614501 0.661753 0.783491 0.713232 0.698419 0.666928 0.947200 0.987840 0.979943 0.873116 0.813519 0.890842 0.855686 0.727076 0.651047 0.997020 0.925674 0.951892
0.732130 0.940390 0.329953 0.415275 0.842305 0.943561 0.960395 0.971256 0.788399 0.540431 0.465598 0.617040 0.613278 0.748510 0.839067 0.903711 0.567434 0.573954 0.886884 0.855314 0.405893 0.853746 0.446010 0.384214 0.242692 0.000000 0.764294 0.754787 0.476009 0.571987 0.317409 0.485974 0.741276 0.890026 0.654474 0.572371 0.430907 0.538861 0.555367 0.710171 0.743326 0.905887 0.701606 0.900784 0.756541 0.688812 0.782093 0.898590 0.459251 0.750706 0.913805 0.791040 0.806509 0.882919 0.953057 0.913611 0.838112 0.766116 0.709278 0.896414 0.814823 0.947229 0.356716 0.413947 0.371475 0.442716 0.599400 0.604312 0.847507 0.911610 0.575774 0.536560 0.597081 0.631466 0.874004 0.828676 0.972153 0.736926 0.610154 0.740524 0.750204 0.992584 0.895399 0.800656 0.624048 0.438195 0.807211 0.986459 0.865853 0.906449 0.887440 0.903928 0.771126 0.933371 0.923194 0.833465 0.972816 0.970404 0.811878 0.859715 0.987906 0.900454 0.805693 0.693937 0.905657 0.883643 0.831457 0.978146 0.961624 0.991118 0.956331 0.876827 0.799968 0.916381 0.957248 0.888158
0.685694 0.817420 0.889507 0.969450 0.870969 0.512446 0.500530 0.458138 0.563020 0.442585 0.624877 0.559900 0.833238 0.657079 0.855050 0.996938 0.791074 0.791919 0.805454 0.781268 0.732957 0.945426 0.768403 0.681163 0.554692 0.764294 0.000000 0.749911 0.618753 0.642893 0.992179 0.977020 0.827737 0.606326 0.966920 0.911484 0.675323 0.860916 0.764617 0.637126 0.999297 0.964828 0.723609 0.610581 0.488669 0.521751 0.882598 0.837807 0.777218 0.653648 0.543644 0.502220 0.495175 0.452796 0.906142 0.846812 0.990955 0.923216 0.621773 0.582830 0.530568 0.507277 0.681347 0.581899 0.612787 0.935005 0.698780 0.657356 0.715627 0.919542 0.804709 0.786833 0.798289 0.897608 0.905293 0.782281 0.628127 0.899818 0.915150 0.983081 0.976960 0.879873 0.805924 0.849514 0.526197 0.565193 0.880732 0.854725 0.943588 0.865232 0.507286 0.582146 0.585457 0.661786 0.878020 0.995770 0.688056 0.691531 0.474298 0.564092 0.401229 0.553789 0.588794 0.693296 0.758553 0.867665 0.769012 0.624217 0.712413 0.790837 0.735792 0.640995 0.668385 0.735464 0.694439 0.983297
0.784409 0.853532 0.790667 0.890509 0.981929 0.954904 0.803263 0.737422 0.724180 0.695210 0.643377 0.652156 0.837735 0.809919 0.921787 0.962252 0.906992 0.872564 0.974219 0.940495 0.794841 0.796420 0.746013 0.728795 0.681396 0.754787 0.749911 0.000000 0.757340 0.774225 0.812833 0.923838 0.969586 0.830122 0.945848 0.977263 0.695307 0.949996 0.920519 0.799029 0.866890 0.909072 0.992658 0.878104 0.781617 0.791939 0.991516 0.918169 0.760753 0.853998 0.809847 0.741286 0.774479 0.777878 0.911563 0.897426 0.971738 0.924197 0.795247 0.871621 0.739181 0.730526 0.725598 0.649732 0.731225 0.941940 0.945862 0.965107 0.766086 0.846306 0.974605 0.858891 0.968437 0.927353 0.970642 0.976654 0.763178 0.964043 0.691499 0.739823 0.882021 0.900095 0.856037 0.998304 0.788876 0.768017 0.938206 0.956031 0.887717 0.824252 0.788390 0.681489 0.826654 0.800221 0.919461 0.996110 0.950327 0.823699 0.698040 0.775828 0.701875 0.817999 0.765829 0.861553 0.833659 0.775186 0.979610 0.718455 0.870055 0.865194 0.848205 0.798156 0.781049 0.970689 0.829752 0.959948
0.527819 0.717252 0.669436 0.780195 0.730130 0.694154 0.650816 0.592932 0.572437 0.342950 0.334380 0.371986 0.475251 0.458582 0.728713 0.765247 0.452240 0.363338 0.670370 0.734034 0.661583 0.907156 0.707310 0.547407 0.408719 0.476009 0.618753 0.757340 0.000000 0.282710 0.675402 0.828316 0.792520 0.718702 0.838541 0.635655 0.606556 0.712185 0.734042 0.905542 0.903017 0.909689 0.865514 0.721621 0.487409 0.440093 0.849330 0.846026 0.379515 0.551027 0.618589 0.544524 0.660108 0.776023 0.765111 0.592760 0.707372 0.633710 0.527170 0.660120 0.467092 0.559766 0.284002 0.249880 0.589698 0.832566 0.944023 0.987885 0.751221 0.845595 0.943508 0.828363 0.951192 0.933812 0.939089 0.998115 0.710359 0.994018 0.632903 0.984423 0.528844 0.707398 0.852292 0.615352 0.900955 0.740759 0.983640 0.978814 0.932771 0.884846 0.894353 0.817870 0.973507 0.979681 0.961983 0.892005 0.914311 0.932398 0.513718 0.615484 0.801265 0.737569 0.644742 0.720234 0.746451 0.860693 0.889460 0.963281 0.891786 0.772635 0.881274 0.716463 0.503179 0.859351 0.788763 0.899832
0.597524 0.664851 0.744704 0.902510 0.742437 0.763008 0.636397 0.600330 0.686431 0.420351 0.419552 0.400950 0.516026 0.377137 0.805068 0.734501 0.408360 0.356295 0.637646 0.723512 0.779442 0.849866 0.800765 0.727911 0.557630 0.571987 0.642893 0.774225 0.282710 0.000000 0.819736 0.985041 0.771811 0.669764 0.825069 0.690119 0.715929 0.867791 0.806590 0.989958 0.877716 0.993417 0.775663 0.635212 0.454803 0.449383 0.762167 0.813428 0.407183 0.494805 0.544686 0.504201 0.636359 0.761577 0.714151 0.612040 0.656833 0.645291 0.542536 0.727865 0.523644 0.564870 0.327722 0.278484 0.629215 0.888642 0.994080 0.917504 0.702265 0.899096 0.976523 0.859138 0.842055 0.837332 0.935565 0.976221 0.687032 0.868247 0.691679 0.883821 0.479001 0.628107 0.689901 0.595272 0.935004 0.842228 0.969071 0.962609 0.970215 0.805176 0.966220 0.929795 0.913875 0.898069 0.939270 0.933561 0.846141 0.928668 0.580938 0.697768 0.789362 0.837895 0.696658 0.737988 0.762343 0.911818 0.979126 0.942232 0.920940 0.870804 0.899940 0.856253 0.570779 0.913187 0.862144 0.847645
0.779719 0.825408 0.446066 0.455079 0.824474 0.925729 0.791924 0.825244 0.906605 0.725014 0.586928 0.773553 0.636111 0.979059 0.761062 0.968821 0.707344 0.715992 0.986717 0.766233 0.489744 0.821688 0.467200 0.408375 0.394425 0.317409 0.992179 0.812833 0.675402 0.819736 0.000000 0.329444 0.579794 0.725062 0.617483 0.664371 0.535664 0.609689 0.706636 0.887638 0.698773 0.968709 0.507691 0.672081 0.894214 0.974523 0.751641 0.749450 0.668917 0.952147 0.764632 0.884109 0.897478 0.815248 0.762130 0.918543 0.907376 0.857381 0.806246 0.992668 0.985818 0.880391 0.540582 0.646888 0.603472 0.480899 0.521691 0.512370 0.948844 0.820317 0.617039 0.499476 0.419153 0.531765 0.870471 0.685839 0.979358 0.631455 0.715730 0.768920 0.779010 0.996856 0.780697 0.755530 0.799949 0.573800 0.883126 0.965168 0.958419 0.864536 0.816969 0.851854 0.748067 0.994431 0.926467 0.866899 0.802279 0.992335 0.975554 0.976618 0.838794 0.953903 0.902365 0.831946 0.837984 0.851001 0.800603 0.934527 0.959386 0.907717 0.899079 0.978245 0.870059 0.753747 0.834531 0.956955
0.918427 0.686854 0.590772 0.556380 0.844554 0.998996 0.800802 0.804624 0.880840 0.802777 0.738657 0.913346 0.704591 0.880473 0.776894 0.968612 0.843302 0.938020 0.909804 0.673031 0.622651 0.940433 0.600385 0.452293 0.532360 0.485974 0.977020 0.923838 0.828316 0.985041 0.329444 0.000000 0.593122 0.682683 0.704211 0.742509 0.713969 0.628461 0.740384 0.944787 0.824908 0.999139 0.490512 0.570922 0.837729 0.841154 0.646883 0.639096 0.809351 0.846227 0.653643 0.747390 0.859563 0.846674 0.749123 0.745311 0.964824 0.962449 0.943314 0.890564 0.946051 0.831687 0.707293 0.826873 0.728922 0.570102 0.608689 0.537025 0.982958 0.915692 0.709583 0.594939 0.427019 0.465179 0.905462 0.774776 0.923903 0.633984 0.897465 0.758328 0.951032 0.900587 0.773613 0.946472 0.842913 0.563349 0.912891 0.869502 0.943930 0.795945 0.918356 0.809153 0.850542 0.905259 0.919515 0.904097 0.744017 0.951578 0.972158 0.967385 0.858764 0.937001 0.990424 0.870896 0.746445 0.819281 0.888007 0.860598 0.983885 0.938566 0.913418 0.960859 0.962232 0.758122 0.862589 0.950234
0.596873 0.427869 0.572687 0.511908 0.889817 0.563757 0.455416 0.525537 0.769589 0.833957 0.853246 0.710161 0.811689 0.601715 0.863827 0.729006 0.826528 0.756155 0.508759 0.488014 0.794682 0.932052 0.581404 0.674657 0.815259 0.741276 0.827737 0.969586 0.792520 0.771811 0.579794 0.593122 0.000000 0.410459 0.519412 0.885836 0.838951 0.973223 0.893644 0.846099 0.745954 0.916184 0.406829 0.422121 0.569105 0.601746 0.499223 0.531429 0.887074 0.635750 0.548878 0.576996 0.730011 0.831473 0.516843 0.594278 0.622067 0.661144 0.599767 0.462988 0.466295 0.539513 0.847563 0.789901 0.694534 0.514654 0.478391 0.425101 0.971314 0.692482 0.578067 0.606511 0.570720 0.664252 0.726050 0.717041 0.718532 0.596808 0.885805 0.696780 0.750164 0.732092 0.760589 0.842074 0.630989 0.611324 0.877318 0.959675 0.792838 0.673101 0.738122 0.895666 0.730179 0.917588 0.972697 0.600027 0.666252 0.920784 0.587370 0.620635 0.723353 0.765519 0.799874 0.848552 0.598195 0.546440 0.814215 0.832760 0.828615 0.689324 0.710592 0.777664 0.632796 0.768970 0.566535 0.969093
0.527149 0.420654 0.659611 0.510955 0.960669 0.528610 0.303625 0.358300 0.591616 0.620737 0.682001 0.523819 0.784697 0.548701 0.976070 0.845041 0.759950 0.700678 0.497974 0.437581 0.826196 0.978186 0.785322 0.859619 0.993624 0.890026 0.606326 0.830122 0.718702 0.669764 0.725062 0.682683 0.410459 0.000000 0.624072 0.909923 0.924289 0.995386 0.981414 0.872787 0.866577 0.945048 0.416404 0.426398 0.521233 0.564125 0.551549 0.535039 0.860834 0.611065 0.506521 0.506321 0.584232 0.622857 0.676529 0.677660 0.715330 0.702014 0.512466 0.443426 0.409917 0.392340 0.747187 0.652163 0.873250 0.516044 0.399314 0.367866 0.969908 0.741567 0.450633 0.557802 0.609486 0.665598 0.818450 0.760889 0.548564 0.644593 0.844561 0.725778 0.762421 0.818418 0.895507 0.934126 0.903159 0.862537 0.864838 0.978362 0.845495 0.781182 0.545284 0.697322 0.537992 0.733522 0.868056 0.714724 0.590476 0.868339 0.421381 0.516343 0.512493 0.544869 0.677597 0.757977 0.539107 0.524950 0.645942 0.696510 0.742368 0.688650 0.615883 0.751820 0.546533 0.796110 0.566148 0.937463
0.896618 0.740233 0.498019 0.552923 0.985514 0.771275 0.629795 0.736240 0.843283 0.961772 0.860248 0.954326 0.852918 0.974392 0.922626 0.982068 0.924025 0.848666 0.799147 0.658347 0.716456 0.822307 0.606035 0.621154 0.682973 0.654474 0.966920 0.945848 0.838541 0.825069 0.617483 0.704211 0.519412 0.624072 0.000000 0.775262 0.826647 0.935836 0.807971 0.860392 0.674571 0.945325 0.602163 0.664915 0.852828 0.906753 0.859367 0.671981 0.792287 0.921243 0.867655 0.887022 0.803899 0.838392 0.787910 0.849291 0.874502 0.939286 0.919128 0.681710 0.826273 0.843992 0.813581 0.835442 0.595932 0.570451 0.456880 0.480695 0.812554 0.774445 0.525396 0.584634 0.774576 0.699498 0.882712 0.743345 0.748838 0.775885 0.879516 0.793783 0.908717 0.934561 0.998799 0.829493 0.793750 0.719028 0.879639 0.974370 0.950061 0.822766 0.623210 0.843627 0.622289 0.710606 0.798318 0.813863 0.798048 0.899705 0.840173 0.846948 0.849333 0.847296 0.929149 0.919658 0.844954 0.658637 0.959690 0.899303 0.857227 0.785248 0.814473 0.982401 0.919756 0.877728 0.687584 0.976417
0.782117 0.990435 0.716023 0.723036 0.751482 0.901405 0.983663 0.938128 0.906791 0.693658 0.675112 0.771078 0.658029 0.787455 0.838254 0.827168 0.765968 0.686267 0.904462 0.861847 0.693825 0.951616 0.783706 0.667632 0.603860 0.572371 0.911484 0.977263 0.635655 0.690119 0.664371 0.742509 0.885836 0.909923 0.775262 0.000000 0.773272 0.862593 0.769558 0.915247 0.876186 0.852101 0.913189 0.975557 0.858383 0.781295 0.938163 0.994908 0.652602 0.848263 0.934905 0.827691 0.963942 0.995763 0.943761 0.932783 0.863727 0.834862 0.734370 0.883140 0.828633 0.950599 0.650043 0.623126 0.740600 0.747873 0.774614 0.807587 0.935219 0.922895 0.744446 0.745347 0.754368 0.868007 0.919118 0.836393 0.948928 0.931462 0.862359 0.973653 0.837025 0.908025 0.943937 0.843444 0.907505 0.717170 0.825918 0.903736 0.985183 0.984186 0.924216 0.885395 0.785776 0.958682 0.928551 0.922746 0.858948 0.985623 0.845630 0.769545 0.946915 0.962960 0.906583 0.746203 0.943134 0.992434 0.987784 0.975125 0.930103 0.941264 0.990077 0.887467 0.708234 0.990766 0.963074 0.974685
0.825375 0.997264 0.500300 0.641088 0.933115 0.883800 0.915755 0.801155 0.815259 0.561698 0.594019 0.567210 0.789128 0.823090 0.990931 0.907346 0.755633 0.723574 0.976846 0.941063 0.665698 0.835208 0.501976 0.544980 0.434373 0.430907 0.675323 0.695307 0.606556 0.715929 0.535664 0.713969 0.838951 0.924289 0.826647 0.773272 0.000000 0.563056 0.623368 0.654499 0.663766 0.951029 0.792809 0.942327 0.863426 0.794328 0.812787 0.919291 0.766868 0.936912 0.936397 0.876870 0.850181 0.851114 0.788291 0.887522 0.992550 0.911497 0.798082 0.863655 0.802195 0.797340 0.570834 0.579785 0.475851 0.733938 0.820455 0.803776 0.734683 0.890524 0.756310 0.699295 0.747799 0.796748 0.922852 0.899239 0.908191 0.749158 0.833283 0.818123 0.919524 0.933490 0.786149 0.950473 0.572396 0.503023 0.987610 0.946393 0.838957 0.797504 0.862814 0.840722 0.959611 0.902345 0.962390 0.866032 0.851554 0.820312 0.812671 0.827611 0.866078 0.799978 0.913208 0.826443 0.998812 0.960694 0.956814 0.971524 0.937873 0.910244 0.973612 0.839225 0.739405 0.833784 0.975626 0.911231
0.812483 0.947285 0.727583 0.697853 0.853660 0.931606 0.931933 0.936117 0.767861 0.734978 0.742533 0.776426 0.688189 0.888900 0.766931 0.899310 0.808904 0.811180 0.863021 0.932371 0.787868 0.933430 0.775380 0.661887 0.539020 0.538861 0.860916 0.949996 0.712185 0.867791 0.609689 0.628461 0.973223 0.995386 0.935836 0.862593 0.563056 0.000000 0.563682 0.778492 0.864830 0.910604 0.869838 0.901800 0.872832 0.872181 0.737244 0.932185 0.814591 0.951359 0.987207 0.972844 0.877689 0.922124 0.927620 0.968904 0.934323 0.890866 0.821182 0.864384 0.821618 0.961286 0.671332 0.725909 0.742198 0.742064 0.886685 0.812342 0.840411 0.952858 0.860227 0.811908 0.594653 0.689179 0.846031 0.984021 0.993698 0.773823 0.770384 0.826126 0.977129 0.980795 0.793256 0.992265 0.728572 0.564425 0.985031 0.843442 0.881319 0.769816 0.912299 0.814207 0.988978 0.827877 0.908373 0.865081 0.992250 0.916488 0.790751 0.776430 0.998756 0.750148 0.964374 0.784522 0.985026 0.921498 0.920221 0.970712 0.954473 0.912840 0.946254 0.807008 0.843904 0.854767 0.980587 0.958413
