0.000000 0.212881 0.458601 0.529660 0.971902 0.747901 0.482024 0.415449 0.985150 0.661498 0.300508 0.252638 0.327918 0.381120 0.434387 0.421107 0.262254 0.207093 0.311445 0.239165 0.681030 0.823053 0.416896 0.529609 0.684573 0.633937 0.894768 0.944758 0.236821 0.235837 0.411287 0.418750 0.338683 0.298727 0.632453 0.807067 0.491415 0.686896 0.680402 0.712968 0.726595 0.744872 0.492632 0.430728 0.515818 0.453767 0.438873 0.363853 0.714238 0.617492 0.662417 0.683959 0.725166 0.892360 0.608430 0.766532 0.284729 0.281788 0.428436 0.364632 0.280320 0.344744 0.223467 0.228050 0.459197 0.423634 0.471997 0.356006 0.392075 0.308371 0.489895 0.530559 0.425252 0.476439 0.771667 0.713958 0.487112 0.508582 0.455842 0.386477 0.218620 0.240259 0.401140 0.444063 0.445088 0.429252 0.862388 0.972601 0.874580 0.544877 0.900152 0.945678 0.807407 0.989904 0.504863 0.658296 0.570494 0.719584 0.525762 0.539698 0.745913 0.712179 0.522114 0.600742 0.462616 0.526621 0.870997 0.859327 0.927119 0.674389 0.802172 0.532536 0.645542 0.680864 0.695662 0.942498
0.212881 0.000000 0.623873 0.642649 0.903436 0.862807 0.592062 0.472623 0.987790 0.657027 0.395283 0.308091 0.491509 0.477118 0.547991 0.493611 0.199086 0.237331 0.402844 0.316053 0.741771 0.844438 0.515907 0.652984 0.835499 0.768450 0.805568 0.962068 0.271569 0.277928 0.498607 0.566873 0.426911 0.367995 0.711962 0.683291 0.627634 0.622232 0.792460 0.814496 0.801701 0.607584 0.507330 0.469373 0.519979 0.481262 0.502456 0.405781 0.598012 0.581733 0.613000 0.653903 0.726222 0.827221 0.724530 0.858952 0.199412 0.182408 0.400860 0.385333 0.389843 0.406510 0.208545 0.164670 0.658385 0.571958 0.528972 0.397329 0.441841 0.270603 0.465469 0.466255 0.458998 0.516279 0.847009 0.682519 0.512427 0.383994 0.447942 0.505387 0.214281 0.366964 0.398288 0.438962 0.568239 0.599678 0.804330 0.843733 0.921637 0.646872 0.876539 0.908301 0.782458 0.992276 0.504363 0.742431 0.610495 0.574322 0.524488 0.510077 0.765287 0.733455 0.472871 0.594008 0.438718 0.475451 0.751953 0.794633 0.940674 0.731236 0.727064 0.543854 0.690552 0.748629 0.711427 0.927127
0.458601 0.623873 0.000000 0.209843 0.990476 0.625896 0.183212 0.255411 0.556946 0.437535 0.437608 0.516602 0.360699 0.568151 0.487466 0.535815 0.653260 0.535525 0.415140 0.454292 0.740021 0.811996 0.313619 0.379963 0.650927 0.399116 0.994076 0.821300 0.626220 0.518045 0.289670 0.412064 0.335193 0.336674 0.528386 0.746546 0.613816 0.772948 0.540982 0.691303 0.931787 0.957397 0.313369 0.334594 0.304246 0.313260 0.351858 0.366161 0.545721 0.485505 0.514525 0.476527 0.497484 0.687289 0.626309 0.552883 0.745723 0.752534 0.444224 0.440421 0.319413 0.382498 0.571764 0.621158 0.289885 0.263007 0.245015 0.283706 0.819897 0.617097 0.420251 0.450603 0.540792 0.531759 0.801349 0.728535 0.450950 0.701426 0.501042 0.445500 0.577540 0.505584 0.708716 0.765416 0.621873 0.507836 0.854218 0.964483 0.801037 0.630844 0.558339 0.672494 0.564997 0.658700 0.548194 0.650836 0.331150 0.783075 0.386066 0.399204 0.584915 0.525387 0.546134 0.588918 0.396690 0.471494 0.641917 0.660348 0.800591 0.818503 0.686049 0.462757 0.436582 0.655247 0.569077 0.840924
0.529660 0.642649 0.209843 0.000000 0.918070 0.629768 0.233543 0.232412 0.538834 0.418872 0.495815 0.551129 0.392129 0.489682 0.474525 0.480741 0.697645 0.576970 0.401333 0.461662 0.674050 0.756904 0.314789 0.351293 0.781147 0.439720 0.964696 0.857009 0.588290 0.539466 0.331225 0.442041 0.347210 0.326775 0.611646 0.727188 0.649554 0.851769 0.689172 0.772815 0.978057 0.896006 0.306779 0.340415 0.368146 0.352808 0.392098 0.408135 0.544594 0.475623 0.546078 0.471542 0.523515 0.658182 0.681744 0.631793 0.770141 0.764642 0.424554 0.474426 0.400098 0.408798 0.614787 0.659551 0.362029 0.272113 0.310794 0.337434 0.935018 0.654496 0.401690 0.410562 0.618428 0.569801 0.851878 0.644454 0.415570 0.622537 0.526578 0.521432 0.654445 0.560020 0.751589 0.736831 0.685977 0.511235 0.906924 0.998117 0.825721 0.618134 0.484221 0.581425 0.504668 0.588845 0.608082 0.617409 0.395586 0.709282 0.374475 0.341065 0.528551 0.575943 0.550697 0.499526 0.397431 0.530978 0.678129 0.657410 0.818804 0.826818 0.730395 0.424790 0.396056 0.562293 0.552896 0.787234
0.971902 0.903436 0.990476 0.918070 0.000000 0.855893 0.915189 0.890047 0.991601 0.958073 0.982225 0.926948 0.894055 0.924755 0.932938 0.859623 0.919526 0.980886 0.950735 0.975350 0.989083 0.928046 0.849871 0.864449 0.900003 0.987973 0.909375 0.988585 0.933675 0.933786 0.930105 0.946386 0.950616 0.916216 0.947973 0.994987 0.863860 0.981041 0.974859 0.907575 0.913547 0.909851 0.897974 0.885770 0.830896 0.823745 0.976036 0.842995 0.719635 0.733015 0.835003 0.787800 0.833808 0.739069 0.939853 0.873723 0.955062 0.918942 0.823674 0.825450 0.839578 0.845941 0.863395 0.893429 0.964138 0.861222 0.905387 0.897124 0.961042 0.963753 0.854003 0.837407 0.936908 0.935476 0.944601 0.937687 0.927620 0.968998 0.876597 0.952713 0.859030 0.914997 0.939232 0.980859 0.914273 0.931270 0.940689 0.923246 0.970208 0.992252 0.914028 0.913033 0.913613 0.979726 0.924259 0.951759 0.921923 0.755607 0.872180 0.767562 0.936578 0.997182 0.961646 0.829810 0.911028 0.922308 0.793020 0.990949 0.713715 0.874963 0.932010 0.785223 0.777772 0.922911 0.898664 0.955504
0.747901 0.862807 0.625896 0.629768 0.855893 0.000000 0.578579 0.707763 0.678031 0.706454 0.743289 0.627741 0.571273 0.794260 0.662240 0.517862 0.887707 0.823941 0.703271 0.748276 0.884626 0.783922 0.597848 0.678298 0.837043 0.612671 0.865457 0.638828 0.807991 0.800940 0.687017 0.709289 0.662328 0.603729 0.716434 0.974519 0.982728 0.867284 0.893156 0.868559 0.994607 0.907142 0.644942 0.594743 0.701308 0.703354 0.774603 0.661023 0.902961 0.722345 0.780644 0.663472 0.660635 0.737913 0.831627 0.763867 0.987674 0.985101 0.812440 0.734220 0.656924 0.714030 0.808015 0.860855 0.636438 0.601559 0.672628 0.686971 0.881341 0.743409 0.778939 0.671038 0.734764 0.679252 0.740005 0.867080 0.699402 0.863623 0.811448 0.578129 0.784865 0.669323 0.966777 0.887795 0.716646 0.599097 0.863516 0.866032 0.884866 0.708196 0.709552 0.780501 0.733100 0.781874 0.707911 0.709798 0.688281 0.934600 0.694814 0.654318 0.879020 0.712942 0.893148 0.689205 0.615786 0.745806 0.841062 0.919790 0.950078 0.927522 0.936498 0.703042 0.594373 0.802920 0.713676 0.987723
0.482024 0.592062 0.183212 0.233543 0.915189 0.578579 0.000000 0.188773 0.469657 0.276885 0.466537 0.563517 0.430819 0.666456 0.578112 0.557148 0.586089 0.501492 0.360847 0.433295 0.783207 0.791664 0.314644 0.485943 0.795244 0.500656 0.928765 0.862681 0.613844 0.528662 0.328985 0.434513 0.294711 0.263172 0.535225 0.638982 0.644204 0.812981 0.735882 0.728271 0.950496 0.881705 0.191458 0.209653 0.201840 0.209329 0.323004 0.299829 0.412093 0.384409 0.405056 0.369705 0.396956 0.568156 0.678098 0.566751 0.639361 0.661640 0.334161 0.390315 0.345909 0.410995 0.495675 0.556308 0.386783 0.331561 0.165468 0.234097 0.868260 0.616248 0.299261 0.310341 0.626897 0.523583 0.825971 0.691395 0.341271 0.617340 0.451135 0.439161 0.546742 0.537373 0.775322 0.782578 0.693157 0.615183 0.962287 0.848257 0.803878 0.745565 0.378782 0.462656 0.403681 0.477160 0.541836 0.579112 0.313769 0.704101 0.228237 0.252583 0.448472 0.416179 0.453358 0.455317 0.303136 0.361498 0.536607 0.578352 0.751508 0.851317 0.600670 0.365164 0.346234 0.616727 0.487277 0.787018
0.415449 0.472623 0.255411 0.232412 0.890047 0.707763 0.188773 0.000000 0.495317 0.258439 0.412714 0.487559 0.426681 0.552132 0.569835 0.546342 0.518147 0.449751 0.362809 0.333880 0.769270 0.797260 0.358793 0.483644 0.921050 0.614886 0.794363 0.822336 0.524714 0.466191 0.394388 0.451583 0.323867 0.272342 0.613309 0.604915 0.650148 0.804638 0.824622 0.842973 0.895202 0.782509 0.287260 0.321929 0.295498 0.308064 0.410309 0.370589 0.453726 0.437084 0.491118 0.458812 0.526538 0.632391 0.734452 0.673709 0.538995 0.528642 0.295918 0.367607 0.348776 0.323089 0.444001 0.448485 0.469318 0.349983 0.242407 0.283361 0.840171 0.532623 0.324152 0.360213 0.668321 0.609562 0.875418 0.708436 0.409526 0.556632 0.464102 0.553886 0.506450 0.518210 0.724791 0.711994 0.747839 0.641089 0.968322 0.895012 0.803985 0.678857 0.403134 0.484065 0.378777 0.521598 0.503861 0.638984 0.354741 0.588873 0.230687 0.249408 0.396741 0.488773 0.387855 0.426917 0.322516 0.383865 0.556062 0.587589 0.784985 0.755517 0.640712 0.340755 0.369060 0.597342 0.539140 0.802377
0.985150 0.987790 0.556946 0.538834 0.991601 0.678031 0.469657 0.495317 0.000000 0.394860 0.953575 0.995686 0.828416 0.936556 0.985245 0.917394 0.983798 0.955122 0.871792 0.902154 0.991857 0.894200 0.732947 0.853974 0.947214 0.771640 0.915423 0.934483 0.910417 0.916938 0.739206 0.827076 0.773760 0.694044 0.770757 0.752012 0.954258 0.944027 0.995395 0.904956 0.789135 0.956023 0.537379 0.592979 0.512291 0.550950 0.710331 0.723480 0.502053 0.509719 0.496974 0.491349 0.475916 0.542330 0.974559 0.820945 0.944694 0.949170 0.542508 0.655273 0.745686 0.725774 0.937082 0.954041 0.773127 0.711630 0.531887 0.676484 0.763526 0.927232 0.677497 0.656082 0.943887 0.949641 0.987118 0.961310 0.786365 0.799835 0.847576 0.864523 0.917422 0.855766 0.840304 0.811171 0.843592 0.983985 0.903369 0.895549 0.763909 0.901892 0.430389 0.524356 0.511049 0.458792 0.803142 0.873496 0.603612 0.787723 0.498707 0.520421 0.598859 0.574259 0.705121 0.598002 0.626421 0.661542 0.531657 0.596179 0.920245 0.897412 0.691996 0.586639 0.574421 0.894479 0.591187 0.765535
0.661498 0.657027 0.437535 0.418872 0.958073 0.706454 0.276885 0.258439 0.394860 0.000000 0.582497 0.664864 0.622799 0.826467 0.763954 0.704639 0.620964 0.620689 0.508668 0.510301 0.952917 0.873827 0.518607 0.700367 0.891436 0.791226 0.883254 0.852864 0.705458 0.632035 0.609715 0.568140 0.496213 0.429605 0.787633 0.615811 0.859945 0.942567 0.931773 0.976526 0.888755 0.762118 0.353604 0.370216 0.389932 0.402014 0.521929 0.488235 0.415487 0.460326 0.526869 0.500878 0.539902 0.626575 0.851277 0.758298 0.669286 0.696488 0.423656 0.535825 0.588716 0.571459 0.628989 0.624019 0.724826 0.593065 0.401440 0.508359 0.928398 0.671610 0.407507 0.411648 0.867783 0.726469 0.904620 0.757530 0.527282 0.537935 0.565441 0.596598 0.667807 0.717967 0.920214 0.850492 0.983160 0.902231 0.921373 0.926970 0.894758 0.842195 0.348303 0.394428 0.420108 0.471888 0.554045 0.595263 0.377672 0.658312 0.255827 0.262882 0.441088 0.416024 0.428872 0.459548 0.466465 0.430880 0.568312 0.596215 0.831055 0.901898 0.651726 0.453180 0.436193 0.804453 0.639574 0.757356
0.300508 0.395283 0.437608 0.495815 0.982225 0.743289 0.466537 0.412714 0.953575 0.582497 0.000000 0.373520 0.406768 0.506674 0.579493 0.558294 0.466385 0.310685 0.295684 0.257327 0.802523 0.887760 0.591754 0.625452 0.868209 0.736834 0.984464 0.971349 0.399710 0.345488 0.550498 0.516556 0.477941 0.413413 0.813593 0.867376 0.662699 0.823739 0.827061 0.858569 0.842917 0.880992 0.547098 0.513345 0.602852 0.547115 0.554396 0.551485 0.787272 0.724219 0.796042 0.791834 0.827270 0.933523 0.804954 0.843371 0.431199 0.423326 0.565252 0.518158 0.442073 0.508527 0.387148 0.430992 0.619715 0.556440 0.557923 0.465283 0.551796 0.573415 0.597983 0.567931 0.561446 0.596133 0.796622 0.728297 0.529959 0.483036 0.546495 0.457571 0.409977 0.359523 0.646948 0.643983 0.726346 0.654459 0.846697 0.985258 0.973533 0.742043 0.815932 0.835612 0.799951 0.858862 0.606767 0.606478 0.631579 0.897833 0.538582 0.551266 0.717591 0.590871 0.518705 0.579915 0.523000 0.619600 0.839440 0.910766 0.945000 0.797897 0.820512 0.565806 0.644326 0.737436 0.782137 0.933077
0.252638 0.308091 0.516602 0.551129 0.926948 0.627741 0.563517 0.487559 0.995686 0.664864 0.373520 0.000000 0.287004 0.352985 0.339191 0.245671 0.357499 0.283846 0.393236 0.352306 0.668889 0.798076 0.374068 0.438548 0.711628 0.630211 0.991541 0.914946 0.273359 0.245337 0.476298 0.458266 0.383788 0.344797 0.733187 0.955067 0.628343 0.800075 0.760267 0.876362 0.881714 0.848296 0.577247 0.505503 0.628468 0.534731 0.542969 0.408175 0.777699 0.589771 0.689775 0.637473 0.744596 0.776164 0.719643 0.826470 0.467602 0.425655 0.549129 0.447301 0.303693 0.347122 0.283871 0.295065 0.511662 0.412805 0.597075 0.474859 0.581029 0.387553 0.591135 0.559345 0.353861 0.392545 0.687599 0.651332 0.602837 0.441967 0.502761 0.427135 0.316479 0.272474 0.445139 0.489614 0.427571 0.392333 0.837199 0.893436 0.912753 0.552774 0.940948 0.994313 0.887357 0.884452 0.586919 0.701428 0.603800 0.742071 0.637825 0.562205 0.809854 0.748469 0.617730 0.748162 0.447413 0.507988 0.876706 0.958488 0.994173 0.672469 0.888549 0.599330 0.668633 0.741226 0.735340 0.963980
0.327918 0.491509 0.360699 0.392129 0.894055 0.571273 0.430819 0.426681 0.828416 0.622799 0.406768 0.287004 0.000000 0.384091 0.336629 0.291196 0.570905 0.484783 0.405137 0.446338 0.725871 0.869531 0.313617 0.362670 0.670911 0.498192 0.958826 0.999895 0.420559 0.399460 0.479687 0.507001 0.408673 0.411663 0.664326 0.932677 0.618370 0.886046 0.629079 0.780894 0.923372 0.978192 0.492453 0.456079 0.546078 0.447464 0.462139 0.398772 0.724951 0.456637 0.592018 0.528933 0.628908 0.709477 0.586200 0.645716 0.670612 0.599005 0.444029 0.372386 0.215828 0.296468 0.400740 0.467276 0.301538 0.284899 0.508489 0.423866 0.632308 0.484828 0.627160 0.558264 0.432870 0.508009 0.782173 0.694067 0.588478 0.632664 0.519518 0.464902 0.454809 0.330801 0.578829 0.593457 0.432958 0.318167 0.977035 0.784854 0.733519 0.484056 0.834937 0.925066 0.838214 0.980490 0.647531 0.714409 0.538861 0.785895 0.585564 0.517718 0.740473 0.707450 0.655968 0.725904 0.467390 0.568591 0.905880 0.949771 0.741018 0.712340 0.833995 0.571479 0.564004 0.688445 0.700037 0.795851
0.381120 0.477118 0.568151 0.489682 0.924755 0.794260 0.666456 0.552132 0.936556 0.826467 0.506674 0.352985 0.384091 0.000000 0.266336 0.311967 0.597471 0.428627 0.430409 0.416097 0.673798 0.733978 0.412777 0.382145 0.672579 0.567906 0.947409 0.973460 0.343106 0.355110 0.493292 0.509362 0.450256 0.472349 0.831509 0.977370 0.656580 0.904944 0.746797 0.769116 0.893446 0.797306 0.647588 0.634609 0.804873 0.705598 0.569232 0.615351 0.958865 0.850345 0.926781 0.840302 0.900418 0.977449 0.629578 0.833489 0.625026 0.616275 0.683248 0.657860 0.469551 0.483859 0.522200 0.518232 0.446849 0.407981 0.669719 0.592682 0.657513 0.488259 0.663234 0.696949 0.463113 0.568606 0.826717 0.653319 0.611292 0.637451 0.613236 0.530877 0.497347 0.343873 0.438278 0.369102 0.414586 0.306595 0.969080 0.816543 0.849016 0.468468 0.950388 0.980301 0.882968 0.921629 0.623446 0.748192 0.736947 0.698882 0.745284 0.667527 0.785201 0.850386 0.750831 0.827692 0.612889 0.674802 0.949170 0.971551 0.983794 0.721388 0.972913 0.681540 0.705179 0.731470 0.784239 0.949922
0.434387 0.547991 0.487466 0.474525 0.932938 0.662240 0.578112 0.569835 0.985245 0.763954 0.579493 0.339191 0.336629 0.266336 0.000000 0.272743 0.581933 0.478854 0.458768 0.483889 0.712005 0.735856 0.261066 0.296417 0.554478 0.484578 0.937278 0.899734 0.417347 0.380239 0.380138 0.373150 0.376169 0.424987 0.703210 0.953520 0.705968 0.965433 0.661157 0.844050 0.892083 0.939880 0.580306 0.568790 0.702999 0.610478 0.512675 0.510334 0.859736 0.764647 0.875625 0.763724 0.859051 0.991866 0.607823 0.716684 0.730990 0.732253 0.678037 0.664452 0.424843 0.521153 0.544171 0.589467 0.402364 0.397662 0.615112 0.563386 0.691513 0.548032 0.641531 0.694452 0.430687 0.522757 0.766784 0.713995 0.587795 0.677671 0.508194 0.550706 0.474202 0.365735 0.442305 0.465781 0.367771 0.285543 0.947449 0.800083 0.966547 0.566572 0.977974 0.908304 0.980569 0.840959 0.698391 0.756854 0.646132 0.753223 0.753377 0.645691 0.884305 0.900203 0.852639 0.884355 0.561176 0.655889 0.961987 0.918469 0.907804 0.739243 0.930572 0.698443 0.668375 0.798018 0.762519 0.974178
0.421107 0.493611 0.535815 0.480741 0.859623 0.517862 0.557148 0.546342 0.917394 0.704639 0.558294 0.245671 0.291196 0.311967 0.272743 0.000000 0.534346 0.442816 0.402938 0.474482 0.702935 0.666497 0.276194 0.320269 0.602138 0.533614 0.940978 0.837068 0.358325 0.347948 0.473908 0.434186 0.365431 0.371484 0.751656 0.993681 0.716139 0.930980 0.764650 0.834231 0.985616 0.899168 0.494699 0.448794 0.647271 0.524942 0.523382 0.429042 0.767469 0.592262 0.685111 0.580193 0.681774 0.733491 0.631106 0.743377 0.672140 0.637179 0.579066 0.564775 0.375326 0.451352 0.433947 0.474979 0.425727 0.383924 0.597261 0.543475 0.710029 0.462757 0.583791 0.581335 0.389252 0.427373 0.686254 0.651754 0.574148 0.603941 0.536322 0.462170 0.461360 0.361070 0.558329 0.533788 0.387859 0.301917 0.884403 0.880118 0.933103 0.593666 0.866511 0.941462 0.878908 0.940740 0.650884 0.696941 0.610971 0.703887 0.670017 0.548978 0.840157 0.736517 0.743664 0.790311 0.481491 0.581409 0.921149 0.980266 0.947539 0.692912 0.833400 0.586323 0.551979 0.736587 0.699938 0.902722
0.262254 0.199086 0.653260 0.697645 0.919526 0.887707 0.586089 0.518147 0.983798 0.620964 0.466385 0.357499 0.570905 0.597471 0.581933 0.534346 0.000000 0.195752 0.381739 0.339957 0.717873 0.777251 0.526638 0.686639 0.772135 0.782828 0.883916 0.901983 0.295468 0.297050 0.523836 0.474739 0.405798 0.374758 0.796416 0.739773 0.672204 0.665755 0.857413 0.802585 0.777651 0.587631 0.478756 0.452852 0.541410 0.503128 0.522377 0.409923 0.653121 0.647765 0.671464 0.724825 0.776519 0.887326 0.785024 0.911796 0.174686 0.233162 0.439488 0.504376 0.492991 0.554811 0.226036 0.228854 0.702528 0.666529 0.552757 0.466618 0.461569 0.367941 0.473684 0.494069 0.493344 0.507935 0.791858 0.663799 0.503979 0.423039 0.399314 0.505783 0.200687 0.391358 0.443663 0.501135 0.578397 0.646261 0.795292 0.798388 0.983084 0.786299 0.865411 0.889660 0.811021 0.992363 0.584580 0.708532 0.637686 0.614300 0.527018 0.501263 0.846418 0.734776 0.479184 0.564576 0.486577 0.506360 0.826564 0.827549 0.952042 0.680808 0.784907 0.551950 0.688053 0.747504 0.706188 0.930746
0.207093 0.237331 0.535525 0.576970 0.980886 0.823941 0.501492 0.449751 0.955122 0.620689 0.310685 0.283846 0.484783 0.428627 0.478854 0.442816 0.195752 0.000000 0.270819 0.216117 0.713098 0.736112 0.469328 0.573972 0.747514 0.672764 0.963169 0.895024 0.229696 0.200446 0.470739 0.419681 0.348040 0.290793 0.755658 0.846117 0.630273 0.685754 0.785552 0.736360 0.757033 0.682524 0.447507 0.401700 0.562875 0.489434 0.520821 0.405594 0.698016 0.673451 0.726258 0.750860 0.773110 0.903410 0.765003 0.877839 0.215933 0.243722 0.496980 0.519925 0.444691 0.531018 0.217884 0.233409 0.628665 0.570022 0.521102 0.408453 0.482066 0.422025 0.434993 0.491643 0.457392 0.443450 0.784164 0.581625 0.449916 0.413563 0.417566 0.385993 0.214312 0.258700 0.414540 0.475907 0.520281 0.539050 0.791554 0.888091 0.968055 0.722175 0.814285 0.823200 0.756282 0.921516 0.514615 0.647283 0.638106 0.691024 0.503954 0.479064 0.760196 0.643637 0.482080 0.571875 0.439355 0.498030 0.850623 0.859869 0.991742 0.733519 0.834142 0.516827 0.626474 0.686483 0.723249 0.993048
0.311445 0.402844 0.415140 0.401333 0.950735 0.703271 0.360847 0.362809 0.871792 0.508668 0.295684 0.393236 0.405137 0.430409 0.458768 0.402938 0.381739 0.270819 0.000000 0.264437 0.715345 0.716920 0.416423 0.470610 0.723997 0.641983 0.946945 0.928972 0.313918 0.288702 0.432289 0.367859 0.322753 0.284713 0.804441 0.765426 0.633237 0.875196 0.776936 0.770968 0.929353 0.763566 0.343429 0.337911 0.490813 0.426550 0.406256 0.400879 0.626440 0.631143 0.728268 0.706033 0.744445 0.896312 0.825125 0.827969 0.405320 0.460686 0.467664 0.536228 0.456753 0.574594 0.355174 0.451790 0.542979 0.509657 0.456544 0.463293 0.594997 0.510741 0.412647 0.463640 0.548024 0.531146 0.749995 0.600735 0.416114 0.487773 0.496644 0.392602 0.397465 0.379642 0.681015 0.576670 0.640701 0.579446 0.898949 0.940758 0.964026 0.789747 0.684432 0.715683 0.711492 0.767679 0.588839 0.542739 0.566462 0.699337 0.423959 0.377494 0.640859 0.552135 0.504988 0.506081 0.460056 0.560543 0.865287 0.864094 0.885213 0.855038 0.748961 0.475559 0.470500 0.685130 0.656874 0.853285
0.239165 0.316053 0.454292 0.461662 0.975350 0.748276 0.433295 0.333880 0.902154 0.510301 0.257327 0.352306 0.446338 0.416097 0.483889 0.474482 0.339957 0.216117 0.264437 0.000000 0.713880 0.748200 0.450646 0.546880 0.817612 0.700391 0.879803 0.911171 0.316615 0.270619 0.456782 0.386565 0.360010 0.306108 0.696794 0.757150 0.647042 0.737374 0.760834 0.854544 0.761477 0.778243 0.445896 0.421485 0.536933 0.506511 0.484215 0.424031 0.700543 0.696117 0.788101 0.787853 0.783540 0.962199 0.795442 0.822956 0.335308 0.352531 0.501187 0.533819 0.458318 0.498432 0.339782 0.344086 0.597826 0.529955 0.491112 0.439347 0.532041 0.432336 0.467968 0.497241 0.534040 0.555973 0.725327 0.634836 0.462487 0.502432 0.502089 0.433534 0.339855 0.300177 0.527388 0.554456 0.651818 0.582128 0.871444 0.937238 0.922322 0.668042 0.741380 0.750057 0.694410 0.831297 0.500698 0.604504 0.571329 0.681704 0.469036 0.463125 0.615719 0.555688 0.486624 0.530663 0.458414 0.537941 0.863210 0.872586 0.927004 0.783048 0.729660 0.522451 0.589727 0.692751 0.686031 0.922563
0.681030 0.741771 0.740021 0.674050 0.989083 0.884626 0.783207 0.769270 0.991857 0.952917 0.802523 0.668889 0.725871 0.673798 0.712005 0.702935 0.717873 0.713098 0.715345 0.713880 0.000000 0.806736 0.647364 0.664174 0.742200 0.763514 0.938130 0.927798 0.740747 0.673600 0.643966 0.724646 0.658119 0.615625 0.747901 0.973678 0.676881 0.844678 0.730293 0.807614 0.858960 0.953239 0.754893 0.773332 0.767727 0.735828 0.627520 0.679657 0.897105 0.840883 0.885455 0.857834 0.868096 0.980868 0.841802 0.828836 0.755946 0.775595 0.756249 0.687919 0.662258 0.704902 0.661752 0.725610 0.673159 0.656979 0.748773 0.700252 0.888367 0.711417 0.837628 0.813146 0.685172 0.755958 0.701993 0.771734 0.836488 0.800519 0.788725 0.768182 0.752830 0.683244 0.664005 0.626683 0.705306 0.668986 0.950279 0.816166 0.879727 0.716644 0.964565 0.931398 0.950129 0.871708 0.941022 0.733609 0.823476 0.904015 0.873009 0.720355 0.999008 0.985048 0.732036 0.796929 0.866259 0.745986 0.987587 0.932721 0.979024 0.894202 0.995921 0.884921 0.887822 0.805621 0.794206 0.870347
0.823053 0.844438 0.811996 0.756904 0.928046 0.783922 0.791664 0.797260 0.894200 0.873827 0.887760 0.798076 0.869531 0.733978 0.735856 0.666497 0.777251 0.736112 0.716920 0.748200 0.806736 0.000000 0.749405 0.738141 0.893190 0.823541 0.863570 0.820255 0.752537 0.781910 0.721001 0.646563 0.721908 0.708292 0.810910 0.900171 0.989197 0.713892 0.949363 0.965702 0.997907 0.993234 0.725297 0.747962 0.827661 0.807962 0.863126 0.800822 0.915379 0.926490 0.960751 0.907725 0.905125 0.962964 0.959023 0.898893 0.852462 0.865377 0.879151 0.928182 0.912234 0.989623 0.828220 0.878996 0.858119 0.813215 0.788662 0.810683 0.988541 0.831804 0.720494 0.755623 0.817914 0.755159 0.910407 0.990694 0.843336 0.770016 0.906054 0.761562 0.843858 0.826934 0.849115 0.926623 0.883957 0.802972 0.921885 0.993960 0.963741 0.999720 0.811430 0.859995 0.841982 0.868485 0.808846 0.807763 0.947838 0.852517 0.814673 0.760472 0.884431 0.809065 0.828619 0.642184 0.787875 0.817180 0.978539 0.998771 0.925962 0.837871 0.949228 0.876256 0.776799 0.784288 0.894583 0.996319
0.416896 0.515907 0.313619 0.314789 0.849871 0.597848 0.314644 0.358793 0.732947 0.518607 0.591754 0.374068 0.313617 0.412777 0.261066 0.276194 0.526638 0.469328 0.416423 0.450646 0.647364 0.749405 0.000000 0.262895 0.554052 0.413422 0.942631 0.926600 0.456902 0.378889 0.254098 0.335669 0.238461 0.270727 0.506481 0.802909 0.554278 0.860475 0.613032 0.756531 0.936230 0.925162 0.334034 0.327453 0.373376 0.330574 0.347169 0.296554 0.569720 0.485834 0.551609 0.464499 0.541799 0.714491 0.483710 0.578315 0.668080 0.660481 0.426113 0.449451 0.282986 0.357704 0.446363 0.476710 0.289063 0.282857 0.319876 0.320860 0.747025 0.450460 0.388322 0.413964 0.426502 0.433511 0.740437 0.680868 0.383618 0.649531 0.417172 0.479020 0.438726 0.395283 0.488434 0.512943 0.398259 0.341853 0.891235 0.991212 0.824521 0.575227 0.694686 0.827392 0.679566 0.943504 0.548230 0.662881 0.391429 0.623397 0.482836 0.405718 0.725084 0.705096 0.605976 0.678824 0.346803 0.401001 0.718436 0.822671 0.767381 0.701872 0.669468 0.481388 0.474541 0.668447 0.549996 0.845193
0.529609 0.652984 0.379963 0.351293 0.864449 0.678298 0.485943 0.483644 0.853974 0.700367 0.625452 0.438548 0.362670 0.382145 0.296417 0.320269 0.686639 0.573972 0.470610 0.546880 0.664174 0.738141 0.262895 0.000000 0.557093 0.464093 0.958949 0.856973 0.535796 0.435753 0.382899 0.429206 0.425574 0.413186 0.694335 0.979552 0.723599 0.905532 0.616706 0.803250 0.919521 0.959039 0.523226 0.532906 0.622772 0.560960 0.506795 0.493744 0.769346 0.686882 0.761599 0.665413 0.755361 0.841513 0.655816 0.626486 0.821359 0.832779 0.661273 0.636214 0.424223 0.516371 0.630626 0.649514 0.366816 0.326124 0.522034 0.521852 0.829174 0.602385 0.584499 0.614398 0.439196 0.526856 0.788559 0.743719 0.558932 0.731413 0.570581 0.548815 0.560861 0.448468 0.625371 0.574935 0.464888 0.362873 0.894797 0.851891 0.852739 0.634553 0.790275 0.888121 0.792624 0.993319 0.622181 0.809165 0.569046 0.676652 0.681342 0.578621 0.755110 0.881271 0.763415 0.850351 0.613049 0.657433 0.848819 0.927035 0.809931 0.763125 0.833948 0.624368 0.576216 0.660557 0.740800 0.944579
0.684573 0.835499 0.650927 0.781147 0.900003 0.837043 0.795244 0.921050 0.947214 0.891436 0.868209 0.711628 0.670911 0.672579 0.554478 0.602138 0.772135 0.747514 0.723997 0.817612 0.742200 0.893190 0.554052 0.557093 0.000000 0.451027 0.781175 0.894770 0.722857 0.678110 0.473238 0.537677 0.639546 0.708103 0.644689 0.894138 0.686665 0.838270 0.592036 0.722096 0.937341 0.975229 0.737611 0.715474 0.779674 0.731698 0.668609 0.659471 0.958726 0.930351 0.863938 0.849274 0.892290 0.955186 0.716290 0.855912 0.893018 0.926647 0.821876 0.798264 0.663929 0.804985 0.746958 0.824691 0.514432 0.654208 0.705183 0.741850 0.778286 0.734431 0.895757 0.953586 0.474074 0.643778 0.723328 0.961575 0.778880 0.952511 0.743254 0.669831 0.743505 0.721167 0.620239 0.784239 0.527318 0.493527 0.815322 0.959475 0.963596 0.811618 0.760936 0.670244 0.773615 0.722619 0.871360 0.904636 0.774115 0.995382 0.999949 0.981696 0.778484 0.977330 0.979572 0.906549 0.825471 0.884287 0.942693 0.979538 0.945441 0.832877 0.885594 0.884158 0.912399 0.868002 0.712701 0.958950
0.633937 0.768450 0.399116 0.439720 0.987973 0.612671 0.500656 0.614886 0.771640 0.791226 0.736834 0.630211 0.498192 0.567906 0.484578 0.533614 0.782828 0.672764 0.641983 0.700391 0.763514 0.823541 0.413422 0.464093 0.451027 0.000000 0.859320 0.995490 0.718048 0.615966 0.330770 0.482665 0.458135 0.518744 0.577099 0.871275 0.701592 0.852154 0.567351 0.544124 0.925323 0.883738 0.492372 0.459776 0.571419 0.542130 0.565377 0.517879 0.782419 0.664445 0.613695 0.569083 0.573420 0.708103 0.613989 0.666584 0.920559 0.886159 0.646923 0.646574 0.511042 0.608704 0.681694 0.750309 0.353527 0.397170 0.459320 0.473627 0.920245 0.707290 0.625145 0.514691 0.468910 0.467035 0.754428 0.818321 0.563418 0.854355 0.623470 0.542044 0.707984 0.570096 0.636536 0.717679 0.555076 0.411148 0.850085 0.898238 0.767007 0.621224 0.773369 0.912085 0.797019 0.816724 0.699437 0.840191 0.579262 0.826768 0.661144 0.659597 0.837644 0.695383 0.748269 0.761123 0.481162 0.713789 0.750632 0.824986 0.977952 0.768963 0.899931 0.705199 0.594049 0.781692 0.610685 0.851184
0.894768 0.805568 0.994076 0.964696 0.909375 0.865457 0.928765 0.794363 0.915423 0.883254 0.984464 0.991541 0.958826 0.947409 0.937278 0.940978 0.883916 0.963169 0.946945 0.879803 0.938130 0.863570 0.942631 0.958949 0.781175 0.859320 0.000000 0.773160 0.948727 0.881253 0.835667 0.964208 0.918165 0.859141 0.860520 0.644669 0.822785 0.831652 0.954192 0.803131 0.866503 0.990146 0.952449 0.940350 0.842359 0.906428 0.935485 0.929438 0.921214 0.923905 0.905946 0.944952 0.986482 0.932624 0.989450 0.954778 0.794715 0.782439 0.882496 0.895687 0.931201 0.870360 0.858253 0.801521 0.916187 0.953587 0.866190 0.844604 0.911646 0.849845 0.766771 0.816527 0.967195 0.880083 0.838389 0.974811 0.966940 0.846294 0.997901 0.905361 0.848330 0.954009 0.993324 0.892843 0.821565 0.804799 0.879385 0.831840 0.774021 0.910964 0.851639 0.940473 0.817135 0.991550 0.826615 0.997165 0.804345 0.618565 0.805614 0.892840 0.762249 0.983979 0.716804 0.813984 0.899127 0.785802 0.783741 0.794202 0.796647 0.893283 0.801408 0.888509 0.876517 0.968331 0.896054 0.901206
0.944758 0.962068 0.821300 0.857009 0.988585 0.638828 0.862681 0.822336 0.934483 0.852864 0.971349 0.914946 0.999895 0.973460 0.899734 0.837068 0.901983 0.895024 0.928972 0.911171 0.927798 0.820255 0.926600 0.856973 0.894770 0.995490 0.773160 0.000000 0.921318 0.949626 0.935642 0.974198 0.988149 0.996534 0.976201 0.844967 0.838330 0.924908 0.938244 0.966397 0.966725 0.974712 0.955095 0.984347 0.833257 0.921449 0.877864 0.970720 0.872672 0.964256 0.909169 0.959264 0.989988 0.981386 0.874187 0.792972 0.904028 0.910490 0.962296 0.968007 0.911870 0.850875 0.925696 0.958857 0.848045 0.801657 0.831161 0.862361 0.862233 0.996669 0.954622 0.878746 0.940166 0.972811 0.862728 0.971185 0.946246 0.933602 0.969566 0.894985 0.962978 0.969823 0.982875 0.974000 0.995238 0.944100 0.743482 0.955715 0.769732 0.954957 0.856234 0.845700 0.789049 0.894515 0.963113 0.832159 0.898002 0.925273 0.921033 0.981815 0.682487 0.969444 0.914825 0.920276 0.982702 0.929130 0.848200 0.638251 0.837376 0.976788 0.849962 0.900878 0.923502 0.943115 0.946742 0.919769
0.236821 0.271569 0.626220 0.588290 0.933675 0.807991 0.613844 0.524714 0.910417 0.705458 0.399710 0.273359 0.420559 0.343106 0.417347 0.358325 0.295468 0.229696 0.313918 0.316615 0.740747 0.752537 0.456902 0.535796 0.722857 0.718048 0.948727 0.921318 0.000000 0.215930 0.509229 0.445417 0.424785 0.348995 0.749381 0.879288 0.552699 0.754431 0.814769 0.834256 0.759660 0.750899 0.566046 0.520248 0.657944 0.577420 0.554825 0.475348 0.747146 0.722631 0.810700 0.801786 0.862578 0.970595 0.655517 0.813758 0.331483 0.352289 0.561218 0.528399 0.436875 0.492675 0.282428 0.291201 0.609111 0.542661 0.616102 0.525315 0.477371 0.386852 0.508000 0.576714 0.454954 0.524267 0.726440 0.705597 0.484275 0.431197 0.585004 0.455554 0.250236 0.285058 0.464074 0.400215 0.452559 0.477401 0.800888 0.987638 0.960047 0.558995 0.944266 0.939155 0.871129 0.971465 0.587789 0.728206 0.688425 0.709396 0.604856 0.565342 0.807091 0.766016 0.620383 0.641594 0.530805 0.597619 0.999623 0.961322 0.996899 0.638932 0.821098 0.559874 0.695104 0.683435 0.755275 0.957200
0.235837 0.277928 0.518045 0.539466 0.933786 0.800940 0.528662 0.466191 0.916938 0.632035 0.345488 0.245337 0.399460 0.355110 0.380239 0.347948 0.297050 0.200446 0.288702 0.270619 0.673600 0.781910 0.378889 0.435753 0.678110 0.615966 0.881253 0.949626 0.215930 0.000000 0.397778 0.388300 0.333380 0.275180 0.708971 0.791503 0.573751 0.713883 0.673972 0.889677 0.784171 0.781724 0.497027 0.428203 0.591528 0.511235 0.500769 0.405586 0.735163 0.661921 0.762081 0.733471 0.798873 0.910313 0.662431 0.807178 0.350230 0.340631 0.576447 0.527454 0.408675 0.464305 0.285045 0.268324 0.574172 0.507993 0.539024 0.448025 0.431158 0.374527 0.453107 0.501300 0.375236 0.373893 0.756965 0.589586 0.502869 0.448982 0.488011 0.430954 0.252242 0.242898 0.447904 0.359606 0.517543 0.498754 0.883346 0.975626 0.960270 0.634049 0.892094 0.941930 0.861264 0.941710 0.468908 0.655984 0.550987 0.644141 0.561170 0.516754 0.732289 0.686074 0.523110 0.669757 0.499422 0.527171 0.880319 0.924461 0.943016 0.683164 0.806290 0.556449 0.631558 0.713237 0.755151 0.921267
0.411287 0.498607 0.289670 0.331225 0.930105 0.687017 0.328985 0.394388 0.739206 0.609715 0.550498 0.476298 0.479687 0.493292 0.380138 0.473908 0.523836 0.470739 0.432289 0.456782 0.643966 0.721001 0.254098 0.382899 0.473238 0.330770 0.835667 0.935642 0.509229 0.397778 0.000000 0.292911 0.237554 0.275876 0.459927 0.682411 0.550743 0.672726 0.565921 0.732764 0.867722 0.877688 0.334167 0.306287 0.314771 0.314200 0.332373 0.309113 0.559666 0.564103 0.534315 0.507468 0.550719 0.766964 0.569133 0.647051 0.619697 0.629344 0.474543 0.461867 0.357631 0.430622 0.461920 0.497101 0.355676 0.355546 0.262736 0.288846 0.755224 0.490271 0.378238 0.402338 0.375926 0.367473 0.705183 0.724856 0.407292 0.622563 0.457012 0.460479 0.475829 0.497023 0.487319 0.548865 0.561474 0.474805 0.843740 0.910208 0.869622 0.601079 0.760465 0.916574 0.750546 0.912233 0.584719 0.692732 0.389994 0.699443 0.483902 0.487350 0.682084 0.674632 0.583070 0.600618 0.400788 0.480005 0.662863 0.716993 0.851571 0.746001 0.643407 0.557432 0.500853 0.622897 0.460027 0.923996
0.418750 0.566873 0.412064 0.442041 0.946386 0.709289 0.434513 0.451583 0.827076 0.568140 0.516556 0.458266 0.507001 0.509362 0.373150 0.434186 0.474739 0.419681 0.367859 0.386565 0.724646 0.646563 0.335669 0.429206 0.537677 0.482665 0.964208 0.974198 0.445417 0.388300 0.292911 0.000000 0.316912 0.371158 0.624747 0.799841 0.617848 0.837321 0.643059 0.823314 0.824405 0.801516 0.432931 0.430399 0.523066 0.528109 0.496110 0.441451 0.758734 0.810760 0.823804 0.798086 0.844156 0.971044 0.727347 0.768026 0.586194 0.667238 0.626306 0.698345 0.527191 0.641074 0.515664 0.563477 0.533206 0.529972 0.472351 0.516784 0.650065 0.564857 0.515892 0.514808 0.443660 0.499179 0.665799 0.837936 0.530641 0.577565 0.552218 0.508827 0.487166 0.454415 0.637270 0.650225 0.637031 0.557364 0.994488 0.988923 0.962081 0.741988 0.807206 0.913196 0.822718 0.939730 0.647440 0.704680 0.504822 0.760001 0.561417 0.532038 0.745949 0.697088 0.617790 0.589319 0.538301 0.613517 0.894411 0.850131 0.982690 0.733505 0.712996 0.591900 0.543115 0.709011 0.583465 0.877535
0.338683 0.426911 0.335193 0.347210 0.950616 0.662328 0.294711 0.323867 0.773760 0.496213 0.477941 0.383788 0.408673 0.450256 0.376169 0.365431 0.405798 0.348040 0.322753 0.360010 0.658119 0.721908 0.238461 0.425574 0.639546 0.458135 0.918165 0.988149 0.424785 0.333380 0.237554 0.316912 0.000000 0.224237 0.590593 0.656760 0.561273 0.727214 0.707355 0.741425 0.887712 0.791957 0.269892 0.238988 0.319597 0.284019 0.314667 0.283815 0.553474 0.499000 0.509657 0.468565 0.525486 0.701382 0.583664 0.599886 0.503457 0.485732 0.400773 0.411735 0.327212 0.370831 0.347218 0.402017 0.362240 0.342888 0.261920 0.269620 0.722841 0.424240 0.295775 0.343648 0.447295 0.385467 0.762636 0.661721 0.327140 0.566863 0.362362 0.435400 0.394488 0.394834 0.481374 0.540023 0.501239 0.426980 0.996352 0.885821 0.925152 0.661679 0.614281 0.735709 0.603684 0.827346 0.569099 0.592336 0.393314 0.618072 0.367150 0.345941 0.588669 0.539705 0.536702 0.551279 0.302987 0.355150 0.729473 0.675781 0.914541 0.693431 0.628687 0.477914 0.406214 0.648003 0.478121 0.876235
0.298727 0.367995 0.336674 0.326775 0.916216 0.603729 0.263172 0.272342 0.694044 0.429605 0.413413 0.344797 0.411663 0.472349 0.424987 0.371484 0.374758 0.290793 0.284713 0.306108 0.615625 0.708292 0.270727 0.413186 0.708103 0.518744 0.859141 0.996534 0.348995 0.275180 0.275876 0.371158 0.224237 0.000000 0.537706 0.724425 0.562343 0.702411 0.754100 0.785840 0.869210 0.857278 0.266293 0.223060 0.307904 0.263153 0.330700 0.296521 0.486747 0.455373 0.499163 0.469693 0.509550 0.687895 0.611090 0.632214 0.450023 0.456393 0.369743 0.394452 0.312753 0.372826 0.301518 0.340866 0.422539 0.367755 0.284575 0.262143 0.710536 0.434263 0.319467 0.364901 0.482532 0.429471 0.753349 0.596842 0.362230 0.502934 0.405263 0.362503 0.335340 0.362916 0.544923 0.488430 0.535054 0.493811 0.900953 0.809754 0.954199 0.689934 0.610454 0.681896 0.592703 0.757127 0.453315 0.601168 0.449289 0.604721 0.340490 0.337016 0.597636 0.557098 0.455977 0.470513 0.297515 0.393857 0.662007 0.673621 0.872207 0.738972 0.654551 0.404660 0.435182 0.609665 0.473427 0.881252
0.632453 0.711962 0.528386 0.611646 0.947973 0.716434 0.535225 0.613309 0.770757 0.787633 0.813593 0.733187 0.664326 0.831509 0.703210 0.751656 0.796416 0.755658 0.804441 0.696794 0.747901 0.810910 0.506481 0.694335 0.644689 0.577099 0.860520 0.976201 0.749381 0.708971 0.459927 0.624747 0.590593 0.537706 0.000000 0.774113 0.595193 0.699428 0.710342 0.768248 0.893680 0.882048 0.584848 0.583259 0.456260 0.525433 0.652472 0.562459 0.690911 0.607868 0.604978 0.579658 0.618199 0.756015 0.648608 0.666921 0.791610 0.739360 0.600613 0.536599 0.527195 0.586774 0.628320 0.624518 0.615251 0.617402 0.477039 0.469297 0.837127 0.674878 0.567161 0.609910 0.699437 0.653467 0.877914 0.942342 0.687464 0.798939 0.677462 0.698066 0.679986 0.756249 0.756032 0.885626 0.738027 0.732131 0.808092 0.768498 0.817293 0.776249 0.812490 0.943186 0.732794 0.872437 0.573805 0.827050 0.575468 0.789861 0.591716 0.693136 0.840685 0.864123 0.763793 0.714473 0.542730 0.564958 0.740557 0.692756 0.714749 0.763434 0.609681 0.660217 0.768168 0.785884 0.701887 0.810130
0.807067 0.683291 0.746546 0.727188 0.994987 0.974519 0.638982 0.604915 0.752012 0.615811 0.867376 0.955067 0.932677 0.977370 0.953520 0.993681 0.739773 0.846117 0.765426 0.757150 0.973678 0.900171 0.802909 0.979552 0.894138 0.871275 0.644669 0.844967 0.879288 0.791503 0.682411 0.799841 0.656760 0.724425 0.774113 0.000000 0.853055 0.574976 0.906807 0.949459 0.910717 0.841700 0.613239 0.622396 0.501374 0.636657 0.697990 0.667606 0.625446 0.666955 0.672637 0.685391 0.759943 0.788808 0.872582 0.906110 0.713488 0.682760 0.655703 0.717154 0.820566 0.715118 0.772069 0.700724 0.870682 0.839127 0.534877 0.578694 0.905580 0.684267 0.505541 0.487215 0.914868 0.800757 0.974642 0.985422 0.634621 0.714949 0.759272 0.958936 0.786917 0.922302 0.897000 0.847404 0.901223 0.943346 0.937235 0.837911 0.955103 0.928332 0.614976 0.670045 0.617026 0.686751 0.782903 0.721927 0.632971 0.639146 0.544304 0.579997 0.572735 0.574364 0.632116 0.633031 0.646076 0.651612 0.614863 0.659600 0.833541 0.942412 0.553179 0.684737 0.669557 0.686012 0.594095 0.717073
0.491415 0.627634 0.613816 0.649554 0.863860 0.982728 0.644204 0.650148 0.954258 0.859945 0.662699 0.628343 0.618370 0.656580 0.705968 0.716139 0.672204 0.630273 0.633237 0.647042 0.676881 0.989197 0.554278 0.723599 0.686665 0.701592 0.822785 0.838330 0.552699 0.573751 0.550743 0.617848 0.561273 0.562343 0.595193 0.853055 0.000000 0.784015 0.689997 0.808725 0.842630 0.913327 0.687762 0.652610 0.621320 0.619552 0.598101 0.583499 0.825517 0.744105 0.746268 0.773829 0.797773 0.941565 0.728159 0.798509 0.647265 0.660154 0.641153 0.594422 0.532018 0.563957 0.556429 0.581484 0.607198 0.628547 0.597959 0.540647 0.778242 0.642571 0.624060 0.717202 0.636606 0.653140 0.860854 0.887900 0.534433 0.737675 0.712844 0.768888 0.602075 0.667184 0.717289 0.773418 0.689663 0.713383 0.989821 0.793755 0.863508 0.734611 0.953062 0.973370 0.844748 0.990872 0.682656 0.731941 0.691621 0.871317 0.708061 0.715951 0.949126 0.873412 0.614856 0.706974 0.540715 0.638355 0.918790 0.791258 0.879520 0.734454 0.821673 0.644137 0.748380 0.871770 0.669294 0.803997
0.686896 0.622232 0.772948 0.851769 0.981041 0.867284 0.812981 0.804638 0.944027 0.942567 0.823739 0.800075 0.886046 0.904944 0.965433 0.930980 0.665755 0.685754 0.875196 0.737374 0.844678 0.713892 0.860475 0.905532 0.838270 0.852154 0.831652 0.924908 0.754431 0.713883 0.672726 0.837321 0.727214 0.702411 0.699428 0.574976 0.784015 0.000000 0.790297 0.921818 0.808554 0.979075 0.737937 0.696406 0.612438 0.642237 0.721413 0.709548 0.738955 0.665341 0.618646 0.678880 0.697211 0.732037 0.779899 0.805723 0.628531 0.583761 0.736953 0.668008 0.716479 0.727040 0.606441 0.596091 0.799511 0.793534 0.653725 0.574718 0.872266 0.675979 0.647302 0.720412 0.731374 0.665603 0.941564 0.974881 0.854543 0.701396 0.827129 0.905510 0.698814 0.830155 0.694839 0.867069 0.869285 0.869208 0.915314 0.922001 0.997470 0.928642 0.928677 0.937500 0.861900 0.963519 0.806010 0.821593 0.863106 0.826683 0.778949 0.817500 0.818946 0.777002 0.720090 0.789459 0.767217 0.694232 0.809110 0.759793 0.923314 0.911230 0.670827 0.766253 0.889619 0.760573 0.681301 0.829427
