0.000000 0.125221 0.263349 0.245284 0.607060 0.524602 0.216491 0.168451 0.381185 0.301670 0.149850 0.107754 0.120580 0.206119 0.199464 0.200634 0.114079 0.102127 0.121875 0.118006 0.454233 0.768681 0.224505 0.404568 0.660015 0.576453 0.864245 0.934634 0.158195 0.125398 0.254629 0.338063 0.139198 0.154170 0.480092 0.592130 0.322745 0.370939 0.650215 0.602687 0.681325 0.460872 0.197508 0.171083 0.213434 0.163759 0.192211 0.190902 0.600566 0.297317 0.343947 0.253686 0.406562 0.409807 0.420663 0.454244 0.129959 0.122820 0.141127 0.154078 0.115588 0.144244 0.119471 0.108343 0.328764 0.239114 0.233264 0.218588 0.270959 0.177721 0.198526 0.225682 0.387555 0.355551 0.581959 0.556507 0.311993 0.248470 0.156542 0.167664 0.097267 0.138267 0.415303 0.271473 0.213370 0.371717 0.994538 0.889458 0.363991 0.451912 0.511766 0.590672 0.520521 0.688438 0.415549 0.435918 0.298492 0.466678 0.219672 0.207744 0.494080 0.555459 0.257375 0.258546 0.262756 0.278862 0.724757 0.539700 0.553584 0.294481 0.647027 0.292927 0.288971 0.394194 0.410801 0.930495
0.125221 0.000000 0.349662 0.308611 0.648466 0.548673 0.288234 0.217893 0.438951 0.351109 0.197566 0.125922 0.153112 0.193930 0.221786 0.223671 0.132502 0.108843 0.162458 0.146157 0.459666 0.808554 0.275202 0.404291 0.674347 0.606496 0.912769 0.996032 0.152218 0.151539 0.283339 0.361663 0.169460 0.197565 0.550653 0.597303 0.335578 0.423342 0.714311 0.622350 0.764617 0.397119 0.203585 0.178694 0.212109 0.171380 0.209408 0.189832 0.524549 0.311597 0.345168 0.273677 0.433117 0.437643 0.463165 0.470865 0.100354 0.086476 0.161475 0.177833 0.171543 0.199036 0.150539 0.125758 0.426418 0.335500 0.292908 0.273197 0.284740 0.187647 0.225041 0.250784 0.478631 0.436606 0.612798 0.560038 0.296436 0.297686 0.217128 0.183934 0.124624 0.157594 0.388763 0.255532 0.250808 0.372236 0.946466 0.885714 0.417705 0.461096 0.577449 0.640775 0.572978 0.736561 0.343082 0.488481 0.298726 0.384122 0.255445 0.233341 0.510668 0.601763 0.297811 0.242434 0.281101 0.299748 0.808825 0.590506 0.595510 0.357466 0.654897 0.317794 0.350827 0.363063 0.408301 0.870673
0.263349 0.349662 0.000000 0.110614 0.606787 0.500935 0.128047 0.161830 0.306690 0.301098 0.279615 0.284484 0.262230 0.363575 0.338757 0.318200 0.328882 0.277201 0.188864 0.221013 0.368385 0.707616 0.177507 0.331114 0.468852 0.344318 0.879978 0.947179 0.332902 0.254934 0.163332 0.253393 0.178553 0.195254 0.424760 0.606582 0.350462 0.455505 0.535854 0.575526 0.822017 0.600397 0.223366 0.220682 0.350422 0.339736 0.306706 0.261087 0.863569 0.492529 0.532501 0.441971 0.488600 0.357258 0.418246 0.563311 0.404665 0.396836 0.298238 0.321240 0.203017 0.267606 0.299912 0.310571 0.171494 0.144794 0.160284 0.178317 0.374819 0.264652 0.233079 0.313746 0.350186 0.335224 0.583098 0.688590 0.366230 0.301119 0.293056 0.365570 0.249448 0.208980 0.473259 0.292792 0.269978 0.336022 0.904443 0.900100 0.414717 0.460513 0.435482 0.495610 0.433271 0.568232 0.449751 0.534948 0.404380 0.562886 0.360338 0.315952 0.467804 0.389050 0.414973 0.268868 0.314447 0.355713 0.770867 0.549979 0.600111 0.367650 0.658671 0.468202 0.368588 0.531514 0.494261 0.952727
0.245284 0.308611 0.110614 0.000000 0.661212 0.447825 0.133822 0.126729 0.319760 0.255930 0.306363 0.239282 0.239204 0.305257 0.288546 0.269113 0.293691 0.246709 0.182615 0.204591 0.342995 0.677362 0.157189 0.297242 0.454150 0.324901 0.881747 0.981288 0.293572 0.216661 0.155181 0.216980 0.150632 0.156379 0.375929 0.578326 0.311846 0.445481 0.500127 0.601820 0.793448 0.548528 0.187027 0.191538 0.290121 0.286491 0.251450 0.218573 0.759373 0.416203 0.476509 0.379727 0.477012 0.354936 0.375966 0.518331 0.366066 0.342842 0.268577 0.290537 0.203189 0.231718 0.279179 0.263630 0.196573 0.149435 0.146769 0.146935 0.390052 0.244654 0.205302 0.307652 0.384944 0.421755 0.535305 0.655893 0.319691 0.301247 0.250193 0.340626 0.202965 0.154615 0.412749 0.218424 0.231939 0.278049 0.905292 0.933691 0.400882 0.396194 0.405255 0.475676 0.393902 0.544187 0.397761 0.487760 0.346856 0.507820 0.313498 0.254693 0.451739 0.397267 0.358967 0.241304 0.264447 0.323488 0.818406 0.560940 0.609660 0.353946 0.589179 0.387302 0.336379 0.435277 0.487035 0.999782
0.607060 0.648466 0.606787 0.661212 0.000000 0.830974 0.587029 0.603363 0.730657 0.640064 0.662888 0.653014 0.577300 0.655952 0.651676 0.632294 0.660792 0.650669 0.585907 0.685150 0.759198 0.853754 0.635446 0.739693 0.978748 0.908591 0.831710 0.911923 0.629518 0.677697 0.757121 0.807774 0.604177 0.627262 0.821315 0.821702 0.820154 0.657602 0.853251 0.705016 0.863790 0.693665 0.577152 0.605615 0.614558 0.609264 0.596391 0.590106 0.778558 0.701283 0.567873 0.597448 0.687721 0.600561 0.800614 0.711925 0.604198 0.689281 0.559069 0.638054 0.537499 0.555016 0.577921 0.591484 0.606808 0.584115 0.585115 0.591292 0.786782 0.680137 0.527874 0.660776 0.851830 0.788398 0.955428 0.779650 0.748284 0.759792 0.740366 0.707359 0.653301 0.680183 0.600196 0.660777 0.580969 0.651114 0.941975 0.987301 0.741374 0.701264 0.690615 0.654598 0.730813 0.747735 0.923318 0.769151 0.706225 0.670993 0.607483 0.594491 0.660324 0.653486 0.533479 0.582535 0.570390 0.663686 0.813858 0.604659 0.774539 0.773692 0.774230 0.744965 0.663818 0.704910 0.648546 0.962239
0.524602 0.548673 0.500935 0.447825 0.830974 0.000000 0.416725 0.386010 0.547014 0.429292 0.575127 0.520396 0.539533 0.655532 0.633921 0.597012 0.568099 0.506069 0.533501 0.522766 0.670623 0.970075 0.572006 0.754463 0.827163 0.576973 0.954266 0.850114 0.561964 0.565365 0.562715 0.632979 0.494379 0.486946 0.590674 0.805499 0.575429 0.817600 0.806810 0.871792 0.768068 0.557684 0.379174 0.465976 0.422120 0.454983 0.413724 0.471648 0.744768 0.622896 0.601917 0.529581 0.646923 0.594642 0.668226 0.638462 0.583358 0.573353 0.530725 0.548542 0.516619 0.537280 0.537832 0.538220 0.603117 0.497832 0.398617 0.425400 0.664552 0.537029 0.450557 0.451305 0.658673 0.714217 0.651381 0.823873 0.531805 0.538839 0.476592 0.667741 0.486482 0.487423 0.789424 0.510624 0.565282 0.699545 0.837790 0.808735 0.754798 0.668101 0.370659 0.440744 0.333294 0.517192 0.589189 0.676258 0.439067 0.690932 0.418122 0.421071 0.488057 0.452423 0.557604 0.435566 0.459149 0.537424 0.965777 0.631339 0.779954 0.604256 0.713317 0.459723 0.423845 0.587664 0.630152 0.843014
0.216491 0.288234 0.128047 0.133822 0.587029 0.416725 0.000000 0.101383 0.298058 0.190332 0.233557 0.235973 0.231023 0.338111 0.329857 0.314540 0.244572 0.208745 0.142801 0.199831 0.384379 0.714262 0.225532 0.441691 0.668289 0.501644 0.796379 0.913024 0.284186 0.226619 0.219612 0.293044 0.155501 0.139528 0.452831 0.621365 0.387991 0.455599 0.589045 0.578399 0.749390 0.504168 0.166761 0.143385 0.234323 0.245047 0.264876 0.211593 0.803329 0.475427 0.460919 0.389136 0.495295 0.327319 0.409847 0.600354 0.296419 0.317964 0.211682 0.283343 0.160108 0.248483 0.231309 0.246251 0.252481 0.167052 0.104931 0.119720 0.359674 0.250693 0.187205 0.225515 0.365590 0.370798 0.533526 0.631193 0.322087 0.249922 0.271811 0.340972 0.195526 0.185466 0.471095 0.293743 0.292981 0.410930 0.940629 0.803111 0.422935 0.538573 0.366400 0.402074 0.356319 0.472472 0.416852 0.480458 0.326345 0.487405 0.256199 0.225339 0.405129 0.290155 0.330044 0.198818 0.263939 0.291753 0.819990 0.513452 0.575309 0.323121 0.562935 0.346749 0.268826 0.393384 0.464225 0.898585
0.168451 0.217893 0.161830 0.126729 0.603363 0.386010 0.101383 0.000000 0.318319 0.167472 0.237727 0.171226 0.179874 0.256772 0.256530 0.248030 0.196828 0.171886 0.154276 0.173410 0.388704 0.737383 0.195046 0.388505 0.655523 0.488095 0.812012 0.978185 0.229057 0.180064 0.225331 0.287858 0.126694 0.118228 0.387943 0.551047 0.340355 0.402463 0.613027 0.579092 0.699944 0.466030 0.138507 0.147002 0.184214 0.191512 0.218477 0.181120 0.663158 0.369011 0.373920 0.301112 0.410634 0.317402 0.378203 0.497729 0.247118 0.241381 0.175671 0.222522 0.139677 0.170681 0.186419 0.165676 0.256985 0.172730 0.106225 0.118356 0.388294 0.199798 0.187196 0.243113 0.406495 0.431833 0.533813 0.596807 0.282438 0.235331 0.193155 0.311750 0.140960 0.142947 0.423845 0.237111 0.220153 0.345562 0.996174 0.842890 0.391307 0.413275 0.321697 0.375283 0.313472 0.471806 0.347428 0.394371 0.253169 0.415802 0.193467 0.156133 0.336577 0.344672 0.264553 0.169128 0.197942 0.252051 0.794302 0.459615 0.562546 0.300414 0.520285 0.296581 0.240771 0.354889 0.431794 0.917390
0.381185 0.438951 0.306690 0.319760 0.730657 0.547014 0.298058 0.318319 0.000000 0.339465 0.358215 0.358462 0.360440 0.466959 0.446982 0.404531 0.418520 0.383382 0.359336 0.341532 0.595838 0.809370 0.352499 0.559403 0.690887 0.552753 0.997402 0.901880 0.415828 0.375745 0.356673 0.459384 0.332292 0.345006 0.545938 0.677431 0.440270 0.491765 0.718180 0.664097 0.908948 0.675687 0.348705 0.333044 0.392157 0.400895 0.372407 0.393802 0.831932 0.544677 0.513049 0.453093 0.559498 0.479765 0.554777 0.590957 0.429885 0.451400 0.391652 0.426708 0.304718 0.348281 0.401497 0.416762 0.308960 0.305905 0.325463 0.331871 0.406874 0.407772 0.358375 0.478350 0.356239 0.339197 0.656692 0.589428 0.439422 0.378515 0.469716 0.430683 0.397954 0.395151 0.593130 0.496568 0.428627 0.540057 0.968158 0.780252 0.556584 0.605718 0.513090 0.503590 0.489362 0.547158 0.560618 0.486123 0.547198 0.732252 0.348124 0.367820 0.500622 0.429005 0.479045 0.327610 0.442603 0.458775 0.793074 0.558250 0.703192 0.509766 0.580121 0.499846 0.408243 0.598684 0.519413 0.905228
0.301670 0.351109 0.301098 0.255930 0.640064 0.429292 0.190332 0.167472 0.339465 0.000000 0.303891 0.282422 0.310875 0.382029 0.379552 0.379771 0.289401 0.289371 0.279495 0.323435 0.524454 0.732442 0.347660 0.548196 0.825064 0.599892 0.837225 0.961344 0.334558 0.288588 0.363361 0.401288 0.236598 0.227146 0.411634 0.635102 0.460736 0.485386 0.689425 0.654002 0.803184 0.474898 0.259281 0.274702 0.294683 0.322245 0.391689 0.322397 0.760507 0.505104 0.486981 0.403113 0.559654 0.405772 0.501836 0.585837 0.362386 0.379940 0.283562 0.340944 0.255921 0.275120 0.308500 0.286226 0.365417 0.257648 0.221675 0.241452 0.441577 0.266501 0.309344 0.327990 0.395510 0.449623 0.547403 0.546923 0.349544 0.274331 0.342687 0.406728 0.254181 0.279709 0.563682 0.334194 0.398678 0.541692 0.969748 0.739982 0.515827 0.578959 0.358937 0.365828 0.337123 0.437381 0.461624 0.409002 0.358955 0.477140 0.228467 0.223125 0.386792 0.311656 0.355552 0.230358 0.321313 0.338609 0.820447 0.476548 0.655565 0.437384 0.532082 0.362109 0.298631 0.375504 0.515026 0.953443
0.149850 0.197566 0.279615 0.306363 0.662888 0.575127 0.233557 0.237727 0.358215 0.303891 0.000000 0.137030 0.141040 0.218541 0.228759 0.211408 0.133536 0.125305 0.139400 0.145040 0.459683 0.814733 0.256545 0.400021 0.717423 0.611342 0.933299 0.907789 0.179131 0.132643 0.257876 0.304422 0.187216 0.185140 0.579116 0.640997 0.408180 0.427155 0.707655 0.580409 0.675676 0.504925 0.276597 0.224326 0.348730 0.310694 0.314355 0.287848 0.845702 0.503099 0.527692 0.444845 0.549101 0.521896 0.515904 0.668204 0.166274 0.207997 0.229695 0.280927 0.152340 0.230290 0.152881 0.174309 0.356096 0.260007 0.295169 0.302779 0.255453 0.257609 0.247044 0.266911 0.377084 0.353855 0.648252 0.590290 0.330643 0.239216 0.239028 0.195148 0.165937 0.218121 0.382041 0.336793 0.338046 0.479155 0.926584 0.828926 0.470796 0.642408 0.624457 0.684986 0.639394 0.752165 0.474030 0.565463 0.422731 0.549124 0.352460 0.312143 0.589587 0.528832 0.341522 0.266405 0.383667 0.341811 0.785210 0.633773 0.653834 0.374865 0.689460 0.387399 0.363290 0.450793 0.458771 0.996675
0.107754 0.125922 0.284484 0.239282 0.653014 0.520396 0.235973 0.171226 0.358462 0.282422 0.137030 0.000000 0.099282 0.126926 0.142355 0.131794 0.103144 0.084789 0.123814 0.114435 0.458075 0.772995 0.196187 0.340964 0.672191 0.570644 0.922443 0.976916 0.112574 0.083736 0.240519 0.286049 0.130487 0.154225 0.485567 0.585746 0.332751 0.378957 0.644064 0.566851 0.698782 0.434224 0.217518 0.189375 0.254560 0.207696 0.222673 0.203896 0.627476 0.361121 0.391148 0.317905 0.466108 0.454770 0.428239 0.512999 0.126166 0.127267 0.161882 0.186754 0.116182 0.139707 0.096244 0.085368 0.337044 0.241871 0.256318 0.238776 0.298891 0.182317 0.221871 0.260482 0.439299 0.431733 0.592883 0.550180 0.280787 0.231430 0.163175 0.182878 0.103907 0.146062 0.321952 0.233726 0.218139 0.346403 0.927334 0.903036 0.382527 0.463025 0.570484 0.640269 0.578087 0.752423 0.375497 0.471025 0.348084 0.441805 0.260295 0.218525 0.517983 0.570913 0.264448 0.231921 0.279936 0.279861 0.772925 0.566917 0.592835 0.301727 0.599118 0.326956 0.319854 0.371884 0.403271 0.968953
0.120580 0.153112 0.262230 0.239204 0.577300 0.539533 0.231023 0.179874 0.360440 0.310875 0.141040 0.099282 0.000000 0.117975 0.105413 0.113399 0.134368 0.119877 0.132904 0.147915 0.395610 0.764803 0.151595 0.278943 0.632683 0.567343 0.924241 0.964771 0.134078 0.105780 0.214256 0.290087 0.159494 0.173851 0.523321 0.598540 0.299057 0.335157 0.632202 0.573758 0.678039 0.442179 0.215710 0.188440 0.277564 0.235396 0.222458 0.192941 0.675238 0.388936 0.400214 0.325684 0.478857 0.456372 0.452944 0.531803 0.144662 0.160550 0.185424 0.224784 0.103979 0.150323 0.097901 0.097767 0.282819 0.239044 0.253848 0.252413 0.363159 0.249470 0.219535 0.279409 0.457450 0.425917 0.633717 0.560788 0.353303 0.254296 0.200266 0.218995 0.128762 0.176635 0.296514 0.262492 0.185380 0.311897 0.934229 0.961952 0.382065 0.417987 0.584491 0.650353 0.591672 0.758281 0.402881 0.475328 0.364017 0.458978 0.296236 0.247574 0.528161 0.561752 0.256245 0.243843 0.292438 0.250564 0.742165 0.534920 0.570570 0.310938 0.631168 0.370666 0.367996 0.408899 0.397799 0.988651
0.206119 0.193930 0.363575 0.305257 0.655952 0.655532 0.338111 0.256772 0.466959 0.382029 0.218541 0.126926 0.117975 0.000000 0.105927 0.109390 0.185407 0.172759 0.199172 0.214632 0.440444 0.751722 0.175749 0.239537 0.652786 0.612291 0.938643 0.910704 0.141460 0.134120 0.258393 0.287408 0.204318 0.227402 0.509532 0.604304 0.336932 0.368099 0.630539 0.557575 0.739211 0.449562 0.291433 0.260292 0.351726 0.310534 0.274176 0.241416 0.632107 0.429523 0.437599 0.395281 0.527423 0.546801 0.484292 0.572830 0.189126 0.197311 0.223024 0.270671 0.168992 0.197492 0.132743 0.117979 0.337364 0.300703 0.321040 0.307621 0.443221 0.299455 0.319234 0.396386 0.590215 0.589966 0.676174 0.623837 0.361725 0.286655 0.246403 0.290691 0.195437 0.230577 0.229223 0.294712 0.202153 0.278172 0.912377 0.944002 0.424959 0.410802 0.704576 0.779159 0.710104 0.898723 0.415918 0.516771 0.449964 0.414794 0.375833 0.307967 0.583224 0.678252 0.267122 0.310517 0.336138 0.295111 0.825745 0.599516 0.595658 0.368889 0.611730 0.414944 0.465172 0.451129 0.429076 0.948741
0.199464 0.221786 0.338757 0.288546 0.651676 0.633921 0.329857 0.256530 0.446982 0.379552 0.228759 0.142355 0.105413 0.105927 0.000000 0.114722 0.212693 0.193391 0.216587 0.229419 0.416577 0.764539 0.158636 0.258784 0.613953 0.570129 0.995434 0.989961 0.185065 0.149478 0.249094 0.308368 0.223038 0.246901 0.517353 0.663516 0.303901 0.377251 0.649677 0.558274 0.708025 0.492936 0.294166 0.263178 0.351987 0.300987 0.293309 0.230167 0.641943 0.401287 0.419929 0.351166 0.489478 0.491071 0.438977 0.520633 0.223309 0.220169 0.253266 0.274955 0.160479 0.178032 0.156168 0.140429 0.293636 0.284242 0.337300 0.329367 0.466995 0.307936 0.313164 0.369222 0.526898 0.538542 0.658848 0.606007 0.398704 0.306541 0.258967 0.287127 0.198992 0.233861 0.292753 0.310962 0.187865 0.289559 0.844765 0.905304 0.375597 0.351871 0.669379 0.734004 0.673175 0.862097 0.415895 0.495184 0.430705 0.492304 0.357562 0.295952 0.579208 0.651676 0.279158 0.315840 0.325191 0.292190 0.733533 0.553163 0.622049 0.396825 0.661918 0.422164 0.440288 0.468006 0.429722 0.917636
0.200634 0.223671 0.318200 0.269113 0.632294 0.597012 0.314540 0.248030 0.404531 0.379771 0.211408 0.131794 0.113399 0.109390 0.114722 0.000000 0.195880 0.170223 0.185178 0.205760 0.433539 0.797500 0.142957 0.237839 0.595563 0.549934 0.994679 0.964486 0.144402 0.128390 0.221102 0.264394 0.193362 0.214715 0.524780 0.650483 0.316348 0.369156 0.575807 0.488065 0.723393 0.448200 0.272262 0.242566 0.354555 0.296396 0.261238 0.232689 0.683565 0.416080 0.441620 0.381472 0.503931 0.496335 0.473788 0.547360 0.218222 0.217371 0.233082 0.268566 0.148808 0.179639 0.139739 0.123407 0.300782 0.253340 0.303828 0.304703 0.397825 0.285237 0.289673 0.349243 0.528396 0.562442 0.636760 0.604290 0.379928 0.272855 0.234920 0.259069 0.184196 0.204720 0.231569 0.249592 0.192001 0.250843 0.893105 0.920152 0.400676 0.385426 0.679137 0.751311 0.685872 0.871784 0.444111 0.500895 0.458309 0.479189 0.384045 0.324235 0.598872 0.611939 0.268656 0.291444 0.317720 0.295797 0.733105 0.645852 0.630439 0.398447 0.720727 0.439344 0.462273 0.442190 0.428029 0.978423
0.114079 0.132502 0.328882 0.293691 0.660792 0.568099 0.244572 0.196828 0.418520 0.289401 0.133536 0.103144 0.134368 0.185407 0.212693 0.195880 0.000000 0.083612 0.131811 0.132298 0.474028 0.728234 0.268697 0.420439 0.750253 0.645019 0.909915 0.964732 0.123123 0.105116 0.274056 0.297686 0.157037 0.146677 0.561253 0.602244 0.386112 0.433999 0.683814 0.584564 0.690916 0.440953 0.239346 0.185822 0.259786 0.230186 0.255850 0.240360 0.678378 0.397142 0.439102 0.346341 0.508778 0.462708 0.483893 0.568920 0.114121 0.123528 0.173702 0.203882 0.150823 0.186403 0.128204 0.119366 0.404045 0.275790 0.273186 0.257362 0.266791 0.189822 0.247613 0.262390 0.415143 0.394947 0.611777 0.507712 0.303396 0.240228 0.179094 0.158426 0.103587 0.156318 0.362381 0.276217 0.292688 0.412296 0.984917 0.882435 0.429309 0.547299 0.603764 0.653091 0.612030 0.722934 0.378617 0.476453 0.333611 0.417387 0.292100 0.229582 0.576326 0.554756 0.276215 0.234667 0.326017 0.276393 0.816017 0.600115 0.634220 0.319525 0.638095 0.315198 0.351843 0.315407 0.478518 0.906594
0.102127 0.108843 0.277201 0.246709 0.650669 0.506069 0.208745 0.171886 0.383382 0.289371 0.125305 0.084789 0.119877 0.172759 0.193391 0.170223 0.083612 0.000000 0.106774 0.102098 0.422430 0.766183 0.237716 0.389312 0.697299 0.592788 0.889122 0.992280 0.115016 0.090516 0.241600 0.291512 0.128989 0.136725 0.543054 0.622521 0.355017 0.416260 0.671198 0.561394 0.721069 0.425051 0.191660 0.144424 0.230529 0.186886 0.205301 0.190052 0.653194 0.368798 0.407423 0.321931 0.477317 0.426265 0.453054 0.538279 0.102953 0.110456 0.163676 0.194217 0.125663 0.168607 0.111627 0.101503 0.367450 0.246079 0.236219 0.234752 0.247808 0.183960 0.210995 0.222235 0.420446 0.391981 0.590447 0.552869 0.267577 0.214408 0.163739 0.162502 0.098825 0.134268 0.343350 0.238894 0.259701 0.376937 0.935390 0.858962 0.433471 0.516617 0.550286 0.614362 0.556980 0.698856 0.354791 0.465382 0.327950 0.414834 0.264658 0.215551 0.537820 0.528230 0.270304 0.217992 0.269724 0.273835 0.807323 0.614996 0.605809 0.299069 0.665117 0.292827 0.286046 0.336285 0.407099 0.923158
0.121875 0.162458 0.188864 0.182615 0.585907 0.533501 0.142801 0.154276 0.359336 0.279495 0.139400 0.123814 0.132904 0.199172 0.216587 0.185178 0.131811 0.106774 0.000000 0.116472 0.393139 0.724133 0.187275 0.354815 0.625597 0.531878 0.874258 0.917018 0.157680 0.117750 0.186891 0.251453 0.127186 0.118183 0.478648 0.588563 0.351072 0.383305 0.560533 0.523400 0.762951 0.442934 0.178748 0.138382 0.254020 0.225583 0.212514 0.166134 0.730281 0.388976 0.428287 0.344923 0.487623 0.394627 0.435664 0.589930 0.167858 0.186404 0.152695 0.194521 0.108573 0.193420 0.122218 0.137281 0.290376 0.195779 0.185249 0.175506 0.265696 0.194062 0.174550 0.219086 0.397986 0.373782 0.537590 0.563967 0.312832 0.240484 0.202560 0.186958 0.122511 0.138706 0.337150 0.247065 0.239890 0.354204 0.939511 0.859460 0.400948 0.520305 0.557496 0.625379 0.560530 0.703624 0.413488 0.487413 0.347453 0.429720 0.287264 0.243342 0.537352 0.484353 0.284263 0.218775 0.280360 0.268215 0.726675 0.588231 0.560350 0.292649 0.630279 0.328415 0.338425 0.390934 0.417909 0.956802
0.118006 0.146157 0.221013 0.204591 0.685150 0.522766 0.199831 0.173410 0.341532 0.323435 0.145040 0.114435 0.147915 0.214632 0.229419 0.205760 0.132298 0.102098 0.116472 0.000000 0.393179 0.743084 0.212845 0.345771 0.598467 0.485463 0.925697 0.999373 0.161025 0.107028 0.200333 0.245616 0.131234 0.137024 0.517164 0.615059 0.346687 0.426453 0.682662 0.591446 0.725799 0.503278 0.190916 0.164192 0.263046 0.208193 0.210454 0.214848 0.698383 0.362728 0.443544 0.358623 0.493729 0.448947 0.439333 0.531481 0.162358 0.160461 0.173123 0.197653 0.149244 0.191073 0.149303 0.148412 0.335660 0.236590 0.228082 0.215344 0.247061 0.189313 0.197555 0.239097 0.353870 0.337691 0.596608 0.582137 0.288136 0.239657 0.178221 0.163558 0.119180 0.125853 0.395783 0.253967 0.263982 0.377547 0.897091 0.879339 0.380327 0.526336 0.569552 0.644864 0.575356 0.733847 0.375515 0.513636 0.357159 0.491575 0.296356 0.249078 0.528503 0.545725 0.328993 0.255013 0.311881 0.283635 0.760546 0.618227 0.549911 0.278569 0.644965 0.332823 0.324358 0.398332 0.411915 0.907677
0.454233 0.459666 0.368385 0.342995 0.759198 0.670623 0.384379 0.388704 0.595838 0.524454 0.459683 0.458075 0.395610 0.440444 0.416577 0.433539 0.474028 0.422430 0.393139 0.393179 0.000000 0.757146 0.363889 0.411695 0.539547 0.535537 0.920374 0.974948 0.494022 0.434297 0.354717 0.449147 0.414940 0.359697 0.576082 0.714990 0.435212 0.457156 0.592289 0.682205 0.718131 0.631077 0.372842 0.359477 0.505367 0.475513 0.430402 0.407799 0.842099 0.546543 0.643516 0.580298 0.717390 0.526077 0.504489 0.692221 0.496386 0.460068 0.444689 0.479306 0.426443 0.475718 0.442105 0.434234 0.407096 0.445253 0.413339 0.435548 0.587503 0.487050 0.388540 0.458265 0.596540 0.638586 0.750809 0.798802 0.492698 0.421969 0.455668 0.477244 0.430130 0.380306 0.475014 0.446195 0.403494 0.475751 0.972816 0.973049 0.591459 0.526935 0.615780 0.687345 0.621293 0.750657 0.513070 0.562035 0.468687 0.629897 0.577355 0.484934 0.685346 0.554666 0.455813 0.407016 0.445693 0.429657 0.880173 0.639143 0.541840 0.562263 0.729370 0.566791 0.517176 0.587696 0.567031 0.881098
0.768681 0.808554 0.707616 0.677362 0.853754 0.970075 0.714262 0.737383 0.809370 0.732442 0.814733 0.772995 0.764803 0.751722 0.764539 0.797500 0.728234 0.766183 0.724133 0.743084 0.757146 0.000000 0.725413 0.798878 0.934117 0.783801 0.966966 0.970727 0.739259 0.724098 0.769304 0.656079 0.714850 0.704673 0.853922 0.771451 0.804504 0.813207 0.801358 0.833531 0.855303 0.882323 0.725721 0.738742 0.788420 0.817366 0.801983 0.780604 0.889775 0.828244 0.833098 0.806385 0.927928 0.733546 0.784835 0.948254 0.796052 0.841149 0.773873 0.873924 0.759705 0.800703 0.801781 0.793418 0.707395 0.719414 0.701161 0.685188 0.826388 0.763559 0.717407 0.811116 0.756140 0.751417 0.921851 0.663785 0.807153 0.793861 0.816555 0.748087 0.762740 0.759922 0.742344 0.772122 0.775753 0.712227 0.960035 0.917307 0.756682 0.809544 0.828859 0.857383 0.866577 0.831132 0.793039 0.820440 0.855046 0.740695 0.745742 0.728018 0.843356 0.753051 0.775871 0.686587 0.795237 0.722823 0.930049 0.828664 0.908554 0.711423 0.778006 0.858573 0.801576 0.821836 0.761451 0.961157
0.224505 0.275202 0.177507 0.157189 0.635446 0.572006 0.225532 0.195046 0.352499 0.347660 0.256545 0.196187 0.151595 0.175749 0.158636 0.142957 0.268697 0.237716 0.187275 0.212845 0.363889 0.725413 0.000000 0.182059 0.443389 0.377365 0.973063 0.980881 0.215983 0.180910 0.132939 0.198307 0.171116 0.186393 0.412147 0.575877 0.268403 0.358443 0.500721 0.525879 0.809382 0.499542 0.238457 0.235744 0.359115 0.310712 0.248554 0.210933 0.742403 0.428240 0.472739 0.389004 0.455464 0.431957 0.390164 0.504492 0.309151 0.302005 0.240165 0.265614 0.150296 0.189453 0.186049 0.191006 0.173810 0.174988 0.210278 0.217114 0.426962 0.280664 0.253969 0.367791 0.439732 0.493235 0.629815 0.664796 0.386438 0.306320 0.256056 0.316177 0.188014 0.177426 0.292815 0.224710 0.125617 0.184944 0.926557 0.904934 0.337149 0.316347 0.596469 0.682731 0.588375 0.801130 0.408567 0.481329 0.402826 0.481337 0.376395 0.312185 0.536873 0.556828 0.309622 0.277444 0.322127 0.265963 0.740904 0.565372 0.594124 0.390252 0.679869 0.464417 0.428168 0.513766 0.404423 0.997855
0.404568 0.404291 0.331114 0.297242 0.739693 0.754463 0.441691 0.388505 0.559403 0.548196 0.400021 0.340964 0.278943 0.239537 0.258784 0.237839 0.420439 0.389312 0.354815 0.345771 0.411695 0.798878 0.182059 0.000000 0.355951 0.365467 0.948199 0.880135 0.326385 0.294575 0.229582 0.249482 0.322503 0.354904 0.503623 0.654863 0.381217 0.500804 0.519332 0.625411 0.871237 0.606937 0.419983 0.419765 0.557352 0.511962 0.402052 0.377826 0.809628 0.573691 0.632712 0.595011 0.619240 0.650919 0.517646 0.632654 0.460412 0.446785 0.445400 0.473775 0.336027 0.350411 0.341665 0.345696 0.301171 0.320587 0.413684 0.434418 0.572856 0.449997 0.432620 0.573984 0.580441 0.623196 0.776353 0.716572 0.536997 0.432898 0.411546 0.438962 0.346397 0.312969 0.282409 0.318825 0.250634 0.204443 0.818649 0.741644 0.455516 0.380338 0.821434 0.927153 0.816800 0.985685 0.503881 0.644212 0.587957 0.533008 0.631422 0.528546 0.695007 0.795640 0.524994 0.466553 0.496424 0.476105 0.849542 0.706186 0.661201 0.529094 0.775770 0.622928 0.657564 0.676878 0.546949 0.904657
0.660015 0.674347 0.468852 0.454150 0.978748 0.827163 0.668289 0.655523 0.690887 0.825064 0.717423 0.672191 0.632683 0.652786 0.613953 0.595563 0.750253 0.697299 0.625597 0.598467 0.539547 0.934117 0.443389 0.355951 0.000000 0.242089 0.873598 0.847012 0.687557 0.633584 0.373739 0.513217 0.590489 0.640232 0.569104 0.806342 0.538430 0.754794 0.472204 0.826684 0.944205 0.878629 0.645631 0.680719 0.788531 0.733848 0.579365 0.624372 0.939474 0.670772 0.857790 0.733989 0.730880 0.774479 0.575965 0.679478 0.809360 0.694843 0.726384 0.633663 0.662812 0.650451 0.724691 0.710265 0.462341 0.553946 0.660265 0.641581 0.658160 0.670607 0.651752 0.707672 0.556426 0.646445 0.746180 0.923058 0.705982 0.752982 0.655975 0.607947 0.627901 0.548110 0.701325 0.583473 0.507290 0.426547 0.956044 0.908910 0.685854 0.494769 0.905264 0.977704 0.839388 0.990488 0.660791 0.819620 0.725089 0.827168 0.839512 0.801652 0.932366 0.915690 0.885160 0.731523 0.690534 0.710993 0.857702 0.927830 0.809128 0.704589 0.961449 0.853624 0.818873 0.912097 0.743434 0.965533
0.576453 0.606496 0.344318 0.324901 0.908591 0.576973 0.501644 0.488095 0.552753 0.599892 0.611342 0.570644 0.567343 0.612291 0.570129 0.549934 0.645019 0.592788 0.531878 0.485463 0.535537 0.783801 0.377365 0.365467 0.242089 0.000000 0.873403 0.775979 0.582587 0.541586 0.319234 0.379390 0.453324 0.467672 0.436671 0.732308 0.488020 0.763942 0.498272 0.693421 0.973493 0.790549 0.463237 0.516026 0.604524 0.564644 0.444777 0.498530 0.809206 0.575350 0.684369 0.584485 0.551648 0.597924 0.501578 0.547222 0.734314 0.654954 0.578563 0.550843 0.534106 0.508843 0.627896 0.622448 0.332788 0.345327 0.462134 0.442277 0.594551 0.532493 0.543570 0.613425 0.441776 0.563328 0.692926 0.807573 0.553007 0.595691 0.582714 0.565631 0.507433 0.436940 0.649861 0.466090 0.424307 0.368365 0.976362 0.930126 0.514561 0.455636 0.696876 0.772229 0.648708 0.847871 0.553121 0.737018 0.613712 0.721920 0.637631 0.563515 0.706029 0.729054 0.751048 0.537001 0.591634 0.644850 0.841826 0.763190 0.812673 0.665328 0.934825 0.677704 0.627374 0.791601 0.569969 0.966730
0.864245 0.912769 0.879978 0.881747 0.831710 0.954266 0.796379 0.812012 0.997402 0.837225 0.933299 0.922443 0.924241 0.938643 0.995434 0.994679 0.909915 0.889122 0.874258 0.925697 0.920374 0.966966 0.973063 0.948199 0.873598 0.873403 0.000000 0.977680 0.979216 0.916960 0.986406 0.948525 0.870358 0.881677 0.890495 0.863863 0.930625 0.802247 0.873039 0.941490 0.873397 0.930836 0.902458 0.918800 0.858434 0.858717 0.953141 0.908551 0.918679 0.935539 0.826740 0.897909 0.900874 0.772603 0.845038 0.871215 0.914575 0.951599 0.887411 0.914300 0.886786 0.896362 0.869160 0.884863 0.947084 0.894886 0.822766 0.873025 0.978014 0.962814 0.892116 0.851030 0.938684 0.960425 0.999648 0.806361 0.915859 0.861130 0.943483 0.999307 0.883866 0.822624 0.950585 0.916753 0.896032 0.916900 0.870989 0.966549 0.965117 0.967961 0.719453 0.732408 0.767631 0.714291 0.990315 0.823440 0.872925 0.839351 0.819695 0.840620 0.851667 0.839274 0.821534 0.911380 0.736910 0.972911 0.930402 0.875868 0.859269 0.755177 0.955729 0.819240 0.712773 0.894099 0.978357 0.902030
0.934634 0.996032 0.947179 0.981288 0.911923 0.850114 0.913024 0.978185 0.901880 0.961344 0.907789 0.976916 0.964771 0.910704 0.989961 0.964486 0.964732 0.992280 0.917018 0.999373 0.974948 0.970727 0.980881 0.880135 0.847012 0.775979 0.977680 0.000000 0.967246 0.996645 0.992635 0.961599 0.973413 0.964531 0.987555 0.976385 0.913257 0.911604 0.867121 0.975777 0.968615 0.926716 0.992504 0.979839 0.937775 0.969533 0.929708 0.936309 0.929123 0.915197 0.998448 0.920882 0.899122 0.873293 0.996142 0.988013 0.964777 0.998748 0.938019 0.927821 0.936710 0.987046 0.994676 0.986946 0.972287 0.995653 0.943114 0.986302 0.964547 0.974163 0.927322 0.891220 0.955824 0.866773 0.896228 0.952798 0.927015 0.999621 0.953826 0.910849 0.984566 0.988473 0.953226 0.996251 0.995469 0.903589 0.985670 0.989297 0.954425 0.963296 0.998126 0.986262 0.987567 0.959484 0.992069 0.849545 0.909904 0.829662 0.951019 0.964278 0.923938 0.930968 0.888522 0.986501 0.995808 0.887737 0.766111 0.936133 0.930360 0.989248 0.926078 0.952717 0.996851 0.986830 0.890815 0.962951
0.158195 0.152218 0.332902 0.293572 0.629518 0.561964 0.284186 0.229057 0.415828 0.334558 0.179131 0.112574 0.134078 0.141460 0.185065 0.144402 0.123123 0.115016 0.157680 0.161025 0.494022 0.739259 0.215983 0.326385 0.687557 0.582587 0.979216 0.967246 0.000000 0.107742 0.244178 0.277025 0.152613 0.179754 0.538611 0.641171 0.383603 0.468537 0.658039 0.518104 0.789508 0.422680 0.252675 0.212192 0.303134 0.250819 0.226746 0.197677 0.632187 0.405857 0.434434 0.353063 0.489327 0.483728 0.475051 0.528684 0.150274 0.172583 0.177762 0.217461 0.148356 0.175808 0.121736 0.122394 0.366060 0.258318 0.271124 0.261973 0.289530 0.211688 0.275954 0.337409 0.475437 0.465212 0.625319 0.553173 0.334382 0.255130 0.191074 0.203160 0.126787 0.172578 0.309807 0.246398 0.241450 0.325334 0.930783 0.947230 0.440970 0.461615 0.668232 0.721223 0.656183 0.841047 0.373666 0.523702 0.391263 0.430419 0.343673 0.263663 0.567578 0.575792 0.279438 0.245504 0.320941 0.290447 0.810784 0.690499 0.666837 0.331700 0.639197 0.399655 0.391475 0.348518 0.424240 0.907980
0.125398 0.151539 0.254934 0.216661 0.677697 0.565365 0.226619 0.180064 0.375745 0.288588 0.132643 0.083736 0.105780 0.134120 0.149478 0.128390 0.105116 0.090516 0.117750 0.107028 0.434297 0.724098 0.180910 0.294575 0.633584 0.541586 0.916960 0.996645 0.107742 0.000000 0.206285 0.223168 0.128203 0.137670 0.511593 0.630708 0.334533 0.418534 0.642758 0.545893 0.749575 0.485002 0.242849 0.191385 0.300953 0.243247 0.249461 0.211940 0.723058 0.395606 0.454836 0.363309 0.499166 0.451391 0.435704 0.539924 0.157307 0.159588 0.185247 0.215313 0.125548 0.159417 0.115984 0.104212 0.326584 0.227674 0.250250 0.244753 0.271729 0.184838 0.240270 0.281514 0.410382 0.403902 0.552038 0.555095 0.319362 0.227029 0.156278 0.166933 0.103563 0.125667 0.314103 0.224081 0.242737 0.323499 0.863766 0.968942 0.387887 0.493942 0.616789 0.686232 0.625195 0.783364 0.377126 0.506667 0.395208 0.454765 0.326969 0.255327 0.575083 0.554866 0.290963 0.244423 0.314399 0.275409 0.770290 0.661230 0.634529 0.287948 0.665679 0.364446 0.367527 0.354344 0.444321 0.988866
0.254629 0.283339 0.163332 0.155181 0.757121 0.562715 0.219612 0.225331 0.356673 0.363361 0.257876 0.240519 0.214256 0.258393 0.249094 0.221102 0.274056 0.241600 0.186891 0.200333 0.354717 0.769304 0.132939 0.229582 0.373739 0.319234 0.986406 0.992635 0.244178 0.206285 0.000000 0.170273 0.175324 0.190346 0.445826 0.642129 0.284452 0.466813 0.484347 0.610766 0.795936 0.565401 0.250722 0.232808 0.382396 0.350370 0.278037 0.250928 0.817430 0.487426 0.565061 0.467002 0.534078 0.484509 0.424790 0.576947 0.333448 0.314739 0.277838 0.300509 0.206374 0.259600 0.257444 0.264268 0.226997 0.188442 0.233754 0.238522 0.320438 0.285818 0.278324 0.336587 0.354727 0.395270 0.582656 0.713788 0.379272 0.297174 0.278816 0.282718 0.211607 0.176874 0.372822 0.241207 0.221872 0.259620 0.917052 0.991952 0.376441 0.425451 0.640346 0.715177 0.604909 0.780869 0.429835 0.551736 0.378459 0.551034 0.436040 0.382037 0.597441 0.522568 0.429091 0.320156 0.373603 0.351514 0.746349 0.673477 0.644985 0.387822 0.725433 0.481330 0.473293 0.460789 0.507854 0.968504
0.338063 0.361663 0.253393 0.216980 0.807774 0.632979 0.293044 0.287858 0.459384 0.401288 0.304422 0.286049 0.290087 0.287408 0.308368 0.264394 0.297686 0.291512 0.251453 0.245616 0.449147 0.656079 0.198307 0.249482 0.513217 0.379390 0.948525 0.961599 0.277025 0.223168 0.170273 0.000000 0.243886 0.219464 0.554345 0.675240 0.403570 0.599253 0.543435 0.579121 0.897441 0.636365 0.321114 0.284264 0.464370 0.440974 0.367012 0.316959 0.915616 0.578189 0.660025 0.574632 0.617514 0.560550 0.515806 0.695712 0.388241 0.396941 0.336972 0.387536 0.287368 0.341930 0.303209 0.317156 0.331706 0.245595 0.291629 0.292638 0.424134 0.331884 0.369491 0.436789 0.469902 0.501327 0.576633 0.662641 0.462845 0.338511 0.294979 0.314015 0.258021 0.237827 0.362718 0.252104 0.324783 0.297783 0.911107 0.919763 0.411924 0.524009 0.741442 0.849689 0.735704 0.895607 0.454426 0.603999 0.519406 0.562700 0.537425 0.433572 0.700378 0.625026 0.494700 0.359886 0.480491 0.403776 0.856446 0.815365 0.719647 0.432633 0.710036 0.507567 0.570079 0.518526 0.568166 0.985958
0.139198 0.169460 0.178553 0.150632 0.604177 0.494379 0.155501 0.126694 0.332292 0.236598 0.187216 0.130487 0.159494 0.204318 0.223038 0.193362 0.157037 0.128989 0.127186 0.131234 0.414940 0.714850 0.171116 0.322503 0.590489 0.453324 0.870358 0.973413 0.152613 0.128203 0.175324 0.243886 0.000000 0.123251 0.422772 0.552156 0.347545 0.422063 0.608273 0.533649 0.807191 0.493188 0.167455 0.148702 0.230586 0.191330 0.208731 0.198688 0.650685 0.386302 0.406341 0.335148 0.450802 0.386491 0.388543 0.476014 0.193222 0.189673 0.150951 0.199647 0.119091 0.151232 0.155419 0.143670 0.261261 0.162174 0.163776 0.144938 0.271809 0.160417 0.186554 0.242172 0.364727 0.394242 0.578348 0.614313 0.262214 0.198720 0.179649 0.214049 0.106771 0.114246 0.364643 0.213565 0.206170 0.288347 0.940760 0.904354 0.366579 0.425846 0.484134 0.533768 0.483997 0.638862 0.354125 0.463114 0.307754 0.417981 0.246606 0.197269 0.482278 0.420222 0.283123 0.176744 0.262337 0.292978 0.786026 0.562107 0.588456 0.288184 0.618465 0.326046 0.310847 0.351891 0.430216 0.961038
0.154170 0.197565 0.195254 0.156379 0.627262 0.486946 0.139528 0.118228 0.345006 0.227146 0.185140 0.154225 0.173851 0.227402 0.246901 0.214715 0.146677 0.136725 0.118183 0.137024 0.359697 0.704673 0.186393 0.354904 0.640232 0.467672 0.881677 0.964531 0.179754 0.137670 0.190346 0.219464 0.123251 0.000000 0.423261 0.574248 0.324343 0.404712 0.572773 0.530214 0.759802 0.447946 0.169547 0.141253 0.229159 0.210264 0.213455 0.196816 0.718051 0.382782 0.424278 0.342130 0.459154 0.384879 0.433093 0.539225 0.200857 0.204994 0.158224 0.219305 0.129461 0.171050 0.160678 0.151608 0.255587 0.153327 0.133585 0.141132 0.313870 0.178304 0.206617 0.242502 0.370153 0.424510 0.542495 0.573554 0.281745 0.201492 0.191077 0.216200 0.122687 0.122903 0.356066 0.228003 0.220020 0.314618 0.965153 0.922771 0.381233 0.470994 0.469314 0.545684 0.470361 0.611182 0.369897 0.423414 0.334735 0.413952 0.258502 0.196650 0.455123 0.408077 0.251237 0.176344 0.275488 0.274644 0.777635 0.545197 0.634345 0.337909 0.621242 0.286076 0.305209 0.328090 0.419020 0.881039
0.480092 0.550653 0.424760 0.375929 0.821315 0.590674 0.452831 0.387943 0.545938 0.411634 0.579116 0.485567 0.523321 0.509532 0.517353 0.524780 0.561253 0.543054 0.478648 0.517164 0.576082 0.853922 0.412147 0.503623 0.569104 0.436671 0.890495 0.987555 0.538611 0.511593 0.445826 0.554345 0.422772 0.423261 0.000000 0.540965 0.489200 0.550159 0.657941 0.778023 0.784618 0.595741 0.441413 0.501351 0.477481 0.465505 0.511559 0.481756 0.672400 0.494796 0.562035 0.470086 0.488051 0.547801 0.507877 0.526375 0.629344 0.565167 0.446504 0.411388 0.449816 0.426570 0.516103 0.485376 0.380317 0.389231 0.399978 0.414904 0.571213 0.436480 0.522189 0.553817 0.488352 0.611743 0.633918 0.809995 0.465992 0.489874 0.504596 0.587438 0.455488 0.415275 0.675246 0.478443 0.384858 0.476818 0.879206 0.915513 0.588039 0.492318 0.550535 0.622922 0.531389 0.665567 0.649035 0.610901 0.502977 0.574066 0.444768 0.419158 0.528083 0.672534 0.507333 0.486356 0.447957 0.490846 0.816504 0.572840 0.735629 0.677283 0.665035 0.429229 0.546769 0.702203 0.604053 0.955979
0.592130 0.597303 0.606582 0.578326 0.821702 0.805499 0.621365 0.551047 0.677431 0.635102 0.640997 0.585746 0.598540 0.604304 0.663516 0.650483 0.602244 0.622521 0.588563 0.615059 0.714990 0.771451 0.575877 0.654863 0.806342 0.732308 0.863863 0.976385 0.641171 0.630708 0.642129 0.675240 0.552156 0.574248 0.540965 0.000000 0.603808 0.486932 0.855301 0.712056 0.835951 0.686683 0.587896 0.649531 0.655200 0.682698 0.693119 0.614594 0.846702 0.723386 0.705849 0.647129 0.746683 0.722303 0.807776 0.822454 0.622840 0.609073 0.570389 0.597017 0.624461 0.622106 0.567898 0.582734 0.673369 0.660267 0.572407 0.573674 0.797463 0.606466 0.623684 0.711472 0.781508 0.822248 0.870751 0.714494 0.629155 0.645456 0.585427 0.724704 0.561519 0.594283 0.610093 0.592660 0.571293 0.632655 0.817506 0.865463 0.685043 0.630397 0.735626 0.748687 0.754875 0.757564 0.686597 0.642317 0.615885 0.511878 0.616418 0.636136 0.710654 0.770965 0.583706 0.538884 0.654142 0.663651 0.855237 0.623930 0.766030 0.682209 0.694294 0.640557 0.686619 0.762206 0.630148 0.961034
0.322745 0.335578 0.350462 0.311846 0.820154 0.575429 0.387991 0.340355 0.440270 0.460736 0.408180 0.332751 0.299057 0.336932 0.303901 0.316348 0.386112 0.355017 0.351072 0.346687 0.435212 0.804504 0.268403 0.381217 0.538430 0.488020 0.930625 0.913257 0.383603 0.334533 0.284452 0.403570 0.347545 0.324343 0.489200 0.603808 0.000000 0.360170 0.524098 0.678226 0.741185 0.468215 0.347714 0.336719 0.372490 0.349429 0.361616 0.304902 0.595726 0.401648 0.436098 0.362858 0.464440 0.492781 0.533739 0.475221 0.393350 0.353759 0.338932 0.340097 0.304386 0.298193 0.357763 0.326475 0.302840 0.344329 0.358975 0.354041 0.503895 0.372654 0.377099 0.383889 0.584032 0.558080 0.623493 0.650057 0.420174 0.361713 0.356787 0.402411 0.333288 0.317540 0.513605 0.342270 0.260179 0.303263 0.931104 0.852553 0.416271 0.355173 0.594665 0.677787 0.563188 0.716466 0.423788 0.507396 0.417691 0.536804 0.385287 0.398796 0.499997 0.593715 0.312919 0.415808 0.363821 0.353295 0.742882 0.541595 0.626372 0.532850 0.772668 0.485254 0.510378 0.582947 0.496073 0.903750
0.370939 0.423342 0.455505 0.445481 0.657602 0.817600 0.455599 0.402463 0.491765 0.485386 0.427155 0.378957 0.335157 0.368099 0.377251 0.369156 0.433999 0.416260 0.383305 0.426453 0.457156 0.813207 0.358443 0.500804 0.754794 0.763942 0.802247 0.911604 0.468537 0.418534 0.466813 0.599253 0.422063 0.404712 0.550159 0.486932 0.360170 0.000000 0.649839 0.688643 0.700510 0.548392 0.419880 0.443047 0.491385 0.456017 0.500609 0.435728 0.705200 0.492909 0.472932 0.467068 0.653859 0.540955 0.628346 0.644081 0.420424 0.433896 0.424455 0.428814 0.338006 0.362694 0.340688 0.331538 0.393859 0.452536 0.453383 0.466723 0.636927 0.490917 0.454507 0.530674 0.652424 0.653771 0.820502 0.717317 0.472728 0.461686 0.477971 0.490337 0.427023 0.449745 0.494802 0.486181 0.347323 0.475700 0.888812 0.945116 0.533304 0.542403 0.579476 0.629367 0.645109 0.725244 0.526831 0.472703 0.556832 0.554241 0.418097 0.452649 0.610815 0.638712 0.346879 0.439974 0.430496 0.420125 0.673115 0.528465 0.539188 0.492931 0.733319 0.585617 0.556217 0.644405 0.395243 0.952119
