0.000000 0.598729 0.721776 0.722793 0.922285 0.893633 0.579061 0.504675 0.885806 0.538513 0.546576 0.540044 0.699157 0.871111 0.906565 0.903356 0.512630 0.475881 0.546578 0.655500 0.863606 0.923528 0.856386 0.631708 0.854544 0.936181 0.852020 0.982932 0.703237 0.660952 0.964968 0.853531 0.587993 0.515043 0.703766 0.931651 0.939415 0.844902 0.930946 0.878532 0.767574 0.906335 0.826232 0.819873 0.773679 0.671108 0.602127 0.726341 0.802155 0.940503 0.916376 0.746656 0.823608 0.797717 0.738798 0.694070 0.540083 0.668780 0.589229 0.838131 0.451534 0.509513 0.441601 0.414185 0.966763 0.812154 0.732815 0.808331 0.764459 0.729658 0.980094 0.937975 0.938904 0.921219 0.996185 0.878744 0.874809 0.817268 0.675445 0.869615 0.482400 0.541638 0.943243 0.726658 0.846548 0.898126 0.792790 0.839000 0.853023 0.668498 0.809984 0.912266 0.848149 0.902251 0.759384 0.782544 0.775211 0.874568 0.583682 0.718020 0.852057 0.894927 0.668897 0.678085 0.929302 0.771524 0.845466 0.923889 0.851706 0.994169 0.899033 0.744761 0.903382 0.847753 0.857020 0.935723
0.598729 0.000000 0.911267 0.775728 0.880154 0.822135 0.875694 0.670300 0.994278 0.839552 0.850524 0.625510 0.676425 0.612558 0.846513 0.756365 0.666119 0.628229 0.643278 0.774881 0.961040 0.935135 0.995935 0.945682 0.997968 0.923138 0.985710 0.895191 0.829941 0.675812 0.916378 0.989904 0.665982 0.701623 0.855383 0.950645 0.972329 0.874645 0.934069 0.955611 0.930851 0.964405 0.710492 0.647864 0.744832 0.665831 0.719359 0.680835 0.741254 0.881194 0.970096 0.949021 0.993407 0.998767 0.813465 0.939337 0.633735 0.606789 0.778759 0.833796 0.715351 0.643107 0.749884 0.697338 0.918938 0.766548 0.931131 0.851482 0.803583 0.659369 0.861636 0.868481 0.873838 0.958461 0.997520 0.904960 0.814538 0.733232 0.772683 0.968768 0.684151 0.714208 0.989672 0.847626 0.969313 0.870148 0.996977 0.924127 0.933037 0.860226 0.963979 0.894973 0.955973 0.877859 0.822571 0.821962 0.827185 0.903567 0.755696 0.810960 0.864733 0.970414 0.801937 0.705956 0.970780 0.876589 0.945374 0.877012 0.957291 0.912370 0.977836 0.792457 0.797476 0.852585 0.887940 0.988065
0.721776 0.911267 0.000000 0.442592 0.881892 0.986320 0.345903 0.501154 0.707355 0.572045 0.729237 0.899268 0.913257 0.808328 0.712294 0.640443 0.879496 0.757812 0.717686 0.750137 0.858962 0.945515 0.884451 0.941936 0.941041 0.984051 0.925585 0.906804 0.953105 0.963527 0.934971 0.975538 0.582919 0.602703 0.690748 0.856391 0.970774 0.862852 0.889168 0.783888 0.922246 0.828658 0.742388 0.775684 0.751102 0.769354 0.761760 0.828930 0.980981 0.948684 0.967174 0.932403 0.842065 0.835127 0.802333 0.751855 0.839544 0.985271 0.662654 0.723312 0.526768 0.696197 0.777501 0.798569 0.563806 0.647898 0.482313 0.534952 0.985653 0.864831 0.910159 0.939684 0.948766 0.937628 0.925614 0.950165 0.690093 0.919913 0.926309 0.937659 0.728044 0.681500 0.891022 0.883445 0.693441 0.767648 0.805776 0.860100 0.816914 0.662662 0.582156 0.694060 0.481292 0.704218 0.790544 0.728062 0.620964 0.799977 0.564993 0.602197 0.739986 0.903243 0.716691 0.739052 0.759972 0.596215 0.890828 0.808227 0.834372 0.918610 0.674616 0.733179 0.851901 0.848075 0.976349 0.985385
0.722793 0.775728 0.442592 0.000000 0.999111 0.827076 0.484918 0.407255 0.870141 0.702527 0.750245 0.752612 0.875651 0.965289 0.675505 0.817160 0.986116 0.787722 0.785099 0.785605 0.882054 0.876060 0.956596 0.991835 0.882301 0.894232 0.995550 0.952513 0.894929 0.979291 0.890927 0.939214 0.676017 0.553978 0.648351 0.834782 0.994517 0.978345 0.748016 0.690438 0.860978 0.876070 0.631792 0.641713 0.740265 0.695800 0.678247 0.662181 0.989345 0.920776 0.930838 0.923849 0.799190 0.833000 0.877591 0.725055 0.985192 0.972584 0.740092 0.661901 0.584115 0.581621 0.873104 0.840974 0.556059 0.435173 0.429351 0.412633 0.820288 0.791548 0.717581 0.731430 0.926922 0.883973 0.974565 0.987824 0.648770 0.851668 0.830871 0.998033 0.768548 0.729815 0.812925 0.968189 0.860667 0.741651 0.809341 0.688754 0.961332 0.693038 0.631077 0.765845 0.519868 0.718003 0.747791 0.710988 0.637971 0.777039 0.508948 0.695130 0.735522 0.868263 0.695787 0.683322 0.730465 0.683289 0.905901 0.802672 0.822713 0.932875 0.667092 0.738007 0.928725 0.772816 0.970012 0.944740
0.922285 0.880154 0.881892 0.999111 0.000000 0.928760 0.874471 0.974941 0.671646 0.925927 0.915854 0.916164 0.909156 0.985918 0.730901 0.910356 0.860945 0.958379 0.888252 0.826609 0.983294 0.932449 0.593447 0.682975 0.980472 0.876649 0.929500 0.777839 0.851611 0.830128 0.825345 0.825029 0.906621 0.968333 0.890662 0.959471 0.930451 0.843745 0.955260 0.943777 0.984483 0.897550 0.730755 0.740206 0.963708 0.873591 0.884910 0.797271 0.922949 0.986559 0.947010 0.828862 0.816811 0.766483 0.959961 0.986616 0.942703 0.790674 0.853257 0.939614 0.861393 0.966323 0.926159 0.982084 0.716369 0.908434 0.922854 0.899152 0.857641 0.950604 0.987553 0.966062 0.700107 0.779706 0.970304 0.928439 0.937167 0.813197 0.879367 0.954417 0.922946 0.876696 0.769542 0.813995 0.649547 0.646170 0.843599 0.758344 0.812475 0.798852 0.917624 0.935809 0.949155 0.962800 0.953143 0.995653 0.871395 0.814646 0.955839 0.999108 0.937433 0.850481 0.808242 0.879120 0.913789 0.965446 0.999246 0.965153 0.794651 0.990123 0.972731 0.968570 0.951103 0.987632 0.924292 0.865704
0.893633 0.822135 0.986320 0.827076 0.928760 0.000000 0.979896 0.812776 0.964514 0.949498 0.932073 0.787431 0.773356 0.844660 0.985185 0.786105 0.910577 0.957193 0.949147 0.897119 0.981681 0.769932 0.876207 0.902979 0.950470 0.935097 0.845939 0.808452 0.896440 0.947857 0.920715 0.828269 0.924569 0.969306 0.872409 0.964619 0.964299 0.836931 0.920401 0.911981 0.852583 0.973380 0.974322 0.952727 0.858140 0.876472 0.957757 0.958282 0.860339 0.847995 0.918380 0.815122 0.949887 0.999517 0.930165 0.965114 0.925980 0.943898 0.988420 0.942157 0.882699 0.797183 0.898213 0.909212 0.910462 0.794427 0.998875 0.955828 0.953634 0.856570 0.704148 0.721279 0.994252 0.967754 0.980421 0.875148 0.847601 0.833351 0.923633 0.998911 0.941459 0.898078 0.690377 0.771187 0.778283 0.973042 0.882368 0.709480 0.922438 0.980478 0.858212 0.891317 0.772475 0.878064 0.884740 0.875447 0.944977 0.953215 0.860199 0.945315 0.934002 0.766352 0.951442 0.890489 0.848820 0.898831 0.936398 0.959485 0.986695 0.982116 0.905379 0.984419 0.956253 0.892021 0.803270 0.794725
0.579061 0.875694 0.345903 0.484918 0.874471 0.979896 0.000000 0.457333 0.621831 0.455297 0.659932 0.792211 0.796722 0.804640 0.745082 0.639480 0.751185 0.645125 0.595724 0.677763 0.920802 0.986645 0.889503 0.862180 0.929544 0.921594 0.850805 0.819091 0.895966 0.910934 0.916881 0.898758 0.509086 0.538197 0.638271 0.892640 0.965571 0.829814 0.937520 0.866357 0.845112 0.839301 0.814749 0.843549 0.766241 0.723889 0.784374 0.850052 0.996521 0.964783 0.997273 0.920897 0.789951 0.812634 0.761693 0.712640 0.768084 0.882951 0.619270 0.711054 0.384281 0.589488 0.585361 0.622344 0.641350 0.663803 0.508332 0.606060 0.918278 0.867709 0.976471 0.954600 0.967867 0.913544 0.968059 0.897874 0.762793 0.947302 0.824157 0.857983 0.589332 0.586553 0.912743 0.813196 0.638862 0.790725 0.777983 0.850532 0.805992 0.659207 0.518710 0.695168 0.486368 0.773309 0.738144 0.737815 0.550914 0.787734 0.466839 0.573634 0.820238 0.909328 0.672743 0.665146 0.770164 0.638956 0.825434 0.793839 0.751608 0.910973 0.652323 0.704666 0.874887 0.813923 0.904395 0.928825
0.504675 0.670300 0.501154 0.407255 0.974941 0.812776 0.457333 0.000000 0.842518 0.477036 0.503482 0.479819 0.684314 0.919555 0.672058 0.850013 0.751480 0.650016 0.645119 0.607564 0.919107 0.992723 0.862059 0.755645 0.815335 0.878374 0.875509 0.860680 0.911026 0.839110 0.975346 0.811954 0.615951 0.422083 0.700508 0.913201 0.970786 0.838394 0.753023 0.680034 0.852282 0.909473 0.737395 0.758634 0.858680 0.757332 0.658361 0.717166 0.936357 0.788855 0.868106 0.728860 0.616520 0.601263 0.731318 0.699539 0.857449 0.823775 0.529458 0.530024 0.404852 0.351952 0.674447 0.574657 0.801706 0.467716 0.514543 0.478909 0.987676 0.697820 0.844170 0.860702 0.992373 0.921367 0.984675 0.951609 0.643187 0.794018 0.806405 0.917070 0.681288 0.711766 0.712287 0.936606 0.985918 0.925508 0.683632 0.572743 0.896433 0.668996 0.724394 0.973964 0.634603 0.974757 0.773383 0.753692 0.553513 0.768492 0.455058 0.721505 0.683345 0.992101 0.590975 0.672394 0.785692 0.645522 0.878990 0.840169 0.777923 0.901502 0.699814 0.783046 0.910896 0.755977 0.973299 0.989415
0.885806 0.994278 0.707355 0.870141 0.671646 0.964514 0.621831 0.842518 0.000000 0.687641 0.900037 0.990034 0.715926 0.861133 0.840372 0.967721 0.870037 0.877912 0.834921 0.883622 0.962214 0.961141 0.653750 0.897459 0.897770 0.912097 0.933113 0.873744 0.852409 0.937230 0.917376 0.957630 0.808324 0.919415 0.923416 0.891412 0.982777 0.758927 0.910992 0.829448 0.932911 0.898350 0.885050 0.853488 0.994474 0.969321 0.941397 0.826449 0.955940 0.977017 0.979251 0.947771 0.898314 0.889098 0.960429 0.943521 0.843852 0.835699 0.974476 0.963468 0.642029 0.841347 0.761435 0.810279 0.653201 0.894536 0.984240 0.903515 0.859249 0.915847 0.906484 0.829721 0.840895 0.996980 0.862172 0.960941 0.892821 0.972922 0.804047 0.948152 0.800356 0.796986 0.797538 0.832491 0.610507 0.704373 0.877365 0.848913 0.848501 0.736791 0.789204 0.795990 0.788283 0.858083 0.942558 0.933162 0.787995 0.989715 0.891897 0.728834 0.953222 0.965185 0.968464 0.888658 0.795089 0.923935 0.976382 0.979433 0.802467 0.950989 0.802933 0.984068 0.924746 0.805883 0.973011 0.813934
0.538513 0.839552 0.572045 0.702527 0.925927 0.949498 0.455297 0.477036 0.687641 0.000000 0.538119 0.665523 0.735313 0.905934 0.807121 0.784976 0.695355 0.621904 0.586003 0.566353 0.871137 0.944344 0.989854 0.721253 0.637305 0.675762 0.811406 0.745650 0.821092 0.851864 0.996647 0.847232 0.635916 0.564064 0.766184 0.878506 0.995898 0.804251 0.980688 0.894181 0.911404 0.939403 0.973324 0.973831 0.965859 0.898585 0.736305 0.969079 0.920540 0.895353 0.855498 0.862256 0.668054 0.619368 0.753190 0.784738 0.791597 0.726188 0.496937 0.552080 0.412242 0.509515 0.528812 0.463839 0.961314 0.768551 0.646091 0.723457 0.768336 0.780605 0.907537 0.899950 0.951038 0.968720 0.886898 0.871872 0.895958 0.953874 0.844543 0.843716 0.617050 0.654334 0.842639 0.833325 0.819436 0.973750 0.731685 0.813746 0.833545 0.660298 0.726727 0.949227 0.720018 0.957830 0.821578 0.719616 0.538278 0.872552 0.557101 0.679574 0.776272 0.937916 0.589471 0.707361 0.736410 0.614380 0.893497 0.890301 0.762757 0.866492 0.818953 0.866181 0.974242 0.867592 0.904739 0.880222
0.546576 0.850524 0.729237 0.750245 0.915854 0.932073 0.659932 0.503482 0.900037 0.538119 0.000000 0.468196 0.679355 0.998464 0.671026 0.839866 0.645746 0.702850 0.789750 0.699563 0.864958 0.894885 0.640664 0.579086 0.760720 0.810975 0.800198 0.927889 0.822433 0.870109 0.765699 0.726336 0.775409 0.515140 0.760516 0.975995 0.877489 0.873874 0.891057 0.804340 0.782517 0.877222 0.902875 0.917506 0.956224 0.832488 0.681372 0.910825 0.945899 0.751021 0.671067 0.544448 0.579836 0.537976 0.753773 0.670096 0.890672 0.893120 0.643998 0.758000 0.548156 0.491553 0.630850 0.532150 0.880544 0.811181 0.720597 0.770849 0.806763 0.708499 0.828575 0.930465 0.793541 0.916098 0.995993 0.906461 0.832629 0.898158 0.772742 0.923728 0.701522 0.790277 0.793918 0.904093 0.889025 0.863253 0.689449 0.643748 0.889611 0.783312 0.828149 0.844441 0.813506 0.904380 0.842113 0.778482 0.703147 0.768845 0.663673 0.897045 0.770970 0.931962 0.610534 0.756957 0.988888 0.771792 0.856424 0.984931 0.803224 0.936261 0.916346 0.838063 0.935037 0.863081 0.908381 0.920591
0.540044 0.625510 0.899268 0.752612 0.916164 0.787431 0.792211 0.479819 0.990034 0.665523 0.468196 0.000000 0.507398 0.647542 0.863834 0.852019 0.655198 0.669879 0.660983 0.652758 0.989567 0.890898 0.695573 0.732603 0.744017 0.780171 0.942065 0.928155 0.875303 0.744739 0.788333 0.780160 0.822461 0.584541 0.839215 0.983109 0.967362 0.765681 0.823273 0.813826 0.882480 0.965888 0.842698 0.817629 0.989504 0.846065 0.716292 0.829266 0.947206 0.754104 0.764893 0.644475 0.686978 0.655717 0.701636 0.764379 0.824409 0.726630 0.676241 0.720861 0.540704 0.424325 0.661705 0.568385 0.901565 0.667123 0.857038 0.827709 0.834050 0.615111 0.978539 0.955101 0.959729 0.980780 0.920874 0.979071 0.719823 0.716629 0.773164 0.906131 0.716550 0.824827 0.778905 0.937844 0.822701 0.932211 0.758419 0.630018 0.916077 0.865606 0.970822 0.774979 0.943965 0.781696 0.863531 0.966841 0.738516 0.844298 0.707079 0.969787 0.764412 0.917311 0.672803 0.814152 0.974421 0.895743 0.918052 0.929193 0.851041 0.963737 0.918905 0.886036 0.912931 0.811088 0.955534 0.950917
0.699157 0.676425 0.913257 0.875651 0.909156 0.773356 0.796722 0.684314 0.715926 0.735313 0.679355 0.507398 0.000000 0.651188 0.853616 0.734160 0.766863 0.805798 0.606660 0.740390 0.907374 0.998966 0.996106 0.974346 0.755278 0.755609 0.888916 0.913143 0.799602 0.810597 0.890011 0.907686 0.884057 0.757633 0.961782 0.888594 0.866993 0.666607 0.997110 0.957941 0.949334 0.888398 0.933678 0.923264 0.961189 0.868537 0.841734 0.971320 0.925415 0.913379 0.846784 0.864258 0.897323 0.906525 0.791563 0.805022 0.810680 0.746419 0.894408 0.807568 0.579089 0.534827 0.793401 0.742718 0.990288 0.715629 0.935689 0.974475 0.769889 0.761423 0.949742 0.960798 0.811437 0.935685 0.977699 0.832554 0.731578 0.770749 0.887719 0.921895 0.832905 0.896964 0.855362 0.970061 0.994046 0.977446 0.941218 0.872576 0.840702 0.979658 0.885684 0.939999 0.882186 0.862049 0.989568 0.979904 0.734647 0.870659 0.787954 0.890429 0.941679 0.945677 0.816115 0.928406 0.844036 0.971888 0.883342 0.943111 0.881953 0.956308 0.853496 0.938202 0.826809 0.721486 0.972920 0.931939
0.871111 0.612558 0.808328 0.965289 0.985918 0.844660 0.804640 0.919555 0.861133 0.905934 0.998464 0.647542 0.651188 0.000000 0.689581 0.518264 0.871823 0.845623 0.756479 0.816234 0.901839 0.971650 0.979115 0.834803 0.990528 0.927367 0.817710 0.909478 0.888820 0.768390 0.891045 0.802577 0.943558 0.929291 0.936445 0.985874 0.905528 0.941293 0.875544 0.916332 0.910766 0.845962 0.840169 0.775131 0.972173 0.847250 0.766800 0.797804 0.941741 0.966734 0.995346 0.993719 0.929439 0.887037 0.888695 0.813097 0.892851 0.824286 0.875855 0.980024 0.953988 0.777229 0.965097 0.935877 0.973127 0.756900 0.895848 0.982916 0.987101 0.715345 0.822850 0.750108 0.791315 0.867087 0.908093 0.815124 0.807821 0.720835 0.830282 0.892990 0.922626 0.901375 0.936492 0.928003 0.907790 0.824677 0.984140 0.990300 0.957411 0.991855 0.862734 0.822393 0.845981 0.808878 0.902294 0.977135 0.968688 0.979699 0.961819 0.942130 0.914888 0.926632 0.965560 0.968768 0.987550 0.867405 0.848675 0.979498 0.872851 0.964994 0.968350 0.961392 0.954282 0.985678 0.926963 0.941363
0.906565 0.846513 0.712294 0.675505 0.730901 0.985185 0.745082 0.672058 0.840372 0.807121 0.671026 0.863834 0.853616 0.689581 0.000000 0.564389 0.868753 0.886121 0.934023 0.988650 0.846402 0.981838 0.561096 0.649428 0.946394 0.972542 0.809986 0.966620 0.755467 0.734339 0.736225 0.650820 0.999539 0.753326 0.900425 0.954303 0.998651 0.890859 0.836212 0.811584 0.893626 0.782816 0.770422 0.863501 0.962211 0.947924 0.925461 0.911073 0.855234 0.772242 0.915931 0.725854 0.573248 0.582145 0.930072 0.901840 0.762486 0.689102 0.729216 0.787785 0.879767 0.829934 0.946065 0.965796 0.909617 0.863771 0.582180 0.645455 0.961213 0.923284 0.944989 0.937631 0.754585 0.911679 0.942880 0.870959 0.880382 0.974027 0.856677 0.988015 0.907946 0.860850 0.599366 0.734091 0.726819 0.727599 0.670416 0.542608 0.968232 0.968752 0.773712 0.869979 0.664975 0.779968 0.891453 0.881205 0.799187 0.790751 0.719293 0.872291 0.736136 0.925848 0.718351 0.808377 0.926996 0.746606 0.813031 0.828529 0.955305 0.970186 0.770055 0.959803 0.992853 0.891657 0.919224 0.856085
0.903356 0.756365 0.640443 0.817160 0.910356 0.786105 0.639480 0.850013 0.967721 0.784976 0.839866 0.852019 0.734160 0.518264 0.564389 0.000000 0.976059 0.971647 0.960203 0.975751 0.883169 0.946380 0.827423 0.675311 0.959246 0.963731 0.778543 0.854152 0.946142 0.816866 0.865920 0.712922 0.914921 0.861694 0.806113 0.993597 0.965903 0.993540 0.966037 0.921793 0.967667 0.759470 0.923458 0.969143 0.899897 0.941331 0.996992 0.984944 0.978717 0.971686 0.928921 0.911267 0.719737 0.711478 0.999220 0.891706 0.962995 0.826679 0.723134 0.903047 0.872385 0.979883 0.867391 0.867792 0.988893 0.866259 0.721985 0.838815 0.921989 0.957451 0.817897 0.841414 0.701137 0.845482 0.976869 0.820282 0.940657 0.817151 0.884520 0.871614 0.887532 0.883883 0.876327 0.969581 0.948297 0.892211 0.840310 0.829884 0.854301 0.851497 0.805682 0.838031 0.739624 0.841274 0.857979 0.814452 0.840656 0.814726 0.818192 0.804797 0.922925 0.926023 0.839345 0.841145 0.992173 0.810452 0.856687 0.885458 0.914599 0.981398 0.788061 0.816671 0.821370 0.923502 0.867281 0.986780
0.512630 0.666119 0.879496 0.986116 0.860945 0.910577 0.751185 0.751480 0.870037 0.695355 0.645746 0.655198 0.766863 0.871823 0.868753 0.976059 0.000000 0.488633 0.649550 0.612983 0.944906 0.875238 0.986065 0.844559 0.839851 0.833487 0.999033 0.916861 0.614074 0.573255 0.998010 0.971718 0.650998 0.712131 0.718325 0.937977 0.773250 0.810316 0.899490 0.876147 0.884091 0.966891 0.948669 0.967297 0.824989 0.781528 0.781972 0.825940 0.834920 0.970361 0.924883 0.859122 0.955881 0.963627 0.738559 0.752262 0.582708 0.593618 0.746931 0.996365 0.589482 0.657122 0.457761 0.451276 0.991018 0.957721 0.947370 0.988761 0.759363 0.725979 0.903973 0.848016 0.986066 0.986020 0.983775 0.903673 0.994814 0.974737 0.689430 0.946561 0.467052 0.522024 0.823617 0.582384 0.730362 0.833572 0.860879 0.916592 0.858589 0.736686 0.921851 0.823074 0.960424 0.780237 0.836850 0.797283 0.841890 0.966557 0.812474 0.891238 0.948767 0.754240 0.793479 0.841517 0.873956 0.914056 0.831281 0.980517 0.917073 0.967070 0.991313 0.813607 0.880435 0.989492 0.959608 0.886663
0.475881 0.628229 0.757812 0.787722 0.958379 0.957193 0.645125 0.650016 0.877912 0.621904 0.702850 0.669879 0.805798 0.845623 0.886121 0.971647 0.488633 0.000000 0.615344 0.647615 0.936055 0.886478 0.928182 0.834480 0.963054 0.924939 0.944010 0.969228 0.611825 0.500989 0.851088 0.959591 0.579704 0.599212 0.702443 0.822106 0.821609 0.857726 0.956267 0.881544 0.802550 0.904298 0.888130 0.835254 0.738156 0.706468 0.567367 0.708571 0.752196 0.940137 0.978842 0.910806 0.965729 0.927125 0.618909 0.665019 0.494613 0.632140 0.680364 0.883457 0.532497 0.618421 0.393950 0.428879 0.867142 0.853449 0.802887 0.840358 0.867116 0.711984 0.987221 0.920483 0.978173 0.936610 0.983155 0.867210 0.983490 0.972988 0.659663 0.976148 0.362602 0.402719 0.808291 0.522986 0.670939 0.718643 0.957615 0.957498 0.834988 0.589158 0.910755 0.830758 0.995803 0.809851 0.764446 0.760258 0.856373 0.971032 0.748233 0.795897 0.980759 0.827156 0.812694 0.790824 0.949151 0.755949 0.844846 0.898915 0.837499 0.888619 0.984854 0.803075 0.915689 0.946802 0.942102 0.881890
0.546578 0.643278 0.717686 0.785099 0.888252 0.949147 0.595724 0.645119 0.834921 0.586003 0.789750 0.660983 0.606660 0.756479 0.934023 0.960203 0.649550 0.615344 0.000000 0.593858 0.948899 0.959998 0.864633 0.996109 0.830836 0.904711 0.966335 0.900424 0.724030 0.709029 0.892233 0.949943 0.661309 0.659454 0.754098 0.944843 0.976574 0.706268 0.973378 0.969733 0.945582 0.983675 0.939965 0.888316 0.952735 0.789821 0.764663 0.844408 0.989421 0.982551 0.944509 0.994339 0.888888 0.934923 0.694343 0.749029 0.698533 0.686091 0.782450 0.779029 0.511686 0.601707 0.552430 0.593651 0.891535 0.760315 0.854009 0.863604 0.766132 0.788184 0.884441 0.931312 0.813115 0.885846 0.984005 0.998794 0.862327 0.800814 0.768943 0.960507 0.587707 0.602978 0.965756 0.773659 0.720953 0.829359 0.823932 0.991901 0.794443 0.808740 0.776469 0.956351 0.852834 0.911369 0.870535 0.863167 0.718282 0.935080 0.662443 0.712407 0.899194 0.865504 0.730298 0.892473 0.887334 0.801095 0.909291 0.847430 0.996193 0.889589 0.874687 0.824326 0.840295 0.858957 0.924724 0.787332
0.655500 0.774881 0.750137 0.785605 0.826609 0.897119 0.677763 0.607564 0.883622 0.566353 0.699563 0.652758 0.740390 0.816234 0.988650 0.975751 0.612983 0.647615 0.593858 0.000000 0.910626 0.880102 0.924977 0.889547 0.804553 0.752131 0.871845 0.656985 0.778439 0.742556 0.879356 0.963456 0.735626 0.650264 0.729210 0.950823 0.895001 0.839648 0.972465 0.875968 0.868032 0.996268 0.894310 0.883317 0.935976 0.826117 0.730704 0.725971 0.975102 0.952338 0.992404 0.935146 0.773503 0.762119 0.830327 0.742916 0.778025 0.646992 0.589804 0.575873 0.612717 0.595442 0.669850 0.606599 0.983148 0.745795 0.781296 0.750414 0.833674 0.676661 0.976851 0.990804 0.857329 0.799929 0.844276 0.942521 0.817697 0.997615 0.746096 0.985580 0.676461 0.701308 0.931152 0.809965 0.850556 0.979192 0.815823 0.903690 0.821841 0.744669 0.853364 0.940943 0.912144 0.862231 0.952394 0.776034 0.664391 0.892433 0.657523 0.820868 0.730561 0.840024 0.677249 0.842297 0.916907 0.855103 0.922694 0.895756 0.839609 0.972092 0.720280 0.866213 0.904388 0.970366 0.917829 0.948734
0.863606 0.961040 0.858962 0.882054 0.983294 0.981681 0.920802 0.919107 0.962214 0.871137 0.864958 0.989567 0.907374 0.901839 0.846402 0.883169 0.944906 0.936055 0.948899 0.910626 0.000000 0.981073 0.895128 0.825090 0.956930 0.970304 0.878556 0.911045 0.925779 0.855387 0.924269 0.913678 0.915237 0.888549 0.892675 0.960959 0.960528 0.984984 0.992007 0.972000 0.998140 0.969403 0.827657 0.847836 0.892984 0.943661 0.885241 0.922515 0.911002 0.979425 0.967553 0.900847 0.882123 0.875688 0.989742 0.867204 0.882349 0.982266 0.821673 0.989191 0.957675 0.990204 0.987565 0.971725 0.981339 0.974662 0.874001 0.912782 0.883632 0.880644 0.996110 0.982117 0.859846 0.831035 0.926470 0.966015 0.987020 0.999422 0.986185 0.949899 0.994184 0.969282 0.854775 0.914153 0.936353 0.883177 0.938306 0.965538 0.960690 0.922470 0.937492 0.974808 0.919667 0.926726 0.982335 0.842191 0.891775 0.993704 0.986515 0.921381 0.915856 0.993081 0.834023 0.884215 0.952688 0.924159 0.947278 0.982228 0.928921 0.938281 0.937166 0.866145 0.946147 0.959544 0.948356 0.854015
0.923528 0.935135 0.945515 0.876060 0.932449 0.769932 0.986645 0.992723 0.961141 0.944344 0.894885 0.890898 0.998966 0.971650 0.981838 0.946380 0.875238 0.886478 0.959998 0.880102 0.981073 0.000000 0.977013 0.975840 0.965030 0.971819 0.902276 0.814438 0.869493 0.895668 0.980383 0.920427 0.952836 0.987907 0.871141 0.960072 0.979852 0.979521 0.983454 0.857325 0.985885 0.721065 0.984239 0.986415 0.933363 0.905108 0.990033 0.968670 0.980315 0.943836 0.883679 0.899170 0.953319 0.958522 0.891656 0.990355 0.797091 0.886377 0.997372 0.855421 0.921473 0.993294 0.821432 0.842339 0.891247 0.866131 0.898421 0.889272 0.969450 0.939715 0.886416 0.839702 0.980107 0.904179 0.892704 0.975593 0.961243 0.983293 0.863474 0.946225 0.909549 0.934735 0.820810 0.831731 0.943269 0.963065 0.829186 0.914752 0.998257 0.978064 0.907596 0.933988 0.856684 0.850288 0.986003 0.945602 0.979900 0.893415 0.887880 0.902885 0.887369 0.770878 0.962192 0.996929 0.836489 0.869927 0.899906 0.921690 0.945869 0.943361 0.982385 0.840643 0.986962 0.935982 0.976862 0.983671
0.856386 0.995935 0.884451 0.956596 0.593447 0.876207 0.889503 0.862059 0.653750 0.989854 0.640664 0.695573 0.996106 0.979115 0.561096 0.827423 0.986065 0.928182 0.864633 0.924977 0.895128 0.977013 0.000000 0.455125 0.795478 0.937836 0.868768 0.905367 0.945688 0.860867 0.546475 0.567568 0.820269 0.902104 0.877303 0.909252 0.996999 0.990806 0.837433 0.867622 0.866541 0.849586 0.864113 0.870504 0.949173 0.997666 0.968421 0.932364 0.977152 0.754789 0.716958 0.537515 0.654411 0.605246 0.957567 0.972939 0.860650 0.841986 0.822027 0.968812 0.964989 0.871576 0.972732 0.926207 0.551990 0.874667 0.971068 0.998880 0.845480 0.879438 0.855436 0.953068 0.589813 0.761303 0.852980 0.990080 0.933887 0.882745 0.852542 0.942909 0.885386 0.762481 0.614176 0.738037 0.428409 0.557553 0.738566 0.524012 0.901836 0.822190 0.945085 0.792089 0.969778 0.917423 0.986624 0.909553 0.916331 0.835240 0.952886 0.864781 0.834320 0.946325 0.757650 0.850651 0.800356 0.980939 0.922172 0.933559 0.920961 0.999224 0.959154 0.966524 0.990530 0.995501 0.878023 0.804383
0.631708 0.945682 0.941936 0.991835 0.682975 0.902979 0.862180 0.755645 0.897459 0.721253 0.579086 0.732603 0.974346 0.834803 0.649428 0.675311 0.844559 0.834480 0.996109 0.889547 0.825090 0.975840 0.455125 0.000000 0.746938 0.864101 0.725904 0.979449 0.922906 0.986486 0.665957 0.541381 0.998082 0.790215 0.992444 0.910171 0.873224 0.914986 0.933949 0.899182 0.818935 0.870319 0.920091 0.940199 0.994210 0.941873 0.863918 0.955150 0.882834 0.884153 0.766955 0.650054 0.706107 0.574394 0.928250 0.902695 0.864653 0.907856 0.583534 0.845624 0.811534 0.804392 0.784575 0.681022 0.656935 0.831031 0.914620 0.997178 0.713805 0.847482 0.843363 0.909119 0.567106 0.735638 0.999655 0.876031 0.977297 0.937492 0.937194 0.825343 0.852019 0.982845 0.746717 0.997192 0.694572 0.618979 0.758521 0.621372 0.920665 0.889378 0.928856 0.875835 0.932010 0.888274 0.929466 0.933375 0.920785 0.826655 0.789093 0.884420 0.832132 0.922178 0.634410 0.753480 0.911439 0.883670 0.854481 0.962456 0.917087 0.951099 0.931096 0.863343 0.998595 0.940412 0.859495 0.936051
0.854544 0.997968 0.941041 0.882301 0.980472 0.950470 0.929544 0.815335 0.897770 0.637305 0.760720 0.744017 0.755278 0.990528 0.946394 0.959246 0.839851 0.963054 0.830836 0.804553 0.956930 0.965030 0.795478 0.746938 0.000000 0.507884 0.870030 0.749352 0.834970 0.920483 0.715809 0.696206 0.922874 0.918356 0.946052 0.672929 0.954957 0.774915 0.873481 0.983521 0.956547 0.862082 0.654837 0.670093 0.677614 0.743918 0.909336 0.824268 0.754708 0.767049 0.754741 0.843813 0.726511 0.684337 0.897825 0.982161 0.908050 0.845326 0.708443 0.671459 0.752604 0.696991 0.825569 0.688590 0.693512 0.984583 0.934755 0.901146 0.727225 0.998249 0.827894 0.806749 0.908485 0.997201 0.908504 0.952706 0.939735 0.890269 0.938522 0.796134 0.989428 0.939070 0.722761 0.908072 0.790273 0.704763 0.810056 0.803829 0.997276 0.971859 0.942429 0.847236 0.930861 0.782624 0.896144 0.856132 0.879829 0.996328 0.900088 0.971386 0.979349 0.982104 0.771949 0.923290 0.940785 0.906181 0.919152 0.978547 0.951967 0.980522 0.969635 0.958861 0.944427 0.949978 0.860224 0.896464
0.936181 0.923138 0.984051 0.894232 0.876649 0.935097 0.921594 0.878374 0.912097 0.675762 0.810975 0.780171 0.755609 0.927367 0.972542 0.963731 0.833487 0.924939 0.904711 0.752131 0.970304 0.971819 0.937836 0.864101 0.507884 0.000000 0.928438 0.753745 0.884327 0.898339 0.764036 0.858506 0.967758 0.921968 0.959237 0.715393 0.914668 0.836978 0.816879 0.983345 0.926915 0.807194 0.690041 0.702851 0.849594 0.834914 0.996589 0.805909 0.772674 0.883293 0.831769 0.979577 0.771572 0.670391 0.982017 0.992417 0.994906 0.793412 0.697772 0.684785 0.766828 0.775466 0.797665 0.725485 0.750172 0.976636 0.964107 0.953129 0.847076 0.908671 0.771480 0.817195 0.911586 0.965301 0.911368 0.992732 0.836548 0.762050 0.929725 0.815064 0.947469 0.975837 0.841177 0.957046 0.961518 0.774314 0.922468 0.912431 0.954934 0.956229 0.859084 0.778470 0.884803 0.706161 0.824203 0.954501 0.841438 0.926151 0.952296 0.942319 0.973686 0.824320 0.920514 0.963357 0.831559 0.982574 0.927024 0.994426 0.835264 0.994776 0.927884 0.876371 0.924687 0.940705 0.867493 0.820830
0.852020 0.985710 0.925585 0.995550 0.929500 0.845939 0.850805 0.875509 0.933113 0.811406 0.800198 0.942065 0.888916 0.817710 0.809986 0.778543 0.999033 0.944010 0.966335 0.871845 0.878556 0.902276 0.868768 0.725904 0.870030 0.928438 0.000000 0.836469 0.851390 0.837227 0.943216 0.722840 0.940264 0.854949 0.906374 0.907472 0.910174 0.916118 0.973799 0.992113 0.965641 0.961985 0.829230 0.908683 0.882112 0.825578 0.962002 0.998285 0.870789 0.855384 0.956994 0.993008 0.870349 0.839381 0.909845 0.851067 0.846653 0.877836 0.729885 0.838402 0.893789 0.964149 0.960399 0.862075 0.860562 0.908314 0.948950 0.932411 0.721895 0.869418 0.943670 0.910004 0.818839 0.845994 0.889089 0.946204 0.960051 0.999029 0.950321 0.798600 0.967582 0.889812 0.848237 0.899187 0.946824 0.740866 0.986252 0.887894 0.834362 0.945357 0.861401 0.919063 0.830451 0.961271 0.969460 0.937570 0.778766 0.783129 0.835104 0.798859 0.889055 0.882383 0.777305 0.864398 0.880630 0.953332 0.966218 0.885087 0.873180 0.977496 0.835153 0.911602 0.966404 0.825442 0.969852 0.897596
0.982932 0.895191 0.906804 0.952513 0.777839 0.808452 0.819091 0.860680 0.873744 0.745650 0.927889 0.928155 0.913143 0.909478 0.966620 0.854152 0.916861 0.969228 0.900424 0.656985 0.911045 0.814438 0.905367 0.979449 0.749352 0.753745 0.836469 0.000000 0.943697 0.992490 0.905399 0.974493 0.905016 0.963977 0.917379 0.954885 0.993721 0.890422 0.984740 0.961172 0.896630 0.940187 0.947124 0.960712 0.958525 0.994176 0.976700 0.932162 0.994685 0.890814 0.946492 0.809959 0.836197 0.888801 0.922952 0.971040 0.967041 0.796839 0.784181 0.721499 0.830899 0.895312 0.957335 0.883810 0.950949 0.971223 0.959638 0.898333 0.996221 0.950757 0.991032 0.909765 0.982893 0.819475 0.839666 0.941858 0.878605 0.882334 0.979966 0.860416 0.986054 0.991401 0.938481 0.973266 0.955204 0.882215 0.950869 0.995707 0.848494 0.989062 0.906264 0.909824 0.909744 0.977516 0.950450 0.927843 0.752257 0.969143 0.875287 0.932571 0.981642 0.960246 0.928788 0.963099 0.955757 0.980888 0.905277 0.927263 0.760631 0.969137 0.768570 0.995696 0.978669 0.879806 0.962823 0.874152
0.703237 0.829941 0.953105 0.894929 0.851611 0.896440 0.895966 0.911026 0.852409 0.821092 0.822433 0.875303 0.799602 0.888820 0.755467 0.946142 0.614074 0.611825 0.724030 0.778439 0.925779 0.869493 0.945688 0.922906 0.834970 0.884327 0.851390 0.943697 0.000000 0.519658 0.986944 0.894720 0.802764 0.814737 0.974319 0.954645 0.930652 0.764778 0.923594 0.880629 0.837369 0.950463 0.768233 0.855362 0.854648 0.930120 0.859613 0.959416 0.933152 0.829436 0.712089 0.798620 0.982606 0.924912 0.902009 0.743775 0.716970 0.793940 0.934867 0.991883 0.754484 0.744709 0.634178 0.656420 0.962452 0.995757 0.873598 0.860396 0.901986 0.894301 0.830728 0.826234 0.873297 0.877360 0.962261 0.991803 0.978332 0.985191 0.848630 0.981689 0.684342 0.717632 0.800800 0.681010 0.835090 0.876221 0.984190 0.880033 0.874180 0.790349 0.866817 0.683503 0.760796 0.640951 0.977116 0.907761 0.933846 0.916290 0.978737 0.991320 0.878232 0.722299 0.982298 0.966372 0.933424 0.975527 0.991819 0.801539 0.922248 0.946889 0.977748 0.996118 0.859326 0.946959 0.984695 0.793903
0.660952 0.675812 0.963527 0.979291 0.830128 0.947857 0.910934 0.839110 0.937230 0.851864 0.870109 0.744739 0.810597 0.768390 0.734339 0.816866 0.573255 0.500989 0.709029 0.742556 0.855387 0.895668 0.860867 0.986486 0.920483 0.898339 0.837227 0.992490 0.519658 0.000000 0.795045 0.836759 0.720301 0.736019 0.876064 0.815617 0.815010 0.947231 0.988383 0.931921 0.894397 0.990160 0.907684 0.958812 0.981057 0.930534 0.719665 0.873623 0.824659 0.992120 0.980564 0.983028 0.946770 0.979940 0.712310 0.742277 0.604974 0.617548 0.856934 0.931717 0.743882 0.718276 0.566103 0.588823 0.967000 0.905485 0.961980 0.988665 0.997887 0.900100 0.991429 0.954486 0.836544 0.858398 0.901577 0.954458 0.903253 0.922710 0.719451 0.844608 0.618516 0.580792 0.719290 0.576505 0.758220 0.774161 0.889619 0.878689 0.868801 0.723064 0.814030 0.666194 0.763206 0.645465 0.885004 0.992545 0.970260 0.901188 0.893875 0.999252 0.867069 0.765787 0.950393 0.958078 0.973023 0.846823 0.896872 0.895821 0.913581 0.948754 0.961779 0.994320 0.925969 0.970266 0.986562 0.850294
0.964968 0.916378 0.934971 0.890927 0.825345 0.920715 0.916881 0.975346 0.917376 0.996647 0.765699 0.788333 0.890011 0.891045 0.736225 0.865920 0.998010 0.851088 0.892233 0.879356 0.924269 0.980383 0.546475 0.665957 0.715809 0.764036 0.943216 0.905399 0.986944 0.795045 0.000000 0.622969 0.694712 0.958076 0.792360 0.799615 0.969106 0.737983 0.971130 0.948061 0.925359 0.922999 0.898751 0.894164 0.709279 0.736745 0.821178 0.746510 0.700110 0.649262 0.632296 0.611037 0.744797 0.657809 0.959135 0.887555 0.791845 0.808973 0.927384 0.975321 0.995114 0.928141 0.914518 0.978907 0.741808 0.915992 0.874518 0.813505 0.749310 0.958574 0.679114 0.808694 0.750870 0.784862 0.902516 0.998915 0.972312 0.971821 0.834396 0.965246 0.838755 0.749578 0.666320 0.742880 0.573945 0.629866 0.871319 0.709441 0.947549 0.913506 0.911644 0.847286 0.900911 0.899450 0.980425 0.943184 0.896794 0.937138 0.870326 0.807307 0.914587 0.939995 0.828844 0.967378 0.914706 0.873116 0.959465 0.936653 0.931646 0.981560 0.925547 0.997752 0.984043 0.976224 0.914797 0.844353
0.853531 0.989904 0.975538 0.939214 0.825029 0.828269 0.898758 0.811954 0.957630 0.847232 0.726336 0.780160 0.907686 0.802577 0.650820 0.712922 0.971718 0.959591 0.949943 0.963456 0.913678 0.920427 0.567568 0.541381 0.696206 0.858506 0.722840 0.974493 0.894720 0.836759 0.622969 0.000000 0.893861 0.942423 0.985695 0.729834 0.909332 0.915244 0.994688 0.991121 0.893561 0.953807 0.986740 0.964951 0.912914 0.974400 0.944531 0.912252 0.997462 0.921387 0.845198 0.742408 0.716093 0.690327 0.955132 0.944044 0.919184 0.962613 0.689870 0.858989 0.891183 0.833021 0.955995 0.857338 0.744865 0.886433 0.964271 0.941063 0.768710 0.896045 0.912718 0.926756 0.723040 0.736889 0.962684 0.852566 0.999724 0.973701 0.876703 0.795035 0.971282 0.849384 0.639662 0.832141 0.650952 0.659895 0.719843 0.590146 0.879669 0.947453 0.830709 0.989034 0.806001 0.978682 0.861190 0.933972 0.899375 0.849880 0.828698 0.996408 0.918074 0.888312 0.724482 0.821844 0.957593 0.868435 0.939110 0.996748 0.842780 0.930449 0.951254 0.881964 0.961553 0.881743 0.954433 0.857233
0.587993 0.665982 0.582919 0.676017 0.906621 0.924569 0.509086 0.615951 0.808324 0.635916 0.775409 0.822461 0.884057 0.943558 0.999539 0.914921 0.650998 0.579704 0.661309 0.735626 0.915237 0.952836 0.820269 0.998082 0.922874 0.967758 0.940264 0.905016 0.802764 0.720301 0.694712 0.893861 0.000000 0.566807 0.707426 0.849720 0.932182 0.997473 0.998631 0.934534 0.800008 0.833705 0.795624 0.742063 0.620936 0.591896 0.741033 0.723053 0.810606 0.873974 0.940992 0.977232 0.921543 0.958970 0.783048 0.861534 0.611372 0.733351 0.712259 0.856791 0.534681 0.670674 0.610353 0.646174 0.750475 0.735746 0.619619 0.645297 0.961980 0.850165 0.904106 0.974319 0.920244 0.842689 0.990430 0.894946 0.831694 0.882642 0.751957 0.862645 0.564241 0.587668 0.916102 0.725870 0.630056 0.732954 0.928929 0.944702 0.897013 0.805429 0.706590 0.871629 0.706146 0.929622 0.766007 0.768446 0.622307 0.873113 0.597438 0.677268 0.859397 0.924435 0.834657 0.725767 0.945586 0.703523 0.832246 0.835850 0.815321 0.819400 0.829726 0.715801 0.768011 0.824910 0.967225 0.906480
0.515043 0.701623 0.602703 0.553978 0.968333 0.969306 0.538197 0.422083 0.919415 0.564064 0.515140 0.584541 0.757633 0.929291 0.753326 0.861694 0.712131 0.599212 0.659454 0.650264 0.888549 0.987907 0.902104 0.790215 0.918356 0.921968 0.854949 0.963977 0.814737 0.736019 0.958076 0.942423 0.566807 0.000000 0.662599 0.813597 0.867382 0.996559 0.841324 0.687553 0.796136 0.902100 0.757326 0.784984 0.816738 0.708712 0.625713 0.718307 0.972393 0.877960 0.913814 0.808996 0.659624 0.645148 0.699583 0.618246 0.765089 0.814970 0.611274 0.620401 0.505281 0.455273 0.600448 0.534708 0.869804 0.587194 0.525532 0.512261 0.937815 0.638537 0.990205 0.895388 0.982815 0.981578 0.958712 0.954489 0.830343 0.813533 0.726290 0.961227 0.618311 0.624748 0.861220 0.846049 0.857108 0.868391 0.851740 0.766958 0.884309 0.698608 0.778818 0.945234 0.740807 0.972787 0.811715 0.746322 0.604982 0.846220 0.500416 0.670892 0.760834 0.968226 0.662866 0.734723 0.824934 0.653594 0.833640 0.825218 0.862429 0.848721 0.767021 0.720833 0.831065 0.870747 0.929618 0.919393
0.703766 0.855383 0.690748 0.648351 0.890662 0.872409 0.638271 0.700508 0.923416 0.766184 0.760516 0.839215 0.961782 0.936445 0.900425 0.806113 0.718325 0.702443 0.754098 0.729210 0.892675 0.871141 0.877303 0.992444 0.946052 0.959237 0.906374 0.917379 0.974319 0.876064 0.792360 0.985695 0.707426 0.662599 0.000000 0.914572 0.921603 0.926119 0.963311 0.858797 0.889353 0.850725 0.836352 0.849653 0.716100 0.689744 0.786052 0.704048 0.841061 0.925363 0.870223 0.980425 0.950702 0.995234 0.854264 0.692368 0.836298 0.885023 0.866324 0.930959 0.687512 0.780403 0.696451 0.689352 0.785921 0.834054 0.697416 0.755179 0.923196 0.741622 0.878068 0.822679 0.937964 0.993089 0.980625 0.953797 0.997498 0.997713 0.732663 0.910670 0.593523 0.596171 0.874141 0.644419 0.676136 0.704773 0.858435 0.973108 0.936422 0.748792 0.750795 0.783393 0.711625 0.883927 0.829818 0.763464 0.714565 0.775344 0.680167 0.702595 0.960509 0.965001 0.800600 0.795118 0.996741 0.764586 0.942220 0.760075 0.756312 0.951865 0.840552 0.843890 0.935844 0.924733 0.818463 0.996784
0.931651 0.950645 0.856391 0.834782 0.959471 0.964619 0.892640 0.913201 0.891412 0.878506 0.975995 0.983109 0.888594 0.985874 0.954303 0.993597 0.937977 0.822106 0.944843 0.950823 0.960959 0.960072 0.909252 0.910171 0.672929 0.715393 0.907472 0.954885 0.954645 0.815617 0.799615 0.729834 0.849720 0.813597 0.914572 0.000000 0.785513 0.943393 0.881000 0.725471 0.946747 0.907545 0.814440 0.885634 0.872403 0.917206 0.828092 0.803120 0.920300 0.996335 0.900646 0.996970 0.953860 0.916565 0.844366 0.829354 0.880569 0.964390 0.976857 0.955643 0.944312 0.991110 0.944931 0.988797 0.712979 0.831402 0.809555 0.737354 0.759727 0.962788 0.853495 0.875683 0.949233 0.956578 0.908295 0.934465 0.945204 0.867164 0.856474 0.843882 0.884308 0.819265 0.922964 0.905562 0.827520 0.811395 0.974814 0.939103 0.920577 0.843451 0.981083 0.980707 0.969607 0.926713 0.783574 0.987868 0.941460 0.964204 0.926542 0.939346 0.982011 0.924498 0.888765 0.919589 0.958101 0.888046 0.806069 0.980333 0.944188 0.995436 0.997281 0.909870 0.913262 0.917957 0.881505 0.952482
0.939415 0.972329 0.970774 0.994517 0.930451 0.964299 0.965571 0.970786 0.982777 0.995898 0.877489 0.967362 0.866993 0.905528 0.998651 0.965903 0.773250 0.821609 0.976574 0.895001 0.960528 0.979852 0.996999 0.873224 0.954957 0.914668 0.910174 0.993721 0.930652 0.815010 0.969106 0.909332 0.932182 0.867382 0.921603 0.785513 0.000000 0.879057 0.992957 0.948198 0.937315 0.846185 0.979267 0.999273 0.941808 0.975390 0.946794 0.912996 0.845720 0.994408 0.972686 0.969157 0.937703 0.996249 0.814188 0.914543 0.830529 0.864025 0.884316 0.988162 0.969597 0.973286 0.842589 0.852772 0.945963 0.929532 0.951978 0.937499 0.973977 0.989039 0.996260 0.997225 0.879858 0.979879 0.925427 0.813758 0.922345 0.951161 0.763599 0.949093 0.827833 0.883542 0.810289 0.768976 0.907669 0.961787 0.977761 0.998742 0.943965 0.812079 0.978178 0.872813 0.987703 0.947052 0.896867 0.995467 0.958435 0.993608 0.944577 0.998317 0.985215 0.952869 0.845985 0.982802 0.976671 0.799339 0.848437 0.963619 0.909632 0.950163 0.905386 0.841669 0.996758 0.992456 0.842908 0.982821
0.844902 0.874645 0.862852 0.978345 0.843745 0.836931 0.829814 0.838394 0.758927 0.804251 0.873874 0.765681 0.666607 0.941293 0.890859 0.993540 0.810316 0.857726 0.706268 0.839648 0.984984 0.979521 0.990806 0.914986 0.774915 0.836978 0.916118 0.890422 0.764778 0.947231 0.737983 0.915244 0.997473 0.996559 0.926119 0.943393 0.879057 0.000000 0.948123 0.978084 0.899026 0.830642 0.878474 0.863588 0.764504 0.765436 0.968084 0.847658 0.762159 0.798753 0.692373 0.815851 0.918949 0.882168 0.961066 0.994767 0.978941 0.844298 0.917595 0.919121 0.696407 0.779623 0.862123 0.854515 0.915353 0.897603 0.861767 0.821772 0.801100 0.896521 0.812155 0.825389 0.898068 0.949937 0.911472 0.984154 0.828143 0.961450 0.979914 0.919644 0.896971 0.951279 0.882016 0.958621 0.997734 0.993017 0.966818 0.874607 0.839935 0.877564 0.989459 0.920106 0.948103 0.866303 0.889894 0.981426 0.939479 0.889734 0.955753 0.981690 0.957269 0.929503 0.969344 0.906321 0.977837 0.909652 0.965263 0.917801 0.990125 0.994827 0.957506 0.986429 0.980613 0.967739 0.924254 0.860575
