0.000000 0.165345 0.700376 0.637764 0.662992 0.739178 0.832679 0.238428 0.897588 0.347447 0.220762 0.177420 0.312448 0.248336 0.500305 0.524512 0.221164 0.212457 0.265835 0.233001 0.969358 0.865150 0.879852 0.912278 0.632145 0.778255 0.922616 0.934569 0.244410 0.234640 0.673858 0.716243 0.495200 0.352159 0.675682 0.580256 0.955997 0.915847 0.966850 0.867115 0.717693 0.733888 0.688911 0.398103 0.707509 0.327928 0.507864 0.407356 0.177639 0.205951 0.275579 0.269722 0.350642 0.459582 0.593671 0.445996 0.265501 0.232691 0.305098 0.246505 0.508628 0.226963 0.243635 0.184380 0.453987 0.759290 0.831880 0.903680 0.500915 0.397058 0.681904 0.699978 0.440562 0.422517 0.709162 0.816880 0.398536 0.471664 0.440535 0.316989 0.231457 0.257989 0.422264 0.598023 0.771343 0.783285 0.670268 0.999697 0.999030 0.601036 0.905273 0.695118 0.664662 0.487271 0.959331 0.740265 0.744733 0.682080 0.523846 0.558717 0.625848 0.838401 0.435032 0.478051 0.668519 0.788823 0.979822 0.952517 0.752616 0.977640 0.935406 0.739613 0.481540 0.820147 0.755171 0.674863
0.165345 0.000000 0.633273 0.707402 0.643933 0.802294 0.966196 0.287113 0.803150 0.396709 0.275220 0.206473 0.414823 0.300684 0.590430 0.583685 0.231460 0.220645 0.264256 0.206243 0.964090 0.811606 0.885364 0.924633 0.689992 0.765227 0.946066 0.938440 0.255281 0.268065 0.708672 0.755566 0.557259 0.402219 0.658859 0.594806 0.961573 0.893993 0.974313 0.885635 0.690620 0.746903 0.801628 0.477709 0.776812 0.388988 0.556228 0.487910 0.189603 0.221195 0.322568 0.314873 0.398638 0.516760 0.606676 0.478484 0.221979 0.176508 0.402924 0.292606 0.640557 0.274201 0.315636 0.226822 0.380512 0.654625 0.708329 0.808882 0.470134 0.372315 0.754173 0.765510 0.414048 0.452928 0.719116 0.863678 0.421394 0.505650 0.487728 0.308380 0.232189 0.246593 0.500610 0.573051 0.773823 0.782353 0.674625 0.942972 0.932861 0.651722 0.993034 0.618704 0.610516 0.453255 0.996816 0.751131 0.806404 0.610734 0.615504 0.663604 0.685984 0.918482 0.493318 0.543600 0.719583 0.885762 0.985988 0.955093 0.777740 0.950016 0.937162 0.832909 0.532845 0.843806 0.873554 0.700222
0.700376 0.633273 0.000000 0.693029 0.723324 0.885801 0.476694 0.916661 0.689329 0.904728 0.765713 0.564650 0.873526 0.547819 0.873077 0.689962 0.755748 0.767145 0.650122 0.597539 0.916366 0.943733 0.784836 0.851693 0.602223 0.385722 0.794422 0.930929 0.768483 0.730792 0.773607 0.851859 0.816732 0.882405 0.411836 0.608945 0.858647 0.964867 0.766417 0.953082 0.901326 0.958920 0.741536 0.985479 0.668077 0.991800 0.965803 0.929888 0.748264 0.633806 0.788921 0.744663 0.828351 0.899097 0.930906 0.842431 0.722885 0.615858 0.877735 0.675404 0.765097 0.733012 0.771051 0.691456 0.303349 0.614022 0.468218 0.469333 0.632583 0.601223 0.752661 0.880258 0.796594 0.884711 0.959919 0.946913 0.797703 0.923056 0.891461 0.792948 0.787752 0.708366 0.825719 0.942104 0.854492 0.862480 0.753776 0.802021 0.698325 0.890396 0.659556 0.566480 0.383931 0.547564 0.844483 0.823847 0.884881 0.545085 0.863547 0.862069 0.985316 0.759628 0.979628 0.946613 0.817994 0.772057 0.998696 0.844279 0.957144 0.959122 0.709743 0.888303 0.897037 0.999677 0.767538 0.807168
0.637764 0.707402 0.693029 0.000000 0.949167 0.913643 0.659867 0.625590 0.953609 0.725112 0.707515 0.755802 0.727636 0.790073 0.809696 0.870107 0.707575 0.718995 0.798414 0.705802 0.997072 0.984369 0.886585 0.993152 0.915371 0.803190 0.968938 0.975214 0.742888 0.774127 0.841181 0.890253 0.632136 0.760067 0.928537 0.823162 0.973822 0.847466 0.784978 0.836826 0.882438 0.852409 0.826624 0.730553 0.741790 0.653756 0.867973 0.642263 0.675414 0.742085 0.696565 0.732295 0.711100 0.792385 0.741619 0.761360 0.669045 0.696366 0.598430 0.738650 0.622458 0.644915 0.763980 0.722565 0.855943 0.804633 0.834977 0.856627 0.705255 0.700208 0.920335 0.928591 0.861543 0.884297 0.816718 0.954717 0.808396 0.842838 0.698275 0.798162 0.720886 0.678142 0.664148 0.641713 0.687905 0.758984 0.943245 0.891403 0.800427 0.697157 0.888658 0.971884 0.860887 0.967780 0.808066 0.936467 0.689337 0.880295 0.724480 0.745284 0.965826 0.810186 0.813278 0.763140 0.623160 0.749545 0.900035 0.896260 0.949739 0.949694 0.943038 0.941720 0.674637 0.990610 0.936845 0.767141
0.662992 0.643933 0.723324 0.949167 0.000000 0.934682 0.997869 0.703668 0.894742 0.741355 0.683434 0.649127 0.753643 0.705375 0.965194 0.910073 0.634076 0.654888 0.582963 0.646437 0.970829 0.970427 0.843908 0.934278 0.971202 0.808754 0.981401 0.983710 0.748563 0.757350 0.963849 0.851677 0.901822 0.781074 0.866027 0.800306 0.857095 0.918541 0.961340 0.979769 0.926787 0.815728 0.995424 0.878743 0.902227 0.819702 0.956038 0.860462 0.770341 0.759798 0.810297 0.799548 0.833919 0.856495 0.740045 0.726866 0.666546 0.707077 0.798762 0.905748 0.936250 0.766660 0.741638 0.694744 0.665033 0.750087 0.858381 0.779105 0.751398 0.740934 0.667169 0.785683 0.790011 0.722712 0.866871 0.935667 0.592847 0.760589 0.814381 0.765493 0.676949 0.606636 0.780388 0.727096 0.959787 0.988979 0.953556 0.893097 0.854072 0.754466 0.882285 0.743844 0.752972 0.705000 0.996184 0.889311 0.891640 0.820719 0.847828 0.849375 0.925848 0.911802 0.716365 0.750157 0.953371 0.995568 0.925112 0.893833 0.991971 0.903227 0.890058 0.838956 0.888692 0.965190 0.920275 0.650562
0.739178 0.802294 0.885801 0.913643 0.934682 0.000000 0.777456 0.620580 0.748313 0.734032 0.753938 0.727638 0.716526 0.679407 0.760563 0.663846 0.878052 0.832784 0.812271 0.845021 0.864730 0.943430 0.772620 0.906964 0.628812 0.889223 0.879525 0.918115 0.708444 0.697972 0.825753 0.747176 0.706553 0.789298 0.888458 0.801041 0.893085 0.927650 0.957455 0.931305 0.995354 0.909018 0.609907 0.588853 0.813556 0.688080 0.797693 0.756223 0.697642 0.599808 0.557857 0.549773 0.617948 0.510408 0.843232 0.741561 0.964142 0.926199 0.720266 0.643542 0.745519 0.658814 0.709048 0.708550 0.752246 0.845135 0.896617 0.822537 0.853320 0.835161 0.736654 0.815649 0.788971 0.641952 0.806769 0.885556 0.624566 0.709995 0.752724 0.682472 0.768118 0.902869 0.870405 0.962285 0.823645 0.934418 0.930234 0.725132 0.869511 0.989168 0.691912 0.807273 0.866882 0.923431 0.988762 0.856793 0.843102 0.913510 0.706051 0.667241 0.604537 0.717902 0.771215 0.680743 0.732833 0.696972 0.697883 0.729178 0.767482 0.908089 0.942564 0.753224 0.812050 0.835927 0.842121 0.979385
0.832679 0.966196 0.476694 0.659867 0.997869 0.777456 0.000000 0.549840 0.609712 0.547385 0.696802 0.925878 0.634030 0.969298 0.788296 0.993982 0.777641 0.758660 0.811072 0.996431 0.928081 0.880625 0.925169 0.631702 0.930269 0.723663 0.632551 0.947553 0.771065 0.742792 0.573910 0.604592 0.457143 0.612810 0.670866 0.913328 0.860472 0.868702 0.791104 0.988556 0.787565 0.996512 0.286193 0.438604 0.291924 0.527922 0.595396 0.484492 0.786570 0.899070 0.692772 0.749791 0.694229 0.620739 0.717741 0.749261 0.960891 0.903745 0.645271 0.949329 0.310386 0.770881 0.686738 0.766939 0.749162 0.717859 0.341713 0.308170 0.757703 0.851778 0.733871 0.666637 0.734040 0.667585 0.935840 0.870801 0.678718 0.712367 0.603756 0.781004 0.750947 0.938316 0.875140 0.821376 0.995424 0.682642 0.974106 0.594488 0.853964 0.882705 0.403286 0.527412 0.488547 0.684729 0.864486 0.889481 0.592109 0.606861 0.390165 0.375553 0.498576 0.526434 0.534943 0.515122 0.697150 0.572835 0.919329 0.617965 0.741527 0.968789 0.720930 0.496321 0.560264 0.827258 0.589541 0.950410
0.238428 0.287113 0.916661 0.625590 0.703668 0.620580 0.549840 0.000000 0.934682 0.273470 0.260872 0.297124 0.337088 0.345083 0.529274 0.604636 0.298169 0.285851 0.335962 0.359426 0.959780 0.969625 0.893593 0.783266 0.605548 0.900140 0.869079 0.940445 0.285081 0.285639 0.561875 0.600301 0.396748 0.326502 0.841137 0.672908 0.929222 0.881074 0.920914 0.938888 0.725533 0.785817 0.458614 0.295560 0.491564 0.264049 0.478471 0.356687 0.236442 0.282718 0.272904 0.282756 0.350158 0.380288 0.616880 0.499900 0.409755 0.410618 0.319179 0.375286 0.381791 0.262708 0.255182 0.247549 0.585253 0.886225 0.885445 0.832595 0.741871 0.577693 0.581079 0.648211 0.376552 0.346698 0.672513 0.825999 0.330899 0.427388 0.431911 0.382519 0.260411 0.367455 0.499456 0.639565 0.860083 0.996904 0.740171 0.795166 0.947838 0.666527 0.682321 0.991509 0.963243 0.738447 0.852053 0.733973 0.653558 0.845466 0.364266 0.380542 0.490932 0.676065 0.343413 0.367857 0.598013 0.592383 0.900320 0.804477 0.647154 0.934722 0.851522 0.556077 0.421954 0.726072 0.648149 0.786439
0.897588 0.803150 0.689329 0.953609 0.894742 0.748313 0.609712 0.934682 0.000000 0.881758 0.944088 0.852297 0.977333 0.852335 0.947559 0.935440 0.898058 0.853740 0.872396 0.786051 0.916136 0.902704 0.857759 0.780133 0.903515 0.800267 0.783122 0.965039 0.944119 0.960050 0.748052 0.746131 0.895646 0.982990 0.697053 0.884922 0.936537 0.986452 0.928902 0.992142 0.864490 0.992154 0.634169 0.799661 0.690960 0.883183 0.920637 0.779589 0.996414 0.971801 0.822615 0.857659 0.818825 0.730605 0.895681 0.795546 0.714080 0.686964 0.922989 0.916584 0.776064 0.896457 0.938327 0.911930 0.770985 0.578348 0.664410 0.632988 0.742150 0.822957 0.988123 0.865111 0.947440 0.898078 0.953551 0.991530 0.894633 0.892260 0.957464 0.955700 0.939443 0.788266 0.819662 0.759026 0.863099 0.808152 0.670888 0.667095 0.893525 0.975548 0.574397 0.526570 0.631253 0.649668 0.939092 0.969839 0.974715 0.853897 0.710586 0.694313 0.734768 0.742627 0.879585 0.838175 0.786209 0.726820 0.908453 0.672805 0.918621 0.960341 0.949423 0.792681 0.813433 0.908087 0.788853 0.837086
0.347447 0.396709 0.904728 0.725112 0.741355 0.734032 0.547385 0.273470 0.881758 0.000000 0.296624 0.356224 0.380389 0.421934 0.507947 0.621213 0.287572 0.283164 0.384789 0.460013 0.827589 0.924911 0.981563 0.872684 0.674232 0.837961 0.801685 0.961820 0.300396 0.268908 0.502100 0.564685 0.384949 0.370544 0.850680 0.791272 0.795859 0.795523 0.970927 0.882718 0.703841 0.767594 0.456187 0.325687 0.451716 0.288184 0.486701 0.356368 0.324569 0.470068 0.394953 0.457410 0.469096 0.559401 0.609538 0.515215 0.452810 0.514170 0.338873 0.551955 0.371174 0.351375 0.304518 0.261490 0.660778 0.842106 0.846515 0.801183 0.745698 0.656492 0.584994 0.479014 0.450408 0.436278 0.771911 0.873661 0.476198 0.468864 0.404820 0.367543 0.244333 0.370417 0.500774 0.547558 0.806257 0.959864 0.876243 0.905408 0.983977 0.600677 0.797445 0.870088 0.863283 0.690571 0.986044 0.770783 0.584194 0.879815 0.435628 0.386046 0.582843 0.765041 0.393300 0.398157 0.673994 0.720437 0.995391 0.834267 0.642408 0.936612 0.939444 0.564691 0.518836 0.805745 0.732163 0.771570
0.220762 0.275220 0.765713 0.707515 0.683434 0.753938 0.696802 0.260872 0.944088 0.296624 0.000000 0.209782 0.249400 0.267534 0.440258 0.479839 0.207779 0.200779 0.238624 0.312450 0.931629 0.927159 0.889156 0.847365 0.544193 0.750578 0.969415 0.990013 0.222845 0.187949 0.690032 0.724270 0.412404 0.337363 0.718153 0.717438 0.947924 0.904930 0.924309 0.811967 0.687483 0.727583 0.580946 0.382161 0.654263 0.346084 0.520638 0.422475 0.264660 0.316732 0.340553 0.345303 0.411938 0.465777 0.591277 0.510811 0.389174 0.360725 0.293857 0.372490 0.391946 0.273450 0.197205 0.181971 0.491926 0.802598 0.985609 0.944569 0.648544 0.556047 0.681451 0.574864 0.370729 0.370635 0.759187 0.818277 0.421784 0.452180 0.350086 0.382524 0.243825 0.308689 0.506547 0.602490 0.853299 0.887677 0.679277 0.990338 0.934450 0.632914 0.826650 0.763058 0.722681 0.524282 0.980807 0.719115 0.695472 0.739719 0.492691 0.517787 0.582060 0.772522 0.462828 0.430508 0.704463 0.789903 0.989152 0.934316 0.717911 0.866691 0.952070 0.699387 0.519486 0.745195 0.714321 0.704277
0.177420 0.206473 0.564650 0.755802 0.649127 0.727638 0.925878 0.297124 0.852297 0.356224 0.209782 0.000000 0.287667 0.183406 0.454031 0.419011 0.223863 0.215164 0.247499 0.233281 0.972325 0.858845 0.914757 0.998016 0.509654 0.604444 0.951546 0.963506 0.258554 0.222345 0.780046 0.805918 0.552084 0.383582 0.593452 0.584833 0.975779 0.941490 0.912140 0.849868 0.757586 0.787950 0.722460 0.449963 0.799168 0.400347 0.579744 0.491965 0.222366 0.244558 0.330353 0.318419 0.398535 0.501182 0.652404 0.492233 0.320902 0.263083 0.358348 0.290887 0.576120 0.248626 0.225902 0.175726 0.346188 0.722344 0.798539 0.831307 0.529109 0.444907 0.633979 0.621533 0.421182 0.416050 0.738219 0.831819 0.395445 0.446381 0.440056 0.335812 0.254343 0.266039 0.471481 0.634402 0.843945 0.762511 0.706011 0.914776 0.890581 0.640770 0.981458 0.623242 0.561306 0.430899 0.956065 0.665970 0.808587 0.651074 0.572145 0.616818 0.678926 0.882689 0.488354 0.524084 0.735051 0.867407 0.976058 0.996044 0.738970 0.881517 0.863842 0.804270 0.539375 0.821260 0.784032 0.678841
0.312448 0.414823 0.873526 0.727636 0.753643 0.716526 0.634030 0.337088 0.977333 0.380389 0.249400 0.287667 0.000000 0.328552 0.340606 0.406237 0.327315 0.316713 0.360675 0.493953 0.927078 0.967227 0.993660 0.890681 0.576231 0.727256 0.975123 0.982844 0.334689 0.260395 0.668838 0.752446 0.432997 0.412435 0.761731 0.737311 0.969955 0.912768 0.980744 0.977568 0.793736 0.815153 0.512965 0.349555 0.674498 0.394877 0.503481 0.446626 0.376063 0.377556 0.403495 0.389077 0.442373 0.479922 0.687368 0.604782 0.457045 0.473606 0.256285 0.358905 0.356838 0.410060 0.213344 0.241365 0.650609 0.817975 0.844528 0.865233 0.821286 0.677845 0.636046 0.579339 0.524795 0.501315 0.817801 0.801729 0.455469 0.389679 0.396410 0.443728 0.380332 0.449431 0.539826 0.710204 0.945472 0.983380 0.726222 0.938171 0.955097 0.701210 0.767050 0.848982 0.827459 0.606134 0.998859 0.685702 0.654892 0.802436 0.448131 0.485935 0.524326 0.754481 0.383640 0.431467 0.618487 0.655331 0.971509 0.861461 0.655156 0.823814 0.964428 0.708580 0.500165 0.725943 0.597569 0.727927
0.248336 0.300684 0.547819 0.790073 0.705375 0.679407 0.969298 0.345083 0.852335 0.421934 0.267534 0.183406 0.328552 0.000000 0.433079 0.347997 0.319603 0.312097 0.323606 0.332051 0.952430 0.905374 0.981077 0.906341 0.486392 0.572852 0.942880 0.991916 0.300617 0.265018 0.816459 0.850414 0.575443 0.425339 0.611990 0.596692 0.958724 0.985587 0.868023 0.813981 0.812765 0.768462 0.746128 0.517490 0.870632 0.462745 0.653060 0.579293 0.313258 0.294547 0.380675 0.368844 0.472489 0.552705 0.741847 0.607199 0.433897 0.358445 0.367593 0.312549 0.605069 0.283894 0.252685 0.224327 0.384494 0.813426 0.834399 0.810487 0.598080 0.506480 0.639332 0.652897 0.482474 0.471149 0.670940 0.760322 0.483577 0.509512 0.500883 0.431121 0.340348 0.328770 0.535342 0.703998 0.828462 0.693841 0.696123 0.920402 0.867433 0.659056 0.985500 0.628049 0.560280 0.424161 0.973238 0.748158 0.876421 0.619782 0.634422 0.628765 0.717422 0.873810 0.553466 0.532016 0.730743 0.829052 0.969900 0.999805 0.730402 0.913924 0.907949 0.821355 0.617748 0.876837 0.853567 0.704685
0.500305 0.590430 0.873077 0.809696 0.965194 0.760563 0.788296 0.529274 0.947559 0.507947 0.440258 0.454031 0.340606 0.433079 0.000000 0.372236 0.497220 0.489073 0.534871 0.639043 0.994232 0.970232 0.765124 0.923805 0.613182 0.775993 0.988843 0.985655 0.475694 0.383774 0.610173 0.714682 0.499941 0.488191 0.864884 0.740006 0.912366 0.876378 0.975190 0.924435 0.879195 0.903212 0.596871 0.495911 0.764574 0.489574 0.692773 0.545713 0.546141 0.564535 0.633712 0.605217 0.670437 0.740561 0.880638 0.806260 0.592611 0.571916 0.418825 0.473738 0.488964 0.482173 0.300608 0.374918 0.849875 0.978064 0.828157 0.851149 0.941763 0.792487 0.706283 0.689562 0.716897 0.777117 0.894951 0.815990 0.588957 0.640635 0.574006 0.593278 0.510587 0.551815 0.549813 0.806862 0.776522 0.706493 0.869541 0.982097 0.963180 0.665718 0.944426 0.767486 0.747616 0.611978 0.943955 0.794768 0.845204 0.773017 0.671160 0.670209 0.700023 0.874897 0.630353 0.572538 0.739796 0.763107 0.977567 0.918647 0.731826 0.953518 0.918349 0.847841 0.715094 0.849640 0.664569 0.815878
0.524512 0.583685 0.689962 0.870107 0.910073 0.663846 0.993982 0.604636 0.935440 0.621213 0.479839 0.419011 0.406237 0.347997 0.372236 0.000000 0.560878 0.572688 0.541968 0.651243 0.999010 0.874321 0.868012 0.767730 0.545313 0.603880 0.943599 0.959191 0.546656 0.428350 0.788931 0.898172 0.671446 0.640676 0.735970 0.756919 0.962216 0.869342 0.949414 0.916164 0.940804 0.955716 0.736586 0.592774 0.992384 0.674480 0.780621 0.673545 0.581147 0.557590 0.624265 0.617968 0.730332 0.787144 0.890488 0.891342 0.646332 0.611479 0.491594 0.464823 0.690599 0.543204 0.406479 0.406917 0.648817 0.909589 0.945989 0.940913 0.826548 0.675091 0.688424 0.687205 0.776842 0.696918 0.810787 0.789537 0.699323 0.543578 0.647249 0.582245 0.564943 0.562076 0.706459 0.834256 0.834443 0.629888 0.813757 0.927690 0.993924 0.783648 0.891548 0.659739 0.596380 0.545939 0.959083 0.760090 0.876986 0.694131 0.829621 0.809181 0.772206 0.938218 0.682732 0.628946 0.784443 0.747299 0.927168 0.948407 0.786017 0.876105 0.875980 0.966095 0.743044 0.863436 0.781301 0.802544
0.221164 0.231460 0.755748 0.707575 0.634076 0.878052 0.777641 0.298169 0.898058 0.287572 0.207779 0.223863 0.327315 0.319603 0.497220 0.560878 0.000000 0.157384 0.241993 0.266060 0.874260 0.882392 0.955346 0.847093 0.653106 0.727917 0.924996 0.933372 0.243919 0.195690 0.663199 0.702456 0.414605 0.313409 0.720898 0.762001 0.829721 0.863608 0.974048 0.805649 0.685904 0.725115 0.642253 0.394086 0.632132 0.337173 0.482388 0.404379 0.249585 0.382975 0.418948 0.447624 0.496793 0.609570 0.562892 0.516447 0.264452 0.304673 0.347396 0.447980 0.504869 0.337787 0.232175 0.185126 0.482435 0.679570 0.928429 0.979077 0.583091 0.540110 0.667920 0.572834 0.389642 0.425916 0.783983 0.929314 0.424249 0.471091 0.409125 0.333011 0.190890 0.234456 0.472425 0.494979 0.733945 0.814737 0.710971 0.930819 0.937679 0.595217 0.986791 0.630282 0.653921 0.437975 0.939544 0.737104 0.770750 0.718731 0.506805 0.565048 0.705264 0.900526 0.444754 0.481562 0.773715 0.859385 0.886873 0.994439 0.748532 0.842472 0.972218 0.721167 0.501089 0.854270 0.783463 0.694616
0.212457 0.220645 0.767145 0.718995 0.654888 0.832784 0.758660 0.285851 0.853740 0.283164 0.200779 0.215164 0.316713 0.312097 0.489073 0.572688 0.157384 0.000000 0.225426 0.259228 0.903666 0.842941 0.923674 0.859802 0.656100 0.755491 0.889641 0.981568 0.212688 0.190798 0.648967 0.676880 0.396858 0.315892 0.752452 0.717157 0.886197 0.858874 0.970059 0.808136 0.629268 0.756390 0.615055 0.374381 0.628209 0.321969 0.517487 0.382000 0.246230 0.362709 0.401428 0.419598 0.475571 0.561752 0.555881 0.505146 0.263607 0.283247 0.358850 0.427700 0.470418 0.337171 0.223330 0.185655 0.482207 0.687530 0.938563 0.995781 0.603025 0.558317 0.664372 0.572341 0.373869 0.411963 0.788142 0.848795 0.397472 0.442937 0.374532 0.306817 0.198261 0.241971 0.470967 0.531513 0.777078 0.859491 0.692908 0.942187 0.892888 0.662485 0.952668 0.661455 0.653526 0.466200 0.952835 0.712481 0.743813 0.751709 0.499501 0.532413 0.677093 0.853400 0.440299 0.479304 0.700312 0.876868 0.915979 0.981781 0.772384 0.914377 0.986155 0.735316 0.481393 0.830005 0.763537 0.752501
0.265835 0.264256 0.650122 0.798414 0.582963 0.812271 0.811072 0.335962 0.872396 0.384789 0.238624 0.247499 0.360675 0.323606 0.534871 0.541968 0.241993 0.225426 0.000000 0.268443 0.959223 0.920941 0.923007 0.898155 0.633244 0.652018 0.972958 0.977120 0.274506 0.245069 0.721515 0.771841 0.448409 0.373887 0.676522 0.701582 0.965036 0.926550 0.924090 0.919775 0.702153 0.838485 0.712022 0.481313 0.736005 0.453675 0.572401 0.461307 0.329233 0.371210 0.458077 0.452871 0.551803 0.611860 0.575868 0.546661 0.313615 0.337117 0.397984 0.462726 0.589520 0.366216 0.276928 0.259733 0.426081 0.626163 0.860840 0.919047 0.595358 0.525374 0.641360 0.642907 0.430439 0.438316 0.803125 0.877642 0.374128 0.568307 0.411087 0.333315 0.267152 0.289212 0.533656 0.516974 0.847103 0.899725 0.689119 0.893411 0.856788 0.685458 0.984308 0.631529 0.637147 0.473756 0.850180 0.682419 0.808597 0.672864 0.626364 0.674048 0.681933 0.916537 0.504372 0.543536 0.795529 0.849504 0.989219 0.921348 0.748117 0.992725 0.873246 0.787020 0.581100 0.847408 0.904536 0.679949
0.233001 0.206243 0.597539 0.705802 0.646437 0.845021 0.996431 0.359426 0.786051 0.460013 0.312450 0.233281 0.493953 0.332051 0.639043 0.651243 0.266060 0.259228 0.268443 0.000000 0.985780 0.853542 0.938367 0.949905 0.729025 0.733167 0.907623 0.996638 0.305553 0.312316 0.835734 0.806744 0.613059 0.428690 0.632090 0.606241 0.965892 0.815528 0.951556 0.797439 0.695260 0.772554 0.904251 0.615969 0.876453 0.496896 0.675387 0.552803 0.279984 0.314423 0.448385 0.441412 0.531045 0.645488 0.632094 0.524468 0.278107 0.231201 0.479465 0.420232 0.762662 0.325703 0.382600 0.314942 0.385367 0.645807 0.645113 0.740543 0.421577 0.363829 0.772217 0.799097 0.438540 0.506892 0.765790 0.899215 0.423394 0.611630 0.521484 0.374422 0.251855 0.221799 0.417260 0.508137 0.744217 0.749391 0.670103 0.811725 0.823800 0.692615 0.889726 0.566714 0.591799 0.450605 0.935173 0.766729 0.883258 0.666718 0.721310 0.778100 0.837130 0.998915 0.634868 0.707681 0.806461 0.985647 0.975614 0.889977 0.867456 0.948675 0.969357 0.850926 0.632275 0.827830 0.922751 0.667061
0.969358 0.964090 0.916366 0.997072 0.970829 0.864730 0.928081 0.959780 0.916136 0.827589 0.931629 0.972325 0.927078 0.952430 0.994232 0.999010 0.874260 0.903666 0.959223 0.985780 0.000000 0.905798 0.941202 0.982287 0.918111 0.982070 0.904727 0.945108 0.989205 0.975432 0.801668 0.866736 0.927267 0.932928 0.965693 0.848123 0.750916 0.948990 0.769944 0.837497 0.809199 0.948489 0.886111 0.849716 0.854644 0.864221 0.802552 0.830785 0.925665 0.911793 0.953535 0.907990 0.853288 0.808501 0.936265 0.939665 0.869680 0.991399 0.990779 0.933854 0.994923 0.976877 0.981636 0.962449 0.897473 0.941015 0.959763 0.995488 0.975359 0.937706 0.923428 0.927321 0.988753 0.970843 0.882158 0.952549 0.951740 0.937476 0.979545 0.830557 0.837153 0.836823 0.796413 0.835902 0.728737 0.972775 0.941888 0.977678 0.972243 0.968293 0.804870 0.939934 0.966152 0.958854 0.951091 0.908595 0.945901 0.857564 0.917179 0.927228 0.955021 0.885471 0.876460 0.898480 0.943234 0.884214 0.803355 0.948757 0.977636 0.836522 0.890196 0.956129 0.959798 0.947163 0.952192 0.994415
0.865150 0.811606 0.943733 0.984369 0.970427 0.943430 0.880625 0.969625 0.902704 0.924911 0.927159 0.858845 0.967227 0.905374 0.970232 0.874321 0.882392 0.842941 0.920941 0.853542 0.905798 0.000000 0.895121 0.940237 0.984856 0.953192 0.848731 0.881939 0.912034 0.899518 0.961883 0.986539 0.985617 0.934713 0.940326 0.896023 0.961377 0.647946 0.905646 0.937809 0.885565 0.882160 0.996420 0.917149 0.990595 0.929651 0.908337 0.925199 0.814187 0.899622 0.880024 0.923765 0.961035 0.944287 0.905667 0.946232 0.899136 0.857724 0.973273 0.851996 0.984649 0.893435 0.954939 0.875998 0.858411 0.951257 0.883233 0.961460 0.938782 0.962241 0.992510 0.973425 0.952792 0.867912 0.961326 0.966820 0.957689 0.925250 0.923372 0.853096 0.853006 0.819130 0.982327 0.818880 0.893203 0.873281 0.800993 0.952067 0.990911 0.848951 0.917538 0.793184 0.818274 0.891471 0.971538 0.868825 0.988323 0.868688 0.965910 0.986733 0.931773 0.936899 0.955674 0.922002 0.923576 0.980450 0.899877 0.790434 0.931939 0.905465 0.956456 0.978435 0.945919 0.802410 0.905471 0.988800
0.879852 0.885364 0.784836 0.886585 0.843908 0.772620 0.925169 0.893593 0.857759 0.981563 0.889156 0.914757 0.993660 0.981077 0.765124 0.868012 0.955346 0.923674 0.923007 0.938367 0.941202 0.895121 0.000000 0.492732 0.818323 0.973129 0.941290 0.804119 0.985301 0.991968 0.869627 0.999628 0.901966 0.930014 0.930149 0.904999 0.750588 0.746687 0.938685 0.956913 0.968957 0.991563 0.842806 0.766688 0.838279 0.883992 0.921547 0.817293 0.836505 0.777431 0.643849 0.641372 0.589483 0.520270 0.637583 0.617624 0.973764 0.999537 0.995777 0.908868 0.890630 0.840167 0.998666 0.903323 0.702435 0.916021 0.970178 0.872435 0.919227 0.888760 0.894507 0.757447 0.768518 0.679466 0.941951 0.953839 0.749319 0.832418 0.822231 0.869889 0.942375 0.915151 0.840058 0.934900 0.565597 0.552350 0.854567 0.704432 0.996687 0.939804 0.652804 0.667196 0.902890 0.770834 0.973359 0.793487 0.973944 0.885212 0.682651 0.668476 0.629284 0.670196 0.792192 0.787810 0.948393 0.995101 0.808550 0.661411 0.983058 0.884846 0.986954 0.760177 0.787315 0.827759 0.833612 0.958793
0.912278 0.924633 0.851693 0.993152 0.934278 0.906964 0.631702 0.783266 0.780133 0.872684 0.847365 0.998016 0.890681 0.906341 0.923805 0.767730 0.847093 0.859802 0.898155 0.949905 0.982287 0.940237 0.492732 0.000000 0.966652 0.831350 0.911717 0.879866 0.887444 0.919868 0.865935 0.747748 0.822319 0.773283 0.908210 0.890477 0.991340 0.789777 0.818739 0.932277 0.805773 0.883345 0.703384 0.693653 0.650337 0.785298 0.722194 0.768571 0.859636 0.882827 0.758986 0.768072 0.733393 0.650288 0.587372 0.745888 0.902196 0.994353 0.884812 0.996116 0.729125 0.896679 0.895205 0.906798 0.962535 0.960403 0.727559 0.586042 0.921201 0.970574 0.904763 0.846177 0.680498 0.745486 0.841841 0.908586 0.691685 0.740330 0.713482 0.902383 0.880631 0.963950 0.934630 0.944901 0.754709 0.534159 0.906613 0.615986 0.922644 0.999324 0.561996 0.582097 0.658573 0.728959 0.906552 0.947106 0.795983 0.832609 0.547087 0.635622 0.653874 0.652033 0.710714 0.762898 0.930244 0.872127 0.969212 0.666975 0.922717 0.843194 0.818618 0.759920 0.730177 0.877365 0.699602 0.924435
0.632145 0.689992 0.602223 0.915371 0.971202 0.628812 0.930269 0.605548 0.903515 0.674232 0.544193 0.509654 0.576231 0.486392 0.613182 0.545313 0.653106 0.656100 0.633244 0.729025 0.918111 0.984856 0.818323 0.966652 0.000000 0.493055 0.859632 0.972366 0.623702 0.564741 0.982751 0.929642 0.787586 0.696646 0.705412 0.745448 0.799680 0.944668 0.831460 0.938103 0.967921 0.919995 0.696486 0.634241 0.974032 0.779323 0.654253 0.740079 0.620463 0.590020 0.561095 0.557560 0.618197 0.568024 0.715546 0.758926 0.845084 0.806870 0.653738 0.563807 0.695318 0.542907 0.540963 0.544755 0.497753 0.988248 0.988950 0.993301 0.927350 0.875814 0.718994 0.671076 0.569389 0.548931 0.864557 0.830572 0.698618 0.642812 0.727965 0.705866 0.722708 0.816939 0.885479 0.824650 0.826324 0.984137 0.794840 0.763603 0.727208 0.918118 0.806290 0.979805 0.818278 0.789757 0.997753 0.779836 0.880757 0.794883 0.648411 0.678076 0.700911 0.828469 0.721997 0.704667 0.970672 0.890315 0.977058 0.855346 0.858100 0.838159 0.874619 0.780967 0.815874 0.873711 0.770519 0.861793
0.778255 0.765227 0.385722 0.803190 0.808754 0.889223 0.723663 0.900140 0.800267 0.837961 0.750578 0.604444 0.727256 0.572852 0.775993 0.603880 0.727917 0.755491 0.652018 0.733167 0.982070 0.953192 0.973129 0.831350 0.493055 0.000000 0.908742 0.934453 0.835260 0.731136 0.745967 0.768315 0.938164 0.938639 0.507846 0.729255 0.901245 0.910862 0.757466 0.973388 0.945620 0.990005 0.880692 0.968291 0.720248 0.933064 0.843946 0.958833 0.851932 0.808017 0.882423 0.891648 0.969757 0.971848 0.910796 0.865336 0.781596 0.778498 0.783222 0.782751 0.942646 0.857503 0.728478 0.698629 0.498029 0.649063 0.741337 0.669301 0.815368 0.815895 0.806501 0.687967 0.772995 0.823111 0.861604 0.975040 0.832591 0.879251 0.812969 0.854953 0.845494 0.765134 0.807312 0.994776 0.820050 0.908281 0.719756 0.787053 0.754993 0.896696 0.709818 0.671517 0.502796 0.621565 0.842335 0.751827 0.999852 0.647992 0.998815 0.993457 0.938393 0.749070 0.924936 0.988263 0.922437 0.907895 0.893291 0.820374 0.908293 0.876466 0.795444 0.939058 0.898333 0.919724 0.901004 0.737474
0.922616 0.946066 0.794422 0.968938 0.981401 0.879525 0.632551 0.869079 0.783122 0.801685 0.969415 0.951546 0.975123 0.942880 0.988843 0.943599 0.924996 0.889641 0.972958 0.907623 0.904727 0.848731 0.941290 0.911717 0.859632 0.908742 0.000000 0.947312 0.941735 0.953208 0.885389 0.746424 0.812843 0.842396 0.622450 0.913864 0.995779 0.956996 0.813309 0.933272 0.931940 0.937054 0.618230 0.760371 0.669274 0.853741 0.885500 0.751667 0.983916 0.839897 0.948236 0.977113 0.986112 0.907562 0.793829 0.945086 0.890154 0.787078 0.973798 0.836993 0.772149 0.976081 0.903561 0.948482 0.970988 0.866101 0.610239 0.640901 0.728373 0.618914 0.813516 0.763821 0.867755 0.847250 0.934706 0.997442 0.868631 0.989873 0.942352 0.935666 0.939043 0.970393 0.814617 0.985242 0.950769 0.876833 0.982147 0.731949 0.787131 0.912959 0.766602 0.747780 0.726172 0.826658 0.922823 0.973663 0.928569 0.776733 0.698885 0.707021 0.811371 0.764102 0.909604 0.829854 0.915259 0.929398 0.964611 0.775788 0.918651 0.956186 0.847764 0.819719 0.788619 0.811398 0.840694 0.714920
0.934569 0.938440 0.930929 0.975214 0.983710 0.918115 0.947553 0.940445 0.965039 0.961820 0.990013 0.963506 0.982844 0.991916 0.985655 0.959191 0.933372 0.981568 0.977120 0.996638 0.945108 0.881939 0.804119 0.879866 0.972366 0.934453 0.947312 0.000000 0.986262 0.988195 0.964700 0.881859 0.934664 0.888565 0.917515 0.839119 0.850744 0.902927 0.907903 0.902816 0.933709 0.914977 0.953965 0.867265 0.842017 0.921313 0.979127 0.960242 0.883536 0.950108 0.880517 0.930013 0.880710 0.908091 0.906905 0.845410 0.954728 0.975902 0.916772 0.981006 0.894164 0.950154 0.917852 0.913513 0.962902 0.996959 0.852388 0.899384 0.968298 0.974880 0.939169 0.995789 0.977242 0.995390 0.992272 0.985410 0.942577 0.817511 0.911532 0.879386 0.924936 0.975920 0.966517 0.892123 0.891710 0.956893 0.976244 0.954443 0.862330 0.672997 0.973650 0.974543 0.921564 0.959252 0.955841 0.748893 0.951511 0.838959 0.772275 0.886394 0.783962 0.881576 0.891176 0.921654 0.990027 0.956396 0.913487 0.987609 0.909199 0.933333 0.995984 0.952785 0.833422 0.906822 0.954663 0.919120
0.244410 0.255281 0.768483 0.742888 0.748563 0.708444 0.771065 0.285081 0.944119 0.300396 0.222845 0.258554 0.334689 0.300617 0.475694 0.546656 0.243919 0.212688 0.274506 0.305553 0.989205 0.912034 0.985301 0.887444 0.623702 0.835260 0.941735 0.986262 0.000000 0.194291 0.605147 0.586712 0.377278 0.299520 0.768105 0.769934 0.894749 0.853836 0.881606 0.797767 0.676354 0.733325 0.605794 0.399478 0.646507 0.325751 0.542884 0.425220 0.250903 0.312585 0.349749 0.366827 0.429400 0.499812 0.609780 0.493126 0.370091 0.336108 0.334197 0.392702 0.474650 0.279034 0.244975 0.221871 0.481569 0.783047 0.944840 0.995590 0.653833 0.550933 0.693765 0.640956 0.360327 0.423635 0.714104 0.842163 0.440385 0.449959 0.380771 0.311708 0.233328 0.304095 0.478750 0.584032 0.747701 0.844493 0.787147 0.959339 0.895103 0.675405 0.847862 0.706946 0.758814 0.515819 0.934187 0.738290 0.735746 0.723997 0.527555 0.557122 0.651176 0.788504 0.465161 0.489921 0.639662 0.847769 0.982535 0.980905 0.766146 0.979795 0.992056 0.741480 0.518517 0.793760 0.848362 0.739460
0.234640 0.268065 0.730792 0.774127 0.757350 0.697972 0.742792 0.285639 0.960050 0.268908 0.187949 0.222345 0.260395 0.265018 0.383774 0.428350 0.195690 0.190798 0.245069 0.312316 0.975432 0.899518 0.991968 0.919868 0.564741 0.731136 0.953208 0.988195 0.194291 0.000000 0.565230 0.645457 0.375152 0.286790 0.700377 0.727302 0.863390 0.917400 0.928056 0.840213 0.670368 0.762891 0.546475 0.326313 0.635499 0.319563 0.480103 0.383453 0.248131 0.331670 0.376946 0.386793 0.452886 0.533045 0.615713 0.568125 0.340590 0.339274 0.313465 0.371535 0.451291 0.300463 0.196385 0.166737 0.485151 0.747207 0.951362 0.964008 0.689075 0.555591 0.652638 0.560942 0.411221 0.431816 0.817456 0.860948 0.432367 0.437210 0.370448 0.312618 0.210891 0.297185 0.486440 0.565242 0.802299 0.828215 0.709638 0.989030 0.902432 0.683874 0.934537 0.666522 0.657995 0.435839 0.923355 0.729017 0.725528 0.655687 0.544437 0.558029 0.610792 0.823673 0.453174 0.460417 0.713030 0.828452 0.999132 0.975726 0.672819 0.901164 0.996707 0.682400 0.523859 0.784836 0.756029 0.748259
0.673858 0.708672 0.773607 0.841181 0.963849 0.825753 0.573910 0.561875 0.748052 0.502100 0.690032 0.780046 0.668838 0.816459 0.610173 0.788931 0.663199 0.648967 0.721515 0.835734 0.801668 0.961883 0.869627 0.865935 0.982751 0.745967 0.885389 0.964700 0.605147 0.565230 0.000000 0.399483 0.495082 0.536377 0.870141 0.918481 0.765916 0.981032 0.840541 0.971998 0.827881 0.890902 0.412729 0.416479 0.411573 0.386015 0.657008 0.494272 0.608716 0.751472 0.722262 0.716007 0.715611 0.771090 0.886328 0.835022 0.691949 0.755967 0.723735 0.748072 0.558892 0.657635 0.597728 0.631053 0.967514 0.914057 0.803276 0.583604 0.897088 0.970140 0.750074 0.763123 0.848561 0.758420 0.824471 0.939262 0.636509 0.637150 0.728308 0.645407 0.592953 0.752303 0.824248 0.806003 0.764358 0.962721 0.989882 0.682546 0.878883 0.763273 0.784686 0.991350 0.904257 0.889201 0.857168 0.959960 0.831022 0.918418 0.650119 0.651201 0.593559 0.744502 0.585056 0.601913 0.679892 0.749294 0.943263 0.887033 0.763831 0.866489 0.759890 0.690769 0.592753 0.938569 0.728888 0.927128
0.716243 0.755566 0.851859 0.890253 0.851677 0.747176 0.604592 0.600301 0.746131 0.564685 0.724270 0.805918 0.752446 0.850414 0.714682 0.898172 0.702456 0.676880 0.771841 0.806744 0.866736 0.986539 0.999628 0.747748 0.929642 0.768315 0.746424 0.881859 0.586712 0.645457 0.399483 0.000000 0.507156 0.542711 0.814407 0.909982 0.792347 0.853938 0.789762 0.878966 0.812699 0.967784 0.461340 0.495502 0.499705 0.492262 0.671112 0.490356 0.653465 0.762812 0.706710 0.724883 0.758827 0.747490 0.865626 0.752443 0.772275 0.835832 0.768725 0.798117 0.676395 0.665667 0.661405 0.690263 0.951773 0.931130 0.861775 0.660388 0.843509 0.926731 0.610457 0.723492 0.779365 0.789526 0.811673 0.921184 0.605000 0.688186 0.740219 0.634951 0.620842 0.784833 0.828851 0.933352 0.850850 0.989565 0.878059 0.639288 0.937297 0.817210 0.718917 0.944246 0.784211 0.965644 0.961342 0.986793 0.810188 0.984145 0.655462 0.666335 0.698923 0.813921 0.602454 0.708663 0.649126 0.887733 0.929859 0.796010 0.748118 0.795814 0.744904 0.586783 0.721461 0.836488 0.808457 0.931721
0.495200 0.557259 0.816732 0.632136 0.901822 0.706553 0.457143 0.396748 0.895646 0.384949 0.412404 0.552084 0.432997 0.575443 0.499941 0.671446 0.414605 0.396858 0.448409 0.613059 0.927267 0.985617 0.901966 0.822319 0.787586 0.938164 0.812843 0.934664 0.377278 0.375152 0.495082 0.507156 0.000000 0.392253 0.956044 0.988740 0.691865 0.841054 0.928965 0.841725 0.727083 0.864694 0.440627 0.383707 0.433794 0.357542 0.612532 0.406072 0.501103 0.627540 0.588798 0.614335 0.659890 0.664587 0.677993 0.744825 0.543757 0.629139 0.463846 0.669007 0.393752 0.508076 0.382780 0.410827 0.881397 0.977302 0.703415 0.641751 0.921841 0.786032 0.700140 0.606106 0.571635 0.578236 0.819046 0.938052 0.549221 0.546242 0.483668 0.423280 0.394578 0.534608 0.627054 0.590315 0.724821 0.899840 0.967621 0.946333 0.951567 0.680528 0.782342 0.911638 0.973507 0.763217 0.955003 0.898331 0.683554 0.951793 0.536590 0.528820 0.641355 0.723751 0.498471 0.463383 0.629390 0.728279 0.976621 0.872941 0.690055 0.960592 0.862152 0.598501 0.540926 0.779442 0.767181 0.885955
0.352159 0.402219 0.882405 0.760067 0.781074 0.789298 0.612810 0.326502 0.982990 0.370544 0.337363 0.383582 0.412435 0.425339 0.488191 0.640676 0.313409 0.315892 0.373887 0.428690 0.932928 0.934713 0.930014 0.773283 0.696646 0.938639 0.842396 0.888565 0.299520 0.286790 0.536377 0.542711 0.392253 0.000000 0.923577 0.822855 0.871894 0.796294 0.977346 0.883842 0.750838 0.818059 0.481314 0.317942 0.476398 0.313504 0.513975 0.396917 0.342992 0.448658 0.464337 0.474015 0.516077 0.580281 0.708255 0.614789 0.459599 0.465742 0.421819 0.515795 0.454615 0.367286 0.282967 0.305861 0.609636 0.889534 0.895905 0.762173 0.807293 0.725046 0.619746 0.588106 0.488601 0.523825 0.791224 0.936803 0.390803 0.546558 0.430125 0.406096 0.327216 0.441397 0.552863 0.567670 0.793181 0.914373 0.844242 0.832013 0.960552 0.692316 0.855966 0.803216 0.847004 0.657148 0.990563 0.714511 0.823585 0.910041 0.475258 0.546758 0.631444 0.754724 0.464218 0.501552 0.708211 0.843685 0.948403 0.913922 0.703212 0.993634 0.944822 0.629433 0.550336 0.896629 0.742987 0.854891
0.675682 0.658859 0.411836 0.928537 0.866027 0.888458 0.670866 0.841137 0.697053 0.850680 0.718153 0.593452 0.761731 0.611990 0.864884 0.735970 0.720898 0.752452 0.676522 0.632090 0.965693 0.940326 0.930149 0.908210 0.705412 0.507846 0.622450 0.917515 0.768105 0.700377 0.870141 0.814407 0.956044 0.923577 0.000000 0.833737 0.904201 0.940677 0.957983 0.856068 0.992243 0.984610 0.827241 0.932279 0.817325 0.890725 0.936945 0.974663 0.691637 0.643243 0.805515 0.774505 0.834340 0.907440 0.965341 0.891237 0.692018 0.595484 0.823768 0.653936 0.897831 0.772477 0.752484 0.679098 0.497017 0.611330 0.563791 0.589738 0.705406 0.592913 0.724690 0.860609 0.789898 0.938337 0.948708 0.994324 0.921430 0.851651 0.830561 0.781137 0.763641 0.724870 0.725559 0.874164 0.876641 0.954417 0.731763 0.773543 0.878545 0.886432 0.728525 0.622153 0.581677 0.523573 0.910248 0.804263 0.964362 0.605590 0.943210 0.873296 0.983593 0.775615 0.959598 0.995545 0.759587 0.874536 0.870270 0.821308 0.903036 0.969438 0.862889 0.909947 0.915326 0.861493 0.782902 0.750969
0.580256 0.594806 0.608945 0.823162 0.800306 0.801041 0.913328 0.672908 0.884922 0.791272 0.717438 0.584833 0.737311 0.596692 0.740006 0.756919 0.762001 0.717157 0.701582 0.606241 0.848123 0.896023 0.904999 0.890477 0.745448 0.729255 0.913864 0.839119 0.769934 0.727302 0.918481 0.909982 0.988740 0.822855 0.833737 0.000000 0.757614 0.934043 0.944433 0.956374 0.959177 0.970511 0.965309 0.799845 0.966545 0.759527 0.889251 0.777681 0.632746 0.532794 0.604964 0.552912 0.598923 0.665962 0.839085 0.640166 0.652866 0.585433 0.687525 0.548116 0.893127 0.605961 0.705020 0.664555 0.639074 0.888604 0.735934 0.811172 0.716255 0.606300 0.833729 0.893315 0.839248 0.859210 0.886584 0.887884 0.620633 0.874805 0.821992 0.798365 0.767597 0.735378 0.747402 0.945787 0.968412 0.843102 0.677754 0.921211 0.994608 0.896873 0.974575 0.847786 0.700191 0.738348 0.754454 0.943321 0.971757 0.721984 0.865066 0.853548 0.908413 0.973040 0.788036 0.858904 0.809043 0.931956 0.961862 0.941699 0.904747 0.911520 0.926447 0.964473 0.857749 0.964071 0.870299 0.808096
0.955997 0.961573 0.858647 0.973822 0.857095 0.893085 0.860472 0.929222 0.936537 0.795859 0.947924 0.975779 0.969955 0.958724 0.912366 0.962216 0.829721 0.886197 0.965036 0.965892 0.750916 0.961377 0.750588 0.991340 0.799680 0.901245 0.995779 0.850744 0.894749 0.863390 0.765916 0.792347 0.691865 0.871894 0.904201 0.757614 0.000000 0.796315 0.914848 0.706839 0.875963 0.803625 0.914139 0.915550 0.757546 0.860716 0.972443 0.965878 0.965238 0.899960 0.960624 0.901679 0.875187 0.857215 0.972749 0.947779 0.908981 0.953830 0.975750 0.874014 0.934069 0.955872 0.928014 0.905101 0.891071 0.887163 0.920638 0.966550 0.945350 0.942145 0.872328 0.882748 0.988449 0.991417 0.890238 0.901308 0.979818 0.803440 0.936431 0.826098 0.801520 0.770502 0.818763 0.793922 0.641997 0.745424 0.873360 0.854116 0.935358 0.755648 0.866031 0.847044 0.881328 0.870580 0.984853 0.923172 0.813479 0.973289 0.988183 0.939813 0.977088 0.879332 0.935186 0.879206 0.985644 0.910643 0.845014 0.908626 0.799532 0.944084 0.874270 0.803315 0.894311 0.973134 0.925995 0.929386
0.915847 0.893993 0.964867 0.847466 0.918541 0.927650 0.868702 0.881074 0.986452 0.795523 0.904930 0.941490 0.912768 0.985587 0.876378 0.869342 0.863608 0.858874 0.926550 0.815528 0.948990 0.647946 0.746687 0.789777 0.944668 0.910862 0.956996 0.902927 0.853836 0.917400 0.981032 0.853938 0.841054 0.796294 0.940677 0.934043 0.796315 0.000000 0.908713 0.826356 0.766361 0.830107 0.899207 0.899386 0.727193 0.838951 0.968900 0.889628 0.851346 0.969456 0.849266 0.936728 0.882645 0.887792 0.807649 0.762997 0.952366 0.960007 0.965115 0.889725 0.905410 0.797155 0.955869 0.904049 0.913387 0.821346 0.967925 0.856913 0.847067 0.839219 0.949885 0.773513 0.721924 0.774534 0.921176 0.998066 0.858543 0.934029 0.882433 0.807782 0.769162 0.820879 0.833758 0.655725 0.824175 0.956005 0.964960 0.904240 0.986716 0.762606 0.952501 0.965789 0.980865 0.923796 0.995126 0.794211 0.819544 0.867132 0.961301 0.784874 0.976303 0.912454 0.929435 0.967210 0.990466 0.961605 0.984906 0.980460 0.845364 0.961745 0.918024 0.738283 0.994360 0.991887 0.976622 0.793310
