0.000000 0.270571 0.412774 0.432282 0.870505 0.735666 0.462039 0.430925 0.769446 0.693835 0.355204 0.290295 0.309491 0.463903 0.450977 0.470574 0.295381 0.267513 0.304071 0.305193 0.620066 0.705683 0.500633 0.480576 0.566114 0.556981 0.915212 0.856245 0.310740 0.301238 0.383356 0.479366 0.367972 0.365895 0.710605 0.766354 0.617025 0.752098 0.772732 0.865463 0.999928 0.798703 0.489449 0.446533 0.469869 0.395240 0.391393 0.390748 0.760810 0.543339 0.533321 0.611990 0.706254 0.803519 0.700431 0.846368 0.378119 0.374250 0.349180 0.364098 0.254665 0.397633 0.254639 0.311587 0.418554 0.378897 0.444543 0.356002 0.452796 0.383914 0.586381 0.594189 0.418744 0.429488 0.753313 0.735259 0.577989 0.489197 0.455792 0.447477 0.290727 0.312109 0.404496 0.513697 0.452831 0.354214 0.940633 0.789864 0.804662 0.654892 0.882427 0.959346 0.898649 0.958180 0.613411 0.600046 0.615092 0.716839 0.575235 0.547941 0.768091 0.733941 0.622074 0.604921 0.587048 0.701218 0.923135 0.874764 0.759321 0.748907 0.931755 0.648940 0.629763 0.687169 0.651910 0.877811
0.270571 0.000000 0.566822 0.517368 0.741543 0.886304 0.572087 0.453989 0.831141 0.742690 0.436509 0.329674 0.484456 0.568651 0.591045 0.569083 0.240767 0.292365 0.396331 0.381822 0.659841 0.736911 0.604444 0.626721 0.682471 0.661651 0.719833 0.912528 0.325054 0.344961 0.471828 0.593277 0.436995 0.433740 0.824395 0.644551 0.653373 0.704598 0.816733 0.922534 0.987443 0.616329 0.525286 0.502828 0.486833 0.477257 0.480331 0.470848 0.677959 0.562443 0.525906 0.615498 0.777187 0.762753 0.788288 0.941784 0.262656 0.238416 0.369777 0.387550 0.342372 0.389609 0.257513 0.184397 0.575529 0.497139 0.509832 0.379923 0.499820 0.316646 0.603827 0.549780 0.435229 0.465966 0.858751 0.776694 0.629667 0.434668 0.509742 0.617754 0.290078 0.431139 0.425621 0.502592 0.597883 0.518090 0.976933 0.979894 0.865701 0.710307 0.885126 0.959775 0.861956 0.975283 0.606880 0.673765 0.680753 0.557659 0.596095 0.539326 0.811580 0.806450 0.618717 0.571992 0.516985 0.698933 0.972560 0.803500 0.855647 0.752308 0.773029 0.568792 0.670435 0.741876 0.664602 0.878708
0.412774 0.566822 0.000000 0.178611 0.848554 0.575698 0.178206 0.243662 0.423370 0.379286 0.396401 0.394063 0.285780 0.544776 0.433509 0.432139 0.551288 0.414705 0.293474 0.405594 0.672854 0.666804 0.342345 0.341608 0.612334 0.379255 0.988436 0.993255 0.521059 0.414159 0.326373 0.365397 0.305807 0.306945 0.700731 0.805990 0.643323 0.905197 0.583224 0.771306 0.804789 0.918647 0.283812 0.282121 0.289393 0.307815 0.301804 0.348774 0.579670 0.433200 0.418939 0.404962 0.487939 0.584734 0.658418 0.690073 0.708410 0.743359 0.392157 0.462946 0.243880 0.392392 0.532802 0.598422 0.248789 0.221042 0.255596 0.256617 0.709461 0.605025 0.429969 0.495271 0.509046 0.444386 0.785039 0.709731 0.488357 0.582130 0.494109 0.417423 0.502760 0.418428 0.664177 0.718342 0.535103 0.386572 0.931376 0.854070 0.773155 0.653096 0.570160 0.647808 0.631019 0.634233 0.531887 0.562370 0.439844 0.669594 0.393154 0.350564 0.623295 0.514293 0.558604 0.503979 0.419127 0.512933 0.927478 0.765429 0.791129 0.826099 0.770543 0.487563 0.447162 0.708363 0.555981 0.830222
0.432282 0.517368 0.178611 0.000000 0.810802 0.560160 0.198664 0.185730 0.412127 0.378589 0.474605 0.381364 0.331035 0.512206 0.447175 0.392051 0.558664 0.418699 0.324806 0.418445 0.588941 0.666466 0.328822 0.329122 0.714908 0.405582 0.920100 0.972426 0.477348 0.422461 0.343302 0.404088 0.271478 0.276376 0.726372 0.781329 0.658906 0.940046 0.737129 0.860487 0.818829 0.844862 0.269493 0.280341 0.300183 0.313435 0.316683 0.373565 0.604657 0.424303 0.403061 0.352251 0.474580 0.490551 0.691389 0.706189 0.686052 0.703172 0.357350 0.420411 0.249484 0.329205 0.516448 0.543887 0.289764 0.197557 0.252849 0.246276 0.753473 0.559043 0.365657 0.421093 0.517154 0.429845 0.777929 0.679723 0.461353 0.547360 0.491007 0.482209 0.496934 0.399720 0.678250 0.620087 0.533831 0.360474 0.979688 0.864021 0.758961 0.600996 0.468471 0.558801 0.506850 0.560028 0.529312 0.573748 0.436703 0.586960 0.342242 0.300683 0.546170 0.531350 0.524865 0.442397 0.377601 0.507592 0.911445 0.785407 0.859354 0.847214 0.783832 0.433130 0.413035 0.602885 0.509208 0.808311
0.870505 0.741543 0.848554 0.810802 0.000000 0.815650 0.750644 0.696638 0.791321 0.893806 0.915251 0.826952 0.770548 0.976147 0.848765 0.814390 0.782846 0.859029 0.793527 0.922221 0.867303 0.774031 0.756183 0.829527 0.917627 0.989852 0.705466 0.880933 0.815247 0.828517 0.864622 0.982901 0.798500 0.792298 0.917116 0.866525 0.923399 0.963780 0.990463 0.827062 0.974315 0.967969 0.817166 0.834877 0.699817 0.730267 0.793370 0.797798 0.733793 0.651801 0.692055 0.700847 0.810788 0.591531 0.917927 0.810473 0.875326 0.819241 0.713647 0.744185 0.650644 0.677597 0.681270 0.716876 0.826835 0.750978 0.706993 0.732829 0.885122 0.843709 0.619216 0.738346 0.842978 0.842837 0.991634 0.787901 0.851268 0.882964 0.896633 0.969056 0.649382 0.765786 0.835778 0.873311 0.780724 0.781580 0.875964 0.946110 0.873704 0.911748 0.771214 0.783539 0.769547 0.884920 0.819705 0.868131 0.848729 0.690008 0.757956 0.680029 0.853943 0.903397 0.863284 0.823022 0.761212 0.762045 0.810510 0.812281 0.685352 0.956896 0.955527 0.713736 0.722785 0.840427 0.890744 0.953425
0.735666 0.886304 0.575698 0.560160 0.815650 0.000000 0.494852 0.567071 0.497108 0.626777 0.756575 0.753284 0.635848 0.899242 0.756028 0.633276 0.919073 0.859540 0.692621 0.804242 0.824004 0.885863 0.620068 0.670771 0.870355 0.683006 0.885707 0.776358 0.890240 0.883241 0.636517 0.751929 0.639396 0.652101 0.568767 0.874698 0.939804 0.750504 0.956726 0.907230 0.950417 0.972711 0.590511 0.604382 0.550385 0.584486 0.680732 0.672764 0.895367 0.657506 0.685040 0.581543 0.573170 0.632039 0.814522 0.764605 0.888951 0.963632 0.707818 0.664626 0.631585 0.693103 0.825079 0.936700 0.703774 0.603025 0.514724 0.611509 0.885549 0.795744 0.636676 0.540223 0.810426 0.767911 0.779737 0.876288 0.665594 0.847891 0.755195 0.663061 0.754400 0.674490 0.991868 0.861669 0.787199 0.667059 0.996954 0.849207 0.924603 0.782865 0.538744 0.656315 0.527601 0.604326 0.626487 0.714111 0.621819 0.917974 0.601190 0.637171 0.674501 0.628877 0.790759 0.643224 0.555005 0.784190 0.863936 0.861914 0.872890 0.982149 0.886750 0.753653 0.636832 0.759357 0.669976 0.870769
0.462039 0.572087 0.178206 0.198664 0.750644 0.494852 0.000000 0.182316 0.355003 0.300525 0.449188 0.487528 0.381593 0.685362 0.550854 0.515345 0.512307 0.403413 0.288009 0.439254 0.714287 0.633654 0.386846 0.455299 0.735573 0.461791 0.904342 0.960815 0.564209 0.465447 0.383399 0.434081 0.286194 0.265602 0.709038 0.707633 0.699142 0.959674 0.806732 0.845693 0.848121 0.846627 0.203951 0.202233 0.209553 0.236771 0.310871 0.329977 0.553903 0.390880 0.358794 0.342967 0.452697 0.457312 0.690449 0.696020 0.656594 0.693674 0.357953 0.472528 0.284156 0.448122 0.503117 0.587711 0.341465 0.269201 0.162630 0.214047 0.760303 0.598691 0.349076 0.362799 0.559384 0.407932 0.815076 0.694494 0.398727 0.562150 0.470879 0.456061 0.466658 0.412327 0.737104 0.721061 0.592844 0.460494 0.944597 0.859741 0.795977 0.770358 0.389011 0.453216 0.456276 0.445836 0.495947 0.530403 0.413251 0.599811 0.286083 0.256332 0.502782 0.419671 0.494141 0.390203 0.349566 0.460845 0.883739 0.714240 0.760319 0.856784 0.724717 0.393302 0.342844 0.634134 0.496101 0.791226
0.430925 0.453989 0.243662 0.185730 0.696638 0.567071 0.182316 0.000000 0.406801 0.272316 0.464926 0.385753 0.375909 0.601775 0.527637 0.463249 0.465206 0.380334 0.335338 0.391586 0.692212 0.647065 0.400221 0.442561 0.809958 0.512991 0.813512 0.952839 0.508258 0.447969 0.434516 0.484453 0.294884 0.283815 0.764736 0.724647 0.743755 0.929340 0.879103 0.946140 0.879220 0.756615 0.247506 0.266400 0.273432 0.277699 0.372988 0.365742 0.523080 0.346832 0.352032 0.321140 0.477246 0.413226 0.741511 0.785328 0.580804 0.562474 0.271964 0.367432 0.258514 0.298435 0.464732 0.451234 0.368203 0.235478 0.226790 0.232592 0.781986 0.488569 0.363634 0.383296 0.569471 0.453049 0.839526 0.649226 0.470995 0.501978 0.453135 0.560341 0.447706 0.425014 0.727756 0.676038 0.603744 0.435896 0.972244 0.866815 0.796255 0.679827 0.400444 0.470404 0.426586 0.497225 0.461570 0.516725 0.442353 0.518395 0.282785 0.234672 0.459835 0.485114 0.482080 0.398303 0.322489 0.448763 0.867256 0.721746 0.790498 0.791383 0.771972 0.349790 0.349795 0.618521 0.534822 0.730765
0.769446 0.831141 0.423370 0.412127 0.791321 0.497108 0.355003 0.406801 0.000000 0.382235 0.774198 0.742117 0.623445 0.845305 0.755653 0.634701 0.806254 0.783848 0.639339 0.729771 0.877787 0.776740 0.532785 0.561706 0.966297 0.600147 0.948384 0.947427 0.885087 0.803249 0.614932 0.623456 0.575562 0.548425 0.789495 0.747460 0.934422 0.973534 0.943915 0.880392 0.754714 0.848915 0.414963 0.474382 0.451655 0.499921 0.561047 0.590843 0.671990 0.482320 0.407340 0.395361 0.392569 0.368043 0.812836 0.718126 0.957536 0.989206 0.529892 0.668774 0.558623 0.650415 0.781445 0.840816 0.578655 0.473478 0.388563 0.515744 0.957628 0.791784 0.471042 0.514996 0.797741 0.655928 0.945255 0.803593 0.617290 0.721436 0.710533 0.661760 0.746916 0.726232 0.891096 0.912218 0.811283 0.661914 0.800783 0.821958 0.748232 0.856108 0.342697 0.406835 0.345373 0.399046 0.617058 0.765167 0.527365 0.622949 0.406962 0.442576 0.498337 0.484232 0.682783 0.571246 0.512033 0.595190 0.669391 0.650801 0.962760 0.975534 0.817993 0.493745 0.460657 0.861355 0.589819 0.775035
0.693835 0.742690 0.379286 0.378589 0.893806 0.626777 0.300525 0.272316 0.382235 0.000000 0.648569 0.612807 0.609501 0.816903 0.737986 0.676901 0.651222 0.624326 0.562021 0.550807 0.918083 0.816960 0.530339 0.623336 0.940629 0.579541 0.929596 0.892976 0.795714 0.656188 0.557904 0.546364 0.450004 0.430707 0.825164 0.662324 0.838099 0.888037 0.941585 0.984815 0.784799 0.773869 0.319717 0.331325 0.350534 0.379450 0.535834 0.488764 0.490440 0.387153 0.391783 0.342009 0.425631 0.459325 0.875675 0.854016 0.766003 0.791211 0.420998 0.545171 0.544874 0.518083 0.708523 0.693202 0.564237 0.447587 0.339762 0.400146 0.978422 0.667267 0.475769 0.429056 0.754257 0.533725 0.829042 0.753223 0.508013 0.599310 0.549920 0.639719 0.710997 0.715314 0.942168 0.919281 0.884170 0.737538 0.923207 0.922727 0.905495 0.849127 0.378995 0.403218 0.433058 0.457935 0.568938 0.512678 0.455937 0.603862 0.250869 0.280230 0.433699 0.405541 0.479679 0.461388 0.470653 0.464784 0.687567 0.605718 0.876782 0.857774 0.701081 0.439674 0.377423 0.831357 0.562916 0.655246
0.355204 0.436509 0.396401 0.474605 0.915251 0.756575 0.449188 0.464926 0.774198 0.648569 0.000000 0.386783 0.451464 0.598838 0.659310 0.651819 0.434725 0.278477 0.290549 0.278725 0.713416 0.751326 0.708038 0.613424 0.747104 0.591738 0.956366 0.825170 0.467986 0.353367 0.519284 0.550625 0.495570 0.436635 0.921846 0.870574 0.763863 0.856724 0.788725 0.760616 0.942950 0.947658 0.557780 0.490862 0.539889 0.506576 0.517002 0.543711 0.826126 0.641768 0.635473 0.694999 0.726487 0.773167 0.785617 0.961344 0.471120 0.463881 0.543504 0.554894 0.403422 0.573058 0.367229 0.475073 0.581113 0.525538 0.536633 0.399965 0.605684 0.639840 0.720880 0.641293 0.569289 0.493744 0.833710 0.749715 0.636397 0.556986 0.581898 0.467232 0.440385 0.409626 0.616470 0.698065 0.733591 0.600170 0.999609 0.843572 0.951268 0.846389 0.831504 0.876937 0.876211 0.833512 0.674074 0.655580 0.719826 0.885201 0.629236 0.567207 0.748666 0.627000 0.606405 0.541694 0.624685 0.802960 0.958606 0.891348 0.960592 0.848941 0.879900 0.673369 0.652866 0.789340 0.730949 0.995148
0.290295 0.329674 0.394063 0.381364 0.826952 0.753284 0.487528 0.385753 0.742117 0.612807 0.386783 0.000000 0.292326 0.358473 0.322138 0.312864 0.389318 0.331259 0.351511 0.352297 0.567942 0.658687 0.387464 0.381081 0.624521 0.550541 0.969402 0.901928 0.330411 0.305924 0.361842 0.432577 0.371184 0.389427 0.786624 0.823656 0.645560 0.752784 0.751525 0.938432 0.934067 0.856474 0.534507 0.500587 0.496126 0.458338 0.466287 0.413286 0.722218 0.510624 0.550824 0.538944 0.695048 0.727641 0.859053 0.924044 0.508672 0.486760 0.425458 0.401032 0.259051 0.311160 0.333494 0.312480 0.443828 0.363179 0.495062 0.394630 0.678523 0.495039 0.578261 0.548321 0.395783 0.411033 0.709148 0.706612 0.630533 0.413837 0.536790 0.541006 0.455292 0.457286 0.469181 0.627482 0.539679 0.417454 0.993362 0.878316 0.849243 0.657677 0.878046 0.975738 0.859517 0.982385 0.636559 0.619871 0.660415 0.681120 0.596930 0.502509 0.770887 0.751948 0.586044 0.624002 0.472196 0.586305 0.973164 0.878906 0.877923 0.689999 0.885033 0.665550 0.679996 0.657847 0.597087 0.940311
0.309491 0.484456 0.285780 0.331035 0.770548 0.635848 0.381593 0.375909 0.623445 0.609501 0.451464 0.292326 0.000000 0.358827 0.286214 0.303671 0.535340 0.474675 0.347571 0.438570 0.635241 0.732332 0.303361 0.304967 0.614702 0.503944 0.975478 0.951520 0.443562 0.420589 0.395785 0.502341 0.405800 0.441324 0.697008 0.832884 0.678742 0.829790 0.631479 0.821415 0.979843 0.976689 0.441416 0.436830 0.446298 0.405518 0.400430 0.391179 0.734335 0.418386 0.444468 0.451305 0.566693 0.645950 0.646016 0.741957 0.680715 0.654952 0.380314 0.383004 0.198024 0.323548 0.393020 0.483687 0.248842 0.275635 0.396294 0.356352 0.698138 0.563122 0.538025 0.531170 0.465338 0.482169 0.774067 0.625600 0.589431 0.606498 0.575086 0.549168 0.480325 0.425056 0.524291 0.706433 0.408402 0.302821 0.871589 0.763591 0.717423 0.605257 0.768473 0.844315 0.742634 0.870460 0.664659 0.684787 0.629726 0.741608 0.555239 0.504573 0.722507 0.720638 0.623193 0.700596 0.451930 0.577301 0.986383 0.860450 0.680512 0.799104 0.895855 0.632293 0.614634 0.633424 0.570412 0.854763
0.463903 0.568651 0.544776 0.512206 0.976147 0.899242 0.685362 0.601775 0.845305 0.816903 0.598838 0.358473 0.358827 0.000000 0.263779 0.285155 0.658654 0.546412 0.480853 0.539648 0.589405 0.746477 0.422972 0.350506 0.585611 0.583231 0.885463 0.918252 0.427211 0.448115 0.461238 0.561761 0.525697 0.544628 0.896722 0.996150 0.647148 0.793659 0.715410 0.759078 0.958171 0.852588 0.637832 0.619008 0.763322 0.676390 0.573896 0.608031 0.910396 0.747436 0.726018 0.693560 0.809481 0.920140 0.818578 0.983217 0.709032 0.730236 0.591454 0.605629 0.452795 0.511003 0.532177 0.544389 0.411241 0.458092 0.635559 0.595128 0.908872 0.602614 0.682835 0.721446 0.597744 0.604606 0.834103 0.648892 0.636027 0.650610 0.662464 0.644499 0.711933 0.666469 0.486469 0.687618 0.501994 0.400432 0.917785 0.900033 0.887033 0.652492 0.968217 0.973518 0.901760 0.953914 0.761669 0.772829 0.893662 0.773081 0.759259 0.714374 0.812475 0.886776 0.711044 0.908770 0.632959 0.671109 0.920358 0.900019 0.912717 0.780757 0.971892 0.811049 0.818278 0.739420 0.637417 0.985000
0.450977 0.591045 0.433509 0.447175 0.848765 0.756028 0.550854 0.527637 0.755653 0.737986 0.659310 0.322138 0.286214 0.263779 0.000000 0.209360 0.622542 0.574439 0.492928 0.579040 0.605545 0.721901 0.213356 0.263146 0.432716 0.492007 0.921457 0.912593 0.459553 0.440784 0.305804 0.391934 0.402685 0.461024 0.655407 0.971832 0.653828 0.852389 0.666584 0.881166 0.976953 0.984906 0.538175 0.544562 0.593816 0.542069 0.476628 0.484115 0.824302 0.662855 0.656269 0.595089 0.737056 0.859556 0.672581 0.786567 0.798527 0.819274 0.548373 0.568180 0.347687 0.451039 0.500902 0.562269 0.312052 0.384358 0.493770 0.494428 0.862555 0.625004 0.558524 0.649373 0.441484 0.540753 0.717678 0.698770 0.583404 0.668551 0.572578 0.627970 0.578785 0.557780 0.447619 0.691607 0.360326 0.310639 0.868380 0.862598 0.909388 0.669776 0.939369 0.957352 0.903529 0.930603 0.742966 0.773014 0.742624 0.756314 0.718596 0.664984 0.884474 0.878295 0.774759 0.893473 0.489720 0.581736 0.986076 0.945751 0.824760 0.748292 0.900190 0.758832 0.733298 0.736664 0.535146 0.971527
0.470574 0.569083 0.432139 0.392051 0.814390 0.633276 0.515345 0.463249 0.634701 0.676901 0.651819 0.312864 0.303671 0.285155 0.209360 0.000000 0.621944 0.578814 0.448153 0.564707 0.612680 0.659031 0.212209 0.213963 0.532967 0.531518 0.938267 0.874873 0.465486 0.463128 0.338494 0.447277 0.399724 0.465921 0.689817 0.857059 0.719432 0.830464 0.761096 0.933651 0.983445 0.931389 0.455215 0.477295 0.523687 0.463667 0.472668 0.436414 0.765320 0.533525 0.505015 0.444312 0.544871 0.644520 0.797348 0.795617 0.794629 0.800402 0.482310 0.523129 0.363405 0.445000 0.487672 0.524833 0.383869 0.393741 0.438748 0.478730 0.886086 0.625998 0.435836 0.496148 0.468459 0.488029 0.656474 0.670132 0.527926 0.613954 0.562993 0.588371 0.608835 0.618678 0.550855 0.742730 0.478228 0.364103 0.922440 0.934843 0.913883 0.753056 0.745364 0.843814 0.711349 0.930516 0.703270 0.691422 0.689532 0.722725 0.608414 0.550503 0.782303 0.727160 0.654762 0.809781 0.416900 0.566110 0.860139 0.845173 0.831307 0.826683 0.843310 0.721228 0.646946 0.655524 0.514011 0.872645
0.295381 0.240767 0.551288 0.558664 0.782846 0.919073 0.512307 0.465206 0.806254 0.651222 0.434725 0.389318 0.535340 0.658654 0.622542 0.621944 0.000000 0.225035 0.343897 0.386960 0.660341 0.662980 0.602364 0.665612 0.635848 0.668883 0.821978 0.875487 0.328234 0.321965 0.470147 0.475621 0.410321 0.414795 0.906250 0.659929 0.686533 0.736469 0.847809 0.849962 0.942002 0.627987 0.495954 0.456803 0.479703 0.472707 0.496638 0.431107 0.720936 0.612944 0.550802 0.667810 0.784276 0.793523 0.814434 0.998410 0.203088 0.275620 0.387052 0.503371 0.414892 0.550090 0.243155 0.237090 0.606205 0.589013 0.482651 0.407506 0.498753 0.446460 0.585474 0.537233 0.466102 0.449389 0.810122 0.765989 0.563505 0.434846 0.432732 0.571531 0.273289 0.478171 0.468298 0.597311 0.632936 0.594364 0.987442 0.986113 0.951086 0.842179 0.857489 0.924500 0.890889 0.963520 0.680382 0.671336 0.674427 0.582942 0.573018 0.497387 0.898943 0.777695 0.531505 0.468405 0.577550 0.659634 0.988531 0.821734 0.805731 0.645363 0.788212 0.607163 0.651022 0.705183 0.640543 0.924723
0.267513 0.292365 0.414705 0.418699 0.859029 0.859540 0.403413 0.380334 0.783848 0.624326 0.278477 0.331259 0.474675 0.546412 0.574439 0.578814 0.225035 0.000000 0.205077 0.236345 0.642267 0.615276 0.611063 0.614133 0.625395 0.557112 0.887003 0.865267 0.261390 0.230889 0.439440 0.416346 0.347833 0.309973 0.892095 0.831041 0.646463 0.805580 0.794244 0.798000 0.930731 0.690513 0.447587 0.389006 0.471279 0.437771 0.448551 0.424134 0.759051 0.631945 0.601698 0.675131 0.793770 0.802468 0.829019 0.972676 0.261714 0.290659 0.437741 0.534604 0.351052 0.536224 0.243072 0.290401 0.542666 0.484025 0.451919 0.363270 0.521144 0.511420 0.605186 0.586349 0.473549 0.397174 0.777967 0.698185 0.593413 0.451597 0.442383 0.471938 0.329664 0.342504 0.478703 0.541113 0.618135 0.509298 0.988427 0.932317 0.954665 0.794535 0.809002 0.869897 0.866904 0.859102 0.649550 0.572206 0.669951 0.689278 0.518995 0.453965 0.763486 0.662171 0.572586 0.449345 0.552881 0.684429 0.889133 0.862363 0.889354 0.724832 0.858839 0.551726 0.579989 0.661061 0.635496 0.911532
0.304071 0.396331 0.293474 0.324806 0.793527 0.692621 0.288009 0.335338 0.639339 0.562021 0.290549 0.351511 0.347571 0.480853 0.492928 0.448153 0.343897 0.205077 0.000000 0.281963 0.656974 0.575578 0.479021 0.458882 0.594007 0.485727 0.921002 0.873085 0.320041 0.244024 0.363135 0.405821 0.324437 0.261363 0.814114 0.754139 0.636572 0.874243 0.719431 0.749548 0.866328 0.786177 0.335961 0.282300 0.381715 0.343815 0.352886 0.359833 0.688744 0.506094 0.478795 0.517663 0.610683 0.656915 0.784098 0.863459 0.436670 0.481539 0.408253 0.514631 0.297584 0.520182 0.292946 0.406787 0.405032 0.391011 0.337376 0.330638 0.624895 0.527335 0.482975 0.479860 0.484026 0.377910 0.802322 0.591333 0.518811 0.520797 0.491505 0.392219 0.394482 0.386273 0.597406 0.638120 0.570528 0.465938 0.908608 0.920232 0.930969 0.814910 0.673006 0.738729 0.736745 0.726197 0.587473 0.577956 0.630556 0.681658 0.426532 0.393864 0.683457 0.575872 0.523872 0.448488 0.466553 0.641760 0.993949 0.820000 0.797309 0.812876 0.834009 0.516820 0.487974 0.638302 0.547550 0.867698
0.305193 0.381822 0.405594 0.418445 0.922221 0.804242 0.439254 0.391586 0.729771 0.550807 0.278725 0.352297 0.438570 0.539648 0.579040 0.564707 0.386960 0.236345 0.281963 0.000000 0.719371 0.663411 0.601009 0.581764 0.700241 0.556995 0.878092 0.830535 0.356235 0.283097 0.466473 0.431920 0.371439 0.327296 0.840686 0.873499 0.726606 0.819776 0.762253 0.821499 0.849112 0.863349 0.474318 0.402531 0.500463 0.444737 0.435630 0.426262 0.729185 0.578193 0.584736 0.620242 0.688890 0.790092 0.833213 0.891492 0.408725 0.398420 0.456312 0.511711 0.370141 0.483821 0.342766 0.384823 0.536222 0.469577 0.499673 0.423793 0.617325 0.512202 0.704938 0.643840 0.524904 0.457079 0.738355 0.677362 0.631143 0.597710 0.532543 0.466686 0.471953 0.391659 0.572508 0.646228 0.704642 0.551138 0.913845 0.928496 0.889375 0.725056 0.820820 0.870906 0.894241 0.889261 0.678601 0.620707 0.638677 0.737275 0.506948 0.488899 0.666618 0.636328 0.650400 0.529480 0.583839 0.694206 0.972448 0.872202 0.860105 0.799040 0.800518 0.602089 0.588494 0.759655 0.625540 0.833830
0.620066 0.659841 0.672854 0.588941 0.867303 0.824004 0.714287 0.692212 0.877787 0.918083 0.713416 0.567942 0.635241 0.589405 0.605545 0.612680 0.660341 0.642267 0.656974 0.719371 0.000000 0.797302 0.602035 0.566441 0.716480 0.699857 0.909059 0.864343 0.641225 0.641984 0.603530 0.701095 0.624882 0.583926 0.770384 0.895804 0.649189 0.972583 0.799267 0.843673 0.904466 0.916682 0.718133 0.736991 0.762921 0.693993 0.578112 0.701358 0.961746 0.853186 0.862361 0.857423 0.867267 0.964991 0.876258 0.884592 0.770229 0.771873 0.720419 0.676514 0.600498 0.655047 0.641898 0.678121 0.632121 0.587708 0.699318 0.644251 0.817417 0.773419 0.720983 0.738953 0.626991 0.696273 0.797029 0.715497 0.742974 0.626213 0.768032 0.678641 0.662496 0.626527 0.588097 0.613567 0.610181 0.578574 0.923818 0.985978 0.904877 0.709708 0.928074 0.990139 0.877234 0.989346 0.876300 0.794964 0.818926 0.898688 0.845279 0.713756 0.960774 0.948450 0.686043 0.731623 0.724638 0.787480 0.904727 0.959558 0.977754 0.926484 0.983160 0.888833 0.905984 0.823773 0.839456 0.879880
0.705683 0.736911 0.666804 0.666466 0.774031 0.885863 0.633654 0.647065 0.776740 0.816960 0.751326 0.658687 0.732332 0.746477 0.721901 0.659031 0.662980 0.615276 0.575578 0.663411 0.797302 0.000000 0.697707 0.699549 0.865729 0.786168 0.870843 0.735546 0.568575 0.617420 0.686473 0.608799 0.533127 0.618057 0.913921 0.906745 0.980144 0.894021 0.961145 0.874231 0.892606 0.964451 0.671233 0.629261 0.702868 0.657397 0.720891 0.727609 0.846786 0.799758 0.744339 0.745871 0.822142 0.751814 0.888950 0.858183 0.720254 0.737387 0.788378 0.742949 0.649248 0.797054 0.665393 0.686087 0.735216 0.689734 0.606533 0.646728 0.885509 0.777516 0.609097 0.706266 0.798264 0.624684 0.973845 0.978205 0.744691 0.719442 0.905566 0.662700 0.741656 0.756799 0.778763 0.864708 0.835170 0.736463 0.933894 0.996713 0.916072 0.875559 0.727854 0.827413 0.812757 0.834053 0.826993 0.834707 0.856239 0.850407 0.701378 0.653144 0.852795 0.855625 0.855577 0.676907 0.775550 0.678498 0.984738 0.909147 0.966094 0.826316 0.806280 0.830284 0.757797 0.708426 0.834848 0.899845
0.500633 0.604444 0.342345 0.328822 0.756183 0.620068 0.386846 0.400221 0.532785 0.530339 0.708038 0.387464 0.303361 0.422972 0.213356 0.212209 0.602364 0.611063 0.479021 0.601009 0.602035 0.697707 0.000000 0.228204 0.482675 0.453749 0.981983 0.997118 0.536510 0.490454 0.265943 0.392165 0.316927 0.401749 0.574504 0.793624 0.645755 0.899615 0.713087 0.910948 0.913657 0.947709 0.354898 0.396972 0.380958 0.366855 0.360718 0.387170 0.643965 0.475444 0.443719 0.372714 0.489664 0.623096 0.638361 0.698204 0.816748 0.846217 0.415664 0.483465 0.309410 0.400088 0.511881 0.558403 0.277612 0.322297 0.305404 0.361798 0.859679 0.580519 0.359888 0.437417 0.450461 0.451266 0.700362 0.705411 0.425568 0.622188 0.478796 0.598738 0.527568 0.559670 0.509414 0.677184 0.394836 0.331656 0.860910 0.909245 0.829035 0.699881 0.674445 0.796742 0.652022 0.886872 0.618819 0.658040 0.530498 0.631274 0.517088 0.465232 0.796070 0.724250 0.607626 0.750863 0.356904 0.424419 0.796537 0.842787 0.733072 0.816872 0.760634 0.611422 0.568449 0.689853 0.439701 0.826819
0.480576 0.626721 0.341608 0.329122 0.829527 0.670771 0.455299 0.442561 0.561706 0.623336 0.613424 0.381081 0.304967 0.350506 0.263146 0.213963 0.665612 0.614133 0.458882 0.581764 0.566441 0.699549 0.228204 0.000000 0.512341 0.460050 0.982211 0.969525 0.489286 0.481800 0.315484 0.405450 0.427343 0.426651 0.645969 0.890700 0.689892 0.848303 0.690215 0.846837 0.918547 0.997131 0.440716 0.480722 0.489487 0.433708 0.397545 0.450048 0.664462 0.532365 0.499233 0.455580 0.515081 0.647444 0.669595 0.704810 0.862560 0.899069 0.455014 0.521076 0.340063 0.456846 0.539779 0.628204 0.335157 0.328168 0.411519 0.447058 0.879485 0.653995 0.445055 0.553547 0.479868 0.528514 0.726354 0.704858 0.537129 0.631714 0.588741 0.535327 0.546434 0.550742 0.587071 0.692375 0.434531 0.347371 0.840218 0.806495 0.833899 0.702067 0.719717 0.815924 0.699874 0.874555 0.675939 0.755080 0.597251 0.742191 0.624069 0.542904 0.725908 0.760778 0.681316 0.789822 0.479226 0.609610 0.903495 0.816833 0.800171 0.862290 0.845304 0.692610 0.597374 0.694879 0.508040 0.879652
0.566114 0.682471 0.612334 0.714908 0.917627 0.870355 0.735573 0.809958 0.966297 0.940629 0.747104 0.624521 0.614702 0.585611 0.432716 0.532967 0.635848 0.625395 0.594007 0.700241 0.716480 0.865729 0.482675 0.512341 0.000000 0.510501 0.845465 0.890876 0.559034 0.542525 0.423878 0.422742 0.601344 0.659797 0.613515 0.942795 0.634113 0.928231 0.611454 0.826000 0.930858 0.892148 0.682204 0.692952 0.729420 0.699155 0.569905 0.617607 0.910026 0.956804 0.907954 0.892308 0.920891 0.807858 0.641529 0.852605 0.773483 0.858992 0.719748 0.766603 0.612836 0.776399 0.673052 0.718291 0.551115 0.687195 0.681005 0.722806 0.580588 0.668771 0.784089 0.883488 0.459469 0.695984 0.676300 0.911456 0.750124 0.805447 0.694013 0.596636 0.592440 0.675718 0.582255 0.723262 0.491210 0.519089 0.867009 0.981654 0.927266 0.804758 0.830604 0.731590 0.853555 0.773389 0.699031 0.826364 0.707229 0.858273 0.896492 0.867460 0.798524 0.987144 0.897434 0.941264 0.740205 0.831257 0.868848 0.951992 0.873504 0.844007 0.930828 0.878972 0.905081 0.949127 0.705894 0.984907
0.556981 0.661651 0.379255 0.405582 0.989852 0.683006 0.461791 0.512991 0.600147 0.579541 0.591738 0.550541 0.503944 0.583231 0.492007 0.531518 0.668883 0.557112 0.485727 0.556995 0.699857 0.786168 0.453749 0.460050 0.510501 0.000000 0.924156 0.878323 0.595806 0.509586 0.347314 0.375624 0.390201 0.422166 0.700366 0.809767 0.707528 0.995657 0.612909 0.609911 0.838889 0.860341 0.427547 0.409511 0.478834 0.462604 0.447345 0.478742 0.659177 0.613501 0.559100 0.563128 0.585679 0.783138 0.664017 0.714905 0.806228 0.792217 0.508444 0.612422 0.485068 0.589044 0.618224 0.683228 0.437588 0.438536 0.462738 0.454176 0.759665 0.655032 0.594750 0.522949 0.508814 0.504733 0.725183 0.811741 0.525092 0.723090 0.643129 0.463805 0.633224 0.526827 0.667257 0.626664 0.609055 0.470554 0.887624 0.849711 0.733853 0.655483 0.726148 0.849078 0.801634 0.764025 0.615963 0.729347 0.530762 0.680245 0.534674 0.480405 0.776051 0.652093 0.654610 0.576171 0.505815 0.745462 0.905902 0.755012 0.940006 0.837419 0.900654 0.681884 0.536109 0.849624 0.555476 0.883100
0.915212 0.719833 0.988436 0.920100 0.705466 0.885707 0.904342 0.813512 0.948384 0.929596 0.956366 0.969402 0.975478 0.885463 0.921457 0.938267 0.821978 0.887003 0.921002 0.878092 0.909059 0.870843 0.981983 0.982211 0.845465 0.924156 0.000000 0.974896 0.878194 0.865648 0.899202 0.989307 0.887340 0.817570 0.945969 0.760570 0.869429 0.864081 0.971787 0.923724 0.942452 0.856348 0.869802 0.834956 0.798122 0.812170 0.886964 0.881881 0.732098 0.774787 0.737119 0.812118 0.917139 0.741612 0.958166 0.984792 0.699332 0.676829 0.795241 0.792753 0.864977 0.849369 0.814663 0.709631 0.987482 0.958616 0.841289 0.849033 0.965848 0.693002 0.790231 0.852728 0.946439 0.771182 0.944341 0.954660 0.997090 0.833520 0.983913 0.900446 0.793309 0.900402 0.971929 0.841302 0.934442 0.947425 0.900478 0.974708 0.780208 0.924206 0.867285 0.918204 0.879082 0.969155 0.873541 0.988313 0.862873 0.715979 0.822335 0.825457 0.812921 0.943059 0.817312 0.739822 0.866935 0.859973 0.916515 0.902559 0.928026 0.976945 0.910561 0.750897 0.803754 0.984632 0.836736 0.824746
0.856245 0.912528 0.993255 0.972426 0.880933 0.776358 0.960815 0.952839 0.947427 0.892976 0.825170 0.901928 0.951520 0.918252 0.912593 0.874873 0.875487 0.865267 0.873085 0.830535 0.864343 0.735546 0.997118 0.969525 0.890876 0.878323 0.974896 0.000000 0.877320 0.887912 0.959010 0.948449 0.894504 0.915829 0.954661 0.879323 0.933430 0.879912 0.961709 0.940587 0.788847 0.995156 0.971237 0.971836 0.926215 0.964934 0.922428 0.959589 0.749409 0.873786 0.904054 0.899782 0.952139 0.973884 0.894314 0.855584 0.858710 0.846746 0.982204 0.994772 0.959810 0.978718 0.863905 0.860017 0.938211 0.928668 0.994016 0.970559 0.823224 0.981128 0.898976 0.940314 0.970271 0.997308 0.872819 0.945870 0.912037 0.968218 0.882007 0.880573 0.911770 0.899810 0.996487 0.968616 0.953282 0.948800 0.957678 0.982083 0.984999 0.979867 0.975597 0.944882 0.953196 0.954463 0.906016 0.960999 0.950945 0.944370 0.989661 0.985692 0.915180 0.992607 0.974476 0.812982 0.957687 0.908972 0.888032 0.828129 0.858721 0.869449 0.967992 0.924591 0.905813 0.928487 0.954513 0.939394
0.310740 0.325054 0.521059 0.477348 0.815247 0.890240 0.564209 0.508258 0.885087 0.795714 0.467986 0.330411 0.443562 0.427211 0.459553 0.465486 0.328234 0.261390 0.320041 0.356235 0.641225 0.568575 0.536510 0.489286 0.559034 0.595806 0.878194 0.877320 0.000000 0.239235 0.416776 0.486512 0.430381 0.391996 0.812203 0.858709 0.622185 0.724527 0.740974 0.815118 0.989893 0.824650 0.566706 0.507784 0.557585 0.509271 0.468977 0.438801 0.776698 0.630823 0.637236 0.651332 0.791477 0.839408 0.715995 0.836292 0.393635 0.427414 0.518549 0.477011 0.352082 0.494164 0.276128 0.315716 0.521884 0.474977 0.526907 0.463291 0.588872 0.484512 0.634240 0.637990 0.447360 0.448169 0.738570 0.769831 0.615399 0.521663 0.582727 0.529917 0.383359 0.416756 0.452260 0.483085 0.504135 0.443419 0.903870 0.906359 0.918937 0.621674 0.954349 0.984116 0.969889 0.943177 0.689747 0.696162 0.763865 0.717143 0.649395 0.563097 0.850131 0.867352 0.709222 0.617475 0.614905 0.667743 0.904143 0.949275 0.867661 0.704119 0.825411 0.650644 0.707511 0.650173 0.648962 0.921568
0.301238 0.344961 0.414159 0.422461 0.828517 0.883241 0.465447 0.447969 0.803249 0.656188 0.353367 0.305924 0.420589 0.448115 0.440784 0.463128 0.321965 0.230889 0.244024 0.283097 0.641984 0.617420 0.490454 0.481800 0.542525 0.509586 0.865648 0.887912 0.239235 0.000000 0.310917 0.376256 0.353998 0.287519 0.804427 0.762043 0.655654 0.718346 0.667306 0.865082 0.894515 0.881368 0.491611 0.398202 0.490262 0.434129 0.424793 0.403992 0.759100 0.575853 0.582970 0.602722 0.691241 0.775644 0.706097 0.893322 0.408235 0.431373 0.522658 0.536596 0.351547 0.517490 0.286718 0.333682 0.507282 0.479196 0.457164 0.405811 0.562351 0.479967 0.573180 0.581307 0.406311 0.334931 0.680386 0.671581 0.645836 0.515131 0.536912 0.486453 0.400843 0.386836 0.456227 0.503326 0.628968 0.503236 0.841538 0.852370 0.959626 0.735101 0.909782 0.995533 0.985934 0.976895 0.644178 0.720717 0.671219 0.693005 0.587211 0.514171 0.781093 0.711986 0.560801 0.578075 0.612519 0.661472 0.984871 0.937491 0.889677 0.790863 0.786091 0.668070 0.638682 0.740787 0.602690 0.887102
0.383356 0.471828 0.326373 0.343302 0.864622 0.636517 0.383399 0.434516 0.614932 0.557904 0.519284 0.361842 0.395785 0.461238 0.305804 0.338494 0.470147 0.439440 0.363135 0.466473 0.603530 0.686473 0.265943 0.315484 0.423878 0.347314 0.899202 0.959010 0.416776 0.310917 0.000000 0.269020 0.271208 0.297671 0.555960 0.680784 0.564973 0.789761 0.637157 0.870400 0.929059 0.836479 0.317797 0.293789 0.319610 0.310278 0.302016 0.304376 0.566045 0.514298 0.450529 0.430439 0.535077 0.733374 0.615187 0.718626 0.634126 0.670205 0.431003 0.459475 0.328358 0.468885 0.413085 0.463910 0.360291 0.372202 0.294217 0.326060 0.723941 0.471841 0.419408 0.436574 0.374776 0.294746 0.652384 0.759126 0.457096 0.522020 0.433142 0.461218 0.433077 0.484617 0.465499 0.573781 0.516636 0.423808 0.874951 0.901726 0.896729 0.658049 0.794983 0.928961 0.828173 0.936848 0.596715 0.674895 0.488711 0.657457 0.503247 0.478028 0.749658 0.686394 0.545126 0.590964 0.456081 0.537765 0.850145 0.808956 0.828437 0.765355 0.745982 0.605699 0.511974 0.702741 0.431345 0.925473
0.479366 0.593277 0.365397 0.404088 0.982901 0.751929 0.434081 0.484453 0.623456 0.546364 0.550625 0.432577 0.502341 0.561761 0.391934 0.447277 0.475621 0.416346 0.405821 0.431920 0.701095 0.608799 0.392165 0.405450 0.422742 0.375624 0.989307 0.948449 0.486512 0.376256 0.269020 0.000000 0.325732 0.371532 0.672152 0.855680 0.662557 0.841203 0.619251 0.826574 0.870570 0.866874 0.418973 0.377728 0.468834 0.484928 0.462952 0.420451 0.767241 0.713381 0.639160 0.639761 0.708027 0.866245 0.790332 0.878407 0.629466 0.716252 0.575312 0.670488 0.465797 0.655711 0.527324 0.579458 0.479482 0.496590 0.445126 0.454155 0.690635 0.636978 0.570088 0.574563 0.425947 0.407774 0.672898 0.847094 0.591618 0.557315 0.522784 0.477604 0.554347 0.549459 0.618972 0.727752 0.654877 0.524694 0.974320 0.931092 0.962005 0.806311 0.815946 0.954123 0.896295 0.919627 0.696483 0.719194 0.571856 0.769191 0.562515 0.537227 0.809252 0.681800 0.679623 0.572526 0.552392 0.621835 0.983188 0.869940 0.935504 0.808871 0.710528 0.668692 0.595887 0.785045 0.491159 0.829036
0.367972 0.436995 0.305807 0.271478 0.798500 0.639396 0.286194 0.294884 0.575562 0.450004 0.495570 0.371184 0.405800 0.525697 0.402685 0.399724 0.410321 0.347833 0.324437 0.371439 0.624882 0.533127 0.316927 0.427343 0.601344 0.390201 0.887340 0.894504 0.430381 0.353998 0.271208 0.325732 0.000000 0.260376 0.707505 0.675020 0.656314 0.873308 0.774601 0.878824 0.842063 0.800341 0.276570 0.249446 0.292056 0.274194 0.316923 0.353186 0.576628 0.491799 0.444239 0.426828 0.526261 0.638844 0.659418 0.700815 0.545725 0.538286 0.371596 0.439712 0.301992 0.378722 0.402469 0.434810 0.343088 0.307428 0.259133 0.248453 0.692526 0.452745 0.371534 0.385110 0.436987 0.357063 0.759386 0.723887 0.375245 0.518679 0.382691 0.471890 0.397319 0.384961 0.517501 0.544444 0.495988 0.370473 0.980713 0.937798 0.851133 0.673426 0.581009 0.708289 0.642924 0.759105 0.545829 0.546092 0.410237 0.527160 0.372811 0.310730 0.661572 0.572938 0.575449 0.444305 0.375737 0.452120 0.942832 0.731376 0.810889 0.731903 0.711110 0.523757 0.417048 0.654418 0.455870 0.899817
0.365895 0.433740 0.306945 0.276376 0.792298 0.652101 0.265602 0.283815 0.548425 0.430707 0.436635 0.389427 0.441324 0.544628 0.461024 0.465921 0.414795 0.309973 0.261363 0.327296 0.583926 0.618057 0.401749 0.426651 0.659797 0.422166 0.817570 0.915829 0.391996 0.287519 0.297671 0.371532 0.260376 0.000000 0.661062 0.730806 0.607705 0.800541 0.783773 0.836436 0.863758 0.835305 0.283348 0.228854 0.285716 0.262248 0.297452 0.360056 0.585248 0.446384 0.434568 0.414864 0.541356 0.629740 0.713204 0.719572 0.508402 0.535319 0.379587 0.473062 0.301026 0.437884 0.372962 0.422449 0.374813 0.320078 0.259197 0.258543 0.772313 0.488988 0.458910 0.451635 0.475364 0.389706 0.707856 0.661647 0.430644 0.496838 0.452130 0.426082 0.433747 0.387433 0.577728 0.546122 0.557757 0.464388 0.937836 0.920834 0.916583 0.748111 0.623528 0.705442 0.694166 0.702528 0.549242 0.579963 0.572072 0.576387 0.338278 0.322968 0.624546 0.585646 0.512863 0.382864 0.426440 0.559659 0.842933 0.708902 0.841993 0.828392 0.712191 0.424238 0.434008 0.672768 0.405746 0.805276
0.710605 0.824395 0.700731 0.726372 0.917116 0.568767 0.709038 0.764736 0.789495 0.825164 0.921846 0.786624 0.697008 0.896722 0.655407 0.689817 0.906250 0.892095 0.814114 0.840686 0.770384 0.913921 0.574504 0.645969 0.613515 0.700366 0.945969 0.954661 0.812203 0.804427 0.555960 0.672152 0.707505 0.661062 0.000000 0.890788 0.678817 0.924295 0.896682 0.971456 0.971640 0.880675 0.647117 0.699353 0.609339 0.622053 0.702189 0.693907 0.794053 0.672293 0.739143 0.659749 0.713365 0.851171 0.716289 0.721522 0.988740 0.903174 0.719641 0.655094 0.687422 0.794255 0.740778 0.808335 0.721530 0.722380 0.636936 0.676990 0.910150 0.718187 0.685734 0.709389 0.784971 0.692024 0.771922 0.974270 0.786688 0.733939 0.725299 0.795054 0.721882 0.779133 0.856716 0.914650 0.726453 0.714924 0.893909 0.917676 0.858569 0.852363 0.901751 0.989293 0.875633 0.950519 0.688730 0.791381 0.675169 0.843476 0.725160 0.807860 0.958464 0.974123 0.883666 0.886475 0.701684 0.751335 0.884696 0.868888 0.740441 0.984183 0.687630 0.735392 0.809269 0.990686 0.852018 0.781859
0.766354 0.644551 0.805990 0.781329 0.866525 0.874698 0.707633 0.724647 0.747460 0.662324 0.870574 0.823656 0.832884 0.996150 0.971832 0.857059 0.659929 0.831041 0.754139 0.873499 0.895804 0.906745 0.793624 0.890700 0.942795 0.809767 0.760570 0.879323 0.858709 0.762043 0.680784 0.855680 0.675020 0.730806 0.890788 0.000000 0.982635 0.643991 0.955884 0.918892 0.974892 0.812163 0.608380 0.578012 0.524730 0.580593 0.721161 0.638429 0.526189 0.530884 0.486834 0.542025 0.610132 0.570870 0.836218 0.811881 0.738240 0.690928 0.639136 0.668548 0.752007 0.749582 0.696360 0.649843 0.813764 0.784929 0.590791 0.605667 0.864614 0.564897 0.597547 0.439745 0.839238 0.619857 0.974143 0.969408 0.703463 0.653019 0.710298 0.867164 0.686236 0.831188 0.821938 0.762000 0.948860 0.879102 0.905203 0.858907 0.875203 0.950036 0.707499 0.731884 0.741429 0.786083 0.764467 0.842733 0.656331 0.615777 0.660483 0.638301 0.691116 0.623154 0.632969 0.729819 0.753639 0.741964 0.724404 0.743017 0.781059 0.927909 0.659879 0.734519 0.666550 0.803464 0.730851 0.877826
0.617025 0.653373 0.643323 0.658906 0.923399 0.939804 0.699142 0.743755 0.934422 0.838099 0.763863 0.645560 0.678742 0.647148 0.653828 0.719432 0.686533 0.646463 0.636572 0.726606 0.649189 0.980144 0.645755 0.689892 0.634113 0.707528 0.869429 0.933430 0.622185 0.655654 0.564973 0.662557 0.656314 0.607705 0.678817 0.982635 0.000000 0.806855 0.662338 0.850214 0.910519 0.805395 0.669541 0.629234 0.639501 0.673075 0.597803 0.581507 0.828264 0.804277 0.745202 0.775321 0.892075 0.974971 0.954563 0.983952 0.674633 0.725371 0.693455 0.715156 0.645774 0.708293 0.676717 0.681663 0.603447 0.643740 0.694831 0.631949 0.840093 0.717714 0.798028 0.828589 0.691053 0.616058 0.804787 0.890225 0.653166 0.654402 0.651108 0.893069 0.750642 0.813904 0.740233 0.793029 0.685530 0.706528 0.933516 0.855336 0.928961 0.851063 0.968176 0.946873 0.960102 0.963725 0.697474 0.657138 0.819490 0.851009 0.735688 0.730200 0.964510 0.971327 0.683656 0.711595 0.609274 0.742728 0.921466 0.855956 0.843580 0.824855 0.887557 0.653194 0.827370 0.994430 0.783407 0.761186
0.752098 0.704598 0.905197 0.940046 0.963780 0.750504 0.959674 0.929340 0.973534 0.888037 0.856724 0.752784 0.829790 0.793659 0.852389 0.830464 0.736469 0.805580 0.874243 0.819776 0.972583 0.894021 0.899615 0.848303 0.928231 0.995657 0.864081 0.879912 0.724527 0.718346 0.789761 0.841203 0.873308 0.800541 0.924295 0.643991 0.806855 0.000000 0.871969 0.941202 0.841349 0.973065 0.854475 0.811156 0.812015 0.814744 0.880950 0.824395 0.841452 0.784164 0.750631 0.819307 0.954226 0.924878 0.966625 0.954066 0.643367 0.675409 0.867920 0.809421 0.853862 0.854569 0.723659 0.639248 0.894032 0.914183 0.863209 0.807060 0.948789 0.821229 0.829719 0.849147 0.783678 0.746046 0.874545 0.892353 0.886043 0.612194 0.908820 0.994724 0.880114 0.957966 0.797292 0.982957 0.984801 0.992999 0.837575 0.972976 0.957606 0.893217 0.930358 0.988923 0.962123 0.911576 0.996795 0.863177 0.968168 0.797842 0.832257 0.880446 0.856369 0.860026 0.773207 0.921141 0.941004 0.835691 0.932583 0.857164 0.974921 0.844239 0.759310 0.879771 0.991532 0.872815 0.859956 0.783594
