0.000000 0.540684 0.755636 0.766884 0.958842 0.955975 0.756749 0.848497 0.789536 0.940766 0.740756 0.722449 0.886445 0.953751 0.920453 0.963287 0.566020 0.565663 0.458606 0.584442 0.808975 0.859088 0.877168 0.954002 0.689383 0.793200 0.881883 0.976676 0.734511 0.785909 0.844001 0.962179 0.723484 0.538916 0.849741 0.955612 0.892788 0.993600 0.799596 0.813164 0.968983 0.884166 0.676945 0.598805 0.959974 0.900578 0.670327 0.732446 0.985491 0.979118 0.962505 0.852805 0.823110 0.737794 0.810297 0.976921 0.457224 0.539107 0.577964 0.735206 0.737654 0.850473 0.716964 0.794250 0.790367 0.803988 0.688794 0.708920 0.700458 0.636448 0.758387 0.809488 0.687606 0.683409 0.976851 0.923063 0.687481 0.753467 0.857043 0.690452 0.605711 0.577988 0.912517 0.726446 0.804217 0.821099 0.734660 0.935842 0.903415 0.819137 0.831807 0.875768 0.862402 0.974266 0.925709 0.801672 0.786525 0.869307 0.970855 0.879440 0.843252 0.997723 0.775219 0.684271 0.911204 0.913112 0.940909 0.966856 0.855769 0.747988 0.775419 0.975227 0.927657 0.977743 0.874639 0.729775
0.540684 0.000000 0.926545 0.786159 0.975052 0.992621 0.926607 0.733141 0.740638 0.873781 0.880287 0.524141 0.821536 0.751279 0.902084 0.731187 0.580465 0.537296 0.590485 0.603370 0.971321 0.919788 0.991540 0.920748 0.834795 0.964256 0.965953 0.984074 0.661702 0.713696 0.779880 0.891955 0.610098 0.511682 0.896875 0.999992 0.832385 0.843236 0.946894 0.814641 0.975240 0.932650 0.618587 0.535641 0.782759 0.699229 0.589048 0.554243 0.884028 0.863008 0.841368 0.915596 0.979300 0.859746 0.776781 0.984834 0.435471 0.385008 0.643152 0.786267 0.651991 0.633629 0.603125 0.549906 0.848774 0.836707 0.713203 0.672276 0.872589 0.565288 0.592647 0.669967 0.821722 0.769322 0.946370 0.982215 0.630554 0.814632 0.631063 0.687072 0.490941 0.544354 0.786172 0.690633 0.850884 0.837454 0.914300 0.968887 0.832058 0.863665 0.818924 0.771435 0.886412 0.858045 0.808696 0.752305 0.726816 0.786513 0.770737 0.840498 0.814645 0.965650 0.721426 0.768634 0.850002 0.841924 0.884299 0.945457 0.908919 0.785887 0.750653 0.894710 0.903239 0.808358 0.781366 0.940361
0.755636 0.926545 0.000000 0.450900 0.980601 0.971822 0.361657 0.662633 0.676422 0.983646 0.881741 0.793326 0.746221 0.820527 0.913042 0.812596 0.919473 0.860012 0.736050 0.878069 0.723817 0.841114 0.771084 0.807665 0.521281 0.597239 0.972143 0.989563 0.809673 0.707604 0.890717 0.981300 0.741587 0.769859 0.693071 0.939310 0.827625 0.994360 0.851888 0.843850 0.975069 0.824212 0.677735 0.829585 0.800912 0.852546 0.689710 0.861692 0.790112 0.959917 0.910608 0.860326 0.920409 0.784098 0.888223 0.837943 0.970545 0.983280 0.535704 0.669817 0.699531 0.962490 0.870588 0.765676 0.405381 0.547080 0.510812 0.562048 0.932960 0.852303 0.983700 0.980133 0.941715 0.949840 0.957078 0.958114 0.809045 0.897968 0.896918 0.962721 0.971274 0.943041 0.843433 0.986246 0.584815 0.752708 0.656641 0.854733 0.714649 0.634596 0.733459 0.704724 0.644882 0.585981 0.947461 0.766587 0.882030 0.947553 0.812214 0.732281 0.702585 0.887195 0.976290 0.919420 0.638704 0.713805 0.946173 0.852182 0.793510 0.968966 0.924587 0.981498 0.972809 0.800267 0.774015 0.726559
0.766884 0.786159 0.450900 0.000000 0.947631 0.994743 0.472310 0.506185 0.850132 0.949524 0.967778 0.977516 0.822247 0.953432 0.909310 0.983566 0.901079 0.917732 0.776545 0.833461 0.748025 0.923765 0.665767 0.635753 0.650945 0.651260 0.970006 0.940381 0.780027 0.717390 0.923892 0.985064 0.729192 0.666597 0.687221 0.899248 0.786007 0.916136 0.748846 0.855966 0.989701 0.828285 0.719733 0.791553 0.846849 0.920022 0.715190 0.787446 0.780968 0.999804 0.892383 0.758245 0.860682 0.713723 0.897155 0.810933 0.900791 0.880095 0.607287 0.646888 0.698260 0.751681 0.980470 0.981079 0.409233 0.374710 0.447039 0.406021 0.938136 0.902731 0.878569 0.783867 0.788120 0.859499 0.934945 0.913256 0.692972 0.787734 0.965470 0.963740 0.839155 0.847781 0.949520 0.915189 0.539681 0.644733 0.801188 0.868454 0.862295 0.581531 0.741472 0.751246 0.648710 0.690153 0.970826 0.692609 0.760342 0.999965 0.678431 0.701018 0.638841 0.852394 0.959572 0.938883 0.539994 0.637511 0.882595 0.763295 0.773500 0.917527 0.822488 0.997234 0.955185 0.887762 0.763526 0.776712
0.958842 0.975052 0.980601 0.947631 0.000000 0.828214 0.911696 0.990103 0.860552 0.981005 0.794719 0.986638 0.768740 0.922319 0.833286 0.933221 0.852141 0.876991 0.962984 0.983735 0.822814 0.765436 0.856358 0.915984 0.996905 0.912980 0.869589 0.904177 0.999772 0.829520 0.897782 0.997486 0.940484 0.997308 0.980913 0.841707 0.892694 0.912766 0.985531 0.913505 0.880640 0.901697 0.855185 0.904335 0.835415 0.963592 0.978544 0.983153 0.869128 0.925641 0.839601 0.937814 0.849821 0.766390 0.994468 0.977624 0.987652 0.982248 0.841929 0.800602 0.820839 0.973726 0.798932 0.947453 0.986215 0.996126 0.977705 0.985805 0.784173 0.974072 0.918179 0.965392 0.900556 0.978634 0.988283 0.971465 0.841802 0.957400 0.926384 0.836288 0.878121 0.882011 0.864735 0.803880 0.777374 0.699059 0.987857 0.766827 0.964379 0.947427 0.928272 0.986177 0.999856 0.973582 0.917633 0.890260 0.854083 0.965998 0.948271 0.959504 0.940378 0.956142 0.952358 0.864501 0.947431 0.846035 0.965527 0.928247 0.941807 0.888713 0.960294 0.948911 0.918855 0.999802 0.977116 0.953755
0.955975 0.992621 0.971822 0.994743 0.828214 0.000000 0.979683 0.933860 0.909264 0.960711 0.954664 0.937936 0.975958 0.930130 0.931851 0.744402 0.925262 0.928301 0.983894 0.909328 0.902004 0.985130 0.808770 0.858286 0.968249 0.870553 0.892439 0.866059 0.974293 0.978226 0.844907 0.986756 0.937015 0.892417 0.875055 0.931129 0.745438 0.971976 0.952340 0.996747 0.843583 0.977571 0.892286 0.837308 0.896995 0.981949 0.909395 0.949496 0.840370 0.887793 0.839729 0.930824 0.803159 0.809685 0.860134 0.834001 0.963100 0.956250 0.778161 0.765089 0.999860 0.967377 0.997337 0.974568 0.955016 0.952565 0.981017 0.996375 0.880616 0.885034 0.834879 0.907744 0.885517 0.804759 0.960759 0.930975 0.993636 0.870714 0.981896 0.979770 0.993324 0.991502 0.898451 0.921007 0.849797 0.834794 0.889252 0.736760 0.877491 0.958258 0.805876 0.819499 0.769288 0.890577 0.853384 0.949289 0.912324 0.951736 0.926449 0.960166 0.902835 0.979087 0.968840 0.940326 0.940415 0.997796 0.955248 0.996226 0.904325 0.931252 0.924816 0.931707 0.921149 0.951523 0.916913 0.896074
0.756749 0.926607 0.361657 0.472310 0.911696 0.979683 0.000000 0.579675 0.680668 0.988210 0.878710 0.868213 0.629567 0.983767 0.981030 0.927820 0.958654 0.901676 0.760536 0.881782 0.778542 0.918198 0.755697 0.853814 0.638993 0.644460 0.987175 0.994170 0.857429 0.804718 0.948072 0.892549 0.722839 0.757823 0.708309 0.971817 0.859322 0.883446 0.889335 0.884917 0.954506 0.898456 0.779922 0.847820 0.823243 0.886871 0.770775 0.875373 0.788405 0.954972 0.818611 0.778132 0.971855 0.900637 0.946761 0.916173 0.995589 0.975690 0.548992 0.681388 0.545699 0.849479 0.988555 0.871551 0.428793 0.534207 0.558594 0.587990 0.887145 0.815023 0.947358 0.979757 0.896116 0.897888 0.956201 0.998531 0.799371 0.875816 0.893280 0.980516 0.882908 0.913604 0.898266 0.948147 0.514108 0.720898 0.689128 0.928071 0.702375 0.630797 0.672786 0.668921 0.696275 0.622377 0.994146 0.864336 0.993218 0.874037 0.741793 0.663220 0.779863 0.808910 0.952428 0.965698 0.642949 0.753806 0.912564 0.914825 0.717949 0.977907 0.882213 0.953886 0.992514 0.804016 0.791747 0.694226
0.848497 0.733141 0.662633 0.506185 0.990103 0.933860 0.579675 0.000000 0.936030 0.738402 0.954607 0.725163 0.687116 0.785313 0.993752 0.876084 0.991750 0.936432 0.892706 0.764009 0.946666 0.991183 0.714180 0.834429 0.987375 0.965964 0.872862 0.987955 0.975872 0.967009 0.992907 0.954752 0.736671 0.605544 0.794445 0.995137 0.926376 0.973120 0.944404 0.878709 0.849023 0.864766 0.866682 0.856455 0.926657 0.999274 0.804538 0.820215 0.815319 0.970219 0.726649 0.563097 0.959926 0.892353 0.910419 0.971722 0.942727 0.804664 0.582966 0.559519 0.473246 0.409336 0.743558 0.666870 0.627720 0.499719 0.619694 0.508504 0.739114 0.992299 0.912915 0.794822 0.757526 0.791695 0.920149 0.907390 0.646109 0.773803 0.875688 0.992317 0.703685 0.923537 0.965852 0.941481 0.683951 0.836101 0.819100 0.865646 0.892230 0.620580 0.690156 0.843253 0.736574 0.847024 0.810995 0.774706 0.692809 0.963516 0.512052 0.571051 0.646934 0.886542 0.719323 0.951660 0.534508 0.648051 0.945171 0.746590 0.781005 0.806068 0.709832 0.865497 0.925287 0.969310 0.725430 0.888442
0.789536 0.740638 0.676422 0.850132 0.860552 0.909264 0.680668 0.936030 0.000000 0.846969 0.982331 0.622513 0.904626 0.762519 0.933914 0.787415 0.702427 0.592793 0.835447 0.733949 0.897263 0.921222 0.785756 0.998931 0.885180 0.799522 0.943108 0.960190 0.728944 0.654840 0.965552 0.759810 0.969572 0.823433 0.833032 0.940201 0.851837 0.932397 0.930260 0.930774 0.983274 0.946769 0.892297 0.791107 0.997638 0.898708 0.918038 0.865524 0.969519 0.871969 0.861710 0.770671 0.768776 0.817344 0.989207 0.835772 0.695897 0.684815 0.977114 0.985851 0.950230 0.864532 0.732846 0.650851 0.754822 0.953336 0.946637 0.962054 0.847593 0.625583 0.816785 0.670369 0.745993 0.787988 0.999382 0.952003 0.887938 0.916511 0.655285 0.773297 0.698963 0.720796 0.799056 0.842389 0.834603 0.977799 0.916214 0.996532 0.743219 0.918544 0.635453 0.629899 0.565537 0.640576 0.924284 0.922491 0.944147 0.880601 0.882759 0.919299 0.944103 0.900345 0.840869 0.836072 0.897611 0.933188 0.914450 0.858668 0.937052 0.872002 0.736199 0.937131 0.945004 0.852383 0.989967 0.909143
0.940766 0.873781 0.983646 0.949524 0.981005 0.960711 0.988210 0.738402 0.846969 0.000000 0.842804 0.882809 0.986806 0.976934 0.951101 0.965617 0.866049 0.902287 0.945083 0.884920 0.841872 0.948519 0.894447 0.890372 0.897582 0.818508 0.824972 0.970971 0.686611 0.801525 0.793925 0.986916 0.786778 0.820797 0.889937 0.985757 0.877944 0.911436 0.690856 0.954241 0.794717 0.957532 0.908172 0.830810 0.703975 0.722570 0.917647 0.860522 0.685310 0.687862 0.649054 0.691195 0.683882 0.751228 0.848315 0.957676 0.906002 0.887001 0.881220 0.904577 0.841118 0.747630 0.812366 0.742694 0.888469 0.852145 0.974857 0.972778 0.941101 0.923405 0.961846 0.959157 0.978727 0.967535 0.843055 0.967685 0.957190 0.869287 0.999932 0.967426 0.836116 0.948519 0.927229 0.973402 0.875679 0.793450 0.905432 0.934200 0.985308 0.777431 0.973506 0.965449 0.872782 0.931014 0.893831 0.834724 0.782038 0.904469 0.763459 0.855432 0.751828 0.971598 0.635280 0.874769 0.882519 0.948064 0.749892 0.999419 0.981348 0.832020 0.842002 0.861625 0.993665 0.789107 0.934584 0.961452
0.740756 0.880287 0.881741 0.967778 0.794719 0.954664 0.878710 0.954607 0.982331 0.842804 0.000000 0.828301 0.818776 0.977058 0.905718 0.884543 0.602296 0.633963 0.655675 0.646098 0.756099 0.965546 0.924915 0.862985 0.983119 0.912244 0.939073 0.883982 0.689042 0.718226 0.829163 0.992983 0.760540 0.688687 0.993193 0.931720 0.998337 0.863403 0.959579 0.954995 0.977027 0.967817 0.919404 0.900710 0.979734 0.985004 0.984460 0.967631 0.984679 0.889469 0.980321 0.822792 0.904874 0.954570 0.977375 0.858136 0.754735 0.841977 0.846047 0.932490 0.796404 0.997907 0.697148 0.854360 0.923879 0.948275 0.968591 0.909509 0.895600 0.812749 0.970867 0.880480 0.609588 0.759483 0.930574 0.810065 0.951619 0.879861 0.852176 0.759734 0.736955 0.743676 0.992694 0.871877 0.985065 0.986424 0.712237 0.969792 0.898964 0.948387 0.653044 0.659589 0.789281 0.729650 0.959037 0.834794 0.973649 0.928268 0.889798 0.927474 0.976593 0.940821 0.879074 0.926118 0.980660 0.785074 0.928858 0.772076 0.981515 0.845899 0.918941 0.939794 0.792752 0.979558 0.974222 0.990805
0.722449 0.524141 0.793326 0.977516 0.986638 0.937936 0.868213 0.725163 0.622513 0.882809 0.828301 0.000000 0.755382 0.558144 0.798101 0.668113 0.558680 0.482298 0.768209 0.529161 0.883837 0.997933 0.994551 0.973812 0.796991 0.719966 0.918181 0.892245 0.544803 0.523832 0.935164 0.827574 0.714120 0.584956 0.993989 0.963981 0.947138 0.946779 0.893311 0.998688 0.912752 0.904484 0.920312 0.751322 0.882635 0.768753 0.862923 0.746659 0.993567 0.993266 0.868975 0.908957 0.928678 0.932869 0.906062 0.895267 0.591575 0.460429 0.827490 0.818775 0.646318 0.512808 0.468765 0.366059 0.891170 0.943165 0.992159 0.828634 0.984569 0.620026 0.741697 0.666106 0.842753 0.819725 0.931494 0.908284 0.697654 0.753919 0.543989 0.714443 0.468802 0.600915 0.721330 0.740858 0.969487 0.963199 0.954326 0.964043 0.685467 0.996733 0.768067 0.653533 0.749201 0.616577 0.702638 0.839123 0.783408 0.790321 0.830630 0.878650 0.951672 0.988720 0.628955 0.897992 0.873793 0.929653 0.993352 0.944446 0.952323 0.735714 0.717654 0.861844 0.928881 0.714593 0.854143 0.915438
0.886445 0.821536 0.746221 0.822247 0.768740 0.975958 0.629567 0.687116 0.904626 0.986806 0.818776 0.755382 0.000000 0.584502 0.577616 0.663555 0.826174 0.802564 0.873509 0.739815 0.974414 0.967788 0.717203 0.857651 0.962893 0.990481 0.933973 0.983122 0.826843 0.799814 0.890310 0.855386 0.700796 0.782753 0.826516 0.974662 0.818185 0.922997 0.886714 0.966669 0.978704 0.983720 0.999757 0.929399 0.990569 0.925403 0.836690 0.817158 0.856513 0.883054 0.789425 0.753998 0.886066 0.856278 0.916536 0.958695 0.931913 0.807771 0.834432 0.817322 0.423709 0.698100 0.697435 0.765603 0.757052 0.835256 0.955907 0.823336 0.677871 0.972685 0.970506 0.977168 0.967462 0.926941 0.924006 0.886749 0.884938 0.900068 0.764541 0.779639 0.678227 0.724003 0.802020 0.802427 0.588867 0.796845 0.976317 0.827154 0.926656 0.914911 0.949412 0.947841 0.950301 0.981182 0.947182 0.934494 0.902816 0.923433 0.768047 0.837598 0.988408 0.839362 0.946443 0.879856 0.833351 0.861683 0.976972 0.835003 0.965859 0.909165 0.964678 0.839051 0.906831 0.984765 0.742534 0.914019
0.953751 0.751279 0.820527 0.953432 0.922319 0.930130 0.983767 0.785313 0.762519 0.976934 0.977058 0.558144 0.584502 0.000000 0.478379 0.436127 0.746993 0.655951 0.976117 0.774363 0.830215 0.969710 0.884180 0.910924 0.845732 0.706422 0.932288 0.982870 0.668612 0.543113 0.861921 0.710996 0.718109 0.738400 0.973542 0.921988 0.996856 0.920980 0.791196 0.970347 0.921532 0.997186 0.976366 0.808531 0.781612 0.702472 0.857449 0.716954 0.985140 0.874253 0.769313 0.767460 0.881387 0.797951 0.997414 0.905528 0.905107 0.749806 0.983178 0.966270 0.609009 0.619701 0.572124 0.533820 0.970495 0.941835 0.943456 0.944317 0.661177 0.823616 0.996944 0.825737 0.978349 0.972320 0.925961 0.869018 0.916681 0.921769 0.694721 0.720518 0.621516 0.691371 0.586200 0.752448 0.802861 0.823790 0.808696 0.820914 0.839403 0.876305 0.876035 0.754736 0.708992 0.750016 0.793716 0.933518 0.944482 0.983292 0.799606 0.925586 0.946309 0.968633 0.841275 0.959586 0.959132 0.998364 0.909366 0.799505 0.880879 0.826945 0.904979 0.753146 0.943807 0.837408 0.838226 0.954121
0.920453 0.902084 0.913042 0.909310 0.833286 0.931851 0.981030 0.993752 0.933914 0.951101 0.905718 0.798101 0.577616 0.478379 0.000000 0.539658 0.819083 0.763702 0.988065 0.994483 0.973688 0.974306 0.747233 0.838274 0.931960 0.856826 0.978278 0.901721 0.722305 0.636682 0.779535 0.606615 0.728236 0.892274 0.983609 0.897595 0.877311 0.873759 0.863663 0.995724 0.967196 0.971211 0.948014 0.861416 0.698173 0.699917 0.772467 0.708339 0.910900 0.763393 0.747894 0.769307 0.747752 0.652124 0.938852 0.998602 0.960378 0.903848 0.856799 0.826203 0.726122 0.860601 0.712821 0.757695 0.951400 0.975710 0.942474 0.997349 0.668492 0.961902 0.918028 0.927603 0.974133 0.951253 0.910134 0.866538 0.968980 0.911245 0.751863 0.760634 0.739034 0.742154 0.589072 0.729351 0.740866 0.729621 0.671615 0.671856 0.950749 0.889502 0.944068 0.905081 0.793786 0.925958 0.958540 0.992860 0.824659 0.953930 0.823623 0.955574 0.953602 0.957303 0.982047 0.962457 0.991701 0.962984 0.894409 0.770088 0.879628 0.977458 0.980267 0.702238 0.857026 0.902190 0.867422 0.905852
0.963287 0.731187 0.812596 0.983566 0.933221 0.744402 0.927820 0.876084 0.787415 0.965617 0.884543 0.668113 0.663555 0.436127 0.539658 0.000000 0.877987 0.753514 0.997617 0.858725 0.852762 0.962133 0.717103 0.696679 0.927817 0.882386 0.920990 0.911773 0.766211 0.692642 0.778932 0.703004 0.821531 0.811674 0.973922 0.909222 0.837999 0.819411 0.923449 0.924183 0.986852 0.919012 0.982041 0.903005 0.723004 0.669307 0.869367 0.661509 0.891483 0.825093 0.747926 0.815085 0.830115 0.762657 0.946842 0.977968 0.850935 0.772063 0.813744 0.878236 0.741491 0.705779 0.651074 0.609828 0.990492 0.938014 0.977180 0.909783 0.679776 0.820842 0.862040 0.730822 0.942437 0.907970 0.945799 0.949737 0.925296 0.916822 0.684902 0.768393 0.683529 0.688411 0.548431 0.718120 0.735419 0.718643 0.760167 0.711552 0.768874 0.885831 0.960838 0.871957 0.820900 0.865377 0.863471 0.946095 0.890681 0.900187 0.806365 0.947585 0.932392 0.941998 0.924825 0.891788 0.958336 0.916131 0.893575 0.890026 0.920528 0.866663 0.972060 0.751783 0.921797 0.820997 0.851372 0.987506
0.566020 0.580465 0.919473 0.901079 0.852141 0.925262 0.958654 0.991750 0.702427 0.866049 0.602296 0.558680 0.826174 0.746993 0.819083 0.877987 0.000000 0.374214 0.556716 0.565919 0.979708 0.889202 0.854758 0.918304 0.995922 0.921518 0.966851 0.933748 0.439992 0.421973 0.764616 0.760717 0.610893 0.617316 0.991907 0.988479 0.968887 0.950321 0.942002 0.967857 0.998935 0.791472 0.813755 0.606403 0.751270 0.690382 0.684221 0.687505 0.784841 0.844765 0.779343 0.921729 0.943423 0.928688 0.846017 0.919472 0.466611 0.536120 0.824977 0.984659 0.753724 0.863606 0.480585 0.557223 0.891763 0.896110 0.989249 0.945561 0.826638 0.569933 0.799208 0.804329 0.570460 0.574108 0.999818 0.900524 0.814554 0.847165 0.622315 0.540390 0.441582 0.517006 0.681087 0.648798 0.950955 0.878042 0.910153 0.880370 0.754206 0.982116 0.653822 0.645626 0.659559 0.729145 0.877600 0.885352 0.915384 0.909511 0.974470 0.977939 0.976445 0.987856 0.747820 0.728909 0.917692 0.852661 0.914015 0.769572 0.994195 0.760836 0.852274 0.909011 0.953041 0.811530 0.904492 0.974378
0.565663 0.537296 0.860012 0.917732 0.876991 0.928301 0.901676 0.936432 0.592793 0.902287 0.633963 0.482298 0.802564 0.655951 0.763702 0.753514 0.374214 0.000000 0.577181 0.508038 0.945819 0.993101 0.866623 0.929700 0.924943 0.849970 0.998466 0.956679 0.444627 0.391164 0.811118 0.747409 0.638009 0.564062 0.916483 0.998926 0.999457 0.954330 0.990042 0.914554 0.941053 0.890494 0.859542 0.620840 0.823402 0.738836 0.747806 0.725756 0.915319 0.927103 0.898382 0.876769 0.944983 0.984822 0.904780 0.894580 0.434319 0.494240 0.835424 0.962205 0.723294 0.761028 0.443242 0.471875 0.852857 0.938307 0.984504 0.917023 0.865947 0.484491 0.728026 0.741274 0.554978 0.597715 0.991590 0.884609 0.749595 0.841056 0.581067 0.517523 0.431678 0.486007 0.683360 0.659949 0.994134 0.885699 0.995340 0.936282 0.675749 0.972012 0.614351 0.537936 0.580678 0.628182 0.806254 0.892421 0.847507 0.844984 0.982468 0.974814 0.904211 0.874886 0.677838 0.814382 0.982885 0.910458 0.922509 0.794188 0.965752 0.696855 0.754914 0.880721 0.975331 0.800878 0.889794 0.981479
0.458606 0.590485 0.736050 0.776545 0.962984 0.983894 0.760536 0.892706 0.835447 0.945083 0.655675 0.768209 0.873509 0.976117 0.988065 0.997617 0.556716 0.577181 0.000000 0.549098 0.794580 0.866018 0.967341 0.943379 0.705814 0.729625 0.963453 0.963616 0.681665 0.749748 0.725918 0.863389 0.597982 0.563774 0.834767 0.950446 0.778103 0.886856 0.866406 0.896858 0.981540 0.772683 0.658449 0.602443 0.920535 0.835309 0.591667 0.725605 0.909505 0.876384 0.891559 0.915292 0.891513 0.860618 0.830990 0.997136 0.491353 0.615609 0.672344 0.877695 0.774139 0.942231 0.669311 0.835335 0.822342 0.843910 0.638945 0.682557 0.719172 0.656132 0.703201 0.750309 0.669509 0.618016 0.993130 0.932175 0.695976 0.772777 0.781841 0.676264 0.595457 0.593300 0.892730 0.719412 0.835022 0.779205 0.673556 0.982689 0.929450 0.769831 0.869331 0.899820 0.922328 0.963571 0.942789 0.795370 0.839032 0.810524 0.945782 0.821550 0.764532 0.970537 0.798012 0.672578 0.841228 0.911149 0.887475 0.957072 0.816555 0.900417 0.778917 0.938181 0.977058 0.918623 0.889166 0.809756
0.584442 0.603370 0.878069 0.833461 0.983735 0.909328 0.881782 0.764009 0.733949 0.884920 0.646098 0.529161 0.739815 0.774363 0.994483 0.858725 0.565919 0.508038 0.549098 0.000000 0.928802 0.989521 0.995032 0.963096 0.922232 0.907481 0.959052 0.841806 0.642421 0.648746 0.901226 0.850587 0.629577 0.562063 0.941097 0.986607 0.920840 0.962158 0.986248 0.905354 0.975099 0.880084 0.822547 0.696560 0.894219 0.938782 0.843699 0.797327 0.847059 0.992601 0.980460 0.867178 0.735162 0.714649 0.986152 0.867831 0.553323 0.495039 0.665383 0.687957 0.666619 0.710059 0.601267 0.596933 0.994731 0.870076 0.817903 0.759576 0.789001 0.598182 0.726834 0.730528 0.692936 0.750817 0.960275 0.890456 0.680068 0.717723 0.676157 0.594352 0.517033 0.565198 0.913492 0.799306 0.926707 0.972369 0.757614 0.888136 0.754852 0.833048 0.722989 0.670396 0.805779 0.703261 0.824626 0.777547 0.799500 0.874583 0.973136 0.913332 0.786550 0.937597 0.682630 0.791976 0.742934 0.871897 0.920549 0.933674 0.975620 0.727322 0.624780 0.978759 0.861432 0.813754 0.805377 0.871670
0.808975 0.971321 0.723817 0.748025 0.822814 0.902004 0.778542 0.946666 0.897263 0.841872 0.756099 0.883837 0.974414 0.830215 0.973688 0.852762 0.979708 0.945819 0.794580 0.928802 0.000000 0.921393 0.909611 0.883496 0.787449 0.668844 0.991028 0.880675 0.977535 0.951255 0.899024 0.935571 0.831575 0.872329 0.825330 0.917311 0.860926 0.916706 0.782151 0.936495 0.976856 0.893418 0.960475 0.954556 0.864445 0.806880 0.868588 0.933044 0.836224 0.848053 0.874098 0.834624 0.778096 0.826779 0.997487 0.808606 0.931840 0.953577 0.911476 0.967952 0.976523 0.806617 0.961968 0.831127 0.788086 0.802105 0.764947 0.761202 0.877883 0.973299 0.995136 0.982454 0.828694 0.875933 0.929321 0.856785 0.894690 0.912085 0.981607 0.828128 0.983981 0.942980 0.921348 0.980555 0.827428 0.743577 0.850838 0.942966 0.999451 0.975244 0.875607 0.949491 0.975496 0.923548 0.923682 0.940248 0.992965 0.954828 0.900340 0.965594 0.895552 0.891977 0.852151 0.974699 0.880542 0.961392 0.928471 0.984547 0.937432 0.998380 0.991545 0.883356 0.994409 0.945902 0.937089 0.963459
0.859088 0.919788 0.841114 0.923765 0.765436 0.985130 0.918198 0.991183 0.921222 0.948519 0.965546 0.997933 0.967788 0.969710 0.974306 0.962133 0.889202 0.993101 0.866018 0.989521 0.921393 0.000000 0.988831 0.995367 0.890727 0.919310 0.938987 0.856448 0.806765 0.930852 0.899376 0.899387 0.838256 0.906532 0.845677 0.785414 0.894704 0.849115 0.956890 0.968699 0.952739 0.872207 0.756605 0.878306 0.924924 0.882924 0.754250 0.909473 0.868141 0.854044 0.868913 0.916245 0.870831 0.978463 0.950482 0.848840 0.992374 0.970242 0.899324 0.944737 0.984834 0.913876 0.922380 0.982781 0.899915 0.994400 0.884847 0.880247 0.901123 0.988935 0.868484 0.984193 0.950126 0.887564 0.932308 0.916709 0.995475 0.994479 0.941525 0.914932 0.921659 0.886282 0.881427 0.901516 0.984373 0.951826 0.792718 0.951323 0.964533 0.992543 0.998985 0.965841 0.878164 0.861310 0.966593 0.851705 0.869318 0.949169 0.880730 0.995840 0.919078 0.830976 0.936628 0.647753 0.939033 0.905958 0.968116 0.973493 0.990482 0.806300 0.951046 0.934991 0.961184 0.927532 0.892076 0.924024
0.877168 0.991540 0.771084 0.665767 0.856358 0.808770 0.755697 0.714180 0.785756 0.894447 0.924915 0.994551 0.717203 0.884180 0.747233 0.717103 0.854758 0.866623 0.967341 0.995032 0.909611 0.988831 0.000000 0.466931 0.818185 0.817833 0.875849 0.890976 0.899295 0.908834 0.739840 0.774722 0.810793 0.834986 0.825825 0.923588 0.590853 0.769980 0.969378 0.985007 0.926840 0.956545 0.899939 0.983970 0.800387 0.810690 0.763420 0.770084 0.936302 0.772730 0.723547 0.690828 0.830626 0.861048 0.947795 0.752992 0.961309 0.976332 0.944196 0.990814 0.775846 0.821969 0.892609 0.932037 0.669483 0.695947 0.749792 0.654050 0.716384 0.910303 0.995555 0.795367 0.768505 0.790068 0.929606 0.985686 0.942958 0.824037 0.944779 0.963945 0.834364 0.836077 0.765916 0.824975 0.492992 0.588856 0.967557 0.735963 0.970150 0.709283 0.772826 0.840353 0.764557 0.870477 0.959565 0.826972 0.939186 0.908300 0.665523 0.729049 0.658535 0.921054 0.908051 0.910871 0.610695 0.732640 0.905719 0.899983 0.872810 0.967103 0.963132 0.826509 0.921108 0.836194 0.814574 0.914162
0.954002 0.920748 0.807665 0.635753 0.915984 0.858286 0.853814 0.834429 0.998931 0.890372 0.862985 0.973812 0.857651 0.910924 0.838274 0.696679 0.918304 0.929700 0.943379 0.963096 0.883496 0.995367 0.466931 0.000000 0.728642 0.764125 0.764394 0.942329 0.871291 0.903590 0.791766 0.730895 0.861743 0.834209 0.956372 0.878122 0.680939 0.760559 0.886465 0.967869 0.915051 0.896587 0.864910 0.915193 0.912253 0.855816 0.718965 0.767086 0.974672 0.870373 0.807604 0.880030 0.991663 0.975837 0.859556 0.799053 0.928915 0.966735 0.931346 0.927318 0.919691 0.916772 0.928899 0.977209 0.654672 0.639356 0.721605 0.630433 0.872472 0.959108 0.932744 0.739503 0.794829 0.838242 0.989924 0.841067 0.929313 0.879780 0.877416 0.861976 0.796974 0.744491 0.741321 0.788100 0.487483 0.480455 0.893156 0.670620 0.989269 0.746407 0.855878 0.862458 0.836548 0.826677 0.894445 0.896245 0.933033 0.851522 0.883246 0.889982 0.665947 0.991987 0.939355 0.984512 0.717349 0.741552 0.993599 0.911973 0.883468 0.919844 0.994719 0.947342 0.860942 0.830234 0.862120 0.760008
0.689383 0.834795 0.521281 0.650945 0.996905 0.968249 0.638993 0.987375 0.885180 0.897582 0.983119 0.796991 0.962893 0.845732 0.931960 0.927817 0.995922 0.924943 0.705814 0.922232 0.787449 0.890727 0.818185 0.728642 0.000000 0.534979 0.860659 0.968235 0.846432 0.816940 0.689755 0.915648 0.825117 0.793623 0.690683 0.919362 0.739326 0.788172 0.729710 0.806500 0.932591 0.975056 0.509181 0.655323 0.951148 0.855839 0.609369 0.645895 0.925655 0.816346 0.950539 0.977193 0.926483 0.859152 0.860431 0.712692 0.824951 0.946629 0.722163 0.877365 0.946060 0.875148 0.824584 0.699960 0.512065 0.675626 0.539868 0.660375 0.828300 0.942802 0.852273 0.880168 0.905184 0.888705 0.925762 0.980612 0.887257 0.906239 0.999838 0.935563 0.945529 0.797914 0.981399 0.864965 0.632207 0.682022 0.796338 0.982247 0.855241 0.782805 0.943216 0.853362 0.820133 0.744846 0.900045 0.766046 0.980134 0.955900 0.955141 0.989673 0.749631 0.982239 0.960049 0.834453 0.863649 0.878983 0.973796 0.971781 0.893511 0.931761 0.996423 0.927520 0.952871 0.979943 0.929741 0.722200
0.793200 0.964256 0.597239 0.651260 0.912980 0.870553 0.644460 0.965964 0.799522 0.818508 0.912244 0.719966 0.990481 0.706422 0.856826 0.882386 0.921518 0.849970 0.729625 0.907481 0.668844 0.919310 0.817833 0.764125 0.534979 0.000000 0.867468 0.827253 0.800654 0.730834 0.754085 0.964344 0.841381 0.891425 0.874786 0.895149 0.729942 0.903648 0.683128 0.891773 0.866867 0.876569 0.754555 0.866943 0.955007 0.992876 0.736903 0.879183 0.884758 0.982507 0.953274 0.966077 0.997324 0.956556 0.841517 0.777072 0.901974 0.916552 0.926718 0.908962 0.978751 0.750738 0.825331 0.639320 0.580225 0.761342 0.585756 0.715822 0.922267 0.866811 0.796410 0.893251 0.994659 0.941984 0.808966 0.978458 0.985551 0.906187 0.815947 0.931525 0.908121 0.955303 0.948715 0.981050 0.698951 0.650387 0.728471 0.996819 0.895266 0.852787 0.849561 0.681472 0.755762 0.687328 0.826986 0.956971 0.931627 0.954741 0.958038 0.878435 0.816889 0.948381 0.754185 0.987665 0.912263 0.902766 0.888149 0.975917 0.870643 0.929786 0.888589 0.886267 0.981229 0.929432 0.906191 0.826144
0.881883 0.965953 0.972143 0.970006 0.869589 0.892439 0.987175 0.872862 0.943108 0.824972 0.939073 0.918181 0.933973 0.932288 0.978278 0.920990 0.966851 0.998466 0.963453 0.959052 0.991028 0.938987 0.875849 0.764394 0.860659 0.867468 0.000000 0.994056 0.854040 0.971291 0.988543 0.873845 0.922716 0.964598 0.892838 0.874713 0.934397 0.894866 0.801919 0.974682 0.903795 0.968818 0.986167 0.963805 0.931369 0.957561 0.980889 0.970829 0.938396 0.926018 0.999650 0.867182 0.989605 0.994773 0.948036 0.968219 0.969109 0.961269 0.875349 0.857866 0.922964 0.919514 0.967875 0.910490 0.930734 0.933169 0.981700 0.975378 0.919950 0.979806 0.985194 0.980663 0.950469 0.960301 0.968437 0.890384 0.931024 0.973669 0.997344 0.875977 0.959293 0.843223 0.869732 0.870008 0.789400 0.724300 0.983748 0.793626 0.864937 0.991803 0.938882 0.902125 0.983556 0.845997 0.896744 0.823746 0.971958 0.807611 0.993212 0.986294 0.851531 0.853766 0.960190 0.954893 0.951038 0.906252 0.970263 0.932508 0.884039 0.988700 0.908495 0.999095 0.987207 0.985276 0.850755 0.803259
0.976676 0.984074 0.989563 0.940381 0.904177 0.866059 0.994170 0.987955 0.960190 0.970971 0.883982 0.892245 0.983122 0.982870 0.901721 0.911773 0.933748 0.956679 0.963616 0.841806 0.880675 0.856448 0.890976 0.942329 0.968235 0.827253 0.994056 0.000000 0.983112 0.954321 0.911714 0.956450 0.953884 0.951511 0.864709 0.979264 0.936445 0.909765 0.964629 0.879541 0.935481 0.936046 0.930026 0.972070 0.841609 0.895901 0.860313 0.934422 0.852190 0.852891 0.895603 0.809224 0.877826 0.857727 0.875758 0.877331 0.941968 0.969529 0.845557 0.868388 0.928110 0.939142 0.965680 0.937590 0.865730 0.945939 0.840999 0.947514 0.856183 0.939462 0.991014 0.961374 0.955196 0.957548 0.960326 0.996629 0.991840 0.935468 0.888644 0.936393 0.896334 0.915576 0.871591 0.963428 0.914338 0.793758 0.985052 0.964576 0.871507 0.940414 0.879842 0.888190 0.906282 0.943092 0.954086 0.999620 0.969379 0.871563 0.841617 0.972668 0.823069 0.903990 0.877345 0.986747 0.954918 0.983540 0.963300 0.937591 0.960384 0.949413 0.897822 0.992840 0.975172 0.865508 0.986989 0.856456
0.734511 0.661702 0.809673 0.780027 0.999772 0.974293 0.857429 0.975872 0.728944 0.686611 0.689042 0.544803 0.826843 0.668612 0.722305 0.766211 0.439992 0.444627 0.681665 0.642421 0.977535 0.806765 0.899295 0.871291 0.846432 0.800654 0.854040 0.983112 0.000000 0.373482 0.704298 0.736326 0.620483 0.647217 0.955050 0.831769 0.934167 0.912834 0.750496 0.993744 0.909405 0.851346 0.871009 0.662766 0.679529 0.610616 0.765380 0.753196 0.731516 0.806529 0.709956 0.953837 0.826830 0.760073 0.905502 0.849221 0.612142 0.647752 0.935831 0.919743 0.773104 0.829032 0.475130 0.505554 0.769068 0.764434 0.959337 0.998392 0.992656 0.584759 0.905276 0.885304 0.614341 0.635655 0.944730 0.885207 0.834429 0.891265 0.689677 0.686951 0.529328 0.704991 0.723330 0.750454 0.880581 0.955802 0.977121 0.863995 0.714249 0.886604 0.637803 0.614031 0.645017 0.637457 0.840134 0.917401 0.949165 0.852572 0.971601 0.987800 0.959196 0.955229 0.675185 0.781376 0.886236 0.846653 0.827934 0.777866 0.887438 0.721520 0.834300 0.794978 0.969703 0.764531 0.865869 0.894541
0.785909 0.713696 0.707604 0.717390 0.829520 0.978226 0.804718 0.967009 0.654840 0.801525 0.718226 0.523832 0.799814 0.543113 0.636682 0.692642 0.421973 0.391164 0.749748 0.648746 0.951255 0.930852 0.908834 0.903590 0.816940 0.730834 0.971291 0.954321 0.373482 0.000000 0.750331 0.686122 0.661432 0.700241 0.932779 0.943030 0.985721 0.941932 0.843178 0.957101 0.947682 0.900249 0.931341 0.696499 0.678287 0.629991 0.820025 0.762305 0.744093 0.826125 0.764264 0.956147 0.857029 0.761391 0.924070 0.862767 0.641245 0.664763 0.946899 0.842063 0.775416 0.806696 0.441781 0.484981 0.703993 0.750885 0.844293 0.912029 0.963283 0.615175 0.921323 0.832357 0.642920 0.673925 0.987642 0.838474 0.942807 0.898039 0.623505 0.568496 0.479742 0.580081 0.582812 0.645937 0.952712 0.931048 0.921517 0.772201 0.702519 0.854557 0.635406 0.563888 0.546524 0.602116 0.806025 0.964904 0.993914 0.891055 0.993776 0.938440 0.940070 0.917205 0.700054 0.839059 0.873396 0.808320 0.798325 0.707147 0.904205 0.785393 0.856205 0.871179 0.955301 0.749209 0.950013 0.890141
0.844001 0.779880 0.890717 0.923892 0.897782 0.844907 0.948072 0.992907 0.965552 0.793925 0.829163 0.935164 0.890310 0.861921 0.779535 0.778932 0.764616 0.811118 0.725918 0.901226 0.899024 0.899376 0.739840 0.791766 0.689755 0.754085 0.988543 0.911714 0.704298 0.750331 0.000000 0.605748 0.610080 0.709110 0.819810 0.944259 0.687459 0.777338 0.967610 0.883693 0.954945 0.956079 0.655326 0.647262 0.562263 0.598710 0.582476 0.583426 0.649877 0.748336 0.708087 0.948406 0.827423 0.775347 0.773850 0.830812 0.727664 0.822074 0.917845 0.847858 0.901787 0.975933 0.785303 0.906059 0.941131 0.979288 0.791295 0.841188 0.942532 0.771464 0.773245 0.764425 0.806900 0.788553 0.881303 0.842131 0.916864 0.862586 0.885717 0.756465 0.714533 0.692871 0.690327 0.674316 0.793648 0.716206 0.913740 0.694255 0.855665 0.960621 0.860091 0.897043 0.925575 0.925544 0.984654 0.814219 0.944116 0.884593 0.856039 0.988524 0.857446 0.948011 0.921293 0.982710 0.996785 0.922716 0.828599 0.920812 0.951297 0.853439 0.974067 0.796615 0.980074 0.886808 0.943886 0.953027
0.962179 0.891955 0.981300 0.985064 0.997486 0.986756 0.892549 0.954752 0.759810 0.986916 0.992983 0.827574 0.855386 0.710996 0.606615 0.703004 0.760717 0.747409 0.863389 0.850587 0.935571 0.899387 0.774722 0.730895 0.915648 0.964344 0.873845 0.956450 0.736326 0.686122 0.605748 0.000000 0.652097 0.785702 0.962178 0.954669 0.899017 0.749180 0.932622 0.800040 0.986324 0.802373 0.799417 0.735398 0.698022 0.718403 0.684666 0.699079 0.881005 0.880725 0.871493 0.958354 0.971898 0.926448 0.844320 0.939632 0.810770 0.824484 0.864138 0.899065 0.951096 0.979262 0.751606 0.784442 0.976207 0.987177 0.899864 0.838311 0.966605 0.830635 0.973105 0.729761 0.907618 0.819250 0.882063 0.944938 0.984736 0.938257 0.738031 0.623845 0.687083 0.665649 0.603568 0.644937 0.841123 0.731357 0.859816 0.639877 0.793316 0.986126 0.794202 0.794222 0.749956 0.889359 0.981632 0.883282 0.963499 0.755460 0.910597 0.984393 0.850931 0.847784 0.853727 0.927118 0.920218 0.959348 0.903748 0.914073 0.907434 0.865579 0.895506 0.721375 0.997051 0.819302 0.952603 0.915096
0.723484 0.610098 0.741587 0.729192 0.940484 0.937015 0.722839 0.736671 0.969572 0.786778 0.760540 0.714120 0.700796 0.718109 0.728236 0.821531 0.610893 0.638009 0.597982 0.629577 0.831575 0.838256 0.810793 0.861743 0.825117 0.841381 0.922716 0.953884 0.620483 0.661432 0.610080 0.652097 0.000000 0.516993 0.798854 0.999939 0.830096 0.920309 0.991290 0.882455 0.992305 0.778677 0.693341 0.570612 0.734582 0.706944 0.576472 0.573865 0.868905 0.838843 0.712552 0.817979 0.882958 0.932716 0.866699 0.985630 0.624187 0.621948 0.725093 0.880108 0.586062 0.783694 0.561403 0.671666 0.801784 0.837423 0.651844 0.632622 0.966346 0.839371 0.854447 0.779275 0.895249 0.881215 0.869557 0.945120 0.730694 0.797662 0.795782 0.647724 0.528820 0.614967 0.732686 0.686629 0.738556 0.735635 0.834404 0.868524 0.924333 0.777373 0.901037 0.882659 0.928981 0.958865 0.856767 0.801140 0.963146 0.927885 0.759584 0.787706 0.794400 0.923529 0.817867 0.807614 0.765699 0.959040 0.791787 0.914068 0.994590 0.807659 0.882657 0.878723 0.995921 0.912266 0.716987 0.992161
0.538916 0.511682 0.769859 0.666597 0.997308 0.892417 0.757823 0.605544 0.823433 0.820797 0.688687 0.584956 0.782753 0.738400 0.892274 0.811674 0.617316 0.564062 0.563774 0.562063 0.872329 0.906532 0.834986 0.834209 0.793623 0.891425 0.964598 0.951511 0.647217 0.700241 0.709110 0.785702 0.516993 0.000000 0.822925 0.987429 0.803901 0.839477 0.930554 0.853259 0.963188 0.856918 0.647051 0.530050 0.849473 0.736778 0.583607 0.555964 0.958763 0.907286 0.775563 0.892954 0.945763 0.865367 0.911463 0.981460 0.549970 0.536295 0.629487 0.720256 0.619796 0.634356 0.599582 0.606134 0.781402 0.712940 0.603637 0.548200 0.942199 0.685424 0.743189 0.725516 0.764327 0.741576 0.905892 0.945495 0.678026 0.699611 0.726363 0.690576 0.506194 0.580551 0.819037 0.713525 0.757218 0.755956 0.811498 0.993142 0.892563 0.773076 0.841468 0.788531 0.895266 0.890494 0.838256 0.664015 0.759417 0.861835 0.755512 0.759846 0.712986 0.888629 0.659726 0.741282 0.706948 0.897003 0.994230 0.921495 0.818395 0.694196 0.761852 0.808985 0.915016 0.825401 0.715871 0.864836
0.849741 0.896875 0.693071 0.687221 0.980913 0.875055 0.708309 0.794445 0.833032 0.889937 0.993193 0.993989 0.826516 0.973542 0.983609 0.973922 0.991907 0.916483 0.834767 0.941097 0.825330 0.845677 0.825825 0.956372 0.690683 0.874786 0.892838 0.864709 0.955050 0.932779 0.819810 0.962178 0.798854 0.822925 0.000000 0.910260 0.675078 0.935634 0.883700 0.980513 0.966647 0.925286 0.676077 0.755140 0.873294 0.840906 0.775207 0.760511 0.887005 0.702080 0.775301 0.707002 0.857266 0.962382 0.836914 0.728084 0.929983 0.866332 0.776486 0.841376 0.788026 0.830000 0.974352 0.964027 0.680500 0.769590 0.719536 0.724502 0.964386 0.945453 0.874494 0.918699 0.873109 0.941735 0.955490 0.933979 0.781599 0.739724 0.948451 0.981324 0.929974 0.941657 0.978669 0.855367 0.754845 0.867147 0.873642 0.954621 0.858790 0.821505 0.834453 0.872686 0.764403 0.831471 0.872152 0.749617 0.924096 0.911958 0.777621 0.950533 0.925944 0.771280 0.927521 0.870868 0.830178 0.942593 0.899292 0.964584 0.861429 0.958157 0.985917 0.968683 0.859068 0.961068 0.890499 0.993912
0.955612 0.999992 0.939310 0.899248 0.841707 0.931129 0.971817 0.995137 0.940201 0.985757 0.931720 0.963981 0.974662 0.921988 0.897595 0.909222 0.988479 0.998926 0.950446 0.986607 0.917311 0.785414 0.923588 0.878122 0.919362 0.895149 0.874713 0.979264 0.831769 0.943030 0.944259 0.954669 0.999939 0.987429 0.910260 0.000000 0.846487 0.982254 0.884132 0.915752 0.899893 0.995345 0.994150 0.905175 0.916984 0.891495 0.985214 0.971128 0.879270 0.882649 0.984548 0.998401 0.999964 0.996324 0.841469 0.918695 0.893510 0.992855 0.987316 0.993488 0.993365 0.969512 0.958475 0.918343 0.929385 0.982527 0.952050 0.980581 0.965594 0.966442 0.846849 0.995468 0.999909 0.969292 0.938827 0.953535 0.907001 0.845987 0.911416 0.951611 0.983515 0.918627 0.926464 0.860531 0.870757 0.908177 0.948714 0.831915 0.881346 0.802595 0.959016 0.991467 0.940571 0.997745 0.910879 0.933170 0.866292 0.904880 0.956200 0.993021 0.942329 0.895833 0.889124 0.965673 0.953887 0.891088 0.891740 0.941537 0.921991 0.964236 0.951026 0.978967 0.978721 0.907669 0.895871 0.877283
0.892788 0.832385 0.827625 0.786007 0.892694 0.745438 0.859322 0.926376 0.851837 0.877944 0.998337 0.947138 0.818185 0.996856 0.877311 0.837999 0.968887 0.999457 0.778103 0.920840 0.860926 0.894704 0.590853 0.680939 0.739326 0.729942 0.934397 0.936445 0.934167 0.985721 0.687459 0.899017 0.830096 0.803901 0.675078 0.846487 0.000000 0.638798 0.909276 0.981524 0.979880 0.903996 0.729568 0.807594 0.703367 0.672533 0.708138 0.697968 0.713419 0.608731 0.715675 0.782656 0.811452 0.800282 0.746254 0.661576 0.836540 0.845361 0.976691 0.904164 0.885634 0.958258 0.929825 0.994591 0.759244 0.927693 0.808476 0.748880 0.975643 0.946792 0.716481 0.754927 0.958354 0.912086 0.912321 0.889137 0.942611 0.718451 0.896860 0.931533 0.889324 0.833771 0.886104 0.767339 0.752532 0.772590 0.924415 0.806586 0.906277 0.883387 0.894606 0.888914 0.779536 0.950662 0.962010 0.891172 0.884871 0.836396 0.739032 0.807361 0.781790 0.890383 0.856519 0.941705 0.881124 0.856106 0.815897 0.941901 0.971761 0.978954 0.972356 0.850921 0.962463 0.810840 0.798213 0.928103
0.993600 0.843236 0.994360 0.916136 0.912766 0.971976 0.883446 0.973120 0.932397 0.911436 0.863403 0.946779 0.922997 0.920980 0.873759 0.819411 0.950321 0.954330 0.886856 0.962158 0.916706 0.849115 0.769980 0.760559 0.788172 0.903648 0.894866 0.909765 0.912834 0.941932 0.777338 0.749180 0.920309 0.839477 0.935634 0.982254 0.638798 0.000000 0.936219 0.982458 0.905181 0.820959 0.618458 0.690052 0.630352 0.608659 0.674322 0.634545 0.710380 0.673369 0.799931 0.881654 0.842975 0.868207 0.890434 0.834464 0.873174 0.925612 0.919179 0.842887 0.904029 0.974180 0.998369 0.963984 0.852194 0.956772 0.836715 0.834153 0.935510 0.800355 0.783333 0.654345 0.963452 0.849250 0.973044 0.907576 0.968016 0.975272 0.742561 0.949626 0.930733 0.864706 0.834031 0.783432 0.952884 0.825427 0.936358 0.875324 0.784904 0.956819 0.906011 0.972268 0.966633 0.977012 0.963512 0.804423 0.817264 0.777081 0.866359 0.929799 0.774017 0.967317 0.841349 0.799112 0.941528 0.818490 0.866498 0.944256 0.829930 0.896648 0.868218 0.775876 0.961102 0.834904 0.810494 0.875147
