0.000000 0.204305 0.477169 0.643915 0.704469 0.915570 0.477071 0.530529 0.938637 0.781543 0.377824 0.327153 0.323631 0.472054 0.685365 0.732192 0.322383 0.366352 0.278479 0.299295 0.736466 0.972334 0.682204 0.782251 0.817914 0.953808 0.949393 0.991269 0.508531 0.435885 0.890003 0.956041 0.358683 0.337861 0.713993 0.903202 0.507222 0.749495 0.755901 0.777844 0.772902 0.951643 0.811660 0.785380 0.924167 0.826211 0.469156 0.505629 0.712900 0.519665 0.585591 0.526292 0.967291 0.779918 0.392483 0.494004 0.286425 0.217082 0.288953 0.338389 0.264952 0.368315 0.225754 0.217165 0.575674 0.410005 0.354859 0.550133 0.309471 0.283783 0.715470 0.979244 0.551114 0.721330 0.682021 0.780060 0.702127 0.774182 0.510018 0.478348 0.251063 0.272748 0.375781 0.350064 0.280229 0.350979 0.602740 0.647976 0.474589 0.485675 0.630630 0.531095 0.520389 0.488133 0.969043 0.852275 0.376992 0.935372 0.856714 0.903241 0.797320 0.909224 0.740115 0.732908 0.624990 0.512539 0.975449 0.961430 0.829186 0.601688 0.988307 0.716985 0.903794 0.836570 0.669293 0.769581
0.204305 0.000000 0.537582 0.611700 0.761856 0.924418 0.536880 0.485494 0.992220 0.780618 0.426875 0.273306 0.370336 0.461515 0.722644 0.710832 0.301254 0.316043 0.302067 0.263723 0.810980 0.933392 0.667242 0.718367 0.860074 0.851756 0.943559 0.986964 0.477099 0.397525 0.932060 0.947605 0.376657 0.389407 0.759504 0.971625 0.533126 0.678980 0.761898 0.801027 0.777766 0.834612 0.719728 0.731926 0.934182 0.840353 0.421514 0.506931 0.730597 0.548918 0.578102 0.523587 0.989101 0.765494 0.453771 0.520370 0.272650 0.189760 0.327701 0.345159 0.322067 0.368569 0.237388 0.192459 0.637519 0.398824 0.408143 0.542307 0.323248 0.292881 0.645570 0.942921 0.563053 0.724895 0.754153 0.748910 0.639959 0.658501 0.434119 0.435624 0.255737 0.281752 0.411022 0.393323 0.336274 0.373234 0.631272 0.676507 0.524718 0.527615 0.622688 0.569961 0.567142 0.470456 0.989559 0.843966 0.384642 0.896668 0.816825 0.867326 0.802947 0.895264 0.738863 0.727926 0.575083 0.481431 0.972817 0.955935 0.876917 0.587180 0.934463 0.702499 0.876360 0.871687 0.653495 0.779470
0.477169 0.537582 0.000000 0.366499 0.817190 0.850240 0.538950 0.688915 0.790819 0.756825 0.752404 0.682926 0.391289 0.673113 0.571056 0.626606 0.758424 0.838854 0.589638 0.658631 0.679040 0.882023 0.500577 0.532202 0.508335 0.633085 0.799894 0.932211 0.887323 0.890138 0.746133 0.903206 0.594269 0.642713 0.608555 0.873569 0.477174 0.747883 0.642987 0.891606 0.840941 0.808551 0.981040 0.997042 0.941837 0.923903 0.719494 0.603437 0.913398 0.545323 0.643135 0.541282 0.848813 0.958825 0.433101 0.679632 0.781752 0.623779 0.434704 0.447414 0.425826 0.552672 0.568410 0.613221 0.280380 0.486129 0.433364 0.616492 0.528780 0.463094 0.842439 0.999121 0.555322 0.735161 0.773103 0.800028 0.746964 0.967606 0.657591 0.792555 0.710237 0.717141 0.671837 0.651634 0.393709 0.366876 0.642255 0.819241 0.480695 0.527608 0.654366 0.652491 0.581058 0.705093 0.971301 0.972820 0.677879 0.986197 0.843044 0.808829 0.727465 0.808567 0.963246 0.972819 0.697761 0.589027 0.894438 0.914331 0.960678 0.789737 0.961187 0.967124 0.963216 0.880479 0.681768 0.893537
0.643915 0.611700 0.366499 0.000000 0.868883 0.865770 0.564859 0.498773 0.776652 0.896964 0.918691 0.654378 0.471270 0.605507 0.519265 0.472215 0.865960 0.884069 0.696121 0.713146 0.804025 0.998620 0.472653 0.413294 0.551824 0.777233 0.780037 0.971573 0.878553 0.911057 0.705785 0.935837 0.709621 0.690069 0.734360 0.977659 0.564439 0.711652 0.618054 0.869783 0.904400 0.985483 0.865010 0.890224 0.946900 0.830816 0.669274 0.549176 0.918054 0.581993 0.587361 0.555700 0.846246 0.940508 0.598614 0.768756 0.869984 0.710073 0.555356 0.539873 0.534500 0.534063 0.668625 0.648381 0.406092 0.514983 0.561647 0.627544 0.763523 0.608769 0.867785 0.974960 0.770681 0.861756 0.842876 0.824981 0.676157 0.850775 0.692315 0.872327 0.829798 0.889043 0.712888 0.727460 0.543358 0.383970 0.678288 0.919655 0.603957 0.553062 0.800859 0.776549 0.748435 0.782443 0.994107 0.860973 0.705690 0.932580 0.939364 0.937284 0.799845 0.798375 0.997294 0.921082 0.615264 0.546389 0.823949 0.704723 0.928504 0.777139 0.927772 0.905071 0.944005 0.822851 0.723525 0.862140
0.704469 0.761856 0.817190 0.868883 0.000000 0.972417 0.804989 0.844705 0.985069 0.902865 0.748351 0.773687 0.670595 0.800128 0.815409 0.716058 0.797197 0.822879 0.715638 0.818485 0.881946 0.801956 0.782888 0.868711 0.776208 0.885949 0.981511 0.897159 0.806507 0.819242 0.966963 0.964756 0.829985 0.752117 0.850491 0.914648 0.874186 0.940063 0.961811 0.722551 0.914685 0.897664 0.967138 0.969773 0.953490 0.967565 0.821452 0.755040 0.988565 0.910653 0.883985 0.891694 0.910438 0.822246 0.825668 0.931314 0.747385 0.787807 0.736167 0.774119 0.750537 0.807053 0.752518 0.738470 0.809843 0.789465 0.821572 0.874539 0.724312 0.706900 0.972491 0.992041 0.856752 0.945748 0.901665 0.944006 0.963274 0.923494 0.840796 0.835342 0.762293 0.787923 0.825540 0.826674 0.729433 0.732932 0.926315 0.869086 0.825689 0.811449 0.899426 0.920690 0.912493 0.821015 0.878200 0.959951 0.818076 0.907296 0.987801 0.987061 0.900475 0.982363 0.889747 0.815617 0.940931 0.753081 0.927976 0.905724 0.876923 0.958050 0.839804 0.978218 0.915913 0.969888 0.748382 0.972073
0.915570 0.924418 0.850240 0.865770 0.972417 0.000000 0.915081 0.883529 0.975564 0.753810 0.826502 0.839697 0.963017 0.889652 0.976446 0.973905 0.848349 0.823519 0.877854 0.930360 0.862832 0.976312 0.800258 0.770864 0.712613 0.835310 0.777635 0.812058 0.760908 0.788821 0.839792 0.918400 0.974389 0.903813 0.775138 0.804459 0.852081 0.842373 0.904926 0.784994 0.861876 0.863878 0.786621 0.777090 0.807685 0.802257 0.918477 0.928408 0.814270 0.981897 0.936167 0.993356 0.958667 0.970705 0.916780 0.891204 0.828464 0.914623 0.977385 0.993868 0.926876 0.902994 0.881899 0.891815 0.763850 0.987889 0.985338 0.913989 0.955076 0.941512 0.989416 0.900101 0.920741 0.875860 0.836338 0.974928 0.940538 0.855780 0.956107 0.830165 0.873630 0.864403 0.934995 0.996702 0.894306 0.895956 0.916497 0.968857 0.772244 0.987065 0.764726 0.863976 0.947915 0.927090 0.996640 0.807212 0.774669 0.772465 0.705728 0.650138 0.724537 0.893585 0.766139 0.792659 0.924157 0.964732 0.984657 0.948666 0.976397 0.964341 0.876105 0.831163 0.869324 0.995253 0.898868 0.825211
0.477071 0.536880 0.538950 0.564859 0.804989 0.915081 0.000000 0.351032 0.547899 0.722999 0.501489 0.552207 0.323467 0.320251 0.400511 0.480215 0.523812 0.549884 0.332807 0.485650 0.759435 0.970653 0.699832 0.784944 0.933061 0.887995 0.866894 0.918100 0.434323 0.529837 0.686390 0.654130 0.355342 0.293262 0.783278 0.938940 0.710829 0.765978 0.932863 0.888373 0.906865 0.894812 0.492887 0.430806 0.484803 0.400661 0.432747 0.328010 0.520781 0.458876 0.432105 0.484521 0.643357 0.776873 0.620699 0.575506 0.562646 0.578025 0.408573 0.605149 0.317227 0.492372 0.373782 0.445763 0.757028 0.602965 0.312037 0.323370 0.791286 0.634520 0.568649 0.724304 0.622714 0.592552 0.791333 0.635825 0.465315 0.625327 0.528738 0.615859 0.576758 0.670798 0.587757 0.645673 0.591202 0.564388 0.831242 0.853338 0.742189 0.780920 0.839286 0.935136 0.977399 0.918432 0.923848 0.889597 0.517768 0.937315 0.551595 0.572464 0.888435 0.713171 0.607321 0.497345 0.538841 0.600322 0.884455 0.747081 0.901006 0.694533 0.751979 0.525020 0.678189 0.553683 0.649559 0.602691
0.530529 0.485494 0.688915 0.498773 0.844705 0.883529 0.351032 0.000000 0.679189 0.727999 0.526002 0.398714 0.482790 0.330705 0.629068 0.515515 0.595877 0.586052 0.469629 0.530007 0.940069 0.945078 0.893440 0.817213 0.856643 0.810337 0.839083 0.839713 0.461264 0.495785 0.898233 0.757211 0.557138 0.420624 0.990873 0.992707 0.741768 0.704843 0.872579 0.832293 0.973208 0.875079 0.507833 0.520255 0.645616 0.468052 0.393292 0.370373 0.519676 0.516123 0.386886 0.463349 0.741673 0.926976 0.593852 0.597249 0.593348 0.550597 0.451704 0.543595 0.362091 0.305888 0.449103 0.408431 0.872066 0.433508 0.478826 0.416518 0.805436 0.595532 0.809883 0.932898 0.757402 0.746954 0.777012 0.690030 0.563404 0.618820 0.605966 0.647854 0.606496 0.705098 0.589060 0.673615 0.725084 0.544654 0.828445 0.969179 0.788326 0.780134 0.901740 0.948510 0.932830 0.755324 0.898203 0.763276 0.530106 0.877565 0.584029 0.585487 0.785773 0.882422 0.630693 0.563348 0.602752 0.544651 0.866083 0.701684 0.875348 0.702542 0.742265 0.523559 0.654937 0.630322 0.679211 0.614951
0.938637 0.992220 0.790819 0.776652 0.985069 0.975564 0.547899 0.679189 0.000000 0.658762 0.935264 0.984051 0.700618 0.706813 0.715024 0.766243 0.958724 0.962448 0.809915 0.966864 0.892779 0.972050 0.927934 0.927104 0.912827 0.947094 0.878822 0.950145 0.831802 0.947680 0.831148 0.877031 0.797021 0.764064 0.720675 0.892683 0.853038 0.925777 0.923020 0.961360 0.896167 0.960575 0.727417 0.668778 0.600049 0.562961 0.710465 0.704644 0.729723 0.707156 0.628320 0.690213 0.617586 0.626811 0.877432 0.798199 0.985094 0.960419 0.732046 0.950529 0.709378 0.830071 0.869018 0.941102 0.884613 0.852362 0.625115 0.578057 0.908396 0.986023 0.810855 0.838030 0.856493 0.766436 0.907175 0.804308 0.720901 0.798961 0.924145 0.977557 0.910774 0.858646 0.951745 0.994318 0.981904 0.902399 0.932726 0.995355 0.890485 0.936143 0.814038 0.783386 0.986076 0.853019 0.754339 0.989245 0.871031 0.964329 0.752713 0.783873 0.961840 0.814342 0.834906 0.754770 0.837964 0.814405 0.778187 0.845569 0.905862 0.943390 0.857291 0.796610 0.801844 0.769213 0.775866 0.704036
0.781543 0.780618 0.756825 0.896964 0.902865 0.753810 0.722999 0.727999 0.658762 0.000000 0.995594 0.933832 0.892599 0.873240 0.901560 0.855668 0.863973 0.936296 0.971590 0.850258 0.986489 0.985181 0.756893 0.732029 0.531523 0.790445 0.576235 0.835655 0.794574 0.936271 0.883311 0.644260 0.982143 0.839710 0.792208 0.805390 0.852742 0.971119 0.700937 0.867692 0.836940 0.900747 0.500814 0.489939 0.348745 0.399566 0.823905 0.776302 0.522008 0.831261 0.699169 0.849595 0.577758 0.543866 0.800188 0.976147 0.894730 0.781626 0.998780 0.880417 0.970118 0.983396 0.903948 0.925076 0.561266 0.794312 0.917359 0.732775 0.613981 0.795069 0.934369 0.685535 0.975590 0.732148 0.956613 0.818223 0.782339 0.766258 0.956280 0.978782 0.801421 0.683190 0.781655 0.665664 0.560800 0.642134 0.754099 0.703858 0.687673 0.660581 0.403135 0.457491 0.460900 0.528714 0.885917 0.869453 0.998195 0.769744 0.456459 0.388813 0.444975 0.627590 0.556016 0.643360 0.853870 0.942842 0.836431 0.701156 0.945622 0.932208 0.702704 0.703657 0.579931 0.693435 0.972396 0.901775
0.377824 0.426875 0.752404 0.918691 0.748351 0.826502 0.501489 0.526002 0.935264 0.995594 0.000000 0.320105 0.488379 0.490520 0.803175 0.798651 0.395855 0.379020 0.389972 0.360405 0.868542 0.925552 0.967618 0.925789 0.778832 0.686285 0.770116 0.833137 0.454508 0.353798 0.893412 0.915396 0.513804 0.379124 0.996775 0.834135 0.811000 0.820471 0.971446 0.866905 0.838704 0.900267 0.787531 0.788757 0.807817 0.778395 0.630465 0.611120 0.681023 0.738566 0.741724 0.770876 0.891948 0.733557 0.678681 0.600283 0.397182 0.414350 0.527715 0.629084 0.374236 0.438156 0.353622 0.355299 0.912923 0.516774 0.572984 0.551937 0.572520 0.513504 0.809427 0.948589 0.609507 0.616749 0.668089 0.828813 0.775321 0.769898 0.609747 0.499724 0.362482 0.378684 0.579721 0.519774 0.608624 0.627578 0.769028 0.851380 0.758320 0.770770 0.891653 0.744767 0.802623 0.647162 0.862495 0.913095 0.577871 0.963817 0.722674 0.822875 0.923706 0.890012 0.645217 0.674060 0.761879 0.713041 0.826021 0.896851 0.775317 0.709025 0.917301 0.711588 0.876213 0.779509 0.758893 0.729101
0.327153 0.273306 0.682926 0.654378 0.773687 0.839697 0.552207 0.398714 0.984051 0.933832 0.320105 0.000000 0.471881 0.402287 0.788509 0.687960 0.398013 0.342381 0.359821 0.310004 0.867521 0.877729 0.841434 0.810713 0.957551 0.705688 0.975054 0.860108 0.420557 0.313799 0.922932 0.909368 0.506506 0.415075 0.951828 0.950137 0.683169 0.675340 0.915089 0.761713 0.916684 0.822564 0.737798 0.791962 0.913211 0.832285 0.512454 0.595484 0.731565 0.675260 0.656776 0.668736 0.860212 0.675858 0.613352 0.577683 0.327034 0.311559 0.469816 0.499059 0.341296 0.286914 0.324810 0.251096 0.821856 0.372217 0.544164 0.539456 0.482389 0.413364 0.809334 0.984797 0.595850 0.726281 0.724846 0.777779 0.770210 0.649363 0.528401 0.478469 0.331893 0.368270 0.517302 0.496046 0.512314 0.440839 0.700482 0.823484 0.633403 0.645189 0.788336 0.633334 0.715323 0.525446 0.883743 0.737316 0.490837 0.868865 0.788431 0.804282 0.982463 0.988236 0.651440 0.662439 0.640411 0.561220 0.917263 0.923768 0.815864 0.581668 0.826187 0.695873 0.828056 0.814679 0.684473 0.760145
0.323631 0.370336 0.391289 0.471270 0.670595 0.963017 0.323467 0.482790 0.700618 0.892599 0.488379 0.471881 0.000000 0.391563 0.445199 0.472772 0.437838 0.514695 0.321822 0.380918 0.655866 0.977901 0.506065 0.604170 0.755586 0.986771 0.923517 0.931221 0.534052 0.553716 0.724747 0.866382 0.363681 0.362616 0.731815 0.884732 0.572677 0.748884 0.715643 0.778461 0.733978 0.966287 0.727852 0.670378 0.831025 0.687064 0.492456 0.404278 0.755082 0.478489 0.541545 0.509417 0.908889 0.998787 0.525179 0.588814 0.482562 0.424289 0.353026 0.466759 0.276493 0.433355 0.290439 0.354384 0.465214 0.434797 0.359981 0.485271 0.511856 0.422493 0.649413 0.869273 0.549904 0.675050 0.748731 0.731326 0.530357 0.720617 0.551400 0.529521 0.466655 0.500483 0.477660 0.501650 0.323705 0.314439 0.644787 0.697291 0.509883 0.527890 0.802150 0.777694 0.671306 0.695197 0.925114 0.994188 0.520601 0.974737 0.844027 0.886913 0.824595 0.996496 0.810496 0.657763 0.623842 0.521401 0.946542 0.950359 0.980211 0.732196 0.933039 0.714861 0.819107 0.775659 0.645055 0.721358
0.472054 0.461515 0.673113 0.605507 0.800128 0.889652 0.320251 0.330705 0.706813 0.873240 0.490520 0.402287 0.391563 0.000000 0.547148 0.495748 0.480105 0.444485 0.308760 0.378825 0.839257 0.896242 0.680114 0.653138 0.923664 0.815677 0.991503 0.871028 0.381887 0.401300 0.812121 0.643086 0.408579 0.368458 0.832857 0.975632 0.783894 0.656884 0.879206 0.790961 0.996914 0.758106 0.600952 0.570998 0.687955 0.572641 0.440881 0.473139 0.677948 0.618721 0.575443 0.629474 0.910707 0.967790 0.704746 0.646925 0.460828 0.530936 0.537080 0.684669 0.399891 0.445088 0.392303 0.386453 0.823094 0.532445 0.490973 0.469313 0.750323 0.644623 0.670971 0.732830 0.690108 0.731423 0.844575 0.700967 0.610302 0.548812 0.543922 0.570624 0.492331 0.567352 0.534777 0.583728 0.561762 0.470460 0.836853 0.734663 0.750503 0.691913 0.971840 0.916924 0.875930 0.747880 0.922913 0.795789 0.517949 0.907395 0.660968 0.616574 0.977450 0.800317 0.644421 0.593036 0.604151 0.656019 0.970690 0.869045 0.909542 0.660107 0.761140 0.634708 0.732475 0.657038 0.772633 0.651845
0.685365 0.722644 0.571056 0.519265 0.815409 0.976446 0.400511 0.629068 0.715024 0.901560 0.803175 0.788509 0.445199 0.547148 0.000000 0.340534 0.721190 0.706250 0.588197 0.666172 0.657179 0.997722 0.479781 0.558570 0.751145 0.890888 0.828861 0.884798 0.667482 0.753309 0.530256 0.585191 0.500491 0.572166 0.812512 0.941049 0.776053 0.816143 0.829618 0.970966 0.802758 0.814226 0.691802 0.650486 0.797089 0.732138 0.633795 0.569797 0.907561 0.730741 0.779684 0.765795 0.854350 0.929019 0.792040 0.887820 0.757589 0.767459 0.676061 0.835633 0.610333 0.773783 0.586374 0.675944 0.617351 0.755896 0.565837 0.624921 0.891366 0.756995 0.634679 0.690620 0.825630 0.851040 0.987539 0.677218 0.622398 0.693222 0.697389 0.700410 0.753530 0.841696 0.670560 0.716955 0.632849 0.561662 0.777767 0.839092 0.749337 0.712391 0.891447 0.886965 0.963018 0.992958 0.872115 0.943254 0.711911 0.987176 0.755938 0.758148 0.941038 0.805796 0.806309 0.711455 0.657722 0.741302 0.897607 0.754331 0.979852 0.932459 0.998210 0.782260 0.853478 0.697533 0.839666 0.850236
0.732192 0.710832 0.626606 0.472215 0.716058 0.973905 0.480215 0.515515 0.766243 0.855668 0.798651 0.687960 0.472772 0.495748 0.340534 0.000000 0.784583 0.747195 0.620738 0.690750 0.741905 0.827797 0.524873 0.544691 0.755975 0.905352 0.891303 0.948991 0.699316 0.771796 0.581509 0.647111 0.577728 0.598004 0.898011 0.890331 0.824176 0.805403 0.822807 0.815539 0.786538 0.895630 0.619949 0.630045 0.876273 0.726394 0.600216 0.571162 0.910423 0.771347 0.729194 0.735085 0.900306 0.933123 0.854336 0.961139 0.791986 0.794221 0.684384 0.774079 0.623416 0.689641 0.649979 0.669130 0.690451 0.683120 0.633557 0.647612 0.898338 0.693099 0.758904 0.752603 0.804189 0.776126 0.882543 0.625332 0.657917 0.666668 0.740120 0.728376 0.836429 0.934610 0.800193 0.791670 0.751197 0.530255 0.868730 0.985337 0.813281 0.757798 0.888506 0.918823 0.954693 0.946049 0.973742 0.899508 0.771613 0.993012 0.783694 0.748022 0.964892 0.907394 0.755929 0.664683 0.688528 0.607898 0.913601 0.766884 0.989938 0.929828 0.921857 0.737980 0.724245 0.689360 0.765121 0.936171
0.322383 0.301254 0.758424 0.865960 0.797197 0.848349 0.523812 0.595877 0.958724 0.863973 0.395855 0.398013 0.437838 0.480105 0.721190 0.784583 0.000000 0.238369 0.274669 0.274992 0.917665 0.910804 0.784810 0.885253 0.916486 0.692599 0.987984 0.944585 0.359543 0.296126 0.878482 0.761623 0.346743 0.378071 0.924957 0.918133 0.685109 0.806196 0.983728 0.810275 0.767122 0.751906 0.606883 0.607633 0.803396 0.768488 0.504705 0.589895 0.726326 0.697523 0.699678 0.698067 0.971302 0.796332 0.657116 0.618621 0.232653 0.279318 0.503102 0.591958 0.455552 0.556346 0.275338 0.268822 0.848037 0.571079 0.490969 0.572497 0.489343 0.517771 0.552663 0.785360 0.665936 0.758552 0.790129 0.742200 0.654014 0.570990 0.377793 0.374396 0.234334 0.280087 0.420260 0.422741 0.464357 0.554041 0.796012 0.667680 0.703913 0.704493 0.847757 0.810330 0.751025 0.640592 0.964080 0.967126 0.496142 0.907144 0.704571 0.762665 0.915867 0.845269 0.597656 0.571586 0.676524 0.663924 0.972021 0.936787 0.854624 0.654893 0.928790 0.659278 0.848997 0.728818 0.695826 0.775691
0.366352 0.316043 0.838854 0.884069 0.822879 0.823519 0.549884 0.586052 0.962448 0.936296 0.379020 0.342381 0.514695 0.444485 0.706250 0.747195 0.238369 0.000000 0.305516 0.217751 0.847448 0.878448 0.809772 0.855348 0.870229 0.611022 0.980619 0.941505 0.314313 0.247871 0.911448 0.710445 0.374054 0.366174 0.921595 0.966590 0.741287 0.672717 0.977417 0.883918 0.744396 0.691271 0.614997 0.622829 0.795174 0.807682 0.567376 0.647857 0.768708 0.794677 0.812723 0.840695 0.828664 0.673158 0.748693 0.673568 0.222487 0.289502 0.586956 0.687345 0.523178 0.582275 0.318581 0.276541 0.921564 0.619981 0.543919 0.585553 0.507838 0.524895 0.567185 0.713481 0.672613 0.684231 0.853005 0.751615 0.708471 0.491418 0.402327 0.334733 0.241732 0.276671 0.474618 0.472018 0.531486 0.589322 0.803588 0.698017 0.749366 0.753087 0.905226 0.817534 0.851152 0.704400 0.886426 0.815193 0.462031 0.925153 0.668315 0.695739 0.948094 0.855307 0.536509 0.572986 0.572809 0.694287 0.939940 0.929439 0.855578 0.647989 0.855135 0.636862 0.881521 0.746618 0.787247 0.759788
0.278479 0.302067 0.589638 0.696121 0.715638 0.877854 0.332807 0.469629 0.809915 0.971590 0.389972 0.359821 0.321822 0.308760 0.588197 0.620738 0.274669 0.305516 0.000000 0.271742 0.734817 0.912409 0.654011 0.736207 0.988443 0.794896 0.940758 0.978808 0.322953 0.328366 0.767544 0.697822 0.312153 0.262047 0.759276 0.988812 0.674771 0.712356 0.927726 0.761538 0.883801 0.841754 0.610657 0.567067 0.707542 0.651378 0.449380 0.462476 0.674345 0.572932 0.583342 0.583842 0.954979 0.902306 0.555127 0.562032 0.272692 0.329374 0.388656 0.534597 0.321845 0.470877 0.239792 0.262340 0.769416 0.539360 0.353900 0.463972 0.503993 0.486203 0.540602 0.762855 0.593473 0.689275 0.775871 0.724115 0.611188 0.610810 0.427442 0.445650 0.290433 0.353740 0.437055 0.458307 0.418143 0.460578 0.804912 0.695131 0.669397 0.645918 0.898731 0.792996 0.755722 0.630380 0.976136 0.864774 0.435643 0.936460 0.664341 0.670743 0.916824 0.839692 0.610839 0.528951 0.557159 0.596822 0.985815 0.953466 0.872619 0.608492 0.834509 0.585077 0.814510 0.724747 0.670237 0.704356
0.299295 0.263723 0.658631 0.713146 0.818485 0.930360 0.485650 0.530007 0.966864 0.850258 0.360405 0.310004 0.380918 0.378825 0.666172 0.690750 0.274992 0.217751 0.271742 0.000000 0.826949 0.854072 0.698883 0.742375 0.994837 0.738622 0.940568 0.915843 0.380141 0.271671 0.839194 0.787809 0.362210 0.355495 0.818649 0.990575 0.656952 0.583072 0.902110 0.861700 0.798721 0.720076 0.687156 0.689730 0.856429 0.843806 0.556143 0.600569 0.807141 0.705374 0.739506 0.739927 0.861132 0.716611 0.669015 0.650103 0.239535 0.266275 0.492230 0.576781 0.405795 0.489673 0.275735 0.249076 0.746830 0.507439 0.473001 0.556418 0.440038 0.448150 0.533162 0.748604 0.588428 0.666592 0.781833 0.738015 0.630270 0.547423 0.408290 0.360467 0.259462 0.278426 0.446867 0.456513 0.407295 0.461869 0.718505 0.696156 0.647799 0.644106 0.756683 0.721368 0.710605 0.666089 0.912794 0.900492 0.437418 0.984072 0.797492 0.811822 0.861187 0.924195 0.628612 0.646260 0.549883 0.630118 0.949827 0.963412 0.862664 0.658625 0.874503 0.682574 0.915832 0.784584 0.744391 0.732599
0.736466 0.810980 0.679040 0.804025 0.881946 0.862832 0.759435 0.940069 0.892779 0.986489 0.868542 0.867521 0.655866 0.839257 0.657179 0.741905 0.917665 0.847448 0.734817 0.826949 0.000000 0.979128 0.654882 0.779632 0.817116 0.755176 0.853871 0.698260 0.893124 0.927667 0.761133 0.898175 0.765486 0.768247 0.782132 0.737308 0.839539 0.911870 0.836768 0.982025 0.820166 0.882055 0.937212 0.872732 0.863099 0.836254 0.847708 0.836443 0.917105 0.724499 0.832536 0.793809 0.937591 0.900748 0.846552 0.978385 0.848949 0.850187 0.736635 0.825352 0.742045 0.898920 0.774047 0.808377 0.708024 0.935669 0.677721 0.850213 0.820144 0.743798 0.858844 0.804221 0.782345 0.756210 0.917499 0.874380 0.750016 0.857851 0.912205 0.769643 0.884712 0.891627 0.929935 0.965960 0.764375 0.726128 0.943297 0.967130 0.935968 0.760111 0.998532 0.939500 0.915439 0.956999 0.836461 0.972139 0.797953 0.992798 0.905628 0.896865 0.951965 0.958292 0.811221 0.967696 0.861361 0.786995 0.845221 0.947046 0.989088 0.988834 0.968380 0.976499 0.926587 0.917735 0.915525 0.985557
0.972334 0.933392 0.882023 0.998620 0.801956 0.976312 0.970653 0.945078 0.972050 0.985181 0.925552 0.877729 0.977901 0.896242 0.997722 0.827797 0.910804 0.878448 0.912409 0.854072 0.979128 0.000000 0.952505 0.941792 0.972316 0.944017 0.877518 0.964223 0.940915 0.851072 0.829652 0.824433 0.988202 0.938545 0.998195 0.797234 0.980814 0.895092 0.920680 0.754150 0.994110 0.991348 0.842325 0.892941 0.969810 0.924482 0.950665 0.971870 0.884232 0.847893 0.869812 0.904542 0.843608 0.854273 0.867321 0.980791 0.849630 0.910232 0.990392 0.950219 0.988243 0.975079 0.971976 0.935313 0.946798 0.994984 0.952164 0.916212 0.878851 0.883931 0.950581 0.993127 0.959906 0.948383 0.942364 0.998265 0.936234 0.690830 0.977212 0.955805 0.939682 0.947635 0.885846 0.953743 0.936260 0.990420 0.994800 0.839894 0.911222 0.993058 0.988396 0.949602 0.921297 0.926031 0.968225 0.982456 0.962693 0.895598 0.989850 0.938040 0.964847 0.887867 0.846080 0.943209 0.894560 0.815612 0.987524 0.973357 0.758561 0.967854 0.949130 0.980135 0.968414 0.993865 0.974670 0.982835
0.682204 0.667242 0.500577 0.472653 0.782888 0.800258 0.699832 0.893440 0.927934 0.756893 0.967618 0.841434 0.506065 0.680114 0.479781 0.524873 0.784810 0.809772 0.654011 0.698883 0.654882 0.952505 0.000000 0.293958 0.433841 0.749294 0.616548 0.831615 0.850164 0.901879 0.500356 0.810178 0.594568 0.766478 0.634777 0.938975 0.611974 0.777875 0.762873 0.978179 0.866232 0.939274 0.905861 0.866562 0.947315 0.996378 0.719627 0.719051 0.916195 0.703784 0.872869 0.752732 0.964468 0.957194 0.778057 0.983030 0.759626 0.733828 0.714654 0.741460 0.734556 0.901005 0.666609 0.693722 0.483526 0.854475 0.655216 0.847354 0.719989 0.705212 0.645699 0.711016 0.872367 0.945660 0.932716 0.814443 0.749962 0.862669 0.639639 0.758131 0.757784 0.828641 0.723485 0.756679 0.460938 0.461178 0.778054 0.684305 0.627224 0.515341 0.814740 0.874723 0.821268 0.851668 0.848954 0.986074 0.777966 0.932641 0.936841 0.944979 0.599664 0.855067 0.996056 0.932209 0.701334 0.734296 0.948300 0.937438 0.894375 0.897523 0.994891 0.984950 0.985863 0.961432 0.785251 0.959877
0.782251 0.718367 0.532202 0.413294 0.868711 0.770864 0.784944 0.817213 0.927104 0.732029 0.925789 0.810713 0.604170 0.653138 0.558570 0.544691 0.885253 0.855348 0.736207 0.742375 0.779632 0.941792 0.293958 0.000000 0.454293 0.783641 0.559419 0.933481 0.880393 0.901513 0.688014 0.869132 0.759305 0.843586 0.725551 0.871422 0.679336 0.724332 0.718491 0.974481 0.915754 0.943428 0.964102 0.973491 0.813281 0.912071 0.801928 0.806237 0.831024 0.847896 0.956914 0.887013 0.862261 0.887967 0.803388 0.988999 0.843173 0.788792 0.831090 0.846935 0.804552 0.837907 0.785290 0.767612 0.496445 0.761444 0.779887 0.944844 0.779568 0.750569 0.804697 0.846800 0.947587 0.917066 0.950160 0.859129 0.855473 0.871626 0.727953 0.870568 0.826122 0.858218 0.680384 0.719118 0.526520 0.432444 0.716276 0.699675 0.661912 0.579780 0.765341 0.773564 0.792138 0.827415 0.981441 0.888778 0.872895 0.956228 0.859472 0.872305 0.616858 0.801962 0.864885 0.969498 0.737223 0.781522 0.931378 0.951015 0.838477 0.882100 0.971143 0.961411 0.897869 0.984184 0.919627 0.935163
0.817914 0.860074 0.508335 0.551824 0.776208 0.712613 0.933061 0.856643 0.912827 0.531523 0.778832 0.957551 0.755586 0.923664 0.751145 0.755975 0.916486 0.870229 0.988443 0.994837 0.817116 0.972316 0.433841 0.454293 0.000000 0.483243 0.576856 0.775820 0.719325 0.746500 0.713379 0.797684 0.949911 0.924866 0.585171 0.983683 0.627630 0.936783 0.558779 0.916477 0.801653 0.879929 0.683447 0.695016 0.573727 0.657064 0.943365 0.949988 0.675743 0.942598 0.921393 0.930103 0.901503 0.886314 0.724977 0.986423 0.949838 0.907787 0.852974 0.760023 0.924855 0.985101 0.974751 0.978439 0.347342 0.853340 0.903747 0.873779 0.724846 0.665187 0.971637 0.920567 0.899798 0.929053 0.964369 0.977759 0.938164 0.823571 0.962307 0.987941 0.985288 0.964411 0.853851 0.782164 0.556307 0.557028 0.681356 0.794880 0.580405 0.555237 0.580936 0.665473 0.671830 0.802494 0.998696 0.952729 0.966276 0.900885 0.560387 0.559648 0.486335 0.620508 0.654247 0.727422 0.940521 0.859817 0.959363 0.998617 0.948052 0.978984 0.639430 0.737074 0.749447 0.800532 0.970148 0.893238
0.953808 0.851756 0.633085 0.777233 0.885949 0.835310 0.887995 0.810337 0.947094 0.790445 0.686285 0.705688 0.986771 0.815677 0.890888 0.905352 0.692599 0.611022 0.794896 0.738622 0.755176 0.944017 0.749294 0.783641 0.483243 0.000000 0.808707 0.729736 0.617584 0.589392 0.730226 0.905165 0.884369 0.763663 0.698241 0.943180 0.755689 0.890759 0.726896 0.908358 0.948641 0.622365 0.716673 0.759812 0.735031 0.793043 0.870491 0.916571 0.764469 0.972451 0.984026 0.918233 0.844707 0.805713 0.802407 0.920799 0.729406 0.804475 0.941796 0.884059 0.945274 0.856184 0.813689 0.768679 0.536577 0.988089 0.938488 0.824676 0.929674 0.933541 0.850429 0.900604 0.913724 0.925884 0.958372 0.917745 0.891629 0.784116 0.842928 0.821006 0.730101 0.759131 0.903893 0.935851 0.897291 0.837572 0.972866 0.969243 0.857483 0.872522 0.761301 0.877726 0.744248 0.997075 0.912118 0.849648 0.922477 0.849287 0.600181 0.620685 0.721366 0.778986 0.688869 0.578107 0.831683 0.980528 0.925943 0.865961 0.923873 0.863053 0.697034 0.720777 0.810046 0.880959 0.918873 0.742860
0.949393 0.943559 0.799894 0.780037 0.981511 0.777635 0.866894 0.839083 0.878822 0.576235 0.770116 0.975054 0.923517 0.991503 0.828861 0.891303 0.987984 0.980619 0.940758 0.940568 0.853871 0.877518 0.616548 0.559419 0.576856 0.808707 0.000000 0.861599 0.931774 0.957094 0.811492 0.998893 0.983097 0.876131 0.858191 0.886341 0.921752 0.879852 0.903829 0.894718 0.979745 0.957264 0.766759 0.712400 0.606260 0.632847 0.880384 0.803945 0.587745 0.845660 0.791589 0.834353 0.716854 0.771074 0.970296 0.822561 0.993763 0.997712 0.889808 0.964320 0.885159 0.925196 0.970480 0.990720 0.662599 0.890499 0.965869 0.829952 0.845915 0.976232 0.928402 0.980008 0.964713 0.791865 0.990413 0.929578 0.868042 0.984521 0.964750 0.991813 0.970320 0.952042 0.824414 0.952966 0.742116 0.730054 0.849477 0.818625 0.807100 0.821134 0.745353 0.768235 0.790248 0.816435 0.945737 0.977372 0.905565 0.981254 0.713084 0.726544 0.642720 0.792198 0.793929 0.822107 0.921372 0.931046 0.934839 0.937813 0.949790 0.914594 0.792067 0.798234 0.779767 0.918375 0.876022 0.773458
0.991269 0.986964 0.932211 0.971573 0.897159 0.812058 0.918100 0.839713 0.950145 0.835655 0.833137 0.860108 0.931221 0.871028 0.884798 0.948991 0.944585 0.941505 0.978808 0.915843 0.698260 0.964223 0.831615 0.933481 0.775820 0.729736 0.861599 0.000000 0.961128 0.856829 0.907439 0.958881 0.989744 0.890609 0.979894 0.860314 0.979186 0.686339 0.979473 0.810226 0.832236 0.955702 0.946101 0.986406 0.885539 0.973696 0.954824 0.899233 0.948119 0.967093 0.964447 0.925528 0.934288 0.898396 0.974074 0.983501 0.970756 0.984257 0.905750 0.893073 0.947698 0.902255 0.989574 0.950659 0.837835 0.933918 0.971498 0.833189 0.989851 0.861801 0.887610 0.914636 0.914353 0.878065 0.870704 0.960118 0.825931 0.937593 0.940029 0.947089 0.963844 0.964119 0.918307 0.954264 0.975795 0.953394 0.972482 0.987473 0.907695 0.893989 0.965110 0.900393 0.882393 0.961296 0.860414 0.786598 0.939499 0.924498 0.920949 0.887411 0.833080 0.859312 0.889763 0.875319 0.777132 0.991625 0.906232 0.917511 0.974909 0.966415 0.852883 0.797906 0.951071 0.978063 0.986724 0.718268
0.508531 0.477099 0.887323 0.878553 0.806507 0.760908 0.434323 0.461264 0.831802 0.794574 0.454508 0.420557 0.534052 0.381887 0.667482 0.699316 0.359543 0.314313 0.322953 0.380141 0.893124 0.940915 0.850164 0.880393 0.719325 0.617584 0.931774 0.961128 0.000000 0.257354 0.859350 0.575055 0.418073 0.351870 0.976867 0.988430 0.819562 0.773972 0.860356 0.844280 0.915903 0.778233 0.439232 0.439476 0.576400 0.574131 0.500365 0.540031 0.602738 0.686408 0.645789 0.730669 0.954167 0.926543 0.793385 0.650729 0.342924 0.465776 0.584187 0.727292 0.513260 0.561794 0.365624 0.362014 0.924068 0.673646 0.535453 0.514507 0.691708 0.677746 0.546030 0.692992 0.759301 0.778816 0.904227 0.703741 0.601240 0.501275 0.456211 0.445147 0.386228 0.479545 0.543668 0.673669 0.708807 0.679667 0.905037 0.824943 0.847793 0.885721 0.832950 0.917536 0.972756 0.838769 0.976567 0.825196 0.524996 0.922905 0.529552 0.497962 0.824640 0.720100 0.506041 0.400482 0.623259 0.729808 0.956128 0.942956 0.959334 0.640005 0.731589 0.548370 0.710605 0.674108 0.777630 0.741989
0.435885 0.397525 0.890138 0.911057 0.819242 0.788821 0.529837 0.495785 0.947680 0.936271 0.353798 0.313799 0.553716 0.401300 0.753309 0.771796 0.296126 0.247871 0.328366 0.271671 0.927667 0.851072 0.901879 0.901513 0.746500 0.589392 0.957094 0.856829 0.257354 0.000000 0.922178 0.672407 0.439290 0.411803 0.943079 0.993970 0.797798 0.665138 0.863156 0.867920 0.936956 0.712496 0.600694 0.617898 0.758756 0.771506 0.588950 0.675667 0.740305 0.810119 0.784774 0.847134 0.885393 0.703335 0.797152 0.720503 0.250518 0.365027 0.631815 0.736327 0.504397 0.509920 0.366921 0.310382 0.941827 0.578566 0.605862 0.602630 0.589777 0.615305 0.609493 0.760841 0.687297 0.767943 0.786475 0.702590 0.723243 0.516744 0.453166 0.400500 0.291201 0.336441 0.491847 0.554200 0.631305 0.633574 0.824695 0.770661 0.814072 0.827281 0.994960 0.891605 0.899496 0.745525 0.916552 0.840363 0.528114 0.890206 0.664664 0.635010 0.908799 0.781163 0.510659 0.484937 0.630426 0.686039 0.909511 0.961406 0.862767 0.645691 0.779218 0.634470 0.856863 0.721443 0.789449 0.719249
0.890003 0.932060 0.746133 0.705785 0.966963 0.839792 0.686390 0.898233 0.831148 0.883311 0.893412 0.922932 0.724747 0.812121 0.530256 0.581509 0.878482 0.911448 0.767544 0.839194 0.761133 0.829652 0.500356 0.688014 0.713379 0.730226 0.811492 0.907439 0.859350 0.922178 0.000000 0.532127 0.684119 0.793645 0.819224 0.801001 0.682843 0.815317 0.944216 0.985681 0.930487 0.958448 0.661099 0.637119 0.800592 0.805091 0.862181 0.780978 0.972472 0.783938 0.824954 0.806314 0.702608 0.693020 0.915411 0.922131 0.892258 0.939363 0.846258 0.893443 0.900848 0.910565 0.867484 0.885690 0.777040 0.945817 0.723150 0.836859 0.979992 0.933710 0.578169 0.558523 0.846925 0.805602 0.917381 0.735297 0.596936 0.729611 0.712386 0.782095 0.938359 0.939929 0.909870 0.967906 0.855971 0.830441 0.965581 0.924262 0.948444 0.931126 0.944603 0.791794 0.919049 0.847086 0.874334 0.873085 0.934261 0.922279 0.894022 0.838845 0.864059 0.843293 0.772631 0.748855 0.651764 0.825010 0.888333 0.816968 0.920361 0.944252 0.947150 0.829630 0.908583 0.796503 0.937850 0.901745
0.956041 0.947605 0.903206 0.935837 0.964756 0.918400 0.654130 0.757211 0.877031 0.644260 0.915396 0.909368 0.866382 0.643086 0.585191 0.647111 0.761623 0.710445 0.697822 0.787809 0.898175 0.824433 0.810178 0.869132 0.797684 0.905165 0.998893 0.958881 0.575055 0.672407 0.532127 0.000000 0.632782 0.649331 0.926696 0.710398 0.945495 0.921051 0.821247 0.997554 0.992499 0.809105 0.501009 0.463664 0.622867 0.648413 0.751614 0.807917 0.834236 0.909286 0.876039 0.959119 0.834490 0.843394 0.995076 0.938850 0.752941 0.923984 0.980126 0.891111 0.955291 0.914219 0.810326 0.828272 0.797203 0.867786 0.838004 0.772242 0.886661 0.887827 0.660463 0.539176 0.975467 0.916548 0.962183 0.714176 0.700855 0.570707 0.734964 0.776231 0.805230 0.961756 0.844422 0.928279 0.959856 0.999246 0.783094 0.946118 0.845219 0.962235 0.628495 0.673395 0.648649 0.867320 0.950674 0.880530 0.911132 0.970383 0.550056 0.463228 0.795026 0.684271 0.557608 0.610857 0.740840 0.812854 0.927347 0.834598 0.922817 0.796366 0.777616 0.635804 0.809734 0.702143 0.975978 0.934563
0.358683 0.376657 0.594269 0.709621 0.829985 0.974389 0.355342 0.557138 0.797021 0.982143 0.513804 0.506506 0.363681 0.408579 0.500491 0.577728 0.346743 0.374054 0.312153 0.362210 0.765486 0.988202 0.594568 0.759305 0.949911 0.884369 0.983097 0.989744 0.418073 0.439290 0.684119 0.632782 0.000000 0.292940 0.722536 0.939354 0.593780 0.804823 0.868606 0.863328 0.692605 0.856604 0.546961 0.486226 0.682012 0.631441 0.430633 0.504732 0.664986 0.558625 0.601634 0.584693 0.809820 0.998583 0.600885 0.590732 0.345139 0.387278 0.439241 0.570555 0.409697 0.580956 0.270994 0.329623 0.734523 0.637529 0.360391 0.457362 0.570570 0.539805 0.478144 0.700292 0.629270 0.678604 0.774039 0.613836 0.508106 0.602098 0.369145 0.476335 0.354385 0.438780 0.479412 0.492800 0.438621 0.484185 0.828260 0.696276 0.631166 0.702636 0.963910 0.894253 0.862781 0.748970 0.986836 0.976041 0.463838 0.940855 0.647067 0.689710 0.942548 0.833379 0.618509 0.590045 0.588162 0.594481 0.997928 0.968688 0.991934 0.614283 0.832327 0.595008 0.787112 0.631413 0.682806 0.735328
0.337861 0.389407 0.642713 0.690069 0.752117 0.903813 0.293262 0.420624 0.764064 0.839710 0.379124 0.415075 0.362616 0.368458 0.572166 0.598004 0.378071 0.366174 0.262047 0.355495 0.768247 0.938545 0.766478 0.843586 0.924866 0.763663 0.876131 0.890609 0.351870 0.411803 0.793645 0.649331 0.292940 0.000000 0.832268 0.996006 0.657008 0.764226 0.938719 0.816883 0.788635 0.876333 0.505416 0.479968 0.558143 0.475718 0.421385 0.391375 0.478605 0.485375 0.488276 0.544011 0.825454 0.995047 0.566912 0.501760 0.347053 0.376812 0.372058 0.531151 0.309112 0.456647 0.279781 0.299501 0.821703 0.608964 0.332910 0.394267 0.606051 0.490124 0.622821 0.762718 0.663853 0.639137 0.735701 0.712143 0.524972 0.614546 0.448095 0.488969 0.346161 0.452777 0.464512 0.509856 0.518533 0.528879 0.852033 0.792557 0.693268 0.692035 0.973261 0.864872 0.931427 0.753194 0.960499 0.764850 0.460026 0.876789 0.534594 0.577658 0.878425 0.804222 0.534933 0.517296 0.558707 0.563264 0.987763 0.904261 0.967517 0.620215 0.780433 0.475673 0.726062 0.596730 0.680431 0.690544
0.713993 0.759504 0.608555 0.734360 0.850491 0.775138 0.783278 0.990873 0.720675 0.792208 0.996775 0.951828 0.731815 0.832857 0.812512 0.898011 0.924957 0.921595 0.759276 0.818649 0.782132 0.998195 0.634777 0.725551 0.585171 0.698241 0.858191 0.979894 0.976867 0.943079 0.819224 0.926696 0.722536 0.832268 0.000000 0.948053 0.696664 0.809501 0.646699 0.875238 0.889203 0.987701 0.898347 0.991098 0.986123 0.944866 0.888843 0.839872 0.894684 0.879325 0.932467 0.842145 0.946070 0.971272 0.712797 0.734586 0.892806 0.842807 0.737152 0.808670 0.794396 0.968900 0.818401 0.874724 0.533591 0.882138 0.602021 0.725454 0.761137 0.806668 0.763409 0.838149 0.796162 0.801842 0.929613 0.996382 0.890592 0.954715 0.816839 0.885886 0.888633 0.878234 0.850085 0.773896 0.636114 0.704700 0.959151 0.765562 0.708585 0.777765 0.743322 0.760624 0.773651 0.849051 0.847228 0.944115 0.789182 0.931301 0.848824 0.865222 0.553619 0.927734 0.926269 0.926550 0.775267 0.781192 0.980015 0.961460 0.999364 0.976404 0.817000 0.903196 0.837520 0.886961 0.882132 0.828601
0.903202 0.971625 0.873569 0.977659 0.914648 0.804459 0.938940 0.992707 0.892683 0.805390 0.834135 0.950137 0.884732 0.975632 0.941049 0.890331 0.918133 0.966590 0.988812 0.990575 0.737308 0.797234 0.938975 0.871422 0.983683 0.943180 0.886341 0.860314 0.988430 0.993970 0.801001 0.710398 0.939354 0.996006 0.948053 0.000000 0.919206 0.906938 0.983109 0.957362 0.952839 0.822479 0.840371 0.867416 0.915436 0.958728 0.982659 0.940447 0.994763 0.916022 0.946721 0.915823 0.971130 0.947736 0.919015 0.831639 0.967662 0.937789 0.903305 0.933595 0.853142 0.813741 0.871159 0.924103 0.895207 0.789948 0.981396 0.966033 0.816193 0.974100 0.881173 0.763978 0.968259 0.929000 0.752576 0.860281 0.850963 0.744306 0.949729 0.946479 0.916733 0.865464 0.892363 0.835597 0.831218 0.858028 0.875950 0.892337 0.775503 0.956906 0.826489 0.866524 0.801008 0.897476 0.930936 0.925703 0.978370 0.959454 0.844411 0.729810 0.966775 0.889318 0.847268 0.985855 0.872899 0.825611 0.986881 0.875974 0.927375 0.967007 0.974889 0.995004 0.949663 0.907252 0.821550 0.811560
0.507222 0.533126 0.477174 0.564439 0.874186 0.852081 0.710829 0.741768 0.853038 0.852742 0.811000 0.683169 0.572677 0.783894 0.776053 0.824176 0.685109 0.741287 0.674771 0.656952 0.839539 0.980814 0.611974 0.679336 0.627630 0.755689 0.921752 0.979186 0.819562 0.797798 0.682843 0.945495 0.593780 0.657008 0.696664 0.919206 0.000000 0.810171 0.823192 0.955881 0.703875 0.760381 0.879620 0.852345 0.995681 0.909182 0.699659 0.628927 0.867656 0.569376 0.686110 0.605089 0.833076 0.941512 0.514811 0.698303 0.652926 0.537159 0.542809 0.518595 0.575066 0.679875 0.584236 0.559627 0.536582 0.658059 0.554196 0.756576 0.536225 0.504214 0.787952 0.867047 0.644207 0.748309 0.712776 0.763093 0.765050 0.826926 0.631509 0.733815 0.631052 0.667768 0.601915 0.689215 0.507403 0.517973 0.741261 0.736806 0.579087 0.682131 0.599573 0.705563 0.629333 0.804862 0.968296 0.960954 0.690309 0.941052 0.895789 0.905509 0.650347 0.829597 0.898324 0.899206 0.713604 0.664856 0.976947 0.919223 0.941856 0.627958 0.975221 0.947190 0.957766 0.887619 0.690233 0.882607
0.749495 0.678980 0.747883 0.711652 0.940063 0.842373 0.765978 0.704843 0.925777 0.971119 0.820471 0.675340 0.748884 0.656884 0.816143 0.805403 0.806196 0.672717 0.712356 0.583072 0.911870 0.895092 0.777875 0.724332 0.936783 0.890759 0.879852 0.686339 0.773972 0.665138 0.815317 0.921051 0.804823 0.764226 0.809501 0.906938 0.810171 0.000000 0.853528 0.998929 0.941990 0.760379 0.891026 0.886672 0.920010 0.949111 0.891396 0.895272 0.948876 0.913757 0.878628 0.889252 0.839778 0.848638 0.889436 0.942460 0.719637 0.701759 0.872597 0.876550 0.783042 0.767511 0.800377 0.685638 0.830137 0.773700 0.766122 0.764276 0.790681 0.796393 0.758221 0.599315 0.798395 0.791936 0.996150 0.817353 0.855415 0.705601 0.706657 0.648723 0.751352 0.774548 0.860444 0.880278 0.782623 0.764020 0.957888 0.941252 0.818095 0.909720 0.899856 0.921829 0.953157 0.958487 0.806079 0.812567 0.768713 0.923443 0.952104 0.873863 0.932558 0.857191 0.775227 0.885625 0.623528 0.736675 0.776448 0.977447 0.988313 0.962175 0.894541 0.960261 0.979889 0.984353 0.770809 0.836878
