0.000000 0.383137 0.765083 0.940230 0.922761 0.897541 0.753454 0.966591 0.742684 0.933321 0.625310 0.501109 0.926153 0.810171 0.822851 0.959882 0.626121 0.612655 0.643117 0.459936 0.944495 0.912329 0.729684 0.958350 0.938939 0.836540 0.996006 0.988673 0.677053 0.888644 0.705070 0.697977 0.983234 0.851348 0.908262 0.848095 0.958073 0.816702 0.942552 0.922944 0.700929 0.754541 0.861415 0.934696 0.830669 0.889671 0.780892 0.841696 0.455068 0.496860 0.511109 0.592642 0.695028 0.964973 0.629915 0.508345 0.483135 0.407997 0.347310 0.357583 0.814529 0.591568 0.749933 0.605960 0.894899 0.988706 0.868432 0.886219 0.442806 0.497679 0.885370 0.908599 0.670368 0.720857 0.982966 0.770610 0.742305 0.945872 0.876545 0.805930 0.538752 0.540354 0.805756 0.740215 0.811431 0.884756 0.766473 0.999169 0.947058 0.619240 0.620536 0.565644 0.621943 0.616840 0.980527 0.878116 0.744368 0.929724 0.998123 0.917337 0.946053 0.824999 0.793512 0.669881 0.903898 0.987092 0.940079 0.954836 0.999156 0.834288 0.961076 0.931174 0.825178 0.985688 0.970964 0.946880
0.383137 0.000000 0.809109 0.774982 0.928478 0.826566 0.787435 0.802658 0.686034 0.911722 0.740447 0.448820 0.899899 0.727487 0.952351 0.794410 0.562468 0.527032 0.634868 0.448103 0.944499 0.953146 0.842883 0.908354 0.979695 0.894248 0.944400 0.985259 0.645142 0.784859 0.907357 0.848088 0.791688 0.680290 0.950225 0.827131 0.926025 0.758140 0.913404 0.975713 0.764333 0.775870 0.987089 0.777420 0.998241 0.727541 0.631229 0.627283 0.499983 0.506721 0.483748 0.557635 0.671215 0.923175 0.583556 0.566681 0.385331 0.301903 0.392123 0.434676 0.754900 0.530396 0.628341 0.455040 0.979365 0.917098 0.938369 0.974818 0.575636 0.435858 0.839257 0.832853 0.733448 0.765789 0.879607 0.765064 0.646690 0.812146 0.683345 0.681613 0.384522 0.459818 0.719190 0.616615 0.813027 0.839794 0.774135 0.947570 0.973783 0.645469 0.678124 0.600752 0.662053 0.636952 0.866768 0.787087 0.663719 0.832394 0.848435 0.842544 0.885983 0.918355 0.712326 0.669630 0.818159 0.888058 0.995343 0.997508 0.992939 0.780539 0.862275 0.989553 0.769987 0.849237 0.902343 0.909369
0.765083 0.809109 0.000000 0.571299 0.703200 0.879603 0.461390 0.930910 0.590173 0.984657 0.909804 0.703015 0.659095 0.936395 0.706702 0.995631 0.902029 0.830287 0.791891 0.815650 0.790364 0.917034 0.526677 0.695941 0.531765 0.458889 0.805904 0.916447 0.809216 0.829717 0.552936 0.712983 0.673191 0.808625 0.635168 0.725635 0.684944 0.929665 0.981376 0.965294 0.840403 0.941306 0.678836 0.793840 0.730057 0.885929 0.733060 0.785817 0.862067 0.848005 0.892645 0.901201 0.981619 0.826304 0.915610 0.821668 0.814507 0.745793 0.833845 0.685359 0.789315 0.786460 0.898601 0.684262 0.411207 0.650950 0.533472 0.580893 0.772402 0.676791 0.862069 0.998921 0.884310 0.886964 0.986353 0.980999 0.873313 0.942088 0.991693 0.994469 0.930208 0.957692 0.891601 0.888553 0.633756 0.609061 0.957433 0.735398 0.844794 0.960613 0.697939 0.736742 0.666740 0.701412 0.914966 0.939525 0.861141 0.998928 0.977227 0.962607 0.883007 0.794405 0.883309 0.873189 0.810168 0.958600 0.836619 0.811329 0.993410 0.833940 0.999919 0.955602 0.789254 0.903914 0.729364 0.911658
0.940230 0.774982 0.571299 0.000000 0.778289 0.677563 0.593840 0.579027 0.809574 0.908004 0.995243 0.804835 0.547777 0.673709 0.635001 0.683435 0.927738 0.946556 0.753250 0.876438 0.895506 0.989395 0.531352 0.529221 0.864223 0.721921 0.889833 0.876999 0.983558 0.966402 0.764428 0.858591 0.617712 0.730589 0.738607 0.913688 0.877818 0.939082 0.997093 0.943808 0.904862 0.976865 0.909032 0.838419 0.796591 0.783807 0.694676 0.654562 0.907291 0.830841 0.704979 0.692042 0.708782 0.651644 0.880736 0.914187 0.926808 0.858215 0.873724 0.911125 0.524459 0.723381 0.800879 0.813260 0.482553 0.438217 0.715818 0.568506 0.866076 0.911363 0.986455 0.889503 0.824234 0.766143 0.857460 0.907044 0.942167 0.811920 0.789331 0.835720 0.687048 0.684367 0.628084 0.738844 0.475602 0.467652 0.939334 0.654371 0.807556 0.726024 0.731944 0.931153 0.885266 0.952222 0.973554 0.851136 0.910339 0.994856 0.752822 0.727952 0.786495 0.703986 0.970822 0.937929 0.669624 0.847228 0.876723 0.986053 0.979624 0.980591 0.878710 0.938430 0.936662 0.931702 0.744850 0.913654
0.922761 0.928478 0.703200 0.778289 0.000000 0.856144 0.558367 0.706888 0.649774 0.954502 0.821935 0.933861 0.639812 0.900196 0.851326 0.920460 0.996481 0.942493 0.865570 0.947616 0.813180 0.826937 0.763780 0.873814 0.941386 0.891692 0.975980 0.975380 0.995363 0.927661 0.948371 0.942758 0.833745 0.742499 0.834523 0.851880 0.966478 0.887694 0.960420 0.925838 0.880632 0.972718 0.911913 0.923946 0.801576 0.988284 0.933881 0.999710 0.818152 0.745201 0.899202 0.878203 0.870160 0.934251 0.833455 0.843839 0.928183 0.834635 0.912116 0.908646 0.631847 0.862535 0.804779 0.977148 0.738747 0.616732 0.657048 0.656336 0.871644 0.821491 0.968650 0.940684 0.981371 0.990344 0.984189 0.921533 0.968327 0.903126 0.950809 0.982967 0.955977 0.969469 0.834730 0.734200 0.703043 0.632205 0.937951 0.771415 0.888003 0.990414 0.711842 0.850407 0.810933 0.835504 0.982237 0.997747 0.946403 0.901524 0.854115 0.822031 0.747266 0.755783 0.997481 0.950254 0.749755 0.936689 0.978904 0.962014 0.963755 0.904664 0.856611 0.984988 0.983161 0.965868 0.869902 0.916186
0.897541 0.826566 0.879603 0.677563 0.856144 0.000000 0.768396 0.595402 0.890810 0.743086 0.886864 0.797083 0.766949 0.804797 0.861880 0.660960 0.988004 0.911777 0.888921 0.889685 0.934392 0.898644 0.785062 0.865707 0.946189 0.932915 0.956310 0.838212 0.890344 0.937706 0.849805 0.975487 0.775757 0.767894 0.834895 0.848142 0.889729 0.944478 0.892307 0.939474 0.915688 0.920320 0.960433 0.855030 0.797076 0.782666 0.978519 0.745888 0.883955 0.989143 0.883009 0.866701 0.930817 0.894541 0.964212 0.948289 0.905691 0.930720 0.933560 0.907174 0.700502 0.703943 0.780812 0.783675 0.808310 0.706085 0.740142 0.718814 0.867549 0.984198 0.880339 0.834381 0.935713 0.780572 0.823438 0.825454 0.818459 0.711183 0.955774 0.951434 0.873025 0.891253 0.837056 0.932224 0.803782 0.780830 0.960184 0.822362 0.976227 0.911545 0.786361 0.957155 0.801888 0.935708 0.750482 0.889072 0.768253 0.877471 0.642856 0.757824 0.703756 0.872761 0.804560 0.954937 0.742684 0.946831 0.941490 0.831265 0.841529 0.951481 0.928094 0.922690 0.973567 0.912481 0.882379 0.903412
0.753454 0.787435 0.461390 0.593840 0.558367 0.768396 0.000000 0.571122 0.439981 0.720610 0.869929 0.938791 0.537814 0.920649 0.628901 0.839979 0.997343 0.937805 0.860192 0.860239 0.970711 0.932591 0.594402 0.855947 0.921188 0.772564 0.988587 0.888956 0.968614 0.963184 0.691543 0.752039 0.641034 0.690251 0.713961 0.764091 0.906245 0.945286 0.912085 0.907892 0.642454 0.830650 0.660948 0.685968 0.486600 0.704640 0.886584 0.782540 0.827586 0.696316 0.812152 0.788339 0.852636 0.979124 0.689612 0.724487 0.845793 0.697859 0.847833 0.688840 0.530038 0.952818 0.868103 0.897370 0.524574 0.519113 0.413733 0.450306 0.655629 0.633434 0.990302 0.970913 0.888870 0.865321 0.876202 0.978365 0.950870 0.938189 0.939750 0.920296 0.946361 0.953593 0.903475 0.965571 0.664307 0.654030 0.853876 0.697688 0.889584 0.876752 0.554416 0.617327 0.603710 0.547850 0.996441 0.891007 0.928457 0.943060 0.719960 0.677716 0.773931 0.585717 0.900975 0.998403 0.757488 0.983417 0.868392 0.955967 0.916320 0.894222 0.829895 0.766033 0.974145 0.968814 0.770355 0.960112
0.966591 0.802658 0.930910 0.579027 0.706888 0.595402 0.571122 0.000000 0.770787 0.521606 0.783932 0.592660 0.552030 0.632896 0.722923 0.595125 0.838956 0.800765 0.916685 0.807377 0.756237 0.864765 0.791535 0.880652 0.665857 0.796047 0.884495 0.930529 0.725730 0.723141 0.955772 0.934103 0.688897 0.632549 0.930886 0.982548 0.969438 0.931776 0.857154 0.849124 0.768754 0.991366 0.888247 0.765846 0.562657 0.587755 0.867123 0.679969 0.873895 0.967020 0.786304 0.816496 0.868846 0.856588 0.964730 0.992530 0.866592 0.870785 0.871436 0.905716 0.389642 0.442636 0.532972 0.550105 0.788662 0.537591 0.668964 0.568534 0.744377 0.954459 0.982170 0.823562 0.820768 0.776807 0.772901 0.913567 0.807303 0.849172 0.741190 0.969222 0.718295 0.881871 0.782493 0.884411 0.739809 0.760691 0.859641 0.761697 0.996534 0.980741 0.624276 0.813024 0.780633 0.780960 0.827551 0.833915 0.751810 0.819486 0.482839 0.518744 0.636111 0.661514 0.822874 0.828144 0.646197 0.835807 0.970524 0.829709 0.944524 0.863958 0.722947 0.681931 0.714034 0.899407 0.747216 0.840457
0.742684 0.686034 0.590173 0.809574 0.649774 0.890810 0.439981 0.770787 0.000000 0.847597 0.975174 0.764968 0.782457 0.871233 0.802943 0.938011 0.750590 0.724461 0.919685 0.700370 0.913225 0.977528 0.747630 0.975989 0.928710 0.784283 0.971899 0.881770 0.836258 0.817737 0.843073 0.969754 0.898130 0.968894 0.718840 0.868303 0.898163 0.969296 0.950365 0.954831 0.777952 0.797335 0.809874 0.932590 0.667351 0.864698 0.932000 0.993408 0.897904 0.790356 0.820506 0.885384 0.955080 0.898517 0.716070 0.892767 0.728551 0.638169 0.804031 0.760430 0.773667 0.943618 0.859389 0.700196 0.635128 0.696908 0.582873 0.664297 0.728569 0.537603 0.916474 0.764323 0.810185 0.860515 0.985290 0.957433 0.906111 0.936324 0.756251 0.709370 0.739768 0.796947 0.938899 0.947921 0.773194 0.805722 0.894432 0.840844 0.831698 0.934128 0.543769 0.510708 0.544240 0.536044 0.986847 0.913906 0.893728 0.958245 0.821295 0.833503 0.870303 0.747154 0.736890 0.997501 0.858890 0.919650 0.892349 0.999783 0.940203 0.680037 0.922432 0.978277 0.987669 0.906996 0.894626 0.922598
0.933321 0.911722 0.984657 0.908004 0.954502 0.743086 0.720610 0.521606 0.847597 0.000000 0.762577 0.819242 0.889117 0.943102 0.945409 0.871434 0.760952 0.814577 0.998438 0.849164 0.693310 0.996228 0.911019 0.805048 0.817797 0.782067 0.779840 0.850100 0.645380 0.604697 0.799023 0.842123 0.717108 0.707029 0.998911 0.988046 0.943821 0.822330 0.959786 0.967839 0.812481 0.970355 0.672641 0.542030 0.502066 0.484744 0.823556 0.691912 0.793017 0.934900 0.929853 0.980787 0.991219 0.910598 0.993526 0.960374 0.834717 0.959633 0.935119 0.983760 0.778384 0.768632 0.765089 0.783150 0.950249 0.979904 0.801171 0.828662 0.841933 0.925222 0.855834 0.708481 0.944627 0.994222 0.831856 0.895352 0.899922 0.860300 0.928626 0.946315 0.922685 0.930091 0.949052 0.966633 0.816786 0.796634 0.969135 0.997601 0.841968 0.814197 0.851324 0.837688 0.851902 0.769846 0.810120 0.839365 0.806038 0.754609 0.579937 0.659667 0.720919 0.763830 0.776692 0.758883 0.941768 0.981136 0.855913 0.902501 0.965917 0.914352 0.784374 0.691498 0.788948 0.791502 0.947203 0.837145
0.625310 0.740447 0.909804 0.995243 0.821935 0.886864 0.869929 0.783932 0.975174 0.762577 0.000000 0.648054 0.832795 0.961397 0.872335 0.947886 0.518120 0.578634 0.663880 0.598484 0.908265 0.945719 0.665790 0.734755 0.743432 0.803427 0.823035 0.834367 0.526125 0.625848 0.911586 0.899221 0.834634 0.738965 0.817760 0.824557 0.894787 0.984371 0.915714 0.957086 0.987692 0.869026 0.999364 0.812625 0.862921 0.801159 0.901682 0.923336 0.737275 0.884781 0.848659 0.997384 0.986095 0.914573 0.968810 0.858196 0.594028 0.741061 0.646728 0.768869 0.742286 0.794966 0.609383 0.737311 0.758307 0.912063 0.992889 0.971529 0.785337 0.721215 0.885519 0.932616 0.663260 0.695725 0.904462 0.813655 0.919963 0.986261 0.830438 0.813095 0.773222 0.822436 0.953587 0.897693 0.901455 0.898936 0.756934 0.903178 0.887355 0.904205 0.711418 0.771970 0.790933 0.878181 0.958093 0.836949 0.875783 0.965650 0.896849 0.805468 0.902434 0.955300 0.921527 0.691554 0.960976 0.863327 0.866817 0.940754 0.988579 0.877320 0.934420 0.984338 0.934674 0.919954 0.965849 0.872663
0.501109 0.448820 0.703015 0.804835 0.933861 0.797083 0.938791 0.592660 0.764968 0.819242 0.648054 0.000000 0.650814 0.451445 0.842909 0.580592 0.524572 0.503927 0.682847 0.430355 0.931488 0.992917 0.906963 0.902787 0.639764 0.638660 0.888660 0.922266 0.492034 0.584090 0.756993 0.898911 0.816040 0.640331 0.822285 0.779905 0.858019 0.896675 0.918391 0.945902 0.901527 0.874880 0.892370 0.845958 0.961366 0.717732 0.818066 0.767513 0.719127 0.709957 0.561897 0.702073 0.810423 0.989555 0.809539 0.754862 0.522734 0.481642 0.520882 0.528952 0.506168 0.359188 0.440600 0.310966 0.907417 0.771975 0.949416 0.907218 0.738366 0.574010 0.961371 0.828498 0.820885 0.860855 0.855263 0.706968 0.688275 0.837173 0.682954 0.698003 0.454206 0.529717 0.649476 0.759808 0.808291 0.836813 0.976855 0.876136 0.924301 0.846374 0.801343 0.612187 0.636073 0.659468 0.898695 0.796547 0.753490 0.827802 0.800480 0.732142 0.821289 0.979483 0.722402 0.717490 0.849293 0.957340 0.961701 0.885285 0.979586 0.759202 0.752285 0.842215 0.711407 0.786519 0.894607 0.797324
0.926153 0.899899 0.659095 0.547777 0.639812 0.766949 0.537814 0.552030 0.782457 0.889117 0.832795 0.650814 0.000000 0.448309 0.490785 0.540715 0.793445 0.856007 0.667311 0.782331 0.944990 0.971720 0.598861 0.636549 0.933318 0.963070 0.890238 0.965594 0.753867 0.809303 0.924040 0.873535 0.662939 0.633515 0.902910 0.989497 0.996666 0.924286 0.803885 0.937983 0.831651 0.923145 0.988482 0.875166 0.808274 0.838539 0.836666 0.813282 0.947828 0.972860 0.761413 0.882776 0.847469 0.793889 0.921407 0.883597 0.976167 0.996205 0.908215 0.970748 0.354406 0.673729 0.633073 0.742589 0.579601 0.490400 0.699223 0.594124 0.777210 0.932633 0.901208 0.973875 0.853800 0.888927 0.874910 0.862296 0.895854 0.907263 0.819262 0.922770 0.752747 0.774674 0.668786 0.889803 0.519852 0.571011 0.818974 0.708082 0.890325 0.950332 0.792293 0.940506 0.976878 0.998307 0.904572 0.970250 0.978510 0.946839 0.799016 0.765392 0.798943 0.806165 0.938657 0.957023 0.751941 0.918917 0.933344 0.968477 0.955532 0.978969 0.812695 0.810282 0.915846 0.959330 0.746846 0.892846
0.810171 0.727487 0.936395 0.673709 0.900196 0.804797 0.920649 0.632896 0.871233 0.943102 0.961397 0.451445 0.448309 0.000000 0.525861 0.432224 0.711436 0.724382 0.747484 0.639058 0.923598 0.957568 0.742509 0.655762 0.790115 0.770119 0.887147 0.914116 0.676098 0.720901 0.895303 0.960997 0.785665 0.730102 0.908884 0.871770 0.769260 0.949183 0.698153 0.963787 0.872593 0.929587 0.828058 0.978605 0.978486 0.876306 0.938645 0.817438 0.996906 0.861357 0.629448 0.747094 0.791274 0.803252 0.977543 0.975680 0.862923 0.777924 0.791154 0.760516 0.495088 0.568874 0.598433 0.520093 0.818344 0.616202 0.980187 0.872175 0.921436 0.836449 0.850346 0.886486 0.904575 0.899313 0.839514 0.790519 0.851623 0.866667 0.717741 0.778207 0.634484 0.697331 0.621457 0.924729 0.652615 0.691295 0.765938 0.834751 0.936799 0.912180 0.999564 0.693848 0.737025 0.710228 0.980980 0.932875 0.923236 0.979671 0.909791 0.803703 0.921399 0.945614 0.826310 0.998641 0.820838 0.915072 0.927102 0.944527 0.952522 0.902223 0.763270 0.843577 0.878847 0.894510 0.811227 0.912999
0.822851 0.952351 0.706702 0.635001 0.851326 0.861880 0.628901 0.722923 0.802943 0.945409 0.872335 0.842909 0.490785 0.525861 0.000000 0.507882 0.890068 0.909770 0.815230 0.933593 0.980940 0.955408 0.470866 0.630064 0.905954 0.884247 0.797844 0.933007 0.888180 0.884719 0.740488 0.661491 0.620287 0.726245 0.794187 0.960886 0.968923 0.940568 0.753924 0.838380 0.706128 0.828148 0.879137 0.849678 0.782995 0.863340 0.888484 0.794361 0.756801 0.803548 0.983612 0.944832 0.914960 0.918539 0.831608 0.743836 0.929471 0.928306 0.847442 0.819978 0.607458 0.868071 0.843010 0.885845 0.548977 0.531782 0.682692 0.606169 0.706084 0.855763 0.985953 0.806974 0.848043 0.872268 0.874194 0.980346 0.903275 0.944758 0.767166 0.926770 0.909625 0.858634 0.673993 0.912822 0.590096 0.584165 0.751988 0.761399 0.920030 0.962975 0.768989 0.953724 0.904492 0.924187 0.990539 0.947542 0.988187 0.976668 0.886212 0.728660 0.871645 0.822747 0.942921 0.919891 0.787655 0.895784 0.878851 0.915796 0.930658 0.940920 0.843013 0.773411 0.947924 0.965942 0.684981 0.862258
0.959882 0.794410 0.995631 0.683435 0.920460 0.660960 0.839979 0.595125 0.938011 0.871434 0.947886 0.580592 0.540715 0.432224 0.507882 0.000000 0.843112 0.760003 0.764148 0.732688 0.903393 0.912682 0.606861 0.606176 0.930545 0.970782 0.917801 0.993907 0.721101 0.777989 0.872668 0.799655 0.705311 0.664086 0.979118 0.947316 0.949574 0.989711 0.811106 0.969472 0.829496 0.857055 0.986381 0.855782 0.852761 0.776360 0.888585 0.758145 0.900510 0.977902 0.817971 0.894100 0.957484 0.921334 0.993082 0.832750 0.831238 0.870564 0.993934 0.942567 0.569608 0.622573 0.614924 0.557031 0.733603 0.572939 0.805294 0.647730 0.819781 0.893127 0.909084 0.727569 0.876230 0.802988 0.887041 0.832493 0.795479 0.807792 0.628920 0.831624 0.674181 0.689462 0.561413 0.922051 0.655099 0.656300 0.786221 0.686003 0.979874 0.960864 0.886361 0.892804 0.927166 0.908759 0.928851 0.891583 0.879044 0.840734 0.790908 0.750010 0.729751 0.903704 0.828908 0.974792 0.767150 0.837823 0.984333 0.944695 0.965172 0.863950 0.708140 0.775144 0.909838 0.897303 0.736278 0.919811
0.626121 0.562468 0.902029 0.927738 0.996481 0.988004 0.997343 0.838956 0.750590 0.760952 0.518120 0.524572 0.793445 0.711436 0.890068 0.843112 0.000000 0.337302 0.488350 0.420825 0.981363 0.897953 0.807444 0.881040 0.879279 0.809537 0.879313 0.846862 0.384801 0.424060 0.913373 0.829834 0.598102 0.562065 0.872613 0.820519 0.923153 0.867928 0.995955 0.936668 0.987069 0.757647 0.836766 0.618905 0.824617 0.664226 0.626203 0.652359 0.770142 0.817837 0.769069 0.969326 0.991278 0.921193 0.856455 0.918508 0.419129 0.505420 0.576662 0.769993 0.714660 0.740677 0.490342 0.511907 0.869515 0.974457 0.984119 0.908794 0.735791 0.463376 0.872107 0.769187 0.570407 0.589908 0.842374 0.774078 0.788012 0.903579 0.621035 0.561372 0.497001 0.583450 0.776039 0.784313 0.984936 0.998988 0.859204 0.964308 0.734942 0.992539 0.573408 0.547695 0.582248 0.664893 0.911180 0.783674 0.803174 0.870291 0.906987 0.860033 0.901821 0.962476 0.691597 0.620809 0.952269 0.928506 0.924924 0.840289 0.960046 0.707942 0.728685 0.815719 0.868456 0.784389 0.941321 0.830365
0.612655 0.527032 0.830287 0.946556 0.942493 0.911777 0.937805 0.800765 0.724461 0.814577 0.578634 0.503927 0.856007 0.724382 0.909770 0.760003 0.337302 0.000000 0.506964 0.411721 0.990422 0.955562 0.877041 0.923449 0.826977 0.816567 0.899998 0.804864 0.408579 0.426773 0.886622 0.779733 0.623584 0.512113 0.860503 0.870766 0.990764 0.851747 0.972965 0.965169 0.986682 0.780763 0.836748 0.629578 0.803532 0.682028 0.681951 0.654893 0.832635 0.886225 0.855700 0.987835 0.889097 0.777919 0.861912 0.892611 0.372059 0.476409 0.666427 0.773938 0.739969 0.700752 0.449937 0.438581 0.865966 0.980193 0.979255 0.848784 0.713377 0.417281 0.760749 0.688021 0.541032 0.600000 0.851840 0.752299 0.717765 0.806101 0.530997 0.539378 0.441486 0.541125 0.677352 0.712281 0.990531 0.935404 0.925768 0.994387 0.704983 0.991043 0.612290 0.534214 0.597873 0.632979 0.830117 0.823211 0.692729 0.727888 0.881378 0.842435 0.847034 0.972164 0.677391 0.660203 0.896255 0.975806 0.986632 0.884157 0.912115 0.621893 0.626497 0.825344 0.859190 0.788185 0.866949 0.878304
0.643117 0.634868 0.791891 0.753250 0.865570 0.888921 0.860192 0.916685 0.919685 0.998438 0.663880 0.682847 0.667311 0.747484 0.815230 0.764148 0.488350 0.506964 0.000000 0.544108 0.862132 0.956931 0.845960 0.808442 0.867049 0.848169 0.908966 0.917026 0.573368 0.661530 0.760243 0.786990 0.557828 0.534173 0.979467 0.978836 0.914209 0.817586 0.985223 0.965717 0.972615 0.911289 0.800911 0.688459 0.806474 0.738324 0.591155 0.647612 0.837611 0.859423 0.805814 0.962796 0.935306 0.950221 0.830230 0.999469 0.555210 0.666848 0.680558 0.840232 0.674079 0.865376 0.635354 0.735400 0.812240 0.845090 0.861517 0.791482 0.768273 0.615280 0.877274 0.861902 0.673704 0.674394 0.917234 0.770412 0.826513 0.859728 0.713297 0.601908 0.586509 0.573153 0.712719 0.726808 0.748575 0.739234 0.864265 0.848523 0.922119 0.914460 0.723516 0.656509 0.710264 0.747236 0.988855 0.857657 0.872212 0.816158 0.990172 0.911724 0.806009 0.939003 0.763638 0.780289 0.888480 0.982032 0.910003 0.789934 0.986681 0.884430 0.747767 0.952682 0.960570 0.935435 0.932071 0.983670
0.459936 0.448103 0.815650 0.876438 0.947616 0.889685 0.860239 0.807377 0.700370 0.849164 0.598484 0.430355 0.782331 0.639058 0.933593 0.732688 0.420825 0.411721 0.544108 0.000000 0.988765 0.969586 0.894655 0.906819 0.894104 0.772838 0.933137 0.879351 0.471004 0.584505 0.919699 0.919634 0.697244 0.646753 0.936936 0.790762 0.997084 0.845270 0.955094 0.996382 0.894361 0.769140 0.993807 0.784843 0.995247 0.764485 0.750743 0.718172 0.628338 0.623477 0.579821 0.744422 0.841858 0.959730 0.735692 0.759453 0.427466 0.410064 0.525687 0.525521 0.714357 0.606947 0.551845 0.471036 0.886841 0.965772 0.941713 0.943933 0.633648 0.427439 0.938574 0.810824 0.645991 0.724569 0.908224 0.728124 0.739865 0.805324 0.657771 0.602849 0.452932 0.519881 0.735971 0.728557 0.869715 0.899757 0.756884 0.985982 0.852237 0.816995 0.630195 0.541151 0.578268 0.574710 0.905460 0.874260 0.785751 0.878982 0.939433 0.852517 0.735776 0.880379 0.650186 0.714723 0.801239 0.979279 0.973809 0.982490 0.903261 0.772893 0.742536 0.933128 0.909813 0.797544 0.863359 0.833365
0.944495 0.944499 0.790364 0.895506 0.813180 0.934392 0.970711 0.756237 0.913225 0.693310 0.908265 0.931488 0.944990 0.923598 0.980940 0.903393 0.981363 0.990422 0.862132 0.988765 0.000000 0.954980 0.985255 0.960243 0.839736 0.727622 0.964926 0.882600 0.971311 0.952302 0.998024 0.995941 0.986292 0.967867 0.881575 0.949047 0.892064 0.931582 0.795031 0.960259 0.894848 0.910095 0.878450 0.906391 0.824357 0.786960 0.978900 0.825010 0.863435 0.904846 0.920334 0.936747 0.897843 0.939499 0.998080 0.940075 0.968975 0.940112 0.948193 0.918530 0.981330 0.848626 0.955939 0.856367 0.909055 0.945660 0.987992 0.953761 0.863406 0.940564 0.932495 0.861956 0.851584 0.893052 0.811752 0.855781 0.993668 0.955826 0.972522 0.933764 0.975580 0.917019 0.977990 0.960053 0.919844 0.829700 0.928999 0.963803 0.908400 0.963204 0.806445 0.863851 0.938560 0.943130 0.904270 0.856016 0.837818 0.944939 0.700318 0.813395 0.999722 0.866571 0.801397 0.849980 0.959903 0.848166 0.982301 0.870643 0.920550 0.910386 0.851577 0.714010 0.834944 0.868076 0.999405 0.956748
0.912329 0.953146 0.917034 0.989395 0.826937 0.898644 0.932591 0.864765 0.977528 0.996228 0.945719 0.992917 0.971720 0.957568 0.955408 0.912682 0.897953 0.955562 0.956931 0.969586 0.954980 0.000000 0.891203 0.994373 0.899084 0.979097 0.990406 0.966043 0.911062 0.943602 0.892814 0.966301 0.990388 0.954208 0.917983 0.972269 0.893840 0.782085 0.954646 0.760725 0.896050 0.954853 0.964746 0.984358 0.963032 0.955369 0.799750 0.993525 0.940392 0.872518 0.918514 0.945917 0.865572 0.949382 0.947419 0.958250 0.935983 0.930777 0.949205 0.990924 0.874269 0.862420 0.995011 0.980069 0.935482 0.821735 0.917316 0.978567 0.983495 0.997125 0.990125 0.954220 0.996209 0.905352 0.860235 0.906394 0.989388 0.990612 0.982790 0.931747 0.976884 0.935596 0.978250 0.992331 0.899190 0.855206 0.845477 0.939418 0.947758 0.948232 0.829921 0.942057 0.955809 0.963926 0.997770 0.936003 0.935970 0.952579 0.919000 0.881635 0.906735 0.806703 0.992680 0.925873 0.832020 0.891367 0.938950 0.951656 0.966778 0.936166 0.956092 0.955892 0.990948 0.915936 0.928544 0.934969
0.729684 0.842883 0.526677 0.531352 0.763780 0.785062 0.594402 0.791535 0.747630 0.911019 0.665790 0.906963 0.598861 0.742509 0.470866 0.606861 0.807444 0.877041 0.845960 0.894655 0.985255 0.891203 0.000000 0.431122 0.712046 0.599256 0.730378 0.922534 0.788584 0.825579 0.670862 0.685457 0.669699 0.805927 0.702365 0.692109 0.799477 0.990731 0.831091 0.930696 0.705048 0.796885 0.874478 0.962738 0.800750 0.954295 0.921252 0.796441 0.747491 0.789614 0.931461 0.977563 0.988951 0.826306 0.860492 0.772960 0.771123 0.783346 0.742949 0.775547 0.711846 0.993777 0.958420 0.913841 0.373058 0.457864 0.604263 0.523090 0.684497 0.717684 0.916967 0.851659 0.734261 0.707509 0.900189 0.963472 0.920221 0.841633 0.918640 0.993643 0.969293 0.905092 0.653194 0.955415 0.448259 0.466916 0.772233 0.566925 0.859680 0.863902 0.582019 0.792875 0.724127 0.858008 0.967104 0.988400 0.926350 0.953790 0.875471 0.783792 0.751924 0.770703 0.965231 0.740133 0.674867 0.804618 0.842295 0.930972 0.981516 0.929547 0.852277 0.845747 0.893361 0.986802 0.707908 0.955282
0.958350 0.908354 0.695941 0.529221 0.873814 0.865707 0.855947 0.880652 0.975989 0.805048 0.734755 0.902787 0.636549 0.655762 0.630064 0.606176 0.881040 0.923449 0.808442 0.906819 0.960243 0.994373 0.431122 0.000000 0.729113 0.745524 0.673048 0.876265 0.856386 0.812685 0.865389 0.850124 0.815830 0.876824 0.883168 0.797209 0.909006 0.921959 0.839057 0.998173 0.966039 0.900555 0.948142 0.942256 0.921474 0.970354 0.836078 0.838890 0.927385 0.911104 0.800905 0.780359 0.781435 0.800814 0.910109 0.986240 0.964751 0.948528 0.992391 0.902701 0.760367 0.862568 0.976523 0.930203 0.552203 0.571011 0.867681 0.752197 0.944158 0.921063 0.949660 0.882893 0.768590 0.746920 0.957230 0.907046 0.976159 0.916869 0.885209 0.845545 0.788781 0.703175 0.624683 0.822925 0.444928 0.471542 0.857548 0.538164 0.736962 0.689413 0.796931 0.998119 0.945142 0.937858 0.890249 0.996262 0.967186 0.901445 0.948802 0.896983 0.793142 0.926944 0.861659 0.792281 0.741894 0.756805 0.877227 0.968455 0.972812 0.983104 0.892820 0.987113 0.972656 0.932673 0.804037 0.860346
0.938939 0.979695 0.531765 0.864223 0.941386 0.946189 0.921188 0.665857 0.928710 0.817797 0.743432 0.639764 0.933318 0.790115 0.905954 0.930545 0.879279 0.826977 0.867049 0.894104 0.839736 0.899084 0.712046 0.729113 0.000000 0.435961 0.682177 0.908578 0.737698 0.678870 0.638633 0.844368 0.860500 0.982434 0.709491 0.823587 0.652832 0.833257 0.935047 0.862543 0.944948 0.984291 0.705975 0.844607 0.994929 0.998924 0.746952 0.807601 0.985194 0.956030 0.926902 0.974135 0.973973 0.906174 0.870839 0.971791 0.981089 0.936058 0.941241 0.876981 0.789915 0.646864 0.654786 0.622533 0.577974 0.950049 0.754906 0.870966 0.929002 0.952323 0.712397 0.912335 0.941213 0.979651 0.862039 0.908381 0.914590 0.951452 0.983082 0.992574 0.934284 0.900405 0.973585 0.955951 0.762231 0.765446 0.794872 0.876750 0.872097 0.853314 0.999588 0.919544 0.832593 0.944699 0.995688 0.930044 0.989920 0.965570 0.821147 0.836448 0.949183 0.958731 0.934409 0.908625 0.973284 0.995399 0.850820 0.772324 0.954146 0.867598 0.941709 0.929149 0.742984 0.981503 0.835693 0.786741
0.836540 0.894248 0.458889 0.721921 0.891692 0.932915 0.772564 0.796047 0.784283 0.782067 0.803427 0.638660 0.963070 0.770119 0.884247 0.970782 0.809537 0.816567 0.848169 0.772838 0.727622 0.979097 0.599256 0.745524 0.435961 0.000000 0.750917 0.857557 0.693389 0.648077 0.565834 0.818993 0.800298 0.949508 0.721762 0.751286 0.603057 0.907325 0.826025 0.911623 0.992730 0.939237 0.758381 0.907479 0.947864 0.926931 0.763356 0.858808 0.903820 0.898794 0.836643 0.964526 0.984502 0.887329 0.982587 0.958005 0.876995 0.834577 0.800001 0.766363 0.887382 0.660600 0.709519 0.638997 0.512509 0.790429 0.687321 0.711664 0.954802 0.801537 0.721715 0.970374 0.976337 0.963055 0.925232 0.957089 0.814308 0.901813 0.986788 0.968612 0.954947 0.904624 0.888483 0.877743 0.704963 0.623547 0.895538 0.787954 0.866140 0.816788 0.843448 0.785066 0.741460 0.839999 0.960306 0.965771 0.916198 0.941449 0.940745 0.986563 0.956307 0.901116 0.816636 0.833390 0.920129 0.855365 0.952803 0.819663 0.981843 0.818924 0.889778 0.941266 0.764464 0.925346 0.833088 0.886731
0.996006 0.944400 0.805904 0.889833 0.975980 0.956310 0.988587 0.884495 0.971899 0.779840 0.823035 0.888660 0.890238 0.887147 0.797844 0.917801 0.879313 0.899998 0.908966 0.933137 0.964926 0.990406 0.730378 0.673048 0.682177 0.750917 0.000000 0.837990 0.753573 0.889674 0.896800 0.899383 0.943423 0.970540 0.965343 0.907341 0.987814 0.924970 0.959465 0.986277 0.953448 0.968996 0.939797 0.876469 0.846990 0.843804 0.948227 0.994413 0.878679 0.978140 0.976897 0.982164 0.984826 0.954849 0.976718 0.948379 0.937888 0.966890 0.898283 0.974192 0.918561 0.865968 0.843608 0.866029 0.796634 0.915857 0.948715 0.934322 0.995305 0.944102 0.940440 0.909852 0.799329 0.880958 0.977700 0.969331 0.836513 0.874515 0.886148 0.915944 0.984070 0.887455 0.902698 0.935124 0.756681 0.727466 0.938826 0.740331 0.886645 0.928621 0.953408 0.948534 0.993679 0.996008 0.964679 0.976474 0.779474 0.819850 0.897917 0.998800 0.980652 0.904514 0.951063 0.955135 0.890319 0.849225 0.967971 0.820447 0.923430 0.957109 0.993594 0.962806 0.853721 0.976167 0.917428 0.914064
0.988673 0.985259 0.916447 0.876999 0.975380 0.838212 0.888956 0.930529 0.881770 0.850100 0.834367 0.922266 0.965594 0.914116 0.933007 0.993907 0.846862 0.804864 0.917026 0.879351 0.882600 0.966043 0.922534 0.876265 0.908578 0.857557 0.837990 0.000000 0.851455 0.849499 0.991541 0.840828 0.884991 0.857554 0.922312 0.947097 0.971736 0.943609 0.937497 0.844987 0.909632 0.991689 0.732813 0.769892 0.735776 0.793744 0.998246 0.928539 0.992443 0.874727 0.854911 0.774708 0.828162 0.677773 0.859193 0.935681 0.822510 0.949130 0.945914 0.945149 0.918219 0.960613 0.913879 0.917888 0.894762 0.958605 0.892452 0.865095 0.817526 0.933475 0.905106 0.922795 0.806947 0.876733 0.941496 0.959684 0.955066 0.945736 0.914849 0.981759 0.948507 0.936522 0.996787 0.997120 0.925130 0.901741 0.959223 0.996725 0.768365 0.900325 0.944117 0.981667 0.948865 0.940651 0.996825 0.987048 0.977401 0.914072 0.974866 0.917664 0.996312 0.963682 0.952561 0.816596 0.950548 0.970609 0.978247 0.939020 0.922477 0.983401 0.750733 0.924227 0.853665 0.825264 0.950698 0.989880
0.677053 0.645142 0.809216 0.983558 0.995363 0.890344 0.968614 0.725730 0.836258 0.645380 0.526125 0.492034 0.753867 0.676098 0.888180 0.721101 0.384801 0.408579 0.573368 0.471004 0.971311 0.911062 0.788584 0.856386 0.737698 0.693389 0.753573 0.851455 0.000000 0.392411 0.935534 0.832778 0.624408 0.549021 0.834956 0.751196 0.936449 0.896155 0.893653 0.970208 0.948092 0.849989 0.844690 0.644433 0.748233 0.588245 0.720591 0.717523 0.802630 0.865309 0.808500 0.990236 0.958132 0.929919 0.901263 0.979775 0.507191 0.626601 0.676815 0.788667 0.683658 0.688811 0.451821 0.498773 0.805330 0.952595 0.974205 0.896119 0.893492 0.577390 0.949292 0.797000 0.637834 0.665076 0.938562 0.781709 0.680339 0.926082 0.684163 0.689982 0.595433 0.755050 0.878508 0.938251 0.899091 0.880694 0.940724 0.933725 0.738029 0.860090 0.677783 0.661653 0.700009 0.772971 0.904693 0.835514 0.816760 0.804082 0.841459 0.859463 0.787801 0.983112 0.714352 0.668767 0.997592 0.940241 0.970738 0.925796 0.951912 0.710263 0.722009 0.776504 0.825252 0.804356 0.937614 0.890244
0.888644 0.784859 0.829717 0.966402 0.927661 0.937706 0.963184 0.723141 0.817737 0.604697 0.625848 0.584090 0.809303 0.720901 0.884719 0.777989 0.424060 0.426773 0.661530 0.584505 0.952302 0.943602 0.825579 0.812685 0.678870 0.648077 0.889674 0.849499 0.392411 0.000000 0.868133 0.751409 0.676538 0.530464 0.789361 0.804402 0.912603 0.951202 0.971163 0.955059 0.937948 0.879159 0.857170 0.662280 0.720457 0.637453 0.816654 0.789696 0.990770 0.973171 0.971511 0.842036 0.828605 0.844461 0.971107 0.863138 0.592450 0.736209 0.867401 0.983435 0.743863 0.781839 0.466660 0.532484 0.722050 0.883490 0.949734 0.918958 0.981421 0.649644 0.890260 0.719806 0.747434 0.727390 0.904019 0.828440 0.826298 0.864211 0.713805 0.674959 0.681384 0.824760 0.898160 0.898180 0.774421 0.811878 0.963143 0.970344 0.654053 0.719208 0.718597 0.651490 0.699268 0.799038 0.799316 0.813557 0.818697 0.729913 0.848377 0.947223 0.832324 0.978774 0.664969 0.737074 0.999485 0.899245 0.994423 0.906385 0.924234 0.637805 0.657109 0.804538 0.777171 0.780458 0.988099 0.801157
0.705070 0.907357 0.552936 0.764428 0.948371 0.849805 0.691543 0.955772 0.843073 0.799023 0.911586 0.756993 0.924040 0.895303 0.740488 0.872668 0.913373 0.886622 0.760243 0.919699 0.998024 0.892814 0.670862 0.865389 0.638633 0.565834 0.896800 0.991541 0.935534 0.868133 0.000000 0.532739 0.560100 0.667047 0.788871 0.834502 0.650518 0.828114 0.956825 0.962304 0.811474 0.854923 0.484727 0.588262 0.586069 0.737297 0.658254 0.627802 0.838570 0.772218 0.734212 0.729282 0.775751 0.992628 0.928491 0.694188 0.918265 0.908436 0.706815 0.637086 0.983622 0.725988 0.974029 0.874421 0.720796 0.930063 0.656138 0.627117 0.734966 0.927010 0.610066 0.684609 0.961761 0.967215 0.940324 0.994366 0.996156 0.837821 0.842084 0.837281 0.953151 0.935655 0.916763 0.926405 0.971826 0.875236 0.995910 0.818978 0.848322 0.891638 0.900611 0.865752 0.803173 0.832598 0.835843 0.858890 0.908985 0.785129 0.880701 0.931372 0.847317 0.814047 0.940831 0.956720 0.999186 0.881303 0.890455 0.845850 0.911044 0.961953 0.814462 0.858371 0.824072 0.956768 0.819522 0.907860
0.697977 0.848088 0.712983 0.858591 0.942758 0.975487 0.752039 0.934103 0.969754 0.842123 0.899221 0.898911 0.873535 0.960997 0.661491 0.799655 0.829834 0.779733 0.786990 0.919634 0.995941 0.966301 0.685457 0.850124 0.844368 0.818993 0.899383 0.840828 0.832778 0.751409 0.532739 0.000000 0.545840 0.705839 0.859005 0.957193 0.811913 0.953202 0.966675 0.942038 0.790610 0.971227 0.660836 0.715949 0.680035 0.801140 0.788783 0.748930 0.719710 0.740598 0.756047 0.696169 0.700811 0.878487 0.961382 0.695893 0.947388 0.942390 0.690530 0.664925 0.938378 0.833625 0.852143 0.970477 0.821860 0.913412 0.807167 0.688790 0.813380 0.997033 0.731886 0.640928 0.938412 0.973261 0.958416 0.945094 0.998585 0.849254 0.698137 0.689832 0.865195 0.895511 0.802885 0.874453 0.956807 0.869359 0.981107 0.794799 0.802006 0.820810 0.979888 0.928525 0.984799 0.920105 0.879427 0.988854 0.964008 0.773832 0.957870 0.972502 0.838919 0.837115 0.870845 0.933455 0.898397 0.866353 0.875335 0.848011 0.915561 0.888804 0.753624 0.841131 0.789752 0.869046 0.844848 0.982274
0.983234 0.791688 0.673191 0.617712 0.833745 0.775757 0.641034 0.688897 0.898130 0.717108 0.834634 0.816040 0.662939 0.785665 0.620287 0.705311 0.598102 0.623584 0.557828 0.697244 0.986292 0.990388 0.669699 0.815830 0.860500 0.800298 0.943423 0.884991 0.624408 0.676538 0.560100 0.545840 0.000000 0.474553 0.749402 0.883490 0.750152 0.964658 0.972861 0.922702 0.787412 0.881288 0.624161 0.553976 0.566428 0.611924 0.610621 0.559609 0.973868 0.980776 0.931665 0.992667 0.950621 0.913686 0.949628 0.882314 0.701898 0.805886 0.880785 0.986737 0.639403 0.865564 0.653879 0.757647 0.686029 0.712656 0.633782 0.513980 0.899316 0.892040 0.770335 0.711527 0.869173 0.969127 0.910272 0.883847 0.768953 0.777564 0.697684 0.684867 0.645696 0.749159 0.731177 0.826041 0.732159 0.740268 0.932759 0.771646 0.843675 0.958824 0.958480 0.966347 0.978179 0.991162 0.825896 0.864535 0.965619 0.813271 0.726110 0.712772 0.749915 0.779388 0.831595 0.871248 0.729837 0.927128 0.853787 0.850884 0.907978 0.867764 0.792770 0.799912 0.977070 0.846096 0.745291 0.926828
0.851348 0.680290 0.808625 0.730589 0.742499 0.767894 0.690251 0.632549 0.968894 0.707029 0.738965 0.640331 0.633515 0.730102 0.726245 0.664086 0.562065 0.512113 0.534173 0.646753 0.967867 0.954208 0.805927 0.876824 0.982434 0.949508 0.970540 0.857554 0.549021 0.530464 0.667047 0.705839 0.474553 0.000000 0.857488 0.985510 0.777321 0.816626 0.963804 0.926387 0.879287 0.923987 0.602041 0.504152 0.551697 0.553451 0.600716 0.546162 0.937293 0.949899 0.953236 0.904161 0.881521 0.882327 0.996887 0.898673 0.591245 0.754746 0.856885 0.974848 0.587724 0.732251 0.538626 0.625831 0.823231 0.742955 0.660737 0.554978 0.968264 0.816271 0.693989 0.661523 0.770867 0.781544 0.866695 0.826963 0.681081 0.714864 0.637246 0.740931 0.607849 0.696038 0.731130 0.782804 0.813766 0.772296 0.968471 0.793489 0.767033 0.907694 0.985821 0.853086 0.935097 0.959766 0.842583 0.749484 0.809453 0.723336 0.700548 0.741132 0.730721 0.902085 0.708996 0.805854 0.779803 0.939250 0.975753 0.826062 0.969269 0.709399 0.691761 0.666014 0.836141 0.828181 0.709220 0.994514
0.908262 0.950225 0.635168 0.738607 0.834523 0.834895 0.713961 0.930886 0.718840 0.998911 0.817760 0.822285 0.902910 0.908884 0.794187 0.979118 0.872613 0.860503 0.979467 0.936936 0.881575 0.917983 0.702365 0.883168 0.709491 0.721762 0.965343 0.922312 0.834956 0.789361 0.788871 0.859005 0.749402 0.857488 0.000000 0.807090 0.670272 0.955986 0.897263 0.871855 0.792161 0.964710 0.705986 0.755654 0.771643 0.851660 0.918114 0.814216 0.980942 0.952275 0.919565 0.980054 0.994817 0.879430 0.992000 0.932408 0.939215 0.917881 0.966831 0.880713 0.860753 0.971299 0.838725 0.813099 0.594538 0.676249 0.591449 0.614474 0.871282 0.774917 0.848000 0.993467 0.920330 0.932734 0.931093 0.939533 0.750389 0.888641 0.965127 0.837932 0.932755 0.966377 0.991189 0.965515 0.734625 0.729648 0.982000 0.949824 0.973989 0.905516 0.721974 0.725254 0.702775 0.709939 0.996319 0.995071 0.921910 0.906560 0.886939 0.947074 0.863495 0.865389 0.932585 0.998737 0.820563 0.930186 0.847960 0.945861 0.967770 0.909220 0.919502 0.995720 0.950042 0.911386 0.653104 0.984019
0.848095 0.827131 0.725635 0.913688 0.851880 0.848142 0.764091 0.982548 0.868303 0.988046 0.824557 0.779905 0.989497 0.871770 0.960886 0.947316 0.820519 0.870766 0.978836 0.790762 0.949047 0.972269 0.692109 0.797209 0.823587 0.751286 0.907341 0.947097 0.751196 0.804402 0.834502 0.957193 0.883490 0.985510 0.807090 0.000000 0.890250 0.921675 0.989737 0.903504 0.884924 0.892861 0.803847 0.843108 0.813648 0.983323 0.953567 0.952423 0.865774 0.766386 0.732909 0.771540 0.843535 0.861917 0.813351 0.874609 0.842007 0.746394 0.882731 0.762905 0.992473 0.864657 0.806292 0.751336 0.753253 0.840884 0.692530 0.785430 0.901564 0.832003 0.913315 0.951334 0.922656 0.900961 0.968574 0.828673 0.893785 0.899437 0.844671 0.975559 0.839743 0.913492 0.916494 0.951782 0.834398 0.833218 0.866061 0.793288 0.883978 0.983060 0.731850 0.806138 0.702978 0.781422 0.999127 0.896968 0.951449 0.821091 0.915468 0.911995 0.920560 0.920917 0.971767 0.778979 0.947004 0.961162 0.740449 0.964148 0.930304 0.977538 0.998579 0.896243 0.986766 0.937729 0.989671 0.901783
0.958073 0.926025 0.684944 0.877818 0.966478 0.889729 0.906245 0.969438 0.898163 0.943821 0.894787 0.858019 0.996666 0.769260 0.968923 0.949574 0.923153 0.990764 0.914209 0.997084 0.892064 0.893840 0.799477 0.909006 0.652832 0.603057 0.987814 0.971736 0.936449 0.912603 0.650518 0.811913 0.750152 0.777321 0.670272 0.890250 0.000000 0.786796 0.669336 0.923628 0.939034 0.916280 0.673296 0.764308 0.806903 0.795569 0.705421 0.749290 0.891139 0.926715 0.979569 0.969898 0.997397 0.936048 0.851058 0.919151 0.899204 0.957048 0.941275 0.923954 0.947469 0.941339 0.940861 0.933947 0.768872 0.955125 0.713812 0.665672 0.971008 0.979590 0.631171 0.813735 0.990790 0.993210 0.944987 0.954530 0.953574 0.724035 0.962594 0.986133 0.927149 0.906456 0.959339 0.844216 0.902472 0.899418 0.818887 0.823005 0.825431 0.860890 0.944139 0.842940 0.823846 0.930734 0.877267 0.869931 0.986416 0.799996 0.758669 0.970574 0.793886 0.991354 0.942351 0.976264 0.875986 0.837236 0.979717 0.946090 0.886207 0.900982 0.928200 0.956422 0.940444 0.962896 0.775689 0.997242
0.816702 0.758140 0.929665 0.939082 0.887694 0.944478 0.945286 0.931776 0.969296 0.822330 0.984371 0.896675 0.924286 0.949183 0.940568 0.989711 0.867928 0.851747 0.817586 0.845270 0.931582 0.782085 0.990731 0.921959 0.833257 0.907325 0.924970 0.943609 0.896155 0.951202 0.828114 0.953202 0.964658 0.816626 0.955986 0.921675 0.786796 0.000000 0.989643 0.981703 0.970302 0.881166 0.723510 0.784138 0.806549 0.692702 0.634911 0.626375 0.741379 0.759404 0.880548 0.829023 0.840868 0.975710 0.791598 0.865024 0.732028 0.718017 0.803039 0.851709 0.998188 0.845516 0.992069 0.866442 0.902716 0.996850 0.900511 0.950558 0.740256 0.832368 0.762803 0.704838 0.801118 0.832787 0.854211 0.907928 0.946928 0.829988 0.873769 0.885784 0.826689 0.770137 0.982018 0.823479 0.962708 0.920068 0.771172 0.920700 0.884068 0.859138 0.884507 0.990990 0.981495 0.976688 0.946499 0.739580 0.653694 0.765041 0.904863 0.837957 0.787259 0.929553 0.790787 0.635069 0.919633 0.690485 0.856709 0.927893 0.968458 0.910633 0.773618 0.941625 0.906884 0.857596 0.858706 0.842013
