0.000000 0.235573 0.620451 0.592121 0.880640 0.788069 0.534889 0.577314 0.924462 0.555470 0.428303 0.402316 0.359958 0.332983 0.612796 0.582331 0.345298 0.244847 0.314163 0.263303 0.668456 0.931734 0.730344 0.557993 0.635732 0.784302 0.781116 0.825439 0.700825 0.645953 0.875106 0.902031 0.477651 0.441067 0.714752 0.783580 0.629501 0.577426 0.690347 0.660626 0.702125 0.834703 0.632241 0.563979 0.880417 0.813235 0.471776 0.584482 0.898419 0.716086 0.939636 0.756392 0.831342 0.557558 0.447036 0.639370 0.238524 0.249345 0.355245 0.414142 0.526268 0.857731 0.479085 0.497174 0.600320 0.526025 0.539386 0.637293 0.314731 0.393811 0.784305 0.883852 0.896039 0.953981 0.820373 0.841749 0.775990 0.995105 0.668380 0.456544 0.265702 0.221771 0.530696 0.353943 0.378797 0.397905 0.597865 0.604940 0.524008 0.415154 0.810319 0.834872 0.678039 0.772535 0.748043 0.994353 0.652002 0.911098 0.783268 0.794278 0.716381 0.848708 0.791852 0.669355 0.802792 0.796089 0.895809 0.858199 0.928278 0.820346 0.986225 0.877879 0.903909 0.924294 0.900390 0.913404
0.235573 0.000000 0.515882 0.462060 0.822375 0.778076 0.477290 0.504441 0.987773 0.616998 0.539768 0.414995 0.344271 0.336092 0.528649 0.488027 0.334000 0.257324 0.305484 0.240353 0.646398 0.880283 0.585875 0.481781 0.568743 0.720883 0.730997 0.838397 0.661189 0.605741 0.968649 0.812334 0.429335 0.441395 0.669478 0.869649 0.614451 0.537692 0.623988 0.638799 0.699655 0.787143 0.488221 0.469639 0.785358 0.737541 0.386853 0.477751 0.829489 0.635008 0.819319 0.645700 0.923508 0.602970 0.445018 0.649092 0.212098 0.184085 0.311692 0.323692 0.453762 0.731372 0.453727 0.440853 0.525107 0.450643 0.447347 0.508153 0.360777 0.412452 0.710949 0.747992 0.980183 0.853919 0.877606 0.999005 0.719696 0.885234 0.526002 0.500626 0.277928 0.247102 0.465991 0.399249 0.318245 0.334242 0.609103 0.520347 0.486605 0.350130 0.777401 0.821778 0.596564 0.774206 0.640557 0.975536 0.635935 0.912607 0.733202 0.754157 0.717518 0.900266 0.750953 0.705234 0.694354 0.661778 0.975106 0.977661 0.859692 0.791608 0.858351 0.810293 0.873776 0.879223 0.698164 0.952126
0.620451 0.515882 0.000000 0.247049 0.624399 0.780328 0.317074 0.360780 0.661465 0.767330 0.953206 0.616235 0.426947 0.629120 0.514423 0.558842 0.751294 0.749031 0.610108 0.520883 0.649331 0.943281 0.336911 0.343646 0.325988 0.379610 0.657521 0.811983 0.976467 0.987492 0.657162 0.892192 0.458345 0.613428 0.572799 0.804450 0.387389 0.425531 0.624104 0.692619 0.747094 0.734302 0.739961 0.767762 0.815597 0.930704 0.690581 0.779291 0.888475 0.960021 0.943625 0.890803 0.917529 0.766105 0.498161 0.779723 0.636479 0.582015 0.646155 0.662949 0.307340 0.391864 0.870654 0.732989 0.222313 0.244125 0.390741 0.428628 0.510881 0.651193 0.539153 0.480161 0.766582 0.834763 0.898236 0.825808 0.790099 0.768237 0.775781 0.864783 0.718561 0.651706 0.759442 0.725497 0.326045 0.319616 0.700619 0.713723 0.552545 0.452560 0.822639 0.981043 0.676178 0.822617 0.733197 0.923321 0.698858 0.912349 0.964044 0.890711 0.868757 0.983821 0.943318 0.899431 0.632571 0.703527 0.948052 0.949477 0.791691 0.828700 0.846699 0.860342 0.980411 0.878183 0.800635 0.845010
0.592121 0.462060 0.247049 0.000000 0.607483 0.728681 0.339194 0.317028 0.748482 0.759654 0.951469 0.514650 0.406900 0.547886 0.469960 0.512094 0.731128 0.634030 0.505726 0.420451 0.671416 0.934003 0.295400 0.277679 0.362176 0.497675 0.549850 0.888240 0.886472 0.947341 0.763251 0.796026 0.483133 0.597289 0.577874 0.786652 0.457324 0.434466 0.600867 0.713676 0.752889 0.706039 0.678259 0.726114 0.812747 0.900737 0.681192 0.689487 0.938681 0.925777 0.947488 0.899170 0.891636 0.710111 0.492791 0.730781 0.582369 0.513567 0.637061 0.624263 0.379359 0.476831 0.831173 0.685297 0.244138 0.278983 0.356158 0.403335 0.543679 0.689413 0.494030 0.444485 0.827322 0.846752 0.923268 0.821894 0.722308 0.717493 0.694731 0.754168 0.624819 0.579811 0.738357 0.663377 0.292111 0.306875 0.633338 0.645685 0.536833 0.418327 0.712404 0.885413 0.543708 0.719465 0.693678 0.818386 0.649052 0.906364 0.862956 0.774514 0.873034 0.969830 0.908823 0.963523 0.534149 0.556273 0.946714 0.857648 0.794090 0.734417 0.838156 0.779212 0.995994 0.895782 0.795448 0.846768
0.880640 0.822375 0.624399 0.607483 0.000000 0.906662 0.665131 0.659419 0.799357 0.941430 0.941050 0.815127 0.684363 0.907058 0.727173 0.774408 0.942466 0.915259 0.830832 0.770231 0.826534 0.856722 0.559622 0.598768 0.565960 0.606425 0.669056 0.919908 0.986908 0.944974 0.705996 0.910226 0.765578 0.767669 0.825099 0.850706 0.648570 0.778807 0.871668 0.850853 0.838192 0.996642 0.844370 0.912932 0.981930 0.967124 0.943696 0.850676 0.890545 0.937057 0.896354 0.951642 0.996695 0.831395 0.838202 0.951296 0.846294 0.822077 0.921452 0.871909 0.666031 0.683298 0.936566 0.835806 0.591673 0.627766 0.704515 0.695966 0.698350 0.727072 0.752131 0.720701 0.760056 0.913198 0.965013 0.892656 0.967353 0.902444 0.990221 0.856583 0.867495 0.893315 0.822252 0.928875 0.665653 0.668196 0.822088 0.776709 0.917372 0.755002 0.940176 0.970381 0.758786 0.941623 0.878430 0.968143 0.849422 0.921864 0.896514 0.945558 0.968850 0.994727 0.971406 0.973990 0.836515 0.753005 0.985982 0.887967 0.884940 0.871204 0.943977 0.988688 0.964679 0.792407 0.947255 0.861437
0.788069 0.778076 0.780328 0.728681 0.906662 0.000000 0.666756 0.703896 0.985239 0.998237 0.689128 0.709613 0.902758 0.861208 0.855995 0.879749 0.869822 0.726267 0.720052 0.781604 0.716199 0.930685 0.852187 0.808330 0.950282 0.904691 0.938464 0.918228 0.778533 0.745274 0.927711 0.863146 0.776390 0.697841 0.802012 0.626629 0.973204 0.905897 0.899080 0.852096 0.861819 0.829016 0.790735 0.856447 0.815569 0.905145 0.903996 0.950134 0.938035 0.895274 0.874925 0.838790 0.892792 0.687743 0.808687 0.867709 0.799068 0.831278 0.828394 0.827511 0.798979 0.860207 0.887984 0.903184 0.786194 0.738623 0.622245 0.694379 0.834725 0.952678 0.736528 0.912808 0.911270 0.939443 0.806767 0.989147 0.920689 0.947749 0.898732 0.945733 0.772682 0.747088 0.978889 0.856925 0.779146 0.770106 0.807924 0.936077 0.893425 0.858729 0.739905 0.840442 0.663514 0.758890 0.796449 0.984408 0.596375 0.752787 0.683179 0.703974 0.961060 0.900109 0.950635 0.998139 0.736117 0.648019 0.993427 0.848008 0.995695 0.703809 0.912643 0.821343 0.776095 0.991113 0.964949 0.819097
0.534889 0.477290 0.317074 0.339194 0.665131 0.666756 0.000000 0.224831 0.653219 0.949446 0.766111 0.601756 0.440927 0.569362 0.456448 0.578146 0.577862 0.574154 0.463766 0.463081 0.813747 0.928973 0.431361 0.473267 0.543990 0.530289 0.807817 0.920071 0.763250 0.876160 0.726246 0.704064 0.333022 0.404934 0.520002 0.809149 0.464031 0.543845 0.660599 0.794514 0.761600 0.706531 0.451313 0.479094 0.562080 0.627834 0.512844 0.533952 0.832701 0.747865 0.861885 0.717530 0.828445 0.897747 0.406699 0.528230 0.529608 0.478527 0.483537 0.584390 0.312381 0.466275 0.636366 0.545251 0.348895 0.354729 0.267505 0.294664 0.571985 0.666744 0.413503 0.502774 0.809693 0.790855 0.989189 0.799759 0.603056 0.705886 0.602299 0.761579 0.530006 0.520145 0.629401 0.566350 0.337031 0.394383 0.683006 0.621210 0.571329 0.489140 0.594509 0.777100 0.528909 0.698940 0.619020 0.833051 0.480882 0.775753 0.643431 0.544986 0.988128 0.783090 0.856107 0.875083 0.468262 0.566666 0.866987 0.820029 0.711180 0.683212 0.781236 0.658447 0.741026 0.939751 0.764177 0.907687
0.577314 0.504441 0.360780 0.317028 0.659419 0.703896 0.224831 0.000000 0.708758 0.923418 0.810536 0.574449 0.503216 0.558473 0.532204 0.603873 0.681540 0.615018 0.520488 0.469560 0.782853 0.837310 0.517621 0.486369 0.575755 0.560974 0.764510 0.973462 0.884223 0.944277 0.881930 0.751931 0.451008 0.471401 0.557091 0.774923 0.497303 0.551844 0.727433 0.780793 0.776279 0.682914 0.577914 0.590745 0.649220 0.714179 0.555749 0.601729 0.880352 0.813844 0.910140 0.769911 0.868088 0.882165 0.377898 0.568333 0.577612 0.503451 0.555441 0.644809 0.387497 0.464566 0.752496 0.624483 0.407852 0.364571 0.339869 0.351454 0.628855 0.685567 0.494648 0.538019 0.888273 0.856598 0.962147 0.801923 0.680858 0.794391 0.688675 0.785274 0.563826 0.527375 0.650625 0.568870 0.400870 0.440605 0.643271 0.596166 0.642294 0.505016 0.524013 0.777552 0.481523 0.672520 0.702934 0.809651 0.538426 0.820982 0.633419 0.553120 0.934938 0.776196 0.807241 0.957068 0.519912 0.644458 0.926581 0.812987 0.733093 0.800347 0.827520 0.709643 0.854857 0.979551 0.807329 0.974635
0.924462 0.987773 0.661465 0.748482 0.799357 0.985239 0.653219 0.708758 0.000000 0.783110 0.832747 0.882150 0.925068 0.901482 0.870814 0.946766 0.944750 0.868012 0.995957 0.996702 0.979595 0.940795 0.742117 0.839845 0.705467 0.548944 0.933268 0.950767 0.963520 0.890587 0.564885 0.826729 0.606949 0.834594 0.669302 0.903866 0.748234 0.812084 0.874186 0.854426 0.998833 0.712206 0.782635 0.839803 0.628594 0.770309 0.833755 0.851680 0.840072 0.802067 0.730316 0.784763 0.757904 0.796336 0.663947 0.701664 0.983759 0.974956 0.893315 0.990174 0.661327 0.680551 0.914022 0.866662 0.709282 0.804931 0.658740 0.570160 0.898918 0.982228 0.736993 0.707472 0.728259 0.802381 0.958157 0.958039 0.794409 0.811980 0.888160 0.856413 0.941435 0.873624 0.856567 0.994347 0.786131 0.826712 0.994811 0.725109 0.869399 0.800666 0.883709 0.918234 0.940168 0.995463 0.798279 0.889276 0.925001 0.854353 0.870800 0.863406 0.930955 0.980505 0.980084 0.929565 0.804300 0.782093 0.835217 0.887573 0.877964 0.938597 0.754682 0.706110 0.895565 0.962625 0.818015 0.958505
0.555470 0.616998 0.767330 0.759654 0.941430 0.998237 0.949446 0.923418 0.783110 0.000000 0.876342 0.665484 0.493619 0.537377 0.779203 0.634271 0.749660 0.682386 0.594205 0.605581 0.818949 0.924228 0.774182 0.597050 0.707558 0.919365 0.682306 0.835401 0.989615 0.955697 0.907077 0.844120 0.892893 0.970098 0.962497 0.970569 0.726874 0.949317 0.842899 0.742635 0.792559 0.885990 0.867817 0.953683 0.581985 0.637671 0.893204 0.979355 0.602959 0.841619 0.702309 0.961712 0.610786 0.573062 0.871160 0.902212 0.622945 0.610038 0.870895 0.780184 0.859833 0.945143 0.921084 0.972556 0.724812 0.674902 0.954774 0.924058 0.602194 0.706931 0.943737 0.986300 0.673753 0.767109 0.981097 0.895228 0.884623 0.898358 0.913416 0.663237 0.696440 0.582544 0.799817 0.691042 0.623544 0.621777 0.798766 0.900371 0.796414 0.672122 0.836188 0.937032 0.995935 0.964784 0.997449 0.926277 0.950842 0.773540 0.727422 0.774538 0.634014 0.975585 0.828740 0.905030 0.866387 0.920632 0.858020 0.746788 0.919704 0.975223 0.788004 0.827104 0.782767 0.970964 0.988424 0.941202
0.428303 0.539768 0.953206 0.951469 0.941050 0.689128 0.766111 0.810536 0.832747 0.876342 0.000000 0.564688 0.765957 0.651780 0.920867 0.891092 0.538181 0.389858 0.552880 0.531790 0.832453 0.893583 0.894454 0.943754 0.946417 0.898309 0.975280 0.957386 0.620318 0.470027 0.740466 0.797019 0.676012 0.498060 0.905956 0.774714 0.962648 0.901484 0.846532 0.844867 0.734514 0.907243 0.699217 0.663842 0.836405 0.806734 0.632830 0.789592 0.749164 0.803708 0.993921 0.928999 0.861282 0.695554 0.683195 0.758289 0.466031 0.551271 0.583650 0.641233 0.856981 0.873333 0.514836 0.653203 0.980333 0.903407 0.711907 0.759788 0.614370 0.622750 0.972815 0.873430 0.895133 0.921903 0.814816 0.855943 0.842291 0.914677 0.735430 0.618902 0.400207 0.441307 0.774491 0.572869 0.817567 0.827540 0.737931 0.803535 0.814116 0.794425 0.714903 0.722714 0.632348 0.721793 0.756127 0.982776 0.634425 0.770862 0.607152 0.704424 0.986410 0.782431 0.751897 0.639749 0.943183 0.900603 0.823432 0.862193 0.890772 0.828488 0.948421 0.821936 0.808654 0.934350 0.939757 0.872110
0.402316 0.414995 0.616235 0.514650 0.815127 0.709613 0.601756 0.574449 0.882150 0.665484 0.564688 0.000000 0.486196 0.427087 0.566229 0.510058 0.614912 0.368358 0.459168 0.358490 0.644099 0.879707 0.646468 0.494433 0.633267 0.847134 0.682886 0.962485 0.744922 0.639546 0.848415 0.851103 0.629340 0.519494 0.721109 0.695531 0.665327 0.562468 0.751848 0.666080 0.845906 0.867921 0.749904 0.763633 0.969407 0.975167 0.679229 0.760740 0.966492 0.983171 0.844075 0.977507 0.739388 0.473873 0.585968 0.818478 0.406788 0.418892 0.641041 0.641533 0.551914 0.673806 0.678899 0.564980 0.581571 0.493466 0.632508 0.626099 0.519267 0.551935 0.813676 0.821562 0.967302 0.892058 0.980846 0.917265 0.935046 0.966804 0.730345 0.519398 0.416148 0.382233 0.727181 0.513077 0.481877 0.439178 0.549812 0.705473 0.646924 0.480172 0.770806 0.862948 0.600876 0.867390 0.834321 0.864862 0.681868 0.844455 0.803268 0.811639 0.897773 0.949229 0.822895 0.831554 0.706067 0.715248 0.820181 0.910552 0.846034 0.836161 0.929197 0.889159 0.921337 0.932276 0.905388 0.878117
0.359958 0.344271 0.426947 0.406900 0.684363 0.902758 0.440927 0.503216 0.925068 0.493619 0.765957 0.486196 0.000000 0.314999 0.338796 0.341288 0.430487 0.442448 0.308418 0.322351 0.705798 0.858116 0.348747 0.319471 0.483113 0.699030 0.622262 0.835249 0.742415 0.789937 0.857294 0.842781 0.478171 0.574841 0.800524 0.899778 0.488039 0.599360 0.730779 0.724195 0.671816 0.927941 0.643411 0.603868 0.985673 0.956462 0.560487 0.609937 0.876269 0.831949 0.986944 0.704613 0.907532 0.735411 0.596925 0.728604 0.360553 0.331743 0.523632 0.478706 0.416465 0.645477 0.591857 0.515517 0.383828 0.380303 0.554434 0.664103 0.446987 0.522560 0.527596 0.612548 0.954673 0.914401 0.953942 0.848726 0.723615 0.787694 0.644299 0.456327 0.426362 0.371715 0.577857 0.507720 0.275476 0.337903 0.528583 0.577344 0.563495 0.439245 0.825838 0.733999 0.694226 0.749284 0.765068 0.993680 0.684190 0.961003 0.881565 0.781805 0.746888 0.847071 0.857610 0.861283 0.715866 0.719481 0.980435 0.949325 0.848920 0.832233 0.944027 0.845559 0.907694 0.961328 0.796596 0.897371
0.332983 0.336092 0.629120 0.547886 0.907058 0.861208 0.569362 0.558473 0.901482 0.537377 0.651780 0.427087 0.314999 0.000000 0.419751 0.340823 0.418330 0.350471 0.290978 0.368230 0.814047 0.772238 0.592384 0.441325 0.699051 0.858349 0.678494 0.969613 0.682163 0.652915 0.870857 0.793508 0.607321 0.565360 0.776587 0.863939 0.749263 0.649940 0.766621 0.718368 0.859983 0.955473 0.652929 0.599530 0.952914 0.852713 0.512606 0.607726 0.997023 0.804603 0.950428 0.705704 0.929617 0.651003 0.626465 0.645043 0.306684 0.331210 0.485197 0.480863 0.540722 0.767740 0.615263 0.558203 0.591165 0.515286 0.624939 0.714170 0.602217 0.616588 0.808222 0.858378 0.914792 0.960079 0.905523 0.996447 0.852597 0.918451 0.596395 0.408624 0.367486 0.323336 0.501046 0.410809 0.396915 0.426673 0.583663 0.576129 0.607293 0.512815 0.838331 0.785031 0.741187 0.786102 0.839102 0.926623 0.726840 0.877175 0.805900 0.722452 0.777004 0.829630 0.774189 0.809607 0.754263 0.772989 0.936236 0.874549 0.816683 0.817662 0.915994 0.818532 0.878134 0.877596 0.811158 0.911461
0.612796 0.528649 0.514423 0.469960 0.727173 0.855995 0.456448 0.532204 0.870814 0.779203 0.920867 0.566229 0.338796 0.419751 0.000000 0.256039 0.551927 0.562022 0.455205 0.532407 0.779873 0.833808 0.354711 0.384400 0.582408 0.777921 0.719319 0.859131 0.589008 0.744221 0.723834 0.642566 0.506047 0.560793 0.793891 0.844142 0.640727 0.639959 0.810900 0.961523 0.793396 0.861346 0.548361 0.569874 0.774912 0.777424 0.551265 0.580115 0.967115 0.843958 0.916584 0.730248 0.884627 0.833490 0.714354 0.752960 0.479293 0.483954 0.594398 0.569320 0.398466 0.530790 0.618925 0.494116 0.449687 0.461510 0.610491 0.611111 0.720063 0.710089 0.601686 0.722723 0.892950 0.777993 0.872122 0.744814 0.722546 0.633730 0.567356 0.507572 0.533915 0.548697 0.577767 0.604978 0.386292 0.442209 0.648922 0.552857 0.641004 0.556998 0.902488 0.846940 0.821532 0.897380 0.754193 0.995799 0.660255 0.935799 0.824140 0.661572 0.899268 0.866237 0.824199 0.877113 0.631892 0.659992 0.968471 0.889554 0.750271 0.868914 0.869171 0.788778 0.780462 0.885168 0.751316 0.915762
0.582331 0.488027 0.558842 0.512094 0.774408 0.879749 0.578146 0.603873 0.946766 0.634271 0.891092 0.510058 0.341288 0.340823 0.256039 0.000000 0.555563 0.527027 0.471238 0.494019 0.769677 0.810582 0.380053 0.350746 0.555996 0.792845 0.686466 0.862207 0.673223 0.748239 0.800891 0.709860 0.577839 0.602119 0.813858 0.872977 0.645711 0.680710 0.791439 0.811577 0.761379 0.963261 0.630363 0.629684 0.980101 0.921214 0.560706 0.644201 0.879307 0.983652 0.954031 0.860422 0.963622 0.668709 0.759273 0.783161 0.428787 0.437687 0.629657 0.555431 0.454810 0.578560 0.702511 0.532372 0.492589 0.468043 0.706666 0.750579 0.679954 0.633705 0.725696 0.765600 0.948284 0.786774 0.904521 0.716495 0.860115 0.714211 0.585743 0.517139 0.508706 0.489123 0.546918 0.533566 0.370263 0.390203 0.670632 0.605729 0.577910 0.508526 0.968845 0.905956 0.825748 0.958876 0.895273 0.972502 0.757413 0.981371 0.921607 0.791115 0.819881 0.931542 0.823260 0.970684 0.679639 0.678552 0.989436 0.980443 0.778548 0.946561 0.954639 0.806816 0.827420 0.916701 0.741476 0.947453
0.345298 0.334000 0.751294 0.731128 0.942466 0.869822 0.577862 0.681540 0.944750 0.749660 0.538181 0.614912 0.430487 0.418330 0.551927 0.555563 0.000000 0.306055 0.343817 0.398933 0.856938 0.898879 0.745624 0.678746 0.806046 0.923280 0.848382 0.803014 0.502286 0.519751 0.966833 0.677992 0.452658 0.459091 0.813298 0.960068 0.767865 0.768303 0.812472 0.738566 0.707563 0.852714 0.421240 0.324959 0.761216 0.618999 0.394550 0.447504 0.731599 0.574208 0.693982 0.546382 0.896842 0.830287 0.540681 0.576410 0.262215 0.297944 0.351138 0.293076 0.632622 0.942637 0.305810 0.372187 0.785680 0.742524 0.612790 0.662072 0.492846 0.502771 0.730807 0.892855 0.999418 0.846484 0.810292 0.922258 0.619753 0.788408 0.474840 0.469242 0.254591 0.291842 0.440313 0.384550 0.512707 0.577756 0.783393 0.500164 0.585562 0.546364 0.811259 0.709415 0.790166 0.837106 0.659592 0.894744 0.697353 0.840590 0.645949 0.690944 0.794059 0.770333 0.630916 0.481230 0.754777 0.749973 0.953189 0.975647 0.924115 0.803722 0.845548 0.737014 0.724524 0.912923 0.694580 0.983159
0.244847 0.257324 0.749031 0.634030 0.915259 0.726267 0.574154 0.615018 0.868012 0.682386 0.389858 0.368358 0.442448 0.350471 0.562022 0.527027 0.306055 0.000000 0.301252 0.273150 0.762252 0.921059 0.758638 0.606302 0.779318 0.945439 0.851040 0.925052 0.539295 0.470863 0.852040 0.726346 0.495193 0.395494 0.750774 0.797293 0.779326 0.670189 0.732774 0.710903 0.712604 0.816281 0.470717 0.447470 0.802331 0.709655 0.430498 0.480946 0.775224 0.662393 0.879425 0.737821 0.865648 0.562671 0.520540 0.601721 0.205474 0.234868 0.330933 0.354694 0.629922 0.946305 0.390822 0.393939 0.734155 0.665777 0.549615 0.616443 0.438670 0.443797 0.781287 0.888279 0.935857 0.839344 0.804203 0.909781 0.761734 0.870558 0.492400 0.373954 0.205003 0.206717 0.496883 0.367422 0.463674 0.494903 0.630336 0.585669 0.547161 0.461993 0.721905 0.705911 0.588451 0.731436 0.687347 0.888816 0.562678 0.778316 0.619100 0.645512 0.866621 0.885373 0.598711 0.574426 0.670974 0.665241 0.972967 0.943938 0.899985 0.732508 0.886195 0.782221 0.800412 0.870265 0.796332 0.943086
0.314163 0.305484 0.610108 0.505726 0.830832 0.720052 0.463766 0.520488 0.995957 0.594205 0.552880 0.459168 0.308418 0.290978 0.455205 0.471238 0.343817 0.301252 0.000000 0.303836 0.785833 0.836288 0.586549 0.484526 0.726402 0.875035 0.680725 0.984457 0.604222 0.628682 0.927339 0.717419 0.503752 0.494362 0.730669 0.908317 0.732257 0.705291 0.698556 0.672458 0.703602 0.901020 0.555394 0.515207 0.868532 0.826343 0.479648 0.532053 0.924349 0.757138 0.966483 0.695838 0.925069 0.704323 0.522769 0.614477 0.287423 0.311693 0.431738 0.419246 0.541125 0.847527 0.467499 0.520811 0.582718 0.521915 0.474733 0.591877 0.508676 0.631751 0.573981 0.779454 0.988636 0.965317 0.888611 0.950510 0.703104 0.870601 0.566569 0.422282 0.306434 0.282975 0.604045 0.431913 0.393888 0.454112 0.622364 0.518444 0.602502 0.555883 0.701896 0.637495 0.593033 0.673448 0.708885 0.865982 0.527971 0.839168 0.682168 0.566897 0.805175 0.718696 0.736171 0.682314 0.667716 0.632968 0.934155 0.987145 0.845052 0.656255 0.891389 0.710568 0.785469 0.930695 0.739139 0.838441
0.263303 0.240353 0.520883 0.420451 0.770231 0.781604 0.463081 0.469560 0.996702 0.605581 0.531790 0.358490 0.322351 0.368230 0.532407 0.494019 0.398933 0.273150 0.303836 0.000000 0.685859 0.914181 0.570972 0.444277 0.583133 0.743189 0.664223 0.912455 0.711336 0.653019 0.966993 0.823428 0.458714 0.467495 0.721251 0.825768 0.582166 0.532752 0.645773 0.651407 0.720975 0.777451 0.556834 0.529199 0.928531 0.894410 0.477187 0.564802 0.977629 0.725946 0.973603 0.746782 0.869357 0.605860 0.440366 0.640125 0.257858 0.239748 0.395802 0.419113 0.511358 0.775232 0.523650 0.469226 0.520100 0.466030 0.463221 0.558292 0.318573 0.413162 0.598638 0.662915 0.985378 0.895297 0.886477 0.995768 0.630432 0.839535 0.595374 0.472406 0.277371 0.242231 0.561117 0.391321 0.337780 0.363407 0.558459 0.593521 0.511762 0.376861 0.688653 0.691059 0.531189 0.657959 0.704089 0.878444 0.561946 0.882031 0.745055 0.671529 0.877181 0.852208 0.694256 0.727485 0.634988 0.627136 0.908371 0.988765 0.852776 0.766127 0.910278 0.806517 0.922887 0.912128 0.792062 0.921641
0.668456 0.646398 0.649331 0.671416 0.826534 0.716199 0.813747 0.782853 0.979595 0.818949 0.832453 0.644099 0.705798 0.814047 0.779873 0.769677 0.856938 0.762252 0.785833 0.685859 0.000000 0.938240 0.769238 0.651874 0.643226 0.763796 0.827515 0.635107 0.932188 0.894180 0.849642 0.938822 0.746076 0.718421 0.712621 0.698378 0.761901 0.677371 0.651015 0.802600 0.850906 0.901862 0.959203 0.912578 0.948951 0.994167 0.857148 0.937064 0.943817 0.968340 0.887635 0.892068 0.711397 0.588217 0.723548 0.898430 0.713832 0.702823 0.751287 0.782078 0.557407 0.607697 0.890542 0.795630 0.604359 0.549527 0.776936 0.805749 0.662916 0.720972 0.908193 0.959843 0.942493 0.926369 0.873343 0.990052 0.909082 0.952024 0.945780 0.799721 0.765040 0.707631 0.776819 0.830299 0.628376 0.555037 0.716832 0.848110 0.715697 0.641207 0.886540 0.738003 0.964588 0.863370 0.914499 0.951114 0.859070 0.905400 0.912084 0.917597 0.823097 0.912880 0.997843 0.871278 0.973247 0.911501 0.862487 0.936357 0.987463 0.883768 0.947529 0.885324 0.956838 0.926389 0.960458 0.996283
0.931734 0.880283 0.943281 0.934003 0.856722 0.930685 0.928973 0.837310 0.940795 0.924228 0.893583 0.879707 0.858116 0.772238 0.833808 0.810582 0.898879 0.921059 0.836288 0.914181 0.938240 0.000000 0.956774 0.900847 0.925372 0.958322 0.937346 0.919664 0.983884 0.965528 0.885389 0.959446 0.935019 0.977637 0.999109 0.928357 0.994100 0.931526 0.849431 0.971055 0.972623 0.965663 0.939806 0.926772 0.979322 0.937715 0.853460 0.916859 0.908441 0.820033 0.820673 0.723282 0.735976 0.874133 0.887532 0.878248 0.889348 0.829132 0.891868 0.775300 0.888257 0.868227 0.870865 0.819395 0.979207 0.977991 0.939546 0.997844 0.892883 0.931605 0.924027 0.931354 0.982163 0.848052 0.956143 0.983085 0.970673 0.946986 0.944913 0.786034 0.892330 0.835245 0.889756 0.845723 0.947621 0.964303 0.903792 0.774232 0.992113 0.986701 0.897823 0.817124 0.977872 0.942676 0.787481 0.938487 0.751235 0.989755 0.837908 0.815589 0.844110 0.710168 0.968699 0.887592 0.914154 0.991993 0.945441 0.871324 0.925788 0.898815 0.864839 0.916067 0.915104 0.890620 0.745778 0.937082
0.730344 0.585875 0.336911 0.295400 0.559622 0.852187 0.431361 0.517621 0.742117 0.774182 0.894454 0.646468 0.348747 0.592384 0.354711 0.380053 0.745624 0.758638 0.586549 0.570972 0.769238 0.956774 0.000000 0.252965 0.359591 0.530721 0.557087 0.864142 0.863070 0.967932 0.601157 0.801993 0.548705 0.692036 0.657976 0.896228 0.462885 0.545715 0.691285 0.819439 0.771737 0.879083 0.689610 0.758832 0.907758 0.975004 0.745725 0.737160 0.824221 0.992148 0.926437 0.890683 0.944307 0.804643 0.739929 0.821481 0.661524 0.615166 0.758250 0.695066 0.398438 0.454789 0.843042 0.656699 0.257597 0.351416 0.502349 0.563313 0.649846 0.729132 0.491393 0.451843 0.739384 0.797140 0.889553 0.698474 0.781908 0.664909 0.683211 0.759482 0.743855 0.715401 0.706744 0.770622 0.308303 0.341318 0.686202 0.671797 0.550930 0.489954 0.893444 0.918963 0.728848 0.831197 0.755297 0.950323 0.753418 0.964845 0.967676 0.834215 0.770790 0.991565 0.971111 0.893121 0.596441 0.588261 0.925613 0.918569 0.843463 0.802454 0.870026 0.810605 0.921289 0.922040 0.760756 0.876988
0.557993 0.481781 0.343646 0.277679 0.598768 0.808330 0.473267 0.486369 0.839845 0.597050 0.943754 0.494433 0.319471 0.441325 0.384400 0.350746 0.678746 0.606302 0.484526 0.444277 0.651874 0.900847 0.252965 0.000000 0.338150 0.554064 0.498302 0.817266 0.837747 0.912411 0.745170 0.818552 0.540051 0.625911 0.634527 0.805999 0.509774 0.502236 0.618772 0.752795 0.758846 0.835687 0.788268 0.798409 0.988147 0.946742 0.713480 0.756105 0.775207 0.969746 0.800297 0.988886 0.780778 0.587306 0.603252 0.777390 0.527916 0.504140 0.703866 0.650142 0.417700 0.541442 0.814208 0.662875 0.283627 0.322440 0.547608 0.596725 0.528723 0.684414 0.589660 0.573369 0.891904 0.872814 0.955699 0.875480 0.837141 0.733480 0.676649 0.609408 0.600013 0.541282 0.649489 0.584801 0.259070 0.261563 0.660446 0.655729 0.453601 0.400941 0.949765 0.974227 0.730803 0.887628 0.804254 0.915587 0.734539 0.957749 0.978795 0.892823 0.769666 0.981189 0.954515 0.914931 0.660332 0.660316 0.964418 0.974756 0.946374 0.891036 0.966639 0.864900 0.984333 0.903610 0.841919 0.886436
0.635732 0.568743 0.325988 0.362176 0.565960 0.950282 0.543990 0.575755 0.705467 0.707558 0.946417 0.633267 0.483113 0.699051 0.582408 0.555996 0.806046 0.779318 0.726402 0.583133 0.643226 0.925372 0.359591 0.338150 0.000000 0.326798 0.540393 0.772449 0.938973 0.873628 0.588983 0.902254 0.515696 0.686472 0.593815 0.773704 0.369147 0.476582 0.663744 0.687922 0.716452 0.816489 0.862190 0.862099 0.992705 0.933871 0.772763 0.833245 0.755454 0.904948 0.831301 0.938215 0.749288 0.598943 0.584529 0.858088 0.661573 0.628577 0.763650 0.739393 0.404841 0.477137 0.982834 0.771566 0.263581 0.320657 0.595832 0.603285 0.448647 0.534021 0.743006 0.544612 0.804724 0.801983 0.947747 0.927074 0.919554 0.798843 0.846186 0.825016 0.776482 0.691351 0.690566 0.697926 0.317849 0.284554 0.762376 0.746203 0.465971 0.374131 0.965613 0.793604 0.814209 0.962299 0.801121 0.924390 0.925967 0.966792 0.852401 0.863654 0.717690 0.875789 0.922224 0.868864 0.744490 0.753272 0.959565 0.943609 0.884191 0.955700 0.994916 0.979625 0.892622 0.803344 0.877642 0.922521
0.784302 0.720883 0.379610 0.497675 0.606425 0.904691 0.530289 0.560974 0.548944 0.919365 0.898309 0.847134 0.699030 0.858349 0.777921 0.792845 0.923280 0.945439 0.875035 0.743189 0.763796 0.958322 0.530721 0.554064 0.326798 0.000000 0.706455 0.785804 0.838026 0.790624 0.536840 0.895426 0.571535 0.729377 0.614433 0.710770 0.457554 0.568569 0.629715 0.661893 0.901076 0.769953 0.851161 0.879118 0.860726 0.938381 0.775757 0.882005 0.865355 0.995682 0.996310 0.938003 0.968984 0.820700 0.540673 0.819835 0.819375 0.779585 0.780332 0.816046 0.471311 0.521364 0.926100 0.926432 0.372719 0.423084 0.543930 0.551248 0.558665 0.645466 0.791537 0.563819 0.742161 0.853935 0.985413 0.983478 0.959023 0.950785 0.946525 0.989708 0.934976 0.886454 0.734540 0.877367 0.473522 0.424639 0.887930 0.838737 0.574414 0.520939 0.976105 0.764368 0.903290 0.940006 0.826157 0.925870 0.992545 0.991862 0.878370 0.901916 0.855247 0.897854 0.871077 0.815720 0.799173 0.754721 0.952501 0.923191 0.862777 0.873066 0.893544 0.998605 0.870594 0.850139 0.906426 0.904685
0.781116 0.730997 0.657521 0.549850 0.669056 0.938464 0.807817 0.764510 0.933268 0.682306 0.975280 0.682886 0.622262 0.678494 0.719319 0.686466 0.848382 0.851040 0.680725 0.664223 0.827515 0.937346 0.557087 0.498302 0.540393 0.706455 0.000000 0.853294 0.921689 0.894720 0.949744 0.939558 0.879372 0.980603 0.853376 0.867826 0.783978 0.677816 0.754785 0.887493 0.922958 0.984217 0.981992 0.973913 0.732888 0.743219 0.879464 0.987035 0.659961 0.839462 0.736919 0.936566 0.725380 0.725284 0.868438 0.975134 0.779018 0.786562 0.983278 0.839137 0.779307 0.808618 0.981141 0.941773 0.581559 0.588724 0.824461 0.824050 0.739374 0.799200 0.836921 0.829816 0.950830 0.956816 0.987661 0.916799 0.869400 0.954831 0.830743 0.865740 0.882484 0.778434 0.885773 0.910069 0.623290 0.590952 0.764159 0.820691 0.823255 0.644576 0.909939 0.918065 0.786768 0.872226 0.933491 0.925498 0.973864 0.957584 0.933325 0.998353 0.831569 0.957531 0.959276 0.950101 0.862423 0.840690 0.952002 0.956533 0.918862 0.890700 0.907350 0.980618 0.936273 0.815321 0.981670 0.833354
0.825439 0.838397 0.811983 0.888240 0.919908 0.918228 0.920071 0.973462 0.950767 0.835401 0.957386 0.962485 0.835249 0.969613 0.859131 0.862207 0.803014 0.925052 0.984457 0.912455 0.635107 0.919664 0.864142 0.817266 0.772449 0.785804 0.853294 0.000000 0.932510 0.969829 0.770454 0.977911 0.844953 0.994921 0.992377 0.744270 0.825568 0.925286 0.886879 0.999184 0.921832 0.838706 0.891808 0.864069 0.934675 0.983162 0.908889 0.975810 0.902643 0.981694 0.977744 0.960621 0.883501 0.794684 0.901724 0.843140 0.843069 0.845788 0.884100 0.820827 0.874745 0.932125 0.988798 0.967059 0.828880 0.817415 0.984710 0.967768 0.769192 0.736170 0.849668 0.949681 0.953125 0.872457 0.973313 0.932231 0.863429 0.970357 0.998721 0.990045 0.905835 0.888519 0.877457 0.995701 0.818380 0.783168 0.897163 0.888690 0.897354 0.739775 0.863748 0.826999 0.861000 0.802689 0.863908 0.743782 0.940759 0.831704 0.861710 0.791369 0.734082 0.892819 0.949267 0.927347 0.967507 0.875802 0.963333 0.970952 0.883161 0.799800 0.855103 0.858687 0.999613 0.923478 0.917221 0.915929
0.700825 0.661189 0.976467 0.886472 0.986908 0.778533 0.763250 0.884223 0.963520 0.989615 0.620318 0.744922 0.742415 0.682163 0.589008 0.673223 0.502286 0.539295 0.604222 0.711336 0.932188 0.983884 0.863070 0.837747 0.938973 0.838026 0.921689 0.932510 0.000000 0.332562 0.910876 0.459751 0.638057 0.541566 0.914699 0.992098 0.959258 0.996558 0.905925 0.992847 0.868663 0.948108 0.498150 0.473895 0.634769 0.583200 0.619387 0.547834 0.735132 0.707894 0.744961 0.749847 0.815656 0.943695 0.820818 0.757538 0.533831 0.641207 0.555030 0.619305 0.761605 0.978383 0.420854 0.497509 0.978029 0.939441 0.715453 0.762364 0.870162 0.967238 0.836154 0.966171 0.931446 0.716225 0.924885 0.972240 0.776829 0.681453 0.530571 0.547332 0.487817 0.634955 0.662638 0.623908 0.783691 0.853280 0.795487 0.710689 0.863957 0.912756 0.977255 0.838315 0.924502 0.996737 0.621486 0.844788 0.597969 0.982709 0.717820 0.671288 0.994029 0.853467 0.748185 0.526697 0.724583 0.737663 0.960940 0.925214 0.849866 0.842241 0.809750 0.688054 0.694806 0.889810 0.781781 0.987235
0.645953 0.605741 0.987492 0.947341 0.944974 0.745274 0.876160 0.944277 0.890587 0.955697 0.470027 0.639546 0.789937 0.652915 0.744221 0.748239 0.519751 0.470863 0.628682 0.653019 0.894180 0.965528 0.967932 0.912411 0.873628 0.790624 0.894720 0.969829 0.332562 0.000000 0.912537 0.614699 0.742317 0.579092 0.902096 0.888919 0.960139 0.965260 0.952987 0.888835 0.849998 0.974156 0.586868 0.558108 0.729494 0.685170 0.684970 0.674724 0.716821 0.743740 0.809563 0.842561 0.934713 0.792867 0.887481 0.800337 0.524688 0.620759 0.572088 0.554531 0.838469 0.948444 0.467726 0.505654 0.945014 0.985196 0.752508 0.807030 0.836017 0.872692 0.949858 0.911051 0.909353 0.742563 0.936977 0.971920 0.909824 0.748731 0.551409 0.524487 0.462353 0.577908 0.675291 0.622198 0.861347 0.909127 0.782194 0.681669 0.890247 0.909937 0.951993 0.834443 0.903235 0.947179 0.695714 0.831444 0.684961 0.888087 0.709611 0.750774 0.938480 0.999510 0.698645 0.562822 0.860090 0.726743 0.865043 0.857546 0.907214 0.876932 0.842515 0.806062 0.806909 0.917364 0.857665 0.941264
0.875106 0.968649 0.657162 0.763251 0.705996 0.927711 0.726246 0.881930 0.564885 0.907077 0.740466 0.848415 0.857294 0.870857 0.723834 0.800891 0.966833 0.852040 0.927339 0.966993 0.849642 0.885389 0.601157 0.745170 0.588983 0.536840 0.949744 0.770454 0.910876 0.912537 0.000000 0.612692 0.614739 0.849327 0.737947 0.982995 0.666264 0.882360 0.689196 0.942266 0.894470 0.885752 0.756636 0.758926 0.771623 0.812636 0.903381 0.908762 0.959536 0.933601 0.864539 0.906320 0.815133 0.911307 0.862069 0.940209 0.990376 0.982823 0.908383 0.902623 0.627965 0.646921 0.962037 0.812480 0.645275 0.769334 0.805981 0.733686 0.863734 0.946108 0.823608 0.784628 0.637742 0.724683 0.851518 0.814571 0.821550 0.599944 0.875234 0.997133 0.963727 0.894922 0.817403 0.985740 0.740838 0.741982 0.897695 0.917029 0.765245 0.821152 0.739474 0.699611 0.789080 0.718717 0.854286 0.925282 0.991647 0.877421 0.832204 0.901353 0.958938 0.893118 0.898444 0.911871 0.856337 0.818632 0.811700 0.972555 0.906256 0.975918 0.921088 0.974398 0.922363 0.947748 0.898587 0.993959
0.902031 0.812334 0.892192 0.796026 0.910226 0.863146 0.704064 0.751931 0.826729 0.844120 0.797019 0.851103 0.842781 0.793508 0.642566 0.709860 0.677992 0.726346 0.717419 0.823428 0.938822 0.959446 0.801993 0.818552 0.902254 0.895426 0.939558 0.977911 0.459751 0.614699 0.612692 0.000000 0.603459 0.566277 0.823411 0.897395 0.836140 0.942306 0.813642 0.959305 0.918256 0.935183 0.536492 0.482408 0.632030 0.620834 0.666584 0.686734 0.793986 0.781237 0.826060 0.821052 0.832777 0.983133 0.720813 0.736090 0.691525 0.781651 0.691010 0.716644 0.716500 0.875395 0.681756 0.620775 0.888682 0.870455 0.707407 0.702425 0.937239 0.993309 0.860637 0.953910 0.825398 0.679429 0.922308 0.943363 0.766107 0.682866 0.600619 0.715553 0.631411 0.769468 0.673790 0.658828 0.783581 0.828478 0.930320 0.733243 0.796953 0.849191 0.932927 0.992110 0.951354 0.974382 0.750161 0.945495 0.795009 0.969532 0.740086 0.674505 0.884480 0.862379 0.725688 0.750062 0.733085 0.710698 0.925525 0.982191 0.757964 0.831300 0.821909 0.787093 0.745568 0.949397 0.793496 0.982700
0.477651 0.429335 0.458345 0.483133 0.765578 0.776390 0.333022 0.451008 0.606949 0.892893 0.676012 0.629340 0.478171 0.607321 0.506047 0.577839 0.452658 0.495193 0.503752 0.458714 0.746076 0.935019 0.548705 0.540051 0.515696 0.571535 0.879372 0.844953 0.638057 0.742317 0.614739 0.603459 0.000000 0.359169 0.529732 0.841462 0.519659 0.589952 0.652897 0.774031 0.690543 0.631582 0.386254 0.404550 0.558379 0.608756 0.444216 0.502339 0.792827 0.682138 0.788633 0.709716 0.930944 0.818643 0.416697 0.555357 0.440368 0.430176 0.395535 0.500939 0.352933 0.638644 0.480653 0.445601 0.463079 0.487830 0.358230 0.388027 0.480285 0.546938 0.557276 0.655908 0.819831 0.704692 0.834383 0.851546 0.594518 0.723913 0.536340 0.619295 0.447284 0.493695 0.538501 0.491362 0.365460 0.400341 0.762952 0.580689 0.488874 0.456859 0.806951 0.918344 0.710343 0.858848 0.682437 0.994370 0.643418 0.885339 0.745519 0.740541 0.876479 0.842319 0.838942 0.724717 0.592398 0.597966 0.908888 0.990998 0.876031 0.815146 0.908788 0.774172 0.726720 0.903224 0.755196 0.993583
0.441067 0.441395 0.613428 0.597289 0.767669 0.697841 0.404934 0.471401 0.834594 0.970098 0.498060 0.519494 0.574841 0.565360 0.560793 0.602119 0.459091 0.395494 0.494362 0.467495 0.718421 0.977637 0.692036 0.625911 0.686472 0.729377 0.980603 0.994921 0.541566 0.579092 0.849327 0.566277 0.359169 0.000000 0.547912 0.782942 0.623725 0.639969 0.735064 0.782256 0.647858 0.704302 0.487996 0.439729 0.551751 0.585267 0.433746 0.536146 0.717334 0.718023 0.818524 0.798551 0.971115 0.713315 0.402270 0.526471 0.402459 0.395792 0.394335 0.470219 0.405318 0.642548 0.432974 0.369827 0.612277 0.567877 0.436662 0.439306 0.510292 0.567310 0.747715 0.793659 0.882565 0.671955 0.875425 0.995126 0.827616 0.756923 0.683640 0.604615 0.342147 0.406637 0.461458 0.399797 0.444495 0.475914 0.641064 0.567266 0.505995 0.566691 0.849799 0.970607 0.746763 0.914924 0.751588 0.949882 0.549213 0.891955 0.667117 0.732800 0.986978 0.876590 0.779656 0.658245 0.624906 0.632941 0.984332 0.958323 0.867566 0.778073 0.886573 0.775909 0.775714 0.992310 0.818116 0.995466
0.714752 0.669478 0.572799 0.577874 0.825099 0.802012 0.520002 0.557091 0.669302 0.962497 0.905956 0.721109 0.800524 0.776587 0.793891 0.813858 0.813298 0.750774 0.730669 0.721251 0.712621 0.999109 0.657976 0.634527 0.593815 0.614433 0.853376 0.992377 0.914699 0.902096 0.737947 0.823411 0.529732 0.547912 0.000000 0.901362 0.688969 0.559105 0.507188 0.716851 0.965924 0.740649 0.751701 0.743787 0.692635 0.790277 0.710479 0.821101 0.922794 0.939221 0.956784 0.995878 0.915115 0.742759 0.510679 0.603426 0.744806 0.730851 0.615449 0.731251 0.492950 0.568062 0.772906 0.647809 0.527208 0.544943 0.426458 0.454668 0.691971 0.820460 0.739680 0.707334 0.793432 0.936616 0.964038 0.977109 0.878506 0.862147 0.765153 0.819556 0.737107 0.716434 0.628835 0.740918 0.541202 0.499255 0.960939 0.709051 0.563397 0.583311 0.965786 0.788854 0.848346 0.988964 0.795692 0.889475 0.710433 0.708056 0.928831 0.901363 0.830126 0.909111 0.980596 0.964186 0.738478 0.747364 0.851546 0.984596 0.969186 0.901865 0.995837 0.800651 0.936992 0.890064 0.839211 0.943888
0.783580 0.869649 0.804450 0.786652 0.850706 0.626629 0.809149 0.774923 0.903866 0.970569 0.774714 0.695531 0.899778 0.863939 0.844142 0.872977 0.960068 0.797293 0.908317 0.825768 0.698378 0.928357 0.896228 0.805999 0.773704 0.710770 0.867826 0.744270 0.992098 0.888919 0.982995 0.897395 0.841462 0.782942 0.901362 0.000000 0.862833 0.759969 0.908852 0.945652 0.956386 0.883033 0.997139 0.950169 0.963051 0.941595 0.940861 0.807361 0.875046 0.814103 0.781497 0.776137 0.709302 0.626341 0.770510 0.971084 0.843953 0.877132 0.951610 0.922639 0.834501 0.865016 0.883767 0.969432 0.747832 0.717001 0.856881 0.830866 0.804718 0.748916 0.986989 0.948934 0.887845 0.988893 0.919820 0.999750 0.881509 0.902065 0.961967 0.800264 0.857892 0.837328 0.904122 0.928360 0.792643 0.733294 0.957870 0.892611 0.848786 0.823756 0.859844 0.884372 0.936097 0.984495 0.930619 0.980827 0.948424 0.952450 0.983133 0.976107 0.992818 0.935268 0.934912 0.850105 0.905180 0.915205 0.985246 0.864934 0.983310 0.900394 0.988829 0.873854 0.851161 0.732551 0.794090 0.827354
0.629501 0.614451 0.387389 0.457324 0.648570 0.973204 0.464031 0.497303 0.748234 0.726874 0.962648 0.665327 0.488039 0.749263 0.640727 0.645711 0.767865 0.779326 0.732257 0.582166 0.761901 0.994100 0.462885 0.509774 0.369147 0.457554 0.783978 0.825568 0.959258 0.960139 0.666264 0.836140 0.519659 0.623725 0.688969 0.862833 0.000000 0.541548 0.734930 0.733371 0.741569 0.885653 0.820369 0.757624 0.889244 0.947227 0.728549 0.751803 0.874647 0.941078 0.951843 0.908813 0.958055 0.834388 0.485385 0.832925 0.668288 0.601283 0.666258 0.741478 0.418869 0.569604 0.846403 0.677768 0.399601 0.432902 0.561580 0.631564 0.485969 0.574836 0.648061 0.516668 0.880247 0.757363 0.997588 0.937413 0.835800 0.827404 0.856309 0.848960 0.683973 0.631758 0.694733 0.622531 0.415637 0.431166 0.781597 0.684852 0.626739 0.525146 0.939366 0.965840 0.818875 0.899953 0.796777 0.926239 0.766144 0.828445 0.975406 0.983023 0.816615 0.964614 0.983619 0.954102 0.745699 0.781541 0.972635 0.889002 0.848119 0.838013 0.948826 0.943807 0.976274 0.910300 0.889795 0.877812
0.577426 0.537692 0.425531 0.434466 0.778807 0.905897 0.543845 0.551844 0.812084 0.949317 0.901484 0.562468 0.599360 0.649940 0.639959 0.680710 0.768303 0.670189 0.705291 0.532752 0.677371 0.931526 0.545715 0.502236 0.476582 0.568569 0.677816 0.925286 0.996558 0.965260 0.882360 0.942306 0.589952 0.639969 0.559105 0.759969 0.541548 0.000000 0.603267 0.653760 0.915864 0.656677 0.825654 0.829742 0.849910 0.908128 0.684639 0.811062 0.990594 0.855589 0.975336 0.903211 0.833693 0.684796 0.524333 0.736431 0.642131 0.571160 0.655190 0.720912 0.469510 0.558431 0.847866 0.660160 0.439379 0.462081 0.566046 0.546002 0.532364 0.605789 0.754236 0.647395 0.811428 0.835654 0.994716 0.991322 0.731861 0.952018 0.820807 0.797986 0.674881 0.633744 0.770487 0.696677 0.468462 0.434687 0.737981 0.717741 0.587813 0.456413 0.851170 0.914845 0.727305 0.852657 0.976089 0.923105 0.822078 0.842073 0.874911 0.864848 0.906618 0.974554 0.881882 0.916768 0.685106 0.759038 0.881110 0.962709 0.943234 0.867690 0.868011 0.901832 0.839210 0.904002 0.889156 0.987338
