0.000000 0.159839 0.689708 0.628204 0.673859 0.750091 0.837464 0.234658 0.875720 0.351445 0.217898 0.173972 0.312956 0.237488 0.508203 0.519436 0.214935 0.205678 0.257678 0.227232 0.962700 0.865446 0.867183 0.909920 0.618941 0.763754 0.931637 0.948967 0.241097 0.229566 0.688321 0.709067 0.489857 0.350034 0.661534 0.572216 0.959071 0.912330 0.962837 0.859651 0.696128 0.725356 0.699525 0.406607 0.704045 0.319202 0.501356 0.401792 0.174334 0.202992 0.269645 0.265391 0.345553 0.454292 0.584785 0.443120 0.244554 0.219574 0.301139 0.242916 0.501178 0.215751 0.242515 0.181599 0.448358 0.734503 0.814119 0.895231 0.489162 0.388304 0.693232 0.716774 0.433715 0.415508 0.702531 0.806950 0.398285 0.472281 0.432700 0.307192 0.227472 0.252934 0.414302 0.564579 0.763713 0.778063 0.648869 0.993452 0.990987 0.599828 0.923804 0.682564 0.646452 0.473777 0.988794 0.732756 0.739401 0.667987 0.526987 0.562155 0.620719 0.826896 0.426637 0.470881 0.671337 0.786890 0.977698 0.969651 0.754264 0.961611 0.940276 0.758708 0.474215 0.821768 0.758232 0.690746
0.159839 0.000000 0.620637 0.696224 0.647458 0.806424 0.971981 0.273787 0.797286 0.392477 0.270283 0.196596 0.411239 0.276335 0.589582 0.572785 0.228493 0.217778 0.260999 0.205627 0.964172 0.817222 0.875583 0.931230 0.654094 0.743551 0.955351 0.960900 0.251377 0.264591 0.723436 0.739492 0.555113 0.399148 0.653175 0.580505 0.970654 0.884179 0.980791 0.875795 0.683271 0.735185 0.802948 0.485612 0.778635 0.386106 0.551910 0.480542 0.185976 0.215425 0.307494 0.303993 0.387754 0.506158 0.604753 0.469674 0.214209 0.172017 0.394725 0.284339 0.631593 0.249638 0.311114 0.220718 0.374639 0.647279 0.698367 0.799140 0.464584 0.370644 0.758862 0.769216 0.400895 0.433654 0.699989 0.848583 0.411131 0.503461 0.485698 0.307843 0.228597 0.243698 0.493897 0.560430 0.763762 0.771116 0.665966 0.944608 0.935118 0.636353 0.989378 0.615702 0.602703 0.448135 0.978026 0.744129 0.796629 0.601740 0.610716 0.652523 0.683105 0.898563 0.474587 0.533210 0.705862 0.876938 0.985639 0.958349 0.766586 0.943018 0.934103 0.836550 0.530761 0.841081 0.872690 0.700254
0.689708 0.620637 0.000000 0.722191 0.740837 0.901856 0.476780 0.914118 0.657174 0.912342 0.747215 0.557392 0.872382 0.540864 0.886234 0.682484 0.739771 0.749430 0.632726 0.576974 0.926895 0.944413 0.768066 0.855198 0.593884 0.375087 0.809881 0.952357 0.748807 0.716959 0.761068 0.864745 0.829691 0.875814 0.395654 0.587830 0.855427 0.970528 0.775226 0.941300 0.932441 0.976285 0.727194 0.977701 0.676254 0.992130 0.980803 0.949370 0.735842 0.621386 0.773485 0.733539 0.812772 0.886561 0.872918 0.837306 0.691748 0.596926 0.864128 0.663923 0.790336 0.722391 0.766946 0.680744 0.298912 0.579164 0.451271 0.463805 0.610654 0.576359 0.770341 0.906743 0.776277 0.880493 0.953125 0.930359 0.801831 0.922106 0.847861 0.758272 0.775131 0.696979 0.800081 0.910158 0.870879 0.855133 0.721987 0.793855 0.713145 0.896999 0.630527 0.551036 0.366128 0.524695 0.808197 0.812357 0.896187 0.527094 0.858616 0.844107 0.995642 0.783209 0.960155 0.973391 0.799942 0.776625 0.995459 0.810044 0.963654 0.935734 0.718726 0.857642 0.910939 0.997823 0.766235 0.834654
0.628204 0.696224 0.722191 0.000000 0.960709 0.925780 0.669419 0.620942 0.974873 0.730102 0.691874 0.744676 0.726705 0.778839 0.818946 0.859209 0.695194 0.705299 0.782155 0.686458 0.990501 0.982200 0.906526 0.993740 0.910929 0.837870 0.957643 0.997307 0.725747 0.761783 0.859267 0.877376 0.627172 0.755319 0.947616 0.790788 0.980345 0.841333 0.780647 0.826692 0.859957 0.838416 0.838896 0.741028 0.740514 0.644635 0.857395 0.631534 0.665404 0.728091 0.680833 0.720201 0.697163 0.780687 0.708881 0.755351 0.645880 0.681553 0.589205 0.725832 0.610893 0.630237 0.759372 0.711502 0.873097 0.814616 0.865717 0.871845 0.685829 0.677056 0.909530 0.947911 0.839126 0.875888 0.805719 0.937655 0.808484 0.841913 0.671458 0.770003 0.710744 0.669128 0.646526 0.612519 0.678521 0.750955 0.971755 0.886306 0.793256 0.695726 0.908896 0.959579 0.907425 0.939432 0.849720 0.950015 0.682232 0.911531 0.728122 0.751669 0.957929 0.792530 0.794361 0.745124 0.624528 0.745869 0.903272 0.909466 0.950867 0.931551 0.939366 0.964145 0.667728 0.990880 0.939397 0.786227
0.673859 0.647458 0.740837 0.960709 0.000000 0.933194 0.996984 0.714009 0.883854 0.745796 0.698696 0.662433 0.757819 0.721307 0.970016 0.922186 0.638645 0.659592 0.587929 0.658823 0.974995 0.977878 0.850560 0.922787 0.998692 0.835491 0.988229 0.995195 0.763095 0.762889 0.954425 0.868061 0.901317 0.784325 0.865221 0.837716 0.845847 0.929096 0.955172 0.970843 0.921086 0.828135 0.999847 0.873824 0.896615 0.817415 0.958863 0.870185 0.777787 0.773023 0.830528 0.814120 0.849857 0.869138 0.780396 0.735939 0.662358 0.703957 0.810243 0.918863 0.945703 0.786452 0.747131 0.705817 0.673934 0.723393 0.867606 0.788449 0.761287 0.756435 0.666863 0.788438 0.813097 0.736660 0.884839 0.921227 0.598959 0.763236 0.833988 0.777042 0.683343 0.610122 0.793778 0.701095 0.950082 0.976872 0.953001 0.885761 0.855490 0.764732 0.873125 0.736122 0.772518 0.714495 0.988515 0.895044 0.901490 0.833784 0.853887 0.859035 0.926592 0.892411 0.738918 0.767418 0.967922 0.993947 0.925707 0.869047 0.994138 0.902642 0.896087 0.843123 0.886293 0.969624 0.917018 0.652503
0.750091 0.806424 0.901856 0.925780 0.933194 0.000000 0.771977 0.629691 0.750333 0.737876 0.768942 0.740879 0.720555 0.694066 0.763037 0.675549 0.882817 0.837833 0.817412 0.855788 0.867558 0.936005 0.780301 0.896128 0.632678 0.914458 0.886568 0.897963 0.724030 0.704396 0.816825 0.762597 0.706192 0.792854 0.888879 0.838599 0.902444 0.937800 0.963286 0.940253 0.992070 0.897643 0.610619 0.583685 0.808138 0.686350 0.801082 0.766787 0.705808 0.614431 0.578571 0.564624 0.635028 0.523480 0.877095 0.750520 0.963044 0.925209 0.732122 0.657818 0.756624 0.676593 0.714592 0.719845 0.761304 0.853484 0.889694 0.813773 0.847439 0.849756 0.736086 0.817364 0.811970 0.654011 0.823000 0.900472 0.630472 0.712542 0.776272 0.697338 0.774867 0.906820 0.883221 0.973661 0.814318 0.922609 0.931379 0.728476 0.870439 0.996597 0.692890 0.809786 0.858927 0.917608 0.979929 0.862921 0.852750 0.925864 0.710374 0.671016 0.605204 0.738214 0.793235 0.699274 0.739247 0.705041 0.696365 0.732141 0.776102 0.907337 0.935904 0.754625 0.810177 0.839445 0.844080 0.973258
0.837464 0.971981 0.476780 0.669419 0.996984 0.771977 0.000000 0.545906 0.591584 0.541400 0.707146 0.928863 0.633490 0.968581 0.782315 0.996368 0.784763 0.766590 0.819510 0.993939 0.931515 0.879306 0.931840 0.630548 0.919168 0.721660 0.636692 0.943544 0.781276 0.749415 0.571677 0.605246 0.460124 0.615000 0.663028 0.906043 0.859657 0.868726 0.792251 0.985477 0.796558 0.999310 0.276148 0.436475 0.291213 0.532380 0.600496 0.492662 0.792253 0.905104 0.698119 0.753792 0.700749 0.624944 0.759475 0.749777 0.972307 0.895746 0.650735 0.953871 0.321583 0.769805 0.688089 0.772119 0.745864 0.696883 0.341810 0.306738 0.751440 0.843445 0.728443 0.654976 0.743746 0.662807 0.935042 0.875598 0.673199 0.712028 0.634739 0.798810 0.756514 0.943244 0.886299 0.826559 0.991881 0.680567 0.962359 0.587885 0.857750 0.875922 0.384780 0.517440 0.492431 0.678422 0.854717 0.893820 0.594271 0.604626 0.383319 0.354272 0.501536 0.533005 0.540698 0.528701 0.681802 0.570428 0.920365 0.587343 0.733358 0.976765 0.722237 0.479510 0.563620 0.825569 0.586959 0.959790
0.234658 0.273787 0.914118 0.620942 0.714009 0.629691 0.545906 0.000000 0.964547 0.275616 0.258447 0.296569 0.334424 0.346809 0.537459 0.605469 0.284988 0.271787 0.320777 0.348641 0.947622 0.962016 0.883738 0.767041 0.615300 0.902767 0.865740 0.935064 0.281989 0.274997 0.564202 0.604430 0.383545 0.319446 0.821903 0.680656 0.921647 0.886533 0.921603 0.937937 0.693488 0.784469 0.468139 0.292200 0.476874 0.243956 0.467593 0.351573 0.228896 0.280200 0.276196 0.282686 0.350716 0.379402 0.616321 0.500305 0.376158 0.386294 0.316515 0.374027 0.375953 0.263894 0.250580 0.243977 0.580007 0.845941 0.902535 0.833330 0.726715 0.564959 0.589705 0.667313 0.381749 0.348426 0.680526 0.826884 0.333122 0.424614 0.426309 0.367253 0.251804 0.356131 0.491367 0.585745 0.858486 0.997996 0.711848 0.805556 0.958354 0.678386 0.704459 0.972969 0.939851 0.719751 0.878499 0.727772 0.653627 0.833257 0.367157 0.387636 0.480465 0.680100 0.348030 0.367303 0.611043 0.595640 0.896177 0.833666 0.657526 0.915906 0.837080 0.577193 0.405011 0.729247 0.650374 0.810250
0.875720 0.797286 0.657174 0.974873 0.883854 0.750333 0.591584 0.964547 0.000000 0.896919 0.920571 0.820471 0.964868 0.798732 0.961982 0.907260 0.892641 0.848399 0.868318 0.774857 0.901078 0.919261 0.865560 0.747170 0.970380 0.749390 0.793417 0.918215 0.921905 0.952079 0.725828 0.780011 0.890466 0.975674 0.699139 0.830175 0.910811 0.988207 0.914333 0.973312 0.880987 0.967344 0.640692 0.786775 0.670638 0.873056 0.922664 0.794927 0.991060 0.947782 0.863976 0.887098 0.849283 0.753861 0.934816 0.814852 0.723542 0.691346 0.899053 0.888734 0.791028 0.945976 0.923881 0.889773 0.752563 0.602072 0.653316 0.608912 0.732661 0.810954 0.993691 0.880106 0.903202 0.937896 0.999057 0.959965 0.919239 0.898439 0.976375 0.949691 0.928461 0.780824 0.802874 0.790844 0.840886 0.777206 0.676536 0.677056 0.883209 0.984499 0.586370 0.532342 0.622738 0.643878 0.931169 0.959172 0.996390 0.837268 0.723171 0.719007 0.729751 0.782790 0.926953 0.866119 0.819431 0.745760 0.903755 0.705243 0.879727 0.966787 0.929131 0.810082 0.801813 0.894446 0.792679 0.806294
0.351445 0.392477 0.912342 0.730102 0.745796 0.737876 0.541400 0.275616 0.896919 0.000000 0.305301 0.362397 0.379834 0.428433 0.510923 0.627460 0.283935 0.279421 0.380710 0.462774 0.818513 0.916895 0.980825 0.859512 0.683997 0.853769 0.803667 0.947896 0.309109 0.267063 0.497784 0.573801 0.377168 0.368002 0.842003 0.813481 0.785290 0.802536 0.966829 0.887012 0.685389 0.773653 0.459203 0.319872 0.439711 0.276185 0.482813 0.359875 0.325232 0.476485 0.407308 0.465056 0.478355 0.565772 0.637985 0.519146 0.435178 0.501412 0.343754 0.558845 0.374972 0.359481 0.303992 0.265674 0.663096 0.811302 0.850478 0.796152 0.744612 0.659984 0.587536 0.484829 0.466693 0.442013 0.784804 0.882259 0.479715 0.467790 0.422326 0.371478 0.243523 0.366665 0.506627 0.503828 0.810780 0.968416 0.864239 0.913257 0.989585 0.607651 0.809491 0.857785 0.863505 0.687970 0.991910 0.771141 0.588494 0.881184 0.437530 0.386566 0.577989 0.777771 0.407185 0.409043 0.683122 0.726663 0.997210 0.852536 0.649958 0.928405 0.929632 0.572859 0.509053 0.809057 0.733870 0.783002
0.217898 0.270283 0.747215 0.691874 0.698696 0.768942 0.707146 0.258447 0.920571 0.305301 0.000000 0.205855 0.253963 0.255289 0.453100 0.473353 0.203171 0.195379 0.231449 0.302477 0.939280 0.930313 0.871798 0.848670 0.522898 0.726388 0.957180 0.986194 0.217891 0.184901 0.712485 0.712042 0.410113 0.337938 0.702036 0.688050 0.955333 0.897907 0.932284 0.801488 0.664401 0.714738 0.596222 0.398353 0.654085 0.340063 0.514362 0.415258 0.261214 0.310550 0.329810 0.338467 0.402790 0.458331 0.568244 0.507285 0.367543 0.348777 0.289408 0.365508 0.384379 0.259356 0.199492 0.179654 0.484602 0.781457 0.985230 0.959825 0.629041 0.536100 0.697635 0.597781 0.359304 0.362052 0.747606 0.802248 0.423520 0.455749 0.338839 0.366279 0.241021 0.304861 0.492065 0.571654 0.840693 0.877772 0.654266 0.996333 0.944618 0.631628 0.848685 0.751030 0.692568 0.505833 0.943547 0.709769 0.688006 0.717647 0.498524 0.523191 0.578324 0.754114 0.448217 0.419871 0.708310 0.785929 0.986774 0.950345 0.718318 0.848248 0.956519 0.724046 0.514118 0.747891 0.719468 0.725327
0.173972 0.196596 0.557392 0.744676 0.662433 0.740879 0.928863 0.296569 0.820471 0.362397 0.205855 0.000000 0.287998 0.177347 0.464607 0.416138 0.213582 0.203997 0.234861 0.223234 0.982481 0.855527 0.900434 0.994884 0.502504 0.597961 0.959442 0.971990 0.253476 0.214155 0.791552 0.803314 0.543283 0.379740 0.574333 0.579971 0.975076 0.941543 0.914893 0.843779 0.728083 0.780447 0.736939 0.455995 0.791980 0.386289 0.570282 0.484777 0.216495 0.240569 0.327177 0.315335 0.394416 0.497091 0.635082 0.490955 0.290947 0.243054 0.354066 0.287293 0.566947 0.243010 0.224113 0.172332 0.340407 0.684124 0.778712 0.824524 0.513010 0.430506 0.647348 0.643531 0.417493 0.414224 0.738319 0.824510 0.398662 0.446709 0.427576 0.319454 0.247772 0.257599 0.459976 0.589324 0.837001 0.760317 0.677190 0.903842 0.901518 0.647202 0.991413 0.604174 0.542823 0.413363 0.925063 0.658088 0.804961 0.635626 0.578247 0.628692 0.671295 0.875460 0.484037 0.516417 0.747998 0.869064 0.979194 0.971810 0.746830 0.861409 0.872449 0.831183 0.527565 0.824648 0.788244 0.701811
0.312956 0.411239 0.872382 0.726705 0.757819 0.720555 0.633490 0.334424 0.964868 0.379834 0.253963 0.287998 0.000000 0.322780 0.341074 0.406056 0.324332 0.313680 0.357227 0.493760 0.931009 0.964739 0.989209 0.885270 0.562285 0.730269 0.976831 0.982540 0.338578 0.258635 0.672125 0.753201 0.428202 0.410322 0.754104 0.744720 0.967912 0.910546 0.980689 0.976563 0.780871 0.814462 0.515738 0.349671 0.669420 0.387447 0.500059 0.446646 0.375125 0.379365 0.405705 0.389904 0.444332 0.480242 0.698713 0.604537 0.443775 0.464208 0.257229 0.360373 0.357674 0.407072 0.211700 0.242240 0.649316 0.797960 0.853784 0.866784 0.816079 0.676334 0.639888 0.585006 0.529268 0.498775 0.819453 0.801754 0.453974 0.388372 0.408991 0.444596 0.378774 0.446236 0.540860 0.684933 0.944306 0.984391 0.715574 0.942478 0.950627 0.701788 0.774565 0.840640 0.822518 0.602537 0.988530 0.683602 0.654606 0.799240 0.447748 0.482748 0.520633 0.755610 0.385965 0.435418 0.616962 0.655542 0.970160 0.869108 0.655329 0.816210 0.968570 0.716158 0.493720 0.726733 0.598008 0.734559
0.237488 0.276335 0.540864 0.778839 0.721307 0.694066 0.968581 0.346809 0.798732 0.428433 0.255289 0.177347 0.322780 0.000000 0.444140 0.343626 0.295034 0.285823 0.295301 0.306913 0.969633 0.893012 0.964742 0.923285 0.502736 0.574607 0.947334 0.985745 0.287078 0.243828 0.820889 0.858861 0.556026 0.413428 0.578134 0.598730 0.948337 0.994774 0.864769 0.809901 0.765010 0.763728 0.766773 0.513870 0.854603 0.433196 0.635777 0.567803 0.297315 0.284195 0.381031 0.365113 0.468391 0.549261 0.711348 0.607766 0.380738 0.318575 0.359172 0.305099 0.591597 0.286183 0.243093 0.213446 0.371448 0.749846 0.808185 0.805395 0.570699 0.478955 0.653068 0.683431 0.481925 0.478234 0.682938 0.758648 0.491516 0.505130 0.473875 0.396344 0.323374 0.307629 0.515047 0.630580 0.823943 0.696091 0.649784 0.898571 0.882544 0.679121 0.940460 0.591707 0.530328 0.391556 0.987711 0.736775 0.877465 0.598471 0.644515 0.654265 0.702754 0.877899 0.557309 0.522673 0.760707 0.837584 0.964321 0.938044 0.750405 0.883699 0.924975 0.862696 0.593611 0.883655 0.859680 0.740588
0.508203 0.589582 0.886234 0.818946 0.970016 0.763037 0.782315 0.537459 0.961982 0.510923 0.453100 0.464607 0.341074 0.444140 0.000000 0.380803 0.497098 0.488907 0.534428 0.645341 0.987391 0.978506 0.762563 0.935386 0.622533 0.800082 0.994143 0.994452 0.488251 0.385310 0.602407 0.729418 0.494387 0.488057 0.859127 0.774575 0.900658 0.863861 0.969365 0.931910 0.866178 0.913369 0.600372 0.489429 0.755615 0.480988 0.692067 0.552974 0.550354 0.575230 0.652066 0.617616 0.684401 0.751347 0.899945 0.815022 0.579978 0.562228 0.427706 0.485014 0.496652 0.497566 0.302097 0.383034 0.855753 0.953569 0.827248 0.843092 0.944046 0.799881 0.708035 0.695833 0.737683 0.792555 0.914181 0.829210 0.595659 0.641728 0.593809 0.599915 0.513337 0.551278 0.560676 0.775634 0.784396 0.716359 0.861834 0.990824 0.958263 0.676221 0.957007 0.755197 0.759063 0.615481 0.944147 0.797930 0.853856 0.781397 0.676574 0.679100 0.697380 0.893369 0.650870 0.587539 0.751959 0.771947 0.979003 0.941290 0.742954 0.948298 0.926637 0.858214 0.708269 0.853908 0.665846 0.826057
0.519436 0.572785 0.682484 0.859209 0.922186 0.675549 0.996368 0.605469 0.907260 0.627460 0.473353 0.416138 0.406056 0.343626 0.380803 0.000000 0.549505 0.560209 0.528414 0.636024 0.991557 0.870861 0.882400 0.772768 0.538880 0.599297 0.950459 0.966015 0.538600 0.419599 0.798802 0.896453 0.663003 0.636492 0.718090 0.746869 0.961081 0.868448 0.951555 0.910689 0.914751 0.948254 0.749536 0.597367 0.998710 0.661266 0.771295 0.665902 0.573689 0.551460 0.620232 0.614131 0.724457 0.782526 0.858557 0.890409 0.618760 0.592780 0.487107 0.460642 0.681556 0.540180 0.404249 0.402525 0.641854 0.879911 0.926117 0.934584 0.807901 0.657280 0.700187 0.707118 0.769317 0.697913 0.811944 0.783733 0.704125 0.543473 0.629466 0.562818 0.557280 0.553036 0.692539 0.798389 0.828508 0.628083 0.787033 0.917464 0.996056 0.791902 0.865139 0.641866 0.579907 0.528738 0.988884 0.752596 0.873854 0.680015 0.836200 0.823451 0.764963 0.932086 0.678488 0.621195 0.797194 0.748593 0.924267 0.915838 0.793789 0.857782 0.883918 0.992021 0.732010 0.866558 0.784980 0.824527
0.214935 0.228493 0.739771 0.695194 0.638645 0.882817 0.784763 0.284988 0.892641 0.283935 0.203171 0.213582 0.324332 0.295034 0.497098 0.549505 0.000000 0.154877 0.238577 0.263352 0.874140 0.888544 0.943673 0.853805 0.614713 0.704923 0.915671 0.957856 0.239374 0.192677 0.679959 0.685464 0.413023 0.310937 0.714247 0.736146 0.839669 0.853208 0.981119 0.795527 0.677706 0.712603 0.644206 0.403604 0.634277 0.334491 0.478268 0.397282 0.245264 0.374570 0.401996 0.435179 0.483919 0.597614 0.561219 0.507373 0.256054 0.299834 0.339191 0.437529 0.496701 0.312845 0.228234 0.179127 0.475210 0.673060 0.912744 0.967168 0.574234 0.531927 0.673869 0.577310 0.375497 0.406087 0.764432 0.912226 0.414365 0.469357 0.408382 0.330366 0.187553 0.231660 0.465025 0.479639 0.723377 0.802693 0.700802 0.932360 0.940464 0.578996 0.982090 0.627187 0.642101 0.431903 0.920089 0.729590 0.760468 0.705768 0.502219 0.552787 0.702160 0.879084 0.425118 0.471051 0.761556 0.850083 0.887726 0.989335 0.736975 0.834999 0.969329 0.725405 0.499123 0.851590 0.783000 0.695908
0.205678 0.217778 0.749430 0.705299 0.659592 0.837833 0.766590 0.271787 0.848399 0.279421 0.195379 0.203997 0.313680 0.285823 0.488907 0.560209 0.154877 0.000000 0.222102 0.256054 0.903933 0.849978 0.911605 0.867689 0.615337 0.729402 0.879838 0.992143 0.207815 0.187686 0.667209 0.658348 0.395649 0.313413 0.745620 0.690551 0.897232 0.847434 0.977827 0.797113 0.621306 0.742387 0.616966 0.384954 0.631039 0.319767 0.513028 0.374471 0.241589 0.353620 0.382888 0.406177 0.461598 0.549065 0.552445 0.495358 0.255611 0.278893 0.349715 0.416401 0.461932 0.310332 0.219264 0.179012 0.474367 0.682880 0.921665 0.991069 0.593045 0.548527 0.670632 0.576897 0.358126 0.390615 0.766737 0.831006 0.386836 0.441294 0.374020 0.304210 0.194650 0.239127 0.462633 0.518859 0.765195 0.846113 0.682767 0.944321 0.895759 0.646075 0.956452 0.659003 0.640350 0.458996 0.931834 0.704643 0.732745 0.736819 0.494568 0.518740 0.674129 0.830387 0.418693 0.467510 0.685270 0.866583 0.916741 0.974521 0.759946 0.906379 0.989585 0.739517 0.479872 0.827046 0.763030 0.754029
0.257678 0.260999 0.632726 0.782155 0.587929 0.817412 0.819510 0.320777 0.868318 0.380710 0.231449 0.234861 0.357227 0.295301 0.534428 0.528414 0.238577 0.222102 0.000000 0.264454 0.959961 0.928851 0.910189 0.907536 0.587936 0.625498 0.961649 0.993897 0.267376 0.241192 0.740374 0.751070 0.447283 0.370979 0.670287 0.672349 0.977237 0.913661 0.932879 0.906800 0.695045 0.822198 0.713645 0.492194 0.739443 0.451468 0.567404 0.451984 0.323255 0.360872 0.436819 0.437688 0.535251 0.597413 0.568297 0.535733 0.306077 0.333120 0.387420 0.449736 0.578492 0.337093 0.272248 0.251464 0.418112 0.621705 0.844566 0.905515 0.584815 0.515544 0.647885 0.647322 0.411343 0.415285 0.779497 0.857764 0.362470 0.566002 0.407538 0.329382 0.262565 0.285950 0.522841 0.505901 0.833451 0.884749 0.679134 0.896291 0.859636 0.667681 0.987569 0.629825 0.623312 0.465885 0.831162 0.674281 0.796013 0.658676 0.620912 0.661422 0.678982 0.890437 0.479708 0.528928 0.780835 0.838036 0.988924 0.926667 0.733879 0.984236 0.868880 0.790997 0.579706 0.843943 0.903316 0.680235
0.227232 0.205627 0.576974 0.686458 0.658823 0.855788 0.993939 0.348641 0.774857 0.462774 0.302477 0.223234 0.493760 0.306913 0.645341 0.636024 0.263352 0.256054 0.264454 0.000000 0.984067 0.863693 0.919385 0.959907 0.692452 0.696968 0.925035 0.966955 0.296054 0.308635 0.860497 0.783007 0.611698 0.428365 0.622887 0.570505 0.980555 0.802274 0.962954 0.783087 0.682530 0.753390 0.911090 0.632469 0.879623 0.494862 0.668266 0.540615 0.276086 0.304756 0.425440 0.426214 0.512565 0.629067 0.602519 0.515483 0.268041 0.228593 0.467625 0.407269 0.744755 0.297942 0.380863 0.307228 0.378413 0.639521 0.626974 0.726436 0.410296 0.352660 0.784659 0.812900 0.415535 0.486467 0.740668 0.873763 0.417747 0.612122 0.501824 0.362528 0.249519 0.221819 0.404908 0.494034 0.729101 0.733990 0.653144 0.814196 0.831809 0.678931 0.878814 0.564449 0.568990 0.437754 0.901357 0.755506 0.867639 0.645745 0.719720 0.773180 0.831842 0.964633 0.604883 0.683989 0.797144 0.972466 0.974735 0.888252 0.856617 0.933997 0.966968 0.865224 0.630658 0.826283 0.923037 0.678079
0.962700 0.964172 0.926895 0.990501 0.974995 0.867558 0.931515 0.947622 0.901078 0.818513 0.939280 0.982481 0.931009 0.969633 0.987391 0.991557 0.874140 0.903933 0.959961 0.984067 0.000000 0.912048 0.943407 0.992516 0.941683 0.965069 0.900312 0.961294 0.982786 0.973909 0.807961 0.851867 0.928887 0.930564 0.969959 0.873625 0.757850 0.939291 0.764231 0.831006 0.816560 0.940378 0.878185 0.852116 0.858964 0.867481 0.801851 0.825739 0.922122 0.919737 0.968705 0.918723 0.864581 0.817520 0.933437 0.930974 0.876913 0.996905 0.998358 0.942909 0.989956 0.995536 0.976984 0.955635 0.902271 0.958158 0.958488 0.998341 0.974518 0.936711 0.919776 0.917724 0.974006 0.954467 0.863024 0.941951 0.961702 0.934130 0.983594 0.834168 0.834393 0.836015 0.794893 0.848280 0.721859 0.962915 0.935364 0.984892 0.968124 0.951516 0.812946 0.947092 0.964665 0.959859 0.952271 0.905608 0.953352 0.863709 0.908506 0.910110 0.953987 0.900580 0.859310 0.890552 0.958725 0.873910 0.800877 0.968624 0.991285 0.831541 0.896712 0.944426 0.963436 0.951363 0.955155 0.994042
0.865446 0.817222 0.944413 0.982200 0.977878 0.936005 0.879306 0.962016 0.919261 0.916895 0.930313 0.855527 0.964739 0.893012 0.978506 0.870861 0.888544 0.849978 0.928851 0.863693 0.912048 0.000000 0.900386 0.931218 0.992634 0.950647 0.849411 0.887180 0.916246 0.904187 0.962756 0.992656 0.980780 0.935493 0.950432 0.900189 0.965957 0.640544 0.906550 0.937237 0.900483 0.881774 0.986681 0.916502 0.996101 0.937054 0.912489 0.927220 0.817001 0.900894 0.875373 0.920742 0.959338 0.942079 0.927408 0.942183 0.914630 0.867846 0.973768 0.851378 0.981877 0.882231 0.953654 0.876270 0.860234 0.970723 0.892953 0.961325 0.948422 0.973646 0.985585 0.959005 0.950762 0.855984 0.950761 0.968943 0.948600 0.923308 0.913311 0.869073 0.856082 0.823358 0.989118 0.834303 0.892857 0.868548 0.816250 0.959647 0.997284 0.831728 0.933029 0.801836 0.836855 0.903915 0.984883 0.871077 0.990598 0.877530 0.972771 0.997895 0.935207 0.941493 0.961552 0.921258 0.938001 0.985870 0.901296 0.803908 0.918608 0.894717 0.948308 0.960904 0.952300 0.804869 0.901493 0.971867
0.867183 0.875583 0.768066 0.906526 0.850560 0.780301 0.931840 0.883738 0.865560 0.980825 0.871798 0.900434 0.989209 0.964742 0.762563 0.882400 0.943673 0.911605 0.910189 0.919385 0.943407 0.900386 0.000000 0.497075 0.795216 0.944583 0.931383 0.829811 0.965662 0.979945 0.857082 0.983856 0.907763 0.924220 0.919519 0.870463 0.742609 0.737935 0.932215 0.969094 0.957052 0.976000 0.848012 0.775209 0.839201 0.877731 0.913306 0.805010 0.825884 0.763593 0.626072 0.628417 0.576249 0.510080 0.624958 0.609743 0.988754 0.990492 0.989524 0.893439 0.876459 0.819866 0.991435 0.890136 0.692876 0.915133 0.990800 0.886190 0.901109 0.866837 0.901924 0.766976 0.747648 0.664328 0.925715 0.936526 0.743554 0.830197 0.798630 0.848851 0.931455 0.925738 0.865349 0.938189 0.583217 0.566774 0.838988 0.704982 0.992208 0.945415 0.659913 0.672340 0.937181 0.796616 0.999586 0.785003 0.962910 0.910097 0.680892 0.662905 0.626145 0.652194 0.770722 0.770804 0.944670 0.996786 0.808543 0.648832 0.988553 0.874261 0.986117 0.770103 0.783181 0.826424 0.834281 0.949719
0.909920 0.931230 0.855198 0.993740 0.922787 0.896128 0.630548 0.767041 0.747170 0.859512 0.848670 0.994884 0.885270 0.923285 0.935386 0.772768 0.853805 0.867689 0.907536 0.959907 0.992516 0.931218 0.497075 0.000000 0.926096 0.842516 0.910834 0.890997 0.889916 0.924621 0.866517 0.732665 0.827086 0.771897 0.893400 0.900597 0.999871 0.778208 0.813917 0.934515 0.825580 0.886395 0.685038 0.691638 0.654498 0.793901 0.725497 0.768484 0.861107 0.881260 0.747183 0.759547 0.727087 0.642556 0.632422 0.735867 0.923448 0.990525 0.881253 0.999785 0.730807 0.876551 0.891401 0.904335 0.962855 0.925818 0.719563 0.585992 0.911072 0.958909 0.894356 0.823585 0.674186 0.722909 0.820710 0.914373 0.672167 0.734806 0.737433 0.920079 0.882882 0.958466 0.928625 0.908113 0.756073 0.537643 0.927039 0.597761 0.930924 0.978913 0.527812 0.559514 0.653285 0.716870 0.892510 0.948720 0.788922 0.827205 0.528833 0.599968 0.655564 0.640425 0.696517 0.763193 0.901421 0.860512 0.971721 0.609960 0.901505 0.856088 0.827760 0.730446 0.736687 0.869820 0.691063 0.946989
0.618941 0.654094 0.593884 0.910929 0.998692 0.632678 0.919168 0.615300 0.970380 0.683997 0.522898 0.502504 0.562285 0.502736 0.622533 0.538880 0.614713 0.615337 0.587936 0.692452 0.941683 0.992634 0.795216 0.926096 0.000000 0.501901 0.853581 0.936419 0.603351 0.527875 0.986167 0.960879 0.757146 0.677610 0.649907 0.763324 0.812531 0.915040 0.811775 0.925912 0.902864 0.904473 0.715085 0.610029 0.948264 0.736103 0.620572 0.726640 0.595268 0.575041 0.569305 0.554219 0.616279 0.560850 0.685569 0.765371 0.774831 0.753682 0.644777 0.553466 0.676298 0.563637 0.521917 0.527140 0.470205 0.896209 0.986655 0.999666 0.896721 0.840511 0.727395 0.703722 0.574770 0.565441 0.906112 0.840135 0.716803 0.629091 0.686051 0.652152 0.700624 0.792813 0.864644 0.901908 0.807883 0.992797 0.726571 0.781975 0.735055 0.972656 0.858920 0.977808 0.776634 0.744126 0.961917 0.763087 0.889755 0.769237 0.656718 0.718399 0.670063 0.850548 0.744695 0.696626 0.958591 0.911528 0.967904 0.943380 0.901236 0.790300 0.899493 0.832493 0.778536 0.882991 0.770729 0.918025
0.763754 0.743551 0.375087 0.837870 0.835491 0.914458 0.721660 0.902767 0.749390 0.853769 0.726388 0.597961 0.730269 0.574607 0.800082 0.599297 0.704923 0.729402 0.625498 0.696968 0.965069 0.950647 0.944583 0.842516 0.501901 0.000000 0.926630 0.957334 0.806418 0.711263 0.730919 0.781581 0.956093 0.929102 0.480438 0.691916 0.900678 0.915289 0.768269 0.958891 0.995697 0.989623 0.855434 0.978938 0.734911 0.959453 0.825973 0.983582 0.832831 0.787922 0.865057 0.877535 0.948565 0.956637 0.829695 0.861853 0.731681 0.746011 0.769101 0.767205 0.971474 0.851714 0.725630 0.685691 0.488199 0.595914 0.705228 0.659503 0.775843 0.767314 0.833145 0.733377 0.750376 0.825963 0.861186 0.955507 0.844529 0.880152 0.753721 0.799714 0.826896 0.747415 0.771408 0.951287 0.841090 0.901817 0.670715 0.772252 0.778077 0.915387 0.663727 0.645508 0.461965 0.582601 0.788065 0.737845 0.989615 0.616484 0.986620 0.961742 0.954665 0.775609 0.906324 0.956186 0.890805 0.908674 0.900447 0.762030 0.925248 0.841757 0.812380 0.889194 0.920634 0.915936 0.895693 0.784870
0.931637 0.955351 0.809881 0.957643 0.988229 0.886568 0.636692 0.865740 0.793417 0.803667 0.957180 0.959442 0.976831 0.947334 0.994143 0.950459 0.915671 0.879838 0.961649 0.925035 0.900312 0.849411 0.931383 0.910834 0.853581 0.926630 0.000000 0.936017 0.929369 0.944366 0.895063 0.739223 0.808020 0.838661 0.634601 0.941968 0.992618 0.953304 0.817215 0.940428 0.917545 0.946654 0.624244 0.765313 0.666697 0.846442 0.878839 0.744387 0.975450 0.852251 0.937619 0.985808 0.975781 0.900144 0.778464 0.940899 0.905951 0.797858 0.982521 0.847871 0.763976 0.968249 0.899940 0.940277 0.979685 0.871622 0.632553 0.650404 0.748659 0.649143 0.820814 0.774515 0.855723 0.841980 0.939361 0.992757 0.868336 0.991081 0.920235 0.916799 0.931264 0.978295 0.833906 0.971828 0.958759 0.882395 0.965510 0.734633 0.792604 0.909450 0.776920 0.754447 0.760125 0.846916 0.904257 0.981088 0.923088 0.797501 0.699706 0.707695 0.806911 0.754791 0.898578 0.819263 0.918768 0.926812 0.963202 0.776910 0.919269 0.945043 0.844363 0.832069 0.782785 0.810954 0.842155 0.699334
0.948967 0.960900 0.952357 0.997307 0.995195 0.897963 0.943544 0.935064 0.918215 0.947896 0.986194 0.971990 0.982540 0.985745 0.994452 0.966015 0.957856 0.992143 0.993897 0.966955 0.961294 0.887180 0.829811 0.890997 0.936419 0.957334 0.936017 0.000000 0.987781 0.990934 0.950011 0.878988 0.949535 0.897249 0.949354 0.809119 0.852493 0.902537 0.912239 0.913837 0.889542 0.929665 0.929680 0.860811 0.853053 0.943825 0.962076 0.978380 0.901959 0.968811 0.892984 0.940354 0.896494 0.918675 0.986008 0.847783 0.998542 0.992508 0.930622 0.995139 0.916386 0.949206 0.922975 0.928324 0.979053 0.958278 0.819442 0.888645 0.994118 0.978809 0.919108 0.958205 0.958336 0.997704 0.997086 0.972708 0.930108 0.818141 0.972085 0.933023 0.942775 0.994414 0.933707 0.939744 0.904553 0.960298 0.929201 0.971110 0.879994 0.647083 0.983610 0.947532 0.979141 0.917747 0.907274 0.765826 0.957830 0.807973 0.759420 0.853262 0.797901 0.894786 0.902991 0.946808 0.978852 0.952906 0.908952 0.961741 0.926882 0.965630 0.981307 0.907439 0.852357 0.912766 0.948064 0.876437
0.241097 0.251377 0.748807 0.725747 0.763095 0.724030 0.781276 0.281989 0.921905 0.309109 0.217891 0.253476 0.338578 0.287078 0.488251 0.538600 0.239374 0.207815 0.267376 0.296054 0.982786 0.916246 0.965662 0.889916 0.603351 0.806418 0.929369 0.987781 0.000000 0.191727 0.630463 0.574620 0.376269 0.301094 0.751896 0.735040 0.903852 0.846328 0.890836 0.786897 0.654539 0.719575 0.620732 0.416591 0.647410 0.321074 0.536659 0.417817 0.248001 0.306221 0.337664 0.358992 0.419128 0.491208 0.583923 0.489361 0.350017 0.325639 0.328802 0.384850 0.465200 0.263465 0.246970 0.218821 0.474328 0.763730 0.917136 0.989105 0.634151 0.531039 0.709943 0.663178 0.347944 0.413812 0.700840 0.824468 0.441527 0.453844 0.367729 0.298361 0.231132 0.300948 0.464912 0.555201 0.736186 0.834043 0.761114 0.954481 0.905462 0.673055 0.869033 0.696324 0.726473 0.497888 0.898255 0.728479 0.727076 0.701936 0.532882 0.561841 0.646994 0.768120 0.448955 0.476992 0.641143 0.842405 0.985129 0.996282 0.765431 0.999977 0.988782 0.765413 0.514060 0.795707 0.851944 0.759780
0.229566 0.264591 0.716959 0.761783 0.762889 0.704396 0.749415 0.274997 0.952079 0.267063 0.184901 0.214155 0.258635 0.243828 0.385310 0.419599 0.192677 0.187686 0.241192 0.308635 0.973909 0.904187 0.979945 0.924621 0.527875 0.711263 0.944366 0.990934 0.191727 0.000000 0.582050 0.631399 0.373216 0.284882 0.692523 0.706515 0.871516 0.908828 0.934464 0.830966 0.659565 0.751477 0.550165 0.335800 0.636436 0.315901 0.475879 0.377530 0.244427 0.325309 0.363382 0.376968 0.442599 0.523475 0.610088 0.560636 0.329804 0.332871 0.307033 0.363597 0.444602 0.279307 0.193601 0.162237 0.478712 0.738342 0.935035 0.975308 0.677920 0.546801 0.659670 0.567806 0.399482 0.415445 0.801718 0.846535 0.424954 0.436295 0.371379 0.309767 0.207820 0.293902 0.479162 0.547619 0.792372 0.818063 0.697521 0.989093 0.906366 0.672662 0.941544 0.661592 0.645762 0.429160 0.903659 0.721971 0.716978 0.644536 0.541764 0.549255 0.607815 0.805866 0.436849 0.451851 0.703502 0.821097 0.999970 0.975125 0.663560 0.892040 0.995644 0.689343 0.520867 0.783331 0.756440 0.753072
0.688321 0.723436 0.761068 0.859267 0.954425 0.816825 0.571677 0.564202 0.725828 0.497784 0.712485 0.791552 0.672125 0.820889 0.602407 0.798802 0.679959 0.667209 0.740374 0.860497 0.807961 0.962756 0.857082 0.866517 0.986167 0.730919 0.895063 0.950011 0.630463 0.582050 0.000000 0.410184 0.504518 0.544585 0.855599 0.954142 0.762553 0.985542 0.845863 0.981159 0.847124 0.904021 0.402573 0.414206 0.415578 0.398578 0.669264 0.513013 0.624216 0.768908 0.739207 0.729495 0.732774 0.783299 0.939922 0.840921 0.714837 0.771615 0.737729 0.763355 0.579120 0.665676 0.604793 0.646209 0.956562 0.896320 0.786217 0.577512 0.877852 0.997759 0.741444 0.746176 0.870014 0.761179 0.829572 0.927204 0.633750 0.640066 0.774186 0.683044 0.607808 0.764806 0.849242 0.818550 0.776581 0.969701 0.966818 0.676700 0.886864 0.756169 0.764902 0.997606 0.876418 0.914915 0.833290 0.970050 0.839358 0.942027 0.646710 0.635639 0.602396 0.761691 0.603877 0.627625 0.664255 0.752296 0.941441 0.865134 0.758106 0.851685 0.763838 0.669394 0.602336 0.937921 0.727667 0.944054
0.709067 0.739492 0.864745 0.877376 0.868061 0.762597 0.605246 0.604430 0.780011 0.573801 0.712042 0.803314 0.753201 0.858861 0.729418 0.896453 0.685464 0.658348 0.751070 0.783007 0.851867 0.992656 0.983856 0.732665 0.960879 0.781581 0.739223 0.878988 0.574620 0.631399 0.410184 0.000000 0.493992 0.536444 0.838754 0.892178 0.786885 0.856809 0.787864 0.873567 0.774730 0.960575 0.477343 0.498675 0.486475 0.472165 0.658222 0.481234 0.642778 0.753530 0.704358 0.721651 0.753156 0.743610 0.826226 0.752972 0.733834 0.809823 0.762270 0.791646 0.664630 0.668890 0.658592 0.683134 0.941882 0.968479 0.889520 0.667092 0.872355 0.895466 0.625255 0.751690 0.772776 0.797176 0.818639 0.927210 0.613133 0.688095 0.709565 0.604685 0.609706 0.771473 0.808012 0.886199 0.844593 0.990554 0.915353 0.650994 0.922855 0.834175 0.750296 0.966443 0.830763 0.934519 0.999030 0.996706 0.808027 0.991241 0.664525 0.686432 0.688337 0.810914 0.601114 0.697800 0.667837 0.892791 0.925475 0.831284 0.762104 0.820559 0.728975 0.618290 0.705161 0.841427 0.813694 0.895379
0.489857 0.555113 0.829691 0.627172 0.901317 0.706192 0.460124 0.383545 0.890466 0.377168 0.410113 0.543283 0.428202 0.556026 0.494387 0.663003 0.413023 0.395649 0.447283 0.611698 0.928887 0.980780 0.907763 0.827086 0.757146 0.956093 0.808020 0.949535 0.376269 0.373216 0.504518 0.493992 0.000000 0.389052 0.957385 0.989882 0.697333 0.833161 0.924659 0.835543 0.725586 0.856775 0.435477 0.386912 0.433783 0.355703 0.610143 0.402515 0.497661 0.621621 0.576747 0.605198 0.651209 0.656507 0.686729 0.737336 0.541574 0.627689 0.457989 0.661523 0.391166 0.488214 0.377827 0.405781 0.875723 0.984990 0.714490 0.649323 0.916357 0.782413 0.700178 0.601849 0.562584 0.561373 0.803948 0.927968 0.538208 0.542912 0.493117 0.428339 0.391804 0.532222 0.624787 0.582091 0.718513 0.891482 0.965485 0.942636 0.951860 0.664332 0.776792 0.912971 0.984830 0.760534 0.948195 0.894030 0.676495 0.961268 0.529103 0.510732 0.639682 0.711396 0.484979 0.460006 0.610079 0.720045 0.976877 0.856640 0.676472 0.962055 0.864960 0.591908 0.539802 0.775925 0.764941 0.881590
0.350034 0.399148 0.875814 0.755319 0.784325 0.792854 0.615000 0.319446 0.975674 0.368002 0.337938 0.379740 0.410322 0.413428 0.488057 0.636492 0.310937 0.313413 0.370979 0.428365 0.930564 0.935493 0.924220 0.771897 0.677610 0.929102 0.838661 0.897249 0.301094 0.284882 0.544585 0.536444 0.389052 0.000000 0.917449 0.815993 0.873965 0.792875 0.974948 0.879731 0.741401 0.813198 0.482318 0.321083 0.473615 0.308432 0.510819 0.395073 0.341087 0.446690 0.459506 0.470033 0.512693 0.576352 0.712265 0.611146 0.449861 0.459071 0.419183 0.512621 0.452692 0.355681 0.280434 0.304013 0.606359 0.880805 0.906723 0.767813 0.800863 0.720292 0.623360 0.591570 0.486489 0.514878 0.784543 0.930683 0.384942 0.545142 0.438927 0.407481 0.325178 0.438430 0.551346 0.545581 0.789011 0.910424 0.835368 0.832638 0.963382 0.686081 0.860806 0.797857 0.838598 0.652385 0.997084 0.711009 0.819836 0.901995 0.472687 0.539463 0.628656 0.748497 0.458535 0.500338 0.702349 0.840917 0.949105 0.914899 0.698460 0.987321 0.943382 0.632755 0.546289 0.896293 0.743090 0.859396
0.661534 0.653175 0.395654 0.947616 0.865221 0.888879 0.663028 0.821903 0.699139 0.842003 0.702036 0.574333 0.754104 0.578134 0.859127 0.718090 0.714247 0.745620 0.670287 0.622887 0.969959 0.950432 0.919519 0.893400 0.649907 0.480438 0.634601 0.949354 0.751896 0.692523 0.855599 0.838754 0.957385 0.917449 0.000000 0.796912 0.889222 0.956133 0.967048 0.842607 0.990082 0.966309 0.829972 0.939812 0.810764 0.890280 0.931100 0.959842 0.681539 0.627585 0.777066 0.753676 0.812350 0.888770 0.931774 0.876354 0.689992 0.594053 0.807539 0.636364 0.913985 0.738393 0.743225 0.664654 0.486472 0.615584 0.555809 0.576954 0.695849 0.584498 0.725656 0.857056 0.761314 0.912848 0.920400 0.972016 0.906676 0.846470 0.813497 0.770613 0.754484 0.718824 0.712333 0.885542 0.892381 0.936814 0.728156 0.779381 0.877244 0.863834 0.730607 0.624157 0.574746 0.518079 0.895771 0.795241 0.949394 0.594624 0.951959 0.886079 0.986361 0.806301 0.927143 0.972668 0.772266 0.888591 0.869453 0.834337 0.883573 0.966478 0.853698 0.912959 0.914539 0.855233 0.785874 0.741569
0.572216 0.580505 0.587830 0.790788 0.837716 0.838599 0.906043 0.680656 0.830175 0.813481 0.688050 0.579971 0.744720 0.598730 0.774575 0.746869 0.736146 0.690551 0.672349 0.570505 0.873625 0.900189 0.870463 0.900597 0.763324 0.691916 0.941968 0.809119 0.735040 0.706515 0.954142 0.892178 0.989882 0.815993 0.796912 0.000000 0.759930 0.947133 0.935375 0.982308 0.980507 0.996196 0.997424 0.824589 0.978575 0.739989 0.866976 0.754942 0.620128 0.520878 0.589420 0.546961 0.584779 0.656030 0.736318 0.643843 0.603935 0.560756 0.673955 0.539206 0.859927 0.599623 0.706021 0.651707 0.627063 0.841787 0.692753 0.794753 0.673335 0.558941 0.870068 0.947171 0.800319 0.856314 0.877818 0.860494 0.642166 0.877235 0.743288 0.732577 0.748963 0.718760 0.704944 0.888036 0.996940 0.833588 0.626222 0.942205 0.982371 0.914219 0.920714 0.820316 0.634859 0.687595 0.851632 0.919196 0.954316 0.679486 0.881617 0.889092 0.893351 0.988582 0.761238 0.819144 0.842415 0.929437 0.957407 0.996369 0.920657 0.961449 0.943657 0.906983 0.839564 0.969260 0.883048 0.867860
0.959071 0.970654 0.855427 0.980345 0.845847 0.902444 0.859657 0.921647 0.910811 0.785290 0.955333 0.975076 0.967912 0.948337 0.900658 0.961081 0.839669 0.897232 0.977237 0.980555 0.757850 0.965957 0.742609 0.999871 0.812531 0.900678 0.992618 0.852493 0.903852 0.871516 0.762553 0.786885 0.697333 0.873965 0.889222 0.759930 0.000000 0.790984 0.914732 0.708329 0.896563 0.806458 0.900646 0.913486 0.762368 0.870769 0.979414 0.960850 0.970965 0.896031 0.962046 0.901932 0.874057 0.856785 0.948588 0.950069 0.930885 0.968783 0.978138 0.872134 0.940973 0.947464 0.927867 0.908269 0.886605 0.856216 0.907383 0.964190 0.960765 0.961283 0.862074 0.862518 0.986475 0.982121 0.879729 0.900445 0.988831 0.801234 0.960807 0.850345 0.807627 0.777643 0.833495 0.814195 0.644292 0.741681 0.851242 0.862502 0.943639 0.734719 0.886064 0.859665 0.906595 0.889791 0.994343 0.928088 0.812370 0.960944 0.979741 0.919350 0.971408 0.880600 0.932880 0.886715 0.995012 0.904787 0.841702 0.933884 0.782244 0.958809 0.882114 0.777431 0.902832 0.968809 0.929660 0.906205
0.912330 0.884179 0.970528 0.841333 0.929096 0.937800 0.868726 0.886533 0.988207 0.802536 0.897907 0.941543 0.910546 0.994774 0.863861 0.868448 0.853208 0.847434 0.913661 0.802274 0.939291 0.640544 0.737935 0.778208 0.915040 0.915289 0.953304 0.902537 0.846328 0.908828 0.985542 0.856809 0.833161 0.792875 0.956133 0.947133 0.790984 0.000000 0.908347 0.823966 0.740504 0.827388 0.911687 0.901209 0.718337 0.826704 0.961254 0.884127 0.845234 0.964390 0.850101 0.936403 0.880756 0.886836 0.793734 0.764094 0.928302 0.943675 0.962178 0.892914 0.898472 0.801962 0.956108 0.900552 0.908254 0.841331 0.983726 0.859827 0.832698 0.823261 0.959954 0.791165 0.721781 0.780078 0.928561 0.996284 0.866185 0.934891 0.862897 0.788766 0.762726 0.812785 0.822691 0.611928 0.821439 0.957969 0.988432 0.893074 0.995786 0.772254 0.975166 0.950477 0.958185 0.943819 0.982586 0.788664 0.819199 0.883192 0.969488 0.798902 0.982227 0.912895 0.931045 0.960369 0.989412 0.956287 0.982146 0.989318 0.855882 0.977498 0.907795 0.758674 0.984684 0.987605 0.972261 0.812864
