0.000000 0.326147 0.990663 0.806167 0.932768 0.898560 0.766544 0.725070 0.944969 0.646208 0.444703 0.365566 0.556753 0.583458 0.797982 0.740439 0.410527 0.399577 0.437370 0.377137 0.933952 0.864926 0.851056 0.892154 0.983976 0.878582 0.922570 0.803559 0.469606 0.450388 0.813302 0.770764 0.591629 0.579803 0.965656 0.961451 0.763277 0.622378 0.988508 0.739320 0.837264 0.717493 0.740957 0.604087 0.829707 0.695139 0.552895 0.580212 0.624406 0.586397 0.751147 0.639840 0.889594 0.948339 0.735103 0.735151 0.386584 0.338773 0.515817 0.512536 0.641211 0.779424 0.541168 0.423001 0.834687 0.854262 0.849767 0.891193 0.361124 0.433338 0.789577 0.861339 0.654075 0.606435 0.779649 0.934452 0.638425 0.699221 0.571965 0.601523 0.355232 0.382158 0.468483 0.457392 0.722313 0.939382 0.982573 0.993931 0.933760 0.809404 0.906689 0.884502 0.826786 0.866934 0.986461 0.832518 0.830712 0.769313 0.701003 0.756834 0.936526 0.866092 0.557992 0.686362 0.862492 0.699007 0.926470 0.831516 0.841027 0.721696 0.881517 0.840747 0.813111 0.809610 0.792453 0.901831
0.326147 0.000000 0.979647 0.824363 0.954463 0.753227 0.687884 0.685075 0.952594 0.609625 0.492704 0.386437 0.704362 0.705453 0.969239 0.824860 0.429104 0.394977 0.397539 0.409432 0.865975 0.914278 0.891571 0.815338 0.994043 0.818133 0.959777 0.681272 0.453299 0.538536 0.783752 0.762750 0.621872 0.543471 0.961322 0.954792 0.797921 0.550330 0.966363 0.840916 0.902235 0.792410 0.566264 0.463697 0.664365 0.542174 0.549763 0.561965 0.489587 0.450509 0.603901 0.534304 0.726673 0.790990 0.838307 0.719848 0.272651 0.254902 0.542337 0.526031 0.695985 0.794057 0.590801 0.445587 0.797677 0.777843 0.849341 0.878419 0.507473 0.451780 0.837558 0.808181 0.772082 0.703504 0.953143 0.900167 0.594359 0.677210 0.500041 0.591563 0.350454 0.402422 0.598233 0.451158 0.791143 0.929927 0.909721 0.881838 0.917453 0.827433 0.999767 0.968431 0.954702 0.958405 0.875541 0.928582 0.857005 0.737886 0.662876 0.625672 0.867613 0.825706 0.483469 0.725868 0.891084 0.850794 0.840379 0.714537 0.949966 0.691019 0.715160 0.795201 0.668371 0.642089 0.775496 0.947617
0.990663 0.979647 0.000000 0.420389 0.954848 0.726495 0.596501 0.583713 0.414906 0.868592 0.925292 0.944570 0.763575 0.797252 0.807398 0.708870 0.816904 0.805528 0.837419 0.894125 0.907139 0.973520 0.551211 0.604542 0.548886 0.454248 0.933431 0.936421 0.926757 0.953073 0.518731 0.593644 0.673775 0.744713 0.624209 0.974216 0.664203 0.867249 0.703187 0.976679 0.998071 0.999783 0.706304 0.756062 0.887848 0.881378 0.647525 0.726255 0.814980 0.997890 0.957553 0.982444 0.935536 0.998997 0.858304 0.888180 0.972104 0.865822 0.997070 0.921704 0.545004 0.472139 0.811811 0.866306 0.357950 0.367562 0.715506 0.530303 0.916487 0.871761 0.675914 0.672961 0.658030 0.775152 0.942611 0.971226 0.680704 0.805956 0.907977 0.877151 0.846651 0.985189 0.839795 0.971760 0.693441 0.565283 0.987971 0.881914 0.697886 0.902427 0.775121 0.947424 0.838858 0.960873 0.798198 0.942247 0.776760 0.963633 0.774873 0.760266 0.852209 0.967822 0.905859 0.987563 0.726343 0.865107 0.885792 0.773536 0.727805 0.935229 0.887168 0.940532 0.833571 0.916379 0.687307 0.972960
0.806167 0.824363 0.420389 0.000000 0.859285 0.807753 0.507521 0.342387 0.503700 0.601452 0.852662 0.662704 0.618221 0.643086 0.737136 0.579816 0.980987 0.978226 0.651805 0.799306 0.910891 0.881118 0.407207 0.598198 0.662544 0.563847 0.945243 0.941732 0.987980 0.943896 0.462757 0.491229 0.583215 0.616728 0.753323 0.958039 0.643999 0.850829 0.755512 0.996230 0.951550 0.904022 0.590647 0.569412 0.879713 0.798541 0.565263 0.616318 0.929048 0.937570 0.920460 0.907591 0.913477 0.953145 0.899446 0.945161 0.911302 0.968543 0.782552 0.772928 0.485610 0.394959 0.992405 0.874911 0.530199 0.444969 0.646043 0.527815 0.793942 0.976994 0.621042 0.566964 0.706917 0.822473 0.998751 0.946927 0.595575 0.748563 0.869114 0.880235 0.997674 0.942554 0.803683 0.926656 0.760959 0.642521 0.961617 0.850130 0.694841 0.764470 0.743785 0.971869 0.809264 0.923330 0.826516 0.984531 0.720359 0.871358 0.663230 0.610693 0.665394 0.939922 0.995008 0.845840 0.554048 0.668811 0.915477 0.628135 0.658440 0.841616 0.751811 0.951270 0.731222 0.876769 0.596868 0.997973
0.932768 0.954463 0.954848 0.859285 0.000000 0.914357 0.966177 0.968090 0.928842 0.958525 0.859690 0.908244 0.884398 0.900057 0.890397 0.952548 0.969753 0.951973 0.910915 0.998050 0.948526 0.896198 0.816208 0.880740 0.754084 0.906485 0.957876 0.812930 0.988236 0.948123 0.794777 0.885578 0.984155 0.973662 0.740481 0.940225 0.918237 0.977617 0.763287 0.944937 0.938349 0.967212 0.836909 0.883582 0.707584 0.755852 0.899082 0.911348 0.774940 0.761588 0.709954 0.746170 0.741465 0.703349 0.984802 0.874274 0.967214 0.970600 0.956766 0.988584 0.954771 0.965300 0.937888 0.952031 0.899032 0.876397 0.951660 0.964345 0.746086 0.988218 0.968121 0.887858 0.983295 0.950110 0.972842 0.915457 0.931238 0.926043 0.903445 0.997493 0.994455 0.950142 0.762832 0.921231 0.862473 0.733395 0.849898 0.909878 0.969295 0.942246 0.821057 0.763580 0.799852 0.908139 0.923764 0.988477 0.972310 0.878867 0.824190 0.833115 0.879595 0.872340 0.881830 0.976083 0.965689 0.766235 0.999979 0.943667 0.899170 0.941088 0.922131 0.927535 0.920815 0.849939 0.901240 0.938737
0.898560 0.753227 0.726495 0.807753 0.914357 0.000000 0.962230 0.927938 0.746374 0.872825 0.682652 0.859473 0.805907 0.810487 0.661794 0.647671 0.654709 0.617504 0.718619 0.840417 0.822654 0.971726 0.740903 0.589433 0.722939 0.579160 0.944189 0.710152 0.705216 0.766553 0.937068 0.970189 0.959701 0.800187 0.885003 0.887994 0.842568 0.811376 0.723588 0.918474 0.960898 0.930518 0.971741 0.872496 0.890551 0.809023 0.994188 0.887607 0.822345 0.861872 0.940760 0.969149 0.880796 0.982163 0.697628 0.912182 0.590081 0.666147 0.789014 0.864762 0.885377 0.743374 0.670277 0.709092 0.639471 0.578247 0.962011 0.899553 0.955166 0.833778 0.738220 0.854966 0.784410 0.909259 0.891226 0.988328 0.948214 0.905348 0.820999 0.946203 0.759077 0.979570 0.865652 0.822377 0.678314 0.639894 0.891438 0.966265 0.858620 0.880770 0.727794 0.827062 0.738847 0.773201 0.976839 0.994684 0.749398 0.779298 0.967417 0.930315 0.957755 0.910587 0.775024 0.862735 0.927266 0.982277 0.813364 0.953064 0.800682 0.826964 0.938105 0.951138 0.973233 0.942242 0.994198 0.911539
0.766544 0.687884 0.596501 0.507521 0.966177 0.962230 0.000000 0.324378 0.725672 0.564450 0.683428 0.671807 0.828678 0.793536 0.884258 0.989553 0.728973 0.798250 0.620892 0.809056 0.972093 0.975262 0.833097 0.927173 0.920589 0.859247 0.670261 0.636068 0.819038 0.821713 0.562868 0.691641 0.424203 0.397985 0.774902 0.799894 0.950425 0.960403 0.987091 0.883735 0.959347 0.978581 0.530190 0.515328 0.514806 0.509387 0.561692 0.544120 0.728074 0.637047 0.633159 0.662668 0.690720 0.783992 0.886930 0.906341 0.708910 0.741970 0.481197 0.556355 0.335274 0.583780 0.606771 0.605031 0.905172 0.794893 0.303980 0.354438 0.891973 0.944169 0.809260 0.723228 0.907305 0.943775 0.953333 0.845030 0.548763 0.832117 0.732988 0.797987 0.775068 0.976353 0.805979 0.918521 0.951753 0.995955 0.987829 0.778919 0.996788 0.960698 0.696187 0.824552 0.684598 0.844856 0.747215 0.928975 0.818598 0.688535 0.489633 0.557976 0.498312 0.732016 0.735193 0.594264 0.664496 0.757834 0.828578 0.595286 0.804188 0.768426 0.611921 0.733050 0.586007 0.695497 0.599715 0.877429
0.725070 0.685075 0.583713 0.342387 0.968090 0.927938 0.324378 0.000000 0.584734 0.365914 0.693694 0.549091 0.694860 0.654573 0.917252 0.702391 0.780238 0.829875 0.551096 0.750742 0.876952 0.853310 0.630166 0.912576 0.983743 0.826996 0.799433 0.784456 0.830435 0.815697 0.497925 0.607720 0.474866 0.415931 0.813473 0.900783 0.771450 0.918906 0.896786 0.899932 0.938950 0.907501 0.444353 0.412105 0.628550 0.549883 0.461052 0.475739 0.810058 0.679172 0.661331 0.662577 0.704541 0.737910 0.866009 0.913733 0.770137 0.787062 0.520174 0.573364 0.343983 0.376156 0.708503 0.600711 0.818872 0.656027 0.458719 0.400613 0.833359 0.879444 0.614787 0.565006 0.805702 0.908667 0.958516 0.908627 0.542581 0.774702 0.674088 0.797934 0.825138 0.973714 0.800874 0.915008 0.955766 0.929791 0.967221 0.707768 0.878725 0.957928 0.663199 0.851409 0.715721 0.897132 0.773169 0.897645 0.708167 0.680523 0.472949 0.445390 0.479674 0.847496 0.733458 0.629799 0.531055 0.710776 0.878713 0.536074 0.690928 0.701132 0.619847 0.713231 0.525031 0.715529 0.604932 0.936095
0.944969 0.952594 0.414906 0.503700 0.928842 0.746374 0.725672 0.584734 0.000000 0.740546 0.953217 0.886741 0.769335 0.729571 0.692722 0.592539 0.780614 0.758496 0.862123 0.941962 0.989851 0.978765 0.556757 0.655684 0.651670 0.482958 0.951941 0.985364 0.920679 0.843678 0.565660 0.695800 0.745171 0.804144 0.708455 0.952711 0.644050 0.833602 0.712152 0.954997 0.914419 0.968680 0.574170 0.677881 0.801134 0.822003 0.637871 0.762858 0.947742 0.939492 0.872785 0.877834 0.779083 0.731698 0.974765 0.957035 0.950602 0.860104 0.957306 0.985086 0.608433 0.403552 0.719107 0.865333 0.474240 0.422679 0.808691 0.684484 0.923074 0.841318 0.538597 0.516447 0.678952 0.867918 0.909066 0.997770 0.720139 0.838684 0.986726 0.922909 0.824563 0.991593 0.976194 0.935595 0.738622 0.692032 0.918978 0.820591 0.687662 0.841808 0.604201 0.732650 0.689574 0.807057 0.797612 0.922281 0.676238 0.922081 0.645307 0.629466 0.779110 0.901737 0.990222 0.995357 0.740033 0.864675 0.857964 0.653631 0.858221 0.845362 0.866921 0.958606 0.755337 0.821678 0.803817 0.753518
0.646208 0.609625 0.868592 0.601452 0.958525 0.872825 0.564450 0.365914 0.740546 0.000000 0.634225 0.541670 0.762304 0.731646 0.950914 0.816829 0.666112 0.686966 0.527748 0.693493 0.715160 0.840611 0.871467 0.844248 0.758920 0.917050 0.834503 0.785966 0.723887 0.776105 0.698474 0.758195 0.592410 0.535562 0.948729 0.928981 0.776859 0.801007 0.985125 0.968765 0.821211 0.800285 0.491621 0.417502 0.636345 0.492882 0.577205 0.516440 0.643302 0.565698 0.592882 0.571013 0.656693 0.611375 0.926554 0.879138 0.636532 0.650270 0.548915 0.649735 0.564839 0.545850 0.685138 0.542309 0.913858 0.968843 0.685265 0.691146 0.794028 0.731701 0.592046 0.607611 0.935541 0.850162 0.938206 0.997429 0.622934 0.833398 0.637301 0.831214 0.717432 0.926020 0.857486 0.854310 0.894760 0.784445 0.918719 0.660501 0.900664 0.977910 0.697416 0.778539 0.767723 0.870591 0.896938 0.816310 0.744214 0.670188 0.466137 0.461020 0.562058 0.772677 0.578058 0.619468 0.629272 0.831253 0.993320 0.510712 0.835293 0.629322 0.645238 0.626998 0.555997 0.725034 0.838935 0.997585
0.444703 0.492704 0.925292 0.852662 0.859690 0.682652 0.683428 0.693694 0.953217 0.634225 0.000000 0.468661 0.719732 0.740338 0.930199 0.880222 0.359347 0.329578 0.425858 0.405866 0.871666 0.950523 0.916589 0.806256 0.948302 0.804851 0.941961 0.739074 0.383754 0.384361 0.681414 0.708959 0.541298 0.429044 0.999231 0.971912 0.988800 0.750663 0.953017 0.911638 0.861650 0.747166 0.902701 0.708830 0.940257 0.801432 0.694358 0.675046 0.851425 0.798509 0.970371 0.873748 0.909894 0.894794 0.957990 0.990376 0.421747 0.466847 0.533670 0.535504 0.612365 0.868681 0.396390 0.376501 0.800378 0.857543 0.770237 0.798871 0.443559 0.574585 0.855712 0.997456 0.735562 0.633026 0.831322 0.931415 0.775187 0.681048 0.621451 0.821002 0.540699 0.712818 0.520342 0.569195 0.989788 0.946165 0.856325 0.837765 0.825884 0.917602 0.711386 0.658458 0.644865 0.665477 0.990805 0.825897 0.921552 0.693586 0.872701 0.859282 0.912865 0.939949 0.649324 0.597463 0.907359 0.697328 0.958993 0.886641 0.960183 0.733902 0.890613 0.992470 0.747822 0.868143 0.800283 0.864332
0.365566 0.386437 0.944570 0.662704 0.908244 0.859473 0.671807 0.549091 0.886741 0.541670 0.468661 0.000000 0.448459 0.467032 0.710962 0.564374 0.426944 0.392137 0.364595 0.395079 0.936415 0.877644 0.642092 0.986581 0.965317 0.866796 0.983985 0.666422 0.443911 0.393212 0.592658 0.586930 0.511128 0.501772 0.966007 0.976049 0.765739 0.663480 0.999877 0.892656 0.837577 0.755515 0.647637 0.529012 0.857972 0.717128 0.562825 0.603086 0.739349 0.706057 0.749949 0.697026 0.882590 0.872620 0.878252 0.802326 0.495341 0.422103 0.549752 0.538937 0.536956 0.625472 0.488879 0.341004 0.840850 0.937262 0.819774 0.815419 0.483591 0.565074 0.666584 0.664109 0.640685 0.681900 0.911397 0.930275 0.619174 0.659978 0.467043 0.696101 0.396395 0.490417 0.502485 0.483323 0.858633 0.980870 0.891477 0.801648 0.988916 0.843897 0.958196 0.857245 0.873737 0.818625 0.922387 0.804792 0.873574 0.670853 0.714757 0.677519 0.831000 0.866690 0.621182 0.623949 0.705614 0.674050 0.974571 0.758171 0.807514 0.688661 0.859569 0.889833 0.779309 0.759377 0.690587 0.893172
0.556753 0.704362 0.763575 0.618221 0.884398 0.805907 0.828678 0.694860 0.769335 0.762304 0.719732 0.448459 0.000000 0.397189 0.407685 0.450370 0.756061 0.736731 0.690495 0.556274 0.801321 0.903779 0.496826 0.734578 0.761082 0.846644 0.951775 0.837686 0.711514 0.653146 0.581722 0.647475 0.615175 0.801826 0.949899 0.854006 0.714159 0.808634 0.857808 0.823472 0.832982 0.765472 0.808714 0.791246 0.944091 0.966628 0.687061 0.745812 0.988055 0.948438 0.924510 0.855058 0.923215 0.918197 0.787334 0.826667 0.871740 0.768514 0.861980 0.818770 0.605194 0.564216 0.811410 0.684264 0.829457 0.790325 0.958956 0.884430 0.515897 0.698024 0.547915 0.626576 0.480670 0.665325 0.840734 0.954833 0.665543 0.815907 0.727921 0.780205 0.650499 0.525186 0.607959 0.654811 0.597355 0.699685 0.907013 0.899665 0.746804 0.720359 0.917505 0.947569 0.968482 0.975483 0.939094 0.750690 0.670301 0.833683 0.833821 0.883403 0.962710 0.907121 0.941101 0.788960 0.745641 0.708892 0.915718 0.795286 0.711917 0.904819 0.997399 0.986848 0.926440 0.908518 0.705971 0.928060
0.583458 0.705453 0.797252 0.643086 0.900057 0.810487 0.793536 0.654573 0.729571 0.731646 0.740338 0.467032 0.397189 0.000000 0.475581 0.391204 0.691492 0.701133 0.603864 0.568350 0.888552 0.911583 0.469277 0.702431 0.768088 0.832201 0.893532 0.927367 0.698619 0.624126 0.587839 0.540540 0.531593 0.758276 0.989272 0.955535 0.639441 0.765292 0.877788 0.795801 0.827634 0.746413 0.715945 0.708628 0.916935 0.910561 0.641843 0.804536 0.956926 0.948343 0.817307 0.810692 0.752185 0.758355 0.836324 0.876819 0.819609 0.782475 0.874393 0.874144 0.569793 0.513413 0.778825 0.638445 0.922394 0.791406 0.849197 0.826842 0.633789 0.754603 0.507650 0.561960 0.487669 0.776067 0.793993 0.998316 0.695805 0.784325 0.665715 0.809985 0.629298 0.657268 0.581880 0.725388 0.615235 0.681572 0.860017 0.802378 0.794834 0.762231 0.818206 0.994582 0.982386 0.975159 0.977626 0.863097 0.682841 0.815586 0.722592 0.807992 0.874641 0.826745 0.852014 0.630966 0.815328 0.662884 0.861504 0.763099 0.764764 0.791434 0.939384 0.950350 0.876796 0.871027 0.772609 0.987040
0.797982 0.969239 0.807398 0.737136 0.890397 0.661794 0.884258 0.917252 0.692722 0.950914 0.930199 0.710962 0.407685 0.475581 0.000000 0.383356 0.947318 0.975173 0.914291 0.740262 0.787666 0.906198 0.479705 0.634420 0.650401 0.796037 0.883045 0.870080 0.869364 0.777015 0.670158 0.674215 0.814356 0.973303 0.945580 0.866849 0.656652 0.850088 0.857666 0.767922 0.843268 0.884207 0.967307 0.977914 0.747090 0.795344 0.819637 0.919487 0.797042 0.842433 0.911897 0.998901 0.989989 0.974697 0.850458 0.957668 0.909715 0.984662 0.874363 0.952768 0.833848 0.679915 0.944917 0.930024 0.752641 0.738726 0.812506 0.907099 0.660110 0.877730 0.535720 0.684564 0.582687 0.772802 0.940373 0.845060 0.836480 0.842031 0.917636 0.861522 0.869108 0.749218 0.787135 0.866862 0.625939 0.642464 0.975520 0.930472 0.713972 0.829767 0.993413 0.904791 0.845669 0.925213 0.987915 0.932159 0.742483 0.971712 0.991891 0.946694 0.894749 0.992443 0.910248 0.959229 0.864004 0.745563 0.909961 0.918071 0.740196 0.930660 0.830496 0.868597 0.867260 0.924587 0.802233 0.966399
0.740439 0.824860 0.708870 0.579816 0.952548 0.647671 0.989553 0.702391 0.592539 0.816829 0.880222 0.564374 0.450370 0.391204 0.383356 0.000000 0.951520 0.940545 0.754622 0.667877 0.883954 0.889042 0.355848 0.512762 0.596057 0.730577 0.933228 0.936948 0.827888 0.723400 0.516969 0.506109 0.730717 0.872068 0.864160 0.941172 0.641882 0.734117 0.732748 0.837410 0.929760 0.823358 0.743479 0.768978 0.927828 0.996656 0.651026 0.801418 0.883660 0.944032 0.940612 0.887849 0.860350 0.860710 0.822488 0.981460 0.968554 0.980385 0.993007 0.882138 0.687302 0.440828 0.930841 0.855258 0.710664 0.583811 0.966859 0.843431 0.764958 0.840654 0.481821 0.635274 0.513049 0.742398 0.917807 0.895090 0.842276 0.727995 0.789951 0.831128 0.819443 0.688325 0.698548 0.763203 0.662020 0.567600 0.993318 0.846088 0.744562 0.756361 0.910469 0.922609 0.940542 0.891856 0.958296 0.873172 0.713052 0.875444 0.884256 0.845047 0.965125 0.978633 0.989025 0.922209 0.812452 0.743200 0.895791 0.860282 0.714685 0.882048 0.995594 0.914196 0.977964 0.977793 0.707000 0.873015
0.410527 0.429104 0.816904 0.980987 0.969753 0.654709 0.728973 0.780238 0.780614 0.666112 0.359347 0.426944 0.756061 0.691492 0.947318 0.951520 0.000000 0.257588 0.433055 0.413557 0.849335 0.979690 0.957011 0.640094 0.767323 0.587553 0.969772 0.713141 0.326880 0.314897 0.836460 0.825111 0.544684 0.492123 0.844649 0.912642 0.973878 0.792013 0.816462 0.910009 0.836217 0.765493 0.821926 0.655586 0.789464 0.698135 0.680300 0.686376 0.611044 0.617222 0.742492 0.658891 0.878103 0.912918 0.953197 0.842126 0.383102 0.331873 0.487366 0.573065 0.689238 0.989130 0.284826 0.258473 0.528628 0.577159 0.798173 0.940066 0.476509 0.492437 0.944405 0.962145 0.842545 0.760106 0.855969 0.971906 0.749520 0.739931 0.458521 0.718555 0.325792 0.643353 0.583106 0.543043 0.963545 0.757310 0.858672 0.843041 0.786756 0.935234 0.772785 0.766941 0.713117 0.733748 0.927241 0.782731 0.960813 0.634791 0.777441 0.830982 0.866193 0.926511 0.558753 0.514238 0.909961 0.783420 0.960587 0.865284 0.914275 0.663538 0.887613 0.853504 0.776863 0.811898 0.827968 0.780468
0.399577 0.394977 0.805528 0.978226 0.951973 0.617504 0.798250 0.829875 0.758496 0.686966 0.329578 0.392137 0.736731 0.701133 0.975173 0.940545 0.257588 0.000000 0.387328 0.404080 0.848662 0.968685 0.986248 0.714971 0.807835 0.617534 0.967942 0.710476 0.313892 0.331270 0.844160 0.798181 0.589344 0.521353 0.827741 0.958889 0.998615 0.708602 0.809751 0.891830 0.851504 0.717070 0.901733 0.702123 0.907703 0.794694 0.769775 0.741982 0.706642 0.717295 0.852550 0.791083 0.969403 0.990433 0.978257 0.892720 0.338771 0.311454 0.541813 0.595081 0.763802 0.967782 0.305399 0.275384 0.553189 0.574989 0.908234 0.986714 0.450080 0.494575 0.918485 0.979620 0.841569 0.748585 0.854659 0.965226 0.810758 0.741404 0.467997 0.823272 0.370360 0.599023 0.529286 0.479104 0.969959 0.762508 0.891667 0.880515 0.770391 0.999477 0.723962 0.715721 0.673264 0.716107 0.971386 0.837278 0.899975 0.670969 0.853217 0.883428 0.962431 0.912162 0.546404 0.574861 0.898973 0.788449 0.925238 0.894835 0.964131 0.741392 0.853773 0.924838 0.801533 0.764411 0.877159 0.793700
0.437370 0.397539 0.837419 0.651805 0.910915 0.718619 0.620892 0.551096 0.862123 0.527748 0.425858 0.364595 0.690495 0.603864 0.914291 0.754622 0.433055 0.387328 0.000000 0.376904 0.875366 0.955398 0.697097 0.983995 0.942748 0.915420 0.978257 0.725161 0.449914 0.489312 0.650145 0.571591 0.463009 0.434098 0.989912 0.926327 0.661856 0.595029 0.997176 0.852434 0.873465 0.704555 0.566618 0.453399 0.759765 0.623123 0.507349 0.542436 0.721894 0.665790 0.785936 0.741955 0.904427 0.921358 0.989851 0.953841 0.355594 0.413726 0.542053 0.570597 0.579778 0.686888 0.523839 0.403222 0.900690 0.959259 0.742408 0.739988 0.526904 0.602670 0.763318 0.753794 0.756585 0.711150 0.958006 0.931307 0.636530 0.676200 0.540807 0.764650 0.514202 0.659019 0.526913 0.510877 0.870230 0.962217 0.891035 0.847131 0.990390 0.910349 0.941374 0.807497 0.821282 0.782237 0.811861 0.893851 0.938641 0.657663 0.647407 0.627627 0.859348 0.845171 0.578319 0.595772 0.789471 0.779585 0.905117 0.744299 0.905418 0.553274 0.772169 0.839313 0.707706 0.637080 0.692820 0.855577
0.377137 0.409432 0.894125 0.799306 0.998050 0.840417 0.809056 0.750742 0.941962 0.693493 0.405866 0.395079 0.556274 0.568350 0.740262 0.667877 0.413557 0.404080 0.376904 0.000000 0.949384 0.937078 0.717763 0.993397 0.912099 0.902006 0.862570 0.709145 0.416256 0.428881 0.723090 0.671939 0.609258 0.579202 0.988241 0.940121 0.734158 0.598897 0.974367 0.721166 0.854912 0.708960 0.750525 0.659506 0.931375 0.797974 0.616948 0.666483 0.784781 0.746458 0.888289 0.784362 0.984004 0.984684 0.905097 0.938711 0.446434 0.423385 0.679008 0.615631 0.686477 0.743615 0.606569 0.478476 0.905157 0.925670 0.942201 0.941544 0.433082 0.462484 0.781368 0.872760 0.621425 0.634139 0.866383 0.963205 0.705136 0.735240 0.609061 0.708268 0.494650 0.505895 0.534810 0.417647 0.740905 0.892329 0.854968 0.836436 0.989381 0.862883 0.855247 0.738468 0.709367 0.767618 0.896391 0.853665 0.912812 0.713645 0.832191 0.820175 0.979003 0.879656 0.712498 0.735044 0.847441 0.803866 0.951984 0.846928 0.822520 0.657585 0.954298 0.970782 0.859399 0.853151 0.832908 0.796580
0.933952 0.865975 0.907139 0.910891 0.948526 0.822654 0.972093 0.876952 0.989851 0.715160 0.871666 0.936415 0.801321 0.888552 0.787666 0.883954 0.849335 0.848662 0.875366 0.949384 0.000000 0.977830 0.785568 0.721492 0.786080 0.845685 0.924628 0.973061 0.909934 0.946014 0.903559 0.805588 0.965437 0.856163 0.967492 0.907680 0.977936 0.822034 0.974179 0.947429 0.991366 0.940599 0.837564 0.854745 0.880020 0.850711 0.923277 0.837451 0.853052 0.798928 0.881113 0.849929 0.932597 0.882265 0.994754 0.963740 0.784109 0.854458 0.781381 0.805297 0.979442 0.929719 0.900884 0.854699 0.874892 0.856458 0.974973 0.970193 0.961795 0.871608 0.987993 0.996460 0.967873 0.931757 0.930852 0.935047 0.912669 0.945575 0.891592 0.960530 0.925525 0.925894 0.973342 0.886273 0.740252 0.696321 0.964641 0.879562 0.929338 0.827719 0.963289 0.955008 0.962582 0.894708 0.993201 0.937164 0.952720 0.835328 0.836798 0.798472 0.877689 0.928464 0.836875 0.937563 0.986224 0.967546 0.814837 0.955981 0.975255 0.959789 0.780276 0.728228 0.786407 0.805211 0.876534 0.845329
0.864926 0.914278 0.973520 0.881118 0.896198 0.971726 0.975262 0.853310 0.978765 0.840611 0.950523 0.877644 0.903779 0.911583 0.906198 0.889042 0.979690 0.968685 0.955398 0.937078 0.977830 0.000000 0.928330 0.946338 0.896854 0.974357 0.824154 0.956491 0.980295 0.946909 0.987850 0.965240 0.961074 0.942629 0.975062 0.992204 0.827232 0.836202 0.983693 0.726062 0.911855 0.972542 0.883029 0.817720 0.932519 0.860931 0.848881 0.862993 0.903886 0.820971 0.840336 0.845779 0.884903 0.880559 0.848079 0.774418 0.958016 0.953539 0.945687 0.992979 0.967269 0.941956 0.999644 0.973498 0.992132 0.988148 0.910017 0.967415 0.947255 0.849542 0.940744 0.929337 0.976430 0.691316 0.848112 0.893826 0.873392 0.867101 0.953768 0.864738 0.889968 0.909856 0.855819 0.909927 0.936932 0.998229 0.933342 0.874391 0.972694 0.992583 0.901537 0.922634 0.962268 0.981576 0.924038 0.968294 0.669238 0.926328 0.936997 0.920815 0.929499 0.961173 0.914558 0.865559 0.839617 0.960792 0.958976 0.891306 0.959489 0.928556 0.981093 0.777784 0.953159 0.939946 0.989507 0.931480
0.851056 0.891571 0.551211 0.407207 0.816208 0.740903 0.833097 0.630166 0.556757 0.871467 0.916589 0.642092 0.496826 0.469277 0.479705 0.355848 0.957011 0.986248 0.697097 0.717763 0.785568 0.928330 0.000000 0.438693 0.496057 0.604837 0.931925 0.956967 0.921158 0.845197 0.456309 0.435188 0.700229 0.844401 0.940778 0.918912 0.595531 0.734491 0.778978 0.904504 0.909784 0.842936 0.762424 0.776253 0.826975 0.891001 0.734790 0.845422 0.708905 0.794578 0.888297 0.910442 0.991292 0.949366 0.948703 0.896940 0.992960 0.998035 0.959669 0.940338 0.671198 0.503186 0.929436 0.907971 0.546186 0.502389 0.967637 0.812822 0.782954 0.916169 0.564634 0.564788 0.514142 0.849061 0.982898 0.979275 0.759383 0.763409 0.868060 0.893698 0.957159 0.815860 0.666913 0.788708 0.629963 0.518789 0.980992 0.918710 0.657459 0.685282 0.939432 0.829341 0.943632 0.968349 0.814587 0.980656 0.779723 0.950029 0.888806 0.851852 0.961671 0.996549 0.895956 0.968117 0.750823 0.721592 0.956536 0.794585 0.730321 0.906541 0.958126 0.889865 0.964105 0.969808 0.615223 0.992355
0.892154 0.815338 0.604542 0.598198 0.880740 0.589433 0.927173 0.912576 0.655684 0.844248 0.806256 0.986581 0.734578 0.702431 0.634420 0.512762 0.640094 0.714971 0.983995 0.993397 0.721492 0.946338 0.438693 0.000000 0.426303 0.452866 0.856604 0.841374 0.803071 0.864022 0.690650 0.675816 0.960518 0.870843 0.848270 0.976643 0.723911 0.960429 0.616333 0.850374 0.950848 0.924792 0.965761 0.972847 0.785072 0.760658 0.927379 0.952454 0.628882 0.667490 0.757423 0.748202 0.929523 0.822362 0.954285 0.863760 0.707311 0.707610 0.724076 0.863656 0.894785 0.656009 0.630277 0.705784 0.444430 0.416986 0.948622 0.853031 0.991181 0.825945 0.765940 0.820364 0.665794 0.873513 0.933310 0.939031 0.973550 0.910673 0.881235 0.990252 0.767205 0.915408 0.943898 0.964270 0.591404 0.392091 0.860587 0.834859 0.616210 0.679398 0.925245 0.865621 0.985961 0.952402 0.957585 0.876364 0.812474 0.847365 0.907452 0.957532 0.906190 0.921376 0.688100 0.875211 0.894549 0.884567 0.969818 0.917280 0.842486 0.837595 0.926375 0.709985 0.831662 0.922190 0.834572 0.856913
0.983976 0.994043 0.548886 0.662544 0.754084 0.722939 0.920589 0.983743 0.651670 0.758920 0.948302 0.965317 0.761082 0.768088 0.650401 0.596057 0.767323 0.807835 0.942748 0.912099 0.786080 0.896854 0.496057 0.426303 0.000000 0.459327 0.813016 0.777755 0.908458 0.934584 0.650839 0.654558 0.956527 0.949877 0.815093 0.932231 0.727199 0.743497 0.570613 0.846857 0.903327 0.978099 0.992517 0.932594 0.746624 0.742344 0.941674 0.963869 0.622315 0.706534 0.677805 0.704449 0.812313 0.729397 0.966700 0.902744 0.910797 0.834681 0.776500 0.939329 0.915212 0.756050 0.655343 0.737332 0.418122 0.501678 0.907903 0.902852 0.825615 0.927078 0.837271 0.820435 0.556121 0.692030 0.991726 0.992630 0.946158 0.800922 0.898575 0.905708 0.909483 0.781240 0.803710 0.876677 0.552688 0.359893 0.951300 0.833327 0.649794 0.678505 0.902673 0.771906 0.845356 0.844516 0.950808 0.907163 0.982333 0.832865 0.850783 0.883319 0.802802 0.842117 0.747507 0.851072 0.977301 0.888407 0.885829 0.892233 0.876514 0.897748 0.897657 0.712657 0.866598 0.867683 0.765883 0.934029
0.878582 0.818133 0.454248 0.563847 0.906485 0.579160 0.859247 0.826996 0.482958 0.917050 0.804851 0.866796 0.846644 0.832201 0.796037 0.730577 0.587553 0.617534 0.915420 0.902006 0.845685 0.974357 0.604837 0.452866 0.459327 0.000000 0.997224 0.817049 0.701539 0.679963 0.705431 0.793227 0.905355 0.957092 0.696815 0.874666 0.779280 0.917556 0.580746 0.991121 0.987035 0.938054 0.895834 0.985751 0.957415 0.889836 0.914657 0.997911 0.707616 0.772636 0.849858 0.815352 0.999370 0.933310 0.909487 0.946763 0.751564 0.655524 0.782075 0.834049 0.780298 0.633560 0.599209 0.623174 0.356881 0.370363 0.845877 0.730823 0.941624 0.768520 0.712212 0.723859 0.664773 0.849404 0.945673 0.966211 0.917608 0.983789 0.778426 0.989532 0.693553 0.983603 0.993496 0.863678 0.602268 0.462450 0.875330 0.844680 0.622121 0.726727 0.758371 0.887630 0.765717 0.792608 0.855725 0.934434 0.758141 0.886794 0.898035 0.968075 0.928842 0.930669 0.782763 0.901723 0.867384 0.872057 0.874510 0.884563 0.903067 0.884361 0.945031 0.817340 0.992831 0.998639 0.897088 0.827072
0.922570 0.959777 0.933431 0.945243 0.957876 0.944189 0.670261 0.799433 0.951941 0.834503 0.941961 0.983985 0.951775 0.893532 0.883045 0.933228 0.969772 0.967942 0.978257 0.862570 0.924628 0.824154 0.931925 0.856604 0.813016 0.997224 0.000000 0.847893 0.987148 0.964087 0.884310 0.944123 0.801346 0.868083 0.925440 0.814495 0.918400 0.701742 0.980420 0.901607 0.872290 0.851509 0.815173 0.894074 0.675435 0.743639 0.931669 0.885450 0.881087 0.894294 0.751235 0.808461 0.711523 0.665094 0.961991 0.949978 0.947614 0.924764 0.840849 0.917132 0.749585 0.821967 0.878499 0.884167 0.919443 0.941908 0.634326 0.681399 0.831169 0.902367 0.837186 0.873232 0.959531 0.942278 0.952770 0.936788 0.847155 0.967412 0.987894 0.924918 0.954630 0.774702 0.875291 0.732973 0.847868 0.833955 0.919115 0.662793 0.899554 0.660265 0.763439 0.791947 0.715835 0.872428 0.896456 0.969148 0.928069 0.972460 0.736960 0.859408 0.672451 0.798064 0.919798 0.808373 0.961535 0.984489 0.842416 0.817446 0.923072 0.931820 0.732235 0.856748 0.832633 0.851444 0.914250 0.934739
0.803559 0.681272 0.936421 0.941732 0.812930 0.710152 0.636068 0.784456 0.985364 0.785966 0.739074 0.666422 0.837686 0.927367 0.870080 0.936948 0.713141 0.710476 0.725161 0.709145 0.973061 0.956491 0.956967 0.841374 0.777755 0.817049 0.847893 0.000000 0.710590 0.729816 0.928797 0.939688 0.753965 0.718217 0.842111 0.883255 0.940449 0.962212 0.793624 0.894121 0.992333 0.893936 0.791918 0.730789 0.720639 0.685752 0.780884 0.759662 0.682772 0.721372 0.749338 0.749600 0.898609 0.891035 0.892918 0.890219 0.711481 0.648925 0.620220 0.632686 0.679635 0.847102 0.647659 0.656490 0.848042 0.897557 0.703303 0.784785 0.959308 0.862196 0.997265 0.954780 0.960323 0.960646 0.881837 0.910682 0.697330 0.928978 0.792080 0.775214 0.674764 0.754951 0.902242 0.792114 0.981324 0.877622 0.940578 0.830241 0.952715 0.928144 0.967820 0.971807 0.944536 0.906507 0.896292 0.959066 0.875748 0.655159 0.828696 0.749203 0.923303 0.691993 0.719950 0.738272 0.843050 0.945497 0.924843 0.849793 0.892859 0.803619 0.927696 0.884031 0.856998 0.807264 0.907620 0.885052
0.469606 0.453299 0.926757 0.987980 0.988236 0.705216 0.819038 0.830435 0.920679 0.723887 0.383754 0.443911 0.711514 0.698619 0.869364 0.827888 0.326880 0.313892 0.449914 0.416256 0.909934 0.980295 0.921158 0.803071 0.908458 0.701539 0.987148 0.710590 0.000000 0.286457 0.747174 0.698089 0.576281 0.525812 0.863701 0.959955 0.989931 0.698967 0.926991 0.798167 0.994178 0.822562 0.854135 0.698585 0.858565 0.735598 0.699101 0.662811 0.691974 0.655613 0.798685 0.679274 0.917762 0.943544 0.989926 0.918541 0.456855 0.396225 0.587255 0.521229 0.700081 0.913597 0.405815 0.338123 0.677130 0.730688 0.914430 0.944916 0.500813 0.568842 0.906980 0.973889 0.771854 0.712115 0.896275 0.969154 0.836534 0.754976 0.522574 0.771354 0.382163 0.600305 0.532369 0.529128 0.976447 0.868780 0.838727 0.816444 0.865885 0.956599 0.707781 0.666563 0.599038 0.627784 0.923775 0.841496 0.998720 0.704590 0.858792 0.876905 0.966780 0.938962 0.563330 0.615432 0.913501 0.825707 0.985389 0.912207 0.970111 0.733188 0.984872 0.960282 0.761716 0.781234 0.793546 0.851999
0.450388 0.538536 0.953073 0.943896 0.948123 0.766553 0.821713 0.815697 0.843678 0.776105 0.384361 0.393212 0.653146 0.624126 0.777015 0.723400 0.314897 0.331270 0.489312 0.428881 0.946014 0.946909 0.845197 0.864022 0.934584 0.679963 0.964087 0.729816 0.286457 0.000000 0.665002 0.620177 0.571012 0.529771 0.919280 0.962479 0.983712 0.792475 0.910681 0.800948 0.929042 0.832080 0.939717 0.756594 0.968516 0.840354 0.699739 0.702784 0.827312 0.785744 0.893441 0.768221 0.991410 0.983726 0.960526 0.966417 0.554189 0.483936 0.580185 0.558951 0.657180 0.880975 0.372400 0.308908 0.673751 0.768105 0.896727 0.894821 0.465816 0.575401 0.876999 0.995366 0.750160 0.677813 0.792547 0.980578 0.830115 0.651846 0.532067 0.722179 0.375904 0.633688 0.477777 0.546470 0.963922 0.903136 0.839811 0.806671 0.805270 0.879621 0.642029 0.573395 0.533717 0.545796 0.952107 0.792486 0.946618 0.689528 0.949957 0.952236 0.986468 0.991211 0.646093 0.606321 0.854215 0.698243 0.955598 0.966608 0.849238 0.741696 0.958300 0.995109 0.920431 0.913325 0.713031 0.763728
0.813302 0.783752 0.518731 0.462757 0.794777 0.937068 0.562868 0.497925 0.565660 0.698474 0.681414 0.592658 0.581722 0.587839 0.670158 0.516969 0.836460 0.844160 0.650145 0.723090 0.903559 0.987850 0.456309 0.690650 0.650839 0.705431 0.884310 0.928797 0.747174 0.665002 0.000000 0.402637 0.525050 0.540865 0.883153 0.865834 0.810196 0.825539 0.760297 0.962420 0.949327 0.890531 0.689616 0.684229 0.903830 0.835974 0.649545 0.659268 0.878412 0.990080 0.945141 0.925950 0.859776 0.906224 0.999116 0.918485 0.902633 0.938999 0.799958 0.753715 0.443123 0.460403 0.837815 0.705384 0.725709 0.588808 0.679091 0.527366 0.777173 0.922710 0.596765 0.655288 0.630183 0.708227 0.854788 0.947962 0.704199 0.602749 0.770654 0.868535 0.804422 0.860659 0.627015 0.870302 0.866423 0.736988 0.886541 0.783195 0.753485 0.934617 0.949196 0.867282 0.970245 0.880654 0.841138 0.805677 0.868831 0.707850 0.811191 0.782233 0.710875 0.963502 0.962903 0.761332 0.671255 0.657564 0.802388 0.678886 0.752997 0.881134 0.800898 0.965511 0.861475 0.915653 0.532010 0.997900
0.770764 0.762750 0.593644 0.491229 0.885578 0.970189 0.691641 0.607720 0.695800 0.758195 0.708959 0.586930 0.647475 0.540540 0.674215 0.506109 0.825111 0.798181 0.571591 0.671939 0.805588 0.965240 0.435188 0.675816 0.654558 0.793227 0.944123 0.939688 0.698089 0.620177 0.402637 0.000000 0.517749 0.622567 0.958425 0.935018 0.749375 0.704645 0.878213 0.811685 0.968337 0.886791 0.668668 0.628240 0.893407 0.801478 0.633757 0.714879 0.988076 0.968772 0.904171 0.876714 0.885823 0.904532 0.990018 0.935541 0.828130 0.906673 0.832910 0.812232 0.574880 0.565689 0.847456 0.721320 0.800494 0.670648 0.803381 0.655377 0.769432 0.943250 0.712111 0.721467 0.735320 0.764775 0.892316 0.979831 0.759491 0.593557 0.797591 0.824075 0.773229 0.873733 0.636384 0.718228 0.859768 0.706002 0.904766 0.778928 0.840426 0.995525 0.972098 0.783516 0.866026 0.861986 0.957596 0.874643 0.956387 0.814887 0.792790 0.821805 0.807170 0.861671 0.873503 0.792379 0.734207 0.703229 0.935439 0.755415 0.738379 0.803312 0.875422 0.996106 0.866454 0.866716 0.483656 0.981863
0.591629 0.621872 0.673775 0.583215 0.984155 0.959701 0.424203 0.474866 0.745171 0.592410 0.541298 0.511128 0.615175 0.531593 0.814356 0.730717 0.544684 0.589344 0.463009 0.609258 0.965437 0.961074 0.700229 0.960518 0.956527 0.905355 0.801346 0.753965 0.576281 0.571012 0.525050 0.517749 0.000000 0.416709 0.879395 0.822646 0.786701 0.844210 0.989028 0.916118 0.837256 0.756201 0.625980 0.512945 0.605171 0.581543 0.477665 0.577109 0.741564 0.687508 0.670657 0.650099 0.685390 0.763037 0.843754 0.903099 0.615511 0.640046 0.582406 0.693351 0.354914 0.591896 0.521430 0.484939 0.968384 0.886559 0.496920 0.559232 0.646394 0.800834 0.673631 0.645019 0.699469 0.788885 0.814700 0.965935 0.662739 0.684618 0.597572 0.722865 0.552600 0.743649 0.555525 0.705347 0.805371 0.886529 0.988091 0.803788 0.911070 0.968598 0.828135 0.984864 0.936468 0.969019 0.767169 0.829927 0.860704 0.604347 0.526462 0.662697 0.692165 0.793108 0.669733 0.453456 0.713951 0.711778 0.984745 0.700900 0.808261 0.691899 0.655903 0.810491 0.698575 0.656335 0.554799 0.977646
0.579803 0.543471 0.744713 0.616728 0.973662 0.800187 0.397985 0.415931 0.804144 0.535562 0.429044 0.501772 0.801826 0.758276 0.973303 0.872068 0.492123 0.521353 0.434098 0.579202 0.856163 0.942629 0.844401 0.870843 0.949877 0.957092 0.868083 0.718217 0.525812 0.529771 0.540865 0.622567 0.416709 0.000000 0.883748 0.859810 0.941264 0.849386 0.948142 0.973350 0.972673 0.894338 0.619300 0.481472 0.631193 0.532230 0.489181 0.450623 0.735519 0.657613 0.727452 0.689992 0.827175 0.890012 0.972669 0.945602 0.545510 0.587954 0.403758 0.447833 0.383837 0.632619 0.453094 0.419352 0.947661 0.923244 0.472630 0.482438 0.656060 0.806538 0.847233 0.832164 0.841375 0.760563 0.891313 0.918027 0.642908 0.632907 0.510824 0.747174 0.596035 0.881290 0.654166 0.752404 0.926205 0.925340 0.857113 0.725312 0.925777 0.924454 0.998691 0.891511 0.950251 0.808498 0.856481 0.885406 0.978720 0.536669 0.608785 0.592335 0.576669 0.919459 0.588061 0.503762 0.708842 0.665517 0.965054 0.666111 0.837428 0.669655 0.710172 0.806999 0.656949 0.687184 0.590243 0.833289
0.965656 0.961322 0.624209 0.753323 0.740481 0.885003 0.774902 0.813473 0.708455 0.948729 0.999231 0.966007 0.949899 0.989272 0.945580 0.864160 0.844649 0.827741 0.989912 0.988241 0.967492 0.975062 0.940778 0.848270 0.815093 0.696815 0.925440 0.842111 0.863701 0.919280 0.883153 0.958425 0.879395 0.883748 0.000000 0.976903 0.945712 0.945194 0.936839 0.874648 0.913422 0.942924 0.791785 0.875200 0.807745 0.816787 0.717498 0.756271 0.986799 0.837534 0.898358 0.871352 0.867064 0.888955 0.856080 0.974452 0.993635 0.922229 0.930919 0.856136 0.761971 0.676721 0.847581 0.881491 0.665808 0.690022 0.766483 0.663420 0.960464 0.941535 0.883902 0.890788 0.918179 0.854319 0.915042 0.902839 0.895455 0.908552 0.893810 0.895916 0.936991 0.932444 0.975092 0.921532 0.830960 0.816349 0.939663 0.957872 0.860888 0.949711 0.812583 0.837745 0.829482 0.922265 0.973131 0.965126 0.796813 0.915834 0.838753 0.849395 0.986348 0.855318 0.940728 0.969402 0.940968 0.979836 0.814843 0.905661 0.954993 0.953337 0.968977 0.960881 0.838292 0.930999 0.847045 0.941064
0.961451 0.954792 0.974216 0.958039 0.940225 0.887994 0.799894 0.900783 0.952711 0.928981 0.971912 0.976049 0.854006 0.955535 0.866849 0.941172 0.912642 0.958889 0.926327 0.940121 0.907680 0.992204 0.918912 0.976643 0.932231 0.874666 0.814495 0.883255 0.959955 0.962479 0.865834 0.935018 0.822646 0.859810 0.976903 0.000000 0.984599 0.859050 0.953004 0.942734 0.900018 0.974642 0.844341 0.821323 0.700042 0.756799 0.834793 0.877127 0.815890 0.807627 0.813739 0.846633 0.727634 0.843301 0.973677 0.942926 0.950215 0.942700 0.795273 0.902737 0.835600 0.920611 0.905157 0.903268 0.943761 0.982145 0.712806 0.750817 0.893423 0.913107 0.995811 0.941158 0.841300 0.935700 0.905210 0.890683 0.880171 0.901611 0.947313 0.941329 0.898675 0.943302 0.917949 0.861666 0.995312 0.975542 0.984757 0.980898 0.860234 0.900607 0.883640 0.846679 0.892180 0.981141 0.890833 0.979693 0.956117 0.880018 0.834036 0.772532 0.853451 0.962098 0.883996 0.804875 0.921028 0.985067 0.998532 0.949022 0.969171 0.937519 0.812739 0.832332 0.988214 0.946142 0.909456 0.887310
0.763277 0.797921 0.664203 0.643999 0.918237 0.842568 0.950425 0.771450 0.644050 0.776859 0.988800 0.765739 0.714159 0.639441 0.656652 0.641882 0.973878 0.998615 0.661856 0.734158 0.977936 0.827232 0.595531 0.723911 0.727199 0.779280 0.918400 0.940449 0.989931 0.983712 0.810196 0.749375 0.786701 0.941264 0.945712 0.984599 0.000000 0.711537 0.820308 0.851199 0.764839 0.899029 0.645949 0.683803 0.945969 0.872678 0.667788 0.766034 0.975201 0.941560 0.925376 0.886931 0.874636 0.839076 0.818764 0.996663 0.800137 0.855545 0.961143 0.960817 0.813256 0.627736 0.830118 0.999086 0.694729 0.726888 0.969600 0.901189 0.738811 0.782150 0.685762 0.614179 0.639551 0.803877 0.910059 0.965198 0.689069 0.818149 0.917022 0.788242 0.914784 0.781067 0.782445 0.829782 0.630227 0.657237 0.916848 0.926033 0.722951 0.753855 0.820458 0.898143 0.955220 0.906060 0.926075 0.833626 0.758416 0.980758 0.744922 0.667238 0.970083 0.816164 0.986113 0.970803 0.861512 0.971897 0.919554 0.729982 0.687860 0.847355 0.958174 0.851686 0.960523 0.923448 0.947803 0.985297
0.622378 0.550330 0.867249 0.850829 0.977617 0.811376 0.960403 0.918906 0.833602 0.801007 0.750663 0.663480 0.808634 0.765292 0.850088 0.734117 0.792013 0.708602 0.595029 0.598897 0.822034 0.836202 0.734491 0.960429 0.743497 0.917556 0.701742 0.962212 0.698967 0.792475 0.825539 0.704645 0.844210 0.849386 0.945194 0.859050 0.711537 0.000000 0.909821 0.691968 0.846627 0.777168 0.757402 0.720409 0.981071 0.870477 0.673948 0.718878 0.864157 0.823322 0.910818 0.859779 0.932411 0.958764 0.941604 0.851136 0.541135 0.640701 0.981941 0.881504 0.975192 0.850020 0.974730 0.842813 0.896065 0.990346 0.803394 0.898594 0.672894 0.686573 0.848044 0.758910 0.760031 0.790984 0.853457 0.935382 0.972609 0.763201 0.834446 0.894063 0.690402 0.605795 0.659240 0.464751 0.766943 0.878786 0.937360 0.950571 0.887250 0.773586 0.963527 0.937203 0.819575 0.960699 0.843334 0.875469 0.926854 0.813320 0.880742 0.860802 0.928596 0.972727 0.736381 0.994695 0.961501 0.923539 0.959737 0.914129 0.983154 0.810124 0.896420 0.851770 0.897166 0.746784 0.879338 0.964972
