0.000000 0.350026 0.914774 0.696639 0.817932 0.887346 0.518609 0.646866 0.908019 0.680086 0.439413 0.431206 0.525372 0.577592 0.856193 0.976140 0.365944 0.339249 0.424321 0.424393 0.844811 0.824963 0.823750 0.711811 0.546239 0.567492 0.710908 0.809558 0.605530 0.532907 0.635442 0.804351 0.584723 0.588998 0.787737 0.911102 0.957648 0.934730 0.954376 0.959526 0.872705 0.906998 0.887339 0.720859 0.648113 0.620873 0.632544 0.627323 0.523872 0.674486 0.734342 0.871910 0.941334 0.784962 0.622624 0.839113 0.372942 0.336379 0.482593 0.508788 0.470235 0.583743 0.486719 0.407188 0.784741 0.993337 0.944464 0.858671 0.474059 0.542631 0.725887 0.718618 0.746190 0.859148 0.837559 0.941082 0.989509 0.937681 0.679452 0.642287 0.356626 0.386400 0.641861 0.464486 0.493422 0.911583 0.895192 0.877143 0.775594 0.867668 0.819157 0.907266 0.987423 0.939721 0.986843 0.943232 0.849542 0.928383 0.648717 0.724326 0.853029 0.766766 0.642920 0.771720 0.998397 0.957016 0.939230 0.830737 0.917617 0.801472 0.907931 0.931808 0.801316 0.872140 0.894612 0.941862
0.350026 0.000000 0.955307 0.836628 0.844265 0.846052 0.635801 0.718829 0.960702 0.797524 0.563991 0.586599 0.684525 0.677478 0.837343 0.962386 0.387404 0.390714 0.547462 0.416657 0.963100 0.796913 0.903657 0.892240 0.741356 0.714867 0.832080 0.817282 0.647144 0.565170 0.689055 0.821642 0.691828 0.645036 0.889374 0.890976 0.921010 0.949612 0.921228 0.931629 0.976758 0.816236 0.906003 0.781176 0.722978 0.663790 0.638327 0.650699 0.521978 0.581814 0.680518 0.760311 0.977551 0.920501 0.636716 0.808725 0.334458 0.298948 0.591144 0.490727 0.584917 0.622430 0.587318 0.497072 0.958039 0.893504 0.858760 0.815278 0.405100 0.446313 0.729833 0.824273 0.810873 0.979340 0.913262 0.899536 0.972149 0.979433 0.682935 0.625103 0.446332 0.448707 0.609258 0.526092 0.502081 0.794232 0.925222 0.780182 0.836829 0.844472 0.810821 0.891936 0.899745 0.949321 0.918215 0.972401 0.794088 0.987942 0.717847 0.687156 0.929806 0.839951 0.699674 0.822289 0.915325 0.904953 0.936086 0.834265 0.988055 0.815861 0.973084 0.952745 0.838765 0.825011 0.900466 0.998303
0.914774 0.955307 0.000000 0.636727 0.748728 0.951461 0.759922 0.673274 0.899306 0.991246 0.973726 0.996889 0.936615 0.828436 0.888568 0.781121 0.982393 0.949961 0.991693 0.977024 0.915446 0.910798 0.921386 0.917383 0.637152 0.721426 0.999918 0.969542 0.938340 0.966092 0.692779 0.700041 0.861326 0.761683 0.762530 0.969013 0.780278 0.926513 0.782563 0.924675 0.960754 0.845086 0.890439 0.944960 0.738504 0.841339 0.746977 0.983381 0.742619 0.848238 0.988744 0.827874 0.892756 0.884122 0.932098 0.886107 0.934942 0.959608 0.781426 0.959496 0.916251 0.993086 0.894441 0.957431 0.668271 0.641473 0.625660 0.657444 0.936671 0.883584 0.950902 0.844881 0.865243 0.922238 0.832491 0.899641 0.853588 0.927114 0.797641 0.981589 0.979117 0.933708 0.875271 0.962363 0.904908 0.794494 0.710697 0.968044 0.871251 0.934888 0.726854 0.697550 0.705120 0.778861 0.994442 0.999972 0.928008 0.933904 0.793965 0.850076 0.890906 0.854042 0.938509 0.933450 0.845371 0.939975 0.916152 0.920152 0.999223 0.942482 0.880152 0.833092 0.836627 0.958455 0.911171 0.970351
0.696639 0.836628 0.636727 0.000000 0.670124 0.829710 0.867159 0.877570 0.958910 0.924798 0.661588 0.677767 0.601675 0.620279 0.744993 0.945787 0.734179 0.686568 0.803988 0.843218 0.903275 0.890999 0.810220 0.621906 0.475481 0.571046 0.734619 0.979123 0.741413 0.755673 0.703394 0.713770 0.944107 0.962661 0.770829 0.931017 0.883303 0.749013 0.969654 0.952712 0.851906 0.976379 0.825168 0.912273 0.814519 0.865630 0.979798 0.881542 0.809148 0.887948 0.793408 0.736481 0.743224 0.700078 0.975777 0.910018 0.861374 0.799940 0.963098 0.848576 0.762646 0.876830 0.778169 0.768456 0.622600 0.578880 0.556844 0.663266 0.925028 0.970751 0.708293 0.701524 0.702949 0.833297 0.807493 0.921944 0.787273 0.797109 0.897549 0.890115 0.722150 0.734434 0.716410 0.689595 0.708592 0.778208 0.865981 0.938178 0.862506 0.880729 0.912870 0.880246 0.824365 0.832122 0.844242 0.976408 0.983003 0.953186 0.909427 0.972756 0.714635 0.842152 0.894966 0.887865 0.744819 0.802983 0.834560 0.995620 0.946317 0.880887 0.980202 0.986614 0.916383 0.883810 0.967395 0.911606
0.817932 0.844265 0.748728 0.670124 0.000000 0.802761 0.822737 0.999995 0.858328 0.828860 0.711777 0.718065 0.616438 0.654305 0.590820 0.685389 0.769483 0.759088 0.778890 0.796088 0.955522 0.972172 0.845589 0.993163 0.593566 0.656541 0.877247 0.875203 0.714159 0.667785 0.784869 0.899245 0.873450 0.871179 0.858447 0.978853 0.926372 0.804085 0.909274 0.901362 0.957183 0.869986 0.993096 0.872362 0.660164 0.702910 0.966100 0.829369 0.726604 0.894118 0.889540 0.955113 0.868451 0.991647 0.987453 0.873752 0.952762 0.847123 0.983992 0.985504 0.728894 0.786501 0.744885 0.709843 0.731424 0.785601 0.880395 0.876247 0.935826 0.951169 0.959726 0.736118 0.932872 0.970683 0.890055 0.874238 0.910813 0.990005 0.974313 0.863648 0.725730 0.766371 0.702929 0.672870 0.638880 0.888555 0.779516 0.765572 0.909156 0.950894 0.829363 0.875116 0.902191 0.954133 0.964021 0.884048 0.832227 0.897007 0.772949 0.864556 0.734776 0.958621 0.764009 0.990915 0.903691 0.900385 0.896231 0.991309 0.773443 0.931342 0.841251 0.772521 0.864469 0.854422 0.949345 0.958294
0.887346 0.846052 0.951461 0.829710 0.802761 0.000000 0.715633 0.702437 0.687387 0.699412 0.862680 0.892441 0.881246 0.894258 0.784235 0.747419 0.802723 0.913793 0.847116 0.882321 0.892109 0.973131 0.783448 0.869726 0.975149 0.867363 0.964648 0.893646 0.783118 0.823033 0.905893 0.955245 0.791234 0.746864 0.904777 0.840222 0.991829 0.947392 0.992731 0.915316 0.977113 0.833288 0.688368 0.675464 0.642826 0.653316 0.726479 0.703637 0.722263 0.729850 0.655068 0.816530 0.744755 0.833703 0.833479 0.720422 0.965222 0.960678 0.869722 0.765534 0.714042 0.655642 0.830198 0.788393 0.860897 0.664623 0.758458 0.725927 0.870687 0.870100 0.840050 0.974046 0.813475 0.902632 0.860350 0.877800 0.622363 0.769446 0.843808 0.679850 0.760147 0.820718 0.904557 0.942458 0.670677 0.690177 0.977905 0.978114 0.945965 0.961673 0.645757 0.832510 0.697197 0.968929 0.768908 0.903700 0.757925 0.884401 0.681835 0.799478 0.792105 0.893642 0.776492 0.956866 0.795818 0.905848 0.962361 0.923857 0.742087 0.922941 0.989954 0.874708 0.787819 0.893674 0.955098 0.933501
0.518609 0.635801 0.759922 0.867159 0.822737 0.715633 0.000000 0.338551 0.797427 0.443890 0.379039 0.424055 0.438214 0.572054 0.689666 0.988720 0.450899 0.497532 0.452086 0.528663 0.924539 0.879420 0.783003 0.646925 0.590942 0.729972 0.542906 0.922783 0.422742 0.408339 0.991931 0.870997 0.376520 0.363351 0.878399 0.906598 0.993682 0.782992 0.860122 0.919310 0.833812 0.979578 0.654567 0.493335 0.575834 0.479328 0.461842 0.514840 0.639180 0.870158 0.711634 0.886118 0.844613 0.690738 0.720007 0.735869 0.615568 0.680977 0.461057 0.699794 0.267195 0.483075 0.323518 0.351086 0.807054 0.833850 0.753166 0.609629 0.841783 0.719136 0.832357 0.749564 0.920138 0.968327 0.983376 0.980113 0.769393 0.959728 0.512091 0.544434 0.376740 0.432841 0.758549 0.629877 0.588131 0.881527 0.888492 0.978313 0.970563 0.838953 0.912522 0.823621 0.906420 0.608751 0.968531 0.970252 0.774626 0.952307 0.649744 0.784016 0.670208 0.881207 0.588457 0.737965 0.781233 0.948017 0.898129 0.806121 0.768752 0.793090 0.863174 0.952750 0.815869 0.876132 0.997740 0.973004
0.646866 0.718829 0.673274 0.877570 0.999995 0.702437 0.338551 0.000000 0.715417 0.439558 0.535231 0.517270 0.556671 0.609354 0.794667 0.953623 0.628655 0.677888 0.511695 0.614526 0.925178 0.923556 0.887974 0.795489 0.792338 0.892167 0.676196 0.815485 0.546705 0.553647 0.888198 0.861420 0.399770 0.441205 0.998253 0.995678 0.987798 0.960969 0.869271 0.941213 0.861477 0.988877 0.589685 0.446314 0.605656 0.506560 0.472677 0.591570 0.650837 0.811088 0.640815 0.955002 0.989956 0.849713 0.671576 0.679499 0.700361 0.760895 0.476941 0.634223 0.393885 0.457417 0.472058 0.467101 0.863133 0.720952 0.671832 0.544811 0.861840 0.675796 0.979865 0.951178 0.940473 0.940991 0.849482 0.958598 0.697272 0.958115 0.643580 0.615518 0.525563 0.604319 0.860887 0.794187 0.751302 0.935779 0.840672 0.946806 0.881651 0.914055 0.897507 0.932535 0.962508 0.689317 0.882776 0.959670 0.686093 0.966171 0.624388 0.858141 0.760599 0.863241 0.707230 0.663297 0.704413 0.921191 0.995960 0.840414 0.813334 0.817164 0.863036 0.981958 0.828605 0.859390 0.976412 0.945957
0.908019 0.960702 0.899306 0.958910 0.858328 0.687387 0.797427 0.715417 0.000000 0.627503 0.854704 0.729558 0.696807 0.705959 0.677388 0.596040 0.990541 0.987283 0.929047 0.980641 0.738484 0.959484 0.726344 0.860195 0.933244 0.926160 0.899413 0.972778 0.809976 0.761825 0.788722 0.916321 0.762957 0.800970 0.960015 0.957060 0.973950 0.853536 0.831205 0.985792 0.869708 0.951854 0.772268 0.774643 0.691637 0.715542 0.860681 0.846066 0.705788 0.980278 0.878780 0.998185 0.822026 0.999019 0.808702 0.894122 0.946353 0.990118 0.990995 0.993102 0.754215 0.561151 0.902568 0.781182 0.986358 0.796786 0.998626 0.945496 0.888454 0.811292 0.693331 0.745303 0.863064 0.883100 0.775269 0.954335 0.741926 0.905827 0.997947 0.813485 0.825608 0.985864 0.784742 0.948162 0.708393 0.816371 0.854826 0.969458 0.818703 0.931364 0.860768 0.958569 0.954536 0.960268 0.872934 0.911259 0.902616 0.894159 0.751135 0.868666 0.798806 0.872109 0.847135 0.965523 0.824228 0.911905 0.974578 0.881049 0.814933 0.799728 0.872448 0.953757 0.930746 0.884495 0.856957 0.960126
0.680086 0.797524 0.991246 0.924798 0.828860 0.699412 0.443890 0.439558 0.627503 0.000000 0.549558 0.482099 0.456977 0.481496 0.629651 0.868759 0.710064 0.692316 0.554957 0.633098 0.830511 0.975500 0.976930 0.682942 0.593768 0.850920 0.639411 0.791581 0.521724 0.531383 0.845009 0.959620 0.430203 0.487560 0.867837 0.938305 0.805128 0.828827 0.928297 0.894855 0.819313 0.845643 0.556549 0.421101 0.373132 0.355763 0.560577 0.647927 0.470141 0.733800 0.674142 0.962555 0.997759 0.888167 0.797347 0.784621 0.854295 0.864432 0.669808 0.779802 0.443174 0.432765 0.564893 0.524403 0.637831 0.953406 0.878865 0.733035 0.906306 0.778580 0.872895 0.981471 0.918361 0.989752 0.969917 0.974891 0.680383 0.963535 0.785715 0.605908 0.575303 0.705979 0.812731 0.830147 0.709251 0.923710 0.934422 0.901665 0.927584 0.878381 0.714385 0.966900 0.871089 0.802915 0.905726 0.904616 0.791898 0.925456 0.470940 0.662433 0.655704 0.778792 0.615662 0.710453 0.815854 0.953006 0.913539 0.975209 0.710600 0.741649 0.747987 0.785469 0.777538 0.792170 0.947174 0.994245
0.439413 0.563991 0.973726 0.661588 0.711777 0.862680 0.379039 0.535231 0.854704 0.549558 0.000000 0.378993 0.374272 0.496442 0.686613 0.939319 0.398201 0.392014 0.413521 0.475931 0.915316 0.867415 0.758100 0.590050 0.450280 0.542406 0.568600 0.897234 0.455421 0.404784 0.768528 0.957758 0.440951 0.457668 0.825989 0.926464 0.959499 0.787083 0.975676 0.891476 0.852420 0.956808 0.877629 0.671174 0.620615 0.529721 0.596756 0.571054 0.588237 0.884574 0.812667 0.866805 0.767894 0.638831 0.738678 0.868953 0.537010 0.536692 0.533773 0.735733 0.322873 0.540410 0.335311 0.337825 0.648218 0.970351 0.992495 0.857436 0.721530 0.688297 0.750433 0.655755 0.743094 0.776617 0.974334 0.952479 0.957789 0.893045 0.657406 0.589394 0.339846 0.378757 0.648009 0.477472 0.535476 0.975350 0.936378 0.938453 0.813514 0.934561 0.974294 0.843353 0.867444 0.671581 0.941939 0.930098 0.831468 0.923175 0.715415 0.903750 0.722696 0.941918 0.689510 0.781930 0.973446 0.994877 0.980573 0.769171 0.836700 0.804979 0.898742 0.978598 0.809974 0.883905 0.974601 0.906117
0.431206 0.586599 0.996889 0.677767 0.718065 0.892441 0.424055 0.517270 0.729558 0.482099 0.378993 0.000000 0.329018 0.370001 0.617997 0.793861 0.479280 0.467111 0.414202 0.519182 0.775616 0.848690 0.925537 0.694609 0.460316 0.598907 0.694020 0.903784 0.462724 0.429964 0.895985 0.997181 0.462996 0.507974 0.814097 0.967279 0.938922 0.880930 0.948141 0.994729 0.806803 0.999673 0.817568 0.629573 0.531960 0.502646 0.647851 0.657804 0.514062 0.852176 0.860467 0.917276 0.881525 0.683357 0.771388 0.854028 0.602630 0.590634 0.634095 0.784027 0.369039 0.431319 0.463350 0.381772 0.666578 0.987364 0.970350 0.920215 0.695908 0.597433 0.902000 0.846602 0.796743 0.866478 0.963131 0.911365 0.907705 0.929160 0.689153 0.593663 0.387966 0.457121 0.559652 0.590656 0.513853 0.972036 0.863017 0.906410 0.768293 0.992099 0.901573 0.943138 0.887618 0.826658 0.960447 0.999300 0.864885 0.878392 0.628514 0.742204 0.721941 0.787096 0.634602 0.689656 0.958971 0.955911 0.918831 0.925708 0.834794 0.771257 0.887636 0.877538 0.803563 0.763147 0.933332 0.938658
0.525372 0.684525 0.936615 0.601675 0.616438 0.881246 0.438214 0.556671 0.696807 0.456977 0.374272 0.329018 0.000000 0.325821 0.486305 0.761107 0.543831 0.546888 0.489095 0.594473 0.789685 0.918329 0.979539 0.651742 0.436497 0.548494 0.657124 0.919891 0.448316 0.388558 0.930713 0.978849 0.440006 0.530160 0.786409 0.907684 0.929032 0.765361 0.922240 0.920377 0.822963 0.984431 0.805202 0.630578 0.508913 0.465226 0.671921 0.650862 0.528180 0.941434 0.873330 0.856806 0.868300 0.658129 0.831518 0.856017 0.734076 0.685166 0.676765 0.889013 0.347512 0.455759 0.456724 0.386709 0.603637 0.865268 0.882760 0.957110 0.810690 0.721126 0.945776 0.832167 0.816846 0.855817 0.982074 0.943704 0.859108 0.954324 0.760240 0.658210 0.441424 0.545774 0.578190 0.603241 0.523366 0.967281 0.953135 0.905948 0.773396 0.936113 0.994510 0.863279 0.800040 0.708595 0.936031 0.997664 0.810259 0.976540 0.665979 0.800564 0.668585 0.881672 0.646379 0.742688 0.947305 0.978108 0.909220 0.899034 0.769281 0.818014 0.796020 0.919169 0.823275 0.831059 0.965369 0.926190
0.577592 0.677478 0.828436 0.620279 0.654305 0.894258 0.572054 0.609354 0.705959 0.481496 0.496442 0.370001 0.325821 0.000000 0.473714 0.673790 0.646855 0.608865 0.550270 0.602715 0.877294 0.896933 0.886676 0.765824 0.490531 0.633108 0.713163 0.864500 0.537809 0.485510 0.929400 0.954681 0.559442 0.622382 0.751011 0.934707 0.885089 0.843585 0.988493 0.980191 0.845322 0.873540 0.794457 0.612405 0.476011 0.465713 0.701318 0.699926 0.430208 0.849990 0.843514 0.987480 0.996826 0.800893 0.847598 0.900830 0.788719 0.705166 0.846775 0.893457 0.471097 0.425048 0.613292 0.500477 0.643132 0.872983 0.831587 0.970526 0.799295 0.679152 0.997371 0.965413 0.751736 0.850584 0.982155 0.925727 0.870780 0.973402 0.841499 0.650847 0.535526 0.624971 0.525830 0.698200 0.524342 0.941937 0.999028 0.901047 0.702795 0.947977 0.894830 0.955718 0.947041 0.863436 0.998887 0.991521 0.794910 0.994405 0.599175 0.738565 0.674795 0.779324 0.688568 0.785370 0.972301 0.919928 0.985226 0.929631 0.782215 0.848883 0.808435 0.872661 0.806227 0.761233 0.952545 0.977660
0.856193 0.837343 0.888568 0.744993 0.590820 0.784235 0.689666 0.794667 0.677388 0.629651 0.686613 0.617997 0.486305 0.473714 0.000000 0.493024 0.806964 0.841205 0.861744 0.865469 0.970995 0.876444 0.650743 0.988518 0.676118 0.843435 0.904045 0.903877 0.573276 0.554670 0.933414 0.926078 0.654119 0.733482 0.896639 0.896801 0.976128 0.791332 0.935195 0.877939 0.981836 0.996581 0.778146 0.739447 0.539669 0.539512 0.780197 0.753565 0.554345 0.896821 0.843382 0.990424 0.870211 0.943855 0.998098 0.995373 0.971599 0.943040 0.944192 0.886146 0.601714 0.575307 0.708072 0.656445 0.882611 0.950397 0.856706 0.956572 0.984019 0.812487 0.842901 0.933383 0.963551 0.903958 0.931165 0.841463 0.745680 0.927561 0.925551 0.815406 0.720069 0.854071 0.530499 0.814422 0.510271 0.808808 0.863505 0.823706 0.870099 0.926573 0.907112 0.955366 0.973476 0.895294 0.995319 0.990752 0.870343 0.929138 0.706089 0.760128 0.707870 0.980088 0.708538 0.958319 0.920229 0.952576 0.905601 0.951400 0.852168 0.991743 0.894727 0.786543 0.922406 0.872381 0.946365 0.946976
0.976140 0.962386 0.781121 0.945787 0.685389 0.747419 0.988720 0.953623 0.596040 0.868759 0.939319 0.793861 0.761107 0.673790 0.493024 0.000000 0.995001 0.994542 0.979249 0.973677 0.838494 0.997042 0.459973 0.714444 0.903572 0.974331 0.835211 0.821583 0.900993 0.774125 0.959762 0.873858 0.952715 0.984692 0.947413 0.947406 0.962871 0.933896 0.963017 0.992104 0.851701 0.949365 0.945557 0.909995 0.739522 0.796667 0.915516 0.880838 0.733700 0.935150 0.902720 0.874223 0.720288 0.893636 0.952623 0.933712 0.852234 0.967280 0.744057 0.876781 0.877032 0.726305 0.986716 0.897505 0.879467 0.937612 0.853596 0.852407 0.944963 0.894729 0.755810 0.857614 0.826581 0.907125 0.897536 0.950384 0.941442 0.847389 0.879499 0.890452 0.947865 0.960744 0.492309 0.953333 0.576538 0.651716 0.963199 0.769830 0.800411 0.825993 0.820549 0.825327 0.861849 0.838106 0.891482 0.907359 0.928357 0.935537 0.860438 0.814969 0.945651 0.966949 0.841499 0.725810 0.906106 0.901068 0.954230 0.914478 0.940751 0.925537 0.969281 0.889099 0.946768 0.962005 0.844548 0.889171
0.365944 0.387404 0.982393 0.734179 0.769483 0.802723 0.450899 0.628655 0.990541 0.710064 0.398201 0.479280 0.543831 0.646855 0.806964 0.995001 0.000000 0.302116 0.426797 0.416253 0.979653 0.802191 0.714565 0.702994 0.554139 0.612414 0.626295 0.904608 0.473603 0.417509 0.746241 0.959663 0.519944 0.469298 0.875949 0.981907 0.944553 0.870925 0.992457 0.986475 0.956673 0.779164 0.927581 0.747353 0.698048 0.603846 0.555705 0.582924 0.627196 0.777341 0.747899 0.994354 0.815976 0.702611 0.658723 0.831160 0.368720 0.387509 0.474065 0.560567 0.410020 0.617988 0.357787 0.325319 0.790733 0.921337 0.828478 0.721019 0.560699 0.601232 0.641492 0.657928 0.831781 0.906041 0.878447 0.917618 0.948392 0.961347 0.553554 0.645864 0.308646 0.341659 0.653253 0.469613 0.552730 0.874964 0.943081 0.864566 0.921140 0.929424 0.894584 0.889639 0.922520 0.805841 0.876152 0.912190 0.813595 0.931651 0.729245 0.766447 0.798784 0.907448 0.673234 0.818928 0.978803 0.854453 0.996293 0.825112 0.866937 0.762405 0.989657 0.917803 0.751498 0.826724 0.934575 0.986796
0.339249 0.390714 0.949961 0.686568 0.759088 0.913793 0.497532 0.677888 0.987283 0.692316 0.392014 0.467111 0.546888 0.608865 0.841205 0.994542 0.302116 0.000000 0.378217 0.341104 0.948562 0.875937 0.738125 0.693417 0.525384 0.602833 0.615833 0.803134 0.496824 0.405902 0.652849 0.969041 0.563194 0.512613 0.788521 0.991524 0.959089 0.931110 0.973883 0.949046 0.928888 0.895810 0.989852 0.809797 0.728181 0.614248 0.613113 0.610047 0.619858 0.767747 0.798362 0.980904 0.758687 0.662363 0.699023 0.858086 0.349149 0.354050 0.537562 0.597331 0.456628 0.648200 0.402814 0.377488 0.756411 0.968458 0.895954 0.773543 0.539203 0.588229 0.661638 0.632806 0.789283 0.922339 0.846823 0.901670 0.867135 0.816439 0.589734 0.609018 0.310767 0.317298 0.609410 0.392831 0.540741 0.908454 0.969468 0.773885 0.933415 0.954840 0.941724 0.943669 0.941363 0.835933 0.899555 0.877230 0.871344 0.937362 0.739487 0.817095 0.845089 0.886066 0.634292 0.783176 0.952505 0.964670 0.986697 0.767338 0.903749 0.820573 0.912973 0.942186 0.811870 0.864282 0.990964 0.893064
0.424321 0.547462 0.991693 0.803988 0.778890 0.847116 0.452086 0.511695 0.929047 0.554957 0.413521 0.414202 0.489095 0.550270 0.861744 0.979249 0.426797 0.378217 0.000000 0.348648 0.793125 0.929510 0.807585 0.679930 0.532605 0.577014 0.604035 0.723166 0.505663 0.472464 0.780837 0.988683 0.510299 0.473542 0.837108 0.982753 0.941534 0.972959 0.978064 0.937204 0.933545 0.961671 0.821594 0.587959 0.593640 0.527347 0.607059 0.607606 0.628711 0.761775 0.791708 0.995774 0.814852 0.700976 0.697550 0.764877 0.497492 0.515277 0.498154 0.634679 0.431432 0.554364 0.450863 0.423952 0.677378 0.955921 0.842293 0.743462 0.640860 0.673468 0.832169 0.770181 0.837447 0.928813 0.958008 0.916076 0.989693 0.888428 0.638332 0.605094 0.404740 0.371352 0.688163 0.483146 0.640004 0.963999 0.933048 0.809112 0.785270 0.973376 0.875154 0.980251 0.965405 0.796611 0.932168 0.864003 0.888988 0.880908 0.662343 0.833799 0.849694 0.794517 0.608587 0.662429 0.973247 0.971858 0.996918 0.779179 0.840600 0.820780 0.918449 0.904483 0.801839 0.811987 0.953436 0.979718
0.424393 0.416657 0.977024 0.843218 0.796088 0.882321 0.528663 0.614526 0.980641 0.633098 0.475931 0.519182 0.594473 0.602715 0.865469 0.973677 0.416253 0.341104 0.348648 0.000000 0.958050 0.980415 0.833921 0.776987 0.619075 0.672149 0.681556 0.741117 0.547653 0.477053 0.741183 0.982080 0.562985 0.497316 0.837690 0.982424 0.912257 0.949098 0.936310 0.971319 0.925597 0.984910 0.952598 0.728422 0.677684 0.586894 0.577366 0.654005 0.609081 0.687338 0.748121 0.930848 0.826158 0.719712 0.621597 0.774119 0.410009 0.405411 0.544254 0.597125 0.502994 0.621969 0.484007 0.436589 0.783238 0.914793 0.820973 0.727674 0.542065 0.578287 0.754784 0.747627 0.723390 0.968459 0.937308 0.797094 0.944324 0.795719 0.628600 0.569110 0.415486 0.374150 0.688026 0.435584 0.586312 0.912106 0.949369 0.726401 0.836275 0.917153 0.915189 0.997053 0.970682 0.858909 0.918709 0.927451 0.890888 0.997121 0.758744 0.819915 0.934295 0.905520 0.727124 0.678482 0.984790 0.953689 0.996333 0.773329 0.886679 0.833859 0.909431 0.889634 0.943648 0.896123 0.957506 0.940619
0.844811 0.963100 0.915446 0.903275 0.955522 0.892109 0.924539 0.925178 0.738484 0.830511 0.915316 0.775616 0.789685 0.877294 0.970995 0.838494 0.979653 0.948562 0.793125 0.958050 0.000000 0.933007 0.972506 0.988346 0.852285 0.864021 0.944148 0.939464 0.999631 0.955911 0.964868 0.938753 0.978277 0.926835 0.944164 0.992809 0.875519 0.946013 0.724316 0.990947 0.997700 0.918272 0.945182 0.895288 0.843054 0.881079 0.933619 0.850369 0.879910 0.942725 0.954641 0.947106 0.936021 0.984526 0.910405 0.939270 0.970232 0.978966 0.949952 0.913991 0.919207 0.876734 0.978788 0.933365 0.894208 0.928821 0.914715 0.891343 0.917946 0.883536 0.862082 0.877651 0.970135 0.965973 0.902972 0.926807 0.995872 0.979706 0.975175 0.936672 0.928847 0.921480 0.896722 0.940750 0.879638 0.924157 0.946795 0.958785 0.822708 0.851490 0.826242 0.906223 0.949942 0.963404 0.912600 0.919142 0.982902 0.824730 0.856441 0.812446 0.977605 0.832457 0.828648 0.935651 0.966395 0.888052 0.932058 0.972523 0.900241 0.896235 0.980034 0.938624 0.856682 0.761838 0.797312 0.910603
0.824963 0.796913 0.910798 0.890999 0.972172 0.973131 0.879420 0.923556 0.959484 0.975500 0.867415 0.848690 0.918329 0.896933 0.876444 0.997042 0.802191 0.875937 0.929510 0.980415 0.933007 0.000000 0.939790 0.872512 0.992760 0.978787 0.997898 0.972956 0.826868 0.872769 0.966912 0.968308 0.789482 0.870841 0.912642 0.848902 0.991735 0.941867 0.847925 0.819387 0.966254 0.844165 0.956307 0.921072 0.976377 0.971600 0.788744 0.801519 0.881506 0.970748 0.977058 0.942809 0.963174 0.913546 0.955790 0.922597 0.789972 0.854148 0.898163 0.855129 0.881175 0.858287 0.889468 0.872107 0.954277 0.946031 0.954594 0.983685 0.891873 0.874391 0.831662 0.962505 0.971148 0.989333 0.940910 0.950341 0.997504 0.996175 0.932419 0.934673 0.893650 0.861808 0.861008 0.836730 0.909357 0.979723 0.938620 0.873965 0.864465 0.910945 0.880223 0.806176 0.860578 0.847330 0.949826 0.969153 0.774851 0.863423 0.971272 0.972906 0.923040 0.901171 0.987306 0.972327 0.951734 0.969558 0.937397 0.940115 0.983543 0.881585 0.951108 0.914954 0.968874 0.990072 0.956964 0.929001
0.823750 0.903657 0.921386 0.810220 0.845589 0.783448 0.783003 0.887974 0.726344 0.976930 0.758100 0.925537 0.979539 0.886676 0.650743 0.459973 0.714565 0.738125 0.807585 0.833921 0.972506 0.939790 0.000000 0.531420 0.832604 0.826802 0.610744 0.877256 0.852121 0.929419 0.906603 0.852372 0.902180 0.767809 0.974919 0.950043 0.983398 0.940485 0.883579 0.993073 0.820615 0.921959 0.864356 0.951421 0.860725 0.937198 0.874809 0.919340 0.857925 0.888307 0.906773 0.734126 0.600257 0.672477 0.850830 0.989616 0.682690 0.804806 0.601157 0.800503 0.839814 0.932290 0.676818 0.769379 0.670278 0.895383 0.914449 0.848629 0.942252 0.919717 0.592760 0.650301 0.736613 0.805028 0.917221 0.852702 0.876416 0.770345 0.701000 0.975778 0.759626 0.718464 0.719090 0.813853 0.792925 0.681702 0.880956 0.803613 0.781645 0.682832 0.815584 0.706453 0.761783 0.669326 0.810181 0.983633 0.995162 0.949038 0.919272 0.864746 0.868391 0.969208 0.967482 0.805199 0.977970 0.947966 0.904099 0.939993 0.976809 0.687070 0.992483 0.889835 0.919190 0.955856 0.909319 0.980665
0.711811 0.892240 0.917383 0.621906 0.993163 0.869726 0.646925 0.795489 0.860195 0.682942 0.590050 0.694609 0.651742 0.765824 0.988518 0.714444 0.702994 0.693417 0.679930 0.776987 0.988346 0.872512 0.531420 0.000000 0.627457 0.688022 0.545015 0.883837 0.676093 0.720977 0.967821 0.850381 0.687663 0.710508 0.826764 0.869826 0.848425 0.825870 0.947044 0.981414 0.808411 0.939717 0.900172 0.812439 0.830574 0.780042 0.798021 0.766533 0.843128 0.944922 0.995395 0.779130 0.673772 0.669478 0.900537 0.991629 0.770606 0.825703 0.678669 0.933449 0.633112 0.839059 0.591868 0.674634 0.542946 0.689352 0.835124 0.986792 0.967764 0.888104 0.752204 0.691506 0.813633 0.775757 0.734187 0.918724 0.966077 0.864417 0.800022 0.892358 0.709711 0.717681 0.933593 0.797667 0.983743 0.610277 0.881739 0.804355 0.903361 0.738380 0.853516 0.750939 0.777112 0.621349 0.803405 0.970738 0.888209 0.924996 0.880161 0.972920 0.751127 0.927117 0.846398 0.813426 0.936484 0.873116 0.743445 0.992647 0.996553 0.760928 0.901022 0.996690 0.879032 0.968889 0.924909 0.979919
0.546239 0.741356 0.637152 0.475481 0.593566 0.975149 0.590942 0.792338 0.933244 0.593768 0.450280 0.460316 0.436497 0.490531 0.676118 0.903572 0.554139 0.525384 0.532605 0.619075 0.852285 0.992760 0.832604 0.627457 0.000000 0.478501 0.585395 0.822405 0.608206 0.561947 0.686642 0.865034 0.641121 0.684896 0.656548 0.963221 0.796463 0.738778 0.861221 0.908779 0.797041 0.866045 0.977719 0.792216 0.515837 0.530753 0.819608 0.765136 0.591154 0.923468 0.948027 0.880498 0.837675 0.696275 0.859705 0.978851 0.739631 0.711196 0.792883 0.908905 0.502472 0.659355 0.553355 0.521669 0.477502 0.749442 0.831751 0.941571 0.895179 0.836084 0.821128 0.729055 0.722382 0.873294 0.827702 0.966091 0.973420 0.846486 0.796345 0.682962 0.504262 0.571835 0.691908 0.598998 0.640999 0.845145 0.941870 0.965246 0.822866 0.954082 0.818202 0.953799 0.976921 0.859961 0.877495 0.932952 0.950226 0.893083 0.577887 0.776194 0.654393 0.762569 0.604722 0.754481 0.906821 0.910416 0.933146 0.920026 0.833609 0.905340 0.753079 0.818639 0.782392 0.808606 0.972669 0.924783
0.567492 0.714867 0.721426 0.571046 0.656541 0.867363 0.729972 0.892167 0.926160 0.850920 0.542406 0.598907 0.548494 0.633108 0.843435 0.974331 0.612414 0.602833 0.577014 0.672149 0.864021 0.978787 0.826802 0.688022 0.478501 0.000000 0.718234 0.913821 0.817308 0.702283 0.567882 0.815625 0.806101 0.834009 0.672416 0.873145 0.880930 0.795470 0.882871 0.994744 0.893756 0.903192 0.918076 0.929445 0.812729 0.813149 0.978469 0.882726 0.792656 0.997708 0.984556 0.919029 0.814680 0.745232 0.912293 0.892364 0.751766 0.682196 0.781593 0.944262 0.674457 0.866525 0.644746 0.654047 0.576422 0.597180 0.768132 0.832977 0.837071 0.906759 0.809066 0.697223 0.679643 0.785014 0.923840 0.919302 0.819566 0.863946 0.854807 0.915926 0.684549 0.644929 0.742250 0.634160 0.743424 0.823584 0.986930 0.926271 0.792816 0.932491 0.999628 0.962057 0.864520 0.882161 0.741182 0.896569 0.983415 0.955674 0.787866 0.881972 0.917068 0.868356 0.739464 0.768713 0.838815 0.946046 0.930396 0.892448 0.962265 0.967528 0.983441 0.957160 0.965702 0.973769 0.889552 0.970359
0.710908 0.832080 0.999918 0.734619 0.877247 0.964648 0.542906 0.676196 0.899413 0.639411 0.568600 0.694020 0.657124 0.713163 0.904045 0.835211 0.626295 0.615833 0.604035 0.681556 0.944148 0.997898 0.610744 0.545015 0.585395 0.718234 0.000000 0.910254 0.659414 0.647223 0.890116 0.994453 0.680256 0.593420 0.853931 0.794102 0.856226 0.744624 0.987126 0.999534 0.851201 0.937190 0.885207 0.754258 0.716246 0.686712 0.646969 0.809286 0.773575 0.944762 0.963043 0.787627 0.668836 0.655964 0.856316 0.971607 0.787957 0.831419 0.664311 0.869623 0.573167 0.764784 0.584063 0.624269 0.653525 0.897575 0.927680 0.775033 0.927234 0.965791 0.776904 0.729333 0.801952 0.967448 0.849467 0.976940 0.990474 0.835846 0.756804 0.744749 0.587153 0.625061 0.902474 0.761930 0.908104 0.806499 0.978882 0.943767 0.939712 0.767298 0.996578 0.863903 0.895624 0.674358 0.981211 0.976453 0.982223 0.999859 0.784180 0.933306 0.795176 0.951721 0.744097 0.860529 0.960043 0.864711 0.888134 0.975362 0.912060 0.782832 0.917726 0.997635 0.820988 0.906863 0.877037 0.994043
0.809558 0.817282 0.969542 0.979123 0.875203 0.893646 0.922783 0.815485 0.972778 0.791581 0.897234 0.903784 0.919891 0.864500 0.903877 0.821583 0.904608 0.803134 0.723166 0.741117 0.939464 0.972956 0.877256 0.883837 0.822405 0.913821 0.910254 0.000000 0.931320 0.900634 0.890426 0.962381 0.878769 0.859613 0.869066 0.865392 0.982137 0.865975 0.915975 0.962675 0.926878 0.848544 0.883897 0.845079 0.901857 0.811787 0.895556 0.886379 0.883964 0.852843 0.847225 0.865623 0.980710 0.993004 0.780942 0.909748 0.786816 0.769763 0.777913 0.715263 0.924751 0.899760 0.873079 0.899181 0.808081 0.991957 0.905858 0.863857 0.853724 0.729596 0.950706 0.885789 0.893447 0.972682 0.967762 0.838304 0.898771 0.793503 0.864189 0.964017 0.905309 0.898482 0.973876 0.810275 0.950772 0.771964 0.888929 0.955964 0.885804 0.940994 0.915736 0.904478 0.923658 0.979537 0.955881 0.924016 0.931268 0.887598 0.801034 0.856597 0.978248 0.791651 0.830434 0.819868 0.979720 0.976489 0.808189 0.856535 0.923130 0.967121 0.835855 0.978080 0.983357 0.839743 0.835314 0.956423
0.605530 0.647144 0.938340 0.741413 0.714159 0.783118 0.422742 0.546705 0.809976 0.521724 0.455421 0.462724 0.448316 0.537809 0.573276 0.900993 0.473603 0.496824 0.505663 0.547653 0.999631 0.826868 0.852121 0.676093 0.608206 0.817308 0.659414 0.931320 0.000000 0.378779 0.919900 0.864476 0.459517 0.425958 0.903436 0.995281 0.957165 0.868633 0.909984 0.816534 0.932382 0.935567 0.749229 0.598901 0.568008 0.441585 0.527483 0.536802 0.587111 0.822967 0.750554 0.895962 0.868124 0.738747 0.777398 0.781604 0.640188 0.676729 0.625459 0.806679 0.397551 0.495480 0.400756 0.397960 0.685104 0.934965 0.864836 0.754849 0.795832 0.754568 0.860132 0.804688 0.954131 0.987906 0.936386 0.902269 0.818098 0.963324 0.555069 0.584875 0.391020 0.473585 0.698386 0.607439 0.614480 0.913533 0.983536 0.854987 0.965643 0.790179 0.938054 0.759965 0.861192 0.677076 0.896323 0.944165 0.723590 0.976793 0.727225 0.823251 0.604225 0.874226 0.663924 0.712717 0.892577 0.976826 0.954458 0.804338 0.707966 0.800890 0.864028 0.845131 0.804029 0.797422 0.955091 0.984052
0.532907 0.565170 0.966092 0.755673 0.667785 0.823033 0.408339 0.553647 0.761825 0.531383 0.404784 0.429964 0.388558 0.485510 0.554670 0.774125 0.417509 0.405902 0.472464 0.477053 0.955911 0.872769 0.929419 0.720977 0.561947 0.702283 0.647223 0.900634 0.378779 0.000000 0.924987 0.876956 0.416254 0.388908 0.840539 0.912037 0.990736 0.918608 0.937160 0.850610 0.962497 0.949548 0.817500 0.661858 0.609341 0.480863 0.586380 0.597553 0.590335 0.889210 0.769395 0.895585 0.797285 0.638892 0.732494 0.751433 0.568140 0.586187 0.590630 0.764002 0.355652 0.504309 0.370365 0.326889 0.727391 0.949904 0.911427 0.732637 0.718730 0.667541 0.868002 0.749987 0.952003 0.930363 0.995734 0.993194 0.947340 0.931742 0.604177 0.579072 0.388465 0.459511 0.542061 0.500646 0.537771 0.860455 0.962669 0.790885 0.902762 0.870727 0.972758 0.768351 0.804206 0.685234 0.909203 0.997189 0.766775 0.948859 0.742043 0.838553 0.712350 0.971154 0.626773 0.855721 0.937386 0.854201 0.984277 0.870636 0.824724 0.752973 0.901662 0.910923 0.822573 0.804349 0.963014 0.919562
0.635442 0.689055 0.692779 0.703394 0.784869 0.905893 0.991931 0.888198 0.788722 0.845009 0.768528 0.895985 0.930713 0.929400 0.933414 0.959762 0.746241 0.652849 0.780837 0.741183 0.964868 0.966912 0.906603 0.967821 0.686642 0.567882 0.890116 0.890426 0.919900 0.924987 0.000000 0.672996 0.933762 0.997213 0.814822 0.998016 0.885718 0.986675 0.817649 0.914476 0.928256 0.971748 0.700691 0.815814 0.986650 0.997498 0.929556 0.986175 0.884323 0.860785 0.984121 0.895363 0.965435 0.938577 0.945181 0.959132 0.692183 0.603631 0.906183 0.795069 0.936609 0.920111 0.883823 0.888358 0.865411 0.808054 0.855017 0.893294 0.744707 0.854657 0.734204 0.691052 0.708478 0.918277 0.975958 0.996093 0.637133 0.803180 0.985456 0.938839 0.814418 0.715968 0.837057 0.604531 0.803579 0.997553 0.807441 0.740545 0.796651 0.807791 0.937190 0.692273 0.933560 0.861323 0.929870 0.804650 0.992465 0.917147 0.912689 0.950675 0.894919 0.895089 0.993028 0.940407 0.770775 0.823887 0.962407 0.848547 0.864399 0.889920 0.950977 0.981527 0.939210 0.886541 0.991118 0.876556
0.804351 0.821642 0.700041 0.713770 0.899245 0.955245 0.870997 0.861420 0.916321 0.959620 0.957758 0.997181 0.978849 0.954681 0.926078 0.873858 0.959663 0.969041 0.988683 0.982080 0.938753 0.968308 0.852372 0.850381 0.865034 0.815625 0.994453 0.962381 0.864476 0.876956 0.672996 0.000000 0.819417 0.872543 0.925650 0.821824 0.757423 0.976109 0.951516 0.797088 0.966807 0.959374 0.832177 0.861110 0.899420 0.937600 0.907584 0.865955 0.859554 0.875823 0.984820 0.819030 0.924091 0.891343 0.879254 0.990596 0.875121 0.769577 0.969851 0.895253 0.961932 0.987651 0.988568 0.992644 0.804056 0.679915 0.726482 0.715728 0.860635 0.927253 0.859300 0.864277 0.619744 0.797024 0.890691 0.993235 0.911638 0.846164 0.832856 0.912143 0.990107 0.991943 0.904173 0.969486 0.906436 0.800298 0.997864 0.885278 0.881404 0.894191 0.942070 0.795098 0.927512 0.862493 0.910706 0.916191 0.991730 0.994031 0.916983 0.963895 0.926602 0.808336 0.834149 0.913047 0.838387 0.869365 0.838798 0.909029 0.905826 0.908984 0.962813 0.938118 0.901456 0.930078 0.796694 0.995713
0.584723 0.691828 0.861326 0.944107 0.873450 0.791234 0.376520 0.399770 0.762957 0.430203 0.440951 0.462996 0.440006 0.559442 0.654119 0.952715 0.519944 0.563194 0.510299 0.562985 0.978277 0.789482 0.902180 0.687663 0.641121 0.806101 0.680256 0.878769 0.459517 0.416254 0.933762 0.819417 0.000000 0.431328 0.953323 0.947309 0.957794 0.907955 0.983598 0.953362 0.825457 0.961223 0.707219 0.544903 0.572244 0.472383 0.522367 0.574603 0.609843 0.888150 0.784217 0.892721 0.821658 0.641418 0.728424 0.827595 0.646383 0.692203 0.519518 0.738473 0.364486 0.501471 0.432295 0.401688 0.772009 0.843883 0.840207 0.632167 0.775075 0.657855 0.939918 0.803648 0.947749 0.995084 0.968985 0.948599 0.751260 0.994931 0.718351 0.632110 0.447840 0.546566 0.756957 0.644078 0.673516 0.957886 0.983441 0.985509 0.880219 0.826371 0.997778 0.792899 0.845113 0.664771 0.977463 0.907784 0.742714 0.966717 0.701990 0.843445 0.729546 0.964941 0.687710 0.689620 0.890705 0.891161 0.942490 0.893016 0.833068 0.790796 0.815476 0.919195 0.858223 0.928205 0.960371 0.938962
0.588998 0.645036 0.761683 0.962661 0.871179 0.746864 0.363351 0.441205 0.800970 0.487560 0.457668 0.507974 0.530160 0.622382 0.733482 0.984692 0.469298 0.512613 0.473542 0.497316 0.926835 0.870841 0.767809 0.710508 0.684896 0.834009 0.593420 0.859613 0.425958 0.388908 0.997213 0.872543 0.431328 0.000000 0.878426 0.895407 0.961068 0.937994 0.872992 0.898353 0.859466 0.997367 0.764034 0.552671 0.640268 0.501520 0.487037 0.597328 0.645930 0.822362 0.691381 0.939923 0.840385 0.710380 0.708881 0.773115 0.602508 0.662869 0.478264 0.673084 0.378984 0.546073 0.377502 0.381274 0.786060 0.820735 0.761687 0.575131 0.808830 0.702442 0.881964 0.824730 0.872611 0.985054 0.910695 0.921946 0.814830 0.859867 0.612385 0.601771 0.428267 0.445657 0.774874 0.563693 0.660878 0.855837 0.881816 0.945429 0.996117 0.798815 0.971330 0.804135 0.815574 0.613054 0.925238 0.983674 0.832363 0.895055 0.766364 0.867806 0.745508 0.982731 0.716742 0.812058 0.856992 0.921469 0.899053 0.775419 0.784757 0.712925 0.905086 0.952561 0.896484 0.833729 0.943397 0.967638
0.787737 0.889374 0.762530 0.770829 0.858447 0.904777 0.878399 0.998253 0.960015 0.867837 0.825989 0.814097 0.786409 0.751011 0.896639 0.947413 0.875949 0.788521 0.837108 0.837690 0.944164 0.912642 0.974919 0.826764 0.656548 0.672416 0.853931 0.869066 0.903436 0.840539 0.814822 0.925650 0.953323 0.878426 0.000000 0.929828 0.840840 0.981961 0.796599 0.965693 0.825330 0.746393 0.981739 0.901444 0.854198 0.858004 0.980198 0.831623 0.822172 0.962641 0.883789 0.925560 0.979711 0.939804 0.841864 0.968212 0.918868 0.898676 0.994413 0.973041 0.869424 0.932015 0.851378 0.855680 0.739984 0.729242 0.787405 0.886981 0.995684 0.944738 0.973606 0.815771 0.803800 0.949611 0.842209 0.920559 0.786926 0.963189 0.914360 0.790680 0.875010 0.867728 0.899762 0.857959 0.809155 0.882299 0.940276 0.956756 0.861234 0.893849 0.930035 0.926330 0.999121 0.976972 0.905470 0.998711 0.918076 0.880802 0.832845 0.709048 0.909688 0.944113 0.827038 0.935975 0.991648 0.975059 0.905773 0.973499 0.898724 0.884112 0.734486 0.905633 0.998334 0.994626 0.971791 0.957077
0.911102 0.890976 0.969013 0.931017 0.978853 0.840222 0.906598 0.995678 0.957060 0.938305 0.926464 0.967279 0.907684 0.934707 0.896801 0.947406 0.981907 0.991524 0.982753 0.982424 0.992809 0.848902 0.950043 0.869826 0.963221 0.873145 0.794102 0.865392 0.995281 0.912037 0.998016 0.821824 0.947309 0.895407 0.929828 0.000000 0.867645 0.810793 0.927527 0.946895 0.863168 0.947878 0.933282 0.935673 0.979286 0.923945 0.961471 0.940988 0.982334 0.924994 0.927185 0.856588 0.857374 0.915595 0.791992 0.908237 0.842771 0.845070 0.915391 0.800828 0.903754 0.957258 0.964597 0.997028 0.990270 0.884935 0.856552 0.998160 0.916812 0.753997 0.935884 0.920309 0.974490 0.992394 0.861373 0.946501 0.982693 0.929374 0.983423 0.864865 0.997849 0.935225 0.969766 0.964371 0.953948 0.977777 0.829924 0.997072 0.912017 0.932514 0.923679 0.904482 0.889178 0.809680 0.898213 0.977828 0.974866 0.886167 0.943884 0.917038 0.921695 0.899230 0.999307 0.872634 0.811879 0.982123 0.886755 0.900735 0.970268 0.934839 0.763881 0.976269 0.961700 0.867716 0.916108 0.959555
0.957648 0.921010 0.780278 0.883303 0.926372 0.991829 0.993682 0.987798 0.973950 0.805128 0.959499 0.938922 0.929032 0.885089 0.976128 0.962871 0.944553 0.959089 0.941534 0.912257 0.875519 0.991735 0.983398 0.848425 0.796463 0.880930 0.856226 0.982137 0.957165 0.990736 0.885718 0.757423 0.957794 0.961068 0.840840 0.867645 0.000000 0.869193 0.838153 0.958061 0.887554 0.751840 0.853377 0.863117 0.757747 0.817334 0.933873 0.953859 0.816981 0.891387 0.934028 0.866735 0.979537 0.830645 0.844472 0.942233 0.829420 0.867249 0.930896 0.973879 0.997857 0.956528 0.961154 0.973135 0.711006 0.737024 0.923188 0.914882 0.833840 0.883815 0.968692 0.953221 0.979534 0.997255 0.959133 0.960244 0.911972 0.913735 0.892614 0.900890 0.953066 0.959342 0.991166 0.918041 0.928281 0.780776 0.992324 0.836793 0.941468 0.912326 0.773835 0.839886 0.814290 0.979254 0.959458 0.971516 0.993288 0.980738 0.756027 0.938735 0.841665 0.900679 0.964531 0.964054 0.908771 0.895967 0.973119 0.977908 0.940582 0.808933 0.918387 0.820799 0.710496 0.835557 0.998876 0.935375
0.934730 0.949612 0.926513 0.749013 0.804085 0.947392 0.782992 0.960969 0.853536 0.828827 0.787083 0.880930 0.765361 0.843585 0.791332 0.933896 0.870925 0.931110 0.972959 0.949098 0.946013 0.941867 0.940485 0.825870 0.738778 0.795470 0.744624 0.865975 0.868633 0.918608 0.986675 0.976109 0.907955 0.937994 0.981961 0.810793 0.869193 0.000000 0.967896 0.987131 0.862266 0.987341 0.908169 0.902776 0.848226 0.870586 0.951779 0.973225 0.953831 0.840416 0.854424 0.694468 0.857240 0.848220 0.932869 0.792941 0.884449 0.905047 0.984223 0.827594 0.790711 0.959483 0.805426 0.881150 0.859532 0.882133 0.970224 0.956438 0.814085 0.818732 0.943940 0.987555 0.980756 0.988644 0.798279 0.900488 0.855254 0.975504 0.858837 0.996486 0.827674 0.947724 0.988308 0.979733 0.891195 0.949068 0.962628 0.896607 0.807704 0.865568 0.854505 0.975587 0.978619 0.920242 0.992173 0.895657 0.868724 0.867283 0.822237 0.842861 0.842574 0.858445 0.851848 0.941691 0.982038 0.905432 0.953722 0.958221 0.806651 0.900580 0.962722 0.995697 0.860975 0.976977 0.896277 0.989006
