0.000000 0.156686 0.642610 0.549877 0.911996 0.712986 0.550450 0.402108 0.656129 0.894846 0.322525 0.216708 0.292265 0.327299 0.534122 0.606568 0.220216 0.211942 0.241647 0.187605 0.649379 0.857776 0.700119 0.589358 0.712755 0.925051 0.615261 0.834701 0.268960 0.275265 0.797777 0.638497 0.315274 0.329180 0.926054 0.956718 0.723548 0.593766 0.992878 0.685657 0.561617 0.676379 0.997699 0.777592 0.922877 0.837416 0.553447 0.646728 0.725981 0.614443 0.701103 0.665834 0.932438 0.772716 0.342324 0.465860 0.160336 0.158618 0.364487 0.306053 0.254461 0.290386 0.200692 0.186424 0.475571 0.433142 0.773057 0.733917 0.278219 0.318819 0.781608 0.587272 0.892773 0.978637 0.763070 0.946911 0.837107 0.936389 0.458925 0.434752 0.227426 0.257929 0.363476 0.285333 0.216394 0.266664 0.870731 0.606667 0.407304 0.270721 0.412549 0.442790 0.373975 0.384803 0.944053 0.947688 0.978317 0.843846 0.842633 0.915395 0.757533 0.765396 0.982216 0.791966 0.911727 0.897238 0.911711 0.887043 0.760110 0.850736 0.824181 0.943142 0.864413 0.988422 0.758039 0.579920
0.156686 0.000000 0.551782 0.470261 0.897710 0.704504 0.532453 0.382512 0.627030 0.838286 0.390835 0.243298 0.349532 0.375528 0.560289 0.590142 0.208713 0.203831 0.246631 0.217484 0.619744 0.892628 0.637747 0.535522 0.628133 0.852623 0.542437 0.881160 0.305801 0.267644 0.699375 0.576215 0.302593 0.297347 0.839613 0.930538 0.618043 0.518661 0.881450 0.672582 0.560476 0.668955 0.917392 0.704499 0.966866 0.801009 0.476203 0.581922 0.736160 0.575783 0.663114 0.605876 0.857569 0.849200 0.321984 0.419981 0.138648 0.142177 0.346441 0.292302 0.285111 0.299230 0.241152 0.197149 0.422728 0.370045 0.676287 0.647596 0.280040 0.275336 0.840945 0.613408 0.866724 0.976802 0.737189 0.906489 0.910672 0.943117 0.410575 0.378513 0.213261 0.275088 0.317948 0.252924 0.225930 0.241544 0.817417 0.576681 0.458548 0.257935 0.368613 0.397894 0.350554 0.352876 0.975189 0.991325 0.995336 0.891024 0.809910 0.935746 0.706471 0.715851 0.982795 0.866167 0.840029 0.843363 0.870021 0.891527 0.805126 0.799740 0.786855 0.963758 0.900117 0.996498 0.716404 0.608513
0.642610 0.551782 0.000000 0.268843 0.971460 0.931816 0.516520 0.591332 0.978640 0.734803 0.873428 0.742675 0.761999 0.705221 0.686493 0.502787 0.590915 0.597859 0.495939 0.593914 0.507522 0.978595 0.361162 0.328198 0.293289 0.358313 0.448267 0.925328 0.766615 0.647921 0.447862 0.515817 0.481705 0.585749 0.481154 0.627653 0.508651 0.573269 0.627082 0.819786 0.757602 0.748039 0.823914 0.724238 0.881747 0.932822 0.599041 0.641945 0.845552 0.882580 0.877048 0.805938 0.787062 0.955540 0.609342 0.725745 0.534246 0.542930 0.679143 0.651813 0.634764 0.671548 0.731592 0.687146 0.291135 0.332671 0.384281 0.512219 0.637865 0.613017 0.754551 0.998288 0.705692 0.809507 0.612889 0.898961 0.815812 0.780800 0.641488 0.726865 0.702852 0.708729 0.458962 0.618111 0.495718 0.399623 0.779533 0.616348 0.789419 0.582278 0.673218 0.628602 0.740591 0.737433 0.981244 0.908034 0.989463 0.965795 0.850163 0.980475 0.858175 0.866536 0.944512 0.976122 0.625683 0.688752 0.807992 0.925983 0.896621 0.782457 0.829862 0.995168 0.992882 0.994154 0.535467 0.945800
0.549877 0.470261 0.268843 0.000000 0.932761 0.997211 0.355954 0.323114 0.933910 0.985944 0.890772 0.617695 0.652424 0.556586 0.642033 0.389795 0.570445 0.586615 0.434141 0.570040 0.528462 0.994206 0.231059 0.272324 0.427759 0.458332 0.515615 0.964808 0.719632 0.608089 0.296884 0.389558 0.356602 0.487855 0.491600 0.685008 0.523235 0.576753 0.775414 0.828832 0.793381 0.752423 0.638857 0.550576 0.932596 0.848055 0.500903 0.518137 0.921412 0.624279 0.585035 0.522153 0.561725 0.730610 0.540984 0.653766 0.456995 0.467305 0.496785 0.411905 0.518949 0.451489 0.613488 0.524864 0.376001 0.285132 0.330564 0.383829 0.684737 0.502008 0.607258 0.914069 0.567748 0.728462 0.590874 0.792454 0.742720 0.717584 0.464626 0.573714 0.632925 0.717159 0.474680 0.613438 0.451885 0.329898 0.883153 0.649571 0.658384 0.469285 0.763958 0.712553 0.776036 0.728834 0.825085 0.852909 0.884220 0.889506 0.972592 0.833842 0.924484 0.996219 0.991971 0.900459 0.559441 0.552454 0.698073 0.832105 0.967028 0.695102 0.763502 0.831096 0.851470 0.937319 0.460912 0.993713
0.911996 0.897710 0.971460 0.932761 0.000000 0.653127 0.816718 0.790877 0.513876 0.571487 0.882603 0.943511 0.858530 0.804198 0.647330 0.649124 0.931786 0.920590 0.981619 0.966640 0.850857 0.864922 0.711605 0.778243 0.864642 0.947625 0.965368 0.964045 0.930767 0.961902 0.739701 0.774224 0.922788 0.975147 0.961101 0.935619 0.855395 0.824495 0.814186 0.945433 0.785147 0.933248 0.891409 0.979579 0.847295 0.937009 0.937140 0.979324 0.960093 0.966725 0.816496 0.829764 0.753327 0.650470 0.964781 0.882297 0.887808 0.929473 0.945434 0.960926 0.868950 0.775031 0.951593 0.965907 0.930154 0.913259 0.936727 0.975474 0.785110 0.873580 0.718383 0.717372 0.688047 0.618489 0.869235 0.805561 0.821551 0.937027 0.962886 0.930369 0.986103 0.970645 0.979449 0.817285 0.984487 0.996232 0.895310 0.910567 0.945014 0.916852 0.695424 0.739179 0.701066 0.695603 0.775147 0.935791 0.946201 0.962639 0.746402 0.861309 0.700871 0.688419 0.815866 0.821638 0.786215 0.824990 0.944818 0.912905 0.969004 0.979898 0.992783 0.906352 0.756046 0.896297 0.920060 0.895022
0.712986 0.704504 0.931816 0.997211 0.653127 0.000000 0.884556 0.959222 0.491461 0.622070 0.643098 0.769884 0.881944 0.913446 0.964716 0.876098 0.724437 0.717679 0.853728 0.754041 0.928295 0.794866 0.774400 0.890225 0.972235 0.813761 0.813115 0.925225 0.784792 0.732121 0.745787 0.911307 0.869179 0.904429 0.913477 0.936967 0.985137 0.939610 0.957921 0.877273 0.746798 0.957984 0.772894 0.853506 0.718988 0.888243 0.991545 0.946010 0.965083 0.910144 0.858583 0.854738 0.756909 0.572326 0.921048 0.964921 0.701785 0.724788 0.872497 0.839353 0.825409 0.902159 0.827242 0.820321 0.747552 0.887410 0.914698 0.871824 0.637639 0.783913 0.621177 0.594609 0.611705 0.549233 0.912409 0.881942 0.675082 0.755402 0.866433 0.996570 0.832649 0.794819 0.789223 0.680475 0.818714 0.843179 0.931184 0.782030 0.920023 0.871967 0.486605 0.594758 0.555268 0.640827 0.688456 0.848799 0.834734 0.847068 0.649424 0.687494 0.711820 0.721716 0.760704 0.828618 0.767263 0.743394 0.886064 0.732195 0.735869 0.970983 0.781636 0.794606 0.698333 0.888576 0.776627 0.766024
0.550450 0.532453 0.516520 0.355954 0.816718 0.884556 0.000000 0.245988 0.917758 0.627808 0.922115 0.661882 0.602964 0.550517 0.669072 0.541470 0.628922 0.647304 0.415411 0.625514 0.653291 0.913075 0.349887 0.510658 0.792440 0.700160 0.776448 0.972800 0.628378 0.700177 0.293955 0.375113 0.341142 0.352416 0.609573 0.886842 0.712497 0.767830 0.933792 0.856982 0.903756 0.640931 0.502458 0.385739 0.594431 0.502660 0.416958 0.412649 0.538631 0.390719 0.336453 0.316657 0.406846 0.579705 0.488661 0.529095 0.497571 0.520169 0.294503 0.318242 0.436669 0.431634 0.443305 0.456524 0.736234 0.578625 0.332464 0.340680 0.827050 0.490447 0.638981 0.947573 0.448819 0.564149 0.665878 0.638190 0.568061 0.639558 0.410169 0.603202 0.592078 0.746106 0.598599 0.768486 0.524203 0.482632 0.796957 0.880896 0.630055 0.502435 0.993050 0.993428 0.982312 0.942420 0.649480 0.701523 0.682181 0.761196 0.556877 0.482527 0.822364 0.694197 0.624265 0.516188 0.498232 0.434239 0.596285 0.745462 0.927851 0.762458 0.663715 0.543865 0.590797 0.626216 0.435713 0.988963
0.402108 0.382512 0.591332 0.323114 0.790877 0.959222 0.245988 0.000000 0.890642 0.649412 0.734243 0.427508 0.427806 0.374255 0.535664 0.400421 0.494811 0.503547 0.369717 0.479320 0.678835 0.957093 0.354254 0.420386 0.825437 0.821324 0.805418 0.976964 0.495219 0.509909 0.366715 0.425165 0.295993 0.338587 0.682459 0.953155 0.737675 0.723120 0.940534 0.820449 0.797394 0.711679 0.577258 0.450443 0.699654 0.559382 0.449009 0.478306 0.547817 0.393832 0.332020 0.311199 0.455723 0.632212 0.446168 0.529876 0.381795 0.379186 0.313629 0.246506 0.312278 0.214582 0.348535 0.294127 0.657391 0.436072 0.480992 0.413924 0.695542 0.413908 0.734098 0.970877 0.490222 0.635922 0.650996 0.662956 0.705179 0.794376 0.352428 0.496532 0.445761 0.606121 0.548811 0.628813 0.417656 0.364943 0.933693 0.757190 0.545296 0.401829 0.860342 0.830651 0.820777 0.729126 0.716876 0.796103 0.824406 0.915911 0.709688 0.651005 0.908748 0.852325 0.797664 0.679502 0.592484 0.568106 0.682021 0.849227 0.936954 0.740885 0.741941 0.624317 0.722353 0.805219 0.538688 0.884578
0.656129 0.627030 0.978640 0.933910 0.513876 0.491461 0.917758 0.890642 0.000000 0.609158 0.639343 0.756343 0.894269 0.926339 0.959936 0.779386 0.610884 0.596349 0.769881 0.696143 0.949122 0.804004 0.716851 0.860724 0.829591 0.976595 0.794081 0.981416 0.706325 0.700955 0.749899 0.965814 0.791904 0.722998 0.891488 0.991457 0.768130 0.768830 0.857957 0.770193 0.723187 0.944016 0.919438 0.939603 0.944952 0.910129 0.771075 0.827917 0.846012 0.834912 0.967735 0.998375 0.875682 0.650150 0.711008 0.595292 0.606822 0.656445 0.717227 0.770264 0.901938 0.993861 0.745140 0.764434 0.832768 0.952303 0.993462 0.992522 0.565798 0.731030 0.616904 0.515016 0.666216 0.615212 0.924057 0.941291 0.739158 0.813535 0.837692 0.769840 0.649653 0.613036 0.668065 0.476557 0.732882 0.799311 0.866555 0.744528 0.753277 0.692620 0.446511 0.599981 0.437740 0.551489 0.789864 0.942436 0.942818 0.951178 0.722129 0.883069 0.651690 0.682239 0.966054 0.971834 0.799668 0.947267 0.974397 0.851778 0.755052 0.985648 0.828730 0.930947 0.823520 0.959450 0.942727 0.750719
0.894846 0.838286 0.734803 0.985944 0.571487 0.622070 0.627808 0.649412 0.609158 0.000000 0.748700 0.942909 0.942493 0.892465 0.962855 0.878950 0.799847 0.787783 0.969179 0.816031 0.826347 0.829944 0.835413 0.956584 0.551101 0.800707 0.643811 0.874881 0.994923 0.830171 0.730881 0.828723 0.919878 0.903720 0.966716 0.771527 0.761132 0.647187 0.622740 0.977239 0.712807 0.998734 0.583212 0.652240 0.444499 0.496839 0.873102 0.797625 0.492689 0.584417 0.449772 0.516171 0.508467 0.433750 0.992615 0.979501 0.855299 0.843246 0.766986 0.781657 0.919712 0.814491 0.890848 0.947872 0.560899 0.790838 0.860529 0.780778 0.600364 0.938453 0.658809 0.671961 0.641290 0.581112 0.997164 0.693640 0.578959 0.771182 0.860172 0.997339 0.909973 0.776164 0.737967 0.622622 0.849389 0.837409 0.586052 0.673200 0.959876 0.926857 0.468133 0.472926 0.569096 0.642511 0.567390 0.822418 0.730224 0.703500 0.327561 0.443183 0.512111 0.459464 0.626246 0.582093 0.768812 0.712054 0.788876 0.661222 0.859252 0.947832 0.896593 0.497115 0.485732 0.686610 0.810395 0.807898
0.322525 0.390835 0.873428 0.890772 0.882603 0.643098 0.922115 0.734243 0.639343 0.748700 0.000000 0.277803 0.289032 0.361641 0.452635 0.712651 0.290899 0.259101 0.473451 0.275160 0.789854 0.813591 0.967388 0.809033 0.889421 0.863547 0.720225 0.734933 0.282235 0.287059 0.845410 0.957559 0.637261 0.545509 0.819592 0.843177 0.915443 0.813503 0.934818 0.759084 0.498595 0.890196 0.635654 0.821118 0.652867 0.845205 0.929549 0.950550 0.980346 0.992356 0.895045 0.931186 0.728179 0.513949 0.575685 0.699980 0.398375 0.361717 0.767299 0.707780 0.347199 0.474512 0.359887 0.368580 0.557530 0.589650 0.822614 0.870203 0.389698 0.621378 0.507077 0.542282 0.864404 0.782891 0.776261 0.897829 0.589996 0.683789 0.715118 0.666811 0.394584 0.315028 0.539076 0.410373 0.398476 0.510000 0.719556 0.716066 0.609456 0.579239 0.411782 0.423451 0.365150 0.455478 0.728830 0.953090 0.723153 0.558789 0.594571 0.634489 0.663970 0.695266 0.835794 0.983370 0.746607 0.787081 0.756973 0.668233 0.674035 0.906378 0.941829 0.800518 0.599718 0.760741 0.977637 0.525750
0.216708 0.243298 0.742675 0.617695 0.943511 0.769884 0.661882 0.427508 0.756343 0.942909 0.277803 0.000000 0.202528 0.210968 0.353442 0.456221 0.214563 0.204832 0.307251 0.217593 0.683756 0.797434 0.690205 0.545231 0.775416 0.980823 0.661016 0.840031 0.257896 0.206337 0.832135 0.679013 0.394605 0.381862 0.904309 0.915305 0.798653 0.717022 0.996132 0.776487 0.586984 0.811727 0.910473 0.893207 0.860319 0.926187 0.676330 0.764614 0.839038 0.717947 0.772214 0.731929 0.954306 0.823094 0.390154 0.558293 0.255214 0.214776 0.528929 0.446201 0.222392 0.232842 0.227204 0.182324 0.488107 0.384970 0.924313 0.840625 0.338910 0.413475 0.741570 0.693840 0.880870 0.968118 0.707011 0.959631 0.829630 0.839605 0.510425 0.432251 0.241897 0.240076 0.368656 0.316352 0.243718 0.290181 0.754050 0.581811 0.423752 0.383966 0.451667 0.447692 0.399959 0.408992 0.894547 0.989940 0.810070 0.687200 0.766649 0.834960 0.720841 0.817723 0.968002 0.887719 0.968942 0.990725 0.991847 0.772298 0.692039 0.913697 0.873822 0.994371 0.759131 0.844986 0.815959 0.597570
0.292265 0.349532 0.761999 0.652424 0.858530 0.881944 0.602964 0.427806 0.894269 0.942493 0.289032 0.202528 0.000000 0.191186 0.262368 0.435565 0.270182 0.267915 0.316334 0.284067 0.730787 0.896510 0.666563 0.577724 0.866794 0.994927 0.726628 0.836528 0.253773 0.272298 0.795991 0.627850 0.411898 0.367583 0.949812 0.882526 0.871092 0.800943 0.845030 0.790829 0.605549 0.849814 0.942730 0.885528 0.907019 0.922380 0.706230 0.818820 0.849142 0.739295 0.776498 0.737412 0.933906 0.887594 0.419286 0.596613 0.360336 0.317245 0.598656 0.521697 0.177921 0.257679 0.222312 0.228899 0.546540 0.422921 0.938797 0.866517 0.487811 0.501604 0.765712 0.778460 0.763754 0.849498 0.638803 0.937226 0.875535 0.926849 0.546823 0.514834 0.304206 0.303428 0.440704 0.441757 0.288754 0.351107 0.832159 0.695565 0.497320 0.489586 0.612309 0.578444 0.529522 0.542538 0.934502 0.993351 0.871629 0.711144 0.879454 0.935079 0.865399 0.978631 0.979398 0.789670 0.968599 0.941378 0.990267 0.824360 0.688975 0.981503 0.893412 0.994798 0.819285 0.880066 0.770398 0.588598
0.327299 0.375528 0.705221 0.556586 0.804198 0.913446 0.550517 0.374255 0.926339 0.892465 0.361641 0.210968 0.191186 0.000000 0.250364 0.313725 0.284788 0.277198 0.296992 0.295733 0.667627 0.815527 0.539144 0.439364 0.798118 0.906974 0.705299 0.805339 0.297327 0.274907 0.700937 0.570041 0.400231 0.374345 0.869846 0.885095 0.861589 0.827488 0.917197 0.829551 0.688137 0.822647 0.999759 0.845468 0.945497 0.893319 0.670614 0.736816 0.831077 0.696802 0.706180 0.676992 0.810741 0.991089 0.410815 0.593334 0.364116 0.316621 0.573715 0.495392 0.219353 0.224830 0.263146 0.235951 0.537984 0.366379 0.846999 0.785874 0.532553 0.534524 0.906051 0.846228 0.700987 0.742684 0.599689 0.869481 0.925183 0.910716 0.513037 0.499321 0.334816 0.314550 0.417378 0.441847 0.280502 0.316698 0.806772 0.588938 0.499419 0.451398 0.643040 0.622902 0.566823 0.593857 0.983198 0.962514 0.840505 0.764868 0.926713 0.981806 0.901547 0.987424 0.929229 0.771388 0.901236 0.844862 0.972765 0.871920 0.686127 0.964792 0.809827 0.935795 0.899195 0.914430 0.704918 0.680123
0.534122 0.560289 0.686493 0.642033 0.647330 0.964716 0.669072 0.535664 0.959936 0.962855 0.452635 0.353442 0.262368 0.250364 0.000000 0.318906 0.403846 0.394892 0.477476 0.448908 0.659763 0.827541 0.565207 0.471911 0.804347 0.865932 0.777234 0.832406 0.378775 0.350674 0.742792 0.652626 0.547407 0.503526 0.874005 0.964869 0.910563 0.941409 0.934679 0.930889 0.788282 0.952137 0.978241 0.927177 0.906759 0.993294 0.813363 0.861699 0.999575 0.865009 0.846587 0.818614 0.860424 0.965763 0.536085 0.736087 0.556557 0.504405 0.800393 0.730993 0.312469 0.371908 0.430603 0.430344 0.523560 0.387757 0.900565 0.873750 0.694928 0.704983 0.905473 0.933394 0.673996 0.715042 0.574259 0.914311 0.963426 0.982460 0.609740 0.625594 0.470539 0.440907 0.479517 0.574086 0.406705 0.455458 0.802245 0.665290 0.673583 0.659274 0.754714 0.697100 0.668252 0.739939 0.982728 0.989899 0.752934 0.710965 0.881702 0.971433 0.879357 0.954284 0.956777 0.865089 0.937364 0.936300 0.992821 0.811245 0.669692 0.923670 0.876754 0.956742 0.875374 0.854258 0.795902 0.757743
0.606568 0.590142 0.502787 0.389795 0.649124 0.876098 0.541470 0.400421 0.779386 0.878950 0.712651 0.456221 0.435565 0.313725 0.318906 0.000000 0.502287 0.511234 0.488904 0.553432 0.566084 0.884124 0.299926 0.266268 0.595219 0.597198 0.644003 0.890477 0.560830 0.444260 0.446541 0.487688 0.468901 0.521104 0.620528 0.868314 0.781912 0.787942 0.930523 0.877632 0.862314 0.908408 0.836529 0.763896 0.997510 0.943310 0.701445 0.703217 0.982583 0.750551 0.690199 0.644255 0.630204 0.735154 0.529040 0.722295 0.565609 0.520210 0.716716 0.635902 0.412569 0.338626 0.541100 0.467493 0.468210 0.275647 0.638535 0.601040 0.765488 0.663847 0.772890 0.878519 0.551931 0.596004 0.504706 0.720346 0.830484 0.883966 0.578202 0.579072 0.575580 0.582696 0.485308 0.630946 0.449197 0.390854 0.739182 0.654582 0.669433 0.602558 0.823227 0.728740 0.787490 0.752866 0.867010 0.924587 0.832006 0.803823 0.965576 0.924313 0.926210 0.974266 0.968971 0.884061 0.724198 0.781601 0.839854 0.976878 0.843388 0.919664 0.842667 0.910114 0.995572 0.928645 0.588521 0.899833
0.220216 0.208713 0.590915 0.570445 0.931786 0.724437 0.628922 0.494811 0.610884 0.799847 0.290899 0.214563 0.270182 0.284788 0.403846 0.502287 0.000000 0.147631 0.261123 0.230845 0.594756 0.823438 0.673901 0.516435 0.604071 0.823141 0.563449 0.825308 0.224631 0.192932 0.773108 0.620257 0.341053 0.308577 0.852366 0.984451 0.713591 0.642666 0.914470 0.671588 0.539835 0.736896 0.992258 0.787520 0.941306 0.857628 0.526086 0.628079 0.804617 0.646498 0.762935 0.700820 0.899197 0.829707 0.296802 0.393190 0.196067 0.183757 0.472658 0.445009 0.270942 0.336004 0.244905 0.219026 0.404023 0.348318 0.758693 0.706220 0.320003 0.389359 0.752656 0.598905 0.880173 0.985289 0.686013 0.911382 0.886733 0.951583 0.474382 0.377951 0.200256 0.208260 0.281005 0.224940 0.217088 0.258059 0.726233 0.565178 0.478108 0.335644 0.377508 0.397836 0.323912 0.395893 0.928061 0.990602 0.911492 0.761905 0.761306 0.893146 0.678963 0.742049 0.949714 0.848746 0.925760 0.882203 0.984230 0.815975 0.642177 0.876857 0.790265 0.994786 0.823851 0.921234 0.720981 0.579090
0.211942 0.203831 0.597859 0.586615 0.920590 0.717679 0.647304 0.503547 0.596349 0.787783 0.259101 0.204832 0.267915 0.277198 0.394892 0.511234 0.147631 0.000000 0.264958 0.205475 0.595370 0.796010 0.703722 0.524000 0.632120 0.832296 0.572257 0.767951 0.228414 0.189746 0.812006 0.643589 0.363348 0.326887 0.877662 0.998335 0.732248 0.641343 0.911555 0.718686 0.566781 0.760551 0.962765 0.829783 0.887454 0.903948 0.579492 0.668586 0.846571 0.689991 0.800972 0.738088 0.942394 0.781650 0.298714 0.452775 0.195483 0.180629 0.501655 0.468168 0.263952 0.325425 0.247487 0.217905 0.389399 0.339340 0.803039 0.770770 0.316648 0.396290 0.712730 0.577871 0.923272 0.994081 0.716410 0.908001 0.842773 0.891889 0.468020 0.413407 0.204059 0.197930 0.293703 0.229637 0.216831 0.258247 0.679506 0.576686 0.497091 0.345105 0.359146 0.365889 0.315570 0.375132 0.947666 0.960802 0.841052 0.739185 0.724771 0.871406 0.660075 0.711777 0.985775 0.899709 0.945658 0.936207 0.974710 0.788828 0.675799 0.940759 0.817386 0.939276 0.785156 0.939850 0.751762 0.556766
0.241647 0.246631 0.495939 0.434141 0.981619 0.853728 0.415411 0.369717 0.769881 0.969179 0.473451 0.307251 0.316334 0.296992 0.477476 0.488904 0.261123 0.264958 0.000000 0.245354 0.594453 0.938308 0.483722 0.429795 0.600190 0.748389 0.568497 0.866064 0.333458 0.353011 0.607503 0.471904 0.275078 0.306405 0.723074 0.947674 0.640900 0.637923 0.986564 0.682920 0.593437 0.654068 0.888649 0.691961 0.993510 0.824018 0.454939 0.563006 0.791314 0.594979 0.658572 0.610775 0.803569 0.931443 0.308909 0.475846 0.231113 0.223019 0.386535 0.358283 0.287260 0.318307 0.260065 0.243530 0.438143 0.368827 0.590979 0.627337 0.387996 0.363584 0.945524 0.775398 0.686017 0.801801 0.679676 0.856259 0.988994 0.953942 0.461851 0.448788 0.286025 0.298190 0.323323 0.336203 0.213553 0.216864 0.818510 0.558523 0.476403 0.306569 0.560732 0.575040 0.515889 0.556411 0.876388 0.884462 0.890855 0.991781 0.979599 0.899543 0.922719 0.919290 0.848237 0.668465 0.698853 0.696120 0.834229 0.945332 0.739056 0.785038 0.688642 0.886192 0.976788 0.935210 0.580175 0.648856
0.187605 0.217484 0.593914 0.570040 0.966640 0.754041 0.625514 0.479320 0.696143 0.816031 0.275160 0.217593 0.284067 0.295733 0.448908 0.553432 0.230845 0.205475 0.245354 0.000000 0.611436 0.799737 0.686778 0.523957 0.668203 0.887299 0.580536 0.803391 0.293344 0.270197 0.812739 0.687215 0.387107 0.359748 0.908117 0.993997 0.735608 0.628375 0.977217 0.727202 0.537653 0.750706 0.878628 0.917830 0.791575 0.993175 0.653448 0.771140 0.912034 0.779291 0.863940 0.815774 0.966664 0.707516 0.392976 0.550195 0.226002 0.208034 0.516818 0.454097 0.280640 0.325695 0.260641 0.241748 0.419855 0.398100 0.834967 0.815822 0.277250 0.396042 0.760655 0.669938 0.911731 0.984378 0.738370 0.981780 0.798950 0.903193 0.511049 0.497644 0.271555 0.235363 0.350264 0.299922 0.229463 0.280162 0.773142 0.561353 0.480074 0.343499 0.420189 0.435318 0.392942 0.435212 0.901926 0.980727 0.904192 0.780253 0.743133 0.833181 0.739704 0.746882 0.946966 0.870503 0.917998 0.960881 0.992388 0.809715 0.789780 0.933100 0.918706 0.963389 0.785118 0.863278 0.782136 0.590345
0.649379 0.619744 0.507522 0.528462 0.850857 0.928295 0.653291 0.678835 0.949122 0.826347 0.789854 0.683756 0.730787 0.667627 0.659763 0.566084 0.594756 0.595370 0.594453 0.611436 0.000000 0.818957 0.558044 0.524547 0.564358 0.595014 0.605779 0.924447 0.702976 0.619308 0.589228 0.615115 0.527296 0.641935 0.782520 0.828286 0.712328 0.747867 0.926089 0.910158 0.754927 0.854804 0.947584 0.873019 0.942196 0.982120 0.749273 0.727321 0.946037 0.864252 0.897825 0.836215 0.853012 0.987751 0.585583 0.752243 0.603298 0.606579 0.718167 0.752278 0.656342 0.665352 0.673651 0.666900 0.504848 0.506161 0.590741 0.706688 0.641765 0.718009 0.860644 0.905112 0.763197 0.800434 0.700880 0.875608 0.926476 0.958184 0.664538 0.578849 0.662487 0.657520 0.512595 0.635171 0.562913 0.523437 0.803095 0.768475 0.792073 0.652589 0.699548 0.676537 0.751962 0.847776 0.937668 0.851011 0.971502 0.894028 0.851022 0.988517 0.829713 0.952171 0.946987 0.886376 0.757483 0.821590 0.998036 0.904291 0.853577 0.930178 0.849757 0.987766 0.899016 0.995462 0.662364 0.852923
0.857776 0.892628 0.978595 0.994206 0.864922 0.794866 0.913075 0.957093 0.804004 0.829944 0.813591 0.797434 0.896510 0.815527 0.827541 0.884124 0.823438 0.796010 0.938308 0.799737 0.818957 0.000000 0.968580 0.959146 0.997593 0.991572 0.967729 0.766454 0.823097 0.743254 0.909353 0.901310 0.939828 0.987801 0.987492 0.963877 0.910889 0.864825 0.951795 0.879195 0.991827 0.894895 0.821688 0.851777 0.803683 0.880569 0.932018 0.989439 0.879981 0.915786 0.880542 0.903030 0.887491 0.826430 0.867809 0.957785 0.854393 0.844998 0.979654 0.986885 0.909670 0.941403 0.870807 0.897953 0.881116 0.870311 0.848515 0.921986 0.890176 0.841166 0.849381 0.868934 0.916384 0.839978 0.981525 0.950626 0.882567 0.872683 0.906349 0.890771 0.865436 0.825267 0.861668 0.861913 0.873230 0.893338 0.862088 0.872537 0.917049 0.936001 0.785412 0.769157 0.780462 0.751139 0.715427 0.981605 0.840048 0.809682 0.743735 0.834361 0.817011 0.883824 0.756966 0.811546 0.919501 0.735530 0.938059 0.934726 0.815419 0.702675 0.948616 0.872565 0.751301 0.790304 0.817101 0.748696
0.700119 0.637747 0.361162 0.231059 0.711605 0.774400 0.349887 0.354254 0.716851 0.835413 0.967388 0.690205 0.666563 0.539144 0.565207 0.299926 0.673901 0.703722 0.483722 0.686778 0.558044 0.968580 0.000000 0.247060 0.491849 0.439230 0.638900 0.941709 0.775502 0.698695 0.234081 0.365621 0.428331 0.546587 0.436243 0.714002 0.645361 0.710850 0.863869 0.951440 0.939128 0.793774 0.571106 0.524430 0.821787 0.806185 0.513337 0.525686 0.908362 0.627398 0.544349 0.498453 0.479778 0.554557 0.579923 0.700811 0.619746 0.602334 0.605729 0.546830 0.573570 0.481941 0.668543 0.593560 0.504231 0.344784 0.351356 0.398024 0.857586 0.620366 0.473797 0.731797 0.405317 0.495184 0.601636 0.712878 0.619064 0.685420 0.534164 0.607759 0.694354 0.752494 0.532288 0.756504 0.504380 0.398799 0.926313 0.651056 0.723824 0.561847 0.991469 0.911237 0.980468 0.937682 0.754995 0.815968 0.893788 0.859775 0.821131 0.679345 0.931275 0.833739 0.846919 0.807600 0.435208 0.493077 0.709594 0.809177 0.997242 0.767172 0.754566 0.790069 0.759033 0.895725 0.428479 0.938636
0.589358 0.535522 0.328198 0.272324 0.778243 0.890225 0.510658 0.420386 0.860724 0.956584 0.809033 0.545231 0.577724 0.439364 0.471911 0.266268 0.516435 0.524000 0.429795 0.523957 0.524547 0.959146 0.247060 0.000000 0.409305 0.437404 0.579416 0.894365 0.653797 0.508401 0.423048 0.502240 0.412725 0.544707 0.502553 0.786219 0.632538 0.664229 0.784964 0.909832 0.844664 0.807599 0.772373 0.701806 0.989852 0.961435 0.562994 0.601800 0.976907 0.743870 0.705819 0.651493 0.643532 0.765572 0.514447 0.686450 0.510856 0.490485 0.665983 0.605518 0.514981 0.441746 0.621028 0.529810 0.362250 0.253046 0.456456 0.528477 0.661067 0.611668 0.703424 0.826175 0.591267 0.610115 0.642927 0.776161 0.849840 0.832260 0.585977 0.580325 0.577816 0.582187 0.429747 0.559909 0.421794 0.320156 0.745766 0.509019 0.668010 0.513247 0.784219 0.691835 0.785737 0.762615 0.866897 0.865462 0.976467 0.960062 0.950320 0.907897 0.941177 0.953237 0.957460 0.896487 0.611462 0.644742 0.858064 0.992424 0.816497 0.817786 0.810517 0.940469 0.976435 0.995117 0.545532 0.972767
0.712755 0.628133 0.293289 0.427759 0.864642 0.972235 0.792440 0.825437 0.829591 0.551101 0.889421 0.775416 0.866794 0.798118 0.804347 0.595219 0.604071 0.632120 0.600190 0.668203 0.564358 0.997593 0.491849 0.409305 0.000000 0.257509 0.387900 0.891376 0.878621 0.695098 0.622394 0.630768 0.605047 0.687965 0.490274 0.645627 0.432813 0.525527 0.490870 0.803502 0.739385 0.731434 0.937988 0.837825 0.777662 0.809841 0.646604 0.727991 0.726937 0.976198 0.958143 0.956043 0.936355 0.938187 0.686650 0.726638 0.613326 0.604700 0.843435 0.818595 0.827395 0.833809 0.855838 0.770908 0.309875 0.386250 0.549476 0.640595 0.576607 0.730929 0.810814 0.934434 0.873528 0.941494 0.701447 0.985124 0.993227 0.856705 0.778702 0.720979 0.737446 0.669934 0.453240 0.494781 0.533391 0.443452 0.630674 0.498585 0.754935 0.610152 0.555783 0.528022 0.596098 0.638328 0.900615 0.980700 0.934838 0.928000 0.656333 0.844333 0.696705 0.707462 0.899344 0.893571 0.719965 0.749074 0.898667 0.884021 0.967972 0.805674 0.948643 0.836077 0.844435 0.870975 0.601727 0.954390
0.925051 0.852623 0.358313 0.458332 0.947625 0.813761 0.700160 0.821324 0.976595 0.800707 0.863547 0.980823 0.994927 0.906974 0.865932 0.597198 0.823141 0.832296 0.748389 0.887299 0.595014 0.991572 0.439230 0.437404 0.257509 0.000000 0.549700 0.938271 0.975045 0.878120 0.512355 0.617581 0.657657 0.770281 0.424175 0.632018 0.499264 0.592548 0.599419 0.893567 0.963671 0.788158 0.770734 0.745332 0.970566 0.929537 0.673768 0.698445 0.789136 0.929779 0.920141 0.840093 0.757670 0.807609 0.727604 0.769167 0.813075 0.808495 0.890368 0.892640 0.953246 0.916807 0.981568 0.922063 0.485037 0.497692 0.456239 0.552769 0.848551 0.814055 0.610293 0.884301 0.754113 0.753147 0.709890 0.877510 0.823076 0.693175 0.829869 0.854493 0.906388 0.892349 0.585552 0.727122 0.708013 0.581098 0.690476 0.703005 0.846490 0.756530 0.850608 0.799727 0.885609 0.869733 0.956317 0.839964 0.971597 0.954272 0.906411 0.940351 0.943432 0.981828 0.962507 0.991167 0.572559 0.619470 0.818470 0.938228 0.984705 0.809571 0.986815 0.970034 0.967360 0.945509 0.575081 0.933000
0.615261 0.542437 0.448267 0.515615 0.965368 0.813115 0.776448 0.805418 0.794081 0.643811 0.720225 0.661016 0.726628 0.705299 0.777234 0.644003 0.563449 0.572257 0.568497 0.580536 0.605779 0.967729 0.638900 0.579416 0.387900 0.549700 0.000000 0.889707 0.754229 0.622287 0.673535 0.650329 0.601197 0.617229 0.677793 0.599144 0.497279 0.570115 0.689591 0.805036 0.725890 0.787178 0.898393 0.999417 0.707311 0.789946 0.802268 0.895666 0.781510 0.995462 0.960290 0.964010 0.982975 0.779993 0.673564 0.789712 0.542985 0.543077 0.800743 0.743662 0.684988 0.726529 0.722280 0.668160 0.373742 0.475003 0.697803 0.817108 0.541108 0.690103 0.996537 0.781263 0.959479 0.904759 0.636558 0.894343 0.867245 0.997020 0.736797 0.684686 0.721543 0.638994 0.514748 0.565284 0.483843 0.480048 0.716424 0.677794 0.781204 0.643036 0.486071 0.535435 0.563416 0.667046 0.892432 0.892367 0.805304 0.894596 0.618452 0.728019 0.558899 0.752627 0.856097 0.966633 0.869845 0.861481 0.996576 0.788238 0.940456 0.848480 0.882351 0.800592 0.801417 0.851107 0.758125 0.912028
0.834701 0.881160 0.925328 0.964808 0.964045 0.925225 0.972800 0.976964 0.981416 0.874881 0.734933 0.840031 0.836528 0.805339 0.832406 0.890477 0.825308 0.767951 0.866064 0.803391 0.924447 0.766454 0.941709 0.894365 0.891376 0.938271 0.889707 0.000000 0.814340 0.826999 0.926552 0.996342 0.952663 0.939753 0.934228 0.930269 0.997234 0.863150 0.965971 0.920387 0.929569 0.925584 0.862756 0.921316 0.784227 0.848294 0.931644 0.991664 0.879472 0.876024 0.889852 0.894466 0.902770 0.787182 0.971534 0.982868 0.826609 0.789120 0.988012 0.990553 0.833815 0.894349 0.843794 0.847294 0.785346 0.835743 0.926198 0.872183 0.851866 0.932376 0.973653 0.876609 0.954353 0.951265 0.932184 0.972651 0.826998 0.784187 0.869497 0.913419 0.852046 0.777132 0.855209 0.900506 0.781483 0.820570 0.984363 0.946313 0.996642 0.835655 0.819087 0.813891 0.853044 0.936572 0.930818 0.807341 0.825402 0.801476 0.844326 0.874917 0.769347 0.979009 0.910727 0.924444 0.978306 0.840958 0.836356 0.837091 0.955508 0.757800 0.900268 0.776942 0.918687 0.824617 0.963084 0.812618
0.268960 0.305801 0.766615 0.719632 0.930767 0.784792 0.628378 0.495219 0.706325 0.994923 0.282235 0.257896 0.253773 0.297327 0.378775 0.560830 0.224631 0.228414 0.333458 0.293344 0.702976 0.823097 0.775502 0.653797 0.878621 0.975045 0.754229 0.814340 0.000000 0.225770 0.883595 0.726633 0.431012 0.397892 0.990642 0.876172 0.869612 0.790685 0.888468 0.704534 0.613825 0.790102 0.975427 0.802451 0.975759 0.787020 0.623996 0.707708 0.691857 0.626002 0.724908 0.692407 0.900746 0.875207 0.372187 0.481419 0.299913 0.280526 0.513729 0.474891 0.266874 0.347198 0.248980 0.263239 0.573867 0.509496 0.874895 0.812678 0.448624 0.453453 0.753633 0.650867 0.862016 0.938953 0.747824 0.855034 0.926200 0.927945 0.516616 0.478877 0.253488 0.273762 0.419072 0.397455 0.306160 0.409590 0.821756 0.714155 0.524336 0.445694 0.573356 0.595693 0.480222 0.553242 0.972303 0.956330 0.960543 0.745240 0.895276 0.975559 0.838971 0.875831 0.871058 0.747097 0.973282 0.962416 0.955061 0.887046 0.611568 0.955526 0.815959 0.942073 0.907012 0.999770 0.834326 0.588306
0.275265 0.267644 0.647921 0.608089 0.961902 0.732121 0.700177 0.509909 0.700955 0.830171 0.287059 0.206337 0.272298 0.274907 0.350674 0.444260 0.192932 0.189746 0.353011 0.270197 0.619308 0.743254 0.698695 0.508401 0.695098 0.878120 0.622287 0.826999 0.225770 0.000000 0.807241 0.683219 0.433225 0.422625 0.931519 0.988724 0.753333 0.653956 0.942181 0.705884 0.583950 0.824211 0.921982 0.899346 0.875807 0.939863 0.647521 0.743385 0.884847 0.729140 0.821820 0.756126 0.939020 0.835462 0.353856 0.553654 0.263819 0.233538 0.571937 0.512473 0.261620 0.312963 0.291066 0.255214 0.418798 0.349094 0.859713 0.809600 0.385608 0.416292 0.747190 0.659930 0.898657 0.977845 0.682848 0.891935 0.819178 0.834852 0.535953 0.445905 0.255790 0.278120 0.340584 0.321108 0.286149 0.327380 0.680063 0.614938 0.521591 0.431138 0.407387 0.377641 0.365331 0.395811 0.859166 0.952855 0.800527 0.661800 0.687620 0.800780 0.711363 0.696407 0.968014 0.945873 0.979340 0.994843 0.984415 0.758593 0.668446 0.956481 0.835911 0.946667 0.743676 0.900084 0.819187 0.617913
0.797777 0.699375 0.447862 0.296884 0.739701 0.745787 0.293955 0.366715 0.749899 0.730881 0.845410 0.832135 0.795991 0.700937 0.742792 0.446541 0.773108 0.812006 0.607503 0.812739 0.589228 0.909353 0.234081 0.423048 0.622394 0.512355 0.673535 0.926552 0.883595 0.807241 0.000000 0.322861 0.465591 0.503589 0.480544 0.658312 0.666631 0.717268 0.928993 0.926237 0.957749 0.757901 0.460630 0.416245 0.624152 0.622328 0.464911 0.462974 0.753985 0.503497 0.430643 0.380206 0.359039 0.432095 0.594091 0.655487 0.680790 0.695226 0.530272 0.522789 0.654254 0.558073 0.711064 0.660714 0.692852 0.502912 0.289811 0.295128 0.986349 0.629967 0.452192 0.755485 0.366546 0.520364 0.636680 0.611625 0.478528 0.598805 0.478450 0.600754 0.766139 0.908671 0.664367 0.868645 0.664678 0.554615 0.935974 0.842467 0.803379 0.639202 0.940730 0.997216 0.928427 0.983039 0.636068 0.808063 0.801103 0.753002 0.669982 0.545080 0.901479 0.785627 0.749617 0.767838 0.414737 0.426681 0.626942 0.726401 0.865509 0.725096 0.733253 0.665666 0.585650 0.761890 0.435133 0.879421
0.638497 0.576215 0.515817 0.389558 0.774224 0.911307 0.375113 0.425165 0.965814 0.828723 0.957559 0.679013 0.627850 0.570041 0.652626 0.487688 0.620257 0.643589 0.471904 0.687215 0.615115 0.901310 0.365621 0.502240 0.630768 0.617581 0.650329 0.996342 0.726633 0.683219 0.322861 0.000000 0.416336 0.433427 0.597091 0.704896 0.631470 0.705621 0.954387 0.824228 0.900239 0.807546 0.535061 0.451895 0.717184 0.650151 0.427607 0.414149 0.737175 0.488165 0.491598 0.433330 0.439357 0.616091 0.529190 0.611359 0.571721 0.577649 0.482456 0.475318 0.564495 0.519564 0.568991 0.536757 0.647457 0.464089 0.437524 0.408881 0.820614 0.633030 0.642417 0.975024 0.514869 0.606087 0.677539 0.637244 0.690924 0.787239 0.490160 0.495477 0.583470 0.668217 0.487203 0.662783 0.505624 0.444105 0.974560 0.752399 0.643981 0.542120 0.882284 0.874968 0.870736 0.859094 0.737822 0.887653 0.922769 0.793810 0.770341 0.620937 0.958927 0.852711 0.685225 0.734910 0.548539 0.440137 0.651560 0.841134 0.985528 0.776794 0.606518 0.789558 0.691978 0.779686 0.496332 0.945020
0.315274 0.302593 0.481705 0.356602 0.922788 0.869179 0.341142 0.295993 0.791904 0.919878 0.637261 0.394605 0.411898 0.400231 0.547407 0.468901 0.341053 0.363348 0.275078 0.387107 0.527296 0.939828 0.428331 0.412725 0.605047 0.657657 0.601197 0.952663 0.431012 0.433225 0.465591 0.416336 0.000000 0.260577 0.625296 0.854780 0.678760 0.630584 0.965881 0.830591 0.754678 0.748819 0.698173 0.522015 0.816038 0.669252 0.380942 0.433744 0.656956 0.471540 0.490726 0.443376 0.619746 0.841944 0.321452 0.393203 0.270797 0.286747 0.304419 0.287785 0.328749 0.317071 0.304491 0.282986 0.503242 0.379012 0.433445 0.443426 0.500420 0.344075 0.925569 0.881775 0.593256 0.751736 0.685147 0.692245 0.811594 0.827066 0.368933 0.382853 0.345258 0.434739 0.351738 0.405014 0.283804 0.252870 0.993106 0.606449 0.510556 0.338445 0.626569 0.624971 0.612537 0.608989 0.863797 0.839460 0.816596 0.991113 0.895874 0.783089 0.902452 0.977962 0.854345 0.702616 0.621040 0.581976 0.733955 0.941576 0.801941 0.769591 0.696936 0.761690 0.877598 0.800842 0.505813 0.762727
0.329180 0.297347 0.585749 0.487855 0.975147 0.904429 0.352416 0.338587 0.722998 0.903720 0.545509 0.381862 0.367583 0.374345 0.503526 0.521104 0.308577 0.326887 0.306405 0.359748 0.641935 0.987801 0.546587 0.544707 0.687965 0.770281 0.617229 0.939753 0.397892 0.422625 0.503589 0.433427 0.260577 0.000000 0.724174 0.923351 0.666377 0.661794 0.970997 0.754907 0.701081 0.655870 0.713900 0.518797 0.762911 0.599754 0.364958 0.480260 0.587951 0.442171 0.490807 0.440385 0.596050 0.855290 0.331185 0.317445 0.286948 0.307128 0.319903 0.326205 0.310588 0.342555 0.259411 0.255405 0.598817 0.454579 0.544095 0.498690 0.526801 0.375085 0.979357 0.775818 0.629929 0.766104 0.653312 0.737424 0.849906 0.845526 0.358717 0.425763 0.308113 0.402252 0.409110 0.404480 0.328710 0.339488 0.998127 0.683458 0.494350 0.353336 0.608187 0.653354 0.562767 0.592445 0.855971 0.929553 0.921536 0.962651 0.886370 0.753481 0.890335 0.972637 0.731015 0.645181 0.739720 0.627268 0.701137 0.968692 0.866660 0.866503 0.718912 0.757902 0.858066 0.844986 0.573678 0.788244
0.926054 0.839613 0.481154 0.491600 0.961101 0.913477 0.609573 0.682459 0.891488 0.966716 0.819592 0.904309 0.949812 0.869846 0.874005 0.620528 0.852366 0.877662 0.723074 0.908117 0.782520 0.987492 0.436243 0.502553 0.490274 0.424175 0.677793 0.934228 0.990642 0.931519 0.480544 0.597091 0.625296 0.724174 0.000000 0.749967 0.633114 0.729915 0.734194 0.963688 0.915021 0.776819 0.661661 0.641808 0.901166 0.902695 0.634383 0.650726 0.980396 0.802371 0.745376 0.725935 0.677412 0.699141 0.753246 0.776640 0.827418 0.825047 0.796568 0.796739 0.901314 0.797994 0.931204 0.850919 0.625868 0.576247 0.459925 0.549188 0.883810 0.741065 0.655161 0.739698 0.684889 0.709879 0.727096 0.785188 0.588286 0.692929 0.766304 0.819065 0.877109 0.897315 0.675671 0.808963 0.724252 0.599604 0.824953 0.711576 0.807601 0.725973 0.996363 0.955253 0.959591 0.962835 0.822134 0.834823 0.950606 0.999581 0.901858 0.754032 0.994852 0.909287 0.894486 0.890052 0.516158 0.671742 0.711688 0.913759 0.961518 0.757881 0.753982 0.882280 0.835613 0.979212 0.623500 0.923647
0.956718 0.930538 0.627653 0.685008 0.935619 0.936967 0.886842 0.953155 0.991457 0.771527 0.843177 0.915305 0.882526 0.885095 0.964869 0.868314 0.984451 0.998335 0.947674 0.993997 0.828286 0.963877 0.714002 0.786219 0.645627 0.632018 0.599144 0.930269 0.876172 0.988724 0.658312 0.704896 0.854780 0.923351 0.749967 0.000000 0.736279 0.626157 0.796983 0.935778 0.921207 0.942015 0.855113 0.835691 0.996572 0.954003 0.895194 0.847564 0.819810 0.978709 0.971198 0.901700 0.838927 0.878795 0.929015 0.959345 0.909240 0.950761 0.972243 0.942994 0.938476 0.990344 0.892662 0.961821 0.730451 0.752451 0.691104 0.759241 0.962404 0.920792 0.761539 0.838132 0.813600 0.998846 0.859677 0.855823 0.950238 0.830854 0.930524 0.841529 0.984247 0.980545 0.850985 0.961220 0.869137 0.788900 0.986041 0.929464 0.885546 0.888111 0.897799 0.878142 0.959294 0.959661 0.969094 0.846204 0.904939 0.791541 0.917895 0.975003 0.791071 0.868745 0.951898 0.905808 0.867506 0.835075 0.921845 0.994719 0.878700 0.914065 0.980202 0.905517 0.964453 0.996571 0.819450 0.882540
0.723548 0.618043 0.508651 0.523235 0.855395 0.985137 0.712497 0.737675 0.768130 0.761132 0.915443 0.798653 0.871092 0.861589 0.910563 0.781912 0.713591 0.732248 0.640900 0.735608 0.712328 0.910889 0.645361 0.632538 0.432813 0.499264 0.497279 0.997234 0.869612 0.753333 0.666631 0.631470 0.678760 0.666377 0.633114 0.736279 0.000000 0.488248 0.670085 0.695580 0.647672 0.724504 0.873286 0.769925 0.893675 0.974564 0.648591 0.783155 0.912341 0.843004 0.882614 0.797931 0.852585 0.978078 0.706058 0.684928 0.654029 0.643099 0.713005 0.701693 0.829616 0.825371 0.782740 0.742134 0.587104 0.615981 0.629336 0.706840 0.677424 0.640208 0.785668 0.951603 0.880203 0.987505 0.697047 0.912572 0.975384 0.967731 0.786893 0.771344 0.767160 0.813749 0.633759 0.620599 0.650343 0.578056 0.743897 0.769202 0.793593 0.676701 0.609092 0.669428 0.639776 0.653245 0.952933 0.959517 0.974619 0.952793 0.806500 0.956848 0.769910 0.840639 0.990885 0.888685 0.720957 0.700397 0.939474 0.918029 0.972686 0.801734 0.901033 0.944292 0.964299 0.979484 0.778027 0.959607
0.593766 0.518661 0.573269 0.576753 0.824495 0.939610 0.767830 0.723120 0.768830 0.647187 0.813503 0.717022 0.800943 0.827488 0.941409 0.787942 0.642666 0.641343 0.637923 0.628375 0.747867 0.864825 0.710850 0.664229 0.525527 0.592548 0.570115 0.863150 0.790685 0.653956 0.717268 0.705621 0.630584 0.661794 0.729915 0.626157 0.488248 0.000000 0.608728 0.748893 0.671972 0.827160 0.986691 0.875006 0.791116 0.929180 0.720439 0.799275 0.897703 0.875654 0.937216 0.834409 0.946978 0.877648 0.669558 0.709996 0.529319 0.527197 0.703498 0.664540 0.740836 0.732968 0.713594 0.632950 0.562422 0.570447 0.759062 0.774637 0.577040 0.501137 0.920699 0.849419 0.967680 0.896043 0.810268 0.917762 0.934399 0.940892 0.789461 0.742710 0.644184 0.717069 0.626399 0.568656 0.609483 0.510139 0.759106 0.778448 0.672840 0.532139 0.542048 0.503050 0.598871 0.483350 0.911976 0.997257 0.976760 0.872980 0.690012 0.821549 0.743331 0.652788 0.902316 0.913594 0.929916 0.914018 0.878850 0.861773 0.975929 0.926574 0.904989 0.837774 0.823197 0.888932 0.863131 0.709908
