0.000000 0.301167 0.914218 0.732751 0.985028 0.791107 0.975309 0.900805 0.766428 0.729974 0.540011 0.395857 0.486913 0.458837 0.721023 0.641110 0.421300 0.332512 0.493489 0.368750 0.925895 0.769626 0.846688 0.704232 0.773648 0.899199 0.724138 0.889635 0.818380 0.642744 0.697409 0.929340 0.934509 0.848441 0.980924 0.983210 0.803314 0.587031 0.854279 0.697349 0.794703 0.965297 0.960790 0.862587 0.911716 0.899509 0.742540 0.732450 0.818738 0.581242 0.793374 0.642560 0.984516 0.833657 0.611076 0.764815 0.339993 0.320060 0.550672 0.502773 0.899066 0.977391 0.608487 0.522111 0.838440 0.935774 0.953128 0.949898 0.367962 0.426963 0.848734 0.743860 0.752601 0.928767 0.844793 0.709353 0.946739 0.889902 0.781601 0.606094 0.354663 0.319098 0.563337 0.409942 0.580207 0.614316 0.622981 0.731890 0.723896 0.562805 0.905409 0.919537 0.955256 0.968359 0.840844 0.990177 0.867095 0.972433 0.966689 0.913380 0.738006 0.878125 0.945726 0.983290 0.960839 0.979494 0.914853 0.853788 0.945083 0.847161 0.983689 0.866383 0.938186 0.918529 0.964980 0.961392
0.301167 0.000000 0.812867 0.633278 0.903291 0.862832 0.939790 0.842229 0.822056 0.756697 0.631589 0.418094 0.441013 0.417500 0.652835 0.533822 0.419668 0.334188 0.474419 0.350878 0.903008 0.772227 0.701052 0.612951 0.695076 0.981186 0.659542 0.908287 0.757897 0.630869 0.766025 0.993288 0.891961 0.810400 0.929741 0.976116 0.841605 0.566445 0.793731 0.656508 0.846447 0.982667 0.877285 0.786766 0.961114 0.846750 0.676482 0.668736 0.797532 0.516113 0.723842 0.552847 0.876550 0.866418 0.584231 0.762525 0.276424 0.239790 0.526000 0.385065 0.800129 0.885539 0.596452 0.478128 0.738071 0.837872 0.950212 0.975096 0.438934 0.435876 0.865069 0.762212 0.755967 0.984809 0.842787 0.797685 0.913490 0.944942 0.721158 0.670265 0.371077 0.343825 0.499078 0.426725 0.464359 0.499546 0.646112 0.624987 0.677067 0.544410 0.891638 0.887526 0.999053 0.986401 0.758924 0.960112 0.882615 0.991100 0.944910 0.953319 0.732540 0.843681 0.934168 0.965438 0.898938 0.933608 0.996841 0.891661 0.892006 0.793771 0.914783 0.943765 0.969347 0.861171 0.802722 0.952089
0.914218 0.812867 0.000000 0.317952 0.661630 0.898270 0.354877 0.436534 0.539386 0.958409 0.998593 0.915871 0.627725 0.852650 0.735370 0.765256 0.881611 0.937681 0.755672 0.835541 0.842206 0.970978 0.455767 0.521335 0.451911 0.440302 0.841977 0.875000 0.859863 0.808390 0.662514 0.825355 0.575034 0.679550 0.664938 0.835672 0.575672 0.720039 0.776432 0.991079 0.848228 0.927528 0.837112 0.816712 0.851166 0.880761 0.804896 0.866679 0.797408 0.985309 0.916732 0.998925 0.952773 0.989129 0.716784 0.945187 0.873163 0.916095 0.854398 0.897991 0.379123 0.501555 0.849191 0.987180 0.312708 0.279576 0.537411 0.538383 0.780038 0.948042 0.645571 0.675526 0.798107 0.760135 0.992359 0.833683 0.851198 0.770538 0.977445 0.912150 0.874157 0.982296 0.904207 0.968916 0.541531 0.466617 0.821422 0.916193 0.707325 0.746515 0.734389 0.978204 0.655932 0.888157 0.763061 0.975884 0.844592 0.954981 0.886829 0.851112 0.838529 0.938437 0.816749 0.867854 0.614150 0.884245 0.945008 0.877716 0.714513 0.836687 0.796482 0.859759 0.886710 0.967262 0.857187 0.942389
0.732751 0.633278 0.317952 0.000000 0.639271 0.963061 0.477463 0.406861 0.639279 0.968098 0.927969 0.699806 0.499417 0.652406 0.596205 0.565961 0.943713 0.862630 0.566160 0.619676 0.930965 0.864931 0.356487 0.406209 0.485588 0.571558 0.681245 0.913217 0.998588 0.978506 0.809736 0.800905 0.661305 0.718371 0.686768 0.883044 0.578342 0.656798 0.744537 0.869344 0.856417 0.916426 0.799462 0.751146 0.888524 0.828469 0.750669 0.724303 0.919858 0.862491 0.973593 0.845462 0.886609 0.923682 0.677125 0.973228 0.719912 0.724727 0.720716 0.757241 0.470134 0.523923 0.954717 0.838342 0.324832 0.354952 0.570085 0.622714 0.649163 0.857196 0.593336 0.713536 0.877969 0.843541 0.971883 0.835853 0.774123 0.802406 0.864953 0.955853 0.904454 0.849063 0.791457 0.800670 0.458916 0.417102 0.693821 0.815472 0.634505 0.659790 0.743700 0.971157 0.674111 0.843690 0.726023 0.950514 0.763225 0.904680 0.838143 0.771951 0.907730 0.937129 0.900309 0.843153 0.568787 0.734091 0.991117 0.840376 0.676704 0.703454 0.809456 0.779832 0.897823 0.981559 0.814945 0.950740
0.985028 0.903291 0.661630 0.639271 0.000000 0.925439 0.695751 0.767719 0.757057 0.963043 0.950808 0.912604 0.727433 0.952115 0.753301 0.867704 0.913988 0.933106 0.921123 0.885837 0.926504 0.982821 0.576960 0.646991 0.647774 0.653699 0.680240 0.889180 0.933331 0.868202 0.821927 0.947253 0.850878 0.937349 0.929811 0.875874 0.811335 0.922969 0.927111 0.907029 0.907734 0.908758 0.954106 0.998918 0.972055 0.938106 0.955659 0.975135 0.830997 0.920895 0.932933 0.989584 0.881769 0.995494 0.977705 0.996975 0.982971 0.947659 0.977885 0.957483 0.722298 0.809838 0.937987 0.981026 0.607825 0.665662 0.742590 0.816405 0.861866 0.918435 0.760038 0.933843 0.873347 0.960673 0.973609 0.957357 0.951481 0.982783 0.873145 0.988994 0.948982 0.946869 0.859202 0.982614 0.700585 0.662689 0.843299 0.824805 0.945627 0.859529 0.921388 0.983917 0.818167 0.934247 0.857406 0.999539 0.926120 0.882123 0.977241 0.982888 0.945800 0.924889 0.822244 0.829688 0.884136 0.809490 0.995450 0.928064 0.978960 0.923234 0.858656 0.952329 0.915863 0.878328 0.970807 0.919322
0.791107 0.862832 0.898270 0.963061 0.925439 0.000000 0.726738 0.710994 0.815567 0.681405 0.987913 0.977727 0.836348 0.812079 0.838936 0.904878 0.726994 0.758197 0.894158 0.833418 0.939706 0.814062 0.964360 0.849070 0.903153 0.895409 0.785311 0.946992 0.964689 0.911508 0.793376 0.892918 0.790673 0.679792 0.954844 0.865359 0.996967 0.939414 0.913755 0.879828 0.966616 0.925363 0.747341 0.822414 0.650186 0.765690 0.928445 0.890751 0.805541 0.947580 0.844811 0.986745 0.863896 0.850625 0.944245 0.988212 0.756310 0.748943 0.903204 0.960763 0.781862 0.741273 0.979990 0.989918 0.973635 0.831131 0.652802 0.693846 0.800342 0.841502 0.785553 0.818595 0.714766 0.803406 0.966819 0.884177 0.991666 0.748223 0.916933 0.941454 0.857815 0.762665 0.701743 0.767341 0.830315 0.879269 0.790420 0.919947 0.714342 0.682645 0.765658 0.862823 0.799658 0.948807 0.983914 0.895270 0.768100 0.924960 0.702276 0.715351 0.705492 0.998844 0.961713 0.817913 0.886039 0.821750 0.947228 0.890921 0.916463 0.921495 0.826542 0.786144 0.780034 0.852573 0.876169 0.886822
0.975309 0.939790 0.354877 0.477463 0.695751 0.726738 0.000000 0.358692 0.486834 0.683209 0.991963 0.913664 0.784890 0.936947 0.799699 0.892983 0.890289 0.858952 0.776191 0.883094 0.927369 0.944131 0.594036 0.781067 0.735404 0.542805 0.947763 0.935593 0.961149 0.956869 0.541750 0.652941 0.423692 0.528301 0.682917 0.829055 0.673915 0.837124 0.916948 0.885962 0.972021 0.884419 0.543273 0.616306 0.519600 0.581849 0.643812 0.694355 0.877719 0.809703 0.794546 0.793769 0.659127 0.662449 0.774334 0.933384 0.973609 0.940410 0.738543 0.893513 0.353686 0.445221 0.989279 0.888919 0.552450 0.414163 0.362792 0.337363 0.992510 0.909936 0.583400 0.621220 0.612534 0.670337 0.940304 0.744590 0.709196 0.601571 0.920861 0.994754 0.919541 0.887481 0.951815 0.890977 0.749783 0.710177 0.977049 0.995549 0.946015 0.984718 0.533413 0.831036 0.588834 0.813256 0.699624 0.818072 0.651926 0.805996 0.613599 0.575118 0.608865 0.902620 0.948696 0.879618 0.516001 0.732186 0.806028 0.721027 0.644892 0.786828 0.697724 0.740435 0.673922 0.871826 0.760864 0.831289
0.900805 0.842229 0.436534 0.406861 0.767719 0.710994 0.358692 0.000000 0.525409 0.591303 0.877621 0.719080 0.731279 0.796547 0.815701 0.738633 0.964734 0.914752 0.666505 0.745053 0.962954 0.927730 0.642873 0.787156 0.768314 0.619802 0.976775 0.991745 0.940352 0.960309 0.625782 0.619501 0.509091 0.464312 0.777824 0.935979 0.537541 0.729983 0.878596 0.946484 0.863780 0.849171 0.479133 0.486696 0.597825 0.549025 0.518994 0.513710 0.829884 0.683557 0.707441 0.675554 0.694718 0.616265 0.722769 0.917941 0.935620 0.968467 0.629829 0.750041 0.423500 0.329647 0.976241 0.784156 0.643637 0.407317 0.517027 0.403561 0.859282 0.951111 0.553286 0.567798 0.674365 0.739694 0.940768 0.835624 0.676153 0.634952 0.920923 0.888351 0.979043 0.960931 0.996619 0.987270 0.839538 0.749994 0.949882 0.954264 0.915068 0.988073 0.582207 0.838959 0.700217 0.904693 0.799738 0.831735 0.672742 0.877439 0.546601 0.501968 0.564856 0.923676 0.825701 0.844879 0.515074 0.771878 0.935225 0.678549 0.675475 0.723937 0.717898 0.684807 0.689462 0.790897 0.723859 0.904106
0.766428 0.822056 0.539386 0.639279 0.757057 0.815567 0.486834 0.525409 0.000000 0.598115 0.920090 0.807205 0.942731 0.851435 0.929189 0.957477 0.781975 0.662594 0.994973 0.861276 0.926418 0.868081 0.776333 0.950375 0.776750 0.490530 0.899885 0.989183 0.962143 0.798249 0.480013 0.652391 0.512486 0.671046 0.716864 0.966317 0.771618 0.986877 0.960591 0.986881 0.999489 0.788140 0.626148 0.688640 0.625425 0.698812 0.768983 0.794638 0.988091 0.959647 0.869579 0.949728 0.781015 0.710977 0.901824 0.965407 0.817488 0.707396 0.883421 0.917749 0.542623 0.563604 0.846917 0.910749 0.711470 0.588053 0.553608 0.472759 0.935897 0.826030 0.664153 0.591605 0.536067 0.656002 0.974893 0.897428 0.802414 0.708855 0.983283 0.826061 0.669103 0.600375 0.885462 0.726203 0.975148 0.913363 0.907261 0.987054 0.954920 0.952162 0.602328 0.921068 0.712489 0.901045 0.857107 0.920618 0.876924 0.864676 0.616760 0.646543 0.580613 0.988824 0.931510 0.822314 0.671176 0.761930 0.848976 0.698071 0.754784 0.922279 0.698049 0.676103 0.734893 0.884013 0.815034 0.956674
0.729974 0.756697 0.958409 0.968098 0.963043 0.681405 0.683209 0.591303 0.598115 0.000000 0.934152 0.978024 0.678574 0.749894 0.828598 0.848018 0.880424 0.687318 0.914567 0.875822 0.859648 0.875256 0.884466 0.670402 0.816181 0.854109 0.685131 0.874088 0.825653 0.874348 0.558268 0.573566 0.667178 0.548193 0.819760 0.961511 0.864373 0.908879 0.998247 0.966796 0.945643 0.774789 0.419712 0.503114 0.419920 0.432756 0.664248 0.583894 0.559497 0.705509 0.592267 0.784593 0.641605 0.497563 0.996127 0.856191 0.723109 0.659355 0.774904 0.929945 0.749488 0.545299 0.994099 0.859507 0.820752 0.905030 0.675190 0.499899 0.786116 0.813107 0.740527 0.639449 0.529525 0.689878 0.989510 0.841525 0.678228 0.637320 0.983597 0.946113 0.831106 0.623704 0.773758 0.713664 0.646837 0.716630 0.702918 0.772078 0.920666 0.671444 0.695604 0.923370 0.911705 0.914202 0.992084 0.802321 0.748765 0.740563 0.455484 0.500212 0.475756 0.818564 0.610964 0.566186 0.682856 0.747420 0.911823 0.599120 0.820275 0.818064 0.692785 0.639333 0.623549 0.824516 0.796498 0.836998
0.540011 0.631589 0.998593 0.927969 0.950808 0.987913 0.991963 0.877621 0.920090 0.934152 0.000000 0.667957 0.886828 0.761141 0.932805 0.996488 0.610971 0.530237 0.626483 0.592806 0.984886 0.976720 0.851888 0.955320 0.870054 0.792872 0.941906 0.999707 0.694347 0.562493 0.814415 0.906398 0.888605 0.689168 0.942099 0.942310 0.945179 0.806961 0.872822 0.926188 0.831501 0.959434 0.832726 0.767882 0.927964 0.786110 0.756452 0.787502 0.755325 0.638267 0.852791 0.785469 0.957437 0.959784 0.821826 0.905463 0.610327 0.698006 0.655173 0.620499 0.969044 0.943800 0.593164 0.683626 0.898301 0.934750 0.892540 0.884643 0.692895 0.737738 0.905775 0.814470 0.922379 0.991209 0.869219 0.738650 0.885966 0.924190 0.833681 0.767728 0.592953 0.636072 0.826217 0.735728 0.997195 0.967708 0.840540 0.920107 0.906571 0.965891 0.937897 0.888651 0.954012 0.874901 0.809497 0.942216 0.736037 0.811324 0.837377 0.884789 0.981485 0.959447 0.825228 0.744203 0.952766 0.952505 0.904570 0.984010 0.942192 0.873723 0.946103 0.959742 0.813205 0.904853 0.964581 0.913539
0.395857 0.418094 0.915871 0.699806 0.912604 0.977727 0.913664 0.719080 0.807205 0.978024 0.667957 0.000000 0.518607 0.523048 0.704186 0.563417 0.533167 0.469775 0.532618 0.368339 0.980175 0.692988 0.804238 0.737560 0.839566 0.897245 0.749300 0.993985 0.693998 0.521335 0.864361 0.965691 0.875734 0.704588 0.990075 0.981559 0.679435 0.534969 0.879945 0.695646 0.873565 0.997377 0.828927 0.745065 0.949609 0.767092 0.693872 0.583942 0.700041 0.557355 0.710156 0.604327 0.869848 0.979197 0.681703 0.815052 0.498643 0.412769 0.611916 0.481006 0.787817 0.731860 0.626708 0.403476 0.878228 0.865275 0.998127 0.931502 0.513281 0.517596 0.989955 0.871728 0.823676 0.923750 0.984674 0.868647 0.909079 0.977702 0.799579 0.578810 0.391557 0.428880 0.658991 0.503181 0.702705 0.702674 0.672724 0.800691 0.883468 0.767843 0.896601 0.918415 0.887798 0.838734 0.918472 0.896494 0.753254 0.924028 0.962648 0.945786 0.982962 0.900673 0.890129 0.932760 0.849881 0.907095 0.854497 0.925684 0.859417 0.779766 0.940426 0.969122 0.966237 0.785208 0.918292 0.969313
0.486913 0.441013 0.627725 0.499417 0.727433 0.836348 0.784890 0.731279 0.942731 0.678574 0.886828 0.518607 0.000000 0.342389 0.397578 0.379530 0.649756 0.567503 0.472189 0.509548 0.922454 0.694228 0.435681 0.391221 0.611409 0.936836 0.610443 0.951077 0.919386 0.857459 0.868178 0.953323 0.912313 0.937856 0.948122 0.969248 0.784463 0.747746 0.936523 0.878879 0.854926 0.951720 0.992728 0.888214 0.849558 0.984282 0.814303 0.831549 0.912522 0.811997 0.947787 0.694310 0.903868 0.979821 0.804070 0.876046 0.491843 0.445468 0.761924 0.619991 0.676987 0.772153 0.843083 0.670602 0.528650 0.639492 0.967290 0.984921 0.619376 0.634239 0.846856 0.949958 0.884973 0.970839 0.935847 0.991026 0.920723 0.960711 0.848034 0.619572 0.588319 0.503598 0.638787 0.578124 0.408462 0.455673 0.559040 0.664737 0.775386 0.595322 0.958316 0.911139 0.883250 0.896571 0.878912 0.959760 0.851850 0.972288 0.914621 0.937740 0.858066 0.969209 0.931349 0.829399 0.849268 0.931526 0.995834 0.930263 0.842369 0.905279 0.938812 0.987990 0.993867 0.916736 0.920096 0.984478
0.458837 0.417500 0.852650 0.652406 0.952115 0.812079 0.936947 0.796547 0.851435 0.749894 0.761141 0.523048 0.342389 0.000000 0.452338 0.364969 0.505549 0.455329 0.445902 0.512609 0.974678 0.660522 0.614728 0.550975 0.868666 0.887398 0.661383 0.959639 0.733463 0.671227 0.752495 0.944259 0.956810 0.884831 0.891338 0.973444 0.929680 0.786214 0.976093 0.860164 0.990695 0.885684 0.874450 0.749563 0.915543 0.879716 0.699563 0.734136 0.934748 0.663082 0.795415 0.567656 0.833156 0.975464 0.886439 0.848663 0.401310 0.409117 0.629167 0.516778 0.795597 0.871199 0.691593 0.578971 0.761243 0.805507 0.959762 0.922511 0.718743 0.665152 0.952685 0.813134 0.872571 0.984292 0.868678 0.995996 0.947397 0.991378 0.695306 0.534741 0.483303 0.460626 0.561175 0.554364 0.561402 0.597997 0.635878 0.681399 0.817801 0.691222 0.997454 0.897788 0.973951 0.912702 0.880608 0.921675 0.882880 0.983354 0.973323 0.881251 0.861363 0.955682 0.945492 0.991187 0.918522 0.953409 0.979082 0.856681 0.870946 0.867732 0.883498 0.959329 0.975640 0.845231 0.810827 0.985346
0.721023 0.652835 0.735370 0.596205 0.753301 0.838936 0.799699 0.815701 0.929189 0.828598 0.932805 0.704186 0.397578 0.452338 0.000000 0.333159 0.679398 0.717521 0.618573 0.742457 0.994784 0.790579 0.402480 0.451368 0.677262 0.961564 0.651596 0.917460 0.792929 0.889728 0.980081 0.844993 0.891796 0.908486 0.949236 0.987442 0.864144 0.786585 0.989314 0.955309 0.972763 0.935088 0.895624 0.839704 0.989813 0.916633 0.797426 0.837325 0.953551 0.868742 0.907241 0.722854 0.761966 0.910117 0.924310 0.872451 0.595508 0.612539 0.751741 0.728538 0.674885 0.753982 0.821749 0.682648 0.554307 0.697671 0.955868 0.977034 0.812763 0.850662 0.828861 0.934172 0.966910 0.893561 0.904844 0.951469 0.931405 0.823284 0.726899 0.681639 0.718842 0.716634 0.623518 0.680593 0.456195 0.515232 0.692472 0.629883 0.755577 0.676148 0.951908 0.982465 0.957487 0.957197 0.890951 0.891152 0.848850 0.986867 0.999041 0.866984 0.877918 0.899346 0.950418 0.846119 0.799762 0.820331 0.912246 0.965680 0.796088 0.922921 0.894505 0.894207 0.876911 0.945338 0.888113 0.952114
0.641110 0.533822 0.765256 0.565961 0.867704 0.904878 0.892983 0.738633 0.957477 0.848018 0.996488 0.563417 0.379530 0.364969 0.333159 0.000000 0.636930 0.637461 0.598824 0.638617 0.974997 0.661577 0.427589 0.441665 0.711266 0.994729 0.671955 0.826919 0.781242 0.775185 0.997607 0.867586 0.939883 0.881932 0.999566 0.988250 0.815541 0.729109 0.926598 0.899791 0.960647 0.899432 0.866296 0.741267 0.916860 0.878057 0.705638 0.731405 0.992199 0.767422 0.827631 0.654165 0.750588 0.955797 0.912816 0.883539 0.519224 0.498674 0.692834 0.582285 0.694509 0.693238 0.849952 0.581493 0.625020 0.704227 0.937692 0.944929 0.742218 0.727636 0.894209 0.905536 0.872429 0.905611 0.972323 0.893080 0.948537 0.827188 0.721570 0.693314 0.627877 0.628986 0.560086 0.559853 0.483896 0.506491 0.710074 0.695932 0.725650 0.659947 0.907574 0.950138 0.882078 0.906452 0.927690 0.943587 0.898473 0.999515 0.964107 0.887505 0.899972 0.846176 0.984403 0.837955 0.785189 0.841883 0.967802 0.949612 0.789231 0.908836 0.886526 0.866006 0.884564 0.829497 0.768496 0.932589
0.421300 0.419668 0.881611 0.943713 0.913988 0.726994 0.890289 0.964734 0.781975 0.880424 0.610971 0.533167 0.649756 0.505549 0.679398 0.636930 0.000000 0.347070 0.559576 0.439268 0.935285 0.799545 0.924349 0.827612 0.960393 0.734884 0.800372 0.946310 0.592746 0.498370 0.769301 0.972179 0.921203 0.804417 0.963040 0.883739 0.972862 0.659586 0.940529 0.682419 0.842136 0.980671 0.854139 0.739649 0.995373 0.779989 0.677168 0.662060 0.640413 0.491634 0.646330 0.526585 0.830711 0.987214 0.722583 0.612079 0.360761 0.359494 0.586399 0.428285 0.960227 0.931810 0.446196 0.403267 0.930125 0.785941 0.879415 0.906226 0.578438 0.514352 0.723679 0.687850 0.818499 0.966882 0.879667 0.799290 0.903671 0.974484 0.613106 0.628876 0.297502 0.369024 0.506326 0.423318 0.724859 0.816239 0.746350 0.608440 0.782572 0.711197 0.816520 0.942190 0.776514 0.919578 0.747211 0.973591 0.890084 0.811062 0.976004 0.977173 0.772062 0.946069 0.748291 0.853042 0.984457 0.999070 0.948813 0.899918 0.952746 0.863462 0.919232 0.945158 0.931153 0.923708 0.806683 0.959353
0.332512 0.334188 0.937681 0.862630 0.933106 0.758197 0.858952 0.914752 0.662594 0.687318 0.530237 0.469775 0.567503 0.455329 0.717521 0.637461 0.347070 0.000000 0.500722 0.403290 0.986207 0.780030 0.881128 0.702345 0.919019 0.756108 0.721339 0.950182 0.675195 0.536554 0.612337 0.909691 0.997120 0.912863 0.984025 0.986662 0.983750 0.659764 0.856668 0.732495 0.866553 0.998384 0.985529 0.913089 0.847386 0.948418 0.812361 0.783505 0.809918 0.577121 0.840926 0.675396 0.998988 0.788339 0.693065 0.715995 0.291637 0.283885 0.623535 0.478314 0.916157 0.811495 0.458780 0.461897 0.936942 0.851145 0.896178 0.834578 0.512103 0.476532 0.802534 0.610624 0.679182 0.884607 0.795505 0.759692 0.986961 0.846296 0.633453 0.651198 0.330019 0.303317 0.475573 0.390420 0.614128 0.710096 0.616697 0.610306 0.713914 0.614478 0.795372 0.956280 0.880612 0.988774 0.787644 0.986822 0.866686 0.867237 0.895423 0.898105 0.653614 0.858213 0.903796 0.999373 0.997777 0.994980 0.936566 0.804401 0.946568 0.857854 0.986624 0.835354 0.993107 0.898788 0.932881 0.970658
0.493489 0.474419 0.755672 0.566160 0.921123 0.894158 0.776191 0.666505 0.994973 0.914567 0.626483 0.532618 0.472189 0.445902 0.618573 0.598824 0.559576 0.500722 0.000000 0.436659 0.927754 0.692724 0.683910 0.628626 0.876210 0.917794 0.730419 0.899969 0.739517 0.692860 0.850469 0.840723 0.800750 0.755535 0.996061 0.868509 0.800847 0.725843 0.845243 0.835931 0.722601 0.974263 0.778950 0.719509 0.966249 0.800051 0.647784 0.577141 0.845873 0.597727 0.846591 0.631969 0.892832 0.931832 0.795953 0.823329 0.473913 0.505810 0.650885 0.537478 0.780079 0.842277 0.645517 0.611877 0.763207 0.800418 0.864554 0.865007 0.644366 0.764695 0.830716 0.968679 0.940732 0.983346 0.893690 0.973236 0.815931 0.909879 0.720157 0.600416 0.563120 0.541485 0.674279 0.625543 0.656488 0.722966 0.652076 0.687286 0.807225 0.846707 0.893418 0.853581 0.859642 0.836313 0.742677 0.866655 0.642166 0.881682 0.784301 0.744062 0.975765 0.936689 0.832610 0.989744 0.721276 0.859108 0.873556 0.894430 0.825912 0.640405 0.860950 0.928598 0.820847 0.805478 0.821431 0.953757
0.368750 0.350878 0.835541 0.619676 0.885837 0.833418 0.883094 0.745053 0.861276 0.875822 0.592806 0.368339 0.509548 0.512609 0.742457 0.638617 0.439268 0.403290 0.436659 0.000000 0.998024 0.755157 0.779565 0.674141 0.780433 0.975316 0.680488 0.991490 0.742167 0.618711 0.805011 0.995824 0.844531 0.744668 0.977705 0.945859 0.704878 0.514354 0.785217 0.619270 0.821713 0.976936 0.861186 0.787974 0.964431 0.848965 0.668962 0.628415 0.766993 0.500570 0.770654 0.577912 0.883242 0.994154 0.590543 0.746058 0.397018 0.339142 0.592661 0.470372 0.857210 0.874098 0.642398 0.472349 0.811935 0.883705 0.941984 0.945639 0.441792 0.477279 0.998842 0.873526 0.783004 0.931957 0.886993 0.856367 0.818537 0.935199 0.740363 0.683412 0.388317 0.399565 0.612697 0.448998 0.589353 0.648495 0.664829 0.726807 0.748588 0.667262 0.998868 0.995852 0.975967 0.973258 0.823758 0.884798 0.762088 0.934693 0.961084 0.922744 0.942481 0.998006 0.858130 0.997582 0.827635 0.922767 0.859347 0.958839 0.869936 0.696794 0.978170 0.955930 0.974036 0.895858 0.856402 0.923981
0.925895 0.903008 0.842206 0.930965 0.926504 0.939706 0.927369 0.962954 0.926418 0.859648 0.984886 0.980175 0.922454 0.974678 0.994784 0.974997 0.935285 0.986207 0.927754 0.998024 0.000000 0.933187 0.969661 0.888271 0.835169 0.913212 0.973280 0.936007 0.981021 0.972712 0.930594 0.974384 0.848775 0.946825 0.814025 0.802373 0.933245 0.976244 0.924202 0.972343 0.999789 0.966813 0.881483 0.925494 0.933499 0.974908 0.926232 0.766197 0.996426 0.883577 0.953787 0.863589 0.851574 0.740137 0.850815 0.806806 0.999412 0.920411 0.914838 0.995879 0.729304 0.907148 0.923350 0.985659 0.813229 0.805028 0.867171 0.938268 0.974088 0.972232 0.974949 0.865428 0.951703 0.954673 0.817937 0.958924 0.998552 0.962125 0.796092 0.983883 0.925953 0.879238 0.934313 0.982148 0.782346 0.740148 0.919794 0.927849 0.903044 0.859744 0.853868 0.714222 0.963628 0.862947 0.937263 0.910488 0.912202 0.799301 0.842017 0.777089 0.854003 0.987996 0.883983 0.874932 0.813627 0.957246 0.954482 0.951347 0.977490 0.808393 0.847528 0.808881 0.932627 0.916299 0.979001 0.964760
0.769626 0.772227 0.970978 0.864931 0.982821 0.814062 0.944131 0.927730 0.868081 0.875256 0.976720 0.692988 0.694228 0.660522 0.790579 0.661577 0.799545 0.780030 0.692724 0.755157 0.933187 0.000000 0.804689 0.766239 0.970270 0.904590 0.786533 0.852980 0.971679 0.934897 0.873244 0.972500 0.920428 0.955114 0.883123 0.842386 0.875512 0.855518 0.897652 0.772041 0.950632 0.883248 0.986762 0.926341 0.831345 0.960168 0.909973 0.916225 0.983569 0.843720 0.908632 0.789437 0.887663 0.974534 0.885568 0.874903 0.735623 0.693012 0.946622 0.756512 0.917854 0.919373 0.819204 0.716051 0.944155 0.986966 0.789380 0.833419 0.854972 0.836442 0.913707 0.936381 0.956552 0.918540 0.902898 0.972458 0.947202 0.917512 0.936582 0.728897 0.760030 0.690521 0.761790 0.685778 0.836192 0.831939 0.716767 0.790388 0.839986 0.920757 0.931699 0.964036 0.865908 0.967168 0.853346 0.968506 0.802124 0.981691 0.997523 0.955806 0.998921 0.904911 0.995498 0.981987 0.914951 0.979881 0.792280 0.898288 0.884633 0.827995 0.901414 0.925543 0.968481 0.834179 0.813019 0.930359
0.846688 0.701052 0.455767 0.356487 0.576960 0.964360 0.594036 0.642873 0.776333 0.884466 0.851888 0.804238 0.435681 0.614728 0.402480 0.427589 0.924349 0.881128 0.683910 0.779565 0.969661 0.804689 0.000000 0.316063 0.475600 0.654477 0.608555 0.885377 0.989096 0.937308 0.861715 0.881468 0.820154 0.907880 0.816307 0.893365 0.704492 0.762663 0.887157 0.981014 0.958053 0.962542 0.931192 0.900262 0.964945 0.979112 0.912631 0.894114 0.803154 0.989632 0.946648 0.904778 0.806420 0.974534 0.854597 0.936355 0.757721 0.713204 0.915302 0.826126 0.538658 0.649257 0.951569 0.835984 0.312474 0.478042 0.746657 0.838254 0.794877 0.880427 0.687997 0.836738 0.888677 0.883436 0.921185 0.771627 0.894093 0.872581 0.828678 0.950388 0.918330 0.890023 0.696810 0.782896 0.356962 0.376072 0.689720 0.717492 0.657004 0.606189 0.903719 0.967619 0.821851 0.908189 0.762506 0.951047 0.875389 0.964792 0.998461 0.868313 0.924987 0.873449 0.828822 0.675670 0.699346 0.748091 0.957869 0.952928 0.768824 0.801418 0.881132 0.814101 0.927452 0.947929 0.864962 0.994750
0.704232 0.612951 0.521335 0.406209 0.646991 0.849070 0.781067 0.787156 0.950375 0.670402 0.955320 0.737560 0.391221 0.550975 0.451368 0.441665 0.827612 0.702345 0.628626 0.674141 0.888271 0.766239 0.316063 0.000000 0.446087 0.745767 0.484486 0.793992 0.948436 0.982744 0.995480 0.971101 0.883082 0.988870 0.894542 0.883464 0.784671 0.733549 0.795546 0.945691 0.898441 0.964353 0.858753 0.958832 0.755415 0.850724 0.984951 0.976801 0.699713 0.973350 0.792523 0.994757 0.973443 0.793659 0.796059 0.992855 0.634013 0.584162 0.962212 0.801202 0.704201 0.840358 0.978391 0.834169 0.365953 0.586002 0.960839 0.962973 0.643972 0.805884 0.825051 0.930977 0.925749 0.992984 0.974667 0.929496 0.974263 0.973675 0.801902 0.885765 0.805790 0.694547 0.640592 0.611408 0.336442 0.353916 0.609141 0.679268 0.568598 0.532060 0.891413 0.847294 0.978654 0.983094 0.800562 0.881224 0.965453 0.935470 0.807621 0.911407 0.768604 0.873686 0.723552 0.615803 0.812931 0.939896 0.913316 0.897218 0.958026 0.934693 0.985157 0.992239 0.933897 0.926103 0.962771 0.992832
0.773648 0.695076 0.451911 0.485588 0.647774 0.903153 0.735404 0.768314 0.776750 0.816181 0.870054 0.839566 0.611409 0.868666 0.677262 0.711266 0.960393 0.919019 0.876210 0.780433 0.835169 0.970270 0.475600 0.446087 0.000000 0.450581 0.597273 0.737811 0.844153 0.762058 0.796891 0.989076 0.766710 0.912323 0.775763 0.854054 0.565533 0.602511 0.741888 0.878007 0.859171 0.981097 0.885123 0.951136 0.883933 0.891108 0.984129 0.999559 0.744705 0.926631 0.827580 0.920322 0.882603 0.726317 0.664003 0.960092 0.770219 0.733811 0.972959 0.889380 0.616610 0.726050 0.815132 0.959916 0.354472 0.512490 0.867040 0.884154 0.551962 0.689606 0.926888 0.881335 0.983084 0.902654 0.952025 0.896942 0.975558 0.974612 0.964224 0.921060 0.988783 0.864192 0.712106 0.738430 0.394311 0.355613 0.783956 0.807597 0.606189 0.486028 0.877887 0.621097 0.984711 0.850041 0.797530 0.988112 0.886886 0.885282 0.776693 0.768114 0.809692 0.739002 0.702496 0.637918 0.869287 0.987957 0.973353 0.916028 0.904417 0.994494 0.968960 0.912271 0.904897 0.831072 0.989694 0.943545
0.899199 0.981186 0.440302 0.571558 0.653699 0.895409 0.542805 0.619802 0.490530 0.854109 0.792872 0.897245 0.936836 0.887398 0.961564 0.994729 0.734884 0.756108 0.917794 0.975316 0.913212 0.904590 0.654477 0.745767 0.450581 0.000000 0.905381 0.809460 0.734196 0.674442 0.531961 0.852701 0.606598 0.757634 0.749205 0.771279 0.596978 0.795217 0.762672 0.906310 0.947637 0.805516 0.868341 0.902324 0.819252 0.888670 0.880391 0.956198 0.850268 0.932805 0.982426 0.952898 0.948878 0.986844 0.759631 0.962314 0.900648 0.900233 0.985003 0.918327 0.543663 0.614739 0.689777 0.849218 0.503624 0.470101 0.623429 0.575632 0.832369 0.921130 0.789084 0.674078 0.733681 0.761811 0.982006 0.939276 0.971876 0.912398 0.898364 0.760632 0.714570 0.732374 0.960693 0.852126 0.694497 0.612584 0.995459 0.989961 0.790739 0.759109 0.854321 0.786353 0.825462 0.919920 0.868722 0.935118 0.901220 0.957310 0.939911 0.987328 0.838058 0.864872 0.797070 0.846723 0.756348 0.874137 0.915786 0.932019 0.866967 0.929083 0.759949 0.984320 0.913252 0.898630 0.946867 0.983954
0.724138 0.659542 0.841977 0.681245 0.680240 0.785311 0.947763 0.976775 0.899885 0.685131 0.941906 0.749300 0.610443 0.661383 0.651596 0.671955 0.800372 0.721339 0.730419 0.680488 0.973280 0.786533 0.608555 0.484486 0.597273 0.905381 0.000000 0.874335 0.927426 0.912776 0.767477 0.912894 0.829988 0.829692 0.932708 0.990445 0.847121 0.686263 0.812712 0.968019 0.966393 0.838919 0.757760 0.829327 0.598402 0.703925 0.946217 0.942322 0.740263 0.963850 0.787589 0.978493 0.858107 0.808662 0.862521 0.992904 0.687526 0.610709 0.950546 0.812632 0.993623 0.946524 0.975169 0.901100 0.654203 0.851885 0.855953 0.834591 0.662660 0.710290 0.984735 0.837703 0.817828 0.816473 0.952303 0.889008 0.953112 0.721242 0.806504 0.963352 0.829648 0.697199 0.721734 0.732175 0.564650 0.591356 0.637872 0.697947 0.806062 0.611642 0.851053 0.912423 0.985875 0.927568 0.916911 0.952101 0.968138 0.948449 0.792980 0.845986 0.747951 0.926707 0.759386 0.702140 0.990099 0.952856 0.892875 0.922191 0.988375 0.889531 0.993200 0.952610 0.838358 0.829786 0.923449 0.961069
0.889635 0.908287 0.875000 0.913217 0.889180 0.946992 0.935593 0.991745 0.989183 0.874088 0.999707 0.993985 0.951077 0.959639 0.917460 0.826919 0.946310 0.950182 0.899969 0.991490 0.936007 0.852980 0.885377 0.793992 0.737811 0.809460 0.874335 0.000000 0.841591 0.847612 0.926335 0.855361 0.985243 0.999895 0.963561 0.868791 0.812609 0.778993 0.836313 0.984820 0.988916 0.949337 0.905448 0.948924 0.815686 0.872158 0.967839 0.938717 0.805972 0.897555 0.845240 0.852340 0.815441 0.674119 0.895648 0.959203 0.855078 0.879466 0.983533 0.986789 0.975299 0.977648 0.813491 0.951123 0.797894 0.866280 0.853913 0.880059 0.782423 0.735413 0.959439 0.853060 0.871282 0.889436 0.972374 0.952649 0.908666 0.861591 0.907011 0.827999 0.966626 0.967619 0.847480 0.883897 0.804177 0.749168 0.965892 0.989002 0.886340 0.741690 0.753495 0.643783 0.780120 0.703612 0.991058 0.826425 0.757149 0.856772 0.809828 0.725513 0.765520 0.675063 0.765924 0.693177 0.892626 0.767402 0.999211 0.881566 0.806980 0.754353 0.915367 0.920181 0.805762 0.905080 0.869412 0.864216
0.818380 0.757897 0.859863 0.998588 0.933331 0.964689 0.961149 0.940352 0.962143 0.825653 0.694347 0.693998 0.919386 0.733463 0.792929 0.781242 0.592746 0.675195 0.739517 0.742167 0.981021 0.971679 0.989096 0.948436 0.844153 0.734196 0.927426 0.841591 0.000000 0.367638 0.965450 0.606348 0.756329 0.699229 0.961441 0.975941 0.914960 0.937700 0.938557 0.915356 0.945309 0.980045 0.681103 0.648661 0.686377 0.593232 0.695782 0.649253 0.550205 0.563361 0.634903 0.668702 0.694568 0.846715 0.951810 0.760042 0.721948 0.750290 0.663757 0.615175 0.904473 0.949871 0.502310 0.510488 0.823044 0.846491 0.905378 0.895954 0.975820 0.972470 0.850724 0.776002 0.957688 0.864441 0.922222 0.945070 0.935440 0.786940 0.622189 0.669264 0.564643 0.768199 0.757610 0.728779 0.959678 0.950097 0.998967 0.875602 0.992757 0.932281 0.903330 0.928967 0.788890 0.827817 0.802524 0.894876 0.729663 0.997814 0.822812 0.829794 0.934646 0.991598 0.685905 0.698002 0.891580 0.924953 0.990758 0.951491 0.911880 0.935475 0.845710 0.887575 0.737168 0.787350 0.784412 0.958265
0.642744 0.630869 0.808390 0.978506 0.868202 0.911508 0.956869 0.960309 0.798249 0.874348 0.562493 0.521335 0.857459 0.671227 0.889728 0.775185 0.498370 0.536554 0.692860 0.618711 0.972712 0.934897 0.937308 0.982744 0.762058 0.674442 0.912776 0.847612 0.367638 0.000000 0.920453 0.762353 0.863703 0.661928 0.962300 0.995484 0.971161 0.859388 0.983814 0.794945 0.936266 0.977445 0.709867 0.645627 0.737148 0.609246 0.670904 0.614541 0.478939 0.511747 0.599377 0.625230 0.769524 0.954198 0.924837 0.731616 0.640007 0.638343 0.582943 0.498638 0.964777 0.946248 0.470563 0.419314 0.757609 0.793462 0.954163 0.937775 0.869266 0.826432 0.828595 0.747075 0.982349 0.873217 0.918123 0.972810 0.998250 0.808618 0.636224 0.616128 0.418096 0.608532 0.715011 0.643818 0.988676 0.916532 0.900815 0.805715 0.974532 0.941005 0.885353 0.966710 0.785820 0.841865 0.863900 0.994433 0.751219 0.878811 0.835979 0.864639 0.958925 0.993134 0.687640 0.704463 0.927387 0.864487 0.897890 0.910603 0.893849 0.843369 0.886357 0.892334 0.879904 0.808788 0.769068 0.988551
0.697409 0.766025 0.662514 0.809736 0.821927 0.793376 0.541750 0.625782 0.480013 0.558268 0.814415 0.864361 0.868178 0.752495 0.980081 0.997607 0.769301 0.612337 0.850469 0.805011 0.930594 0.873244 0.861715 0.995480 0.796891 0.531961 0.767477 0.926335 0.965450 0.920453 0.000000 0.527192 0.505590 0.630021 0.709519 0.918258 0.717925 0.963909 0.784955 0.861627 0.983238 0.860418 0.583848 0.640690 0.511251 0.571741 0.717104 0.759163 0.821853 0.893347 0.771871 0.914856 0.673232 0.720134 0.946430 0.971086 0.756160 0.686946 0.899022 0.971940 0.533574 0.508625 0.827568 0.984989 0.860078 0.696509 0.667428 0.486627 0.874713 0.784346 0.839263 0.739873 0.638440 0.619416 0.979082 0.829825 0.837695 0.542308 0.976041 0.893047 0.756025 0.618773 0.959278 0.806232 0.963745 0.966896 0.760065 0.887074 0.971824 0.910772 0.918306 0.806697 0.970385 0.755406 0.942147 0.842863 0.922519 0.938338 0.758196 0.801644 0.566324 0.978117 0.928540 0.935804 0.740425 0.831466 0.838243 0.781288 0.774426 0.945967 0.777908 0.828859 0.747769 0.845606 0.844991 0.941098
0.929340 0.993288 0.825355 0.800905 0.947253 0.892918 0.652941 0.619501 0.652391 0.573566 0.906398 0.965691 0.953323 0.944259 0.844993 0.867586 0.972179 0.909691 0.840723 0.995824 0.974384 0.972500 0.881468 0.971101 0.989076 0.852701 0.912894 0.855361 0.606348 0.762353 0.527192 0.000000 0.594712 0.594907 0.804293 0.993382 0.848950 0.933417 0.883936 0.932541 0.976026 0.935814 0.475047 0.465687 0.531348 0.463336 0.573969 0.587013 0.676208 0.659587 0.638215 0.676183 0.627268 0.629830 0.887098 0.902626 0.974621 0.921873 0.619276 0.745588 0.636962 0.642573 0.861189 0.756930 0.981509 0.817046 0.698097 0.600663 0.898894 0.817433 0.862811 0.911524 0.718547 0.667661 0.925110 0.904433 0.762434 0.580753 0.761669 0.770849 0.955908 0.906077 0.873110 0.976296 0.976066 0.989391 0.952862 0.999296 0.940854 0.844062 0.853709 0.936718 0.980366 0.970082 0.883148 0.856164 0.744017 0.975217 0.564187 0.647767 0.619015 0.795862 0.664740 0.805454 0.629974 0.821811 0.842923 0.779590 0.676744 0.873384 0.811004 0.806472 0.577981 0.863301 0.717056 0.974752
0.934509 0.891961 0.575034 0.661305 0.850878 0.790673 0.423692 0.509091 0.512486 0.667178 0.888605 0.875734 0.912313 0.956810 0.891796 0.939883 0.921203 0.997120 0.800750 0.844531 0.848775 0.920428 0.820154 0.883082 0.766710 0.606598 0.829988 0.985243 0.756329 0.863703 0.505590 0.594712 0.000000 0.435756 0.742738 0.851818 0.711768 0.782108 0.895437 0.974300 0.955672 0.709665 0.499767 0.548637 0.429991 0.472685 0.529184 0.633940 0.688798 0.655530 0.642967 0.743685 0.718801 0.801028 0.685032 0.856557 0.921162 0.972244 0.612340 0.796662 0.423532 0.563975 0.791766 0.745899 0.756672 0.625978 0.486373 0.408848 0.907866 0.968569 0.841282 0.837494 0.700997 0.713987 0.812592 0.949991 0.755850 0.672460 0.860191 0.893488 0.913271 0.964411 0.916247 0.952246 0.812550 0.772573 0.947204 0.907121 0.872970 0.944639 0.797226 0.918139 0.922863 0.894159 0.698305 0.847265 0.773680 0.839408 0.672725 0.735824 0.711147 0.954175 0.887741 0.755476 0.658881 0.837335 0.943360 0.906185 0.805076 0.869821 0.709105 0.850366 0.688499 0.782433 0.746902 0.861627
0.848441 0.810400 0.679550 0.718371 0.937349 0.679792 0.528301 0.464312 0.671046 0.548193 0.689168 0.704588 0.937856 0.884831 0.908486 0.881932 0.804417 0.912863 0.755535 0.744668 0.946825 0.955114 0.907880 0.988870 0.912323 0.757634 0.829692 0.999895 0.699229 0.661928 0.630021 0.594907 0.435756 0.000000 0.731818 0.927391 0.664237 0.698963 0.903381 0.965787 0.781531 0.770071 0.473972 0.482265 0.463158 0.433513 0.456802 0.506036 0.621261 0.582094 0.594241 0.678933 0.710955 0.769097 0.707280 0.834725 0.832520 0.896317 0.518699 0.583442 0.489034 0.485246 0.709281 0.585032 0.888672 0.671718 0.575021 0.449727 0.851163 0.893422 0.895501 0.824606 0.698851 0.664221 0.873691 0.989088 0.860358 0.656899 0.882936 0.832498 0.795400 0.946169 0.865499 0.901409 0.929401 0.881616 0.976632 0.958234 0.877051 0.922204 0.896679 0.916582 0.980302 0.834090 0.802496 0.913022 0.674146 0.880659 0.643059 0.726070 0.616276 0.976797 0.800444 0.671679 0.680581 0.775209 0.981434 0.782862 0.858028 0.784400 0.742446 0.866244 0.662985 0.847462 0.818722 0.928229
0.980924 0.929741 0.664938 0.686768 0.929811 0.954844 0.682917 0.777824 0.716864 0.819760 0.942099 0.990075 0.948122 0.891338 0.949236 0.999566 0.963040 0.984025 0.996061 0.977705 0.814025 0.883123 0.816307 0.894542 0.775763 0.749205 0.932708 0.963561 0.961441 0.962300 0.709519 0.804293 0.742738 0.731818 0.000000 0.872984 0.897210 0.823245 0.712461 0.959880 0.990059 0.919346 0.862904 0.869261 0.758116 0.804002 0.877150 0.933946 0.955222 0.950456 0.985400 0.921412 0.951055 0.995450 0.735635 0.927259 0.994256 0.978325 0.798315 0.929176 0.705678 0.704814 0.990435 0.881307 0.703508 0.751054 0.635617 0.665432 0.861690 0.948443 0.835281 0.840062 0.842102 0.763491 0.942598 0.970950 0.931095 0.754997 0.968910 0.890653 0.954148 0.983053 0.846313 0.940263 0.839783 0.780435 0.978630 0.996306 0.687723 0.797596 0.986208 0.835993 0.878718 0.972289 0.838797 0.957707 0.854937 0.710585 0.899545 0.987302 0.942446 0.849495 0.954625 0.950700 0.768899 0.881862 0.664893 0.881089 0.793675 0.865009 0.950764 0.919234 0.749933 0.962050 0.892116 0.946798
0.983210 0.976116 0.835672 0.883044 0.875874 0.865359 0.829055 0.935979 0.966317 0.961511 0.942310 0.981559 0.969248 0.973444 0.987442 0.988250 0.883739 0.986662 0.868509 0.945859 0.802373 0.842386 0.893365 0.883464 0.854054 0.771279 0.990445 0.868791 0.975941 0.995484 0.918258 0.993382 0.851818 0.927391 0.872984 0.000000 0.914906 0.986996 0.878920 0.855481 0.778470 0.986110 0.905336 0.984178 0.984863 0.981067 0.995750 0.775756 0.910280 0.931534 0.914657 0.895479 0.900924 0.885200 0.968622 0.854314 0.936786 0.964538 0.982841 0.949126 0.899056 0.964144 0.911293 0.911449 0.798852 0.827781 0.889257 0.934356 0.943184 0.935370 0.982482 0.845489 0.958221 0.955662 0.907986 0.888554 0.797539 0.927230 0.911522 0.901459 0.960927 0.961209 0.969752 0.898589 0.863939 0.843845 0.962745 0.867167 0.953511 0.972349 0.922167 0.908663 0.949035 0.994825 0.990969 0.877422 0.903469 0.994330 0.880065 0.851833 0.935729 0.880106 0.854952 0.908735 0.946630 0.902277 0.847641 0.856099 0.956026 0.948978 0.869378 0.901632 0.919442 0.890997 0.907231 0.847812
0.803314 0.841605 0.575672 0.578342 0.811335 0.996967 0.673915 0.537541 0.771618 0.864373 0.945179 0.679435 0.784463 0.929680 0.864144 0.815541 0.972862 0.983750 0.800847 0.704878 0.933245 0.875512 0.704492 0.784671 0.565533 0.596978 0.847121 0.812609 0.914960 0.971161 0.717925 0.848950 0.711768 0.664237 0.897210 0.914906 0.000000 0.539234 0.799288 0.835474 0.733857 0.849164 0.830050 0.828021 0.883089 0.860169 0.762147 0.733061 0.994480 0.923325 0.958022 0.956102 0.973016 0.986820 0.632930 0.907768 0.880275 0.881366 0.871202 0.921619 0.604666 0.575766 0.862718 0.824847 0.675376 0.595701 0.816531 0.702068 0.635678 0.757017 0.833183 0.697409 0.891224 0.902175 0.885781 0.972787 0.855209 0.911128 0.996365 0.972303 0.934255 0.931247 0.844535 0.778609 0.768244 0.712994 0.840396 0.941663 0.872274 0.815781 0.978396 0.788003 0.986210 0.856176 0.845345 0.980734 0.814737 0.943952 0.892303 0.926878 0.827813 0.869349 0.968135 0.819562 0.777459 0.921214 0.877538 0.909054 0.800642 0.817822 0.972539 0.971539 0.977271 0.973231 0.966137 0.870236
0.587031 0.566445 0.720039 0.656798 0.922969 0.939414 0.837124 0.729983 0.986877 0.908879 0.806961 0.534969 0.747746 0.786214 0.786585 0.729109 0.659586 0.659764 0.725843 0.514354 0.976244 0.855518 0.762663 0.733549 0.602511 0.795217 0.686263 0.778993 0.937700 0.859388 0.963909 0.933417 0.782108 0.698963 0.823245 0.986996 0.539234 0.000000 0.673332 0.728086 0.850234 0.828143 0.894508 0.891627 0.958919 0.874725 0.721254 0.693384 0.846887 0.676200 0.872174 0.794753 0.963724 0.891695 0.499750 0.730378 0.603379 0.564346 0.730127 0.643584 0.749085 0.743712 0.855090 0.606742 0.728551 0.780184 0.928228 0.853946 0.485282 0.547182 0.955719 0.995090 0.898438 0.989859 0.941807 0.904006 0.828115 0.956215 0.908733 0.938017 0.658945 0.660162 0.707148 0.605336 0.662166 0.627805 0.771280 0.790240 0.696796 0.645677 0.889832 0.730222 0.907242 0.881082 0.946989 0.907418 0.931368 0.895020 0.957498 0.990557 0.960648 0.809016 0.934398 0.919288 0.815666 0.994239 0.953890 0.949815 0.952716 0.740847 0.885430 0.902061 0.922652 0.988464 0.994698 0.978922
