0.000000 0.305313 0.499008 0.445105 0.788619 0.736008 0.482159 0.385714 0.688304 0.690368 0.393996 0.314060 0.347783 0.506965 0.504254 0.567303 0.311390 0.311300 0.344644 0.307211 0.707875 0.788878 0.573525 0.610624 0.803913 0.693681 0.882635 0.917193 0.360520 0.311586 0.463319 0.589172 0.406807 0.365747 0.711488 0.778746 0.690342 0.752122 0.855845 0.931858 0.892361 0.863936 0.472477 0.444525 0.396341 0.333231 0.357739 0.412401 0.651445 0.371377 0.375914 0.430314 0.547720 0.543656 0.581521 0.680655 0.418306 0.365469 0.278130 0.330052 0.268667 0.344626 0.252950 0.288340 0.499377 0.410502 0.409920 0.303254 0.467935 0.403610 0.586045 0.601472 0.485170 0.441015 0.842565 0.750919 0.574903 0.560936 0.398665 0.467169 0.281028 0.299011 0.492039 0.518857 0.439848 0.415682 0.948913 0.690605 0.691885 0.629277 0.730268 0.813877 0.734273 0.896013 0.635342 0.637519 0.591217 0.710605 0.478430 0.483287 0.685622 0.829710 0.559650 0.645363 0.547567 0.657489 0.940612 0.833187 0.716046 0.672616 0.874443 0.551546 0.538000 0.695210 0.675479 0.929438
0.305313 0.000000 0.667753 0.595787 0.756235 0.936590 0.633590 0.462592 0.874640 0.793293 0.485849 0.373047 0.511432 0.539898 0.629637 0.653978 0.272771 0.321096 0.452038 0.410461 0.691869 0.840854 0.705455 0.738432 0.854605 0.825641 0.743199 0.902283 0.324802 0.343736 0.549549 0.700716 0.490695 0.468691 0.890827 0.750968 0.729802 0.720488 0.863087 0.899876 0.941949 0.645180 0.558603 0.546442 0.510795 0.487957 0.496362 0.501726 0.701514 0.577191 0.504582 0.603453 0.777594 0.676008 0.726080 0.835871 0.291509 0.251094 0.379333 0.436884 0.380054 0.404414 0.281222 0.190666 0.659173 0.550973 0.548357 0.402988 0.479534 0.344920 0.692578 0.646761 0.526507 0.544929 0.981642 0.783868 0.671349 0.502779 0.535642 0.667410 0.311639 0.409788 0.445965 0.455726 0.561349 0.530561 0.993117 0.922274 0.805120 0.678403 0.884213 0.924586 0.829610 0.974592 0.628106 0.762246 0.747914 0.564442 0.621009 0.576245 0.802279 0.899041 0.684718 0.631002 0.573097 0.746016 0.949699 0.900473 0.888911 0.680069 0.821425 0.583313 0.709275 0.720119 0.733036 0.930966
0.499008 0.667753 0.000000 0.198599 0.872099 0.642546 0.236019 0.290014 0.387958 0.501949 0.490572 0.498486 0.339645 0.583267 0.480264 0.539277 0.685574 0.525394 0.389717 0.497525 0.711931 0.736446 0.398084 0.384598 0.636333 0.423810 0.925295 0.997220 0.586881 0.532756 0.372603 0.393030 0.367706 0.412795 0.807629 0.901880 0.665902 0.951721 0.637922 0.756902 0.798413 0.955704 0.342348 0.344324 0.380681 0.410872 0.346536 0.435962 0.721505 0.524810 0.507974 0.465795 0.544815 0.517019 0.601561 0.669893 0.835249 0.845201 0.481366 0.562231 0.289670 0.419567 0.659382 0.728014 0.248076 0.221268 0.304045 0.300264 0.711310 0.663129 0.521148 0.611586 0.559438 0.541173 0.926326 0.784756 0.582475 0.671427 0.609100 0.532548 0.577855 0.433248 0.711005 0.712823 0.466068 0.358086 0.911777 0.735190 0.667970 0.569317 0.530487 0.599079 0.567624 0.620515 0.549865 0.657871 0.541182 0.701656 0.468762 0.425143 0.610123 0.621851 0.715304 0.604241 0.498752 0.594523 0.908129 0.786210 0.819719 0.849620 0.890058 0.513847 0.514433 0.796532 0.638852 0.877677
0.445105 0.595787 0.198599 0.000000 0.864141 0.624310 0.236597 0.228970 0.387357 0.493711 0.525324 0.406037 0.342922 0.466477 0.418620 0.431952 0.632156 0.470269 0.340464 0.463148 0.592673 0.664868 0.352943 0.358480 0.685035 0.423313 0.978024 0.975887 0.474835 0.454859 0.319019 0.350004 0.290464 0.303666 0.754569 0.872979 0.673252 0.956467 0.734157 0.834154 0.874271 0.889206 0.293771 0.282856 0.345411 0.367151 0.306288 0.417793 0.714822 0.500246 0.485826 0.396442 0.535520 0.467476 0.599719 0.683165 0.774941 0.781668 0.423577 0.507343 0.277465 0.365085 0.604351 0.634341 0.270166 0.201767 0.273485 0.264624 0.701298 0.605788 0.427306 0.498122 0.502830 0.478637 0.832392 0.740109 0.511682 0.626799 0.550495 0.494677 0.539610 0.380672 0.662868 0.574555 0.423745 0.312513 0.938541 0.776732 0.703533 0.536913 0.447465 0.548936 0.481720 0.567933 0.560352 0.674021 0.531834 0.655797 0.403045 0.366078 0.556454 0.613550 0.672957 0.523239 0.444627 0.565841 0.916063 0.822787 0.897830 0.874267 0.839119 0.439246 0.464229 0.672384 0.593854 0.887053
0.788619 0.756235 0.872099 0.864141 0.000000 0.828926 0.773211 0.762910 0.934547 0.991332 0.868057 0.800144 0.731123 0.894071 0.786422 0.783670 0.751058 0.804928 0.732372 0.891819 0.705987 0.762821 0.767473 0.843235 0.983015 0.935569 0.735069 0.851914 0.736138 0.746018 0.840177 0.971602 0.795070 0.743299 0.997812 0.975503 0.943308 0.853282 0.858602 0.945919 0.904304 0.912306 0.845152 0.835865 0.761439 0.723565 0.671451 0.732718 0.905423 0.816832 0.819064 0.821482 0.925886 0.758607 0.893890 0.787377 0.848265 0.879837 0.763449 0.793801 0.680562 0.742281 0.697557 0.778467 0.811698 0.761996 0.720123 0.766717 0.808000 0.869981 0.660404 0.842043 0.841743 0.921144 0.984187 0.741662 0.855972 0.956230 0.913018 0.928871 0.654186 0.703882 0.704756 0.774017 0.699623 0.743019 0.813016 0.871248 0.967227 0.899538 0.933695 0.895709 0.913804 0.997323 0.889783 0.891323 0.927187 0.842353 0.883519 0.773791 0.980120 0.987659 0.902783 0.884757 0.841479 0.831780 0.951492 0.991627 0.761379 0.940530 0.980981 0.827411 0.785404 0.838346 0.932701 0.970065
0.736008 0.936590 0.642546 0.624310 0.828926 0.000000 0.520754 0.620232 0.560336 0.628523 0.777969 0.822987 0.658140 0.886055 0.804932 0.690776 0.945958 0.870129 0.718746 0.817898 0.789983 0.994606 0.693464 0.735720 0.949644 0.828870 0.863384 0.850359 0.844778 0.909905 0.673579 0.785498 0.690346 0.691545 0.659313 0.908338 0.942424 0.751927 0.949640 0.930145 0.993920 0.931009 0.577773 0.575604 0.555729 0.596238 0.595786 0.589903 0.994379 0.720492 0.740839 0.608601 0.653357 0.616054 0.799728 0.780467 0.880351 0.883769 0.742572 0.711469 0.683823 0.753768 0.864661 0.998845 0.752364 0.624119 0.522774 0.663113 0.863752 0.822610 0.629572 0.585315 0.848476 0.852371 0.816069 0.895879 0.652404 0.899041 0.780434 0.707657 0.766153 0.669394 0.991385 0.839772 0.769421 0.705025 0.977573 0.864555 0.989436 0.833129 0.539939 0.616032 0.520110 0.601354 0.652825 0.736402 0.631712 0.947792 0.643670 0.683556 0.683148 0.631286 0.820620 0.711168 0.625184 0.842691 0.969661 0.930945 0.895308 0.937327 0.853440 0.724473 0.646193 0.724466 0.695425 0.810453
0.482159 0.633590 0.236019 0.236597 0.773211 0.520754 0.000000 0.205010 0.361352 0.368899 0.453714 0.521313 0.370306 0.626209 0.559025 0.577650 0.548786 0.423363 0.287031 0.478502 0.662374 0.661000 0.477905 0.521393 0.831276 0.600063 0.968204 0.991215 0.531521 0.500747 0.449442 0.418351 0.328849 0.305444 0.818725 0.860294 0.773693 0.973058 0.875916 0.806157 0.933348 0.904804 0.244288 0.215853 0.277199 0.323525 0.332169 0.360084 0.767145 0.537005 0.485715 0.457810 0.587769 0.414749 0.638529 0.711325 0.708662 0.778777 0.436716 0.600638 0.326823 0.510167 0.579866 0.690724 0.379018 0.290940 0.195585 0.265172 0.657507 0.658142 0.409079 0.460580 0.572657 0.524563 0.923741 0.725900 0.470253 0.618882 0.590614 0.490621 0.508460 0.377204 0.707011 0.699005 0.507989 0.432992 0.882033 0.781486 0.771575 0.738955 0.365164 0.381687 0.396518 0.402773 0.503766 0.642407 0.508334 0.677092 0.373042 0.336413 0.511880 0.462103 0.614803 0.437216 0.451491 0.544061 0.873379 0.768443 0.819700 0.857766 0.803438 0.429115 0.408462 0.646999 0.648906 0.870169
0.385714 0.462592 0.290014 0.228970 0.762910 0.620232 0.205010 0.000000 0.467137 0.357620 0.456766 0.353332 0.326217 0.467862 0.467598 0.475107 0.467276 0.352228 0.297568 0.375690 0.642231 0.672849 0.458778 0.483424 0.843929 0.628186 0.917792 0.985108 0.414746 0.388383 0.457042 0.439212 0.300699 0.276302 0.841246 0.892931 0.756502 0.947465 0.868992 0.858890 0.965404 0.812866 0.260405 0.239629 0.281506 0.286724 0.328093 0.341301 0.639099 0.437611 0.423258 0.378389 0.548935 0.389088 0.648981 0.724145 0.590583 0.596692 0.317661 0.447406 0.263754 0.330981 0.497041 0.489944 0.384223 0.254069 0.238940 0.252471 0.666182 0.502097 0.433560 0.475786 0.540636 0.507409 0.908252 0.655854 0.511119 0.528645 0.512802 0.545991 0.459885 0.353980 0.670983 0.609582 0.475852 0.382428 0.937117 0.793193 0.775950 0.616335 0.412856 0.459701 0.407211 0.529369 0.449716 0.588874 0.503886 0.593150 0.328273 0.272636 0.461154 0.552785 0.554794 0.449238 0.391071 0.488104 0.910093 0.782519 0.848194 0.764573 0.811347 0.379750 0.404139 0.610649 0.653433 0.796977
0.688304 0.874640 0.387958 0.387357 0.934547 0.560336 0.361352 0.467137 0.000000 0.502993 0.724943 0.691419 0.552169 0.679814 0.631184 0.580691 0.828728 0.757726 0.554028 0.657281 0.743589 0.751243 0.506593 0.489750 0.769036 0.584777 0.841487 0.954218 0.776909 0.713107 0.529007 0.442784 0.557573 0.543551 0.749912 0.949858 0.877598 0.996425 0.820197 0.812393 0.799289 0.915927 0.415563 0.428458 0.464407 0.505178 0.466134 0.543356 0.791006 0.592948 0.514976 0.488540 0.497032 0.448654 0.702143 0.676653 0.984074 0.946043 0.620184 0.752494 0.544386 0.688537 0.814250 0.922149 0.491243 0.453796 0.392353 0.543691 0.783744 0.779091 0.530315 0.646740 0.640405 0.596594 0.928503 0.776796 0.652294 0.714072 0.802313 0.571841 0.772874 0.645699 0.826130 0.877793 0.657550 0.572788 0.711232 0.756857 0.756229 0.755163 0.433669 0.489076 0.418503 0.504870 0.627245 0.768496 0.542674 0.751146 0.461901 0.499307 0.539972 0.559248 0.754390 0.647548 0.612894 0.620905 0.879331 0.686466 0.986249 0.972308 0.795549 0.567967 0.559772 0.952389 0.673554 0.865324
0.690368 0.793293 0.501949 0.493711 0.991332 0.628523 0.368899 0.357620 0.502993 0.000000 0.606583 0.633433 0.599570 0.701818 0.768837 0.733976 0.694279 0.611774 0.556036 0.596070 0.838696 0.869132 0.700383 0.733458 0.948394 0.763800 0.869203 0.913765 0.730974 0.672755 0.697552 0.526426 0.544650 0.510344 0.914857 0.933832 0.997791 0.939256 0.959027 0.932396 0.880437 0.830869 0.414965 0.403001 0.487837 0.507209 0.617060 0.546656 0.756227 0.576127 0.586945 0.523115 0.647850 0.512065 0.814717 0.878650 0.809299 0.877165 0.516244 0.662332 0.601038 0.613222 0.785680 0.798504 0.633523 0.496292 0.448283 0.528318 0.828006 0.689677 0.635978 0.600853 0.798759 0.722147 0.878248 0.796257 0.624660 0.641376 0.745849 0.588728 0.773921 0.669261 0.916518 0.868084 0.813549 0.714146 0.988037 0.894603 0.957428 0.863878 0.430638 0.405145 0.438695 0.460508 0.605117 0.625220 0.553563 0.708316 0.381392 0.420346 0.503010 0.406087 0.626811 0.549348 0.651769 0.589552 0.998880 0.769592 0.984886 0.866621 0.852519 0.525107 0.538448 0.824785 0.752090 0.775732
0.393996 0.485849 0.490572 0.525324 0.868057 0.777969 0.453714 0.456766 0.724943 0.606583 0.000000 0.428111 0.493303 0.635972 0.749053 0.753845 0.419496 0.301100 0.305091 0.309365 0.723495 0.783737 0.820677 0.730043 0.995343 0.790071 0.982684 0.912009 0.473046 0.373940 0.619407 0.623805 0.574743 0.452574 0.952901 0.898240 0.851349 0.849759 0.901055 0.827199 0.954795 0.991722 0.584729 0.518359 0.570780 0.555829 0.545196 0.563218 0.918083 0.625009 0.624658 0.696048 0.750523 0.612444 0.778493 0.990335 0.472918 0.504642 0.543821 0.604146 0.458183 0.607385 0.394125 0.503968 0.678137 0.566366 0.557160 0.410840 0.594906 0.698884 0.696111 0.690656 0.673485 0.577389 0.947985 0.793128 0.677792 0.570004 0.655831 0.529226 0.462154 0.436606 0.622355 0.702111 0.768979 0.683299 0.977822 0.772529 0.925780 0.905082 0.748096 0.751861 0.771258 0.747134 0.718825 0.733642 0.776078 0.924448 0.648095 0.580280 0.693341 0.643166 0.598141 0.558024 0.687395 0.827864 0.865066 0.908044 0.985836 0.847598 0.890714 0.631181 0.644153 0.757095 0.834191 0.980751
0.314060 0.373047 0.498486 0.406037 0.800144 0.822987 0.521313 0.353332 0.691419 0.633433 0.428111 0.000000 0.305743 0.313957 0.351848 0.395366 0.438058 0.378845 0.417476 0.356128 0.600351 0.777185 0.471985 0.490591 0.866761 0.745347 0.994273 0.928547 0.335803 0.326356 0.488246 0.568277 0.447913 0.431037 0.828329 0.923846 0.769022 0.755841 0.831965 0.961349 0.934660 0.896135 0.567272 0.539390 0.466963 0.455000 0.438572 0.444088 0.678461 0.439127 0.461005 0.446583 0.649729 0.546485 0.710880 0.800686 0.552133 0.509897 0.394448 0.420827 0.276947 0.279740 0.363744 0.324446 0.493502 0.390958 0.511932 0.379190 0.676938 0.519053 0.627888 0.669908 0.481640 0.476233 0.845289 0.679552 0.619844 0.495608 0.542543 0.611634 0.478759 0.429034 0.485554 0.596762 0.466087 0.435354 0.950586 0.791327 0.778606 0.586857 0.805692 0.862935 0.763085 0.976440 0.650221 0.707474 0.713520 0.653581 0.563561 0.482275 0.706871 0.862503 0.616788 0.695013 0.520171 0.571124 0.953692 0.910990 0.862789 0.666327 0.838934 0.609436 0.669153 0.650412 0.662757 0.973720
0.347783 0.511432 0.339645 0.342922 0.731123 0.658140 0.370306 0.326217 0.552169 0.599570 0.493303 0.305743 0.000000 0.351280 0.294030 0.326456 0.540830 0.516650 0.373142 0.461545 0.664374 0.768785 0.321527 0.363273 0.804482 0.654312 0.999343 0.966423 0.461748 0.447422 0.422609 0.542978 0.422081 0.444328 0.794154 0.865641 0.716637 0.861237 0.742668 0.827914 0.952729 0.995549 0.421102 0.412219 0.402802 0.390811 0.388128 0.376614 0.753065 0.381486 0.371397 0.363930 0.488345 0.433725 0.611078 0.715627 0.703518 0.682528 0.358483 0.446296 0.222838 0.325424 0.423802 0.499567 0.316128 0.305539 0.366577 0.336383 0.722341 0.609362 0.530867 0.525346 0.502304 0.517253 0.881535 0.613064 0.586288 0.643557 0.583100 0.614496 0.503136 0.436957 0.527548 0.722488 0.388668 0.339270 0.828652 0.693676 0.670917 0.599155 0.661816 0.713059 0.606576 0.799207 0.647512 0.741922 0.663769 0.731143 0.518718 0.480020 0.658662 0.765079 0.616326 0.698228 0.437604 0.558454 0.991206 0.799924 0.681800 0.767781 0.883470 0.581448 0.573464 0.628321 0.614486 0.870843
0.506965 0.539898 0.583267 0.466477 0.894071 0.886055 0.626209 0.467862 0.679814 0.701818 0.635972 0.313957 0.351280 0.000000 0.276092 0.258774 0.644062 0.566507 0.485409 0.554677 0.663649 0.745650 0.401813 0.377407 0.835243 0.708146 0.967595 0.952965 0.427453 0.448008 0.472834 0.595685 0.511838 0.522924 0.868589 0.979349 0.704832 0.768102 0.864602 0.839931 0.996827 0.826819 0.562354 0.559014 0.645216 0.611628 0.609517 0.587754 0.781791 0.554166 0.510445 0.471915 0.643710 0.536850 0.790799 0.950010 0.706720 0.684725 0.487206 0.582992 0.424348 0.446754 0.487402 0.469850 0.484116 0.462223 0.558249 0.510792 0.959735 0.612126 0.594925 0.636859 0.656865 0.547161 0.951477 0.615919 0.573943 0.586642 0.640899 0.736331 0.711293 0.689792 0.537117 0.731871 0.527865 0.451800 0.875033 0.821198 0.819050 0.658831 0.737288 0.792043 0.645505 0.884482 0.679396 0.798630 0.872440 0.640074 0.605697 0.572204 0.677252 0.874636 0.636464 0.839387 0.531402 0.552966 0.979577 0.768723 0.859735 0.744059 0.900682 0.663008 0.698551 0.713261 0.635740 0.984539
0.504254 0.629637 0.480264 0.418620 0.786422 0.804932 0.559025 0.467598 0.631184 0.768837 0.749053 0.351848 0.294030 0.276092 0.000000 0.228705 0.703331 0.677185 0.572505 0.645598 0.668107 0.755558 0.201334 0.296000 0.609565 0.653062 0.957221 0.979455 0.511373 0.525449 0.369177 0.506422 0.450296 0.519404 0.691691 0.973504 0.642373 0.850385 0.809178 0.942296 0.941732 0.998468 0.564243 0.580664 0.543909 0.536413 0.498430 0.533196 0.762079 0.532284 0.529271 0.455242 0.614664 0.575271 0.577786 0.716344 0.871709 0.844658 0.520514 0.573280 0.324821 0.379691 0.550827 0.579380 0.323346 0.370561 0.473188 0.455553 0.898744 0.642605 0.544372 0.679611 0.481115 0.550409 0.852991 0.683464 0.574418 0.685991 0.623677 0.753636 0.622162 0.578750 0.505281 0.717535 0.303353 0.311581 0.809452 0.708060 0.769501 0.573563 0.775590 0.882316 0.694149 0.980672 0.686049 0.794675 0.759348 0.689637 0.639753 0.603892 0.762572 0.957833 0.779612 0.924070 0.458763 0.519778 0.987319 0.809867 0.790637 0.766976 0.889988 0.653213 0.713297 0.785370 0.580763 0.982126
0.567303 0.653978 0.539277 0.431952 0.783670 0.690776 0.577650 0.475107 0.580691 0.733976 0.753845 0.395366 0.326456 0.258774 0.228705 0.000000 0.747679 0.698331 0.558140 0.689187 0.636929 0.756167 0.247333 0.265812 0.716326 0.710540 0.908102 0.913943 0.532486 0.574412 0.441741 0.549225 0.502189 0.563846 0.777614 0.977436 0.804953 0.866412 0.857693 0.926598 0.936282 0.959386 0.526239 0.561311 0.585687 0.549581 0.539329 0.531278 0.864231 0.564785 0.515130 0.436330 0.554675 0.456695 0.714533 0.783116 0.903696 0.890178 0.531328 0.630091 0.397380 0.462825 0.588527 0.605502 0.426795 0.414246 0.493084 0.531530 0.901624 0.701828 0.479280 0.564898 0.577477 0.628196 0.789999 0.688370 0.598928 0.693128 0.677368 0.733058 0.688125 0.630142 0.554091 0.718496 0.419759 0.331867 0.875669 0.808595 0.816348 0.702804 0.664652 0.730172 0.566688 0.852561 0.714753 0.800474 0.807439 0.684470 0.665936 0.610562 0.748499 0.784436 0.768477 0.908603 0.484328 0.584828 0.929908 0.869726 0.880032 0.870751 0.942353 0.688854 0.709687 0.683412 0.619649 0.893889
0.311390 0.272771 0.685574 0.632156 0.751058 0.945958 0.548786 0.467276 0.828728 0.694279 0.419496 0.438058 0.540830 0.644062 0.703331 0.747679 0.000000 0.238154 0.370668 0.413208 0.652895 0.770078 0.757322 0.840762 0.914200 0.899372 0.860746 0.916401 0.337313 0.332413 0.642886 0.625618 0.510400 0.439483 0.962696 0.772771 0.805306 0.760676 0.913074 0.829056 0.750854 0.701775 0.549435 0.494913 0.497133 0.502933 0.516897 0.495526 0.792317 0.608570 0.543404 0.669648 0.790617 0.671107 0.712142 0.903764 0.205092 0.284958 0.401865 0.552715 0.463466 0.579159 0.264058 0.259029 0.711175 0.656274 0.520939 0.405890 0.434783 0.512319 0.608782 0.601938 0.587996 0.555589 0.961467 0.767352 0.592829 0.481151 0.457968 0.601723 0.295005 0.443467 0.481472 0.560087 0.621687 0.645396 0.947692 0.934859 0.887669 0.836578 0.798177 0.806541 0.785687 0.893028 0.700767 0.771585 0.742852 0.618982 0.581085 0.511280 0.880337 0.837433 0.537752 0.500856 0.646982 0.678903 0.893140 0.859443 0.858612 0.599214 0.780168 0.574098 0.660487 0.680533 0.792439 0.997228
0.311300 0.321096 0.525394 0.470269 0.804928 0.870129 0.423363 0.352228 0.757726 0.611774 0.301100 0.378845 0.516650 0.566507 0.677185 0.698331 0.238154 0.000000 0.237711 0.266825 0.673651 0.693613 0.756612 0.770641 0.929676 0.766520 0.881986 0.897759 0.269491 0.261319 0.605934 0.544560 0.411612 0.336680 0.993983 0.895360 0.762227 0.841704 0.927886 0.806607 0.955472 0.719521 0.453463 0.392272 0.463845 0.440971 0.453114 0.459240 0.766031 0.583421 0.541142 0.620208 0.760555 0.591969 0.750243 0.875806 0.277647 0.305534 0.416135 0.552383 0.390371 0.535347 0.262091 0.303143 0.638624 0.522978 0.459244 0.360211 0.514317 0.546884 0.625379 0.644326 0.583721 0.472924 0.917650 0.699912 0.596825 0.494583 0.472153 0.528304 0.346486 0.335599 0.517438 0.510704 0.618420 0.567388 0.969231 0.884855 0.901986 0.777993 0.672747 0.686059 0.697142 0.753179 0.653752 0.643437 0.717187 0.670371 0.480343 0.423074 0.694220 0.709465 0.568849 0.453805 0.565767 0.688997 0.762493 0.873313 0.914716 0.679200 0.874515 0.485731 0.539135 0.641175 0.705178 0.978964
0.344644 0.452038 0.389717 0.340464 0.732372 0.718746 0.287031 0.297568 0.554028 0.556036 0.305091 0.417476 0.373142 0.485409 0.572505 0.558140 0.370668 0.237711 0.000000 0.316767 0.669545 0.647398 0.595374 0.587110 0.877834 0.687120 0.943768 0.924997 0.350531 0.290814 0.505640 0.517543 0.404615 0.284967 0.925491 0.850486 0.750197 0.951830 0.850020 0.768245 0.990560 0.809456 0.353167 0.299491 0.404273 0.388859 0.370338 0.421138 0.775060 0.485664 0.446153 0.491827 0.610625 0.430870 0.690285 0.828757 0.474061 0.518212 0.395608 0.572095 0.321902 0.516046 0.333015 0.448585 0.466364 0.405641 0.349193 0.332971 0.586820 0.580748 0.513466 0.555774 0.600563 0.495257 0.969142 0.600165 0.566605 0.599389 0.556922 0.453113 0.417715 0.359596 0.621880 0.615074 0.526010 0.478036 0.880741 0.795327 0.827832 0.782262 0.533369 0.552612 0.565249 0.595137 0.602381 0.676131 0.709588 0.675749 0.419604 0.406038 0.625323 0.632167 0.557638 0.476727 0.522295 0.673727 0.901583 0.837515 0.814288 0.799436 0.891201 0.433347 0.470159 0.638920 0.644013 0.926059
0.307211 0.410461 0.497525 0.463148 0.891819 0.817898 0.478502 0.375690 0.657281 0.596070 0.309365 0.356128 0.461545 0.554677 0.645598 0.689187 0.413208 0.266825 0.316767 0.000000 0.775983 0.701417 0.726088 0.714565 0.951890 0.722873 0.897417 0.882093 0.358821 0.324583 0.638872 0.556182 0.455182 0.375680 0.908482 0.959452 0.823368 0.856872 0.902362 0.851726 0.919930 0.906480 0.538725 0.464739 0.526759 0.498119 0.477071 0.482721 0.746458 0.520326 0.549535 0.596567 0.679572 0.622151 0.763599 0.844709 0.442840 0.411068 0.445149 0.514233 0.389600 0.467049 0.364919 0.407871 0.602940 0.493955 0.545147 0.425621 0.577684 0.526797 0.743786 0.768829 0.611521 0.532473 0.899332 0.734064 0.677734 0.635007 0.599973 0.534948 0.494291 0.381757 0.617925 0.648467 0.671307 0.599764 0.852564 0.811766 0.782183 0.697695 0.719195 0.759885 0.764648 0.833258 0.658864 0.707124 0.704427 0.763744 0.482911 0.468027 0.582108 0.722844 0.684099 0.570945 0.622394 0.723782 0.844587 0.833896 0.867992 0.766666 0.813829 0.552894 0.578305 0.771278 0.732445 0.885198
0.707875 0.691869 0.711931 0.592673 0.705987 0.789983 0.662374 0.642231 0.743589 0.838696 0.723495 0.600351 0.664374 0.663649 0.668107 0.636929 0.652895 0.673651 0.669545 0.775983 0.000000 0.774853 0.625488 0.627667 0.925757 0.799584 0.867907 0.941269 0.668445 0.721895 0.604235 0.754528 0.641620 0.567149 0.800863 0.977257 0.770525 0.933980 0.994155 0.905583 0.898686 0.895704 0.650572 0.667513 0.700185 0.697929 0.591196 0.693253 0.983185 0.780308 0.818937 0.792200 0.848039 0.764535 0.882501 0.977817 0.788584 0.802759 0.682671 0.724556 0.626409 0.688626 0.661224 0.685027 0.680331 0.597056 0.647103 0.610346 0.863435 0.832534 0.558765 0.616138 0.641307 0.689995 0.829126 0.755704 0.674322 0.586573 0.758619 0.749973 0.668991 0.688273 0.585385 0.650863 0.685018 0.678441 0.900443 0.953030 0.925538 0.838215 0.741938 0.821826 0.680638 0.833241 0.842191 0.867166 0.835088 0.812775 0.773720 0.652497 0.843445 0.810444 0.701979 0.670256 0.676395 0.739145 0.890312 0.776563 0.971030 0.967720 0.945262 0.745354 0.824691 0.761016 0.894833 0.853185
0.788878 0.840854 0.736446 0.664868 0.762821 0.994606 0.661000 0.672849 0.751243 0.869132 0.783737 0.777185 0.768785 0.745650 0.755558 0.756167 0.770078 0.693613 0.647398 0.701417 0.774853 0.000000 0.741380 0.749617 0.999386 0.848424 0.890724 0.788249 0.634349 0.704359 0.769265 0.606394 0.570634 0.663331 0.927599 0.989123 0.934993 0.887106 0.981586 0.843081 0.977553 0.942283 0.705867 0.645700 0.736011 0.730706 0.727988 0.823363 0.905630 0.861193 0.781971 0.806343 0.897089 0.700346 0.783698 0.866316 0.793022 0.815557 0.867772 0.847240 0.679492 0.823682 0.745673 0.775606 0.710105 0.686492 0.632545 0.638889 0.899832 0.878071 0.703103 0.766489 0.847754 0.689606 0.808079 0.959940 0.755692 0.774320 0.993776 0.753381 0.821464 0.744546 0.791281 0.872116 0.757676 0.702999 0.915907 0.919092 0.828562 0.810183 0.683679 0.773674 0.778637 0.794721 0.810717 0.950005 0.944618 0.833588 0.734545 0.692402 0.861261 0.913149 0.916598 0.755662 0.869373 0.665895 0.946392 0.898686 0.973984 0.893844 0.775322 0.743437 0.783918 0.783574 0.849497 0.907373
0.573525 0.705455 0.398084 0.352943 0.767473 0.693464 0.477905 0.458778 0.506593 0.700383 0.820677 0.471985 0.321527 0.401813 0.201334 0.247333 0.757322 0.756612 0.595374 0.726088 0.625488 0.741380 0.000000 0.249512 0.490852 0.550209 0.897898 0.993636 0.596482 0.633344 0.321497 0.470344 0.396375 0.540915 0.622905 0.936381 0.675679 0.956003 0.795174 0.924887 0.924790 0.988117 0.476961 0.538787 0.495080 0.495839 0.435216 0.513676 0.786268 0.572511 0.546185 0.438168 0.563514 0.567953 0.544772 0.656027 0.977992 0.961766 0.507797 0.590718 0.335055 0.404457 0.641394 0.683501 0.259330 0.316900 0.382434 0.433137 0.832520 0.629644 0.458483 0.567184 0.476682 0.586405 0.811131 0.754720 0.519189 0.748348 0.599632 0.720397 0.599983 0.561114 0.532586 0.667244 0.259071 0.248492 0.818879 0.762811 0.702361 0.575252 0.666929 0.788604 0.592537 0.896325 0.631355 0.768684 0.659886 0.664720 0.621162 0.580552 0.808836 0.847177 0.826380 0.891055 0.448538 0.517874 0.952423 0.869956 0.751710 0.838758 0.885563 0.645734 0.693503 0.784657 0.577510 0.934347
0.610624 0.738432 0.384598 0.358480 0.843235 0.735720 0.521393 0.483424 0.489750 0.733458 0.730043 0.490591 0.363273 0.377407 0.296000 0.265812 0.840762 0.770641 0.587110 0.714565 0.627667 0.749617 0.249512 0.000000 0.571949 0.529855 0.948740 0.990499 0.595996 0.633509 0.357534 0.462330 0.516479 0.546501 0.704095 0.998920 0.775207 0.921758 0.778182 0.850025 0.913435 0.977256 0.515722 0.587621 0.583206 0.545273 0.507159 0.575611 0.779721 0.611613 0.553710 0.494271 0.544322 0.531227 0.620370 0.714137 0.982373 0.990541 0.543300 0.652923 0.395628 0.495780 0.669851 0.758663 0.347942 0.353511 0.468421 0.500079 0.939145 0.729899 0.538016 0.656707 0.589941 0.654335 0.890017 0.725444 0.621825 0.725686 0.710442 0.669451 0.653852 0.596608 0.632541 0.702541 0.388559 0.324892 0.774460 0.692360 0.745621 0.619094 0.663173 0.744879 0.621313 0.827784 0.693580 0.875246 0.754953 0.726506 0.701764 0.630460 0.727361 0.858268 0.880842 0.884835 0.568720 0.695878 0.951313 0.836071 0.819079 0.899456 0.963207 0.714114 0.674114 0.801988 0.595470 0.934221
0.803913 0.854605 0.636333 0.685035 0.983015 0.949644 0.831276 0.843929 0.769036 0.948394 0.995343 0.866761 0.804482 0.835243 0.609565 0.716326 0.914200 0.929676 0.877834 0.951890 0.925757 0.999386 0.490852 0.571949 0.000000 0.482981 0.904409 0.872224 0.872167 0.897834 0.537189 0.646067 0.723227 0.851568 0.586803 0.992685 0.609639 0.982872 0.731551 0.959363 0.872535 0.866817 0.779057 0.863941 0.837013 0.817731 0.688680 0.891027 0.876965 0.929424 0.880838 0.826987 0.812822 0.966469 0.577050 0.753476 0.961649 0.995299 0.794774 0.832218 0.692572 0.730215 0.890435 0.882739 0.526382 0.663334 0.735804 0.748118 0.799099 0.763017 0.837575 0.962268 0.623326 0.841443 0.841847 0.988959 0.807323 0.992259 0.720791 0.854752 0.693438 0.787343 0.773206 0.763166 0.470425 0.487219 0.991015 0.879503 0.837050 0.664139 0.999322 0.908219 0.926188 0.904671 0.695522 0.922533 0.835070 0.780009 0.930968 0.911101 0.820193 0.863335 0.867026 0.956438 0.712780 0.881174 0.933910 0.992070 0.857182 0.861520 0.951257 0.828240 0.882994 0.833313 0.701659 0.998559
0.693681 0.825641 0.423810 0.423313 0.935569 0.828870 0.600063 0.628186 0.584777 0.763800 0.790071 0.745347 0.654312 0.708146 0.653062 0.710540 0.899372 0.766520 0.687120 0.722873 0.799584 0.848424 0.550209 0.529855 0.482981 0.000000 0.947708 0.827699 0.722744 0.750237 0.465069 0.548976 0.508751 0.617231 0.758882 0.834985 0.634202 0.992855 0.638509 0.689646 0.830947 0.882176 0.529205 0.525326 0.595750 0.561556 0.481507 0.617119 0.690328 0.635151 0.594800 0.561155 0.566936 0.704688 0.583644 0.617476 0.997979 0.933156 0.608981 0.645586 0.565236 0.581056 0.815547 0.857907 0.395187 0.423883 0.548701 0.521639 0.857113 0.720773 0.735328 0.644051 0.587263 0.589252 0.835598 0.888222 0.553175 0.877867 0.792827 0.609035 0.761892 0.622355 0.811330 0.628180 0.531836 0.453166 0.933454 0.768121 0.651829 0.484151 0.642313 0.775941 0.724622 0.756641 0.670455 0.804673 0.630181 0.711284 0.593899 0.538373 0.762794 0.828523 0.843539 0.714792 0.574599 0.868324 0.929097 0.776358 0.936594 0.932341 0.995894 0.699352 0.599859 0.976592 0.576206 0.942673
0.882635 0.743199 0.925295 0.978024 0.735069 0.863384 0.968204 0.917792 0.841487 0.869203 0.982684 0.994273 0.999343 0.967595 0.957221 0.908102 0.860746 0.881986 0.943768 0.897417 0.867907 0.890724 0.897898 0.948740 0.904409 0.947708 0.000000 0.980200 0.853311 0.837240 0.957005 0.987652 0.938461 0.877044 0.985140 0.913595 0.927080 0.963775 0.896291 0.979220 0.898118 0.964464 0.996273 0.979706 0.900213 0.917321 0.940477 0.925525 0.825840 0.950464 0.891103 0.985707 0.950541 0.944024 0.895440 0.890545 0.749887 0.721528 0.874573 0.859164 0.903754 0.896357 0.842653 0.761866 0.974679 0.996972 0.936657 0.949088 0.933463 0.739289 0.962680 0.933415 0.999179 0.961057 0.928018 0.905449 0.877149 0.958121 0.961295 0.945331 0.822203 0.858362 0.950147 0.822748 0.947632 0.954476 0.806597 0.916115 0.871124 0.818674 0.963726 0.877195 0.917790 0.884592 0.962668 0.895465 0.991264 0.809843 0.961702 0.971195 0.966341 0.829082 0.934425 0.840574 0.967435 0.921362 0.997314 0.884298 0.932593 0.854781 0.964538 0.873105 0.905007 0.987997 0.954767 0.953976
0.917193 0.902283 0.997220 0.975887 0.851914 0.850359 0.991215 0.985108 0.954218 0.913765 0.912009 0.928547 0.966423 0.952965 0.979455 0.913943 0.916401 0.897759 0.924997 0.882093 0.941269 0.788249 0.993636 0.990499 0.872224 0.827699 0.980200 0.000000 0.890264 0.973068 0.982380 0.970973 0.839763 0.954842 0.949373 0.953062 0.986369 0.998838 0.956893 0.923004 0.910658 0.869807 0.996540 0.893631 0.975614 0.998157 0.998690 0.954030 0.921924 0.881980 0.956505 0.920511 0.938470 0.996039 0.906754 0.867149 0.895856 0.877031 0.961855 0.994333 0.963320 0.998649 0.879576 0.872494 0.999268 0.981610 0.989631 0.949892 0.909432 0.964303 0.920503 0.902439 0.895204 0.954691 0.868079 0.905333 0.767143 0.954620 0.935644 0.970537 0.900973 0.915545 0.981892 0.926539 0.990268 0.910573 0.808558 0.902476 0.997703 0.951381 0.924493 0.998480 0.988316 0.945924 0.792175 0.958551 0.915765 0.791708 0.956809 0.922525 0.948078 0.944942 0.949693 0.800224 0.891266 0.947108 0.820799 0.902119 0.871564 0.948727 0.961034 0.981042 0.959335 0.988961 0.836222 0.931745
0.360520 0.324802 0.586881 0.474835 0.736138 0.844778 0.531521 0.414746 0.776909 0.730974 0.473046 0.335803 0.461748 0.427453 0.511373 0.532486 0.337313 0.269491 0.350531 0.358821 0.668445 0.634349 0.596482 0.595996 0.872167 0.722744 0.853311 0.890264 0.000000 0.278112 0.488668 0.582452 0.441242 0.368951 0.853062 0.918376 0.755787 0.813638 0.902973 0.800041 0.902422 0.797664 0.505673 0.459857 0.495941 0.474699 0.461440 0.441375 0.718075 0.538777 0.500824 0.514548 0.680557 0.561374 0.644659 0.768421 0.410252 0.430185 0.445173 0.475587 0.358198 0.458262 0.264422 0.302953 0.577434 0.476548 0.475458 0.389154 0.635744 0.519982 0.640211 0.635318 0.536456 0.470695 0.923706 0.747952 0.531799 0.535995 0.551206 0.573154 0.401834 0.405374 0.483371 0.469700 0.497696 0.497085 0.868275 0.903678 0.848929 0.613053 0.771897 0.805465 0.756055 0.918638 0.615280 0.802371 0.810653 0.648447 0.552807 0.471323 0.757450 0.901497 0.683181 0.581188 0.538256 0.616137 0.919964 0.909961 0.868993 0.629327 0.800440 0.543569 0.600493 0.624810 0.596976 0.942655
0.311586 0.343736 0.532756 0.454859 0.746018 0.909905 0.500747 0.388383 0.713107 0.672755 0.373940 0.326356 0.447422 0.448008 0.525449 0.574412 0.332413 0.261319 0.290814 0.324583 0.721895 0.704359 0.633344 0.633509 0.897834 0.750237 0.837240 0.973068 0.278112 0.000000 0.489542 0.550622 0.442552 0.313458 0.952098 0.886574 0.784686 0.827301 0.827742 0.874793 0.953889 0.896585 0.571707 0.470014 0.492642 0.468408 0.456102 0.489937 0.762209 0.503153 0.500792 0.543456 0.631354 0.525288 0.583406 0.800481 0.437270 0.420821 0.480862 0.553882 0.349848 0.458150 0.314364 0.331906 0.581919 0.491281 0.484935 0.404848 0.520054 0.475232 0.628241 0.682321 0.540702 0.445462 0.840406 0.665744 0.714343 0.606265 0.555048 0.548994 0.400522 0.336652 0.470032 0.452141 0.571223 0.500373 0.788336 0.697633 0.817505 0.671459 0.778684 0.852342 0.812917 0.916771 0.621187 0.804090 0.761040 0.648849 0.562987 0.508121 0.697458 0.794042 0.592215 0.599081 0.655540 0.703710 0.926660 0.923749 0.912398 0.735156 0.863358 0.596927 0.616248 0.740365 0.730872 0.999298
0.463319 0.549549 0.372603 0.319019 0.840177 0.673579 0.449442 0.457042 0.529007 0.697552 0.619407 0.488246 0.422609 0.472834 0.369177 0.441741 0.642886 0.605934 0.505640 0.638872 0.604235 0.769265 0.321497 0.357534 0.537189 0.465069 0.957005 0.982380 0.488668 0.489542 0.000000 0.402721 0.367949 0.415657 0.631227 0.813974 0.556339 0.823639 0.741819 0.951945 0.980437 0.872192 0.457642 0.455394 0.463384 0.463897 0.398156 0.478880 0.763295 0.593955 0.535321 0.486431 0.580945 0.586822 0.478223 0.661986 0.806634 0.784892 0.508797 0.525747 0.317288 0.412165 0.559786 0.585630 0.315613 0.293908 0.359168 0.354114 0.664935 0.502840 0.492706 0.549706 0.462143 0.443064 0.822348 0.885308 0.574299 0.618895 0.602994 0.595745 0.483211 0.452580 0.477314 0.483502 0.356526 0.291615 0.865146 0.681910 0.660872 0.501246 0.719469 0.853486 0.663948 0.862277 0.578172 0.848426 0.605752 0.684278 0.625231 0.597849 0.704132 0.789232 0.770302 0.708425 0.578438 0.660694 0.939957 0.852162 0.898309 0.760773 0.977305 0.615440 0.621385 0.760393 0.560523 0.943660
0.589172 0.700716 0.393030 0.350004 0.971602 0.785498 0.418351 0.439212 0.442784 0.526426 0.623805 0.568277 0.542978 0.595685 0.506422 0.549225 0.625618 0.544560 0.517543 0.556182 0.754528 0.606394 0.470344 0.462330 0.646067 0.548976 0.987652 0.970973 0.582452 0.550622 0.402721 0.000000 0.407524 0.445517 0.772159 0.982138 0.740127 0.886186 0.711574 0.911697 0.949482 0.885797 0.467673 0.438433 0.505545 0.567637 0.539915 0.565404 0.849511 0.693967 0.610100 0.613971 0.651679 0.602372 0.624048 0.797547 0.761572 0.828228 0.608177 0.725668 0.456109 0.609375 0.684324 0.696483 0.433052 0.430884 0.442989 0.431878 0.671859 0.683762 0.608040 0.649451 0.586025 0.546794 0.834449 0.875922 0.621102 0.613585 0.683013 0.535123 0.644224 0.551712 0.676112 0.667107 0.566522 0.452368 0.920426 0.751288 0.820707 0.662486 0.559240 0.692491 0.615077 0.716790 0.695369 0.833164 0.656698 0.731990 0.544155 0.542394 0.700667 0.703267 0.831352 0.585576 0.631718 0.651326 0.846272 0.872658 0.997348 0.865082 0.810002 0.583697 0.624453 0.831865 0.559645 0.921800
0.406807 0.490695 0.367706 0.290464 0.795070 0.690346 0.328849 0.300699 0.557573 0.544650 0.574743 0.447913 0.422081 0.511838 0.450296 0.502189 0.510400 0.411612 0.404615 0.455182 0.641620 0.570634 0.396375 0.516479 0.723227 0.508751 0.938461 0.839763 0.441242 0.442552 0.367949 0.407524 0.000000 0.346676 0.772325 0.779496 0.732499 0.935268 0.863096 0.864852 0.896520 0.833899 0.337813 0.313734 0.369948 0.352458 0.374923 0.439485 0.727080 0.563515 0.504080 0.464397 0.587928 0.516705 0.559420 0.657853 0.633562 0.586784 0.410781 0.496680 0.317096 0.371902 0.477224 0.511191 0.362586 0.298211 0.301441 0.262533 0.626200 0.482119 0.439027 0.493056 0.546497 0.483381 0.939593 0.778168 0.431793 0.607275 0.467008 0.569715 0.433520 0.345042 0.520820 0.466150 0.384036 0.300947 0.917131 0.804052 0.739063 0.567092 0.495869 0.608783 0.536783 0.693804 0.542171 0.656158 0.497064 0.496913 0.424627 0.365376 0.655751 0.664657 0.766891 0.514774 0.468998 0.530343 0.836025 0.811137 0.857844 0.726649 0.832798 0.499510 0.469107 0.682613 0.579840 0.976343
0.365747 0.468691 0.412795 0.303666 0.743299 0.691545 0.305444 0.276302 0.543551 0.510344 0.452574 0.431037 0.444328 0.522924 0.519404 0.563846 0.439483 0.336680 0.284967 0.375680 0.567149 0.663331 0.540915 0.546501 0.851568 0.617231 0.877044 0.954842 0.368951 0.313458 0.415657 0.445517 0.346676 0.000000 0.751865 0.908258 0.663504 0.845747 0.887200 0.861520 0.969370 0.907267 0.380878 0.304466 0.358040 0.353850 0.353358 0.440010 0.756467 0.498704 0.504202 0.466424 0.617817 0.513256 0.637812 0.695089 0.546050 0.563807 0.402714 0.535667 0.320419 0.437292 0.433268 0.472417 0.441732 0.334096 0.320290 0.299302 0.654294 0.542259 0.530789 0.565788 0.549049 0.540305 0.817095 0.719945 0.536479 0.567294 0.559597 0.466855 0.458853 0.344362 0.586602 0.515395 0.470462 0.437385 0.877043 0.767514 0.823546 0.699169 0.567355 0.631160 0.596508 0.630307 0.564494 0.692893 0.651372 0.631705 0.391067 0.387910 0.602746 0.664218 0.608218 0.430709 0.531936 0.673629 0.973990 0.744117 0.893426 0.824880 0.816935 0.397937 0.493209 0.654379 0.591320 0.889850
0.711488 0.890827 0.807629 0.754569 0.997812 0.659313 0.818725 0.841246 0.749912 0.914857 0.952901 0.828329 0.794154 0.868589 0.691691 0.777614 0.962696 0.993983 0.925491 0.908482 0.800863 0.927599 0.622905 0.704095 0.586803 0.758882 0.985140 0.949373 0.853062 0.952098 0.631227 0.772159 0.772325 0.751865 0.000000 0.936549 0.677492 0.913827 0.958485 0.888684 0.987697 0.934263 0.739293 0.813529 0.662045 0.665119 0.657083 0.817167 0.709914 0.676183 0.735535 0.670142 0.731031 0.905699 0.553187 0.631661 0.902219 0.972949 0.719815 0.644292 0.694253 0.723713 0.841894 0.872234 0.643400 0.686778 0.694228 0.733455 0.869379 0.661432 0.888520 0.899411 0.729936 0.806086 0.738132 0.964877 0.770835 0.899648 0.764355 0.784733 0.728409 0.766508 0.866497 0.839951 0.527978 0.625983 0.977858 0.853638 0.782193 0.693235 0.917093 0.932411 0.872117 0.967194 0.723071 0.879571 0.737737 0.881949 0.787025 0.883707 0.955376 0.861164 0.971251 0.986758 0.769040 0.795748 0.971131 0.907636 0.711993 0.986406 0.725089 0.748672 0.900908 0.891438 0.781722 0.950541
0.778746 0.750968 0.901880 0.872979 0.975503 0.908338 0.860294 0.892931 0.949858 0.933832 0.898240 0.923846 0.865641 0.979349 0.973504 0.977436 0.772771 0.895360 0.850486 0.959452 0.977257 0.989123 0.936381 0.998920 0.992685 0.834985 0.913595 0.953062 0.918376 0.886574 0.813974 0.982138 0.779496 0.908258 0.936549 0.000000 0.922572 0.795475 0.967291 0.933891 0.835783 0.889920 0.814792 0.768692 0.806100 0.802715 0.825926 0.778090 0.937655 0.893445 0.802541 0.805933 0.864807 0.820263 0.857639 0.876833 0.840661 0.795872 0.794762 0.807562 0.887726 0.881800 0.798345 0.834393 0.888870 0.883958 0.785053 0.752067 0.785524 0.675859 0.825897 0.604359 0.928473 0.852321 0.902383 0.950577 0.843533 0.870333 0.766561 0.883495 0.768849 0.835835 0.797777 0.747527 0.880618 0.843360 0.943606 0.889314 0.900390 0.862195 0.955254 0.906930 0.977554 0.888055 0.861760 0.972324 0.833662 0.753058 0.931052 0.926783 0.982696 0.812944 0.896339 0.878190 0.965212 0.950938 0.924354 0.966793 0.877745 0.910795 0.809200 0.886443 0.849189 0.925951 0.906430 0.976560
0.690342 0.729802 0.665902 0.673252 0.943308 0.942424 0.773693 0.756502 0.877598 0.997791 0.851349 0.769022 0.716637 0.704832 0.642373 0.804953 0.805306 0.762227 0.750197 0.823368 0.770525 0.934993 0.675679 0.775207 0.609639 0.634202 0.927080 0.986369 0.755787 0.784686 0.556339 0.740127 0.732499 0.663504 0.677492 0.922572 0.000000 0.875772 0.743134 0.858125 0.956416 0.837121 0.736631 0.728514 0.681886 0.747261 0.693197 0.750726 0.764547 0.759961 0.754201 0.746738 0.793330 0.999983 0.774895 0.839382 0.811642 0.732841 0.679882 0.704597 0.616400 0.645018 0.779752 0.705046 0.551208 0.634979 0.730078 0.639251 0.837332 0.770757 0.964965 0.848389 0.735939 0.713020 0.799625 0.991560 0.752490 0.816213 0.706316 0.939443 0.780867 0.813797 0.821284 0.759883 0.574190 0.619221 0.937772 0.943525 0.720976 0.681380 0.963159 0.896867 0.877720 0.973196 0.755661 0.782730 0.863890 0.847394 0.738245 0.795797 0.906696 0.920922 0.787541 0.802079 0.587461 0.788857 0.935608 0.830172 0.824589 0.768879 0.930429 0.609621 0.904258 0.995162 0.839010 0.947546
0.752122 0.720488 0.951721 0.956467 0.853282 0.751927 0.973058 0.947465 0.996425 0.939256 0.849759 0.755841 0.861237 0.768102 0.850385 0.866412 0.760676 0.841704 0.951830 0.856872 0.933980 0.887106 0.956003 0.921758 0.982872 0.992855 0.963775 0.998838 0.813638 0.827301 0.823639 0.886186 0.935268 0.845747 0.913827 0.795475 0.875772 0.000000 0.970538 0.975529 0.765761 0.986828 0.944250 0.938150 0.965168 0.937728 0.999925 0.950603 0.950171 0.887070 0.815091 0.912138 0.950835 0.983261 0.953158 0.998716 0.685752 0.679963 0.864986 0.834616 0.875277 0.842765 0.770624 0.675452 0.879117 0.909228 0.961345 0.843500 0.907823 0.870223 0.973377 0.993139 0.824345 0.855578 0.973901 0.832627 0.952485 0.673249 0.950718 0.995355 0.947739 0.941791 0.810979 0.945511 0.959669 0.955237 0.800735 0.988198 0.943771 0.974514 0.862435 0.918273 0.937907 0.914805 0.990805 0.993231 0.819063 0.859233 0.919107 0.991062 0.942266 0.968275 0.889579 0.970693 0.977256 0.967808 0.910690 0.944194 0.909281 0.736522 0.937268 0.930320 0.897660 0.946170 0.873724 0.868613
