0.000000 0.411282 0.988295 0.823816 0.874578 0.876458 0.806395 0.699452 0.954414 0.673050 0.536367 0.547995 0.918683 0.800657 0.935668 0.833488 0.491869 0.532054 0.573875 0.537960 0.903704 0.847921 0.985395 0.970573 0.972532 0.876452 0.964625 0.831400 0.664059 0.678684 0.827401 0.827168 0.505709 0.554746 0.942553 0.983245 0.744838 0.722373 0.959489 0.913444 0.776768 0.922718 0.736795 0.607023 0.712272 0.729485 0.816496 0.778563 0.809975 0.893507 0.839235 0.956279 0.933784 0.809588 0.889548 0.738754 0.402745 0.404564 0.608522 0.766205 0.727603 0.859978 0.467490 0.520687 0.791109 0.990674 0.728481 0.707973 0.470301 0.589291 0.669503 0.622774 0.703607 0.722869 0.936709 0.850912 0.735069 0.738683 0.743597 0.700606 0.497124 0.514737 0.898537 0.734375 0.976934 0.906728 0.889813 0.853677 0.796137 0.935826 0.728341 0.803028 0.813673 0.906863 0.952815 0.861235 0.706734 0.885023 0.458074 0.645854 0.789738 0.889774 0.610610 0.542572 0.728485 0.913913 0.890291 0.899770 0.934855 0.817156 0.684446 0.770927 0.767738 0.944951 0.927379 0.996300
0.411282 0.000000 0.800751 0.907035 0.949597 0.886698 0.946052 0.586446 0.951331 0.596613 0.617744 0.421222 0.896855 0.613942 0.909105 0.678205 0.400001 0.370386 0.550630 0.401904 0.887652 0.910151 0.979050 0.906833 0.959301 0.735778 0.992557 0.781770 0.538113 0.509840 0.892281 0.755558 0.552283 0.535989 0.995022 0.912972 0.769015 0.722323 0.857258 0.901349 0.789883 0.720122 0.754564 0.578876 0.783214 0.761607 0.958262 0.818892 0.919686 0.990091 0.983057 0.939717 0.744271 0.653378 0.862067 0.896424 0.304729 0.271106 0.863167 0.853747 0.850669 0.779437 0.508280 0.371481 0.681136 0.966666 0.942323 0.821596 0.531099 0.598385 0.515503 0.575407 0.709578 0.746928 0.954606 0.885209 0.646240 0.650516 0.717265 0.613149 0.391588 0.426445 0.796879 0.636304 0.845198 0.881616 0.909881 0.901420 0.681103 0.893711 0.722336 0.711343 0.791886 0.905151 0.923426 0.779204 0.760274 0.810493 0.464443 0.549016 0.701406 0.980922 0.609961 0.501458 0.758927 0.894688 0.923822 0.949303 0.945854 0.823464 0.671889 0.674776 0.735104 0.793405 0.957361 0.981088
0.988295 0.800751 0.000000 0.449395 0.797571 0.958448 0.342713 0.809703 0.647866 0.864547 0.825799 0.838468 0.658982 0.936627 0.707268 0.854388 0.996359 0.957582 0.733185 0.941579 0.859583 0.788382 0.523873 0.708945 0.456921 0.450321 0.866374 0.866804 0.993687 0.924702 0.491182 0.771049 0.671117 0.686877 0.667139 0.995255 0.856952 0.951811 0.614439 0.910208 0.904248 0.900521 0.579298 0.682150 0.799189 0.863506 0.592272 0.658774 0.813406 0.942517 0.986123 0.945285 0.791893 0.846913 0.816141 0.975292 0.881187 0.803700 0.651352 0.973869 0.624986 0.857316 0.806721 0.836724 0.373717 0.589496 0.414855 0.576002 0.974739 0.995381 0.912711 0.920717 0.892786 0.973175 0.699859 0.828748 0.765396 0.943020 0.832998 0.887489 0.943380 0.944823 0.987715 0.930721 0.520820 0.660071 0.888277 0.982659 0.754705 0.902874 0.934437 0.905479 0.900703 0.742244 0.999503 0.899175 0.986354 0.864230 0.963932 0.938424 0.779849 0.802978 0.966609 0.979969 0.840390 0.573968 0.986479 0.954229 0.941423 0.923353 0.922133 0.880842 0.989430 0.994970 0.849683 0.857852
0.823816 0.907035 0.449395 0.000000 0.870470 0.868743 0.337589 0.470926 0.678542 0.568835 0.824673 0.814877 0.655090 0.796505 0.727407 0.568453 0.825953 0.866087 0.570659 0.794408 0.881509 0.895090 0.454390 0.498646 0.620723 0.659141 0.991990 0.977522 0.896491 0.741386 0.479497 0.666678 0.628930 0.643023 0.780919 0.919002 0.634591 0.782303 0.684817 0.928638 0.832378 0.930993 0.514890 0.620495 0.964308 0.954847 0.695695 0.662966 0.738254 0.909860 0.995539 0.894184 0.803267 0.769313 0.933844 0.857329 0.869108 0.945475 0.728205 0.922064 0.667577 0.916569 0.593586 0.827920 0.634508 0.661023 0.570039 0.726875 0.878939 0.926247 0.622170 0.631358 0.644543 0.765001 0.751794 0.809203 0.622137 0.880010 0.743852 0.836111 0.794134 0.736585 0.954210 0.816822 0.680027 0.645664 0.931186 0.995960 0.955897 0.961355 0.693973 0.661089 0.760197 0.715022 0.928780 0.857660 0.878609 0.981300 0.880188 0.727022 0.948441 0.617029 0.739699 0.752114 0.790846 0.614208 0.973207 0.881542 0.837633 0.829012 0.902941 0.923736 0.925360 0.940905 0.994518 0.927698
0.874578 0.949597 0.797571 0.870470 0.000000 0.907551 0.867026 0.995423 0.813316 0.951050 0.824002 0.963507 0.761432 0.954605 0.764576 0.980398 0.971416 0.902636 0.868690 0.971457 0.843946 0.862185 0.897697 0.977269 0.774838 0.849139 0.843306 0.879613 0.865082 0.955059 0.921989 0.933473 0.806675 0.759448 0.897333 0.880467 0.968989 0.917193 0.799367 0.899031 0.853478 0.976132 0.869078 0.773824 0.707574 0.809485 0.883798 0.724090 0.930772 0.905677 0.894162 0.982914 0.912716 0.883280 0.932508 0.874527 0.982227 0.972481 0.863297 0.905148 0.730674 0.968890 0.960124 0.904756 0.705538 0.686593 0.752727 0.639378 0.829616 0.966468 0.975874 0.935479 0.950715 0.780423 0.938459 0.883974 0.898230 0.968879 0.955345 0.979908 0.913068 0.928512 0.967531 0.968649 0.811926 0.775594 0.849159 0.944780 0.871110 0.850461 0.978122 0.982518 0.925953 0.871822 0.898261 0.948362 0.962738 0.957464 0.943092 0.922892 0.920425 0.971168 0.995308 0.870383 0.769882 0.841814 0.942818 0.956169 0.956804 0.951719 0.810012 0.953105 0.963301 0.927674 0.849821 0.688690
0.876458 0.886698 0.958448 0.868743 0.907551 0.000000 0.877996 0.748750 0.875379 0.854658 0.897504 0.818800 0.763510 0.954556 0.947292 0.780878 0.979908 0.968749 0.932317 0.951170 0.870376 0.816258 0.959527 0.970104 0.888617 0.856996 0.941107 0.843906 0.951899 0.939330 0.885135 0.954113 0.912288 0.857455 0.773780 0.823799 0.844818 0.811437 0.898987 0.921395 0.969779 0.973761 0.987959 0.883801 0.913063 0.839369 0.917862 0.952937 0.946494 0.974767 0.940981 0.944206 0.979140 0.766211 0.969720 0.947323 0.932983 0.916144 0.803033 0.914046 0.705437 0.771074 0.851127 0.857676 0.996035 0.791422 0.881851 0.754711 0.964411 0.951087 0.882842 0.967521 0.963241 0.881696 0.923546 0.983052 0.935359 0.946298 0.980589 0.952024 0.868736 0.849946 0.934353 0.992663 0.951765 0.998628 0.965486 0.830635 0.954235 0.966472 0.747855 0.802848 0.702390 0.840912 0.959754 0.939275 0.858456 0.817665 0.824683 0.958872 0.756546 0.788709 0.825082 0.938836 0.951524 0.843030 0.968322 0.986253 0.996461 0.968878 0.823115 0.843989 0.987469 0.910326 0.999205 0.802209
0.806395 0.946052 0.342713 0.337589 0.867026 0.877996 0.000000 0.551134 0.662197 0.604263 0.706284 0.942055 0.676028 0.831130 0.660795 0.669172 0.762099 0.806859 0.498075 0.809531 0.828493 0.843466 0.428357 0.534121 0.537310 0.598300 0.993073 0.994080 0.833727 0.739260 0.427804 0.584496 0.541761 0.521630 0.695650 0.952173 0.770359 0.953323 0.666862 0.981026 0.895771 0.956264 0.477198 0.595460 0.818104 0.867986 0.573858 0.602990 0.746228 0.929497 0.969516 0.918317 0.855139 0.834354 0.912837 0.872095 0.834750 0.945540 0.681938 0.889614 0.656222 0.906756 0.539177 0.903311 0.575898 0.691096 0.421730 0.628410 0.827740 0.899025 0.693404 0.697832 0.641651 0.750354 0.775401 0.758417 0.650251 0.817807 0.661920 0.712524 0.764268 0.680970 0.939293 0.900181 0.535379 0.593614 0.921281 0.962509 0.981052 0.992210 0.724100 0.659571 0.753236 0.657974 0.931580 0.840655 0.876388 0.911298 0.831710 0.685213 0.903387 0.599934 0.781685 0.773576 0.781275 0.604332 0.983664 0.843755 0.919101 0.843796 0.815013 0.917089 0.856366 0.953523 0.891970 0.883058
0.699452 0.586446 0.809703 0.470926 0.995423 0.748750 0.551134 0.000000 0.797331 0.458238 0.784039 0.484529 0.638952 0.525699 0.799303 0.416211 0.650020 0.676325 0.540643 0.594391 0.918220 0.876713 0.649803 0.618255 0.862922 0.891132 0.854341 0.882443 0.673939 0.586499 0.648313 0.645585 0.630745 0.590912 0.847553 0.995965 0.689530 0.885076 0.890979 0.952748 0.871706 0.756132 0.675769 0.624184 0.981172 0.900440 0.839489 0.748462 0.792431 0.792383 0.985284 0.872391 0.947514 0.965617 0.942572 0.851184 0.603238 0.620374 0.779222 0.918760 0.678673 0.642163 0.492840 0.472808 0.944211 0.839206 0.774661 0.793486 0.699038 0.760928 0.509339 0.597030 0.577527 0.725559 0.883122 0.883327 0.629974 0.749220 0.681373 0.717507 0.572498 0.559164 0.828919 0.650040 0.980413 0.833707 0.921361 0.972477 0.849044 0.999776 0.532226 0.517835 0.625355 0.691459 0.893127 0.796170 0.716428 0.859595 0.655001 0.615574 0.680565 0.568713 0.638506 0.509289 0.763706 0.687788 0.939730 0.848717 0.790463 0.784686 0.773688 0.871493 0.798501 0.795208 0.971383 0.947566
0.954414 0.951331 0.647866 0.678542 0.813316 0.875379 0.662197 0.797331 0.000000 0.738591 0.910635 0.960351 0.759363 0.981720 0.751954 0.810505 0.953921 0.967491 0.888624 0.993005 0.878299 0.802577 0.791582 0.898364 0.788192 0.761421 0.963211 0.825158 0.957380 0.960699 0.799675 0.952415 0.932170 0.885071 0.740786 0.880793 0.876140 0.986551 0.818686 0.808418 0.858322 0.953597 0.798064 0.832075 0.785045 0.879899 0.642292 0.782212 0.986902 0.926079 0.864248 0.869053 0.756396 0.877906 0.916024 0.930507 0.961478 0.929406 0.635037 0.789694 0.668936 0.908065 0.887471 0.956959 0.683496 0.724067 0.665811 0.769603 0.830844 0.977136 0.853619 0.819073 0.985810 0.893960 0.955521 0.832356 0.786910 0.942965 0.915427 0.951222 0.959356 0.996783 0.886654 0.988466 0.858799 0.959010 0.803856 0.808237 0.797882 0.847507 0.682849 0.764962 0.725705 0.703725 0.892161 0.873306 0.918135 0.976464 0.879107 0.829758 0.990776 0.956696 0.859252 0.933979 0.785474 0.706549 0.885320 0.837165 0.931030 0.923609 0.853790 0.977008 0.934272 0.925491 0.837517 0.781125
0.673050 0.596613 0.864547 0.568835 0.951050 0.854658 0.604263 0.458238 0.738591 0.000000 0.755310 0.691112 0.863895 0.686562 0.833736 0.611791 0.610393 0.614042 0.516235 0.533021 0.954381 0.969079 0.706947 0.736049 0.921770 0.963030 0.915556 0.926193 0.716917 0.638116 0.638890 0.635144 0.671764 0.576718 0.776157 0.992196 0.638330 0.855729 0.985783 0.975403 0.886416 0.797695 0.583663 0.625702 0.853855 0.838447 0.784690 0.725102 0.975371 0.932742 0.957699 0.892356 0.950113 0.972756 0.919794 0.799055 0.571427 0.649288 0.812149 0.983282 0.827809 0.841751 0.563035 0.569981 0.919996 0.952193 0.763880 0.859001 0.741251 0.896154 0.478484 0.552823 0.640355 0.685017 0.929545 0.746587 0.599444 0.695580 0.694189 0.743954 0.529973 0.584197 0.866807 0.771053 0.999488 0.862984 0.872851 0.922258 0.694673 0.910624 0.495712 0.542431 0.620910 0.748082 0.919635 0.850992 0.760480 0.893611 0.593567 0.590453 0.853448 0.760387 0.555646 0.562966 0.846459 0.813148 0.971606 0.778635 0.831590 0.953916 0.853387 0.719460 0.811394 0.901724 0.986331 0.937166
0.536367 0.617744 0.825799 0.824673 0.824002 0.897504 0.706284 0.784039 0.910635 0.755310 0.000000 0.615909 0.700834 0.780378 0.771640 0.791465 0.529476 0.544021 0.551116 0.523155 0.811796 0.877172 0.951016 0.880164 0.923645 0.985764 0.937437 0.838559 0.617603 0.580213 0.805351 0.737991 0.602827 0.515281 0.941047 0.961151 0.992670 0.973045 0.924161 0.890298 0.900872 0.975226 0.771236 0.645279 0.789470 0.820072 0.764999 0.764303 0.949170 0.980510 0.906582 0.888755 0.855179 0.720704 0.940092 0.853102 0.565971 0.591370 0.763787 0.865421 0.726730 0.994177 0.543669 0.656684 0.941367 0.966190 0.686370 0.691733 0.554575 0.659809 0.758022 0.800875 0.644679 0.735849 0.974298 0.726387 0.808078 0.785687 0.652091 0.521750 0.565981 0.506365 0.922872 0.857986 0.924861 0.970494 0.786174 0.907922 0.919664 0.814680 0.872706 0.934869 0.925177 0.955784 0.871814 0.855244 0.817443 0.999477 0.595922 0.725781 0.963341 0.882008 0.727197 0.732336 0.753874 0.893889 0.860131 0.895041 0.974503 0.831296 0.849585 0.936926 0.910340 0.871514 0.866715 0.816422
0.547995 0.421222 0.838468 0.814877 0.963507 0.818800 0.942055 0.484529 0.960351 0.691112 0.615909 0.000000 0.707660 0.512134 0.828102 0.523642 0.525018 0.532845 0.617355 0.511146 0.905160 0.928313 0.974890 0.860203 0.927836 0.764480 0.901464 0.791735 0.592949 0.517166 0.960162 0.796175 0.663292 0.675461 0.854913 0.990795 0.802742 0.861916 0.888601 0.922781 0.797938 0.780107 0.923621 0.719440 0.954510 0.931126 0.973160 0.879352 0.900994 0.826902 0.932347 0.847982 0.847949 0.811213 0.853416 0.967255 0.460533 0.433649 0.904112 0.817916 0.782785 0.647374 0.495831 0.335499 0.648883 0.970418 0.983097 0.923062 0.607774 0.670853 0.597658 0.662808 0.639295 0.778956 0.988066 0.963541 0.773169 0.750193 0.729857 0.686577 0.483770 0.484560 0.786743 0.558379 0.785490 0.994162 0.862638 0.999338 0.859256 0.862559 0.735419 0.737074 0.805833 0.936028 0.980274 0.808264 0.767568 0.721163 0.597758 0.661830 0.669988 0.831257 0.726939 0.529540 0.748730 0.912277 0.914097 0.977087 0.848221 0.753336 0.788351 0.855651 0.871291 0.825502 0.998596 0.911451
0.918683 0.896855 0.658982 0.655090 0.761432 0.763510 0.676028 0.638952 0.759363 0.863895 0.700834 0.707660 0.000000 0.651686 0.551224 0.557968 0.866400 0.803892 0.786521 0.889065 0.735598 0.885979 0.728642 0.755110 0.765103 0.794593 0.945384 0.960567 0.764758 0.712217 0.755395 0.850895 0.669766 0.696796 0.899216 0.930274 0.854141 0.980484 0.884021 0.847943 0.987983 0.987409 0.824924 0.742332 0.908429 0.979522 0.832582 0.815109 0.737364 0.905004 0.842061 0.925568 0.959989 0.857585 0.967813 0.975412 0.925604 0.924849 0.820949 0.893509 0.610954 0.865742 0.682434 0.752749 0.741766 0.787338 0.762459 0.720106 0.910631 0.992862 0.835164 0.886373 0.892923 0.891216 0.890325 0.805227 0.849262 0.718819 0.788896 0.715284 0.813138 0.701152 0.840256 0.852684 0.801685 0.800374 0.879490 0.975510 0.748681 0.968050 0.885680 0.872358 0.835072 0.841937 0.964613 0.864552 0.893670 0.942129 0.887569 0.945963 0.971102 0.812342 0.872841 0.873647 0.718251 0.700361 0.970415 0.932109 0.870283 0.774696 0.959735 0.993563 0.985315 0.911350 0.933327 0.836245
0.800657 0.613942 0.936627 0.796505 0.954605 0.954556 0.831130 0.525699 0.981720 0.686562 0.780378 0.512134 0.651686 0.000000 0.598808 0.468659 0.579673 0.533477 0.583650 0.583234 0.924048 0.951205 0.732437 0.674329 0.931591 0.848583 0.956423 0.795448 0.569391 0.507601 0.814876 0.618121 0.702395 0.723694 0.838799 0.988973 0.920132 0.951504 0.905116 0.961412 0.990934 0.869507 0.742618 0.744020 0.990293 0.981157 0.956789 0.843604 0.814951 0.719824 0.818852 0.778741 0.904418 0.944996 0.867743 0.847842 0.590629 0.621181 0.882476 0.854383 0.937618 0.962213 0.546767 0.519278 0.820089 0.840055 0.939671 0.948900 0.843016 0.964288 0.678045 0.735908 0.719430 0.837284 0.953290 0.849902 0.747244 0.633854 0.666171 0.608395 0.549352 0.478148 0.609428 0.660959 0.948426 0.831510 0.936674 0.769569 0.873608 0.809695 0.825037 0.756582 0.929935 0.942977 0.956850 0.749636 0.888218 0.862117 0.708396 0.645039 0.814898 0.811147 0.696029 0.609685 0.874101 0.995246 0.955625 0.934022 0.841945 0.766738 0.898470 0.824795 0.902593 0.806827 0.998583 0.949399
0.935668 0.909105 0.707268 0.727407 0.764576 0.947292 0.660795 0.799303 0.751954 0.833736 0.771640 0.828102 0.551224 0.598808 0.000000 0.586460 0.729194 0.689240 0.631150 0.786792 0.710499 0.770234 0.549269 0.645990 0.620945 0.843796 0.848386 0.925205 0.602142 0.634996 0.717075 0.680361 0.654758 0.685024 0.961163 0.932440 0.902616 0.988450 0.859793 0.769649 0.938553 0.955606 0.583684 0.630842 0.779432 0.882975 0.709005 0.583041 0.889852 0.990059 0.883140 0.995990 0.926929 0.981777 0.941030 0.869085 0.832581 0.936152 0.984628 0.830415 0.872770 0.848687 0.664462 0.838227 0.676512 0.843488 0.791630 0.841371 0.928950 0.932088 0.840188 0.881212 0.870885 0.910842 0.965088 0.763013 0.752573 0.602925 0.617371 0.670548 0.720440 0.672674 0.714296 0.794212 0.594565 0.607800 0.964140 0.933630 0.860138 0.928406 0.931946 0.878647 0.940789 0.937615 0.918110 0.741768 0.992737 0.956206 0.806734 0.710038 0.849963 0.938137 0.879703 0.920762 0.777120 0.761324 0.938748 0.927984 0.911821 0.819788 0.846196 0.873599 0.979428 0.866927 0.841869 0.819696
0.833488 0.678205 0.854388 0.568453 0.980398 0.780878 0.669172 0.416211 0.810505 0.611791 0.791465 0.523642 0.557968 0.468659 0.586460 0.000000 0.650038 0.629575 0.578213 0.614888 0.833715 0.822889 0.559599 0.508806 0.777235 0.933840 0.950664 0.931603 0.615989 0.475417 0.731802 0.603082 0.712890 0.698942 0.990157 0.956730 0.753244 0.902582 0.931545 0.921973 0.877417 0.875164 0.711890 0.665273 0.944966 0.987082 0.886712 0.751391 0.744295 0.804149 0.879752 0.825655 0.969310 0.995515 0.820812 0.818017 0.675935 0.690282 0.996229 0.917551 0.813799 0.822845 0.537160 0.530001 0.991094 0.877299 0.949985 0.961463 0.852117 0.934199 0.569255 0.699518 0.693160 0.848262 0.921796 0.843846 0.733212 0.656580 0.731197 0.695823 0.596844 0.548054 0.714382 0.601679 0.890345 0.724479 0.934936 0.802534 0.956773 0.997217 0.745414 0.738189 0.841406 0.894545 0.979421 0.725441 0.872527 0.842614 0.772057 0.674118 0.848831 0.834498 0.757576 0.610636 0.756925 0.843317 0.930205 0.998390 0.855548 0.770210 0.879870 0.971473 0.881278 0.883074 0.971038 0.896598
0.491869 0.400001 0.996359 0.825953 0.971416 0.979908 0.762099 0.650020 0.953921 0.610393 0.529476 0.525018 0.866400 0.579673 0.729194 0.650038 0.000000 0.299555 0.417055 0.392075 0.845383 0.867137 0.796386 0.762251 0.923720 0.812006 0.935462 0.789463 0.425809 0.405795 0.758383 0.579926 0.488734 0.477570 0.985846 0.905166 0.825233 0.843513 0.948913 0.937311 0.742745 0.842261 0.578386 0.501635 0.778529 0.788307 0.822480 0.740263 0.968459 0.959529 0.882500 0.851026 0.756195 0.744404 0.850828 0.972706 0.299655 0.372509 0.902770 0.965752 0.909508 0.974157 0.423864 0.440613 0.822242 0.938309 0.781187 0.818691 0.591824 0.648328 0.550998 0.587660 0.670322 0.687521 0.927750 0.775756 0.671475 0.651750 0.551997 0.492492 0.327243 0.355352 0.680534 0.657692 0.933447 0.759951 0.913190 0.995466 0.797568 0.856212 0.806459 0.778274 0.871228 0.959894 0.915394 0.731790 0.778114 0.897484 0.570890 0.508516 0.838658 0.910467 0.622149 0.535319 0.744205 0.970487 0.911419 0.945372 0.979237 0.764094 0.673058 0.706390 0.721575 0.831027 0.890392 0.901603
0.532054 0.370386 0.957582 0.866087 0.902636 0.968749 0.806859 0.676325 0.967491 0.614042 0.544021 0.532845 0.803892 0.533477 0.689240 0.629575 0.299555 0.000000 0.425463 0.364441 0.845216 0.909531 0.776331 0.740498 0.913349 0.763660 0.866432 0.785276 0.372965 0.352294 0.798409 0.579642 0.492828 0.461222 0.964654 0.903091 0.850189 0.858134 0.872259 0.956666 0.825489 0.813992 0.578280 0.481722 0.740614 0.763442 0.867905 0.695001 0.958219 0.978381 0.845425 0.869705 0.746339 0.685253 0.826087 0.970257 0.298920 0.352685 0.983926 0.922061 0.940416 0.965033 0.437858 0.448223 0.833736 0.967729 0.814905 0.840853 0.616520 0.658273 0.586590 0.647294 0.687309 0.706206 0.957467 0.773170 0.646824 0.589456 0.562537 0.492057 0.295595 0.307876 0.587630 0.613163 0.903712 0.697026 0.984980 0.931844 0.743588 0.845579 0.859655 0.792706 0.912083 0.998873 0.957852 0.714471 0.811288 0.896532 0.563973 0.482539 0.860661 0.965036 0.614313 0.556466 0.755995 0.947353 0.937612 0.995637 0.979895 0.775259 0.673793 0.622103 0.738154 0.816569 0.901208 0.921840
0.573875 0.550630 0.733185 0.570659 0.868690 0.932317 0.498075 0.540643 0.888624 0.516235 0.551116 0.617355 0.786521 0.583650 0.631150 0.578213 0.417055 0.425463 0.000000 0.397143 0.893566 0.888419 0.533447 0.557218 0.731945 0.972829 0.993738 0.766406 0.521732 0.479968 0.601916 0.437919 0.440461 0.437320 0.936475 0.929672 0.779682 0.910000 0.926363 0.980692 0.884884 0.903434 0.522252 0.560058 0.885143 0.932603 0.779137 0.674940 0.743885 0.781651 0.754433 0.687914 0.781865 0.864789 0.890612 0.859335 0.452229 0.566976 0.951788 0.772099 0.907742 0.851673 0.388446 0.599385 0.957957 0.994307 0.662034 0.810345 0.660918 0.793501 0.466132 0.549768 0.579683 0.664340 0.909828 0.765553 0.597309 0.647162 0.547652 0.529821 0.418065 0.374060 0.696457 0.669109 0.722656 0.628034 0.903043 0.918549 0.740136 0.787938 0.697382 0.641109 0.778983 0.800668 0.902189 0.762957 0.794417 0.984776 0.598269 0.464915 0.966761 0.731531 0.630854 0.600425 0.787818 0.801083 0.958381 0.984729 0.999019 0.873891 0.776245 0.753531 0.827933 0.919046 0.914603 0.904883
0.537960 0.401904 0.941579 0.794408 0.971457 0.951170 0.809531 0.594391 0.993005 0.533021 0.523155 0.511146 0.889065 0.583234 0.786792 0.614888 0.392075 0.364441 0.397143 0.000000 0.927922 0.970885 0.817942 0.751062 0.982448 0.751310 0.967580 0.693702 0.466184 0.450131 0.834615 0.584082 0.607509 0.525768 0.904999 0.871766 0.796745 0.861649 0.907691 0.977440 0.876654 0.888111 0.680812 0.582094 0.942836 0.937798 0.941931 0.770143 0.858407 0.814567 0.775522 0.709681 0.707316 0.746487 0.767697 0.912921 0.376585 0.418348 0.971443 0.883661 0.990652 0.975306 0.470903 0.469169 0.759192 0.906617 0.874565 0.906439 0.557309 0.662866 0.482166 0.634629 0.607181 0.661464 0.980343 0.776630 0.670734 0.652736 0.595594 0.579924 0.366082 0.390264 0.712447 0.598722 0.950365 0.870038 0.997090 0.991576 0.638775 0.776524 0.741535 0.723070 0.867810 0.942192 0.935654 0.820117 0.826274 0.912226 0.555717 0.523082 0.846936 0.879531 0.627723 0.525187 0.819603 0.947529 0.978687 0.999577 0.969028 0.877348 0.753742 0.702628 0.858070 0.786184 0.954401 0.945568
0.903704 0.887652 0.859583 0.881509 0.843946 0.870376 0.828493 0.918220 0.878299 0.954381 0.811796 0.905160 0.735598 0.924048 0.710499 0.833715 0.845383 0.845216 0.893566 0.927922 0.000000 0.878456 0.859501 0.867967 0.778518 0.861057 0.815886 0.970281 0.916224 0.814004 0.936317 0.889701 0.787311 0.821115 0.962492 0.992556 0.961367 0.947053 0.895629 0.971231 0.998993 0.927784 0.854188 0.725466 0.877370 0.922751 0.814012 0.718997 0.949655 0.889702 0.942849 0.920444 0.959748 0.978806 0.872781 0.842707 0.858389 0.928213 0.862660 0.955851 0.720202 0.968625 0.791766 0.909831 0.795017 0.785081 0.821417 0.812440 0.929869 0.953993 0.935729 0.972538 0.866182 0.908102 0.882829 0.946228 0.969383 0.850742 0.973338 0.864696 0.869214 0.875579 0.975690 0.982955 0.817179 0.794403 0.959290 0.920823 0.938138 0.989949 0.993228 0.965500 0.945725 0.934125 0.929858 0.720882 0.863719 0.997805 0.923833 0.918493 0.961526 0.930126 0.828742 0.969310 0.898515 0.812314 0.986984 0.933306 0.885321 0.941342 0.716132 0.932898 0.944643 0.996315 0.900272 0.941513
0.847921 0.910151 0.788382 0.895090 0.862185 0.816258 0.843466 0.876713 0.802577 0.969079 0.877172 0.928313 0.885979 0.951205 0.770234 0.822889 0.867137 0.909531 0.888419 0.970885 0.878456 0.000000 0.824005 0.909154 0.748768 0.758048 0.870389 0.809323 0.827228 0.872976 0.842241 0.941863 0.863478 0.839436 0.890864 0.943615 0.941047 0.997594 0.829200 0.831955 0.853594 0.921772 0.807714 0.755556 0.767025 0.829748 0.814036 0.849940 0.883780 0.826791 0.890531 0.803065 0.851548 0.999287 0.863855 0.804889 0.886256 0.902870 0.760436 0.906241 0.835473 0.967377 0.874401 0.938366 0.827914 0.787630 0.817314 0.848138 0.856567 0.848612 0.886441 0.968859 0.917566 0.880911 0.814676 0.989079 0.848085 0.860648 0.781838 0.890857 0.888710 0.921405 0.811123 0.978860 0.883967 0.900389 0.979392 0.912466 0.856422 0.867762 0.919842 0.936803 0.895756 0.895205 0.836760 0.747007 0.891203 0.986472 0.793351 0.852195 0.979321 0.982352 0.844673 0.888310 0.788060 0.860253 0.962120 0.993761 0.907603 0.969564 0.762615 0.970504 0.905194 0.989778 0.841775 0.751806
0.985395 0.979050 0.523873 0.454390 0.897697 0.959527 0.428357 0.649803 0.791582 0.706947 0.951016 0.974890 0.728642 0.732437 0.549269 0.559599 0.796386 0.776331 0.533447 0.817942 0.859501 0.824005 0.000000 0.351761 0.547025 0.728776 0.919745 0.992099 0.806240 0.713876 0.510497 0.499214 0.651887 0.718869 0.920438 0.982277 0.806586 0.977462 0.744892 0.986646 0.971197 0.901549 0.527368 0.699746 0.946734 0.954055 0.782839 0.728397 0.660852 0.820670 0.799510 0.808951 0.967410 0.834674 0.875221 0.695700 0.881415 0.996862 0.914197 0.603240 0.964567 0.769338 0.674704 0.967135 0.581176 0.773366 0.725419 0.913457 0.911873 0.906246 0.592731 0.688741 0.850634 0.890156 0.835506 0.878888 0.632315 0.716421 0.766454 0.761647 0.791477 0.710635 0.745481 0.842754 0.491084 0.433755 0.775380 0.846161 0.976646 0.949777 0.835205 0.685908 0.854553 0.742301 0.896167 0.730605 0.996469 0.914294 0.937537 0.667313 0.831295 0.794388 0.919557 0.870945 0.875304 0.727603 0.981945 0.923248 0.990248 0.886896 0.913672 0.930893 0.897522 0.943161 0.927886 0.896776
0.970573 0.906833 0.708945 0.498646 0.977269 0.970104 0.534121 0.618255 0.898364 0.736049 0.880164 0.860203 0.755110 0.674329 0.645990 0.508806 0.762251 0.740498 0.557218 0.751062 0.867967 0.909154 0.351761 0.000000 0.628002 0.913184 0.952458 0.891316 0.731408 0.649664 0.637761 0.472043 0.723880 0.767868 0.912098 0.955478 0.819301 0.939295 0.779708 0.940515 0.969679 0.966727 0.629503 0.796001 0.908662 0.881625 0.879221 0.806578 0.660293 0.766626 0.812322 0.783643 0.934101 0.792495 0.857563 0.666427 0.830723 0.922198 0.822955 0.560070 0.964563 0.864362 0.657435 0.865345 0.818918 0.902488 0.890480 0.919827 0.927541 0.981906 0.641990 0.662720 0.724653 0.734585 0.924257 0.882408 0.695651 0.763540 0.769513 0.708330 0.735567 0.636922 0.769127 0.787696 0.588518 0.487347 0.855346 0.814913 0.980524 0.933668 0.847207 0.747840 0.935492 0.866062 0.816862 0.769606 0.994435 0.929748 0.927715 0.677021 0.985951 0.729955 0.871599 0.799230 0.821263 0.841524 0.918887 0.931968 0.980911 0.934726 0.964330 0.975840 0.940804 0.966341 0.904009 0.948226
0.972532 0.959301 0.456921 0.620723 0.774838 0.888617 0.537310 0.862922 0.788192 0.921770 0.923645 0.927836 0.765103 0.931591 0.620945 0.777235 0.923720 0.913349 0.731945 0.982448 0.778518 0.748768 0.547025 0.628002 0.000000 0.565081 0.788002 0.869563 0.885146 0.782147 0.569169 0.701507 0.679877 0.681166 0.773525 0.998146 0.870768 0.866438 0.676286 0.864722 0.891746 0.995258 0.612219 0.695143 0.791229 0.799411 0.672434 0.632681 0.908804 0.900820 0.985641 0.855118 0.889986 0.927538 0.916170 0.906317 0.974999 0.901584 0.863930 0.819688 0.763831 0.838300 0.819901 0.914577 0.495167 0.651322 0.669011 0.729398 0.947464 0.985515 0.935605 0.930899 0.953529 0.936411 0.853353 0.936970 0.720280 0.852998 0.803417 0.918928 0.975541 0.876514 0.915881 0.959156 0.529797 0.529701 0.789407 0.901042 0.854609 0.947622 0.938881 0.998874 0.971391 0.913436 0.888769 0.817578 0.870570 0.993831 0.978680 0.880347 0.888330 0.993275 0.996826 0.925685 0.822961 0.678779 0.905775 0.989081 0.980414 0.983130 0.833849 0.927956 0.949671 0.948924 0.912245 0.810246
0.876452 0.735778 0.450321 0.659141 0.849139 0.856996 0.598300 0.891132 0.761421 0.963030 0.985764 0.764480 0.794593 0.848583 0.843796 0.933840 0.812006 0.763660 0.972829 0.751310 0.861057 0.758048 0.728776 0.913184 0.565081 0.000000 0.799760 0.711351 0.804211 0.893630 0.651940 0.940948 0.892316 0.897581 0.648687 0.861322 0.861118 0.981817 0.675176 0.906651 0.891657 0.866028 0.802303 0.812262 0.817983 0.849188 0.676887 0.761401 0.963590 0.852398 0.868214 0.788862 0.756026 0.868870 0.894677 0.972359 0.761244 0.717858 0.695973 0.922442 0.658632 0.990142 0.953350 0.770258 0.486712 0.592233 0.629310 0.626496 0.913258 0.961638 0.973520 0.978854 0.921746 0.846492 0.770622 0.923626 0.967650 0.951669 0.988290 0.894780 0.785360 0.834477 0.925180 0.815976 0.694300 0.803243 0.908639 0.987293 0.767528 0.859393 0.957115 0.940323 0.965551 0.913244 0.987847 0.983904 0.943022 0.976176 0.857426 0.880846 0.810107 0.930413 0.981751 0.811022 0.977774 0.725360 0.902123 0.931196 0.897897 0.951866 0.990041 0.789204 0.978360 0.942991 0.950108 0.807298
0.964625 0.992557 0.866374 0.991990 0.843306 0.941107 0.993073 0.854341 0.963211 0.915556 0.937437 0.901464 0.945384 0.956423 0.848386 0.950664 0.935462 0.866432 0.993738 0.967580 0.815886 0.870389 0.919745 0.952458 0.788002 0.799760 0.000000 0.970135 0.938219 0.844203 0.837399 0.919006 0.947309 0.900769 0.978155 0.888802 0.864057 0.889625 0.906705 0.967405 0.985736 0.939041 0.881351 0.737326 0.812608 0.886467 0.987415 0.833328 0.905828 0.754715 0.967129 0.877592 0.918392 0.943945 0.951944 0.925449 0.956240 0.990695 0.981030 0.999422 0.975134 0.868954 0.967867 0.939511 0.756394 0.794493 0.899046 0.927253 0.967706 0.826883 0.972206 0.938196 0.947158 0.920599 0.858703 0.989330 0.992463 0.884660 0.919397 0.989825 0.972637 0.975467 0.873852 0.943637 0.927248 0.795218 0.918736 0.879294 0.876460 0.938077 0.771647 0.837928 0.773187 0.911970 0.997601 0.914136 0.820833 0.972816 0.825436 0.900343 0.960480 0.845665 0.950428 0.837457 0.969287 0.962865 0.933534 0.982422 0.897513 0.924632 0.941247 0.969475 0.923035 0.981736 0.841868 0.902113
0.831400 0.781770 0.866804 0.977522 0.879613 0.843906 0.994080 0.882443 0.825158 0.926193 0.838559 0.791735 0.960567 0.795448 0.925205 0.931603 0.789463 0.785276 0.766406 0.693702 0.970281 0.809323 0.992099 0.891316 0.869563 0.711351 0.970135 0.000000 0.788218 0.792623 0.889269 0.958212 0.933448 0.847764 0.873077 0.901597 0.953067 0.970693 0.946462 0.855602 0.921030 0.893727 0.990564 0.921311 0.972823 0.983363 0.891206 0.936845 0.928651 0.909953 0.868985 0.799507 0.826456 0.920279 0.989635 0.971946 0.781792 0.768767 0.838257 0.900482 0.904601 0.941152 0.908722 0.925689 0.847401 0.974873 0.955913 0.984477 0.739457 0.919570 0.867762 0.975347 0.684996 0.731985 0.938006 0.953007 0.970088 0.953114 0.952748 0.771456 0.807899 0.756621 0.869899 0.801328 0.964156 0.891092 0.952137 0.736591 0.859625 0.679012 0.982562 0.933928 0.906616 0.991275 0.900580 0.986595 0.936439 0.995088 0.892545 0.805047 0.929709 0.871473 0.981104 0.892412 0.972199 0.863232 0.963789 0.880645 0.994160 0.956388 0.919871 0.895622 0.936522 0.901699 0.982101 0.846998
0.664059 0.538113 0.993687 0.896491 0.865082 0.951899 0.833727 0.673939 0.957380 0.716917 0.617603 0.592949 0.764758 0.569391 0.602142 0.615989 0.425809 0.372965 0.521732 0.466184 0.916224 0.827228 0.806240 0.731408 0.885146 0.804211 0.938219 0.788218 0.000000 0.399640 0.818859 0.639176 0.577848 0.527518 0.999169 0.967976 0.894954 0.967900 0.942230 0.973924 0.792947 0.876970 0.598873 0.528108 0.721371 0.698881 0.816552 0.659360 0.994584 0.929145 0.898510 0.976470 0.905181 0.782538 0.963554 0.955598 0.467763 0.475639 0.982989 0.952763 0.921182 0.955273 0.561549 0.538279 0.874457 0.974702 0.820069 0.830965 0.647542 0.688258 0.755955 0.829140 0.726428 0.768982 0.934229 0.736923 0.717029 0.574089 0.569393 0.525404 0.397219 0.410336 0.577878 0.619858 0.898287 0.764491 0.892369 0.874599 0.826306 0.908841 0.888709 0.854106 0.947274 0.941357 0.914319 0.729002 0.849693 0.892625 0.623768 0.589205 0.802757 0.864696 0.741598 0.671764 0.761016 0.943780 0.978798 0.948167 0.959733 0.798449 0.695207 0.738980 0.758156 0.836549 0.937612 0.896408
0.678684 0.509840 0.924702 0.741386 0.955059 0.939330 0.739260 0.586499 0.960699 0.638116 0.580213 0.517166 0.712217 0.507601 0.634996 0.475417 0.405795 0.352294 0.479968 0.450131 0.814004 0.872976 0.713876 0.649664 0.782147 0.893630 0.844203 0.792623 0.399640 0.000000 0.710696 0.575619 0.579639 0.488406 0.939981 0.958128 0.851112 0.820549 0.985940 0.955807 0.865955 0.853667 0.546961 0.432531 0.838901 0.759619 0.809421 0.597888 0.906199 0.984266 0.856538 0.901425 0.882252 0.847929 0.822193 0.916818 0.430126 0.476624 0.984106 0.921091 0.854439 0.902364 0.514012 0.486382 0.937003 0.896001 0.859291 0.840411 0.698668 0.746127 0.634034 0.753676 0.649439 0.688850 0.919409 0.821156 0.724645 0.641138 0.578053 0.552712 0.419313 0.391698 0.575132 0.627374 0.929495 0.755700 0.960271 0.825302 0.887074 0.851358 0.928531 0.897068 0.929834 0.963529 0.999876 0.755706 0.912464 0.840903 0.721905 0.618363 0.870400 0.913655 0.728497 0.576128 0.757759 0.890070 0.910978 0.924400 0.895289 0.748495 0.759533 0.825280 0.730137 0.834348 0.932227 0.835445
0.827401 0.892281 0.491182 0.479497 0.921989 0.885135 0.427804 0.648313 0.799675 0.638890 0.805351 0.960162 0.755395 0.814876 0.717075 0.731802 0.758383 0.798409 0.601916 0.834615 0.936317 0.842241 0.510497 0.637761 0.569169 0.651940 0.837399 0.889269 0.818859 0.710696 0.000000 0.632894 0.568262 0.547385 0.699071 0.970029 0.785458 0.904534 0.686623 0.911651 0.864423 0.885912 0.507081 0.573016 0.761073 0.790885 0.647327 0.695193 0.893147 0.964298 0.992489 0.987284 0.900919 0.993636 0.918790 0.935468 0.855690 0.921675 0.755841 0.911643 0.741011 0.892104 0.681609 0.888469 0.644341 0.778804 0.585186 0.706333 0.943706 0.957197 0.709899 0.777257 0.875216 0.916878 0.850209 0.835658 0.689060 0.804706 0.760659 0.786988 0.804630 0.754034 0.854236 0.954803 0.680385 0.693447 0.941395 0.985208 0.938107 0.978444 0.838362 0.813399 0.902726 0.771022 0.977788 0.983512 0.882410 0.981787 0.888933 0.829272 0.978789 0.703638 0.865747 0.888738 0.926065 0.750532 0.998602 0.863299 0.987710 0.918119 0.942677 0.894935 0.840309 0.983984 0.914796 0.817598
0.827168 0.755558 0.771049 0.666678 0.933473 0.954113 0.584496 0.645585 0.952415 0.635144 0.737991 0.796175 0.850895 0.618121 0.680361 0.603082 0.579926 0.579642 0.437919 0.584082 0.889701 0.941863 0.499214 0.472043 0.701507 0.940948 0.919006 0.958212 0.639176 0.575619 0.632894 0.000000 0.587586 0.599645 0.985901 0.889093 0.871088 0.962549 0.964261 0.954557 0.957671 0.974206 0.543149 0.692510 0.952358 0.977748 0.836511 0.765221 0.752524 0.754401 0.793734 0.753277 0.913178 0.941595 0.851033 0.747331 0.625358 0.747949 0.881680 0.651425 0.955254 0.762770 0.545190 0.732258 0.924438 0.949517 0.820839 0.944219 0.912101 0.962011 0.618019 0.701090 0.779246 0.788782 0.991864 0.829693 0.696301 0.664931 0.632260 0.669825 0.604751 0.546341 0.698709 0.823900 0.693173 0.621831 0.891161 0.848090 0.773012 0.910738 0.840501 0.758013 0.885294 0.914152 0.917536 0.735381 0.863183 0.943693 0.780406 0.568439 0.963501 0.786727 0.805024 0.713091 0.918168 0.914559 0.968888 0.954709 0.990923 0.911046 0.814651 0.877817 0.915332 0.959620 0.923195 0.888702
0.505709 0.552283 0.671117 0.628930 0.806675 0.912288 0.541761 0.630745 0.932170 0.671764 0.602827 0.663292 0.669766 0.702395 0.654758 0.712890 0.488734 0.492828 0.440461 0.607509 0.787311 0.863478 0.651887 0.723880 0.679877 0.892316 0.947309 0.933448 0.577848 0.579639 0.568262 0.587586 0.000000 0.365574 0.814896 0.943958 0.734243 0.828005 0.920770 0.912331 0.799888 0.842991 0.505571 0.482225 0.677858 0.714457 0.761466 0.654795 0.919657 0.967626 0.910017 0.954957 0.876265 0.746150 0.958966 0.980997 0.520143 0.585549 0.752930 0.993590 0.703345 0.923394 0.440600 0.619936 0.870186 0.893880 0.561135 0.591337 0.730243 0.731899 0.629832 0.628936 0.776810 0.930497 0.905692 0.870416 0.631680 0.639014 0.614213 0.623229 0.524742 0.467645 0.767963 0.706889 0.708617 0.598179 0.983436 0.953517 0.893944 0.897480 0.803219 0.728662 0.776461 0.849286 0.968212 0.776128 0.898582 0.968349 0.635506 0.656754 0.993050 0.821494 0.720853 0.696204 0.713184 0.743387 0.992168 0.976428 0.973270 0.838864 0.693048 0.774376 0.822183 0.887875 0.862030 0.970828
0.554746 0.535989 0.686877 0.643023 0.759448 0.857455 0.521630 0.590912 0.885071 0.576718 0.515281 0.675461 0.696796 0.723694 0.685024 0.698942 0.477570 0.461222 0.437320 0.525768 0.821115 0.839436 0.718869 0.767868 0.681166 0.897581 0.900769 0.847764 0.527518 0.488406 0.547385 0.599645 0.365574 0.000000 0.732921 0.884663 0.700338 0.875868 0.893523 0.903312 0.837332 0.885751 0.477668 0.393733 0.596908 0.645083 0.665617 0.562382 0.958467 0.924227 0.939369 0.967264 0.863005 0.749173 0.984484 0.978943 0.489425 0.570820 0.714326 0.959935 0.673326 0.997700 0.468951 0.624694 0.877204 0.830005 0.517298 0.547896 0.620241 0.654895 0.620667 0.729881 0.669261 0.823469 0.923346 0.773118 0.634625 0.651965 0.550660 0.598803 0.476081 0.471123 0.763069 0.724347 0.771704 0.696929 0.963819 0.922605 0.847233 0.891168 0.753336 0.732823 0.808568 0.793268 0.953063 0.802795 0.839462 0.879547 0.579733 0.612535 0.968295 0.743518 0.707612 0.660537 0.689682 0.712780 0.987095 0.939602 0.994091 0.825510 0.625090 0.713958 0.677922 0.873015 0.889090 0.821677
0.942553 0.995022 0.667139 0.780919 0.897333 0.773780 0.695650 0.847553 0.740786 0.776157 0.941047 0.854913 0.899216 0.838799 0.961163 0.990157 0.985846 0.964654 0.936475 0.904999 0.962492 0.890864 0.920438 0.912098 0.773525 0.648687 0.978155 0.873077 0.999169 0.939981 0.699071 0.985901 0.814896 0.732921 0.000000 0.979168 0.777255 0.935267 0.758832 0.980611 0.919919 0.942083 0.743170 0.753091 0.621095 0.684101 0.764479 0.741814 0.941295 0.761594 0.817053 0.791937 0.808446 0.961656 0.736484 0.901216 0.988918 0.982044 0.563104 0.758697 0.580714 0.870717 0.917337 0.997372 0.663108 0.635476 0.543110 0.545533 0.897812 0.906184 0.988412 0.972073 0.999306 0.891480 0.890521 0.887701 0.906031 0.985851 0.975164 0.997199 0.980579 0.983265 0.997753 0.994308 0.831626 0.819487 0.948582 0.821772 0.937710 0.719617 0.806590 0.837333 0.703704 0.795942 0.833924 0.946111 0.762575 0.990238 0.899590 0.877461 0.936020 0.840904 0.851514 0.960422 0.855933 0.687291 0.942808 0.820275 0.995332 0.955860 0.824631 0.749319 0.993018 0.962609 0.854943 0.912239
0.983245 0.912972 0.995255 0.919002 0.880467 0.823799 0.952173 0.995965 0.880793 0.992196 0.961151 0.990795 0.930274 0.988973 0.932440 0.956730 0.905166 0.903091 0.929672 0.871766 0.992556 0.943615 0.982277 0.955478 0.998146 0.861322 0.888802 0.901597 0.967976 0.958128 0.970029 0.889093 0.943958 0.884663 0.979168 0.000000 0.910809 0.962153 0.990247 0.828714 0.966424 0.921230 0.967026 0.931832 0.982515 0.966905 0.819846 0.988888 0.883890 0.865807 0.902081 0.912145 0.804911 0.876044 0.863419 0.954482 0.872162 0.928264 0.921514 0.998545 0.999448 0.975093 0.969686 0.985248 0.996663 0.967488 0.944171 0.876757 0.932723 0.908998 0.859277 0.979339 0.939072 0.964210 0.930586 0.924190 0.946187 0.978262 0.827418 0.972288 0.918029 0.993343 0.820015 0.995757 0.893170 0.969248 0.879671 0.985054 0.937245 0.859080 0.888334 0.840782 0.904939 0.925664 0.941086 0.872421 0.972769 0.943301 0.969931 0.991806 0.925601 0.909413 0.886650 0.961972 0.973936 0.949028 0.950478 0.974174 0.899950 0.972484 0.902798 0.914357 0.961911 0.909695 0.955109 0.969932
0.744838 0.769015 0.856952 0.634591 0.968989 0.844818 0.770359 0.689530 0.876140 0.638330 0.992670 0.802742 0.854141 0.920132 0.902616 0.753244 0.825233 0.850189 0.779682 0.796745 0.961367 0.941047 0.806586 0.819301 0.870768 0.861118 0.864057 0.953067 0.894954 0.851112 0.785458 0.871088 0.734243 0.700338 0.777255 0.910809 0.000000 0.676706 0.962019 0.960833 0.779934 0.900111 0.756148 0.749469 0.913122 0.919234 0.999075 0.871162 0.909321 0.956656 0.849656 0.973976 0.986839 0.961751 0.976110 0.966346 0.758520 0.786750 0.812518 0.956765 0.779552 0.801275 0.746492 0.720373 0.938469 0.798176 0.854349 0.873775 0.838340 0.874396 0.625277 0.685263 0.787413 0.873525 0.848811 0.920054 0.766803 0.832211 0.805325 0.948670 0.783789 0.840439 0.889604 0.694800 0.972788 0.801169 0.987564 0.918013 0.967355 0.996215 0.779026 0.736372 0.786153 0.847296 0.854617 0.999939 0.851730 0.770054 0.768170 0.815254 0.900027 0.847784 0.864054 0.779735 0.733515 0.791134 0.942982 0.781975 0.871601 0.989398 0.809839 0.696965 0.892675 0.942114 0.993920 0.983131
0.722373 0.722323 0.951811 0.782303 0.917193 0.811437 0.953323 0.885076 0.986551 0.855729 0.973045 0.861916 0.980484 0.951504 0.988450 0.902582 0.843513 0.858134 0.910000 0.861649 0.947053 0.997594 0.977462 0.939295 0.866438 0.981817 0.889625 0.970693 0.967900 0.820549 0.904534 0.962549 0.828005 0.875868 0.935267 0.962153 0.676706 0.000000 0.950360 0.818132 0.894892 0.986277 0.789648 0.776977 0.924253 0.892973 0.954807 0.938320 0.816011 0.797608 0.753945 0.789870 0.879482 0.888204 0.903370 0.911339 0.794117 0.776739 0.819231 0.878310 0.838048 0.785506 0.851043 0.774066 0.944527 0.860215 0.985319 0.971058 0.817602 0.810968 0.773151 0.716970 0.889321 0.821860 0.843462 0.945403 0.811509 0.935099 0.931377 0.990196 0.911581 0.919281 0.955201 0.796626 0.979369 0.851768 0.953711 0.992534 0.916659 0.798844 0.936436 0.936487 0.886329 0.920810 0.993917 0.964801 0.994376 0.922773 0.899181 0.955760 0.914650 0.837312 0.926388 0.755979 0.842315 0.816962 0.903993 0.875987 0.837266 0.907493 0.894395 0.965022 0.924740 0.861704 0.889282 0.805288
