0.000000 0.127479 0.326263 0.366812 0.731096 0.634651 0.655360 0.518497 0.470849 0.589982 0.307263 0.225825 0.267113 0.300603 0.509124 0.588735 0.213128 0.186818 0.224601 0.168753 0.441405 0.962512 0.505493 0.334779 0.339311 0.575258 0.371873 0.830942 0.403983 0.379767 0.767047 0.610241 0.299693 0.403429 0.747403 0.966810 0.558194 0.580423 0.806385 0.696408 0.542950 0.661988 0.961743 0.807352 0.813628 0.970839 0.540291 0.623770 0.862311 0.704768 0.840623 0.750603 0.924420 0.597896 0.312437 0.427402 0.127689 0.132297 0.353147 0.293170 0.302543 0.429837 0.212745 0.223048 0.238523 0.340461 0.610423 0.723043 0.227121 0.262124 0.686386 0.463676 0.986456 0.820981 0.735329 0.979234 0.919991 0.874014 0.446401 0.388649 0.215269 0.248158 0.303049 0.195864 0.178568 0.166401 0.757151 0.491659 0.477386 0.229039 0.280387 0.356103 0.319366 0.364057 0.925298 0.943826 0.953402 0.851461 0.737647 0.825925 0.609280 0.635255 0.994834 0.781052 0.826444 0.831988 0.943871 0.808499 0.699158 0.750997 0.799814 0.950811 0.801758 0.991760 0.694624 0.534809
0.127479 0.000000 0.297996 0.316078 0.797955 0.646531 0.610841 0.454273 0.497957 0.642071 0.367679 0.226801 0.296671 0.308220 0.494889 0.549271 0.204791 0.195440 0.226454 0.183672 0.446463 0.986451 0.440312 0.307177 0.335567 0.558655 0.365147 0.866010 0.393306 0.361157 0.668568 0.564974 0.289813 0.346085 0.699989 0.912341 0.526921 0.558363 0.736355 0.734127 0.577108 0.634653 0.965568 0.738691 0.870852 0.908791 0.494452 0.575482 0.812362 0.646629 0.767935 0.673513 0.995825 0.682649 0.321979 0.390778 0.123108 0.124422 0.325154 0.281657 0.298263 0.390721 0.225410 0.208351 0.245843 0.341745 0.555641 0.666963 0.257062 0.254392 0.776224 0.497081 0.963368 0.871476 0.700126 0.995564 0.991926 0.908107 0.415491 0.356451 0.209738 0.285756 0.311932 0.218465 0.211903 0.175668 0.750807 0.536263 0.501064 0.235481 0.271544 0.347271 0.315379 0.339318 0.964224 0.973228 0.962940 0.874441 0.767362 0.873690 0.566897 0.650033 0.972040 0.830133 0.803942 0.793131 0.866372 0.788436 0.760812 0.728995 0.787420 0.972443 0.866670 0.994281 0.654602 0.560391
0.326263 0.297996 0.000000 0.213189 0.804954 0.745189 0.529445 0.406575 0.704848 0.762205 0.553653 0.421688 0.380251 0.436231 0.591502 0.578903 0.414852 0.398747 0.347414 0.359129 0.467366 0.978948 0.496415 0.392861 0.348509 0.470478 0.467436 0.956467 0.552330 0.552140 0.638473 0.544213 0.428362 0.438841 0.718949 0.980196 0.503418 0.555137 0.739182 0.629083 0.637743 0.605743 0.907091 0.731126 0.885852 0.945077 0.588024 0.667163 0.892814 0.696886 0.792288 0.730388 0.979896 0.789222 0.423555 0.534739 0.284994 0.297966 0.453979 0.390962 0.413653 0.425963 0.426937 0.407354 0.322345 0.366122 0.577857 0.692904 0.390352 0.357564 0.954413 0.719372 0.816951 0.937453 0.830100 0.855209 0.886870 0.891828 0.512168 0.524685 0.438467 0.484720 0.512974 0.466472 0.427530 0.322761 0.855234 0.784996 0.529787 0.410583 0.489232 0.552784 0.536457 0.518863 0.914021 0.988633 0.819616 0.963553 0.941643 0.983139 0.637557 0.812318 0.995256 0.869780 0.779959 0.735708 0.685215 0.896350 0.873121 0.805703 0.760135 0.963208 0.970520 0.924616 0.578936 0.661687
0.366812 0.316078 0.213189 0.000000 0.858288 0.826413 0.402138 0.241763 0.785829 0.943869 0.698233 0.475094 0.470600 0.458377 0.683988 0.522075 0.484964 0.486572 0.411409 0.481347 0.558987 0.979305 0.423843 0.371579 0.430681 0.469945 0.528664 0.964685 0.649286 0.604054 0.513705 0.496625 0.401164 0.408905 0.643475 0.917816 0.459012 0.552605 0.738348 0.618238 0.711549 0.623994 0.799288 0.638302 0.995556 0.823585 0.546093 0.609797 0.766659 0.577493 0.601052 0.525516 0.767347 0.989882 0.437059 0.481950 0.303582 0.319540 0.333160 0.268025 0.412683 0.357163 0.428201 0.386079 0.462731 0.389656 0.477398 0.535201 0.518171 0.307357 0.924687 0.757381 0.742595 0.902916 0.798072 0.826822 0.778751 0.850383 0.440260 0.517437 0.493180 0.630761 0.576415 0.523098 0.507762 0.346116 0.990167 0.832308 0.520320 0.403058 0.528511 0.606968 0.563159 0.531550 0.861031 0.985918 0.788509 0.876518 0.946811 0.883949 0.689630 0.910556 0.948386 0.791086 0.735347 0.654519 0.591629 0.940514 0.929210 0.753689 0.754627 0.845327 0.869050 0.838693 0.499682 0.752871
0.731096 0.797955 0.804954 0.858288 0.000000 0.639650 0.981181 0.989635 0.750536 0.676750 0.812217 0.896817 0.880797 0.912786 0.941141 0.814892 0.882498 0.855949 0.777472 0.748506 0.859147 0.896934 0.993765 0.977949 0.822990 0.931051 0.890732 0.974642 0.972633 0.983152 0.896753 0.964467 0.900969 0.986553 0.923424 0.739846 0.988750 0.946558 0.913335 0.923125 0.796688 0.999919 0.905806 0.970628 0.789265 0.880788 0.938747 0.982663 0.943904 0.983118 0.883249 0.895022 0.675863 0.583718 0.895321 0.917137 0.774498 0.801276 0.819132 0.763079 0.926455 0.938701 0.875109 0.896808 0.752316 0.964815 0.912138 0.956338 0.683000 0.822251 0.736979 0.736484 0.693113 0.676208 0.889893 0.991955 0.975584 0.875620 0.971538 0.975350 0.878517 0.816040 0.901026 0.819059 0.769452 0.762924 0.935898 0.832676 0.813086 0.779405 0.856012 0.846532 0.936820 0.813648 0.987281 0.920177 0.802924 0.838764 0.892074 0.921480 0.806119 0.769451 0.817397 0.962812 0.969100 0.939238 0.959473 0.963740 0.784216 0.867938 0.981479 0.889553 0.875588 0.961082 0.961945 0.721274
0.634651 0.646531 0.745189 0.826413 0.639650 0.000000 0.854903 0.936628 0.543679 0.623647 0.611024 0.687067 0.857960 0.779463 0.954836 0.955151 0.696078 0.678092 0.691716 0.624461 0.829059 0.867928 0.987677 0.824852 0.730397 0.974251 0.698749 0.925041 0.820571 0.765527 0.903100 0.917681 0.821958 0.927153 0.956386 0.982396 0.894622 0.970841 0.884760 0.984393 0.653178 0.871111 0.724720 0.816619 0.707378 0.856838 0.984036 0.999364 0.915423 0.930637 0.813247 0.822887 0.646521 0.496510 0.908420 0.872356 0.635900 0.642331 0.791111 0.776331 0.834024 0.960195 0.765459 0.754178 0.628260 0.914478 0.927802 0.941894 0.588999 0.756235 0.700193 0.677508 0.578316 0.581064 0.945714 0.843407 0.686860 0.704844 0.939992 0.950586 0.802828 0.727797 0.777395 0.656629 0.713861 0.729842 0.818125 0.849154 0.930362 0.736218 0.512637 0.617865 0.633670 0.649951 0.867796 0.845634 0.914864 0.919301 0.673364 0.681749 0.684544 0.680795 0.919549 0.963429 0.794737 0.828787 0.850685 0.696976 0.736200 0.931872 0.854465 0.877044 0.714215 0.807817 0.883474 0.740158
0.655360 0.610841 0.529445 0.402138 0.981181 0.854903 0.000000 0.195833 0.966317 0.560644 0.967238 0.698021 0.688481 0.679666 0.729787 0.626547 0.685596 0.714191 0.520364 0.727267 0.725674 0.938938 0.345874 0.685595 0.872982 0.788317 0.872069 0.997155 0.580221 0.707571 0.364033 0.403556 0.379322 0.339758 0.695047 0.994483 0.629603 0.654611 0.926796 0.762428 0.848386 0.624821 0.419525 0.346197 0.497420 0.424466 0.432365 0.468752 0.399233 0.325805 0.269611 0.273626 0.373495 0.559793 0.533693 0.491235 0.562732 0.603498 0.354807 0.411571 0.423657 0.364529 0.463676 0.453668 0.795679 0.657892 0.346178 0.352850 0.896509 0.567506 0.602384 0.914671 0.419918 0.540731 0.757889 0.565271 0.556969 0.552434 0.408224 0.584109 0.642374 0.900510 0.694659 0.829696 0.702034 0.684610 0.716981 0.965002 0.671934 0.686948 0.923511 0.986613 0.814839 0.804717 0.669364 0.772966 0.652731 0.719467 0.543567 0.495845 0.972764 0.743436 0.713541 0.613811 0.539863 0.440665 0.547304 0.732069 0.894726 0.805030 0.693961 0.559622 0.528591 0.539714 0.362084 0.983920
0.518497 0.454273 0.406575 0.241763 0.989635 0.936628 0.195833 0.000000 0.980977 0.725707 0.833713 0.535268 0.553880 0.545447 0.677034 0.456448 0.578983 0.593482 0.510520 0.636040 0.647546 0.995540 0.364076 0.493453 0.694733 0.653973 0.720484 0.989439 0.571342 0.596316 0.410514 0.472121 0.377001 0.352943 0.656668 0.943751 0.519449 0.534991 0.905475 0.693475 0.775665 0.623002 0.610946 0.499518 0.721483 0.624076 0.520784 0.589614 0.581602 0.446391 0.390047 0.351754 0.504456 0.692972 0.481924 0.507368 0.428043 0.446105 0.359014 0.343155 0.337677 0.236460 0.408537 0.358035 0.637169 0.447372 0.416900 0.403487 0.767182 0.427924 0.702738 0.958022 0.527386 0.690870 0.708417 0.688115 0.677781 0.668290 0.417662 0.547013 0.570725 0.808864 0.628091 0.693411 0.635801 0.536002 0.904965 0.966627 0.575454 0.594475 0.705779 0.733758 0.641298 0.606661 0.799930 0.923814 0.780945 0.868745 0.779642 0.725891 0.846196 0.941348 0.872460 0.755520 0.611158 0.609714 0.576418 0.851215 0.952210 0.777925 0.771307 0.758067 0.708614 0.685545 0.432799 0.839764
0.470849 0.497957 0.704848 0.785829 0.750536 0.543679 0.966317 0.980977 0.000000 0.500339 0.538637 0.573657 0.694266 0.536694 0.815171 0.977009 0.471015 0.439186 0.491894 0.439084 0.704487 0.972124 0.835095 0.584923 0.498193 0.649972 0.549252 0.969980 0.687747 0.626880 0.993953 0.853641 0.632925 0.699891 0.834754 0.812649 0.739398 0.824846 0.855252 0.938668 0.748703 0.955576 0.954154 0.876575 0.855181 0.987785 0.709593 0.701794 0.903184 0.826536 0.970608 0.975730 0.836400 0.622129 0.567944 0.514869 0.503642 0.509991 0.597309 0.613590 0.807627 0.895558 0.611881 0.621942 0.610410 0.746220 0.751808 0.898855 0.449775 0.616072 0.650676 0.597648 0.802778 0.797618 0.858207 0.974204 0.907510 0.795139 0.742162 0.641727 0.488861 0.392461 0.521808 0.337932 0.468961 0.463677 0.725915 0.450454 0.636100 0.402308 0.540799 0.672751 0.627567 0.688113 0.968658 0.818052 0.991041 0.984900 0.790077 0.963680 0.809379 0.738929 0.862093 0.753430 0.887637 0.845779 0.990654 0.859105 0.665209 0.737508 0.767744 0.904599 0.749318 0.954299 0.958437 0.734816
0.589982 0.642071 0.762205 0.943869 0.676750 0.623647 0.560644 0.725707 0.500339 0.000000 0.518188 0.708813 0.708088 0.748462 0.900457 0.915901 0.702010 0.635017 0.811957 0.580592 0.746032 0.943987 0.813020 0.705321 0.542632 0.788678 0.608824 0.807391 0.998540 0.838676 0.583027 0.787264 0.959790 0.880485 0.952648 0.951775 0.913362 0.800559 0.792174 0.986191 0.756279 0.972642 0.491452 0.603888 0.359894 0.452509 0.838762 0.824364 0.522021 0.607018 0.457271 0.533875 0.382964 0.293032 0.879808 0.997971 0.683512 0.655629 0.960450 0.941701 0.971522 0.892159 0.914775 0.897940 0.550759 0.684228 0.748103 0.624511 0.442133 0.719079 0.406347 0.531643 0.564715 0.528150 0.914841 0.673050 0.561535 0.535830 0.936663 0.870970 0.682793 0.449433 0.712496 0.517869 0.603879 0.559016 0.589569 0.532108 0.810775 0.635125 0.559340 0.558190 0.763681 0.770444 0.677732 0.958053 0.783560 0.716626 0.421340 0.504425 0.645585 0.512916 0.757473 0.809509 0.799469 0.763485 0.762777 0.634729 0.662373 0.997518 0.929852 0.570170 0.416717 0.715723 0.729424 0.648169
0.307263 0.367679 0.553653 0.698233 0.812217 0.611024 0.967238 0.833713 0.538637 0.518188 0.000000 0.261836 0.278669 0.302151 0.439847 0.578270 0.289736 0.223472 0.430603 0.278066 0.617857 0.864422 0.831662 0.534346 0.498665 0.807847 0.451166 0.774958 0.398755 0.327139 0.921711 0.876772 0.586225 0.627050 0.996856 0.952833 0.739491 0.705992 0.880135 0.795721 0.542040 0.934730 0.628580 0.816904 0.581751 0.717437 0.891351 0.999423 0.793004 0.921295 0.763034 0.835260 0.646320 0.398646 0.532590 0.710478 0.349077 0.326317 0.789509 0.726472 0.360792 0.518298 0.400750 0.387939 0.224177 0.362746 0.978143 0.913752 0.372388 0.591937 0.532218 0.518302 0.837434 0.750379 0.728483 0.861030 0.575322 0.725163 0.733474 0.624733 0.393357 0.323072 0.405575 0.314577 0.339476 0.372795 0.487248 0.585583 0.613638 0.529489 0.281475 0.299692 0.273525 0.403727 0.741057 0.937791 0.711357 0.635859 0.411540 0.519926 0.533233 0.525586 0.789428 0.931708 0.843900 0.859223 0.777071 0.624896 0.660340 0.969248 0.969670 0.704600 0.554701 0.731715 0.955668 0.516046
0.225825 0.226801 0.421688 0.475094 0.896817 0.687067 0.698021 0.535268 0.573657 0.708813 0.261836 0.000000 0.203689 0.200669 0.343712 0.384533 0.172106 0.160652 0.286386 0.222996 0.485493 0.903293 0.504620 0.366609 0.385804 0.641098 0.378956 0.858724 0.305666 0.228498 0.725224 0.614180 0.352524 0.379940 0.721004 0.910231 0.549964 0.572218 0.772597 0.681787 0.546080 0.775536 0.888837 0.880525 0.833578 0.998667 0.625782 0.721439 0.948710 0.778318 0.900964 0.816017 0.947967 0.669844 0.321190 0.474195 0.223473 0.187750 0.545289 0.489490 0.217002 0.296802 0.211357 0.178315 0.233897 0.275575 0.747730 0.792656 0.328202 0.391405 0.770452 0.591329 0.957187 0.920821 0.620327 0.964375 0.868844 0.898673 0.503256 0.380575 0.246039 0.299352 0.263827 0.246985 0.259672 0.257037 0.604261 0.558732 0.485718 0.394104 0.249479 0.294923 0.225171 0.283597 0.873332 0.961572 0.830820 0.732766 0.627371 0.713897 0.560270 0.641987 0.999105 0.890722 0.883930 0.934536 0.993722 0.678095 0.700648 0.748665 0.859781 0.854705 0.744269 0.856643 0.698061 0.538720
0.267113 0.296671 0.380251 0.470600 0.880797 0.857960 0.688481 0.553880 0.694266 0.708088 0.278669 0.203689 0.000000 0.195131 0.288759 0.345227 0.281796 0.231695 0.333841 0.297149 0.536201 0.938992 0.535826 0.340548 0.415676 0.594404 0.433991 0.819420 0.396837 0.376833 0.832649 0.580294 0.435530 0.438468 0.792509 0.945278 0.690689 0.645233 0.850806 0.716960 0.549795 0.739185 0.865483 0.957886 0.746041 0.888423 0.689499 0.823314 0.958316 0.858501 0.950144 0.856468 0.922291 0.670610 0.356353 0.558916 0.276942 0.256976 0.611902 0.545272 0.236028 0.368592 0.260228 0.274686 0.245817 0.236326 0.844428 0.892244 0.376841 0.428823 0.693750 0.597869 0.942536 0.962604 0.683099 0.975125 0.862506 0.859439 0.557933 0.415149 0.277525 0.277515 0.343272 0.303096 0.255645 0.241746 0.606331 0.567887 0.464787 0.446231 0.368403 0.397740 0.325947 0.398863 0.846996 0.905954 0.883762 0.736187 0.662817 0.752576 0.556881 0.760877 0.893626 0.940439 0.942866 0.951043 0.984892 0.734515 0.695391 0.903734 0.901974 0.772639 0.723791 0.862793 0.697228 0.495190
0.300603 0.308220 0.436231 0.458377 0.912786 0.779463 0.679666 0.545447 0.536694 0.748462 0.302151 0.200669 0.195131 0.000000 0.302919 0.302457 0.226337 0.201194 0.304944 0.295519 0.563366 0.889224 0.490800 0.301969 0.399210 0.558272 0.406719 0.867838 0.383221 0.281618 0.732827 0.544711 0.399480 0.370733 0.793228 0.914621 0.593774 0.640363 0.794667 0.728393 0.631854 0.821070 0.927922 0.876576 0.829824 0.986551 0.632979 0.716692 0.961878 0.774594 0.882243 0.787361 0.982130 0.771140 0.326913 0.456874 0.288110 0.259363 0.563087 0.523422 0.264129 0.336228 0.261395 0.243495 0.325334 0.245796 0.771456 0.801376 0.421227 0.437119 0.772243 0.620971 0.876958 0.955065 0.657296 0.936124 0.907249 0.898506 0.504879 0.411138 0.283188 0.303550 0.291028 0.248688 0.303003 0.251975 0.609507 0.491597 0.460978 0.427398 0.327584 0.392695 0.303329 0.389933 0.933790 0.935314 0.851399 0.805904 0.692593 0.833867 0.587486 0.767209 0.986237 0.858348 0.930713 0.859894 0.913014 0.770496 0.672052 0.870201 0.817182 0.878485 0.781033 0.895840 0.688284 0.572451
0.509124 0.494889 0.591502 0.683988 0.941141 0.954836 0.729787 0.677034 0.815171 0.900457 0.439847 0.343712 0.288759 0.302919 0.000000 0.337308 0.389525 0.373041 0.485821 0.449643 0.667846 0.885865 0.550686 0.448393 0.650300 0.775142 0.610357 0.803310 0.394657 0.401653 0.802444 0.647535 0.574183 0.467795 0.888910 0.902517 0.838554 0.878213 0.876758 0.817247 0.701916 0.880625 0.995753 0.893521 0.956023 0.973742 0.696421 0.771492 0.910637 0.823850 0.858803 0.808639 0.941786 0.862457 0.437719 0.579534 0.486601 0.471142 0.754794 0.768727 0.343860 0.471367 0.412553 0.420271 0.430172 0.415501 0.910351 0.962563 0.623382 0.700248 0.757931 0.732160 0.849799 0.901880 0.702228 0.917691 0.972965 0.909539 0.577387 0.517876 0.387811 0.435056 0.468347 0.473554 0.416963 0.487250 0.697339 0.673342 0.679205 0.656518 0.551200 0.560261 0.427373 0.535718 0.951576 0.937996 0.761461 0.768823 0.792571 0.854603 0.597814 0.824047 0.997927 0.923916 0.974718 0.928572 0.916701 0.724997 0.754618 0.991945 0.931750 0.849067 0.882724 0.889818 0.730900 0.664046
0.588735 0.549271 0.578903 0.522075 0.814892 0.955151 0.626547 0.456448 0.977009 0.915901 0.578270 0.384533 0.345227 0.302457 0.337308 0.000000 0.454812 0.478804 0.599383 0.602182 0.661953 0.881335 0.520740 0.424843 0.626658 0.687360 0.663808 0.925193 0.480910 0.408721 0.644838 0.560035 0.580013 0.465508 0.854721 0.944238 0.700674 0.705825 0.895723 0.669365 0.781944 0.854018 0.996553 0.889402 0.965150 0.964660 0.772617 0.832091 0.937855 0.773168 0.757327 0.679926 0.755348 0.907873 0.488089 0.666697 0.524934 0.494980 0.704731 0.690137 0.353976 0.323491 0.441311 0.410422 0.562192 0.353539 0.857820 0.768048 0.777539 0.634615 0.993758 0.853148 0.746520 0.838781 0.583709 0.833563 0.957872 0.964236 0.620434 0.543967 0.537914 0.640366 0.512607 0.607224 0.615653 0.539473 0.722050 0.851298 0.687789 0.720326 0.547343 0.541357 0.451305 0.489416 0.951131 0.860549 0.753434 0.810188 0.822799 0.906787 0.690788 0.896024 0.983024 0.960723 0.996860 0.952486 0.814627 0.808559 0.898894 0.978505 0.938397 0.905217 0.931567 0.937393 0.694713 0.711142
0.213128 0.204791 0.414852 0.484964 0.882498 0.696078 0.685596 0.578983 0.471015 0.702010 0.289736 0.172106 0.281796 0.226337 0.389525 0.454812 0.000000 0.142025 0.224839 0.197165 0.479396 0.961527 0.476801 0.354059 0.358236 0.608763 0.408436 0.841325 0.253271 0.217875 0.675483 0.567024 0.291895 0.326457 0.726490 0.881329 0.554173 0.626726 0.785049 0.698242 0.651796 0.719193 0.984102 0.750233 0.933966 0.876165 0.480974 0.561114 0.821417 0.657026 0.811957 0.730968 0.990565 0.713010 0.291484 0.384860 0.202438 0.183949 0.462893 0.447142 0.284950 0.374648 0.219605 0.200200 0.259616 0.339077 0.634691 0.694277 0.317540 0.384956 0.797088 0.561732 0.922685 0.968368 0.671437 0.921674 0.971203 0.979802 0.441064 0.364767 0.191348 0.261824 0.223907 0.219038 0.226932 0.229593 0.668433 0.500148 0.513238 0.323217 0.291463 0.358848 0.259120 0.334183 0.975543 0.972093 0.932735 0.814249 0.734718 0.856716 0.627648 0.637108 0.891897 0.791788 0.845488 0.813599 0.951972 0.748649 0.710439 0.751548 0.818599 0.988353 0.847191 0.902427 0.684629 0.592349
0.186818 0.195440 0.398747 0.486572 0.855949 0.678092 0.714191 0.593482 0.439186 0.635017 0.223472 0.160652 0.231695 0.201194 0.373041 0.478804 0.142025 0.000000 0.225890 0.174255 0.474088 0.911303 0.518658 0.330689 0.360081 0.597704 0.405104 0.805506 0.284963 0.241196 0.761531 0.583593 0.324084 0.361725 0.765189 0.871065 0.575576 0.605405 0.798079 0.722564 0.602885 0.749020 0.938722 0.830286 0.855739 0.965886 0.564445 0.645806 0.898439 0.729024 0.899174 0.812541 0.939033 0.633820 0.286638 0.406385 0.187524 0.169972 0.490448 0.465448 0.275193 0.374054 0.214177 0.198683 0.224968 0.299220 0.684274 0.758047 0.293282 0.376585 0.724840 0.536499 0.973480 0.924366 0.700541 0.980155 0.873063 0.893110 0.450092 0.368151 0.183241 0.222417 0.246298 0.182398 0.202741 0.211652 0.612088 0.484544 0.529301 0.315513 0.264987 0.317701 0.248360 0.334673 0.967253 0.968251 0.894545 0.820104 0.670895 0.806401 0.569062 0.601334 0.950274 0.853709 0.866232 0.863315 0.987846 0.724473 0.681508 0.785332 0.839626 0.899078 0.793780 0.923327 0.699568 0.542366
0.224601 0.226454 0.347414 0.411409 0.777472 0.691716 0.520364 0.510520 0.491894 0.811957 0.430603 0.286386 0.333841 0.304944 0.485821 0.599383 0.224839 0.225890 0.000000 0.200742 0.476065 0.934512 0.315464 0.399037 0.404027 0.607881 0.454592 0.941418 0.332583 0.379064 0.544861 0.408388 0.207986 0.277589 0.648901 0.952899 0.543276 0.665464 0.819075 0.713821 0.565945 0.677705 0.798621 0.577909 0.915722 0.706327 0.348192 0.421988 0.653884 0.494368 0.669170 0.598168 0.891619 0.799393 0.277575 0.302245 0.217232 0.224248 0.332040 0.342862 0.316016 0.434683 0.196517 0.210459 0.355271 0.465966 0.463889 0.574978 0.328314 0.335521 0.902884 0.638474 0.842842 0.952547 0.756569 0.869498 0.849174 0.949645 0.350734 0.348360 0.221111 0.312274 0.284001 0.271354 0.221536 0.243619 0.784651 0.554543 0.519682 0.289722 0.434881 0.530781 0.413745 0.453076 0.824762 0.865721 0.869806 0.963623 0.983412 0.927512 0.775465 0.779959 0.744488 0.654434 0.688392 0.609102 0.823410 0.878090 0.778918 0.682872 0.672706 0.892131 0.987672 0.869437 0.543405 0.585518
0.168753 0.183672 0.359129 0.481347 0.748506 0.624461 0.727267 0.636040 0.439084 0.580592 0.278066 0.222996 0.297149 0.295519 0.449643 0.602182 0.197165 0.174255 0.200742 0.000000 0.454650 0.990744 0.490861 0.389198 0.369193 0.618119 0.356813 0.859185 0.353508 0.323958 0.723004 0.631976 0.322711 0.380136 0.795434 0.909110 0.602110 0.600517 0.795108 0.741578 0.550495 0.755139 0.964186 0.807126 0.841776 0.957362 0.532601 0.614290 0.886141 0.726414 0.903799 0.816868 0.884554 0.575846 0.317009 0.435906 0.193311 0.188873 0.471653 0.428627 0.336847 0.471174 0.256062 0.247053 0.236256 0.393660 0.663343 0.789523 0.237395 0.334650 0.708666 0.534950 0.983246 0.887695 0.748495 0.993634 0.930619 0.899302 0.464355 0.420798 0.226126 0.242224 0.302478 0.214793 0.213278 0.228532 0.668796 0.502281 0.534623 0.283313 0.296409 0.374046 0.323661 0.368706 0.982390 0.908547 0.965533 0.851283 0.713283 0.804546 0.620010 0.604833 0.959900 0.817474 0.841901 0.852473 0.954040 0.736295 0.764263 0.756617 0.826811 0.932543 0.788276 0.940899 0.734725 0.554328
0.441405 0.446463 0.467366 0.558987 0.859147 0.829059 0.725674 0.647546 0.704487 0.746032 0.617857 0.485493 0.536201 0.563366 0.667846 0.661953 0.479396 0.474088 0.476065 0.454650 0.000000 0.933070 0.583333 0.574034 0.468289 0.595310 0.581623 0.958461 0.582525 0.558923 0.684179 0.580686 0.468481 0.544695 0.954979 0.963101 0.636337 0.662099 0.794518 0.731724 0.837231 0.777129 0.893562 0.731820 0.953180 0.839290 0.588440 0.579819 0.816900 0.672461 0.812934 0.746273 0.914780 0.843606 0.453954 0.594356 0.433432 0.451787 0.551614 0.527852 0.540589 0.584272 0.468601 0.474711 0.514324 0.568116 0.615669 0.718715 0.485404 0.563840 0.953998 0.709026 0.895712 0.952721 0.851834 0.823703 0.944461 0.996197 0.585904 0.409832 0.444575 0.506814 0.456666 0.527531 0.494788 0.470678 0.913862 0.832156 0.700398 0.518205 0.564259 0.604976 0.652484 0.665892 0.950338 0.843309 0.850987 0.949058 0.959520 0.998177 0.767597 0.763912 0.881220 0.751752 0.803194 0.755447 0.894812 0.819749 0.835819 0.742624 0.802397 0.971958 0.959429 0.761727 0.605458 0.716113
0.962512 0.986451 0.978948 0.979305 0.896934 0.867928 0.938938 0.995540 0.972124 0.943987 0.864422 0.903293 0.938992 0.889224 0.885865 0.881335 0.961527 0.911303 0.934512 0.990744 0.933070 0.000000 0.825362 0.990547 0.962976 0.899993 0.891360 0.849074 0.947013 0.872110 0.852516 0.891306 0.927114 0.897419 0.914114 0.956497 0.895130 0.943245 0.936391 0.992711 0.979193 0.769044 0.753886 0.775914 0.837157 0.812706 0.797469 0.817660 0.774559 0.812028 0.821721 0.834704 0.903787 0.907957 0.972223 0.961271 0.929235 0.927329 0.939741 0.954595 0.876372 0.883718 0.985130 0.970322 0.896041 0.807814 0.815877 0.979329 0.947227 0.970241 0.851313 0.997521 0.961120 0.895557 0.998311 0.993213 0.706670 0.948517 0.970808 0.953181 0.965566 0.994014 0.986211 0.951680 0.975935 0.992608 0.910713 0.938416 0.933553 0.943575 0.864267 0.770484 0.847473 0.845816 0.797962 0.860035 0.830642 0.916016 0.728536 0.880390 0.921296 0.915850 0.885278 0.811133 0.830233 0.783132 0.927581 0.988740 0.884950 0.697379 0.947367 0.851005 0.871422 0.774240 0.963217 0.840894
0.505493 0.440312 0.496415 0.423843 0.993765 0.987677 0.345874 0.364076 0.835095 0.813020 0.831662 0.504620 0.535826 0.490800 0.550686 0.520740 0.476801 0.518658 0.315464 0.490861 0.583333 0.825362 0.000000 0.478191 0.613537 0.660988 0.704238 0.953185 0.502305 0.575175 0.295283 0.280706 0.285623 0.283991 0.583382 0.957052 0.593932 0.717693 0.850921 0.770459 0.802009 0.643361 0.480347 0.343901 0.579149 0.430615 0.260901 0.328983 0.418124 0.304386 0.356155 0.302830 0.520840 0.723580 0.355435 0.322745 0.462180 0.457370 0.349420 0.398902 0.451787 0.469121 0.334035 0.329913 0.684818 0.655740 0.366315 0.418740 0.638520 0.440209 0.752824 0.930079 0.542233 0.668945 0.714182 0.668375 0.546451 0.799294 0.337116 0.387061 0.395297 0.608176 0.510336 0.567529 0.453570 0.477427 0.943195 0.725588 0.674415 0.467776 0.725360 0.783888 0.650097 0.611941 0.751560 0.894671 0.844598 0.782920 0.703861 0.642739 0.944589 0.941979 0.601870 0.576624 0.576176 0.447796 0.659857 0.983065 0.961064 0.629098 0.678218 0.742050 0.703840 0.689242 0.398162 0.782526
0.334779 0.307177 0.392861 0.371579 0.977949 0.824852 0.685595 0.493453 0.584923 0.705321 0.534346 0.366609 0.340548 0.301969 0.448393 0.424843 0.354059 0.330689 0.399037 0.389198 0.574034 0.990547 0.478191 0.000000 0.418572 0.494493 0.530780 0.897000 0.558323 0.466516 0.746810 0.578214 0.440270 0.458510 0.755822 0.927318 0.625643 0.646001 0.762264 0.815056 0.681363 0.726664 0.992491 0.834750 0.865696 0.976350 0.570852 0.667359 0.898008 0.703213 0.780854 0.673826 0.895398 0.888585 0.367136 0.464713 0.297474 0.292807 0.464419 0.435808 0.425357 0.457781 0.365227 0.359953 0.425660 0.335780 0.647976 0.712740 0.414842 0.337717 0.797766 0.693004 0.914485 0.969611 0.814876 0.981061 0.992540 0.856905 0.510156 0.444283 0.309458 0.356494 0.409778 0.306851 0.354435 0.260772 0.719931 0.479348 0.491736 0.374003 0.435156 0.462202 0.430681 0.482318 0.983933 0.935839 0.973054 0.989262 0.824866 0.926105 0.639429 0.783810 0.963563 0.843442 0.887321 0.819061 0.892308 0.788137 0.670949 0.845790 0.795765 0.878911 0.849090 0.997429 0.782671 0.664391
0.339311 0.335567 0.348509 0.430681 0.822990 0.730397 0.872982 0.694733 0.498193 0.542632 0.498665 0.385804 0.415676 0.399210 0.650300 0.626658 0.358236 0.360081 0.404027 0.369193 0.468289 0.962976 0.613537 0.418572 0.000000 0.280787 0.368759 0.898888 0.651036 0.537542 0.774789 0.648360 0.500395 0.558853 0.621066 0.870046 0.473053 0.576296 0.552410 0.697738 0.729564 0.687959 0.934264 0.847416 0.755432 0.931553 0.623502 0.697613 0.958690 0.809062 0.997355 0.896464 0.860030 0.667443 0.477532 0.530602 0.354448 0.315483 0.579930 0.497752 0.583155 0.598037 0.503354 0.454245 0.349218 0.416781 0.726327 0.817688 0.316215 0.416624 0.831180 0.607600 0.986174 0.920033 0.779436 0.979708 0.988033 0.910030 0.634862 0.510032 0.415049 0.370834 0.472025 0.313936 0.395601 0.276517 0.700999 0.614054 0.510046 0.319924 0.371396 0.458197 0.479452 0.487642 0.928424 0.982784 0.969285 0.878948 0.750300 0.882621 0.626193 0.666027 0.902606 0.815834 0.803805 0.800668 0.889727 0.685789 0.791417 0.758521 0.822289 0.866916 0.822163 0.947261 0.699739 0.615068
0.575258 0.558655 0.470478 0.469945 0.931051 0.974251 0.788317 0.653973 0.649972 0.788678 0.807847 0.641098 0.594404 0.558272 0.775142 0.687360 0.608763 0.597704 0.607881 0.618119 0.595310 0.899993 0.660988 0.494493 0.280787 0.000000 0.535310 0.954128 0.838809 0.732268 0.684534 0.650474 0.611530 0.591126 0.601529 0.804757 0.540542 0.590323 0.626333 0.777086 0.913727 0.582456 0.863592 0.705786 0.953573 0.924439 0.628171 0.667736 0.937835 0.722883 0.833200 0.745541 0.904112 0.973747 0.528480 0.516701 0.564979 0.537906 0.624771 0.556304 0.759545 0.664060 0.672934 0.636423 0.617944 0.538045 0.670896 0.711284 0.546764 0.498172 0.968648 0.804475 0.894016 0.890285 0.899487 0.880688 0.836205 0.906101 0.670425 0.597687 0.591854 0.592267 0.676601 0.506076 0.610473 0.443480 0.841176 0.758571 0.522922 0.452042 0.663488 0.748738 0.764347 0.685856 0.954990 0.825737 0.786454 0.947724 0.945454 0.886727 0.759972 0.945230 0.871118 0.751672 0.671216 0.726985 0.755658 0.922564 0.887981 0.769025 0.894896 0.990340 0.962860 0.902535 0.660304 0.795721
0.371873 0.365147 0.467436 0.528664 0.890732 0.698749 0.872069 0.720484 0.549252 0.608824 0.451166 0.378956 0.433991 0.406719 0.610357 0.663808 0.408436 0.405104 0.454592 0.356813 0.581623 0.891360 0.704238 0.530780 0.368759 0.535310 0.000000 0.847389 0.612807 0.526892 0.817820 0.761005 0.596675 0.564269 0.807792 0.791106 0.506964 0.659596 0.673767 0.682631 0.668798 0.832957 0.873349 0.939773 0.740788 0.892127 0.745429 0.802995 0.937736 0.910539 0.986149 0.920477 0.852193 0.639828 0.514086 0.645342 0.394407 0.374831 0.655434 0.549282 0.522122 0.564188 0.502369 0.460637 0.387770 0.441945 0.802009 0.900684 0.435457 0.543870 0.783577 0.645893 0.979328 0.900736 0.632429 0.864375 0.932539 0.856308 0.702644 0.601376 0.497896 0.421724 0.516353 0.412494 0.411794 0.343560 0.699497 0.645099 0.535906 0.451360 0.383215 0.505113 0.459185 0.550671 0.885768 0.993268 0.913801 0.795478 0.707353 0.744473 0.523529 0.696821 0.991226 0.845537 0.918684 0.837956 0.996319 0.715856 0.891845 0.858509 0.760699 0.878715 0.736497 0.912145 0.749444 0.738548
0.830942 0.866010 0.956467 0.964685 0.974642 0.925041 0.997155 0.989439 0.969980 0.807391 0.774958 0.858724 0.819420 0.867838 0.803310 0.925193 0.841325 0.805506 0.941418 0.859185 0.958461 0.849074 0.953185 0.897000 0.898888 0.954128 0.847389 0.000000 0.920932 0.929865 0.752391 0.870362 0.969687 0.989690 0.965910 0.957453 0.976978 0.896832 0.934852 0.969665 0.991786 0.865586 0.880253 0.927518 0.795797 0.800887 0.902247 0.919058 0.843999 0.822023 0.860285 0.869264 0.909740 0.790408 0.954117 0.960216 0.850119 0.820440 0.982294 0.999152 0.852507 0.901500 0.918959 0.897853 0.747123 0.717828 0.859730 0.808359 0.884719 0.909918 0.893142 0.898508 0.977535 0.967432 0.913524 0.917150 0.768320 0.850502 0.945144 0.969934 0.865438 0.776282 0.956229 0.869565 0.804560 0.793499 0.949688 0.889463 0.958389 0.817253 0.863391 0.834301 0.814033 0.939829 0.880714 0.902458 0.784954 0.869054 0.810555 0.870572 0.747591 0.888179 0.952615 0.969254 0.958887 0.899292 0.857298 0.987443 0.973461 0.833276 0.964366 0.847016 0.846969 0.881267 0.992714 0.801551
0.403983 0.393306 0.552330 0.649286 0.972633 0.820571 0.580221 0.571342 0.687747 0.998540 0.398755 0.305666 0.396837 0.383221 0.394657 0.480910 0.253271 0.284963 0.332583 0.353508 0.582525 0.947013 0.502305 0.558323 0.651036 0.838809 0.612807 0.920932 0.000000 0.216768 0.634068 0.588715 0.335196 0.313809 0.830660 0.900799 0.672088 0.680048 0.927156 0.709068 0.699640 0.732133 0.851417 0.673113 0.850524 0.729134 0.516941 0.582385 0.686088 0.605605 0.713516 0.693275 0.863912 0.905298 0.373126 0.447598 0.386787 0.379441 0.571765 0.614562 0.297525 0.367306 0.292777 0.280682 0.429630 0.494486 0.620104 0.659539 0.571679 0.546919 0.993895 0.812681 0.781939 0.838781 0.682123 0.857751 0.939285 0.860861 0.485047 0.451412 0.335137 0.487816 0.327535 0.457540 0.424974 0.501987 0.754305 0.699460 0.651512 0.549667 0.509821 0.552245 0.359778 0.461003 0.955837 0.910170 0.962151 0.891232 0.887189 0.960977 0.824990 0.791328 0.827632 0.802523 0.835675 0.788440 0.875551 0.877813 0.812022 0.735818 0.848041 0.935322 0.996043 0.941975 0.652089 0.714630
0.379767 0.361157 0.552140 0.604054 0.983152 0.765527 0.707571 0.596316 0.626880 0.838676 0.327139 0.228498 0.376833 0.281618 0.401653 0.408721 0.217875 0.241196 0.379064 0.323958 0.558923 0.872110 0.575175 0.466516 0.537542 0.732268 0.526892 0.929865 0.216768 0.000000 0.646949 0.636130 0.396828 0.358216 0.846328 0.759476 0.564483 0.557431 0.760093 0.724427 0.698642 0.786945 0.936241 0.838459 0.960501 0.906989 0.616293 0.687846 0.899345 0.749685 0.875918 0.814380 0.983772 0.808808 0.391814 0.489983 0.367323 0.332785 0.634047 0.641440 0.283285 0.304186 0.310968 0.264247 0.375436 0.367226 0.734074 0.727548 0.507908 0.506582 0.900748 0.766205 0.844393 0.940498 0.697148 0.921854 0.885794 0.979464 0.530333 0.439063 0.335303 0.473816 0.300927 0.378518 0.453044 0.444973 0.622931 0.648614 0.582770 0.527279 0.341321 0.350334 0.270789 0.338967 0.925287 0.970878 0.862530 0.805679 0.668356 0.769739 0.724818 0.637710 0.950881 0.940333 0.938678 0.906971 0.957433 0.709702 0.785534 0.802493 0.897416 0.943935 0.831735 0.905213 0.751817 0.736729
0.767047 0.668568 0.638473 0.513705 0.896753 0.903100 0.364033 0.410514 0.993953 0.583027 0.921711 0.725224 0.832649 0.732827 0.802444 0.644838 0.675483 0.761531 0.544861 0.723004 0.684179 0.852516 0.295283 0.746810 0.774789 0.684534 0.817820 0.752391 0.634068 0.646949 0.000000 0.333563 0.395116 0.324395 0.591634 0.810606 0.535424 0.730256 0.845482 0.775632 0.942432 0.721579 0.421391 0.310995 0.443387 0.334494 0.302783 0.335990 0.407476 0.292217 0.307754 0.276518 0.404792 0.519255 0.506458 0.433103 0.687384 0.691071 0.459852 0.525440 0.625646 0.515468 0.549538 0.517597 0.922399 0.859711 0.343161 0.316780 0.922422 0.642848 0.523309 0.867710 0.487525 0.560214 0.844024 0.611761 0.424061 0.567056 0.413113 0.558198 0.659967 0.975527 0.726037 0.842528 0.800848 0.762520 0.823928 0.991831 0.785670 0.693601 0.866269 0.937946 0.826996 0.734683 0.623026 0.854826 0.710532 0.758656 0.548339 0.533838 0.952470 0.866185 0.575479 0.648553 0.558043 0.435980 0.585734 0.856269 0.786635 0.702180 0.717020 0.537477 0.520118 0.671297 0.416810 0.909718
0.610241 0.564974 0.544213 0.496625 0.964467 0.917681 0.403556 0.472121 0.853641 0.787264 0.876772 0.614180 0.580294 0.544711 0.647535 0.560035 0.567024 0.583593 0.408388 0.631976 0.580686 0.891306 0.280706 0.578214 0.648360 0.650474 0.761005 0.870362 0.588715 0.636130 0.333563 0.000000 0.358254 0.336365 0.681451 0.903833 0.608161 0.744614 0.909950 0.743318 0.907829 0.719622 0.590279 0.447639 0.617154 0.483386 0.334120 0.365957 0.507520 0.377245 0.430328 0.376408 0.531714 0.724040 0.424646 0.402645 0.542273 0.549046 0.398075 0.465971 0.532568 0.533329 0.419210 0.446369 0.777186 0.711398 0.431249 0.395918 0.733983 0.580420 0.802743 0.922362 0.601314 0.707398 0.718807 0.708480 0.636192 0.841587 0.432506 0.435402 0.494949 0.701797 0.528249 0.650828 0.574922 0.563242 0.932457 0.856339 0.757635 0.566838 0.784456 0.831553 0.743408 0.717128 0.714169 0.966298 0.788296 0.828637 0.680256 0.601838 0.972582 0.899149 0.594791 0.586016 0.689521 0.434668 0.710471 0.957429 0.984922 0.752101 0.624020 0.724598 0.633178 0.661969 0.446946 0.927391
0.299693 0.289813 0.428362 0.401164 0.900969 0.821958 0.379322 0.377001 0.632925 0.959790 0.586225 0.352524 0.435530 0.399480 0.574183 0.580013 0.291895 0.324084 0.207986 0.322711 0.468481 0.927114 0.285623 0.440270 0.500395 0.611530 0.596675 0.969687 0.335196 0.396828 0.395116 0.358254 0.000000 0.224995 0.618036 0.946967 0.530200 0.639172 0.886099 0.729324 0.719287 0.644518 0.642790 0.442344 0.726364 0.533121 0.267108 0.341762 0.494259 0.360722 0.460653 0.405117 0.667784 0.950584 0.290144 0.279292 0.262063 0.280712 0.265231 0.287188 0.319544 0.364892 0.211616 0.209507 0.480079 0.528696 0.355147 0.425328 0.458205 0.331211 0.959557 0.767466 0.684548 0.805149 0.772214 0.727567 0.760702 0.821943 0.269992 0.336127 0.274101 0.482050 0.346083 0.374350 0.336044 0.343910 0.982960 0.639575 0.547945 0.355738 0.501617 0.622444 0.477728 0.496382 0.789937 0.846886 0.775908 0.944888 0.866982 0.795836 0.867474 0.904704 0.682710 0.593488 0.582542 0.528321 0.770499 0.988535 0.837204 0.650102 0.698571 0.738521 0.817526 0.761652 0.500889 0.758081
0.403429 0.346085 0.438841 0.408905 0.986553 0.927153 0.339758 0.352943 0.699891 0.880485 0.627050 0.379940 0.438468 0.370733 0.467795 0.465508 0.326457 0.361725 0.277589 0.380136 0.544695 0.897419 0.283991 0.458510 0.558853 0.591126 0.564269 0.989690 0.313809 0.358216 0.324395 0.336365 0.224995 0.000000 0.604327 0.800827 0.493024 0.596828 0.813980 0.765826 0.777299 0.605598 0.610848 0.421787 0.702453 0.547904 0.284321 0.372632 0.530667 0.390610 0.458443 0.408721 0.599679 0.854819 0.320956 0.287898 0.352691 0.368230 0.354017 0.409614 0.313357 0.317739 0.249458 0.232226 0.531050 0.493802 0.393914 0.453996 0.597253 0.427976 0.837993 0.879072 0.612695 0.694566 0.729751 0.701097 0.688279 0.709882 0.307702 0.361352 0.334317 0.558123 0.395217 0.466216 0.433868 0.423767 0.980770 0.707417 0.536789 0.428981 0.554980 0.634390 0.500672 0.501745 0.797272 0.855736 0.837851 0.926064 0.836082 0.753553 0.832625 0.957955 0.724196 0.647256 0.645407 0.543217 0.633549 0.997908 0.924840 0.695839 0.733298 0.728514 0.804542 0.787876 0.414730 0.847399
0.747403 0.699989 0.718949 0.643475 0.923424 0.956386 0.695047 0.656668 0.834754 0.952648 0.996856 0.721004 0.792509 0.793228 0.888910 0.854721 0.726490 0.765189 0.648901 0.795434 0.954979 0.914114 0.583382 0.755822 0.621066 0.601529 0.807792 0.965910 0.830660 0.846328 0.591634 0.681451 0.618036 0.604327 0.000000 0.873153 0.571396 0.849829 0.772780 0.850469 0.766566 0.712459 0.642104 0.536137 0.758264 0.678102 0.530130 0.597341 0.717647 0.575766 0.635105 0.631157 0.707379 0.820010 0.626909 0.507805 0.715276 0.707377 0.635509 0.648957 0.793013 0.723806 0.689695 0.636634 0.811059 0.812095 0.579661 0.598443 0.818823 0.672564 0.824513 0.954472 0.789722 0.777485 0.956726 0.780773 0.651802 0.718082 0.691928 0.679880 0.689495 0.805727 0.816238 0.716573 0.720167 0.682959 0.958083 0.903886 0.585591 0.640401 0.851058 0.894605 0.831969 0.747425 0.785905 0.949459 0.778881 0.921296 0.797647 0.707727 0.969158 0.969868 0.560053 0.654040 0.558337 0.694425 0.755385 0.974591 0.924447 0.658143 0.707072 0.757830 0.792050 0.914615 0.529235 0.938756
0.966810 0.912341 0.980196 0.917816 0.739846 0.982396 0.994483 0.943751 0.812649 0.951775 0.952833 0.910231 0.945278 0.914621 0.902517 0.944238 0.881329 0.871065 0.952899 0.909110 0.963101 0.956497 0.957052 0.927318 0.870046 0.804757 0.791106 0.957453 0.900799 0.759476 0.810606 0.903833 0.946967 0.800827 0.873153 0.000000 0.641847 0.700814 0.794834 0.929889 0.843533 0.935653 0.985994 0.902557 0.961406 0.960168 0.950381 0.856345 0.920197 0.985585 0.976397 0.979981 0.954477 0.907708 0.895719 0.821745 0.968001 0.945337 0.973056 0.980363 0.997480 0.857225 0.960305 0.889798 0.964833 0.914905 0.867580 0.817054 0.958852 0.847825 0.833328 0.772491 0.803507 0.928055 0.914095 0.976506 0.956583 0.835150 0.946985 0.903530 0.958083 0.993017 0.885168 0.909918 0.956128 0.921117 0.904376 0.967565 0.986855 0.891446 0.859429 0.840510 0.905704 0.870383 0.905411 0.749800 0.858159 0.711139 0.952278 0.990513 0.904460 0.995717 0.845821 0.833610 0.914151 0.887968 0.918114 0.848763 0.948164 0.848925 0.986962 0.978152 0.974111 0.995509 0.849335 0.844185
0.558194 0.526921 0.503418 0.459012 0.988750 0.894622 0.629603 0.519449 0.739398 0.913362 0.739491 0.549964 0.690689 0.593774 0.838554 0.700674 0.554173 0.575576 0.543276 0.602110 0.636337 0.895130 0.593932 0.625643 0.473053 0.540542 0.506964 0.976978 0.672088 0.564483 0.535424 0.608161 0.530200 0.493024 0.571396 0.641847 0.000000 0.540139 0.648381 0.618712 0.789866 0.674133 0.897712 0.684169 0.988919 0.860000 0.644109 0.642823 0.908454 0.702866 0.777118 0.725235 0.867929 0.979718 0.529031 0.567985 0.560985 0.529616 0.579991 0.589067 0.598937 0.502113 0.543921 0.492622 0.646232 0.581586 0.578424 0.624396 0.666134 0.553826 0.800134 0.978503 0.707030 0.818008 0.760237 0.956984 0.856272 0.883922 0.687735 0.704854 0.659135 0.749516 0.574528 0.612918 0.658073 0.535780 0.882725 0.832712 0.582454 0.562221 0.552701 0.617069 0.583915 0.577889 0.878234 0.810206 0.967322 0.967107 0.965975 0.948832 0.850325 0.850289 0.751632 0.705062 0.653508 0.667165 0.818622 0.901117 0.962070 0.803388 0.834584 0.914991 0.969180 0.938098 0.607411 0.951809
0.580423 0.558363 0.555137 0.552605 0.946558 0.970841 0.654611 0.534991 0.824846 0.800559 0.705992 0.572218 0.645233 0.640363 0.878213 0.705825 0.626726 0.605405 0.665464 0.600517 0.662099 0.943245 0.717693 0.646001 0.576296 0.590323 0.659596 0.896832 0.680048 0.557431 0.730256 0.744614 0.639172 0.596828 0.849829 0.700814 0.540139 0.000000 0.742708 0.823928 0.743990 0.643384 0.905964 0.918199 0.840223 0.921735 0.850831 0.896860 0.905739 0.936211 0.977782 0.915180 0.987751 0.888777 0.676090 0.757225 0.578570 0.534276 0.739572 0.676575 0.551927 0.474451 0.603683 0.511567 0.609041 0.481801 0.810153 0.784898 0.643000 0.452392 0.871530 0.919188 0.823087 0.893037 0.724081 0.998568 0.938466 0.988125 0.732338 0.756842 0.681944 0.744304 0.592682 0.663616 0.720351 0.590216 0.863857 0.838413 0.573322 0.602516 0.575198 0.538055 0.639804 0.510958 0.907430 0.886835 0.974185 0.923024 0.808364 0.889383 0.936642 0.833466 0.953292 0.996385 0.871353 0.861217 0.845538 0.901307 0.937614 0.812044 0.918239 0.843594 0.799000 0.989291 0.760980 0.690416
