0.000000 0.269925 0.569861 0.723205 0.911886 0.881155 0.555924 0.521360 0.943734 0.738548 0.313035 0.322530 0.479072 0.527130 0.567327 0.554339 0.313685 0.244391 0.394794 0.322640 0.824979 0.859417 0.509582 0.778823 0.817038 0.760044 0.914153 0.971514 0.299577 0.305445 0.499436 0.479699 0.422126 0.385738 0.768013 0.799557 0.524768 0.681451 0.748123 0.733912 0.704110 0.752350 0.592806 0.503513 0.597472 0.536595 0.561303 0.433838 0.760319 0.698282 0.717152 0.763888 0.740709 0.909672 0.680703 0.811744 0.347281 0.329114 0.522701 0.467584 0.356068 0.489735 0.282934 0.310226 0.743975 0.717519 0.607541 0.501005 0.368843 0.364224 0.528832 0.556121 0.494938 0.554062 0.740407 0.847203 0.549602 0.636795 0.543628 0.386756 0.289667 0.330729 0.561497 0.559518 0.682691 0.701295 0.818967 0.847099 0.910743 0.710294 0.963535 0.937213 0.876839 0.957006 0.540001 0.648242 0.551215 0.757840 0.596735 0.607633 0.804817 0.657219 0.552311 0.629853 0.566119 0.598312 0.850953 0.883416 0.960921 0.715850 0.778840 0.671193 0.672500 0.672206 0.815077 0.923295
0.269925 0.000000 0.736880 0.834186 0.942512 0.976613 0.630162 0.556586 0.949175 0.631297 0.373594 0.384196 0.682109 0.703429 0.691692 0.666462 0.199467 0.215107 0.435801 0.361428 0.924463 0.805677 0.594076 0.914766 0.994014 0.934145 0.815601 0.948666 0.322777 0.293149 0.569670 0.558784 0.459989 0.442107 0.885679 0.690688 0.679157 0.627621 0.878892 0.929909 0.822913 0.597210 0.557310 0.475793 0.535223 0.512099 0.625158 0.460896 0.584728 0.661971 0.668898 0.734021 0.732122 0.858174 0.850495 0.935743 0.203344 0.194288 0.528686 0.498511 0.514653 0.612645 0.244167 0.221105 0.965280 0.908945 0.652224 0.556327 0.449008 0.365437 0.449331 0.468351 0.516504 0.537464 0.770012 0.768868 0.553082 0.437587 0.514076 0.477655 0.265862 0.438112 0.565223 0.593225 0.857072 0.924436 0.686801 0.720217 0.967228 0.861716 0.876933 0.865254 0.818362 0.967294 0.590914 0.713585 0.567714 0.619269 0.535774 0.512047 0.756478 0.614632 0.430186 0.514547 0.550919 0.545675 0.731972 0.814402 0.968890 0.793630 0.690911 0.635239 0.667907 0.697857 0.794040 0.980676
0.569861 0.736880 0.000000 0.234124 0.959646 0.610238 0.234837 0.326488 0.638531 0.622450 0.574294 0.654116 0.494460 0.545992 0.640862 0.559930 0.782953 0.656017 0.481090 0.562992 0.654778 0.798592 0.374161 0.414142 0.605619 0.368743 0.872177 0.970384 0.787235 0.685806 0.367218 0.448479 0.364886 0.379885 0.598263 0.644663 0.630274 0.724446 0.519730 0.717930 0.912762 0.871217 0.382936 0.409836 0.436162 0.429949 0.400820 0.404733 0.673564 0.608014 0.578360 0.579691 0.608727 0.780050 0.639325 0.621726 0.860196 0.838256 0.536264 0.566746 0.452690 0.522866 0.702238 0.807415 0.408414 0.391745 0.297949 0.359024 0.812291 0.636301 0.482096 0.465124 0.646112 0.547800 0.771686 0.831366 0.503187 0.820100 0.604632 0.483273 0.693049 0.555181 0.832984 0.810567 0.631101 0.538579 0.852141 0.985584 0.815671 0.640655 0.566055 0.624461 0.529639 0.506936 0.697600 0.708796 0.398773 0.773831 0.507859 0.512201 0.579066 0.591102 0.674358 0.686459 0.470484 0.547121 0.708655 0.652670 0.970108 0.800499 0.835544 0.670910 0.540229 0.676112 0.688865 0.910114
0.723205 0.834186 0.234124 0.000000 0.944410 0.640078 0.315434 0.345652 0.683437 0.656712 0.681772 0.765421 0.625357 0.573014 0.661740 0.569270 0.879843 0.745057 0.533327 0.634280 0.660036 0.774665 0.421335 0.419093 0.618852 0.357804 0.790336 0.954796 0.832289 0.771215 0.460481 0.501346 0.421304 0.452711 0.607819 0.586797 0.675449 0.783436 0.579904 0.814419 0.987104 0.853672 0.439723 0.464302 0.509925 0.499853 0.425397 0.477591 0.669698 0.630973 0.650496 0.629270 0.673190 0.813528 0.671796 0.645742 0.943574 0.941320 0.568984 0.650941 0.627799 0.579786 0.852947 0.947702 0.425257 0.361099 0.326916 0.402300 0.879712 0.742411 0.475513 0.476460 0.738427 0.617495 0.865162 0.880615 0.502906 0.824511 0.673785 0.570770 0.810827 0.592126 0.889114 0.815850 0.659937 0.501593 0.871654 0.920074 0.825257 0.580654 0.517370 0.583604 0.502678 0.441005 0.801880 0.665674 0.447476 0.696783 0.562521 0.491900 0.551115 0.646229 0.746541 0.684183 0.509153 0.648978 0.751162 0.712985 0.974403 0.854078 0.820793 0.694004 0.534142 0.643495 0.750740 0.836434
0.911886 0.942512 0.959646 0.944410 0.000000 0.959431 0.964974 0.903861 0.935980 0.981641 0.988610 0.997368 0.974800 0.854829 0.892754 0.971718 0.880815 0.935077 0.982284 0.876381 0.912897 0.985625 0.944299 0.953601 0.996590 0.990682 0.876992 0.920300 0.991327 0.968202 0.924309 0.908336 0.998907 0.963964 0.968479 0.938249 0.768474 0.977282 0.896129 0.956288 0.891911 0.999870 0.894368 0.939614 0.868880 0.828611 0.987070 0.918324 0.721635 0.805140 0.853241 0.835903 0.855622 0.801736 0.956062 0.862480 0.899133 0.885400 0.881602 0.881628 0.915296 0.845090 0.860320 0.886913 0.911011 0.841138 0.884755 0.869449 0.959654 0.946680 0.840809 0.863511 0.993997 0.986091 0.955128 0.974262 0.978476 0.950547 0.875035 0.970763 0.844504 0.912834 0.844669 0.983420 0.898367 0.904859 0.882452 0.994772 0.933582 0.984059 0.856457 0.930839 0.841012 0.957879 0.974336 0.964764 0.974810 0.796574 0.936781 0.804290 0.904386 0.971467 0.963216 0.907051 0.899825 0.964509 0.842041 0.987000 0.704515 0.971270 0.926984 0.787934 0.761855 0.935957 0.921305 0.942223
0.881155 0.976613 0.610238 0.640078 0.959431 0.000000 0.598494 0.782055 0.785820 0.741525 0.943561 0.766009 0.596843 0.737416 0.670832 0.514277 0.957205 0.922300 0.701745 0.801563 0.801049 0.783171 0.623945 0.598358 0.816048 0.593724 0.830931 0.658533 0.949048 0.889116 0.731340 0.750828 0.675350 0.611865 0.780054 0.954586 0.969049 0.923853 0.776894 0.868285 0.991229 0.957305 0.653086 0.621817 0.841078 0.860560 0.847556 0.714242 0.984729 0.813480 0.862003 0.768709 0.808784 0.846023 0.886205 0.910924 0.896602 0.937345 0.895943 0.921271 0.836019 0.961068 0.953610 0.975074 0.759152 0.777049 0.746197 0.832143 0.985519 0.778999 0.826000 0.754630 0.853500 0.673353 0.777043 0.748097 0.803250 0.886437 0.810476 0.627883 0.919078 0.781474 0.945126 0.991883 0.794144 0.704261 0.875288 0.796034 0.989232 0.917391 0.701079 0.684285 0.734192 0.660314 0.766927 0.696049 0.714768 0.864834 0.778040 0.772310 0.953256 0.783910 0.887497 0.845021 0.722513 0.804093 0.907136 0.828007 0.985466 0.788062 0.919315 0.900721 0.745064 0.920422 0.887641 0.983026
0.555924 0.630162 0.234837 0.315434 0.964974 0.598494 0.000000 0.225267 0.551829 0.395904 0.604373 0.656538 0.534832 0.678943 0.649021 0.593448 0.687622 0.582667 0.406049 0.484817 0.736377 0.796997 0.307732 0.547870 0.818363 0.554470 0.939595 0.913502 0.704650 0.595502 0.332026 0.470839 0.305176 0.259843 0.587596 0.579169 0.644479 0.745458 0.728496 0.794228 0.947508 0.819540 0.220287 0.245903 0.267560 0.285464 0.395509 0.318790 0.488821 0.437697 0.430817 0.406370 0.452220 0.597945 0.726089 0.651414 0.713758 0.696671 0.369399 0.445241 0.412541 0.525397 0.575354 0.647193 0.589334 0.551032 0.252743 0.326503 0.875861 0.598265 0.341064 0.310912 0.686468 0.521877 0.826628 0.736453 0.376810 0.685026 0.496177 0.486975 0.640106 0.623972 0.891354 0.855573 0.801379 0.744839 0.996510 0.859598 0.886490 0.835521 0.381358 0.418164 0.392743 0.385151 0.628006 0.606035 0.320387 0.644112 0.288330 0.314303 0.442023 0.447370 0.495415 0.497392 0.366678 0.389847 0.519628 0.535098 0.848069 0.807282 0.679725 0.501522 0.438157 0.562392 0.603474 0.879492
0.521360 0.556586 0.326488 0.345652 0.903861 0.782055 0.225267 0.000000 0.566961 0.366451 0.492454 0.611804 0.610087 0.666946 0.726906 0.680088 0.605043 0.525629 0.437649 0.425421 0.866718 0.807657 0.418579 0.670902 0.969457 0.676956 0.856204 0.859920 0.603548 0.558800 0.459364 0.496650 0.366376 0.341416 0.701470 0.565591 0.672251 0.768473 0.832722 0.892965 0.881460 0.699995 0.336782 0.370701 0.336880 0.366708 0.500590 0.418043 0.494801 0.501612 0.523627 0.510295 0.553441 0.662434 0.807485 0.699659 0.621042 0.594308 0.365884 0.440266 0.447487 0.436932 0.540195 0.559422 0.695581 0.583118 0.327254 0.380385 0.787910 0.553415 0.329900 0.353082 0.722176 0.635085 0.855297 0.848036 0.408546 0.670718 0.563887 0.570014 0.606291 0.588705 0.886968 0.846650 0.889616 0.823976 0.975159 0.825955 0.852953 0.777404 0.382290 0.442476 0.386531 0.416061 0.594802 0.629947 0.306696 0.547987 0.277994 0.281213 0.373930 0.441486 0.433773 0.442633 0.382459 0.425744 0.519127 0.567309 0.877569 0.780993 0.613517 0.466118 0.390301 0.527098 0.638683 0.887362
0.943734 0.949175 0.638531 0.683437 0.935980 0.785820 0.551829 0.566961 0.000000 0.426046 0.976598 0.995079 0.828000 0.980941 0.994799 0.931808 0.875438 0.868626 0.937031 0.960369 0.983773 0.864924 0.814172 0.938956 0.861418 0.952405 0.840450 0.862584 0.884333 0.898153 0.780034 0.931808 0.866180 0.755194 0.924510 0.822208 0.965393 0.952796 0.945574 0.868428 0.809554 0.985472 0.619297 0.668177 0.645348 0.633841 0.841287 0.800974 0.582582 0.540445 0.539258 0.521456 0.507147 0.530540 0.943428 0.941381 0.830709 0.900878 0.559813 0.707583 0.762384 0.775553 0.983046 0.978749 0.978715 0.903025 0.742352 0.838917 0.800040 0.963666 0.766370 0.753803 0.873952 0.980372 0.985684 0.902373 0.789607 0.858177 0.878263 0.881842 0.821007 0.743066 0.709996 0.731411 0.749600 0.834949 0.970103 0.822905 0.868308 0.997936 0.528191 0.574394 0.635537 0.517045 0.826137 0.896023 0.685149 0.844681 0.568805 0.600775 0.716415 0.633183 0.697556 0.718199 0.753807 0.705963 0.603099 0.551500 0.973284 0.927929 0.825049 0.748884 0.672645 0.867035 0.646182 0.841878
0.738548 0.631297 0.622450 0.656712 0.981641 0.741525 0.395904 0.366451 0.426046 0.000000 0.742781 0.709704 0.659887 0.823584 0.754282 0.752748 0.734217 0.737004 0.569521 0.543895 0.988335 0.808311 0.567848 0.875201 0.693358 0.949210 0.699142 0.877888 0.696320 0.626840 0.657550 0.674105 0.587309 0.500715 0.963857 0.675181 0.856919 0.891202 0.965864 0.926381 0.875757 0.708425 0.419762 0.448688 0.495006 0.529833 0.709027 0.544756 0.468618 0.491457 0.536546 0.510143 0.548953 0.571494 0.963367 0.963819 0.744208 0.681500 0.457250 0.586329 0.660651 0.758225 0.650419 0.617461 0.862323 0.977068 0.675425 0.769001 0.908570 0.649388 0.522138 0.509389 0.863079 0.768372 0.848445 0.672637 0.519171 0.567969 0.561884 0.698211 0.769367 0.911273 0.863144 0.957367 0.750750 0.766158 0.738594 0.707537 0.997791 0.884823 0.450736 0.378660 0.524676 0.508242 0.648854 0.703985 0.437116 0.574358 0.319952 0.346754 0.498261 0.459318 0.403082 0.470198 0.644769 0.510446 0.517676 0.478116 0.879737 0.825559 0.744261 0.570057 0.545459 0.718665 0.715602 0.783298
0.313035 0.373594 0.574294 0.681772 0.988610 0.943561 0.604373 0.492454 0.976598 0.742781 0.000000 0.433368 0.524050 0.580679 0.704711 0.646613 0.472547 0.392824 0.467278 0.381876 0.955251 0.893924 0.661948 0.831413 0.899469 0.812218 0.918417 0.965611 0.454614 0.427691 0.630280 0.616483 0.529541 0.549308 0.865784 0.757611 0.613578 0.743379 0.843024 0.777208 0.707324 0.817634 0.696645 0.632620 0.677990 0.626618 0.738575 0.620763 0.828799 0.756751 0.790334 0.818531 0.782265 0.914369 0.740644 0.824111 0.485363 0.424031 0.592175 0.556649 0.463177 0.500030 0.414025 0.441047 0.792505 0.731064 0.664634 0.542228 0.438399 0.528314 0.584119 0.542373 0.599468 0.676799 0.791639 0.876919 0.564892 0.661494 0.626194 0.505195 0.454047 0.437510 0.750468 0.667938 0.822081 0.823661 0.923099 0.787609 0.872449 0.739771 0.893950 0.910903 0.805632 0.907778 0.679698 0.724383 0.618681 0.811692 0.646559 0.628813 0.781433 0.631834 0.551211 0.675308 0.580141 0.645211 0.848159 0.865308 0.989579 0.781020 0.805063 0.740457 0.696332 0.635144 0.821388 0.953422
0.322530 0.384196 0.654116 0.765421 0.997368 0.766009 0.656538 0.611804 0.995079 0.709704 0.433368 0.000000 0.381346 0.449000 0.448341 0.343119 0.395612 0.340578 0.481792 0.465479 0.851099 0.834458 0.456635 0.661142 0.842249 0.777447 0.990564 0.919850 0.340001 0.331708 0.597393 0.519084 0.478041 0.461545 0.912484 0.962354 0.717204 0.885037 0.833357 0.843834 0.882725 0.831177 0.642664 0.560544 0.751209 0.629019 0.704638 0.497741 0.835005 0.701850 0.738289 0.712183 0.748201 0.776695 0.811656 0.926428 0.537012 0.471866 0.650911 0.601643 0.376207 0.494973 0.307377 0.355228 0.783264 0.718286 0.765023 0.659178 0.572604 0.455330 0.636541 0.603542 0.447255 0.481483 0.637023 0.722891 0.622659 0.564943 0.577868 0.429383 0.387904 0.403229 0.619021 0.612636 0.650064 0.675831 0.808779 0.977624 0.966020 0.757181 0.956779 0.981782 0.944056 0.916499 0.578401 0.744689 0.624050 0.767322 0.711110 0.638636 0.873119 0.714127 0.677408 0.807761 0.547505 0.604209 0.883564 0.944186 0.893949 0.684716 0.887216 0.711960 0.698392 0.794816 0.741605 0.965458
0.479072 0.682109 0.494460 0.625357 0.974800 0.596843 0.534832 0.610087 0.828000 0.659887 0.524050 0.381346 0.000000 0.414752 0.481697 0.341234 0.764853 0.655434 0.511645 0.608724 0.777541 0.940656 0.475163 0.524638 0.831204 0.675282 0.897936 0.954994 0.600119 0.525994 0.649909 0.620243 0.557053 0.541778 0.943433 0.934727 0.734270 0.977814 0.705774 0.703965 0.938509 0.946327 0.637712 0.567676 0.806126 0.652928 0.671178 0.530281 0.897044 0.621618 0.700929 0.653017 0.681483 0.725368 0.742186 0.808973 0.884796 0.740772 0.639601 0.629289 0.371579 0.549643 0.550569 0.643224 0.663656 0.664910 0.781169 0.710871 0.661210 0.629736 0.743740 0.659182 0.586397 0.624627 0.815459 0.699922 0.671774 0.776686 0.625348 0.475056 0.689329 0.528193 0.832165 0.725035 0.689658 0.636792 0.903518 0.876583 0.737654 0.784097 0.912043 0.877759 0.954447 0.875862 0.669129 0.754394 0.607655 0.866727 0.730681 0.697389 0.843787 0.662960 0.739757 0.864575 0.670022 0.716146 0.924441 0.960813 0.893170 0.646195 0.964871 0.866213 0.739265 0.802798 0.809531 0.886877
0.527130 0.703429 0.545992 0.573014 0.854829 0.737416 0.678943 0.666946 0.980941 0.823584 0.580679 0.449000 0.414752 0.000000 0.331715 0.327322 0.774002 0.597605 0.450706 0.499261 0.726887 0.766954 0.462325 0.463986 0.746076 0.651143 0.923773 0.866461 0.518024 0.484345 0.597397 0.494544 0.523379 0.547233 0.986200 0.964941 0.790313 0.987525 0.649432 0.781908 0.955400 0.886808 0.736903 0.705498 0.962932 0.845317 0.633682 0.672345 0.920411 0.998886 0.947732 0.975810 0.968355 0.899893 0.683498 0.888321 0.881790 0.858470 0.870220 0.924454 0.620212 0.698141 0.743055 0.780870 0.633622 0.625553 0.829768 0.804866 0.628402 0.610095 0.784809 0.794962 0.578697 0.687907 0.772280 0.745588 0.663776 0.829498 0.715811 0.521065 0.682487 0.424460 0.675170 0.513149 0.581407 0.512994 0.971942 0.873631 0.902369 0.641861 0.998925 0.982304 0.998553 0.993028 0.698942 0.769709 0.717304 0.768966 0.882698 0.784007 0.835070 0.766363 0.871036 0.920402 0.766969 0.810576 0.919485 0.915702 0.881964 0.756037 0.952187 0.892460 0.796445 0.815506 0.873809 0.974410
0.567327 0.691692 0.640862 0.661740 0.892754 0.670832 0.649021 0.726906 0.994799 0.754282 0.704711 0.448341 0.481697 0.331715 0.000000 0.347987 0.693751 0.558746 0.446235 0.525848 0.758046 0.750037 0.396221 0.491234 0.755420 0.692572 0.906805 0.815514 0.506390 0.419574 0.466608 0.416418 0.479327 0.469332 0.912989 0.987852 0.797622 0.981409 0.745806 0.822571 0.972204 0.976786 0.641593 0.617920 0.887007 0.792583 0.664000 0.614336 0.985105 0.911908 0.985124 0.876669 0.929939 0.987969 0.834084 0.938228 0.865961 0.856342 0.812618 0.902192 0.658170 0.865645 0.686537 0.744782 0.806470 0.798347 0.816790 0.811994 0.672565 0.658874 0.714839 0.753378 0.525124 0.599280 0.806058 0.729880 0.646873 0.699364 0.505736 0.553392 0.649971 0.534370 0.670946 0.593116 0.716967 0.641045 0.946891 0.915827 0.968113 0.880942 0.991226 0.973709 0.942633 0.965467 0.713794 0.778347 0.706537 0.738688 0.807498 0.729261 0.900146 0.822476 0.874053 0.876328 0.740072 0.785354 0.973098 0.946530 0.936148 0.762390 0.977415 0.830210 0.771866 0.842871 0.877929 0.959663
0.554339 0.666462 0.559930 0.569270 0.971718 0.514277 0.593448 0.680088 0.931808 0.752748 0.646613 0.343119 0.341234 0.327322 0.347987 0.000000 0.683506 0.582508 0.426706 0.560623 0.691840 0.714334 0.354845 0.379941 0.664804 0.606180 0.871012 0.756434 0.550368 0.475491 0.548927 0.475460 0.444263 0.420022 0.919621 0.957824 0.795482 0.999509 0.730556 0.803419 0.955253 0.983447 0.578894 0.515548 0.828844 0.677834 0.605448 0.521825 0.919509 0.729732 0.808280 0.707374 0.788490 0.821688 0.696598 0.881718 0.871897 0.809181 0.711748 0.792321 0.533309 0.676977 0.611737 0.700135 0.618360 0.605643 0.742087 0.730594 0.748148 0.554443 0.681309 0.652357 0.547780 0.522741 0.712437 0.703934 0.644422 0.733034 0.604613 0.461038 0.654536 0.480467 0.726373 0.626438 0.571783 0.492356 0.826766 0.887950 0.960478 0.750758 0.913313 0.891047 0.965849 0.974056 0.725102 0.690706 0.657796 0.756730 0.765348 0.660496 0.912863 0.735178 0.825114 0.879693 0.625073 0.688163 0.982448 0.998859 0.895837 0.683958 0.995691 0.795880 0.686173 0.837646 0.837708 0.942923
0.313685 0.199467 0.782953 0.879843 0.880815 0.957205 0.687622 0.605043 0.875438 0.734217 0.472547 0.395612 0.764853 0.774002 0.693751 0.683506 0.000000 0.212915 0.486886 0.401141 0.906173 0.801634 0.623860 0.908046 0.906168 0.930112 0.857284 0.940185 0.356428 0.327140 0.589521 0.544862 0.493287 0.475604 0.880391 0.749691 0.727522 0.642576 0.910239 0.959246 0.805156 0.646431 0.584915 0.550722 0.579465 0.563895 0.649951 0.477388 0.650440 0.710603 0.722657 0.786595 0.810662 0.904590 0.881358 0.967219 0.220864 0.241734 0.556611 0.572769 0.557307 0.647631 0.265996 0.271217 0.940228 0.882847 0.673866 0.581587 0.470054 0.412603 0.529809 0.551681 0.512617 0.554126 0.748029 0.820965 0.616402 0.515938 0.518988 0.568556 0.250820 0.456872 0.501985 0.631467 0.805220 0.889741 0.733333 0.726040 0.947188 0.899923 0.955723 0.943066 0.901734 0.945769 0.662245 0.748560 0.627557 0.667898 0.629832 0.581964 0.812670 0.715298 0.521886 0.591895 0.559318 0.547222 0.795994 0.871505 0.997933 0.796114 0.768278 0.649656 0.710745 0.699131 0.797991 0.965742
0.244391 0.215107 0.656017 0.745057 0.935077 0.922300 0.582667 0.525629 0.868626 0.737004 0.392824 0.340578 0.655434 0.597605 0.558746 0.582508 0.212915 0.000000 0.365214 0.286005 0.848406 0.771160 0.484517 0.769387 0.843681 0.804576 0.921673 0.935741 0.274723 0.247372 0.499966 0.477802 0.403282 0.357389 0.774133 0.804984 0.638975 0.665428 0.811481 0.913356 0.718114 0.694738 0.534931 0.475989 0.566588 0.546618 0.636011 0.426147 0.703443 0.712248 0.760569 0.788691 0.796232 0.909424 0.819555 0.906176 0.245399 0.263002 0.576076 0.556540 0.494480 0.612663 0.265904 0.270902 0.846414 0.798875 0.606033 0.500117 0.488716 0.426217 0.468382 0.490999 0.479877 0.484615 0.794439 0.712034 0.536862 0.501074 0.517797 0.435012 0.252491 0.330823 0.496320 0.551290 0.709369 0.762031 0.809954 0.821658 0.947154 0.805011 0.856887 0.858804 0.786341 0.953382 0.572905 0.729694 0.607189 0.636924 0.573680 0.537425 0.781390 0.646957 0.514413 0.581385 0.491589 0.529969 0.770443 0.905220 0.978025 0.774933 0.782774 0.575244 0.648349 0.628421 0.820907 0.904910
0.394794 0.435801 0.481090 0.533327 0.982284 0.701745 0.406049 0.437649 0.937031 0.569521 0.467278 0.481792 0.511645 0.450706 0.446235 0.426706 0.486886 0.365214 0.000000 0.278243 0.735376 0.691377 0.391045 0.592783 0.801392 0.733446 0.892063 0.905300 0.372020 0.323504 0.407622 0.370469 0.334201 0.293890 0.851811 0.685845 0.623039 0.768514 0.733719 0.908427 0.914176 0.717741 0.427798 0.401662 0.563147 0.543065 0.516090 0.399259 0.715481 0.662954 0.760705 0.734696 0.796260 0.899252 0.885034 0.889871 0.519115 0.522001 0.513124 0.604476 0.578385 0.770110 0.479535 0.552207 0.820955 0.799722 0.563683 0.621074 0.570540 0.438353 0.471800 0.473621 0.565620 0.534712 0.763783 0.706597 0.482452 0.549598 0.512746 0.469919 0.530320 0.471541 0.803863 0.716509 0.851195 0.778757 0.807806 0.891563 0.988457 0.897337 0.744885 0.681617 0.742080 0.765756 0.717587 0.580770 0.520304 0.583514 0.507227 0.444841 0.633614 0.548388 0.501219 0.534853 0.560898 0.578458 0.809654 0.783423 0.969952 0.778912 0.795007 0.622817 0.560214 0.575249 0.831166 0.981764
0.322640 0.361428 0.562992 0.634280 0.876381 0.801563 0.484817 0.425421 0.960369 0.543895 0.381876 0.465479 0.608724 0.499261 0.525848 0.560623 0.401141 0.286005 0.278243 0.000000 0.832783 0.701629 0.468892 0.722770 0.931706 0.813152 0.791332 0.883540 0.355788 0.278017 0.458708 0.391582 0.389310 0.327154 0.803033 0.744386 0.637281 0.701506 0.774102 0.929870 0.793594 0.695015 0.493153 0.453395 0.583048 0.607346 0.604496 0.473409 0.745924 0.746777 0.824860 0.822586 0.805915 0.956461 0.884097 0.955538 0.421378 0.422392 0.551007 0.640305 0.601462 0.741234 0.444089 0.437120 0.925430 0.869900 0.619693 0.621456 0.512430 0.421579 0.500185 0.492511 0.569107 0.556444 0.709621 0.728515 0.484216 0.578726 0.523363 0.471071 0.448470 0.421456 0.752139 0.732261 0.912773 0.878678 0.750302 0.780958 0.986923 0.841831 0.755842 0.671684 0.724976 0.798131 0.578626 0.654295 0.530054 0.572185 0.486835 0.475541 0.646535 0.542483 0.423099 0.478576 0.560623 0.564025 0.786117 0.779107 0.983582 0.777378 0.717375 0.625205 0.606631 0.576933 0.821704 0.953468
0.824979 0.924463 0.654778 0.660036 0.912897 0.801049 0.736377 0.866718 0.983773 0.988335 0.955251 0.851099 0.777541 0.726887 0.758046 0.691840 0.906173 0.848406 0.735376 0.832783 0.000000 0.869454 0.640805 0.596309 0.581667 0.642418 0.746561 0.882485 0.988115 0.867064 0.710775 0.673188 0.748492 0.704102 0.784148 0.902228 0.799409 0.916492 0.575656 0.858760 0.887089 0.951782 0.775240 0.789270 0.857236 0.816890 0.591251 0.694417 0.966604 0.986187 0.974615 0.995291 0.992971 0.857263 0.835598 0.806103 0.895791 0.983889 0.870373 0.909848 0.814651 0.892593 0.862237 0.994934 0.623643 0.705172 0.720043 0.766840 0.940340 0.824845 0.923448 0.902816 0.798689 0.817243 0.784901 0.845259 0.896794 0.969894 0.873630 0.772937 0.907524 0.738373 0.797872 0.699370 0.685701 0.625179 0.921895 0.907376 0.904400 0.804473 0.950777 0.962554 0.970876 0.987329 0.987438 0.711491 0.815428 0.961982 0.979002 0.862700 0.947722 0.977884 0.907383 0.967567 0.982368 0.928121 0.894891 0.958255 0.954345 0.884467 0.899899 0.931575 0.978849 0.993418 0.880183 0.894968
0.859417 0.805677 0.798592 0.774665 0.985625 0.783171 0.796997 0.807657 0.864924 0.808311 0.893924 0.834458 0.940656 0.766954 0.750037 0.714334 0.801634 0.771160 0.691377 0.701629 0.869454 0.000000 0.755146 0.813219 0.887646 0.887297 0.841861 0.815370 0.816071 0.762103 0.713191 0.685938 0.710890 0.721995 0.799388 0.808378 0.916257 0.682677 0.956276 0.980772 0.892926 0.882268 0.730242 0.750273 0.810768 0.838943 0.873234 0.771386 0.890789 0.903373 0.967185 0.894284 0.921384 0.946277 0.997146 0.971466 0.909328 0.910425 0.839002 0.967253 0.997168 0.953062 0.906631 0.922615 0.954717 0.935465 0.828847 0.880060 0.910974 0.787255 0.750532 0.751534 0.813477 0.784457 0.902943 0.869941 0.847695 0.806578 0.889137 0.765741 0.866431 0.856860 0.959732 0.989051 0.987825 0.936975 0.913049 0.854969 0.944148 0.960097 0.795470 0.849175 0.844955 0.855360 0.878990 0.823972 0.863630 0.670804 0.781339 0.762085 0.882772 0.796592 0.731193 0.642261 0.796087 0.852583 0.972799 0.892441 0.869898 0.873684 0.905096 0.846765 0.858948 0.829893 0.987141 0.918421
0.509582 0.594076 0.374161 0.421335 0.944299 0.623945 0.307732 0.418579 0.814172 0.567848 0.661948 0.456635 0.475163 0.462325 0.396221 0.354845 0.623860 0.484517 0.391045 0.468892 0.640805 0.755146 0.000000 0.387869 0.681477 0.532346 0.985118 0.978883 0.558706 0.437344 0.305709 0.325580 0.260489 0.254522 0.662055 0.790458 0.640316 0.879286 0.706173 0.841423 0.997616 0.839269 0.318172 0.317396 0.465108 0.409236 0.399408 0.331335 0.648394 0.621846 0.628847 0.555229 0.633415 0.754997 0.664880 0.720250 0.707632 0.699427 0.553976 0.596431 0.418555 0.609002 0.518130 0.587260 0.581458 0.583245 0.423367 0.458672 0.820432 0.535381 0.440470 0.420901 0.533681 0.419137 0.742013 0.703569 0.403092 0.657258 0.470602 0.454075 0.539942 0.488417 0.664142 0.658865 0.609962 0.582922 0.975813 0.966731 0.999879 0.814349 0.647311 0.680380 0.652998 0.758898 0.611522 0.638969 0.433488 0.657002 0.503659 0.460704 0.686640 0.645943 0.628572 0.667882 0.428904 0.463021 0.667675 0.816646 0.918503 0.734411 0.738542 0.584178 0.535000 0.713272 0.672272 0.967616
0.778823 0.914766 0.414142 0.419093 0.953601 0.598358 0.547870 0.670902 0.938956 0.875201 0.831413 0.661142 0.524638 0.463986 0.491234 0.379941 0.908046 0.769387 0.592783 0.722770 0.596309 0.813219 0.387869 0.000000 0.527166 0.447224 0.802817 0.951790 0.875817 0.697105 0.534047 0.480843 0.508801 0.540296 0.776951 0.915720 0.825840 0.993048 0.536223 0.808944 0.981302 0.943106 0.640219 0.650561 0.820277 0.759799 0.572311 0.599035 0.976107 0.921216 0.942666 0.879036 0.958223 0.985566 0.752999 0.734993 0.950712 0.926775 0.912908 0.963508 0.684110 0.791648 0.913711 0.990170 0.458523 0.468951 0.619922 0.657716 0.944486 0.798623 0.714788 0.695020 0.653849 0.597312 0.864569 0.815803 0.686857 0.902739 0.738443 0.610679 0.815740 0.560744 0.744897 0.650641 0.511654 0.430255 0.842429 0.752613 0.848059 0.747872 0.798995 0.839369 0.834029 0.842238 0.813152 0.858873 0.653054 0.764848 0.841139 0.762773 0.821300 0.910826 0.963439 0.980883 0.760397 0.779292 0.946854 0.991410 0.993434 0.810475 0.998891 0.896499 0.787137 0.905828 0.924061 0.973760
0.817038 0.994014 0.605619 0.618852 0.996590 0.816048 0.818363 0.969457 0.861418 0.693358 0.899469 0.842249 0.831204 0.746076 0.755420 0.664804 0.906168 0.843681 0.801392 0.931706 0.581667 0.887646 0.681477 0.527166 0.000000 0.383591 0.545026 0.811798 0.962717 0.929156 0.616945 0.638326 0.687188 0.772347 0.560267 0.922982 0.792536 0.828391 0.521551 0.739846 0.962957 0.939975 0.858907 0.835104 0.868988 0.817659 0.642202 0.708843 0.924583 0.973643 0.982912 0.998405 0.957457 0.802272 0.690325 0.787659 0.972379 0.927971 0.965123 0.913646 0.786895 0.800987 0.923403 0.917980 0.371118 0.448716 0.627305 0.649282 0.849555 0.888707 0.967272 0.948539 0.659590 0.711550 0.775314 0.851155 0.888058 0.934687 0.921748 0.695683 0.842881 0.652697 0.606728 0.740779 0.410459 0.364564 0.746171 0.761638 0.981082 0.602191 0.806552 0.693083 0.887450 0.883951 0.896932 0.921723 0.886684 0.872423 0.843883 0.924213 0.923873 0.908999 0.781838 0.798804 0.845249 0.948108 0.841920 0.845817 0.913990 0.955595 0.993745 0.891623 0.959661 0.934421 0.898430 0.975632
0.760044 0.934145 0.368743 0.357804 0.990682 0.593724 0.554470 0.676956 0.952405 0.949210 0.812218 0.777447 0.675282 0.651143 0.692572 0.606180 0.930112 0.804576 0.733446 0.813152 0.642418 0.887297 0.532346 0.447224 0.383591 0.000000 0.571705 0.852497 0.960389 0.883421 0.516715 0.566753 0.535782 0.601802 0.563901 0.780086 0.816589 0.815192 0.457208 0.658749 0.923540 0.911353 0.625981 0.607396 0.707394 0.684292 0.539891 0.593629 0.902532 0.811823 0.776985 0.773907 0.812937 0.959300 0.605932 0.645630 0.972998 0.965803 0.797910 0.778796 0.672289 0.672899 0.899543 0.961480 0.291623 0.305516 0.424187 0.454194 0.923743 0.802340 0.730628 0.623927 0.657478 0.566857 0.807895 0.936991 0.756696 0.989459 0.794652 0.595923 0.808015 0.537158 0.696525 0.747012 0.440850 0.303839 0.794567 0.693656 0.855105 0.512333 0.812950 0.918738 0.779801 0.690364 0.876896 0.832024 0.664204 0.934922 0.885515 0.795553 0.831257 0.792644 0.985051 0.972726 0.572027 0.803745 0.905212 0.993034 0.891263 0.870822 0.975055 0.939215 0.744668 0.845287 0.860174 0.937331
0.914153 0.815601 0.872177 0.790336 0.876992 0.830931 0.939595 0.856204 0.840450 0.699142 0.918417 0.990564 0.897936 0.923773 0.906805 0.871012 0.857284 0.921673 0.892063 0.791332 0.746561 0.841861 0.985118 0.802817 0.545026 0.571705 0.000000 0.760468 0.885000 0.779351 0.869271 0.952871 0.965495 0.884799 0.900762 0.868161 0.904534 0.922720 0.791216 0.817283 0.953995 0.878742 0.896866 0.899842 0.859095 0.929386 0.952996 0.997417 0.942476 0.919053 0.931858 0.910966 0.914847 0.844954 0.751278 0.780420 0.792425 0.777659 0.890257 0.958942 0.993991 0.943287 0.872022 0.736866 0.554164 0.600168 0.910863 0.941505 0.962939 0.928448 0.834288 0.849278 0.970440 0.964298 0.852217 0.906638 0.920359 0.790312 0.920961 0.928846 0.937846 0.808387 0.792972 0.854112 0.485431 0.477303 0.788890 0.595374 0.934318 0.644987 0.837628 0.837063 0.941955 0.959520 0.832191 0.956459 0.821494 0.662170 0.689920 0.793565 0.844835 0.834825 0.593378 0.671461 0.951205 0.765091 0.745039 0.720978 0.841502 0.964981 0.692794 0.780543 0.818141 0.882201 0.925110 0.955432
0.971514 0.948666 0.970384 0.954796 0.920300 0.658533 0.913502 0.859920 0.862584 0.877888 0.965611 0.919850 0.954994 0.866461 0.815514 0.756434 0.940185 0.935741 0.905300 0.883540 0.882485 0.815370 0.978883 0.951790 0.811798 0.852497 0.760468 0.000000 0.990124 0.938245 0.996134 0.910923 0.934565 0.949944 0.899059 0.977335 0.908849 0.993573 0.874655 0.904414 0.906605 0.997576 0.979973 0.963767 0.880144 0.945373 0.996524 0.998419 0.901871 0.977796 0.934952 0.963197 0.962626 0.937668 0.965407 0.813298 0.969766 0.939479 0.984108 0.938121 0.902616 0.855933 0.966599 0.981522 0.977850 0.965419 0.946875 0.929370 0.853664 0.898122 0.974618 0.865926 0.972175 0.887361 0.836438 0.937758 0.964315 0.995288 0.966747 0.875112 0.976207 0.892021 0.920332 0.990331 0.906642 0.835283 0.753272 0.925310 0.741925 0.851462 0.853132 0.902946 0.826043 0.900120 0.823325 0.832725 0.953394 0.981914 0.921490 0.947288 0.774318 0.900791 0.918674 0.987925 0.985864 0.906700 0.850496 0.779032 0.859928 0.937149 0.913496 0.834328 0.938216 0.937481 0.978240 0.934227
0.299577 0.322777 0.787235 0.832289 0.991327 0.949048 0.704650 0.603548 0.884333 0.696320 0.454614 0.340001 0.600119 0.518024 0.506390 0.550368 0.356428 0.274723 0.372020 0.355788 0.988115 0.816071 0.558706 0.875817 0.962717 0.960389 0.885000 0.990124 0.000000 0.247037 0.595212 0.505593 0.531974 0.458644 0.929557 0.915796 0.612600 0.777788 0.913106 0.979006 0.756491 0.683785 0.656309 0.593835 0.740486 0.681034 0.742609 0.543576 0.761240 0.777226 0.855278 0.844520 0.874252 0.927150 0.819663 0.896435 0.394688 0.394603 0.649203 0.613447 0.564299 0.687478 0.362922 0.335616 0.988934 0.939212 0.800763 0.753488 0.444169 0.383724 0.560794 0.632086 0.497401 0.605722 0.741959 0.764736 0.576427 0.488174 0.644366 0.503113 0.349274 0.424141 0.652636 0.622098 0.837268 0.865491 0.739393 0.844458 0.956440 0.833945 0.974216 0.899258 0.954679 0.962345 0.619258 0.738217 0.632397 0.682948 0.653911 0.630350 0.804953 0.655038 0.580173 0.642591 0.648811 0.660351 0.914884 0.930002 0.953940 0.664517 0.767031 0.623826 0.694078 0.625444 0.879737 0.900526
0.305445 0.293149 0.685806 0.771215 0.968202 0.889116 0.595502 0.558800 0.898153 0.626840 0.427691 0.331708 0.525994 0.484345 0.419574 0.475491 0.327140 0.247372 0.323504 0.278017 0.867064 0.762103 0.437344 0.697105 0.929156 0.883421 0.779351 0.938245 0.247037 0.000000 0.447958 0.408750 0.381317 0.359400 0.882826 0.825891 0.632827 0.720497 0.759020 0.953242 0.808256 0.717707 0.518968 0.461689 0.645820 0.604040 0.664612 0.462782 0.770176 0.712926 0.792189 0.763093 0.810685 0.878442 0.847762 0.945802 0.392129 0.356293 0.639340 0.608430 0.513879 0.696905 0.336898 0.310619 0.974624 0.909110 0.721434 0.646975 0.446249 0.380376 0.499673 0.522542 0.407314 0.421071 0.798122 0.671509 0.525967 0.469767 0.479897 0.476096 0.356568 0.395864 0.622924 0.581249 0.871552 0.870893 0.753624 0.786960 0.923986 0.908960 0.892334 0.839434 0.911429 0.969965 0.565845 0.701950 0.535044 0.579346 0.569410 0.522102 0.720851 0.602482 0.500476 0.605019 0.626800 0.543321 0.797041 0.852315 0.971260 0.692909 0.760958 0.585148 0.633612 0.596464 0.861981 0.934969
0.499436 0.569670 0.367218 0.460481 0.924309 0.731340 0.332026 0.459364 0.780034 0.657550 0.630280 0.597393 0.649909 0.597397 0.466608 0.548927 0.589521 0.499966 0.407622 0.458708 0.710775 0.713191 0.305709 0.534047 0.616945 0.516715 0.869271 0.996134 0.595212 0.447958 0.000000 0.288123 0.264358 0.282507 0.578602 0.671461 0.593290 0.682301 0.590635 0.761422 0.912024 0.812382 0.296104 0.289210 0.371943 0.378355 0.396682 0.344168 0.634433 0.641416 0.589725 0.570300 0.615298 0.794306 0.734129 0.773389 0.670669 0.686604 0.530593 0.581384 0.489250 0.666703 0.562932 0.607772 0.655492 0.655472 0.377043 0.419985 0.770509 0.552366 0.415205 0.401618 0.445122 0.391449 0.730827 0.781337 0.443529 0.643970 0.479465 0.449625 0.592971 0.606629 0.658531 0.717983 0.804506 0.721001 0.965527 0.839167 0.990418 0.829347 0.707213 0.786218 0.757692 0.780808 0.659757 0.691829 0.403871 0.655824 0.473659 0.498895 0.672002 0.586164 0.587909 0.581226 0.469106 0.506604 0.620679 0.674327 0.945765 0.818046 0.610564 0.612568 0.526208 0.609684 0.579623 0.944147
0.479699 0.558784 0.448479 0.501346 0.908336 0.750828 0.470839 0.496650 0.931808 0.674105 0.616483 0.519084 0.620243 0.494544 0.416418 0.475460 0.544862 0.477802 0.370469 0.391582 0.673188 0.685938 0.325580 0.480843 0.638326 0.566753 0.952871 0.910923 0.505593 0.408750 0.288123 0.000000 0.331878 0.359544 0.655077 0.768125 0.608683 0.792287 0.635066 0.870480 0.948488 0.717303 0.463780 0.483779 0.581849 0.617557 0.503240 0.483229 0.796317 0.874522 0.856565 0.839841 0.906868 0.965280 0.783744 0.845267 0.650823 0.695904 0.676265 0.775729 0.601160 0.781685 0.584555 0.640100 0.717796 0.714120 0.549847 0.612749 0.692143 0.512369 0.560309 0.545215 0.455506 0.490386 0.690882 0.876345 0.567007 0.640595 0.563129 0.542901 0.539291 0.505772 0.674541 0.740275 0.763926 0.699593 0.928614 0.953394 0.998662 0.859426 0.842817 0.860740 0.849523 0.868009 0.736006 0.715491 0.468352 0.646823 0.601196 0.615000 0.733524 0.718103 0.628034 0.601318 0.590393 0.644483 0.818852 0.823046 0.932764 0.702000 0.755339 0.657713 0.646185 0.708796 0.722967 0.912523
0.422126 0.459989 0.364886 0.421304 0.998907 0.675350 0.305176 0.366376 0.866180 0.587309 0.529541 0.478041 0.557053 0.523379 0.479327 0.444263 0.493287 0.403282 0.334201 0.389310 0.748492 0.710890 0.260489 0.508801 0.687188 0.535782 0.965495 0.934565 0.531974 0.381317 0.264358 0.331878 0.000000 0.232521 0.653485 0.607705 0.601438 0.681212 0.682914 0.850765 0.962560 0.750070 0.271221 0.255312 0.345395 0.338517 0.345382 0.311125 0.578799 0.576865 0.561910 0.526028 0.601651 0.758858 0.667770 0.696483 0.581222 0.558400 0.490330 0.506610 0.416625 0.520326 0.450942 0.531764 0.576992 0.555564 0.331415 0.362851 0.725205 0.458120 0.355941 0.363067 0.489844 0.375872 0.757530 0.750672 0.381126 0.643114 0.444504 0.438069 0.484127 0.451693 0.651194 0.671188 0.662390 0.617011 0.911429 0.853500 0.962881 0.774995 0.622034 0.677423 0.611175 0.711539 0.634991 0.631134 0.383012 0.585403 0.424240 0.398704 0.547704 0.527487 0.558404 0.575465 0.354459 0.408807 0.677116 0.680516 0.985891 0.761676 0.637216 0.573179 0.457075 0.619850 0.597558 0.876475
0.385738 0.442107 0.379885 0.452711 0.963964 0.611865 0.259843 0.341416 0.755194 0.500715 0.549308 0.461545 0.541778 0.547233 0.469332 0.420022 0.475604 0.357389 0.293890 0.327154 0.704102 0.721995 0.254522 0.540296 0.772347 0.601802 0.884799 0.949944 0.458644 0.359400 0.282507 0.359544 0.232521 0.000000 0.641342 0.699661 0.586897 0.708714 0.713000 0.864269 0.867736 0.791258 0.270816 0.234304 0.371849 0.353653 0.419008 0.305910 0.559655 0.526341 0.554238 0.530205 0.590467 0.732726 0.711144 0.734519 0.539931 0.539447 0.419488 0.499434 0.429031 0.593500 0.423846 0.478646 0.684834 0.656778 0.376438 0.396566 0.717301 0.426109 0.359845 0.361116 0.559968 0.442308 0.788081 0.689809 0.400185 0.574985 0.427438 0.388799 0.467486 0.462321 0.699169 0.672133 0.738025 0.688497 0.823807 0.814750 0.984188 0.862032 0.600980 0.581467 0.615810 0.663944 0.529640 0.594446 0.399586 0.554264 0.382254 0.368893 0.625619 0.508613 0.482768 0.510936 0.375756 0.392519 0.652684 0.644374 0.963138 0.705392 0.658540 0.514029 0.468933 0.572027 0.654759 0.979818
0.768013 0.885679 0.598263 0.607819 0.968479 0.780054 0.587596 0.701470 0.924510 0.963857 0.865784 0.912484 0.943433 0.986200 0.912989 0.919621 0.880391 0.774133 0.851811 0.803033 0.784148 0.799388 0.662055 0.776951 0.560267 0.563901 0.900762 0.899059 0.929557 0.882826 0.578602 0.655077 0.653485 0.641342 0.000000 0.760609 0.681299 0.747799 0.706138 0.859967 0.956902 0.953910 0.622813 0.643879 0.521187 0.602641 0.658648 0.630561 0.791374 0.763686 0.739575 0.741361 0.785627 0.905347 0.734920 0.730433 0.837036 0.853027 0.744633 0.685460 0.708377 0.711921 0.776582 0.836029 0.626717 0.621820 0.459818 0.468222 0.919812 0.870145 0.649078 0.637221 0.798639 0.670800 0.942963 0.942129 0.761696 0.887707 0.823216 0.710223 0.743382 0.755677 0.852354 0.924474 0.743679 0.723755 0.763577 0.959920 0.969300 0.741450 0.713514 0.913197 0.700417 0.716513 0.767917 0.852985 0.673200 0.898719 0.684825 0.758714 0.783150 0.875947 0.898106 0.776047 0.590178 0.652098 0.806532 0.829665 0.817131 0.937485 0.657173 0.744832 0.808225 0.827064 0.855055 0.858680
0.799557 0.690688 0.644663 0.586797 0.938249 0.954586 0.579169 0.565591 0.822208 0.675181 0.757611 0.962354 0.934727 0.964941 0.987852 0.957824 0.749691 0.804984 0.685845 0.744386 0.902228 0.808378 0.790458 0.915720 0.922982 0.780086 0.868161 0.977335 0.915796 0.825891 0.671461 0.768125 0.607705 0.699661 0.760609 0.000000 0.781814 0.549030 0.849029 0.900107 0.986562 0.840977 0.583414 0.593429 0.474243 0.586570 0.581510 0.634949 0.613358 0.648125 0.683579 0.714771 0.790742 0.878477 0.823139 0.909379 0.724003 0.685273 0.614888 0.654127 0.839009 0.714507 0.787758 0.793403 0.777321 0.736003 0.459492 0.510438 0.871266 0.754534 0.474955 0.498902 0.872085 0.782997 0.907543 0.856419 0.592717 0.715230 0.758591 0.885378 0.755408 0.810489 0.885290 0.870168 0.988432 0.917294 0.826358 0.887898 0.900363 0.824740 0.600326 0.675330 0.579584 0.612506 0.936215 0.655321 0.652438 0.655068 0.545240 0.492554 0.547006 0.609310 0.670922 0.579998 0.640880 0.631968 0.713935 0.679405 0.926222 0.992534 0.700241 0.710494 0.607929 0.651591 0.706536 0.780079
0.524768 0.679157 0.630274 0.675449 0.768474 0.969049 0.644479 0.672251 0.965393 0.856919 0.613578 0.717204 0.734270 0.790313 0.797622 0.795482 0.727522 0.638975 0.623039 0.637281 0.799409 0.916257 0.640316 0.825840 0.792536 0.816589 0.904534 0.908849 0.612600 0.632827 0.593290 0.608683 0.601438 0.586897 0.681299 0.781814 0.000000 0.707658 0.691925 0.878281 0.830915 0.928070 0.711938 0.648006 0.656530 0.652112 0.635814 0.596202 0.854013 0.761152 0.793124 0.829815 0.866539 0.957023 0.800777 0.825627 0.701327 0.720662 0.684675 0.659612 0.629348 0.707453 0.651027 0.701731 0.793269 0.792207 0.656232 0.616352 0.743759 0.681713 0.637698 0.730140 0.694256 0.685026 0.899222 0.911953 0.592201 0.755004 0.748815 0.692651 0.691239 0.690929 0.856417 0.857635 0.868891 0.847203 0.908799 0.765968 0.959126 0.807855 0.948885 0.888042 0.879308 0.909438 0.810182 0.700242 0.736964 0.875899 0.697653 0.750304 0.947759 0.770323 0.641054 0.755071 0.632729 0.710377 0.922538 0.843411 0.915300 0.777110 0.742613 0.693121 0.737902 0.809188 0.762440 0.802918
0.681451 0.627621 0.724446 0.783436 0.977282 0.923853 0.745458 0.768473 0.952796 0.891202 0.743379 0.885037 0.977814 0.987525 0.981409 0.999509 0.642576 0.665428 0.768514 0.701506 0.916492 0.682677 0.879286 0.993048 0.828391 0.815192 0.922720 0.993573 0.777788 0.720497 0.682301 0.792287 0.681212 0.708714 0.747799 0.549030 0.707658 0.000000 0.745595 0.934114 0.861118 0.830295 0.687767 0.641861 0.542724 0.615305 0.676347 0.671141 0.680842 0.620919 0.617206 0.678314 0.691384 0.782510 0.820930 0.821478 0.633548 0.643726 0.687229 0.645533 0.783572 0.800166 0.657752 0.693238 0.862989 0.847017 0.604513 0.572667 0.733293 0.653782 0.589460 0.642336 0.673062 0.648741 0.901114 0.983278 0.799805 0.746886 0.796373 0.815825 0.683563 0.766269 0.858683 0.984401 0.954330 0.933616 0.852532 0.792378 0.992156 0.943900 0.861239 0.854356 0.821601 0.847906 0.916418 0.738816 0.727194 0.752033 0.721597 0.705401 0.773446 0.688217 0.638825 0.671538 0.753070 0.686902 0.806786 0.764374 0.863503 0.987852 0.659214 0.753344 0.790068 0.630964 0.855164 0.835523
