0.000000 0.378696 0.764486 0.613955 0.921155 0.989978 0.917642 0.709876 0.780741 0.907726 0.455495 0.373059 0.507492 0.390112 0.644284 0.612736 0.470692 0.372859 0.513835 0.364998 0.774922 0.979514 0.767882 0.644653 0.765320 0.800183 0.917009 0.950099 0.610289 0.512187 0.878231 0.827846 0.516688 0.585691 0.930936 0.963611 0.700756 0.691122 0.683957 0.816410 0.827318 0.701492 0.865947 0.872245 0.900007 0.990948 0.811793 0.763765 0.972784 0.891668 0.945973 0.960979 0.928778 0.840753 0.661234 0.755134 0.362783 0.348315 0.747774 0.714286 0.685341 0.698280 0.622123 0.493102 0.864644 0.819185 0.863890 0.912872 0.350588 0.453023 0.877179 0.912324 0.791094 0.827088 0.746228 0.924062 0.855645 0.988517 0.547470 0.581151 0.399626 0.431477 0.455478 0.471494 0.487829 0.552924 0.861142 0.879597 0.737610 0.564416 0.853113 0.722730 0.856106 0.728646 0.934811 0.855194 0.905416 0.786703 0.988490 0.943253 0.862625 0.927108 0.920767 0.672148 0.861623 0.709864 0.957692 0.961376 0.889963 0.754962 0.987048 0.897435 0.950514 0.796391 0.962173 0.890450
0.378696 0.000000 0.691024 0.496050 0.843120 0.981914 0.825152 0.569203 0.993590 0.964563 0.644918 0.411225 0.631409 0.448019 0.699531 0.600690 0.553076 0.489727 0.528732 0.407715 0.803323 0.929206 0.773202 0.694901 0.745779 0.734378 0.924681 0.945879 0.680802 0.702097 0.788621 0.810941 0.590103 0.592353 0.970821 0.987215 0.624154 0.581753 0.636742 0.826470 0.872567 0.667402 0.887587 0.698561 0.985547 0.883191 0.797917 0.759156 0.855014 0.783317 0.886613 0.841485 0.885097 0.986578 0.769842 0.762535 0.292286 0.286889 0.851161 0.844424 0.762758 0.612817 0.769509 0.583848 0.822906 0.860184 0.919564 0.960704 0.459545 0.439849 0.744467 0.790426 0.870627 0.956868 0.817989 0.931956 0.671436 0.988879 0.535520 0.618250 0.443787 0.505803 0.589178 0.536374 0.579606 0.672134 0.947652 0.941089 0.737347 0.604892 0.958190 0.894902 0.960474 0.898324 0.828563 0.967924 0.861028 0.879030 0.947341 0.946507 0.890934 0.944167 0.940347 0.758342 0.909478 0.788254 0.791316 0.809079 0.896043 0.667789 0.869567 0.987226 0.925673 0.655385 0.999540 0.923352
0.764486 0.691024 0.000000 0.502406 0.971160 0.817606 0.843545 0.741778 0.669094 0.967384 0.953256 0.748968 0.571567 0.724440 0.532077 0.516800 0.946809 0.992203 0.780597 0.727203 0.766631 0.911902 0.500599 0.589002 0.485085 0.552773 0.719225 0.856788 0.951018 0.898169 0.617736 0.661371 0.844276 0.869908 0.708098 0.902752 0.607336 0.773298 0.705062 0.731004 0.928885 0.834847 0.835183 0.794907 0.924606 0.982218 0.766515 0.792282 0.919194 0.913109 0.990118 0.882236 0.972180 0.964243 0.801932 0.935160 0.796589 0.772223 0.983086 0.910441 0.768376 0.552972 0.854056 0.963862 0.452755 0.553692 0.976131 0.896740 0.753293 0.836779 0.683087 0.741325 0.776789 0.839972 0.965628 0.993787 0.658035 0.825940 0.964707 0.759902 0.976867 0.868274 0.802491 0.861271 0.693946 0.629605 0.960976 0.794479 0.735356 0.724533 0.960958 0.954467 0.925619 0.911060 0.776828 0.850489 0.717649 0.930302 0.939576 0.858352 0.670411 0.944980 0.973334 0.938763 0.987567 0.811616 0.814856 0.901655 0.823785 0.894998 0.984582 0.913284 0.894575 0.839857 0.645711 0.904416
0.613955 0.496050 0.502406 0.000000 0.927750 0.952862 0.840266 0.486365 0.896906 0.995453 0.875030 0.531392 0.651647 0.579516 0.692495 0.542506 0.881664 0.786776 0.648268 0.671549 0.627580 0.834092 0.585211 0.487891 0.479832 0.516984 0.686515 0.986575 0.984765 0.898310 0.712515 0.682525 0.738781 0.785909 0.814471 0.890799 0.576303 0.654191 0.596598 0.786450 0.983643 0.712544 0.981631 0.773515 0.778381 0.897921 0.918966 0.883806 0.824932 0.997212 0.915158 0.979913 0.892278 0.856468 0.868845 0.875285 0.543553 0.529283 0.987530 0.891034 0.858325 0.603026 0.984514 0.819931 0.569413 0.639422 0.979132 0.986481 0.622843 0.697468 0.798319 0.781533 0.950090 0.965409 0.959863 0.995683 0.703041 0.950545 0.812728 0.903612 0.877123 0.814716 0.728632 0.734656 0.749826 0.580784 0.967281 0.869354 0.735622 0.567426 0.902759 0.784677 0.976004 0.873253 0.831402 0.830297 0.902752 0.864171 0.946313 0.957418 0.756698 0.871325 0.922490 0.928028 0.839458 0.769377 0.873256 0.969909 0.932487 0.840441 0.894435 0.808133 0.883863 0.747371 0.765507 0.949719
0.921155 0.843120 0.971160 0.927750 0.000000 0.901531 0.760108 0.921863 0.960968 0.926696 0.885667 0.962456 0.857200 0.978669 0.933056 0.960675 0.988859 0.980810 0.928452 0.861226 0.889704 0.993887 0.867508 0.915777 0.978990 0.930290 0.942774 0.942374 0.964991 0.903263 0.789948 0.994400 0.949134 0.874526 0.898778 0.789447 0.906569 0.816391 0.972268 0.921463 0.863728 0.779817 0.947110 0.946913 0.965923 0.976979 0.993362 0.999106 0.952418 0.933039 0.978727 0.996225 0.939724 0.931964 0.910363 0.915492 0.767213 0.853924 0.813191 0.839812 0.756455 0.953453 0.851921 0.922775 0.993267 0.840810 0.768945 0.702099 0.937921 0.763948 0.863086 0.912818 0.877064 0.798005 0.993533 0.980473 0.957114 0.739502 0.879430 0.951789 0.915595 0.869057 0.943023 0.963465 0.981622 0.958582 0.963806 0.915100 0.829116 0.926836 0.957461 0.951746 0.939691 0.898364 0.940549 0.879940 0.944901 0.988746 0.917211 0.813961 0.873592 0.826932 0.838559 0.887672 0.770633 0.730499 0.991008 0.984738 0.858906 0.917255 0.871224 0.896998 0.988384 0.803956 0.752753 0.987978
0.989978 0.981914 0.817606 0.952862 0.901531 0.000000 0.950206 0.992208 0.799533 0.935360 0.935998 0.996815 0.916426 0.978979 0.831566 0.779730 0.868714 0.831253 0.871470 0.986192 0.913808 0.872390 0.927365 0.887128 0.833274 0.783904 0.810414 0.780223 0.911615 0.987023 0.864228 0.982870 0.933477 0.889740 0.948773 0.955258 0.810751 0.955807 0.922659 0.861352 0.806998 0.807711 0.915469 0.954432 0.881424 0.893763 0.978881 0.914241 0.897588 0.941151 0.878079 0.968400 0.975081 0.946251 0.874533 0.940982 0.799361 0.905884 0.895894 0.983369 0.981576 0.793087 0.817258 0.879130 0.829497 0.816032 0.884696 0.972671 0.976001 0.963226 0.766309 0.825080 0.725503 0.799442 0.872098 0.915396 0.915486 0.896192 0.923378 0.883794 0.894975 0.981407 0.955612 0.875312 0.956193 0.975256 0.844240 0.970850 0.914602 0.978339 0.989905 0.947891 0.997736 0.888963 0.996775 0.995788 0.856835 0.960401 0.975682 0.964594 0.959940 0.900699 0.886585 0.862503 0.903207 0.943311 0.994781 0.950724 0.866765 0.860080 0.978047 0.995301 0.932319 0.946898 0.962104 0.842059
0.917642 0.825152 0.843545 0.840266 0.760108 0.950206 0.000000 0.367328 0.820766 0.481861 0.862090 0.759035 0.719004 0.969166 0.873928 0.946719 0.749446 0.799980 0.630775 0.998577 0.843685 0.949921 0.750123 0.758666 0.719851 0.816175 0.795547 0.573287 0.767691 0.823837 0.616734 0.873196 0.603189 0.464175 0.915875 0.831783 0.859783 0.720003 0.796333 0.779985 0.874025 0.967639 0.491523 0.474270 0.526313 0.513106 0.610093 0.552696 0.548523 0.536110 0.523605 0.512829 0.652135 0.648667 0.902070 0.781502 0.834983 0.777073 0.411785 0.530675 0.385004 0.736317 0.523031 0.530402 0.828780 0.875352 0.342814 0.421922 0.968948 0.952220 0.679699 0.718480 0.983768 0.989112 0.961755 0.886732 0.583100 0.897517 0.682646 0.911165 0.888696 0.856560 0.982339 0.927496 0.953854 0.796370 0.993031 0.773140 0.978209 0.955107 0.666344 0.664519 0.677649 0.733738 0.741637 0.859709 0.732833 0.681865 0.436688 0.459159 0.656116 0.643009 0.617705 0.612057 0.730877 0.709323 0.756291 0.668433 0.837165 0.815269 0.612095 0.627041 0.516810 0.763185 0.599391 0.934383
0.709876 0.569203 0.741778 0.486365 0.921863 0.992208 0.367328 0.000000 0.860177 0.556119 0.860723 0.518576 0.616054 0.713914 0.788903 0.747989 0.704179 0.713563 0.557255 0.810564 0.954600 0.845028 0.652107 0.895681 0.988602 0.933686 0.979843 0.712898 0.846690 0.836249 0.588314 0.798509 0.569926 0.485123 0.878333 0.904358 0.895662 0.995215 0.894849 0.904104 0.911871 0.834499 0.600103 0.459534 0.743121 0.666367 0.643203 0.630837 0.733316 0.629625 0.657919 0.635449 0.735242 0.758730 0.876547 0.742340 0.613907 0.562281 0.540108 0.607283 0.455257 0.539767 0.622009 0.519413 0.936649 0.916163 0.496180 0.566368 0.864406 0.807996 0.624017 0.667134 0.972225 0.992610 0.884943 0.945274 0.563525 0.943446 0.597702 0.903119 0.844715 0.995675 0.861815 0.947245 0.904459 0.931629 0.968808 0.752326 0.811970 0.787947 0.772323 0.869932 0.737314 0.895648 0.768580 0.903252 0.730203 0.670697 0.599618 0.564752 0.839161 0.853172 0.753516 0.652337 0.698005 0.750141 0.762506 0.725289 0.844046 0.749675 0.643576 0.819670 0.587836 0.716207 0.672742 0.925197
0.780741 0.993590 0.669094 0.896906 0.960968 0.799533 0.820766 0.860177 0.000000 0.641292 0.797487 0.968997 0.952617 0.874210 0.706364 0.800682 0.761813 0.705780 0.998823 0.885884 0.985290 0.876054 0.736460 0.936284 0.863253 0.803431 0.960903 0.888896 0.977811 0.832731 0.612979 0.866565 0.954891 0.972165 0.788660 0.888876 0.856261 0.995120 0.967008 0.949013 0.977912 0.909476 0.555501 0.716322 0.836144 0.878209 0.785803 0.938780 0.911489 0.886248 0.829283 0.811859 0.793382 0.758428 0.928567 0.931122 0.852404 0.879683 0.890503 0.980883 0.866211 0.657613 0.750607 0.822790 0.771626 0.867149 0.979541 0.988178 0.842395 0.713988 0.521929 0.586252 0.738224 0.792614 0.919880 0.854779 0.677153 0.680090 0.946057 0.911827 0.765356 0.782482 0.719895 0.732857 0.926431 0.822798 0.736090 0.674682 0.936335 0.866558 0.658916 0.676791 0.778066 0.781845 0.946051 0.808350 0.857231 0.963074 0.679171 0.634782 0.997174 0.812753 0.915080 0.886989 0.931543 0.928900 0.701783 0.857751 0.888719 0.969525 0.931993 0.940112 0.737895 0.875771 0.823162 0.696622
0.907726 0.964563 0.967384 0.995453 0.926696 0.935360 0.481861 0.556119 0.641292 0.000000 0.996726 0.916637 0.939360 0.858723 0.941495 0.973680 0.914298 0.963172 0.882994 0.815547 0.900117 0.928646 0.926188 0.655734 0.698233 0.819890 0.679904 0.700148 0.890480 0.984378 0.581472 0.814382 0.721197 0.715509 0.961585 0.983702 0.839577 0.696222 0.779175 0.803535 0.977364 0.922177 0.456736 0.510801 0.523599 0.493680 0.604109 0.752449 0.535823 0.608732 0.515425 0.531048 0.537441 0.600558 0.940657 0.990355 0.966632 0.941576 0.621503 0.726329 0.574763 0.733677 0.748149 0.708194 0.755286 0.704860 0.594530 0.667730 0.826447 0.833329 0.613969 0.659914 0.990957 0.919663 0.983242 0.839990 0.594315 0.850457 0.760607 0.949233 0.942600 0.617784 0.701010 0.624596 0.703558 0.555910 0.770025 0.495964 0.829318 0.731592 0.667850 0.644476 0.725352 0.761153 0.989228 0.988352 0.749647 0.782216 0.448631 0.563975 0.706510 0.704925 0.609765 0.718324 0.836177 0.921945 0.872673 0.708527 0.859302 0.839213 0.677744 0.728341 0.570864 0.854716 0.816658 0.964473
0.455495 0.644918 0.953256 0.875030 0.885667 0.935998 0.862090 0.860723 0.797487 0.996726 0.000000 0.533332 0.643853 0.605936 0.779592 0.846734 0.435528 0.381767 0.617064 0.454614 0.878676 0.963306 0.896443 0.940253 0.963648 0.987469 0.987724 0.903045 0.533875 0.417937 0.789982 0.790895 0.595256 0.619623 0.897652 0.965145 0.959874 0.898494 0.901329 0.941606 0.782042 0.700602 0.782350 0.971235 0.833076 0.870539 0.935816 0.913053 0.945775 0.924162 0.829576 0.876333 0.800381 0.766674 0.803352 0.941445 0.576349 0.575263 0.812007 0.760817 0.754493 0.913145 0.513529 0.465453 0.848620 0.953837 0.924483 0.956299 0.408437 0.596955 0.953922 0.985358 0.760598 0.736944 0.841258 0.869516 0.917292 0.789458 0.644319 0.810642 0.538094 0.665228 0.618941 0.599536 0.767292 0.830398 0.965913 0.933987 0.992832 0.889032 0.786980 0.702085 0.732794 0.760384 0.985528 0.763629 0.997517 0.815258 0.900861 0.868849 0.999229 0.997991 0.917855 0.653089 0.846418 0.615292 0.968088 0.954452 0.931883 0.851724 0.982780 0.879036 0.963315 0.979665 0.984386 0.822023
0.373059 0.411225 0.748968 0.531392 0.962456 0.996815 0.759035 0.518576 0.968997 0.916637 0.533332 0.000000 0.428578 0.346679 0.574505 0.497949 0.482068 0.387957 0.413837 0.410940 0.819774 0.966576 0.580703 0.674409 0.786894 0.838798 0.911782 0.848850 0.613668 0.508865 0.677220 0.652808 0.476867 0.546478 0.974589 0.996852 0.671400 0.711442 0.780802 0.942530 0.803704 0.725063 0.937507 0.730088 0.944393 0.985238 0.745983 0.790920 0.982591 0.955228 0.984060 0.950612 0.991139 0.968787 0.758005 0.774824 0.427865 0.397418 0.761247 0.792019 0.586359 0.561021 0.578647 0.426544 0.921651 0.835113 0.803450 0.849425 0.451771 0.561238 0.691733 0.668733 0.709681 0.786870 0.808059 0.986266 0.751946 0.901004 0.471738 0.707624 0.484751 0.556639 0.554107 0.543352 0.586357 0.666060 0.944923 0.961288 0.752737 0.623880 0.988619 0.810395 0.957059 0.841056 0.920346 0.866262 0.874737 0.767245 0.897146 0.908370 0.961577 0.972557 0.891217 0.619290 0.733413 0.672142 0.959545 0.832535 0.867998 0.723876 0.935847 0.933107 0.906069 0.799634 0.846142 0.896892
0.507492 0.631409 0.571567 0.651647 0.857200 0.916426 0.719004 0.616054 0.952617 0.939360 0.643853 0.428578 0.000000 0.445856 0.429939 0.480440 0.697017 0.596830 0.498980 0.559826 0.834273 0.962346 0.441388 0.647120 0.738045 0.813338 0.892734 0.760567 0.684916 0.587871 0.605091 0.673226 0.524398 0.587786 0.799338 0.980707 0.756701 0.897083 0.829717 0.950600 0.980047 0.898320 0.823368 0.713155 0.923748 0.872572 0.625352 0.666129 0.922802 0.834738 0.903095 0.794127 0.926064 0.926924 0.732462 0.773358 0.672748 0.611931 0.721829 0.718686 0.468245 0.496654 0.683036 0.608305 0.730626 0.686181 0.727134 0.671507 0.607734 0.705656 0.682798 0.700574 0.679998 0.720223 0.887084 0.995287 0.773485 0.819440 0.656091 0.617346 0.671301 0.665372 0.681169 0.647385 0.516992 0.585973 0.840057 0.962670 0.649564 0.622441 0.980499 0.931443 0.928144 0.876895 0.879160 0.846374 0.680385 0.759885 0.804055 0.797391 0.924008 0.829414 0.820355 0.659149 0.775797 0.700434 0.997146 0.983598 0.739486 0.820321 0.844110 0.996846 0.851347 0.776738 0.641629 0.977842
0.390112 0.448019 0.724440 0.579516 0.978669 0.978979 0.969166 0.713914 0.874210 0.858723 0.605936 0.346679 0.445856 0.000000 0.592270 0.448917 0.554720 0.434303 0.477402 0.410464 0.788514 0.962225 0.612126 0.535576 0.650737 0.737296 0.940135 0.925348 0.694438 0.538082 0.829772 0.671643 0.539351 0.739306 0.916414 0.955725 0.592993 0.578768 0.653178 0.769980 0.879411 0.733400 0.957135 0.867874 0.891116 0.930398 0.863782 0.903927 0.930436 0.994573 0.969041 0.984204 0.999348 0.989928 0.735359 0.757558 0.466440 0.458658 0.955988 0.945407 0.750690 0.556967 0.743225 0.599267 0.810085 0.726363 0.959591 0.970525 0.496680 0.532064 0.754233 0.759743 0.710784 0.832115 0.829223 0.873601 0.889338 0.935104 0.621140 0.695500 0.461107 0.455777 0.452881 0.445271 0.454570 0.474877 0.776760 0.902782 0.627083 0.528468 0.956244 0.783745 0.922612 0.806117 0.924280 0.880370 0.869784 0.823029 0.979050 0.951902 0.843309 0.994747 0.999833 0.675065 0.882532 0.791539 0.998818 0.936702 0.901655 0.798184 0.956683 0.965067 0.948417 0.794826 0.963451 0.939371
0.644284 0.699531 0.532077 0.692495 0.933056 0.831566 0.873928 0.788903 0.706364 0.941495 0.779592 0.574505 0.429939 0.592270 0.000000 0.411978 0.799040 0.755485 0.556958 0.637338 0.766534 0.926559 0.419247 0.656639 0.704545 0.854301 0.911369 0.852121 0.632173 0.584036 0.518920 0.599348 0.554454 0.710582 0.770581 0.917143 0.655150 0.887597 0.854548 0.835868 0.932915 0.950579 0.790249 0.723862 0.982655 0.944638 0.624901 0.666976 0.991611 0.955026 0.973297 0.839256 0.994755 0.989589 0.820361 0.909695 0.744134 0.731601 0.868152 0.825673 0.606012 0.592468 0.820944 0.740708 0.685302 0.691459 0.876992 0.802010 0.685122 0.857858 0.599385 0.693903 0.636130 0.764525 0.872302 0.949709 0.764717 0.689506 0.753742 0.682990 0.723382 0.737639 0.718846 0.789024 0.558007 0.660252 0.981189 0.913100 0.794750 0.827121 0.922902 0.857068 0.760268 0.788633 0.945302 0.944394 0.878434 0.982402 0.888996 0.845609 0.740528 0.900600 0.920913 0.801453 0.942699 0.663346 0.960299 0.997877 0.729751 0.828724 0.959073 0.905917 0.984146 0.816160 0.617016 0.948561
0.612736 0.600690 0.516800 0.542506 0.960675 0.779730 0.946719 0.747989 0.800682 0.973680 0.846734 0.497949 0.480440 0.448917 0.411978 0.000000 0.852403 0.789138 0.650297 0.577539 0.729658 0.957447 0.420522 0.458930 0.492786 0.628453 0.811846 0.974476 0.803382 0.693616 0.594497 0.584693 0.696312 0.854402 0.785137 0.907412 0.531710 0.614234 0.579096 0.743775 0.984063 0.735234 0.914752 0.837871 0.839190 0.899422 0.773028 0.898061 0.802881 0.889448 0.906795 0.992908 0.977934 0.967143 0.812501 0.967929 0.710485 0.721471 0.925136 0.981711 0.763769 0.473166 0.962661 0.867931 0.538818 0.535822 0.947145 0.949854 0.672660 0.691249 0.571928 0.688146 0.550375 0.773852 0.845642 0.905486 0.856591 0.833122 0.803326 0.758425 0.787046 0.698472 0.621146 0.719977 0.563029 0.508949 0.970291 0.903713 0.732156 0.645627 0.882464 0.751386 0.796192 0.723650 0.991566 0.978798 0.893877 0.967388 0.956591 0.975205 0.652189 0.996912 0.908695 0.919902 0.973132 0.826250 0.973049 0.952020 0.835374 0.857146 0.963346 0.789855 0.941890 0.902911 0.789598 0.927226
0.470692 0.553076 0.946809 0.881664 0.988859 0.868714 0.749446 0.704179 0.761813 0.914298 0.435528 0.482068 0.697017 0.554720 0.799040 0.852403 0.000000 0.285263 0.535533 0.480629 0.930385 0.939362 0.961828 0.929760 0.855664 0.780266 0.871942 0.869403 0.409735 0.344543 0.843259 0.849283 0.483542 0.491361 0.807682 0.900950 0.897596 0.903230 0.959077 0.958703 0.791236 0.739805 0.962379 0.783437 0.927339 0.875132 0.802300 0.773804 0.819566 0.830141 0.893655 0.858662 0.947985 0.994384 0.885225 0.793812 0.453042 0.442551 0.646983 0.786062 0.642710 0.921892 0.363588 0.302291 0.689472 0.778605 0.714160 0.841704 0.501417 0.594043 0.879685 0.959633 0.827276 0.871902 0.777219 0.928514 0.848231 0.941212 0.480044 0.756526 0.394824 0.676514 0.611938 0.667130 0.791195 0.914381 0.985218 0.999113 0.987318 0.908602 0.901080 0.767380 0.839525 0.780170 0.933078 0.672228 0.992607 0.757210 0.908906 0.981399 0.933707 0.975437 0.821939 0.500088 0.839729 0.708122 0.963400 0.812538 0.870078 0.764452 0.954866 0.920876 0.906572 0.883641 0.979197 0.757648
0.372859 0.489727 0.992203 0.786776 0.980810 0.831253 0.799980 0.713563 0.705780 0.963172 0.381767 0.387957 0.596830 0.434303 0.755485 0.789138 0.285263 0.000000 0.418871 0.380581 0.899731 0.935280 0.837192 0.883448 0.971791 0.915802 0.951285 0.888278 0.453723 0.364469 0.863268 0.791954 0.456151 0.468509 0.850800 0.949911 0.872366 0.829846 0.887485 0.904757 0.808865 0.725915 0.892082 0.840279 0.988719 0.946506 0.869023 0.775371 0.909422 0.935056 0.995035 0.978096 0.946240 0.898782 0.858338 0.764883 0.389293 0.395987 0.669865 0.772097 0.667621 0.877405 0.387401 0.328856 0.815754 0.927813 0.758292 0.844025 0.425201 0.537109 0.932432 0.967159 0.831928 0.885216 0.775977 0.920626 0.953006 0.951882 0.468746 0.725758 0.346924 0.512809 0.508106 0.465794 0.650278 0.749154 0.868307 0.878072 0.898159 0.757856 0.869133 0.703944 0.813736 0.744011 0.895247 0.774813 0.971056 0.758571 0.993330 0.959110 0.996517 0.959740 0.899200 0.528978 0.788229 0.659412 0.982762 0.843440 0.947270 0.817065 0.993119 0.971617 0.994706 0.821879 0.982852 0.789405
0.513835 0.528732 0.780597 0.648268 0.928452 0.871470 0.630775 0.557255 0.998823 0.882994 0.617064 0.413837 0.498980 0.477402 0.556958 0.650297 0.535533 0.418871 0.000000 0.495016 0.873252 0.975136 0.510165 0.785948 0.923259 0.974276 0.949071 0.773152 0.553895 0.517609 0.625538 0.627870 0.412689 0.455681 0.968905 0.890307 0.776207 0.925587 0.908630 0.997077 0.987462 0.861430 0.729904 0.608879 0.815467 0.756589 0.612744 0.577393 0.783695 0.805427 0.821795 0.770759 0.926041 0.939984 0.887847 0.788050 0.483300 0.499718 0.593895 0.654482 0.500048 0.661779 0.506290 0.423902 0.980031 0.869224 0.639149 0.614309 0.624348 0.707799 0.764717 0.775326 0.885781 0.893632 0.846630 0.955110 0.808687 0.882962 0.501659 0.728439 0.518339 0.650516 0.631168 0.559781 0.586220 0.710231 0.862409 0.994220 0.780359 0.740831 0.978182 0.866166 0.923224 0.837272 0.795370 0.801944 0.923664 0.720092 0.791174 0.768152 0.976071 0.929649 0.869010 0.560691 0.780866 0.624917 0.929462 0.860524 0.835255 0.734909 0.875260 0.913996 0.833161 0.680480 0.774417 0.927074
0.364998 0.407715 0.727203 0.671549 0.861226 0.986192 0.998577 0.810564 0.885884 0.815547 0.454614 0.410940 0.559826 0.410464 0.637338 0.577539 0.480629 0.380581 0.495016 0.000000 0.783772 0.978694 0.718120 0.621318 0.745812 0.812703 0.822137 0.935822 0.572041 0.500250 0.813835 0.786419 0.617889 0.663071 0.994725 0.983391 0.653112 0.622716 0.720283 0.775023 0.794754 0.653737 0.874085 0.947522 0.820376 0.874705 0.888383 0.868232 0.904299 0.946168 0.844261 0.888594 0.830062 0.758611 0.789489 0.855541 0.413574 0.410704 0.917076 0.877315 0.821274 0.715199 0.702476 0.574962 0.873585 0.808948 0.994830 0.991134 0.387414 0.435838 0.899522 0.941309 0.689834 0.811508 0.763210 0.846561 0.863061 0.953827 0.620600 0.667508 0.453004 0.419892 0.530051 0.411251 0.515256 0.573229 0.998323 0.887353 0.794095 0.618483 0.840645 0.662795 0.779230 0.708236 0.888770 0.851708 0.983491 0.838415 0.858180 0.894276 0.800824 0.887639 0.941405 0.759757 0.933417 0.753617 0.977946 0.958648 0.879394 0.772379 0.960825 0.845210 0.863386 0.840141 0.967201 0.860563
0.774922 0.803323 0.766631 0.627580 0.889704 0.913808 0.843685 0.954600 0.985290 0.900117 0.878676 0.819774 0.834273 0.788514 0.766534 0.729658 0.930385 0.899731 0.873252 0.783772 0.000000 0.896689 0.750539 0.657670 0.691926 0.814729 0.946430 0.978814 0.935105 0.892683 0.890008 0.698609 0.872707 0.917572 0.928355 0.912519 0.727609 0.771340 0.777467 0.827968 0.889564 0.791426 0.855288 0.924896 0.775245 0.836966 0.951859 0.999310 0.790616 0.839625 0.828211 0.867480 0.820766 0.809172 0.921315 0.844944 0.764402 0.773796 0.858469 0.874449 0.915637 0.910280 0.952527 0.983931 0.782137 0.842615 0.830098 0.777791 0.717748 0.859411 0.946964 0.949005 0.987480 0.942996 0.965739 0.956727 0.875948 0.805864 0.994143 0.933245 0.952090 0.897026 0.772804 0.884238 0.902979 0.749180 0.878915 0.892188 0.909597 0.798934 0.788800 0.699136 0.788180 0.792685 0.928048 0.862933 0.956837 0.999134 0.819414 0.905124 0.745586 0.868240 0.843601 0.980589 0.982043 0.972824 0.958342 0.847222 0.990557 0.967044 0.834798 0.677727 0.785209 0.857521 0.833928 0.932605
0.979514 0.929206 0.911902 0.834092 0.993887 0.872390 0.949921 0.845028 0.876054 0.928646 0.963306 0.966576 0.962346 0.962225 0.926559 0.957447 0.939362 0.935280 0.975136 0.978694 0.896689 0.000000 0.973226 0.969189 0.948775 0.967215 0.901699 0.993319 0.861260 0.967080 0.895655 0.950528 0.925642 0.959528 0.829169 0.920121 0.911317 0.967864 0.872773 0.827353 0.880837 0.913259 0.929733 0.815145 0.925360 0.900469 0.996977 0.945178 0.912713 0.849656 0.871899 0.888258 0.905878 0.877524 0.845089 0.852405 0.948935 0.936157 0.967037 0.996661 0.993859 0.962634 0.989059 0.966498 0.962029 0.982077 0.969054 0.987227 0.921409 0.963086 0.971868 0.961561 0.855473 0.827976 0.961430 0.976365 0.954223 0.948311 0.966275 0.957626 0.938248 0.972179 0.990898 0.985829 0.957456 0.975933 0.911730 0.987133 0.999847 0.994242 0.895225 0.941372 0.904798 0.992538 0.994216 0.956070 0.805077 0.999399 0.989093 0.861658 0.945295 0.931663 0.928205 0.932027 0.943600 0.955592 0.901657 0.825926 0.994275 0.936555 0.951114 0.836485 0.927127 0.872164 0.929845 0.916383
0.767882 0.773202 0.500599 0.585211 0.867508 0.927365 0.750123 0.652107 0.736460 0.926188 0.896443 0.580703 0.441388 0.612126 0.419247 0.420522 0.961828 0.837192 0.510165 0.718120 0.750539 0.973226 0.000000 0.570409 0.639053 0.772094 0.905234 0.789156 0.778660 0.735271 0.455701 0.484047 0.636681 0.738489 0.833223 0.928016 0.751132 0.867843 0.871312 0.971103 0.945123 0.932946 0.722149 0.713659 0.996457 0.972958 0.652378 0.736047 0.907029 0.928184 0.993833 0.917538 0.967283 0.988302 0.955614 0.974200 0.832645 0.843770 0.852827 0.842089 0.587542 0.511530 0.899558 0.808997 0.609710 0.545101 0.804428 0.706270 0.830299 0.893249 0.628980 0.649906 0.645174 0.831030 0.945055 0.993056 0.804137 0.779389 0.815450 0.805019 0.893092 0.821820 0.711197 0.767223 0.608079 0.625473 0.960835 0.937906 0.742339 0.689283 0.956904 0.868899 0.866170 0.901227 0.827972 0.932749 0.859834 0.809462 0.865280 0.770870 0.840363 0.890437 0.977643 0.877554 0.866038 0.707034 0.971920 0.959927 0.776390 0.928709 0.855655 0.917649 0.885474 0.841963 0.512342 0.953789
0.644653 0.694901 0.589002 0.487891 0.915777 0.887128 0.758666 0.895681 0.936284 0.655734 0.940253 0.674409 0.647120 0.535576 0.656639 0.458930 0.929760 0.883448 0.785948 0.621318 0.657670 0.969189 0.570409 0.000000 0.375342 0.484126 0.600359 0.914689 0.928038 0.938053 0.927759 0.766460 0.957663 0.943432 0.756691 0.895629 0.614695 0.558876 0.542012 0.641071 0.996082 0.814557 0.834881 0.941244 0.651373 0.709850 0.969120 0.995013 0.625305 0.765022 0.698700 0.761277 0.761930 0.719210 0.893607 0.919432 0.749707 0.773096 0.802852 0.980816 0.944237 0.644266 0.801507 0.912495 0.450530 0.399066 0.829314 0.906013 0.703347 0.686393 0.930664 0.938870 0.873939 0.887531 0.911017 0.928945 0.993414 0.980205 0.984715 0.841033 0.924379 0.632047 0.620484 0.628087 0.541318 0.335687 0.859179 0.814828 0.594990 0.439275 0.792430 0.667872 0.818657 0.785564 0.929918 0.870308 0.956674 0.994875 0.732454 0.850589 0.604866 0.794247 0.779710 0.909308 0.996852 0.917596 0.878771 0.790993 0.992486 0.916278 0.997637 0.663610 0.749985 0.912912 0.884381 0.981664
0.765320 0.745779 0.485085 0.479832 0.978990 0.833274 0.719851 0.988602 0.863253 0.698233 0.963648 0.786894 0.738045 0.650737 0.704545 0.492786 0.855664 0.971791 0.923259 0.745812 0.691926 0.948775 0.639053 0.375342 0.000000 0.364971 0.627556 0.777532 0.887130 0.988707 0.826000 0.720419 0.947798 0.869141 0.811795 0.859422 0.573426 0.525241 0.503946 0.636086 0.944096 0.772883 0.803742 0.869305 0.553891 0.604726 0.915508 0.879414 0.528237 0.691845 0.624398 0.706307 0.728600 0.714440 0.917755 0.908265 0.830856 0.865849 0.679268 0.916041 0.878798 0.653454 0.639118 0.799446 0.370312 0.400359 0.699027 0.809222 0.689513 0.790422 0.848134 0.920980 0.761297 0.757842 0.998469 0.925651 0.901111 0.866975 0.841183 0.930081 0.948209 0.809928 0.765831 0.781301 0.692286 0.420157 0.942918 0.982476 0.662108 0.600309 0.711822 0.674888 0.746621 0.772183 0.942400 0.836250 0.969539 0.918928 0.696418 0.785419 0.561247 0.806202 0.782843 0.809892 0.911678 0.889453 0.959001 0.736563 0.927249 0.946132 0.924686 0.574749 0.853823 0.994230 0.876936 0.914577
0.800183 0.734378 0.552773 0.516984 0.930290 0.783904 0.816175 0.933686 0.803431 0.819890 0.987469 0.838798 0.813338 0.737296 0.854301 0.628453 0.780266 0.915802 0.974276 0.812703 0.814729 0.967215 0.772094 0.484126 0.364971 0.000000 0.682233 0.840009 0.821166 0.852657 0.921612 0.891944 0.887562 0.814623 0.736704 0.783432 0.648586 0.540394 0.531608 0.796716 0.959066 0.743525 0.877068 0.858101 0.644558 0.678430 0.861682 0.831176 0.655305 0.821207 0.724281 0.765909 0.829925 0.807720 0.910833 0.993737 0.884590 0.851207 0.650247 0.895084 0.849521 0.668398 0.622696 0.762935 0.437845 0.527812 0.696252 0.761335 0.749770 0.803643 0.828536 0.860976 0.841989 0.824658 0.960651 0.976933 0.881463 0.989925 0.844360 0.911980 0.941487 0.818861 0.884177 0.815749 0.752070 0.569850 0.934169 0.954639 0.680150 0.608632 0.924684 0.898612 0.986612 0.987617 0.908219 0.806058 0.870985 0.885732 0.830771 0.836167 0.715838 0.966130 0.905190 0.833607 0.987854 0.943943 0.929587 0.892467 0.955875 0.962828 0.972899 0.717354 0.941143 0.852000 0.987852 0.871185
0.917009 0.924681 0.719225 0.686515 0.942774 0.810414 0.795547 0.979843 0.960903 0.679904 0.987724 0.911782 0.892734 0.940135 0.911369 0.811846 0.871942 0.951285 0.949071 0.822137 0.946430 0.901699 0.905234 0.600359 0.627556 0.682233 0.000000 0.684228 0.836102 0.919342 0.936267 0.937781 0.842867 0.881244 0.891913 0.963699 0.745239 0.739780 0.816291 0.787991 0.906752 0.907077 0.770842 0.881889 0.658112 0.688948 0.915434 0.945601 0.702217 0.808837 0.691237 0.770043 0.729414 0.729243 0.934139 0.994095 0.964867 0.911082 0.812829 0.955789 0.835718 0.920827 0.782514 0.866334 0.670593 0.689189 0.783061 0.821313 0.874355 0.766928 0.939787 0.966968 0.987151 0.966174 0.910768 0.905209 0.927157 0.976325 0.889076 0.979768 0.833586 0.879114 0.877534 0.793739 0.882271 0.653316 0.967559 0.844683 0.838273 0.642539 0.827784 0.844943 0.873901 0.972662 0.823359 0.972309 0.953124 0.904571 0.770383 0.909082 0.777626 0.850895 0.934510 0.794518 0.958911 0.964102 0.855892 0.827931 0.908791 0.915752 0.958169 0.747449 0.877213 0.904506 0.990049 0.894723
0.950099 0.945879 0.856788 0.986575 0.942374 0.780223 0.573287 0.712898 0.888896 0.700148 0.903045 0.848850 0.760567 0.925348 0.852121 0.974476 0.869403 0.888278 0.773152 0.935822 0.978814 0.993319 0.789156 0.914689 0.777532 0.840009 0.684228 0.000000 0.847122 0.868253 0.844548 0.882369 0.732166 0.712043 0.848822 0.943718 0.895478 0.805020 0.854331 0.825088 0.927702 0.870417 0.705809 0.725955 0.689515 0.675904 0.688148 0.713698 0.686476 0.676522 0.677939 0.668330 0.827762 0.809479 0.857561 0.843734 0.895690 0.909362 0.632243 0.706456 0.584173 0.813652 0.694168 0.770232 0.956418 0.970240 0.622906 0.661088 0.970094 0.907717 0.905209 0.918748 0.999109 0.947759 0.915652 0.872891 0.752118 0.875375 0.893549 0.750723 0.888029 0.965251 0.984744 0.983937 0.956019 0.895565 0.989238 0.840466 0.983068 0.869410 0.853862 0.883995 0.864424 0.995146 0.979210 0.934377 0.807558 0.805739 0.701274 0.715198 0.935823 0.827114 0.948496 0.784382 0.856378 0.933164 0.978836 0.945981 0.905543 0.938758 0.953692 0.854653 0.766610 0.919218 0.867074 0.865185
0.610289 0.680802 0.951018 0.984765 0.964991 0.911615 0.767691 0.846690 0.977811 0.890480 0.533875 0.613668 0.684916 0.694438 0.632173 0.803382 0.409735 0.453723 0.553895 0.572041 0.935105 0.861260 0.778660 0.928038 0.887130 0.821166 0.836102 0.847122 0.000000 0.324287 0.687926 0.752546 0.549793 0.493493 0.877101 0.991885 0.986547 0.911899 0.967083 0.989398 0.889177 0.902007 0.923985 0.831663 0.860875 0.865388 0.738313 0.666175 0.829291 0.896835 0.861578 0.804836 0.938587 0.963440 0.974240 0.986994 0.630341 0.641105 0.674102 0.743297 0.593853 0.890929 0.467326 0.431396 0.763004 0.868791 0.733753 0.774914 0.583959 0.766375 0.765138 0.927052 0.673765 0.748492 0.768539 0.901219 0.865247 0.821498 0.586153 0.840008 0.508354 0.768323 0.686170 0.793956 0.817540 0.990432 0.968433 0.931974 0.966297 0.979717 0.871511 0.791354 0.747043 0.791499 0.961252 0.769768 0.982036 0.821464 0.882413 0.929164 0.944001 0.939647 0.795041 0.575950 0.882208 0.621629 0.904796 0.853823 0.801573 0.867943 0.947250 0.946953 0.869929 0.857958 0.896246 0.786243
0.512187 0.702097 0.898169 0.898310 0.903263 0.987023 0.823837 0.836249 0.832731 0.984378 0.417937 0.508865 0.587871 0.538082 0.584036 0.693616 0.344543 0.364469 0.517609 0.500250 0.892683 0.967080 0.735271 0.938053 0.988707 0.852657 0.919342 0.868253 0.324287 0.000000 0.709488 0.686111 0.507717 0.540776 0.932427 0.950966 0.883402 0.903805 0.955534 0.868221 0.881969 0.818266 0.889425 0.914393 0.948663 0.991549 0.785424 0.775984 0.998013 0.982189 0.960406 0.949768 0.907301 0.908574 0.822556 0.882774 0.616267 0.619270 0.725316 0.774935 0.604853 0.878721 0.429823 0.393742 0.817908 0.948900 0.769635 0.809808 0.477920 0.703461 0.823520 0.986969 0.662336 0.709128 0.708666 0.864170 0.907792 0.845991 0.597643 0.793005 0.472511 0.695527 0.563634 0.662404 0.739334 0.825778 0.937322 0.952100 0.987580 0.933030 0.751225 0.654410 0.633933 0.668478 0.952446 0.791717 0.972671 0.797730 0.975083 0.959432 0.945798 0.964283 0.905166 0.570887 0.877590 0.600534 0.981977 0.926300 0.820264 0.892557 0.860945 0.993929 0.993532 0.995947 0.879209 0.802671
0.878231 0.788621 0.617736 0.712515 0.789948 0.864228 0.616734 0.588314 0.612979 0.581472 0.789982 0.677220 0.605091 0.829772 0.518920 0.594497 0.843259 0.863268 0.625538 0.813835 0.890008 0.895655 0.455701 0.927759 0.826000 0.921612 0.936267 0.844548 0.687926 0.709488 0.000000 0.485795 0.582019 0.627241 0.945370 0.956125 0.861648 0.972415 0.988766 0.943089 0.949440 0.841789 0.608200 0.579811 0.838437 0.787494 0.601588 0.641443 0.920231 0.928360 0.809898 0.766428 0.834196 0.850413 0.976293 0.967396 0.830983 0.850922 0.773091 0.781901 0.522891 0.565982 0.785743 0.689793 0.865541 0.830517 0.720860 0.625496 0.876683 0.962881 0.522939 0.609706 0.633091 0.758758 0.875794 0.929434 0.670285 0.630820 0.720244 0.960309 0.920663 0.910485 0.939155 0.953052 0.896015 0.955781 0.798277 0.641014 0.952086 0.994927 0.966440 0.996545 0.889202 0.969960 0.937276 0.971835 0.850609 0.781830 0.732635 0.655680 0.994607 0.833226 0.811209 0.763770 0.879097 0.670293 0.787005 0.795015 0.730203 0.951973 0.765665 0.969494 0.756589 0.819191 0.580302 0.982379
0.827846 0.810941 0.661371 0.682525 0.994400 0.982870 0.873196 0.798509 0.866565 0.814382 0.790895 0.652808 0.673226 0.671643 0.599348 0.584693 0.849283 0.791954 0.627870 0.786419 0.698609 0.950528 0.484047 0.766460 0.720419 0.891944 0.937781 0.882369 0.752546 0.686111 0.485795 0.000000 0.603957 0.781861 0.988962 0.857921 0.849099 0.814750 0.934196 0.861535 0.960504 0.811910 0.835855 0.739846 0.979477 0.932122 0.686375 0.877036 0.991639 0.904115 0.951749 0.934134 0.993220 0.998500 0.977581 0.967579 0.727676 0.871413 0.944497 0.994006 0.761196 0.736785 0.834503 0.756402 0.909310 0.886203 0.929170 0.916832 0.778570 0.929638 0.782884 0.710017 0.837133 0.849128 0.961928 0.922483 0.776857 0.725507 0.769916 0.934588 0.841868 0.988823 0.756556 0.860739 0.889794 0.856867 0.821985 0.685699 0.943473 0.928933 0.880823 0.788832 0.769548 0.837914 0.980337 0.999597 0.942596 0.791189 0.953482 0.999546 0.884631 0.946282 0.966688 0.804657 0.977360 0.749529 0.956066 0.897122 0.906085 0.968008 0.915145 0.880904 0.891410 0.839577 0.645887 0.910831
0.516688 0.590103 0.844276 0.738781 0.949134 0.933477 0.603189 0.569926 0.954891 0.721197 0.595256 0.476867 0.524398 0.539351 0.554454 0.696312 0.483542 0.456151 0.412689 0.617889 0.872707 0.925642 0.636681 0.957663 0.947798 0.887562 0.842867 0.732166 0.549793 0.507717 0.582019 0.603957 0.000000 0.457921 0.888542 0.953866 0.884119 0.975106 0.949731 0.973382 0.919342 0.768255 0.758958 0.560156 0.707839 0.645930 0.614435 0.590353 0.677827 0.678306 0.656320 0.616067 0.744827 0.780200 0.820226 0.723850 0.511802 0.522797 0.576954 0.728934 0.443399 0.680637 0.430540 0.386297 0.901553 0.937850 0.587640 0.657039 0.651100 0.745566 0.710427 0.719457 0.837406 0.931335 0.812794 0.891587 0.821607 0.783332 0.467616 0.727174 0.496064 0.734002 0.639658 0.672624 0.698532 0.864747 0.977438 0.857208 0.875235 0.847731 0.900790 0.979070 0.999571 0.915500 0.913720 0.818415 0.921330 0.628554 0.656971 0.719185 0.984629 0.907531 0.768941 0.461720 0.826102 0.674538 0.981180 0.767600 0.895386 0.823888 0.789748 0.841517 0.791570 0.638195 0.694410 0.920966
0.585691 0.592353 0.869908 0.785909 0.874526 0.889740 0.464175 0.485123 0.972165 0.715509 0.619623 0.546478 0.587786 0.739306 0.710582 0.854402 0.491361 0.468509 0.455681 0.663071 0.917572 0.959528 0.738489 0.943432 0.869141 0.814623 0.881244 0.712043 0.493493 0.540776 0.627241 0.781861 0.457921 0.000000 0.938230 0.850259 0.980346 0.960612 0.988837 0.943599 0.926308 0.878972 0.752323 0.561337 0.687977 0.629468 0.624618 0.452128 0.667368 0.695615 0.693433 0.624998 0.844940 0.877649 0.855994 0.790421 0.555830 0.547655 0.406568 0.511508 0.396473 0.782277 0.379906 0.381866 0.890060 0.943153 0.459030 0.497912 0.698681 0.800208 0.831808 0.904068 0.928125 0.931875 0.772678 0.962732 0.722906 0.814371 0.545450 0.788741 0.638011 0.877795 0.741215 0.803629 0.871835 0.945215 0.983111 0.829879 0.921127 0.932945 0.997049 0.937643 0.946817 0.852834 0.861932 0.821478 0.954767 0.646157 0.700042 0.656832 0.872072 0.896973 0.701049 0.514134 0.816196 0.594290 0.872250 0.858482 0.800885 0.839919 0.817479 0.891778 0.817699 0.682950 0.686485 0.826450
0.930936 0.970821 0.708098 0.814471 0.898778 0.948773 0.915875 0.878333 0.788660 0.961585 0.897652 0.974589 0.799338 0.916414 0.770581 0.785137 0.807682 0.850800 0.968905 0.994725 0.928355 0.829169 0.833223 0.756691 0.811795 0.736704 0.891913 0.848822 0.877101 0.932427 0.945370 0.988962 0.888542 0.938230 0.000000 0.931128 0.992092 0.982855 0.941920 0.789542 0.821280 0.978527 0.904087 0.970198 0.916167 0.886436 0.859820 0.830042 0.964317 0.811365 0.872299 0.818544 0.928234 0.912280 0.809722 0.804277 0.996249 0.967956 0.990617 0.812697 0.829798 0.747032 0.909601 0.890229 0.679411 0.747411 0.897853 0.850254 0.955311 0.990467 0.823714 0.993108 0.983261 0.953877 0.992477 0.786941 0.848800 0.938618 0.912937 0.944006 0.946367 0.929757 0.993395 0.930015 0.817527 0.797921 0.878727 0.998548 0.854973 0.795695 0.925118 0.903482 0.919753 0.962881 0.981767 0.852822 0.865722 0.915914 0.893596 0.870663 0.673947 0.937541 0.988749 0.987890 0.912215 0.894810 0.997913 0.897590 0.991649 0.920231 0.976482 0.975344 0.885314 0.944155 0.934896 0.924811
0.963611 0.987215 0.902752 0.890799 0.789447 0.955258 0.831783 0.904358 0.888876 0.983702 0.965145 0.996852 0.980707 0.955725 0.917143 0.907412 0.900950 0.949911 0.890307 0.983391 0.912519 0.920121 0.928016 0.895629 0.859422 0.783432 0.963699 0.943718 0.991885 0.950966 0.956125 0.857921 0.953866 0.850259 0.931128 0.000000 0.894950 0.956407 0.986099 0.974081 0.816173 0.966948 0.867373 0.857545 0.772041 0.823490 0.914692 0.822439 0.843050 0.814451 0.786175 0.858699 0.746913 0.753540 0.955792 0.959195 0.984943 0.951013 0.811922 0.932897 0.835537 0.925254 0.880750 0.890894 0.868294 0.973413 0.765061 0.757838 0.899299 0.991235 0.971867 0.995210 0.942947 0.979961 0.918493 0.970944 0.861203 0.962017 0.953917 0.970244 0.984866 0.944459 0.968744 0.971195 0.961838 0.959944 0.944715 0.876674 0.890757 0.904169 0.859645 0.767410 0.832763 0.903848 0.921714 0.887629 0.952549 0.848147 0.792740 0.712550 0.797660 0.907709 0.800493 0.812368 0.892124 0.974606 0.988895 0.869419 0.816204 0.908059 0.840146 0.668325 0.976572 0.921094 0.973091 0.936517
0.700756 0.624154 0.607336 0.576303 0.906569 0.810751 0.859783 0.895662 0.856261 0.839577 0.959874 0.671400 0.756701 0.592993 0.655150 0.531710 0.897596 0.872366 0.776207 0.653112 0.727609 0.911317 0.751132 0.614695 0.573426 0.648586 0.745239 0.895478 0.986547 0.883402 0.861648 0.849099 0.884119 0.980346 0.992092 0.894950 0.000000 0.595447 0.673534 0.722097 0.831677 0.813525 0.974915 0.885148 0.779739 0.857976 0.951339 0.992070 0.835450 0.928482 0.880696 0.936057 0.984854 0.996062 0.827839 0.957389 0.713464 0.677985 0.769327 0.837360 0.966612 0.636191 0.796580 0.987061 0.641744 0.682278 0.755879 0.874385 0.679571 0.701546 0.789357 0.692426 0.762569 0.861216 0.983432 0.977658 0.851632 0.902739 0.831838 0.820182 0.802287 0.723457 0.772999 0.774799 0.663114 0.611613 0.963015 0.973874 0.715758 0.648760 0.964502 0.953031 0.974463 0.980915 0.961361 0.888978 0.933751 0.958022 0.946638 0.935872 0.751677 0.921166 0.986466 0.973149 0.913044 0.921991 0.941748 0.984622 0.830662 0.865164 0.891458 0.961410 0.893752 0.875179 0.999342 0.930940
0.691122 0.581753 0.773298 0.654191 0.816391 0.955807 0.720003 0.995215 0.995120 0.696222 0.898494 0.711442 0.897083 0.578768 0.887597 0.614234 0.903230 0.829846 0.925587 0.622716 0.771340 0.967864 0.867843 0.558876 0.525241 0.540394 0.739780 0.805020 0.911899 0.903805 0.972415 0.814750 0.975106 0.960612 0.982855 0.956407 0.595447 0.000000 0.574524 0.753429 0.830438 0.679831 0.814356 0.926724 0.670594 0.693127 0.904217 0.898061 0.744680 0.774728 0.809972 0.760323 0.893704 0.852994 0.928115 0.969133 0.650222 0.708636 0.673504 0.817695 0.799351 0.767255 0.826317 0.988578 0.681337 0.693303 0.671375 0.699534 0.674400 0.660886 0.923962 0.898426 0.838454 0.951161 0.884880 0.868816 0.998255 0.957370 0.870481 0.931961 0.775194 0.613709 0.648889 0.602402 0.699066 0.599235 0.994587 0.890242 0.705383 0.617702 0.932402 0.768306 0.915855 0.882564 0.964889 0.992738 0.979804 0.989136 0.748410 0.744530 0.822140 0.826588 0.867280 0.958707 0.915652 0.949971 0.911271 0.913634 0.998356 0.898914 0.893572 0.732919 0.761266 0.868804 0.831273 0.962212
