0.000000 0.421835 0.856195 0.873558 0.837451 0.961969 0.888513 0.576426 0.891471 0.580457 0.366250 0.313814 0.439145 0.553936 0.565465 0.669940 0.410772 0.424194 0.426851 0.412709 0.860616 0.988412 0.552723 0.828191 0.643749 0.677967 0.944928 0.867757 0.370071 0.473831 0.981037 0.878238 0.652681 0.681948 0.838903 0.980764 0.705396 0.901965 0.807880 0.959910 0.646672 0.795530 0.900808 0.970118 0.993990 0.842337 0.855703 0.785330 0.692283 0.712252 0.952028 0.889317 0.977674 0.774651 0.800574 0.814206 0.391346 0.341173 0.520721 0.490723 0.674158 0.516365 0.409367 0.322670 0.827019 0.826130 0.942673 0.925324 0.373274 0.394930 0.762100 0.860388 0.898328 0.965416 0.822901 0.831121 0.709777 0.854183 0.746927 0.637762 0.394511 0.479110 0.807673 0.701629 0.768765 0.818877 0.981873 0.898997 0.740054 0.652776 0.989236 0.916989 0.961959 0.840694 0.831340 0.936789 0.971074 0.871968 0.630544 0.568225 0.914216 0.990801 0.648786 0.648292 0.730647 0.767044 0.916292 0.789952 0.954298 0.811360 0.895067 0.625660 0.574834 0.811865 0.991399 0.831765
0.421835 0.000000 0.572507 0.817804 0.857557 0.810580 0.773587 0.719788 0.897328 0.603378 0.645421 0.372152 0.770728 0.520595 0.601097 0.627016 0.319512 0.302935 0.429258 0.348529 0.762283 0.995970 0.641795 0.945690 0.732647 0.627094 0.950337 0.956168 0.356859 0.371828 0.826528 0.923318 0.859545 0.785581 0.665700 0.902476 0.748710 0.954744 0.825830 0.885062 0.775231 0.702587 0.858410 0.690667 0.817961 0.592259 0.785423 0.611737 0.410486 0.486279 0.757196 0.693611 0.884294 0.896645 0.835364 0.736936 0.290482 0.281406 0.868009 0.749762 0.851490 0.744973 0.668004 0.475506 0.706058 0.691909 0.670017 0.723434 0.553220 0.441238 0.996472 0.869750 0.964019 0.980772 0.870123 0.939907 0.660002 0.819876 0.657444 0.554954 0.387146 0.423369 0.538124 0.584628 0.752504 0.904078 0.902877 0.971124 0.951358 0.862216 0.773687 0.923394 0.772611 0.631971 0.900127 0.917176 0.882262 0.852647 0.821526 0.666837 0.841031 0.848403 0.797922 0.764030 0.968936 0.968939 0.872079 0.764498 0.935465 0.986441 0.958956 0.655538 0.579373 0.757556 0.994159 0.872240
0.856195 0.572507 0.000000 0.424359 0.902027 0.720405 0.400342 0.686326 0.880968 0.833629 0.973354 0.670179 0.946667 0.954504 0.819221 0.843011 0.721166 0.762405 0.879829 0.772006 0.655846 0.871818 0.903139 0.796261 0.635600 0.445556 0.965197 0.896016 0.772350 0.769831 0.585360 0.647385 0.646967 0.729844 0.524499 0.632156 0.886698 0.782466 0.710487 0.964850 0.941534 0.944082 0.869279 0.999884 0.912903 0.876994 0.782802 0.931810 0.545389 0.624607 0.914146 0.791990 0.920766 0.998570 0.822877 0.976214 0.678872 0.646082 0.919504 0.939904 0.599297 0.913874 0.916047 0.867887 0.461359 0.441508 0.347088 0.378373 0.905435 0.818985 0.657246 0.630930 0.687947 0.838624 0.965691 0.902053 0.956635 0.964373 0.986297 0.969062 0.909486 0.984266 0.798054 0.892998 0.881615 0.661662 0.999863 0.949112 0.828278 0.764890 0.626258 0.774947 0.545347 0.534963 0.807708 0.997214 0.670506 0.927781 0.917238 0.904682 0.671036 0.782196 0.900160 0.958106 0.723127 0.818301 0.827511 0.799127 0.937990 0.823305 0.894378 0.988409 0.945628 0.926338 0.927342 0.974872
0.873558 0.817804 0.424359 0.000000 0.987700 0.855723 0.655111 0.681816 0.884999 0.769909 0.912819 0.776898 0.916896 0.876190 0.872856 0.941223 0.859520 0.932617 0.993857 0.927438 0.699535 0.812118 0.783743 0.604676 0.466558 0.381484 0.814774 0.947252 0.864910 0.888506 0.692662 0.622626 0.782565 0.780893 0.579485 0.614503 0.854240 0.799449 0.655666 0.859510 0.925398 0.989789 0.735117 0.826431 0.844060 0.924070 0.590610 0.762931 0.777892 0.894845 0.906164 0.966897 0.905105 0.912068 0.749097 0.904669 0.857409 0.825935 0.901397 0.988757 0.969835 0.948568 0.929530 0.772860 0.442334 0.391144 0.487747 0.464867 0.963232 0.857973 0.707201 0.727489 0.750603 0.883213 0.923817 0.877440 0.821193 0.827676 0.919326 0.853645 0.995460 0.793295 0.886321 0.873601 0.702137 0.480355 0.989609 0.756271 0.945539 0.753783 0.752444 0.953377 0.654436 0.728775 0.842299 0.874824 0.759755 0.878912 0.981598 0.928313 0.844742 0.952900 0.971092 0.986184 0.713277 0.790623 0.845814 0.940287 0.975697 0.968074 0.859317 0.992874 0.892315 0.862716 0.974721 0.955488
0.837451 0.857557 0.902027 0.987700 0.000000 0.948356 0.901953 0.998899 0.906805 0.973014 0.882541 0.870375 0.909858 0.877338 0.859496 0.869080 0.881637 0.916241 0.956990 0.936594 0.918790 0.980298 0.866122 0.872897 0.993056 0.918514 0.737182 0.976288 0.883481 0.980482 0.848428 0.862421 0.915995 0.834879 0.917418 0.829002 0.895850 0.935649 0.967361 0.977462 0.984641 0.949249 0.852994 0.875500 0.915573 0.985819 0.926278 0.983627 0.892833 0.945997 0.953688 0.991248 0.904397 0.804441 0.847422 0.914683 0.860967 0.863432 0.902917 0.885547 0.975268 0.792595 0.978712 0.918292 0.971576 0.939498 0.946066 0.873604 0.820849 0.809377 0.999289 0.880839 0.936058 0.942847 0.912500 0.841126 0.939464 0.843573 0.989568 0.952728 0.878250 0.833998 0.816854 0.884237 0.818750 0.894596 0.735623 0.863737 0.866693 0.819106 0.943727 0.844620 0.969283 0.880566 0.871325 0.880947 0.969342 0.923880 0.993246 0.939446 0.867550 0.825936 0.909638 0.993292 0.959787 0.844104 0.953260 0.765968 0.976011 0.851646 0.949225 0.937042 0.984588 0.838843 0.779341 0.929465
0.961969 0.810580 0.720405 0.855723 0.948356 0.000000 0.733488 0.969537 0.959069 0.966457 0.906184 0.976378 0.726863 0.864275 0.856751 0.765972 0.920553 0.951454 0.923878 0.948807 0.682798 0.845218 0.836972 0.766733 0.876165 0.769587 0.885326 0.783863 0.951210 0.993828 0.838178 0.763035 0.775919 0.772872 0.985992 0.950330 0.933966 0.978237 0.768478 0.867941 0.914298 0.934987 0.917168 0.927649 0.740180 0.688776 0.958746 0.934412 0.705942 0.755762 0.783279 0.798405 0.805356 0.900851 0.901889 0.915926 0.831118 0.831183 0.971061 0.985899 0.821096 0.805894 0.904009 0.990699 0.936446 0.910272 0.853927 0.944135 0.895129 0.990754 0.787596 0.872504 0.881394 0.740442 0.815107 0.881111 0.987766 0.820953 0.944780 0.871064 0.942630 0.873237 0.841947 0.978059 0.932528 0.901445 0.801666 0.790358 0.989865 0.996585 0.906650 0.834417 0.954170 0.857874 0.953804 0.957036 0.997456 0.967627 0.890191 0.975531 0.989932 0.957522 0.912406 0.992868 0.868266 0.953628 0.649803 0.901980 0.827590 0.890814 0.917715 0.969027 0.940603 0.766337 0.953877 0.964458
0.888513 0.773587 0.400342 0.655111 0.901953 0.733488 0.000000 0.469503 0.664205 0.774232 0.750926 0.856332 0.758681 0.982730 0.933123 0.851331 0.919490 0.947404 0.887371 0.918094 0.695777 0.897234 0.723334 0.952506 0.968383 0.696352 0.819595 0.766780 0.911922 0.960800 0.397663 0.535113 0.443987 0.478183 0.604417 0.639740 0.839410 0.868313 0.944324 0.824807 0.825915 0.982212 0.883741 0.907752 0.775151 0.998083 0.818143 0.923956 0.752273 0.763595 0.949151 0.947722 0.995283 0.939880 0.949367 0.961494 0.868395 0.893850 0.625525 0.646420 0.386703 0.851458 0.555210 0.750723 0.789988 0.759442 0.408947 0.435857 0.977358 0.926454 0.578070 0.515151 0.592762 0.668686 0.974700 0.925480 0.828768 0.820729 0.834557 0.896932 0.887635 0.934453 0.790184 0.903505 0.965197 0.992210 0.875503 0.983811 0.785766 0.870746 0.505969 0.610779 0.590453 0.652433 0.767468 0.987237 0.661228 0.823382 0.588793 0.681880 0.584344 0.585541 0.607890 0.650862 0.653975 0.690135 0.905309 0.809390 0.990605 0.799994 0.842178 0.858934 0.916039 0.859338 0.947623 0.913982
0.576426 0.719788 0.686326 0.681816 0.998899 0.969537 0.469503 0.000000 0.828791 0.614082 0.612722 0.768280 0.743374 0.750977 0.976717 0.988279 0.631700 0.638551 0.598486 0.671693 0.958561 0.983580 0.585711 0.910064 0.902664 0.927873 0.927393 0.792215 0.546144 0.615458 0.579926 0.557044 0.476275 0.463741 0.761513 0.763871 0.737245 0.900297 0.937605 0.991340 0.776420 0.806924 0.722524 0.703071 0.583104 0.641859 0.641073 0.688426 0.819089 0.805507 0.707655 0.752321 0.824252 0.917307 0.800552 0.781963 0.641815 0.614879 0.620574 0.514071 0.614546 0.625068 0.437468 0.486278 0.945415 0.894882 0.630257 0.587604 0.703592 0.637110 0.535300 0.596295 0.602191 0.791690 0.975045 0.834675 0.585734 0.744564 0.675546 0.653879 0.566189 0.619307 0.856324 0.813213 0.923336 0.968846 0.879448 0.902493 0.794141 0.765381 0.621778 0.736163 0.697000 0.878708 0.672446 0.874429 0.669980 0.742160 0.499705 0.468449 0.624156 0.667187 0.556744 0.578567 0.590586 0.609222 0.954955 0.883332 0.922923 0.857442 0.694469 0.651051 0.560506 0.658476 0.881279 0.876407
0.891471 0.897328 0.880968 0.884999 0.906805 0.959069 0.664205 0.828791 0.000000 0.673093 0.740472 0.974122 0.670814 0.866589 0.923802 0.856595 0.868542 0.810562 0.980801 0.847297 0.942011 0.997244 0.952072 0.697040 0.752846 0.862732 0.831493 0.852123 0.974472 0.882738 0.918074 0.925067 0.951870 0.914573 0.978721 0.975159 0.794702 0.956967 0.853114 0.909041 0.936856 0.955499 0.764898 0.892914 0.996951 0.982954 0.905633 0.918178 0.965823 0.952948 0.887223 0.958139 0.901667 0.938129 0.869924 0.973177 0.810572 0.946858 0.535693 0.662218 0.542874 0.732002 0.755598 0.817893 0.887582 0.877650 0.904914 0.955617 0.918846 0.832745 0.927398 0.947815 0.940799 0.902991 0.985460 0.932909 0.992741 0.857418 0.963964 0.889295 0.890575 0.781583 0.667122 0.768745 0.789541 0.710366 0.975907 0.795531 0.727640 0.953010 0.906912 0.897544 0.962989 0.836302 0.944210 0.907869 0.971065 0.933327 0.835466 0.897520 0.884569 0.817742 0.773997 0.812001 0.990573 0.986529 0.953104 0.776472 0.818936 0.913940 0.927395 0.979299 0.840426 0.963456 0.825177 0.932347
0.580457 0.603378 0.833629 0.769909 0.973014 0.966457 0.774232 0.614082 0.673093 0.000000 0.594450 0.583738 0.568582 0.798437 0.730660 0.841585 0.629613 0.646405 0.577677 0.668344 0.922494 0.970228 0.654605 0.686862 0.498881 0.591585 0.803227 0.895244 0.495034 0.508424 0.858643 0.809909 0.685189 0.628653 0.692803 0.930908 0.955945 0.812060 0.736629 0.814551 0.971927 0.805194 0.974486 0.809871 0.786047 0.732976 0.918700 0.847225 0.580459 0.633501 0.699533 0.685251 0.787641 0.915784 0.936313 0.924858 0.683818 0.553789 0.562847 0.558153 0.731408 0.864926 0.422514 0.386465 0.494737 0.504849 0.797933 0.783950 0.706546 0.539615 0.873611 0.857483 0.825092 0.865800 0.849572 0.944816 0.734178 0.809778 0.555156 0.604671 0.564902 0.792247 0.936227 0.911493 0.797114 0.530983 0.785675 0.747907 0.885822 0.923177 0.974266 0.818913 0.876135 0.763518 0.891584 0.905783 0.962523 0.873087 0.636112 0.627953 0.938686 0.796909 0.608283 0.649900 0.975055 0.894085 0.884992 0.996495 0.860687 0.891195 0.953558 0.881718 0.712026 0.889829 0.974200 0.948798
0.366250 0.645421 0.973354 0.912819 0.882541 0.906184 0.750926 0.612722 0.740472 0.594450 0.000000 0.531933 0.414873 0.706275 0.752995 0.844057 0.593168 0.627614 0.624241 0.559782 0.886213 0.906701 0.699106 0.806480 0.685012 0.800248 0.873027 0.853604 0.551953 0.603959 0.918293 0.891985 0.639837 0.734176 0.870945 0.928306 0.749497 0.908093 0.954288 0.869329 0.697637 0.784264 0.786996 0.926248 0.976407 0.947694 0.998325 0.956444 0.857574 0.861735 0.985784 0.998707 0.974743 0.788523 0.898688 0.818692 0.631760 0.562458 0.499190 0.509584 0.516712 0.569433 0.449352 0.420634 0.875746 0.906576 0.930239 0.981504 0.487280 0.508747 0.698307 0.750354 0.824809 0.990594 0.786702 0.832810 0.735786 0.867322 0.845346 0.681483 0.527078 0.617617 0.991223 0.802190 0.918477 0.772298 0.903674 0.776569 0.672336 0.748855 0.905326 0.879926 0.929665 0.999638 0.854337 0.990885 0.931010 0.950824 0.663295 0.670917 0.823247 0.856112 0.591408 0.655597 0.756157 0.789993 0.963970 0.946764 0.950317 0.752531 0.924182 0.773220 0.720443 0.882693 0.942179 0.981148
0.313814 0.372152 0.670179 0.776898 0.870375 0.976378 0.856332 0.768280 0.974122 0.583738 0.531933 0.000000 0.467030 0.464111 0.477344 0.519799 0.395169 0.449814 0.448949 0.420730 0.857919 0.965592 0.564778 0.935435 0.649713 0.615473 0.986208 0.971089 0.399108 0.476668 0.809640 0.976247 0.846140 0.825717 0.707778 0.800090 0.832613 0.922031 0.828938 0.961748 0.802429 0.865211 0.862502 0.989739 0.860662 0.872482 0.921684 0.830039 0.619638 0.673970 0.972357 0.871709 0.961783 0.775664 0.837363 0.874514 0.424437 0.360649 0.686845 0.632969 0.892496 0.637751 0.547243 0.426697 0.740956 0.737773 0.689142 0.676700 0.417755 0.436758 0.933202 0.963865 0.998260 0.994330 0.790475 0.940050 0.785327 0.899187 0.716895 0.609006 0.428015 0.481414 0.719193 0.650986 0.734722 0.841332 0.998729 0.993240 0.836701 0.761621 0.794488 0.929505 0.756491 0.648294 0.896868 0.965852 0.873921 0.934482 0.866489 0.726441 0.912788 0.850278 0.837845 0.853948 0.913485 0.875890 0.958519 0.726878 0.955064 0.966680 0.989946 0.745555 0.646518 0.939630 0.995044 0.877907
0.439145 0.770728 0.946667 0.916896 0.909858 0.726863 0.758681 0.743374 0.670814 0.568582 0.414873 0.467030 0.000000 0.630705 0.594492 0.616155 0.714422 0.808772 0.628669 0.724802 0.960585 0.963732 0.594079 0.957376 0.672547 0.792655 0.942407 0.954070 0.605997 0.697022 0.968628 0.883144 0.707786 0.737086 0.817954 0.914365 0.817994 0.932857 0.932444 0.909778 0.813501 0.986568 0.751003 0.865543 0.754757 0.931140 0.980847 0.984282 0.947111 0.914221 0.955071 0.999324 0.947203 0.858394 0.869376 0.940052 0.800014 0.685444 0.505933 0.571743 0.503428 0.659240 0.475513 0.502760 0.882192 0.866868 0.941699 0.878110 0.523594 0.557799 0.776751 0.864155 0.885952 0.981157 0.821626 0.934553 0.859612 0.882930 0.796134 0.768827 0.657926 0.721805 0.938725 0.851591 0.876559 0.797559 0.942113 0.980352 0.645975 0.812396 0.999798 0.900535 0.887233 0.941162 0.876447 0.963960 0.952679 0.989520 0.774849 0.755295 0.900696 0.945995 0.697265 0.779418 0.857110 0.829675 0.907065 0.828532 0.912638 0.750771 0.997358 0.905951 0.820453 0.962389 0.949295 0.926459
0.553936 0.520595 0.954504 0.876190 0.877338 0.864275 0.982730 0.750977 0.866589 0.798437 0.706275 0.464111 0.630705 0.000000 0.492544 0.392947 0.544632 0.529569 0.465234 0.516696 0.975395 0.974234 0.485325 0.733212 0.975760 0.961342 0.873038 0.972073 0.520931 0.524949 0.991067 0.679960 0.771777 0.713125 0.810038 0.997746 0.865865 0.920021 0.918913 0.756365 0.871539 0.911418 0.797458 0.744330 0.935171 0.805454 0.681805 0.638510 0.795085 0.778268 0.896597 0.823051 0.914108 0.961265 0.673294 0.779625 0.615423 0.595071 0.984726 0.894699 0.989852 0.788336 0.712640 0.681433 0.926515 0.909539 0.817496 0.928104 0.627357 0.600879 0.934545 0.932668 0.815410 0.892513 0.816258 0.980770 0.677551 0.742975 0.725892 0.521766 0.464844 0.357567 0.574148 0.591246 0.532743 0.762253 0.874349 0.741214 0.990273 0.798440 0.753966 0.795985 0.769891 0.658223 0.739776 0.912863 0.971158 0.890540 0.976923 0.838301 0.831130 0.857652 0.925763 0.959889 0.859443 0.870366 0.826745 0.698764 0.893397 0.914427 0.892184 0.804192 0.656894 0.880010 0.993886 0.912522
0.565465 0.601097 0.819221 0.872856 0.859496 0.856751 0.933123 0.976717 0.923802 0.730660 0.752995 0.477344 0.594492 0.492544 0.000000 0.522536 0.579923 0.598834 0.549909 0.601902 0.992592 0.997192 0.662117 0.916875 0.853456 0.796268 0.964983 0.951949 0.567089 0.557403 0.979137 0.838921 0.848076 0.768491 0.741772 0.902790 0.873472 0.960197 0.971446 0.925286 0.800537 0.968070 0.995856 0.861897 0.851803 0.930359 0.863260 0.738700 0.797634 0.796029 0.962624 0.878394 0.994649 0.891200 0.873438 0.900920 0.699705 0.652407 0.851919 0.820976 0.943007 0.891857 0.707927 0.640957 0.864947 0.856839 0.746637 0.747297 0.527942 0.586087 0.990274 0.917108 0.915528 0.876434 0.802709 0.955967 0.857224 0.872101 0.598839 0.619459 0.536567 0.521499 0.711521 0.680465 0.703169 0.964107 0.985184 0.794058 0.843588 0.853203 0.714792 0.841427 0.639853 0.649914 0.860084 0.870667 0.914956 0.888760 0.993116 0.854002 0.844418 0.748151 0.904946 0.935770 0.903917 0.947889 0.999165 0.646497 0.993137 0.892209 0.817919 0.849125 0.833579 0.948096 0.959548 0.983514
0.669940 0.627016 0.843011 0.941223 0.869080 0.765972 0.851331 0.988279 0.856595 0.841585 0.844057 0.519799 0.616155 0.392947 0.522536 0.000000 0.657994 0.663643 0.545969 0.626058 0.924483 0.984772 0.528437 0.607870 0.937511 0.926605 0.811438 0.769533 0.651071 0.627884 0.858082 0.826644 0.950692 0.845172 0.698206 0.825015 0.990376 0.791300 0.891734 0.838081 0.989387 0.979315 0.978434 0.877535 0.733626 0.990974 0.844802 0.843233 0.850488 0.806122 0.957670 0.927366 0.921034 0.872035 0.785692 0.957662 0.765147 0.693554 0.976127 0.995888 0.863632 0.953852 0.900934 0.844621 0.971273 0.999757 0.687199 0.714182 0.731875 0.700431 0.977416 0.902788 0.974453 0.940112 0.888173 0.934648 0.881850 0.847035 0.768444 0.616687 0.648419 0.529238 0.715528 0.642317 0.656939 0.764751 0.851684 0.708958 0.947347 0.873690 0.650661 0.850786 0.673354 0.618567 0.944305 0.910589 0.866087 0.905941 0.890798 0.967358 0.776234 0.758813 0.912857 0.899972 0.990119 0.973848 0.850611 0.610440 0.897054 0.970509 0.781404 0.983018 0.836921 0.930562 0.820317 0.995055
0.410772 0.319512 0.721166 0.859520 0.881637 0.920553 0.919490 0.631700 0.868542 0.629613 0.593168 0.395169 0.714422 0.544632 0.579923 0.657994 0.000000 0.294474 0.419838 0.331459 0.840796 0.985937 0.613492 0.914657 0.765074 0.678723 0.988958 0.998922 0.337026 0.330929 0.965251 0.793131 0.725340 0.654346 0.766334 0.885710 0.805668 0.967770 0.830646 0.916907 0.739353 0.775537 0.818506 0.717782 0.806091 0.660479 0.793605 0.650476 0.531904 0.578495 0.805223 0.739829 0.925061 0.926042 0.837192 0.814815 0.328352 0.335936 0.829114 0.694799 0.977524 0.799049 0.549274 0.411538 0.739589 0.753146 0.775770 0.825591 0.578528 0.426496 0.803742 0.962928 0.878055 0.855184 0.783560 0.916489 0.654461 0.795639 0.547310 0.523556 0.331759 0.400632 0.616329 0.619764 0.790919 0.892605 0.879294 0.944902 0.894346 0.851528 0.894222 0.996157 0.855065 0.669505 0.860932 0.930546 0.925644 0.904303 0.772469 0.601953 0.991050 0.911292 0.734494 0.698134 0.879666 0.876755 0.948587 0.753424 0.998370 0.984380 0.963037 0.652403 0.526448 0.728985 0.934977 0.835246
0.424194 0.302935 0.762405 0.932617 0.916241 0.951454 0.947404 0.638551 0.810562 0.646405 0.627614 0.449814 0.808772 0.529569 0.598834 0.663643 0.294474 0.000000 0.382002 0.309675 0.893894 0.921539 0.567205 0.991566 0.850891 0.759708 0.991536 0.994861 0.363316 0.325957 0.972160 0.730265 0.689367 0.607333 0.808329 0.995047 0.748562 0.983986 0.912979 0.912853 0.695593 0.753682 0.751776 0.630873 0.740258 0.633523 0.733774 0.589217 0.547310 0.605135 0.821721 0.771479 0.930183 0.891047 0.819167 0.781011 0.288664 0.315659 0.880467 0.753167 0.916701 0.847928 0.581225 0.442121 0.786563 0.790751 0.844778 0.903981 0.585613 0.473644 0.813732 0.936013 0.857029 0.812815 0.860361 0.981352 0.625126 0.735632 0.590518 0.476815 0.311083 0.352738 0.550722 0.568595 0.740631 0.981827 0.857557 0.979325 0.939871 0.829705 0.933330 0.973048 0.939274 0.706949 0.775243 0.932521 0.942716 0.802573 0.765846 0.621606 0.908187 0.938055 0.754602 0.704610 0.840632 0.861695 0.941515 0.753404 0.986367 0.942006 0.928725 0.596293 0.491744 0.673206 0.976480 0.809762
0.426851 0.429258 0.879829 0.993857 0.956990 0.923878 0.887371 0.598486 0.980801 0.577677 0.624241 0.448949 0.628669 0.465234 0.549909 0.545969 0.419838 0.382002 0.000000 0.387081 0.969472 0.926327 0.473436 0.968964 0.834991 0.788409 0.978624 0.974207 0.358736 0.382133 0.885593 0.701324 0.577733 0.509076 0.836626 0.976836 0.751353 0.953437 0.894485 0.963527 0.877429 0.783583 0.758780 0.636228 0.849293 0.672208 0.652833 0.568326 0.645293 0.588302 0.745963 0.676206 0.875446 0.976112 0.860026 0.892816 0.419837 0.423294 0.717631 0.651751 0.913588 0.867216 0.494346 0.456475 0.824321 0.800830 0.909780 0.913578 0.518416 0.448430 0.802013 0.853770 0.733558 0.784263 0.905667 0.980279 0.666987 0.701640 0.604197 0.502828 0.425104 0.438796 0.705835 0.731237 0.786594 0.953078 0.755955 0.962722 0.907958 0.840378 0.994367 0.880655 0.903715 0.779902 0.870644 0.820838 0.983777 0.764446 0.694058 0.532218 0.978064 0.971351 0.669571 0.669044 0.819738 0.795803 0.915672 0.768891 0.989312 0.949421 0.935802 0.663112 0.493411 0.715771 0.968095 0.878928
0.412709 0.348529 0.772006 0.927438 0.936594 0.948807 0.918094 0.671693 0.847297 0.668344 0.559782 0.420730 0.724802 0.516696 0.601902 0.626058 0.331459 0.309675 0.387081 0.000000 0.799614 0.874956 0.599052 0.990298 0.775939 0.737613 0.939448 0.981423 0.389045 0.347618 0.984492 0.826142 0.711639 0.656737 0.795598 0.983498 0.758844 0.930654 0.952701 0.901960 0.791731 0.701685 0.783867 0.702198 0.866947 0.734930 0.818508 0.611187 0.639596 0.593952 0.857795 0.787004 0.929411 0.931456 0.856908 0.922265 0.311953 0.332468 0.793241 0.709503 0.960865 0.824682 0.614556 0.461023 0.773575 0.773287 0.832448 0.867349 0.499495 0.458849 0.807744 0.950539 0.857076 0.969693 0.850462 0.964191 0.575852 0.703257 0.639329 0.584437 0.413548 0.432552 0.710715 0.665011 0.840277 0.892290 0.783404 0.891545 0.964950 0.824804 0.951189 0.911387 0.954076 0.762567 0.801038 0.941907 0.997328 0.766634 0.725477 0.550212 0.969643 0.984457 0.654062 0.685282 0.793781 0.791481 0.921737 0.888506 0.945227 0.851677 0.848287 0.616469 0.527520 0.682705 0.997446 0.928470
0.860616 0.762283 0.655846 0.699535 0.918790 0.682798 0.695777 0.958561 0.942011 0.922494 0.886213 0.857919 0.960585 0.975395 0.992592 0.924483 0.840796 0.893894 0.969472 0.799614 0.000000 0.947244 0.834377 0.708412 0.657124 0.624685 0.818253 0.933784 0.823469 0.890634 0.754723 0.761763 0.851563 0.840187 0.756532 0.837596 0.941779 0.964473 0.731382 0.950079 0.940367 0.823842 0.972528 0.990372 0.961423 0.871835 0.852714 0.986127 0.726016 0.748285 0.921818 0.861844 0.908281 0.985291 0.970563 0.960389 0.819596 0.758002 0.903545 0.957040 0.894151 0.922909 0.996904 0.859248 0.744935 0.694998 0.741177 0.766204 0.807632 0.895810 0.810649 0.903535 0.846700 0.779947 0.954347 0.808502 0.932000 0.989934 0.934773 0.920096 0.996238 0.933397 0.971574 0.950281 0.876953 0.714429 0.903448 0.741662 0.906415 0.985677 0.890469 0.991122 0.860488 0.940014 0.930760 0.846083 0.975523 0.873012 0.894772 0.854838 0.943736 0.973463 0.864143 0.897050 0.992464 0.872243 0.717236 0.946312 0.864649 0.943488 0.862030 0.811382 0.884614 0.844062 0.997276 0.889115
0.988412 0.995970 0.871818 0.812118 0.980298 0.845218 0.897234 0.983580 0.997244 0.970228 0.906701 0.965592 0.963732 0.974234 0.997192 0.984772 0.985937 0.921539 0.926327 0.874956 0.947244 0.000000 0.977898 0.934303 0.940693 0.810447 0.851982 0.875851 0.926418 0.897576 0.757275 0.845744 0.791532 0.837689 0.882433 0.868662 0.805311 0.707224 0.869618 0.976580 0.992240 0.799698 0.837567 0.877095 0.939531 0.981945 0.934167 0.845012 0.908412 0.939528 0.924434 0.972607 0.920862 0.853121 0.926498 0.873472 0.995157 0.958745 0.928001 0.929344 0.989464 0.833285 0.916461 0.993597 0.992838 0.994395 0.895479 0.934526 0.939079 0.969486 0.826829 0.892495 0.895555 0.831460 0.983558 0.861747 0.852195 0.788655 0.896879 0.893352 0.913391 0.905458 0.976604 0.927021 0.961972 0.974437 0.925687 0.805689 0.989736 0.975976 0.789369 0.766518 0.843231 0.866024 0.987180 0.833307 0.972983 0.858162 0.885949 0.865002 0.941571 0.821824 0.647573 0.783077 0.794175 0.871806 0.970932 0.885884 0.932542 0.875887 0.883116 0.848956 0.956646 0.779845 0.943432 0.785009
0.552723 0.641795 0.903139 0.783743 0.866122 0.836972 0.723334 0.585711 0.952072 0.654605 0.699106 0.564778 0.594079 0.485325 0.662117 0.528437 0.613492 0.567205 0.473436 0.599052 0.834377 0.977898 0.000000 0.756501 0.925807 0.985397 0.912383 0.990040 0.519489 0.529408 0.779389 0.550869 0.597842 0.567396 0.955254 0.985441 0.882679 0.874264 0.976984 0.954485 0.911026 0.864612 0.871219 0.799931 0.948064 0.882814 0.754634 0.771023 0.834617 0.866884 0.947685 0.885877 0.978003 0.923671 0.855529 0.956560 0.624441 0.593183 0.834010 0.717519 0.816243 0.868527 0.572294 0.569958 0.966542 0.986046 0.975672 0.974821 0.691414 0.616941 0.699900 0.770846 0.753717 0.719009 0.937301 0.979554 0.725664 0.760218 0.600681 0.561252 0.483585 0.494304 0.750083 0.720752 0.715156 0.895469 0.876638 0.803307 0.947009 0.849620 0.936003 0.868135 0.964355 0.785328 0.761405 0.880611 0.947049 0.893958 0.773554 0.726255 0.975512 0.976699 0.830244 0.754564 0.854019 0.824769 0.955921 0.758114 0.959266 0.886075 0.974195 0.850101 0.605726 0.934810 0.854412 0.807281
0.828191 0.945690 0.796261 0.604676 0.872897 0.766733 0.952506 0.910064 0.697040 0.686862 0.806480 0.935435 0.957376 0.733212 0.916875 0.607870 0.914657 0.991566 0.968964 0.990298 0.708412 0.934303 0.756501 0.000000 0.520019 0.598212 0.672420 0.783975 0.824716 0.943241 0.948375 0.850156 0.935581 0.949702 0.845626 0.973488 0.907481 0.810037 0.587954 0.789166 0.962647 0.834238 0.876434 0.936153 0.836929 0.894811 0.874902 0.917504 0.835052 0.848615 0.808668 0.810503 0.794055 0.843208 0.858180 0.957875 0.893718 0.865085 0.627758 0.698823 0.751297 0.879450 0.674523 0.681076 0.604924 0.564162 0.921988 0.884134 0.893852 0.866226 0.984975 0.939521 0.992429 0.963754 0.927875 0.964194 0.928407 0.995247 0.996147 0.935437 0.975785 0.767012 0.783832 0.657968 0.612131 0.440717 0.969513 0.526746 0.879588 0.885231 0.944834 0.895038 0.968526 0.959634 0.903022 0.930631 0.933470 0.951604 0.739534 0.827931 0.839920 0.764812 0.664437 0.641460 0.971490 0.960911 0.775732 0.807535 0.927907 0.957028 0.855806 0.870338 0.900818 0.864315 0.777101 0.981754
0.643749 0.732647 0.635600 0.466558 0.993056 0.876165 0.968383 0.902664 0.752846 0.498881 0.685012 0.649713 0.672547 0.975760 0.853456 0.937511 0.765074 0.850891 0.834991 0.775939 0.657124 0.940693 0.925807 0.520019 0.000000 0.393228 0.717772 0.835300 0.630958 0.698830 0.914642 0.864378 0.982274 0.981477 0.650842 0.737334 0.938561 0.859701 0.575793 0.725794 0.892866 0.859070 0.788309 0.881053 0.931858 0.972043 0.734399 0.858504 0.760473 0.821386 0.975356 0.914057 0.994339 0.996299 0.824543 0.861218 0.736029 0.632798 0.605904 0.651541 0.747170 0.880015 0.628966 0.505134 0.403542 0.379664 0.700201 0.654769 0.756132 0.659871 0.972002 0.974426 0.951378 0.915564 0.909806 0.933276 0.932589 0.937790 0.856955 0.992314 0.843495 0.914734 0.869183 0.930708 0.608591 0.345596 0.915815 0.661588 0.875930 0.819888 0.973265 0.791878 0.876009 0.854954 0.939173 0.967095 0.990513 0.951406 0.664970 0.770130 0.938450 0.831661 0.643856 0.714413 0.916841 0.909613 0.830763 0.900090 0.839188 0.861221 0.935670 0.780003 0.874865 0.976338 0.972118 0.935851
0.677967 0.627094 0.445556 0.381484 0.918514 0.769587 0.696352 0.927873 0.862732 0.591585 0.800248 0.615473 0.792655 0.961342 0.796268 0.926605 0.678723 0.759708 0.788409 0.737613 0.624685 0.810447 0.985397 0.598212 0.393228 0.000000 0.826854 0.888450 0.682802 0.709582 0.688096 0.741461 0.848715 0.877708 0.525784 0.672866 0.980679 0.800222 0.555043 0.843568 0.996660 0.986054 0.778506 0.886897 0.886667 0.949854 0.739695 0.920936 0.667204 0.707569 0.978712 0.873177 0.981269 0.956855 0.834452 0.878165 0.677747 0.568950 0.796265 0.772710 0.993240 0.890595 0.782343 0.582146 0.385118 0.368660 0.470936 0.482267 0.820479 0.752757 0.859665 0.831303 0.809402 0.794933 0.925441 0.905186 0.998449 0.976216 0.918037 0.976246 0.830691 0.953597 0.995765 0.972264 0.698811 0.430834 0.951508 0.697180 0.983727 0.814819 0.758746 0.928574 0.672233 0.629407 0.877992 0.944853 0.760426 0.958475 0.854412 0.908202 0.936476 0.908502 0.884582 0.866517 0.799465 0.928985 0.799933 0.945722 0.836448 0.988892 0.939528 0.894487 0.915856 0.938145 0.979426 0.978802
0.944928 0.950337 0.965197 0.814774 0.737182 0.885326 0.819595 0.927393 0.831493 0.803227 0.873027 0.986208 0.942407 0.873038 0.964983 0.811438 0.988958 0.991536 0.978624 0.939448 0.818253 0.851982 0.912383 0.672420 0.717772 0.826854 0.000000 0.721875 0.907492 0.869176 0.781061 0.882662 0.860712 0.846817 0.963841 0.958054 0.814661 0.975783 0.781182 0.778487 0.933180 0.925471 0.989435 0.955959 0.947472 0.950521 0.930239 0.987699 0.817733 0.879191 0.976794 0.987828 0.922863 0.862199 0.854910 0.865457 0.993150 0.971793 0.848518 0.909257 0.762931 0.983670 0.780923 0.796682 0.794709 0.796310 0.964382 0.945993 0.965322 0.984126 0.861071 0.782364 0.814382 0.928530 0.990572 0.952802 0.962223 0.881137 0.996225 0.966596 0.986885 0.881027 0.797833 0.850472 0.696946 0.641198 0.891042 0.633801 0.979567 0.866403 0.860707 0.855420 0.964733 0.976381 0.854253 0.858492 0.861387 0.947501 0.756704 0.845944 0.896638 0.817195 0.655131 0.768789 0.923539 0.779152 0.800423 0.789000 0.781303 0.862179 0.881799 0.822223 0.952646 0.772470 0.908139 0.989723
0.867757 0.956168 0.896016 0.947252 0.976288 0.783863 0.766780 0.792215 0.852123 0.895244 0.853604 0.971089 0.954070 0.972073 0.951949 0.769533 0.998922 0.994861 0.974207 0.981423 0.933784 0.875851 0.990040 0.783975 0.835300 0.888450 0.721875 0.000000 0.924899 0.974204 0.829893 0.970940 0.924231 0.921874 0.914221 0.997535 0.995097 0.968361 0.740277 0.968391 0.889036 0.851440 0.981118 0.963887 0.904908 0.940335 0.910873 0.924098 0.930662 0.978237 0.926499 0.935956 0.859745 0.908941 0.950113 0.948122 0.948389 0.938265 0.882615 0.760574 0.740441 0.788466 0.838604 0.816006 0.998760 0.977943 0.906753 0.794345 0.992166 0.940938 0.883494 0.743745 0.895258 0.956918 0.858575 0.958744 0.904639 0.930872 0.966605 0.954962 0.968237 0.939534 0.928460 0.929825 0.924756 0.850607 0.814525 0.943175 0.907784 0.995791 0.843767 0.896737 0.857799 0.958273 0.682581 0.891892 0.865544 0.866766 0.787606 0.896825 0.892266 0.841986 0.799513 0.825027 0.866045 0.835960 0.816982 0.932133 0.844887 0.804102 0.934512 0.966175 0.981369 0.891952 0.937251 0.830496
0.370071 0.356859 0.772350 0.864910 0.883481 0.951210 0.911922 0.546144 0.974472 0.495034 0.551953 0.399108 0.605997 0.520931 0.567089 0.651071 0.337026 0.363316 0.358736 0.389045 0.823469 0.926418 0.519489 0.824716 0.630958 0.682802 0.907492 0.924899 0.000000 0.324839 0.845488 0.729741 0.634534 0.545081 0.789017 0.898532 0.723329 0.958070 0.778344 0.994186 0.739202 0.726902 0.811130 0.671692 0.806887 0.666193 0.802788 0.652867 0.565141 0.599364 0.774039 0.708916 0.903369 0.989002 0.799224 0.802042 0.394519 0.359154 0.667503 0.622735 0.857805 0.748802 0.434416 0.342583 0.683770 0.696218 0.829790 0.878752 0.520087 0.395819 0.779410 0.912513 0.745624 0.771153 0.893427 0.998255 0.649138 0.713314 0.591989 0.546286 0.352978 0.450742 0.677088 0.663053 0.856654 0.834877 0.804281 0.961477 0.855243 0.881014 0.968923 0.884586 0.852499 0.720521 0.780543 0.868088 0.995624 0.806533 0.639920 0.564402 0.988519 0.891346 0.600028 0.613987 0.855700 0.845712 0.907464 0.827794 0.936176 0.884116 0.898012 0.587763 0.493828 0.722834 0.957215 0.789882
0.473831 0.371828 0.769831 0.888506 0.980482 0.993828 0.960800 0.615458 0.882738 0.508424 0.603959 0.476668 0.697022 0.524949 0.557403 0.627884 0.330929 0.325957 0.382133 0.347618 0.890634 0.897576 0.529408 0.943241 0.698830 0.709582 0.869176 0.974204 0.324839 0.000000 0.829311 0.635402 0.628499 0.525288 0.723091 0.960599 0.790133 0.947138 0.879035 0.956662 0.800219 0.717072 0.740741 0.625185 0.803665 0.711057 0.794345 0.641462 0.623124 0.656733 0.791195 0.725861 0.905950 0.968615 0.879138 0.896647 0.416707 0.400887 0.866336 0.768003 0.972299 0.929926 0.498542 0.396110 0.638662 0.680107 0.765112 0.841125 0.609320 0.458403 0.764247 0.924077 0.741175 0.716492 0.865885 0.908008 0.642604 0.624927 0.454722 0.468625 0.338298 0.425113 0.646567 0.669717 0.925519 0.825223 0.748797 0.926294 0.997117 0.989683 0.940884 0.871936 0.829499 0.650325 0.752850 0.884447 0.988015 0.785263 0.695244 0.587130 0.989344 0.957150 0.628455 0.641352 0.935151 0.822755 0.896692 0.862462 0.943772 0.870999 0.957030 0.623013 0.494216 0.656620 0.984218 0.858690
0.981037 0.826528 0.585360 0.692662 0.848428 0.838178 0.397663 0.579926 0.918074 0.858643 0.918293 0.809640 0.968628 0.991067 0.979137 0.858082 0.965251 0.972160 0.885593 0.984492 0.754723 0.757275 0.779389 0.948375 0.914642 0.688096 0.781061 0.829893 0.845488 0.829311 0.000000 0.453903 0.464579 0.433717 0.690626 0.691375 0.915021 0.887666 0.943025 0.993568 0.884802 0.946858 0.632158 0.688809 0.619881 0.816021 0.744211 0.826542 0.881875 0.891901 0.742560 0.809322 0.784728 0.660427 0.920066 0.982700 0.892708 0.880440 0.857115 0.872173 0.689120 0.881066 0.618305 0.825041 0.933100 0.885173 0.609009 0.556627 0.938210 0.999758 0.541350 0.584775 0.503029 0.551272 0.989972 0.986248 0.818432 0.709589 0.737399 0.783470 0.845482 0.905589 0.979345 0.965202 0.925315 0.989408 0.798801 0.988801 0.971886 0.922783 0.601329 0.726671 0.757139 0.908114 0.789766 0.988952 0.791133 0.860670 0.633642 0.713073 0.775168 0.616345 0.631157 0.659814 0.773990 0.733962 0.943538 0.812953 0.940811 0.908434 0.759896 0.835577 0.752620 0.732208 0.839092 0.883923
0.878238 0.923318 0.647385 0.622626 0.862421 0.763035 0.535113 0.557044 0.925067 0.809909 0.891985 0.976247 0.883144 0.679960 0.838921 0.826644 0.793131 0.730265 0.701324 0.826142 0.761763 0.845744 0.550869 0.850156 0.864378 0.741461 0.882662 0.970940 0.729741 0.635402 0.453903 0.000000 0.494623 0.438196 0.841094 0.763787 0.817927 0.991079 0.938808 0.982159 0.948934 0.859231 0.616922 0.614565 0.730129 0.829641 0.605621 0.743835 0.932351 0.931877 0.829710 0.842802 0.862471 0.814350 0.805669 0.909661 0.905599 0.936491 0.998584 0.931226 0.802689 0.949269 0.602649 0.757588 0.887931 0.839162 0.760641 0.672632 0.984700 0.863755 0.605925 0.636778 0.529802 0.501031 0.983333 0.989107 0.798949 0.678314 0.585805 0.586272 0.594221 0.600334 0.804716 0.832425 0.839743 0.828065 0.755472 0.874143 0.948366 0.999713 0.780601 0.823078 0.876685 0.975254 0.780036 0.960288 0.832349 0.841367 0.787078 0.763483 0.898152 0.773677 0.727437 0.713845 0.772412 0.694025 0.827490 0.975922 0.936603 0.825504 0.900381 0.738973 0.649563 0.790267 0.905039 0.904230
0.652681 0.859545 0.646967 0.782565 0.915995 0.775919 0.443987 0.476275 0.951870 0.685189 0.639837 0.846140 0.707786 0.771777 0.848076 0.950692 0.725340 0.689367 0.577733 0.711639 0.851563 0.791532 0.597842 0.935581 0.982274 0.848715 0.860712 0.924231 0.634534 0.628499 0.464579 0.494623 0.000000 0.357054 0.768951 0.678165 0.725338 0.807486 0.870509 0.929326 0.838064 0.843898 0.670199 0.679386 0.629925 0.736340 0.578511 0.648648 0.938435 0.944021 0.769115 0.820717 0.886798 0.927045 0.741954 0.839066 0.761711 0.775692 0.648367 0.659922 0.582616 0.870353 0.408808 0.552839 0.909715 0.940868 0.617801 0.601249 0.718119 0.679843 0.576136 0.664589 0.563876 0.554316 0.880424 0.963624 0.694803 0.735280 0.693544 0.708536 0.589011 0.640424 0.958471 0.929056 0.829428 0.998819 0.821329 0.955177 0.792922 0.779523 0.635125 0.667201 0.735696 0.908283 0.810582 0.972861 0.743077 0.685987 0.525169 0.494012 0.741382 0.695898 0.546251 0.577268 0.615128 0.645374 0.998881 0.920348 0.946260 0.827199 0.753560 0.646731 0.605594 0.651332 0.867876 0.918174
0.681948 0.785581 0.729844 0.780893 0.834879 0.772872 0.478183 0.463741 0.914573 0.628653 0.734176 0.825717 0.737086 0.713125 0.768491 0.845172 0.654346 0.607333 0.509076 0.656737 0.840187 0.837689 0.567396 0.949702 0.981477 0.877708 0.846817 0.921874 0.545081 0.525288 0.433717 0.438196 0.357054 0.000000 0.884584 0.745255 0.727723 0.901958 0.971079 0.968008 0.815274 0.875893 0.588113 0.540986 0.631610 0.681610 0.625286 0.563397 0.871533 0.816424 0.695986 0.729371 0.841855 0.833165 0.811363 0.846445 0.729806 0.730630 0.701970 0.690039 0.703795 0.973436 0.437662 0.554095 0.990662 0.977537 0.750883 0.693481 0.812860 0.678742 0.640720 0.695894 0.610353 0.585214 0.920556 0.955027 0.702374 0.608927 0.579339 0.561945 0.555335 0.600512 0.823688 0.856817 0.873637 0.995886 0.692425 0.986186 0.894418 0.927488 0.764788 0.723670 0.914569 0.987209 0.681027 0.986773 0.867892 0.710010 0.571057 0.534767 0.854838 0.724462 0.530297 0.585336 0.684123 0.669058 0.943405 0.992954 0.961936 0.811479 0.846676 0.669479 0.540810 0.622320 0.861414 0.811192
0.838903 0.665700 0.524499 0.579485 0.917418 0.985992 0.604417 0.761513 0.978721 0.692803 0.870945 0.707778 0.817954 0.810038 0.741772 0.698206 0.766334 0.808329 0.836626 0.795598 0.756532 0.882433 0.955254 0.845626 0.650842 0.525784 0.963841 0.914221 0.789017 0.723091 0.690626 0.841094 0.768951 0.884584 0.000000 0.714283 0.795670 0.764647 0.813353 0.991273 0.971638 0.891180 0.821196 0.976031 0.798373 0.978206 0.833016 0.955456 0.684684 0.710243 0.950070 0.838846 0.895624 0.981933 0.907269 0.972087 0.829759 0.747795 0.946504 0.965207 0.798703 0.924380 0.970178 0.824100 0.549901 0.541956 0.391851 0.389619 0.924380 0.772076 0.785592 0.687037 0.809566 0.907533 0.811315 0.858212 0.889658 0.955786 0.853000 0.807538 0.821155 0.910083 0.824739 0.893553 0.908777 0.763007 0.840565 0.882615 0.903911 0.757047 0.475002 0.736440 0.496375 0.538318 0.837772 0.994666 0.683845 0.822061 0.805256 0.877138 0.701961 0.821371 0.902855 0.860444 0.633556 0.724804 0.965407 0.720950 0.978404 0.979833 0.782898 0.821198 0.919009 0.867782 0.962539 0.952601
0.980764 0.902476 0.632156 0.614503 0.829002 0.950330 0.639740 0.763871 0.975159 0.930908 0.928306 0.800090 0.914365 0.997746 0.902790 0.825015 0.885710 0.995047 0.976836 0.983498 0.837596 0.868662 0.985441 0.973488 0.737334 0.672866 0.958054 0.997535 0.898532 0.960599 0.691375 0.763787 0.678165 0.745255 0.714283 0.000000 0.767028 0.619653 0.765890 0.941512 0.851813 0.954559 0.795092 0.862491 0.708001 0.892688 0.732284 0.844041 0.897840 0.914036 0.923827 0.997633 0.905580 0.938193 0.921261 0.943040 0.953069 0.936170 0.955556 0.952175 0.829274 0.903422 0.899065 0.982230 0.685220 0.682988 0.543609 0.550878 0.947814 0.920091 0.750745 0.848588 0.863592 0.850621 0.994017 0.766499 0.827364 0.813709 0.993304 0.928950 0.976907 0.916172 0.996843 0.924008 0.928994 0.813478 0.906165 0.914589 0.961493 0.800291 0.753939 0.883304 0.675542 0.716338 0.988220 0.936208 0.816108 0.780636 0.809542 0.758053 0.922265 0.737259 0.867277 0.830486 0.765650 0.862533 0.853565 0.790805 0.935983 0.996628 0.883511 0.883593 0.838772 0.788991 0.824800 0.951125
0.705396 0.748710 0.886698 0.854240 0.895850 0.933966 0.839410 0.737245 0.794702 0.955945 0.749497 0.832613 0.817994 0.865865 0.873472 0.990376 0.805668 0.748562 0.751353 0.758844 0.941779 0.805311 0.882679 0.907481 0.938561 0.980679 0.814661 0.995097 0.723329 0.790133 0.915021 0.817927 0.725338 0.727723 0.795670 0.767028 0.000000 0.714297 0.983514 0.913837 0.730880 0.876009 0.853274 0.729776 0.798164 0.774905 0.706915 0.670220 0.892917 0.844356 0.843617 0.878346 0.939221 0.971937 0.700833 0.884196 0.738461 0.762202 0.744595 0.814546 0.808794 0.700369 0.750500 0.771949 0.861582 0.925347 0.799829 0.794934 0.636292 0.698840 0.866889 0.964020 0.988502 0.932025 0.977181 0.827138 0.829217 0.902079 0.902649 0.913479 0.800599 0.761910 0.965057 0.927081 0.795681 0.931138 0.965707 0.964794 0.731825 0.687185 0.886690 0.859515 0.964148 0.860658 0.831967 0.887435 0.888606 0.758590 0.716237 0.688958 0.992547 0.933661 0.652038 0.706627 0.814804 0.788795 0.923425 0.938984 0.816840 0.707827 0.724327 0.600620 0.803384 0.705252 0.703804 0.942774
0.901965 0.954744 0.782466 0.799449 0.935649 0.978237 0.868313 0.900297 0.956967 0.812060 0.908093 0.922031 0.932857 0.920021 0.960197 0.791300 0.967770 0.983986 0.953437 0.930654 0.964473 0.707224 0.874264 0.810037 0.859701 0.800222 0.975783 0.968361 0.958070 0.947138 0.887666 0.991079 0.807486 0.901958 0.764647 0.619653 0.714297 0.000000 0.825431 0.952807 0.823903 0.802102 0.934752 0.964124 0.917343 0.975389 0.915004 0.877603 0.871300 0.954007 0.986530 0.949558 0.964207 0.986476 0.926653 0.979126 0.952007 0.952705 0.898912 0.979422 0.909860 0.909384 0.930368 0.956299 0.816511 0.820350 0.728057 0.745362 0.790424 0.987872 0.823543 0.927665 0.866370 0.913167 0.991230 0.919988 0.972288 0.919410 0.911007 0.956584 0.996904 0.951592 0.841870 0.746259 0.950554 0.948709 0.975902 0.754194 0.911804 0.826604 0.848047 0.857619 0.792828 0.653610 0.931091 0.852062 0.890227 0.820570 0.925053 0.844057 0.843884 0.892450 0.822942 0.815184 0.851207 0.976108 0.996377 0.877747 0.977177 0.948625 0.884014 0.827454 0.891285 0.652514 0.853180 0.992766
