0.000000 0.232592 0.456988 0.505323 0.904735 0.670383 0.467542 0.435560 0.872340 0.698748 0.351119 0.254571 0.298910 0.452177 0.433944 0.388181 0.269299 0.228188 0.329144 0.311306 0.683211 0.819587 0.446484 0.488067 0.626312 0.618331 0.966196 0.833244 0.277054 0.257469 0.403042 0.501353 0.353098 0.302084 0.659717 0.870311 0.590618 0.708974 0.765709 0.769019 0.839896 0.802421 0.479097 0.403118 0.502440 0.391447 0.420184 0.337466 0.678458 0.483095 0.537119 0.579485 0.622194 0.728696 0.591807 0.750875 0.355134 0.326646 0.373677 0.328805 0.261115 0.380349 0.211407 0.259314 0.480105 0.423902 0.468879 0.350581 0.410998 0.331013 0.523990 0.536530 0.404575 0.418663 0.760076 0.625601 0.542988 0.496288 0.431535 0.370327 0.230032 0.254632 0.373874 0.457851 0.408236 0.383552 0.955902 0.839064 0.872771 0.609397 0.886430 0.951965 0.860803 0.999130 0.529071 0.692283 0.568649 0.775495 0.573215 0.558911 0.781111 0.695549 0.572353 0.651404 0.511453 0.599778 0.913557 0.896481 0.876075 0.774897 0.898461 0.612946 0.636222 0.698884 0.688853 0.936107
0.232592 0.000000 0.639917 0.630694 0.802919 0.810682 0.594342 0.475345 0.926157 0.696811 0.440588 0.302826 0.480931 0.534225 0.560420 0.476336 0.199039 0.242419 0.400498 0.358687 0.749031 0.812550 0.549945 0.662604 0.787558 0.777023 0.827909 0.852276 0.279122 0.294895 0.500741 0.640282 0.430084 0.376086 0.749718 0.707554 0.692519 0.646698 0.824250 0.844526 0.877118 0.630550 0.497937 0.448814 0.504267 0.445256 0.481249 0.398174 0.558697 0.482854 0.525392 0.577730 0.675105 0.725806 0.698246 0.850209 0.226232 0.191021 0.364642 0.354800 0.378980 0.404597 0.209001 0.160713 0.666830 0.579859 0.538704 0.395982 0.445011 0.282397 0.517210 0.499098 0.457177 0.481970 0.873760 0.613095 0.583219 0.379192 0.461708 0.527227 0.242714 0.397499 0.405628 0.465552 0.539528 0.572450 0.853309 0.956133 0.943351 0.667462 0.893841 0.937722 0.842985 0.966011 0.514806 0.754475 0.652120 0.610849 0.556204 0.516709 0.830542 0.773018 0.509112 0.596544 0.475392 0.525587 0.788976 0.813653 0.929783 0.793767 0.767801 0.566907 0.691129 0.730626 0.688136 0.937321
0.456988 0.639917 0.000000 0.206322 0.897226 0.541109 0.197131 0.268269 0.477136 0.461642 0.479715 0.461401 0.298798 0.578149 0.434890 0.425813 0.656449 0.557576 0.410808 0.526077 0.739755 0.810551 0.321948 0.356385 0.609673 0.389318 0.942694 0.963536 0.624764 0.530496 0.302036 0.449612 0.326714 0.359551 0.596925 0.833633 0.688344 0.841490 0.610850 0.730503 0.909759 0.991341 0.302903 0.323413 0.323033 0.297098 0.315518 0.363737 0.555596 0.391724 0.428938 0.379950 0.434392 0.556973 0.595244 0.551779 0.812921 0.808275 0.410382 0.415867 0.287229 0.381385 0.542299 0.646221 0.276912 0.248152 0.268425 0.302139 0.821275 0.633088 0.458394 0.476389 0.503856 0.454198 0.746534 0.671809 0.516373 0.671876 0.489389 0.433606 0.556214 0.484883 0.682921 0.748677 0.531962 0.422437 0.858204 0.865726 0.787762 0.637916 0.583488 0.698618 0.638519 0.697938 0.623186 0.623167 0.354644 0.833984 0.419513 0.414231 0.634576 0.534905 0.606904 0.649799 0.418907 0.506693 0.716246 0.737761 0.827754 0.916690 0.791507 0.516832 0.442177 0.724567 0.554934 0.806677
0.505323 0.630694 0.206322 0.000000 0.808247 0.567308 0.235624 0.202577 0.489104 0.436992 0.546298 0.476659 0.335103 0.480663 0.411092 0.370956 0.680442 0.583529 0.396006 0.522653 0.669871 0.786950 0.307592 0.317408 0.743013 0.451691 0.965601 0.973616 0.565820 0.536677 0.333298 0.474809 0.324047 0.349646 0.671200 0.780007 0.720933 0.934651 0.761703 0.823226 0.937135 0.890156 0.301381 0.344607 0.381002 0.351857 0.361161 0.411421 0.575789 0.423860 0.485415 0.401532 0.489881 0.556529 0.663799 0.618857 0.805251 0.801672 0.402909 0.451203 0.355274 0.375510 0.572006 0.648303 0.333633 0.244119 0.309786 0.343560 0.909738 0.655554 0.412615 0.421113 0.552354 0.482409 0.765280 0.626021 0.477686 0.590466 0.515585 0.518983 0.597645 0.510967 0.706299 0.675494 0.573324 0.413607 0.915428 0.870943 0.774487 0.605021 0.496842 0.592418 0.539140 0.621844 0.658144 0.599756 0.415450 0.721187 0.386291 0.350056 0.539095 0.588507 0.598958 0.570121 0.414909 0.548352 0.738743 0.736642 0.851438 0.904565 0.827935 0.467359 0.413366 0.611988 0.550219 0.789029
0.904735 0.802919 0.897226 0.808247 0.000000 0.758339 0.765880 0.723350 0.873648 0.956502 0.928693 0.867077 0.787337 0.973631 0.874978 0.788210 0.855479 0.909742 0.839630 0.979303 0.890553 0.856715 0.746333 0.809047 0.957627 0.991302 0.781331 0.921318 0.850862 0.859816 0.833555 0.949627 0.834255 0.847281 0.867074 0.857423 0.912764 0.951181 0.959039 0.837374 0.953100 0.946102 0.829214 0.835407 0.730305 0.747422 0.839870 0.803987 0.761709 0.696727 0.758432 0.735877 0.787322 0.648379 0.821535 0.798850 0.925365 0.858195 0.767462 0.763654 0.702134 0.712400 0.732876 0.781573 0.849423 0.751301 0.728263 0.751253 0.910071 0.900273 0.671014 0.715130 0.814149 0.852483 0.971352 0.863025 0.856215 0.919312 0.880892 0.987814 0.691435 0.752199 0.821745 0.852570 0.784026 0.791132 0.888739 0.976973 0.891762 0.892646 0.784186 0.821692 0.765019 0.906416 0.835708 0.970869 0.842947 0.726345 0.820266 0.735282 0.881467 0.922791 0.901729 0.824879 0.790907 0.860105 0.733271 0.908588 0.702185 0.920016 0.914297 0.722338 0.745590 0.801953 0.974837 0.985156
0.670383 0.810682 0.541109 0.567308 0.758339 0.000000 0.488283 0.571976 0.534777 0.664993 0.666007 0.626369 0.519692 0.776419 0.667361 0.514260 0.870027 0.809145 0.673623 0.757530 0.815655 0.810988 0.558278 0.602509 0.824520 0.627897 0.886011 0.678693 0.811933 0.776589 0.625364 0.726135 0.627480 0.607621 0.586386 0.911951 0.980568 0.817009 0.945541 0.968215 0.962060 0.919258 0.629973 0.613399 0.631844 0.641422 0.722565 0.653496 0.931005 0.674428 0.700943 0.624367 0.627800 0.664671 0.751330 0.771895 0.959108 0.969340 0.733554 0.671940 0.580791 0.636204 0.730894 0.803028 0.646192 0.577433 0.565568 0.591155 0.837751 0.722078 0.633807 0.565761 0.715478 0.676518 0.774027 0.790058 0.661201 0.833285 0.766091 0.586679 0.663423 0.609297 0.901170 0.822707 0.674074 0.574293 0.974409 0.814633 0.882266 0.722199 0.583570 0.702700 0.593639 0.678362 0.626538 0.683253 0.583629 0.950975 0.633149 0.646347 0.754658 0.684613 0.832403 0.692194 0.570347 0.763505 0.822587 0.840619 0.864179 0.941955 0.916699 0.757517 0.608535 0.740633 0.676983 0.968760
0.467542 0.594342 0.197131 0.235624 0.765880 0.488283 0.000000 0.197825 0.394418 0.340641 0.501569 0.522620 0.384197 0.698445 0.543364 0.472118 0.561872 0.496048 0.346001 0.500974 0.777785 0.743892 0.341473 0.472769 0.762603 0.497966 0.980162 0.981718 0.609286 0.531642 0.343237 0.508592 0.292289 0.287749 0.604673 0.689349 0.766651 0.873032 0.831032 0.770225 0.942956 0.903290 0.186973 0.201171 0.211662 0.190815 0.292727 0.295184 0.445929 0.308010 0.331038 0.299588 0.356918 0.442223 0.602505 0.542812 0.689799 0.704086 0.323340 0.399492 0.318161 0.438510 0.458527 0.580608 0.384768 0.314725 0.170839 0.246361 0.846256 0.613453 0.335602 0.318622 0.571439 0.430444 0.796436 0.598729 0.403736 0.606378 0.461475 0.429068 0.491203 0.472024 0.713252 0.737821 0.576366 0.510065 0.885005 0.925033 0.796782 0.772113 0.392361 0.467798 0.443264 0.491684 0.579234 0.585078 0.340287 0.748958 0.272691 0.278368 0.494191 0.427048 0.510589 0.497913 0.337489 0.421644 0.632171 0.642807 0.774450 0.931163 0.741443 0.416711 0.343941 0.632852 0.475266 0.793709
0.435560 0.475345 0.268269 0.202577 0.723350 0.571976 0.197825 0.000000 0.428738 0.287846 0.470293 0.408666 0.357092 0.555858 0.483265 0.399019 0.493580 0.446846 0.334253 0.407178 0.754922 0.722961 0.343966 0.437084 0.858203 0.589370 0.896966 0.975696 0.524069 0.480351 0.399488 0.514504 0.304266 0.293501 0.723648 0.701848 0.804838 0.860608 0.884698 0.882354 0.942187 0.783674 0.233609 0.271955 0.302933 0.270858 0.357477 0.340110 0.434572 0.312902 0.385602 0.336569 0.447996 0.475301 0.691568 0.656391 0.595373 0.578313 0.264206 0.350345 0.320167 0.334422 0.423904 0.474135 0.425249 0.305229 0.264247 0.303260 0.867055 0.523109 0.358730 0.367224 0.623725 0.491362 0.835246 0.572805 0.475244 0.520610 0.442620 0.539693 0.479215 0.492480 0.683432 0.700383 0.616454 0.504033 0.981630 0.919525 0.830420 0.699799 0.421193 0.487231 0.428622 0.562892 0.546762 0.570693 0.408038 0.627578 0.265050 0.242809 0.479564 0.518926 0.451899 0.472711 0.330376 0.413697 0.648273 0.678246 0.826465 0.868164 0.797858 0.356997 0.347784 0.613880 0.519213 0.772860
0.872340 0.926157 0.477136 0.489104 0.873648 0.534777 0.394418 0.428738 0.000000 0.415231 0.907100 0.883090 0.745340 0.944750 0.835571 0.765802 0.909429 0.954370 0.796304 0.867983 0.908707 0.856679 0.620487 0.709477 0.954110 0.712034 0.967387 0.993169 0.965882 0.987316 0.665751 0.755680 0.669394 0.667073 0.728832 0.701029 0.959736 0.951192 0.969424 0.917776 0.790368 0.917994 0.465804 0.557653 0.485241 0.538618 0.624407 0.665330 0.646890 0.531461 0.510946 0.482275 0.476267 0.499190 0.843771 0.725746 0.975087 0.944659 0.556579 0.677812 0.683646 0.723413 0.854487 0.937857 0.690385 0.599771 0.431071 0.610651 0.872278 0.840944 0.538383 0.530643 0.922839 0.770402 0.862433 0.822656 0.682769 0.781537 0.766660 0.772370 0.873575 0.911783 0.994702 0.969027 0.917800 0.807484 0.761288 0.875429 0.749456 0.895239 0.326316 0.419142 0.345129 0.385524 0.733721 0.803995 0.504300 0.758908 0.434681 0.484407 0.498889 0.526747 0.700563 0.631909 0.570078 0.594819 0.588866 0.602451 0.975712 0.848992 0.834019 0.563364 0.498634 0.909098 0.588339 0.765795
0.698748 0.696811 0.461642 0.436992 0.956502 0.664993 0.340641 0.287846 0.415231 0.000000 0.642370 0.651931 0.668513 0.819377 0.744011 0.672115 0.617458 0.609342 0.524920 0.509816 0.974785 0.840260 0.558493 0.704933 0.932632 0.766983 0.983925 0.919656 0.727935 0.652731 0.611609 0.554778 0.505771 0.457166 0.845772 0.656496 0.934489 0.897526 0.934368 0.966637 0.788568 0.777406 0.341550 0.367736 0.418365 0.439894 0.550052 0.491845 0.425090 0.448609 0.545671 0.500829 0.542952 0.646391 0.857779 0.814964 0.690255 0.736341 0.452951 0.593111 0.674083 0.642916 0.689636 0.687967 0.734275 0.614294 0.462325 0.539317 0.986762 0.693182 0.480800 0.479208 0.884383 0.673246 0.863308 0.674805 0.548385 0.571649 0.568931 0.616663 0.706517 0.753253 0.929236 0.902705 0.941375 0.865507 0.881076 0.978887 0.964398 0.891778 0.416725 0.412506 0.468096 0.509883 0.594297 0.537144 0.449486 0.695317 0.261162 0.275672 0.488332 0.446246 0.471503 0.442479 0.504660 0.457092 0.651144 0.635081 0.912933 0.952749 0.719166 0.469846 0.429985 0.832072 0.618851 0.725856
0.351119 0.440588 0.479715 0.546298 0.928693 0.666007 0.501569 0.470293 0.907100 0.642370 0.000000 0.401651 0.468481 0.598243 0.661772 0.599846 0.473341 0.307388 0.299203 0.276324 0.823419 0.836823 0.710869 0.643120 0.845728 0.720100 0.929199 0.835788 0.427036 0.369591 0.584069 0.600425 0.530069 0.430427 0.885761 0.965852 0.823737 0.916401 0.850322 0.807266 0.942938 0.949550 0.574733 0.515285 0.625915 0.530961 0.577532 0.549987 0.772736 0.657751 0.749284 0.763743 0.794355 0.858654 0.808799 0.882360 0.486106 0.460605 0.593289 0.551618 0.494398 0.606397 0.400734 0.490746 0.707884 0.607487 0.618149 0.501993 0.617155 0.608073 0.716026 0.644273 0.609441 0.557004 0.844158 0.660689 0.621088 0.537640 0.570032 0.439561 0.438501 0.377600 0.659689 0.638417 0.733368 0.659499 0.945614 0.855626 0.973332 0.806443 0.849802 0.885326 0.917008 0.901120 0.683842 0.648471 0.706477 0.991755 0.631673 0.579234 0.759945 0.642077 0.608689 0.609390 0.650716 0.762124 0.942780 0.953890 0.977865 0.911347 0.856771 0.652324 0.643979 0.761291 0.814412 0.965303
0.254571 0.302826 0.461401 0.476659 0.867077 0.626369 0.522620 0.408666 0.883090 0.651931 0.401651 0.000000 0.283247 0.375240 0.348345 0.256602 0.373161 0.290977 0.412709 0.367564 0.653396 0.772006 0.375524 0.402120 0.656163 0.592395 0.989149 0.866258 0.297679 0.267876 0.423743 0.488845 0.365394 0.343262 0.706889 0.931624 0.611227 0.750518 0.763514 0.911357 0.873480 0.853604 0.545060 0.480539 0.564268 0.480138 0.527643 0.385120 0.700739 0.493245 0.598460 0.564421 0.681257 0.701081 0.759396 0.820964 0.490217 0.427165 0.471972 0.377389 0.282304 0.297638 0.301117 0.271822 0.503519 0.398828 0.547252 0.407969 0.591283 0.398818 0.561292 0.533737 0.367170 0.384134 0.739814 0.620279 0.591445 0.427748 0.483493 0.462080 0.351217 0.332317 0.455226 0.528793 0.442051 0.406549 0.861895 0.886530 0.912079 0.571903 0.893388 0.973710 0.857513 0.915654 0.529547 0.680907 0.591043 0.742015 0.619063 0.537719 0.806580 0.731616 0.579289 0.700996 0.435505 0.512668 0.868263 0.938800 0.956366 0.690735 0.892524 0.614975 0.658755 0.653381 0.672113 0.957338
0.298910 0.480931 0.298798 0.335103 0.787337 0.519692 0.384197 0.357092 0.745340 0.668513 0.468481 0.283247 0.000000 0.379146 0.304200 0.270652 0.558586 0.471905 0.416211 0.470122 0.691356 0.830931 0.292289 0.301001 0.595243 0.476312 0.959751 0.947905 0.444340 0.412650 0.418197 0.539236 0.372705 0.416392 0.622379 0.922457 0.651266 0.846662 0.673786 0.841072 0.869513 0.995230 0.463804 0.448408 0.505488 0.429074 0.445560 0.396438 0.762857 0.431855 0.546649 0.502954 0.602893 0.645843 0.564638 0.652118 0.706098 0.627028 0.439490 0.382411 0.218466 0.278916 0.405758 0.469024 0.276159 0.256746 0.437593 0.361419 0.623636 0.502062 0.555320 0.519311 0.381809 0.448735 0.771004 0.595196 0.564594 0.633592 0.516286 0.502446 0.418396 0.316225 0.521920 0.595235 0.352751 0.268552 0.957972 0.743467 0.730896 0.518479 0.768296 0.868104 0.747065 0.929508 0.592893 0.712922 0.521572 0.782736 0.580289 0.534665 0.730513 0.704309 0.675846 0.765882 0.428918 0.584956 0.898721 0.936313 0.721761 0.770568 0.909903 0.588089 0.573123 0.609072 0.647200 0.824233
0.452177 0.534225 0.578149 0.480663 0.973631 0.776419 0.698445 0.555858 0.944750 0.819377 0.598243 0.375240 0.379146 0.000000 0.268647 0.293082 0.674752 0.518558 0.513306 0.515703 0.664857 0.765241 0.427022 0.340605 0.617266 0.568547 0.965800 0.926299 0.427976 0.451233 0.501515 0.568794 0.483764 0.524973 0.846376 0.919057 0.692818 0.901809 0.784504 0.811247 0.999575 0.861736 0.657932 0.648371 0.816313 0.686581 0.601665 0.637962 0.912705 0.768790 0.847564 0.770943 0.848903 0.942919 0.728365 0.912412 0.724617 0.691280 0.634707 0.621190 0.495937 0.476219 0.581635 0.559638 0.484071 0.449859 0.709706 0.618843 0.752030 0.568072 0.703101 0.724750 0.507780 0.610651 0.879959 0.618550 0.636908 0.640963 0.604960 0.577385 0.607079 0.503914 0.502782 0.491583 0.468800 0.364946 0.986582 0.851833 0.896612 0.540677 0.947399 0.959059 0.908606 0.902116 0.630017 0.736588 0.742141 0.732025 0.768368 0.687243 0.819752 0.885399 0.777433 0.875601 0.609653 0.719976 0.961677 0.957780 0.917284 0.767611 0.981873 0.767250 0.758982 0.730077 0.778178 0.971079
0.433944 0.560420 0.434890 0.411092 0.874978 0.667361 0.543364 0.483265 0.835571 0.744011 0.661772 0.348345 0.304200 0.268647 0.000000 0.245864 0.626945 0.542500 0.523412 0.561201 0.698709 0.762878 0.230032 0.278514 0.502704 0.503128 0.968606 0.907904 0.460409 0.442793 0.340940 0.392757 0.354585 0.441032 0.633977 0.972288 0.648066 0.921683 0.727160 0.945519 0.910520 0.987840 0.561477 0.569154 0.652794 0.573352 0.500946 0.528867 0.837171 0.691682 0.782120 0.687367 0.788638 0.889628 0.620404 0.727400 0.797672 0.767403 0.597331 0.603988 0.397428 0.435998 0.551129 0.573213 0.382179 0.392709 0.558159 0.509912 0.704792 0.604070 0.570586 0.653305 0.413243 0.544906 0.788203 0.691040 0.577336 0.641050 0.509982 0.598853 0.507563 0.453800 0.457058 0.546721 0.372499 0.303809 0.964769 0.843445 0.936139 0.588014 0.911721 0.947357 0.904310 0.888648 0.639312 0.756531 0.597676 0.725009 0.710674 0.653610 0.878455 0.870681 0.820881 0.888321 0.475401 0.624081 0.965220 0.970226 0.821761 0.745263 0.920238 0.714577 0.697322 0.754905 0.691225 0.995807
0.388181 0.476336 0.425813 0.370956 0.788210 0.514260 0.472118 0.399019 0.765802 0.672115 0.599846 0.256602 0.270652 0.293082 0.245864 0.000000 0.557110 0.470627 0.450254 0.512678 0.645696 0.681288 0.212365 0.221332 0.538143 0.498989 0.954810 0.855049 0.408699 0.383150 0.378241 0.441462 0.319042 0.384811 0.640107 0.925393 0.675064 0.864706 0.785414 0.928275 0.894596 0.885854 0.452351 0.447315 0.556831 0.477386 0.501147 0.420754 0.744716 0.540311 0.605765 0.526220 0.622622 0.664151 0.671534 0.731937 0.712115 0.658238 0.497730 0.492624 0.335404 0.365005 0.445456 0.438660 0.384648 0.339429 0.473250 0.426440 0.698374 0.481896 0.439472 0.476108 0.369088 0.424062 0.704937 0.624697 0.490258 0.576559 0.489970 0.507914 0.441526 0.395591 0.527275 0.549094 0.370696 0.292002 0.917083 0.897226 0.894135 0.611682 0.730878 0.835592 0.708159 0.945525 0.523932 0.656775 0.524291 0.665116 0.599167 0.527307 0.759766 0.686912 0.668582 0.779856 0.401979 0.540273 0.848903 0.910652 0.849707 0.713124 0.817665 0.609015 0.563094 0.625656 0.625546 0.902037
0.269299 0.199039 0.656449 0.680442 0.855479 0.870027 0.561872 0.493580 0.909429 0.617458 0.473341 0.373161 0.558586 0.674752 0.626945 0.557110 0.000000 0.201599 0.371786 0.361244 0.727701 0.761698 0.579122 0.709571 0.756101 0.790908 0.890387 0.828297 0.300939 0.301796 0.525648 0.537078 0.409653 0.363989 0.821514 0.718427 0.700822 0.687104 0.896997 0.831477 0.834707 0.608147 0.471831 0.425196 0.501320 0.443246 0.495745 0.389466 0.580357 0.530513 0.570691 0.643089 0.715350 0.783847 0.760702 0.882731 0.184148 0.223826 0.368396 0.448516 0.461120 0.548170 0.214951 0.215386 0.728354 0.680359 0.539888 0.449074 0.449318 0.369968 0.529771 0.512481 0.510186 0.502245 0.849315 0.628828 0.551601 0.408041 0.410862 0.518369 0.239009 0.426307 0.466092 0.527797 0.599241 0.664410 0.874120 0.913463 0.977641 0.808094 0.869762 0.904453 0.866673 0.982630 0.589470 0.728928 0.637998 0.643281 0.530273 0.482818 0.879978 0.734566 0.468659 0.516706 0.534430 0.546122 0.836978 0.818634 0.898832 0.712400 0.786920 0.570875 0.669280 0.728516 0.666970 0.936131
0.228188 0.242419 0.557576 0.583529 0.909742 0.809145 0.496048 0.446846 0.954370 0.609342 0.307388 0.290977 0.471905 0.518558 0.542500 0.470627 0.201599 0.000000 0.253148 0.227823 0.755902 0.733700 0.562598 0.624318 0.755530 0.698457 0.958743 0.804811 0.218787 0.195925 0.507156 0.492902 0.372784 0.280566 0.819676 0.899967 0.679596 0.765338 0.832270 0.751876 0.888152 0.702499 0.459813 0.383043 0.552846 0.441446 0.507434 0.394380 0.622093 0.553495 0.623189 0.665309 0.722427 0.798514 0.745976 0.865848 0.231648 0.234427 0.438496 0.473301 0.417851 0.538636 0.202433 0.227294 0.683170 0.603887 0.551418 0.427913 0.488432 0.430446 0.551939 0.551867 0.492424 0.438967 0.826575 0.557853 0.553965 0.407791 0.440053 0.400021 0.260647 0.298533 0.461364 0.498185 0.556852 0.579712 0.868248 0.999764 0.966044 0.738748 0.855635 0.872389 0.881243 0.967910 0.568897 0.690806 0.668286 0.747456 0.524016 0.468330 0.800420 0.673136 0.506512 0.537161 0.524532 0.573642 0.901825 0.886335 0.984194 0.776372 0.872801 0.552073 0.623021 0.701716 0.716511 0.983019
0.329144 0.400498 0.410808 0.396006 0.839630 0.673623 0.346001 0.334253 0.796304 0.524920 0.299203 0.412709 0.416211 0.513306 0.523412 0.450254 0.371786 0.253148 0.000000 0.272307 0.760597 0.658505 0.508136 0.512115 0.719207 0.651986 0.944488 0.878003 0.310311 0.287322 0.445564 0.441190 0.353883 0.282779 0.819452 0.810495 0.711333 0.944319 0.822721 0.787862 0.978427 0.764552 0.355777 0.330999 0.472976 0.394124 0.417188 0.400302 0.592385 0.557840 0.656965 0.661899 0.714686 0.817311 0.758762 0.807775 0.434165 0.463984 0.453099 0.538554 0.452572 0.599927 0.353996 0.461754 0.589355 0.527674 0.464173 0.467377 0.613473 0.504192 0.503704 0.490734 0.569440 0.516141 0.791560 0.535712 0.511332 0.516425 0.524382 0.410553 0.400939 0.377443 0.681125 0.577882 0.636214 0.592041 0.990873 0.955712 0.969899 0.812143 0.701467 0.735076 0.767152 0.780112 0.575160 0.625067 0.593416 0.752508 0.443820 0.391649 0.668571 0.599782 0.529913 0.464279 0.524765 0.653331 0.925190 0.866970 0.855145 0.874534 0.813040 0.500771 0.480522 0.649778 0.659750 0.875358
0.311306 0.358687 0.526077 0.522653 0.979303 0.757530 0.500974 0.407178 0.867983 0.509816 0.276324 0.367564 0.470122 0.515703 0.561201 0.512678 0.361244 0.227823 0.272307 0.000000 0.789091 0.739471 0.596201 0.617432 0.846327 0.741984 0.903343 0.798371 0.319472 0.276764 0.546442 0.455386 0.420049 0.306588 0.819840 0.918363 0.748656 0.843231 0.780995 0.828959 0.990951 0.840008 0.488985 0.416995 0.593804 0.504966 0.513929 0.434281 0.642424 0.598986 0.725394 0.732492 0.769946 0.897816 0.806219 0.861781 0.369304 0.360047 0.499706 0.535668 0.499420 0.573475 0.358552 0.388762 0.704716 0.613988 0.617189 0.535436 0.597970 0.481559 0.686631 0.631743 0.602312 0.556604 0.761185 0.585749 0.608226 0.526132 0.535700 0.436495 0.438105 0.379019 0.599724 0.608587 0.720310 0.656707 0.926307 0.969134 0.978463 0.715831 0.857423 0.864854 0.919165 0.955491 0.610352 0.667277 0.651125 0.775176 0.529361 0.480131 0.708926 0.655454 0.579952 0.523306 0.588112 0.647817 0.954469 0.919156 0.919994 0.866323 0.793620 0.579392 0.623765 0.775826 0.735930 0.898233
0.683211 0.749031 0.739755 0.669871 0.890553 0.815655 0.777785 0.754922 0.908707 0.974785 0.823419 0.653396 0.691356 0.664857 0.698709 0.645696 0.727701 0.755902 0.760597 0.789091 0.000000 0.749775 0.634422 0.646778 0.726624 0.750965 0.867515 0.874411 0.753602 0.733518 0.649677 0.755791 0.672768 0.654285 0.729242 0.914359 0.700878 0.875494 0.800984 0.823895 0.863167 0.974236 0.754017 0.779842 0.767277 0.717483 0.634567 0.705938 0.914096 0.805027 0.836988 0.820069 0.823610 0.928409 0.835651 0.842118 0.819871 0.827419 0.727124 0.674032 0.652154 0.690110 0.658477 0.733271 0.677286 0.653713 0.740502 0.695934 0.913680 0.744894 0.801545 0.758684 0.683573 0.761653 0.747577 0.744737 0.828627 0.774161 0.781603 0.749246 0.735949 0.700938 0.653248 0.659537 0.677031 0.646661 0.945462 0.909024 0.875986 0.749413 0.975350 0.963238 0.897375 0.920130 0.898848 0.750885 0.798828 0.926939 0.894493 0.744752 0.986288 0.995051 0.696821 0.797693 0.804671 0.766772 0.989654 0.929646 0.959652 0.910254 0.978052 0.929408 0.915533 0.812532 0.790042 0.867638
0.819587 0.812550 0.810551 0.786950 0.856715 0.810988 0.743892 0.722961 0.856679 0.840260 0.836823 0.772006 0.830931 0.765241 0.762878 0.681288 0.761698 0.733700 0.658505 0.739471 0.749775 0.000000 0.765597 0.722588 0.931532 0.878806 0.763028 0.729272 0.714817 0.747864 0.746156 0.684160 0.669593 0.678094 0.846919 0.876627 0.937716 0.870273 0.998180 0.931765 0.980411 0.977937 0.735722 0.729294 0.790389 0.763244 0.791809 0.786617 0.892104 0.870720 0.905256 0.859002 0.934175 0.909015 0.946326 0.870892 0.815571 0.814133 0.861005 0.845751 0.824629 0.912167 0.751739 0.797379 0.883143 0.820016 0.754319 0.799895 0.930543 0.822599 0.765136 0.756651 0.807849 0.754114 0.986775 0.973810 0.859918 0.732293 0.925683 0.753701 0.830120 0.813427 0.864343 0.852797 0.901572 0.843186 0.998393 0.985606 0.977986 0.952609 0.796113 0.897677 0.874364 0.910339 0.795734 0.787285 0.903350 0.848465 0.785450 0.689039 0.881972 0.908213 0.834078 0.640077 0.820156 0.800600 0.950756 0.944664 0.992051 0.895345 0.834439 0.846861 0.796283 0.777002 0.915708 0.912491
0.446484 0.549945 0.321948 0.307592 0.746333 0.558278 0.341473 0.343966 0.620487 0.558493 0.710869 0.375524 0.292289 0.427022 0.230032 0.212365 0.579122 0.562598 0.508136 0.596201 0.634422 0.765597 0.000000 0.239784 0.505207 0.438629 0.984504 0.997620 0.523419 0.476502 0.264576 0.406658 0.263961 0.360210 0.513398 0.839468 0.595233 0.869415 0.721678 0.876686 0.967992 0.942270 0.351735 0.374545 0.395618 0.355770 0.366653 0.359778 0.613578 0.451617 0.494128 0.414641 0.495098 0.605151 0.533143 0.607084 0.774456 0.753070 0.408298 0.443501 0.293233 0.342960 0.478615 0.507866 0.279616 0.289336 0.318313 0.326562 0.768687 0.520212 0.355537 0.394819 0.409597 0.431197 0.719924 0.657475 0.411445 0.613566 0.428005 0.534013 0.454176 0.456261 0.481316 0.563941 0.352316 0.301613 0.940664 0.913948 0.791701 0.615605 0.656106 0.794420 0.628777 0.908755 0.535088 0.651446 0.400962 0.638967 0.510498 0.467412 0.761099 0.697279 0.623653 0.767940 0.315581 0.418246 0.713265 0.856828 0.741208 0.787037 0.742909 0.560111 0.544298 0.690653 0.528166 0.839785
0.488067 0.662604 0.356385 0.317408 0.809047 0.602509 0.472769 0.437084 0.709477 0.704933 0.643120 0.402120 0.301001 0.340605 0.278514 0.221332 0.709571 0.624318 0.512115 0.617432 0.646778 0.722588 0.239784 0.000000 0.524404 0.448676 0.997821 0.923559 0.524405 0.486214 0.363866 0.420418 0.407912 0.434897 0.659339 0.986833 0.671960 0.897110 0.728190 0.862398 0.977867 0.980908 0.511011 0.537483 0.607071 0.528366 0.477510 0.515364 0.787563 0.608916 0.675726 0.582576 0.661439 0.711367 0.629745 0.646356 0.898180 0.881127 0.567550 0.585967 0.385775 0.453715 0.589982 0.643986 0.352227 0.315086 0.492583 0.481393 0.823835 0.652900 0.511101 0.572332 0.415945 0.514861 0.787552 0.729566 0.538707 0.667988 0.564051 0.532455 0.533044 0.464818 0.604488 0.615090 0.419929 0.322681 0.923244 0.764032 0.811790 0.642459 0.735892 0.856158 0.753728 0.943870 0.625945 0.782448 0.536590 0.697758 0.677725 0.600576 0.747083 0.790336 0.720367 0.841770 0.521760 0.647898 0.855932 0.928509 0.806695 0.786586 0.837962 0.678944 0.582254 0.700276 0.660446 0.886540
0.626312 0.787558 0.609673 0.743013 0.957627 0.824520 0.762603 0.858203 0.954110 0.932632 0.845728 0.656163 0.595243 0.617266 0.502704 0.538143 0.756101 0.755530 0.719207 0.846327 0.726624 0.931532 0.505207 0.524404 0.000000 0.466373 0.787038 0.948153 0.687797 0.643648 0.443789 0.500569 0.611529 0.716470 0.568659 0.916436 0.600487 0.882985 0.637108 0.834365 0.957802 0.911375 0.718759 0.718985 0.758421 0.715142 0.634965 0.657669 0.972115 0.904351 0.827115 0.806407 0.862936 0.996042 0.640572 0.796306 0.897986 0.917580 0.762761 0.729882 0.590915 0.720192 0.710640 0.769665 0.478876 0.616189 0.659629 0.706364 0.707058 0.678976 0.817838 0.866050 0.467619 0.638609 0.678164 0.950995 0.774116 0.896227 0.699530 0.664321 0.674749 0.689397 0.603845 0.745941 0.481531 0.481531 0.840076 0.951372 0.999379 0.777503 0.818279 0.703949 0.845044 0.734639 0.788375 0.872268 0.698391 0.970892 0.948150 0.974105 0.802345 0.998798 0.965816 0.880612 0.780048 0.824934 0.960253 0.974648 0.863961 0.790023 0.907148 0.871841 0.912016 0.890242 0.707888 0.922881
0.618331 0.777023 0.389318 0.451691 0.991302 0.627897 0.497966 0.589370 0.712034 0.766983 0.720100 0.592395 0.476312 0.568547 0.503128 0.498989 0.790908 0.698457 0.651986 0.741984 0.750965 0.878806 0.438629 0.448676 0.466373 0.000000 0.878376 0.958138 0.709918 0.607023 0.334711 0.482104 0.438483 0.512910 0.591068 0.863525 0.694918 0.928491 0.602264 0.567652 0.975130 0.926228 0.496476 0.457257 0.556461 0.514289 0.539468 0.505725 0.766035 0.592420 0.551735 0.505877 0.544313 0.644451 0.607063 0.645377 0.944918 0.888478 0.592704 0.577278 0.471122 0.559212 0.640056 0.727857 0.385239 0.403554 0.455091 0.457390 0.904441 0.727851 0.645215 0.511369 0.471730 0.433195 0.759123 0.832237 0.579904 0.828228 0.612300 0.498322 0.695655 0.579859 0.641916 0.678464 0.560525 0.435258 0.824648 0.843904 0.752188 0.629857 0.762791 0.931822 0.832663 0.840699 0.705392 0.821599 0.535640 0.823675 0.642834 0.636895 0.815658 0.684564 0.738723 0.781524 0.510307 0.695186 0.756955 0.794988 0.920568 0.795027 0.883214 0.736283 0.584158 0.834827 0.609908 0.844132
0.966196 0.827909 0.942694 0.965601 0.781331 0.886011 0.980162 0.896966 0.967387 0.983925 0.929199 0.989149 0.959751 0.965800 0.968606 0.954810 0.890387 0.958743 0.944488 0.903343 0.867515 0.763028 0.984504 0.997821 0.787038 0.878376 0.000000 0.948758 0.943456 0.901373 0.891767 0.967067 0.949102 0.886273 0.993966 0.781253 0.939260 0.865469 0.997925 0.902886 0.965897 0.959126 0.969686 0.933960 0.906732 0.939168 0.938407 0.956164 0.906170 0.899903 0.886219 0.910322 0.984287 0.872127 0.983268 0.969955 0.806958 0.811554 0.925561 0.935458 0.948319 0.959369 0.885960 0.843090 0.916803 0.941172 0.953040 0.930822 0.932280 0.858655 0.879535 0.912281 0.960103 0.852377 0.873399 0.990645 0.917309 0.886859 0.993692 0.860521 0.900875 0.981753 0.989096 0.894601 0.869349 0.882062 0.864703 0.973274 0.757051 0.950519 0.935170 0.988836 0.974756 0.915794 0.935570 0.906829 0.943391 0.687190 0.900584 0.915387 0.880226 0.862892 0.817551 0.782902 0.963979 0.874994 0.897528 0.931132 0.894784 0.993204 0.929815 0.907893 0.921578 0.936739 0.941631 0.902749
0.833244 0.852276 0.963536 0.973616 0.921318 0.678693 0.981718 0.975696 0.993169 0.919656 0.835788 0.866258 0.947905 0.926299 0.907904 0.855049 0.828297 0.804811 0.878003 0.798371 0.874411 0.729272 0.997620 0.923559 0.948153 0.958138 0.948758 0.000000 0.824356 0.866396 0.987377 0.978134 0.914719 0.905857 0.868370 0.940760 0.905467 0.895478 0.999507 0.991241 0.817792 0.958214 0.991248 0.939940 0.950749 0.996613 0.937036 0.980597 0.896048 0.960134 0.945259 0.961745 0.992492 0.988038 0.910544 0.892341 0.812478 0.796565 0.970351 0.941094 0.974113 0.991945 0.827878 0.813921 0.881655 0.890690 0.987463 0.994915 0.769978 0.962536 0.893432 0.961114 0.994112 0.945115 0.942371 0.983674 0.936674 0.883843 0.996362 0.829551 0.832435 0.850277 0.944697 0.892478 0.987672 0.936566 0.888602 0.983747 0.844064 0.883213 0.969510 0.952993 0.964920 0.982785 0.828472 0.840348 0.964677 0.986162 0.959504 0.926406 0.817520 0.992441 0.936517 0.769305 0.894261 0.983128 0.913871 0.783471 0.921932 0.896062 0.901767 0.983356 0.950769 0.878211 0.966705 0.877674
0.277054 0.279122 0.624764 0.565820 0.850862 0.811933 0.609286 0.524069 0.965882 0.727935 0.427036 0.297679 0.444340 0.427976 0.460409 0.408699 0.300939 0.218787 0.310311 0.319472 0.753602 0.714817 0.523419 0.524405 0.687797 0.709918 0.943456 0.824356 0.000000 0.204153 0.506573 0.509143 0.427408 0.326260 0.791533 0.923497 0.612223 0.794731 0.780396 0.831113 0.837613 0.779337 0.562406 0.489965 0.638106 0.537506 0.540991 0.452386 0.672344 0.622018 0.729986 0.739041 0.822321 0.890234 0.672320 0.796897 0.344043 0.338320 0.545097 0.491030 0.436714 0.517021 0.289308 0.288529 0.647258 0.562316 0.627154 0.519500 0.495921 0.400055 0.592264 0.622292 0.476108 0.496961 0.777722 0.647758 0.541349 0.435372 0.584832 0.468353 0.302108 0.321698 0.472456 0.402549 0.478025 0.501125 0.888102 0.911467 0.986825 0.573730 0.965633 0.982759 0.966867 0.913812 0.591308 0.764290 0.726199 0.751374 0.637583 0.550144 0.866617 0.837872 0.678439 0.633957 0.613794 0.654168 0.977282 0.952413 0.953019 0.733769 0.840734 0.574096 0.701136 0.654557 0.758304 0.984109
0.257469 0.294895 0.530496 0.536677 0.859816 0.776589 0.531642 0.480351 0.987316 0.652731 0.369591 0.267876 0.412650 0.451233 0.442793 0.383150 0.301796 0.195925 0.287322 0.276764 0.733518 0.747864 0.476502 0.486214 0.643648 0.607023 0.901373 0.866396 0.204153 0.000000 0.405607 0.438709 0.358816 0.251990 0.737499 0.847188 0.627213 0.761469 0.712997 0.874675 0.898144 0.828610 0.506220 0.405351 0.583179 0.469132 0.497542 0.401574 0.671493 0.549338 0.671324 0.658765 0.721039 0.803048 0.640764 0.802772 0.384805 0.351364 0.537740 0.506843 0.409924 0.498978 0.277631 0.284367 0.616438 0.538770 0.564683 0.455814 0.458529 0.390519 0.562966 0.570071 0.396302 0.360356 0.768797 0.566615 0.605313 0.457019 0.498309 0.430724 0.298730 0.266799 0.462670 0.387742 0.532471 0.509965 0.957084 0.886140 0.975878 0.645664 0.939671 0.996748 0.991978 0.901884 0.517674 0.751641 0.601640 0.717719 0.605374 0.526850 0.786853 0.706447 0.566668 0.640229 0.578875 0.619804 0.927295 0.960122 0.941709 0.752417 0.818731 0.594172 0.629528 0.751837 0.737923 0.929713
0.403042 0.500741 0.302036 0.333298 0.833555 0.625364 0.343237 0.399488 0.665751 0.611609 0.584069 0.423743 0.418197 0.501515 0.340940 0.378241 0.525648 0.507156 0.445564 0.546442 0.649677 0.746156 0.264576 0.363866 0.443789 0.334711 0.891767 0.987377 0.506573 0.405607 0.000000 0.318694 0.240668 0.304792 0.482416 0.726904 0.594292 0.750753 0.657252 0.815294 0.993783 0.881901 0.328870 0.303673 0.323429 0.291133 0.307069 0.308490 0.552823 0.468173 0.446198 0.411847 0.476793 0.640123 0.525187 0.619092 0.681464 0.676120 0.420548 0.412593 0.314579 0.413462 0.434267 0.501129 0.350057 0.345122 0.276538 0.300216 0.744471 0.481258 0.406289 0.392965 0.361755 0.315707 0.647389 0.692458 0.473194 0.579134 0.428952 0.438888 0.449456 0.489087 0.472031 0.530087 0.494920 0.416905 0.854334 0.935693 0.845060 0.612476 0.769584 0.935456 0.798892 0.948231 0.608191 0.682414 0.381130 0.729361 0.500392 0.503510 0.714659 0.666621 0.601720 0.652299 0.428673 0.497085 0.712686 0.782903 0.819271 0.799376 0.710184 0.614006 0.505707 0.707723 0.455414 0.894428
0.501353 0.640282 0.449612 0.474809 0.949627 0.726135 0.508592 0.514504 0.755680 0.554778 0.600425 0.488845 0.539236 0.568794 0.392757 0.441462 0.537078 0.492902 0.441190 0.455386 0.755791 0.684160 0.406658 0.420418 0.500569 0.482104 0.967067 0.978134 0.509143 0.438709 0.318694 0.000000 0.360327 0.402923 0.672776 0.903460 0.664065 0.875335 0.655549 0.859538 0.992483 0.862347 0.461941 0.446238 0.569428 0.546593 0.535034 0.464148 0.721786 0.746366 0.781350 0.751858 0.799932 0.974746 0.803837 0.818009 0.670584 0.734916 0.626182 0.698235 0.585975 0.712026 0.573900 0.633902 0.590341 0.590728 0.555795 0.574587 0.736169 0.635737 0.635692 0.596141 0.498343 0.507736 0.653506 0.824939 0.597183 0.574493 0.542665 0.523917 0.594497 0.569763 0.686582 0.718770 0.695354 0.602568 0.972017 0.939125 0.994545 0.798600 0.876636 0.986095 0.955076 0.981394 0.724901 0.713371 0.540402 0.821263 0.605987 0.563993 0.819866 0.745959 0.687513 0.638851 0.621181 0.662494 0.911573 0.874202 0.949810 0.842708 0.721430 0.669941 0.589847 0.814296 0.592914 0.841301
0.353098 0.430084 0.326714 0.324047 0.834255 0.627480 0.292289 0.304266 0.669394 0.505771 0.530069 0.365394 0.372705 0.483764 0.354585 0.319042 0.409653 0.372784 0.353883 0.420049 0.672768 0.669593 0.263961 0.407912 0.611529 0.438483 0.949102 0.914719 0.427408 0.358816 0.240668 0.360327 0.000000 0.239125 0.627845 0.722178 0.615327 0.771723 0.763924 0.774839 0.987547 0.789112 0.263717 0.227507 0.318308 0.264154 0.308346 0.292019 0.529131 0.414573 0.424330 0.391207 0.465666 0.586765 0.589110 0.586397 0.559551 0.525250 0.364733 0.384614 0.309287 0.371298 0.344851 0.412348 0.360616 0.332750 0.263449 0.265242 0.745293 0.447651 0.341620 0.336939 0.434777 0.349626 0.756504 0.621345 0.362320 0.530157 0.349702 0.434461 0.400255 0.401952 0.461752 0.545341 0.464594 0.394047 0.976094 0.984693 0.892690 0.676134 0.612650 0.736261 0.638335 0.827913 0.561424 0.624375 0.396974 0.647592 0.383293 0.359221 0.635590 0.552714 0.549307 0.556714 0.306876 0.382654 0.754756 0.691914 0.895800 0.765142 0.699432 0.516185 0.437657 0.670000 0.457862 0.868126
0.302084 0.376086 0.359551 0.349646 0.847281 0.607621 0.287749 0.293501 0.667073 0.457166 0.430427 0.343262 0.416392 0.524973 0.441032 0.384811 0.363989 0.280566 0.282779 0.306588 0.654285 0.678094 0.360210 0.434897 0.716470 0.512910 0.886273 0.905857 0.326260 0.251990 0.304792 0.402923 0.239125 0.000000 0.597415 0.779585 0.620030 0.766235 0.777885 0.776806 0.978883 0.864829 0.289146 0.222657 0.333171 0.270437 0.328940 0.302411 0.484065 0.395912 0.463475 0.432601 0.491981 0.626692 0.576088 0.609409 0.462792 0.467130 0.370198 0.394511 0.319722 0.423265 0.300710 0.362671 0.461128 0.390966 0.322335 0.285665 0.699146 0.431770 0.435880 0.419002 0.492760 0.391513 0.732292 0.567757 0.425633 0.505691 0.405713 0.361808 0.349386 0.340133 0.535093 0.474495 0.513108 0.492099 0.991541 0.994228 0.945363 0.696646 0.667373 0.726909 0.702703 0.805091 0.495724 0.655596 0.482948 0.664407 0.372422 0.347194 0.650602 0.601331 0.502417 0.457592 0.391846 0.450164 0.727293 0.717443 0.879812 0.820657 0.725404 0.437628 0.447462 0.683462 0.482687 0.886052
0.659717 0.749718 0.596925 0.671200 0.867074 0.586386 0.604673 0.723648 0.728832 0.845772 0.885761 0.706889 0.622379 0.846376 0.633977 0.640107 0.821514 0.819676 0.819452 0.819840 0.729242 0.846919 0.513398 0.659339 0.568659 0.591068 0.993966 0.868370 0.791533 0.737499 0.482416 0.672776 0.627845 0.597415 0.000000 0.870361 0.691195 0.790787 0.808026 0.891530 0.964715 0.830697 0.601818 0.606023 0.530484 0.550588 0.640849 0.587531 0.763173 0.549228 0.562227 0.517408 0.544360 0.643250 0.598259 0.695132 0.906773 0.837671 0.631958 0.561877 0.542086 0.657691 0.625969 0.694323 0.602523 0.626234 0.535619 0.526165 0.863317 0.676777 0.609709 0.641285 0.679142 0.592135 0.772053 0.845479 0.770960 0.754456 0.661159 0.688820 0.653419 0.741307 0.720572 0.879536 0.634288 0.626112 0.871890 0.982746 0.835144 0.808136 0.865811 0.990345 0.808126 0.933668 0.665441 0.778208 0.614286 0.875948 0.677025 0.774167 0.940630 0.878242 0.889130 0.909010 0.602111 0.617137 0.780814 0.797316 0.723265 0.922125 0.688594 0.749232 0.798569 0.954064 0.717233 0.774615
0.870311 0.707554 0.833633 0.780007 0.857423 0.911951 0.689349 0.701848 0.701029 0.656496 0.965852 0.931624 0.922457 0.919057 0.972288 0.925393 0.718427 0.899967 0.810495 0.918363 0.914359 0.876627 0.839468 0.986833 0.916436 0.863525 0.781253 0.940760 0.923497 0.847188 0.726904 0.903460 0.722178 0.779585 0.870361 0.000000 0.890081 0.641529 0.978544 0.934376 0.943984 0.827717 0.602591 0.594557 0.521812 0.600348 0.710716 0.652935 0.570782 0.557947 0.586366 0.591409 0.660718 0.638034 0.854417 0.839929 0.783167 0.768077 0.649073 0.719686 0.820566 0.799514 0.774562 0.755944 0.877140 0.836198 0.586252 0.653353 0.954931 0.649883 0.593038 0.466610 0.894452 0.732818 0.948446 0.989771 0.752856 0.707772 0.718320 0.891581 0.783066 0.911604 0.855095 0.800863 0.970704 0.959044 0.956794 0.948446 0.923390 0.992365 0.652375 0.690606 0.694865 0.730949 0.792476 0.809198 0.670119 0.661198 0.619188 0.600531 0.639763 0.565250 0.672646 0.701165 0.733000 0.718707 0.686346 0.788040 0.797124 0.998709 0.609226 0.754232 0.658325 0.791565 0.670883 0.753983
0.590618 0.692519 0.688344 0.720933 0.912764 0.980568 0.766651 0.804838 0.959736 0.934489 0.823737 0.611227 0.651266 0.692818 0.648066 0.675064 0.700822 0.679596 0.711333 0.748656 0.700878 0.937716 0.595233 0.671960 0.600487 0.694918 0.939260 0.905467 0.612223 0.627213 0.594292 0.664065 0.615327 0.620030 0.691195 0.890081 0.000000 0.822470 0.654661 0.773614 0.996204 0.943324 0.718555 0.669198 0.717516 0.677827 0.664683 0.600592 0.834514 0.731782 0.747318 0.760229 0.810702 0.938431 0.833565 0.873317 0.710449 0.750732 0.726526 0.642929 0.622120 0.669308 0.646112 0.667410 0.631518 0.672019 0.737306 0.656457 0.908118 0.693502 0.795915 0.833734 0.650199 0.601751 0.773519 0.842228 0.615856 0.790646 0.685345 0.798777 0.707918 0.771433 0.744804 0.832510 0.663666 0.697988 0.927834 0.823940 0.921575 0.806278 0.916697 0.913188 0.996577 0.837164 0.756676 0.760155 0.793285 0.937525 0.806068 0.774683 0.899872 0.964306 0.754008 0.854548 0.626986 0.708319 0.995836 0.903250 0.892942 0.844192 0.947621 0.714872 0.834310 0.986041 0.769528 0.800354
0.708974 0.646698 0.841490 0.934651 0.951181 0.817009 0.873032 0.860608 0.951192 0.897526 0.916401 0.750518 0.846662 0.901809 0.921683 0.864706 0.687104 0.765338 0.944319 0.843231 0.875494 0.870273 0.869415 0.897110 0.882985 0.928491 0.865469 0.895478 0.794731 0.761469 0.750753 0.875335 0.771723 0.766235 0.790787 0.641529 0.822470 0.000000 0.895921 0.971525 0.899452 0.973629 0.772986 0.728988 0.664349 0.668035 0.769536 0.727981 0.727747 0.642942 0.597247 0.641703 0.719284 0.720230 0.860415 0.831941 0.639788 0.633511 0.711669 0.637141 0.715664 0.717141 0.643851 0.608856 0.830825 0.830850 0.731024 0.669585 0.892556 0.707860 0.755087 0.756990 0.741004 0.679441 0.869103 0.950082 0.916123 0.691119 0.818313 0.920246 0.773460 0.933597 0.765611 0.923601 0.895306 0.918919 0.865955 0.897653 0.982225 0.999205 0.985408 0.972745 0.919310 0.963199 0.859727 0.831195 0.833638 0.789463 0.762546 0.824034 0.814366 0.787308 0.719812 0.877057 0.807671 0.676114 0.815032 0.847014 0.959146 0.862502 0.718939 0.834245 0.930868 0.872098 0.759636 0.808448
