0.000000 0.151689 0.581594 0.489171 0.868117 0.719005 0.554689 0.421746 0.622644 0.835610 0.319513 0.231585 0.300269 0.333118 0.518860 0.593063 0.215182 0.208920 0.227545 0.184424 0.603728 0.911008 0.616174 0.521700 0.644345 0.848551 0.567392 0.805795 0.301783 0.310545 0.774708 0.635408 0.294208 0.324250 0.894502 0.937605 0.707068 0.587392 0.941784 0.690954 0.558381 0.623720 0.968569 0.758133 0.901574 0.845556 0.529558 0.625877 0.716605 0.612445 0.705501 0.663361 0.945836 0.748561 0.337528 0.454483 0.157306 0.154607 0.357888 0.302741 0.290259 0.343412 0.217956 0.204261 0.435880 0.410904 0.749932 0.770987 0.284636 0.312134 0.742344 0.556183 0.878486 0.978789 0.779296 0.922894 0.885454 0.911467 0.423676 0.398251 0.217640 0.254148 0.364710 0.273586 0.201501 0.241032 0.867843 0.570470 0.415722 0.253695 0.399487 0.445507 0.365548 0.373201 0.951163 0.933532 0.962207 0.860718 0.847438 0.913781 0.727088 0.736474 0.993990 0.784701 0.875587 0.867972 0.883409 0.888332 0.743821 0.828763 0.849429 0.946832 0.859337 0.997844 0.711744 0.540400
0.151689 0.000000 0.481642 0.402150 0.860569 0.722640 0.540077 0.413720 0.587775 0.771874 0.402539 0.265545 0.358761 0.381522 0.542151 0.575470 0.208476 0.207691 0.228100 0.209162 0.570754 0.951660 0.532022 0.450770 0.545208 0.750760 0.473595 0.845622 0.350472 0.315973 0.674542 0.575536 0.280141 0.301400 0.797756 0.956458 0.604850 0.506947 0.828596 0.688734 0.566311 0.615888 0.882585 0.682938 0.941335 0.811045 0.452756 0.555831 0.721148 0.572543 0.667059 0.604098 0.876531 0.816009 0.307327 0.400157 0.137064 0.141211 0.342924 0.294427 0.331622 0.364967 0.266353 0.225478 0.376834 0.351759 0.652536 0.698238 0.276332 0.274918 0.802641 0.573493 0.853932 0.989338 0.761602 0.881753 0.963715 0.940220 0.386602 0.350731 0.203899 0.263867 0.331127 0.238439 0.202199 0.209947 0.809566 0.541842 0.454046 0.237907 0.359792 0.406321 0.351825 0.340472 0.982411 0.972870 0.970273 0.909370 0.819202 0.930571 0.657151 0.685872 0.996916 0.853192 0.802653 0.807840 0.830362 0.878194 0.782987 0.775085 0.803552 0.960531 0.891395 0.984605 0.665768 0.568817
0.581594 0.481642 0.000000 0.284483 0.845698 0.806750 0.540835 0.634446 0.795246 0.671650 0.801183 0.723256 0.709516 0.704620 0.654767 0.583974 0.523821 0.529568 0.475149 0.539850 0.522073 0.961593 0.376800 0.356424 0.306827 0.372634 0.438265 0.911515 0.734473 0.642652 0.493631 0.548142 0.478710 0.509654 0.515441 0.773183 0.519026 0.615082 0.630101 0.748342 0.680885 0.667869 0.769635 0.655290 0.916770 0.975435 0.518883 0.583090 0.965399 0.814048 0.847378 0.763451 0.818262 0.981978 0.516997 0.619254 0.484519 0.503001 0.631176 0.625009 0.630234 0.721477 0.684229 0.664268 0.294381 0.362220 0.422342 0.576590 0.560503 0.547800 0.925911 0.813808 0.770591 0.856902 0.677901 0.856939 0.771894 0.760743 0.555559 0.709071 0.606640 0.637602 0.448700 0.523518 0.476401 0.390728 0.775973 0.627697 0.762705 0.555511 0.580826 0.591942 0.652658 0.638344 0.997660 0.925871 0.992759 0.980267 0.855657 0.987802 0.771893 0.831435 0.946370 0.959975 0.662480 0.687773 0.744779 0.992941 0.852175 0.778297 0.775014 0.995841 0.962106 0.946544 0.566594 0.841671
0.489171 0.402150 0.284483 0.000000 0.959577 0.885192 0.357262 0.327651 0.923279 0.966668 0.812565 0.580294 0.580720 0.541117 0.609330 0.439399 0.497664 0.509984 0.418313 0.530008 0.560506 0.952830 0.235993 0.288080 0.469293 0.497230 0.541676 0.979160 0.665434 0.575667 0.318484 0.402369 0.334333 0.396441 0.538517 0.813567 0.528399 0.606675 0.776762 0.742048 0.716884 0.685499 0.603843 0.496700 0.889332 0.743508 0.426961 0.465214 0.796397 0.550275 0.539215 0.460575 0.570427 0.765384 0.460173 0.556795 0.405807 0.420615 0.434873 0.364803 0.483290 0.464554 0.542533 0.476605 0.392155 0.294298 0.354817 0.412172 0.632444 0.424603 0.755386 0.931694 0.624392 0.789214 0.658632 0.783207 0.707121 0.700665 0.378948 0.552160 0.537102 0.667115 0.443193 0.528986 0.449920 0.324753 0.895108 0.663611 0.648201 0.454371 0.666931 0.665431 0.674109 0.611510 0.854499 0.876237 0.882596 0.894326 0.960306 0.842474 0.870593 0.971561 0.993357 0.893361 0.586423 0.556608 0.651662 0.882461 0.910064 0.688261 0.701546 0.841384 0.876038 0.870388 0.480115 0.914991
0.868117 0.860569 0.845698 0.959577 0.000000 0.690982 0.831575 0.784539 0.543391 0.508607 0.966844 0.916495 0.844499 0.811530 0.700475 0.687758 0.958489 0.948237 0.952195 0.906470 0.965315 0.862217 0.856458 0.896057 0.716171 0.833919 0.829480 0.892481 0.858695 0.895296 0.788056 0.823995 0.969240 0.911834 0.916538 0.910760 0.784037 0.732240 0.754104 0.987435 0.794682 0.941256 0.931053 0.964433 0.725335 0.816130 0.908560 0.979083 0.873036 0.925095 0.800044 0.826166 0.731033 0.598584 0.949695 0.905114 0.857169 0.894382 0.936182 0.918507 0.827629 0.741000 0.913716 0.929075 0.788059 0.980294 0.998351 0.919387 0.702152 0.836246 0.757762 0.685922 0.681136 0.603311 0.804243 0.863739 0.907824 0.905294 0.993281 0.925884 0.967015 0.918947 0.992563 0.813877 0.888718 0.878180 0.906766 0.776139 0.868142 0.847111 0.702028 0.781807 0.754339 0.713698 0.787596 0.932638 0.887545 0.948659 0.723090 0.844272 0.638322 0.643088 0.735118 0.879072 0.933627 0.880991 0.960452 0.865495 0.885684 0.954662 0.936700 0.847479 0.751147 0.889835 0.903252 0.801452
0.719005 0.722640 0.806750 0.885192 0.690982 0.000000 0.914857 0.976828 0.555426 0.618272 0.681066 0.773721 0.925546 0.889597 0.967457 0.967322 0.740722 0.738789 0.810466 0.738295 0.856370 0.785572 0.912803 0.965375 0.823435 0.941733 0.696976 0.892276 0.833127 0.764146 0.809146 0.943137 0.816021 0.961201 0.975738 0.960098 0.933911 0.885443 0.939318 0.936270 0.777247 0.908854 0.778916 0.841902 0.653639 0.781493 0.951391 0.943271 0.867253 0.858515 0.820985 0.809608 0.743942 0.565180 0.959303 0.993435 0.695228 0.713419 0.890089 0.842901 0.851702 0.902767 0.875741 0.834444 0.639420 0.822498 0.996741 0.894494 0.667401 0.837349 0.732688 0.693540 0.681015 0.623616 0.836304 0.913104 0.666789 0.760415 0.931293 0.998224 0.876410 0.798556 0.790566 0.689249 0.765685 0.779898 0.903567 0.750332 0.898038 0.849984 0.503412 0.591218 0.592819 0.684381 0.718717 0.881659 0.853287 0.824104 0.621845 0.674572 0.686074 0.713177 0.724288 0.819805 0.834153 0.794532 0.888987 0.754081 0.753964 0.939798 0.788067 0.831268 0.705493 0.825842 0.850800 0.835150
0.554689 0.540077 0.540835 0.357262 0.831575 0.914857 0.000000 0.250351 0.958831 0.644044 0.890132 0.650381 0.585504 0.555064 0.678009 0.550822 0.613447 0.625415 0.438849 0.648015 0.678143 0.907515 0.334763 0.523516 0.837392 0.752482 0.818646 0.991965 0.603233 0.684651 0.290450 0.387068 0.330908 0.321807 0.647558 0.883919 0.734815 0.777571 0.924001 0.828816 0.897316 0.668417 0.515935 0.391689 0.555896 0.440225 0.431606 0.406209 0.474939 0.364337 0.318554 0.300169 0.407016 0.579861 0.479020 0.518925 0.500437 0.526115 0.284212 0.323674 0.424576 0.435415 0.415764 0.440622 0.777439 0.597032 0.333337 0.345123 0.853984 0.485832 0.654898 0.964171 0.452008 0.566818 0.676821 0.660034 0.580745 0.610823 0.407122 0.594639 0.583847 0.763648 0.597807 0.761946 0.572758 0.516388 0.799040 0.929509 0.659505 0.529169 0.972944 0.982513 0.947065 0.900595 0.655590 0.705801 0.699075 0.763234 0.547898 0.481652 0.829569 0.699112 0.613528 0.525551 0.534843 0.457169 0.600228 0.760612 0.924293 0.779379 0.636393 0.551970 0.604296 0.566794 0.397706 0.971996
0.421746 0.413720 0.634446 0.327651 0.784539 0.976828 0.250351 0.000000 0.888191 0.643370 0.714607 0.421667 0.417039 0.378539 0.553478 0.388491 0.497189 0.499403 0.414388 0.527974 0.718109 0.975225 0.342869 0.413259 0.886823 0.880405 0.861468 0.977705 0.477381 0.494030 0.364258 0.439438 0.299049 0.329764 0.726488 0.946344 0.762304 0.722341 0.932634 0.806912 0.797690 0.747324 0.617823 0.489378 0.678126 0.523132 0.483538 0.495024 0.512726 0.388747 0.323417 0.305692 0.453867 0.621569 0.461641 0.547429 0.401221 0.397985 0.319449 0.259506 0.298065 0.211551 0.327766 0.285010 0.706761 0.445721 0.491352 0.413422 0.757986 0.422135 0.745411 0.964438 0.509621 0.652829 0.676892 0.718562 0.730492 0.771199 0.368051 0.515237 0.458393 0.654687 0.553980 0.651125 0.485325 0.415405 0.933169 0.821208 0.569636 0.453111 0.849250 0.806290 0.789591 0.688536 0.735073 0.807604 0.829838 0.928580 0.704686 0.662988 0.897492 0.851693 0.804767 0.699632 0.636740 0.613719 0.709919 0.861112 0.927209 0.775197 0.722346 0.649741 0.734290 0.770468 0.521160 0.895054
0.622644 0.587775 0.795246 0.923279 0.543391 0.555426 0.958831 0.888191 0.000000 0.529050 0.690841 0.779078 0.920059 0.899851 0.987181 0.840550 0.609805 0.609517 0.667380 0.613105 0.810739 0.869976 0.919597 0.980533 0.623597 0.787522 0.599000 0.879889 0.769903 0.770422 0.836613 0.904628 0.739751 0.748154 0.955505 0.965835 0.688613 0.718759 0.797931 0.826336 0.729234 0.881715 0.995058 0.877695 0.876125 0.983591 0.720906 0.787929 0.895136 0.849061 0.955518 0.993070 0.861455 0.609778 0.693735 0.568285 0.572341 0.618505 0.707195 0.749024 0.956896 0.960188 0.792631 0.792742 0.680064 0.881016 0.912114 0.965032 0.493345 0.743821 0.690278 0.522071 0.778266 0.699906 0.971536 0.954333 0.810199 0.802393 0.830203 0.733456 0.633039 0.542981 0.660554 0.445485 0.602617 0.678738 0.845197 0.639418 0.684605 0.608337 0.472864 0.645593 0.501592 0.604729 0.822468 0.978799 0.981965 0.983129 0.719670 0.908247 0.589816 0.673030 0.990801 0.971089 0.955591 0.928774 0.899608 0.888406 0.748863 0.903673 0.858496 0.971901 0.827059 0.994076 0.977268 0.713150
0.835610 0.771874 0.671650 0.966668 0.508607 0.618272 0.644044 0.643370 0.529050 0.000000 0.769805 0.955173 0.960734 0.906162 0.975042 0.851629 0.785067 0.782288 0.900701 0.739298 0.755594 0.920967 0.906386 0.909577 0.468220 0.677362 0.563629 0.804868 0.954918 0.892679 0.740530 0.849678 0.954591 0.926270 0.902909 0.910289 0.752422 0.671519 0.608687 0.982619 0.704393 0.887062 0.702897 0.756291 0.443644 0.515267 0.982432 0.875779 0.548120 0.639672 0.504504 0.577913 0.525333 0.408901 0.920616 0.941402 0.811142 0.804071 0.825179 0.845007 0.890975 0.763863 0.885768 0.936427 0.501383 0.784776 0.875292 0.725592 0.513580 0.888849 0.555972 0.547777 0.644805 0.589442 0.960188 0.818243 0.701046 0.747871 0.977343 0.955928 0.838474 0.692902 0.752059 0.579898 0.745197 0.758272 0.625783 0.612423 0.969006 0.849081 0.466135 0.527919 0.599090 0.657893 0.609597 0.861476 0.777472 0.756868 0.379294 0.489966 0.471421 0.458632 0.645226 0.670646 0.863145 0.804594 0.884292 0.647593 0.821292 0.986147 0.884294 0.543175 0.516065 0.717936 0.793517 0.714919
0.319513 0.402539 0.801183 0.812565 0.966844 0.681066 0.890132 0.714607 0.690841 0.769805 0.000000 0.266279 0.288981 0.333362 0.430756 0.621823 0.293236 0.260123 0.440471 0.275349 0.712712 0.809893 0.921011 0.708578 0.817095 0.941926 0.651976 0.717695 0.282906 0.292587 0.890349 0.916633 0.592273 0.565911 0.867646 0.917525 0.893537 0.757330 0.950172 0.795932 0.519829 0.930522 0.658302 0.822924 0.627923 0.800939 0.946453 0.951347 0.942219 0.999598 0.891856 0.926197 0.734531 0.527495 0.582134 0.724269 0.391647 0.352948 0.770128 0.706471 0.345193 0.462162 0.358823 0.363930 0.495572 0.534521 0.861086 0.873994 0.433122 0.631324 0.573800 0.603643 0.914038 0.841810 0.733200 0.905840 0.605194 0.699941 0.737620 0.650263 0.410915 0.335249 0.530782 0.437131 0.375851 0.474820 0.693010 0.726185 0.596888 0.561401 0.436717 0.426842 0.380677 0.463125 0.760683 0.959578 0.730653 0.590951 0.586496 0.634660 0.669854 0.699105 0.828860 0.966915 0.774900 0.825310 0.764721 0.653674 0.671561 0.934513 0.927909 0.816730 0.611888 0.750310 0.963789 0.500719
0.231585 0.265545 0.723256 0.580294 0.916495 0.773721 0.650381 0.421667 0.779078 0.955173 0.266279 0.000000 0.204798 0.208185 0.354279 0.409064 0.219587 0.205393 0.313100 0.246202 0.655554 0.806086 0.625907 0.495244 0.760772 0.968399 0.661758 0.848443 0.256308 0.213588 0.807416 0.665443 0.375403 0.386397 0.901895 0.942404 0.796861 0.701659 0.998006 0.780007 0.596732 0.828433 0.918426 0.897598 0.862611 0.927408 0.692428 0.768109 0.837908 0.715698 0.770472 0.729028 0.950113 0.836105 0.409476 0.580812 0.265930 0.223527 0.530015 0.449085 0.226034 0.240504 0.223485 0.180830 0.480249 0.363517 0.909225 0.843264 0.403700 0.418016 0.755423 0.721818 0.863367 0.955013 0.696456 0.972881 0.841763 0.835490 0.512241 0.423298 0.256415 0.282952 0.366300 0.345191 0.270401 0.300671 0.751833 0.616815 0.449685 0.398562 0.458707 0.449426 0.391963 0.399012 0.908971 0.985888 0.811356 0.709313 0.770744 0.836126 0.743679 0.820362 0.967753 0.889947 0.958092 0.980576 0.994519 0.768238 0.689355 0.904706 0.879689 0.992405 0.771295 0.850857 0.777604 0.580245
0.300269 0.358761 0.709516 0.580720 0.844499 0.925546 0.585504 0.417039 0.920059 0.960734 0.288981 0.204798 0.000000 0.178786 0.253674 0.367812 0.277575 0.269444 0.307189 0.302340 0.684135 0.928517 0.562227 0.491012 0.814083 0.946246 0.684128 0.842528 0.267939 0.282863 0.739522 0.593146 0.389141 0.358531 0.942051 0.924099 0.857816 0.763800 0.894885 0.785566 0.610138 0.819239 0.947085 0.891811 0.888128 0.939943 0.709076 0.809944 0.862601 0.743703 0.776254 0.731400 0.926700 0.893476 0.411188 0.596180 0.361303 0.316501 0.594581 0.518061 0.190386 0.269910 0.225160 0.235735 0.520031 0.384325 0.908723 0.869817 0.516526 0.496683 0.794037 0.812642 0.738504 0.837871 0.632567 0.963889 0.907665 0.904803 0.522071 0.474321 0.316286 0.329408 0.422958 0.454791 0.294550 0.334710 0.815017 0.667957 0.508467 0.471631 0.619065 0.578527 0.533523 0.537973 0.937651 0.977370 0.881762 0.739845 0.887769 0.932860 0.862000 0.970549 0.990591 0.806368 0.962396 0.918991 0.995593 0.824144 0.687629 0.980141 0.929316 0.976671 0.819170 0.875616 0.695590 0.566415
0.333118 0.381522 0.704620 0.541117 0.811530 0.889597 0.555064 0.378539 0.899851 0.906162 0.333362 0.208185 0.178786 0.000000 0.248563 0.296278 0.282823 0.264503 0.314788 0.320593 0.673305 0.836577 0.509336 0.407430 0.808952 0.911108 0.714429 0.837195 0.295608 0.280574 0.696382 0.566538 0.391599 0.353371 0.892949 0.880874 0.867605 0.820019 0.929227 0.796298 0.668153 0.834590 0.998700 0.851079 0.948206 0.879007 0.677067 0.732704 0.811162 0.693511 0.701652 0.667159 0.816926 0.989597 0.400301 0.585659 0.366831 0.319165 0.567696 0.495833 0.220775 0.241206 0.248759 0.232819 0.549589 0.363658 0.854183 0.797728 0.567183 0.528662 0.872241 0.836669 0.712811 0.754774 0.631710 0.877704 0.952106 0.900197 0.497242 0.490539 0.331064 0.345926 0.406960 0.442583 0.315662 0.329256 0.800528 0.614497 0.512194 0.466240 0.620830 0.602010 0.535540 0.553113 0.988784 0.968566 0.851980 0.769285 0.931391 0.987298 0.890972 0.993914 0.944981 0.783017 0.937896 0.849515 0.970691 0.845255 0.666928 0.981064 0.819550 0.956823 0.882752 0.935524 0.685046 0.647437
0.518860 0.542151 0.654767 0.609330 0.700475 0.967457 0.678009 0.553478 0.987181 0.975042 0.430756 0.354279 0.253674 0.248563 0.000000 0.304366 0.388420 0.377546 0.464938 0.439373 0.647895 0.886610 0.505717 0.413547 0.755855 0.823021 0.740714 0.829600 0.395910 0.370928 0.734466 0.655546 0.530619 0.480404 0.876495 0.921514 0.909203 0.941849 0.976512 0.906409 0.772738 0.885522 0.998888 0.903158 0.899546 0.997865 0.784822 0.829285 0.972092 0.851840 0.844947 0.808628 0.875690 0.996889 0.505568 0.690943 0.541544 0.490766 0.782263 0.720707 0.333822 0.416370 0.432509 0.434924 0.506077 0.381052 0.901199 0.900139 0.669716 0.687500 0.837503 0.883300 0.681810 0.729111 0.598127 0.915119 0.997168 0.965473 0.571674 0.589632 0.447202 0.429611 0.475516 0.538743 0.400117 0.436921 0.795269 0.641378 0.677016 0.634143 0.721244 0.684708 0.644834 0.709944 0.972625 0.967930 0.769184 0.723354 0.889507 0.958942 0.832885 0.984140 0.972310 0.878267 0.945957 0.913206 0.960420 0.781315 0.655818 0.937889 0.886293 0.953017 0.862647 0.866210 0.760063 0.735690
0.593063 0.575470 0.583974 0.439399 0.687758 0.967322 0.550822 0.388491 0.840550 0.851629 0.621823 0.409064 0.367812 0.296278 0.304366 0.000000 0.459387 0.453071 0.521259 0.573486 0.617809 0.886696 0.351376 0.309630 0.696936 0.718733 0.743193 0.952581 0.485490 0.384941 0.478329 0.495916 0.469637 0.450065 0.719778 0.931576 0.825550 0.817473 0.966991 0.794151 0.813318 0.914032 0.853041 0.763881 0.942934 0.855698 0.696787 0.694933 0.898211 0.706966 0.655861 0.602771 0.617688 0.724466 0.494673 0.686729 0.553075 0.507043 0.689491 0.620232 0.352550 0.312022 0.468030 0.416137 0.536262 0.289476 0.693926 0.597518 0.797005 0.620805 0.879752 0.945732 0.612890 0.654816 0.532971 0.760867 0.837777 0.893568 0.519234 0.568739 0.530286 0.603144 0.451430 0.613272 0.515877 0.442325 0.742659 0.738322 0.702900 0.639228 0.761521 0.680065 0.699083 0.661266 0.900698 0.947894 0.792053 0.803796 0.970103 0.934123 0.949977 0.963767 0.957075 0.906270 0.806876 0.821361 0.848514 0.914187 0.813529 0.946632 0.806292 0.947528 0.985023 0.983880 0.615957 0.846974
0.215182 0.208476 0.523821 0.497664 0.958489 0.740722 0.613447 0.497189 0.609805 0.785067 0.293236 0.219587 0.277575 0.282823 0.388420 0.459387 0.000000 0.147932 0.240499 0.226894 0.540236 0.850114 0.560131 0.429005 0.541611 0.748946 0.509058 0.779463 0.241817 0.217723 0.733909 0.603061 0.314584 0.315918 0.806508 0.965805 0.687144 0.618657 0.887342 0.686541 0.540844 0.728161 0.961553 0.774683 0.923548 0.869275 0.521221 0.616306 0.805080 0.640396 0.758080 0.694504 0.899933 0.818622 0.308275 0.416409 0.191188 0.177640 0.468235 0.440664 0.289981 0.365169 0.251003 0.226254 0.355556 0.314735 0.721499 0.727509 0.339823 0.384472 0.782479 0.600620 0.849856 0.959021 0.698337 0.874292 0.928874 0.959855 0.455680 0.360025 0.203999 0.219274 0.283280 0.238125 0.200593 0.232385 0.717676 0.561409 0.473638 0.319731 0.385957 0.408640 0.325450 0.394731 0.956579 0.984458 0.930938 0.796076 0.764957 0.898268 0.667368 0.727972 0.944961 0.823537 0.875468 0.857370 0.960734 0.804237 0.633428 0.847828 0.799799 0.993205 0.836747 0.928599 0.675727 0.533161
0.208920 0.207691 0.529568 0.509984 0.948237 0.738789 0.625415 0.499403 0.609517 0.782288 0.260123 0.205393 0.269444 0.264503 0.377546 0.453071 0.147932 0.000000 0.241507 0.204400 0.539952 0.823737 0.584407 0.427697 0.564157 0.756363 0.514983 0.741019 0.241966 0.212934 0.762801 0.616998 0.333763 0.333068 0.838875 0.980642 0.706537 0.614460 0.891217 0.723368 0.567520 0.755106 0.993086 0.819711 0.869396 0.920882 0.580155 0.657292 0.849862 0.686061 0.798109 0.731540 0.943598 0.777161 0.304321 0.467547 0.190941 0.173740 0.496845 0.462000 0.279448 0.346960 0.251152 0.221477 0.339753 0.302778 0.762774 0.786934 0.344897 0.394342 0.748334 0.593854 0.891307 0.963371 0.715274 0.888762 0.884580 0.894517 0.454838 0.397055 0.207603 0.213319 0.289494 0.241386 0.201880 0.231557 0.669321 0.567846 0.494505 0.330352 0.366660 0.379635 0.319905 0.373605 0.972673 0.952906 0.856778 0.764301 0.730918 0.873911 0.648826 0.706823 0.980644 0.887407 0.898054 0.902830 0.954822 0.780977 0.669282 0.915011 0.826859 0.948956 0.800006 0.936904 0.697567 0.522714
0.227545 0.228100 0.475149 0.418313 0.952195 0.810466 0.438849 0.414388 0.667380 0.900701 0.440471 0.313100 0.307189 0.314788 0.464938 0.521259 0.240499 0.241507 0.000000 0.236141 0.569802 0.996313 0.444359 0.424047 0.574249 0.726044 0.543470 0.845673 0.342387 0.379365 0.624517 0.490368 0.265156 0.279661 0.737085 0.994688 0.653868 0.653744 0.959045 0.657220 0.575224 0.613157 0.843702 0.651419 0.991178 0.776280 0.426905 0.527463 0.719377 0.560073 0.647083 0.592672 0.825121 0.891800 0.272417 0.434598 0.220064 0.218358 0.370278 0.359546 0.318028 0.384532 0.257273 0.254617 0.431935 0.386687 0.606142 0.687283 0.372331 0.339200 0.861373 0.686217 0.707699 0.814442 0.709583 0.824237 0.940382 0.954457 0.406631 0.410317 0.253754 0.282915 0.332274 0.305199 0.217534 0.215457 0.811193 0.570674 0.494803 0.293013 0.526892 0.569767 0.481854 0.513963 0.872628 0.880505 0.904102 0.959679 0.985941 0.903295 0.864508 0.886412 0.838395 0.663022 0.710189 0.680023 0.789292 0.891333 0.724790 0.766402 0.684540 0.885559 0.963145 0.884787 0.557793 0.560094
0.184424 0.209162 0.539850 0.530008 0.906470 0.738295 0.648015 0.527974 0.613105 0.739298 0.275349 0.246202 0.302340 0.320593 0.439373 0.573486 0.226894 0.204400 0.236141 0.000000 0.563381 0.872151 0.620951 0.482291 0.600455 0.809961 0.530348 0.777022 0.339817 0.328347 0.817512 0.702577 0.367246 0.359109 0.875610 0.948717 0.735178 0.637980 0.933044 0.736275 0.543292 0.704931 0.941489 0.867051 0.789641 0.994073 0.614348 0.730695 0.874792 0.759122 0.861812 0.807453 0.944927 0.672958 0.368093 0.516228 0.223340 0.211686 0.506691 0.457059 0.337798 0.408346 0.288778 0.274079 0.387345 0.401691 0.828730 0.876592 0.269003 0.387511 0.683430 0.598575 0.909618 0.993274 0.759271 0.929452 0.862758 0.899670 0.475295 0.461561 0.252612 0.223513 0.372211 0.275104 0.214711 0.259072 0.770177 0.547812 0.490310 0.323142 0.402708 0.442032 0.384725 0.418057 0.925016 0.969844 0.921503 0.812695 0.752456 0.837955 0.683061 0.708987 0.944471 0.852449 0.899143 0.920475 0.952984 0.783602 0.772459 0.900314 0.929774 0.979839 0.779378 0.894961 0.748851 0.525644
0.603728 0.570754 0.522073 0.560506 0.965315 0.856370 0.678143 0.718109 0.810739 0.755594 0.712712 0.655554 0.684135 0.673305 0.647895 0.617809 0.540236 0.539952 0.569802 0.563381 0.000000 0.901891 0.575599 0.545806 0.533293 0.606093 0.605309 0.908639 0.674027 0.614795 0.649482 0.633429 0.503014 0.593351 0.826527 0.952355 0.739762 0.775714 0.926673 0.853060 0.709794 0.794404 0.902955 0.806091 0.973723 0.948098 0.703656 0.669053 0.953663 0.816974 0.876055 0.806951 0.868283 0.958771 0.539169 0.658697 0.564909 0.566775 0.677506 0.729957 0.647881 0.719350 0.645433 0.644431 0.505220 0.538752 0.635034 0.736566 0.595819 0.686581 0.966167 0.754861 0.815637 0.851275 0.718093 0.844800 0.913339 0.973093 0.596332 0.538800 0.589308 0.603657 0.500220 0.565045 0.554347 0.518140 0.813569 0.806768 0.815446 0.645351 0.619528 0.649672 0.689840 0.780733 0.987566 0.807396 0.981166 0.922484 0.849274 0.971471 0.787267 0.939742 0.956073 0.876952 0.753852 0.768922 0.928471 0.807334 0.820782 0.855048 0.803979 0.975743 0.873924 0.883836 0.685826 0.785832
0.911008 0.951660 0.961593 0.952830 0.862217 0.785572 0.907515 0.975225 0.869976 0.920967 0.809893 0.806086 0.928517 0.836577 0.886610 0.886696 0.850114 0.823737 0.996313 0.872151 0.901891 0.000000 0.894867 0.980931 0.932013 0.916010 0.881812 0.809553 0.825331 0.736049 0.886880 0.869786 0.970208 0.986491 0.967611 0.993657 0.903097 0.890281 0.993519 0.868240 0.998362 0.843175 0.774091 0.813394 0.827448 0.870385 0.876742 0.948651 0.843741 0.887739 0.866765 0.877253 0.902153 0.875240 0.958462 0.969886 0.899435 0.883511 0.949196 0.985490 0.896867 0.917601 0.884129 0.895792 0.939804 0.888246 0.840155 0.978163 0.999067 0.901469 0.864517 0.945331 0.914377 0.840549 0.987434 0.980995 0.827856 0.885234 0.972553 0.947539 0.925056 0.909652 0.888057 0.918626 0.956877 0.964323 0.876674 0.962445 0.948722 0.986344 0.803575 0.752106 0.771625 0.766466 0.724944 0.983498 0.850207 0.782631 0.745836 0.835341 0.891963 0.910270 0.774598 0.791201 0.882142 0.692574 0.889961 0.958865 0.852464 0.678536 0.938896 0.894698 0.773794 0.760150 0.794707 0.864343
0.616174 0.532022 0.376800 0.235993 0.856458 0.912803 0.334763 0.342869 0.919597 0.906386 0.921011 0.625907 0.562227 0.509336 0.505717 0.351376 0.560131 0.584407 0.444359 0.620951 0.575599 0.894867 0.000000 0.280796 0.526777 0.496571 0.682311 0.969544 0.693659 0.642680 0.249883 0.361692 0.370774 0.394729 0.483335 0.863058 0.667057 0.760758 0.870635 0.839046 0.855551 0.704834 0.493324 0.408120 0.725093 0.632974 0.390847 0.415594 0.720899 0.501667 0.455619 0.392228 0.457129 0.573249 0.441014 0.546097 0.538191 0.530057 0.507268 0.476038 0.510563 0.482604 0.566275 0.513532 0.524520 0.348027 0.371339 0.401528 0.771681 0.505478 0.666452 0.927553 0.441419 0.533128 0.632054 0.664134 0.559141 0.656083 0.380040 0.529423 0.552155 0.667981 0.471267 0.626934 0.487659 0.373495 0.933857 0.678497 0.725617 0.520547 0.870841 0.843318 0.853376 0.799788 0.770584 0.815258 0.921861 0.839179 0.794006 0.655734 0.990604 0.855105 0.811850 0.789000 0.463605 0.461743 0.625549 0.885317 0.949890 0.743739 0.665932 0.784402 0.781257 0.773160 0.419037 0.949507
0.521700 0.450770 0.356424 0.288080 0.896057 0.965375 0.523516 0.413259 0.980533 0.909577 0.708578 0.495244 0.491012 0.407430 0.413547 0.309630 0.429005 0.427697 0.424047 0.482291 0.545806 0.980931 0.280796 0.000000 0.472896 0.490687 0.632350 0.933158 0.588002 0.451638 0.455531 0.516989 0.394062 0.430505 0.553867 0.933369 0.643904 0.697803 0.780551 0.821454 0.751251 0.728968 0.755862 0.661044 0.977287 0.863559 0.469257 0.552198 0.917350 0.678255 0.659579 0.587949 0.647187 0.796410 0.412514 0.582128 0.448322 0.433477 0.603077 0.551656 0.458960 0.430614 0.533972 0.469248 0.378508 0.237313 0.492351 0.557049 0.599548 0.515393 0.911336 0.998928 0.666968 0.691843 0.715743 0.769869 0.820080 0.851679 0.462224 0.552458 0.459095 0.527179 0.370539 0.461202 0.417625 0.310548 0.745368 0.515131 0.631891 0.496818 0.665412 0.611679 0.657913 0.628475 0.906547 0.900712 0.974577 0.939476 0.947260 0.914240 0.897129 0.917026 0.968798 0.890790 0.666760 0.677551 0.836880 0.930231 0.734421 0.852629 0.767524 0.978711 0.973379 0.965258 0.588719 0.873973
0.644345 0.545208 0.306827 0.469293 0.716171 0.823435 0.837392 0.886823 0.623597 0.468220 0.817095 0.760772 0.814083 0.808952 0.755855 0.696936 0.541611 0.564157 0.574249 0.600455 0.533293 0.932013 0.526777 0.472896 0.000000 0.257846 0.395314 0.890997 0.854099 0.707978 0.696047 0.660512 0.591924 0.625195 0.527050 0.833348 0.457101 0.570186 0.505852 0.737349 0.675317 0.660604 0.867183 0.762373 0.799045 0.888860 0.554439 0.671482 0.840986 0.912965 0.983160 0.913406 0.978386 0.857400 0.587371 0.613210 0.559690 0.561295 0.789237 0.778474 0.833606 0.896837 0.816407 0.756642 0.300623 0.417707 0.607372 0.739167 0.478732 0.646061 0.955280 0.701961 0.961978 0.974846 0.753209 0.933763 0.954345 0.892102 0.660309 0.689536 0.617932 0.584874 0.435251 0.400003 0.496006 0.425921 0.649401 0.513552 0.742048 0.578512 0.452198 0.505001 0.509427 0.541745 0.876949 0.991368 0.905009 0.945538 0.648253 0.837154 0.626442 0.665618 0.894499 0.925051 0.721513 0.725933 0.834530 0.804013 0.897775 0.770309 0.918083 0.810886 0.806500 0.938809 0.665153 0.789112
0.848551 0.750760 0.372634 0.497230 0.833919 0.941733 0.752482 0.880405 0.787522 0.677362 0.941926 0.968399 0.946246 0.911108 0.823021 0.718733 0.748946 0.756363 0.726044 0.809961 0.606093 0.916010 0.496571 0.490687 0.257846 0.000000 0.539282 0.930786 0.988201 0.880788 0.577389 0.659796 0.669175 0.672080 0.474357 0.843146 0.515526 0.648736 0.572589 0.806386 0.868271 0.624767 0.727018 0.673770 0.983518 0.983235 0.556673 0.628476 0.908936 0.869619 0.896943 0.797523 0.801463 0.904103 0.604767 0.620699 0.749231 0.755304 0.831782 0.850254 0.961592 0.987629 0.942934 0.908932 0.489573 0.532769 0.517993 0.643580 0.707310 0.726164 0.875265 0.861040 0.856084 0.858902 0.790830 0.843588 0.770633 0.740815 0.680330 0.806609 0.778271 0.782388 0.561410 0.595561 0.664759 0.557171 0.693398 0.651821 0.803910 0.706371 0.725787 0.752402 0.784966 0.763449 0.990369 0.839164 0.978302 0.953429 0.906811 0.953868 0.834634 0.923406 0.953563 0.986822 0.614644 0.621536 0.751451 0.986049 0.957136 0.819571 0.973849 0.941397 0.971833 0.909869 0.624634 0.942791
0.567392 0.473595 0.438265 0.541676 0.829480 0.696976 0.818646 0.861468 0.599000 0.563629 0.651976 0.661758 0.684128 0.714429 0.740714 0.743193 0.509058 0.514983 0.543470 0.530348 0.605309 0.881812 0.682311 0.632350 0.395314 0.539282 0.000000 0.900647 0.743322 0.640618 0.731450 0.677727 0.596654 0.534492 0.713388 0.714646 0.513365 0.613005 0.665275 0.738516 0.660240 0.694571 0.968318 0.912225 0.735210 0.869521 0.704882 0.837409 0.883023 0.941678 0.974488 0.930534 0.939655 0.721369 0.574077 0.652114 0.505159 0.513761 0.752070 0.721752 0.708726 0.790645 0.692114 0.663862 0.385520 0.510376 0.748869 0.893493 0.463362 0.634348 0.798026 0.616307 0.997489 0.857244 0.699315 0.946162 0.932821 0.959966 0.667838 0.632343 0.625663 0.563665 0.498865 0.466578 0.467444 0.462391 0.719454 0.645736 0.775705 0.600531 0.399836 0.500498 0.483652 0.571532 0.862565 0.864408 0.826645 0.913529 0.631015 0.734629 0.499611 0.720906 0.828246 0.983438 0.917739 0.827198 0.921869 0.733211 0.881453 0.840374 0.876409 0.806986 0.745629 0.908670 0.777634 0.789405
0.805795 0.845622 0.911515 0.979160 0.892481 0.892276 0.991965 0.977705 0.879889 0.804868 0.717695 0.848443 0.842528 0.837195 0.829600 0.952581 0.779463 0.741019 0.845673 0.777022 0.908639 0.809553 0.969544 0.933158 0.890997 0.930786 0.900647 0.000000 0.821964 0.839691 0.867790 0.934634 0.918832 0.918547 0.912822 0.882865 0.983971 0.908443 0.923384 0.888544 0.961709 0.864952 0.914577 0.987755 0.818481 0.901494 0.992014 0.952703 0.946410 0.932262 0.897138 0.908707 0.875871 0.754906 0.939935 0.972097 0.811440 0.787099 0.982007 0.985088 0.869102 0.943695 0.844510 0.851265 0.785622 0.850387 0.908458 0.819334 0.794137 0.884600 0.863070 0.785215 0.953165 0.955440 0.960418 0.938842 0.852566 0.813679 0.868104 0.857638 0.808039 0.731239 0.887682 0.844692 0.757050 0.803497 0.995457 0.918552 0.970058 0.792859 0.788473 0.796822 0.806920 0.895801 0.969849 0.840146 0.866810 0.819973 0.851831 0.872510 0.734749 0.898594 0.918286 0.960072 0.973625 0.839838 0.883081 0.836400 0.925494 0.806536 0.876437 0.846619 0.921825 0.871895 0.976882 0.767582
0.301783 0.350472 0.734473 0.665434 0.858695 0.833127 0.603233 0.477381 0.769903 0.954918 0.282906 0.256308 0.267939 0.295608 0.395910 0.485490 0.241817 0.241966 0.342387 0.339817 0.674027 0.825331 0.693659 0.588002 0.854099 0.988201 0.743322 0.821964 0.000000 0.223629 0.840844 0.699360 0.407187 0.410513 0.982111 0.986608 0.866560 0.751021 0.901823 0.726363 0.646921 0.838384 0.982960 0.818493 0.964326 0.790562 0.671294 0.715646 0.705511 0.628955 0.722121 0.696079 0.877790 0.912811 0.409159 0.529727 0.322282 0.300695 0.527237 0.495230 0.267333 0.337827 0.252494 0.264543 0.571140 0.482155 0.839823 0.783276 0.540024 0.482224 0.848026 0.747592 0.813693 0.886108 0.707657 0.879326 0.920358 0.956120 0.549395 0.459405 0.303875 0.340142 0.420932 0.452387 0.350232 0.426180 0.798628 0.768142 0.562330 0.464526 0.611220 0.594862 0.491857 0.563885 0.996345 0.941349 0.952543 0.789478 0.901199 0.982381 0.878011 0.892595 0.851242 0.757195 0.978323 0.949057 0.963462 0.881795 0.639730 0.945653 0.822732 0.929134 0.924636 0.977892 0.755700 0.599039
0.310545 0.315973 0.642652 0.575667 0.895296 0.764146 0.684651 0.494030 0.770422 0.892679 0.292587 0.213588 0.282863 0.280574 0.370928 0.384941 0.217723 0.212934 0.379365 0.328347 0.614795 0.736049 0.642680 0.451638 0.707978 0.880788 0.640618 0.839691 0.223629 0.000000 0.778219 0.664099 0.430618 0.437544 0.937597 0.931166 0.753188 0.620275 0.930960 0.727521 0.606577 0.854677 0.903046 0.926898 0.880940 0.945631 0.686797 0.767169 0.905621 0.738963 0.819864 0.758197 0.916690 0.875050 0.405053 0.602186 0.295519 0.259927 0.587454 0.529468 0.258211 0.303260 0.290439 0.260241 0.436436 0.326633 0.844530 0.785268 0.485376 0.441069 0.803865 0.735919 0.877369 0.963143 0.683570 0.935694 0.812720 0.848900 0.569287 0.452437 0.304307 0.354401 0.345021 0.388685 0.344265 0.362556 0.675598 0.676931 0.551306 0.467489 0.439807 0.377675 0.368555 0.394337 0.859594 0.950026 0.813689 0.701302 0.697288 0.803344 0.771595 0.721909 0.968843 0.950042 0.973763 0.998836 0.966874 0.754484 0.672046 0.954885 0.841605 0.941496 0.757785 0.920546 0.781261 0.631307
0.774708 0.674542 0.493631 0.318484 0.788056 0.809146 0.290450 0.364258 0.836613 0.740530 0.890349 0.807416 0.739522 0.696382 0.734466 0.478329 0.733909 0.762801 0.624517 0.817512 0.649482 0.886880 0.249883 0.455531 0.696047 0.577389 0.731450 0.867790 0.840844 0.778219 0.000000 0.327579 0.447223 0.427310 0.541521 0.715323 0.692367 0.735465 0.946381 0.844062 0.915686 0.762913 0.450515 0.392969 0.560587 0.514240 0.439775 0.425481 0.639169 0.441996 0.381710 0.321009 0.348281 0.427812 0.532314 0.589818 0.661811 0.680557 0.487370 0.501112 0.620364 0.555465 0.651354 0.624235 0.752480 0.533313 0.305936 0.293212 0.980762 0.585105 0.527724 0.832110 0.403800 0.549263 0.699890 0.623918 0.451157 0.553096 0.437721 0.590265 0.713791 0.903244 0.646309 0.823647 0.707678 0.579046 0.924382 0.886097 0.823096 0.655823 0.998563 0.963088 0.997645 0.924353 0.654046 0.823634 0.798635 0.767767 0.641545 0.544269 0.931705 0.787805 0.757305 0.775978 0.467182 0.441179 0.604203 0.770243 0.898454 0.741489 0.677308 0.680121 0.601497 0.663599 0.431138 0.914180
0.635408 0.575536 0.548142 0.402369 0.823995 0.943137 0.387068 0.439438 0.904628 0.849678 0.916633 0.665443 0.593146 0.566538 0.655546 0.495916 0.603061 0.616998 0.490368 0.702577 0.633429 0.869786 0.361692 0.516989 0.660512 0.659796 0.677727 0.934634 0.699360 0.664099 0.327579 0.000000 0.413025 0.387302 0.664811 0.717962 0.669641 0.702422 0.950155 0.783576 0.886362 0.789449 0.554079 0.453785 0.682985 0.585083 0.432151 0.398747 0.668054 0.462512 0.475092 0.414406 0.442217 0.625395 0.484996 0.549608 0.567729 0.576944 0.467619 0.478100 0.551877 0.526962 0.539774 0.525187 0.694179 0.482746 0.464229 0.421138 0.830099 0.623153 0.712938 0.982716 0.541624 0.631888 0.674024 0.701577 0.709026 0.784763 0.468362 0.473333 0.560362 0.677103 0.473402 0.642987 0.555299 0.478605 0.988658 0.807061 0.665376 0.562590 0.844327 0.839876 0.827456 0.798247 0.785458 0.879924 0.953795 0.782786 0.762872 0.630178 0.970649 0.847293 0.691116 0.766250 0.615172 0.445782 0.642612 0.885000 0.975287 0.794888 0.584136 0.819807 0.731062 0.714075 0.458826 0.917071
0.294208 0.280141 0.478710 0.334333 0.969240 0.816021 0.330908 0.299049 0.739751 0.954591 0.592273 0.375403 0.389141 0.391599 0.530619 0.469637 0.314584 0.333763 0.265156 0.367246 0.503014 0.970208 0.370774 0.394062 0.591924 0.669175 0.596654 0.918832 0.407187 0.430618 0.447223 0.413025 0.000000 0.237450 0.642433 0.939955 0.676032 0.652936 0.980048 0.793349 0.711469 0.696208 0.679876 0.506954 0.807627 0.629572 0.365160 0.417651 0.597507 0.442918 0.471852 0.422650 0.623491 0.874258 0.316927 0.388056 0.250158 0.264375 0.285606 0.266341 0.318115 0.342855 0.279570 0.263488 0.488106 0.375574 0.429045 0.472931 0.494671 0.316669 0.971622 0.802576 0.610057 0.785652 0.688553 0.679686 0.797880 0.851000 0.285474 0.378072 0.309271 0.423793 0.339376 0.390278 0.280228 0.258542 0.996566 0.626650 0.506248 0.341334 0.597317 0.636707 0.584412 0.592521 0.869305 0.828034 0.856912 0.986284 0.894667 0.780390 0.890105 0.980936 0.820949 0.694522 0.574730 0.578309 0.717339 0.965300 0.801202 0.751291 0.676461 0.777769 0.866370 0.798794 0.504940 0.702104
0.324250 0.301400 0.509654 0.396441 0.911834 0.961201 0.321807 0.329764 0.748154 0.926270 0.565911 0.386397 0.358531 0.353371 0.480404 0.450065 0.315918 0.333068 0.279661 0.359109 0.593351 0.986491 0.394729 0.430505 0.625195 0.672080 0.534492 0.918547 0.410513 0.437544 0.427310 0.387302 0.237450 0.000000 0.688764 0.876529 0.637324 0.607581 0.926812 0.757985 0.701188 0.646052 0.703045 0.526753 0.789680 0.611392 0.371350 0.473322 0.588611 0.442747 0.483288 0.429530 0.592372 0.859691 0.318311 0.318254 0.282983 0.300020 0.318196 0.324828 0.322560 0.354549 0.257690 0.263922 0.555168 0.414459 0.497020 0.510927 0.535930 0.377611 0.945415 0.808171 0.585877 0.730456 0.669777 0.747296 0.812927 0.822888 0.359593 0.411579 0.316563 0.411066 0.397050 0.416182 0.313730 0.307826 0.977368 0.658038 0.471189 0.334816 0.625370 0.665167 0.580530 0.584999 0.857676 0.921668 0.895673 0.993119 0.874676 0.753814 0.864118 0.970284 0.756107 0.637139 0.702775 0.597172 0.683956 0.977195 0.850960 0.853946 0.728864 0.771104 0.865736 0.829011 0.499576 0.755780
0.894502 0.797756 0.515441 0.538517 0.916538 0.975738 0.647558 0.726488 0.955505 0.902909 0.867646 0.901895 0.942051 0.892949 0.876495 0.719778 0.806508 0.838875 0.737085 0.875610 0.826527 0.967611 0.483335 0.553867 0.527050 0.474357 0.713388 0.912822 0.982111 0.937597 0.541521 0.664811 0.642433 0.688764 0.000000 0.883052 0.646706 0.799919 0.758665 0.984721 0.862585 0.728371 0.640559 0.599529 0.867925 0.832222 0.582727 0.620624 0.936360 0.762184 0.732606 0.714261 0.708674 0.756452 0.729396 0.729100 0.803723 0.809640 0.775281 0.788377 0.908803 0.847835 0.915986 0.840474 0.647549 0.617157 0.495498 0.596438 0.830998 0.715929 0.809277 0.894678 0.731460 0.754744 0.774676 0.729296 0.594826 0.675141 0.719022 0.836487 0.816176 0.851370 0.696465 0.743480 0.725118 0.620457 0.837006 0.753368 0.786516 0.736848 0.937589 0.924861 0.976388 0.909937 0.829396 0.846383 0.952308 0.987378 0.907698 0.752387 0.949302 0.947421 0.872063 0.867617 0.525106 0.704712 0.682098 0.952943 0.944316 0.767434 0.700084 0.855674 0.855989 0.968684 0.675449 0.958309
0.937605 0.956458 0.773183 0.813567 0.910760 0.960098 0.883919 0.946344 0.965835 0.910289 0.917525 0.942404 0.924099 0.880874 0.921514 0.931576 0.965805 0.980642 0.994688 0.948717 0.952355 0.993657 0.863058 0.933369 0.833348 0.843146 0.714646 0.882865 0.986608 0.931166 0.715323 0.717962 0.939955 0.876529 0.883052 0.000000 0.782936 0.666004 0.893350 0.881530 0.979339 0.929635 0.883685 0.829435 0.888533 0.915547 0.913477 0.873906 0.915702 0.926955 0.936804 0.877313 0.808553 0.829114 0.949216 0.932442 0.929206 0.969671 0.977235 0.964715 0.988705 0.936440 0.964393 0.992608 0.863001 0.819691 0.778307 0.705704 0.883557 0.937857 0.795594 0.857201 0.856694 0.957014 0.851223 0.934429 0.958685 0.764207 0.966060 0.930157 0.983274 0.923547 0.851869 0.996637 0.991046 0.922232 0.989833 0.880010 0.876983 0.986813 0.887233 0.861672 0.900409 0.906121 0.961165 0.881960 0.843873 0.739345 0.930233 0.988456 0.882813 0.967046 0.900008 0.887076 0.970775 0.886356 0.928873 0.927460 0.847735 0.947437 0.906236 0.923558 0.962984 0.974134 0.913059 0.853517
0.707068 0.604850 0.519026 0.528399 0.784037 0.933911 0.734815 0.762304 0.688613 0.752422 0.893537 0.796861 0.857816 0.867605 0.909203 0.825550 0.687144 0.706537 0.653868 0.735178 0.739762 0.903097 0.667057 0.643904 0.457101 0.515526 0.513365 0.983971 0.866560 0.753188 0.692367 0.669641 0.676032 0.637324 0.646706 0.782936 0.000000 0.505584 0.670521 0.678320 0.624235 0.707887 0.865750 0.756682 0.914697 0.983787 0.625384 0.763240 0.964490 0.812405 0.873751 0.784315 0.873780 0.998580 0.668951 0.653606 0.644003 0.641285 0.698475 0.701733 0.836955 0.846803 0.765801 0.736960 0.607898 0.634189 0.644893 0.741833 0.674168 0.617845 0.859416 0.884546 0.917946 0.976709 0.743529 0.915626 0.961365 0.933778 0.779178 0.771987 0.736099 0.799197 0.647616 0.584559 0.662961 0.588235 0.735238 0.783120 0.785879 0.676918 0.563166 0.633543 0.580448 0.588414 0.963336 0.933767 0.951128 0.972222 0.811687 0.944759 0.725549 0.805602 0.998688 0.891737 0.772604 0.737241 0.927393 0.879924 0.991486 0.834609 0.872724 0.965778 0.949340 0.988991 0.778340 0.942891
0.587392 0.506947 0.615082 0.606675 0.732240 0.885443 0.777571 0.722341 0.718759 0.671519 0.757330 0.701659 0.763800 0.820019 0.941849 0.817473 0.618657 0.614460 0.653744 0.637980 0.775714 0.890281 0.760758 0.697803 0.570186 0.648736 0.613005 0.908443 0.751021 0.620275 0.735465 0.702422 0.652936 0.607581 0.799919 0.666004 0.505584 0.000000 0.610703 0.708393 0.622189 0.752596 0.967500 0.868716 0.814075 0.978093 0.696132 0.795740 0.938109 0.858724 0.927976 0.819158 0.944134 0.877466 0.647172 0.648703 0.521845 0.516378 0.685563 0.652063 0.713770 0.724199 0.677204 0.610870 0.607733 0.576664 0.800789 0.771217 0.599787 0.487042 0.966946 0.792265 0.993482 0.829639 0.807527 0.984442 0.906230 0.893557 0.749570 0.731240 0.611747 0.720431 0.598226 0.553494 0.650550 0.549481 0.760796 0.812322 0.675301 0.557822 0.493959 0.465823 0.540359 0.420566 0.839673 0.999755 0.995587 0.891611 0.691046 0.816758 0.776284 0.676626 0.894277 0.887064 0.980819 0.920326 0.875715 0.835336 0.961222 0.943969 0.910596 0.806817 0.789689 0.899373 0.881024 0.692610
