0.000000 0.332007 0.925416 0.810570 0.932737 0.825084 0.901501 0.584753 0.971699 0.734703 0.661312 0.316161 0.526232 0.518978 0.787103 0.758073 0.551349 0.426688 0.560636 0.493492 0.944967 0.952840 0.815409 0.772448 0.929529 0.899504 0.846532 0.951183 0.578590 0.521613 0.845941 0.709023 0.742890 0.657181 0.964742 0.968534 0.897987 0.820781 0.977284 0.950202 0.886566 0.862056 0.742286 0.669363 0.727833 0.583283 0.689160 0.722662 0.552309 0.456565 0.477643 0.522503 0.722215 0.763302 0.779365 0.861082 0.383124 0.346840 0.519084 0.380307 0.641950 0.560989 0.471110 0.322692 0.984491 0.900920 0.908144 0.811177 0.520326 0.610579 0.758039 0.704500 0.836122 0.822745 0.861584 0.984352 0.923681 0.853657 0.767472 0.699098 0.386294 0.430622 0.847837 0.843230 0.589586 0.596729 0.864286 0.963798 0.642367 0.490136 0.702503 0.766687 0.764239 0.924781 0.854229 0.909715 0.827927 0.844831 0.536664 0.657694 0.847397 0.799023 0.638221 0.790646 0.823004 0.897082 0.900159 0.963701 0.995196 0.834712 0.927827 0.733914 0.702611 0.845532 0.939190 0.993858
0.332007 0.000000 0.933700 0.697252 0.859486 0.957810 0.910388 0.559403 0.915550 0.825153 0.767473 0.410522 0.546182 0.584584 0.807840 0.796860 0.492531 0.406960 0.600709 0.531650 0.917783 0.878009 0.814440 0.753289 0.917071 0.996974 0.951717 0.988255 0.560589 0.488792 0.713315 0.657735 0.716994 0.579006 0.947725 0.913457 0.872415 0.740246 0.951547 0.973508 0.861674 0.830261 0.583090 0.538276 0.719396 0.546707 0.580320 0.677256 0.622207 0.433354 0.442111 0.447675 0.633192 0.673968 0.771558 0.835992 0.307857 0.312164 0.516896 0.358369 0.709493 0.592081 0.621296 0.399978 0.909774 0.781281 0.811009 0.708452 0.510196 0.515547 0.761345 0.646161 0.780189 0.794823 0.919265 0.926441 0.822329 0.820483 0.658494 0.619107 0.405575 0.542471 0.802511 0.840813 0.720663 0.592209 0.955329 0.999935 0.779135 0.528410 0.766018 0.808717 0.814110 0.918014 0.884281 0.894864 0.761741 0.767532 0.634279 0.608813 0.872000 0.842674 0.755773 0.773416 0.828034 0.846166 0.830506 0.842149 0.969002 0.790313 0.979298 0.765439 0.688281 0.806173 0.980275 0.977977
0.925416 0.933700 0.000000 0.423787 0.946955 0.933792 0.476260 0.536638 0.615847 0.917630 0.756883 0.966234 0.851776 0.819997 0.627102 0.646032 0.882216 0.882584 0.759663 0.921497 0.712743 0.848402 0.565923 0.604694 0.334720 0.371385 0.832134 0.963855 0.881586 0.803128 0.450643 0.569711 0.684035 0.730667 0.577771 0.796908 0.792282 0.877213 0.706044 0.936327 0.881937 0.882300 0.571528 0.629923 0.861518 0.844975 0.699769 0.790277 0.628727 0.896050 0.918374 0.919933 0.758977 0.662601 0.958364 0.953899 0.903885 0.908879 0.950675 0.907932 0.658505 0.779016 0.958970 0.972315 0.381616 0.404618 0.462368 0.538146 0.952300 0.926295 0.652989 0.676443 0.603281 0.549629 0.762676 0.878533 0.580764 0.743597 0.792605 0.996508 0.902710 0.938183 0.806647 0.763592 0.837520 0.668531 0.952420 0.934911 0.774817 0.995429 0.770837 0.904382 0.752620 0.754519 0.991594 0.832327 0.826836 0.958133 0.914829 0.717908 0.780214 0.790771 0.996710 0.952563 0.633910 0.672179 0.693101 0.725739 0.950526 0.815066 0.885487 0.984396 0.883965 0.897556 0.700960 0.779245
0.810570 0.697252 0.423787 0.000000 0.854685 0.782216 0.579829 0.368393 0.586394 0.790107 0.815782 0.766744 0.619701 0.560833 0.460866 0.414452 0.790937 0.749609 0.582875 0.769396 0.657484 0.930252 0.366560 0.414635 0.396760 0.451885 0.736257 0.955072 0.877726 0.691259 0.377184 0.465931 0.481256 0.698975 0.608699 0.731210 0.774056 0.761865 0.940996 0.836317 0.987001 0.910895 0.425110 0.477643 0.920920 0.979844 0.743994 0.666874 0.801821 0.812186 0.604287 0.559984 0.480961 0.380452 0.912611 0.924872 0.741857 0.653186 0.870213 0.609642 0.595670 0.532831 0.988687 0.776590 0.378819 0.309302 0.443905 0.472012 0.864748 0.793530 0.439095 0.465482 0.511246 0.512409 0.763813 0.862278 0.600131 0.543544 0.732867 0.768208 0.956384 0.996070 0.727464 0.863085 0.676072 0.469238 0.977873 0.969119 0.979352 0.755024 0.527046 0.661461 0.544415 0.574940 0.832756 0.752301 0.811662 0.851610 0.686367 0.567859 0.767188 0.659969 0.942725 0.973962 0.550491 0.578323 0.754950 0.711658 0.956016 0.865835 0.820099 0.873673 0.776710 0.996944 0.604246 0.732800
0.932737 0.859486 0.946955 0.854685 0.000000 0.683461 0.745871 0.755164 0.512903 0.622440 0.912130 0.981753 0.714848 0.807346 0.700899 0.744520 0.884787 0.808034 0.714351 0.856530 0.953313 0.922934 0.693360 0.812817 0.960444 0.984912 0.813937 0.828408 0.944326 0.939878 0.880862 0.878229 0.861656 0.899065 0.870478 0.960626 0.916034 0.947671 0.841759 0.786739 0.841784 0.882286 0.936517 0.882523 0.972244 0.893870 0.793686 0.886936 0.874412 0.875887 0.919684 0.950735 0.826780 0.810549 0.989964 0.885031 0.834571 0.995891 0.965521 0.956654 0.698635 0.644750 0.933443 0.920840 0.935492 0.880215 0.869474 0.958728 0.975709 0.974179 0.699710 0.976102 0.980361 0.883370 0.968894 0.966776 0.859725 0.867860 0.776479 0.951405 0.852756 0.946945 0.848802 0.790812 0.754773 0.905400 0.998644 0.875455 0.874836 0.932560 0.627804 0.591378 0.651674 0.698824 0.934088 0.825926 0.890671 0.787738 0.825422 0.838113 0.733805 0.727308 0.933693 0.925669 0.878146 0.916194 0.821804 0.925029 0.967105 0.930330 0.910651 0.885097 0.972562 0.977400 0.866157 0.874219
0.825084 0.957810 0.933792 0.782216 0.683461 0.000000 0.644572 0.676257 0.657467 0.621196 0.962366 0.894057 0.903844 0.886133 0.810196 0.752059 0.780425 0.892528 0.685211 0.830513 0.904190 0.994046 0.698026 0.709585 0.953097 0.935721 0.969537 0.843528 0.794377 0.906277 0.800821 0.983999 0.807126 0.786844 0.812639 0.930960 0.900991 0.930991 0.940134 0.849825 0.968720 0.978111 0.941009 0.886342 0.616136 0.773883 0.951627 0.861335 0.800528 0.735296 0.692552 0.744339 0.693189 0.653274 0.840407 0.750693 0.959097 0.866412 0.752740 0.733562 0.605119 0.786437 0.734001 0.715459 0.985004 0.927383 0.675474 0.762798 0.971209 0.915147 0.833694 0.832106 0.894279 0.945516 0.988983 0.814248 0.745788 0.811505 0.960257 0.794284 0.844679 0.831130 0.980911 0.877533 0.717911 0.781692 0.981746 0.958182 0.912956 0.890984 0.471013 0.584291 0.521335 0.781253 0.904363 0.949320 0.815410 0.898492 0.584156 0.695029 0.774438 0.725418 0.713113 0.880316 0.843555 0.921288 0.880271 0.990980 0.947765 0.948787 0.980469 0.696510 0.754048 0.928094 0.722932 0.866874
0.901501 0.910388 0.476260 0.579829 0.745871 0.644572 0.000000 0.410478 0.518552 0.478557 0.989492 0.952564 0.820779 0.894326 0.747759 0.825960 0.732592 0.832080 0.533229 0.820791 0.919365 0.880292 0.727093 0.854020 0.716780 0.648002 0.991274 0.918061 0.613637 0.782062 0.557681 0.665786 0.718307 0.629600 0.694998 0.876366 0.966496 0.998895 0.881815 0.865381 0.792372 0.777112 0.674921 0.673428 0.873825 0.895646 0.710928 0.732738 0.920458 0.969922 0.762463 0.903950 0.791352 0.745614 0.850097 0.939873 0.847986 0.880996 0.653248 0.713733 0.340980 0.631099 0.631463 0.751562 0.699296 0.607520 0.564193 0.607612 0.968806 0.940824 0.723829 0.848186 0.743443 0.753846 0.949792 0.997665 0.594548 0.804897 0.805706 0.950334 0.901247 0.823605 0.922123 0.747426 0.777604 0.823842 0.889847 0.844771 0.858053 0.986638 0.504222 0.683717 0.551877 0.750508 0.866339 0.791220 0.754817 0.747257 0.638764 0.622972 0.614098 0.729601 0.830455 0.904014 0.606219 0.801196 0.788348 0.844622 0.960329 0.789678 0.842173 0.890055 0.703842 0.903915 0.729613 0.893429
0.584753 0.559403 0.536638 0.368393 0.755164 0.676257 0.410478 0.000000 0.533652 0.499261 0.932008 0.576356 0.493922 0.510419 0.501315 0.557955 0.638880 0.617215 0.384101 0.546324 0.788334 0.921851 0.493422 0.584829 0.632577 0.651648 0.955459 0.924811 0.596461 0.584018 0.429286 0.511275 0.510279 0.600434 0.715207 0.806528 0.926378 0.819587 0.970961 0.842615 0.928838 0.791642 0.523020 0.531763 0.843842 0.831706 0.694370 0.670329 0.969832 0.752719 0.518022 0.590965 0.555230 0.519080 0.840500 0.974330 0.589005 0.505392 0.629110 0.452437 0.366887 0.344069 0.655900 0.515633 0.611835 0.473786 0.569812 0.561205 0.730538 0.724797 0.478826 0.542862 0.575497 0.575526 0.897701 0.940021 0.598392 0.700536 0.757024 0.730647 0.720799 0.708376 0.823197 0.874801 0.570837 0.530388 0.870897 0.932172 0.904510 0.683926 0.414992 0.528174 0.481261 0.591833 0.821507 0.739667 0.682924 0.788304 0.508303 0.473680 0.598560 0.633394 0.822259 0.825377 0.576096 0.659210 0.767882 0.707240 0.993535 0.799338 0.810370 0.788841 0.682319 0.928189 0.693970 0.832376
0.971699 0.915550 0.615847 0.586394 0.512903 0.657467 0.518552 0.533652 0.000000 0.537104 0.854528 0.957983 0.643359 0.711369 0.602736 0.606638 0.956874 0.899688 0.611685 0.879899 0.832973 0.947801 0.560984 0.694352 0.715829 0.725590 0.782206 0.994989 0.890379 0.901515 0.587081 0.793736 0.800608 0.913308 0.800280 0.906481 0.982823 0.967893 0.900633 0.792637 0.830505 0.965113 0.873975 0.947092 0.969284 0.844880 0.907985 0.991635 0.782029 0.820417 0.911245 0.957726 0.761719 0.744912 0.905768 0.903337 0.934571 0.933223 0.991013 0.953774 0.588015 0.549846 0.964460 0.933973 0.738700 0.678357 0.747695 0.867763 0.977820 0.973554 0.548400 0.727056 0.666211 0.623626 0.840487 0.922281 0.703081 0.749668 0.827439 0.911088 0.810759 0.869547 0.902423 0.682320 0.775812 0.849607 0.893158 0.992003 0.951410 0.969496 0.515666 0.554124 0.598677 0.534855 0.985989 0.811606 0.849166 0.868681 0.732565 0.710454 0.712413 0.713418 0.948358 0.892598 0.714342 0.740382 0.888098 0.701523 0.942382 0.887048 0.869970 0.896007 0.878271 0.997359 0.644677 0.905023
0.734703 0.825153 0.917630 0.790107 0.622440 0.621196 0.478557 0.499261 0.537104 0.000000 0.857433 0.739437 0.649363 0.780221 0.784165 0.905612 0.774486 0.798668 0.524456 0.707462 0.961046 0.984386 0.843462 0.993794 0.880226 0.971106 0.878868 0.966147 0.566279 0.717318 0.695007 0.816676 0.754104 0.713712 0.910100 0.953597 0.792047 0.999226 0.781297 0.850566 0.860884 0.911139 0.912805 0.894255 0.728427 0.770613 0.935405 0.907588 0.795095 0.890577 0.736569 0.864435 0.843676 0.853047 0.801742 0.946278 0.842954 0.770949 0.688007 0.680196 0.433571 0.532166 0.576179 0.608202 0.912653 0.949483 0.882204 0.925185 0.834543 0.829392 0.715812 0.795696 0.913686 0.884787 0.853092 0.795506 0.765965 0.957701 0.992725 0.967383 0.827460 0.832549 0.924362 0.767589 0.826590 0.987516 0.779919 0.758445 0.966806 0.963887 0.459685 0.527598 0.530732 0.678155 0.980931 0.809260 0.805723 0.758258 0.535485 0.626263 0.623934 0.715247 0.733563 0.855289 0.838123 0.886897 0.918128 0.842632 0.964889 0.842261 0.875656 0.797626 0.771999 0.937913 0.772120 0.943732
0.661312 0.767473 0.756883 0.815782 0.912130 0.962366 0.989492 0.932008 0.854528 0.857433 0.000000 0.675004 0.778181 0.863116 0.898672 0.778353 0.742372 0.701688 0.830028 0.714244 0.918206 0.993960 0.702483 0.756826 0.706836 0.714752 0.575258 0.903564 0.688222 0.793330 0.785101 0.887757 0.886631 0.762528 0.739849 0.755307 0.952955 0.918194 0.990771 0.826848 0.853944 0.953082 0.862159 0.982815 0.997757 0.869749 0.999565 0.970388 0.823560 0.975130 0.988176 0.921540 0.780869 0.826704 0.987547 0.843934 0.836639 0.831975 0.732738 0.803080 0.802895 0.927421 0.548416 0.712175 0.688184 0.804797 0.764737 0.899208 0.688996 0.976300 0.895210 0.892859 0.879924 0.841085 0.829881 0.962212 0.842735 0.908773 0.941063 0.880715 0.701788 0.617736 0.844331 0.854214 0.949415 0.851919 0.860016 0.930268 0.881026 0.952927 0.952169 0.996779 0.977847 0.893304 0.985332 0.926004 0.844159 0.926365 0.881429 0.934176 0.802203 0.969522 0.847851 0.909943 0.900867 0.793917 0.854573 0.802808 0.846829 0.987283 0.992806 0.990388 0.888029 0.913455 0.923043 0.813692
0.316161 0.410522 0.966234 0.766744 0.981753 0.894057 0.952564 0.576356 0.957983 0.739437 0.675004 0.000000 0.483168 0.428932 0.680125 0.678641 0.641400 0.449236 0.526954 0.427372 0.949569 0.996322 0.760098 0.723089 0.983133 0.916049 0.905593 0.940188 0.635543 0.499255 0.833940 0.715628 0.720224 0.734792 0.969674 0.981363 0.976604 0.807951 0.978095 0.928631 0.875730 0.867024 0.806302 0.764193 0.870294 0.744326 0.843855 0.852094 0.706732 0.613872 0.586265 0.605306 0.762318 0.777389 0.837695 0.999302 0.477309 0.395280 0.664237 0.489679 0.713945 0.507804 0.615435 0.398892 0.955937 0.864528 0.939943 0.885932 0.483790 0.615425 0.729154 0.626852 0.810112 0.729850 0.951338 0.987715 0.921945 0.912082 0.783414 0.694353 0.512788 0.516834 0.825458 0.837117 0.586352 0.581339 0.902919 0.902487 0.631649 0.549633 0.734013 0.749477 0.793797 0.818239 0.946656 0.936047 0.841202 0.958574 0.626995 0.700230 0.894442 0.770940 0.745504 0.782838 0.843864 0.905056 0.888118 0.921916 0.970952 0.876267 0.954466 0.705535 0.812842 0.981342 0.941364 0.979372
0.526232 0.546182 0.851776 0.619701 0.714848 0.903844 0.820779 0.493922 0.643359 0.649363 0.778181 0.483168 0.000000 0.349452 0.477687 0.582376 0.810132 0.725318 0.500550 0.511955 0.875843 0.921388 0.608893 0.677486 0.865376 0.928058 0.952568 0.945273 0.668538 0.527060 0.649442 0.623633 0.708573 0.829049 0.952343 0.962469 0.894790 0.886270 0.906503 0.974291 0.978571 0.916968 0.806481 0.818484 0.955830 0.971954 0.963002 0.985445 0.994651 0.850359 0.726371 0.691445 0.786366 0.700508 0.986842 0.932884 0.665191 0.476305 0.830748 0.608459 0.589740 0.451506 0.723389 0.561606 0.847945 0.744384 0.926642 0.890258 0.649160 0.684913 0.495589 0.532776 0.653842 0.627427 0.992212 0.977742 0.866967 0.754122 0.957515 0.836372 0.828343 0.828687 0.803364 0.872214 0.735460 0.749387 0.791929 0.969702 0.804219 0.664221 0.617044 0.584757 0.695993 0.594598 0.926648 0.840666 0.658209 0.761025 0.654796 0.699661 0.780627 0.682810 0.891887 0.790659 0.821705 0.765560 0.912190 0.761393 0.978134 0.844888 0.922663 0.818163 0.804922 0.926254 0.778774 0.926989
0.518978 0.584584 0.819997 0.560833 0.807346 0.886133 0.894326 0.510419 0.711369 0.780221 0.863116 0.428932 0.349452 0.000000 0.432120 0.446484 0.798788 0.621785 0.521564 0.432008 0.749466 0.980385 0.503669 0.501058 0.808903 0.803705 0.929651 0.911728 0.762837 0.595318 0.633505 0.615247 0.687666 0.825982 0.867917 0.960722 0.953544 0.874236 0.910797 0.906264 0.952695 0.814341 0.827874 0.825112 0.939976 0.993698 0.941409 0.949589 0.993553 0.834728 0.692809 0.649142 0.726512 0.643427 0.952701 0.857549 0.711419 0.469259 0.938584 0.634039 0.715490 0.447341 0.794225 0.557254 0.772442 0.678867 0.827987 0.871204 0.736851 0.739783 0.502541 0.466060 0.594854 0.510488 0.873514 0.969402 0.846879 0.819121 0.858604 0.790674 0.814870 0.755279 0.773888 0.929123 0.634295 0.579505 0.922165 0.960485 0.735096 0.560950 0.621908 0.605752 0.671470 0.559979 0.824002 0.786766 0.798420 0.899087 0.668700 0.679255 0.792574 0.660635 0.922000 0.766664 0.722458 0.706265 0.941617 0.764024 0.974306 0.877849 0.935550 0.863761 0.786182 0.941228 0.768942 0.881994
0.787103 0.807840 0.627102 0.460866 0.700899 0.810196 0.747759 0.501315 0.602736 0.784165 0.898672 0.680125 0.477687 0.432120 0.000000 0.360270 0.909743 0.805730 0.633938 0.665846 0.705476 0.938931 0.347731 0.444632 0.672462 0.682187 0.843934 0.926238 0.822554 0.675679 0.545352 0.619997 0.610603 0.912850 0.686921 0.729670 0.877707 0.864807 0.920105 0.840275 0.998202 0.887836 0.743524 0.793809 0.999086 0.939678 0.991121 0.934942 0.851780 0.907899 0.773428 0.669098 0.617748 0.486574 0.996101 0.823397 0.928635 0.662905 0.962243 0.748074 0.667692 0.561265 0.955711 0.767215 0.585776 0.586269 0.643391 0.735806 0.895477 0.681673 0.413078 0.424959 0.570040 0.550945 0.722719 0.935117 0.665434 0.725222 0.877264 0.904102 0.986224 0.958638 0.640904 0.819197 0.650785 0.593544 0.916657 0.995396 0.816539 0.741374 0.538443 0.512881 0.551720 0.418349 0.806311 0.858491 0.873695 0.927392 0.644472 0.585565 0.816819 0.595739 0.928153 0.849265 0.655784 0.620268 0.866801 0.778733 0.848572 0.942898 0.910338 0.774067 0.876504 0.934185 0.667719 0.894130
0.758073 0.796860 0.646032 0.414452 0.744520 0.752059 0.825960 0.557955 0.606638 0.905612 0.778353 0.678641 0.582376 0.446484 0.360270 0.000000 0.950579 0.838526 0.637326 0.732840 0.744278 0.976567 0.259300 0.303012 0.590415 0.645214 0.653023 0.933515 0.965794 0.684662 0.556267 0.569486 0.609241 0.906593 0.626363 0.739049 0.898574 0.818342 0.979868 0.895404 0.859429 0.973613 0.691602 0.722544 0.903179 0.983939 0.958465 0.807572 0.916251 0.774635 0.645984 0.544510 0.470430 0.422093 0.930168 0.878789 0.881457 0.657722 0.985892 0.694184 0.728096 0.573425 0.954534 0.777221 0.487436 0.514460 0.525834 0.683168 0.866706 0.752537 0.436086 0.478390 0.549054 0.567386 0.713503 0.932341 0.684527 0.698211 0.906769 0.843593 0.998489 0.990977 0.588584 0.903787 0.506547 0.434946 0.980174 0.800696 0.707627 0.588126 0.552982 0.571539 0.537462 0.499156 0.777153 0.814901 0.913049 0.956980 0.657409 0.576273 0.902520 0.617743 0.893605 0.967120 0.592123 0.625980 0.848389 0.783145 0.897624 0.971790 0.865035 0.745709 0.832588 0.935767 0.594768 0.811534
0.551349 0.492531 0.882216 0.790937 0.884787 0.780425 0.732592 0.638880 0.956874 0.774486 0.742372 0.641400 0.810132 0.798788 0.909743 0.950579 0.000000 0.446469 0.657168 0.646791 0.978362 0.924232 0.924611 0.910849 0.929841 0.981263 0.832046 0.932996 0.435921 0.568711 0.780254 0.761497 0.798369 0.469753 0.882722 0.981099 0.994084 0.856036 0.917605 0.992838 0.981834 0.734734 0.692497 0.582714 0.663891 0.554080 0.522804 0.637044 0.676087 0.588373 0.650832 0.697490 0.774411 0.786192 0.671804 0.654274 0.545533 0.591349 0.539005 0.527679 0.638533 0.771175 0.513940 0.486278 0.960294 0.859276 0.745594 0.679893 0.681979 0.731412 0.907443 0.874957 0.960736 0.963477 0.934188 0.894810 0.704633 0.880488 0.698342 0.723826 0.479574 0.522172 0.930514 0.802765 0.777604 0.738232 0.960291 0.941593 0.939192 0.749121 0.735366 0.876944 0.788146 0.999209 0.972099 0.802500 0.789812 0.806387 0.674337 0.683465 0.780814 0.822828 0.811304 0.858267 0.863456 0.838950 0.955301 0.910106 0.930775 0.716459 0.951276 0.767063 0.668871 0.878602 0.964868 0.828110
0.426688 0.406960 0.882584 0.749609 0.808034 0.892528 0.832080 0.617215 0.899688 0.798668 0.701688 0.449236 0.725318 0.621785 0.805730 0.838526 0.446469 0.000000 0.631030 0.538356 0.911015 0.971391 0.864646 0.794947 0.931836 0.903125 0.839359 0.973432 0.538729 0.477503 0.730900 0.676401 0.709646 0.580155 0.914170 0.972903 0.980715 0.749846 0.889201 0.993275 0.907241 0.733358 0.622143 0.548529 0.726107 0.531938 0.614903 0.615479 0.625365 0.520023 0.521697 0.545731 0.712496 0.683581 0.739914 0.824522 0.457220 0.434383 0.577811 0.470932 0.731590 0.679788 0.601682 0.429215 0.922523 0.822716 0.755841 0.736431 0.576249 0.564777 0.839957 0.739995 0.868350 0.803526 0.940362 0.977226 0.787091 0.871974 0.588758 0.576905 0.396728 0.512018 0.910227 0.777130 0.788919 0.635567 0.995311 0.901240 0.846869 0.658908 0.763859 0.858992 0.763538 0.933035 0.851557 0.847253 0.827721 0.869366 0.636544 0.598309 0.805184 0.816374 0.713949 0.814417 0.785835 0.823042 0.864404 0.930425 0.958972 0.776445 0.865010 0.849364 0.727502 0.835408 0.937703 0.852695
0.560636 0.600709 0.759663 0.582875 0.714351 0.685211 0.533229 0.384101 0.611685 0.524456 0.830028 0.526954 0.500550 0.521564 0.633938 0.637326 0.657168 0.631030 0.000000 0.515268 0.992295 0.927137 0.636040 0.683445 0.862392 0.824730 0.947189 0.973602 0.602742 0.566031 0.613103 0.653679 0.703164 0.622353 0.836318 0.908879 0.954119 0.873200 0.958440 0.981984 0.946578 0.822904 0.716061 0.647110 0.809327 0.812219 0.719661 0.782623 0.920877 0.777317 0.597109 0.656988 0.700301 0.672392 0.723916 0.981019 0.635450 0.553130 0.666103 0.540499 0.457065 0.416374 0.608551 0.484980 0.794909 0.640522 0.684506 0.766771 0.706685 0.756573 0.653923 0.647535 0.699165 0.631288 0.979533 0.932366 0.739867 0.824222 0.883344 0.823582 0.685370 0.654374 0.828617 0.962866 0.582883 0.595123 0.880960 0.989751 0.891861 0.644235 0.485932 0.592197 0.582909 0.698678 0.844254 0.819218 0.688064 0.779076 0.486006 0.583985 0.575432 0.661008 0.747404 0.803481 0.616555 0.760929 0.889959 0.835980 0.893629 0.737459 0.800271 0.729813 0.730407 0.895904 0.720783 0.951791
0.493492 0.531650 0.921497 0.769396 0.856530 0.830513 0.820791 0.546324 0.879899 0.707462 0.714244 0.427372 0.511955 0.432008 0.665846 0.732840 0.646791 0.538356 0.515268 0.000000 0.941333 0.926979 0.789122 0.713919 0.968994 0.940291 0.886790 0.975503 0.596646 0.575886 0.783612 0.727799 0.739182 0.734998 0.935295 0.942510 0.912078 0.886673 0.974051 0.889329 0.957267 0.814404 0.896966 0.815790 0.938323 0.836492 0.817412 0.885204 0.830383 0.802272 0.712701 0.748318 0.871799 0.815642 0.929553 0.949128 0.621720 0.481676 0.709617 0.563163 0.661927 0.520110 0.577960 0.417433 0.985334 0.813938 0.879114 0.822523 0.580975 0.697246 0.758749 0.685311 0.794690 0.720605 0.989368 0.982034 0.818197 0.940755 0.755694 0.696222 0.596394 0.516007 0.839549 0.952459 0.667305 0.694039 0.862221 0.970476 0.753832 0.680727 0.679984 0.719036 0.745773 0.801684 0.842050 0.851539 0.714600 0.881957 0.624694 0.720018 0.789236 0.783581 0.806226 0.720816 0.765658 0.757985 0.974273 0.879505 0.855849 0.872007 0.997890 0.818355 0.768173 0.883091 0.966046 0.903292
0.944967 0.917783 0.712743 0.657484 0.953313 0.904190 0.919365 0.788334 0.832973 0.961046 0.918206 0.949569 0.875843 0.749466 0.705476 0.744278 0.978362 0.911015 0.992295 0.941333 0.000000 0.987519 0.757821 0.756803 0.708145 0.593412 0.995603 0.967676 0.988741 0.949110 0.675205 0.830508 0.804800 0.974693 0.785707 0.906208 0.937667 0.909981 0.948704 0.865497 0.928763 0.941402 0.827610 0.912850 0.792922 0.823350 0.944174 0.967222 0.746055 0.936037 0.975978 0.939640 0.896138 0.788041 0.999233 0.848484 0.982364 0.975841 0.942638 0.998349 0.960062 0.860846 0.899410 0.950356 0.683470 0.667737 0.760695 0.813727 0.995391 0.986227 0.847472 0.786018 0.707518 0.654549 0.827619 0.840354 0.799826 0.809009 0.806611 0.929517 0.896919 0.897397 0.988509 0.820774 0.978421 0.815188 0.988314 0.876384 0.966732 0.975683 0.903552 0.942390 0.875409 0.759667 0.775297 0.871701 0.945488 0.943867 0.999569 0.864058 0.917657 0.842311 0.869180 0.877439 0.797306 0.824642 0.927784 0.900212 0.802293 0.992736 0.997215 0.856278 0.893112 0.963270 0.889154 0.883719
0.952840 0.878009 0.848402 0.930252 0.922934 0.994046 0.880292 0.921851 0.947801 0.984386 0.993960 0.996322 0.921388 0.980385 0.938931 0.976567 0.924232 0.971391 0.927137 0.926979 0.987519 0.000000 0.990256 0.981297 0.783772 0.909967 0.899925 0.975519 0.928986 0.970448 0.895403 0.868923 0.943927 0.830136 0.919325 0.960576 0.986123 0.977406 0.989351 0.871734 0.916782 0.797257 0.897169 0.902506 0.967374 0.992484 0.893377 0.990011 0.992379 0.980819 0.998415 0.942981 0.938089 0.980556 0.886958 0.969572 0.915172 0.969255 0.909800 0.947219 0.864142 0.969825 0.977522 0.980633 0.872231 0.918484 0.909872 0.943250 0.966551 0.937326 0.954772 0.867146 0.957355 0.931701 0.998387 0.978313 0.855304 0.951991 0.969592 0.920902 0.951033 0.989769 0.950872 0.990075 0.942263 0.973485 0.960460 0.887453 0.880584 0.987956 0.978534 0.960542 0.988565 0.963126 0.959951 0.931500 0.936115 0.935197 0.995431 0.975458 0.966226 0.874435 0.992249 0.965044 0.976454 0.960408 0.739348 0.982540 0.961739 0.800776 0.838380 0.949054 0.954306 0.855579 0.732427 0.991227
0.815409 0.814440 0.565923 0.366560 0.693360 0.698026 0.727093 0.493422 0.560984 0.843462 0.702483 0.760098 0.608893 0.503669 0.347731 0.259300 0.924611 0.864646 0.636040 0.789122 0.757821 0.990256 0.000000 0.303945 0.530734 0.589455 0.628648 0.903043 0.940309 0.685108 0.479219 0.539681 0.554002 0.918292 0.601204 0.715253 0.882883 0.789619 0.964648 0.876968 0.960732 0.946349 0.646764 0.703634 0.891349 0.989843 0.905236 0.803159 0.877553 0.779931 0.641930 0.551783 0.450924 0.397665 0.920160 0.884561 0.865197 0.667272 0.988865 0.705543 0.693226 0.574730 0.946637 0.801366 0.443399 0.465657 0.467700 0.617860 0.970696 0.742343 0.395342 0.496080 0.549023 0.574869 0.742782 0.955489 0.631528 0.671959 0.914778 0.842124 0.968385 0.958094 0.574186 0.847615 0.503184 0.423594 0.989230 0.812579 0.802350 0.602610 0.541555 0.549639 0.516131 0.488715 0.806152 0.789699 0.861880 0.938770 0.672516 0.559771 0.806221 0.626398 0.912564 0.955487 0.552062 0.582456 0.889649 0.716506 0.899444 0.994086 0.833876 0.768970 0.888913 0.941766 0.644646 0.807939
0.772448 0.753289 0.604694 0.414635 0.812817 0.709585 0.854020 0.584829 0.694352 0.993794 0.756826 0.723089 0.677486 0.501058 0.444632 0.303012 0.910849 0.794947 0.683445 0.713919 0.756803 0.981297 0.303945 0.000000 0.527732 0.568217 0.618947 0.930484 0.998505 0.739059 0.567895 0.634853 0.568502 0.924668 0.613587 0.724163 0.793676 0.777758 0.928652 0.873375 0.888142 0.955989 0.682003 0.738053 0.911738 0.986964 0.870384 0.796552 0.880127 0.755290 0.626964 0.541092 0.489998 0.404395 0.903596 0.923179 0.830311 0.643928 0.983546 0.737214 0.822981 0.677102 0.926349 0.806789 0.489252 0.484201 0.470501 0.625178 0.921428 0.752656 0.529772 0.512775 0.623204 0.536246 0.681847 0.847963 0.680156 0.695944 0.844872 0.783634 0.937860 0.941410 0.616469 0.938936 0.549716 0.369484 0.894024 0.782633 0.788415 0.636699 0.623237 0.701071 0.583954 0.613099 0.797415 0.817463 0.899159 0.975451 0.690581 0.644123 0.875333 0.675552 0.905598 0.849324 0.569558 0.580732 0.945380 0.850325 0.953751 0.971156 0.910508 0.740227 0.863956 0.868152 0.710161 0.760890
0.929529 0.917071 0.334720 0.396760 0.960444 0.953097 0.716780 0.632577 0.715829 0.880226 0.706836 0.983133 0.865376 0.808903 0.672462 0.590415 0.929841 0.931836 0.862392 0.968994 0.708145 0.783772 0.530734 0.527732 0.000000 0.367985 0.754952 0.977691 0.907687 0.891094 0.516599 0.621972 0.695543 0.814433 0.623209 0.841075 0.706746 0.839259 0.783311 0.989109 0.974559 0.934502 0.545119 0.607710 0.829784 0.802692 0.750861 0.760027 0.631122 0.948369 0.911421 0.865861 0.713169 0.636983 0.959589 0.952995 0.904202 0.893071 0.944483 0.919948 0.850966 0.838365 0.759123 0.913378 0.316481 0.374996 0.535129 0.556138 0.990686 0.992392 0.680549 0.689798 0.623585 0.616303 0.734930 0.882620 0.739299 0.634687 0.822432 0.963298 0.861147 0.919344 0.767509 0.962469 0.814843 0.574108 0.905757 0.933748 0.837852 0.932888 0.893973 0.994111 0.877292 0.843615 0.999762 0.798131 0.859785 0.991415 0.961514 0.830944 0.935066 0.909979 0.885476 0.874319 0.707230 0.655010 0.690093 0.791762 0.959401 0.893896 0.939212 0.990604 0.956458 0.956219 0.678935 0.674169
0.899504 0.996974 0.371385 0.451885 0.984912 0.935721 0.648002 0.651648 0.725590 0.971106 0.714752 0.916049 0.928058 0.803705 0.682187 0.645214 0.981263 0.903125 0.824730 0.940291 0.593412 0.909967 0.589455 0.568217 0.367985 0.000000 0.902984 0.968202 0.957367 0.912299 0.538513 0.665207 0.649851 0.792816 0.594259 0.856488 0.810296 0.892428 0.759309 0.972868 0.935561 0.944075 0.562120 0.655798 0.872637 0.853873 0.711110 0.779275 0.643682 0.935790 0.860122 0.867984 0.775306 0.627414 0.914365 0.943603 0.966095 0.971363 0.989146 0.915647 0.781280 0.834904 0.887336 0.957339 0.413270 0.373231 0.469174 0.518056 0.909782 0.991189 0.743054 0.715125 0.638724 0.589704 0.736579 0.819794 0.678648 0.682461 0.772103 0.993962 0.906460 0.893900 0.850172 0.881554 0.895906 0.635167 0.923991 0.892348 0.834301 0.945063 0.803838 0.995247 0.776330 0.842653 0.865486 0.756532 0.829389 0.982986 0.926138 0.842403 0.846754 0.832386 0.899037 0.979173 0.581630 0.553881 0.754048 0.834079 0.999240 0.835912 0.923374 0.894604 0.834300 0.861358 0.714657 0.724012
0.846532 0.951717 0.832134 0.736257 0.813937 0.969537 0.991274 0.955459 0.782206 0.878868 0.575258 0.905593 0.952568 0.929651 0.843934 0.653023 0.832046 0.839359 0.947189 0.886790 0.995603 0.899925 0.628648 0.618947 0.754952 0.902984 0.000000 0.978004 0.799908 0.976330 0.833062 0.826486 0.849504 0.834502 0.826299 0.813559 0.768614 0.787140 0.924130 0.864768 0.947509 0.951760 0.851696 0.966751 0.986597 0.929047 0.873886 0.974142 0.856047 0.935141 0.870237 0.784488 0.654039 0.747961 0.929299 0.894948 0.973885 0.961461 0.882332 0.967484 0.917623 0.930442 0.716452 0.869727 0.731344 0.776335 0.799663 0.929190 0.919694 0.875585 0.728455 0.896309 0.882769 0.899622 0.795650 0.868272 0.857580 0.894249 0.989232 0.939992 0.780023 0.756518 0.790503 0.937099 0.805144 0.799706 0.808142 0.770363 0.954541 0.860659 0.950468 0.862877 0.911919 0.791305 0.994654 0.925105 0.979466 0.907350 0.943781 0.900974 0.858167 0.879882 0.948941 0.997308 0.853548 0.786241 0.955420 0.914605 0.996082 0.840715 0.908413 0.873767 0.909708 0.892205 0.982015 0.948723
0.951183 0.988255 0.963855 0.955072 0.828408 0.843528 0.918061 0.924811 0.994989 0.966147 0.903564 0.940188 0.945273 0.911728 0.926238 0.933515 0.932996 0.973432 0.973602 0.975503 0.967676 0.975519 0.903043 0.930484 0.977691 0.968202 0.978004 0.000000 0.915275 0.923615 0.995564 0.994913 0.987559 0.998591 0.806894 0.869272 0.888369 0.994256 0.880563 0.940001 0.958534 0.992217 0.963544 0.982934 0.967592 0.933909 0.952474 0.969647 0.976102 0.977490 0.978770 0.968164 0.973832 0.928641 0.837999 0.936127 0.971985 0.909903 0.930316 0.977699 0.865881 0.998130 0.928914 0.954371 0.901056 0.985150 0.979199 0.930759 0.993671 0.920167 0.871396 0.993631 0.891120 0.962210 0.899886 0.860955 0.966401 0.942977 0.968055 0.886632 0.958093 0.919292 0.968686 0.829448 0.858101 0.927292 0.939227 0.989275 0.979988 0.991805 0.928162 0.901665 0.874102 0.871879 0.966099 0.913303 0.998983 0.958722 0.986945 0.962548 0.937477 0.849717 0.930635 0.917084 0.884718 0.759032 0.899532 0.855552 0.973964 0.810813 0.893173 0.982107 0.959232 0.843529 0.986959 0.961940
0.578590 0.560589 0.881586 0.877726 0.944326 0.794377 0.613637 0.596461 0.890379 0.566279 0.688222 0.635543 0.668538 0.762837 0.822554 0.965794 0.435921 0.538729 0.602742 0.596646 0.988741 0.928986 0.940309 0.998505 0.907687 0.957367 0.799908 0.915275 0.000000 0.447815 0.761552 0.792219 0.837680 0.554275 0.914093 0.985530 0.970178 0.933846 0.952654 0.934833 0.967030 0.847040 0.839079 0.746743 0.767970 0.627033 0.656560 0.835319 0.697185 0.683306 0.718205 0.792898 0.888297 0.912666 0.783912 0.735194 0.552921 0.548431 0.518960 0.563437 0.493855 0.715666 0.389810 0.438723 0.939689 0.957417 0.829384 0.795761 0.632907 0.612093 0.824274 0.846656 0.926948 0.966272 0.875916 0.908180 0.709019 0.960458 0.722615 0.793526 0.494543 0.545703 0.992103 0.969600 0.768471 0.881122 0.877306 0.913953 0.916556 0.814604 0.717866 0.793469 0.779160 0.897131 0.960003 0.904542 0.707166 0.777133 0.665810 0.669177 0.718100 0.694577 0.744094 0.772285 0.859285 0.960674 0.949521 0.969922 0.931433 0.770822 0.884494 0.808174 0.673447 0.808195 0.973174 0.976903
0.521613 0.488792 0.803128 0.691259 0.939878 0.906277 0.782062 0.584018 0.901515 0.717318 0.793330 0.499255 0.527060 0.595318 0.675679 0.684662 0.568711 0.477503 0.566031 0.575886 0.949110 0.970448 0.685108 0.739059 0.891094 0.912299 0.976330 0.923615 0.447815 0.000000 0.696976 0.606494 0.659293 0.639043 0.845752 0.956816 0.861313 0.840887 0.898369 0.911117 0.939253 0.968485 0.738135 0.668812 0.793109 0.696391 0.642025 0.774317 0.771653 0.612007 0.623207 0.614677 0.760932 0.730677 0.689778 0.909965 0.467049 0.447600 0.546591 0.478635 0.556946 0.620112 0.578120 0.436967 0.840091 0.754059 0.690186 0.688085 0.510366 0.489072 0.634603 0.746815 0.842823 0.752273 0.962360 0.971861 0.726128 0.848662 0.782097 0.747310 0.564757 0.657039 0.780530 0.945448 0.644575 0.658114 0.864763 0.889404 0.797669 0.644635 0.750372 0.821008 0.768429 0.855656 0.976900 0.876206 0.673697 0.830729 0.648363 0.611669 0.808987 0.755947 0.720482 0.858527 0.778388 0.810889 0.950931 0.866275 0.964740 0.850921 0.788927 0.751527 0.761018 0.841148 0.855047 0.970654
0.845941 0.713315 0.450643 0.377184 0.880862 0.800821 0.557681 0.429286 0.587081 0.695007 0.785101 0.833940 0.649442 0.633505 0.545352 0.556267 0.780254 0.730900 0.613103 0.783612 0.675205 0.895403 0.479219 0.567895 0.516599 0.538513 0.833062 0.995564 0.761552 0.696976 0.000000 0.455893 0.563886 0.645700 0.660135 0.791221 0.930856 0.862587 0.971430 0.829211 0.985592 0.850817 0.547906 0.588566 0.929317 0.942888 0.821256 0.780589 0.876748 0.832699 0.698027 0.662929 0.609900 0.517179 0.889493 0.981082 0.718722 0.697349 0.863421 0.708840 0.614112 0.602478 0.919667 0.764614 0.564753 0.525569 0.493067 0.558571 0.929066 0.783832 0.534487 0.446729 0.544719 0.578588 0.862049 0.994483 0.539834 0.646251 0.753296 0.789168 0.919657 0.969139 0.916244 0.718907 0.813150 0.669709 0.806897 0.786145 0.890776 0.807899 0.544937 0.638135 0.533598 0.521445 0.963336 0.728313 0.819563 0.855976 0.650927 0.457490 0.757721 0.570686 0.810374 0.929842 0.626030 0.600537 0.720954 0.659754 0.941238 0.763409 0.851444 0.891750 0.721057 0.923733 0.634971 0.776004
0.709023 0.657735 0.569711 0.465931 0.878229 0.983999 0.665786 0.511275 0.793736 0.816676 0.887757 0.715628 0.623633 0.615247 0.619997 0.569486 0.761497 0.676401 0.653679 0.727799 0.830508 0.868923 0.539681 0.634853 0.621972 0.665207 0.826486 0.994913 0.792219 0.606494 0.455893 0.000000 0.549334 0.756521 0.781198 0.879840 0.933409 0.776117 0.938770 0.981448 0.982334 0.872370 0.495682 0.546875 0.969413 0.895422 0.697521 0.669711 0.972017 0.753459 0.643258 0.618969 0.628812 0.606981 0.996818 0.957697 0.665105 0.643234 0.773178 0.593709 0.604464 0.584309 0.841762 0.682487 0.525874 0.507203 0.584814 0.605066 0.800938 0.819233 0.582701 0.641721 0.638324 0.688386 0.926952 0.819240 0.754129 0.738959 0.788583 0.718037 0.849461 0.853430 0.702963 0.956735 0.672056 0.580025 0.912258 0.989643 0.870622 0.652651 0.728715 0.819825 0.724134 0.769486 0.936654 0.844246 0.883980 0.788472 0.776933 0.660624 0.889760 0.718062 0.846360 0.922480 0.552535 0.632566 0.756060 0.757826 0.938549 0.789742 0.837059 0.977524 0.770124 0.980125 0.744574 0.904792
0.742890 0.716994 0.684035 0.481256 0.861656 0.807126 0.718307 0.510279 0.800608 0.754104 0.886631 0.720224 0.708573 0.687666 0.610603 0.609241 0.798369 0.709646 0.703164 0.739182 0.804800 0.943927 0.554002 0.568502 0.695543 0.649851 0.849504 0.987559 0.837680 0.659293 0.563886 0.549334 0.000000 0.739714 0.668594 0.764453 0.971959 0.740525 0.971851 0.732518 0.831740 0.954310 0.648581 0.658714 0.811890 0.855489 0.778875 0.714975 0.974670 0.773875 0.622931 0.652791 0.678506 0.576500 0.908984 0.931700 0.699828 0.673258 0.713588 0.593607 0.651670 0.565657 0.838894 0.652297 0.679654 0.553194 0.527894 0.551711 0.732752 0.683529 0.648989 0.638670 0.679305 0.675709 0.895151 0.774260 0.690668 0.757233 0.834639 0.655632 0.798920 0.849102 0.800199 0.985293 0.678190 0.541742 0.918811 0.993048 0.941157 0.794225 0.626634 0.808865 0.624248 0.730007 0.869347 0.812173 0.755677 0.865655 0.582372 0.630229 0.820228 0.743829 0.932404 0.946682 0.594676 0.646464 0.834161 0.835682 0.972777 0.938377 0.829194 0.766545 0.832364 0.903840 0.801352 0.883570
0.657181 0.579006 0.730667 0.698975 0.899065 0.786844 0.629600 0.600434 0.913308 0.713712 0.762528 0.734792 0.829049 0.825982 0.912850 0.906593 0.469753 0.580155 0.622353 0.734998 0.974693 0.830136 0.918292 0.924668 0.814433 0.792816 0.834502 0.998591 0.554275 0.639043 0.645700 0.756521 0.739714 0.000000 0.840702 0.993875 0.909161 0.903185 0.819109 0.907987 0.955204 0.821968 0.686895 0.546426 0.693031 0.643888 0.548187 0.811145 0.787546 0.722740 0.694984 0.759897 0.819551 0.799487 0.683369 0.703929 0.592634 0.710556 0.543231 0.571227 0.570784 0.715161 0.582327 0.577276 0.910972 0.778867 0.637804 0.549713 0.668489 0.776333 0.832424 0.738521 0.861102 0.897931 0.937125 0.977352 0.688736 0.809987 0.765045 0.871105 0.607141 0.664310 0.942141 0.935676 0.871387 0.792399 0.847663 0.862546 0.934333 0.864816 0.663747 0.859652 0.750221 0.908925 0.949528 0.806406 0.841260 0.934357 0.646838 0.628367 0.794595 0.668712 0.708465 0.991755 0.793400 0.831209 0.738847 0.941950 0.812044 0.747861 0.937817 0.851107 0.607972 0.914194 0.807337 0.882567
0.964742 0.947725 0.577771 0.608699 0.870478 0.812639 0.694998 0.715207 0.800280 0.910100 0.739849 0.969674 0.952343 0.867917 0.686921 0.626363 0.882722 0.914170 0.836318 0.935295 0.785707 0.919325 0.601204 0.613587 0.623209 0.594259 0.826299 0.806894 0.914093 0.845752 0.660135 0.781198 0.668594 0.840702 0.000000 0.831563 0.936318 0.913387 0.734076 0.874814 0.935596 0.977752 0.753191 0.820585 0.925578 0.996355 0.795674 0.730248 0.848255 0.897088 0.826200 0.861097 0.739888 0.669542 0.806572 0.962826 0.980049 0.924985 0.937024 0.879508 0.780080 0.852785 0.926902 0.972875 0.555415 0.587304 0.533226 0.652888 0.953246 0.887798 0.859051 0.743859 0.777126 0.749863 0.663253 0.927018 0.682299 0.889532 0.759154 0.996641 0.990209 0.970101 0.739956 0.953610 0.749786 0.596742 0.905541 0.947095 0.946305 0.931152 0.770249 0.879834 0.717746 0.789194 0.916618 0.760287 0.939331 0.921852 0.862678 0.819364 0.865211 0.745815 0.964018 0.960154 0.755968 0.826650 0.754385 0.997174 0.984316 0.881361 0.941976 0.848940 0.865660 0.929756 0.816373 0.822070
0.968534 0.913457 0.796908 0.731210 0.960626 0.930960 0.876366 0.806528 0.906481 0.953597 0.755307 0.981363 0.962469 0.960722 0.729670 0.739049 0.981099 0.972903 0.908879 0.942510 0.906208 0.960576 0.715253 0.724163 0.841075 0.856488 0.813559 0.869272 0.985530 0.956816 0.791221 0.879840 0.764453 0.993875 0.831563 0.000000 0.883243 0.784405 0.954595 0.915339 0.922906 0.961903 0.785364 0.779498 0.792682 0.893854 0.923613 0.836139 0.967051 0.824624 0.798074 0.768365 0.712584 0.727008 0.855760 0.933851 0.918395 0.850857 0.937703 0.820615 0.934437 0.886629 0.930857 0.935045 0.787811 0.779651 0.703688 0.750164 0.966319 0.808998 0.708580 0.803552 0.897325 0.921854 0.902467 0.923588 0.807252 0.894739 0.884496 0.932852 0.990247 0.913677 0.874898 0.900819 0.779634 0.767214 0.773884 0.980912 0.888566 0.898235 0.808113 0.845756 0.779362 0.793260 0.754430 0.995327 0.991018 0.867046 0.791865 0.756435 0.992078 0.972190 0.864016 0.936676 0.856266 0.783797 0.911877 0.835567 0.836841 0.973281 0.829583 0.972114 0.974199 0.842259 0.988224 0.768513
0.897987 0.872415 0.792282 0.774056 0.916034 0.900991 0.966496 0.926378 0.982823 0.792047 0.952955 0.976604 0.894790 0.953544 0.877707 0.898574 0.994084 0.980715 0.954119 0.912078 0.937667 0.986123 0.882883 0.793676 0.706746 0.810296 0.768614 0.888369 0.970178 0.861313 0.930856 0.933409 0.971959 0.909161 0.936318 0.883243 0.000000 0.754752 0.923068 0.933012 0.854981 0.987903 0.778604 0.874657 0.803143 0.852616 0.842786 0.930439 0.764475 0.977933 0.963187 0.896218 0.884986 0.879846 0.934972 0.987487 0.863304 0.851128 0.956286 0.942218 0.920808 0.977534 0.821153 0.919381 0.737241 0.704992 0.957778 0.939710 0.950975 0.810803 0.892988 0.913929 0.937251 0.920289 0.888979 0.837089 0.983248 0.875399 0.828884 0.939850 0.970101 0.920076 0.892165 0.910759 0.969015 0.854422 0.767915 0.896825 0.984731 0.932974 0.862077 0.909750 0.849341 0.919611 0.982287 0.900718 0.862318 0.924046 0.776021 0.986896 0.988272 0.884573 0.776220 0.963295 0.916575 0.794688 0.984022 0.869700 0.931665 0.992023 0.938247 0.998183 0.851438 0.917947 0.991422 0.909418
0.820781 0.740246 0.877213 0.761865 0.947671 0.930991 0.998895 0.819587 0.967893 0.999226 0.918194 0.807951 0.886270 0.874236 0.864807 0.818342 0.856036 0.749846 0.873200 0.886673 0.909981 0.977406 0.789619 0.777758 0.839259 0.892428 0.787140 0.994256 0.933846 0.840887 0.862587 0.776117 0.740525 0.903185 0.913387 0.784405 0.754752 0.000000 0.982155 0.998133 0.915468 0.924418 0.673419 0.701822 0.847682 0.772367 0.823921 0.820463 0.836013 0.771496 0.645118 0.641531 0.673156 0.735033 0.909263 0.851201 0.710487 0.719087 0.920750 0.748097 0.983913 0.814164 0.954551 0.877689 0.813916 0.828091 0.867452 0.890163 0.792093 0.687552 0.747906 0.797516 0.866665 0.885497 0.891514 0.822566 0.938224 0.726593 0.949759 0.807090 0.824484 0.987804 0.940905 0.922502 0.903945 0.722442 0.876150 0.956100 0.847386 0.810030 0.865636 0.892565 0.906105 0.915301 0.917113 0.870006 0.795170 0.950583 0.874665 0.860698 0.897125 0.926995 0.833681 0.894722 0.888462 0.973816 0.810719 0.873064 0.768379 0.968814 0.946532 0.937460 0.997198 0.936837 0.898216 0.993392
