0.000000 0.336576 0.665213 0.921055 0.823243 0.877684 0.692238 0.888039 0.757923 0.996758 0.530124 0.428668 0.878163 0.734878 0.787292 0.925878 0.555816 0.570604 0.564375 0.398879 0.948051 0.911234 0.658858 0.974424 0.904864 0.803644 0.971209 0.969118 0.636812 0.833954 0.670454 0.675952 0.976872 0.809596 0.822647 0.748530 0.909229 0.856857 0.971509 0.925914 0.822818 0.801914 0.781724 0.896512 0.751882 0.858034 0.862076 0.814132 0.410036 0.423763 0.436813 0.499305 0.621403 0.886586 0.602071 0.460316 0.416780 0.361228 0.303709 0.305623 0.835062 0.523784 0.678814 0.533883 0.815212 0.991774 0.772868 0.823314 0.392882 0.447340 0.868336 0.990341 0.735641 0.764468 0.924983 0.888151 0.690481 0.891466 0.910827 0.791855 0.493934 0.495080 0.814457 0.722303 0.849720 0.900283 0.719381 0.975607 0.950939 0.608743 0.621132 0.524229 0.570455 0.583528 0.971856 0.876067 0.771298 0.959696 0.974354 0.930737 0.858755 0.848504 0.822135 0.711952 0.877620 0.992987 0.926231 0.939281 0.980690 0.843621 0.999301 0.982089 0.787692 0.955058 0.967688 0.920553
0.336576 0.000000 0.688065 0.768345 0.807518 0.809330 0.706828 0.739685 0.701408 0.860986 0.632646 0.372560 0.859754 0.649924 0.904297 0.754420 0.502963 0.496054 0.553310 0.377277 0.828488 0.939714 0.759912 0.966809 0.931577 0.852533 0.972925 0.971586 0.608646 0.740602 0.857962 0.810555 0.849418 0.648044 0.844859 0.704892 0.990675 0.806584 0.985276 0.984080 0.890841 0.840286 0.904154 0.762086 0.886580 0.711814 0.738752 0.628125 0.449885 0.421050 0.406908 0.460421 0.603364 0.846199 0.566811 0.506523 0.332497 0.267927 0.348998 0.358331 0.791306 0.468139 0.563198 0.393493 0.874015 0.944838 0.825315 0.943984 0.498731 0.394229 0.887301 0.756702 0.805718 0.816064 0.823831 0.905844 0.592207 0.766518 0.741135 0.685737 0.353043 0.409150 0.739278 0.610909 0.852060 0.858810 0.729858 0.969365 0.976950 0.631171 0.664577 0.550406 0.592708 0.589393 0.876348 0.795398 0.721089 0.964482 0.841305 0.869474 0.802365 0.923546 0.750541 0.729633 0.785340 0.866576 0.972810 0.970703 0.991388 0.799905 0.921821 0.939500 0.738857 0.931386 0.904915 0.882994
0.665213 0.688065 0.000000 0.629689 0.688710 0.966086 0.466160 0.981102 0.650845 0.923266 0.689954 0.638970 0.696041 0.947147 0.600933 0.985902 0.765469 0.738526 0.981799 0.728227 0.805340 0.947129 0.448103 0.586868 0.533318 0.481833 0.799180 0.961339 0.760903 0.752959 0.591066 0.666938 0.718329 0.931785 0.644489 0.767594 0.687342 0.862728 0.976247 0.946783 0.910279 0.997501 0.687802 0.906872 0.746857 0.958088 0.730317 0.853610 0.763382 0.783908 0.808009 0.852734 0.930196 0.875250 0.850496 0.758603 0.657305 0.667681 0.720508 0.644771 0.820009 0.732409 0.796483 0.641541 0.365339 0.629139 0.541501 0.597306 0.697945 0.601435 0.908805 0.937358 0.885302 0.885043 0.995249 0.992982 0.795568 0.975662 0.978538 0.968411 0.865417 0.948217 0.864511 0.951653 0.602285 0.608292 0.923303 0.691966 0.811228 0.950864 0.638860 0.651166 0.625530 0.669673 0.844148 0.952547 0.841384 0.956226 0.936004 0.929760 0.975535 0.821669 0.851833 0.901434 0.818036 0.853366 0.846933 0.818941 0.973543 0.821986 0.953834 0.956670 0.773467 0.987162 0.727389 0.883925
0.921055 0.768345 0.629689 0.000000 0.830169 0.717400 0.636823 0.556411 0.847740 0.902837 0.938888 0.760010 0.532738 0.577478 0.599446 0.626374 0.936595 0.957818 0.794491 0.855401 0.983303 0.977123 0.552608 0.500967 0.907227 0.777581 0.908720 0.857626 0.996969 0.953230 0.834462 0.886662 0.660164 0.755596 0.783574 0.988571 0.911806 0.879598 0.886100 0.948339 0.888219 0.964378 0.960785 0.867516 0.851858 0.771890 0.707200 0.654660 0.883518 0.779218 0.663442 0.625853 0.665342 0.598967 0.870942 0.880002 0.943242 0.833375 0.845513 0.847426 0.507913 0.665061 0.796399 0.760362 0.490935 0.398343 0.771630 0.602164 0.887183 0.939654 0.961492 0.877043 0.800368 0.745136 0.803637 0.939625 0.943687 0.805640 0.781751 0.841424 0.669345 0.682573 0.607309 0.755531 0.456442 0.452043 0.925204 0.649115 0.775514 0.674943 0.716395 0.933617 0.921543 0.974146 0.991739 0.841599 0.911446 0.966863 0.769798 0.697612 0.788756 0.686867 0.990975 0.954373 0.648258 0.771528 0.883411 0.990328 0.991621 0.982074 0.866652 0.892523 0.908894 0.936305 0.713354 0.936952
0.823243 0.807518 0.688710 0.830169 0.000000 0.943111 0.564186 0.791770 0.685068 0.966097 0.978909 0.950214 0.702934 0.944988 0.783852 0.926252 0.853691 0.992742 0.995856 0.933586 0.815426 0.864851 0.715689 0.847993 0.920114 0.907757 0.955717 0.950290 0.982100 0.976484 0.949101 0.886950 0.868024 0.815267 0.886193 0.879854 0.996251 0.960874 0.953605 0.966758 0.981768 0.986506 0.876951 0.990718 0.779097 0.973202 0.992800 0.932507 0.755196 0.693646 0.810962 0.810336 0.800686 0.909377 0.747148 0.756978 0.800069 0.774351 0.804319 0.836908 0.649978 0.950126 0.911718 0.944656 0.704690 0.621057 0.658056 0.613585 0.767240 0.768848 0.981236 0.887947 0.973373 0.986460 0.969744 0.884277 0.945819 0.987819 0.903812 0.994817 0.948014 0.908427 0.852445 0.860431 0.729925 0.683451 0.855380 0.814721 0.875755 0.929360 0.674431 0.763691 0.763401 0.804250 0.981824 0.986250 0.977390 0.860913 0.925115 0.842373 0.873664 0.788781 0.944784 0.944136 0.789703 0.852445 0.964414 0.944150 0.943297 0.870782 0.809774 0.987543 0.971952 0.944984 0.906222 0.970799
0.877684 0.809330 0.966086 0.717400 0.943111 0.000000 0.886298 0.580934 0.933563 0.728018 0.969803 0.741787 0.786373 0.685943 0.840048 0.591814 0.978044 0.914889 0.980740 0.876076 0.838343 0.987168 0.849299 0.914191 0.839491 0.965232 0.958528 0.813341 0.847056 0.944147 0.954527 0.985352 0.857194 0.811215 0.934409 0.989901 0.988429 0.840714 0.964314 0.966388 0.914249 0.853426 0.973357 0.887510 0.893994 0.792289 0.973842 0.814957 0.835347 0.894873 0.795385 0.758658 0.900704 0.826249 0.943272 0.926358 0.908535 0.873264 0.913391 0.809201 0.730815 0.649583 0.797850 0.723969 0.867255 0.714183 0.834362 0.798595 0.893067 0.950166 0.937170 0.847336 0.884455 0.745758 0.772325 0.882160 0.794958 0.709052 0.948524 0.943864 0.859647 0.897801 0.849849 0.989993 0.821365 0.787761 0.908895 0.895744 0.997906 0.904457 0.819024 0.969891 0.889544 0.960817 0.770204 0.905077 0.733636 0.931097 0.688518 0.745984 0.748000 0.865972 0.912823 0.935016 0.783631 0.921638 0.915802 0.804255 0.880331 0.935812 0.946202 0.910950 0.997013 0.880559 0.907290 0.999990
0.692238 0.706828 0.466160 0.636823 0.564186 0.886298 0.000000 0.621470 0.461357 0.769384 0.986547 0.890216 0.563308 0.912970 0.551410 0.823407 0.893559 0.875628 0.984052 0.801059 0.999838 0.900435 0.542446 0.783190 0.951740 0.813449 0.992967 0.848341 0.993555 0.987762 0.709084 0.728505 0.677855 0.769911 0.746250 0.793469 0.920599 0.975089 0.850880 0.903449 0.686275 0.837977 0.664163 0.752049 0.476565 0.737867 0.877640 0.826967 0.762480 0.670402 0.764776 0.762067 0.815389 0.985511 0.621226 0.680270 0.744374 0.653095 0.760107 0.670245 0.533900 0.990294 0.933254 0.869007 0.503317 0.496605 0.414772 0.445295 0.610118 0.583774 0.948143 0.934434 0.879348 0.861687 0.880888 0.992703 0.902620 0.987127 0.932257 0.896380 0.896558 0.884376 0.888045 0.969327 0.653639 0.665807 0.750153 0.668913 0.878878 0.862053 0.508027 0.549652 0.579767 0.520439 0.937532 0.894242 0.910316 0.921855 0.770237 0.642134 0.832912 0.595169 0.872762 0.990475 0.756251 0.906579 0.880961 0.984721 0.897595 0.899582 0.794250 0.733340 0.956793 0.961986 0.777090 0.992309
0.888039 0.739685 0.981102 0.556411 0.791770 0.580934 0.621470 0.000000 0.775710 0.503276 0.736468 0.539441 0.536108 0.572547 0.732709 0.557371 0.794380 0.765701 0.872796 0.736584 0.697515 0.895624 0.851096 0.902623 0.624296 0.753682 0.903166 0.943497 0.690367 0.690824 0.990517 0.945200 0.703963 0.607536 0.997602 0.889174 0.921911 0.946242 0.797375 0.853320 0.743831 0.972141 0.952170 0.748402 0.624001 0.565482 0.912711 0.670016 0.817914 0.865779 0.715854 0.731232 0.817618 0.815006 0.991834 0.954021 0.796753 0.786827 0.819246 0.811059 0.397560 0.401517 0.502401 0.499644 0.854487 0.551819 0.749016 0.603294 0.837008 0.987783 0.995867 0.783092 0.786380 0.757789 0.750367 0.985281 0.752095 0.814931 0.743934 0.951979 0.673394 0.831447 0.781735 0.880889 0.757263 0.769885 0.879129 0.774933 0.994668 0.965723 0.670630 0.865467 0.850952 0.827773 0.835488 0.822989 0.766791 0.889636 0.475240 0.535779 0.605155 0.671178 0.841056 0.840124 0.591815 0.789408 0.984282 0.804619 0.919747 0.873597 0.754559 0.663690 0.666857 0.931131 0.757508 0.833176
0.757923 0.701408 0.650845 0.847740 0.685068 0.933563 0.461357 0.775710 0.000000 0.861368 0.958588 0.811685 0.801247 0.910071 0.788444 0.954770 0.721446 0.689474 0.862017 0.732327 0.939083 0.938807 0.749759 0.993511 0.969440 0.827721 0.949882 0.878320 0.818525 0.796501 0.877717 0.977372 0.963847 0.944719 0.764359 0.913749 0.934105 0.954879 0.861178 0.919658 0.796822 0.787981 0.846562 0.972879 0.713099 0.886140 0.895266 0.979539 0.895770 0.832098 0.862111 0.934993 0.963475 0.896095 0.688538 0.906075 0.729327 0.673798 0.789634 0.826722 0.795500 0.962403 0.852828 0.732291 0.668174 0.697541 0.619936 0.701309 0.760981 0.543439 0.879321 0.772083 0.767755 0.835944 0.993883 0.936359 0.888617 0.923941 0.746174 0.684957 0.746426 0.784944 0.937660 0.905498 0.779391 0.814862 0.809302 0.829401 0.855023 0.946500 0.549163 0.499925 0.574598 0.545952 0.955566 0.919148 0.858207 0.937579 0.845263 0.812702 0.870096 0.773658 0.711704 0.999859 0.809304 0.856832 0.909227 0.962749 0.916251 0.696842 0.924504 0.965415 0.998422 0.907509 0.910235 0.981755
0.996758 0.860986 0.923266 0.902837 0.966097 0.728018 0.769384 0.503276 0.861368 0.000000 0.745766 0.747764 0.880542 0.881898 0.938471 0.818705 0.742379 0.791061 0.980518 0.787755 0.633935 0.968513 0.884154 0.811306 0.775942 0.731445 0.795363 0.838426 0.618736 0.578729 0.830155 0.840594 0.726891 0.695212 0.941692 0.895382 0.969693 0.836789 0.929579 0.960807 0.790073 0.971067 0.730102 0.529348 0.552144 0.451930 0.883454 0.682529 0.759673 0.855469 0.866833 0.934084 0.968003 0.893195 0.998950 0.996957 0.785906 0.880990 0.900742 0.919581 0.796896 0.718403 0.731421 0.721089 0.886932 0.993895 0.863875 0.867201 0.919922 0.897284 0.873074 0.679926 0.983838 0.979427 0.833063 0.953729 0.855364 0.827943 0.932363 0.928657 0.877786 0.989651 0.961667 0.976698 0.808975 0.790005 0.978644 0.994706 0.821408 0.821863 0.877732 0.866143 0.903162 0.806779 0.817406 0.821723 0.832437 0.815448 0.578543 0.653326 0.673885 0.777826 0.778036 0.749914 0.885989 0.937706 0.887291 0.872455 0.922581 0.918960 0.817122 0.675677 0.743545 0.820744 0.964573 0.814255
0.530124 0.632646 0.689954 0.938888 0.978909 0.969803 0.986547 0.736468 0.958588 0.745766 0.000000 0.503439 0.800658 0.808829 0.867963 0.982395 0.452328 0.541413 0.646212 0.483535 0.926988 0.958873 0.560355 0.680433 0.648913 0.657130 0.862946 0.876026 0.457171 0.582390 0.745110 0.840368 0.944630 0.729118 0.687474 0.608705 0.797993 0.966607 0.919940 0.960552 0.940999 0.849515 0.854920 0.836000 0.987635 0.787116 0.989949 0.911850 0.655329 0.704455 0.692167 0.798495 0.887452 0.996144 0.912450 0.758042 0.540748 0.612829 0.546898 0.606110 0.771853 0.661656 0.547420 0.597270 0.649270 0.895227 0.837721 0.900075 0.676644 0.636851 0.795701 0.984310 0.714579 0.711203 0.825384 0.953970 0.838423 0.959245 0.831429 0.807926 0.685034 0.764709 0.952345 0.908717 0.882334 0.876376 0.755383 0.867576 0.939361 0.967585 0.680695 0.709582 0.688916 0.794444 0.991286 0.820900 0.912962 0.929702 0.903729 0.813741 0.872397 0.980989 0.927656 0.665043 0.988909 0.941836 0.831152 0.967024 0.963771 0.885998 0.946747 0.922324 0.839970 0.908754 0.982826 0.838273
0.428668 0.372560 0.638970 0.760010 0.950214 0.741787 0.890216 0.539441 0.811685 0.747764 0.503439 0.000000 0.618802 0.426382 0.918320 0.587126 0.443209 0.456980 0.556558 0.370522 0.857795 0.976179 0.807883 0.997656 0.640593 0.650088 0.919895 0.989975 0.468318 0.546557 0.762512 0.864572 0.826661 0.591625 0.767460 0.712734 0.824442 0.946670 0.856291 0.946036 0.981241 0.938008 0.828829 0.775590 0.969392 0.685685 0.886181 0.738332 0.624955 0.593753 0.473117 0.595330 0.722825 0.916551 0.745326 0.678353 0.419839 0.415629 0.448590 0.460733 0.539547 0.328286 0.395696 0.287641 0.832463 0.810643 0.866275 0.961974 0.643786 0.508458 0.958345 0.754442 0.877803 0.895135 0.811818 0.837348 0.624021 0.779002 0.738787 0.690870 0.414862 0.471865 0.683483 0.727766 0.849470 0.848989 0.923044 0.913673 0.922717 0.832669 0.766355 0.552647 0.581193 0.631244 0.901224 0.812166 0.776559 0.952720 0.766933 0.777455 0.739701 0.955014 0.763537 0.774613 0.832888 0.962154 0.965176 0.881707 0.980349 0.781009 0.829957 0.818876 0.684437 0.898449 0.898298 0.786124
0.878163 0.859754 0.696041 0.532738 0.702934 0.786373 0.563308 0.536108 0.801247 0.880542 0.800658 0.618802 0.000000 0.404484 0.486596 0.504963 0.769274 0.833472 0.634314 0.739397 0.985387 0.975985 0.635224 0.628445 0.912207 0.989520 0.869256 0.966861 0.725501 0.791037 0.952891 0.894295 0.675811 0.625073 0.958115 0.941177 0.985957 0.930810 0.752311 0.944400 0.804249 0.902776 0.961295 0.879922 0.850559 0.820327 0.864211 0.801406 0.987926 0.952023 0.727815 0.829327 0.810223 0.767361 0.928375 0.927920 0.935400 0.934665 0.874796 0.908999 0.345871 0.637679 0.607416 0.700635 0.618341 0.486245 0.754731 0.611683 0.835617 0.967868 0.875396 0.935405 0.842842 0.881009 0.846949 0.908402 0.864947 0.894707 0.827970 0.913070 0.726382 0.742254 0.657624 0.879415 0.527806 0.580152 0.856646 0.701481 0.875425 0.931751 0.798012 0.915513 0.989146 0.963899 0.895550 0.957006 0.959969 0.994551 0.801857 0.767553 0.767559 0.809046 0.935129 0.940062 0.719008 0.898047 0.956728 0.978984 0.937285 0.976293 0.822809 0.769314 0.889740 0.964640 0.735150 0.864152
0.734878 0.649924 0.947147 0.577478 0.944988 0.685943 0.912970 0.572547 0.910071 0.881898 0.808829 0.426382 0.404484 0.000000 0.565195 0.402811 0.633184 0.649402 0.608960 0.582820 0.914717 0.986325 0.788993 0.684243 0.790535 0.807647 0.888040 0.884461 0.634938 0.668229 0.943802 0.972582 0.717309 0.652105 0.892505 0.864104 0.769549 0.921424 0.697748 0.969791 0.811990 0.856335 0.812255 0.908141 0.971090 0.831896 0.955101 0.788113 0.924671 0.799199 0.585943 0.712728 0.759856 0.762905 0.927967 0.970913 0.743352 0.710808 0.729628 0.717892 0.463953 0.540587 0.531084 0.489985 0.853867 0.617455 0.972888 0.854589 0.995923 0.774280 0.870559 0.841448 0.889632 0.883187 0.821550 0.830989 0.784274 0.811493 0.737811 0.746149 0.580465 0.605865 0.614478 0.863762 0.654678 0.668901 0.859140 0.833760 0.969700 0.912414 0.953334 0.626804 0.688688 0.676744 0.982533 0.937957 0.919137 0.976406 0.865711 0.820777 0.848103 0.918878 0.836447 0.950716 0.798061 0.944072 0.912055 0.945310 0.936395 0.903470 0.815035 0.838371 0.878101 0.979475 0.810688 0.886103
0.787292 0.904297 0.600933 0.599446 0.783852 0.840048 0.551410 0.732709 0.788444 0.938471 0.867963 0.918320 0.486596 0.565195 0.000000 0.516274 0.933032 0.927480 0.819962 0.983810 0.950529 0.935681 0.419711 0.578393 0.861081 0.840443 0.802440 0.947346 0.920309 0.908333 0.660169 0.646796 0.559524 0.736671 0.758587 0.878032 0.917482 0.947556 0.778004 0.847115 0.729829 0.801351 0.833356 0.844451 0.727116 0.865677 0.870913 0.788534 0.726756 0.754624 0.927864 0.871805 0.872431 0.952904 0.802675 0.725708 0.893094 0.870708 0.806521 0.770159 0.576461 0.915111 0.866421 0.939801 0.504846 0.504998 0.623423 0.551441 0.676010 0.830559 0.991329 0.824702 0.879226 0.865708 0.872599 0.932532 0.960614 0.944744 0.780949 0.931828 0.941338 0.872929 0.650679 0.936416 0.570410 0.563007 0.784981 0.709183 0.922011 0.961269 0.734185 0.938769 0.866165 0.903468 0.970162 0.952743 0.980581 0.946917 0.887096 0.703734 0.857908 0.803068 0.955171 0.896766 0.775270 0.933837 0.874114 0.899413 0.915989 0.954663 0.823984 0.760211 0.876394 0.970735 0.660909 0.877464
0.925878 0.754420 0.985902 0.626374 0.926252 0.591814 0.823407 0.557371 0.954770 0.818705 0.982395 0.587126 0.504963 0.402811 0.516274 0.000000 0.789928 0.718783 0.710997 0.720243 0.906847 0.948327 0.647407 0.642553 0.926764 0.982350 0.927646 0.960080 0.694891 0.748473 0.848628 0.805286 0.646037 0.631295 0.956432 0.948977 0.959005 0.980951 0.785680 0.956035 0.800636 0.830987 0.983788 0.797628 0.838721 0.752285 0.889771 0.745398 0.947417 0.984481 0.787847 0.869040 0.932319 0.888142 0.946143 0.862317 0.787892 0.847840 0.946119 0.927036 0.532931 0.602434 0.592794 0.548355 0.732774 0.559664 0.804629 0.634466 0.850198 0.848970 0.897476 0.720910 0.878974 0.795052 0.860866 0.853067 0.771588 0.769198 0.628045 0.819460 0.644711 0.660523 0.556673 0.886758 0.644429 0.629025 0.842476 0.678483 0.978931 0.947810 0.918118 0.846113 0.896691 0.903060 0.903784 0.912721 0.848781 0.851650 0.748040 0.751748 0.717886 0.867000 0.839048 0.973972 0.774462 0.840919 0.949559 0.959148 0.991870 0.864778 0.721790 0.779094 0.911435 0.933048 0.715630 0.921053
0.555816 0.502963 0.765469 0.936595 0.853691 0.978044 0.893559 0.794380 0.721446 0.742379 0.452328 0.443209 0.769274 0.633184 0.933032 0.789928 0.000000 0.317801 0.429876 0.355567 0.856832 0.930565 0.744703 0.877632 0.829842 0.741107 0.911946 0.901752 0.369208 0.414737 0.984946 0.901222 0.659438 0.554773 0.774729 0.694327 0.887161 0.902154 0.886401 0.932223 0.914810 0.788615 0.965376 0.642475 0.946701 0.672578 0.720526 0.658424 0.712259 0.698151 0.666977 0.833768 0.916159 0.981424 0.809080 0.818317 0.382938 0.455971 0.530344 0.661867 0.753096 0.665093 0.437445 0.437307 0.771951 0.956256 0.870780 0.990003 0.640163 0.421880 0.934844 0.707878 0.630401 0.627162 0.786314 0.904510 0.726006 0.888564 0.682783 0.575221 0.437482 0.503639 0.772504 0.745867 0.980742 0.999331 0.827463 0.983242 0.772254 0.933866 0.558798 0.494038 0.509650 0.595376 0.921803 0.806322 0.868967 0.964772 0.903547 0.870907 0.840265 0.983385 0.697316 0.667262 0.927268 0.955893 0.957876 0.883459 0.959372 0.708905 0.784575 0.766167 0.828233 0.824775 0.928992 0.787365
0.570604 0.496054 0.738526 0.957818 0.992742 0.914889 0.875628 0.765701 0.689474 0.791061 0.541413 0.456980 0.833472 0.649402 0.927480 0.718783 0.317801 0.000000 0.473913 0.381198 0.902603 0.946523 0.823927 0.895617 0.795646 0.751651 0.922980 0.827004 0.379772 0.407481 0.952370 0.817320 0.646558 0.498795 0.808122 0.775460 0.965194 0.836347 0.964964 0.974660 0.966967 0.776602 0.901549 0.617338 0.869648 0.651990 0.732373 0.635202 0.782033 0.794405 0.775532 0.907714 0.959537 0.827281 0.831558 0.830387 0.368123 0.447157 0.602408 0.695521 0.743132 0.632267 0.420227 0.386524 0.814329 0.980682 0.947401 0.899739 0.661130 0.385497 0.790508 0.652594 0.558356 0.609164 0.806276 0.823254 0.686959 0.761930 0.539685 0.535617 0.408143 0.504366 0.673079 0.688462 0.994516 0.936438 0.875838 0.986579 0.740795 0.947982 0.608697 0.502217 0.559514 0.589484 0.819125 0.809668 0.709900 0.799174 0.876763 0.843733 0.805506 0.970602 0.664331 0.639601 0.864433 0.961845 0.962867 0.878768 0.920425 0.632301 0.643877 0.787909 0.834211 0.813418 0.841571 0.851308
0.564375 0.553310 0.981799 0.794491 0.995856 0.980740 0.984052 0.872796 0.862017 0.980518 0.646212 0.556558 0.634314 0.608960 0.819962 0.710997 0.429876 0.473913 0.000000 0.446183 0.987743 0.981768 0.941197 0.821256 0.944782 0.964272 0.876157 0.970849 0.525124 0.623807 0.873957 0.838676 0.635867 0.534026 0.911580 0.854804 0.999914 0.838999 0.811778 0.941399 0.908362 0.872003 0.936721 0.706672 0.943470 0.747676 0.671410 0.632080 0.771589 0.717330 0.675440 0.790678 0.825943 0.887478 0.768732 0.899289 0.511288 0.578913 0.601119 0.691556 0.702185 0.749431 0.577126 0.611650 0.917547 0.863606 0.986568 0.923019 0.658860 0.538723 0.955303 0.792866 0.720909 0.688334 0.846664 0.896790 0.776240 0.837174 0.725700 0.596796 0.499439 0.524925 0.698109 0.716891 0.757795 0.748988 0.891922 0.838301 0.950777 0.837884 0.683820 0.592010 0.608294 0.664391 0.965580 0.861228 0.914921 0.905092 0.986565 0.901630 0.772133 0.968220 0.758828 0.762083 0.842456 0.940920 0.937146 0.823542 0.995380 0.863666 0.756214 0.904545 0.885260 0.921758 0.920459 0.999662
0.398879 0.377277 0.728227 0.855401 0.933586 0.876076 0.801059 0.736584 0.732327 0.787755 0.483535 0.370522 0.739397 0.582820 0.983810 0.720243 0.355567 0.381198 0.446183 0.000000 0.879240 0.950544 0.783706 0.981904 0.862898 0.750938 0.964881 0.948931 0.432511 0.546976 0.887841 0.980395 0.737272 0.600145 0.862763 0.690892 0.937371 0.876094 0.861424 0.995432 0.993842 0.829180 0.932511 0.725961 0.929247 0.719897 0.792078 0.691033 0.548218 0.517454 0.486131 0.619133 0.739838 0.854132 0.684810 0.688590 0.364722 0.356217 0.443754 0.461565 0.724249 0.533453 0.498357 0.418657 0.824050 0.978243 0.845640 0.994150 0.572432 0.381825 0.966084 0.739270 0.711700 0.758646 0.840940 0.856529 0.657430 0.768658 0.693345 0.611761 0.423605 0.491383 0.774531 0.733023 0.910930 0.922071 0.694071 0.958490 0.896510 0.806113 0.626244 0.503476 0.537107 0.555025 0.912940 0.869090 0.800695 0.993990 0.899119 0.896321 0.699071 0.911544 0.689410 0.752729 0.804351 0.989715 0.974100 0.987581 0.910736 0.804591 0.797875 0.878092 0.841089 0.870007 0.852860 0.808367
0.948051 0.828488 0.805340 0.983303 0.815426 0.838343 0.999838 0.697515 0.939083 0.633935 0.926988 0.857795 0.985387 0.914717 0.950529 0.906847 0.856832 0.902603 0.987743 0.879240 0.000000 0.989616 0.934762 0.892333 0.870281 0.767616 0.941173 0.885377 0.917363 0.872161 0.954981 0.981890 0.936821 0.886273 0.883257 0.959208 0.883069 0.967080 0.861841 0.996210 0.857270 0.917415 0.891249 0.814531 0.810831 0.727418 0.987477 0.762291 0.789303 0.821809 0.849752 0.877390 0.837989 0.903141 0.940976 0.990800 0.841619 0.829805 0.857118 0.861772 0.956671 0.797032 0.881264 0.805842 0.885843 0.933586 0.953653 0.979591 0.943187 0.882024 0.894966 0.798883 0.858062 0.879903 0.802460 0.798990 0.917384 0.959136 0.966133 0.985947 0.904358 0.997200 0.988729 0.963017 0.915236 0.837959 0.938756 0.963114 0.923613 0.955867 0.835600 0.941189 0.960618 0.965980 0.874985 0.832443 0.808413 0.991655 0.629176 0.844065 0.920536 0.836664 0.778865 0.859701 0.907317 0.878425 0.980768 0.884708 0.872848 0.945773 0.870955 0.722842 0.812820 0.893502 0.996380 0.946186
0.911234 0.939714 0.947129 0.977123 0.864851 0.987168 0.900435 0.895624 0.938807 0.968513 0.958873 0.976179 0.975985 0.986325 0.935681 0.948327 0.930565 0.946523 0.981768 0.950544 0.989616 0.000000 0.894305 0.988896 0.919789 0.994652 0.968326 0.973514 0.909473 0.950836 0.937771 0.950194 0.989164 0.986693 0.887410 0.916364 0.910130 0.700240 0.951044 0.717235 0.895459 0.989187 0.997881 0.991418 0.906343 0.974119 0.906424 0.956089 0.916243 0.852039 0.883219 0.915349 0.882440 0.943978 0.926043 0.935150 0.936215 0.906417 0.939205 0.934419 0.855402 0.901939 0.999125 0.987563 0.907644 0.819675 0.885213 0.934805 0.998185 0.957235 0.999195 0.965769 0.987911 0.952397 0.894321 0.885911 0.960572 0.926494 0.957224 0.922001 0.955791 0.897292 0.955600 0.965061 0.919890 0.896464 0.787888 0.948275 0.933061 0.981289 0.838426 0.906696 0.921469 0.947897 0.962548 0.958129 0.902453 0.978161 0.955079 0.914552 0.948648 0.839501 0.945871 0.923588 0.818558 0.855339 0.931265 0.936591 0.949228 0.962457 0.943522 0.922048 0.907025 0.973565 0.939632 0.974015
0.658858 0.759912 0.448103 0.552608 0.715689 0.849299 0.542446 0.851096 0.749759 0.884154 0.560355 0.807883 0.635224 0.788993 0.419711 0.647407 0.744703 0.823927 0.941197 0.783706 0.934762 0.894305 0.000000 0.416036 0.694773 0.574918 0.772650 0.932092 0.759161 0.781256 0.646024 0.673749 0.647247 0.879125 0.630859 0.624900 0.778318 0.973601 0.838893 0.933881 0.767120 0.824259 0.807513 0.976581 0.722873 0.967753 0.853967 0.822208 0.694654 0.710863 0.839535 0.888813 0.960840 0.862539 0.836828 0.710106 0.680727 0.699936 0.690923 0.687689 0.691350 0.944603 0.877908 0.838341 0.302885 0.437627 0.546153 0.480955 0.607462 0.667160 0.905802 0.927251 0.766952 0.743981 0.933747 0.954961 0.856957 0.900946 0.897501 0.972602 0.950058 0.990020 0.664981 0.994469 0.449109 0.480909 0.725896 0.576362 0.850824 0.892316 0.553357 0.727817 0.667443 0.794361 0.938567 0.972584 0.963619 0.895076 0.892421 0.770824 0.841334 0.747958 0.960688 0.786256 0.726619 0.793999 0.822625 0.904116 0.952095 0.934262 0.821967 0.855920 0.891279 0.969424 0.701626 0.921611
0.974424 0.966809 0.586868 0.500967 0.847993 0.914191 0.783190 0.902623 0.993511 0.811306 0.680433 0.997656 0.628445 0.684243 0.578393 0.642553 0.877632 0.895617 0.821256 0.981904 0.892333 0.988896 0.416036 0.000000 0.691786 0.693956 0.719539 0.823220 0.834397 0.779231 0.822698 0.864599 0.762153 0.914180 0.758816 0.683568 0.871231 0.919824 0.817871 0.971339 0.959658 0.922289 0.972053 0.978550 0.976108 0.980021 0.727563 0.827172 0.889325 0.990241 0.888803 0.865559 0.797407 0.800314 0.881915 0.933417 0.905194 0.950556 0.990611 0.977566 0.699660 0.903055 0.972269 0.999517 0.443682 0.519944 0.775462 0.697836 0.866351 0.881332 0.968322 0.942210 0.787741 0.795543 0.982722 0.993156 0.932367 0.976933 0.867873 0.860443 0.844751 0.781077 0.629182 0.841377 0.414201 0.446695 0.816453 0.534614 0.719204 0.698835 0.774285 0.954885 0.891952 0.989567 0.853401 0.965597 0.919956 0.843062 0.973959 0.879365 0.862885 0.866848 0.843830 0.840793 0.818794 0.768644 0.829314 0.926607 0.951938 0.992854 0.874781 0.984096 0.997521 0.919134 0.767892 0.836153
0.904864 0.931577 0.533318 0.907227 0.920114 0.839491 0.951740 0.624296 0.969440 0.775942 0.648913 0.640593 0.912207 0.790535 0.861081 0.926764 0.829842 0.795646 0.944782 0.862898 0.870281 0.919789 0.694773 0.691786 0.000000 0.425012 0.679154 0.926626 0.730341 0.646179 0.638302 0.835361 0.899748 0.948937 0.734306 0.855170 0.660466 0.804932 0.966974 0.857765 0.927899 0.998737 0.712310 0.888853 0.989733 0.967394 0.727368 0.835813 0.980130 0.980346 0.902265 0.961350 0.982668 0.917141 0.896254 0.948265 0.917727 0.908872 0.894335 0.863752 0.755625 0.632444 0.616943 0.618038 0.562336 0.952825 0.777197 0.892994 0.963843 0.933403 0.725625 0.930701 0.936946 0.969003 0.855921 0.915476 0.887676 0.990482 0.980631 0.987226 0.904489 0.949649 0.963521 0.998288 0.762248 0.782663 0.847438 0.877896 0.852890 0.853423 0.968651 0.882325 0.821152 0.935239 0.940633 0.937109 0.996155 0.972123 0.768259 0.846184 0.992857 0.946918 0.910800 0.914857 0.987387 0.940414 0.855929 0.776021 0.962770 0.868192 0.963690 0.946800 0.749709 0.927335 0.838934 0.782236
0.803644 0.852533 0.481833 0.777581 0.907757 0.965232 0.813449 0.753682 0.827721 0.731445 0.657130 0.650088 0.989520 0.807647 0.840443 0.982350 0.741107 0.751651 0.964272 0.750938 0.767616 0.994652 0.574918 0.693956 0.425012 0.000000 0.753861 0.853194 0.658342 0.582299 0.600101 0.820235 0.871088 0.969862 0.745048 0.801004 0.605203 0.848619 0.900099 0.910678 0.967231 0.963244 0.781421 0.976171 0.996427 0.878362 0.774297 0.885030 0.874218 0.907751 0.845288 0.993094 0.990162 0.881606 0.995520 0.954814 0.797504 0.813520 0.762964 0.791770 0.841463 0.662529 0.653165 0.642532 0.490111 0.771628 0.719477 0.754428 0.937107 0.783236 0.747149 0.987629 0.967076 0.956012 0.941762 0.962281 0.748455 0.925941 0.986976 0.990532 0.930907 0.954154 0.871644 0.917487 0.685310 0.611821 0.959357 0.768435 0.836147 0.770170 0.803782 0.741032 0.735700 0.831495 0.910877 0.967333 0.902560 0.947171 0.878053 0.952217 0.991492 0.909146 0.780694 0.851185 0.926686 0.762192 0.969392 0.812324 0.977550 0.818172 0.912870 0.960401 0.744584 0.965346 0.814561 0.835368
0.971209 0.972925 0.799180 0.908720 0.955717 0.958528 0.992967 0.903166 0.949882 0.795363 0.862946 0.919895 0.869256 0.888040 0.802440 0.927646 0.911946 0.922980 0.876157 0.964881 0.941173 0.968326 0.772650 0.719539 0.679154 0.753861 0.000000 0.839229 0.803895 0.905979 0.882491 0.930562 0.893975 0.975715 0.887981 0.948790 0.984620 0.894525 0.900475 0.988399 0.981852 0.921405 0.930543 0.877563 0.846875 0.861043 0.998365 0.980676 0.914446 0.938215 0.988380 0.958684 0.948068 0.902980 0.984918 0.963861 0.948682 0.997948 0.919215 0.979083 0.927443 0.889339 0.867499 0.887517 0.795011 0.911794 0.905202 0.936174 0.981566 0.981135 0.955241 0.871332 0.823650 0.887015 0.955973 0.958803 0.863395 0.910403 0.883772 0.910452 0.978330 0.914784 0.915595 0.972950 0.788841 0.769180 0.876536 0.774454 0.821197 0.937754 0.914214 0.947174 0.992098 0.995376 0.989803 0.993455 0.748591 0.856539 0.889765 0.981841 0.996055 0.918430 0.959612 0.924360 0.944873 0.834558 0.971544 0.813177 0.917415 0.948423 0.968720 0.874861 0.882128 0.981231 0.890654 0.941428
0.969118 0.971586 0.961339 0.857626 0.950290 0.813341 0.848341 0.943497 0.878320 0.838426 0.876026 0.989975 0.966861 0.884461 0.947346 0.960080 0.901752 0.827004 0.970849 0.948931 0.885377 0.973514 0.932092 0.823220 0.926626 0.853194 0.839229 0.000000 0.852022 0.863226 0.982104 0.815931 0.882050 0.895068 0.915993 0.977885 0.962132 0.900383 0.949244 0.823666 0.957934 0.993876 0.681217 0.740901 0.676840 0.778245 0.955610 0.926186 0.979232 0.854894 0.837977 0.759125 0.822527 0.689529 0.833897 0.897290 0.890987 0.991321 0.968810 0.903273 0.899974 0.985407 0.966382 0.968192 0.942660 0.963266 0.882567 0.826663 0.892651 0.946171 0.882017 0.939751 0.779326 0.874115 0.950209 0.992362 0.999283 0.956511 0.891753 0.973952 0.995432 0.976076 0.989923 0.955913 0.904356 0.875729 0.980595 0.961951 0.797755 0.868506 0.996937 0.939219 0.995570 0.896651 0.968839 0.969885 0.954738 0.908216 0.988888 0.914198 0.967214 0.932194 0.980304 0.789282 0.992871 0.960582 0.962798 0.913795 0.908253 0.968126 0.705472 0.908701 0.856796 0.803971 0.951005 0.956481
0.636812 0.608646 0.760903 0.996969 0.982100 0.847056 0.993555 0.690367 0.818525 0.618736 0.457171 0.468318 0.725501 0.634938 0.920309 0.694891 0.369208 0.379772 0.525124 0.432511 0.917363 0.909473 0.759161 0.834397 0.730341 0.658342 0.803895 0.852022 0.000000 0.364563 0.953881 0.839687 0.610320 0.513753 0.782064 0.689929 0.918392 0.894210 0.879823 0.994862 0.927849 0.852031 0.892995 0.620030 0.797274 0.562576 0.774036 0.693297 0.760755 0.796590 0.752581 0.917876 0.996449 0.959852 0.880480 0.923469 0.483690 0.584745 0.628481 0.723532 0.683607 0.644788 0.421075 0.463655 0.756923 0.943321 0.966144 0.918629 0.835498 0.542880 0.959296 0.751279 0.643582 0.693102 0.898803 0.850685 0.653361 0.860527 0.692926 0.673536 0.555710 0.703971 0.867941 0.895697 0.896038 0.885697 0.864701 0.946034 0.762528 0.893413 0.673064 0.617610 0.671589 0.728041 0.874374 0.815091 0.827191 0.860332 0.828532 0.869532 0.731375 0.990555 0.702571 0.678098 0.949463 0.932092 0.987675 0.924399 0.981451 0.729403 0.731373 0.760355 0.834900 0.827855 0.925274 0.859610
0.833954 0.740602 0.752959 0.953230 0.976484 0.944147 0.987762 0.690824 0.796501 0.578729 0.582390 0.546557 0.791037 0.668229 0.908333 0.748473 0.414737 0.407481 0.623807 0.546976 0.872161 0.950836 0.781256 0.779231 0.646179 0.582299 0.905979 0.863226 0.364563 0.000000 0.897900 0.779772 0.702425 0.507937 0.715391 0.724661 0.878722 0.942841 0.904128 0.961930 0.907351 0.899990 0.907888 0.646067 0.771525 0.611237 0.843097 0.771972 0.937654 0.934336 0.890514 0.940304 0.886832 0.892305 0.987028 0.921362 0.573881 0.690401 0.817642 0.902483 0.746599 0.729525 0.440385 0.492073 0.672941 0.875989 0.883347 0.955714 0.963160 0.610044 0.914704 0.680029 0.762559 0.744216 0.851848 0.887801 0.793802 0.834466 0.720112 0.670488 0.650158 0.792621 0.900456 0.894915 0.760030 0.800897 0.993502 0.956395 0.683695 0.741083 0.716486 0.623224 0.663347 0.757224 0.792314 0.796272 0.830679 0.794405 0.845452 0.954959 0.800280 0.985893 0.663285 0.744706 0.980833 0.908682 0.991591 0.913263 0.935024 0.644342 0.662874 0.758380 0.752797 0.800354 0.974508 0.797791
0.670454 0.857962 0.591066 0.834462 0.949101 0.954527 0.709084 0.990517 0.877717 0.830155 0.745110 0.762512 0.952891 0.943802 0.660169 0.848628 0.984946 0.952370 0.873957 0.887841 0.954981 0.937771 0.646024 0.822698 0.638302 0.600101 0.882491 0.982104 0.953881 0.897900 0.000000 0.491965 0.599690 0.710648 0.799712 0.889088 0.660342 0.787562 0.962000 0.983105 0.855879 0.904518 0.465726 0.600272 0.590727 0.724153 0.639671 0.597809 0.800241 0.786446 0.738133 0.769789 0.777639 0.989136 0.874892 0.663421 0.989697 0.888653 0.675150 0.669457 0.954534 0.737207 0.972269 0.880433 0.701587 0.916105 0.680227 0.636521 0.709686 0.886882 0.613090 0.685349 0.979153 0.963400 0.932824 0.995291 0.954276 0.834949 0.792839 0.850137 0.987609 0.980778 0.913652 0.999479 0.980605 0.896863 0.896301 0.816863 0.866464 0.900863 0.854654 0.794773 0.771617 0.811709 0.869065 0.811193 0.916751 0.788543 0.918263 0.902808 0.876972 0.830743 0.926174 0.982473 0.964771 0.793666 0.920243 0.832868 0.955098 0.958744 0.756920 0.821957 0.838293 0.898975 0.797605 0.856795
0.675952 0.810555 0.666938 0.886662 0.886950 0.985352 0.728505 0.945200 0.977372 0.840594 0.840368 0.864572 0.894295 0.972582 0.646796 0.805286 0.901222 0.817320 0.838676 0.980395 0.981890 0.950194 0.673749 0.864599 0.835361 0.820235 0.930562 0.815931 0.839687 0.779772 0.491965 0.000000 0.542711 0.726598 0.870962 0.948031 0.812461 0.889585 0.943799 0.924311 0.836127 0.997297 0.611675 0.706275 0.642546 0.779743 0.737426 0.750888 0.715509 0.738930 0.755867 0.692894 0.683283 0.889915 0.916042 0.671235 0.984587 0.908130 0.673318 0.659161 0.927182 0.820132 0.896320 0.993754 0.786534 0.896503 0.789195 0.648734 0.761076 0.981492 0.719174 0.666491 0.918635 0.977576 0.932061 0.987894 0.956476 0.852885 0.674322 0.700532 0.922715 0.964233 0.816273 0.928392 0.972733 0.887850 0.991311 0.823033 0.825405 0.798381 0.931867 0.884931 0.947049 0.893011 0.868827 0.964247 0.994276 0.773143 0.984861 0.968691 0.870466 0.820522 0.886591 0.918477 0.920596 0.851460 0.865584 0.820339 0.906497 0.899461 0.714745 0.804913 0.751617 0.865249 0.827557 0.927489
0.976872 0.849418 0.718329 0.660164 0.868024 0.857194 0.677855 0.703963 0.963847 0.726891 0.944630 0.826661 0.675811 0.717309 0.559524 0.646037 0.659438 0.646558 0.635867 0.737272 0.936821 0.989164 0.647247 0.762153 0.899748 0.871088 0.893975 0.882050 0.610320 0.702425 0.599690 0.542711 0.000000 0.519962 0.773893 0.953916 0.749553 0.888048 0.865742 0.929263 0.786767 0.867970 0.637003 0.591880 0.581026 0.613227 0.598478 0.582053 0.995938 0.979079 0.939674 0.993155 0.941599 0.910692 0.963667 0.879323 0.790277 0.848967 0.909227 0.995567 0.635380 0.853940 0.679014 0.740666 0.680404 0.682737 0.649705 0.534358 0.874566 0.896044 0.811710 0.728201 0.859901 0.964654 0.870812 0.887727 0.795144 0.808058 0.687656 0.694623 0.651967 0.767415 0.705650 0.850810 0.706097 0.728684 0.980258 0.746038 0.863973 0.923855 0.936680 0.987787 0.996857 0.977010 0.832196 0.876103 0.982071 0.804597 0.760015 0.664277 0.787525 0.775688 0.835949 0.830119 0.738306 0.855402 0.853386 0.845987 0.864264 0.847821 0.763854 0.747145 0.976993 0.804262 0.708524 0.957431
0.809596 0.648044 0.931785 0.755596 0.815267 0.811215 0.769911 0.607536 0.944719 0.695212 0.729118 0.591625 0.625073 0.652105 0.736671 0.631295 0.554773 0.498795 0.534026 0.600145 0.886273 0.986693 0.879125 0.914180 0.948937 0.969862 0.975715 0.895068 0.513753 0.507937 0.710648 0.726598 0.519962 0.000000 0.957197 0.893111 0.875000 0.819336 0.902166 0.927621 0.866737 0.936532 0.674234 0.497308 0.632899 0.562147 0.610428 0.553384 0.889505 0.946112 0.858642 0.975421 0.941004 0.945670 0.965695 0.952676 0.585370 0.704612 0.818668 0.879510 0.603527 0.680262 0.519363 0.570596 0.894901 0.759620 0.766491 0.613062 0.975866 0.756659 0.743890 0.628379 0.809874 0.813722 0.793088 0.921955 0.629945 0.704954 0.626113 0.748995 0.569216 0.694872 0.749277 0.825543 0.837305 0.792261 0.942528 0.812450 0.795041 0.936237 0.945067 0.813280 0.860067 0.904054 0.853079 0.748515 0.824089 0.778391 0.697677 0.763628 0.756102 0.934802 0.738752 0.823476 0.754420 0.863283 0.960277 0.858675 0.973858 0.716538 0.685761 0.628182 0.784313 0.813219 0.707917 0.964890
0.822647 0.844859 0.644489 0.783574 0.886193 0.934409 0.746250 0.997602 0.764359 0.941692 0.687474 0.767460 0.958115 0.892505 0.758587 0.956432 0.774729 0.808122 0.911580 0.862763 0.883257 0.887410 0.630859 0.758816 0.734306 0.745048 0.887981 0.915993 0.782064 0.715391 0.799712 0.870962 0.773893 0.957197 0.000000 0.800990 0.633526 0.941377 0.941756 0.855211 0.796226 0.949741 0.724354 0.860416 0.789904 0.940011 0.935929 0.906008 0.928169 0.863589 0.840330 0.897861 0.923746 0.948679 0.979639 0.904292 0.840660 0.816010 0.844661 0.821868 0.902841 0.956809 0.788390 0.776801 0.595736 0.673062 0.565135 0.655015 0.833716 0.731739 0.888830 0.933719 0.917509 0.938908 0.911327 0.961049 0.807544 0.995718 0.909427 0.797267 0.904897 0.965008 0.962648 0.968309 0.698696 0.707544 0.903638 0.882053 0.995051 0.888181 0.720296 0.697156 0.721767 0.709772 0.967278 0.918990 0.870425 0.962142 0.948888 0.901059 0.921465 0.890947 0.906038 0.975850 0.872303 0.974781 0.844945 0.993875 0.902239 0.958038 0.905299 0.995714 0.914823 0.946563 0.657733 0.949652
0.748530 0.704892 0.767594 0.988571 0.879854 0.989901 0.793469 0.889174 0.913749 0.895382 0.608705 0.712734 0.941177 0.864104 0.878032 0.948977 0.694327 0.775460 0.854804 0.690892 0.959208 0.916364 0.624900 0.683568 0.855170 0.801004 0.948790 0.977885 0.689929 0.724661 0.889088 0.948031 0.953916 0.893111 0.800990 0.000000 0.885957 0.924109 0.959122 0.861902 0.940968 0.947121 0.807497 0.946965 0.818619 0.912920 0.941428 0.986380 0.763238 0.690620 0.650924 0.718757 0.789951 0.791630 0.742104 0.809494 0.705138 0.653719 0.768949 0.712237 0.965977 0.806005 0.714186 0.704544 0.729177 0.835140 0.677786 0.817908 0.838324 0.744923 0.952031 0.976173 0.902947 0.924821 0.976697 0.876247 0.820967 0.994851 0.848012 0.988902 0.769423 0.821162 0.903149 0.870962 0.822508 0.851643 0.684013 0.766844 0.899039 0.994532 0.698705 0.710644 0.669887 0.748390 0.919332 0.874289 0.984962 0.777661 0.985707 0.872405 0.990871 0.963316 0.975338 0.808603 0.966999 0.965059 0.761640 0.925608 0.918491 0.991941 0.981149 0.894473 0.950927 0.865447 0.982624 0.856587
0.909229 0.990675 0.687342 0.911806 0.996251 0.988429 0.920599 0.921911 0.934105 0.969693 0.797993 0.824442 0.985957 0.769549 0.917482 0.959005 0.887161 0.965194 0.999914 0.937371 0.883069 0.910130 0.778318 0.871231 0.660466 0.605203 0.984620 0.962132 0.918392 0.878722 0.660342 0.812461 0.749553 0.875000 0.633526 0.885957 0.000000 0.778031 0.662720 0.934253 0.945018 0.863228 0.676494 0.803830 0.789721 0.831505 0.704571 0.793323 0.948329 0.988356 0.924962 0.985139 0.986265 0.974571 0.844954 0.950933 0.974985 0.974423 0.888982 0.876404 0.929730 0.913776 0.892470 0.911058 0.746342 0.955195 0.706615 0.693928 0.937701 0.947842 0.642704 0.867038 0.998184 0.972278 0.981492 0.926794 0.998850 0.791627 0.978649 0.992292 0.955781 0.942116 0.936910 0.846882 0.883892 0.895793 0.894527 0.801808 0.824828 0.858634 0.929106 0.814757 0.817167 0.903622 0.939921 0.919623 0.978104 0.776411 0.783525 0.934952 0.844529 0.977785 0.953582 0.931398 0.938984 0.788883 0.976645 0.951638 0.860788 0.877420 0.927291 0.965956 0.961597 0.924505 0.780684 0.995960
0.856857 0.806584 0.862728 0.879598 0.960874 0.840714 0.975089 0.946242 0.954879 0.836789 0.966607 0.946670 0.930810 0.921424 0.947556 0.980951 0.902154 0.836347 0.838999 0.876094 0.967080 0.700240 0.973601 0.919824 0.804932 0.848619 0.894525 0.900383 0.894210 0.942841 0.787562 0.889585 0.888048 0.819336 0.941377 0.924109 0.778031 0.000000 0.868320 0.935275 0.934352 0.890579 0.706022 0.781364 0.788965 0.699904 0.661487 0.670502 0.770857 0.817018 0.931395 0.893662 0.896867 0.997488 0.799732 0.899586 0.769501 0.750325 0.837517 0.894821 0.999320 0.890069 0.990775 0.901961 0.890129 0.997386 0.886229 0.905136 0.789791 0.846453 0.737811 0.743261 0.776191 0.857791 0.877082 0.918555 0.939960 0.792364 0.868404 0.860035 0.841302 0.761936 0.965446 0.788431 0.945484 0.897943 0.706618 0.905562 0.887535 0.875254 0.888424 0.977224 0.998889 0.972624 0.896255 0.751297 0.620682 0.754775 0.915217 0.858874 0.799897 0.920399 0.825055 0.643232 0.919411 0.680395 0.838316 0.906754 0.978361 0.967760 0.787749 0.996912 0.970350 0.861100 0.877089 0.888055
