0.000000 0.529947 0.765136 0.598773 0.897328 0.874631 0.650116 0.603813 0.942676 0.723185 0.540653 0.656950 0.894281 0.980064 0.914721 0.877226 0.468720 0.412172 0.525348 0.486316 0.851668 0.938394 0.842238 0.769895 0.982379 0.932316 0.927747 0.887089 0.849892 0.885278 0.981656 0.893472 0.502351 0.551727 0.768328 0.978636 0.707621 0.775288 0.970551 0.912863 0.665105 0.675116 0.791483 0.805334 0.766545 0.612920 0.553153 0.560716 0.655687 0.681894 0.812456 0.850202 0.944138 0.841694 0.533374 0.532478 0.393311 0.514587 0.442451 0.580698 0.623410 0.713891 0.497354 0.467778 0.984763 0.925451 0.644382 0.798018 0.570170 0.608762 0.931289 0.919427 0.957190 0.859510 0.915301 0.873720 0.947458 0.776336 0.742189 0.972130 0.437113 0.414544 0.851522 0.577740 0.645025 0.792375 0.909473 0.969993 0.723193 0.519441 0.775190 0.986447 0.810774 0.987134 0.754308 0.809024 0.631922 0.804125 0.590695 0.632533 0.939036 0.943045 0.485418 0.641553 0.818922 0.618352 0.834144 0.801310 0.979923 0.903666 0.863902 0.688443 0.816450 0.901855 0.926776 0.969651
0.529947 0.000000 0.820759 0.690747 0.766054 0.902336 0.843467 0.769049 0.974346 0.909772 0.798211 0.759143 0.920088 0.860330 0.994510 0.976705 0.624167 0.621697 0.617181 0.563286 0.872119 0.850185 0.952211 0.916462 0.935343 0.908140 0.938932 0.952328 0.949970 0.996182 0.941525 0.954518 0.643234 0.806387 0.829023 0.990503 0.760162 0.759232 0.888928 0.983087 0.786162 0.719025 0.708513 0.670282 0.673448 0.573482 0.671135 0.576029 0.521534 0.516642 0.619253 0.695804 0.732608 0.920461 0.653806 0.765321 0.497606 0.478477 0.547423 0.608791 0.907472 0.899763 0.840823 0.740963 0.938279 0.984494 0.785493 0.810133 0.575113 0.526176 0.773495 0.854046 0.998554 0.943045 0.871629 0.977052 0.809738 0.703578 0.864036 0.996950 0.701479 0.646938 0.898745 0.736347 0.806973 0.902807 0.974970 0.999350 0.842621 0.655645 0.798289 0.802749 0.806815 0.846333 0.895906 0.820294 0.600480 0.831976 0.639452 0.605625 0.993611 0.764674 0.585358 0.627431 0.769470 0.661696 0.994044 0.691010 0.963721 0.795323 0.977174 0.669684 0.691693 0.859215 0.882635 0.985296
0.765136 0.820759 0.000000 0.502306 0.995618 0.739821 0.488263 0.935740 0.630012 0.985099 0.866959 0.847501 0.900258 0.873654 0.993820 0.711639 0.872090 0.816504 0.780644 0.867498 0.779593 0.978651 0.913211 0.951768 0.720662 0.705309 0.865937 0.866579 0.955108 0.753803 0.917348 0.944478 0.668025 0.902057 0.648962 0.996697 0.785107 0.876127 0.922694 0.937483 0.742081 0.730694 0.840828 0.764192 0.792868 0.780149 0.918378 0.917986 0.953132 0.836861 0.852007 0.864045 0.827428 0.705079 0.915854 0.794453 0.750820 0.818237 0.882527 0.901640 0.801226 0.865418 0.908401 0.958275 0.531503 0.932102 0.536676 0.922619 0.683106 0.763595 0.979662 0.862824 0.927783 0.855903 0.857127 0.876041 0.784836 0.814014 0.762593 0.990546 0.788966 0.842852 0.897022 0.814129 0.722250 0.801865 0.997977 0.908379 0.806025 0.866435 0.576348 0.590992 0.534571 0.555083 0.874667 0.717294 0.726535 0.842103 0.762686 0.706072 0.948656 0.852996 0.735178 0.785344 0.819557 0.773458 0.938109 0.758755 0.915369 0.928296 0.896134 0.775625 0.796179 0.984375 0.991515 0.885211
0.598773 0.690747 0.502306 0.000000 0.958986 0.933960 0.564182 0.742341 0.780001 0.932219 0.747847 0.946194 0.795688 0.935479 0.954442 0.854718 0.817637 0.730798 0.606942 0.703934 0.856885 0.971958 0.892669 0.977361 0.739657 0.701964 0.933118 0.863206 0.996073 0.844079 0.881402 0.986876 0.591211 0.780289 0.667086 0.993414 0.850845 0.928259 0.994440 0.935282 0.699718 0.717506 0.725760 0.649041 0.720898 0.639232 0.738968 0.670445 0.839059 0.728763 0.829372 0.795071 0.823918 0.831403 0.820246 0.659348 0.693693 0.764164 0.830801 0.882698 0.740218 0.937142 0.781594 0.810407 0.610944 0.918185 0.550727 0.799643 0.706815 0.745358 0.890927 0.935326 0.943180 0.994190 0.950367 0.888147 0.724961 0.824894 0.826388 0.975320 0.677803 0.712203 0.877782 0.830251 0.640305 0.677668 0.960149 0.986066 0.857022 0.695997 0.468925 0.624066 0.471978 0.611336 0.885811 0.666541 0.616840 0.801502 0.593106 0.558191 0.970725 0.860739 0.573279 0.578883 0.728691 0.700030 0.960502 0.800854 0.977022 0.945810 0.786700 0.615047 0.824109 0.920053 0.948201 0.973992
0.897328 0.766054 0.995618 0.958986 0.000000 0.993941 0.877052 0.955904 0.730613 0.887667 0.991075 0.990759 0.836496 0.959855 0.767928 0.827855 0.964072 0.981937 0.883545 0.961029 0.766997 0.967159 0.627721 0.680915 0.914262 0.825669 0.807232 0.841686 0.854953 0.874922 0.992235 0.801862 0.933678 0.987482 0.988663 0.988937 0.956888 0.723192 0.985624 0.872245 0.884587 0.944064 0.672796 0.684046 0.904772 0.875034 0.763459 0.840712 0.826722 0.902801 0.884729 0.989675 0.886079 0.943024 0.954032 0.957792 0.859057 0.992714 0.806661 0.928066 0.865583 0.979780 0.906531 0.940302 0.815379 0.995564 0.887989 0.752343 0.890526 0.898588 0.980218 0.981757 0.855303 0.789970 0.991180 0.921224 0.998632 0.911676 0.907610 0.971791 0.960727 0.953084 0.721759 0.922386 0.703526 0.773754 0.778444 0.747160 0.988682 0.941185 0.904296 0.985240 0.927438 0.960017 0.987103 0.824721 0.969126 0.811547 0.997276 0.982271 0.886923 0.844968 0.913341 0.777924 0.816244 0.915523 0.972813 0.888569 0.879887 0.942394 0.965593 0.952295 0.905353 0.974629 0.990217 0.924479
0.874631 0.902336 0.739821 0.933960 0.993941 0.000000 0.943009 0.809894 0.917150 0.774937 0.890701 0.778036 0.953002 0.821756 0.957738 0.802488 0.919851 0.922062 0.940832 0.981778 0.985210 0.862997 0.941179 0.963709 0.879587 0.936654 0.999069 0.874706 0.966263 0.866728 0.998844 0.929103 0.947858 0.964728 0.823135 0.930484 0.938598 0.949392 0.973466 0.893173 0.992331 0.886065 0.970121 0.976215 0.945790 0.940255 0.857288 0.939703 0.985707 0.966835 0.953402 0.952216 0.888852 0.774360 0.887280 0.859637 0.963353 0.978716 0.913501 0.747419 0.873137 0.693410 0.889610 0.889060 0.846764 0.728052 0.973770 0.836406 0.891207 0.982654 0.913103 0.942520 0.992805 0.968889 0.979641 0.922719 0.990602 0.968563 0.955775 0.918464 0.861900 0.837569 0.871297 0.961896 0.997164 0.942317 0.890131 0.943038 0.997503 0.916494 0.992008 0.873856 0.992592 0.851158 0.990804 0.915184 0.890225 0.871261 0.953547 0.985919 0.941670 0.931921 0.867705 0.859642 0.884596 0.973852 0.826218 0.945071 0.962174 0.965731 0.924422 0.887550 0.964422 0.962005 0.799430 0.935031
0.650116 0.843467 0.488263 0.564182 0.877052 0.943009 0.000000 0.506949 0.590345 0.536393 0.662223 0.866590 0.883512 0.810710 0.759526 0.720847 0.705884 0.604025 0.689069 0.858741 0.991597 0.979509 0.997694 0.807981 0.874677 0.900981 0.868123 0.916906 0.803912 0.909119 0.981143 0.923669 0.595933 0.550917 0.824253 0.995196 0.944258 0.914012 0.974320 0.947884 0.757492 0.842598 0.908560 0.864023 0.599464 0.592889 0.843302 0.826171 0.865015 0.964170 0.943880 0.855142 0.998516 0.991470 0.802526 0.716171 0.799780 0.891235 0.828361 0.997778 0.446589 0.728098 0.614255 0.621494 0.838531 0.953692 0.571289 0.777826 0.809893 0.772961 0.956821 0.945301 0.873520 0.906972 0.816059 0.919930 0.833876 0.845961 0.760165 0.846073 0.604303 0.660598 0.934943 0.703919 0.719865 0.910280 0.875434 0.891068 0.940075 0.869468 0.539550 0.737478 0.570928 0.789545 0.830808 0.810237 0.713656 0.807891 0.559110 0.626404 0.984646 0.981317 0.683271 0.734724 0.859631 0.837106 0.909810 0.909066 0.976768 0.945781 0.818204 0.711269 0.752545 0.786635 0.843710 0.951497
0.603813 0.769049 0.935740 0.742341 0.955904 0.809894 0.506949 0.000000 0.853737 0.366769 0.446333 0.467061 0.888131 0.984826 0.647611 0.853712 0.571920 0.562590 0.692693 0.748565 0.886456 0.894895 0.760874 0.736075 0.606182 0.685218 0.737995 0.761933 0.658845 0.637152 0.842453 0.888458 0.685155 0.416639 0.957113 0.928181 0.895458 0.758494 0.997837 0.983886 0.785162 0.931905 0.934340 0.911386 0.611321 0.573348 0.769811 0.735112 0.733702 0.955837 0.791245 0.676537 0.734953 0.593708 0.679863 0.705424 0.846638 0.892902 0.723103 0.769872 0.380799 0.397059 0.456252 0.389181 0.743132 0.802769 0.767544 0.655312 0.998113 0.815458 0.911846 0.791020 0.897467 0.970269 0.799436 0.932854 0.932922 0.898512 0.874783 0.759448 0.564388 0.624187 0.959876 0.687305 0.920556 0.997719 0.748545 0.850057 0.987798 0.785235 0.777945 0.920515 0.859404 0.827675 0.830503 0.944977 0.765340 0.825146 0.550318 0.717739 0.801392 0.856029 0.627093 0.735935 0.982308 0.898307 0.719906 0.907952 0.894757 0.955199 0.804042 0.693301 0.821409 0.722550 0.811061 0.819595
0.942676 0.974346 0.630012 0.780001 0.730613 0.917150 0.590345 0.853737 0.000000 0.801866 0.966253 0.886663 0.886996 0.922334 0.991580 0.930473 0.976034 0.888596 0.988681 0.971600 0.984403 0.854644 0.752270 0.894264 0.996089 0.996616 0.907686 0.969787 0.959623 0.960722 0.901339 0.983035 0.834980 0.929808 0.864628 0.898897 0.955661 0.886919 0.898029 0.906698 0.879615 0.951619 0.865533 0.910147 0.905856 0.936249 0.956568 0.841516 0.941185 0.978818 0.940050 0.939808 0.856684 0.719196 0.959242 0.900893 0.987268 0.955281 0.913260 0.911562 0.761747 0.957448 0.940864 0.970805 0.665706 0.895303 0.775377 0.948492 0.984984 0.968851 0.983906 0.944283 0.914440 0.997554 0.933979 0.967470 0.829639 0.971393 0.843620 0.912593 0.895808 0.949269 0.863366 0.849102 0.776968 0.834360 0.991317 0.982032 0.946613 0.978338 0.672438 0.689225 0.746159 0.728024 0.939863 0.868111 0.828158 0.986011 0.855867 0.774894 0.842529 0.885018 0.977153 0.938573 0.831225 0.988648 0.997114 0.963392 0.892483 0.993797 0.922645 0.860342 0.865930 0.866320 0.843025 0.953360
0.723185 0.909772 0.985099 0.932219 0.887667 0.774937 0.536393 0.366769 0.801866 0.000000 0.598435 0.609626 0.985557 0.919142 0.640386 0.853759 0.659925 0.580447 0.768608 0.912093 0.876454 0.986530 0.806362 0.699669 0.478892 0.538630 0.761512 0.700809 0.657103 0.600383 0.832388 0.905316 0.809679 0.521251 0.950177 0.944501 0.893305 0.694467 0.959919 0.920485 0.857115 0.977638 0.885227 0.904796 0.680500 0.696571 0.831074 0.857025 0.782142 0.882966 0.771022 0.652060 0.786228 0.645141 0.744869 0.720498 0.959255 0.921738 0.756659 0.789453 0.439273 0.466108 0.531834 0.469704 0.691727 0.876023 0.835208 0.737665 0.940464 0.821906 0.896718 0.887639 0.837641 0.920403 0.800413 0.949273 0.984297 0.998952 0.832350 0.740925 0.611983 0.685885 0.902162 0.729525 0.954065 0.874568 0.776249 0.879236 0.912882 0.844430 0.878417 0.880610 0.967973 0.773905 0.827379 0.994245 0.897559 0.902441 0.648513 0.760525 0.844591 0.765845 0.741205 0.866760 0.984216 0.877742 0.814527 0.857330 0.975254 0.932223 0.952612 0.812838 0.877193 0.711071 0.826862 0.858777
0.540653 0.798211 0.866959 0.747847 0.991075 0.890701 0.662223 0.446333 0.966253 0.598435 0.000000 0.486897 0.874668 0.954485 0.684017 0.803091 0.498538 0.583408 0.758047 0.691594 0.989134 0.766154 0.685141 0.689181 0.863195 0.864010 0.861096 0.946853 0.776114 0.767193 0.852862 0.781377 0.656662 0.484455 0.797483 0.950972 0.937226 0.933842 0.995157 0.915069 0.702832 0.810875 0.953919 0.952305 0.752704 0.680411 0.749439 0.798353 0.789932 0.981041 0.774020 0.720704 0.662429 0.569895 0.674474 0.683262 0.752268 0.859245 0.645639 0.780389 0.488396 0.522317 0.459105 0.417011 0.836882 0.858068 0.696628 0.736006 0.908899 0.741540 0.855969 0.754565 0.833379 0.883137 0.855537 0.848490 0.967176 0.987504 0.847983 0.863412 0.548565 0.603265 0.990854 0.667118 0.902248 0.916232 0.809774 0.793885 0.882497 0.736408 0.833328 0.829280 0.879125 0.826618 0.719713 0.918059 0.814516 0.843032 0.697448 0.821900 0.856719 0.908838 0.576742 0.769744 0.971946 0.814216 0.625033 0.944453 0.808213 0.905941 0.918269 0.757370 0.905806 0.897946 0.920385 0.918482
0.656950 0.759143 0.847501 0.946194 0.990759 0.778036 0.866590 0.467061 0.886663 0.609626 0.486897 0.000000 0.658150 0.676407 0.908067 0.838746 0.578172 0.650357 0.681878 0.669256 0.898842 0.778834 0.792643 0.917084 0.706853 0.674503 0.878781 0.816502 0.694433 0.606671 0.738450 0.914505 0.844668 0.547644 0.933721 0.931520 0.873674 0.773952 0.933951 0.994433 0.845533 0.973170 0.903250 0.942657 0.787307 0.714442 0.725182 0.825957 0.801458 0.902490 0.840897 0.721056 0.660777 0.529215 0.649709 0.738934 0.829630 0.922529 0.800690 0.821079 0.536791 0.443434 0.484200 0.468194 0.705599 0.711690 0.936378 0.799880 0.965398 0.822438 0.898072 0.733901 0.988449 0.999416 0.868517 0.914596 0.970963 0.905430 0.965152 0.836289 0.608304 0.626422 0.972479 0.738769 0.905208 0.845369 0.799635 0.972399 0.894810 0.812010 0.914434 0.709953 0.901902 0.629645 0.776596 0.964264 0.883847 0.948492 0.804014 0.966453 0.788001 0.815282 0.735193 0.871656 0.870078 0.953754 0.685118 0.895952 0.836790 0.980028 0.883787 0.834692 0.921225 0.925794 0.863912 0.838340
0.894281 0.920088 0.900258 0.795688 0.836496 0.953002 0.883512 0.888131 0.886996 0.985557 0.874668 0.658150 0.000000 0.514486 0.664480 0.584664 0.901342 0.933732 0.770211 0.817034 0.896966 0.909649 0.726497 0.658368 0.993155 0.974131 0.797465 0.928585 0.872514 0.894692 0.961823 0.935009 0.887085 0.856406 0.793234 0.922150 0.884441 0.950514 0.968056 0.829180 0.801496 0.964375 0.905787 0.947817 0.942070 0.891230 0.916931 0.989243 0.966717 0.951027 0.981312 0.988134 0.948681 0.959883 0.822062 0.836015 0.978674 0.913347 0.772660 0.791449 0.760277 0.876038 0.755816 0.871058 0.833677 0.834193 0.893471 0.874614 0.913910 0.986800 0.928802 0.965640 0.857639 0.882824 0.939133 0.957973 0.953716 0.860647 0.971579 0.957141 0.816884 0.841432 0.795301 0.889031 0.638811 0.573643 0.969215 0.781576 0.860261 0.990410 0.867200 0.926311 0.808626 0.954957 0.773607 0.858082 0.873388 0.977900 0.888524 0.991425 0.897529 0.975243 0.857758 0.847406 0.924309 0.987040 0.893935 0.914741 0.963125 0.987515 0.727290 0.911832 0.999637 0.887424 0.988281 0.938842
0.980064 0.860330 0.873654 0.935479 0.959855 0.821756 0.810710 0.984826 0.922334 0.919142 0.954485 0.676407 0.514486 0.000000 0.578286 0.502703 0.973778 0.964222 0.737911 0.745043 0.928937 0.929344 0.764667 0.601794 0.992450 0.999357 0.681780 0.910839 0.824170 0.785823 0.900682 0.723915 0.984421 0.997199 0.896365 0.999067 0.774662 0.902504 0.955724 0.840702 0.966745 0.897017 0.862559 0.912128 0.972551 0.925318 0.865953 0.887702 0.929883 0.968646 0.917789 0.917851 0.949515 0.985168 0.889369 0.858123 0.968528 0.926767 0.810539 0.924536 0.990560 0.956129 0.855709 0.963108 0.955101 0.866847 0.922987 0.910577 0.979295 0.985832 0.841974 0.949942 0.822928 0.827205 0.932123 0.971652 0.849683 0.903020 0.941360 0.953747 0.884751 0.907243 0.833990 0.941770 0.777443 0.637132 0.923555 0.737546 0.971377 0.915585 0.935291 0.966596 0.993324 0.902316 0.907305 0.952236 0.959600 0.863457 0.994095 0.984528 0.920325 0.989271 0.912582 0.920937 0.991085 0.984152 0.880827 0.975028 0.918807 0.894217 0.833821 0.867722 0.993280 0.966700 0.955680 0.915138
0.914721 0.994510 0.993820 0.954442 0.767928 0.957738 0.759526 0.647611 0.991580 0.640386 0.684017 0.908067 0.664480 0.578286 0.000000 0.491172 0.815808 0.923349 0.816530 0.820398 0.944980 0.939797 0.458640 0.456778 0.799767 0.847351 0.562122 0.874375 0.975116 0.957434 0.823740 0.708274 0.956478 0.754888 0.944186 0.995325 0.920671 0.947354 0.934381 0.793491 0.983553 0.998286 0.879333 0.847788 0.707620 0.742422 0.937160 0.921329 0.830312 0.876617 0.856005 0.698884 0.654357 0.687362 0.966277 0.973319 0.998823 0.958511 0.711365 0.817470 0.746766 0.666590 0.921217 0.805050 0.659247 0.883844 0.808763 0.565912 0.856312 0.895414 0.802167 0.752435 0.786381 0.828534 0.885284 0.986055 0.978711 0.949735 0.868687 0.881462 0.947364 0.954414 0.612399 0.931807 0.617233 0.612806 0.747614 0.649047 0.874142 0.913735 0.971749 0.886402 0.991962 0.922100 0.951252 0.994437 0.899189 0.768108 0.868819 0.903656 0.774216 0.909149 0.921790 0.915895 0.801339 0.966144 0.930441 0.983022 0.950753 0.930498 0.984288 0.987752 0.983183 0.776472 0.842541 0.994020
0.877226 0.976705 0.711639 0.854718 0.827855 0.802488 0.720847 0.853712 0.930473 0.853759 0.803091 0.838746 0.584664 0.502703 0.491172 0.000000 0.888510 0.900474 0.919014 0.902337 0.904189 0.999176 0.581555 0.482781 0.992767 0.940264 0.737785 0.967931 0.920096 0.830155 0.837051 0.695613 0.988201 0.914506 0.891901 0.977324 0.897999 0.950405 0.974288 0.863889 0.957251 0.817682 0.931819 0.868894 0.825100 0.845025 0.968586 0.933069 0.858063 0.999204 0.927313 0.885434 0.853848 0.898488 0.984883 0.907304 0.924739 0.946140 0.709052 0.913015 0.914969 0.962526 0.984697 0.907266 0.946518 0.889097 0.803410 0.808889 0.947600 0.883182 0.825547 0.989809 0.732067 0.773986 0.916551 0.919182 0.983733 0.952708 0.884404 0.968514 0.912254 0.990321 0.750381 0.996221 0.769245 0.726023 0.849039 0.597262 0.995840 0.924092 0.879298 0.954254 0.867054 0.881999 0.963977 0.963104 0.909558 0.809053 0.855464 0.827336 0.888464 0.992316 0.906052 0.894258 0.937698 0.858418 0.949200 0.966206 0.999323 0.987891 0.920096 0.946123 0.947068 0.961657 0.891497 0.927880
0.468720 0.624167 0.872090 0.817637 0.964072 0.919851 0.705884 0.571920 0.976034 0.659925 0.498538 0.578172 0.901342 0.973778 0.815808 0.888510 0.000000 0.454004 0.666812 0.614281 0.975312 0.941401 0.804068 0.770559 0.867481 0.898269 0.895066 0.971192 0.761527 0.779957 0.825600 0.903962 0.666052 0.601748 0.810371 0.995238 0.806995 0.988403 0.929348 0.938118 0.742255 0.815726 0.982702 0.930266 0.843899 0.791831 0.759629 0.732856 0.778182 0.897177 0.983535 0.961797 0.894580 0.741296 0.505572 0.644053 0.564557 0.614964 0.517761 0.623917 0.558588 0.592958 0.496460 0.430211 0.957673 0.816196 0.755767 0.803531 0.757659 0.687466 0.953071 0.766953 0.947855 0.882741 0.843079 0.880801 0.991274 0.875746 0.859933 0.949483 0.484449 0.513499 0.927300 0.608108 0.760867 0.845890 0.912516 0.979192 0.690957 0.660300 0.941516 0.823764 0.985517 0.859879 0.765154 0.864526 0.738804 0.858091 0.673838 0.758431 0.895457 0.960460 0.564361 0.775636 0.873270 0.699353 0.812376 0.861917 0.988050 0.889432 0.970983 0.810293 0.864354 0.893005 0.953609 0.956437
0.412172 0.621697 0.816504 0.730798 0.981937 0.922062 0.604025 0.562590 0.888596 0.580447 0.583408 0.650357 0.933732 0.964222 0.923349 0.900474 0.454004 0.000000 0.584734 0.562342 0.937668 0.969127 0.913332 0.785970 0.875943 0.896718 0.996906 0.971922 0.645686 0.643653 0.925423 0.964226 0.585562 0.543230 0.864451 0.914742 0.723559 0.966524 0.948538 0.923866 0.716438 0.734380 0.878368 0.900951 0.768199 0.675003 0.547660 0.613779 0.643093 0.804213 0.898284 0.963077 0.959050 0.802658 0.516662 0.500068 0.463825 0.587304 0.507936 0.628666 0.567502 0.650905 0.433345 0.417362 0.985964 0.920550 0.707434 0.805705 0.736159 0.627258 0.936345 0.838950 0.906167 0.831288 0.858318 0.903365 0.939440 0.870642 0.753837 0.987126 0.333074 0.367288 0.735105 0.414656 0.595317 0.795607 0.944605 0.948330 0.726065 0.522893 0.917332 0.855857 0.967559 0.842465 0.756129 0.813450 0.774350 0.848832 0.650577 0.706301 0.987255 0.853458 0.569517 0.752621 0.829979 0.653747 0.818212 0.984649 0.958825 0.898556 0.922936 0.737281 0.800994 0.860083 0.984799 0.872860
0.525348 0.617181 0.780644 0.606942 0.883545 0.940832 0.689069 0.692693 0.988681 0.768608 0.758047 0.681878 0.770211 0.737911 0.816530 0.919014 0.666812 0.584734 0.000000 0.543843 0.880690 0.874042 0.785224 0.871296 0.982641 0.927315 0.954395 0.959738 0.790714 0.832070 0.952567 0.696707 0.686344 0.665168 0.782405 0.929396 0.976047 0.944030 0.922450 0.818481 0.764562 0.766750 0.929287 0.909545 0.763230 0.689539 0.732110 0.698114 0.739434 0.764376 0.911694 0.894835 0.795310 0.986453 0.591360 0.633506 0.652419 0.714771 0.824913 0.850035 0.688635 0.849751 0.581408 0.612160 0.842857 0.997889 0.885551 0.989186 0.705237 0.688144 0.839724 0.912537 0.898214 0.931844 0.983222 0.929779 0.852345 0.804414 0.888086 0.969201 0.603339 0.523202 0.725455 0.719519 0.516994 0.697641 0.955619 0.817333 0.873334 0.664653 0.767429 0.878420 0.739076 0.965480 0.744837 0.930093 0.791437 0.999129 0.670088 0.574482 0.989641 0.892423 0.641110 0.806810 0.777097 0.630032 0.835238 0.853210 0.937603 0.976318 0.841460 0.723951 0.781798 0.998846 0.974230 0.791943
0.486316 0.563286 0.867498 0.703934 0.961029 0.981778 0.858741 0.748565 0.971600 0.912093 0.691594 0.669256 0.817034 0.745043 0.820398 0.902337 0.614281 0.562342 0.543843 0.000000 0.935949 0.898233 0.952180 0.945487 0.991413 0.985319 0.902829 0.933129 0.779141 0.846325 0.927842 0.921030 0.646609 0.762510 0.791159 0.949864 0.792154 0.879508 0.976543 0.967367 0.718146 0.831636 0.895111 0.915983 0.851909 0.722174 0.633121 0.656046 0.689182 0.651963 0.779065 0.759902 0.809254 0.948064 0.684664 0.674988 0.573407 0.598638 0.625813 0.632962 0.799824 0.811405 0.634639 0.620298 0.904510 0.920080 0.862162 0.928891 0.728124 0.740438 0.879029 0.987235 0.910657 0.918485 0.929480 0.949184 0.907488 0.930419 0.779216 0.930416 0.622817 0.562770 0.704888 0.665327 0.655187 0.713154 0.951812 0.923569 0.787853 0.556614 0.892879 0.974610 0.899526 0.978641 0.894240 0.934329 0.798524 0.921596 0.716139 0.747858 0.890532 0.936513 0.654472 0.761149 0.859780 0.731677 0.853385 0.905840 0.918130 0.975530 0.924500 0.675570 0.781271 0.948824 0.898917 0.824196
0.851668 0.872119 0.779593 0.856885 0.766997 0.985210 0.991597 0.886456 0.984403 0.876454 0.989134 0.898842 0.896966 0.928937 0.944980 0.904189 0.975312 0.937668 0.880690 0.935949 0.000000 0.941499 0.792506 0.780590 0.774805 0.699464 0.977714 0.749016 0.881568 0.773698 0.984240 0.833855 0.786012 0.991727 0.838981 0.974691 0.804458 0.807284 0.838748 0.971377 0.889729 0.964062 0.713316 0.756160 0.936640 0.959170 0.849701 0.887492 0.963293 0.918696 0.787602 0.836071 0.966261 0.929983 0.907920 0.945960 0.737399 0.853167 0.769150 0.913872 0.973108 0.931505 0.943665 0.900342 0.822556 0.874617 0.739852 0.783640 0.873924 0.881394 0.920561 0.943198 0.975421 0.762954 0.951312 0.890894 0.975309 0.972785 0.795403 0.934219 0.939096 0.981759 0.835296 0.975011 0.932755 0.940330 0.966584 0.811994 0.862134 0.892415 0.939928 0.950308 0.984653 0.853325 0.877065 0.728855 0.837193 0.910088 0.936150 0.982899 0.911881 0.929453 0.825989 0.856684 0.932879 0.972386 0.920373 0.835216 0.975235 0.870837 0.993451 0.858624 0.964955 0.995420 0.903575 0.828989
0.938394 0.850185 0.978651 0.971958 0.967159 0.862997 0.979509 0.894895 0.854644 0.986530 0.766154 0.778834 0.909649 0.929344 0.939797 0.999176 0.941401 0.969127 0.874042 0.898233 0.941499 0.000000 0.943330 0.978300 0.960877 0.924376 0.974906 0.844341 0.827469 0.895113 0.941842 0.800956 0.994519 0.877360 0.940858 0.976766 0.808228 0.800740 0.926174 0.895266 0.936120 0.927078 0.987534 0.989739 0.917567 0.987227 0.973084 0.988940 0.935190 0.886833 0.833763 0.825816 0.852449 0.796600 0.937826 0.985563 0.981795 0.917715 0.944114 0.881327 0.901794 0.934608 0.800022 0.853283 0.899087 0.941337 0.942356 0.955419 0.933196 0.955405 0.868208 0.877908 0.928669 0.872938 0.966909 0.869647 0.976680 0.916580 0.966094 0.845917 0.979735 0.965035 0.886587 0.998785 0.959447 0.963040 0.968030 0.963617 0.998760 0.957354 0.959729 0.873129 0.914456 0.871500 0.963672 0.953746 0.968623 0.935860 0.927802 0.948809 0.925065 0.891614 0.988846 0.969406 0.846862 0.939411 0.700093 0.864167 0.980425 0.967947 0.828693 0.951586 0.968152 0.882685 0.914309 0.881331
0.842238 0.952211 0.913211 0.892669 0.627721 0.941179 0.997694 0.760874 0.752270 0.806362 0.685141 0.792643 0.726497 0.764667 0.458640 0.581555 0.804068 0.913332 0.785224 0.952180 0.792506 0.943330 0.000000 0.376594 0.828184 0.907324 0.660236 0.948324 0.940822 0.975304 0.708189 0.565141 0.997620 0.850928 0.944272 0.920180 0.947767 0.941391 0.925008 0.755203 0.971126 0.941729 0.771668 0.776988 0.826110 0.805413 0.840120 0.853751 0.791218 0.936856 0.931600 0.773241 0.623645 0.597452 0.952608 0.948584 0.905219 0.932745 0.592564 0.761398 0.907906 0.743129 0.930304 0.815875 0.532181 0.953463 0.859611 0.665686 0.974577 0.877130 0.838127 0.798988 0.662228 0.707082 0.894332 0.969393 0.996529 0.946742 0.919581 0.835810 0.895181 0.989913 0.588785 0.944634 0.539940 0.626229 0.666680 0.521088 0.979302 0.984552 0.870391 0.751818 0.885144 0.835859 0.995556 0.987122 0.932350 0.740048 0.906056 0.940913 0.671268 0.906830 0.819537 0.809373 0.736604 0.990757 0.979400 0.984907 0.925579 0.966206 0.942697 0.998398 0.957825 0.917704 0.909062 0.874580
0.769895 0.916462 0.951768 0.977361 0.680915 0.963709 0.807981 0.736075 0.894264 0.699669 0.689181 0.917084 0.658368 0.601794 0.456778 0.482781 0.770559 0.785970 0.871296 0.945487 0.780590 0.978300 0.376594 0.000000 0.785028 0.892150 0.623100 0.924712 0.964979 0.968320 0.743878 0.545199 0.948998 0.771520 0.986669 0.980016 0.862126 0.932722 0.988550 0.764552 0.902983 0.914174 0.883125 0.875540 0.782630 0.780015 0.838636 0.830087 0.749156 0.998985 0.943456 0.791803 0.747301 0.694252 0.944720 0.945581 0.860090 0.856969 0.543923 0.784033 0.848239 0.802683 0.842805 0.728274 0.634727 0.868656 0.791452 0.727995 0.927440 0.784913 0.843724 0.842892 0.610037 0.642601 0.893293 0.972624 0.951965 0.949271 0.846378 0.856206 0.805706 0.911595 0.712268 0.914847 0.651777 0.582813 0.739882 0.544238 0.978940 0.984400 0.980764 0.846376 0.979599 0.923247 0.979997 0.949539 0.927270 0.779610 0.808774 0.928968 0.797460 0.969466 0.765121 0.774234 0.849915 0.904748 0.955313 0.990935 0.966727 0.932158 0.813127 0.910182 0.980614 0.916867 0.860695 0.942200
0.982379 0.935343 0.720662 0.739657 0.914262 0.879587 0.874677 0.606182 0.996089 0.478892 0.863195 0.706853 0.993155 0.992450 0.799767 0.992767 0.867481 0.875943 0.982641 0.991413 0.774805 0.960877 0.828184 0.785028 0.000000 0.394496 0.750206 0.608890 0.718461 0.666362 0.771460 0.923335 0.904312 0.753398 0.820687 0.838875 0.807978 0.715054 0.876126 0.974298 0.980009 0.868027 0.727819 0.680824 0.905945 0.960426 0.955083 0.988506 0.933272 0.785799 0.719859 0.638290 0.773184 0.668327 0.962245 0.985555 0.773727 0.930148 0.954712 0.878439 0.675813 0.589514 0.775530 0.672072 0.516675 0.986462 0.805696 0.980051 0.864440 0.985443 0.881558 0.937041 0.906907 0.985737 0.826895 0.965429 0.868015 0.879810 0.929291 0.740414 0.901258 0.908180 0.843485 0.909121 0.834425 0.749704 0.833277 0.896753 0.776693 0.893843 0.879793 0.746457 0.822727 0.638580 0.970192 0.790730 0.921332 0.936250 0.874861 0.943970 0.901487 0.789373 0.996758 0.974586 0.847229 0.907180 0.956043 0.778695 0.933005 0.971318 0.900117 0.947181 0.997506 0.745303 0.757185 0.781695
0.932316 0.908140 0.705309 0.701964 0.825669 0.936654 0.900981 0.685218 0.996616 0.538630 0.864010 0.674503 0.974131 0.999357 0.847351 0.940264 0.898269 0.896718 0.927315 0.985319 0.699464 0.924376 0.907324 0.892150 0.394496 0.000000 0.780658 0.603039 0.718989 0.614306 0.671278 0.992889 0.900879 0.784975 0.805941 0.874121 0.812905 0.665118 0.844331 0.974308 0.950233 0.928364 0.705722 0.683180 0.893924 0.991261 0.945861 0.908878 0.948708 0.743320 0.680789 0.620416 0.807392 0.660846 0.961873 0.981339 0.817224 0.895824 0.974753 0.995374 0.754048 0.700350 0.781254 0.728022 0.542452 0.942884 0.725099 0.912013 0.895271 0.921556 0.883612 0.971484 0.921719 0.949693 0.917439 0.994319 0.911891 0.846841 0.960777 0.762160 0.946504 0.912995 0.961937 0.937068 0.923324 0.774509 0.926841 0.978590 0.759840 0.927031 0.839574 0.757996 0.820972 0.635694 0.994360 0.810483 0.931919 0.939106 0.948452 0.939809 0.910554 0.707070 0.950511 0.876632 0.887015 0.908690 0.891150 0.805664 0.958294 0.983978 0.974324 0.928762 0.977989 0.815595 0.809592 0.833043
0.927747 0.938932 0.865937 0.933118 0.807232 0.999069 0.868123 0.737995 0.907686 0.761512 0.861096 0.878781 0.797465 0.681780 0.562122 0.737785 0.895066 0.996906 0.954395 0.902829 0.977714 0.974906 0.660236 0.623100 0.750206 0.780658 0.000000 0.732459 0.875818 0.974611 0.855587 0.799346 0.993687 0.786736 0.946506 0.950736 0.916680 0.987345 0.989368 0.938537 0.995506 0.977339 0.861716 0.913419 0.733596 0.770790 0.976618 0.841101 0.814500 0.938659 0.925356 0.801958 0.800254 0.799856 0.995391 0.904479 0.991811 0.992675 0.844485 0.875009 0.893449 0.815885 0.979187 0.889316 0.706164 0.988135 0.931409 0.720374 0.982027 0.928044 0.999230 0.929630 0.895145 0.821941 0.989311 0.923292 0.960057 0.929189 0.982514 0.897693 0.957040 0.942268 0.675718 0.852759 0.727036 0.695229 0.906194 0.675356 0.919713 0.895994 0.923505 0.973795 0.956602 0.953787 0.937967 0.938128 0.896544 0.859879 0.830807 0.896189 0.830378 0.972521 0.941701 0.995939 0.774734 0.997239 0.915404 0.983844 0.937411 0.997309 0.978087 0.983638 0.987216 0.746039 0.810574 0.959452
0.887089 0.952328 0.866579 0.863206 0.841686 0.874706 0.916906 0.761933 0.969787 0.700809 0.946853 0.816502 0.928585 0.910839 0.874375 0.967931 0.971192 0.971922 0.959738 0.933129 0.749016 0.844341 0.948324 0.924712 0.608890 0.603039 0.732459 0.000000 0.881083 0.858521 0.815576 0.999458 0.846031 0.881128 0.898332 0.911615 0.763883 0.625822 0.924136 0.964831 0.889434 0.990906 0.880710 0.849888 0.847715 0.904084 0.914866 0.951188 0.917333 0.940444 0.854625 0.807580 0.898677 0.855375 0.990081 0.912150 0.763190 0.960720 0.995136 0.915290 0.835481 0.774956 0.956970 0.859784 0.769011 0.995694 0.849047 0.918842 0.788199 0.979432 0.871798 0.966362 0.988894 0.877465 0.878009 0.963575 0.998167 0.940007 0.892015 0.880958 0.919178 0.965910 0.956495 0.989550 0.855809 0.811662 0.990228 0.946787 0.834922 0.893875 0.911017 0.890559 0.863750 0.797232 0.978935 0.733033 0.792043 0.882482 0.926868 0.996110 0.860466 0.838017 0.832755 0.864897 0.824122 0.929162 0.930780 0.723348 0.967958 0.970952 0.962696 0.979234 0.887273 0.865184 0.802421 0.827578
0.849892 0.949970 0.955108 0.996073 0.854953 0.966263 0.803912 0.658845 0.959623 0.657103 0.776114 0.694433 0.872514 0.824170 0.975116 0.920096 0.761527 0.645686 0.790714 0.779141 0.881568 0.827469 0.940822 0.964979 0.718461 0.718989 0.875818 0.881083 0.000000 0.426849 0.975735 0.784437 0.853817 0.612448 0.891622 0.862848 0.830076 0.736477 0.944773 0.854985 0.902233 0.930674 0.834515 0.804596 0.986072 0.999711 0.811157 0.930926 0.986260 0.804042 0.716118 0.733407 0.852710 0.657222 0.813262 0.765155 0.974485 0.922011 0.975617 0.933627 0.620340 0.626090 0.528672 0.611829 0.900086 0.855084 0.993405 0.980546 0.789030 0.937341 0.809977 0.777432 0.977998 0.830589 0.852450 0.945563 0.919169 0.943249 0.878595 0.958979 0.672255 0.689491 0.754948 0.636927 0.761658 0.791103 0.968802 0.820159 0.899749 0.801937 0.835918 0.634710 0.762831 0.591829 0.808770 0.953886 0.914782 0.905402 0.931573 0.989544 0.956799 0.627442 0.992134 0.965931 0.915448 0.974807 0.740559 0.696377 0.973502 0.942503 0.789158 0.911636 0.900261 0.905280 0.896300 0.686150
0.885278 0.996182 0.753803 0.844079 0.874922 0.866728 0.909119 0.637152 0.960722 0.600383 0.767193 0.606671 0.894692 0.785823 0.957434 0.830155 0.779957 0.643653 0.832070 0.846325 0.773698 0.895113 0.975304 0.968320 0.666362 0.614306 0.974611 0.858521 0.426849 0.000000 0.999642 0.806560 0.846115 0.588852 0.908349 0.910085 0.810931 0.757620 0.989302 0.967637 0.920809 0.925469 0.853538 0.808377 0.924302 0.927221 0.834281 0.918277 0.852962 0.854185 0.792541 0.727376 0.826225 0.620462 0.749942 0.753504 0.943012 0.946372 0.960562 0.884930 0.680988 0.591301 0.542159 0.571467 0.706524 0.869394 0.906987 0.916320 0.777677 0.968303 0.820266 0.803554 0.926523 0.866825 0.974487 0.969901 0.874684 0.946478 0.968625 0.982643 0.701785 0.702422 0.732192 0.676676 0.841886 0.890851 0.974302 0.845386 0.969929 0.847440 0.753608 0.584402 0.704123 0.515245 0.851245 0.883712 0.915796 0.866792 0.944164 0.990990 0.951549 0.706442 0.962752 0.927753 0.972450 0.998891 0.690127 0.742025 0.946228 0.976711 0.884913 0.973354 0.949564 0.952038 0.901658 0.736710
0.981656 0.941525 0.917348 0.881402 0.992235 0.998844 0.981143 0.842453 0.901339 0.832388 0.852862 0.738450 0.961823 0.900682 0.823740 0.837051 0.825600 0.925423 0.952567 0.927842 0.984240 0.941842 0.708189 0.743878 0.771460 0.671278 0.855587 0.815576 0.975735 0.999642 0.000000 0.687562 0.904660 0.943165 0.950948 0.853213 0.922073 0.754501 0.976675 0.821780 0.922948 0.973606 0.998978 0.968619 0.925956 0.987511 0.987696 0.947293 0.941227 0.816222 0.801058 0.705577 0.759090 0.662875 0.852857 0.952636 0.998009 0.987130 0.879300 0.994913 0.915324 0.852346 0.955204 0.903915 0.724663 0.964268 0.902944 0.907436 0.911786 0.767284 0.787055 0.955259 0.760842 0.817778 0.846991 0.839797 0.968921 0.945220 0.888560 0.840480 0.962488 0.922366 0.898733 0.954715 0.865094 0.833403 0.918330 0.848372 0.945758 0.940555 0.866395 0.885651 0.902367 0.813951 0.989213 0.986613 0.942103 0.862416 0.982221 0.911342 0.874373 0.981467 0.932966 0.961790 0.856026 0.992371 0.967382 0.872488 0.976604 0.869727 0.874496 0.936740 0.972379 0.977019 0.844315 0.911478
0.893472 0.954518 0.944478 0.986876 0.801862 0.929103 0.923669 0.888458 0.983035 0.905316 0.781377 0.914505 0.935009 0.723915 0.708274 0.695613 0.903962 0.964226 0.696707 0.921030 0.833855 0.800956 0.565141 0.545199 0.923335 0.992889 0.799346 0.999458 0.784437 0.806560 0.687562 0.000000 0.978353 0.948206 0.993235 0.753281 0.756475 0.876235 0.941976 0.689611 0.912658 0.971423 0.934004 0.937310 0.998240 0.943002 0.948694 0.943241 0.973194 0.930325 0.996533 0.911157 0.740544 0.830294 0.967921 0.961914 0.941280 0.882610 0.691893 0.854600 0.894740 0.847452 0.995109 0.891499 0.846961 0.970025 0.756635 0.876423 0.914300 0.823648 0.799197 0.908208 0.726261 0.677933 0.925541 0.933632 0.900285 0.987864 0.910794 0.736329 0.905652 0.999165 0.730045 0.947434 0.729640 0.812270 0.793226 0.613203 0.890541 0.995445 0.957055 0.974892 0.961353 0.997625 0.954744 0.979249 0.860376 0.767870 0.931124 0.905486 0.926649 0.903388 0.872687 0.828121 0.886296 0.998749 0.899240 0.938874 0.832257 0.852392 0.827199 0.913728 0.925835 0.931917 0.885399 0.835514
0.502351 0.643234 0.668025 0.591211 0.933678 0.947858 0.595933 0.685155 0.834980 0.809679 0.656662 0.844668 0.887085 0.984421 0.956478 0.988201 0.666052 0.585562 0.686344 0.646609 0.786012 0.994519 0.997620 0.948998 0.904312 0.900879 0.993687 0.846031 0.853817 0.846115 0.904660 0.978353 0.000000 0.606755 0.834734 0.964824 0.781886 0.835502 0.960326 0.979072 0.710706 0.721461 0.824096 0.763785 0.784589 0.693042 0.699374 0.698131 0.824780 0.814669 0.908077 0.940486 0.952597 0.973071 0.714140 0.731243 0.545911 0.753031 0.703178 0.799702 0.641511 0.794381 0.670826 0.690497 0.855613 0.859898 0.574732 0.725204 0.699833 0.769715 0.994713 0.936811 0.951346 0.988865 0.962514 0.957933 0.780767 0.868559 0.726425 0.971088 0.602485 0.610913 0.846128 0.717563 0.671867 0.781186 0.919043 0.959624 0.879947 0.706996 0.656408 0.877353 0.751850 0.873782 0.907660 0.699430 0.584661 0.849784 0.702502 0.726102 0.959136 0.950025 0.655285 0.697486 0.813065 0.761091 0.796555 0.824719 0.882946 0.784583 0.858431 0.704084 0.750825 0.864843 0.923316 0.956949
0.551727 0.806387 0.902057 0.780289 0.987482 0.964728 0.550917 0.416639 0.929808 0.521251 0.484455 0.547644 0.856406 0.997199 0.754888 0.914506 0.601748 0.543230 0.665168 0.762510 0.991727 0.877360 0.850928 0.771520 0.753398 0.784975 0.786736 0.881128 0.612448 0.588852 0.943165 0.948206 0.606755 0.000000 0.876989 0.959623 0.967886 0.910249 0.991019 0.959679 0.744127 0.867508 0.911778 0.955027 0.711859 0.655723 0.778054 0.734005 0.769571 0.937662 0.813684 0.714364 0.738790 0.638717 0.629627 0.718108 0.765900 0.914373 0.759572 0.862460 0.427301 0.505041 0.421040 0.410793 0.839290 0.857616 0.743648 0.730321 0.920216 0.814392 0.823209 0.769098 0.959860 0.894929 0.928369 0.965134 0.967551 0.896655 0.902405 0.855446 0.537776 0.570951 0.912183 0.648928 0.788813 0.889160 0.960437 0.974168 0.922416 0.763008 0.842046 0.858132 0.909135 0.783925 0.757405 0.944722 0.868985 0.900310 0.637797 0.728110 0.930291 0.817661 0.696713 0.805056 0.987950 0.818162 0.702256 0.936442 0.884937 0.877804 0.763740 0.696437 0.836702 0.797683 0.827254 0.765060
0.768328 0.829023 0.648962 0.667086 0.988663 0.823135 0.824253 0.957113 0.864628 0.950177 0.797483 0.933721 0.793234 0.896365 0.944186 0.891901 0.810371 0.864451 0.782405 0.791159 0.838981 0.940858 0.944272 0.986669 0.820687 0.805941 0.946506 0.898332 0.891622 0.908349 0.950948 0.993235 0.834734 0.876989 0.000000 0.925249 0.955252 0.943308 0.929728 0.895383 0.669734 0.765289 0.872058 0.858053 0.855839 0.834764 0.962249 0.882961 0.923417 0.860018 0.875292 0.878513 0.952484 0.867614 0.987888 0.829149 0.813894 0.885258 0.909808 0.989235 0.889677 0.940042 0.835622 0.880688 0.716349 0.991795 0.731373 0.975474 0.757895 0.811896 0.923900 0.941277 0.975500 0.989635 0.984815 0.837656 0.996514 0.888964 0.944827 0.997860 0.811471 0.892699 0.913193 0.898038 0.824489 0.801959 0.938684 0.931806 0.985591 0.857727 0.836907 0.827963 0.742098 0.793268 0.844161 0.895505 0.905545 0.868398 0.816354 0.763010 0.951397 0.849133 0.775833 0.864781 0.868083 0.735530 0.899028 0.745753 0.973704 0.866511 0.941968 0.883217 0.944491 0.934691 0.927956 0.996644
0.978636 0.990503 0.996697 0.993414 0.988937 0.930484 0.995196 0.928181 0.898897 0.944501 0.950972 0.931520 0.922150 0.999067 0.995325 0.977324 0.995238 0.914742 0.929396 0.949864 0.974691 0.976766 0.920180 0.980016 0.838875 0.874121 0.950736 0.911615 0.862848 0.910085 0.853213 0.753281 0.964824 0.959623 0.925249 0.000000 0.964921 0.976115 0.940057 0.856165 0.907098 0.951293 0.848361 0.899878 0.870739 0.899340 0.897381 0.823796 0.881512 0.905196 0.952097 0.952866 0.891938 0.902253 0.937648 0.976441 0.948863 0.952038 0.966756 0.940184 0.925317 0.890732 0.963858 0.971870 0.924797 0.938526 0.972090 0.888108 0.892679 0.906354 0.992973 0.948006 0.939609 0.980114 0.966723 0.930984 0.968425 0.945674 0.879546 0.858889 0.997226 0.984671 0.855580 0.930779 0.917032 0.993785 0.981134 0.835852 0.905486 0.988592 0.994677 0.977137 0.992031 0.994040 0.862556 0.960328 0.918766 0.850707 0.947967 0.918202 0.996871 0.872422 0.977297 0.953158 0.932059 0.988794 0.863702 0.891276 0.968629 0.965678 0.957002 0.977069 0.908072 0.960177 0.935057 0.948659
0.707621 0.760162 0.785107 0.850845 0.956888 0.938598 0.944258 0.895458 0.955661 0.893305 0.937226 0.873674 0.884441 0.774662 0.920671 0.897999 0.806995 0.723559 0.976047 0.792154 0.804458 0.808228 0.947767 0.862126 0.807978 0.812905 0.916680 0.763883 0.830076 0.810931 0.922073 0.756475 0.781886 0.967886 0.955252 0.964921 0.000000 0.618400 0.874293 0.780960 0.805593 0.712663 0.930074 0.947036 0.932528 0.959918 0.838614 0.889230 0.888361 0.774889 0.745125 0.702826 0.791302 0.887909 0.754574 0.742266 0.588918 0.557939 0.643779 0.742683 0.921199 0.867634 0.995892 0.941269 0.848209 0.873790 0.842052 0.968453 0.611116 0.728590 0.967250 0.900652 0.920996 0.796821 0.944474 0.841054 0.964960 0.835368 0.799264 0.893483 0.776667 0.775343 0.838894 0.736627 0.782610 0.961397 0.948938 0.946228 0.782469 0.629984 0.883713 0.910672 0.887447 0.862434 0.963828 0.847585 0.744511 0.870367 0.915700 0.968024 0.922956 0.879942 0.696775 0.846658 0.733412 0.722806 0.905514 0.747966 0.960646 0.780498 0.905316 0.938052 0.964848 0.964022 0.724693 0.821004
0.775288 0.759232 0.876127 0.928259 0.723192 0.949392 0.914012 0.758494 0.886919 0.694467 0.933842 0.773952 0.950514 0.902504 0.947354 0.950405 0.988403 0.966524 0.944030 0.879508 0.807284 0.800740 0.941391 0.932722 0.715054 0.665118 0.987345 0.625822 0.736477 0.757620 0.754501 0.876235 0.835502 0.910249 0.943308 0.976115 0.618400 0.000000 0.893865 0.849363 0.839767 0.737312 0.806412 0.842389 0.940368 0.953905 0.870896 0.825290 0.861370 0.679528 0.618704 0.630558 0.798825 0.756434 0.917942 0.921229 0.632564 0.709734 0.758566 0.828936 0.760369 0.758568 0.826576 0.852341 0.891288 0.883789 0.863361 0.987758 0.667557 0.883936 0.825375 0.842015 0.961423 0.888772 0.838948 0.970879 0.938976 0.827729 0.929580 0.881053 0.987312 0.966226 0.987400 0.972063 0.956782 0.991657 0.939122 0.971417 0.807413 0.855704 0.937245 0.834468 0.818858 0.753016 0.991433 0.870139 0.745572 0.837364 0.974610 0.949787 0.918447 0.831400 0.865868 0.794869 0.822760 0.762679 0.794928 0.652712 0.969516 0.786216 0.996306 0.959456 0.985935 0.936384 0.719354 0.800986
