0.000000 0.405434 0.901904 0.971362 0.918087 0.910252 0.839996 0.699364 0.942113 0.717428 0.614230 0.541501 0.944369 0.808353 0.971565 0.879329 0.491096 0.515356 0.634119 0.588042 0.975371 0.943236 0.907261 0.938087 0.818419 0.822127 0.903713 0.852412 0.709358 0.669343 0.993467 0.931422 0.577817 0.625160 0.966867 0.971163 0.856153 0.774040 0.916570 0.991146 0.812345 0.964878 0.871978 0.741697 0.728937 0.770614 0.888382 0.872898 0.720147 0.891787 0.768111 0.925545 0.946750 0.903053 0.925069 0.807165 0.407536 0.418694 0.644332 0.831437 0.764693 0.898498 0.469943 0.469902 0.723652 0.870908 0.821047 0.780190 0.554934 0.647468 0.671583 0.665950 0.795696 0.770296 0.895200 0.902190 0.743782 0.731552 0.817731 0.783685 0.486517 0.478062 0.941086 0.755812 0.978089 0.952961 0.928784 0.875973 0.801359 0.951320 0.763380 0.766602 0.807041 0.898801 0.958395 0.886986 0.717441 0.946690 0.518365 0.681741 0.769629 0.933955 0.636443 0.587942 0.842167 0.976789 0.929613 0.893787 0.921959 0.893058 0.748938 0.830394 0.800165 0.965764 0.959410 0.970250
0.405434 0.000000 0.733874 0.921568 0.996498 0.969146 0.960111 0.772314 0.808721 0.778960 0.669434 0.523799 0.906617 0.825922 0.778964 0.993370 0.501730 0.479488 0.674192 0.523825 0.973771 0.980886 0.805359 0.864711 0.810486 0.734380 0.978639 0.815421 0.735818 0.635209 0.955073 0.925599 0.639595 0.651268 0.927367 0.890419 0.868912 0.745632 0.855075 0.980963 0.819055 0.785850 0.957517 0.763502 0.783638 0.774129 0.991783 0.955718 0.720807 0.866980 0.853061 0.970935 0.783511 0.773521 0.983175 0.767704 0.370824 0.330716 0.781383 0.790588 0.880668 0.831206 0.608982 0.463090 0.659450 0.885735 0.931313 0.840352 0.578832 0.597714 0.646858 0.713068 0.816231 0.745788 0.975927 0.943151 0.770025 0.752434 0.837634 0.800357 0.515633 0.544731 0.937435 0.766907 0.822023 0.968041 0.940280 0.894609 0.666317 0.913315 0.839877 0.830518 0.880241 0.944772 0.928715 0.899893 0.740545 0.886243 0.568724 0.731825 0.708953 0.987309 0.687760 0.636820 0.916265 0.940882 0.953362 0.967331 0.976216 0.906350 0.779128 0.767221 0.783636 0.946967 0.979508 0.996299
0.901904 0.733874 0.000000 0.463963 0.799161 0.974535 0.471046 0.852355 0.572923 0.988563 0.983822 0.679975 0.809547 0.915938 0.674673 0.976310 0.855689 0.781506 0.796811 0.833021 0.863299 0.831678 0.434624 0.640216 0.547295 0.549691 0.885806 0.805272 0.862020 0.776630 0.536010 0.713007 0.700693 0.771454 0.626325 0.928530 0.860587 0.939150 0.672069 0.877662 0.871227 0.880540 0.731069 0.915474 0.894436 0.967052 0.687446 0.792000 0.756554 0.983280 0.947185 0.866114 0.741767 0.728308 0.769947 0.949369 0.762051 0.714411 0.751468 0.989614 0.761022 0.875025 0.968106 0.698066 0.414450 0.606804 0.504401 0.671498 0.954735 0.833737 0.892465 0.899695 0.916356 0.994251 0.795983 0.817984 0.716268 0.803690 0.882024 0.979743 0.817452 0.907480 0.953268 0.778230 0.495164 0.578967 0.943400 0.939014 0.777798 0.878279 0.897489 0.842220 0.815358 0.643697 0.955338 0.924719 0.974128 0.819624 0.918671 0.933349 0.747095 0.870810 0.981682 0.818708 0.797844 0.581393 0.934840 0.877781 0.995972 0.986328 0.978737 0.883485 0.934152 0.935477 0.820153 0.882642
0.971362 0.921568 0.463963 0.000000 0.908128 0.942826 0.575250 0.719813 0.639948 0.994570 0.894282 0.856920 0.997228 0.982956 0.824514 0.846735 0.924745 0.803887 0.755354 0.993849 0.907988 0.960498 0.467043 0.499924 0.565511 0.601727 0.919061 0.876054 0.793136 0.758952 0.543171 0.675657 0.723211 0.822073 0.685184 0.970561 0.636573 0.756633 0.684945 0.885295 0.768677 0.988549 0.836825 0.980374 0.886901 0.802450 0.769490 0.898387 0.699137 0.935030 0.900506 0.956538 0.762471 0.606179 0.740049 0.928920 0.917574 0.889304 0.775282 0.960653 0.851659 0.937538 0.936651 0.874979 0.565513 0.615705 0.648132 0.826268 0.929272 0.904753 0.713058 0.680021 0.671505 0.810621 0.832762 0.860837 0.694319 0.813719 0.841383 0.988960 0.961910 0.992228 0.913382 0.939815 0.612234 0.578329 0.993056 0.936083 0.919630 0.845929 0.799425 0.771564 0.754777 0.643944 0.853375 0.974989 0.979911 0.913961 0.926201 0.928253 0.886282 0.780984 0.908428 0.967449 0.751997 0.665639 0.937380 0.809202 0.958638 0.993663 0.927486 0.970958 0.874519 0.920694 0.898958 0.961400
0.918087 0.996498 0.799161 0.908128 0.000000 0.769195 0.831074 0.951005 0.864935 0.908834 0.742383 0.898715 0.737228 0.972646 0.854518 0.893851 0.993182 0.935554 0.893002 0.985112 0.932627 0.826956 0.906496 0.966753 0.973614 0.972713 0.857132 0.956144 0.881561 0.956230 0.925154 0.906226 0.843875 0.826479 0.864229 0.892184 0.953411 0.924986 0.948603 0.987398 0.932735 0.879853 0.932611 0.856780 0.744518 0.835736 0.934375 0.758573 0.962372 0.863583 0.934999 0.943458 0.979013 0.981723 0.921952 0.890141 0.969864 0.947832 0.869891 0.909429 0.742842 0.940950 0.971171 0.888141 0.812770 0.787336 0.742620 0.681107 0.951604 0.945460 0.997295 0.882088 0.967382 0.935627 0.981709 0.962832 0.819400 0.922213 0.956205 0.886879 0.963016 0.993691 0.900584 0.883552 0.849991 0.885965 0.920008 0.876241 0.895889 0.810241 0.942712 0.909952 0.938480 0.831885 0.953543 0.937739 0.929812 0.972614 0.875420 0.890320 0.966755 0.910040 0.975479 0.797506 0.876460 0.978059 0.928925 0.973075 0.940398 0.984740 0.832482 0.980602 0.922853 0.962745 0.929810 0.729914
0.910252 0.969146 0.974535 0.942826 0.769195 0.000000 0.880360 0.785955 0.873609 0.807570 0.801273 0.781182 0.777668 0.973401 0.919464 0.896106 0.975442 0.962028 0.951327 0.907116 0.982010 0.863380 0.808478 0.775101 0.847050 0.893911 0.801844 0.944386 0.920292 0.982013 0.963638 0.839985 0.982438 0.987697 0.937161 0.822671 0.943950 0.820784 0.978728 0.955707 0.998028 0.814480 0.887492 0.979411 0.800682 0.761334 0.949650 0.992786 0.845014 0.904107 0.894104 0.895992 0.834575 0.962497 0.991562 0.886746 0.966915 0.971931 0.757090 0.850729 0.683197 0.790772 0.884673 0.892509 0.858839 0.971713 0.920735 0.848059 0.964769 0.892676 0.931522 0.907345 0.987396 0.948565 0.967550 0.963048 0.905029 0.971326 0.963871 0.939424 0.959263 0.940351 0.829876 0.915430 0.898693 0.852727 0.938108 0.900640 0.968192 0.901725 0.832534 0.849591 0.776064 0.882679 0.927848 0.992442 0.889775 0.880059 0.815802 0.983071 0.754771 0.845205 0.870102 0.999795 0.970705 0.942687 0.881709 0.981334 0.980080 0.965523 0.885548 0.943583 0.906468 0.933365 0.954042 0.804820
0.839996 0.960111 0.471046 0.575250 0.831074 0.880360 0.000000 0.583295 0.639698 0.634751 0.702490 0.999701 0.712032 0.878067 0.710051 0.836199 0.860277 0.943528 0.567020 0.935874 0.948814 0.898114 0.561681 0.719535 0.896807 0.871960 0.873271 0.979452 0.923910 0.906448 0.609690 0.745263 0.640178 0.609551 0.824807 0.955486 0.950615 0.966900 0.790123 0.982867 0.948608 0.899085 0.629845 0.765552 0.737209 0.867593 0.665896 0.750716 0.943420 0.974064 0.904250 0.999316 0.746377 0.718204 0.924641 0.913983 0.965889 0.933570 0.686087 0.884963 0.702708 0.880730 0.614865 0.987663 0.766138 0.927627 0.518064 0.748169 0.941831 0.990222 0.734085 0.744089 0.705719 0.791967 0.800175 0.725494 0.644627 0.816058 0.761234 0.860451 0.928364 0.842087 0.936631 0.931486 0.605523 0.757123 0.943957 0.927562 0.940146 0.922677 0.660419 0.590283 0.683854 0.616257 0.930385 0.913859 0.868825 0.880969 0.771881 0.685276 0.939621 0.665185 0.823861 0.877858 0.845038 0.704834 0.939428 0.778796 0.995943 0.954945 0.863876 0.929147 0.875540 0.982942 0.947949 0.886080
0.699364 0.772314 0.852355 0.719813 0.951005 0.785955 0.583295 0.000000 0.879522 0.547022 0.736751 0.609869 0.773960 0.734305 0.899866 0.735912 0.830506 0.959595 0.647732 0.829551 0.894283 0.983155 0.903437 0.930445 0.831712 0.893747 0.724307 0.847315 0.909888 0.844528 0.848082 0.914667 0.775958 0.717827 0.943345 0.998432 0.917434 0.970026 0.899208 0.861902 0.939908 0.931896 0.878534 0.846960 0.867949 0.846516 0.919878 0.934964 0.919606 0.888145 0.794573 0.942483 0.851223 0.822553 0.966342 0.971235 0.815782 0.831394 0.682374 0.863049 0.710856 0.721070 0.583737 0.669220 0.826375 0.936404 0.770548 0.858538 0.797902 0.821481 0.618151 0.708804 0.634257 0.704621 0.892032 0.888680 0.741876 0.926764 0.867326 0.968966 0.833714 0.835470 0.844041 0.912467 0.921373 0.879374 0.930780 0.903462 0.854212 0.882191 0.492898 0.502587 0.610301 0.636972 0.930900 0.936804 0.718383 0.888852 0.700657 0.749393 0.680382 0.556327 0.734482 0.634962 0.927104 0.884257 0.938589 0.817986 0.927388 0.900777 0.863799 0.929397 0.811440 0.875818 0.947435 0.923008
0.942113 0.808721 0.572923 0.639948 0.864935 0.873609 0.639698 0.879522 0.000000 0.896512 0.976732 0.807481 0.831345 0.847546 0.829605 0.817834 0.945869 0.837575 0.968089 0.877750 0.894198 0.783223 0.702996 0.820531 0.769873 0.656011 0.967004 0.773525 0.902610 0.800547 0.744693 0.931180 0.949640 0.978760 0.765103 0.952899 0.798299 0.989990 0.824268 0.827478 0.880652 0.998088 0.815344 0.904970 0.889573 0.976754 0.673019 0.872823 0.940277 0.890866 0.797091 0.806206 0.668480 0.790779 0.867536 0.952582 0.839260 0.832512 0.629867 0.780030 0.692236 0.938053 0.991781 0.915355 0.629704 0.703517 0.689240 0.808320 0.951424 0.946313 0.878161 0.898802 0.991102 0.953780 0.820703 0.898896 0.794540 0.995114 0.927106 0.965205 0.946161 0.907219 0.882857 0.957069 0.758287 0.820433 0.842492 0.925209 0.688479 0.794338 0.803720 0.851494 0.745246 0.799282 0.946002 0.907932 0.918192 0.878424 0.988263 0.910423 0.923563 0.986945 0.919782 0.919702 0.835328 0.752672 0.861515 0.872009 0.878017 0.959687 0.910659 0.897476 0.819191 0.998519 0.882759 0.783620
0.717428 0.778960 0.988563 0.994570 0.908834 0.807570 0.634751 0.547022 0.896512 0.000000 0.612191 0.691450 0.773581 0.780183 0.951474 0.817112 0.702260 0.721639 0.650662 0.758415 0.922645 0.946892 0.946859 0.872793 0.625740 0.665058 0.750696 0.801317 0.731756 0.607418 0.966205 0.996214 0.891808 0.726885 0.922436 0.915117 0.975999 0.968717 0.868965 0.864415 0.921546 0.966814 0.667374 0.652254 0.670496 0.661913 0.910622 0.800344 0.679519 0.960860 0.815127 0.939390 0.997149 0.986990 0.830072 0.958200 0.759040 0.836597 0.812600 0.938325 0.832244 0.968221 0.587540 0.677305 0.690205 0.683847 0.877137 0.990551 0.946872 0.906492 0.665812 0.741912 0.799017 0.746366 0.949075 0.808448 0.725720 0.975248 0.899136 0.937995 0.780629 0.803465 0.856931 0.914086 0.860245 0.775912 0.928982 0.910901 0.783629 0.737705 0.530466 0.580056 0.722260 0.846930 0.916956 0.932855 0.818327 0.888644 0.586460 0.641252 0.750325 0.790305 0.673820 0.637389 0.970298 0.976534 0.993274 0.847785 0.918850 0.972557 0.860970 0.756243 0.720657 0.863089 0.912390 0.894621
0.614230 0.669434 0.983822 0.894282 0.742383 0.801273 0.702490 0.736751 0.976732 0.612191 0.000000 0.616272 0.624882 0.710591 0.826328 0.887975 0.583997 0.559948 0.615224 0.646997 0.979431 0.989545 0.905447 0.849130 0.690926 0.693550 0.887945 0.800365 0.628745 0.552402 0.986326 0.969416 0.727673 0.628432 0.829360 0.960341 0.849532 0.834436 0.929377 0.987004 0.934239 0.959308 0.842554 0.748031 0.650911 0.739933 0.919427 0.862342 0.809193 0.949904 0.960076 0.899780 0.887626 0.823397 0.838113 0.908637 0.652394 0.689673 0.799424 0.979268 0.760294 0.936261 0.547334 0.680007 0.777987 0.772116 0.831691 0.819617 0.763296 0.782651 0.754479 0.846979 0.850358 0.873342 0.958268 0.805259 0.823493 0.825967 0.846204 0.699936 0.677475 0.582652 0.976455 0.904145 0.995162 0.876010 0.828653 0.892059 0.892495 0.662431 0.757652 0.737479 0.844072 0.872046 0.930870 0.975429 0.799416 0.921650 0.559312 0.677629 0.897715 0.878578 0.781499 0.785712 0.963016 0.956447 0.874688 0.989120 0.955971 0.927510 0.838232 0.862857 0.787268 0.909668 0.987854 0.834074
0.541501 0.523799 0.679975 0.856920 0.898715 0.781182 0.999701 0.609869 0.807481 0.691450 0.616272 0.000000 0.821878 0.669959 0.859056 0.761542 0.660273 0.674307 0.779749 0.689600 0.921656 0.963784 0.688168 0.727236 0.573035 0.578209 0.732470 0.737603 0.790684 0.630626 0.772351 0.867144 0.860938 0.853870 0.755853 0.999544 0.997312 0.931516 0.831706 0.917237 0.990232 0.878092 0.906144 0.891975 0.887982 0.822523 0.875032 0.976965 0.753522 0.952507 0.896180 0.894273 0.886260 0.868093 0.889798 0.859169 0.577697 0.554793 0.822214 0.798938 0.789029 0.733709 0.548016 0.428046 0.517733 0.718595 0.924543 0.983528 0.688044 0.759594 0.772249 0.877208 0.833521 0.857039 0.948154 0.926818 0.938911 0.943519 0.944200 0.957172 0.662347 0.654931 0.971351 0.684376 0.676175 0.696157 0.943074 0.951134 0.804691 0.778015 0.754327 0.776304 0.862150 0.937578 0.945238 0.965124 0.772342 0.881979 0.634719 0.809104 0.680043 0.871289 0.807424 0.630558 0.960223 0.849786 0.916252 0.981552 0.898430 0.892785 0.811670 0.868573 0.788517 0.886405 0.903045 0.966922
0.944369 0.906617 0.809547 0.997228 0.737228 0.777668 0.712032 0.773960 0.831345 0.773581 0.624882 0.821878 0.000000 0.790361 0.713642 0.803121 0.989466 0.999839 0.941170 0.930993 0.938436 0.984670 0.948373 0.864351 0.822265 0.932728 0.927225 0.955361 0.916251 0.905785 0.986562 0.871216 0.917551 0.870838 0.908039 0.929036 0.895675 0.818066 0.990502 0.945674 0.888485 0.853056 0.936879 0.898481 0.784678 0.859061 0.861222 0.848558 0.958269 0.973402 0.985645 0.979204 0.921274 0.915662 0.919846 0.963598 0.879964 0.887061 0.760103 0.924221 0.645178 0.942429 0.780982 0.945122 0.964476 0.930582 0.855583 0.859680 0.976471 0.918385 0.979291 0.973450 0.983126 0.897712 0.901650 0.826146 0.943008 0.963705 0.997034 0.957709 0.898042 0.998569 0.868838 0.891678 0.949889 0.845842 0.887596 0.850691 0.827674 0.846553 0.802156 0.850251 0.818101 0.844629 0.917325 0.991767 0.927102 0.964506 0.825917 0.960983 0.891455 0.854723 0.962712 0.982428 0.977601 0.950324 0.996996 0.997704 0.917681 0.912839 0.917952 0.966617 0.903563 0.939516 0.964919 0.851821
0.808353 0.825922 0.915938 0.982956 0.972646 0.973401 0.878067 0.734305 0.847546 0.780183 0.710591 0.669959 0.790361 0.000000 0.853016 0.746583 0.719867 0.719739 0.643155 0.725755 0.840563 0.956690 0.950943 0.923611 0.854519 0.738572 0.864958 0.715686 0.730561 0.663019 0.935649 0.834274 0.858904 0.874508 0.765055 0.961934 0.882950 0.925573 0.946612 0.894870 0.874296 0.986483 0.843822 0.862061 0.997241 0.998481 0.996682 0.930748 0.979556 0.727110 0.848272 0.686708 0.800322 0.900615 0.866446 0.965298 0.779987 0.830675 0.902418 0.846114 0.828452 0.845694 0.675674 0.807574 0.763087 0.684492 0.916580 0.863937 0.893872 0.933836 0.819459 0.891269 0.834654 0.775974 0.944420 0.880163 0.984177 0.924222 0.848789 0.784106 0.775554 0.688992 0.885262 0.931164 0.972918 0.892967 0.981602 0.841711 0.816359 0.660746 0.855917 0.874465 0.990962 0.985195 0.882134 0.907829 0.970965 0.974858 0.800674 0.794860 0.865601 0.776807 0.834075 0.756231 0.853594 0.724997 0.992810 0.944791 0.993387 0.827750 0.951192 0.849404 0.898276 0.866884 0.999762 0.917968
0.971565 0.778964 0.674673 0.824514 0.854518 0.919464 0.710051 0.899866 0.829605 0.951474 0.826328 0.859056 0.713642 0.853016 0.000000 0.806172 0.934702 0.945252 0.815718 0.989235 0.867464 0.913854 0.678401 0.767461 0.824734 0.810958 0.895843 0.908031 0.820816 0.908899 0.779133 0.839432 0.842803 0.905193 0.944753 0.938905 0.976613 0.924853 0.789634 0.775392 0.956044 0.805479 0.659403 0.783131 0.872345 0.961793 0.661533 0.648008 0.983173 0.938677 0.998552 0.954198 0.892826 0.959662 0.998920 0.947948 0.903084 0.814936 0.946329 0.797811 0.947311 0.704725 0.886392 0.822555 0.682932 0.913837 0.851835 0.946739 0.983008 0.793862 0.908950 0.987193 0.985130 0.883228 0.925699 0.806587 0.996106 0.855295 0.849374 0.816690 0.983695 0.928432 0.850022 0.992590 0.584234 0.729614 0.932034 0.995155 0.784738 0.972246 0.917372 0.908999 0.933947 0.947605 0.836608 0.979294 0.889870 0.851249 0.995075 0.862636 0.776963 0.945558 0.976591 0.848746 0.978226 0.871693 0.971740 0.899859 0.964253 0.939928 0.960794 0.994997 0.969390 0.971628 0.875171 0.887502
0.879329 0.993370 0.976310 0.846735 0.893851 0.896106 0.836199 0.735912 0.817834 0.817112 0.887975 0.761542 0.803121 0.746583 0.806172 0.000000 0.911332 0.987377 0.820570 0.846450 0.984661 0.856870 0.897355 0.842645 0.952503 0.979182 0.785852 0.943725 0.919272 0.832338 0.992768 0.864792 0.922216 0.947803 0.819217 0.879450 0.856293 0.980018 0.964509 0.844209 0.971308 0.988726 0.925941 0.973977 0.898000 0.904602 0.875041 0.898326 0.957163 0.883877 0.866484 0.915897 0.861929 0.937538 0.981235 0.940988 0.970063 0.954468 0.939736 0.951181 0.960666 0.997273 0.754726 0.844707 0.868456 0.844706 0.829942 0.739197 0.880943 0.906221 0.842317 0.879041 0.798743 0.911617 0.911954 0.936103 0.962772 0.955058 0.975546 0.984296 0.911700 0.870800 0.977531 0.755906 0.976061 0.949407 0.962937 0.807191 0.936310 0.997430 0.871078 0.993236 0.932356 0.960404 0.983709 0.905675 0.979585 0.990264 0.897570 0.931482 0.942232 0.961181 0.927575 0.801347 0.982783 0.900225 0.842056 0.992285 0.997222 0.992560 0.951162 0.853221 0.969728 0.977565 0.958614 0.990038
0.491096 0.501730 0.855689 0.924745 0.993182 0.975442 0.860277 0.830506 0.945869 0.702260 0.583997 0.660273 0.989466 0.719867 0.934702 0.911332 0.000000 0.371667 0.531676 0.514930 0.962316 0.974920 0.984047 0.968683 0.783283 0.715641 0.955573 0.828622 0.536535 0.518042 0.957400 0.764361 0.652186 0.654677 0.858398 0.941226 0.976367 0.941003 0.867672 0.999619 0.890589 0.910535 0.694512 0.661835 0.748597 0.812306 0.878895 0.904197 0.775751 0.955758 0.932894 0.910731 0.788620 0.825286 0.914935 0.867401 0.373839 0.465343 0.888221 0.930606 0.997575 0.848597 0.525850 0.545615 0.722911 0.731120 0.888386 0.966500 0.678909 0.740863 0.676830 0.701082 0.829953 0.779419 0.905718 0.850666 0.832116 0.789844 0.739382 0.685363 0.416794 0.479281 0.789137 0.781144 0.996637 0.965141 0.945906 0.958601 0.761785 0.851839 0.829888 0.814281 0.915056 0.989223 0.975057 0.883811 0.778891 0.947194 0.607964 0.579509 0.817687 0.995017 0.646579 0.685999 0.991672 0.848058 0.897001 0.943969 0.971747 0.887457 0.730259 0.774484 0.746044 0.971290 0.963769 0.958904
0.515356 0.479488 0.781506 0.803887 0.935554 0.962028 0.943528 0.959595 0.837575 0.721639 0.559948 0.674307 0.999839 0.719739 0.945252 0.987377 0.371667 0.000000 0.569071 0.460785 0.970546 0.977588 0.909375 0.913634 0.751914 0.623000 0.962151 0.781305 0.511064 0.466832 0.951058 0.834882 0.697973 0.664014 0.806960 0.948995 0.959601 0.964641 0.764788 0.952223 0.960681 0.931783 0.763790 0.673835 0.732309 0.788518 0.918717 0.847258 0.757739 0.944657 0.985428 0.894053 0.697570 0.713663 0.835495 0.921183 0.382649 0.447020 0.967902 0.891832 0.938148 0.801071 0.562120 0.594325 0.684121 0.709707 0.929557 0.986107 0.659843 0.722864 0.760103 0.795525 0.873988 0.767200 0.960948 0.850226 0.842633 0.767302 0.748675 0.685303 0.421415 0.445784 0.797362 0.791370 0.989836 0.992718 0.974727 0.968735 0.661280 0.800813 0.921276 0.871621 0.997986 0.945722 0.969559 0.880374 0.843870 0.947036 0.611919 0.606766 0.858095 0.922266 0.672549 0.709812 0.941695 0.782475 0.960446 0.985581 0.958423 0.936415 0.760384 0.694329 0.742314 0.936148 0.995674 0.976498
0.634119 0.674192 0.796811 0.755354 0.893002 0.951327 0.567020 0.647732 0.968089 0.650662 0.615224 0.779749 0.941170 0.643155 0.815718 0.820570 0.531676 0.569071 0.000000 0.538165 0.999542 0.939124 0.656723 0.733873 0.979209 0.864997 0.944700 0.820929 0.675437 0.604183 0.762942 0.617582 0.574545 0.561745 0.978145 0.937741 0.954758 0.931820 0.969751 0.985516 0.928902 0.979406 0.631986 0.709971 0.822304 0.922719 0.822487 0.785054 0.986215 0.896094 0.941346 0.807855 0.894309 0.957849 0.995508 0.972586 0.592784 0.697039 0.911066 0.800885 0.992144 0.770750 0.519482 0.775893 0.978003 0.875175 0.706087 0.886848 0.752699 0.877993 0.542734 0.653101 0.609708 0.619394 0.896085 0.754644 0.684120 0.734630 0.692728 0.686434 0.592280 0.545836 0.865460 0.882147 0.727355 0.796124 0.887938 0.948126 0.747169 0.782406 0.742129 0.668486 0.847205 0.820972 0.869620 0.841274 0.827558 0.862608 0.675200 0.552725 0.969923 0.794450 0.680886 0.759423 0.964139 0.945265 0.927817 0.945525 0.932846 0.944476 0.885639 0.833143 0.836519 0.997075 0.980185 0.969637
0.588042 0.523825 0.833021 0.993849 0.985112 0.907116 0.935874 0.829551 0.877750 0.758415 0.646997 0.689600 0.930993 0.725755 0.989235 0.846450 0.514930 0.460785 0.538165 0.000000 0.947390 0.912214 0.998851 0.924664 0.837934 0.719958 0.984808 0.750536 0.625134 0.585659 0.965884 0.749385 0.737799 0.762017 0.821144 0.893775 0.890894 0.889862 0.834262 0.938837 0.884077 0.932101 0.851973 0.796363 0.946613 0.996837 0.980043 0.914842 0.954856 0.914980 0.902852 0.780549 0.756236 0.867535 0.896900 0.987753 0.485830 0.504324 0.986359 0.901610 0.882680 0.886503 0.617750 0.635210 0.724459 0.773934 0.989148 0.919192 0.653605 0.729596 0.616343 0.712814 0.673002 0.660530 0.973599 0.894168 0.799266 0.772684 0.760986 0.767163 0.477681 0.502196 0.806452 0.704271 0.995405 0.994347 0.984906 0.986734 0.635061 0.795178 0.868260 0.797647 0.941587 0.988242 0.979536 0.890688 0.911383 0.947913 0.701838 0.653526 0.918454 0.976568 0.713233 0.668676 0.987946 0.852577 0.986628 0.984945 0.977863 0.992791 0.893848 0.832268 0.933887 0.913786 0.982417 0.883636
0.975371 0.973771 0.863299 0.907988 0.932627 0.982010 0.948814 0.894283 0.894198 0.922645 0.979431 0.921656 0.938436 0.840563 0.867464 0.984661 0.962316 0.970546 0.999542 0.947390 0.000000 0.961998 0.942112 0.963265 0.895688 0.809959 0.823996 0.918468 0.873144 0.898634 0.991815 0.924960 0.909689 0.965618 0.884495 0.943154 0.991279 0.987302 0.933589 0.845120 0.991825 0.940846 0.985678 0.879430 0.936582 0.991179 0.869716 0.846433 0.924764 0.893679 0.908143 0.860468 0.967207 0.998643 0.881670 0.710265 0.998537 0.950903 0.904593 0.948365 0.836311 0.927289 0.968104 0.905913 0.822055 0.859722 0.818066 0.882541 0.960436 0.965037 0.979718 0.992996 0.951875 0.869179 0.987085 0.966309 0.991328 0.923706 0.840836 0.962239 0.992750 0.952514 0.964754 0.883018 0.836957 0.824756 0.914854 0.875187 0.887957 0.982223 0.976141 0.956261 0.997034 0.919622 0.866612 0.868533 0.884277 0.971595 0.944082 0.999437 0.894986 0.861546 0.928561 0.863900 0.935710 0.815529 0.938302 0.860725 0.941702 0.951799 0.878895 0.999613 0.909967 0.850255 0.784132 0.915825
0.943236 0.980886 0.831678 0.960498 0.826956 0.863380 0.898114 0.983155 0.783223 0.946892 0.989545 0.963784 0.984670 0.956690 0.913854 0.856870 0.974920 0.977588 0.939124 0.912214 0.961998 0.000000 0.820864 0.929918 0.824257 0.804389 0.956503 0.858632 0.947220 0.969024 0.910345 0.946252 0.995376 0.963971 0.945929 0.986919 0.996944 0.931298 0.963629 0.925413 0.945090 0.943480 0.871661 0.853236 0.877784 0.917527 0.914586 0.884617 0.962648 0.884989 0.928282 0.854120 0.963983 0.977934 0.989031 0.839428 0.992397 0.998923 0.860728 0.912512 0.929288 0.966530 0.975302 0.906150 0.857191 0.856910 0.884246 0.877872 0.887430 0.957771 0.935670 0.995782 0.846194 0.895670 0.819930 0.947980 0.911231 0.954962 0.881950 0.971522 0.976069 0.939856 0.910715 0.972890 0.909268 0.914576 0.922534 0.976420 0.874832 0.923224 0.922701 0.973573 0.872005 0.921082 0.865374 0.797664 0.927009 0.939234 0.905979 0.904996 0.955790 0.929605 0.966243 0.969560 0.852763 0.957034 0.865985 0.942463 0.898504 0.953015 0.883137 0.936651 0.833353 0.926027 0.774476 0.760201
0.907261 0.805359 0.434624 0.467043 0.906496 0.808478 0.561681 0.903437 0.702996 0.946859 0.905447 0.688168 0.948373 0.950943 0.678401 0.897355 0.984047 0.909375 0.656723 0.998851 0.942112 0.820864 0.000000 0.413505 0.521610 0.649412 0.850438 0.923967 0.951423 0.921664 0.515630 0.587575 0.743033 0.823100 0.759496 0.900307 0.852273 0.878224 0.661717 0.891898 0.897105 0.964504 0.671445 0.871644 0.987513 0.853219 0.721974 0.794273 0.732807 0.949968 0.989089 0.969316 0.794363 0.644275 0.858082 0.853314 0.892385 0.815475 0.984332 0.802795 0.955172 0.767792 0.983058 0.676703 0.487934 0.682366 0.674639 0.904225 0.974458 0.857133 0.762559 0.824194 0.778356 0.793563 0.850065 0.842180 0.742806 0.801819 0.837029 0.897367 0.928375 0.987039 0.902786 0.851617 0.450436 0.482684 0.844115 0.897402 0.907788 0.950023 0.994490 0.903781 0.981857 0.757911 0.848730 0.881996 0.918317 0.781566 0.885310 0.855077 0.706375 0.866485 0.956118 0.876264 0.842577 0.754502 0.890467 0.864819 0.878053 0.965308 0.981111 0.936860 0.945224 0.948178 0.845954 0.970546
0.938087 0.864711 0.640216 0.499924 0.966753 0.775101 0.719535 0.930445 0.820531 0.872793 0.849130 0.727236 0.864351 0.923611 0.767461 0.842645 0.968683 0.913634 0.733873 0.924664 0.963265 0.929918 0.413505 0.000000 0.552601 0.686620 0.911168 0.975794 0.948242 0.906131 0.621687 0.583620 0.831409 0.950459 0.857377 0.989421 0.835679 0.877286 0.664148 0.962143 0.882385 0.978538 0.803814 0.995701 0.808236 0.730881 0.790672 0.895296 0.680353 0.876104 0.928140 0.946192 0.836202 0.664642 0.884375 0.814364 0.930891 0.874444 0.898484 0.752977 0.814662 0.821935 0.963154 0.721333 0.656815 0.786270 0.882759 0.915443 0.975527 0.888492 0.824839 0.776731 0.722127 0.709885 0.937686 0.924984 0.894193 0.854432 0.899920 0.893591 0.993000 0.957821 0.939990 0.906210 0.535766 0.550555 0.916627 0.890277 0.986266 0.939873 0.995558 0.944860 0.966902 0.866522 0.760919 0.958816 0.890385 0.796115 0.819849 0.934236 0.803725 0.860715 0.999000 0.930978 0.867429 0.914652 0.935327 0.812540 0.900633 0.945004 0.929345 0.877289 0.848624 0.866817 0.947516 0.963024
0.818419 0.810486 0.547295 0.565511 0.973614 0.847050 0.896807 0.831712 0.769873 0.625740 0.690926 0.573035 0.822265 0.854519 0.824734 0.952503 0.783283 0.751914 0.979209 0.837934 0.895688 0.824257 0.521610 0.552601 0.000000 0.436450 0.718556 0.706211 0.745368 0.670512 0.580648 0.709633 0.821228 0.936222 0.631459 0.888807 0.738697 0.798402 0.702098 0.794724 0.817445 0.970888 0.927947 0.911182 0.851215 0.781652 0.795517 0.945658 0.704628 0.959819 0.958400 0.780466 0.877826 0.828920 0.758013 0.930114 0.777442 0.804238 0.968010 0.998758 0.964866 0.885990 0.730935 0.600996 0.434322 0.526664 0.808415 0.849995 0.970435 0.863970 0.989833 0.988197 0.969963 0.968296 0.918917 0.995956 0.909910 0.861144 0.972917 0.949579 0.833288 0.856558 0.925003 0.836860 0.536325 0.497466 0.875493 0.945138 0.800808 0.777899 0.807454 0.832604 0.938134 0.926789 0.834473 0.969920 0.835172 0.818904 0.720278 0.870875 0.705400 0.893412 0.862048 0.645355 0.854519 0.740931 0.869609 0.929411 0.907794 0.880361 0.916006 0.793346 0.791883 0.790233 0.833586 0.981161
0.822127 0.734380 0.549691 0.601727 0.972713 0.893911 0.871960 0.893747 0.656011 0.665058 0.693550 0.578209 0.932728 0.738572 0.810958 0.979182 0.715641 0.623000 0.864997 0.719958 0.809959 0.804389 0.649412 0.686620 0.436450 0.000000 0.788789 0.637249 0.651174 0.566436 0.688978 0.835874 0.916150 0.976684 0.695630 0.883076 0.717568 0.894240 0.676599 0.755193 0.837229 0.923239 0.968326 0.939714 0.897974 0.814013 0.722461 0.973265 0.798426 0.958025 0.856897 0.751515 0.815348 0.824203 0.708583 0.993787 0.707483 0.715359 0.843451 0.903196 0.898853 0.994345 0.746934 0.670251 0.469723 0.566670 0.812501 0.830018 0.992630 0.880926 0.939568 0.986942 0.949821 0.803788 0.927338 0.989462 0.956128 0.977762 0.967242 0.919097 0.768765 0.760187 0.987954 0.863037 0.651669 0.631348 0.950721 0.967434 0.735463 0.712986 0.861027 0.841925 0.986097 0.911723 0.940383 0.989617 0.933863 0.891330 0.711812 0.766601 0.770498 0.916563 0.927561 0.717501 0.808942 0.638851 0.923987 0.888266 0.928757 0.945948 0.896340 0.699063 0.774759 0.852697 0.909485 0.942274
0.903713 0.978639 0.885806 0.919061 0.857132 0.801844 0.873271 0.724307 0.967004 0.750696 0.887945 0.732470 0.927225 0.864958 0.895843 0.785852 0.955573 0.962151 0.944700 0.984808 0.823996 0.956503 0.850438 0.911168 0.718556 0.788789 0.000000 0.923082 0.912405 0.918302 0.880922 0.988680 0.964333 0.949124 0.886010 0.806323 0.845136 0.895632 0.886807 0.940430 0.932118 0.972066 0.918670 0.976701 0.989049 0.908831 0.909211 0.980165 0.900789 0.837214 0.977766 0.851436 0.870200 0.966604 0.972753 0.998878 0.979962 0.968086 0.930904 0.974401 0.940938 0.927681 0.807513 0.800458 0.704993 0.695569 0.901137 0.955437 0.963626 0.917708 0.995008 0.992486 0.930344 0.948193 0.938960 0.979026 0.939116 0.968784 0.987058 0.952788 0.941482 0.900366 0.869345 0.909851 0.887268 0.698925 0.896265 0.962946 0.921231 0.990324 0.806550 0.837096 0.841337 0.992571 0.965955 0.936674 0.790240 0.863917 0.751514 0.841720 0.925586 0.813236 0.855672 0.712755 0.968988 0.965142 0.929948 0.949185 0.963798 0.996248 0.981829 0.962546 0.989239 0.934945 0.867732 0.986708
0.852412 0.815421 0.805272 0.876054 0.956144 0.944386 0.979452 0.847315 0.773525 0.801317 0.800365 0.737603 0.955361 0.715686 0.908031 0.943725 0.828622 0.781305 0.820929 0.750536 0.918468 0.858632 0.923967 0.975794 0.706211 0.637249 0.923082 0.000000 0.778559 0.672976 0.790266 0.942829 0.982326 0.931949 0.747073 0.975999 0.929855 0.972978 0.955232 0.849335 0.851257 0.971951 0.973246 0.889986 0.877475 0.911951 0.872684 0.940108 0.915880 0.909427 0.910906 0.774657 0.894664 0.950006 0.851674 0.918705 0.818355 0.832167 0.832498 0.864164 0.894576 0.988621 0.848547 0.911057 0.759405 0.821636 0.919060 0.915473 0.875029 0.944762 0.900699 0.990698 0.817029 0.753630 0.972112 0.983179 0.954674 0.971160 0.948032 0.764912 0.829369 0.761704 0.937423 0.886978 0.969303 0.904555 0.930094 0.855079 0.851440 0.626177 0.922483 0.878527 0.945550 0.975036 0.898027 0.892620 0.997256 0.873626 0.810394 0.752571 0.992634 0.869446 0.927820 0.847087 0.980975 0.817761 0.951863 0.905762 0.960795 0.898343 0.950024 0.856988 0.858748 0.874163 0.902609 0.924597
0.709358 0.735818 0.862020 0.793136 0.881561 0.920292 0.923910 0.909888 0.902610 0.731756 0.628745 0.790684 0.916251 0.730561 0.820816 0.919272 0.536535 0.511064 0.675437 0.625134 0.873144 0.947220 0.951423 0.948242 0.745368 0.651174 0.912405 0.778559 0.000000 0.531070 0.994075 0.903052 0.813386 0.758521 0.849198 0.981045 0.891908 0.888638 0.875552 0.902381 0.957202 0.973171 0.673047 0.660358 0.672759 0.698723 0.879519 0.803442 0.716233 0.858032 0.964327 0.982959 0.899366 0.803747 0.919375 0.931971 0.647499 0.681997 0.981362 0.869456 0.937500 0.858486 0.720006 0.770741 0.752916 0.758598 0.934526 0.976002 0.770712 0.831178 0.944954 0.977534 0.923349 0.811462 0.913378 0.756099 0.942028 0.747689 0.796078 0.748593 0.584217 0.620172 0.780624 0.825114 0.981864 0.964438 0.949188 0.916795 0.810924 0.790223 0.899187 0.897182 0.985597 0.859124 0.927702 0.899427 0.882643 0.985417 0.674970 0.691840 0.815254 0.923050 0.829393 0.851328 0.889787 0.797684 0.927972 0.993934 0.985915 0.904840 0.762736 0.838188 0.716018 0.978947 0.976705 0.924492
0.669343 0.635209 0.776630 0.758952 0.956230 0.982013 0.906448 0.844528 0.800547 0.607418 0.552402 0.630626 0.905785 0.663019 0.908899 0.832338 0.518042 0.466832 0.604183 0.585659 0.898634 0.969024 0.921664 0.906131 0.670512 0.566436 0.918302 0.672976 0.531070 0.000000 0.939774 0.912742 0.838849 0.741666 0.668256 0.988774 0.837573 0.977726 0.833740 0.925129 0.892216 0.974485 0.754006 0.656026 0.740179 0.746124 0.967452 0.818160 0.697461 0.978154 0.961400 0.859262 0.787010 0.826660 0.736626 0.963816 0.568185 0.640433 0.929580 0.797993 0.950081 0.863387 0.609711 0.646157 0.645187 0.628815 0.932399 0.912626 0.801773 0.932225 0.767984 0.912782 0.965761 0.806279 0.961257 0.934986 0.967457 0.821664 0.836671 0.793186 0.591929 0.595576 0.817951 0.852582 0.890166 0.809866 0.920357 0.911220 0.749272 0.635552 0.907222 0.944362 0.876942 0.900839 0.946778 0.961116 0.939581 0.978071 0.720413 0.735785 0.851005 0.995114 0.805467 0.755000 0.832313 0.743513 0.912019 0.935502 0.990269 0.993538 0.880536 0.876263 0.706001 0.947386 0.948057 0.856501
0.993467 0.955073 0.536010 0.543171 0.925154 0.963638 0.609690 0.848082 0.744693 0.966205 0.986326 0.772351 0.986562 0.935649 0.779133 0.992768 0.957400 0.951058 0.762942 0.965884 0.991815 0.910345 0.515630 0.621687 0.580648 0.688978 0.880922 0.790266 0.994075 0.939774 0.000000 0.667338 0.704310 0.712009 0.674730 0.976629 0.846735 0.895110 0.682517 0.857624 0.852226 0.977695 0.737467 0.876804 0.922249 0.985284 0.727160 0.925297 0.868195 0.975186 0.892161 0.840813 0.840327 0.822521 0.748869 0.942170 0.941194 0.929441 0.825584 0.983135 0.917135 0.859982 0.968122 0.847167 0.610551 0.763333 0.699475 0.833339 0.985716 0.899940 0.791270 0.792128 0.894232 0.905899 0.868716 0.829335 0.758902 0.790967 0.888245 0.878970 0.985851 0.956650 0.944398 0.851788 0.623644 0.622664 0.970440 0.984623 0.869113 0.931205 0.964927 0.937930 0.919294 0.785804 0.816254 0.924225 0.991496 0.847750 0.953324 0.967879 0.950956 0.830497 0.980002 0.861356 0.951330 0.758761 0.893552 0.817767 0.941527 0.983714 0.893429 0.998459 0.983449 0.896394 0.880011 0.892732
0.931422 0.925599 0.713007 0.675657 0.906226 0.839985 0.745263 0.914667 0.931180 0.996214 0.969416 0.867144 0.871216 0.834274 0.839432 0.864792 0.764361 0.834882 0.617582 0.749385 0.924960 0.946252 0.587575 0.583620 0.709633 0.835874 0.988680 0.942829 0.903052 0.912742 0.667338 0.000000 0.715370 0.735735 0.929263 0.851923 0.857433 0.951217 0.873400 0.936558 0.872323 0.947076 0.715455 0.896506 0.949948 0.918572 0.797824 0.891644 0.820593 0.899748 0.934840 0.914403 0.996084 0.888873 0.947302 0.936478 0.814043 0.879900 0.963556 0.792671 0.828905 0.707212 0.858156 0.922632 0.826868 0.977651 0.836075 0.987449 0.966471 0.973237 0.756878 0.741035 0.790451 0.765875 0.979915 0.857704 0.819184 0.702994 0.753659 0.809409 0.840895 0.802212 0.844495 0.901077 0.674143 0.700794 0.944414 0.929405 0.808176 0.971536 0.972615 0.911656 0.966029 0.817978 0.924238 0.900423 0.995214 0.938344 0.999507 0.822408 0.848727 0.939042 0.953742 0.912471 0.986886 0.990495 0.998141 0.892054 0.817438 0.953884 0.910509 0.963123 0.972582 0.961152 0.894225 0.979264
0.577817 0.639595 0.700693 0.723211 0.843875 0.982438 0.640178 0.775958 0.949640 0.891808 0.727673 0.860938 0.917551 0.858904 0.842803 0.922216 0.652186 0.697973 0.574545 0.737799 0.909689 0.995376 0.743033 0.831409 0.821228 0.916150 0.964333 0.982326 0.813386 0.838849 0.704310 0.715370 0.000000 0.474936 0.782518 0.820173 0.864446 0.769416 0.883515 0.926564 0.741990 0.960662 0.693687 0.705741 0.698426 0.813217 0.760981 0.760884 0.968450 0.861003 0.902949 0.879178 0.954686 0.965621 0.802730 0.908155 0.652818 0.701576 0.666521 0.867987 0.737560 0.960693 0.618601 0.776902 0.843042 0.867468 0.522523 0.582085 0.764939 0.790935 0.759004 0.786869 0.827037 0.865164 0.902523 0.863276 0.676315 0.646493 0.735570 0.795476 0.701409 0.658406 0.948008 0.999756 0.688446 0.665224 0.985280 0.846333 0.905650 0.971377 0.884133 0.783556 0.820700 0.818524 0.998644 0.810592 0.929194 0.906877 0.771625 0.785633 0.994104 0.882083 0.789982 0.909561 0.792491 0.816448 0.986718 0.923374 0.988611 0.862326 0.776571 0.935302 0.910052 0.979115 0.954290 0.967311
0.625160 0.651268 0.771454 0.822073 0.826479 0.987697 0.609551 0.717827 0.978760 0.726885 0.628432 0.853870 0.870838 0.874508 0.905193 0.947803 0.654677 0.664014 0.561745 0.762017 0.965618 0.963971 0.823100 0.950459 0.936222 0.976684 0.949124 0.931949 0.758521 0.741666 0.712009 0.735735 0.474936 0.000000 0.846435 0.821878 0.884749 0.958534 0.941750 0.968757 0.878022 0.992369 0.685229 0.659676 0.572351 0.696444 0.744790 0.726100 0.828476 0.796051 0.817998 0.849902 0.974964 0.993641 0.884379 0.909375 0.650242 0.721393 0.682534 0.941961 0.754131 0.954952 0.610742 0.784881 0.934550 0.947027 0.544978 0.584021 0.731820 0.775502 0.743257 0.830357 0.773621 0.846526 0.852865 0.747436 0.681459 0.648608 0.716411 0.816649 0.693221 0.688187 0.886340 0.934784 0.749502 0.783296 0.970804 0.891333 0.868257 0.928988 0.770007 0.732945 0.792232 0.752980 0.994520 0.885136 0.831873 0.965862 0.658277 0.738630 0.951279 0.788209 0.785485 0.890758 0.858112 0.834626 0.956900 0.869825 0.924446 0.922593 0.780229 0.789136 0.679864 0.983725 0.949105 0.879045
0.966867 0.927367 0.626325 0.685184 0.864229 0.937161 0.824807 0.943345 0.765103 0.922436 0.829360 0.755853 0.908039 0.765055 0.944753 0.819217 0.858398 0.806960 0.978145 0.821144 0.884495 0.945929 0.759496 0.857377 0.631459 0.695630 0.886010 0.747073 0.849198 0.668256 0.674730 0.929263 0.782518 0.846435 0.000000 0.961435 0.835855 0.915680 0.801928 0.962023 0.816548 0.994696 0.985428 0.928808 0.924870 0.985471 0.870971 0.935289 0.853493 0.875450 0.864544 0.784196 0.834129 0.877880 0.676865 0.969589 0.872714 0.935654 0.724605 0.770886 0.759314 0.931392 0.909339 0.869425 0.609683 0.591733 0.620133 0.623928 0.940458 0.916360 0.987168 0.950812 0.923609 0.955597 0.985003 0.999810 0.854853 0.938368 0.950046 0.935004 0.904628 0.910643 0.873492 0.873780 0.735342 0.652276 0.922033 0.900342 0.879181 0.694824 0.923142 0.862131 0.796743 0.774544 0.968332 0.900110 0.896588 0.896690 0.916649 0.993898 0.897827 0.876715 0.980021 0.745322 0.849449 0.737552 0.998772 0.874955 0.983992 0.981609 0.986425 0.978913 0.830960 0.841516 0.858919 0.995787
0.971163 0.890419 0.928530 0.970561 0.892184 0.822671 0.955486 0.998432 0.952899 0.915117 0.960341 0.999544 0.929036 0.961934 0.938905 0.879450 0.941226 0.948995 0.937741 0.893775 0.943154 0.986919 0.900307 0.989421 0.888807 0.883076 0.806323 0.975999 0.981045 0.988774 0.976629 0.851923 0.820173 0.821878 0.961435 0.000000 0.844692 0.833048 0.997454 0.921672 0.900700 0.968426 0.975110 0.950359 0.934421 0.979803 0.903304 0.990413 0.930100 0.975407 0.996163 0.960385 0.971617 0.930185 0.955443 0.973089 0.881270 0.911840 0.986952 0.912131 0.956985 0.905021 0.963220 0.999843 0.899396 0.846211 0.855447 0.822426 0.982643 0.866048 0.871172 0.939469 0.968982 0.928534 0.897056 0.958187 0.903360 0.907417 0.880034 0.896811 0.960126 0.935072 0.766206 0.997301 0.989399 0.893690 0.940412 0.975374 0.994791 0.929619 0.886405 0.894969 0.921657 0.940274 0.930718 0.819843 0.991074 0.968570 0.949634 0.961565 0.890306 0.935244 0.908218 0.986627 0.858772 0.992680 0.986139 0.937770 0.937859 0.922564 0.869665 0.964985 0.915420 0.939116 0.994632 0.957118
0.856153 0.868912 0.860587 0.636573 0.953411 0.943950 0.950615 0.917434 0.798299 0.975999 0.849532 0.997312 0.895675 0.882950 0.976613 0.856293 0.976367 0.959601 0.954758 0.890894 0.991279 0.996944 0.852273 0.835679 0.738697 0.717568 0.845136 0.929855 0.891908 0.837573 0.846735 0.857433 0.864446 0.884749 0.835855 0.844692 0.000000 0.626209 0.914263 0.862108 0.728779 0.969183 0.944248 0.980714 0.893580 0.862856 0.939742 0.993388 0.970777 0.910594 0.684908 0.825761 0.855044 0.837218 0.850544 0.975474 0.875455 0.854083 0.785266 0.819465 0.876164 0.815189 0.988193 0.892595 0.834259 0.755549 0.935608 0.967258 0.784954 0.860393 0.788889 0.717922 0.752311 0.870257 0.845597 0.951331 0.880789 0.841933 0.849127 0.910086 0.889427 0.955439 0.910330 0.860033 0.928114 0.738238 0.929664 0.963887 0.964194 0.821769 0.970070 0.936043 0.843684 0.895791 0.968237 0.995750 0.935557 0.919081 0.960692 0.985070 0.951587 0.991167 0.961453 0.967866 0.732801 0.806420 0.957362 0.829173 0.864404 0.903273 0.984675 0.981720 0.955891 0.930116 0.963661 0.917341
0.774040 0.745632 0.939150 0.756633 0.924986 0.820784 0.966900 0.970026 0.989990 0.968717 0.834436 0.931516 0.818066 0.925573 0.924853 0.980018 0.941003 0.964641 0.931820 0.889862 0.987302 0.931298 0.878224 0.877286 0.798402 0.894240 0.895632 0.972978 0.888638 0.977726 0.895110 0.951217 0.769416 0.958534 0.915680 0.833048 0.626209 0.000000 0.949604 0.899558 0.791825 0.902476 0.955582 0.960095 0.948782 0.939248 0.991515 0.960813 0.945584 0.863425 0.809438 0.840559 0.950230 0.927035 0.847183 0.937749 0.821792 0.803180 0.889024 0.850989 0.909148 0.800325 0.949930 0.812904 0.893660 0.810099 0.977708 0.952987 0.843526 0.930017 0.756654 0.730157 0.939284 0.919710 0.848929 0.992337 0.834180 0.847740 0.960800 0.913308 0.939423 0.981971 0.992155 0.863745 0.973704 0.770108 0.955070 0.980861 0.998338 0.780596 0.899859 0.888808 0.932428 0.961388 0.979767 0.995016 0.954433 0.932404 0.996422 0.939498 0.936366 0.819287 0.984613 0.931386 0.788917 0.847782 0.904129 0.943149 0.900010 0.970545 0.987143 0.951820 0.964831 0.944675 0.985317 0.832199
