0.000000 0.415859 0.839302 0.747215 0.827774 0.549188 0.531810 0.420446 0.659376 0.646638 0.391702 0.362683 0.536580 0.502167 0.862969 0.585548 0.407304 0.383654 0.421333 0.393230 0.995173 0.914837 0.960140 0.957395 0.887725 0.936025 0.863740 0.979857 0.533716 0.487629 0.761989 0.599389 0.512134 0.479064 0.868929 0.993920 0.763841 0.894468 0.988090 0.902594 0.875550 0.897123 0.487833 0.468566 0.494857 0.494860 0.566973 0.531502 0.690037 0.605999 0.754357 0.753819 0.849364 0.835002 0.948616 0.747208 0.349379 0.526264 0.476512 0.907830 0.497119 0.656938 0.423691 0.461582 0.924482 0.827137 0.595933 0.643693 0.855000 0.734049 0.658668 0.669622 0.844381 0.670131 0.976548 0.766877 0.579849 0.747905 0.848931 0.682741 0.514865 0.578681 0.715741 0.778486 0.929991 0.983910 0.999826 0.869126 0.982064 0.995578 0.539633 0.701389 0.646006 0.784009 0.757593 0.781520 0.751724 0.745269 0.424140 0.429077 0.572942 0.609132 0.515965 0.547432 0.743718 0.733134 0.827606 0.870104 0.996147 0.945447 0.892671 0.677994 0.629476 0.853473 0.792018 0.925541
0.415859 0.000000 0.874125 0.993079 0.947425 0.752274 0.808847 0.621596 0.884634 0.690314 0.701716 0.460207 0.902287 0.750182 0.921791 0.732259 0.330153 0.331998 0.693197 0.598194 0.960608 0.893552 0.829288 0.953555 0.920963 0.966824 0.847702 0.861487 0.560513 0.372646 0.956136 0.735653 0.737753 0.695521 0.769248 0.910541 0.881695 0.970469 0.882888 0.746479 0.884936 0.895240 0.649800 0.593391 0.557167 0.458757 0.809043 0.645335 0.555557 0.562810 0.675259 0.716905 0.901154 0.879457 0.945865 0.761131 0.252587 0.267366 0.766934 0.866571 0.827201 0.594135 0.714043 0.431187 0.678342 0.976085 0.882001 0.847910 0.738234 0.671533 0.888540 0.874888 0.860164 0.773610 0.819618 0.795589 0.778422 0.832604 0.718748 0.554122 0.354556 0.525379 0.704134 0.621631 0.844208 0.952625 0.820462 0.921609 0.921311 0.989294 0.810755 0.979036 0.865266 0.937060 0.691477 0.905334 0.679265 0.867881 0.605962 0.658103 0.789147 0.821300 0.630288 0.739354 0.905822 0.934254 0.863961 0.950090 0.923134 0.874501 0.744505 0.638333 0.734021 0.879666 0.728693 0.806987
0.839302 0.874125 0.000000 0.277268 0.860366 0.875963 0.322156 0.448117 0.725528 0.819711 0.601396 0.894899 0.414639 0.445645 0.491597 0.589131 0.855770 0.991482 0.425827 0.609609 0.912659 0.985698 0.365290 0.490441 0.694377 0.482973 0.908600 0.909317 0.839544 0.954428 0.363365 0.445655 0.449388 0.468582 0.571412 0.716748 0.775622 0.974732 0.743736 0.944615 0.959322 0.704893 0.558229 0.632531 0.798727 0.890272 0.618564 0.628827 0.852034 0.934146 0.968792 0.994811 0.978939 0.895797 0.740740 0.948569 0.898493 0.727712 0.679183 0.938223 0.522927 0.960236 0.667886 0.779716 0.347251 0.414134 0.375146 0.435362 0.725466 0.848897 0.565766 0.541929 0.962742 0.828585 0.959305 0.826353 0.641677 0.682571 0.949601 0.883072 0.807560 0.989814 0.818582 0.772753 0.492499 0.594627 0.687128 0.817494 0.880291 0.959573 0.549681 0.582987 0.652263 0.652198 0.913156 0.849342 0.960272 0.975380 0.706084 0.606989 0.641668 0.586554 0.901212 0.840181 0.737978 0.808754 0.915626 0.729154 0.818775 0.860032 0.949179 0.954283 0.858340 0.974976 0.991993 0.739448
0.747215 0.993079 0.277268 0.000000 0.929075 0.789083 0.325011 0.382903 0.827513 0.882666 0.549299 0.783909 0.403486 0.339716 0.564127 0.570466 0.935246 0.889305 0.348350 0.475688 0.957988 0.968020 0.340771 0.357525 0.619095 0.501678 0.922632 0.790435 0.814107 0.846376 0.333032 0.383881 0.385593 0.434303 0.544122 0.709337 0.806336 0.994979 0.718427 0.937758 0.954231 0.711151 0.522663 0.602420 0.835932 0.908450 0.598884 0.595285 0.772748 0.903132 0.984429 0.964478 0.979505 0.949142 0.760646 0.929858 0.984068 0.794082 0.723862 0.990413 0.575864 0.976076 0.590055 0.842279 0.435308 0.379427 0.344059 0.382330 0.777289 0.843942 0.546952 0.541933 0.894253 0.786541 0.877394 0.810086 0.625683 0.693670 0.873862 0.826856 0.984641 0.818586 0.736332 0.851207 0.469068 0.497317 0.779260 0.766827 0.855724 0.841109 0.548698 0.628480 0.621238 0.701470 0.962259 0.738508 0.990096 0.927876 0.702523 0.581601 0.588865 0.484882 0.873617 0.742879 0.671553 0.802939 0.933884 0.830105 0.793377 0.853590 0.932462 0.972887 0.843847 0.861555 0.969206 0.755369
0.827774 0.947425 0.860366 0.929075 0.000000 0.876735 0.849348 0.880494 0.825891 0.819270 0.888436 0.803024 0.748447 0.816360 0.764453 0.677554 0.975167 0.919215 0.845651 0.815016 0.785783 0.974929 0.793221 0.949802 0.997667 0.932122 0.955152 0.957530 0.995012 0.876583 0.867140 0.839721 0.804483 0.796366 0.857030 0.802925 0.830235 0.884449 0.966767 0.916898 0.876970 0.972090 0.810437 0.817292 0.833238 0.833842 0.874997 0.826458 0.979029 0.962742 0.813703 0.782386 0.750235 0.744845 0.886891 0.984079 0.977310 0.960413 0.729078 0.940579 0.756012 0.990603 0.764617 0.859562 0.860774 0.890899 0.730231 0.780049 0.885486 0.886338 0.831220 0.777057 0.859015 0.884453 0.883560 0.891131 0.891369 0.931865 0.995792 0.899270 0.820765 0.863933 0.794495 0.990793 0.842085 0.909786 0.953601 0.935827 0.866699 0.848827 0.699810 0.713351 0.711970 0.691328 0.999889 0.985710 0.905458 0.990859 0.798873 0.933683 0.935952 0.918133 0.776209 0.722641 0.922234 0.713176 0.762669 0.827074 0.956572 0.972521 0.991305 0.913393 0.889298 0.825307 0.854335 0.970847
0.549188 0.752274 0.875963 0.789083 0.876735 0.000000 0.635021 0.581059 0.611701 0.618666 0.560415 0.552566 0.646998 0.692205 0.831733 0.575447 0.686319 0.598459 0.580299 0.629268 0.922278 0.873841 0.891610 0.871151 0.949930 0.861689 0.932876 0.835022 0.795201 0.658082 0.779061 0.658026 0.673519 0.565080 0.923997 0.993855 0.871175 0.919181 0.878707 0.956664 0.895612 0.936377 0.583883 0.626574 0.668317 0.648084 0.742152 0.660073 0.896443 0.843242 0.933836 0.903606 0.944161 0.842692 0.889238 0.949368 0.616362 0.883297 0.775274 0.997284 0.622678 0.761849 0.672150 0.718986 0.992182 0.775895 0.670513 0.634612 0.970908 0.957795 0.751726 0.716805 0.873038 0.739904 0.987270 0.816537 0.691864 0.713884 0.707369 0.763809 0.750366 0.727623 0.990684 0.950926 0.928011 0.969837 0.965890 0.912162 0.992266 0.932300 0.633349 0.751575 0.670850 0.705873 0.966649 0.989985 0.762385 0.776247 0.563913 0.695440 0.600105 0.626314 0.671311 0.609657 0.929973 0.845012 0.710767 0.934827 0.875924 0.892767 0.999240 0.783505 0.880387 0.838064 0.974651 0.770176
0.531810 0.808847 0.322156 0.325011 0.849348 0.635021 0.000000 0.226443 0.595090 0.524228 0.353438 0.537949 0.335969 0.317633 0.509650 0.430796 0.800151 0.618147 0.262051 0.418080 0.986697 0.879658 0.480062 0.598959 0.944216 0.636230 0.918058 0.963753 0.598665 0.614093 0.434556 0.337903 0.317996 0.278883 0.723737 0.736624 0.673485 0.937323 0.754625 0.998808 0.991494 0.819832 0.396439 0.477575 0.467877 0.570533 0.496939 0.434429 0.908938 0.786961 0.735865 0.724941 0.783914 0.690129 0.817849 0.899937 0.752355 0.965396 0.504058 0.874501 0.309129 0.743507 0.441263 0.813319 0.588000 0.393741 0.294212 0.304609 0.824895 0.974074 0.480227 0.492276 0.899291 0.739879 0.978820 0.795345 0.497510 0.567564 0.853871 0.722222 0.897446 0.793660 0.755476 0.993956 0.597043 0.686560 0.812486 0.904784 0.957232 0.940369 0.376246 0.478746 0.517906 0.575350 0.760449 0.713896 0.854226 0.877236 0.442040 0.395904 0.475957 0.471685 0.690232 0.650831 0.725489 0.668395 0.925378 0.766395 0.872187 0.877698 0.871667 0.755612 0.639020 0.941316 0.899328 0.842216
0.420446 0.621596 0.448117 0.382903 0.880494 0.581059 0.226443 0.000000 0.567373 0.506957 0.311734 0.413717 0.414679 0.319792 0.664087 0.495321 0.629833 0.491500 0.239944 0.325417 0.911895 0.876764 0.627968 0.680590 0.990586 0.686330 0.802207 0.971849 0.489697 0.503633 0.483556 0.354097 0.301338 0.284570 0.821941 0.849579 0.660071 0.961001 0.749546 0.969151 0.986998 0.855572 0.348825 0.419210 0.401990 0.485258 0.502743 0.410680 0.768664 0.677605 0.680581 0.703042 0.753253 0.706117 0.895529 0.848671 0.566938 0.780759 0.504691 0.834808 0.344965 0.616917 0.425967 0.689317 0.742654 0.462474 0.391296 0.344860 0.930988 0.932786 0.551345 0.525663 0.833387 0.674564 0.894035 0.759723 0.475791 0.580557 0.793187 0.673158 0.780865 0.704547 0.749967 0.902868 0.763002 0.795395 0.926643 0.944082 0.990156 0.909036 0.412027 0.556735 0.541915 0.685712 0.753072 0.723327 0.792682 0.828502 0.393226 0.356230 0.459348 0.443668 0.597016 0.571590 0.736520 0.687470 0.926624 0.796048 0.851168 0.903828 0.836271 0.709269 0.609709 0.919831 0.869497 0.892390
0.659376 0.884634 0.725528 0.827513 0.825891 0.611701 0.595090 0.567373 0.000000 0.428376 0.565887 0.671051 0.681828 0.711759 0.751561 0.666757 0.749470 0.705770 0.659952 0.733125 0.831678 0.938730 0.979337 0.878765 0.734531 0.974510 0.908729 0.887326 0.649769 0.715076 0.799607 0.768737 0.700909 0.587682 0.925399 0.779994 0.759179 0.800701 0.866141 0.891715 0.992445 0.980894 0.520767 0.514013 0.498168 0.558460 0.730335 0.576169 0.723401 0.629520 0.686049 0.602652 0.586605 0.566823 0.875532 0.890454 0.768942 0.958426 0.613052 0.827740 0.518755 0.750095 0.739221 0.772771 0.883849 0.836695 0.763899 0.783458 0.935259 0.855571 0.732057 0.691848 0.879975 0.802725 0.996864 0.922533 0.535225 0.736891 0.959673 0.889554 0.953614 0.874345 0.910941 0.849602 0.869984 0.742452 0.942568 0.727120 0.858495 0.756064 0.497001 0.512802 0.641324 0.552603 0.908604 0.977699 0.848654 0.832875 0.461541 0.529324 0.638331 0.587712 0.549433 0.663466 0.958940 0.571859 0.801284 0.656365 0.991046 0.980340 0.968002 0.624711 0.585757 0.782606 0.807660 0.928273
0.646638 0.690314 0.819711 0.882666 0.819270 0.618666 0.524228 0.506957 0.428376 0.000000 0.564360 0.560816 0.732705 0.712733 0.668657 0.610115 0.610074 0.518804 0.651861 0.736150 0.818162 0.859732 0.995700 0.842955 0.624807 0.931957 0.814163 0.994593 0.566735 0.533358 0.873913 0.678629 0.753211 0.543469 0.831886 0.937372 0.735173 0.922678 0.848639 0.919117 0.925577 0.963388 0.530421 0.510498 0.311060 0.348846 0.741365 0.526854 0.541939 0.494273 0.507562 0.482442 0.503347 0.489417 0.859909 0.977790 0.595995 0.717906 0.585801 0.831946 0.456084 0.579148 0.677595 0.553622 0.944892 0.833953 0.727233 0.679893 0.955406 0.909008 0.709902 0.661176 0.897408 0.823243 0.929957 0.912927 0.571797 0.606853 0.759269 0.764700 0.890331 0.994432 0.942235 0.875923 0.854305 0.753582 0.917491 0.839768 0.776800 0.770094 0.472409 0.513203 0.597875 0.584097 0.737228 0.981207 0.721998 0.814524 0.441261 0.468641 0.638196 0.652017 0.542486 0.661142 0.940400 0.596699 0.780721 0.677443 0.981136 0.983464 0.790469 0.469402 0.609211 0.744197 0.739059 0.947978
0.391702 0.701716 0.601396 0.549299 0.888436 0.560415 0.353438 0.311734 0.565887 0.564360 0.000000 0.433274 0.390095 0.404139 0.777571 0.615105 0.605921 0.544470 0.302474 0.387913 0.936520 0.837115 0.799285 0.846605 0.814231 0.839476 0.783734 0.997937 0.503872 0.572771 0.632737 0.504284 0.439319 0.337036 0.805383 0.935156 0.714712 0.995949 0.844007 0.897175 0.928097 0.986827 0.462136 0.495205 0.480453 0.542871 0.471677 0.451900 0.752811 0.675446 0.724400 0.762605 0.781560 0.763606 0.828049 0.788654 0.586921 0.816963 0.485000 0.826370 0.297740 0.627091 0.349642 0.598978 0.876231 0.605373 0.466712 0.448603 0.982935 0.984332 0.594522 0.703082 0.874664 0.733985 0.970418 0.739595 0.582114 0.583719 0.965965 0.825606 0.754119 0.724314 0.913879 0.872273 0.827050 0.891709 0.926832 0.964339 0.940947 0.956667 0.508681 0.614290 0.667923 0.721887 0.810033 0.715329 0.849964 0.826566 0.456995 0.383551 0.479331 0.596072 0.622452 0.579225 0.832087 0.699177 0.923784 0.779762 0.956744 0.922504 0.904471 0.708927 0.562955 0.940111 0.860850 0.860319
0.362683 0.460207 0.894899 0.783909 0.803024 0.552566 0.537949 0.413717 0.671051 0.560816 0.433274 0.000000 0.666485 0.564539 0.990434 0.640740 0.443794 0.361834 0.493798 0.439045 0.977100 0.830911 0.972829 0.996951 0.776432 0.998100 0.749827 0.910670 0.512217 0.417839 0.803862 0.647035 0.519425 0.463844 0.985391 0.962767 0.623695 0.887766 0.874565 0.929267 0.753823 0.918678 0.579160 0.587897 0.438375 0.469522 0.640123 0.508456 0.637521 0.578925 0.709230 0.681769 0.760562 0.717750 0.968414 0.762054 0.419292 0.533765 0.526170 0.777966 0.489147 0.461729 0.473358 0.406773 0.866763 0.751496 0.610872 0.573379 0.830332 0.636977 0.760975 0.719378 0.766013 0.659585 0.961040 0.798719 0.625390 0.730707 0.776744 0.677975 0.511748 0.578068 0.823831 0.679684 0.990000 0.970060 0.893438 0.927060 0.934681 0.992110 0.586336 0.750721 0.675178 0.792089 0.705305 0.773900 0.753518 0.779617 0.499153 0.558080 0.586654 0.606008 0.595403 0.605152 0.873057 0.748161 0.817171 0.884693 0.995060 0.950449 0.849735 0.786463 0.664291 0.882288 0.781421 0.831867
0.536580 0.902287 0.414639 0.403486 0.748447 0.646998 0.335969 0.414679 0.681828 0.732705 0.390095 0.666485 0.000000 0.327234 0.477753 0.478587 0.890684 0.753408 0.347247 0.462780 0.864165 0.958367 0.486848 0.564147 0.888218 0.718032 0.936867 0.862342 0.739720 0.731596 0.543628 0.460054 0.419809 0.368615 0.675672 0.781332 0.842825 0.994858 0.856932 0.967188 0.954466 0.829100 0.467111 0.528431 0.727275 0.785299 0.472284 0.555405 0.892914 0.963036 0.915021 0.916558 0.924198 0.797287 0.714630 0.888864 0.821570 0.934515 0.546765 0.975603 0.391458 0.988263 0.345289 0.863635 0.586813 0.569203 0.356935 0.496796 0.894268 0.933362 0.470429 0.563442 0.933894 0.876753 0.945148 0.694750 0.565990 0.561399 0.968205 0.842824 0.894974 0.820652 0.752972 0.899732 0.547416 0.631661 0.781049 0.867434 0.807623 0.939275 0.489907 0.535661 0.643189 0.581853 0.892740 0.675764 0.911687 0.922095 0.541871 0.495908 0.595230 0.594133 0.699697 0.620844 0.781764 0.738829 0.876415 0.736447 0.852877 0.880218 0.994998 0.883703 0.752589 0.923402 0.970945 0.792187
0.502167 0.750182 0.445645 0.339716 0.816360 0.692205 0.317633 0.319792 0.711759 0.712733 0.404139 0.564539 0.327234 0.000000 0.553315 0.437013 0.814360 0.630240 0.302276 0.314486 0.952522 0.964455 0.528702 0.532250 0.850870 0.683901 0.957567 0.856739 0.631578 0.617915 0.459472 0.384448 0.337420 0.316570 0.709059 0.786945 0.676574 0.925138 0.777055 0.986630 0.942106 0.833190 0.416895 0.490286 0.645982 0.689153 0.495175 0.478107 0.951171 0.881177 0.818707 0.820544 0.848008 0.749991 0.832717 0.874986 0.723874 0.942280 0.590671 0.968363 0.448852 0.877733 0.407370 0.832877 0.603500 0.451169 0.363703 0.421410 0.927820 0.956413 0.533786 0.538016 0.877876 0.739282 0.898627 0.625491 0.518435 0.597054 0.824489 0.757552 0.794209 0.706354 0.695458 0.933411 0.597936 0.590192 0.852620 0.824829 0.832594 0.851521 0.444469 0.588855 0.602798 0.678957 0.851691 0.625533 0.874059 0.910796 0.496088 0.456586 0.500302 0.540416 0.718460 0.680670 0.693299 0.721799 0.934435 0.781758 0.759364 0.918168 0.886788 0.871680 0.715617 0.974756 0.904980 0.889352
0.862969 0.921791 0.491597 0.564127 0.764453 0.831733 0.509650 0.664087 0.751561 0.668657 0.777571 0.990434 0.477753 0.553315 0.000000 0.517422 0.847253 0.997389 0.676739 0.778419 0.940824 0.981085 0.520809 0.660580 0.828298 0.726679 0.729059 0.771669 0.946765 0.948811 0.663027 0.632940 0.696815 0.653836 0.786200 0.797868 0.948203 0.986591 0.902775 0.880999 0.872286 0.790199 0.561499 0.654143 0.800974 0.836588 0.689735 0.729151 0.859145 0.965670 0.912377 0.862880 0.866198 0.738420 0.919234 0.836012 0.944092 0.804126 0.725901 0.882195 0.626879 0.824983 0.730873 0.909855 0.472809 0.665120 0.547951 0.677705 0.695891 0.816308 0.529183 0.583733 0.909694 0.972989 0.890954 0.852146 0.569713 0.679502 0.983741 0.990700 0.825854 0.865138 0.781342 0.773242 0.599409 0.728299 0.684452 0.940001 0.966827 0.949717 0.531938 0.486583 0.650977 0.535351 0.925017 0.879696 0.960623 0.874632 0.642142 0.675647 0.853452 0.675437 0.811187 0.759011 0.777187 0.728716 0.777695 0.664440 0.873623 0.779724 0.972705 0.805587 0.885271 0.914218 0.989546 0.832807
0.585548 0.732259 0.589131 0.570466 0.677554 0.575447 0.430796 0.495321 0.666757 0.610115 0.615105 0.640740 0.478587 0.437013 0.517422 0.000000 0.845375 0.652782 0.538833 0.521545 0.823684 0.873791 0.584967 0.649754 0.891053 0.667535 0.969451 0.892575 0.762216 0.627683 0.597325 0.458061 0.483146 0.473675 0.780868 0.750832 0.704602 0.910524 0.892625 0.981296 0.943370 0.924733 0.511927 0.592445 0.595861 0.603786 0.658055 0.585755 0.935687 0.822116 0.731318 0.726628 0.793765 0.673398 0.961647 0.963048 0.748150 0.884865 0.626396 0.975003 0.533180 0.854498 0.622550 0.828564 0.715916 0.588190 0.464242 0.524511 0.803509 0.972028 0.605773 0.544239 0.872891 0.793577 0.940479 0.776316 0.568045 0.736506 0.778632 0.658999 0.731238 0.688944 0.695342 0.919479 0.610135 0.662886 0.888335 0.914462 0.981486 0.894903 0.439538 0.609719 0.579355 0.580382 0.804783 0.818461 0.762441 0.869420 0.560709 0.645305 0.616489 0.606441 0.719270 0.756693 0.823268 0.838980 0.761090 0.825477 0.888545 0.956768 0.873990 0.790410 0.766821 0.999871 0.940004 0.925969
0.407304 0.330153 0.855770 0.935246 0.975167 0.686319 0.800151 0.629833 0.749470 0.610074 0.605921 0.443794 0.890684 0.814360 0.847253 0.845375 0.000000 0.319549 0.715427 0.696979 0.968893 0.868725 0.748415 0.775016 0.740663 0.784324 0.732610 0.843930 0.495612 0.366039 0.998671 0.834580 0.784183 0.650431 0.761773 0.884265 0.831693 0.816439 0.928514 0.754707 0.845046 0.858395 0.679969 0.589025 0.502558 0.487180 0.821045 0.683393 0.539994 0.517602 0.650113 0.647026 0.807719 0.766203 0.847754 0.758490 0.299449 0.351945 0.731995 0.788250 0.698274 0.504113 0.658304 0.338889 0.612661 0.991487 0.904683 0.833722 0.683450 0.645509 0.927047 0.858547 0.821574 0.742740 0.912127 0.775002 0.754277 0.825168 0.796290 0.652207 0.447995 0.669454 0.926161 0.606758 0.716832 0.799749 0.793867 0.788553 0.767891 0.959436 0.752427 0.898756 0.825264 0.969152 0.665518 0.882239 0.709226 0.810968 0.605134 0.594926 0.771686 0.779233 0.667418 0.713200 0.971933 0.914094 0.797731 0.955294 0.920527 0.925100 0.785776 0.670733 0.655516 0.822998 0.784857 0.827324
0.383654 0.331998 0.991482 0.889305 0.919215 0.598459 0.618147 0.491500 0.705770 0.518804 0.544470 0.361834 0.753408 0.630240 0.997389 0.652782 0.319549 0.000000 0.567915 0.592602 0.989014 0.969722 0.923220 0.939091 0.770121 0.939350 0.744007 0.843192 0.492900 0.315773 0.830244 0.622232 0.614742 0.549891 0.851267 0.971826 0.758699 0.910800 0.951857 0.830820 0.921466 0.929255 0.558115 0.517577 0.401520 0.357612 0.739424 0.526476 0.596056 0.507887 0.644853 0.571847 0.759636 0.708764 0.941395 0.778838 0.283161 0.389461 0.695492 0.862961 0.593194 0.542580 0.567258 0.332330 0.740865 0.869792 0.705187 0.703534 0.797568 0.660513 0.780526 0.717352 0.809220 0.676362 0.902796 0.780596 0.636979 0.692577 0.606766 0.541265 0.411821 0.588286 0.825503 0.627283 0.849671 0.919251 0.825878 0.840141 0.885457 0.982300 0.580758 0.754671 0.651065 0.817443 0.759011 0.794257 0.617417 0.895081 0.501647 0.505163 0.601324 0.660602 0.591773 0.685994 0.847275 0.773877 0.745440 0.978051 0.942756 0.936741 0.829487 0.673470 0.615971 0.843972 0.761788 0.840361
0.421333 0.693197 0.425827 0.348350 0.845651 0.580299 0.262051 0.239944 0.659952 0.651861 0.302474 0.493798 0.347247 0.302276 0.676739 0.538833 0.715427 0.567915 0.000000 0.325508 0.993492 0.875821 0.587323 0.598635 0.902177 0.671517 0.892239 0.898908 0.593860 0.583800 0.453615 0.356005 0.314836 0.294582 0.739217 0.861858 0.735693 0.994005 0.792759 0.965066 0.991340 0.894413 0.417947 0.461799 0.564777 0.621898 0.512022 0.466771 0.937700 0.825768 0.851082 0.881029 0.910798 0.883538 0.803185 0.815156 0.615445 0.870384 0.570013 0.943161 0.389705 0.788417 0.396933 0.771887 0.696297 0.483340 0.350883 0.364138 0.912869 0.982588 0.531061 0.604788 0.874350 0.753899 0.899529 0.738854 0.560986 0.597730 0.811150 0.727619 0.775112 0.666642 0.773873 0.952758 0.668880 0.710507 0.881802 0.872663 0.850859 0.865921 0.473131 0.598712 0.605681 0.723114 0.859510 0.699901 0.857234 0.883247 0.438004 0.397162 0.463262 0.504160 0.652562 0.600120 0.691021 0.734606 0.942608 0.848489 0.916459 0.882696 0.936405 0.747908 0.645044 0.945573 0.939732 0.912842
0.393230 0.598194 0.609609 0.475688 0.815016 0.629268 0.418080 0.325417 0.733125 0.736150 0.387913 0.439045 0.462780 0.314486 0.778419 0.521545 0.696979 0.592602 0.325508 0.000000 0.989828 0.925860 0.708451 0.646987 0.882881 0.745979 0.849211 0.912951 0.574255 0.609441 0.584749 0.424871 0.329990 0.361855 0.774433 0.852176 0.654644 0.910134 0.761181 0.928521 0.945242 0.939148 0.494587 0.534826 0.607097 0.644474 0.531155 0.512596 0.834353 0.747852 0.806868 0.877410 0.862767 0.888978 0.883871 0.804649 0.583388 0.740745 0.563247 0.914354 0.500215 0.696170 0.442782 0.747747 0.795607 0.577658 0.488141 0.463399 0.919268 0.882330 0.636789 0.659603 0.780244 0.677388 0.879859 0.731706 0.588613 0.668587 0.902376 0.729223 0.676570 0.530064 0.669914 0.838513 0.679973 0.706514 0.865515 0.846089 0.917503 0.863450 0.582561 0.787492 0.717919 0.867414 0.820816 0.701996 0.900382 0.846567 0.534554 0.500871 0.590908 0.629014 0.695793 0.661073 0.743336 0.794297 0.907089 0.922925 0.820298 0.959165 0.907956 0.823932 0.681284 0.991882 0.969683 0.987067
0.995173 0.960608 0.912659 0.957988 0.785783 0.922278 0.986697 0.911895 0.831678 0.818162 0.936520 0.977100 0.864165 0.952522 0.940824 0.823684 0.968893 0.989014 0.993492 0.989828 0.000000 0.974422 0.739034 0.794186 0.802152 0.919224 0.909783 0.971710 0.776713 0.980276 0.856977 0.986548 0.861584 0.903433 0.807776 0.706350 0.976018 0.835561 0.974130 0.814090 0.954787 0.942773 0.933662 0.929275 0.878243 0.871985 0.870489 0.914923 0.751991 0.796094 0.911230 0.895947 0.890539 0.978056 0.877782 0.988628 0.879024 0.964723 0.966719 0.983433 0.959128 0.821843 0.952206 0.942676 0.867980 0.893975 0.770051 0.860384 0.960871 0.919528 0.831494 0.849413 0.831578 0.920523 0.899192 0.848766 0.954798 0.978069 0.999811 0.884819 0.766614 0.771177 0.856036 0.892027 0.667532 0.648192 0.973393 0.725490 0.934715 0.964824 0.956453 0.993354 0.917617 0.837920 0.882014 0.985295 0.981673 0.890571 0.958507 0.861034 0.961328 0.990193 0.854179 0.937131 0.994818 0.962149 0.951317 0.898610 0.931340 0.975265 0.780634 0.819924 0.838430 0.919729 0.931919 0.887965
0.914837 0.893552 0.985698 0.968020 0.974929 0.873841 0.879658 0.876764 0.938730 0.859732 0.837115 0.830911 0.958367 0.964455 0.981085 0.873791 0.868725 0.969722 0.875821 0.925860 0.974422 0.000000 0.963960 0.934401 0.873630 0.826405 0.837031 0.884338 0.910663 0.870179 0.924878 0.982400 0.909136 0.921852 0.993821 0.937028 0.871273 0.885072 0.991612 0.901980 0.918138 0.886121 0.894479 0.919418 0.899379 0.914825 0.987131 0.998062 0.879831 0.862354 0.946107 0.993046 0.925087 0.951776 0.998831 0.863276 0.941392 0.911139 0.919761 0.932668 0.891211 0.820303 0.935001 0.937380 0.993584 0.934822 0.936523 0.859648 0.965338 0.988567 0.972856 0.981456 0.827033 0.982384 0.893642 0.929786 0.964603 0.925183 0.902441 0.953795 0.855475 0.967397 0.906309 0.984760 0.980436 0.912618 0.962252 0.956698 0.843303 0.868914 0.977408 0.959483 0.985519 0.937113 0.877322 0.978138 0.942920 0.987016 0.915410 0.979150 0.938682 0.866191 0.895586 0.916025 0.776654 0.957510 0.878069 0.906892 0.993987 0.846416 0.968757 0.853506 0.923365 0.974378 0.935876 0.879614
0.960140 0.829288 0.365290 0.340771 0.793221 0.891610 0.480062 0.627968 0.979337 0.995700 0.799285 0.972829 0.486848 0.528702 0.520809 0.584967 0.748415 0.923220 0.587323 0.708451 0.739034 0.963960 0.000000 0.319442 0.498622 0.531097 0.729343 0.836746 0.892724 0.959366 0.438652 0.500641 0.495963 0.587054 0.488744 0.589985 0.901478 0.964824 0.756606 0.885413 0.986171 0.729569 0.764015 0.844397 0.981210 0.924361 0.762595 0.818224 0.583871 0.727282 0.962509 0.941929 0.962568 0.873599 0.733688 0.974950 0.774874 0.722407 0.870272 0.959389 0.701054 0.828951 0.701772 0.779205 0.375079 0.400379 0.385344 0.441361 0.738111 0.741616 0.571957 0.583910 0.948034 0.936593 0.874392 0.850966 0.767643 0.781043 0.945686 0.817115 0.979366 0.809311 0.691759 0.821827 0.307362 0.351610 0.752591 0.684646 0.753375 0.755125 0.665338 0.709277 0.683905 0.689771 0.970119 0.816176 0.965394 0.965751 0.918454 0.823952 0.829096 0.680307 0.976928 0.871890 0.812384 0.836326 0.942772 0.871178 0.918465 0.863816 0.966011 0.805795 0.921398 0.941354 0.944131 0.814327
0.957395 0.953555 0.490441 0.357525 0.949802 0.871151 0.598959 0.680590 0.878765 0.842955 0.846605 0.996951 0.564147 0.532250 0.660580 0.649754 0.775016 0.939091 0.598635 0.646987 0.794186 0.934401 0.319442 0.000000 0.431322 0.618357 0.775243 0.770958 0.863743 0.977728 0.458002 0.477609 0.542625 0.609481 0.576379 0.710766 0.980987 0.928237 0.689525 0.978352 0.952204 0.693429 0.805087 0.873179 0.909227 0.872461 0.744765 0.853742 0.605345 0.681060 0.865540 0.801293 0.788308 0.909002 0.702409 0.997311 0.888141 0.776175 0.997584 0.884513 0.888577 0.774552 0.771287 0.738357 0.516373 0.504965 0.509492 0.538304 0.844355 0.729631 0.658655 0.708378 0.988381 0.903991 0.828288 0.815149 0.867765 0.837587 0.906075 0.829656 0.972011 0.691350 0.642012 0.934547 0.366354 0.299825 0.818719 0.523468 0.684044 0.721315 0.832284 0.908287 0.841920 0.957208 0.950351 0.803741 0.980525 0.928000 0.967519 0.906845 0.866033 0.805582 0.916169 0.902395 0.763760 0.965809 0.894153 0.977167 0.870945 0.909427 0.989431 0.810203 0.873645 0.871167 0.905737 0.856544
0.887725 0.920963 0.694377 0.619095 0.997667 0.949930 0.944216 0.990586 0.734531 0.624807 0.814231 0.776432 0.888218 0.850870 0.828298 0.891053 0.740663 0.770121 0.902177 0.882881 0.802152 0.873630 0.498622 0.431322 0.000000 0.587881 0.646792 0.908751 0.709073 0.868729 0.601459 0.731200 0.796819 0.970324 0.702025 0.744890 0.873889 0.991778 0.802776 0.991334 0.963741 0.711047 0.994089 0.946056 0.618335 0.663404 0.986416 0.909715 0.544274 0.581558 0.694531 0.596876 0.603638 0.701979 0.938163 0.866316 0.800252 0.829221 0.755904 0.929406 0.831029 0.758339 0.885888 0.598402 0.544397 0.646263 0.825779 0.838746 0.900606 0.790232 0.871509 0.907782 0.927936 0.907957 0.812338 0.820505 0.994253 0.890719 0.974972 0.836099 0.999527 0.807411 0.703097 0.826467 0.510334 0.466834 0.818680 0.747770 0.728016 0.770667 0.860542 0.815992 0.927774 0.818518 0.803343 0.986822 0.933803 0.937290 0.795301 0.849167 0.871921 0.954440 0.758808 0.885918 0.890102 0.811973 0.832838 0.938524 0.980176 0.947734 0.977949 0.742366 0.715899 0.793603 0.820992 0.889222
0.936025 0.966824 0.482973 0.501678 0.932122 0.861689 0.636230 0.686330 0.974510 0.931957 0.839476 0.998100 0.718032 0.683901 0.726679 0.667535 0.784324 0.939350 0.671517 0.745979 0.919224 0.826405 0.531097 0.618357 0.587881 0.000000 0.850191 0.998917 0.996830 0.944954 0.571853 0.672331 0.646332 0.774329 0.730293 0.686673 0.945564 0.900692 0.911994 0.979170 0.922307 0.818223 0.716166 0.876127 0.998408 0.983872 0.829272 0.873402 0.856688 0.864293 0.920022 0.815112 0.868103 0.884402 0.831275 0.896748 0.933756 0.808870 0.929263 0.976421 0.818474 0.964920 0.940488 0.699816 0.496834 0.533541 0.637658 0.666594 0.772100 0.809272 0.832039 0.754647 0.981827 0.935344 0.812429 0.981944 0.851543 0.896034 0.953151 0.852458 0.968979 0.898638 0.856343 0.771097 0.578258 0.650075 0.824336 0.843753 0.879447 0.935630 0.831497 0.928428 0.836307 0.898100 0.870349 0.860316 0.939190 0.959367 0.950622 0.893563 0.791669 0.793249 0.991121 0.986064 0.826476 0.979886 0.938777 0.963017 0.861390 0.941626 0.928760 0.960496 0.990025 0.801513 0.986497 0.878816
0.863740 0.847702 0.908600 0.922632 0.955152 0.932876 0.918058 0.802207 0.908729 0.814163 0.783734 0.749827 0.936867 0.957567 0.729059 0.969451 0.732610 0.744007 0.892239 0.849211 0.909783 0.837031 0.729343 0.775243 0.646792 0.850191 0.000000 0.711463 0.708344 0.762284 0.947911 0.984522 0.840277 0.865302 0.770678 0.944948 0.851761 0.959373 0.957860 0.946607 0.914137 0.927107 0.854653 0.900090 0.690403 0.736806 0.891623 0.902332 0.630117 0.654117 0.815486 0.793350 0.752928 0.904692 0.873817 0.910798 0.796287 0.781711 0.906425 0.960521 0.870576 0.690322 0.873602 0.723092 0.758050 0.919785 0.956494 0.908396 0.956573 0.846555 0.985949 0.935541 0.815175 0.795988 0.961070 0.999054 0.949256 0.905526 0.858764 0.934856 0.922399 0.903890 0.797851 0.607768 0.727462 0.757841 0.804626 0.965916 0.720786 0.927679 0.890851 0.968395 0.872766 0.921145 0.983245 0.861138 0.812768 0.863743 0.845466 0.908136 0.782554 0.947220 0.935730 0.950684 0.941604 0.964128 0.937391 0.838142 0.864841 0.926225 0.926063 0.853484 0.718483 0.985739 0.970331 0.997828
0.979857 0.861487 0.909317 0.790435 0.957530 0.835022 0.963753 0.971849 0.887326 0.994593 0.997937 0.910670 0.862342 0.856739 0.771669 0.892575 0.843930 0.843192 0.898908 0.912951 0.971710 0.884338 0.836746 0.770958 0.908751 0.998917 0.711463 0.000000 0.993815 0.868960 0.793595 0.958552 0.947269 0.973231 0.722465 0.856555 0.921276 0.928005 0.984143 0.849939 0.893699 0.943988 0.907486 0.871567 0.898769 0.930640 0.994308 0.994807 0.790098 0.842156 0.886611 0.825352 0.991277 0.958011 0.945147 0.971993 0.940471 0.738793 0.973424 0.714304 0.898492 0.642358 0.982253 0.718017 0.886201 0.969145 0.899336 0.985721 0.882217 0.919430 0.859580 0.818152 0.887977 0.898781 0.815255 0.977026 0.798970 0.978188 0.871693 0.849329 0.860540 0.911075 0.944561 0.797617 0.839243 0.875199 0.916413 0.882206 0.989353 0.937721 0.845265 0.835110 0.839809 0.767530 0.808017 0.977821 0.942375 0.820368 0.938606 0.946807 0.888230 0.815665 0.863603 0.766876 0.873691 0.982926 0.958645 0.837121 0.961771 0.748680 0.906484 0.838126 0.972802 0.943092 0.826808 0.992188
0.533716 0.560513 0.839544 0.814107 0.995012 0.795201 0.598665 0.489697 0.649769 0.566735 0.503872 0.512217 0.739720 0.631578 0.946765 0.762216 0.495612 0.492900 0.593860 0.574255 0.776713 0.910663 0.892724 0.863743 0.709073 0.996830 0.708344 0.993815 0.000000 0.485176 0.840029 0.748151 0.656194 0.625021 0.946733 0.913190 0.734929 0.963069 0.876170 0.786678 0.911531 0.978757 0.582402 0.561273 0.449172 0.464092 0.730606 0.537505 0.542425 0.489770 0.614583 0.604628 0.664023 0.674903 0.935350 0.760218 0.487946 0.628767 0.580154 0.800561 0.572576 0.549794 0.617309 0.586065 0.890146 0.877278 0.761328 0.757432 0.937237 0.639303 0.878699 0.750921 0.656032 0.671855 0.927300 0.777210 0.610418 0.773805 0.816943 0.788116 0.750200 0.862328 0.943469 0.754548 0.863680 0.853343 0.962853 0.772688 0.778289 0.804212 0.602443 0.803847 0.753690 0.827769 0.742324 0.752113 0.767595 0.918153 0.572738 0.565766 0.662005 0.695512 0.618063 0.771798 0.868458 0.914060 0.814917 0.770592 0.789698 0.970090 0.720554 0.805253 0.593095 0.805153 0.898473 0.889861
0.487629 0.372646 0.954428 0.846376 0.876583 0.658082 0.614093 0.503633 0.715076 0.533358 0.572771 0.417839 0.731596 0.617915 0.948811 0.627683 0.366039 0.315773 0.583800 0.609441 0.980276 0.870179 0.959366 0.977728 0.868729 0.944954 0.762284 0.868960 0.485176 0.000000 0.814074 0.652607 0.603971 0.538222 0.810788 0.970264 0.819156 0.899528 0.841831 0.795618 0.901617 0.961675 0.595359 0.553343 0.474349 0.448189 0.772873 0.559159 0.667326 0.549022 0.564139 0.534274 0.732857 0.615746 0.972157 0.768721 0.389364 0.436242 0.695236 0.729106 0.588266 0.542572 0.546123 0.399065 0.829347 0.775489 0.716048 0.667716 0.789801 0.744779 0.791161 0.773785 0.763905 0.744613 0.913319 0.759210 0.685906 0.734347 0.619114 0.482031 0.423442 0.583769 0.797819 0.622511 0.947798 0.953228 0.842495 0.924218 0.918038 0.936567 0.612457 0.769787 0.679189 0.836957 0.699124 0.823635 0.667840 0.915434 0.539971 0.609145 0.699605 0.654392 0.652813 0.753557 0.930588 0.805720 0.735019 0.941925 0.919501 0.885653 0.728592 0.715130 0.727641 0.792737 0.755792 0.919335
0.761989 0.956136 0.363365 0.333032 0.867140 0.779061 0.434556 0.483556 0.799607 0.873913 0.632737 0.803862 0.543628 0.459472 0.663027 0.597325 0.998671 0.830244 0.453615 0.584749 0.856977 0.924878 0.438652 0.458002 0.601459 0.571853 0.947911 0.793595 0.840029 0.814074 0.000000 0.413129 0.422054 0.505787 0.586073 0.826439 0.788956 0.995494 0.748405 0.992820 0.933522 0.716597 0.607371 0.660357 0.818034 0.856626 0.757319 0.706994 0.853383 0.927671 0.976272 0.953931 0.990462 0.953354 0.869456 0.970226 0.911548 0.917385 0.829187 0.988047 0.665774 0.985742 0.752897 0.878210 0.540664 0.494296 0.489795 0.484780 0.882255 0.967511 0.488154 0.475632 0.833363 0.637721 0.817479 0.676897 0.643111 0.793008 0.805743 0.774001 0.938993 0.806400 0.752500 0.983728 0.558799 0.568185 0.886009 0.822841 0.856780 0.937969 0.616040 0.717226 0.626312 0.785001 0.980939 0.788960 0.809003 0.992427 0.768608 0.665930 0.550585 0.603568 0.897147 0.826749 0.727948 0.899942 0.854331 0.764210 0.892948 0.944924 0.943451 0.915263 0.903371 0.890407 0.947103 0.872914
0.599389 0.735653 0.445655 0.383881 0.839721 0.658026 0.337903 0.354097 0.768737 0.678629 0.504284 0.647035 0.460054 0.384448 0.632940 0.458061 0.834580 0.622232 0.356005 0.424871 0.986548 0.982400 0.500641 0.477609 0.731200 0.672331 0.984522 0.958552 0.748151 0.652607 0.413129 0.000000 0.384925 0.379306 0.700979 0.745145 0.768592 0.855826 0.716252 0.933955 0.972347 0.809965 0.506066 0.534238 0.606519 0.639487 0.560634 0.485330 0.946241 0.834428 0.779365 0.822139 0.906072 0.841440 0.753619 0.969465 0.719667 0.878635 0.672315 0.918273 0.522485 0.830655 0.546385 0.865755 0.668157 0.478248 0.391098 0.376900 0.868570 0.892766 0.584449 0.577621 0.881468 0.706803 0.883503 0.662264 0.583349 0.594920 0.768910 0.618082 0.785174 0.600011 0.618845 0.872790 0.593545 0.573557 0.792492 0.773766 0.883167 0.796348 0.532607 0.670008 0.652644 0.771013 0.833858 0.792892 0.836362 0.909532 0.631962 0.545087 0.588903 0.601400 0.785733 0.674980 0.732125 0.778166 0.985061 0.833189 0.907641 0.977758 0.836090 0.865098 0.827808 0.960022 0.988457 0.928322
0.512134 0.737753 0.449388 0.385593 0.804483 0.673519 0.317996 0.301338 0.700909 0.753211 0.439319 0.519425 0.419809 0.337420 0.696815 0.483146 0.784183 0.614742 0.314836 0.329990 0.861584 0.909136 0.495963 0.542625 0.796819 0.646332 0.840277 0.947269 0.656194 0.603971 0.422054 0.384925 0.000000 0.368949 0.713306 0.768068 0.647841 0.898591 0.733821 0.876394 0.993579 0.814806 0.460930 0.564634 0.597125 0.661543 0.538085 0.564171 0.982197 0.854512 0.807034 0.864335 0.871506 0.809579 0.917053 0.778778 0.734407 0.888990 0.585170 0.873276 0.434202 0.758006 0.470314 0.815804 0.642715 0.409367 0.364432 0.346733 0.937109 0.961047 0.522831 0.529318 0.785164 0.689912 0.860917 0.711971 0.546822 0.703594 0.813386 0.640389 0.720502 0.593752 0.712938 0.915970 0.574087 0.591489 0.895458 0.832930 0.948570 0.877911 0.495321 0.667086 0.610454 0.763838 0.902143 0.723489 0.845682 0.983920 0.555752 0.536798 0.550078 0.534515 0.716656 0.688322 0.760396 0.814837 0.938432 0.894335 0.820286 0.954322 0.986640 0.915459 0.713445 0.902274 0.956789 0.877637
0.479064 0.695521 0.468582 0.434303 0.796366 0.565080 0.278883 0.284570 0.587682 0.543469 0.337036 0.463844 0.368615 0.316570 0.653836 0.473675 0.650431 0.549891 0.294582 0.361855 0.903433 0.921852 0.587054 0.609481 0.970324 0.774329 0.865302 0.973231 0.625021 0.538222 0.505787 0.379306 0.368949 0.000000 0.793539 0.838939 0.670881 0.911622 0.649375 0.992707 0.961717 0.824682 0.464507 0.479577 0.508826 0.590465 0.503574 0.453671 0.880766 0.779891 0.719786 0.714627 0.791390 0.691680 0.858102 0.973264 0.653313 0.856956 0.541957 0.844802 0.354640 0.732495 0.396141 0.692971 0.747771 0.478221 0.373954 0.345809 0.968727 0.961547 0.543428 0.587809 0.830604 0.707920 0.860496 0.671359 0.614453 0.552616 0.875912 0.673201 0.759898 0.637757 0.739337 0.836853 0.668510 0.693613 0.860669 0.850257 0.885646 0.900801 0.462090 0.602478 0.610238 0.683752 0.784453 0.749451 0.850604 0.883973 0.470791 0.445115 0.506806 0.589924 0.715958 0.630393 0.742665 0.714105 0.870082 0.807629 0.863075 0.908935 0.931086 0.745051 0.634990 0.941555 0.842103 0.945629
0.868929 0.769248 0.571412 0.544122 0.857030 0.923997 0.723737 0.821941 0.925399 0.831886 0.805383 0.985391 0.675672 0.709059 0.786200 0.780868 0.761773 0.851267 0.739217 0.774433 0.807776 0.993821 0.488744 0.576379 0.702025 0.730293 0.770678 0.722465 0.946733 0.810788 0.586073 0.700979 0.713306 0.793539 0.000000 0.825373 0.813661 0.997548 0.943690 0.996470 0.926067 0.986654 0.861904 0.845850 0.909990 0.890633 0.817586 0.899348 0.693107 0.821410 0.825811 0.869666 0.952426 0.995668 0.752963 0.998559 0.770367 0.710435 0.789596 0.884981 0.852371 0.786886 0.830513 0.772180 0.564037 0.714804 0.551542 0.648736 0.706604 0.825912 0.724400 0.688519 0.885541 0.776021 0.998894 0.865538 0.812866 0.967044 0.979252 0.985112 0.951490 0.898497 0.842723 0.793040 0.527821 0.631598 0.806319 0.923889 0.774713 0.869481 0.705715 0.772261 0.713317 0.686195 0.910718 0.877592 0.911509 0.939869 0.979099 0.880486 0.833951 0.711782 0.993417 0.844781 0.737463 0.827013 0.901728 0.797262 0.935772 0.935902 0.933359 0.691507 0.965837 0.880678 0.888701 0.888899
0.993920 0.910541 0.716748 0.709337 0.802925 0.993855 0.736624 0.849579 0.779994 0.937372 0.935156 0.962767 0.781332 0.786945 0.797868 0.750832 0.884265 0.971826 0.861858 0.852176 0.706350 0.937028 0.589985 0.710766 0.744890 0.686673 0.944948 0.856555 0.913190 0.970264 0.826439 0.745145 0.768068 0.838939 0.825373 0.000000 0.959464 0.915278 0.952706 0.995244 0.924807 0.875646 0.976424 0.959210 0.961400 0.990749 0.735328 0.912496 0.872593 0.946188 0.901877 0.941651 0.891237 0.920737 0.788876 0.916368 0.822853 0.916168 0.908203 0.911598 0.795007 0.971520 0.784825 0.941538 0.700418 0.627045 0.606755 0.642954 0.919947 0.863710 0.912845 0.780138 0.950991 0.898213 0.855424 0.986726 0.887909 0.944423 0.962116 0.921889 0.931429 0.779382 0.725085 0.987340 0.512938 0.537813 0.896934 0.712011 0.945548 0.879591 0.874555 0.948623 0.834691 0.920632 0.935500 0.847218 0.848644 0.943504 0.935836 0.995284 0.977226 0.880854 0.870683 0.918125 0.884277 0.910222 0.985679 0.906715 0.941245 0.981673 0.997172 0.929403 0.921391 0.878947 0.957540 0.943107
0.763841 0.881695 0.775622 0.806336 0.830235 0.871175 0.673485 0.660071 0.759179 0.735173 0.714712 0.623695 0.842825 0.676574 0.948203 0.704602 0.831693 0.758699 0.735693 0.654644 0.976018 0.871273 0.901478 0.980987 0.873889 0.945564 0.851761 0.921276 0.734929 0.819156 0.788956 0.768592 0.647841 0.670881 0.813661 0.959464 0.000000 0.949767 0.880920 0.830799 0.753636 0.834199 0.779426 0.805837 0.678605 0.783271 0.819491 0.813723 0.834190 0.809328 0.730573 0.779686 0.749495 0.727144 0.950188 0.945450 0.861139 0.896407 0.642594 0.770292 0.692801 0.746971 0.821239 0.857673 0.959341 0.781093 0.718105 0.625106 0.999684 0.874639 0.830849 0.719546 0.779565 0.725890 0.897943 0.754001 0.725789 0.993543 0.927310 0.781351 0.880456 0.874380 0.915590 0.853778 0.954520 0.991314 0.995624 0.962140 0.992261 0.984984 0.695040 0.771942 0.768479 0.797788 0.618159 0.895023 0.891141 0.997400 0.773272 0.826919 0.741571 0.806835 0.851782 0.881216 0.997707 0.847025 0.937956 0.787120 0.719297 0.927191 0.874320 0.960965 0.823875 0.875408 0.955221 0.965430
0.894468 0.970469 0.974732 0.994979 0.884449 0.919181 0.937323 0.961001 0.800701 0.922678 0.995949 0.887766 0.994858 0.925138 0.986591 0.910524 0.816439 0.910800 0.994005 0.910134 0.835561 0.885072 0.964824 0.928237 0.991778 0.900692 0.959373 0.928005 0.963069 0.899528 0.995494 0.855826 0.898591 0.911622 0.997548 0.915278 0.949767 0.000000 0.949099 0.924379 0.899755 0.999007 0.934850 0.989123 0.849252 0.892557 0.984396 0.965523 0.967785 0.966557 0.966542 0.905455 0.903547 0.904235 0.904820 0.923683 0.961970 0.957536 0.854559 0.758532 0.861690 0.844963 0.982088 0.875067 0.983760 0.889390 0.885077 0.896687 0.965236 0.918770 0.988033 0.872425 0.951392 0.990835 0.930071 0.916293 0.957817 0.809643 0.938380 0.909961 0.912434 0.949649 0.959301 0.982231 0.984394 0.930211 0.950316 0.836414 0.827488 0.694302 0.882307 0.912755 0.833895 0.867187 0.958716 0.969561 0.998517 0.900001 0.925892 0.994039 0.987401 0.894405 0.962833 0.944348 0.846078 0.865368 0.793100 0.985450 0.932789 0.958322 0.867077 0.904169 0.824698 0.944074 0.891825 0.964490
