0.000000 0.127059 0.193927 0.164946 0.660699 0.432482 0.172438 0.123675 0.376481 0.266481 0.178474 0.116507 0.129668 0.218455 0.212467 0.229993 0.113941 0.121473 0.122224 0.124786 0.423639 0.768847 0.222099 0.359026 0.539898 0.442319 0.877807 0.961295 0.162869 0.127620 0.205765 0.276248 0.129692 0.131410 0.361483 0.535711 0.337750 0.443915 0.588005 0.662329 0.682210 0.516348 0.206887 0.185799 0.194889 0.156798 0.174316 0.170293 0.520546 0.242363 0.305830 0.232152 0.344859 0.366448 0.361990 0.397513 0.152462 0.136804 0.122156 0.153498 0.112373 0.177706 0.120221 0.119694 0.317692 0.210533 0.158432 0.141374 0.291982 0.170542 0.238464 0.245147 0.328508 0.335831 0.579825 0.565102 0.278423 0.258783 0.130289 0.201022 0.093643 0.117156 0.385210 0.235221 0.207883 0.312323 0.903976 0.985344 0.392376 0.423170 0.439570 0.522689 0.396278 0.654144 0.343920 0.441607 0.252764 0.422319 0.230978 0.215482 0.502997 0.573723 0.260940 0.308372 0.259557 0.281926 0.750240 0.517814 0.529414 0.319761 0.631976 0.336930 0.275242 0.407519 0.428214 0.947108
0.127059 0.000000 0.239842 0.198281 0.647130 0.468183 0.203879 0.141922 0.450561 0.300432 0.219868 0.127363 0.143731 0.197327 0.218616 0.237479 0.138223 0.133101 0.133527 0.140743 0.404018 0.782053 0.230866 0.353011 0.549969 0.483166 0.845519 0.935367 0.147410 0.144732 0.216685 0.285879 0.148138 0.157114 0.410071 0.525824 0.325810 0.482039 0.586318 0.641850 0.751590 0.423963 0.207422 0.183012 0.197473 0.171736 0.192534 0.145651 0.479106 0.266794 0.313882 0.252440 0.392591 0.382480 0.375686 0.420394 0.125444 0.108333 0.117422 0.156225 0.130486 0.193257 0.133217 0.114873 0.363603 0.265601 0.190002 0.165078 0.305782 0.156305 0.263277 0.260336 0.412111 0.435571 0.617674 0.592199 0.303330 0.304751 0.189508 0.248885 0.115900 0.133053 0.368596 0.216440 0.218007 0.308654 0.961350 0.957351 0.421044 0.416188 0.523185 0.588034 0.454603 0.731566 0.274326 0.493640 0.270593 0.318157 0.273593 0.242447 0.534368 0.625188 0.295931 0.278906 0.253565 0.272017 0.801217 0.575139 0.530200 0.334086 0.615255 0.338534 0.342558 0.367281 0.410776 0.873319
0.193927 0.239842 0.000000 0.101720 0.676090 0.451774 0.145276 0.170972 0.319614 0.331198 0.231108 0.233042 0.209956 0.327607 0.286947 0.301225 0.262918 0.212173 0.178067 0.192053 0.394701 0.765599 0.216337 0.310358 0.375790 0.269621 0.919008 0.921495 0.271505 0.228183 0.170584 0.263454 0.156972 0.203760 0.413691 0.647095 0.323709 0.525235 0.524012 0.653105 0.793640 0.545653 0.208789 0.198881 0.284393 0.273810 0.242384 0.246693 0.670997 0.359505 0.419591 0.344573 0.423139 0.373714 0.406024 0.486213 0.299883 0.287634 0.287829 0.304135 0.177354 0.261143 0.277321 0.278913 0.191416 0.147801 0.168926 0.176648 0.319325 0.252138 0.231077 0.281618 0.278908 0.244319 0.659026 0.618409 0.290568 0.283468 0.249497 0.295657 0.210291 0.194545 0.454070 0.304002 0.266280 0.291507 0.885346 0.994097 0.444774 0.437206 0.392964 0.476305 0.369191 0.560974 0.346196 0.520271 0.356104 0.516514 0.315031 0.302085 0.503568 0.506593 0.404674 0.312934 0.300183 0.364997 0.828502 0.540996 0.610570 0.440728 0.681892 0.444535 0.332501 0.534274 0.481084 0.924429
0.164946 0.198281 0.101720 0.000000 0.659364 0.415280 0.128809 0.125923 0.297229 0.275578 0.229652 0.171685 0.162221 0.259857 0.220293 0.231712 0.220161 0.181214 0.149841 0.172746 0.354607 0.733581 0.173400 0.291125 0.391073 0.290915 0.917513 0.920187 0.222366 0.184805 0.154191 0.233115 0.121776 0.154036 0.340502 0.596868 0.287054 0.477090 0.506649 0.683529 0.740056 0.496329 0.164774 0.162944 0.224027 0.221305 0.193103 0.202483 0.606920 0.312703 0.376663 0.290870 0.413255 0.375709 0.383713 0.465454 0.235635 0.228745 0.220852 0.251129 0.139646 0.210137 0.226441 0.212079 0.197340 0.141456 0.140262 0.132695 0.318844 0.238038 0.183918 0.241539 0.279487 0.306821 0.590335 0.601370 0.269076 0.276763 0.221145 0.267007 0.169788 0.157014 0.396360 0.246466 0.219855 0.253916 0.901342 0.972447 0.422823 0.399320 0.388113 0.476461 0.346341 0.559724 0.342962 0.482536 0.319613 0.465997 0.258951 0.245090 0.473706 0.493155 0.321634 0.262484 0.250158 0.306527 0.845240 0.544453 0.621884 0.429666 0.589414 0.369326 0.310468 0.457955 0.451744 0.955788
0.660699 0.647130 0.676090 0.659364 0.000000 0.646269 0.654575 0.626064 0.793499 0.716201 0.789304 0.696403 0.603093 0.703485 0.661183 0.627026 0.709808 0.746362 0.668273 0.766464 0.635823 0.751107 0.628327 0.657620 0.875212 0.844715 0.749098 0.833974 0.689361 0.731400 0.755079 0.868931 0.681477 0.677546 0.768066 0.805383 0.871430 0.850906 0.759224 0.892311 0.765946 0.753439 0.626595 0.674327 0.639444 0.646489 0.553060 0.642565 0.760573 0.612131 0.542771 0.551690 0.663681 0.509265 0.736933 0.657982 0.722102 0.758216 0.698508 0.710546 0.624917 0.612061 0.658811 0.649773 0.655682 0.620673 0.606587 0.650957 0.861078 0.732855 0.522806 0.647759 0.756257 0.800598 0.961217 0.705754 0.763274 0.771650 0.771437 0.775910 0.654392 0.679647 0.649444 0.675503 0.567169 0.606194 0.908213 0.912976 0.851814 0.665462 0.612951 0.642079 0.613253 0.739727 0.817275 0.771304 0.737041 0.672208 0.665126 0.649826 0.745186 0.845593 0.646943 0.713401 0.563390 0.702899 0.769036 0.610377 0.752389 0.902087 0.791320 0.749481 0.688433 0.736571 0.690272 0.941050
0.432482 0.468183 0.451774 0.415280 0.646269 0.000000 0.342704 0.349496 0.466838 0.400290 0.475164 0.449918 0.437004 0.568331 0.524998 0.492660 0.512478 0.469438 0.449532 0.509016 0.590408 0.968222 0.509560 0.627447 0.808610 0.656254 0.983152 0.869992 0.512303 0.509394 0.491430 0.588362 0.451659 0.473824 0.506853 0.774477 0.609912 0.840377 0.865319 0.960682 0.668600 0.621559 0.383639 0.431463 0.381379 0.400719 0.410329 0.400460 0.763131 0.564499 0.524222 0.465952 0.566832 0.507028 0.662565 0.691539 0.530944 0.548285 0.484503 0.516810 0.436998 0.509933 0.454170 0.485190 0.613381 0.474822 0.338003 0.390277 0.628524 0.509499 0.362037 0.348685 0.562660 0.586900 0.635109 0.726636 0.455288 0.466345 0.437076 0.606667 0.423405 0.445877 0.714680 0.489546 0.513709 0.633366 0.977947 0.906700 0.756233 0.670659 0.347059 0.429737 0.296268 0.509474 0.585883 0.681214 0.444659 0.749668 0.414289 0.439740 0.473477 0.468989 0.524136 0.501855 0.409038 0.575546 0.872693 0.661354 0.794945 0.684763 0.658359 0.555883 0.435646 0.539099 0.613492 0.918540
0.172438 0.203879 0.145276 0.128809 0.654575 0.342704 0.000000 0.104034 0.280056 0.204497 0.190750 0.208474 0.207964 0.342378 0.320016 0.330556 0.185357 0.151699 0.131744 0.184189 0.397754 0.708644 0.297044 0.445777 0.597498 0.440507 0.881917 0.919662 0.251593 0.216425 0.242338 0.304427 0.151257 0.153150 0.448549 0.630707 0.405228 0.556735 0.635225 0.700344 0.704329 0.475146 0.146391 0.116704 0.169484 0.185322 0.214551 0.211073 0.635962 0.370602 0.378275 0.330314 0.452007 0.338397 0.424095 0.539671 0.200643 0.227576 0.224297 0.303145 0.161942 0.287993 0.224344 0.237059 0.315556 0.199836 0.102500 0.120607 0.319945 0.254840 0.193562 0.190604 0.298850 0.282061 0.604317 0.565753 0.243940 0.239858 0.246566 0.273228 0.170277 0.174409 0.471792 0.304841 0.313500 0.392157 0.924806 0.903966 0.479636 0.539873 0.293338 0.346217 0.265905 0.413210 0.318612 0.470788 0.280888 0.463866 0.218098 0.201898 0.419362 0.359888 0.337248 0.226640 0.269109 0.320610 0.886106 0.509371 0.600140 0.421961 0.569242 0.329200 0.224369 0.393972 0.463088 0.920245
0.123675 0.141922 0.170972 0.125923 0.626064 0.349496 0.104034 0.000000 0.326374 0.176868 0.191172 0.129873 0.138119 0.239835 0.220460 0.245801 0.146234 0.131100 0.141123 0.162201 0.408408 0.774088 0.237705 0.394250 0.596968 0.457886 0.846871 0.921220 0.188068 0.162062 0.237326 0.302332 0.122682 0.133158 0.382883 0.575007 0.345980 0.460944 0.620762 0.680307 0.661145 0.437344 0.152839 0.143627 0.150149 0.157430 0.192281 0.175923 0.522684 0.294825 0.312584 0.252702 0.391991 0.344106 0.398838 0.454683 0.158384 0.159642 0.164244 0.218335 0.111887 0.173832 0.163941 0.136642 0.289212 0.188407 0.115755 0.118443 0.351957 0.198164 0.211908 0.221902 0.346540 0.365049 0.603229 0.551461 0.258806 0.236656 0.181084 0.286252 0.129166 0.154118 0.431984 0.256272 0.240672 0.339875 0.962785 0.906380 0.446038 0.414220 0.307851 0.368058 0.264584 0.485438 0.269470 0.397836 0.241349 0.397329 0.176197 0.159289 0.375056 0.434551 0.251076 0.200365 0.203583 0.270615 0.834705 0.463523 0.577027 0.365822 0.537119 0.299610 0.239455 0.364399 0.427171 0.923683
0.376481 0.450561 0.319614 0.297229 0.793499 0.466838 0.280056 0.326374 0.000000 0.372520 0.389769 0.380800 0.386740 0.496667 0.463333 0.427080 0.446470 0.395729 0.373689 0.381532 0.546692 0.821656 0.403731 0.559850 0.707557 0.542771 0.955166 0.975982 0.446464 0.410899 0.414226 0.471782 0.350084 0.357509 0.521213 0.697508 0.476544 0.535441 0.758126 0.703942 0.899696 0.676772 0.367782 0.341855 0.367799 0.361792 0.370198 0.373126 0.714384 0.457638 0.425377 0.415516 0.462935 0.399673 0.562677 0.550591 0.459510 0.478535 0.427362 0.488226 0.332394 0.425531 0.422646 0.451242 0.366975 0.341616 0.296180 0.310872 0.436588 0.449710 0.374062 0.452455 0.393827 0.375366 0.674233 0.589014 0.393379 0.364983 0.441929 0.451742 0.398775 0.396273 0.620958 0.524678 0.449845 0.512538 0.850049 0.902778 0.611276 0.633659 0.376710 0.388782 0.328365 0.440789 0.519570 0.494192 0.498850 0.712948 0.339246 0.350826 0.432781 0.400578 0.446272 0.393559 0.415933 0.482822 0.803806 0.568070 0.732355 0.641910 0.637289 0.532353 0.359971 0.620626 0.500446 0.979084
0.266481 0.300432 0.331198 0.275578 0.716201 0.400290 0.204497 0.176868 0.372520 0.000000 0.260472 0.248720 0.305429 0.381347 0.367882 0.402000 0.253075 0.246890 0.286881 0.313546 0.552407 0.793277 0.417884 0.586070 0.810356 0.590536 0.914419 0.974287 0.315213 0.280289 0.394374 0.423586 0.241087 0.236739 0.427559 0.673066 0.474964 0.522711 0.740829 0.748212 0.783317 0.440646 0.280971 0.279231 0.261669 0.285327 0.386505 0.335154 0.598087 0.434402 0.423126 0.365125 0.522738 0.443296 0.498529 0.571253 0.286477 0.310195 0.269785 0.352037 0.254532 0.294146 0.303952 0.271568 0.425119 0.296778 0.236021 0.244509 0.421244 0.271595 0.341450 0.308956 0.384618 0.422117 0.608738 0.549788 0.322656 0.281241 0.321958 0.375910 0.254937 0.300235 0.575164 0.356967 0.434550 0.539087 0.997135 0.832034 0.574495 0.576999 0.324526 0.341674 0.283710 0.433692 0.410742 0.409543 0.333469 0.474960 0.201713 0.217872 0.371599 0.342454 0.320057 0.250389 0.330038 0.362524 0.895990 0.489235 0.709404 0.488641 0.584390 0.364981 0.261797 0.387766 0.486964 0.972070
0.178474 0.219868 0.231108 0.229652 0.789304 0.475164 0.190750 0.191172 0.389769 0.260472 0.000000 0.173351 0.212661 0.274571 0.309554 0.317833 0.140926 0.124378 0.143887 0.140923 0.454049 0.749752 0.331479 0.397612 0.617647 0.453399 0.948373 0.886545 0.188157 0.134520 0.240012 0.233199 0.185417 0.155897 0.513573 0.595463 0.458861 0.582161 0.638168 0.595409 0.720079 0.547850 0.297013 0.243635 0.330671 0.303411 0.300005 0.280316 0.754042 0.451815 0.500265 0.449183 0.506217 0.473701 0.448690 0.603050 0.194649 0.218376 0.257216 0.328153 0.197380 0.304323 0.177648 0.206415 0.395223 0.263602 0.224619 0.232037 0.285166 0.263454 0.332656 0.328957 0.380468 0.363518 0.695396 0.604929 0.316778 0.246640 0.217818 0.229178 0.154169 0.170340 0.394719 0.269746 0.374553 0.431032 0.818113 0.995886 0.529036 0.598266 0.494874 0.568748 0.485813 0.651250 0.354774 0.531804 0.365897 0.526761 0.371601 0.309390 0.553210 0.515536 0.353846 0.285811 0.399655 0.401726 0.891951 0.620394 0.726371 0.417657 0.670176 0.423090 0.326162 0.430948 0.511245 0.946527
0.116507 0.127363 0.233042 0.171685 0.696403 0.449918 0.208474 0.129873 0.380800 0.248720 0.173351 0.000000 0.102694 0.134164 0.146943 0.160503 0.116672 0.120717 0.142934 0.141488 0.416677 0.763844 0.186462 0.305389 0.557495 0.463980 0.908249 0.887161 0.117832 0.100155 0.201414 0.243039 0.128586 0.147154 0.370918 0.533938 0.350365 0.429291 0.568760 0.637662 0.689445 0.481395 0.242304 0.222483 0.236068 0.211025 0.221121 0.183149 0.555789 0.309621 0.356451 0.283226 0.420669 0.431065 0.396046 0.466023 0.143709 0.147793 0.149693 0.186871 0.108525 0.149036 0.107957 0.090862 0.313559 0.212975 0.192394 0.175930 0.325975 0.184756 0.266189 0.280450 0.373498 0.406837 0.601079 0.576460 0.282942 0.235985 0.156255 0.255243 0.120466 0.159379 0.326210 0.216049 0.219375 0.302471 0.874546 0.957309 0.424539 0.421753 0.517650 0.594976 0.451606 0.747369 0.311953 0.470364 0.334859 0.379866 0.273137 0.233002 0.520248 0.624639 0.267914 0.277136 0.269279 0.270791 0.793196 0.564636 0.601993 0.311791 0.584959 0.368792 0.323627 0.361284 0.403850 0.996092
0.129668 0.143731 0.209956 0.162221 0.603093 0.437004 0.207964 0.138119 0.386740 0.305429 0.212661 0.102694 0.000000 0.109644 0.099902 0.113775 0.149825 0.161908 0.157034 0.184589 0.341271 0.758113 0.120952 0.218646 0.501877 0.445916 0.922971 0.937571 0.138491 0.134194 0.170541 0.260223 0.145894 0.161111 0.369601 0.538600 0.310397 0.396665 0.538179 0.622535 0.648162 0.488249 0.219387 0.216339 0.237986 0.219416 0.197348 0.174674 0.562616 0.295165 0.318336 0.262166 0.382945 0.395323 0.370784 0.475302 0.178768 0.186098 0.169598 0.223916 0.097047 0.155780 0.107878 0.104313 0.246488 0.199377 0.167324 0.173768 0.407540 0.240047 0.237813 0.281829 0.401074 0.442194 0.654976 0.560059 0.292199 0.249348 0.178449 0.295604 0.132375 0.175813 0.247728 0.246317 0.153802 0.223538 0.850422 0.950675 0.419892 0.369027 0.492462 0.577429 0.423391 0.729531 0.332164 0.482846 0.316145 0.375080 0.300709 0.264932 0.525485 0.626126 0.251700 0.321477 0.237846 0.239102 0.754107 0.503682 0.570823 0.353138 0.599876 0.397690 0.359816 0.400547 0.376105 0.981284
0.218455 0.197327 0.327607 0.259857 0.703485 0.568331 0.342378 0.239835 0.496667 0.381347 0.274571 0.134164 0.109644 0.000000 0.096697 0.122406 0.210763 0.227408 0.241069 0.257190 0.384230 0.758132 0.153130 0.201346 0.533524 0.506339 0.986786 0.860024 0.161357 0.175263 0.226445 0.271744 0.217240 0.240603 0.401333 0.577393 0.352482 0.399539 0.570440 0.634358 0.710345 0.504494 0.316173 0.313918 0.346913 0.323383 0.280909 0.244660 0.565487 0.369728 0.393663 0.351013 0.484173 0.517383 0.447812 0.554752 0.224464 0.231583 0.214156 0.283190 0.170140 0.211099 0.151694 0.137364 0.307504 0.284990 0.272338 0.265492 0.488065 0.301860 0.332972 0.398607 0.533012 0.585932 0.694464 0.619062 0.340608 0.305779 0.231475 0.361127 0.218415 0.270260 0.220423 0.313674 0.201785 0.242377 0.866877 0.905474 0.480673 0.400696 0.650780 0.739394 0.579784 0.892484 0.373979 0.512727 0.425313 0.361936 0.401380 0.344698 0.598425 0.746883 0.279552 0.392921 0.311750 0.289031 0.840600 0.578654 0.586209 0.384238 0.602304 0.474951 0.485838 0.448832 0.405642 0.957867
0.212467 0.218616 0.286947 0.220293 0.661183 0.524998 0.320016 0.220460 0.463333 0.367882 0.309554 0.146943 0.099902 0.096697 0.000000 0.106459 0.238360 0.254563 0.254052 0.281001 0.379351 0.776310 0.112238 0.200085 0.467938 0.441456 0.991372 0.909946 0.194816 0.191403 0.206614 0.295540 0.213618 0.242798 0.342951 0.594995 0.312118 0.408115 0.552503 0.614484 0.678297 0.532921 0.288821 0.300426 0.315607 0.296239 0.264501 0.229740 0.544429 0.325239 0.347897 0.287831 0.399143 0.444706 0.389249 0.478564 0.265103 0.263237 0.225734 0.266486 0.150945 0.179585 0.174512 0.152126 0.237054 0.239154 0.247777 0.255804 0.499877 0.305615 0.303266 0.369805 0.451573 0.543400 0.664479 0.609080 0.336320 0.296854 0.247099 0.371531 0.215696 0.257411 0.250443 0.309774 0.160717 0.211471 0.837220 0.871342 0.424866 0.328595 0.587205 0.670524 0.506022 0.837532 0.363335 0.518842 0.396322 0.382204 0.350039 0.318666 0.577478 0.719545 0.267756 0.390102 0.268297 0.255450 0.730998 0.523231 0.612301 0.431260 0.648638 0.454463 0.453572 0.473183 0.389463 0.929848
0.229993 0.237479 0.301225 0.231712 0.627026 0.492660 0.330556 0.245801 0.427080 0.402000 0.317833 0.160503 0.113775 0.122406 0.106459 0.000000 0.249497 0.266396 0.251818 0.300023 0.359568 0.814090 0.106733 0.177434 0.472146 0.480129 0.970573 0.888740 0.197575 0.208036 0.191213 0.278296 0.225131 0.259693 0.388071 0.584922 0.363337 0.421779 0.544147 0.624856 0.662679 0.523575 0.292997 0.313874 0.345788 0.318444 0.274166 0.242810 0.638065 0.352268 0.379833 0.316322 0.416463 0.425129 0.465261 0.519649 0.292260 0.295455 0.251212 0.295401 0.169054 0.214874 0.183750 0.170558 0.278770 0.250402 0.249883 0.282015 0.452192 0.315608 0.265204 0.327994 0.438089 0.539768 0.632836 0.593167 0.350612 0.288169 0.245124 0.352065 0.218729 0.261336 0.235540 0.300258 0.184950 0.204282 0.856275 0.907499 0.466050 0.402611 0.593938 0.680651 0.508400 0.830759 0.417928 0.502710 0.439376 0.409693 0.414058 0.380346 0.605272 0.685130 0.300873 0.428681 0.289467 0.293498 0.713998 0.632951 0.638275 0.484554 0.703160 0.521936 0.488083 0.439672 0.427366 0.995300
0.113941 0.138223 0.262918 0.220161 0.709808 0.512478 0.185357 0.146234 0.446470 0.253075 0.140926 0.116672 0.149825 0.210763 0.238360 0.249497 0.000000 0.092830 0.120185 0.139399 0.434398 0.685459 0.276687 0.399325 0.652501 0.540998 0.870580 0.962514 0.122462 0.108393 0.245006 0.244097 0.144512 0.117261 0.443278 0.538030 0.397425 0.501619 0.621774 0.611397 0.677730 0.471524 0.241201 0.184499 0.228764 0.211196 0.241861 0.219658 0.608786 0.341219 0.398605 0.327248 0.454825 0.427592 0.409538 0.513851 0.110076 0.132653 0.151414 0.210024 0.137613 0.219112 0.121481 0.121356 0.386920 0.245048 0.183130 0.175709 0.288793 0.187386 0.289998 0.271292 0.366626 0.375552 0.631727 0.548073 0.291448 0.231654 0.154076 0.195052 0.102751 0.139935 0.357439 0.243151 0.283944 0.363790 0.912138 0.982251 0.449981 0.512896 0.525157 0.588049 0.485614 0.683950 0.317318 0.474746 0.300098 0.353136 0.289921 0.223704 0.578341 0.582319 0.261772 0.265723 0.315107 0.262972 0.835089 0.589361 0.614419 0.325358 0.611694 0.327096 0.319785 0.332230 0.485922 0.970830
0.121473 0.133101 0.212173 0.181214 0.746362 0.469438 0.151699 0.131100 0.395729 0.246890 0.124378 0.120717 0.161908 0.227408 0.254563 0.266396 0.092830 0.000000 0.093366 0.104894 0.430002 0.712814 0.286969 0.404277 0.601852 0.472347 0.866262 0.901373 0.122234 0.101899 0.235402 0.233899 0.123966 0.118154 0.446574 0.580437 0.377952 0.514942 0.614752 0.578232 0.765958 0.449748 0.198786 0.151285 0.223061 0.192934 0.203100 0.188564 0.595136 0.354245 0.397506 0.340425 0.459387 0.429349 0.411144 0.497756 0.098048 0.113238 0.162605 0.223407 0.131918 0.231699 0.112965 0.118625 0.369161 0.236059 0.168534 0.166697 0.276644 0.204527 0.284311 0.269376 0.392129 0.374816 0.597729 0.577134 0.290253 0.225396 0.154652 0.204602 0.107976 0.120772 0.357309 0.218550 0.280674 0.352638 0.894012 0.957403 0.463106 0.493919 0.478532 0.552945 0.452759 0.653876 0.303015 0.443057 0.302738 0.381373 0.265863 0.215846 0.531148 0.552726 0.283411 0.227514 0.290210 0.294613 0.878040 0.591910 0.620013 0.330314 0.634282 0.308961 0.270823 0.367776 0.429839 0.964100
0.122224 0.133527 0.178067 0.149841 0.668273 0.449532 0.131744 0.141123 0.373689 0.286881 0.143887 0.142934 0.157034 0.241069 0.254052 0.251818 0.120185 0.093366 0.000000 0.110543 0.394843 0.689158 0.258049 0.362080 0.511711 0.438361 0.868264 0.920776 0.161411 0.121679 0.189897 0.242590 0.140358 0.126380 0.425051 0.561937 0.373253 0.518003 0.539016 0.627147 0.747492 0.446747 0.179993 0.145416 0.221881 0.199986 0.181748 0.182297 0.607855 0.313731 0.379162 0.325038 0.464246 0.382077 0.390622 0.521829 0.141788 0.153192 0.179029 0.239420 0.137162 0.261005 0.139642 0.156463 0.337312 0.227071 0.155607 0.158955 0.265598 0.209724 0.224871 0.230388 0.336189 0.330570 0.611902 0.532733 0.302200 0.252464 0.197562 0.187828 0.115486 0.121951 0.372048 0.247608 0.263619 0.329506 0.886391 0.982882 0.466055 0.517547 0.473659 0.552542 0.443383 0.632955 0.316338 0.470440 0.314275 0.404315 0.279758 0.260169 0.552931 0.549927 0.312807 0.277337 0.290176 0.307868 0.797072 0.591076 0.574480 0.359026 0.628810 0.333645 0.311535 0.412611 0.454989 0.963129
0.124786 0.140743 0.192053 0.172746 0.766464 0.509016 0.184189 0.162201 0.381532 0.313546 0.140923 0.141488 0.184589 0.257190 0.281001 0.300023 0.139399 0.104894 0.110543 0.000000 0.450555 0.752994 0.284362 0.372944 0.537276 0.402931 0.889791 0.933237 0.154100 0.113906 0.215876 0.220127 0.140391 0.127873 0.438707 0.604035 0.382945 0.528521 0.595175 0.613878 0.809138 0.524621 0.247057 0.198050 0.267376 0.226985 0.224555 0.201536 0.610579 0.332817 0.431607 0.361615 0.470913 0.467900 0.429447 0.494975 0.151239 0.143065 0.189864 0.226588 0.160316 0.240913 0.161013 0.166983 0.362780 0.246334 0.212475 0.182429 0.258935 0.199539 0.304637 0.310405 0.335319 0.336095 0.629585 0.586038 0.315876 0.278067 0.194597 0.216184 0.136097 0.127423 0.420372 0.254910 0.308190 0.381549 0.811406 0.955840 0.435149 0.496816 0.543837 0.628520 0.516464 0.731152 0.327755 0.529122 0.341836 0.464557 0.314572 0.270202 0.521595 0.627144 0.361290 0.292823 0.350876 0.338678 0.826173 0.598551 0.603337 0.361129 0.627214 0.355011 0.343092 0.439851 0.446402 0.924076
0.423639 0.404018 0.394701 0.354607 0.635823 0.590408 0.397754 0.408408 0.546692 0.552407 0.454049 0.416677 0.341271 0.384230 0.379351 0.359568 0.434398 0.430002 0.394843 0.450555 0.000000 0.769017 0.342021 0.353199 0.526110 0.505681 0.973565 0.896627 0.431157 0.443852 0.349281 0.493836 0.382328 0.369111 0.476455 0.729159 0.470102 0.496455 0.606893 0.690674 0.642054 0.690176 0.372796 0.354970 0.434546 0.404148 0.378786 0.383627 0.759899 0.454333 0.543670 0.490573 0.603314 0.502850 0.537611 0.641756 0.448648 0.431973 0.411536 0.427252 0.375962 0.445432 0.404119 0.408591 0.406624 0.404449 0.385204 0.401703 0.566609 0.499136 0.363241 0.402197 0.524427 0.547876 0.766172 0.703040 0.389387 0.370274 0.476288 0.483080 0.415444 0.391349 0.404932 0.420619 0.379614 0.426009 0.934271 0.983245 0.638168 0.534435 0.594281 0.687963 0.547860 0.776166 0.502033 0.623839 0.481348 0.587203 0.551259 0.481111 0.717672 0.648732 0.414183 0.427965 0.417053 0.441147 0.845108 0.604616 0.565108 0.667829 0.682807 0.623220 0.548725 0.593508 0.532465 0.910996
0.768847 0.782053 0.765599 0.733581 0.751107 0.968222 0.708644 0.774088 0.821656 0.793277 0.749752 0.763844 0.758113 0.758132 0.776310 0.814090 0.685459 0.712814 0.689158 0.752994 0.769017 0.000000 0.785072 0.848225 0.984829 0.838261 0.888643 0.749410 0.686295 0.737803 0.848288 0.697547 0.686692 0.732367 0.902344 0.864656 0.817721 0.911175 0.821437 0.714634 0.935847 0.844768 0.734810 0.696553 0.761243 0.783453 0.765584 0.789427 0.856387 0.850671 0.802439 0.823886 0.929734 0.782679 0.825817 0.903054 0.701893 0.777698 0.797004 0.850972 0.722741 0.807575 0.741002 0.753705 0.761103 0.725316 0.727988 0.690655 0.809314 0.841652 0.758254 0.788597 0.792248 0.740248 0.925892 0.684946 0.749613 0.742865 0.872739 0.716028 0.758777 0.732515 0.729526 0.772507 0.770151 0.721311 0.922072 0.899920 0.741435 0.786597 0.834345 0.896167 0.905026 0.861736 0.820358 0.846509 0.874485 0.755713 0.743474 0.684999 0.943551 0.896385 0.744729 0.661743 0.808273 0.719830 0.975859 0.767640 0.937781 0.859514 0.741893 0.787818 0.798413 0.789250 0.764425 0.839127
0.222099 0.230866 0.216337 0.173400 0.628327 0.509560 0.297044 0.237705 0.403731 0.417884 0.331479 0.186462 0.120952 0.153130 0.112238 0.106733 0.276687 0.286969 0.258049 0.284362 0.342021 0.785072 0.000000 0.149007 0.359557 0.350936 0.944634 0.936255 0.220748 0.233505 0.140569 0.245830 0.195283 0.249303 0.353563 0.583299 0.297951 0.412049 0.513291 0.659721 0.717235 0.537369 0.261711 0.287812 0.329997 0.299864 0.241833 0.239537 0.614184 0.325465 0.376974 0.297390 0.385816 0.419678 0.395636 0.474256 0.306635 0.304709 0.247629 0.270567 0.158944 0.196003 0.211277 0.205469 0.187709 0.194769 0.215581 0.234270 0.442500 0.296102 0.235448 0.337172 0.370897 0.455007 0.670529 0.623980 0.314626 0.312182 0.250028 0.347154 0.213642 0.240319 0.256846 0.276160 0.129568 0.146691 0.895377 0.862874 0.400611 0.333777 0.573803 0.674794 0.495331 0.823056 0.370240 0.522206 0.402928 0.430355 0.396050 0.365306 0.616644 0.704452 0.328927 0.416317 0.294896 0.271197 0.733234 0.581193 0.596089 0.478364 0.690675 0.515198 0.462872 0.504105 0.387475 0.997179
0.359026 0.353011 0.310358 0.291125 0.657620 0.627447 0.445777 0.394250 0.559850 0.586070 0.397612 0.305389 0.218646 0.201346 0.200085 0.177434 0.399325 0.404277 0.362080 0.372944 0.353199 0.848225 0.149007 0.000000 0.329143 0.336381 0.942633 0.871558 0.297540 0.308110 0.205530 0.280547 0.316470 0.358463 0.430678 0.669536 0.409609 0.530260 0.519144 0.681031 0.786828 0.619732 0.409905 0.432230 0.507416 0.456674 0.363751 0.361307 0.724636 0.459045 0.530311 0.484351 0.504154 0.554116 0.491166 0.605491 0.449450 0.437838 0.392332 0.436179 0.291974 0.342695 0.312133 0.334462 0.288864 0.300566 0.364423 0.388247 0.552162 0.429645 0.360834 0.472724 0.500179 0.563037 0.789885 0.694296 0.438124 0.423541 0.372349 0.411646 0.327092 0.336415 0.251689 0.343667 0.232383 0.178260 0.748275 0.708854 0.502673 0.425160 0.750221 0.867109 0.698064 0.981714 0.481023 0.674166 0.558098 0.510441 0.624435 0.542994 0.714438 0.817634 0.484030 0.547690 0.452424 0.447301 0.818117 0.685160 0.654681 0.586644 0.786175 0.687568 0.643005 0.677350 0.508162 0.956613
0.539898 0.549969 0.375790 0.391073 0.875212 0.808610 0.597498 0.596968 0.707557 0.810356 0.617647 0.557495 0.501877 0.533524 0.467938 0.472146 0.652501 0.601852 0.511711 0.537276 0.526110 0.984829 0.359557 0.329143 0.000000 0.268825 0.846853 0.912182 0.584859 0.546158 0.312055 0.472846 0.500992 0.583677 0.506259 0.785166 0.472273 0.684949 0.484253 0.818784 0.840880 0.786640 0.572329 0.586938 0.693034 0.630049 0.511619 0.551207 0.836722 0.568855 0.727752 0.620805 0.625047 0.707538 0.494368 0.661849 0.690012 0.598750 0.599665 0.532679 0.529807 0.547963 0.609786 0.598126 0.383298 0.469954 0.573611 0.564055 0.568437 0.570477 0.531977 0.586608 0.508616 0.584718 0.759808 0.886457 0.585673 0.679433 0.560995 0.512242 0.539357 0.499417 0.590579 0.546412 0.413697 0.351053 0.920793 0.884699 0.636563 0.485530 0.872716 0.950816 0.799852 0.986243 0.611923 0.813066 0.676940 0.747681 0.772782 0.751673 0.969301 0.943765 0.767665 0.755579 0.596870 0.635305 0.792071 0.930854 0.728722 0.656708 0.984948 0.794502 0.751614 0.848562 0.666442 0.964623
0.442319 0.483166 0.269621 0.290915 0.844715 0.656254 0.440507 0.457886 0.542771 0.590536 0.453399 0.463980 0.445916 0.506339 0.441456 0.480129 0.540998 0.472347 0.438361 0.402931 0.505681 0.838261 0.350936 0.336381 0.268825 0.000000 0.901545 0.836562 0.468748 0.447160 0.287899 0.354792 0.361583 0.415799 0.418625 0.768733 0.387596 0.679902 0.514941 0.628721 0.884801 0.727050 0.421677 0.425881 0.518737 0.449973 0.398184 0.442260 0.687355 0.479556 0.575124 0.505502 0.491745 0.593668 0.483789 0.505636 0.557618 0.511603 0.467122 0.466579 0.399994 0.441032 0.504893 0.514784 0.287331 0.290392 0.419167 0.394453 0.499298 0.483345 0.464974 0.487071 0.381822 0.432955 0.756475 0.785378 0.436930 0.510758 0.496307 0.425738 0.428873 0.390025 0.580540 0.420886 0.380344 0.347176 0.856181 0.869990 0.454147 0.462934 0.667440 0.766816 0.641136 0.845819 0.521622 0.707175 0.554226 0.669362 0.552573 0.509447 0.724683 0.769529 0.629110 0.526053 0.531487 0.597007 0.831849 0.703932 0.737237 0.666385 0.918292 0.642067 0.564604 0.797208 0.517947 0.951693
0.877807 0.845519 0.919008 0.917513 0.749098 0.983152 0.881917 0.846871 0.955166 0.914419 0.948373 0.908249 0.922971 0.986786 0.991372 0.970573 0.870580 0.866262 0.868264 0.889791 0.973565 0.888643 0.944634 0.942633 0.846853 0.901545 0.000000 0.992532 0.908591 0.885475 0.946132 0.907385 0.900544 0.852466 0.992434 0.917565 0.971822 0.874044 0.837215 0.991925 0.966688 0.947291 0.925326 0.935163 0.878075 0.891105 0.927645 0.932674 0.824400 0.888117 0.858035 0.889070 0.996451 0.855389 0.864436 0.871157 0.854607 0.856526 0.894301 0.885500 0.877847 0.830688 0.880795 0.867432 0.953788 0.892177 0.925738 0.909056 0.934914 0.870325 0.999063 0.939633 0.952504 0.939502 0.945378 0.759585 0.980053 0.982306 0.959457 0.963189 0.902969 0.858314 0.949098 0.880563 0.931745 0.968437 0.916049 0.966901 0.919007 0.969949 0.875486 0.867619 0.936330 0.856566 0.957618 0.906012 0.965975 0.880950 0.870686 0.851565 0.965461 0.929213 0.896918 0.802498 0.787885 0.923579 0.980679 0.928694 0.926942 0.744657 0.944848 0.789583 0.815805 0.958593 0.979017 0.812224
0.961295 0.935367 0.921495 0.920187 0.833974 0.869992 0.919662 0.921220 0.975982 0.974287 0.886545 0.887161 0.937571 0.860024 0.909946 0.888740 0.962514 0.901373 0.920776 0.933237 0.896627 0.749410 0.936255 0.871558 0.912182 0.836562 0.992532 0.000000 0.872522 0.923277 0.968806 0.904293 0.869091 0.959183 0.973142 0.993060 0.896885 0.934309 0.916121 0.851792 0.899634 0.999543 0.927046 0.897382 0.985771 0.969704 0.877812 0.974426 0.958950 0.885622 0.975525 0.929079 0.894694 0.986884 0.913333 0.935958 0.918090 0.933356 0.979908 0.989667 0.917586 0.963631 0.879087 0.881571 0.968250 0.916078 0.938667 0.919059 0.937993 0.992448 0.918862 0.916486 0.913501 0.993691 0.965064 0.858422 0.822810 0.873291 0.993216 0.953176 0.943924 0.932633 0.978763 0.973795 0.938837 0.922084 0.967813 0.902900 0.984932 0.955254 0.892460 0.945247 0.950176 0.937105 0.970947 0.901243 0.881826 0.896008 0.982499 0.877979 0.990483 0.940840 0.965997 0.866755 0.877689 0.935145 0.859043 0.962600 0.875745 0.990371 0.950509 0.913128 0.957913 0.968167 0.838838 0.945040
0.162869 0.147410 0.271505 0.222366 0.689361 0.512303 0.251593 0.188068 0.446464 0.315213 0.188157 0.117832 0.138491 0.161357 0.194816 0.197575 0.122462 0.122234 0.161411 0.154100 0.431157 0.686295 0.220748 0.297540 0.584859 0.468748 0.908591 0.872522 0.000000 0.104730 0.211316 0.223294 0.145040 0.155382 0.416907 0.586059 0.360235 0.528589 0.583994 0.566724 0.757116 0.464950 0.269861 0.228012 0.288667 0.254508 0.222364 0.200289 0.568605 0.354699 0.407041 0.343082 0.453383 0.475477 0.402462 0.471208 0.143738 0.168944 0.180092 0.228953 0.137690 0.203875 0.112643 0.118515 0.351292 0.235275 0.211147 0.209619 0.322185 0.218176 0.312636 0.345224 0.415490 0.443548 0.658383 0.584556 0.317826 0.256191 0.167642 0.233944 0.129143 0.155240 0.294384 0.207760 0.229177 0.285645 0.840906 0.965943 0.460372 0.411740 0.604076 0.691225 0.558810 0.829804 0.338016 0.520576 0.360303 0.364770 0.350961 0.261079 0.588200 0.670472 0.293417 0.292677 0.323280 0.271671 0.837345 0.641748 0.614847 0.367026 0.609940 0.395182 0.362524 0.379986 0.423647 0.971125
0.127620 0.144732 0.228183 0.184805 0.731400 0.509394 0.216425 0.162062 0.410899 0.280289 0.134520 0.100155 0.134194 0.175263 0.191403 0.208036 0.108393 0.101899 0.121679 0.113906 0.443852 0.737803 0.233505 0.308110 0.546158 0.447160 0.885475 0.923277 0.104730 0.000000 0.195047 0.208282 0.140784 0.114856 0.405476 0.577755 0.359506 0.502967 0.581549 0.615604 0.774256 0.526110 0.283485 0.221302 0.289303 0.244003 0.240385 0.214946 0.633787 0.340771 0.421367 0.344705 0.436340 0.438223 0.375074 0.483280 0.150019 0.151468 0.191489 0.235486 0.129923 0.205624 0.120147 0.118707 0.338574 0.231576 0.209348 0.208201 0.277947 0.188683 0.304776 0.317596 0.367271 0.386624 0.573819 0.558445 0.343622 0.248557 0.165562 0.204596 0.113087 0.122602 0.324337 0.203373 0.265866 0.305250 0.780444 0.929435 0.452168 0.465422 0.568899 0.656836 0.535404 0.768755 0.324165 0.529778 0.371356 0.403338 0.333845 0.277057 0.562431 0.617169 0.295655 0.286982 0.349235 0.304388 0.812272 0.634481 0.660128 0.357533 0.662208 0.388159 0.361320 0.411696 0.454560 0.989520
0.205765 0.216685 0.170584 0.154191 0.755079 0.491430 0.242338 0.237326 0.414226 0.394374 0.240012 0.201414 0.170541 0.226445 0.206614 0.191213 0.245006 0.235402 0.189897 0.215876 0.349281 0.848288 0.140569 0.205530 0.312055 0.287899 0.946132 0.968806 0.211316 0.195047 0.000000 0.191970 0.178848 0.199158 0.376710 0.618596 0.295367 0.506148 0.477197 0.710285 0.719564 0.557044 0.266046 0.242436 0.334396 0.299198 0.245378 0.237490 0.678639 0.360063 0.455009 0.364693 0.427599 0.453553 0.377872 0.522042 0.289490 0.277352 0.251556 0.279636 0.176904 0.253056 0.233475 0.240835 0.236284 0.185320 0.210115 0.220946 0.298807 0.258869 0.253816 0.292148 0.306737 0.346444 0.608999 0.672572 0.336588 0.281667 0.240875 0.269997 0.192423 0.187198 0.321871 0.232312 0.213420 0.213684 0.858139 0.899688 0.429376 0.419623 0.612556 0.712465 0.535462 0.811703 0.379082 0.596672 0.371297 0.501645 0.432391 0.398006 0.631268 0.625376 0.403041 0.411562 0.371853 0.344795 0.758616 0.691512 0.612624 0.436180 0.757280 0.501720 0.450036 0.475491 0.465463 0.993246
0.276248 0.285879 0.263454 0.233115 0.868931 0.588362 0.304427 0.302332 0.471782 0.423586 0.233199 0.243039 0.260223 0.271744 0.295540 0.278296 0.244097 0.233899 0.242590 0.220127 0.493836 0.697547 0.245830 0.280547 0.472846 0.354792 0.907385 0.904293 0.223294 0.208282 0.191970 0.000000 0.221447 0.212438 0.507033 0.699576 0.379891 0.623868 0.534735 0.630631 0.878284 0.572200 0.323811 0.281297 0.407801 0.389681 0.332995 0.318685 0.771623 0.502572 0.587199 0.515691 0.539771 0.593392 0.535032 0.647900 0.274027 0.306965 0.313867 0.384075 0.258405 0.361746 0.273608 0.290685 0.362719 0.266449 0.278033 0.280381 0.362236 0.347947 0.359068 0.385078 0.409933 0.437386 0.646129 0.683154 0.384894 0.303204 0.274551 0.257336 0.249071 0.242047 0.372862 0.277075 0.339359 0.286680 0.890459 0.870879 0.448364 0.514453 0.690483 0.828606 0.667807 0.866393 0.419314 0.635465 0.475561 0.510126 0.482402 0.417928 0.668626 0.690552 0.457712 0.380766 0.477584 0.380733 0.911640 0.788296 0.769966 0.531315 0.732806 0.490843 0.531403 0.544441 0.521201 0.986503
0.129692 0.148138 0.156972 0.121776 0.681477 0.451659 0.151257 0.122682 0.350084 0.241087 0.185417 0.128586 0.145894 0.217240 0.213618 0.225131 0.144512 0.123966 0.140358 0.140391 0.382328 0.686692 0.195283 0.316470 0.500992 0.361583 0.900544 0.869091 0.145040 0.140784 0.178848 0.221447 0.000000 0.132722 0.367721 0.556276 0.352086 0.482650 0.595257 0.613222 0.790910 0.510173 0.180193 0.165129 0.221422 0.190148 0.197430 0.211434 0.566742 0.334655 0.369645 0.308645 0.428698 0.399942 0.382380 0.429082 0.159297 0.160258 0.160523 0.219537 0.114964 0.188328 0.150984 0.145042 0.267490 0.169528 0.146133 0.124744 0.279417 0.187051 0.216934 0.238138 0.300495 0.339918 0.602920 0.595371 0.256213 0.200958 0.159508 0.219067 0.113151 0.128359 0.359385 0.227334 0.216332 0.267390 0.907847 0.975014 0.404078 0.411822 0.443948 0.517073 0.402097 0.640763 0.308215 0.448818 0.288307 0.385123 0.248454 0.199084 0.519609 0.516791 0.301167 0.214185 0.276590 0.288994 0.823852 0.528828 0.582535 0.353499 0.622277 0.336082 0.310014 0.378154 0.421032 0.998351
0.131410 0.157114 0.203760 0.154036 0.677546 0.473824 0.153150 0.133158 0.357509 0.236739 0.155897 0.147154 0.161111 0.240603 0.242798 0.259693 0.117261 0.118154 0.126380 0.127873 0.369111 0.732367 0.249303 0.358463 0.583677 0.415799 0.852466 0.959183 0.155382 0.114856 0.199158 0.212438 0.132722 0.000000 0.386869 0.595897 0.319172 0.469482 0.572693 0.625353 0.745927 0.486143 0.215045 0.153604 0.218175 0.195063 0.206235 0.213124 0.628019 0.321376 0.397188 0.326029 0.445519 0.419097 0.424452 0.475290 0.139667 0.149416 0.172776 0.237536 0.124579 0.209062 0.152469 0.148521 0.298222 0.176819 0.149250 0.150278 0.298901 0.195627 0.270735 0.256700 0.304289 0.352536 0.578251 0.542589 0.283250 0.207543 0.192369 0.205070 0.128396 0.124357 0.367663 0.214506 0.255607 0.323015 0.862444 0.966862 0.434261 0.467662 0.474440 0.563218 0.449262 0.636701 0.322874 0.466111 0.336797 0.401824 0.259353 0.216131 0.512106 0.517832 0.262997 0.218419 0.318489 0.305618 0.807196 0.534078 0.620546 0.416318 0.636018 0.308767 0.317920 0.401114 0.446206 0.922592
0.361483 0.410071 0.413691 0.340502 0.768066 0.506853 0.448549 0.382883 0.521213 0.427559 0.513573 0.370918 0.369601 0.401333 0.342951 0.388071 0.443278 0.446574 0.425051 0.438707 0.476455 0.902344 0.353563 0.430678 0.506259 0.418625 0.992434 0.973142 0.416907 0.405476 0.376710 0.507033 0.367721 0.386869 0.000000 0.644468 0.407832 0.561863 0.695682 0.870318 0.672075 0.560413 0.410014 0.447631 0.417239 0.359886 0.422767 0.418948 0.545355 0.340194 0.440412 0.346286 0.442163 0.502048 0.415060 0.439954 0.522876 0.429673 0.375805 0.328680 0.347961 0.337096 0.413442 0.391334 0.348853 0.343750 0.403156 0.383428 0.490748 0.342534 0.470209 0.448675 0.392755 0.498259 0.593218 0.685772 0.420023 0.443329 0.390038 0.474623 0.361892 0.350453 0.585325 0.425413 0.310937 0.393564 0.962126 0.952729 0.544512 0.456577 0.596464 0.658022 0.540731 0.746892 0.542096 0.644094 0.474509 0.609720 0.426009 0.404333 0.654277 0.737281 0.469396 0.511134 0.403699 0.461573 0.784367 0.584274 0.624198 0.642637 0.661918 0.434420 0.531554 0.673936 0.553975 0.915153
0.535711 0.525824 0.647095 0.596868 0.805383 0.774477 0.630707 0.575007 0.697508 0.673066 0.595463 0.533938 0.538600 0.577393 0.594995 0.584922 0.538030 0.580437 0.561937 0.604035 0.729159 0.864656 0.583299 0.669536 0.785166 0.768733 0.917565 0.993060 0.586059 0.577755 0.618596 0.699576 0.556276 0.595897 0.644468 0.000000 0.627956 0.529309 0.873564 0.790934 0.754555 0.598066 0.586343 0.619395 0.627989 0.610251 0.649439 0.552965 0.743101 0.624100 0.654169 0.574406 0.696295 0.640498 0.791118 0.687061 0.555605 0.534882 0.547712 0.566114 0.583167 0.608550 0.525677 0.544520 0.691642 0.665706 0.586267 0.578935 0.714726 0.540857 0.619952 0.633247 0.725142 0.762489 0.911690 0.715377 0.649097 0.641667 0.556834 0.659337 0.522285 0.570941 0.620944 0.586366 0.582644 0.623860 0.954896 0.990584 0.695463 0.676623 0.772610 0.733227 0.756901 0.788766 0.556412 0.685288 0.634237 0.549226 0.650058 0.653907 0.800276 0.721930 0.544468 0.577896 0.697291 0.654640 0.852618 0.705046 0.718970 0.657721 0.712571 0.657153 0.644889 0.746141 0.670563 0.965152
0.337750 0.325810 0.323709 0.287054 0.871430 0.609912 0.405228 0.345980 0.476544 0.474964 0.458861 0.350365 0.310397 0.352482 0.312118 0.363337 0.397425 0.377952 0.373253 0.382945 0.470102 0.817721 0.297951 0.409609 0.472273 0.387596 0.971822 0.896885 0.360235 0.359506 0.295367 0.379891 0.352086 0.319172 0.407832 0.627956 0.000000 0.419357 0.456679 0.673340 0.833436 0.482332 0.359521 0.344062 0.351719 0.351792 0.350896 0.284281 0.484032 0.348593 0.410600 0.335728 0.440993 0.545934 0.517347 0.462885 0.379251 0.338639 0.313921 0.323659 0.297409 0.298820 0.383249 0.337630 0.277634 0.309976 0.350343 0.311361 0.533878 0.384116 0.474052 0.453903 0.548642 0.542296 0.614217 0.681750 0.432582 0.409210 0.370206 0.444515 0.365643 0.360655 0.517791 0.366946 0.266604 0.294636 0.907290 0.867685 0.426552 0.321270 0.625989 0.711165 0.547102 0.780600 0.400531 0.523059 0.442280 0.488075 0.383615 0.403102 0.547072 0.702554 0.322120 0.414643 0.375716 0.364567 0.777450 0.570628 0.704541 0.546682 0.790773 0.492532 0.539230 0.638385 0.510615 0.885533
0.443915 0.482039 0.525235 0.477090 0.850906 0.840377 0.556735 0.460944 0.535441 0.522711 0.582161 0.429291 0.396665 0.399539 0.408115 0.421779 0.501619 0.514942 0.518003 0.528521 0.496455 0.911175 0.412049 0.530260 0.684949 0.679902 0.874044 0.934309 0.528589 0.502967 0.506148 0.623868 0.482650 0.469482 0.561863 0.529309 0.419357 0.000000 0.642369 0.771291 0.790664 0.641481 0.493707 0.528677 0.528212 0.503648 0.546156 0.467970 0.605722 0.464106 0.483374 0.460121 0.659332 0.601304 0.659276 0.621891 0.493331 0.485458 0.469642 0.472835 0.422181 0.404361 0.444459 0.404525 0.422099 0.491730 0.517471 0.502567 0.724343 0.559297 0.607079 0.647252 0.635304 0.696371 0.804476 0.724630 0.535078 0.535977 0.532519 0.623248 0.524069 0.558805 0.538283 0.570386 0.423679 0.497780 0.885207 0.968265 0.608689 0.556906 0.631147 0.651102 0.604773 0.801771 0.482647 0.476737 0.596476 0.553882 0.468623 0.524956 0.649065 0.702563 0.392497 0.487910 0.463303 0.465049 0.742177 0.593284 0.640791 0.486495 0.799683 0.664588 0.622448 0.692723 0.426951 0.978845
