0.000000 0.337732 0.946004 0.823481 0.862348 0.891122 0.987792 0.968789 0.881677 0.820185 0.403667 0.407551 0.686850 0.795977 0.964642 0.850918 0.371166 0.350187 0.611950 0.449150 0.878360 0.970953 0.915080 0.798417 0.798762 0.768589 0.863894 0.939082 0.568686 0.435835 0.778049 0.985728 0.613898 0.602316 0.995421 0.847862 0.969108 0.973119 0.926444 0.951248 0.850526 0.868817 0.752756 0.841449 0.953661 0.993667 0.867982 0.896255 0.755621 0.786537 0.857168 0.824699 0.909353 0.644933 0.672292 0.631631 0.336321 0.341140 0.530425 0.539014 0.475838 0.475890 0.374739 0.344364 0.926830 0.945625 0.944862 0.973120 0.494071 0.530086 0.893216 0.736079 0.891825 0.892862 0.965961 0.903203 0.832492 0.889521 0.654211 0.667952 0.290044 0.324295 0.579384 0.413934 0.602420 0.827997 0.760912 0.687320 0.601019 0.695540 0.688253 0.581488 0.659851 0.580690 0.817583 0.905240 0.661813 0.917777 0.991126 0.835413 0.910380 0.943142 0.814819 0.892815 0.945211 0.886194 0.838770 0.772518 0.916103 0.837800 0.903049 0.999451 0.781397 0.997253 0.982153 0.766708
0.337732 0.000000 0.961313 0.907847 0.943605 0.951146 0.910680 0.966605 0.757233 0.675835 0.519576 0.392256 0.783392 0.864907 0.960053 0.847363 0.382420 0.363958 0.758039 0.487869 0.881149 0.970326 0.840845 0.812885 0.915229 0.886116 0.905093 0.997108 0.686372 0.563616 0.717939 0.870425 0.680684 0.709294 0.929289 0.840550 0.880762 0.953655 0.925153 0.848069 0.782503 0.870106 0.778018 0.851620 0.794663 0.891140 0.801136 0.968237 0.945563 0.928032 0.927967 0.906446 0.767002 0.530483 0.634066 0.656583 0.352347 0.322233 0.618566 0.603673 0.607593 0.549702 0.463075 0.427477 0.992158 0.841671 0.955441 0.921224 0.449206 0.518014 0.880558 0.697250 0.908561 0.910389 0.982170 0.890514 0.864426 0.948463 0.706290 0.600457 0.353657 0.328562 0.624841 0.380848 0.624318 0.753348 0.745234 0.740131 0.616959 0.686139 0.607113 0.558055 0.689519 0.590865 0.887277 0.867354 0.717097 0.966574 0.830714 0.718704 0.853389 0.818985 0.973045 0.980748 0.965612 0.880250 0.802971 0.733230 0.895383 0.842779 0.837681 0.905354 0.753066 0.981251 0.936058 0.871153
0.946004 0.961313 0.000000 0.403581 0.958004 0.632440 0.468090 0.433427 0.763687 0.990750 0.958409 0.914815 0.740936 0.655870 0.811048 0.612026 0.841126 0.833875 0.797723 0.959380 0.913707 0.953516 0.758812 0.508739 0.553311 0.621841 0.848698 0.907107 0.951140 0.903987 0.762189 0.853309 0.853640 0.762531 0.883997 0.974947 0.756083 0.830450 0.680393 0.844527 0.922650 0.921595 0.515083 0.745180 0.976110 0.906757 0.682759 0.685471 0.825194 0.891851 0.970749 0.851644 0.911511 0.878533 0.859766 0.905003 0.830866 0.851967 0.991860 0.934254 0.815098 0.762993 0.789157 0.740386 0.437415 0.471531 0.579733 0.688012 0.897142 0.934141 0.811351 0.869761 0.831904 0.813986 0.791814 0.827033 0.717118 0.813141 0.976574 0.932056 0.836480 0.942720 0.823918 0.962335 0.744545 0.426616 0.849127 0.808065 0.777882 0.914386 0.507762 0.530577 0.515423 0.506436 0.968356 0.642008 0.855562 0.966016 0.831194 0.677032 0.656462 0.738960 0.867057 0.927464 0.674570 0.735480 0.835929 0.775100 0.941688 0.838029 0.807922 0.810653 0.731628 0.861180 0.764858 0.987121
0.823481 0.907847 0.403581 0.000000 0.852276 0.672885 0.609899 0.345525 0.876173 0.950555 0.886060 0.945039 0.960709 0.855360 0.918019 0.760153 0.730658 0.734032 0.987851 0.936061 0.811280 0.998514 0.950241 0.621359 0.515321 0.462658 0.885608 0.846976 0.694379 0.725152 0.811230 0.860957 0.921967 0.870671 0.999856 0.926246 0.746323 0.768720 0.585679 0.684033 0.902991 0.977532 0.418216 0.626063 0.897804 0.887661 0.634984 0.630477 0.736252 0.861029 0.906273 0.848684 0.860774 0.878222 0.909639 0.845168 0.743767 0.763290 0.977338 0.988697 0.940852 0.972636 0.653510 0.596534 0.598226 0.456063 0.542074 0.578560 0.897999 0.924168 0.734805 0.816956 0.908016 0.842053 0.894571 0.904492 0.636909 0.713080 0.995923 0.952237 0.702739 0.812112 0.923337 0.820508 0.966024 0.520664 0.993812 0.616802 0.902574 0.984981 0.511660 0.527617 0.438563 0.484167 0.923232 0.700425 0.895606 0.817891 0.932747 0.787228 0.656943 0.781519 0.922286 0.872315 0.672048 0.666956 0.782738 0.692872 0.892777 0.916845 0.846192 0.934990 0.638751 0.796624 0.780118 0.865278
0.862348 0.943605 0.958004 0.852276 0.000000 0.920726 0.808639 0.925111 0.699284 0.861614 0.813795 0.801093 0.588354 0.685355 0.640704 0.664177 0.847792 0.883229 0.712583 0.855927 0.820178 0.976514 0.564076 0.779871 0.887673 0.782100 0.899670 0.886458 0.754494 0.805569 0.912379 0.954455 0.823156 0.952126 0.923285 0.894871 0.754180 0.941446 0.843330 0.807647 0.965781 0.834615 0.890595 0.763502 0.867680 0.934995 0.939536 0.959314 0.991535 0.999564 0.879041 0.981520 0.947130 0.907036 0.879224 0.985898 0.959962 0.986896 0.944280 0.830568 0.714745 0.734482 0.897678 0.862055 0.702494 0.965781 0.890239 0.782778 0.934840 0.878053 0.934767 0.810638 0.988682 0.950738 0.912143 0.967418 0.853252 0.995576 0.950917 0.974443 0.915084 0.866782 0.717820 0.950526 0.529189 0.910147 0.757993 0.687669 0.862082 0.794585 0.965018 0.857416 0.881816 0.903952 0.923728 0.990782 0.931234 0.618512 0.921280 0.830050 0.902924 0.875042 0.902295 0.952869 0.973708 0.911977 0.881938 0.808303 0.944808 0.852946 0.805076 0.817977 0.953788 0.946108 0.963508 0.924348
0.891122 0.951146 0.632440 0.672885 0.920726 0.000000 0.811313 0.767023 0.943337 0.874666 0.998422 0.943444 0.898547 0.776582 0.901212 0.732707 0.793764 0.851244 0.972109 0.927937 0.749946 0.975301 0.914982 0.697570 0.508383 0.493902 0.878787 0.644235 0.846649 0.770712 0.871100 0.924351 0.888436 0.842028 0.638114 0.807639 0.856805 0.905851 0.732009 0.652356 0.787960 0.981908 0.675805 0.850949 0.982729 0.999207 0.779877 0.853226 0.741698 0.729618 0.970523 0.880302 0.918058 0.882980 0.910865 0.796008 0.840538 0.881014 0.923744 0.934485 0.896692 0.841470 0.788360 0.795246 0.544774 0.534398 0.559733 0.593960 0.847488 0.906710 0.870179 0.853357 0.984029 0.938779 0.756114 0.982780 0.897883 0.731936 0.848863 0.951353 0.802227 0.959432 0.944353 0.959975 0.815956 0.559658 0.817589 0.847975 0.947340 0.828322 0.630691 0.731274 0.591162 0.686740 0.868691 0.656960 0.912936 0.969545 0.877674 0.758813 0.701917 0.895371 0.917637 0.974164 0.745447 0.736979 0.899989 0.938481 0.927736 0.930249 0.943150 0.833266 0.803630 0.916756 0.828773 0.797061
0.987792 0.910680 0.468090 0.609899 0.808639 0.811313 0.000000 0.458680 0.559586 0.644964 0.849563 0.924848 0.472529 0.497174 0.554561 0.518878 0.984537 0.978874 0.479311 0.789344 0.984691 0.922110 0.549795 0.615514 0.884798 0.965746 0.988070 0.959424 0.773718 0.805319 0.658947 0.578119 0.670751 0.642585 0.981014 0.952203 0.957819 0.979844 0.993760 0.924753 0.983273 0.977344 0.603971 0.687996 0.677750 0.682951 0.792428 0.615734 0.883294 0.821473 0.909625 0.824128 0.871642 0.871430 0.957567 0.893691 0.871716 0.796652 0.957901 0.886466 0.637460 0.745763 0.991319 0.893817 0.610879 0.783275 0.726481 0.894016 0.773277 0.861055 0.673514 0.719379 0.663165 0.685298 0.950464 0.805785 0.619930 0.758733 0.937084 0.988226 0.914420 0.928557 0.838671 0.920749 0.697165 0.679458 0.922113 0.955247 0.782930 0.891778 0.455017 0.482188 0.587135 0.576068 0.948555 0.874616 0.874116 0.944108 0.562505 0.464362 0.726908 0.501695 0.966892 0.786528 0.828963 0.927747 0.885933 0.708126 0.925930 0.967875 0.807806 0.701452 0.671333 0.836617 0.884985 0.791985
0.968789 0.966605 0.433427 0.345525 0.925111 0.767023 0.458680 0.000000 0.793748 0.903444 0.846565 0.856074 0.767983 0.702893 0.949617 0.736087 0.953881 0.940499 0.722801 0.840445 0.856722 0.948041 0.981370 0.697098 0.695777 0.636026 0.986097 0.950299 0.962991 0.976459 0.812121 0.740309 0.865480 0.652737 0.938073 0.966921 0.795630 0.840079 0.699839 0.805069 0.903895 0.953706 0.491332 0.604512 0.990056 0.770679 0.621679 0.550133 0.967642 0.919239 0.793175 0.748262 0.919906 0.876906 0.768418 0.710571 0.908982 0.914702 0.775523 0.841921 0.809180 0.755852 0.911221 0.832478 0.664261 0.516869 0.534061 0.632786 0.977650 0.938434 0.783638 0.764260 0.756520 0.779278 0.934904 0.963044 0.591107 0.711763 0.918466 0.951413 0.917500 0.987735 0.956539 0.932771 0.926620 0.525762 0.970066 0.729732 0.842408 0.873193 0.501784 0.592080 0.490688 0.609615 0.964243 0.787297 0.770340 0.837016 0.773024 0.727461 0.609449 0.668223 0.921796 0.789660 0.742012 0.682679 0.859681 0.685589 0.906908 0.942417 0.835002 0.804014 0.681195 0.747356 0.829697 0.904763
0.881677 0.757233 0.763687 0.876173 0.699284 0.943337 0.559586 0.793748 0.000000 0.456716 0.946703 0.919521 0.659652 0.686015 0.574352 0.533146 0.933223 0.876172 0.619721 0.979180 0.927858 0.964732 0.481166 0.620570 0.930446 0.846732 0.864987 0.831674 0.852410 0.868866 0.697236 0.745721 0.913977 0.907033 0.983955 0.887159 0.805827 0.833956 0.793373 0.737601 0.913410 0.948655 0.942564 0.976206 0.797734 0.889349 0.869198 0.993629 0.882037 0.829231 0.865056 0.963077 0.731687 0.672747 0.772517 0.845507 0.756109 0.732154 0.801897 0.730033 0.890180 0.889827 0.928331 0.894587 0.751976 0.924179 0.927464 0.783625 0.626318 0.731627 0.781386 0.849867 0.853117 0.942607 0.814489 0.965717 0.887724 0.871697 0.969759 0.843205 0.862239 0.838320 0.955905 0.783157 0.811734 0.990381 0.939388 0.816951 0.987059 0.971107 0.680127 0.558598 0.907073 0.682492 0.927387 0.940510 0.902827 0.782369 0.779366 0.650284 0.969644 0.653588 0.960466 0.983034 0.915971 0.965329 0.941287 0.838192 0.966096 0.872954 0.921657 0.851815 0.718541 0.848889 0.975287 0.969243
0.820185 0.675835 0.990750 0.950555 0.861614 0.874666 0.644964 0.903444 0.456716 0.000000 0.999339 0.774949 0.798454 0.862008 0.644628 0.715141 0.908117 0.840347 0.694260 0.952011 0.889131 0.965621 0.560798 0.872044 0.753245 0.728838 0.980528 0.726903 0.801699 0.815678 0.607577 0.599993 0.994194 0.947523 0.782354 0.961977 0.837230 0.811226 0.720416 0.538686 0.875836 0.903130 0.985886 0.917160 0.679549 0.775231 0.727645 0.992958 0.652187 0.643364 0.950027 0.957630 0.587738 0.500665 0.818322 0.764620 0.757554 0.714593 0.798586 0.831395 0.982245 0.922855 0.936483 0.942811 0.957968 0.638017 0.777629 0.637765 0.657032 0.780102 0.844282 0.687615 0.730610 0.812963 0.984191 0.955699 0.789863 0.946055 0.971204 0.871091 0.872222 0.755898 0.957561 0.670196 0.981079 0.694977 0.907053 0.830216 0.928576 0.995878 0.752921 0.632947 0.968201 0.733059 0.969302 0.990765 0.826051 0.899544 0.741122 0.619605 0.979153 0.646157 0.939889 0.985412 0.847298 0.804998 0.989474 0.766003 0.873698 0.843428 0.896993 0.857077 0.744169 0.888976 0.840939 0.935440
0.403667 0.519576 0.958409 0.886060 0.813795 0.998422 0.849563 0.846565 0.946703 0.999339 0.000000 0.442455 0.588742 0.688196 0.846739 0.970340 0.455572 0.423546 0.544072 0.438033 0.985131 0.979110 0.999893 0.889482 0.806346 0.829135 0.839822 0.979484 0.503553 0.420316 0.916754 0.907526 0.565981 0.543269 0.946716 0.886877 0.932298 0.991058 0.862862 0.945927 0.853131 0.819816 0.841166 0.959409 0.947528 0.894720 0.944391 0.844215 0.694077 0.731947 0.807902 0.781704 0.979082 0.774265 0.799250 0.573990 0.495710 0.492205 0.495524 0.608644 0.477859 0.503821 0.428178 0.417858 0.966635 0.969671 0.850857 0.943716 0.707639 0.634175 0.994218 0.813820 0.879130 0.921090 0.922815 0.852486 0.961869 0.946735 0.673190 0.669639 0.433284 0.446452 0.658520 0.529313 0.689526 0.834205 0.919235 0.755257 0.754379 0.697981 0.881895 0.733726 0.820398 0.688592 0.814993 0.878285 0.706043 0.999380 0.922835 0.957036 0.966861 0.961814 0.774638 0.859158 0.898188 0.904522 0.801064 0.765151 0.995678 0.883694 0.944431 0.967400 0.887513 0.902050 0.908050 0.798157
0.407551 0.392256 0.914815 0.945039 0.801093 0.943444 0.924848 0.856074 0.919521 0.774949 0.442455 0.000000 0.643864 0.671458 0.928815 0.992050 0.457031 0.452544 0.654079 0.481408 0.854853 0.957946 0.981796 0.967382 0.954687 0.910461 0.861099 0.938234 0.599148 0.541695 0.816885 0.871754 0.589635 0.611863 0.864073 0.898210 0.869558 0.935809 0.998617 0.911452 0.862213 0.892373 0.822909 0.839794 0.899102 0.909190 0.844652 0.939586 0.951830 0.890656 0.874191 0.839311 0.799403 0.616269 0.713731 0.606983 0.445245 0.449118 0.575623 0.647859 0.486897 0.396292 0.470086 0.461883 0.923905 0.764501 0.800179 0.868366 0.611255 0.637123 0.924234 0.720230 0.850264 0.928939 0.931493 0.916700 0.891924 0.952387 0.735501 0.650963 0.441905 0.377328 0.561558 0.484799 0.567495 0.676863 0.791992 0.716619 0.679021 0.651275 0.809816 0.684011 0.842894 0.731520 0.844044 0.913544 0.650311 0.967863 0.933301 0.864671 0.978538 0.997549 0.906865 0.961885 0.971726 0.875361 0.758683 0.827394 0.943823 0.930430 0.866869 0.969272 0.797675 0.997430 0.905963 0.851604
0.686850 0.783392 0.740936 0.960709 0.588354 0.898547 0.472529 0.767983 0.659652 0.798454 0.588742 0.643864 0.000000 0.391247 0.419671 0.489512 0.687922 0.654497 0.410771 0.536599 0.880952 0.897523 0.496322 0.676237 0.968960 0.805340 0.997411 0.930783 0.526689 0.585876 0.851052 0.720855 0.509276 0.577634 0.907916 0.955937 0.858177 0.970833 0.924714 0.893857 0.896964 0.979574 0.911128 0.921597 0.679466 0.790563 0.860209 0.801018 0.814310 0.834292 0.924048 0.825651 0.873281 0.977334 0.980813 0.819808 0.806293 0.874248 0.862600 0.910835 0.413889 0.545149 0.678488 0.714598 0.617542 0.877017 0.889026 0.999577 0.974038 0.974006 0.830208 0.987982 0.798727 0.819896 0.975299 0.927258 0.788816 0.874809 0.790297 0.841282 0.773115 0.766074 0.612352 0.733475 0.437132 0.694407 0.747477 0.659752 0.683210 0.759457 0.838663 0.854041 0.945539 0.942783 0.948291 0.927706 0.901501 0.807056 0.686170 0.644678 0.920009 0.659833 0.972367 0.888235 0.848863 0.953703 0.887259 0.961043 0.942512 0.909470 0.943086 0.781442 0.824383 0.878158 0.856733 0.772792
0.795977 0.864907 0.655870 0.855360 0.685355 0.776582 0.497174 0.702893 0.686015 0.862008 0.688196 0.671458 0.391247 0.000000 0.533831 0.511063 0.831805 0.809234 0.527459 0.655792 0.973508 0.858908 0.594323 0.618950 0.945015 0.990628 0.975284 0.998356 0.621763 0.800661 0.830064 0.743643 0.535544 0.553354 0.727310 0.953431 0.939009 0.969974 0.937458 0.999852 0.947530 0.951513 0.790730 0.815746 0.671535 0.711920 0.705535 0.700132 0.861313 0.810672 0.802027 0.681803 0.846404 0.910241 0.901249 0.779816 0.889684 0.969653 0.787983 0.956032 0.465960 0.544189 0.741344 0.813190 0.602758 0.749866 0.710853 0.809159 0.876507 0.929864 0.825126 0.957247 0.916189 0.807385 0.962917 0.845179 0.762087 0.846548 0.839876 0.865295 0.886902 0.846690 0.600767 0.810418 0.488242 0.580290 0.866091 0.715803 0.662838 0.661391 0.723255 0.799807 0.799216 0.854451 0.976524 0.989856 0.848142 0.855496 0.667022 0.640175 0.858240 0.746420 0.976492 0.964324 0.887666 0.920340 0.957544 0.980192 0.983162 0.948094 0.997860 0.796018 0.829258 0.834213 0.861170 0.887421
0.964642 0.960053 0.811048 0.918019 0.640704 0.901212 0.554561 0.949617 0.574352 0.644628 0.846739 0.928815 0.419671 0.533831 0.000000 0.418721 0.885034 0.855713 0.622860 0.824637 0.887262 0.904245 0.374857 0.679042 0.981484 0.801720 0.879854 0.949095 0.594645 0.735080 0.692465 0.694144 0.610033 0.804375 0.867415 0.953625 0.858125 0.834184 0.788888 0.743519 0.975903 0.935242 0.940919 0.938450 0.649470 0.834665 0.961196 0.958628 0.846285 0.933699 0.897640 0.996123 0.788817 0.803306 0.909238 0.912919 0.933063 0.907497 0.858844 0.637926 0.652874 0.791568 0.892826 0.895344 0.618281 0.928498 0.941805 0.820710 0.682370 0.754494 0.857306 0.936285 0.838618 0.864832 0.995255 0.837950 0.819892 0.849759 0.945856 0.963453 0.997573 0.951170 0.694562 0.923184 0.599743 0.881612 0.768777 0.753195 0.863378 0.941041 0.824787 0.759722 0.977169 0.866064 0.951033 0.922446 0.891560 0.731209 0.692348 0.611767 0.930509 0.751095 0.909770 0.999517 0.937425 0.895111 0.937928 0.967227 0.955017 0.892596 0.966026 0.729149 0.835744 0.891508 0.980665 0.822905
0.850918 0.847363 0.612026 0.760153 0.664177 0.732707 0.518878 0.736087 0.533146 0.715141 0.970340 0.992050 0.489512 0.511063 0.418721 0.000000 0.903846 0.937929 0.716480 0.921674 0.941705 0.944203 0.432130 0.442285 0.750877 0.900551 0.788951 0.931924 0.824095 0.995390 0.653848 0.747005 0.769009 0.879103 0.858965 0.958509 0.978408 0.962453 0.947602 0.942022 0.941772 0.975255 0.690804 0.805396 0.786767 0.855776 0.907664 0.893627 0.956287 0.915305 0.901859 0.953412 0.848145 0.824319 0.864191 0.962517 0.764779 0.748463 0.782427 0.610910 0.826142 0.848890 0.864097 0.836201 0.438298 0.819307 0.906344 0.977406 0.622479 0.688805 0.742913 0.893112 0.903886 0.784734 0.941710 0.799399 0.733960 0.793313 0.985087 0.954204 0.768496 0.826057 0.784406 0.936588 0.664709 0.697470 0.854144 0.934181 0.919218 0.867470 0.617449 0.536150 0.712171 0.575523 0.997860 0.910898 0.877448 0.702233 0.738119 0.572724 0.888455 0.703097 0.807177 0.978827 0.803434 0.963844 0.924518 0.897531 0.956804 0.819021 0.932504 0.776067 0.670501 0.788057 0.802230 0.958140
0.371166 0.382420 0.841126 0.730658 0.847792 0.793764 0.984537 0.953881 0.933223 0.908117 0.455572 0.457031 0.687922 0.831805 0.885034 0.903846 0.000000 0.310908 0.630551 0.489381 0.809552 0.994399 0.955697 0.737660 0.679770 0.657815 0.886127 0.892610 0.513217 0.388411 0.856731 0.994114 0.597850 0.635330 0.989098 0.823373 0.995183 0.973413 0.841878 0.974456 0.895437 0.869201 0.698107 0.871822 0.991632 0.958127 0.905920 0.997938 0.750767 0.740334 0.860231 0.878035 0.990269 0.772626 0.742972 0.716610 0.368814 0.382061 0.608933 0.698588 0.545915 0.581845 0.346156 0.337082 0.861503 0.920898 0.918651 0.943732 0.606238 0.631051 0.881029 0.773725 0.914255 0.925553 0.980559 0.947572 0.881949 0.938363 0.602989 0.588894 0.338192 0.406157 0.626135 0.470231 0.661196 0.934526 0.809103 0.655832 0.670053 0.743585 0.642818 0.590624 0.589446 0.525245 0.925018 0.787618 0.753005 0.986167 0.964641 0.809236 0.785059 0.956286 0.808873 0.900521 0.924517 0.980027 0.768642 0.739254 0.940058 0.945786 0.895828 0.931320 0.822595 0.900509 0.946932 0.724465
0.350187 0.363958 0.833875 0.734032 0.883229 0.851244 0.978874 0.940499 0.876172 0.840347 0.423546 0.452544 0.654497 0.809234 0.855713 0.937929 0.310908 0.000000 0.642378 0.431756 0.822753 0.913682 0.993951 0.776348 0.761431 0.681589 0.911494 0.968448 0.480151 0.419368 0.825086 0.962620 0.562675 0.685807 0.970381 0.867785 0.980347 0.963545 0.881170 0.989942 0.820683 0.853119 0.682774 0.848834 0.952393 0.976429 0.916386 0.991015 0.792649 0.817178 0.939271 0.941747 0.904707 0.697725 0.767475 0.680699 0.365992 0.364079 0.613022 0.683862 0.555193 0.585366 0.347169 0.335448 0.921609 0.933556 0.944300 0.962353 0.558927 0.629551 0.898511 0.746104 0.902828 0.945450 0.938212 0.887383 0.905953 0.912934 0.630771 0.616918 0.344746 0.376773 0.588981 0.390877 0.624440 0.891987 0.764717 0.637731 0.654741 0.730287 0.615377 0.585043 0.600190 0.531101 0.889528 0.745561 0.726286 0.982190 0.957080 0.789731 0.782746 0.915542 0.897354 0.929536 0.959264 0.988339 0.756663 0.717226 0.959418 0.945826 0.848477 0.978475 0.758839 0.950519 0.964519 0.768013
0.611950 0.758039 0.797723 0.987851 0.712583 0.972109 0.479311 0.722801 0.619721 0.694260 0.544072 0.654079 0.410771 0.527459 0.622860 0.716480 0.630551 0.642378 0.000000 0.513058 0.820701 0.895792 0.608725 0.832042 0.772966 0.687159 0.971459 0.812243 0.528947 0.467221 0.867944 0.754906 0.608330 0.562362 0.882197 0.873155 0.807905 0.886503 0.783148 0.824878 0.955251 0.999984 0.970406 0.972002 0.786460 0.835096 0.986523 0.776387 0.703580 0.647597 0.947762 0.826925 0.893942 0.996533 0.922807 0.821542 0.728403 0.804790 0.776083 0.882250 0.453025 0.529372 0.621437 0.672725 0.847994 0.988205 0.949652 0.884476 0.877435 0.924244 0.821793 0.999852 0.690261 0.849723 0.917114 0.989825 0.857121 0.993913 0.791455 0.836818 0.662389 0.664382 0.680426 0.803637 0.538628 0.843690 0.903812 0.656275 0.673391 0.780307 0.830257 0.869932 0.989376 0.981683 0.973033 0.868537 0.810044 0.891586 0.754473 0.712303 0.947102 0.647914 0.928881 0.863987 0.990784 0.996809 0.914847 0.956732 0.924084 0.978133 0.971122 0.761071 0.920288 0.892896 0.955274 0.731591
0.449150 0.487869 0.959380 0.936061 0.855927 0.927937 0.789344 0.840445 0.979180 0.952011 0.438033 0.481408 0.536599 0.655792 0.824637 0.921674 0.489381 0.431756 0.513058 0.000000 0.776588 0.838386 0.890191 0.990656 0.840699 0.764463 0.943371 0.875541 0.579925 0.451544 0.835393 0.998922 0.681152 0.633878 0.879466 0.861557 0.944958 0.933805 0.956095 0.969772 0.872475 0.920752 0.840287 0.913282 0.928766 0.977515 0.895728 0.890810 0.870507 0.877127 0.965299 0.959588 0.788326 0.701369 0.795222 0.635795 0.495789 0.517987 0.660220 0.716080 0.520498 0.530126 0.511210 0.535000 0.905388 0.887564 0.971875 0.955636 0.666416 0.698285 0.906567 0.868503 0.822541 0.938957 0.894558 0.844241 0.920734 0.918430 0.690787 0.676886 0.479726 0.443634 0.575644 0.500058 0.549649 0.761559 0.728999 0.647278 0.564264 0.688997 0.817569 0.805082 0.828586 0.777614 0.865493 0.832976 0.755629 0.948599 0.964288 0.941169 0.942587 0.921124 0.994558 0.948878 0.988783 0.929174 0.856569 0.864028 0.940328 0.888948 0.911408 0.948761 0.933352 0.978569 0.940561 0.792810
0.878360 0.881149 0.913707 0.811280 0.820178 0.749946 0.984691 0.856722 0.927858 0.889131 0.985131 0.854853 0.880952 0.973508 0.887262 0.941705 0.809552 0.822753 0.820701 0.776588 0.000000 0.874270 0.761030 0.933131 0.719265 0.668913 0.929945 0.765794 0.850193 0.779654 0.848680 0.928646 0.967295 0.957898 0.982811 0.893951 0.914921 0.830769 0.805338 0.613990 0.933031 0.875274 0.701164 0.701422 0.882580 0.766745 0.798653 0.825405 0.978934 0.913353 0.836522 0.912932 0.995468 0.966735 0.905349 0.958455 0.924182 0.947316 0.920078 0.983274 0.915451 0.877257 0.897237 0.854406 0.961676 0.866758 0.783403 0.711495 0.921864 0.883520 0.904083 0.972227 0.756187 0.915760 0.995112 0.903039 0.928691 0.898644 0.977463 0.930343 0.865954 0.853567 0.835272 0.990745 0.797086 0.845203 0.909517 0.715283 0.928803 0.927270 0.801325 0.962892 0.774222 0.925200 0.871132 0.802938 0.943351 0.957447 0.908462 0.904464 0.737800 0.901935 0.972103 0.867023 0.888816 0.850097 0.969454 0.952681 0.919405 0.957559 0.939153 0.995496 0.862285 0.846087 0.840013 0.914394
0.970953 0.970326 0.953516 0.998514 0.976514 0.975301 0.922110 0.948041 0.964732 0.965621 0.979110 0.957946 0.897523 0.858908 0.904245 0.944203 0.994399 0.913682 0.895792 0.838386 0.874270 0.000000 0.948983 0.907763 0.955783 0.933212 0.940145 0.979597 0.896051 0.993372 0.996921 0.921960 0.874578 0.903219 0.963018 0.932182 0.981056 0.825734 0.989068 0.903350 0.912802 0.891355 0.943582 0.953832 0.937256 0.908426 0.942682 0.895835 0.957988 0.940169 0.949672 0.963434 0.910534 0.951060 0.963548 0.869216 0.974046 0.989057 0.981686 0.981508 0.992284 0.944692 0.954460 0.978438 0.943583 0.973576 0.970699 0.954715 0.950582 0.943828 0.765857 0.987135 0.971824 0.957567 0.993299 0.866651 0.908534 0.977848 0.949809 0.915757 0.986816 0.983042 0.895378 0.976162 0.843646 0.985522 0.889025 0.795419 0.769127 0.825224 0.996100 0.956922 0.987829 0.913817 0.766277 0.844442 0.949597 0.992132 0.964736 0.893651 0.925738 0.884073 0.976763 0.999551 0.901736 0.953681 0.911476 0.948953 0.992793 0.945975 0.995768 0.903134 0.908055 0.946527 0.997435 0.926616
0.915080 0.840845 0.758812 0.950241 0.564076 0.914982 0.549795 0.981370 0.481166 0.560798 0.999893 0.981796 0.496322 0.594323 0.374857 0.432130 0.955697 0.993951 0.608725 0.890191 0.761030 0.948983 0.000000 0.573723 0.991769 0.760694 0.818062 0.908844 0.720754 0.841911 0.719846 0.762773 0.752694 0.964121 0.913870 0.957707 0.800205 0.865315 0.791619 0.630157 0.926103 0.859658 0.986981 0.940340 0.725395 0.962200 0.874270 0.955057 0.919306 0.946946 0.784866 0.992468 0.770783 0.706873 0.785728 0.805313 0.834035 0.791117 0.729949 0.631926 0.744769 0.834110 0.955233 0.970715 0.581989 0.927532 0.870923 0.708902 0.716736 0.680128 0.838352 0.891253 0.807490 0.817078 0.970447 0.873821 0.853616 0.916348 0.994979 0.903641 0.904487 0.898965 0.734831 0.946427 0.557247 0.922279 0.828604 0.664378 0.867742 0.903970 0.772610 0.610525 0.937179 0.703446 0.998612 0.995111 0.880624 0.700020 0.767321 0.590979 0.945487 0.676989 0.762847 0.903675 0.977617 0.861233 0.949848 0.955270 0.989498 0.883145 0.971282 0.803852 0.788675 0.981459 0.945704 0.970494
0.798417 0.812885 0.508739 0.621359 0.779871 0.697570 0.615514 0.697098 0.620570 0.872044 0.889482 0.967382 0.676237 0.618950 0.679042 0.442285 0.737660 0.776348 0.832042 0.990656 0.933131 0.907763 0.573723 0.000000 0.596854 0.767576 0.737336 0.929801 0.975837 0.832237 0.773795 0.878482 0.914732 0.916723 0.831711 0.928026 0.988434 0.795641 0.848813 0.988615 0.890499 0.920038 0.673620 0.901194 0.937721 0.988933 0.879586 0.904319 0.761147 0.799724 0.891210 0.928988 0.980844 0.919869 0.887359 0.988377 0.694600 0.717287 0.813841 0.717342 0.915869 0.855844 0.750416 0.708828 0.422391 0.634129 0.754533 0.875368 0.734061 0.710909 0.718444 0.925555 0.975544 0.945234 0.834416 0.832537 0.796786 0.740224 0.993277 0.771189 0.691221 0.799524 0.824562 0.874270 0.692366 0.592650 0.812907 0.987574 0.873335 0.940317 0.617355 0.574693 0.634529 0.517769 0.961038 0.763982 0.875928 0.887095 0.880210 0.663051 0.805234 0.756933 0.644744 0.983688 0.729729 0.793534 0.877784 0.852153 0.950510 0.963946 0.943495 0.872360 0.729177 0.926500 0.832653 0.841071
0.798762 0.915229 0.553311 0.515321 0.887673 0.508383 0.884798 0.695777 0.930446 0.753245 0.806346 0.954687 0.968960 0.945015 0.981484 0.750877 0.679770 0.761431 0.772966 0.840699 0.719265 0.955783 0.991769 0.596854 0.000000 0.427383 0.722310 0.725618 0.680091 0.625824 0.831785 0.870684 0.990494 0.991451 0.756188 0.790704 0.674695 0.666052 0.539278 0.635450 0.851131 0.922532 0.547797 0.788527 0.878976 0.969987 0.679773 0.871641 0.622047 0.599143 0.982133 0.894419 0.799668 0.820790 0.892350 0.862083 0.754681 0.823882 0.943797 0.902024 0.896850 0.969489 0.651289 0.652365 0.522214 0.461249 0.572977 0.561783 0.857396 0.911108 0.880475 0.975773 0.927521 0.985428 0.930631 0.915586 0.823957 0.691277 0.889921 0.857968 0.703532 0.829299 0.994116 0.964154 0.965177 0.508746 0.796648 0.646818 0.937177 0.975654 0.693505 0.735977 0.536610 0.616474 0.985176 0.635819 0.977007 0.865062 0.985884 0.822820 0.653324 0.966024 0.800245 0.990843 0.656129 0.653582 0.925501 0.865810 0.919490 0.896840 0.935230 0.985816 0.807918 0.883387 0.701627 0.719779
0.768589 0.886116 0.621841 0.462658 0.782100 0.493902 0.965746 0.636026 0.846732 0.728838 0.829135 0.910461 0.805340 0.990628 0.801720 0.900551 0.657815 0.681589 0.687159 0.764463 0.668913 0.933212 0.760694 0.767576 0.427383 0.000000 0.916446 0.598113 0.611296 0.533373 0.921350 0.981833 0.892335 0.946116 0.787899 0.807891 0.701350 0.792845 0.541759 0.550912 0.898821 0.965272 0.481350 0.663328 0.860785 0.958807 0.646618 0.803133 0.685117 0.703966 0.845979 0.807684 0.865752 0.868610 0.829452 0.806045 0.747597 0.829109 0.906270 0.962369 0.837722 0.949841 0.619189 0.630494 0.678988 0.461180 0.481171 0.466215 0.887576 0.902527 0.915550 0.965510 0.887211 0.901480 0.881341 0.944664 0.792552 0.700292 0.893343 0.925050 0.673230 0.799993 0.866343 0.872475 0.845505 0.574966 0.937765 0.520286 0.914292 0.926578 0.667623 0.760522 0.524501 0.649074 0.928327 0.675511 0.916580 0.778087 0.997867 0.945009 0.655767 0.946399 0.996955 0.996607 0.696903 0.644056 0.906957 0.865916 0.945753 0.924400 0.895960 0.991069 0.801777 0.864895 0.799872 0.715829
0.863894 0.905093 0.848698 0.885608 0.899670 0.878787 0.988070 0.986097 0.864987 0.980528 0.839822 0.861099 0.997411 0.975284 0.879854 0.788951 0.886127 0.911494 0.971459 0.943371 0.929945 0.940145 0.818062 0.737336 0.722310 0.916446 0.000000 0.941383 0.924482 0.848750 0.877385 0.859632 0.921694 0.904889 0.973019 0.825491 0.867523 0.821953 0.867629 0.965930 0.985883 0.878938 0.991654 0.850078 0.799162 0.781406 0.991833 0.907975 0.711301 0.700975 0.732580 0.831720 0.898518 0.941037 0.965332 0.849479 0.817042 0.876621 0.784427 0.805325 0.874597 0.956378 0.817535 0.809383 0.681372 0.837097 0.982105 0.939283 0.966214 0.838167 0.977491 0.985913 0.947793 0.835052 0.984935 0.920088 0.875258 0.946704 0.862553 0.918649 0.877106 0.912134 0.841419 0.880239 0.844417 0.827189 0.768340 0.955616 0.867445 0.967645 0.967227 0.820182 0.917145 0.829407 0.967564 0.914575 0.939705 0.946862 0.885564 0.927985 0.951247 0.928598 0.693764 0.798446 0.886310 0.866373 0.947899 0.993071 0.991836 0.990450 0.957551 0.922673 0.952672 0.879446 0.879799 0.771304
0.939082 0.997108 0.907107 0.846976 0.886458 0.644235 0.959424 0.950299 0.831674 0.726903 0.979484 0.938234 0.930783 0.998356 0.949095 0.931924 0.892610 0.968448 0.812243 0.875541 0.765794 0.979597 0.908844 0.929801 0.725618 0.598113 0.941383 0.000000 0.850520 0.755966 0.960756 0.963882 0.942134 0.974612 0.721020 0.902370 0.982883 0.997016 0.731697 0.683205 0.832161 0.830731 0.744964 0.835659 0.984932 0.991039 0.822748 0.874416 0.830770 0.779135 0.935763 0.915871 0.923569 0.889604 0.887372 0.871850 0.919324 0.976132 0.910245 0.934339 0.983511 0.962820 0.892509 0.906400 0.802337 0.763495 0.748579 0.704384 0.935041 0.974559 0.956831 0.890222 0.823282 0.939334 0.890880 0.957115 0.894704 0.849841 0.915790 0.972435 0.892492 0.936138 0.938710 0.953993 0.974589 0.755749 0.976873 0.776459 0.834322 0.917519 0.901452 0.972702 0.817839 0.903374 0.985343 0.916013 0.994339 0.886219 0.926856 0.959715 0.993248 0.870546 0.990574 0.952293 0.808713 0.777483 0.965530 0.993693 0.904074 0.939575 0.959257 0.926103 0.934542 0.972593 0.902662 0.884817
0.568686 0.686372 0.951140 0.694379 0.754494 0.846649 0.773718 0.962991 0.852410 0.801699 0.503553 0.599148 0.526689 0.621763 0.594645 0.824095 0.513217 0.480151 0.528947 0.579925 0.850193 0.896051 0.720754 0.975837 0.680091 0.611296 0.924482 0.850520 0.000000 0.404261 0.993556 0.824615 0.519140 0.608000 0.973978 0.829957 0.930236 0.798207 0.710179 0.745492 0.946771 0.931406 0.798009 0.961609 0.732788 0.820439 0.959039 0.910700 0.582733 0.661177 0.920717 0.948258 0.849961 0.968768 0.887290 0.870976 0.601177 0.666846 0.774369 0.898308 0.541646 0.643010 0.442032 0.462900 0.963574 0.775619 0.909050 0.815917 0.881615 0.872348 0.984524 0.997679 0.790993 0.938105 0.956919 0.933675 0.961409 0.848633 0.676769 0.740999 0.527045 0.603608 0.574454 0.679162 0.621269 0.996087 0.911181 0.575481 0.775609 0.763481 0.887370 0.832346 0.736719 0.763733 0.910197 0.773543 0.924768 0.764115 0.790453 0.935045 0.862204 0.921265 0.866337 0.865514 0.828849 0.787457 0.838252 0.855008 0.877559 0.955787 0.950206 0.805752 0.889020 0.855844 0.952196 0.709841
0.435835 0.563616 0.903987 0.725152 0.805569 0.770712 0.805319 0.976459 0.868866 0.815678 0.420316 0.541695 0.585876 0.800661 0.735080 0.995390 0.388411 0.419368 0.467221 0.451544 0.779654 0.993372 0.841911 0.832237 0.625824 0.533373 0.848750 0.755966 0.404261 0.000000 0.948943 0.859885 0.631313 0.649952 0.809063 0.778727 0.926813 0.846617 0.668874 0.755375 0.941073 0.910487 0.698376 0.855488 0.910825 0.941925 0.920079 0.959849 0.632602 0.672648 0.995224 0.991642 0.975228 0.856832 0.863156 0.806986 0.477966 0.525199 0.713973 0.734026 0.530790 0.614834 0.434187 0.422004 0.856823 0.795123 0.857148 0.758651 0.710342 0.668678 0.988068 0.913559 0.711398 0.953788 0.990414 0.965422 0.895115 0.876528 0.636021 0.676312 0.402278 0.473434 0.644818 0.611152 0.661026 0.959759 0.840070 0.616901 0.700484 0.852982 0.802271 0.761703 0.665853 0.672593 0.857263 0.810082 0.835254 0.924716 0.889610 0.988048 0.829861 0.829485 0.830907 0.816780 0.842737 0.879056 0.823880 0.831640 0.960515 0.941653 0.972999 0.883081 0.883493 0.924939 0.963912 0.663583
0.778049 0.717939 0.762189 0.811230 0.912379 0.871100 0.658947 0.812121 0.697236 0.607577 0.916754 0.816885 0.851052 0.830064 0.692465 0.653848 0.856731 0.825086 0.867944 0.835393 0.848680 0.996921 0.719846 0.773795 0.831785 0.921350 0.877385 0.960756 0.993556 0.948943 0.000000 0.644912 0.853743 0.877463 0.981234 0.725164 0.910874 0.955101 0.999129 0.950686 0.995282 0.916943 0.721536 0.772311 0.706700 0.729033 0.967266 0.889035 0.870824 0.827937 0.894063 0.811327 0.668976 0.680238 0.853610 0.917946 0.703575 0.719289 0.868997 0.806530 0.968526 0.923590 0.853174 0.828416 0.846240 0.919343 0.861401 0.977156 0.611284 0.723049 0.818232 0.777663 0.935685 0.817550 0.907088 0.792689 0.696507 0.832370 0.994719 0.999403 0.772091 0.671779 0.993172 0.787647 0.952151 0.988816 0.944849 0.885976 0.987290 0.985692 0.682105 0.632646 0.729796 0.685166 0.968811 0.852984 0.976436 0.872663 0.759399 0.601811 0.819099 0.701146 0.981325 0.988701 0.846079 0.926052 0.981402 0.767072 0.964290 0.880488 0.940430 0.879227 0.768337 0.777140 0.888988 0.957462
0.985728 0.870425 0.853309 0.860957 0.954455 0.924351 0.578119 0.740309 0.745721 0.599993 0.907526 0.871754 0.720855 0.743643 0.694144 0.747005 0.994114 0.962620 0.754906 0.998922 0.928646 0.921960 0.762773 0.878482 0.870684 0.981833 0.859632 0.963882 0.824615 0.859885 0.644912 0.000000 0.759435 0.751854 0.965837 0.872243 0.980797 0.870054 0.917046 0.771262 0.933916 0.918341 0.733380 0.681128 0.635403 0.626477 0.922816 0.730287 0.729235 0.676549 0.740530 0.752917 0.599410 0.670915 0.971745 0.932616 0.823241 0.783928 0.969924 0.974763 0.843599 0.955930 0.991033 0.975460 0.971305 0.879297 0.878118 0.992386 0.741331 0.827971 0.773816 0.621628 0.777425 0.685193 0.957905 0.775663 0.715884 0.789967 0.883694 0.924846 0.905264 0.785814 0.985974 0.854030 0.988817 0.937728 0.828107 0.998204 0.947589 0.978796 0.692779 0.733011 0.767544 0.826785 0.949205 0.992385 0.942658 0.877781 0.549538 0.594330 0.887463 0.651608 0.719276 0.796088 0.893765 0.957162 0.803909 0.748713 0.964874 0.995265 0.871266 0.818010 0.748986 0.821892 0.953876 0.815705
0.613898 0.680684 0.853640 0.921967 0.823156 0.888436 0.670751 0.865480 0.913977 0.994194 0.565981 0.589635 0.509276 0.535544 0.610033 0.769009 0.597850 0.562675 0.608330 0.681152 0.967295 0.874578 0.752694 0.914732 0.990494 0.892335 0.921694 0.942134 0.519140 0.631313 0.853743 0.759435 0.000000 0.530477 0.710706 0.996328 0.974988 0.983579 0.942737 0.961397 0.805067 0.873883 0.932468 0.859659 0.679961 0.753633 0.752679 0.840313 0.773464 0.761953 0.675656 0.645488 0.794392 0.983466 0.819096 0.666049 0.688866 0.724089 0.623287 0.822613 0.438862 0.547071 0.538896 0.558297 0.824306 0.896951 0.717750 0.808362 0.937982 0.909000 0.986600 0.987318 0.851138 0.924925 0.982433 0.895253 0.946942 0.904959 0.764652 0.761658 0.654775 0.685857 0.668514 0.608201 0.576054 0.717336 0.855128 0.735153 0.746674 0.768528 0.925292 0.916396 0.972545 0.829388 0.963951 0.918621 0.618701 0.971059 0.674301 0.728408 0.832521 0.854278 0.780942 0.887126 0.879345 0.843001 0.853902 0.882448 0.930357 0.926938 0.894415 0.852315 0.975507 0.836006 0.800386 0.736789
0.602316 0.709294 0.762531 0.870671 0.952126 0.842028 0.642585 0.652737 0.907033 0.947523 0.543269 0.611863 0.577634 0.553354 0.804375 0.879103 0.635330 0.685807 0.562362 0.633878 0.957898 0.903219 0.964121 0.916723 0.991451 0.946116 0.904889 0.974612 0.608000 0.649952 0.877463 0.751854 0.530477 0.000000 0.857103 0.957227 0.979425 0.932334 0.994074 0.902817 0.783334 0.874364 0.800882 0.743345 0.710813 0.617576 0.705606 0.612330 0.702306 0.692039 0.583757 0.607866 0.881074 0.951023 0.676165 0.598417 0.722163 0.752092 0.523302 0.694397 0.451734 0.504766 0.610781 0.664668 0.887688 0.778143 0.635014 0.669192 0.939369 0.885616 0.902145 0.919275 0.931858 0.879866 0.859714 0.934610 0.774629 0.873362 0.767950 0.646863 0.663929 0.714045 0.763416 0.755560 0.722473 0.660005 0.974313 0.910157 0.740249 0.715395 0.793245 0.972629 0.838521 0.919738 0.930849 0.934878 0.758427 0.823344 0.667071 0.753277 0.706417 0.763912 0.695101 0.787698 0.915635 0.737632 0.979827 0.993358 0.980281 0.945984 0.819827 0.680659 0.897917 0.684418 0.839214 0.818831
0.995421 0.929289 0.883997 0.999856 0.923285 0.638114 0.981014 0.938073 0.983955 0.782354 0.946716 0.864073 0.907916 0.727310 0.867415 0.858965 0.989098 0.970381 0.882197 0.879466 0.982811 0.963018 0.913870 0.831711 0.756188 0.787899 0.973019 0.721020 0.973978 0.809063 0.981234 0.965837 0.710706 0.857103 0.000000 0.780363 0.891801 0.969571 0.750638 0.833130 0.829470 0.998455 0.883590 0.943092 0.849488 0.953794 0.791946 0.960306 0.810087 0.883781 0.836204 0.784455 0.858627 0.944519 0.871971 0.857273 0.951373 0.976995 0.940473 0.920552 0.837224 0.833692 0.928018 0.952780 0.769174 0.756764 0.689150 0.630976 0.875183 0.876594 0.980507 0.891512 0.807663 0.999310 0.952391 0.927340 0.971440 0.722183 0.996266 0.900263 0.928553 0.971591 0.940285 0.927007 0.842537 0.746388 0.923829 0.956199 0.983365 0.906963 0.909859 0.952048 0.887718 0.973710 0.900868 0.954282 0.890297 0.990633 0.864979 0.926531 0.946521 0.975373 0.962051 0.964263 0.893392 0.822084 0.927304 0.981236 0.909267 0.989242 0.902472 0.985881 0.975556 0.929751 0.878577 0.929979
0.847862 0.840550 0.974947 0.926246 0.894871 0.807639 0.952203 0.966921 0.887159 0.961977 0.886877 0.898210 0.955937 0.953431 0.953625 0.958509 0.823373 0.867785 0.873155 0.861557 0.893951 0.932182 0.957707 0.928026 0.790704 0.807891 0.825491 0.902370 0.829957 0.778727 0.725164 0.872243 0.996328 0.957227 0.780363 0.000000 0.859069 0.837679 0.822947 0.907494 0.831331 0.965650 0.896247 0.945251 0.968203 0.990412 0.961581 0.938190 0.820633 0.902320 0.901365 0.906823 0.940376 0.947675 0.993847 0.937005 0.779346 0.810327 0.993036 0.997581 0.946883 0.900499 0.874880 0.868481 0.954979 0.916950 0.779109 0.768342 0.859578 0.860450 0.871392 0.996414 0.888765 0.891507 0.961216 0.867934 0.833413 0.942070 0.920203 0.893044 0.784967 0.790571 0.975135 0.872996 0.892872 0.969887 0.935571 0.932339 0.959548 0.890423 0.887057 0.958578 0.769325 0.900710 0.936211 0.923375 0.971079 0.861357 0.910079 0.886047 0.886899 0.951187 0.971861 0.814870 0.792335 0.821909 0.937553 0.949093 0.925320 0.988066 0.977118 0.987810 0.931526 0.887932 0.929908 0.803847
0.969108 0.880762 0.756083 0.746323 0.754180 0.856805 0.957819 0.795630 0.805827 0.837230 0.932298 0.869558 0.858177 0.939009 0.858125 0.978408 0.995183 0.980347 0.807905 0.944958 0.914921 0.981056 0.800205 0.988434 0.674695 0.701350 0.867523 0.982883 0.930236 0.926813 0.910874 0.980797 0.974988 0.979425 0.891801 0.859069 0.000000 0.813664 0.626520 0.835220 0.842408 0.954843 0.821950 0.878993 0.854051 0.984507 0.736374 0.873180 0.898720 0.876750 0.923821 0.975798 0.907246 0.744434 0.719448 0.880630 0.923793 0.891145 0.941535 0.884984 0.923520 0.980067 0.961480 0.948585 0.934345 0.780806 0.768115 0.747946 0.887245 0.912731 0.924177 0.988983 0.864275 0.978390 0.997228 0.872103 0.934788 0.927660 0.899492 0.971593 0.997655 0.938003 0.893836 0.944217 0.929238 0.808554 0.885486 0.826376 0.918107 0.977319 0.979729 0.991062 0.858877 0.894112 0.952025 0.840925 0.901286 0.823283 0.915320 0.999659 0.845298 0.899832 0.964009 0.952325 0.737641 0.841624 0.974873 0.881223 0.993912 0.917418 0.995960 0.986781 0.997796 0.871286 0.809831 0.958046
0.973119 0.953655 0.830450 0.768720 0.941446 0.905851 0.979844 0.840079 0.833956 0.811226 0.991058 0.935809 0.970833 0.969974 0.834184 0.962453 0.973413 0.963545 0.886503 0.933805 0.830769 0.825734 0.865315 0.795641 0.666052 0.792845 0.821953 0.997016 0.798207 0.846617 0.955101 0.870054 0.983579 0.932334 0.969571 0.837679 0.813664 0.000000 0.741285 0.756516 0.947667 0.955621 0.778922 0.955164 0.898554 0.985786 0.757632 0.930229 0.832868 0.786769 0.868976 0.859651 0.837575 0.887260 0.907284 0.835837 0.978016 0.941875 0.923251 0.885137 0.991236 0.888934 0.957062 0.921787 0.801046 0.689880 0.755399 0.764138 0.920867 0.870908 0.903647 0.947118 0.854305 0.994636 0.996550 0.937428 0.907132 0.826362 0.998583 0.925101 0.956315 0.989331 0.904934 0.884412 0.933422 0.706000 0.861328 0.917855 0.724181 0.856362 0.930624 0.988643 0.839491 0.850076 0.877779 0.802756 0.859158 0.789662 0.963020 0.919400 0.725620 0.995758 0.942160 0.995742 0.701742 0.655924 0.972928 0.983476 0.949166 0.901541 0.899282 0.966669 0.885433 0.915199 0.712555 0.859864
