0.000000 0.301713 0.897812 0.724505 0.966790 0.754758 0.963050 0.882525 0.766564 0.722808 0.519164 0.384677 0.505243 0.482922 0.764659 0.676370 0.410757 0.335530 0.475702 0.369262 0.905434 0.722435 0.851049 0.719833 0.745058 0.901952 0.722524 0.892380 0.805871 0.625100 0.737715 0.957321 0.899301 0.831384 0.941876 0.953775 0.802322 0.582023 0.858980 0.665223 0.811021 0.975052 0.959959 0.846663 0.925873 0.878958 0.739467 0.717506 0.821182 0.544545 0.801299 0.632750 0.952086 0.722201 0.641967 0.773437 0.343394 0.322425 0.551093 0.500683 0.871930 0.970595 0.578562 0.511210 0.826918 0.932608 0.974630 0.987664 0.366041 0.433182 0.809340 0.765728 0.782754 0.947552 0.821606 0.748036 0.936606 0.913989 0.802894 0.605251 0.353409 0.317073 0.538436 0.400145 0.583106 0.631948 0.638671 0.721469 0.730186 0.550714 0.841878 0.858281 0.921943 0.987734 0.886500 0.992791 0.906347 0.988497 0.994787 0.888827 0.749738 0.880324 0.946689 0.975303 0.971692 0.992535 0.893526 0.835151 0.962853 0.858173 0.994650 0.870518 0.930876 0.893272 0.900252 0.929997
0.301713 0.000000 0.808264 0.639161 0.928387 0.840524 0.891944 0.835611 0.809362 0.723505 0.611206 0.397523 0.471069 0.444501 0.705129 0.566309 0.416210 0.340110 0.460258 0.362570 0.883389 0.746630 0.714761 0.626873 0.659441 0.971265 0.674851 0.897888 0.758284 0.607478 0.797485 0.977048 0.865996 0.805839 0.897508 0.977657 0.835500 0.589253 0.802680 0.650365 0.874655 0.872737 0.877063 0.770920 0.972663 0.835367 0.676319 0.658960 0.802135 0.490303 0.736524 0.546943 0.911232 0.734124 0.624637 0.795087 0.289488 0.246238 0.524445 0.393759 0.783362 0.885577 0.573917 0.471255 0.733269 0.843129 0.937049 0.944429 0.436282 0.444486 0.811062 0.757091 0.777268 0.982796 0.850333 0.832803 0.916490 0.968930 0.741499 0.639534 0.368676 0.340031 0.478999 0.422082 0.474053 0.522242 0.662122 0.626269 0.704970 0.544662 0.806931 0.799471 0.962296 0.935055 0.822732 0.981312 0.928528 0.986088 0.955885 0.920425 0.751586 0.825324 0.951971 0.951297 0.922751 0.927049 0.975574 0.868982 0.893025 0.818400 0.911725 0.924847 0.973594 0.818285 0.753965 0.903051
0.897812 0.808264 0.000000 0.314742 0.733332 0.882371 0.335068 0.406381 0.533477 0.968717 0.968314 0.851877 0.633634 0.819585 0.758187 0.731940 0.860800 0.934923 0.721732 0.847384 0.815110 0.953375 0.463896 0.525170 0.437607 0.446503 0.872982 0.938943 0.847646 0.844229 0.642154 0.803015 0.542275 0.662276 0.625396 0.778798 0.623634 0.783141 0.776724 0.999904 0.914667 0.976349 0.780617 0.795667 0.775561 0.822116 0.761691 0.810351 0.790792 0.994031 0.947296 0.989057 0.922185 0.944577 0.767395 0.909378 0.875381 0.925229 0.781576 0.851125 0.370771 0.485777 0.903306 0.987776 0.309742 0.282034 0.442604 0.470455 0.835312 0.968935 0.668181 0.699482 0.843235 0.837012 0.943355 0.842927 0.820808 0.773351 0.996433 0.978580 0.898399 0.985584 0.863448 0.997479 0.545252 0.459758 0.820618 0.895871 0.734792 0.738800 0.683014 0.991491 0.552726 0.883025 0.766208 0.973613 0.830188 0.873640 0.827707 0.780543 0.807930 0.916049 0.781590 0.890195 0.582676 0.809768 0.943760 0.844205 0.703855 0.793228 0.791242 0.882492 0.863577 0.923918 0.735505 0.970019
0.724505 0.639161 0.314742 0.000000 0.707566 0.959406 0.453811 0.394600 0.644533 0.935741 0.903835 0.648558 0.505076 0.635852 0.630394 0.531424 0.962242 0.883069 0.554656 0.646012 0.865354 0.845604 0.357550 0.397766 0.433560 0.564191 0.717366 0.938220 0.968640 0.990830 0.766671 0.779753 0.637805 0.697663 0.637144 0.786541 0.611947 0.721440 0.746341 0.867752 0.917894 0.968483 0.776309 0.743435 0.850313 0.797590 0.725791 0.697304 0.888006 0.869865 0.973745 0.863590 0.889911 0.985420 0.736522 0.975683 0.742624 0.744152 0.676454 0.711769 0.442517 0.499220 0.982286 0.844176 0.312138 0.343421 0.504253 0.564650 0.699759 0.856273 0.637618 0.757744 0.926571 0.919886 0.942977 0.846711 0.771979 0.808182 0.857996 0.899895 0.884261 0.844873 0.735870 0.825442 0.463628 0.402840 0.695641 0.808062 0.645929 0.639457 0.755092 0.983990 0.623411 0.884455 0.765136 0.972463 0.779484 0.855474 0.813147 0.745701 0.877284 0.889802 0.854256 0.817589 0.568689 0.687847 0.990931 0.830464 0.686655 0.694520 0.825917 0.827361 0.900950 0.929272 0.706722 0.989540
0.966790 0.928387 0.733332 0.707566 0.000000 0.873458 0.784801 0.808355 0.789938 0.948474 0.930818 0.931763 0.799506 0.979577 0.794171 0.901119 0.863240 0.925490 0.922965 0.919906 0.952285 0.973709 0.623806 0.705754 0.701208 0.722322 0.680762 0.865286 0.913296 0.867869 0.874442 0.983478 0.908633 0.984622 0.961462 0.905712 0.831153 0.966290 0.980373 0.885129 0.880190 0.840584 0.965129 0.978882 0.957964 0.912113 0.934003 0.936773 0.826178 0.911797 0.916488 0.968088 0.882755 0.989895 0.953318 0.950422 0.997415 0.976944 0.939818 0.965794 0.817203 0.868323 0.922637 0.948718 0.675966 0.746981 0.777136 0.865512 0.889360 0.950274 0.782944 0.971959 0.946175 0.999699 0.984083 0.937924 0.929087 0.989177 0.886005 0.989697 0.915082 0.923359 0.902018 0.941512 0.760497 0.739358 0.879070 0.841624 0.847295 0.900381 0.889796 0.987799 0.800561 0.896708 0.911934 0.994298 0.942825 0.863775 0.995454 0.967472 0.977948 0.887986 0.818048 0.827944 0.917322 0.775349 0.981210 0.913719 0.999908 0.886722 0.901643 0.966549 0.940489 0.945869 0.966045 0.899858
0.754758 0.840524 0.882371 0.959406 0.873458 0.000000 0.805939 0.744130 0.803815 0.739267 0.935718 0.930884 0.839453 0.845932 0.889036 0.972675 0.699777 0.728691 0.853042 0.803401 0.945132 0.736035 0.995405 0.958038 0.971901 0.847687 0.795609 0.964101 0.991512 0.948043 0.786722 0.899895 0.828025 0.703482 0.962963 0.856354 0.976613 0.880522 0.958129 0.794480 0.951459 0.955388 0.769299 0.822225 0.680528 0.816526 0.946377 0.917926 0.825513 0.994872 0.853820 0.992652 0.814710 0.800452 0.962183 0.997692 0.705012 0.730718 0.942176 0.996156 0.816468 0.737569 0.904829 0.978318 0.992418 0.820606 0.698685 0.742149 0.786517 0.792313 0.796329 0.877242 0.750758 0.842993 0.930696 0.881831 0.956500 0.741694 0.934849 0.962025 0.839565 0.763932 0.693814 0.775850 0.872940 0.944128 0.813326 0.896602 0.760047 0.667671 0.762668 0.900119 0.807546 0.971466 0.952521 0.925242 0.751782 0.962955 0.813986 0.754960 0.688390 0.956295 0.984625 0.811761 0.879982 0.870099 0.905205 0.928265 0.963906 0.947864 0.858680 0.847019 0.799901 0.881099 0.972144 0.855815
0.963050 0.891944 0.335068 0.453811 0.784801 0.805939 0.000000 0.357125 0.527488 0.847320 0.946248 0.810229 0.756317 0.878721 0.842960 0.813555 0.935754 0.877473 0.787105 0.895862 0.832006 0.979819 0.581940 0.698829 0.608525 0.512546 0.956869 0.918388 0.987195 0.984053 0.496840 0.621761 0.405929 0.501109 0.592458 0.707994 0.702272 0.869553 0.849049 0.974031 0.982251 0.958861 0.568998 0.628381 0.510319 0.583626 0.640755 0.681370 0.944260 0.836280 0.818212 0.840829 0.697397 0.825766 0.815675 0.952569 0.968665 0.996490 0.659105 0.753290 0.310137 0.420180 0.924281 0.849434 0.505605 0.388881 0.338509 0.322504 0.984880 0.945011 0.707279 0.675361 0.662500 0.748206 0.987362 0.768367 0.745445 0.640569 0.949775 0.892155 0.998526 0.963332 0.901145 0.931195 0.698717 0.620804 0.938005 0.938324 0.899413 0.915865 0.648532 0.960924 0.618585 0.942012 0.763083 0.889876 0.728933 0.799374 0.626025 0.618150 0.607094 0.945701 0.983356 0.911382 0.548734 0.742457 0.849803 0.784333 0.685297 0.836767 0.715519 0.834464 0.750503 0.875081 0.638594 0.943597
0.882525 0.835611 0.406381 0.394600 0.808355 0.744130 0.357125 0.000000 0.528470 0.697979 0.858192 0.667378 0.710708 0.772355 0.829642 0.686584 0.962909 0.900475 0.664863 0.766124 0.952807 0.911321 0.623286 0.733311 0.674589 0.587660 0.981352 0.978813 0.969225 0.931731 0.572895 0.600675 0.484689 0.451317 0.723694 0.821950 0.555228 0.771324 0.850612 0.918884 0.901446 0.960107 0.468895 0.476819 0.574535 0.532158 0.505740 0.497437 0.866706 0.702748 0.717354 0.696954 0.711589 0.693359 0.761664 0.952453 0.933584 0.964327 0.603349 0.691605 0.389334 0.307539 0.990151 0.785273 0.597197 0.382238 0.479136 0.388267 0.870984 0.943262 0.606378 0.613711 0.716747 0.813882 0.991477 0.831663 0.691785 0.649696 0.941471 0.837083 0.952098 0.980957 0.929575 0.982931 0.802185 0.689971 0.934852 0.976578 0.901819 0.961173 0.605680 0.908462 0.689691 0.999736 0.824536 0.847078 0.692160 0.846489 0.550599 0.492087 0.553497 0.960263 0.865217 0.855295 0.503891 0.752638 0.946019 0.698816 0.681225 0.730408 0.736002 0.740002 0.708227 0.769738 0.653267 0.966405
0.766564 0.809362 0.533477 0.644533 0.789938 0.803815 0.527488 0.528470 0.000000 0.683008 0.905373 0.850845 0.960318 0.882904 0.921308 0.975343 0.735055 0.636396 0.980577 0.828783 0.992182 0.904073 0.763999 0.907457 0.730954 0.471427 0.925047 0.997231 0.926183 0.797218 0.464227 0.656857 0.533967 0.677010 0.681030 0.909123 0.799297 0.987142 0.941684 0.990494 0.969778 0.849630 0.646072 0.716610 0.632027 0.718620 0.775389 0.808707 0.955762 0.991425 0.886569 0.996554 0.784480 0.748545 0.931088 0.982114 0.793000 0.692490 0.885493 0.940945 0.537532 0.536767 0.832971 0.896228 0.689310 0.562628 0.549747 0.497658 0.908052 0.808845 0.690508 0.640086 0.613308 0.740434 0.963945 0.903634 0.846840 0.757284 0.998234 0.842198 0.666634 0.605297 0.938038 0.707180 0.950641 0.865827 0.918611 0.993205 0.949585 0.927069 0.598949 0.967595 0.698575 0.965705 0.855512 0.924093 0.879073 0.832842 0.643750 0.655784 0.594936 0.950969 0.981168 0.833959 0.653925 0.751906 0.838750 0.715824 0.780116 0.902744 0.749440 0.716769 0.759374 0.841888 0.776839 0.989153
0.722808 0.723505 0.968717 0.935741 0.948474 0.739267 0.847320 0.697979 0.683008 0.000000 0.968077 0.968716 0.659647 0.683171 0.812811 0.814264 0.842701 0.678949 0.837897 0.837389 0.879375 0.917486 0.839510 0.599998 0.771078 0.935416 0.719880 0.940603 0.822386 0.907569 0.630400 0.649779 0.788090 0.673490 0.869075 0.930604 0.827780 0.881668 0.935324 0.998793 0.935448 0.805562 0.505294 0.584187 0.529755 0.524958 0.756345 0.678308 0.611542 0.797132 0.688399 0.896373 0.758894 0.551051 0.928018 0.903510 0.734678 0.668174 0.911673 0.978948 0.866762 0.623497 0.925448 0.887620 0.781055 0.997621 0.885950 0.736539 0.821329 0.856315 0.780321 0.673227 0.567210 0.683829 0.981857 0.882904 0.756469 0.733972 0.937234 0.875225 0.788214 0.610988 0.772787 0.713437 0.613103 0.657888 0.666391 0.742565 0.850395 0.669255 0.771366 0.974345 0.944789 0.821717 0.921136 0.853300 0.829976 0.845749 0.507855 0.536766 0.580737 0.880717 0.651973 0.663862 0.783656 0.856247 0.927581 0.642206 0.861150 0.919008 0.773704 0.646551 0.652228 0.835018 0.905079 0.917237
0.519164 0.611206 0.968314 0.903835 0.930818 0.935718 0.946248 0.858192 0.905373 0.968077 0.000000 0.621611 0.873716 0.761003 0.908982 0.998369 0.597219 0.522895 0.634031 0.588519 0.944252 0.920951 0.863179 0.980525 0.927888 0.814156 0.895589 0.982265 0.681118 0.556117 0.850006 0.885867 0.868169 0.683806 0.874845 0.921461 0.927273 0.760756 0.859222 0.840119 0.843084 0.957754 0.873032 0.776676 0.954302 0.805428 0.780048 0.793463 0.800642 0.634128 0.897062 0.826154 0.898109 0.808371 0.838682 0.891974 0.582364 0.661888 0.659577 0.597779 0.975644 0.972392 0.569711 0.646479 0.938407 0.961464 0.926762 0.902477 0.652864 0.726534 0.838489 0.833251 0.946562 0.964136 0.835242 0.756711 0.916321 0.913126 0.882578 0.762962 0.580083 0.603755 0.754400 0.696054 0.962560 0.995767 0.846046 0.889254 0.887077 0.922643 0.951095 0.983388 0.960544 0.937983 0.855841 0.931593 0.797435 0.866026 0.839207 0.944411 0.995806 0.975125 0.871052 0.774242 0.932567 0.912991 0.873633 0.954992 0.976926 0.915429 0.957125 0.952924 0.857930 0.896076 0.971837 0.963958
0.384677 0.397523 0.851877 0.648558 0.931763 0.930884 0.810229 0.667378 0.850845 0.968716 0.621611 0.000000 0.495537 0.512123 0.718471 0.581403 0.497095 0.464568 0.496764 0.350850 0.953900 0.652966 0.773936 0.708808 0.780624 0.954477 0.753867 0.952817 0.681713 0.509378 0.934583 0.903279 0.791294 0.650442 0.948760 0.978038 0.684428 0.524411 0.827317 0.650945 0.867438 0.996966 0.790790 0.710148 0.882411 0.700964 0.648717 0.529965 0.676518 0.491166 0.668707 0.536763 0.850402 0.946156 0.663283 0.776838 0.483254 0.406740 0.556566 0.435516 0.721714 0.707668 0.563181 0.385198 0.828168 0.823932 0.909157 0.843617 0.499176 0.535924 0.971198 0.921646 0.882908 0.949926 0.946636 0.910480 0.861293 0.952148 0.811980 0.573620 0.366445 0.408407 0.606298 0.476316 0.659972 0.663338 0.643024 0.751706 0.834947 0.725584 0.872512 0.895863 0.903496 0.823466 0.894252 0.885519 0.761023 0.885341 0.902738 0.913448 0.990808 0.936385 0.850711 0.892580 0.811452 0.866190 0.836183 0.920021 0.865567 0.762272 0.895501 0.964292 0.969815 0.752375 0.841697 0.951553
0.505243 0.471069 0.633634 0.505076 0.799506 0.839453 0.756317 0.710708 0.960318 0.659647 0.873716 0.495537 0.000000 0.345713 0.409792 0.393511 0.684799 0.583871 0.453248 0.513161 0.908281 0.645181 0.453756 0.425954 0.642364 0.939315 0.629462 0.971186 0.916732 0.859136 0.875859 0.946727 0.884036 0.939803 0.987020 0.959959 0.851679 0.767640 0.934780 0.840794 0.903602 0.898558 0.969657 0.893291 0.875327 0.993365 0.803044 0.783934 0.900703 0.794712 0.921261 0.657698 0.897547 0.943755 0.842521 0.868617 0.541254 0.480966 0.729344 0.612481 0.661982 0.751335 0.813250 0.683692 0.529851 0.631847 0.905736 0.955197 0.681047 0.673296 0.842393 0.948839 0.882402 0.968862 0.959668 0.977812 0.914228 0.984447 0.857060 0.667590 0.610168 0.531166 0.624559 0.608970 0.414849 0.472968 0.571823 0.652963 0.783994 0.593262 0.939185 0.860196 0.816666 0.888002 0.845281 0.916811 0.815391 0.939429 0.965214 0.908884 0.873577 0.978658 0.879244 0.844236 0.783022 0.898294 0.969544 0.941979 0.838389 0.847275 0.926156 0.969278 0.983086 0.822799 0.818883 0.975460
0.482922 0.444501 0.819585 0.635852 0.979577 0.845932 0.878721 0.772355 0.882904 0.683171 0.761003 0.512123 0.345713 0.000000 0.473082 0.345616 0.540220 0.499959 0.441696 0.538057 0.956713 0.646243 0.600080 0.517709 0.809483 0.936601 0.672643 0.970306 0.782402 0.672401 0.816544 0.929062 0.920259 0.851090 0.951248 0.889619 0.968804 0.824971 0.988551 0.842652 0.986515 0.808370 0.873969 0.750687 0.931832 0.869636 0.681702 0.723472 0.959339 0.666437 0.783789 0.551447 0.829802 0.953137 0.924549 0.865922 0.478829 0.459619 0.611246 0.501098 0.731055 0.818574 0.695531 0.603117 0.727084 0.742981 0.954319 0.979622 0.755700 0.693350 0.938042 0.777112 0.842455 0.907473 0.923367 0.986775 0.970013 0.997414 0.707264 0.554119 0.497577 0.476835 0.528699 0.577131 0.548414 0.562476 0.625309 0.665313 0.801956 0.675773 0.962618 0.914156 0.995669 0.959258 0.882510 0.935621 0.872847 0.919845 0.979919 0.899870 0.896293 0.930106 0.963300 0.976221 0.876411 0.911173 0.971456 0.845496 0.884174 0.818378 0.900048 0.994343 0.997262 0.819686 0.736404 0.960536
0.764659 0.705129 0.758187 0.630394 0.794171 0.889036 0.842960 0.829642 0.921308 0.812811 0.908982 0.718471 0.409792 0.473082 0.000000 0.351469 0.736519 0.754473 0.632123 0.765180 0.978440 0.759481 0.420556 0.484328 0.723452 0.969351 0.657543 0.963401 0.824151 0.919177 0.992794 0.897245 0.914540 0.944788 0.947619 0.994742 0.930509 0.813414 0.984783 0.989788 0.988413 0.913334 0.909064 0.882829 0.970927 0.942582 0.814451 0.845641 0.928935 0.899864 0.898374 0.713606 0.769828 0.916300 0.961572 0.870518 0.684536 0.667707 0.772142 0.751265 0.701210 0.748282 0.841853 0.725763 0.574653 0.707337 0.942693 0.978413 0.869832 0.891484 0.808617 0.907202 0.939092 0.975004 0.866617 0.978418 0.970318 0.916016 0.755754 0.765501 0.772368 0.760413 0.638793 0.723544 0.476617 0.544313 0.697926 0.622614 0.766902 0.691112 0.953263 0.985151 0.988562 0.963270 0.865460 0.923237 0.807267 0.906930 0.998356 0.867745 0.871254 0.892943 0.906429 0.855408 0.731460 0.812892 0.950828 0.963944 0.809292 0.844599 0.904295 0.889114 0.903864 0.914438 0.852754 0.950293
0.676370 0.566309 0.731940 0.531424 0.901119 0.972675 0.813555 0.686584 0.975343 0.814264 0.998369 0.581403 0.393511 0.345616 0.351469 0.000000 0.671052 0.677528 0.564947 0.646741 0.991218 0.686612 0.423939 0.420530 0.705534 0.945289 0.714429 0.907925 0.832212 0.782948 0.959493 0.851000 0.873350 0.826794 0.951110 0.940546 0.902174 0.801889 0.888752 0.921787 0.985224 0.891529 0.779445 0.708344 0.992302 0.801240 0.652774 0.661094 0.969936 0.711847 0.735964 0.553818 0.663068 0.880667 0.906120 0.865603 0.613649 0.567717 0.627466 0.556608 0.650603 0.654208 0.826477 0.615475 0.610583 0.645679 0.883867 0.888672 0.834495 0.793227 0.859663 0.902266 0.855041 0.993353 0.941999 0.902062 0.904701 0.829745 0.682327 0.703191 0.646188 0.664747 0.576198 0.615621 0.489473 0.485280 0.703745 0.685337 0.689919 0.678898 0.987091 0.960752 0.981555 0.933025 0.869865 0.999946 0.813058 0.857968 0.978201 0.801795 0.973055 0.881007 0.990443 0.940159 0.670699 0.748436 0.976270 0.997377 0.783486 0.780379 0.838749 0.876359 0.870789 0.767441 0.661861 0.987159
0.410757 0.416210 0.860800 0.962242 0.863240 0.699777 0.935754 0.962909 0.735055 0.842701 0.597219 0.497095 0.684799 0.540220 0.736519 0.671052 0.000000 0.340714 0.559424 0.451607 0.934549 0.763628 0.956809 0.869395 0.959434 0.691854 0.826445 0.946770 0.586721 0.482936 0.766197 0.971941 0.928382 0.835166 0.993365 0.903741 0.951035 0.683418 0.976639 0.695788 0.899101 0.887262 0.856293 0.739501 0.997559 0.777859 0.693967 0.655149 0.642754 0.472900 0.670352 0.530281 0.878191 0.862253 0.776101 0.659560 0.356276 0.347624 0.594317 0.455069 0.975366 0.922063 0.431118 0.387448 0.927212 0.792572 0.852483 0.904882 0.578347 0.500723 0.659691 0.674208 0.837110 0.986231 0.913759 0.791326 0.911493 0.972132 0.622438 0.613281 0.296980 0.361761 0.485846 0.412376 0.748007 0.847271 0.778990 0.631344 0.842659 0.706060 0.694467 0.849189 0.694622 0.858822 0.832462 0.912571 0.962606 0.870975 0.953224 0.960021 0.772742 0.904202 0.791362 0.898720 0.938536 0.967692 0.932049 0.881908 0.942509 0.948335 0.927226 0.927383 0.932503 0.853684 0.766096 0.877194
0.335530 0.340110 0.934923 0.883069 0.925490 0.728691 0.877473 0.900475 0.636396 0.678949 0.522895 0.464568 0.583871 0.499959 0.754473 0.677528 0.340714 0.000000 0.506894 0.410175 0.991944 0.744596 0.893058 0.728076 0.895790 0.738776 0.718786 0.918483 0.668952 0.531309 0.627729 0.906065 0.998278 0.932036 0.975170 0.968272 0.988403 0.646876 0.868095 0.705062 0.868453 0.933636 0.937351 0.926908 0.805908 0.980255 0.836819 0.809373 0.832303 0.581716 0.886821 0.704413 0.929102 0.633684 0.724136 0.737966 0.306459 0.283509 0.659038 0.504630 0.933996 0.812700 0.463596 0.457620 0.935958 0.847681 0.846602 0.813800 0.480608 0.464523 0.754816 0.604077 0.712291 0.905405 0.794043 0.787155 0.979405 0.841988 0.678882 0.663143 0.338075 0.298717 0.460906 0.366732 0.620793 0.736926 0.626455 0.614363 0.735002 0.603234 0.670799 0.859973 0.787068 0.954540 0.850755 0.983434 0.926716 0.921855 0.875406 0.819782 0.643151 0.830037 0.917562 0.949421 0.955850 0.968320 0.909636 0.759784 0.939117 0.909597 0.996163 0.826381 0.984055 0.902794 0.936805 0.908317
0.475702 0.460258 0.721732 0.554656 0.922965 0.853042 0.787105 0.664863 0.980577 0.837897 0.634031 0.496764 0.453248 0.441696 0.632123 0.564947 0.559424 0.506894 0.000000 0.443543 0.989616 0.601564 0.649011 0.569270 0.772249 0.947390 0.677119 0.968407 0.757211 0.685015 0.894103 0.822276 0.815439 0.744057 0.934107 0.930444 0.756696 0.697389 0.826382 0.780982 0.713895 0.867181 0.856892 0.746885 0.959353 0.859769 0.675373 0.616096 0.931096 0.629361 0.922226 0.690308 0.961327 0.898240 0.806925 0.832104 0.485311 0.490682 0.683815 0.529545 0.752128 0.809526 0.659774 0.584323 0.722423 0.779657 0.925556 0.905117 0.599743 0.738819 0.907460 0.936325 0.916772 0.980858 0.907503 0.985618 0.884499 0.928995 0.763773 0.608516 0.548953 0.499392 0.586332 0.573380 0.615648 0.678084 0.637148 0.664900 0.771997 0.784114 0.957490 0.996080 0.972934 0.938202 0.809699 0.914753 0.713655 0.960260 0.845878 0.831229 0.948778 0.990571 0.882747 0.904904 0.769068 0.910404 0.867978 0.969222 0.880393 0.685583 0.923324 0.976309 0.877637 0.820369 0.805890 0.971755
0.369262 0.362570 0.847384 0.646012 0.919906 0.803401 0.895862 0.766124 0.828783 0.837389 0.588519 0.350850 0.513161 0.538057 0.765180 0.646741 0.451607 0.410175 0.443543 0.000000 0.956787 0.704143 0.789919 0.694591 0.759626 0.953527 0.676659 0.971388 0.743988 0.616062 0.811917 0.984159 0.865774 0.775383 0.999829 0.977128 0.690265 0.515618 0.806050 0.601739 0.845588 0.940077 0.903548 0.813476 0.917254 0.881298 0.692191 0.644740 0.801130 0.509227 0.813088 0.602482 0.947603 0.862235 0.622044 0.773479 0.421152 0.346319 0.628835 0.496400 0.855960 0.874293 0.650942 0.471882 0.808110 0.891689 0.993394 0.985174 0.438394 0.462015 0.954558 0.845565 0.779294 0.918597 0.918158 0.850598 0.852000 0.901058 0.775846 0.707299 0.396618 0.395248 0.577813 0.431833 0.592908 0.665799 0.674729 0.729913 0.767915 0.640942 0.901173 0.913058 0.954463 0.959493 0.873757 0.912573 0.810102 0.968167 0.978987 0.976126 0.918416 0.955386 0.898141 0.924975 0.868640 0.955635 0.838646 0.990381 0.888445 0.735305 0.981010 0.939918 0.942002 0.873152 0.840360 0.849511
0.905434 0.883389 0.815110 0.865354 0.952285 0.945132 0.832006 0.952807 0.992182 0.879375 0.944252 0.953900 0.908281 0.956713 0.978440 0.991218 0.934549 0.991944 0.989616 0.956787 0.000000 0.953203 0.962466 0.883423 0.864330 0.882799 0.982741 0.971234 0.999854 0.990111 0.901201 0.916442 0.767378 0.873056 0.778125 0.815760 0.847933 0.975187 0.927222 0.963207 0.963973 0.908491 0.996268 0.994326 0.801017 0.894860 0.998752 0.872657 0.915975 0.993612 0.934868 0.975207 0.964222 0.835158 0.828611 0.851734 0.985669 0.934167 0.829597 0.972156 0.712870 0.885081 0.852006 0.975834 0.802087 0.767685 0.702588 0.794425 0.963761 0.986176 0.976482 0.912267 0.980010 0.931255 0.882470 0.963371 0.882841 0.982987 0.877153 0.967960 0.904456 0.883492 0.937588 0.989996 0.772076 0.728507 0.928030 0.905947 0.866320 0.852522 0.986688 0.811295 0.877282 0.971714 0.980671 0.972461 0.998659 0.916287 0.943395 0.885784 0.896996 0.945143 0.925222 0.988214 0.911543 0.903972 0.923353 0.975228 0.970533 0.935188 0.894989 0.860051 0.996611 0.963027 0.884461 0.923646
0.722435 0.746630 0.953375 0.845604 0.973709 0.736035 0.979819 0.911321 0.904073 0.917486 0.920951 0.652966 0.645181 0.646243 0.759481 0.686612 0.763628 0.744596 0.601564 0.704143 0.953203 0.000000 0.799457 0.800371 0.966160 0.903033 0.785333 0.828430 0.904089 0.891271 0.933765 0.970240 0.996363 0.996486 0.857460 0.880401 0.896851 0.807782 0.913861 0.720762 0.959778 0.922896 0.931846 0.857801 0.895517 0.948133 0.843907 0.832179 0.960689 0.752859 0.862198 0.705953 0.862867 0.945529 0.921832 0.854244 0.689837 0.688652 0.915914 0.754390 0.884085 0.920901 0.768363 0.715270 0.923722 0.967865 0.858787 0.908172 0.830002 0.816656 0.945999 0.964198 0.967692 0.910039 0.838030 0.933515 0.855658 0.968048 0.922474 0.732472 0.718537 0.680731 0.755922 0.670389 0.809917 0.840278 0.703502 0.781409 0.830426 0.900392 0.999206 0.901059 0.905417 0.988352 0.929331 0.901681 0.756837 0.906236 0.942271 0.889789 0.998732 0.854108 0.914854 0.977914 0.871169 0.916512 0.809464 0.929675 0.872124 0.782646 0.892877 0.867766 0.954566 0.735127 0.797973 0.899812
0.851049 0.714761 0.463896 0.357550 0.623806 0.995405 0.581940 0.623286 0.763999 0.839510 0.863179 0.773936 0.453756 0.600080 0.420556 0.423939 0.956809 0.893058 0.649011 0.789919 0.962466 0.799457 0.000000 0.331043 0.483390 0.664031 0.636372 0.929238 0.991150 0.951569 0.859432 0.884655 0.796588 0.901799 0.793492 0.860346 0.761777 0.819791 0.901293 0.986764 0.985551 0.879525 0.881026 0.882078 0.987518 0.940459 0.889324 0.849518 0.799635 0.993322 0.974405 0.880268 0.771786 0.983634 0.906822 0.964692 0.786704 0.740592 0.868755 0.812085 0.545140 0.641201 0.974761 0.853254 0.319155 0.480607 0.665653 0.768157 0.858634 0.910106 0.686145 0.856488 0.930924 0.956566 0.879391 0.788250 0.870846 0.878135 0.800528 0.925735 0.926381 0.910960 0.697238 0.827378 0.372098 0.392872 0.706139 0.717477 0.679729 0.620586 0.851649 0.995494 0.726664 0.887004 0.763260 0.979935 0.840080 0.886893 0.955101 0.803021 0.954200 0.864127 0.785645 0.687853 0.645448 0.677028 0.965711 0.918418 0.757141 0.728666 0.867470 0.818469 0.904350 0.971551 0.764574 0.987104
0.719833 0.626873 0.525170 0.397766 0.705754 0.958038 0.698829 0.733311 0.907457 0.599998 0.980525 0.708808 0.425954 0.517709 0.484328 0.420530 0.869395 0.728076 0.569270 0.694591 0.883423 0.800371 0.331043 0.000000 0.453831 0.737876 0.548595 0.884226 0.997801 0.986857 0.970751 0.955540 0.823258 0.943250 0.861914 0.822441 0.875290 0.846056 0.782372 0.980334 0.958060 0.873573 0.943303 0.996617 0.864561 0.929827 0.942366 0.905162 0.735439 0.975984 0.872354 0.928796 0.944795 0.795195 0.853909 0.966870 0.691763 0.638894 0.853477 0.761724 0.649560 0.802502 0.925575 0.863227 0.375152 0.541317 0.763477 0.849388 0.741757 0.872689 0.817591 0.888979 0.868689 0.885405 0.948343 0.905819 0.927902 0.949403 0.742645 0.821895 0.805311 0.720560 0.645843 0.681660 0.361510 0.353306 0.603467 0.657444 0.609581 0.564834 0.966634 0.926750 0.818500 0.977942 0.782412 0.909141 0.898946 0.912968 0.870951 0.996612 0.845499 0.878661 0.727604 0.708284 0.725757 0.801877 0.916658 0.960825 0.921308 0.801010 0.959154 0.963404 0.977623 0.946409 0.812155 0.983926
0.745058 0.659441 0.437607 0.433560 0.701208 0.971901 0.608525 0.674589 0.730954 0.771078 0.927888 0.780624 0.642364 0.809483 0.723452 0.705534 0.959434 0.895790 0.772249 0.759626 0.864330 0.966160 0.483390 0.453831 0.000000 0.448340 0.635200 0.857473 0.829892 0.818382 0.782210 0.945967 0.670071 0.839302 0.722338 0.823452 0.647350 0.680178 0.736291 0.890791 0.920005 0.947632 0.978169 0.975041 0.952949 0.972105 0.888474 0.885304 0.816588 0.950486 0.939224 0.974728 0.983728 0.747210 0.705225 0.977070 0.746635 0.735625 0.821351 0.817894 0.571558 0.708569 0.931092 0.951274 0.354785 0.485711 0.632374 0.674470 0.623283 0.742013 0.924456 0.862369 0.942180 0.972514 0.945526 0.930710 0.919083 0.956629 0.875102 0.967801 0.953381 0.860778 0.704112 0.789742 0.407979 0.356259 0.787090 0.763263 0.640031 0.502664 0.991909 0.696146 0.793533 0.940155 0.787412 0.943221 0.946738 0.971706 0.903765 0.899430 0.879143 0.776377 0.728168 0.765860 0.772470 0.813118 0.975020 0.998622 0.881473 0.839170 0.892481 0.912360 0.973445 0.986281 0.799001 0.998995
0.901952 0.971265 0.446503 0.564191 0.722322 0.847687 0.512546 0.587660 0.471427 0.935416 0.814156 0.954477 0.939315 0.936601 0.969351 0.945289 0.691854 0.738776 0.947390 0.953527 0.882799 0.903033 0.664031 0.737876 0.448340 0.000000 0.935088 0.871434 0.705538 0.702114 0.518989 0.842406 0.579553 0.739596 0.715261 0.711229 0.674786 0.879064 0.765941 0.925649 0.982243 0.882868 0.806386 0.884595 0.739499 0.830701 0.835779 0.901747 0.853593 0.946414 0.968944 0.969586 0.898932 0.973316 0.814396 0.925545 0.879589 0.869865 0.910452 0.966017 0.516549 0.586014 0.727842 0.829006 0.499007 0.439202 0.502677 0.489008 0.919555 0.965209 0.787968 0.716560 0.809174 0.877391 0.940032 0.944134 0.954578 0.918023 0.935184 0.826515 0.723633 0.719741 0.938405 0.792176 0.701358 0.595592 0.997178 0.993035 0.819878 0.768410 0.789081 0.793890 0.703723 0.909127 0.848647 0.908451 0.947895 0.925317 0.893416 0.965997 0.799390 0.838990 0.760934 0.893703 0.694863 0.778651 0.907441 0.888086 0.850218 0.844310 0.760741 0.963280 0.932532 0.997939 0.815692 0.983455
0.722524 0.674851 0.872982 0.717366 0.680762 0.795609 0.956869 0.981352 0.925047 0.719880 0.895589 0.753867 0.629462 0.672643 0.657543 0.714429 0.826445 0.718786 0.677119 0.676659 0.982741 0.785333 0.636372 0.548595 0.635200 0.935088 0.000000 0.869851 0.954759 0.936482 0.794215 0.934241 0.859047 0.850977 0.901962 0.993151 0.892144 0.679970 0.850440 0.920772 0.966671 0.861916 0.760626 0.849836 0.626725 0.738729 0.980274 0.960074 0.770143 0.981147 0.808099 0.942293 0.876221 0.814643 0.924400 0.993511 0.702440 0.656666 0.942560 0.874726 0.985449 0.926891 0.952116 0.931403 0.694756 0.880890 0.902264 0.877984 0.672480 0.745733 0.998768 0.836295 0.772566 0.780199 0.984300 0.957954 0.910385 0.765835 0.794973 0.973845 0.837366 0.716310 0.749266 0.754342 0.591443 0.651667 0.649247 0.689540 0.846658 0.621091 0.911545 0.974565 0.972804 0.850834 0.888123 0.938185 0.998676 0.993482 0.802549 0.862707 0.732115 0.934607 0.844025 0.737978 0.960805 0.842777 0.933108 0.946789 0.956649 0.792625 0.949874 0.987306 0.900846 0.913526 0.937300 0.982255
0.892380 0.897888 0.938943 0.938220 0.865286 0.964101 0.918388 0.978813 0.997231 0.940603 0.982265 0.952817 0.971186 0.970306 0.963401 0.907925 0.946770 0.918483 0.968407 0.971388 0.971234 0.828430 0.929238 0.884226 0.857473 0.871434 0.869851 0.000000 0.829159 0.851804 0.999215 0.836018 0.974624 0.996472 0.985287 0.958921 0.860435 0.795482 0.886334 0.983709 0.996655 0.839473 0.998427 0.972337 0.893899 0.955583 0.985334 0.961040 0.907128 0.982643 0.933207 0.952982 0.883839 0.798438 0.925550 0.951046 0.848833 0.899218 0.998903 0.924124 0.927745 0.939070 0.864008 0.921733 0.883568 0.953622 0.946046 0.935580 0.809614 0.761184 0.997423 0.884843 0.811097 0.888473 0.954235 0.993999 0.993201 0.919090 0.988281 0.833277 0.951908 0.941894 0.928862 0.929624 0.887569 0.848186 0.937958 0.994886 0.960373 0.781776 0.907729 0.795307 0.891391 0.880362 0.989335 0.866020 0.788545 0.915227 0.897582 0.863391 0.743494 0.713156 0.892075 0.802039 0.915359 0.893412 0.973723 0.974368 0.759355 0.899741 0.953712 0.957868 0.885924 0.997424 0.910463 0.975716
0.805871 0.758284 0.847646 0.968640 0.913296 0.991512 0.987195 0.969225 0.926183 0.822386 0.681118 0.681713 0.916732 0.782402 0.824151 0.832212 0.586721 0.668952 0.757211 0.743988 0.999854 0.904089 0.991150 0.997801 0.829892 0.705538 0.954759 0.829159 0.000000 0.383940 0.990380 0.645800 0.785448 0.752377 0.959677 0.988431 0.930326 0.888226 0.942464 0.833559 0.956160 0.948750 0.729254 0.692632 0.724949 0.625164 0.730301 0.686605 0.561196 0.582763 0.671717 0.702629 0.779342 0.941913 0.991717 0.768846 0.702556 0.729350 0.708107 0.635811 0.920025 0.969567 0.500527 0.515830 0.824089 0.828844 0.984133 0.977666 0.917313 0.994101 0.818093 0.783650 0.934014 0.854442 0.915201 0.954615 0.977568 0.857334 0.699600 0.721621 0.580235 0.759871 0.734061 0.710210 0.961391 0.928522 0.993492 0.850070 0.969386 0.947835 0.803971 0.854627 0.689314 0.766029 0.848035 0.874920 0.783699 0.974091 0.817541 0.865155 0.988748 0.995032 0.675814 0.718262 0.918596 0.972279 0.954214 0.991312 0.934886 0.967049 0.859283 0.884283 0.767587 0.781287 0.808832 0.969460
0.625100 0.607478 0.844229 0.990830 0.867869 0.948043 0.984053 0.931731 0.797218 0.907569 0.556117 0.509378 0.859136 0.672401 0.919177 0.782948 0.482936 0.531309 0.685015 0.616062 0.990111 0.891271 0.951569 0.986857 0.818382 0.702114 0.936482 0.851804 0.383940 0.000000 0.951473 0.736035 0.839408 0.646609 0.986386 0.978950 0.997357 0.846483 0.992820 0.776169 0.940390 0.915115 0.705348 0.633080 0.719463 0.589800 0.666556 0.607049 0.468543 0.475299 0.597591 0.606714 0.777893 0.978338 0.929258 0.729483 0.620013 0.616267 0.577542 0.494893 0.927037 0.933742 0.451284 0.398307 0.794669 0.835552 0.943066 0.915921 0.832230 0.819335 0.779993 0.761288 0.998215 0.849585 0.901686 0.995982 0.994743 0.790121 0.648767 0.602845 0.406063 0.580482 0.673924 0.613540 0.984658 0.954023 0.893781 0.786494 0.980738 0.968773 0.801619 0.894821 0.725402 0.787438 0.906743 0.962923 0.799236 0.919182 0.826115 0.865251 0.958331 0.983908 0.678504 0.694323 0.952023 0.869616 0.890726 0.880215 0.910661 0.871458 0.880087 0.915451 0.893000 0.781028 0.741643 0.978359
0.737715 0.797485 0.642154 0.766671 0.874442 0.786722 0.496840 0.572895 0.464227 0.630400 0.850006 0.934583 0.875859 0.816544 0.992794 0.959493 0.766197 0.627729 0.894103 0.811917 0.901201 0.933765 0.859432 0.970751 0.782210 0.518989 0.794215 0.999215 0.990380 0.951473 0.000000 0.512915 0.467145 0.591255 0.647604 0.872180 0.794026 0.989079 0.773718 0.920099 0.939576 0.919419 0.511437 0.618101 0.421762 0.494955 0.676468 0.703621 0.800501 0.839296 0.711005 0.877340 0.625712 0.700259 0.999281 0.972116 0.794601 0.705663 0.814119 0.950482 0.507561 0.493194 0.899135 0.978927 0.835003 0.653672 0.542799 0.408461 0.841616 0.769723 0.857651 0.740150 0.705566 0.698795 0.971678 0.830809 0.801648 0.555009 0.997970 0.954127 0.785469 0.640173 0.989969 0.774739 0.980081 0.921318 0.764815 0.938822 0.975413 0.920861 0.876723 0.817675 0.945434 0.748554 0.939369 0.811667 0.893334 0.843144 0.685274 0.722391 0.559607 0.958381 0.927474 0.852174 0.668989 0.737952 0.853951 0.752687 0.804898 0.948703 0.752898 0.842213 0.737079 0.743710 0.688231 0.921965
0.957321 0.977048 0.803015 0.779753 0.983478 0.899895 0.621761 0.600675 0.656857 0.649779 0.885867 0.903279 0.946727 0.929062 0.897245 0.851000 0.971941 0.906065 0.822276 0.984159 0.916442 0.970240 0.884655 0.955540 0.945967 0.842406 0.934241 0.836018 0.645800 0.736035 0.512915 0.000000 0.569138 0.577820 0.744820 0.927640 0.894438 0.949751 0.876694 0.999236 0.942274 0.950605 0.442671 0.453144 0.491757 0.427176 0.565269 0.573451 0.680076 0.643959 0.628263 0.685429 0.649273 0.693437 0.973331 0.937719 0.951315 0.938576 0.586849 0.688648 0.602507 0.623639 0.830017 0.759298 0.951847 0.780144 0.638306 0.559550 0.897965 0.831681 0.910627 0.931672 0.768109 0.734740 0.947755 0.890463 0.769898 0.598042 0.781700 0.737551 0.944501 0.916789 0.822730 0.997876 0.984725 0.975837 0.940566 0.968241 0.962087 0.842387 0.884116 0.879392 0.981592 0.915579 0.940300 0.851645 0.758568 0.935714 0.523253 0.622093 0.621592 0.781719 0.669462 0.761548 0.592221 0.778162 0.882924 0.785583 0.712871 0.815240 0.801339 0.837055 0.584397 0.837028 0.597884 0.994835
0.899301 0.865996 0.542275 0.637805 0.908633 0.828025 0.405929 0.484689 0.533967 0.788090 0.868169 0.791294 0.884036 0.920259 0.914540 0.873350 0.928382 0.998278 0.815439 0.865774 0.767378 0.996363 0.796588 0.823258 0.670071 0.579553 0.859047 0.974624 0.785448 0.839408 0.467145 0.569138 0.000000 0.427656 0.658121 0.766291 0.709010 0.798791 0.852247 0.911357 0.998525 0.835713 0.522400 0.569110 0.417998 0.474848 0.527516 0.634510 0.746731 0.681785 0.667421 0.789848 0.748696 0.946698 0.720626 0.879563 0.896296 0.945271 0.581148 0.727727 0.382995 0.522676 0.760811 0.722895 0.702850 0.579218 0.473395 0.412745 0.892785 0.961451 0.922233 0.870934 0.737017 0.764774 0.881645 0.942211 0.795172 0.708005 0.896087 0.840849 0.878049 0.988453 0.803985 0.930788 0.766232 0.702021 0.977978 0.861250 0.864177 0.883003 0.907061 0.769698 0.970776 0.765887 0.744193 0.908197 0.834309 0.842780 0.679210 0.773434 0.714941 0.981050 0.946993 0.793307 0.682438 0.843917 0.954964 0.954128 0.825673 0.909350 0.746828 0.910771 0.734226 0.725753 0.662827 0.960761
0.831384 0.805839 0.662276 0.697663 0.984622 0.703482 0.501109 0.451317 0.677010 0.673490 0.683806 0.650442 0.939803 0.851090 0.944788 0.826794 0.835166 0.932036 0.744057 0.775383 0.873056 0.996486 0.901799 0.943250 0.839302 0.739596 0.850977 0.996472 0.752377 0.646609 0.591255 0.577820 0.427656 0.000000 0.666521 0.823780 0.707353 0.758462 0.901340 0.941881 0.845350 0.906703 0.452788 0.475395 0.425275 0.402570 0.447459 0.491437 0.642696 0.573999 0.593248 0.696652 0.713876 0.862005 0.780719 0.884811 0.840143 0.905013 0.500532 0.561122 0.462824 0.468677 0.700714 0.600435 0.849448 0.623650 0.513607 0.412113 0.886288 0.901506 0.953093 0.873567 0.783068 0.755492 0.933841 0.993469 0.875510 0.655768 0.877277 0.779872 0.784049 0.933991 0.801952 0.926198 0.912101 0.829930 0.984957 0.940368 0.893614 0.944219 0.948015 0.831723 0.985841 0.745463 0.854900 0.919035 0.702361 0.850541 0.636184 0.720305 0.612491 0.927035 0.837174 0.651963 0.680276 0.721759 0.974345 0.790961 0.882249 0.760918 0.774493 0.918479 0.666758 0.775050 0.696128 0.967646
0.941876 0.897508 0.625396 0.637144 0.961462 0.962963 0.592458 0.723694 0.681030 0.869075 0.874845 0.948760 0.987020 0.951248 0.947619 0.951110 0.993365 0.975170 0.934107 0.999829 0.778125 0.857460 0.793492 0.861914 0.722338 0.715261 0.901962 0.985287 0.959677 0.986386 0.647604 0.744820 0.658121 0.666521 0.000000 0.781098 0.932661 0.864305 0.701093 0.958569 0.976387 0.940792 0.769280 0.799217 0.642272 0.691092 0.794158 0.846442 0.905725 0.883275 0.918440 0.974471 0.893048 0.982365 0.756914 0.941721 0.963424 0.985859 0.709435 0.848441 0.636901 0.671563 0.930661 0.877118 0.665954 0.688771 0.495539 0.543626 0.889646 0.960826 0.828239 0.843504 0.863168 0.819511 0.974553 0.943921 0.853160 0.703481 0.922384 0.986076 0.988118 0.998656 0.814115 0.927084 0.816655 0.735772 0.995610 0.981948 0.667308 0.783525 0.926901 0.847881 0.766504 0.949399 0.815898 0.919005 0.817647 0.613234 0.826339 0.909154 0.880578 0.865236 0.998990 0.986809 0.719586 0.769774 0.653492 0.829502 0.773004 0.812782 0.914237 0.929811 0.693267 0.990952 0.786429 0.945496
0.953775 0.977657 0.778798 0.786541 0.905712 0.856354 0.707994 0.821950 0.909123 0.930604 0.921461 0.978038 0.959959 0.889619 0.994742 0.940546 0.903741 0.968272 0.930444 0.977128 0.815760 0.880401 0.860346 0.822441 0.823452 0.711229 0.993151 0.958921 0.988431 0.978950 0.872180 0.927640 0.766291 0.823780 0.781098 0.000000 0.868662 0.988566 0.918188 0.855753 0.739099 0.985427 0.981943 0.947765 0.856848 0.900255 0.926794 0.875933 0.955590 0.956302 0.985456 0.996208 0.975970 0.967792 0.925676 0.896960 0.965610 0.978835 0.888620 0.963407 0.826168 0.909821 0.998740 0.956159 0.764603 0.759646 0.705171 0.757446 0.995945 0.969632 0.977085 0.891805 0.975192 0.955598 0.883033 0.901154 0.878817 0.997568 0.995139 0.979775 0.990915 0.989681 0.928240 0.893663 0.840201 0.783958 0.970947 0.907328 0.895303 0.944531 0.819842 0.985266 0.922096 0.920907 0.957616 0.904431 0.950496 0.928888 0.976315 0.961446 0.994185 0.913342 0.862599 0.999195 0.878287 0.993852 0.820051 0.906888 0.950036 0.964090 0.799041 0.906067 0.946851 0.970880 0.918298 0.775461
0.802322 0.835500 0.623634 0.611947 0.831153 0.976613 0.702272 0.555228 0.799297 0.827780 0.927273 0.684428 0.851679 0.968804 0.930509 0.902174 0.951035 0.988403 0.756696 0.690265 0.847933 0.896851 0.761777 0.875290 0.647350 0.674786 0.892144 0.860435 0.930326 0.997357 0.794026 0.894438 0.709010 0.707353 0.932661 0.868662 0.000000 0.579336 0.840042 0.858249 0.744391 0.886134 0.748501 0.794316 0.823849 0.810515 0.753475 0.691785 0.939486 0.870039 0.921124 0.918700 0.982577 0.964585 0.665635 0.941980 0.843566 0.857918 0.839370 0.919383 0.691778 0.648553 0.910365 0.826734 0.732723 0.696026 0.794017 0.711077 0.650761 0.764286 0.835789 0.663103 0.867097 0.897571 0.901234 0.972969 0.799114 0.901163 0.995876 0.985655 0.944276 0.952323 0.906701 0.815346 0.828664 0.801584 0.883282 0.952724 0.963493 0.894882 0.960671 0.832631 0.958392 0.901604 0.896965 0.982209 0.798096 0.965322 0.799033 0.826509 0.824430 0.932675 0.976025 0.887080 0.746640 0.892849 0.808981 0.860754 0.764847 0.762385 0.890621 0.949673 0.988965 0.980087 0.979275 0.880447
0.582023 0.589253 0.783141 0.721440 0.966290 0.880522 0.869553 0.771324 0.987142 0.881668 0.760756 0.524411 0.767640 0.824971 0.813414 0.801889 0.683418 0.646876 0.697389 0.515618 0.975187 0.807782 0.819791 0.846056 0.680178 0.879064 0.679970 0.795482 0.888226 0.846483 0.989079 0.949751 0.798791 0.758462 0.864305 0.988566 0.579336 0.000000 0.751204 0.675616 0.886699 0.844035 0.900492 0.899947 0.958221 0.858036 0.733377 0.683025 0.830463 0.642166 0.886473 0.798594 0.984695 0.820514 0.588463 0.752962 0.593676 0.583188 0.775975 0.715118 0.812268 0.806586 0.829653 0.634964 0.776652 0.853917 0.969960 0.912735 0.498448 0.557802 0.966296 0.995657 0.887916 0.976132 0.899795 0.917403 0.804488 0.934654 0.936283 0.967868 0.680527 0.683455 0.724556 0.626529 0.703438 0.723682 0.810924 0.796052 0.773034 0.656816 0.885940 0.706964 0.886749 0.899437 0.954306 0.839082 0.944807 0.880163 0.915445 0.975006 0.908272 0.805851 0.910406 0.906551 0.828968 0.966726 0.943292 0.958659 0.975183 0.721639 0.917544 0.856805 0.957800 0.882023 0.970750 0.989959
