0.000000 0.512626 0.994834 0.954924 0.973859 0.969416 0.986810 0.961727 0.816995 0.929255 0.716633 0.667313 0.986968 0.943886 0.948765 0.976420 0.673604 0.613702 0.658836 0.566074 0.899366 0.911441 0.878228 0.944143 0.810352 0.957730 0.985455 0.862950 0.696809 0.921401 0.984166 0.886030 0.813020 0.667984 0.878148 0.926247 0.979877 0.883192 0.999344 0.927990 0.879689 0.823642 0.820360 0.705066 0.982781 0.867879 0.791266 0.810154 0.673276 0.807686 0.793605 0.892817 0.990989 0.786007 0.794990 0.836334 0.546203 0.547572 0.488715 0.510067 0.861813 0.747691 0.817949 0.764364 0.914589 0.871771 0.771807 0.821603 0.584206 0.676321 0.948350 0.978225 0.584019 0.689944 0.943428 0.931898 0.686843 0.874818 0.825799 0.856726 0.663734 0.644193 0.874044 0.869086 0.791276 0.831730 0.759329 0.967099 0.984192 0.733366 0.772612 0.735439 0.812660 0.845824 0.968765 0.904998 0.740189 0.885983 0.964786 0.844009 0.900946 0.898070 0.820559 0.751315 0.949968 0.991080 0.946887 0.987893 0.969054 0.811957 0.856145 0.975378 0.905490 0.965418 0.848926 0.813935
0.512626 0.000000 0.973303 0.834431 0.980630 0.941675 0.939157 0.844919 0.739073 0.936981 0.890297 0.605637 0.956076 0.833020 0.940629 0.794491 0.642409 0.556185 0.648129 0.561232 0.943922 0.966386 0.991942 0.894484 0.829087 0.947374 0.959821 0.904118 0.683315 0.823412 0.826384 0.958698 0.652276 0.588515 0.890847 0.998445 0.835472 0.776782 0.982478 0.969292 0.892243 0.838461 0.709898 0.625154 0.803570 0.702652 0.625452 0.599629 0.701620 0.733957 0.707684 0.779779 0.901642 0.907840 0.703383 0.856093 0.459490 0.374579 0.559464 0.616398 0.827468 0.686978 0.697619 0.575122 0.891964 0.876897 0.807175 0.767359 0.745416 0.569392 0.621542 0.711013 0.719481 0.747934 0.988044 0.935694 0.598914 0.792596 0.605890 0.723060 0.498988 0.574683 0.807862 0.715848 0.835554 0.822694 0.806420 0.952040 0.892411 0.782569 0.803245 0.728593 0.855178 0.796900 0.807078 0.833348 0.665125 0.782368 0.821422 0.834207 0.858692 0.986784 0.742811 0.757580 0.866060 0.858287 0.948040 0.909146 0.996851 0.775586 0.786512 0.898239 0.869215 0.801016 0.789546 0.880614
0.994834 0.973303 0.000000 0.496011 0.811761 0.985011 0.496800 0.824960 0.698629 0.988541 0.968770 0.842570 0.681393 0.960134 0.794177 0.941975 0.990854 0.924623 0.682876 0.969830 0.771861 0.875497 0.661781 0.737266 0.598832 0.561679 0.849456 0.880062 0.931505 0.894072 0.698279 0.822171 0.682823 0.777020 0.715949 0.854022 0.827261 0.910424 0.975875 0.904778 0.911995 0.932840 0.738012 0.792936 0.878628 0.888734 0.660007 0.747789 0.983898 0.935113 0.775006 0.843543 0.782620 0.761004 0.942623 0.967933 0.918047 0.873981 0.806184 0.973045 0.708812 0.961053 0.997760 0.812411 0.439381 0.633092 0.589468 0.617720 0.913896 0.787499 0.976282 0.916474 0.934043 0.961128 0.982092 0.945885 0.958442 0.954988 0.995697 0.939421 0.905895 0.853241 0.887511 0.762902 0.635475 0.621167 0.858194 0.812328 0.780491 0.771612 0.772687 0.826926 0.820725 0.788355 0.899391 0.866430 0.952379 0.949170 0.925793 0.913863 0.813103 0.819177 0.995518 0.981467 0.736879 0.949138 0.926603 0.876248 0.944193 0.875794 0.972932 0.972690 0.913142 0.856497 0.763378 0.879238
0.954924 0.834431 0.496011 0.000000 0.865619 0.801411 0.549216 0.612509 0.808552 0.958361 0.940722 0.875733 0.692372 0.774369 0.692919 0.803113 0.996475 0.979977 0.718233 0.940951 0.864258 0.949340 0.551402 0.572401 0.820627 0.678407 0.868619 0.867504 0.983304 0.946597 0.727111 0.816891 0.609893 0.691861 0.705815 0.858980 0.922575 0.898110 0.956533 0.997121 0.884833 0.966312 0.781658 0.765646 0.779887 0.821859 0.692009 0.672430 0.978178 0.900000 0.667593 0.698196 0.712014 0.784060 0.912808 0.997705 0.968468 0.930565 0.826520 0.937563 0.627350 0.791254 0.862640 0.907199 0.444715 0.456092 0.580430 0.478282 0.837694 0.808598 0.995717 0.869977 0.804577 0.812362 0.975124 0.999958 0.905990 0.843151 0.867945 0.934248 0.781543 0.807431 0.746324 0.756374 0.571418 0.531667 0.939500 0.742971 0.834947 0.722908 0.656891 0.825402 0.761587 0.828099 0.940484 0.857674 0.849751 0.971976 0.730844 0.725841 0.716442 0.717062 0.954357 0.970960 0.642314 0.856935 0.980275 0.974212 0.949266 0.974333 0.819999 0.976182 0.889521 0.907763 0.730794 0.923668
0.973859 0.980630 0.811761 0.865619 0.000000 0.878682 0.665081 0.764973 0.651423 0.954793 0.781537 0.877820 0.659662 0.889008 0.877770 0.907602 0.964530 0.916164 0.912018 0.917646 0.808516 0.761158 0.808175 0.899008 0.891941 0.943991 0.985967 0.974800 0.983103 0.926899 0.998253 0.953624 0.915777 0.849263 0.914938 0.872474 0.988126 0.895600 0.985576 0.951800 0.908182 0.999091 0.937080 0.969998 0.854232 0.992741 0.897249 0.961489 0.853988 0.749788 0.931222 0.927260 0.936711 0.976675 0.832916 0.874943 0.975595 0.896114 0.946960 0.983268 0.645024 0.795187 0.800727 0.908752 0.834584 0.690279 0.809426 0.776515 0.884913 0.849458 0.998306 0.895211 0.975445 0.997829 0.973823 0.959238 0.954305 0.946703 0.946662 0.940110 0.886232 0.890339 0.887752 0.767066 0.709746 0.657485 0.948540 0.770819 0.888667 0.946433 0.790705 0.943592 0.890683 0.918002 0.990117 0.999801 0.915528 0.950966 0.919096 0.854890 0.800674 0.866999 0.969932 0.918209 0.785501 0.969266 0.974163 0.976260 0.983122 0.965900 0.897610 0.945188 0.945546 0.939843 0.882571 0.913563
0.969416 0.941675 0.985011 0.801411 0.878682 0.000000 0.919416 0.829187 0.873140 0.806438 0.973469 0.890410 0.936464 0.967019 0.969028 0.707878 0.934242 0.944298 0.964838 0.996231 0.967985 0.865137 0.775801 0.856941 0.911636 0.917064 0.949582 0.838190 0.978380 0.981253 0.794293 0.965131 0.923213 0.916044 0.822609 0.843492 0.877762 0.870813 0.971830 0.918481 0.990114 0.880376 0.973309 0.980402 0.746968 0.852577 0.900058 0.856295 0.873775 0.944884 0.952887 0.954642 0.941779 0.935798 0.987063 0.993057 0.949294 0.969074 0.809540 0.895889 0.887682 0.838104 0.952311 0.912565 0.918895 0.842364 0.861235 0.816888 0.859054 0.912830 0.860530 0.856419 0.902175 0.769454 0.895467 0.864847 0.937877 0.808180 0.961987 0.894019 0.969306 0.976431 0.896234 0.995951 0.887090 0.863459 0.860120 0.813380 0.931113 0.967264 0.807036 0.912765 0.748530 0.956331 0.864892 0.925181 0.897572 0.883418 0.797254 0.890211 0.782850 0.864559 0.922702 0.979409 0.808376 0.968111 0.948381 0.901502 0.874699 0.953908 0.926577 0.919777 0.970510 0.940194 0.975724 0.959339
0.986810 0.939157 0.496800 0.549216 0.665081 0.919416 0.000000 0.498528 0.532811 0.753418 0.747824 0.899361 0.559758 0.815475 0.728308 0.911132 0.927435 0.980368 0.762694 0.998846 0.906536 0.959070 0.722086 0.903334 0.975169 0.871919 0.964695 0.901145 0.859965 0.895358 0.847611 0.896487 0.660004 0.666762 0.795101 0.914440 0.942325 0.945558 0.875667 0.969178 0.735615 0.939517 0.750429 0.711015 0.623113 0.720884 0.826150 0.778533 0.926612 0.816634 0.929800 0.994425 0.938688 0.907701 0.783946 0.810273 0.924704 0.819982 0.793134 0.985076 0.443104 0.753897 0.761435 0.954147 0.574188 0.519895 0.476926 0.498462 0.763437 0.721615 0.793934 0.852780 0.935483 0.951521 0.902080 0.949408 0.970806 0.996146 0.992219 0.965639 0.879037 0.942947 0.939465 0.855238 0.657045 0.680794 0.965671 0.783572 0.822963 0.924452 0.664576 0.743994 0.782396 0.663381 0.980606 0.840174 0.957714 0.970482 0.703931 0.659271 0.744192 0.662068 0.982760 0.894916 0.678774 0.987533 0.963963 0.977890 0.868491 0.946362 0.800366 0.858601 0.894759 0.914182 0.810510 0.993720
0.961727 0.844919 0.824960 0.612509 0.764973 0.829187 0.498528 0.000000 0.792186 0.575964 0.791727 0.606385 0.619730 0.660583 0.745011 0.705842 0.877834 0.801535 0.895202 0.842491 0.802194 0.892674 0.807268 0.926332 0.698699 0.820150 0.870028 0.891714 0.710042 0.732460 0.945876 0.938054 0.673253 0.585239 0.886167 0.977664 0.892903 0.988450 0.795575 0.913505 0.718590 0.990800 0.810863 0.717132 0.599543 0.647381 0.866506 0.713343 0.989944 0.923305 0.761919 0.818176 0.869994 0.909207 0.907142 0.839791 0.932878 0.933536 0.751533 0.828903 0.417752 0.436292 0.552744 0.569477 0.746262 0.535918 0.589342 0.513209 0.669600 0.876770 0.954543 0.892604 0.855732 0.836986 0.875841 0.986100 0.765001 0.884372 0.801649 0.996432 0.718763 0.940967 0.896527 0.882122 0.766285 0.799963 0.904630 0.838768 0.983388 0.945609 0.613673 0.801997 0.776389 0.733116 0.801262 0.825563 0.781118 0.872542 0.503849 0.522903 0.642406 0.690948 0.793272 0.839173 0.652096 0.863579 0.975099 0.882393 0.902932 0.857471 0.690074 0.716987 0.736621 0.935925 0.747223 0.998585
0.816995 0.739073 0.698629 0.808552 0.651423 0.873140 0.532811 0.792186 0.000000 0.851757 0.928269 0.829526 0.785254 0.933526 0.874703 0.947347 0.794147 0.766831 0.946630 0.746140 0.916466 0.948751 0.792305 0.995289 0.965974 0.835956 0.995901 0.929977 0.873487 0.821070 0.953709 0.906850 0.941409 0.961249 0.814717 0.873526 0.909628 0.993202 0.994523 0.996477 0.834887 0.821932 0.928383 0.996027 0.724629 0.864666 0.958442 0.985056 0.993508 0.916806 0.935692 0.978172 0.856202 0.783817 0.765087 0.952764 0.766958 0.665084 0.911096 0.840077 0.767219 0.981587 0.890071 0.757757 0.717649 0.739129 0.714677 0.736898 0.786790 0.614341 0.849033 0.695805 0.803159 0.883360 0.996561 0.963405 0.874287 0.891909 0.715050 0.786890 0.814892 0.829503 0.922076 0.994267 0.776863 0.812199 0.883057 0.859937 0.848948 0.987353 0.574578 0.574596 0.606919 0.607968 0.934853 0.934483 0.901454 0.981742 0.803178 0.817396 0.860196 0.780244 0.810646 0.997896 0.847591 0.917320 0.893013 0.957807 0.925538 0.747271 0.881902 0.995876 0.954589 0.926629 0.929711 0.951250
0.929255 0.936981 0.988541 0.958361 0.954793 0.806438 0.753418 0.575964 0.851757 0.000000 0.738069 0.832320 0.938755 0.981704 0.974425 0.970291 0.793530 0.841639 0.981284 0.859178 0.700222 0.936518 0.866685 0.780851 0.742736 0.726965 0.741996 0.818768 0.634009 0.615062 0.816569 0.875660 0.763423 0.736224 0.987500 0.993437 0.987535 0.835231 0.885702 0.981966 0.814811 0.965362 0.698953 0.614411 0.503897 0.525337 0.882201 0.743777 0.777875 0.924166 0.903485 0.976268 0.959882 0.899526 0.998719 0.899304 0.856332 0.962725 0.889037 0.966429 0.793391 0.739157 0.787640 0.792722 0.888237 0.960460 0.857007 0.866028 0.792280 0.974489 0.940558 0.792515 0.958805 0.979960 0.917805 0.972366 0.884437 0.917083 0.978576 0.995085 0.944080 0.836966 0.783351 0.944340 0.777681 0.722301 0.998225 0.943366 0.805275 0.832206 0.874334 0.853878 0.855026 0.790825 0.825046 0.835230 0.854706 0.823631 0.638020 0.733970 0.734492 0.792000 0.758016 0.773838 0.915635 0.976555 0.905653 0.959799 0.978365 0.881582 0.767634 0.761762 0.820430 0.849429 0.983168 0.976846
0.716633 0.890297 0.968770 0.940722 0.781537 0.973469 0.747824 0.791727 0.928269 0.738069 0.000000 0.735388 0.823435 0.990784 0.941556 0.913350 0.557989 0.603039 0.745697 0.689979 0.890052 0.985565 0.746815 0.716194 0.807860 0.869278 0.789025 0.734527 0.554877 0.624192 0.928728 0.980342 0.799748 0.692676 0.917782 0.977653 0.885128 0.918588 0.967960 0.951410 0.900846 0.958470 0.900169 0.760361 0.795256 0.837241 0.985720 0.967221 0.933557 0.840097 0.915581 0.753733 0.790062 0.819536 0.866226 0.879033 0.696891 0.870198 0.763588 0.882863 0.744664 0.856555 0.628038 0.806542 0.821569 0.947916 0.879054 0.879547 0.956492 0.870831 0.923739 0.918146 0.646868 0.726401 0.980273 0.857661 0.903445 0.968263 0.853522 0.863012 0.819274 0.886664 0.880876 0.948531 0.915153 0.885775 0.813780 0.955311 0.855521 0.833180 0.764672 0.819022 0.860754 0.962415 0.918301 0.842700 0.980293 0.979339 0.920548 0.834102 0.947942 0.948756 0.956214 0.795894 0.938783 0.819295 0.869621 0.845150 0.994912 0.881764 0.860555 0.933617 0.983619 0.922072 0.972687 0.962877
0.667313 0.605637 0.842570 0.875733 0.877820 0.890410 0.899361 0.606385 0.829526 0.832320 0.735388 0.000000 0.660855 0.520184 0.677972 0.562668 0.585052 0.527369 0.739285 0.536013 0.908062 0.944244 0.928992 0.890654 0.718199 0.709548 0.865208 0.815785 0.505874 0.575625 0.979893 0.908633 0.705108 0.533679 0.987331 0.978789 0.885659 0.960317 0.794035 0.906442 0.883084 0.981275 0.885960 0.711424 0.778304 0.702704 0.902418 0.776564 0.990844 0.907138 0.849429 0.991448 0.888199 0.797533 0.982936 0.881078 0.630737 0.621018 0.738440 0.732309 0.534425 0.450365 0.468748 0.376994 0.994282 0.720191 0.831643 0.715247 0.982200 0.776388 0.939037 0.737941 0.815245 0.858006 0.917597 0.877818 0.649035 0.776171 0.643199 0.773343 0.570517 0.651961 0.708883 0.867500 0.820842 0.825744 0.876204 0.858856 0.806217 0.976335 0.928807 0.719536 0.791939 0.807600 0.827275 0.812488 0.795513 0.821366 0.819442 0.702206 0.853364 0.895357 0.735764 0.826560 0.894138 0.976125 0.973971 0.987118 0.986062 0.721668 0.671700 0.775934 0.813596 0.770760 0.790456 0.976556
0.986968 0.956076 0.681393 0.692372 0.659662 0.936464 0.559758 0.619730 0.785254 0.938755 0.823435 0.660855 0.000000 0.452773 0.433652 0.557958 0.811920 0.845583 0.758405 0.785305 0.938397 0.933433 0.568234 0.695994 0.928807 0.985630 0.934453 0.961862 0.761266 0.792715 0.875210 0.844778 0.686190 0.697770 0.856521 0.948038 0.986101 0.872100 0.743489 0.970048 0.764787 0.842973 0.975346 0.905434 0.844193 0.860371 0.907300 0.845207 0.805516 0.871145 0.788869 0.932204 0.869050 0.773789 0.873336 0.744745 0.948699 0.955421 0.943137 0.979139 0.387911 0.678999 0.634892 0.734890 0.647484 0.581532 0.785533 0.661159 0.657930 0.869347 0.827893 0.946938 0.901037 0.921569 0.871881 0.888714 0.913907 0.911087 0.808264 0.880771 0.726586 0.746485 0.698689 0.909716 0.540348 0.605717 0.829352 0.722217 0.904906 0.963808 0.852193 0.877978 0.938032 0.960197 0.894338 0.962500 0.923191 0.933862 0.867296 0.819067 0.894951 0.811750 0.935167 0.890932 0.817574 0.966665 0.894675 0.840655 0.989317 0.970746 0.867944 0.854452 0.947278 0.992856 0.724065 0.993038
0.943886 0.833020 0.960134 0.774369 0.889008 0.967019 0.815475 0.660583 0.933526 0.981704 0.990784 0.520184 0.452773 0.000000 0.411049 0.444290 0.778856 0.747249 0.823911 0.700509 0.945727 0.959988 0.641554 0.695978 0.846966 0.787735 0.915931 0.998651 0.706697 0.724248 0.983027 0.852202 0.738402 0.712358 0.970813 0.947188 0.803035 0.890195 0.601726 0.977035 0.746832 0.837680 0.916276 0.918240 0.968525 0.884111 0.976056 0.838941 0.769156 0.932163 0.749095 0.878373 0.918876 0.846665 0.906525 0.719877 0.997577 0.893262 0.896069 0.848288 0.511201 0.630399 0.617726 0.569791 0.784175 0.638657 0.944864 0.802317 0.732940 0.961869 0.833550 0.924949 0.922158 0.929137 0.871936 0.865680 0.848274 0.889291 0.716081 0.797605 0.675035 0.732588 0.650413 0.971197 0.657451 0.701653 0.758773 0.855950 0.951515 0.996636 0.979266 0.710151 0.768152 0.757225 0.982517 0.962137 0.990077 0.939018 0.944878 0.827433 0.979292 0.920266 0.852784 0.913204 0.860210 0.930432 0.890915 0.824499 0.944851 0.895222 0.775338 0.834869 0.978096 0.917827 0.739021 0.956970
0.948765 0.940629 0.794177 0.692919 0.877770 0.969028 0.728308 0.745011 0.874703 0.974425 0.941556 0.677972 0.433652 0.411049 0.000000 0.535524 0.841742 0.849160 0.780789 0.803470 0.984516 0.957019 0.513122 0.663349 0.948609 0.966829 0.841253 0.926558 0.800129 0.828808 0.880528 0.731332 0.667724 0.785671 0.878674 0.966903 0.960515 0.957126 0.745439 0.851433 0.775713 0.854041 0.973843 0.955572 0.908800 0.885807 0.886123 0.791145 0.768937 0.940662 0.807422 0.882875 0.892505 0.787242 0.912754 0.837245 0.926653 0.969911 0.974038 0.987715 0.547926 0.738452 0.753916 0.751020 0.656712 0.624467 0.884568 0.764381 0.736403 0.962233 0.816981 0.968029 0.887993 0.922517 0.897344 0.897781 0.891270 0.982683 0.785176 0.868419 0.768309 0.765769 0.631368 0.971983 0.583183 0.618603 0.755254 0.808112 0.916957 0.923766 0.905689 0.844953 0.899877 0.861875 0.925533 0.913862 0.979921 0.946974 0.916254 0.820103 0.941596 0.843244 0.960578 0.947476 0.794468 0.922070 0.862027 0.820405 0.903502 0.992199 0.865902 0.841363 0.953113 0.991054 0.725800 0.877405
0.976420 0.794491 0.941975 0.803113 0.907602 0.707878 0.911132 0.705842 0.947347 0.970291 0.913350 0.562668 0.557958 0.444290 0.535524 0.000000 0.901837 0.812712 0.809069 0.749659 0.916592 0.871998 0.569731 0.619313 0.841484 0.918606 0.926031 0.999839 0.749392 0.806498 0.878118 0.825168 0.762890 0.739959 0.958138 0.977962 0.930459 0.994141 0.761236 0.991928 0.846193 0.807624 0.938419 0.953516 0.855191 0.810735 0.962216 0.813630 0.857334 0.951860 0.808464 0.886408 0.905253 0.868106 0.963034 0.794483 0.915066 0.863655 0.948877 0.952124 0.606503 0.635271 0.644481 0.552803 0.826490 0.685842 0.919326 0.733228 0.747863 0.900849 0.984037 0.836536 0.847291 0.832709 0.918274 0.892328 0.837392 0.896776 0.719462 0.861763 0.698764 0.732999 0.601680 0.932754 0.690975 0.710624 0.712416 0.748537 0.923566 0.973744 0.933789 0.810149 0.897789 0.798753 0.968976 0.942963 0.991021 0.893248 0.873159 0.854922 0.842708 0.929227 0.832162 0.893154 0.806313 0.867888 0.947657 0.959262 0.993921 0.836601 0.778572 0.825252 0.965206 0.921526 0.759481 0.998944
0.673604 0.642409 0.990854 0.996475 0.964530 0.934242 0.927435 0.877834 0.794147 0.793530 0.557989 0.585052 0.811920 0.778856 0.841742 0.901837 0.000000 0.367687 0.538351 0.461675 0.975184 0.953456 0.860396 0.877627 0.950737 0.864410 0.886497 0.769395 0.428245 0.443699 0.777435 0.710592 0.574523 0.562425 0.948592 0.959749 0.924686 0.942195 0.942179 0.955914 0.907173 0.826760 0.740229 0.576065 0.773717 0.700721 0.690212 0.689201 0.921119 0.993075 0.944873 0.820000 0.807914 0.827585 0.932297 0.867185 0.473537 0.549902 0.672183 0.859162 0.761954 0.834596 0.535528 0.581350 0.907952 0.964693 0.931096 0.834871 0.865196 0.582828 0.830623 0.760316 0.600818 0.599461 0.923025 0.882219 0.790942 0.884470 0.616471 0.603769 0.562423 0.643514 0.870734 0.850191 0.967657 0.977226 0.912983 0.973856 0.705356 0.922601 0.625181 0.603440 0.675960 0.743539 0.870129 0.818461 0.824106 0.900494 0.941165 0.915051 0.918762 0.969375 0.707155 0.710455 0.967141 0.866494 0.960800 0.783560 0.916456 0.704289 0.738044 0.850601 0.964268 0.817247 0.891213 0.982295
0.613702 0.556185 0.924623 0.979977 0.916164 0.944298 0.980368 0.801535 0.766831 0.841639 0.603039 0.527369 0.845583 0.747249 0.849160 0.812712 0.367687 0.000000 0.570151 0.434656 0.969509 0.999499 0.920189 0.924130 0.871617 0.841715 0.910180 0.754422 0.448721 0.460554 0.807279 0.729302 0.608846 0.525824 0.905980 0.988022 0.965035 0.915882 0.976435 0.998930 0.892829 0.831590 0.785118 0.599177 0.807224 0.716424 0.732699 0.683699 0.981982 0.983379 0.968233 0.871162 0.781433 0.773995 0.933689 0.953007 0.435067 0.503807 0.683905 0.774018 0.752000 0.734947 0.484234 0.460758 0.909816 0.967379 0.926390 0.802028 0.828139 0.492307 0.769809 0.719671 0.562787 0.600506 0.911139 0.871673 0.730120 0.804107 0.516650 0.544437 0.451424 0.563586 0.760489 0.740698 0.989504 0.939300 0.951163 0.995709 0.699101 0.984572 0.662962 0.563739 0.645292 0.679375 0.809123 0.820850 0.707893 0.784167 0.901433 0.835981 0.870878 0.973241 0.656016 0.736703 0.902132 0.987473 0.983156 0.845364 0.896802 0.598706 0.656376 0.850560 0.947084 0.826777 0.827368 0.969166
0.658836 0.648129 0.682876 0.718233 0.912018 0.964838 0.762694 0.895202 0.946630 0.981284 0.745697 0.739285 0.758405 0.823911 0.780789 0.809069 0.538351 0.570151 0.000000 0.576811 0.865695 0.914437 0.815115 0.815988 0.782836 0.756029 0.905254 0.948766 0.632224 0.713544 0.637312 0.689804 0.512924 0.555332 0.937150 0.938118 0.925109 0.800551 0.971233 0.972345 0.899969 0.887842 0.655733 0.596042 0.751832 0.758279 0.578272 0.653769 0.915768 0.980250 0.861624 0.930919 0.954087 0.942378 0.894920 0.864092 0.583382 0.708973 0.710413 0.925756 0.739567 0.941921 0.686778 0.804979 0.730740 0.797076 0.681628 0.664288 0.810024 0.691370 0.819495 0.776745 0.723807 0.680791 0.984451 0.814579 0.796955 0.883754 0.723207 0.651443 0.651898 0.619884 0.738084 0.752572 0.793325 0.735368 0.861484 0.872741 0.922281 0.935822 0.831900 0.792361 0.837954 0.887163 0.950303 0.872255 0.832607 0.793671 0.956939 0.835050 0.764555 0.932966 0.793119 0.781906 0.844924 0.968446 0.954551 0.848280 0.997958 0.924726 0.707053 0.921985 0.989091 0.945651 0.875792 0.923259
0.566074 0.561232 0.969830 0.940951 0.917646 0.996231 0.998846 0.842491 0.746140 0.859178 0.689979 0.536013 0.785305 0.700509 0.803470 0.749659 0.461675 0.434656 0.576811 0.000000 0.991569 0.986725 0.958189 0.901915 0.997876 0.867283 0.941721 0.818137 0.488674 0.575083 0.851365 0.738378 0.585256 0.588148 0.928531 0.953559 0.968794 0.869138 0.846691 0.980640 0.964366 0.828857 0.798068 0.670039 0.881601 0.770290 0.800308 0.734059 0.868583 0.867587 0.796863 0.994881 0.928050 0.907982 0.921442 0.930567 0.530123 0.497887 0.688483 0.672958 0.757297 0.730987 0.583665 0.555129 0.965974 0.950383 0.867154 0.811453 0.816211 0.549215 0.843060 0.741884 0.626517 0.700089 0.979116 0.834691 0.720575 0.791786 0.640571 0.649335 0.523900 0.599178 0.810647 0.778971 0.891121 0.903922 0.811957 0.971678 0.753818 0.917156 0.691411 0.587890 0.683777 0.645975 0.872548 0.879630 0.836015 0.879096 0.961568 0.856271 0.775241 0.912326 0.665191 0.808141 0.818268 0.990524 0.937437 0.862084 0.877468 0.747393 0.640141 0.862987 0.975558 0.774783 0.784679 0.970153
0.899366 0.943922 0.771861 0.864258 0.808516 0.967985 0.906536 0.802194 0.916466 0.700222 0.890052 0.908062 0.938397 0.945727 0.984516 0.916592 0.975184 0.969509 0.865695 0.991569 0.000000 0.948569 0.967486 0.933401 0.814291 0.675042 0.898245 0.811171 0.971651 0.922972 0.971759 0.988468 0.948109 0.968487 0.868720 0.913047 0.915833 0.933074 0.785719 0.981762 0.928843 0.931066 0.925219 0.964099 0.818947 0.787772 0.971481 0.873338 0.826873 0.878049 0.901091 0.943325 0.903593 0.967532 0.997869 0.907607 0.971032 0.897146 0.973232 0.906856 0.994938 0.840592 0.962619 0.840038 0.882442 0.907493 0.930835 0.912762 0.865118 0.992647 0.926601 0.851023 0.882412 0.884679 0.799553 0.861438 0.986860 0.978181 0.967770 0.880057 0.998213 0.906607 0.944521 0.916119 0.891566 0.783094 0.893688 0.979856 0.934971 0.958646 0.831636 0.882535 0.933191 0.932166 0.874477 0.906313 0.841942 0.972004 0.740812 0.875517 0.975657 0.898958 0.854728 0.838322 0.995035 0.908194 0.991446 0.918766 0.978947 0.932014 0.925542 0.746499 0.877634 0.906739 0.938052 0.982115
0.911441 0.966386 0.875497 0.949340 0.761158 0.865137 0.959070 0.892674 0.948751 0.936518 0.985565 0.944244 0.933433 0.959988 0.957019 0.871998 0.953456 0.999499 0.914437 0.986725 0.948569 0.000000 0.898536 0.985820 0.893267 0.986180 0.975439 0.884113 0.902043 0.970580 0.911699 0.949588 0.964083 0.923600 0.975633 0.970655 0.857709 0.790573 0.960847 0.789492 0.913485 0.895821 0.869443 0.920793 0.970738 0.944975 0.779022 0.973244 0.942913 0.825692 0.892124 0.918689 0.840048 0.960128 0.942671 0.942635 0.990049 0.973171 0.900900 0.992043 0.854586 0.815200 0.967171 0.921098 0.971395 0.836370 0.988818 0.982650 0.998979 0.996870 0.969635 0.948061 0.993523 0.870570 0.912395 0.839076 0.988038 0.956121 0.951273 0.963867 0.950722 0.958812 0.977767 0.991749 0.854625 0.842820 0.855120 0.861142 0.941652 0.908382 0.874690 0.988974 0.995253 0.998685 0.997053 0.949379 0.881719 0.964149 0.893750 0.935453 0.937124 0.904533 0.942365 0.880041 0.849299 0.856859 0.924854 0.984329 0.969631 0.945612 0.905098 0.953699 0.925439 0.911516 0.941576 0.992118
0.878228 0.991942 0.661781 0.551402 0.808175 0.775801 0.722086 0.807268 0.792305 0.866685 0.746815 0.928992 0.568234 0.641554 0.513122 0.569731 0.860396 0.920189 0.815115 0.958189 0.967486 0.898536 0.000000 0.432005 0.831284 0.715751 0.714879 0.875466 0.849464 0.867583 0.790932 0.775334 0.738241 0.876668 0.780760 0.789801 0.833838 0.961659 0.821719 0.948237 0.812614 0.820453 0.956023 0.937146 0.899053 0.943287 0.909303 0.777721 0.876138 0.992752 0.795486 0.786591 0.745916 0.690944 0.985797 0.973661 0.837647 0.930378 0.884667 0.962287 0.670905 0.860767 0.976399 0.955375 0.478663 0.531261 0.796978 0.664674 0.782770 0.851048 0.945162 0.943123 0.741436 0.741471 0.856926 0.937381 0.902242 0.885804 0.933487 0.934860 0.837384 0.768661 0.560897 0.851367 0.426854 0.463623 0.790095 0.591173 0.836025 0.728858 0.704763 0.948873 0.885548 0.958874 0.907357 0.977395 0.945425 0.994116 0.897187 0.811556 0.789182 0.804948 0.986061 0.788460 0.656170 0.812995 0.850240 0.920406 0.963906 0.973872 0.908140 0.923021 0.930515 0.961913 0.722231 0.994840
0.944143 0.894484 0.737266 0.572401 0.899008 0.856941 0.903334 0.926332 0.995289 0.780851 0.716194 0.890654 0.695994 0.695978 0.663349 0.619313 0.877627 0.924130 0.815988 0.901915 0.933401 0.985820 0.432005 0.000000 0.745011 0.759523 0.663074 0.891117 0.852796 0.822801 0.863421 0.823988 0.843079 0.902465 0.900307 0.780696 0.877828 0.888844 0.839892 0.987973 0.991052 0.908318 0.928170 0.928007 0.944385 0.984625 0.854102 0.841513 0.949613 0.867397 0.721000 0.737435 0.733557 0.820752 0.863823 0.980010 0.966156 0.925207 0.966047 0.914713 0.815514 0.892341 0.998143 0.947264 0.587204 0.627528 0.895934 0.761296 0.963619 0.904693 0.950695 0.881008 0.763935 0.769263 0.958282 0.895704 0.948005 0.931161 0.903718 0.872863 0.823883 0.710194 0.607575 0.827674 0.495859 0.505839 0.828142 0.565815 0.761370 0.695193 0.801699 0.999735 0.909392 0.937816 0.882567 0.966701 0.944373 0.893580 0.938602 0.939872 0.791460 0.934148 0.874775 0.796220 0.760160 0.769121 0.910764 0.979963 0.991653 0.993941 0.940166 0.944002 0.987458 0.941844 0.813432 0.824022
0.810352 0.829087 0.598832 0.820627 0.891941 0.911636 0.975169 0.698699 0.965974 0.742736 0.807860 0.718199 0.928807 0.846966 0.948609 0.841484 0.950737 0.871617 0.782836 0.997876 0.814291 0.893267 0.831284 0.745011 0.000000 0.489898 0.731017 0.862797 0.788167 0.697686 0.761950 0.980520 0.906785 0.991579 0.781762 0.906408 0.721222 0.863978 0.858645 0.877368 0.809382 0.920501 0.814947 0.918888 0.867493 0.978993 0.718494 0.805896 0.765857 0.652923 0.779202 0.784442 0.730796 0.837546 0.694637 0.777771 0.928146 0.879237 0.798945 0.849908 0.850727 0.740753 0.715439 0.690060 0.634861 0.977603 0.870252 0.955086 0.741850 0.921739 0.821007 0.985677 0.915754 0.929437 0.904310 0.973902 0.949679 0.975794 0.932516 0.982566 0.957958 0.821627 0.955572 0.868201 0.766401 0.792480 0.756767 0.934999 0.829708 0.681504 0.912399 0.970272 0.969928 0.902317 0.950629 0.946266 0.971158 0.938090 0.807173 0.777195 0.954917 0.903188 0.987096 0.984476 0.948130 0.974188 0.920365 0.816504 0.975651 0.880813 0.878047 0.828069 0.857506 0.972775 0.934774 0.803634
0.957730 0.947374 0.561679 0.678407 0.943991 0.917064 0.871919 0.820150 0.835956 0.726965 0.869278 0.709548 0.985630 0.787735 0.966829 0.918606 0.864410 0.841715 0.756029 0.867283 0.675042 0.986180 0.715751 0.759523 0.489898 0.000000 0.757474 0.826511 0.728827 0.674228 0.661241 0.904366 0.840482 0.978773 0.824193 0.934704 0.686485 0.884262 0.776536 0.919527 0.837792 0.963460 0.859282 0.981688 0.980928 0.931556 0.723321 0.853097 0.881431 0.894477 0.947177 0.838236 0.837819 0.874382 0.796370 0.807703 0.990036 0.999670 0.992063 0.933633 0.917816 0.736702 0.751881 0.693940 0.578214 0.818266 0.761221 0.773607 0.857466 0.893999 0.802946 0.999848 0.969639 0.998035 0.953097 0.902142 0.839270 0.959715 0.953849 0.968402 0.989744 0.837747 0.874754 0.839726 0.721704 0.640372 0.822733 0.862119 0.828570 0.683424 0.917088 0.838600 0.840041 0.935208 0.900124 0.998781 0.957939 0.976539 0.936282 0.964720 0.921238 0.967360 0.826733 0.925742 0.873545 0.871261 0.949290 0.916978 0.986038 0.835476 0.877593 0.801601 0.866126 0.861595 0.866900 0.914197
0.985455 0.959821 0.849456 0.868619 0.985967 0.949582 0.964695 0.870028 0.995901 0.741996 0.789025 0.865208 0.934453 0.915931 0.841253 0.926031 0.886497 0.910180 0.905254 0.941721 0.898245 0.975439 0.714879 0.663074 0.731017 0.757474 0.000000 0.887441 0.743267 0.866849 0.899086 0.872851 0.932730 0.981126 0.947657 0.936003 0.960381 0.919943 0.966483 0.992825 0.918472 0.949617 0.865494 0.807652 0.866271 0.848922 0.929324 0.976193 0.928549 0.937340 0.996922 0.950494 0.910734 0.931006 0.932166 0.991841 0.936137 0.994056 0.880394 0.946530 0.938568 0.870163 0.845427 0.864335 0.828264 0.925305 0.884304 0.966031 0.967568 0.971554 0.962536 0.956231 0.829777 0.899516 0.962790 0.962909 0.838492 0.964117 0.946017 0.883413 0.978900 0.893382 0.867512 0.954360 0.763303 0.736895 0.981536 0.756544 0.926094 0.891938 0.941762 0.935796 0.979282 0.965244 0.987721 0.891606 0.878123 0.804564 0.886637 0.950651 0.953432 0.878703 0.938368 0.912838 0.897278 0.848783 0.964726 0.827450 0.930035 0.970360 0.961558 0.988109 0.838056 0.936402 0.962765 0.856601
0.862950 0.904118 0.880062 0.867504 0.974800 0.838190 0.901145 0.891714 0.929977 0.818768 0.734527 0.815785 0.961862 0.998651 0.926558 0.999839 0.769395 0.754422 0.948766 0.818137 0.811171 0.884113 0.875466 0.891117 0.862797 0.826511 0.887441 0.000000 0.836902 0.834879 0.927164 0.977562 0.922286 0.854017 0.870981 0.946689 0.907721 0.963126 0.923021 0.815479 0.863495 0.969817 0.835878 0.784129 0.855297 0.828449 0.978553 0.951024 0.988991 0.927583 0.902198 0.817132 0.904555 0.791804 0.845010 0.961481 0.778774 0.879374 0.826828 0.876993 0.866158 0.859766 0.860716 0.818773 0.846339 0.962440 0.980179 0.924469 0.821446 0.891783 0.971903 0.992984 0.831381 0.870133 0.941813 0.943771 0.975283 0.907224 0.909593 0.876349 0.802185 0.830167 0.949170 0.944723 0.966661 0.919778 0.957595 0.954960 0.784241 0.988334 0.912438 0.946496 0.874095 0.990241 0.980771 0.908928 0.977633 0.936804 0.982362 0.846641 0.957152 0.974706 0.867455 0.863932 0.920396 0.990324 0.996507 0.955216 0.928147 0.936813 0.813912 0.936715 0.867360 0.810112 0.969869 0.940905
0.696809 0.683315 0.931505 0.983304 0.983103 0.978380 0.859965 0.710042 0.873487 0.634009 0.554877 0.505874 0.761266 0.706697 0.800129 0.749392 0.428245 0.448721 0.632224 0.488674 0.971651 0.902043 0.849464 0.852796 0.788167 0.728827 0.743267 0.836902 0.000000 0.421285 0.816257 0.763294 0.589706 0.531758 0.941581 0.828688 0.940899 0.935430 0.829952 0.973753 0.825688 0.891278 0.726372 0.558687 0.705773 0.605848 0.761986 0.730927 0.931305 0.999716 0.896963 0.890671 0.835245 0.887089 0.978805 0.856276 0.574398 0.672448 0.709561 0.816882 0.695804 0.718187 0.478076 0.521488 0.875519 0.992466 0.858592 0.811199 0.992563 0.633245 0.953002 0.791540 0.645446 0.657392 0.970952 0.853468 0.670926 0.914051 0.697337 0.721114 0.614879 0.788065 0.922835 0.945212 0.902866 0.885748 0.959767 0.925306 0.724811 0.818441 0.725248 0.705275 0.758082 0.844543 0.839696 0.816593 0.838245 0.829869 0.844013 0.801571 0.826073 0.968161 0.717439 0.711648 0.982282 0.952156 0.973063 0.891288 0.964390 0.714512 0.697394 0.746914 0.888216 0.815020 0.887616 0.963222
0.921401 0.823412 0.894072 0.946597 0.926899 0.981253 0.895358 0.732460 0.821070 0.615062 0.624192 0.575625 0.792715 0.724248 0.828808 0.806498 0.443699 0.460554 0.713544 0.575083 0.922972 0.970580 0.867583 0.822801 0.697686 0.674228 0.866849 0.834879 0.421285 0.000000 0.775300 0.687850 0.657769 0.546615 0.859480 0.869099 0.887716 0.981750 0.926941 0.962943 0.847773 0.947130 0.812730 0.629208 0.734702 0.681362 0.852039 0.802667 0.881894 0.831831 0.915144 0.707518 0.719960 0.827185 0.920780 0.701744 0.640057 0.763830 0.895900 0.989168 0.743234 0.799126 0.477550 0.534074 0.748150 0.895327 0.992743 0.882675 0.869943 0.705888 0.928850 0.754355 0.767590 0.732873 0.931490 0.836230 0.826496 0.865131 0.722100 0.659950 0.664610 0.818272 0.913552 0.887890 0.805519 0.823566 0.955920 0.982197 0.652460 0.699169 0.733447 0.667262 0.693605 0.814563 0.795967 0.795758 0.855658 0.797420 0.869726 0.948549 0.895852 0.966553 0.645687 0.801785 0.980418 0.884879 0.993604 0.845381 0.913512 0.639301 0.670345 0.823962 0.869576 0.812997 0.945792 0.896561
0.984166 0.826384 0.698279 0.727111 0.998253 0.794293 0.847611 0.945876 0.953709 0.816569 0.928728 0.979893 0.875210 0.983027 0.880528 0.878118 0.777435 0.807279 0.637312 0.851365 0.971759 0.911699 0.790932 0.863421 0.761950 0.661241 0.899086 0.927164 0.816257 0.775300 0.000000 0.625582 0.614296 0.718777 0.919532 0.994611 0.708963 0.820721 0.912336 0.946268 0.980834 0.924351 0.649536 0.693218 0.706920 0.715808 0.606349 0.586684 0.894335 0.884152 0.929236 0.983860 0.951655 0.861463 0.823533 0.956355 0.722583 0.794114 0.964899 0.930359 0.935015 0.888581 0.864651 0.938819 0.850859 0.989465 0.879887 0.798681 0.917257 0.855989 0.738218 0.771388 0.945964 0.930049 0.882995 0.814056 0.995499 0.837646 0.864969 0.723239 0.745596 0.745653 0.847582 0.774278 0.945091 0.892702 0.945871 0.824748 0.886863 0.917786 0.902564 0.922459 0.959063 0.902448 0.899395 0.800882 0.871979 0.827141 0.897759 0.979998 0.862706 0.866822 0.853011 0.940595 0.952281 0.925381 0.953240 0.851666 0.899477 0.913196 0.877303 0.993405 0.933864 0.995462 0.897491 0.978153
0.886030 0.958698 0.822171 0.816891 0.953624 0.965131 0.896487 0.938054 0.906850 0.875660 0.980342 0.908633 0.844778 0.852202 0.731332 0.825168 0.710592 0.729302 0.689804 0.738378 0.988468 0.949588 0.775334 0.823988 0.980520 0.904366 0.872851 0.977562 0.763294 0.687850 0.625582 0.000000 0.585825 0.792109 0.979339 0.940265 0.894734 0.880441 0.957146 0.959589 0.925186 0.859469 0.808126 0.785221 0.823013 0.799394 0.739798 0.738378 0.870926 0.966231 0.996340 0.878008 0.891301 0.984702 0.903330 0.908582 0.819777 0.810641 0.899924 0.868373 0.908137 0.945340 0.767377 0.803331 0.931866 0.986900 0.971874 0.841259 0.968812 0.842053 0.872845 0.670264 0.960517 0.906777 0.935463 0.943938 0.991890 0.837494 0.722692 0.590907 0.676556 0.730422 0.747234 0.698263 0.971283 0.885282 0.997034 0.793578 0.813617 0.999901 0.876892 0.907597 0.834305 0.880662 0.919556 0.923225 0.975751 0.791599 0.981632 0.968969 0.875718 0.892321 0.782640 0.819333 0.810730 0.839782 0.917460 0.865492 0.887993 0.825906 0.809511 0.932346 0.868598 0.892207 0.910733 0.943821
0.813020 0.652276 0.682823 0.609893 0.915777 0.923213 0.660004 0.673253 0.941409 0.763423 0.799748 0.705108 0.686190 0.738402 0.667724 0.762890 0.574523 0.608846 0.512924 0.585256 0.948109 0.964083 0.738241 0.843079 0.906785 0.840482 0.932730 0.922286 0.589706 0.657769 0.614296 0.585825 0.000000 0.530414 0.818450 0.998839 0.866103 0.923817 0.936430 0.964140 0.855970 0.827868 0.655385 0.569123 0.651243 0.635078 0.571860 0.560822 0.928202 0.908088 0.732536 0.877990 0.938096 0.905300 0.878628 0.947209 0.650336 0.669756 0.664633 0.812065 0.619772 0.785103 0.607808 0.671196 0.710629 0.731177 0.648418 0.548897 0.970907 0.832019 0.884406 0.763905 0.870894 0.907097 0.964454 0.832643 0.735987 0.851275 0.735140 0.673894 0.555770 0.669489 0.744611 0.748980 0.745754 0.760072 0.870431 0.841363 0.898490 0.831595 0.983100 0.897392 0.928614 0.927326 0.851186 0.848658 0.908095 0.875607 0.715074 0.715538 0.740285 0.836834 0.805791 0.805081 0.680001 0.929123 0.925497 0.863625 0.916426 0.854280 0.773020 0.887093 0.960883 0.910651 0.722558 0.973150
0.667984 0.588515 0.777020 0.691861 0.849263 0.916044 0.666762 0.585239 0.961249 0.736224 0.692676 0.533679 0.697770 0.712358 0.785671 0.739959 0.562425 0.525824 0.555332 0.588148 0.968487 0.923600 0.876668 0.902465 0.991579 0.978773 0.981126 0.854017 0.531758 0.546615 0.718777 0.792109 0.530414 0.000000 0.863936 0.968871 0.894237 0.863115 0.958807 0.986778 0.910581 0.889132 0.619208 0.495062 0.644054 0.590213 0.627898 0.575587 0.917592 0.997807 0.784826 0.997703 0.970997 0.903538 0.962192 0.902755 0.575346 0.668709 0.643269 0.759989 0.581621 0.645898 0.546035 0.569562 0.797820 0.711678 0.639604 0.538040 0.984970 0.794535 0.824218 0.745769 0.766708 0.749312 0.889771 0.862056 0.690563 0.734201 0.701168 0.753025 0.549797 0.662247 0.789941 0.734669 0.813337 0.799646 0.967859 0.857078 0.846865 0.975450 0.969708 0.829387 0.897564 0.952276 0.809841 0.735589 0.768420 0.791335 0.706097 0.701090 0.703522 0.935744 0.682425 0.763760 0.734829 0.947068 0.928696 0.893880 0.903925 0.694062 0.715981 0.756999 0.769954 0.869998 0.732159 0.892387
0.878148 0.890847 0.715949 0.705815 0.914938 0.822609 0.795101 0.886167 0.814717 0.987500 0.917782 0.987331 0.856521 0.970813 0.878674 0.958138 0.948592 0.905980 0.937150 0.928531 0.868720 0.975633 0.780760 0.900307 0.781762 0.824193 0.947657 0.870981 0.941581 0.859480 0.919532 0.979339 0.818450 0.863936 0.000000 0.899812 0.727731 0.957606 0.886623 0.865594 0.934665 0.962431 0.798575 0.813781 0.869012 0.840514 0.912434 0.805901 0.811774 0.770139 0.763227 0.770031 0.779365 0.785126 0.865364 0.870251 0.982948 0.925744 0.822618 0.860220 0.794904 0.806687 0.912208 0.946760 0.634341 0.679341 0.714533 0.738196 0.983706 0.920915 0.936698 0.907533 0.975730 0.932819 0.977322 0.900068 0.757946 0.841982 0.967267 0.866368 0.934190 0.927039 0.883520 0.826785 0.696938 0.732175 0.939737 0.940542 0.915401 0.769737 0.836664 0.874190 0.859559 0.865505 0.966702 0.932303 0.941010 0.909866 0.878239 0.954025 0.888295 0.840134 0.998799 0.884363 0.827665 0.930504 0.869729 0.954465 0.960055 0.917523 0.914426 0.996671 0.872159 0.950937 0.751719 0.873010
0.926247 0.998445 0.854022 0.858980 0.872474 0.843492 0.914440 0.977664 0.873526 0.993437 0.977653 0.978789 0.948038 0.947188 0.966903 0.977962 0.959749 0.988022 0.938118 0.953559 0.913047 0.970655 0.789801 0.780696 0.906408 0.934704 0.936003 0.946689 0.828688 0.869099 0.994611 0.940265 0.998839 0.968871 0.899812 0.000000 0.980782 0.966636 0.966723 0.932766 0.978660 0.941714 0.993388 0.978039 0.897677 0.974937 0.967995 0.904776 0.954504 0.996618 0.985045 0.977664 0.968165 0.999803 0.949965 0.911495 0.989084 0.935701 0.964010 0.999678 0.918903 0.942254 0.862994 0.904949 0.801859 0.850684 0.936246 0.922799 0.925000 0.963550 0.981746 0.945323 0.988930 0.923203 0.906999 0.892313 0.892612 0.874897 0.950446 0.911393 0.995528 0.891264 0.761823 0.909682 0.752742 0.806706 0.888390 0.742048 0.812895 0.838920 0.872511 0.975860 0.851573 0.931654 0.967006 0.956365 0.844505 0.879567 0.999896 0.965378 0.873122 0.922253 0.883414 0.901118 0.903878 0.984895 0.798054 0.961310 0.979029 0.949937 0.989782 0.999595 0.951450 0.995721 0.948620 0.938974
0.979877 0.835472 0.827261 0.922575 0.988126 0.877762 0.942325 0.892903 0.909628 0.987535 0.885128 0.885659 0.986101 0.803035 0.960515 0.930459 0.924686 0.965035 0.925109 0.968794 0.915833 0.857709 0.833838 0.877828 0.721222 0.686485 0.960381 0.907721 0.940899 0.887716 0.708963 0.894734 0.866103 0.894237 0.727731 0.980782 0.000000 0.679935 0.732301 0.943585 0.818194 0.922256 0.783799 0.896017 0.836592 0.788365 0.730218 0.748089 0.771277 0.710878 0.887434 0.824790 0.837035 0.831662 0.747509 0.730013 0.872597 0.838867 0.954735 0.974468 0.905686 0.946824 0.911645 0.959633 0.852982 0.958735 0.889146 0.795159 0.938736 0.928974 0.674530 0.892552 0.979199 0.972348 0.943285 0.949236 0.997289 0.800786 0.965097 0.973988 0.914370 0.876477 0.924515 0.776938 0.922082 0.929044 0.869363 0.869798 0.827103 0.818551 0.993100 0.937848 0.868679 0.958230 0.935886 0.887103 0.960098 0.804962 0.823670 0.978469 0.822635 0.968949 0.926192 0.936561 0.891530 0.795374 0.975169 0.927024 0.901030 0.876529 0.875955 0.982539 0.976684 0.959763 0.802425 0.992157
0.883192 0.776782 0.910424 0.898110 0.895600 0.870813 0.945558 0.988450 0.993202 0.835231 0.918588 0.960317 0.872100 0.890195 0.957126 0.994141 0.942195 0.915882 0.800551 0.869138 0.933074 0.790573 0.961659 0.888844 0.863978 0.884262 0.919943 0.963126 0.935430 0.981750 0.820721 0.880441 0.923817 0.863115 0.957606 0.966636 0.679935 0.000000 0.895814 0.997023 0.998900 0.846492 0.654338 0.761830 0.750049 0.726195 0.654148 0.642798 0.726704 0.709684 0.908933 0.847527 0.840110 0.988772 0.828516 0.824789 0.790859 0.784121 0.915217 0.995785 0.908436 0.948468 0.935792 0.958359 0.903882 0.984846 0.857985 0.897606 0.748016 0.835771 0.702511 0.643916 0.879885 0.862876 0.901329 0.978378 0.976125 0.868911 0.906176 0.913881 0.945379 0.905597 0.973232 0.861169 0.956481 0.941905 0.895058 0.941103 0.814978 0.929317 0.989435 0.897420 0.866734 0.888992 0.957287 0.786070 0.643349 0.687223 0.844670 0.801480 0.746705 0.899633 0.781388 0.687004 0.907529 0.671388 0.842162 0.998014 0.977713 0.950179 0.819742 0.894585 0.903171 0.832337 0.870125 0.802647
