0.000000 0.242139 0.761479 0.973038 0.634264 0.961000 0.676803 0.652460 0.954259 0.932072 0.376688 0.310980 0.354525 0.484557 0.692222 0.765043 0.349286 0.383141 0.371194 0.361235 0.898081 0.904101 0.703547 0.906779 0.914868 0.750731 0.971323 0.866745 0.508134 0.439617 0.888435 0.995810 0.436964 0.439550 0.964877 0.839643 0.808498 0.938406 0.993470 0.988006 0.929190 0.985885 0.902339 0.948485 0.993712 0.876648 0.639679 0.622921 0.659499 0.562475 0.597165 0.560504 0.916238 0.811380 0.522059 0.643200 0.295190 0.258961 0.388015 0.395608 0.293901 0.293138 0.270692 0.274675 0.791638 0.726865 0.786548 0.933586 0.421795 0.350353 0.987642 0.706660 0.713783 0.911237 0.703635 0.830502 0.978633 0.968990 0.533841 0.573338 0.258946 0.318832 0.372902 0.367783 0.318580 0.558323 0.579257 0.608842 0.512887 0.572438 0.585237 0.448674 0.510256 0.408074 0.826112 0.945622 0.512221 0.983022 0.867553 0.961330 0.826990 0.792452 0.818139 0.796744 0.871853 0.771864 0.903562 0.889038 0.878924 0.666825 0.921292 0.733270 0.959447 0.882554 0.790969 0.705349
0.242139 0.000000 0.788530 0.926966 0.711545 0.992394 0.757089 0.603905 0.984690 0.880843 0.438849 0.260355 0.413200 0.457428 0.759244 0.747790 0.344520 0.366156 0.428271 0.354642 0.879998 0.957337 0.762537 0.852277 0.918406 0.772920 0.988952 0.888431 0.526070 0.479972 0.820107 0.915300 0.499585 0.481313 0.953554 0.876459 0.772525 0.892992 0.946688 0.925716 0.916455 0.999865 0.983335 0.996533 0.959832 0.891897 0.564983 0.643088 0.717146 0.606484 0.593302 0.556411 0.971921 0.787352 0.522419 0.647230 0.293149 0.229735 0.420511 0.423774 0.341357 0.282119 0.314805 0.289561 0.770727 0.643996 0.814107 0.902372 0.407829 0.336725 0.986235 0.672270 0.752837 0.904442 0.740405 0.810562 0.877425 0.840339 0.539509 0.538657 0.299197 0.330549 0.406621 0.379360 0.356851 0.515692 0.575145 0.651529 0.551269 0.583101 0.512743 0.441302 0.508671 0.399086 0.850964 0.936566 0.546710 0.986489 0.929624 0.979582 0.810160 0.710704 0.910960 0.847535 0.845645 0.753228 0.899303 0.913520 0.871433 0.626722 0.921121 0.735024 0.932927 0.894840 0.754039 0.769545
0.761479 0.788530 0.000000 0.327849 0.886589 0.797387 0.599864 0.529607 0.939076 0.721839 0.969486 0.912063 0.801846 0.860279 0.962519 0.767305 0.960400 0.885693 0.843717 0.955642 0.685091 0.885680 0.856679 0.535504 0.476801 0.541062 0.794740 0.785307 0.857492 0.842694 0.766561 0.958820 0.790763 0.713931 0.805022 0.949829 0.525878 0.842330 0.570185 0.727258 0.851071 0.911495 0.726784 0.781959 0.779867 0.918133 0.597304 0.563051 0.869756 0.873394 0.776552 0.731072 0.990266 0.824320 0.504329 0.729383 0.969435 0.889432 0.662011 0.662051 0.814649 0.828636 0.930303 0.961491 0.366735 0.465180 0.504588 0.602033 0.759841 0.659672 0.900564 0.994032 0.890248 0.981252 0.765762 0.886692 0.733130 0.906044 0.861457 0.969145 0.945421 0.918987 0.797835 0.794549 0.692513 0.360366 0.799331 0.913011 0.634731 0.674881 0.765330 0.962941 0.751011 0.918427 0.984399 0.719574 0.698826 0.784634 0.943139 0.988796 0.834854 0.845550 0.899105 0.963811 0.749987 0.593114 0.842905 0.778793 0.967690 0.720269 0.825211 0.886415 0.909004 0.901035 0.802910 0.999240
0.973038 0.926966 0.327849 0.000000 0.794148 0.741443 0.671563 0.447205 0.970630 0.770489 0.832270 0.962547 0.960827 0.950981 0.809723 0.762645 0.781335 0.747983 0.989848 0.944319 0.685912 0.957508 0.990828 0.487583 0.456068 0.447394 0.819598 0.759176 0.676370 0.705938 0.775450 0.918985 0.979543 0.842130 0.893793 0.909573 0.589624 0.804306 0.500875 0.625860 0.853372 0.995807 0.553817 0.671063 0.746880 0.922922 0.572235 0.542051 0.775932 0.964052 0.822053 0.771539 0.965964 0.870371 0.685765 0.764495 0.860948 0.939432 0.760838 0.745231 0.995125 0.958782 0.845465 0.781647 0.430693 0.429386 0.508371 0.557939 0.908903 0.837454 0.776670 0.972404 0.982214 0.949462 0.836547 0.946668 0.618837 0.943299 0.951856 0.915047 0.832012 0.893361 0.991104 0.990560 0.918832 0.430632 0.936981 0.761534 0.784023 0.757525 0.646950 0.744176 0.574362 0.707225 0.888369 0.735023 0.794338 0.795003 0.936387 0.984437 0.808929 0.926909 0.871308 0.941217 0.668876 0.551688 0.793174 0.670574 0.957591 0.826909 0.859245 0.931118 0.738921 0.851852 0.802562 0.894919
0.634264 0.711545 0.886589 0.794148 0.000000 0.829535 0.876245 0.999120 0.772591 0.851898 0.665371 0.695104 0.616584 0.722425 0.766888 0.822739 0.673612 0.754730 0.676940 0.815147 0.890340 0.960640 0.774045 0.933842 0.757686 0.710288 0.932039 0.858013 0.663578 0.696110 0.848696 0.964206 0.797820 0.787601 0.919236 0.892084 0.814362 0.955627 0.872462 0.889154 0.892880 0.880586 0.827557 0.818656 0.850016 0.903858 0.936962 0.885106 0.755315 0.761197 0.793883 0.791714 0.827352 0.897957 0.901895 0.908855 0.728265 0.777692 0.734798 0.806305 0.657934 0.705590 0.629371 0.624297 0.963021 0.916872 0.921608 0.855766 0.815056 0.799113 0.970277 0.746326 0.963902 0.963316 0.889286 0.906016 0.841924 0.973175 0.779567 0.916732 0.694223 0.766240 0.740841 0.827645 0.662724 0.990840 0.815846 0.751183 0.812465 0.853754 0.741287 0.778272 0.601063 0.719905 0.837223 0.975920 0.926061 0.689593 0.944619 0.950338 0.732795 0.969010 0.914682 0.878437 0.994038 0.953955 0.960305 0.822477 0.982121 0.976038 0.845119 0.825124 0.897874 0.930085 0.877059 0.939713
0.961000 0.992394 0.797387 0.741443 0.829535 0.000000 0.964604 0.887485 0.789062 0.731860 0.982867 0.996744 0.934261 0.996430 0.826031 0.952617 0.874237 0.898826 0.830307 0.906786 0.631956 0.881208 0.721926 0.894202 0.644835 0.541291 0.977461 0.605553 0.796230 0.753595 0.983559 0.832736 0.966938 0.885761 0.738145 0.794117 0.790764 0.923799 0.700980 0.498713 0.600146 0.883406 0.729847 0.771467 0.972957 0.932514 0.796595 0.833147 0.845903 0.858058 0.922682 0.917135 0.918849 0.835724 0.855695 0.702020 0.936068 0.991462 0.864452 0.931766 0.994892 0.984862 0.900028 0.873068 0.702599 0.597068 0.583610 0.506271 0.957013 0.957896 0.988480 0.780105 0.897919 0.971416 0.851312 0.949554 0.969887 0.906060 0.863454 0.934963 0.878107 0.999440 0.923665 0.968173 0.993733 0.711220 0.881349 0.806728 0.987757 0.826162 0.720818 0.942826 0.669736 0.851845 0.883332 0.722533 0.863350 0.714665 0.950677 0.923681 0.660502 0.913050 0.992459 0.984011 0.876916 0.705888 0.884785 0.941627 0.904986 0.977811 0.963678 0.911220 0.976550 0.977517 0.870636 0.772720
0.676803 0.757089 0.599864 0.671563 0.876245 0.964604 0.000000 0.368486 0.596534 0.638803 0.629563 0.682795 0.454982 0.483770 0.617284 0.560856 0.744261 0.767556 0.403775 0.641949 0.973895 0.894434 0.681906 0.817579 0.872640 0.880957 0.891780 0.842915 0.627972 0.641565 0.735344 0.587485 0.566467 0.453164 0.880945 0.866270 0.923797 0.969920 0.934966 0.943013 0.991634 0.993782 0.640783 0.555386 0.677497 0.501365 0.648045 0.430858 0.632354 0.535740 0.580943 0.640837 0.732352 0.797984 0.739783 0.792594 0.787555 0.849894 0.580404 0.696092 0.504642 0.590474 0.625091 0.721564 0.902094 0.810384 0.672527 0.806009 0.930382 0.751705 0.704175 0.779869 0.556790 0.649794 0.799192 0.719205 0.562448 0.779685 0.706647 0.796000 0.784780 0.879786 0.769219 0.885801 0.764362 0.724176 0.940914 0.926602 0.759279 0.848045 0.707883 0.815913 0.921905 0.979578 0.939811 0.920764 0.653807 0.921503 0.559539 0.534192 0.816667 0.723317 0.680937 0.566099 0.811613 0.803748 0.852870 0.665289 0.955928 0.773508 0.652928 0.568553 0.656836 0.692080 0.848135 0.619894
0.652460 0.603905 0.529607 0.447205 0.999120 0.887485 0.368486 0.000000 0.765128 0.857719 0.667724 0.565098 0.590379 0.526893 0.901790 0.586727 0.786920 0.789199 0.546203 0.637618 0.890724 0.948284 0.951782 0.723426 0.944451 0.913110 0.937292 0.912736 0.770763 0.747024 0.868756 0.767218 0.708201 0.482222 0.907180 0.956262 0.711384 0.770603 0.784624 0.827147 0.963339 0.939125 0.463436 0.480213 0.862521 0.581031 0.444944 0.370305 0.731915 0.599807 0.492244 0.515542 0.862574 0.985919 0.621078 0.665612 0.762224 0.728352 0.493097 0.538299 0.554485 0.504228 0.705238 0.734691 0.762066 0.497599 0.537765 0.625793 0.791269 0.605664 0.775366 0.894682 0.679500 0.736693 0.789397 0.761138 0.500453 0.656536 0.732294 0.785127 0.804996 0.832942 0.799399 0.862070 0.824654 0.525299 0.940062 0.880930 0.785275 0.783052 0.769405 0.873050 0.842674 0.989868 0.953673 0.786939 0.604546 0.841436 0.659591 0.634907 0.731923 0.893350 0.732523 0.615808 0.666197 0.583688 0.804741 0.634408 0.880009 0.740970 0.708812 0.594451 0.588861 0.696593 0.702040 0.741125
0.954259 0.984690 0.939076 0.970630 0.772591 0.789062 0.596534 0.765128 0.000000 0.374405 0.787360 0.925363 0.743757 0.773328 0.641524 0.614500 0.895901 0.938237 0.660498 0.936303 0.892980 0.902602 0.678038 0.985133 0.649262 0.654507 0.937986 0.711989 0.709014 0.738912 0.804559 0.707462 0.891053 0.829500 0.854019 0.794249 0.799729 0.844889 0.686030 0.720027 0.887834 0.876847 0.906633 0.775124 0.652899 0.653624 0.998847 0.858786 0.631744 0.641064 0.829672 0.829745 0.584623 0.585176 0.830313 0.881937 0.984433 0.932715 0.941643 0.997890 0.835315 0.842849 0.821226 0.844151 0.773202 0.728628 0.848915 0.778058 0.773860 0.944466 0.848910 0.843898 0.758654 0.897216 0.872264 0.901860 0.868591 0.864820 0.957695 0.970636 0.973258 0.906030 0.966083 0.844292 0.927935 0.777100 0.929392 0.879304 0.910432 0.929452 0.850197 0.740708 0.880079 0.936206 0.911795 0.911966 0.964949 0.847826 0.675513 0.649897 0.965531 0.715304 0.753541 0.786870 0.835187 0.991353 0.896567 0.796957 0.970967 0.944473 0.857680 0.862370 0.710952 0.762337 0.992865 0.828787
0.932072 0.880843 0.721839 0.770489 0.851898 0.731860 0.638803 0.857719 0.374405 0.000000 0.826509 0.969147 0.831203 0.831949 0.650877 0.725165 0.933889 0.945400 0.724303 0.959727 0.792824 0.935881 0.762063 0.791705 0.480084 0.555032 0.783089 0.583981 0.649588 0.691557 0.762019 0.616928 0.975347 0.856339 0.639715 0.896916 0.752386 0.881338 0.563163 0.576951 0.823185 0.996604 0.855113 0.712904 0.478816 0.554620 0.893781 0.936226 0.475308 0.598018 0.797198 0.848035 0.544724 0.430936 0.766195 0.804084 0.960532 0.878853 0.983428 0.981775 0.863730 0.906635 0.890572 0.857717 0.525301 0.561523 0.757610 0.680848 0.734387 0.888874 0.869018 0.689075 0.655725 0.679328 0.982981 0.856957 0.786961 0.831741 0.985084 0.996891 0.970549 0.810823 0.902317 0.708233 0.774675 0.543301 0.805176 0.961116 0.828065 0.828249 0.833471 0.677606 0.904872 0.854752 0.951083 0.905550 0.875898 0.923186 0.564310 0.483941 0.912708 0.605953 0.663029 0.736586 0.855385 0.841458 0.900045 0.751444 0.907581 0.876355 0.792649 0.754031 0.674671 0.785738 0.951833 0.847636
0.376688 0.438849 0.969486 0.832270 0.665371 0.982867 0.629563 0.667724 0.787360 0.826509 0.000000 0.323134 0.386333 0.432766 0.648986 0.736812 0.333118 0.307750 0.370174 0.325343 0.856971 0.977101 0.873343 0.888691 0.653051 0.615915 0.829670 0.773096 0.367581 0.313437 0.860362 0.911710 0.479714 0.421745 0.896448 0.819088 0.991367 0.923074 0.783379 0.921481 0.939050 0.846934 0.951615 0.956848 0.801432 0.764523 0.854385 0.727319 0.591200 0.677010 0.686590 0.732048 0.974423 0.877533 0.783675 0.675280 0.375356 0.418816 0.561422 0.645372 0.362327 0.363678 0.332562 0.327123 0.927529 0.869757 0.868327 0.948565 0.689505 0.604586 0.931310 0.883286 0.654244 0.768383 0.738920 0.870812 0.949630 0.795144 0.575904 0.470255 0.349162 0.392769 0.536832 0.547652 0.590109 0.815367 0.807033 0.711081 0.794241 0.813011 0.780656 0.635704 0.646100 0.560537 0.719206 0.938132 0.654654 0.897133 0.753545 0.833264 0.993955 0.934685 0.630229 0.700374 0.989052 0.932297 0.810237 0.827268 0.897246 0.814315 0.876132 0.715908 0.934384 0.781216 0.809512 0.667618
0.310980 0.260355 0.912063 0.962547 0.695104 0.996744 0.682795 0.565098 0.925363 0.969147 0.323134 0.000000 0.404484 0.366874 0.733129 0.728904 0.320503 0.324493 0.389771 0.329414 0.807106 0.947838 0.853493 0.964494 0.754247 0.666784 0.882205 0.772989 0.395518 0.368761 0.845129 0.978859 0.480473 0.425593 0.996131 0.890028 0.834630 0.843789 0.922243 0.986961 0.992573 0.944181 0.955649 0.932499 0.863665 0.792602 0.626239 0.658613 0.631949 0.593826 0.557106 0.572815 0.943075 0.864238 0.668286 0.642900 0.300133 0.295906 0.454198 0.504247 0.308633 0.239678 0.291609 0.266769 0.977135 0.693227 0.797811 0.870509 0.529693 0.436986 0.985795 0.756953 0.696112 0.816113 0.740095 0.750607 0.886866 0.732359 0.538820 0.486418 0.325272 0.367865 0.464319 0.489597 0.497301 0.637728 0.704138 0.694286 0.701230 0.709878 0.631215 0.521730 0.586356 0.464872 0.808857 0.959209 0.543913 0.965257 0.808802 0.845215 0.952425 0.929347 0.727749 0.718951 0.891600 0.811802 0.844537 0.964073 0.867442 0.700631 0.861231 0.690811 0.894962 0.825729 0.730965 0.665287
0.354525 0.413200 0.801846 0.960827 0.616584 0.934261 0.454982 0.590379 0.743757 0.831203 0.386333 0.404484 0.000000 0.355859 0.459953 0.496882 0.404953 0.439638 0.316101 0.401138 0.917126 0.880761 0.550691 0.823555 0.818797 0.671715 0.916714 0.818312 0.436219 0.457803 0.966787 0.813392 0.397247 0.383407 0.985578 0.878776 0.934490 0.986076 0.938595 0.937414 0.891540 0.980700 0.983055 0.853735 0.752932 0.640547 0.654117 0.544755 0.578976 0.501392 0.554910 0.571355 0.755393 0.929808 0.665476 0.698336 0.458739 0.469446 0.445258 0.574325 0.279740 0.363890 0.286588 0.349788 0.833150 0.852809 0.805295 0.912096 0.676986 0.551021 0.905000 0.849219 0.689609 0.761064 0.820392 0.795183 0.745475 0.843959 0.570218 0.596511 0.432804 0.526536 0.471604 0.498062 0.412989 0.648099 0.652031 0.609418 0.626983 0.644092 0.770162 0.642224 0.621966 0.525470 0.941178 0.931326 0.618057 0.969222 0.706386 0.740561 0.914414 0.981451 0.797754 0.687929 0.830127 0.807594 0.871489 0.999107 0.943260 0.849383 0.892579 0.631074 0.791974 0.796849 0.788516 0.616742
0.484557 0.457428 0.860279 0.950981 0.722425 0.996430 0.483770 0.526893 0.773328 0.831949 0.432766 0.366874 0.355859 0.000000 0.573956 0.519852 0.461795 0.429021 0.364646 0.406972 0.922009 0.967466 0.681026 0.795590 0.754434 0.731390 0.909254 0.814953 0.394512 0.471503 0.936196 0.717978 0.414893 0.388449 0.901892 0.987926 0.903730 0.849277 0.971086 0.974287 0.996368 0.900297 0.812995 0.714352 0.670094 0.563925 0.565591 0.526147 0.593194 0.554249 0.530581 0.575343 0.791660 0.902639 0.751645 0.727601 0.470839 0.525720 0.529622 0.690756 0.362550 0.384420 0.367029 0.392356 0.943738 0.777895 0.754663 0.789567 0.794111 0.655949 0.845050 0.983853 0.766003 0.703646 0.800648 0.642338 0.726074 0.645543 0.539572 0.583544 0.490315 0.562306 0.487760 0.588350 0.539323 0.636612 0.830744 0.648451 0.740820 0.678802 0.863661 0.766858 0.764265 0.639630 0.978375 0.964379 0.604716 0.940152 0.664279 0.653509 0.993781 0.961354 0.689283 0.705808 0.805016 0.864855 0.876196 0.979991 0.949381 0.703664 0.792242 0.675967 0.780447 0.691077 0.781184 0.601655
0.692222 0.759244 0.962519 0.809723 0.766888 0.826031 0.617284 0.901790 0.641524 0.650877 0.648986 0.733129 0.459953 0.573956 0.000000 0.481824 0.598919 0.598509 0.599194 0.713727 0.944998 0.929537 0.466198 0.923153 0.761196 0.656899 0.988957 0.847675 0.484676 0.573724 0.719475 0.648180 0.513378 0.655026 0.991916 0.884292 0.941934 0.852747 0.679703 0.717916 0.999983 0.949076 0.941394 0.868312 0.650121 0.677045 0.887307 0.819439 0.646774 0.666709 0.814421 0.846697 0.687937 0.764622 0.923102 0.976675 0.723380 0.743148 0.786138 0.962418 0.584135 0.704540 0.522461 0.559639 0.992641 0.765399 0.922719 0.858750 0.962801 0.889703 0.961905 0.986130 0.814624 0.883380 0.904404 0.757309 0.863572 0.874770 0.745966 0.739084 0.676062 0.841760 0.640245 0.684055 0.704654 0.963288 0.759470 0.689090 0.849299 0.869550 0.829235 0.826176 0.648027 0.664394 0.945110 0.836074 0.903368 0.878209 0.693827 0.729800 0.790418 0.969233 0.805081 0.802880 0.970373 0.938666 0.924201 0.985573 0.989993 0.983218 0.939992 0.681039 0.904165 0.748209 0.970691 0.655290
0.765043 0.747790 0.767305 0.762645 0.822739 0.952617 0.560856 0.586727 0.614500 0.725165 0.736812 0.728904 0.496882 0.519852 0.481824 0.000000 0.775592 0.782210 0.654950 0.769844 0.810702 0.996774 0.588021 0.625994 0.966042 0.977391 0.901354 0.976125 0.676054 0.801937 0.670837 0.727039 0.671076 0.658220 0.930551 0.992386 0.836544 0.897333 0.918310 0.978607 0.898211 0.925495 0.742443 0.649165 0.804781 0.637191 0.672056 0.639454 0.747685 0.696393 0.679887 0.676711 0.657837 0.756636 0.833630 0.918314 0.856703 0.825726 0.704294 0.828395 0.657985 0.678318 0.675697 0.717371 0.720412 0.882918 0.850503 0.898453 0.960261 0.819504 0.845007 0.993837 0.865019 0.773098 0.795708 0.690896 0.670943 0.791749 0.742174 0.824433 0.876308 0.959848 0.718791 0.791292 0.762132 0.711068 0.848324 0.898758 0.881938 0.740858 0.962240 0.978439 0.898481 0.929391 0.974011 0.947759 0.862666 0.854400 0.743620 0.709821 0.938965 0.969433 0.892976 0.789164 0.786015 0.790554 0.904733 0.840298 0.978756 0.989692 0.946069 0.683537 0.638489 0.605777 0.734535 0.854193
0.349286 0.344520 0.960400 0.781335 0.673612 0.874237 0.744261 0.786920 0.895901 0.933889 0.333118 0.320503 0.404953 0.461795 0.598919 0.775592 0.000000 0.233607 0.393641 0.318842 0.717079 0.991037 0.759126 0.950257 0.650268 0.529315 0.951283 0.734431 0.368018 0.297432 0.839278 0.953320 0.461863 0.487442 0.906784 0.801834 0.981039 0.970319 0.788850 0.900186 0.954496 0.895269 0.874887 0.953637 0.870362 0.840135 0.783732 0.825339 0.636222 0.655646 0.737553 0.758491 0.979509 0.877192 0.779576 0.777074 0.279120 0.311712 0.620476 0.692800 0.394883 0.378479 0.294135 0.278351 0.978844 0.903449 0.986614 0.938184 0.608734 0.576276 0.982588 0.809734 0.703460 0.847161 0.787961 0.788669 0.994478 0.792102 0.478182 0.464735 0.266251 0.326099 0.426047 0.453089 0.457007 0.771411 0.665170 0.578181 0.697509 0.732136 0.569335 0.530389 0.472784 0.439661 0.766957 0.934963 0.647205 0.923198 0.849164 0.950139 0.799915 0.978034 0.764674 0.772535 0.979142 0.996274 0.761652 0.809680 0.865374 0.804149 0.921995 0.718896 0.998570 0.778684 0.844074 0.630357
0.383141 0.366156 0.885693 0.747983 0.754730 0.898826 0.767556 0.789199 0.938237 0.945400 0.307750 0.324493 0.439638 0.429021 0.598509 0.782210 0.233607 0.000000 0.407925 0.273323 0.742096 0.921832 0.781351 0.949415 0.624625 0.515994 0.979222 0.733820 0.325513 0.275748 0.821531 0.947506 0.464837 0.541942 0.896055 0.833879 0.984271 0.906088 0.765123 0.857155 0.929976 0.897213 0.867316 0.961691 0.876118 0.879706 0.830089 0.848639 0.668007 0.735966 0.794759 0.840053 0.944209 0.835714 0.845348 0.814456 0.278304 0.326645 0.680811 0.751004 0.436871 0.409526 0.311899 0.281084 0.937996 0.921148 0.974467 0.940027 0.594687 0.601791 0.951080 0.866081 0.704247 0.790573 0.831793 0.805552 0.999486 0.752815 0.487949 0.457474 0.280703 0.322542 0.442961 0.449198 0.501801 0.795738 0.687309 0.577229 0.742651 0.800935 0.559167 0.537018 0.477112 0.447914 0.726638 0.893391 0.673622 0.868817 0.841811 0.939091 0.799468 0.969266 0.762833 0.757262 0.931608 0.948419 0.750206 0.769001 0.880336 0.785998 0.930048 0.749602 0.971982 0.781725 0.883856 0.637200
0.371194 0.428271 0.843717 0.989848 0.676940 0.830307 0.403775 0.546203 0.660498 0.724303 0.370174 0.389771 0.316101 0.364646 0.599194 0.654950 0.393641 0.407925 0.000000 0.361367 0.838932 0.945391 0.580853 0.883431 0.686977 0.578742 0.935818 0.693038 0.383502 0.342604 0.948301 0.784537 0.457259 0.401999 0.844457 0.829768 0.989385 0.984529 0.772524 0.835105 0.985820 0.991793 0.995895 0.890522 0.793660 0.690437 0.749863 0.584762 0.538668 0.466612 0.616814 0.633721 0.822211 0.953532 0.726145 0.775919 0.415754 0.470914 0.509350 0.577696 0.342976 0.363010 0.327154 0.359404 0.970128 0.924528 0.875663 0.954758 0.635091 0.567028 0.817387 0.960892 0.551396 0.752779 0.755313 0.780236 0.809895 0.831878 0.555613 0.630765 0.381680 0.461034 0.504366 0.592784 0.490613 0.755809 0.804141 0.604756 0.685696 0.713780 0.831313 0.748564 0.660856 0.600703 0.912976 0.943514 0.592826 0.909216 0.733733 0.727329 0.925513 0.896149 0.731920 0.683007 0.932998 0.931526 0.903630 0.944694 0.904862 0.729741 0.807433 0.648687 0.847497 0.756827 0.868534 0.556306
0.361235 0.354642 0.955642 0.944319 0.815147 0.906786 0.641949 0.637618 0.936303 0.959727 0.325343 0.329414 0.401138 0.406972 0.713727 0.769844 0.318842 0.273323 0.361367 0.000000 0.760153 0.909624 0.771163 0.962536 0.734380 0.642593 0.943252 0.745013 0.425410 0.321650 0.883326 0.910236 0.516546 0.490590 0.858579 0.840470 0.919765 0.832134 0.898148 0.907871 0.931235 0.922389 0.941681 0.978189 0.955698 0.881387 0.768202 0.754561 0.712278 0.709417 0.738617 0.788175 0.914648 0.817915 0.750854 0.726600 0.307436 0.350354 0.603346 0.647657 0.420559 0.395491 0.342327 0.344809 0.968825 0.803908 0.938263 0.999295 0.580182 0.558381 0.834193 0.927525 0.648568 0.732436 0.835514 0.860170 0.834791 0.785109 0.498293 0.492941 0.314274 0.335937 0.448743 0.464258 0.470021 0.689277 0.687342 0.597615 0.677734 0.708655 0.628940 0.603455 0.601315 0.542640 0.774306 0.943884 0.611105 0.900332 0.861316 0.929836 0.859396 0.997579 0.783065 0.766206 0.883133 0.944639 0.808899 0.896152 0.898847 0.698542 0.880670 0.767837 0.960936 0.809977 0.848552 0.628724
0.898081 0.879998 0.685091 0.685912 0.890340 0.631956 0.973895 0.890724 0.892980 0.792824 0.856971 0.807106 0.917126 0.922009 0.944998 0.810702 0.717079 0.742096 0.838932 0.760153 0.000000 0.991377 0.948062 0.706908 0.555776 0.528976 0.714108 0.615776 0.746115 0.670131 0.782637 0.886912 0.988955 0.993372 0.859797 0.928872 0.820731 0.857645 0.701635 0.636610 0.909989 0.937873 0.774600 0.804697 0.944537 0.927025 0.839330 0.810223 0.861206 0.885466 0.946491 0.937569 0.973889 0.952655 0.797119 0.904081 0.826452 0.897579 0.928087 0.988199 0.921315 0.890447 0.843378 0.798432 0.603113 0.744274 0.687123 0.702388 0.930441 0.934093 0.940671 0.985149 0.753545 0.806820 0.950037 0.996775 0.901271 0.976803 0.937304 0.862303 0.817515 0.842323 0.921328 0.998444 0.985601 0.688709 0.992142 0.777257 0.968457 0.914257 0.728892 0.911763 0.711491 0.838401 0.952263 0.749863 0.912957 0.943879 0.999008 0.983724 0.735726 0.797031 0.848475 0.946932 0.825248 0.794090 0.945842 0.931533 0.993719 0.996717 0.995616 0.982632 0.923704 0.966357 0.887380 0.835850
0.904101 0.957337 0.885680 0.957508 0.960640 0.881208 0.894434 0.948284 0.902602 0.935881 0.977101 0.947838 0.880761 0.967466 0.929537 0.996774 0.991037 0.921832 0.945391 0.909624 0.991377 0.000000 0.920466 0.953848 0.928606 0.983389 0.836728 0.924083 0.995623 0.941442 0.958809 0.968955 0.818045 0.902772 0.915841 0.912919 0.924979 0.846596 0.930937 0.984830 0.825254 0.833801 0.959614 0.937447 0.982228 0.990118 0.974444 0.974236 0.967768 0.962376 0.972806 0.998261 0.953853 0.993549 0.881289 0.926920 0.977188 0.993108 0.953264 0.924600 0.949746 0.997888 0.936043 0.986880 0.791735 0.950369 0.857800 0.964167 0.994381 0.972523 0.782487 0.968130 0.961433 0.885916 0.932036 0.961920 0.945843 0.843634 0.919667 0.850089 0.972634 0.949155 0.839724 0.946047 0.768559 0.912600 0.821467 0.842328 0.764275 0.874994 0.977429 0.995635 0.977671 0.930878 0.909397 0.939233 0.997338 0.897138 0.994235 0.990849 0.923800 0.838746 0.972272 0.917497 0.849990 0.997926 0.977974 0.963968 0.896731 0.967929 0.989492 0.959515 0.999725 0.901994 0.991408 0.848413
0.703547 0.762537 0.856679 0.990828 0.774045 0.721926 0.681906 0.951782 0.678038 0.762063 0.873343 0.853493 0.550691 0.681026 0.466198 0.588021 0.759126 0.781351 0.580853 0.771163 0.948062 0.920466 0.000000 0.643685 0.970176 0.738607 0.847970 0.913626 0.682682 0.737719 0.665624 0.726091 0.635785 0.823909 0.946758 0.899693 0.966269 0.835905 0.807553 0.668604 0.995110 0.947979 0.781936 0.946446 0.915807 0.869983 0.919697 0.829004 0.775977 0.602630 0.886272 0.816390 0.667638 0.725104 0.866053 0.937712 0.787075 0.788593 0.813505 0.849891 0.712908 0.821181 0.614659 0.664623 0.865213 0.728955 0.870616 0.704017 0.877962 0.795215 0.937607 0.991141 0.854797 0.979838 0.899171 0.826025 0.884526 0.919569 0.701645 0.892333 0.701787 0.836816 0.656883 0.692289 0.557862 0.871429 0.782407 0.506933 0.738860 0.644003 0.779046 0.816106 0.635466 0.715136 0.963346 0.875049 0.875105 0.849608 0.945217 0.910881 0.635559 0.894655 0.907655 0.988774 0.913350 0.948682 0.899355 0.971261 0.874097 0.924203 0.932787 0.883501 0.945232 0.957007 0.975453 0.830465
0.906779 0.852277 0.535504 0.487583 0.933842 0.894202 0.817579 0.723426 0.985133 0.791705 0.888691 0.964494 0.823555 0.795590 0.923153 0.625994 0.950257 0.949415 0.883431 0.962536 0.706908 0.953848 0.643685 0.000000 0.531231 0.702754 0.687253 0.781737 0.919599 0.873006 0.758026 0.870848 0.851665 0.875793 0.788019 0.889133 0.700162 0.824291 0.676219 0.877631 0.759224 0.965303 0.902225 0.936765 0.766463 0.965002 0.711343 0.726797 0.781862 0.974414 0.948268 0.869643 0.961747 0.907593 0.770909 0.843832 0.980845 0.935326 0.857037 0.905090 0.969537 0.952110 0.952755 0.985457 0.480925 0.688917 0.723727 0.814476 0.917020 0.860857 0.823454 0.917532 0.874458 0.751144 0.831824 0.857634 0.833185 0.931824 0.798511 0.878932 0.981773 0.950692 0.763766 0.760897 0.679645 0.483367 0.731352 0.822961 0.788890 0.624827 0.943615 0.952644 0.876824 0.952824 0.984093 0.776863 0.916672 0.996491 0.864232 0.954155 0.931288 0.801130 0.675409 0.994459 0.737360 0.706856 0.978672 0.910401 0.921064 0.875119 0.980580 0.973749 0.930408 0.932312 0.939611 0.963989
0.914868 0.918406 0.476801 0.456068 0.757686 0.644835 0.872640 0.944451 0.649262 0.480084 0.653051 0.754247 0.818797 0.754434 0.761196 0.966042 0.650268 0.624625 0.686977 0.734380 0.555776 0.928606 0.970176 0.531231 0.000000 0.318102 0.657571 0.552357 0.485899 0.488549 0.795531 0.810595 0.921868 0.893459 0.649169 0.794353 0.577239 0.814966 0.426685 0.587999 0.781252 0.938657 0.913253 0.994592 0.553463 0.760701 0.803195 0.882434 0.537589 0.743457 0.928486 0.976417 0.814687 0.730064 0.693269 0.811637 0.749578 0.878713 0.933678 0.907724 0.778242 0.800851 0.731952 0.664294 0.357102 0.579770 0.621381 0.627564 0.953277 0.916574 0.998089 0.886001 0.741911 0.694688 0.980832 0.890003 0.941847 0.839038 0.883170 0.763817 0.766667 0.868409 0.966862 0.890294 0.904049 0.507233 0.819923 0.819821 0.794980 0.735538 0.833732 0.997252 0.640864 0.824593 0.933833 0.765861 0.942847 0.790636 0.681376 0.757220 0.897545 0.712873 0.634620 0.766873 0.798366 0.627585 0.954500 0.930588 0.994298 0.930381 0.900043 0.833515 0.960341 0.949445 0.892625 0.688352
0.750731 0.772920 0.541062 0.447394 0.710288 0.541291 0.880957 0.913110 0.654507 0.555032 0.615915 0.666784 0.671715 0.731390 0.656899 0.977391 0.529315 0.515994 0.578742 0.642593 0.528976 0.983389 0.738607 0.702754 0.318102 0.000000 0.802410 0.498967 0.447609 0.422913 0.804929 0.964666 0.823218 0.885254 0.685550 0.782842 0.651881 0.862726 0.476579 0.544265 0.789829 0.980282 0.713094 0.835980 0.672456 0.856142 0.811437 0.919475 0.552429 0.697175 0.943175 0.987751 0.864770 0.802820 0.786564 0.821026 0.644131 0.725193 0.996454 0.987022 0.695254 0.708392 0.573720 0.529352 0.478135 0.545676 0.552438 0.526521 0.927794 0.887927 0.932665 0.999557 0.742687 0.840148 0.992487 0.906981 0.915435 0.953032 0.800206 0.805002 0.604284 0.725137 0.782347 0.887954 0.867886 0.624098 0.926876 0.591843 0.983815 0.887902 0.639347 0.778873 0.450865 0.638384 0.860637 0.755315 0.987538 0.801301 0.770712 0.804862 0.752401 0.842966 0.800657 0.771649 0.795409 0.680319 0.856270 0.912904 0.983686 0.989043 0.960740 0.848025 0.980382 0.995152 0.916434 0.620158
0.971323 0.988952 0.794740 0.819598 0.932039 0.977461 0.891780 0.937292 0.937986 0.783089 0.829670 0.882205 0.916714 0.909254 0.988957 0.901354 0.951283 0.979222 0.935818 0.943252 0.714108 0.836728 0.847970 0.687253 0.657571 0.802410 0.000000 0.922461 0.904338 0.858681 0.806958 0.893756 0.992172 0.890212 0.970111 0.808343 0.758841 0.823325 0.818473 0.955436 0.983470 0.924664 0.883853 0.839605 0.678659 0.723963 0.989587 0.924444 0.689808 0.809613 0.826275 0.859349 0.835557 0.819939 0.913389 0.877670 0.944872 0.979416 0.890243 0.903378 0.807590 0.854378 0.915998 0.892144 0.642530 0.879193 0.958766 0.960849 0.872723 0.994298 0.951717 0.976125 0.890833 0.751775 0.923594 0.901437 0.971857 0.893560 0.999178 0.993071 0.989689 0.959671 0.821837 0.942045 0.822313 0.762838 0.775622 0.852534 0.778070 0.895129 0.916265 0.979047 0.978870 0.982005 0.951641 0.971274 0.970862 0.977020 0.776631 0.862867 0.853094 0.748412 0.680954 0.750760 0.879471 0.913389 0.964222 0.885435 0.967880 0.981501 0.820219 0.893503 0.874202 0.890941 0.979250 0.703068
0.866745 0.888431 0.785307 0.759176 0.858013 0.605553 0.842915 0.912736 0.711989 0.583981 0.773096 0.772989 0.818312 0.814953 0.847675 0.976125 0.734431 0.733820 0.693038 0.745013 0.615776 0.924083 0.913626 0.781737 0.552357 0.498967 0.922461 0.000000 0.653847 0.573384 0.957630 0.904400 0.942844 0.867786 0.682222 0.885652 0.928083 0.911558 0.686491 0.611544 0.735420 0.962931 0.852482 0.989449 0.798331 0.894214 0.864186 0.900769 0.702105 0.752180 0.947859 0.987002 0.881226 0.864095 0.826792 0.797445 0.778880 0.870017 0.959661 0.983775 0.852973 0.823463 0.781793 0.737144 0.584792 0.750983 0.737870 0.719733 0.902329 0.997047 0.939043 0.824435 0.669797 0.764651 0.984640 0.909757 0.992626 0.922227 0.991006 0.919142 0.781334 0.841391 0.876172 0.975551 0.988604 0.734149 0.956047 0.762277 0.934436 0.865056 0.859708 0.995097 0.726663 0.900204 0.975766 0.940345 0.948975 0.900033 0.883252 0.800773 0.997119 0.725256 0.782007 0.770322 0.989861 0.804994 0.995883 0.983550 0.931468 0.962013 0.995726 0.854032 0.978229 0.948754 0.976243 0.746526
0.508134 0.526070 0.857492 0.676370 0.663578 0.796230 0.627972 0.770763 0.709014 0.649588 0.367581 0.395518 0.436219 0.394512 0.484676 0.676054 0.368018 0.325513 0.383502 0.425410 0.746115 0.995623 0.682682 0.919599 0.485899 0.447609 0.904338 0.653847 0.000000 0.269252 0.952867 0.782317 0.464384 0.479232 0.870327 0.826090 0.941745 0.984536 0.601305 0.708991 0.945326 0.956327 0.989177 0.882775 0.594856 0.650035 0.844519 0.777298 0.456662 0.560100 0.679971 0.756570 0.778265 0.856415 0.915823 0.869141 0.417418 0.493083 0.663949 0.766410 0.425333 0.433543 0.329223 0.319349 0.763746 0.880645 0.938029 0.873867 0.768172 0.719191 0.929727 0.996888 0.671124 0.744142 0.864533 0.703005 0.917352 0.784604 0.542639 0.563089 0.411312 0.527916 0.517911 0.679905 0.646092 0.968467 0.873832 0.627975 0.843283 0.876671 0.731600 0.732181 0.546286 0.563089 0.879392 0.897812 0.777311 0.810086 0.632938 0.696457 0.909779 0.890426 0.644384 0.649361 0.980846 0.868593 0.870667 0.926770 0.950618 0.834217 0.817807 0.607917 0.905410 0.713702 0.911442 0.603533
0.439617 0.479972 0.842694 0.705938 0.696110 0.753595 0.641565 0.747024 0.738912 0.691557 0.313437 0.368761 0.457803 0.471503 0.573724 0.801937 0.297432 0.275748 0.342604 0.321650 0.670131 0.941442 0.737719 0.873006 0.488549 0.422913 0.858681 0.573384 0.269252 0.000000 0.906206 0.793502 0.532956 0.533622 0.734838 0.750755 0.951242 0.978029 0.582553 0.701615 0.942691 0.897666 0.888596 0.989746 0.756523 0.789919 0.907340 0.843937 0.543164 0.630236 0.787128 0.850828 0.932133 0.975912 0.914896 0.882422 0.336727 0.424879 0.700953 0.756857 0.447742 0.444849 0.354343 0.319221 0.718055 0.914223 0.884148 0.801582 0.670113 0.660199 0.919116 0.992925 0.556233 0.736146 0.812224 0.769030 0.989125 0.771205 0.533637 0.541278 0.328812 0.410444 0.530063 0.619176 0.630804 0.971538 0.811903 0.601379 0.814982 0.887289 0.675063 0.684375 0.512926 0.554678 0.792614 0.919188 0.729306 0.871247 0.726761 0.800415 0.855492 0.815927 0.645254 0.633816 0.997666 0.897489 0.839370 0.890977 0.923058 0.813122 0.845244 0.699681 0.986459 0.792179 0.939860 0.553545
0.888435 0.820107 0.766561 0.775450 0.848696 0.983559 0.735344 0.868756 0.804559 0.762019 0.860362 0.845129 0.966787 0.936196 0.719475 0.670837 0.839278 0.821531 0.948301 0.883326 0.782637 0.958809 0.665624 0.758026 0.795531 0.804929 0.806958 0.957630 0.952867 0.906206 0.000000 0.637136 0.837173 0.899554 0.939867 0.802855 0.755132 0.926247 0.994000 0.967422 0.978184 0.985327 0.824915 0.807000 0.890768 0.817339 0.988002 0.880190 0.963833 0.842449 0.882099 0.888820 0.677981 0.676769 0.984769 0.923356 0.798399 0.800315 0.988382 0.978715 0.948371 0.914883 0.942907 0.895306 0.856948 0.905733 0.858103 0.966015 0.742750 0.830062 0.779396 0.770242 0.886056 0.967474 0.800156 0.837629 0.702592 0.952982 0.983005 0.963987 0.827216 0.723633 0.992648 0.833245 0.951845 0.939772 0.901942 0.908970 0.997576 0.917369 0.766951 0.758365 0.800771 0.783884 0.909240 0.955727 0.974750 0.946687 0.920278 0.819524 0.909073 0.889983 0.916164 0.965673 0.861390 0.885780 0.950319 0.749702 0.910374 0.932106 0.913262 0.874898 0.901391 0.779891 0.983630 0.934465
0.995810 0.915300 0.958820 0.918985 0.964206 0.832736 0.587485 0.767218 0.707462 0.616928 0.911710 0.978859 0.813392 0.717978 0.648180 0.727039 0.953320 0.947506 0.784537 0.910236 0.886912 0.968955 0.726091 0.870848 0.810595 0.964666 0.893756 0.904400 0.782317 0.793502 0.637136 0.000000 0.783568 0.775102 0.923651 0.899921 0.998220 0.950383 0.826202 0.734988 0.980762 0.939482 0.787189 0.713738 0.708748 0.695161 0.909807 0.811919 0.790180 0.745530 0.833438 0.901510 0.672176 0.665670 0.990708 0.973062 0.944850 0.875623 0.950124 0.985973 0.886585 0.994967 0.935938 0.951836 0.886673 0.865184 0.927326 0.995546 0.825358 0.845139 0.743412 0.594633 0.742772 0.773929 0.928376 0.713905 0.779174 0.717968 0.877973 0.930932 0.976692 0.871568 0.953693 0.896845 0.958920 0.937083 0.812603 0.950424 0.922846 0.989194 0.744380 0.739437 0.843192 0.877712 0.923914 0.997365 0.990277 0.947710 0.626605 0.648979 0.941268 0.671488 0.620510 0.773680 0.873645 0.989279 0.764359 0.738518 0.901659 0.936723 0.828819 0.771679 0.817048 0.770324 0.871261 0.807441
0.436964 0.499585 0.790763 0.979543 0.797820 0.966938 0.566467 0.708201 0.891053 0.975347 0.479714 0.480473 0.397247 0.414893 0.513378 0.671076 0.461863 0.464837 0.457259 0.516546 0.988955 0.818045 0.635785 0.851665 0.921868 0.823218 0.992172 0.942844 0.464384 0.532956 0.837173 0.783568 0.000000 0.379718 0.764329 0.972614 0.804992 0.956761 0.936777 0.975279 0.812334 0.932126 0.942135 0.844076 0.755441 0.692947 0.674706 0.678132 0.668617 0.581983 0.555645 0.597826 0.742899 0.960681 0.639565 0.651003 0.484412 0.515465 0.475545 0.597831 0.376617 0.442465 0.351000 0.402723 0.840849 0.817994 0.648088 0.760315 0.738943 0.655196 0.927755 0.928912 0.740169 0.860159 0.783799 0.755925 0.874572 0.835696 0.535732 0.586818 0.468512 0.557303 0.553881 0.551478 0.475557 0.621191 0.764177 0.703874 0.667694 0.727749 0.842747 0.629375 0.763394 0.535913 0.926353 0.954310 0.476558 0.946187 0.707541 0.779629 0.986833 0.956622 0.698691 0.772124 0.840728 0.774945 0.866729 0.948132 0.953995 0.739062 0.758530 0.694949 0.945192 0.725842 0.771719 0.701118
0.439550 0.481313 0.713931 0.842130 0.787601 0.885761 0.453164 0.482222 0.829500 0.856339 0.421745 0.425593 0.383407 0.388449 0.655026 0.658220 0.487442 0.541942 0.401999 0.490590 0.993372 0.902772 0.823909 0.875793 0.893459 0.885254 0.890212 0.867786 0.479232 0.533622 0.899554 0.775102 0.379718 0.000000 0.944702 0.992416 0.861786 0.940371 0.971020 0.902487 0.839584 0.940213 0.718788 0.662411 0.692127 0.503299 0.570764 0.456323 0.529946 0.486143 0.414204 0.483254 0.753986 0.918136 0.602504 0.578646 0.525753 0.533613 0.380237 0.497616 0.330094 0.341843 0.412513 0.447302 0.872697 0.676474 0.561750 0.654896 0.794318 0.622598 0.838336 0.985495 0.736850 0.784537 0.697509 0.768668 0.681985 0.780394 0.566942 0.569036 0.506862 0.603432 0.581401 0.664001 0.592152 0.588306 0.862595 0.853061 0.728778 0.682217 0.999982 0.782109 0.903331 0.680677 0.934961 0.877668 0.590855 0.889163 0.620525 0.656896 0.792318 0.930149 0.615851 0.639118 0.817139 0.699573 0.964703 0.935602 0.987076 0.727398 0.667302 0.538940 0.763129 0.592893 0.717068 0.722192
0.964877 0.953554 0.805022 0.893793 0.919236 0.738145 0.880945 0.907180 0.854019 0.639715 0.896448 0.996131 0.985578 0.901892 0.991916 0.930551 0.906784 0.896055 0.844457 0.858579 0.859797 0.915841 0.946758 0.788019 0.649169 0.685550 0.970111 0.682222 0.870327 0.734838 0.939867 0.923651 0.764329 0.944702 0.000000 0.735120 0.799480 0.920608 0.648221 0.764691 0.823691 0.986705 0.957713 0.973138 0.924696 0.936390 0.877418 0.928733 0.745954 0.897896 0.911243 0.889006 0.912218 0.977237 0.796492 0.848552 0.921995 0.975969 0.907615 0.966373 0.989901 0.989490 0.956825 0.974384 0.700965 0.813573 0.684436 0.639453 0.949971 0.982349 0.963563 0.897356 0.707048 0.868384 0.988563 0.967547 0.951916 0.981191 0.982084 0.953417 0.913723 0.955918 0.960430 0.888867 0.868480 0.742293 0.993014 0.962776 0.911022 0.844179 0.994886 0.820112 0.914985 0.909201 0.877614 0.983194 0.886036 0.952467 0.894864 0.869856 0.927197 0.841617 0.909617 0.919731 0.887998 0.749087 0.959015 0.961879 0.933643 0.959017 0.986888 0.843310 0.941630 0.972242 0.930604 0.966033
0.839643 0.876459 0.949829 0.909573 0.892084 0.794117 0.866270 0.956262 0.794249 0.896916 0.819088 0.890028 0.878776 0.987926 0.884292 0.992386 0.801834 0.833879 0.829768 0.840470 0.928872 0.912919 0.899693 0.889133 0.794353 0.782842 0.808343 0.885652 0.826090 0.750755 0.802855 0.899921 0.972614 0.992416 0.735120 0.000000 0.888742 0.804757 0.796898 0.817401 0.910197 0.958759 0.911547 0.949052 0.968634 0.999885 0.929659 0.914736 0.854686 0.910820 0.908939 0.926579 0.999406 0.911941 0.946223 0.937269 0.755166 0.820060 0.993541 0.996396 0.886899 0.888042 0.859703 0.856966 0.970519 0.930955 0.753387 0.772827 0.823830 0.888156 0.854671 0.995395 0.851038 0.949161 0.867440 0.893377 0.811639 0.865510 0.819856 0.954267 0.770159 0.790357 0.987602 0.867110 0.875441 0.980798 0.904502 0.965608 0.975381 0.966759 0.863973 0.972327 0.745970 0.897239 0.798808 0.996612 0.987598 0.866641 0.944788 0.893115 0.901080 0.934900 0.995400 0.816028 0.856976 0.784833 0.942644 0.900052 0.941855 0.982142 0.977932 0.992251 0.947036 0.996055 0.987101 0.796641
0.808498 0.772525 0.525878 0.589624 0.814362 0.790764 0.923797 0.711384 0.799729 0.752386 0.991367 0.834630 0.934490 0.903730 0.941934 0.836544 0.981039 0.984271 0.989385 0.919765 0.820731 0.924979 0.966269 0.700162 0.577239 0.651881 0.758841 0.928083 0.941745 0.951242 0.755132 0.998220 0.804992 0.861786 0.799480 0.888742 0.000000 0.719640 0.616201 0.804152 0.847294 0.928675 0.799154 0.873072 0.785445 0.977141 0.671362 0.792995 0.889487 0.981399 0.853296 0.824781 0.954760 0.804602 0.619648 0.809001 0.860051 0.805114 0.801318 0.745384 0.908911 0.862992 0.922652 0.953824 0.596448 0.618604 0.663604 0.712260 0.771223 0.762330 0.958702 0.954030 0.852595 0.980556 0.820800 0.856183 0.781782 0.955725 0.830187 0.989804 0.923665 0.879532 0.757586 0.847430 0.800105 0.555910 0.791924 0.955195 0.783953 0.778695 0.966079 0.885963 0.915971 0.992105 0.975343 0.788568 0.808751 0.850353 0.883361 0.973352 0.931663 0.800109 0.976783 0.974930 0.625875 0.726849 0.980485 0.838350 0.900205 0.735997 0.918343 0.973161 0.988468 0.891397 0.730430 0.962765
0.938406 0.892992 0.842330 0.804306 0.955627 0.923799 0.969920 0.770603 0.844889 0.881338 0.923074 0.843789 0.986076 0.849277 0.852747 0.897333 0.970319 0.906088 0.984529 0.832134 0.857645 0.846596 0.835905 0.824291 0.814966 0.862726 0.823325 0.911558 0.984536 0.978029 0.926247 0.950383 0.956761 0.940371 0.920608 0.804757 0.719640 0.000000 0.710498 0.854987 0.997203 0.916526 0.821482 0.921531 0.948240 0.995910 0.833548 0.938421 0.893737 0.841676 0.904165 0.953486 0.808129 0.839249 0.848826 0.899182 0.910734 0.910602 0.976282 0.982065 0.978381 0.910907 0.988132 0.970891 0.824610 0.690568 0.802229 0.777505 0.914491 0.905253 0.854510 0.862087 0.937998 0.942757 0.983872 0.832449 0.908376 0.768055 0.891205 0.965872 0.977174 0.943734 0.879929 0.912425 0.938879 0.769796 0.869586 0.960241 0.741472 0.911779 0.960360 0.972052 0.884729 0.818047 0.929057 0.779256 0.885900 0.893191 0.983781 0.885450 0.810808 0.995976 0.963503 0.977874 0.587209 0.711800 0.952374 0.993811 0.955459 0.931352 0.976743 0.996624 0.867853 0.926279 0.732662 0.933310
