0.000000 0.336802 0.912700 0.903625 0.854050 0.783209 0.902571 0.952207 0.806212 0.837207 0.540625 0.375695 0.548561 0.505482 0.807162 0.656931 0.428958 0.393497 0.454561 0.365744 0.911490 0.705524 0.974306 0.862411 0.864710 0.804111 0.779062 0.991113 0.744518 0.620102 0.731728 0.974500 0.932043 0.899700 0.966311 0.895998 0.784413 0.596038 0.912231 0.645754 0.812349 0.951673 0.881422 0.794168 0.929695 0.863321 0.634303 0.673586 0.753642 0.502422 0.739749 0.518133 0.882994 0.975057 0.689613 0.695308 0.398021 0.354992 0.663957 0.552855 0.961236 0.962164 0.706318 0.559758 0.933923 0.901054 0.809457 0.879100 0.380065 0.395044 0.915794 0.908040 0.954003 0.809804 0.766714 0.855328 0.851522 0.972989 0.700341 0.556640 0.341671 0.302751 0.539396 0.398458 0.658342 0.750190 0.740923 0.775272 0.877257 0.613220 0.966498 0.922068 0.907367 0.990178 0.960346 0.968961 0.887560 0.962106 0.845955 0.929300 0.797978 0.939081 0.686317 0.825090 0.981926 0.934533 0.949364 0.949238 0.976299 0.862070 0.990564 0.955181 0.990633 0.837591 0.880704 0.968534
0.336802 0.000000 0.987477 0.841233 0.941871 0.736478 0.968072 0.905450 0.881346 0.874525 0.607541 0.393941 0.595002 0.545865 0.846739 0.643424 0.391045 0.350441 0.392483 0.369407 0.894197 0.759386 0.850053 0.838200 0.792381 0.847069 0.766488 0.912918 0.677649 0.642791 0.820138 0.951500 0.888743 0.828213 0.957762 0.979654 0.833551 0.568691 0.937543 0.670972 0.872191 0.982403 0.714829 0.629607 0.913318 0.717589 0.601216 0.618683 0.637679 0.409501 0.600843 0.421621 0.702239 0.882034 0.792458 0.738813 0.273332 0.246756 0.640534 0.513975 0.909111 0.918576 0.680083 0.510209 0.996335 0.897602 0.903214 0.941852 0.506474 0.415953 0.882128 0.919713 0.965403 0.826494 0.902623 0.979848 0.833801 0.920469 0.629853 0.591505 0.352876 0.378463 0.545351 0.421794 0.611695 0.711594 0.843520 0.761241 0.912617 0.655224 0.960711 0.943962 0.956094 0.946752 0.923658 0.993066 0.980801 0.929119 0.846998 0.852450 0.858563 0.932200 0.626463 0.860899 0.979117 0.997041 0.987359 0.972669 0.997428 0.755960 0.793865 0.920195 0.865009 0.667944 0.794501 0.999830
0.912700 0.987477 0.000000 0.358644 0.786626 0.817473 0.405693 0.411720 0.464345 0.955144 0.943203 0.983732 0.733427 0.818378 0.873170 0.785474 0.767657 0.743037 0.811929 0.986002 0.939610 0.931843 0.535469 0.657437 0.558762 0.471116 0.988661 0.968295 0.798020 0.771115 0.643774 0.747079 0.637885 0.814981 0.763209 0.878151 0.735152 0.991942 0.876671 0.998431 0.922701 0.899264 0.721255 0.768993 0.814441 0.845196 0.768073 0.801067 0.823130 0.995790 0.989464 0.932632 0.799760 0.790533 0.928040 0.920019 0.970462 0.885342 0.979517 0.959606 0.469691 0.497331 0.772590 0.808131 0.374436 0.345065 0.539834 0.546508 0.938808 0.884751 0.654518 0.627375 0.789164 0.874697 0.996359 0.745157 0.796195 0.808804 0.959091 0.994957 0.768994 0.872630 0.989646 0.836187 0.736039 0.617795 0.911955 0.985308 0.917301 0.943615 0.545832 0.752275 0.534401 0.782475 0.825934 0.951780 0.820731 0.925906 0.666960 0.641222 0.700697 0.903000 0.940625 0.979551 0.612394 0.839642 0.865534 0.770898 0.697428 0.879173 0.721631 0.774278 0.786044 0.885088 0.704779 0.925903
0.903625 0.841233 0.358644 0.000000 0.739819 0.846974 0.554491 0.413673 0.566618 0.985893 0.967642 0.834997 0.566480 0.630888 0.684581 0.553820 0.889890 0.874912 0.669215 0.808742 0.945968 0.780152 0.374887 0.476759 0.532793 0.562327 0.859286 0.964900 0.856939 0.885554 0.757215 0.715581 0.784140 0.901019 0.814787 0.879637 0.689536 0.970294 0.799906 0.838496 0.858154 0.877752 0.721154 0.718043 0.924658 0.845697 0.734063 0.700616 0.896689 0.891416 0.904015 0.766998 0.708171 0.672697 0.884674 0.994772 0.939047 0.968031 0.939594 0.847765 0.595163 0.506345 0.763729 0.926159 0.371439 0.400133 0.643775 0.662218 0.887808 0.987058 0.593396 0.656692 0.864315 0.917553 0.982583 0.814185 0.725818 0.813920 0.912047 0.915308 0.970328 0.963505 0.868442 0.980769 0.632405 0.529454 0.763807 0.931161 0.757047 0.808289 0.555437 0.680661 0.548034 0.727312 0.823354 0.921514 0.677915 0.919845 0.665417 0.595568 0.758569 0.876098 0.946075 0.895882 0.571115 0.710791 0.916456 0.695873 0.644127 0.792042 0.768678 0.777377 0.830139 0.903472 0.693447 0.907583
0.854050 0.941871 0.786626 0.739819 0.000000 0.868868 0.855072 0.857925 0.862669 0.948226 0.866831 0.938542 0.883677 0.982897 0.876470 0.952597 0.810241 0.811146 0.981484 0.868469 0.956168 0.994661 0.678383 0.792910 0.768239 0.819339 0.753915 0.855561 0.894736 0.872458 0.875508 0.941924 0.961945 0.944435 0.905551 0.937357 0.953435 0.884837 0.902439 0.925802 0.964984 0.789677 0.952451 0.893443 0.874497 0.855019 0.944382 0.895327 0.805564 0.871000 0.842598 0.926509 0.983887 0.996478 0.926983 0.863922 0.872275 0.896649 0.933393 0.996281 0.862383 0.935022 0.909838 0.900082 0.709079 0.780502 0.835092 0.919086 0.987829 0.901512 0.840256 0.948711 0.979214 0.991194 0.979503 0.859274 0.887364 0.967536 0.844425 0.924204 0.867488 0.881131 0.932261 0.838602 0.857728 0.801983 0.862654 0.865580 0.874466 0.954646 0.913692 0.955284 0.878383 0.900181 0.961942 0.966742 0.879643 0.824389 0.962873 0.986027 0.992962 0.935155 0.809168 0.876157 0.859238 0.717013 0.903800 0.942757 0.886240 0.981560 0.930138 0.871730 0.991913 0.838499 0.971283 0.874268
0.783209 0.736478 0.817473 0.846974 0.868868 0.000000 0.930430 0.802025 0.766224 0.926444 0.679994 0.876832 0.931760 0.897819 0.807369 0.805129 0.606500 0.581476 0.724982 0.841388 0.872626 0.877880 0.837965 0.795685 0.805380 0.645472 0.889036 0.754654 0.720204 0.809998 0.861626 0.983627 0.907546 0.979452 0.924536 0.985945 0.843274 0.832823 0.857351 0.880381 0.932718 0.985385 0.944410 0.927204 0.947248 0.928724 0.967890 0.985918 0.935752 0.908906 0.969229 0.991225 0.771661 0.780534 0.787336 0.896723 0.597273 0.660551 0.808634 0.898531 0.841870 0.692794 0.659737 0.760223 0.820666 0.653526 0.826092 0.830326 0.887021 0.864809 0.702211 0.819551 0.754542 0.912832 0.888454 0.959969 0.967772 0.989006 0.855416 0.923438 0.748893 0.852711 0.776153 0.793597 0.875330 0.797595 0.954039 0.981201 0.973081 0.927411 0.688041 0.825296 0.720299 0.871097 0.981535 0.853496 0.698678 0.899485 0.885846 0.912965 0.827147 0.963889 0.795973 0.979451 0.852282 0.876020 0.817093 0.967274 0.944870 0.965858 0.965061 0.943508 0.893083 0.955276 0.993188 0.933867
0.902571 0.968072 0.405693 0.554491 0.855072 0.930430 0.000000 0.368033 0.533669 0.750090 0.901425 0.932242 0.988661 0.967728 0.866526 0.982116 0.948283 0.848017 0.809216 0.995125 0.932661 0.904828 0.759769 0.961433 0.829255 0.647052 0.771128 0.774728 0.934106 0.965219 0.500130 0.596342 0.447994 0.530035 0.694594 0.759067 0.870493 0.963557 0.987446 0.963368 0.884631 0.883141 0.549956 0.617316 0.506086 0.553043 0.665823 0.655505 0.855771 0.820478 0.761345 0.813514 0.751876 0.740984 0.985603 0.921166 0.996258 0.925563 0.687554 0.752492 0.364001 0.515712 0.887845 0.870563 0.677702 0.542817 0.319994 0.341939 0.824280 0.856614 0.827152 0.767157 0.800169 0.879146 0.935088 0.747924 0.709377 0.620779 0.994753 0.911990 0.923855 0.817029 0.933602 0.824065 0.982535 0.873058 0.886922 0.832198 0.868650 0.820797 0.731141 0.934674 0.740570 0.960252 0.822655 0.931584 0.911240 0.782131 0.546304 0.567403 0.542858 0.822643 0.834060 0.824700 0.688621 0.767197 0.851541 0.775431 0.789378 0.860062 0.652408 0.780137 0.678064 0.793629 0.602549 0.984042
0.952207 0.905450 0.411720 0.413673 0.857925 0.802025 0.368033 0.000000 0.518433 0.635311 0.829216 0.750190 0.829652 0.854865 0.984203 0.792670 0.959967 0.873955 0.695326 0.846350 0.940773 0.981298 0.701486 0.863814 0.800754 0.642815 0.894117 0.949605 0.947969 0.922939 0.578560 0.604667 0.506404 0.503515 0.780337 0.882937 0.669950 0.901473 0.932612 0.937578 0.920243 0.986645 0.495465 0.510375 0.597425 0.547837 0.518564 0.490224 0.840830 0.729535 0.706588 0.679066 0.743543 0.632213 0.878658 0.985624 0.976078 0.971281 0.679403 0.706263 0.404928 0.341908 0.989480 0.828432 0.670747 0.447052 0.461257 0.395550 0.976045 0.985939 0.669156 0.689342 0.780141 0.867979 0.993176 0.849453 0.695591 0.635033 0.975659 0.852017 0.974998 0.897958 0.987389 0.911109 0.960854 0.813338 0.978097 0.822275 0.954687 0.887341 0.672583 0.873011 0.758352 0.988285 0.859604 0.870075 0.743529 0.824179 0.499721 0.463607 0.523873 0.884503 0.781003 0.779858 0.592875 0.749535 0.955861 0.697839 0.734880 0.765062 0.689478 0.739989 0.639039 0.762236 0.641446 0.942310
0.806212 0.881346 0.464345 0.566618 0.862669 0.766224 0.533669 0.518433 0.000000 0.682515 0.960830 0.898244 0.994357 0.919627 0.877121 0.872417 0.780499 0.681545 0.926476 0.924739 0.995348 0.902445 0.725317 0.872441 0.744819 0.462219 0.871601 0.924117 0.926894 0.774865 0.565186 0.676498 0.570864 0.737092 0.631882 0.902339 0.745538 0.996631 0.861540 0.975650 0.936116 0.845956 0.587771 0.667287 0.610258 0.691682 0.694464 0.781947 0.941816 0.927677 0.789312 0.880684 0.699734 0.559695 0.905742 0.973940 0.912871 0.778779 0.940100 0.979271 0.521642 0.479080 0.788880 0.876260 0.625025 0.512677 0.480693 0.541480 0.832664 0.807618 0.603688 0.594106 0.659991 0.813544 0.918954 0.868043 0.751336 0.749308 0.992803 0.908551 0.724875 0.755996 0.965029 0.763264 0.863220 0.791457 0.952070 0.943531 0.896666 0.926898 0.519197 0.749074 0.587748 0.784867 0.810405 0.994171 0.731661 0.810771 0.504429 0.540970 0.629113 0.901099 0.891760 0.809634 0.683967 0.711647 0.804267 0.657957 0.767299 0.810657 0.710513 0.722213 0.655887 0.796880 0.830272 0.860219
0.837207 0.874525 0.955144 0.985893 0.948226 0.926444 0.750090 0.635311 0.682515 0.000000 0.795417 0.949661 0.623441 0.673117 0.714875 0.765066 0.965043 0.863249 0.977964 0.925614 0.883295 0.768755 0.815940 0.589175 0.768351 0.924219 0.710395 0.922870 0.713844 0.803867 0.567098 0.661045 0.633881 0.543561 0.774728 0.993731 0.811993 0.799611 0.995737 0.991691 0.934797 0.737886 0.554087 0.600614 0.486414 0.487569 0.711802 0.648493 0.605356 0.783339 0.726350 0.937046 0.911141 0.724918 0.985658 0.996295 0.909300 0.812112 0.748614 0.914525 0.740171 0.616883 0.902660 0.763342 0.786940 0.974959 0.720631 0.616699 0.922466 0.900301 0.835251 0.812221 0.718707 0.716289 0.939358 0.936394 0.803966 0.648872 0.987365 0.871250 0.882355 0.665621 0.805457 0.771918 0.627462 0.657355 0.619509 0.695340 0.860963 0.697739 0.995689 0.777573 0.843751 0.723143 0.979392 0.914305 0.935266 0.807958 0.601478 0.597526 0.615923 0.979720 0.651223 0.681056 0.843025 0.821571 0.983602 0.704169 0.939794 0.837003 0.781442 0.692207 0.658490 0.831445 0.952934 0.979458
0.540625 0.607541 0.943203 0.967642 0.866831 0.679994 0.901425 0.829216 0.960830 0.795417 0.000000 0.534901 0.989229 0.940140 0.788815 0.975853 0.481220 0.444866 0.555903 0.549272 0.850064 0.981537 0.793497 0.795864 0.859134 0.742568 0.907191 0.829558 0.515129 0.475233 0.993923 0.874761 0.737638 0.576141 0.902367 0.939709 0.970738 0.654082 0.970555 0.891206 0.976805 0.872905 0.889077 0.761070 0.900642 0.749011 0.704158 0.707711 0.781835 0.635357 0.893035 0.791043 0.883863 0.934659 0.876501 0.954533 0.546682 0.604085 0.584893 0.541734 0.865719 0.980178 0.455765 0.428275 0.761055 0.822914 0.972403 0.878767 0.628987 0.636040 0.854432 0.807217 0.855019 0.724464 0.897344 0.870134 0.871372 0.907175 0.794018 0.800002 0.578540 0.699658 0.782264 0.674632 0.914841 0.864978 0.946411 0.990749 0.855872 0.962667 0.784002 0.828391 0.691526 0.768488 0.926110 0.983242 0.937955 0.746498 0.823987 0.862599 0.960123 0.930117 0.597673 0.619999 0.890265 0.924948 0.837278 0.982644 0.931757 0.874441 0.958879 0.994705 0.757514 0.845151 0.907430 0.969907
0.375695 0.393941 0.983732 0.834997 0.938542 0.876832 0.932242 0.750190 0.898244 0.949661 0.534901 0.000000 0.626161 0.624656 0.913624 0.675757 0.473907 0.468613 0.479716 0.348244 0.859903 0.736683 0.969719 0.928515 0.888571 0.891330 0.803024 0.855257 0.630140 0.502031 0.937088 0.918927 0.809055 0.700233 0.985607 0.900427 0.736141 0.565324 0.852077 0.645655 0.830269 0.878350 0.753577 0.675154 0.883599 0.698038 0.579382 0.534752 0.622789 0.456664 0.640743 0.461732 0.848756 0.876386 0.714740 0.747033 0.493729 0.412669 0.653709 0.492404 0.832504 0.780755 0.658341 0.460977 0.919476 0.975629 0.970802 0.936018 0.462944 0.464958 0.979861 0.979560 0.945080 0.881681 0.931825 0.928167 0.826178 0.914940 0.741621 0.583605 0.373307 0.435354 0.631841 0.503843 0.780163 0.805871 0.841505 0.919568 0.975624 0.787169 0.933927 0.982041 0.880724 0.824762 0.975068 0.826692 0.853150 0.857531 0.820338 0.829729 0.992804 0.941873 0.635318 0.767680 0.928389 0.955557 0.888015 0.986920 0.938747 0.760505 0.889460 0.962788 0.945887 0.744110 0.860193 0.983429
0.548561 0.595002 0.733427 0.566480 0.883677 0.931760 0.988661 0.829652 0.994357 0.623441 0.989229 0.626161 0.000000 0.339612 0.421410 0.387122 0.864306 0.799129 0.624098 0.593530 0.935453 0.623531 0.508386 0.445556 0.611523 0.888499 0.660698 0.935733 0.902101 0.977504 0.799391 0.923106 0.987756 0.805857 0.889436 0.943408 0.814074 0.925138 0.832574 0.759504 0.788692 0.907797 0.995685 0.976788 0.754919 0.884779 0.810886 0.873512 0.865198 0.837036 0.934529 0.626789 0.833855 0.873544 0.782756 0.798708 0.741349 0.641739 0.991259 0.782624 0.858632 0.802061 0.859737 0.995235 0.553283 0.669460 0.904274 0.886335 0.672051 0.657148 0.800971 0.928832 0.992126 0.985366 0.855822 0.941809 0.878603 0.826368 0.900278 0.700337 0.721449 0.535362 0.650064 0.681199 0.403849 0.417491 0.577476 0.713726 0.720492 0.541762 0.735168 0.638730 0.691863 0.742718 0.901151 0.844097 0.737452 0.965469 0.999113 0.927827 0.806785 0.885341 0.870476 0.863809 0.850629 0.995186 0.930872 0.995001 0.799146 0.935953 0.974613 0.982584 0.902896 0.915169 0.832570 0.934410
0.505482 0.545865 0.818378 0.630888 0.982897 0.897819 0.967728 0.854865 0.919627 0.673117 0.940140 0.624656 0.339612 0.000000 0.432633 0.314080 0.775211 0.743990 0.610916 0.555730 0.982106 0.661361 0.574011 0.458685 0.597345 0.803467 0.754251 0.834613 0.966547 0.960262 0.817545 0.946229 0.923371 0.885814 0.935844 0.980376 0.776615 0.806502 0.786310 0.718355 0.843162 0.961524 0.886586 0.854356 0.876637 0.992271 0.690771 0.850716 0.991207 0.736305 0.770286 0.530524 0.631158 0.747857 0.736543 0.749636 0.655129 0.618453 0.990122 0.786850 0.865532 0.768945 0.869024 0.952253 0.660358 0.698218 0.911038 0.920553 0.660249 0.632925 0.853752 0.915225 0.964942 0.993839 0.815925 0.917071 0.873970 0.853008 0.789281 0.668734 0.637606 0.507419 0.555411 0.595190 0.392832 0.387426 0.573342 0.756361 0.685296 0.521233 0.724238 0.669466 0.742480 0.773241 0.914241 0.972888 0.728341 0.963434 0.927133 0.927476 0.831214 0.895207 0.986664 0.986952 0.946627 0.934735 0.888155 0.995453 0.888255 0.872514 0.931110 0.960966 0.979660 0.825176 0.835310 0.874616
0.807162 0.846739 0.873170 0.684581 0.876470 0.807369 0.866526 0.984203 0.877121 0.714875 0.788815 0.913624 0.421410 0.432633 0.000000 0.356983 0.996120 0.978599 0.873494 0.836410 0.986897 0.755985 0.483919 0.469934 0.586100 0.796991 0.657882 0.790271 0.844063 0.842643 0.887903 0.949384 0.930840 0.707644 0.996626 0.928119 0.865438 0.999672 0.815160 0.828770 0.817406 0.922275 0.993212 0.963621 0.748431 0.840611 0.855867 0.968323 0.819694 0.980861 0.960545 0.714356 0.782784 0.816986 0.809791 0.790991 0.919060 0.871716 0.891593 0.928943 0.959711 0.849164 0.710577 0.839839 0.548755 0.695414 0.864112 0.849487 0.790705 0.845119 0.786427 0.940994 0.987614 0.946884 0.963491 0.894826 0.964242 0.839751 0.845373 0.812743 0.920384 0.766082 0.661445 0.816035 0.421982 0.424999 0.675763 0.716320 0.599887 0.593640 0.768292 0.736528 0.766281 0.749134 0.849855 0.917575 0.756247 0.956915 0.964844 0.985177 0.749242 0.997739 0.790162 0.819800 0.816208 0.901608 0.806354 0.940156 0.761529 0.925251 0.973425 0.984151 0.901722 0.932048 0.874208 0.981409
0.656931 0.643424 0.785474 0.553820 0.952597 0.805129 0.982116 0.792670 0.872417 0.765066 0.975853 0.675757 0.387122 0.314080 0.356983 0.000000 0.851911 0.847484 0.714494 0.661273 0.965341 0.705077 0.443234 0.398393 0.578848 0.766907 0.735832 0.778369 0.968627 0.938600 0.973416 0.873399 0.923821 0.922237 0.966910 0.945256 0.826289 0.876956 0.750309 0.803779 0.851588 0.970862 0.852546 0.829749 0.880687 0.966101 0.694638 0.781081 0.964820 0.791259 0.779158 0.549434 0.638612 0.745827 0.762942 0.773497 0.770238 0.713622 0.965111 0.764543 0.832388 0.696173 0.840722 0.952015 0.577766 0.637853 0.971125 0.990815 0.736545 0.720755 0.788508 0.942093 0.992905 0.987240 0.903383 0.949596 0.921386 0.954333 0.728652 0.762322 0.744248 0.657389 0.550562 0.653973 0.424908 0.357805 0.674766 0.766752 0.643909 0.575596 0.766729 0.759129 0.790110 0.885645 0.889293 0.906623 0.746952 0.963136 0.971987 0.891126 0.851561 0.996765 0.924446 0.938853 0.813322 0.841499 0.880982 0.947544 0.801003 0.869431 0.880550 0.980824 0.996131 0.867165 0.750527 0.873564
0.428958 0.391045 0.767657 0.889890 0.810241 0.606500 0.948283 0.959967 0.780499 0.965043 0.481220 0.473907 0.864306 0.775211 0.996120 0.851911 0.000000 0.302928 0.525678 0.452553 0.802007 0.939609 0.876033 0.867911 0.986984 0.627478 0.868317 0.925842 0.464124 0.438407 0.835668 0.975206 0.840637 0.740464 0.942049 0.917256 0.985096 0.640505 0.955614 0.798609 0.954299 0.953727 0.828721 0.714418 0.915631 0.738202 0.679914 0.705211 0.618882 0.493887 0.706829 0.563444 0.963742 0.911201 0.848125 0.788132 0.364158 0.334922 0.551778 0.508345 0.996165 0.892017 0.442132 0.363374 0.736289 0.646102 0.862299 0.927521 0.534314 0.461586 0.688212 0.744228 0.999396 0.852145 0.980657 0.867590 0.898748 0.875608 0.550472 0.636137 0.325240 0.496770 0.556077 0.471072 0.890085 0.999536 0.990299 0.870030 0.960872 0.820499 0.657836 0.772383 0.630509 0.717303 0.878214 0.980606 0.838720 0.800931 0.924159 0.992748 0.823703 0.933469 0.605241 0.794846 0.854830 0.920543 0.917804 0.913088 0.993760 0.824153 0.873881 0.989386 0.873285 0.816184 0.775678 0.851462
0.393497 0.350441 0.743037 0.874912 0.811146 0.581476 0.848017 0.873955 0.681545 0.863249 0.444866 0.468613 0.799129 0.743990 0.978599 0.847484 0.302928 0.000000 0.479287 0.430962 0.813210 0.831444 0.899971 0.963445 0.922230 0.596793 0.817818 0.897770 0.528742 0.482424 0.718848 0.952658 0.963597 0.850254 0.913464 0.941348 0.955983 0.634510 0.955413 0.752024 0.975279 0.945157 0.972909 0.809225 0.923536 0.869296 0.792469 0.786746 0.734353 0.547584 0.817924 0.646369 0.982074 0.849060 0.870076 0.818631 0.321856 0.297251 0.661670 0.557891 0.865667 0.773386 0.476796 0.411956 0.753823 0.602763 0.741883 0.778983 0.508065 0.434285 0.737001 0.693122 0.909611 0.900426 0.876197 0.882051 0.972351 0.986454 0.615852 0.691452 0.357844 0.438661 0.548222 0.406812 0.850181 0.995939 0.902803 0.819096 0.983449 0.783076 0.690547 0.872360 0.678426 0.819786 0.974165 0.998202 0.885344 0.844174 0.962844 0.952782 0.738164 0.992152 0.637101 0.877002 0.867248 0.859699 0.901207 0.865740 0.850046 0.872252 0.938359 0.905141 0.923086 0.777050 0.906698 0.909033
0.454561 0.392483 0.811929 0.669215 0.981484 0.724982 0.809216 0.695326 0.926476 0.977964 0.555903 0.479716 0.624098 0.610916 0.873494 0.714494 0.525678 0.479287 0.000000 0.405898 0.821211 0.739322 0.772386 0.791328 0.775770 0.954817 0.748194 0.833911 0.709210 0.735447 0.924930 0.823903 0.763176 0.756358 0.991022 0.970342 0.713415 0.626464 0.923286 0.775747 0.781743 0.988752 0.729371 0.636810 0.926275 0.748606 0.625918 0.610497 0.779468 0.537469 0.788658 0.576458 0.869057 0.848052 0.861551 0.876681 0.406515 0.440884 0.718671 0.615059 0.827116 0.844726 0.757244 0.605197 0.865992 0.954461 0.961165 0.936584 0.570935 0.615888 0.910458 0.959712 0.996800 0.915457 0.955532 0.951484 0.786643 0.884360 0.696399 0.627785 0.546063 0.565066 0.617215 0.554145 0.704868 0.785044 0.846402 0.903572 0.918637 0.811755 0.951108 0.896867 0.967731 0.962433 0.846519 0.930825 0.881932 0.878821 0.725514 0.720694 0.963349 0.796817 0.647895 0.964136 0.914150 0.986902 0.877960 0.827758 0.983397 0.618806 0.801154 0.929052 0.837035 0.677745 0.825639 0.962830
0.365744 0.369407 0.986002 0.808742 0.868469 0.841388 0.995125 0.846350 0.924739 0.925614 0.549272 0.348244 0.593530 0.555730 0.836410 0.661273 0.452553 0.430962 0.405898 0.000000 0.880364 0.725743 0.903062 0.825495 0.868282 0.886505 0.723130 0.931939 0.705246 0.628834 0.790102 0.998825 0.876792 0.829953 0.947100 0.871650 0.698819 0.525982 0.897252 0.606731 0.769762 0.938425 0.825223 0.739884 0.982714 0.825600 0.655822 0.633064 0.720795 0.495195 0.747179 0.527038 0.838022 0.885962 0.712988 0.741011 0.435890 0.369281 0.793773 0.602181 0.977450 0.899880 0.773396 0.572625 0.978356 0.925525 0.858333 0.904067 0.450743 0.416000 0.990603 0.970731 0.983508 0.902583 0.909786 0.929800 0.834811 0.939105 0.685946 0.665226 0.420994 0.409834 0.623244 0.425044 0.682949 0.791378 0.807342 0.846745 0.905843 0.705421 0.961541 0.895405 0.980272 0.998512 0.919675 0.911571 0.830941 0.886901 0.837627 0.842339 0.946934 0.834228 0.689285 0.908153 0.943530 0.936843 0.874274 0.943471 0.981188 0.676420 0.944946 0.987870 0.977405 0.777834 0.903193 0.970165
0.911490 0.894197 0.939610 0.945968 0.956168 0.872626 0.932661 0.940773 0.995348 0.883295 0.850064 0.859903 0.935453 0.982106 0.986897 0.965341 0.802007 0.813210 0.821211 0.880364 0.000000 0.984519 0.966531 0.953014 0.968163 0.890836 0.982929 0.980907 0.877240 0.845962 0.859102 0.896960 0.914201 0.925144 0.994599 0.878123 0.810728 0.710866 0.976272 0.933908 0.897684 0.929068 0.993621 0.925840 0.902773 0.960364 0.941943 0.823620 0.988254 0.944486 0.940653 0.968426 0.944380 0.945629 0.977074 0.926891 0.808746 0.848185 0.916729 0.874277 0.889453 0.975020 0.945030 0.848599 0.980110 0.891005 0.903436 0.893563 0.784300 0.900994 0.983582 0.934655 0.939583 0.962402 0.985766 0.920806 0.910971 0.906326 0.911739 0.917860 0.909477 0.995656 0.918711 0.816920 0.919450 0.868992 0.967260 0.993804 0.954482 0.912822 0.851897 0.958819 0.838097 0.935771 0.895448 0.865143 0.942651 0.868506 0.952058 0.889965 0.969799 0.771351 0.900379 0.993860 0.957954 0.987820 0.808250 0.916615 0.976267 0.849459 0.888625 0.862680 0.989766 0.927748 0.947473 0.915891
0.705524 0.759386 0.931843 0.780152 0.994661 0.877880 0.904828 0.981298 0.902445 0.768755 0.981537 0.736683 0.623531 0.661361 0.755985 0.705077 0.939609 0.831444 0.739322 0.725743 0.984519 0.000000 0.755689 0.681285 0.839707 0.966585 0.696874 0.973868 0.899282 0.998982 0.873719 0.967278 0.965904 0.835918 0.918433 0.815403 0.884709 0.809646 0.830431 0.612257 0.900642 0.929825 0.987413 0.948950 0.803883 0.932019 0.929771 0.909384 0.943040 0.864836 0.929671 0.798728 0.900787 0.947314 0.867346 0.797219 0.800664 0.776318 0.898238 0.935401 0.977104 0.987551 0.981988 0.991100 0.823323 0.934982 0.799011 0.850850 0.753874 0.781983 0.914311 0.996484 0.893406 0.742215 0.721710 0.952340 0.972224 0.767962 0.938348 0.781927 0.779874 0.702256 0.672357 0.640036 0.742413 0.715408 0.653626 0.723826 0.770236 0.749371 0.921435 0.887383 0.964013 0.876458 0.984754 0.896686 0.783356 0.999146 0.941508 0.946126 0.915644 0.940144 0.926227 0.865945 0.959698 0.981317 0.848701 0.892000 0.940091 0.894111 0.982368 0.938235 0.826026 0.842361 0.864151 0.948991
0.974306 0.850053 0.535469 0.374887 0.678383 0.837965 0.759769 0.701486 0.725317 0.815940 0.793497 0.969719 0.508386 0.574011 0.483919 0.443234 0.876033 0.899971 0.772386 0.903062 0.966531 0.755689 0.000000 0.365527 0.532961 0.627970 0.734104 0.876726 0.854713 0.834920 0.922505 0.852459 0.938706 0.865032 0.918453 0.959988 0.827268 0.948416 0.866713 0.892032 0.907282 0.848341 0.892826 0.914287 0.894185 0.956854 0.921422 0.924098 0.776507 0.958755 0.996477 0.830369 0.695700 0.779203 0.958551 0.950835 0.959528 0.923929 0.873323 0.957288 0.753219 0.717641 0.725176 0.846955 0.320601 0.524649 0.807540 0.911587 0.969473 0.993566 0.661623 0.754331 0.916862 0.967323 0.972151 0.812644 0.873846 0.996847 0.868767 0.949424 0.944418 0.983333 0.776049 0.959437 0.461143 0.417499 0.765106 0.827792 0.726659 0.713900 0.660121 0.728184 0.612534 0.718171 0.765734 0.969508 0.751204 0.983593 0.921605 0.785132 0.940065 0.966180 0.803520 0.691888 0.710173 0.714742 0.855992 0.846145 0.751768 0.828796 0.849322 0.826286 0.955761 0.962428 0.766570 0.895445
0.862411 0.838200 0.657437 0.476759 0.792910 0.795685 0.961433 0.863814 0.872441 0.589175 0.795864 0.928515 0.445556 0.458685 0.469934 0.398393 0.867911 0.963445 0.791328 0.825495 0.953014 0.681285 0.365527 0.000000 0.498168 0.667119 0.627226 0.822890 0.747180 0.790055 0.924889 0.960361 0.953799 0.731963 0.998128 0.936914 0.872077 0.948720 0.719433 0.850798 0.782697 0.867006 0.949846 0.970480 0.723048 0.794637 0.968137 0.991006 0.717152 0.968548 0.928373 0.853517 0.751765 0.877773 0.875064 0.918642 0.941178 0.881836 0.773486 0.997655 0.930802 0.843679 0.661174 0.749591 0.409894 0.583779 0.996777 0.947308 0.871860 0.958523 0.727679 0.887684 0.980096 0.860938 0.893092 0.915749 0.904261 0.877124 0.853423 0.860958 0.960569 0.763230 0.714806 0.808730 0.406252 0.361113 0.601307 0.693980 0.579700 0.581279 0.675971 0.648470 0.609421 0.680624 0.855538 0.982482 0.698820 0.932080 0.960275 0.920418 0.855184 0.884389 0.723775 0.722895 0.764470 0.872180 0.931951 0.907495 0.890661 0.982580 0.981371 0.952824 0.905957 0.970532 0.869033 0.845902
0.864710 0.792381 0.558762 0.532793 0.768239 0.805380 0.829255 0.800754 0.744819 0.768351 0.859134 0.888571 0.611523 0.597345 0.586100 0.578848 0.986984 0.922230 0.775770 0.868282 0.968163 0.839707 0.532961 0.498168 0.000000 0.539526 0.743425 0.851365 0.831949 0.838403 0.832270 0.829600 0.869706 0.956028 0.880582 0.998717 0.722071 0.865571 0.661542 0.827601 0.779045 0.892981 0.891805 0.951450 0.952893 0.952983 0.859687 0.917346 0.875303 0.939149 0.989861 0.868830 0.784070 0.908265 0.797651 0.819535 0.870258 0.905589 0.934594 0.899082 0.767336 0.757195 0.738366 0.828213 0.474120 0.595184 0.843616 0.866788 0.766168 0.912871 0.795372 0.710720 0.833999 0.841595 0.969593 0.892819 0.897432 0.945505 0.776996 0.843117 0.908248 0.782239 0.756919 0.886118 0.485166 0.442008 0.766533 0.714946 0.712657 0.674258 0.768944 0.856160 0.698282 0.873821 0.866338 0.872570 0.852009 0.931332 0.900681 0.925124 0.940525 0.959265 0.892563 0.899681 0.779731 0.861087 0.771330 0.875936 0.802936 0.876748 0.914880 0.969045 0.981244 0.937111 0.827224 0.916891
0.804111 0.847069 0.471116 0.562327 0.819339 0.645472 0.647052 0.642815 0.462219 0.924219 0.742568 0.891330 0.888499 0.803467 0.796991 0.766907 0.627478 0.596793 0.954817 0.886505 0.890836 0.966585 0.627970 0.667119 0.539526 0.000000 0.932100 0.905744 0.713952 0.733780 0.594466 0.750837 0.714985 0.892071 0.711354 0.915256 0.711837 0.990690 0.709505 0.850231 0.853362 0.942485 0.768676 0.876748 0.797886 0.887590 0.822498 0.888018 0.893301 0.915447 0.921471 0.980062 0.682633 0.762397 0.872768 0.974125 0.793704 0.729133 0.860825 0.891364 0.585592 0.529175 0.616976 0.689431 0.515798 0.420329 0.583833 0.605905 0.855529 0.832032 0.637168 0.603994 0.688856 0.840407 0.947735 0.844546 0.948058 0.903496 0.938419 0.901077 0.744798 0.823031 0.976200 0.766976 0.732648 0.622628 0.888200 0.877785 0.847009 0.883594 0.612914 0.836074 0.618408 0.866693 0.903782 0.943774 0.775392 0.998194 0.724645 0.777309 0.750067 0.956068 0.861967 0.998971 0.705125 0.740306 0.826403 0.850485 0.802985 0.932412 0.819099 0.991395 0.968431 0.985124 0.898501 0.882528
0.779062 0.766488 0.988661 0.859286 0.753915 0.889036 0.771128 0.894117 0.871601 0.710395 0.907191 0.803024 0.660698 0.754251 0.657882 0.735832 0.868317 0.817818 0.748194 0.723130 0.982929 0.696874 0.734104 0.627226 0.743425 0.932100 0.000000 0.926761 0.968065 0.957163 0.756711 0.897491 0.734075 0.772120 0.846979 0.875612 0.959185 0.812593 0.874700 0.894769 0.732472 0.921651 0.809361 0.896745 0.629630 0.744286 0.959344 0.945715 0.835081 0.963221 0.837288 0.929484 0.945004 0.871727 0.962750 0.869583 0.799223 0.731005 0.845753 0.965778 0.807425 0.837933 0.992743 0.963647 0.823198 0.954107 0.708135 0.725286 0.726960 0.816961 0.986893 0.886146 0.873229 0.841782 0.996981 0.991065 0.937643 0.810805 0.825623 0.893169 0.830072 0.679746 0.780239 0.764431 0.689019 0.769454 0.785240 0.583247 0.846237 0.680132 0.974650 0.881456 0.962701 0.845506 0.854583 0.943138 0.871806 0.931650 0.857792 0.982932 0.730551 0.983887 0.969112 0.795104 0.982530 0.913408 0.882061 0.978307 0.940060 0.898561 0.911052 0.974258 0.827274 0.930177 0.918311 0.926854
0.991113 0.912918 0.968295 0.964900 0.855561 0.754654 0.774728 0.949605 0.924117 0.922870 0.829558 0.855257 0.935733 0.834613 0.790271 0.778369 0.925842 0.897770 0.833911 0.931939 0.980907 0.973868 0.876726 0.822890 0.851365 0.905744 0.926761 0.000000 0.756071 0.846458 0.958117 0.912813 0.846924 0.842443 0.856154 0.897368 0.892797 0.978417 0.882008 0.989201 0.977392 0.979099 0.923480 0.903400 0.767618 0.821441 0.942369 0.888248 0.795746 0.876467 0.867498 0.899281 0.958457 0.929242 0.986325 0.965632 0.913007 0.897197 0.791502 0.816000 0.850468 0.972130 0.731358 0.804202 0.906080 0.916370 0.777957 0.854688 0.896247 0.888186 0.969963 0.984930 0.951984 0.962475 0.823050 0.955126 0.960827 0.895638 0.995379 0.864285 0.899572 0.935480 0.950633 0.970542 0.897832 0.848699 0.860573 0.904174 0.925340 0.833258 0.965922 0.994342 0.988713 0.995488 0.948584 0.982552 0.966841 0.805156 0.865314 0.830501 0.831653 0.762813 0.767225 0.799809 0.967596 0.942881 0.924314 0.955692 0.932898 0.769452 0.905162 0.946478 0.961230 0.822725 0.954177 0.971196
0.744518 0.677649 0.798020 0.856939 0.894736 0.720204 0.934106 0.947969 0.926894 0.713844 0.515129 0.630140 0.902101 0.966547 0.844063 0.968627 0.464124 0.528742 0.709210 0.705246 0.877240 0.899282 0.854713 0.747180 0.831949 0.713952 0.968065 0.756071 0.000000 0.362757 0.887989 0.759719 0.711276 0.605611 0.947744 0.976476 0.851645 0.763033 0.879256 0.891285 0.744790 0.908983 0.841481 0.739157 0.749374 0.647295 0.746903 0.717133 0.623668 0.629482 0.763471 0.739756 0.959810 0.939216 0.964090 0.930499 0.637947 0.630523 0.588621 0.551749 0.857675 0.997327 0.428373 0.392233 0.701354 0.725193 0.950256 0.924273 0.749435 0.805268 0.746621 0.723272 0.849469 0.754681 0.970557 0.987737 0.989704 0.795842 0.716559 0.855636 0.589208 0.861782 0.747434 0.785863 0.904566 0.827212 0.834581 0.901952 0.799226 0.905162 0.628008 0.595895 0.533057 0.582728 0.987381 0.981552 0.829035 0.850029 0.919571 0.937940 0.996291 0.932179 0.610550 0.698275 0.963662 0.999114 0.986219 0.973092 0.941177 0.872579 0.853367 0.981725 0.794393 0.830949 0.822357 0.922637
0.620102 0.642791 0.771115 0.885554 0.872458 0.809998 0.965219 0.922939 0.774865 0.803867 0.475233 0.502031 0.977504 0.960262 0.842643 0.938600 0.438407 0.482424 0.735447 0.628834 0.845962 0.998982 0.834920 0.790055 0.838403 0.733780 0.957163 0.846458 0.362757 0.000000 0.901842 0.808414 0.759745 0.573281 0.985027 0.977742 0.900118 0.763681 0.939421 0.838071 0.794560 0.944795 0.885161 0.760367 0.823819 0.686877 0.693326 0.679778 0.640539 0.594147 0.758801 0.690699 0.974058 0.859046 0.912689 0.879006 0.659469 0.615452 0.527814 0.472360 0.863237 0.977670 0.402926 0.314043 0.668634 0.741217 0.966934 0.870763 0.662554 0.664242 0.712500 0.681010 0.876606 0.729412 0.916328 0.991211 0.941456 0.751587 0.666696 0.743532 0.470931 0.752109 0.674672 0.699697 0.881742 0.862946 0.897603 0.992383 0.779784 0.893202 0.583802 0.570055 0.479542 0.521136 0.907571 0.913859 0.839514 0.817927 0.987225 0.992178 0.996919 0.888905 0.622854 0.670567 0.972261 0.921919 0.913978 0.869560 0.976378 0.870021 0.926518 0.992095 0.935383 0.878718 0.716019 0.850694
0.731728 0.820138 0.643774 0.757215 0.875508 0.861626 0.500130 0.578560 0.565186 0.567098 0.993923 0.937088 0.799391 0.817545 0.887903 0.973416 0.835668 0.718848 0.924930 0.790102 0.859102 0.873719 0.922505 0.924889 0.832270 0.594466 0.756711 0.958117 0.887989 0.901842 0.000000 0.470875 0.492244 0.546342 0.689394 0.855331 0.923690 0.983852 0.806545 0.932323 0.850744 0.978590 0.594392 0.672793 0.488163 0.535729 0.717344 0.705531 0.824094 0.899510 0.784863 0.930923 0.813456 0.804037 0.936238 0.938137 0.831800 0.709884 0.766895 0.862713 0.478804 0.541857 0.991042 0.924124 0.867905 0.668064 0.464110 0.397638 0.813736 0.731128 0.940488 0.862828 0.751353 0.727920 0.945078 0.777579 0.856120 0.560348 0.952142 0.923295 0.831232 0.649785 0.992385 0.712569 0.861778 0.995695 0.792764 0.873235 0.927459 0.792774 0.958047 0.775473 0.986697 0.746172 0.995682 0.785138 0.974254 0.781480 0.717706 0.754820 0.554305 0.998006 0.948958 0.803645 0.712214 0.705779 0.808847 0.770759 0.777870 0.971905 0.719762 0.861294 0.759057 0.908031 0.685423 0.925832
0.974500 0.951500 0.747079 0.715581 0.941924 0.983627 0.596342 0.604667 0.676498 0.661045 0.874761 0.918927 0.923106 0.946229 0.949384 0.873399 0.975206 0.952658 0.823903 0.998825 0.896960 0.967278 0.852459 0.960361 0.829600 0.750837 0.897491 0.912813 0.759719 0.808414 0.470875 0.000000 0.543935 0.626386 0.765271 0.901888 0.920376 0.877957 0.839837 0.951200 0.887137 0.983272 0.540078 0.550791 0.571201 0.514128 0.623928 0.674972 0.743486 0.730835 0.664869 0.718323 0.699414 0.671055 0.961812 0.958301 0.925316 0.937367 0.712727 0.770223 0.628641 0.682210 0.901393 0.817383 0.906201 0.785112 0.637607 0.564154 0.980703 0.903336 0.934297 0.955282 0.895300 0.849312 0.975001 0.955657 0.809412 0.656804 0.808741 0.837427 0.952043 0.866559 0.808539 0.993353 0.994338 0.924403 0.949657 0.908836 0.989249 0.831499 0.900326 0.855638 0.991947 0.919331 0.992471 0.819967 0.887192 0.925849 0.648229 0.775963 0.666128 0.797299 0.768940 0.849415 0.692016 0.771292 0.806876 0.703450 0.790290 0.827654 0.765922 0.896341 0.679093 0.878534 0.641504 0.972785
0.932043 0.888743 0.637885 0.784140 0.961945 0.907546 0.447994 0.506404 0.570864 0.633881 0.737638 0.809055 0.987756 0.923371 0.930840 0.923821 0.840637 0.963597 0.763176 0.876792 0.914201 0.965904 0.938706 0.953799 0.869706 0.714985 0.734075 0.846924 0.711276 0.759745 0.492244 0.543935 0.000000 0.454203 0.716163 0.809709 0.775477 0.853812 0.930328 0.926107 0.954229 0.827492 0.489453 0.523284 0.429911 0.446694 0.475116 0.628025 0.658270 0.650666 0.626928 0.689938 0.729111 0.759823 0.820514 0.926992 0.855717 0.948785 0.625393 0.700400 0.420265 0.545873 0.767460 0.704295 0.890519 0.727617 0.495966 0.446982 0.978071 0.949726 0.925787 0.879869 0.685152 0.739137 0.898662 0.896645 0.784946 0.635703 0.862997 0.795794 0.864624 0.991867 0.832447 0.984086 0.931407 0.880949 0.853467 0.937207 0.965321 0.915958 0.879899 0.909794 0.989592 0.807655 0.836953 0.896559 0.874081 0.721162 0.544084 0.659665 0.689741 0.837371 0.730526 0.618758 0.829347 0.885389 0.959949 0.870938 0.859567 0.823866 0.639601 0.828536 0.638772 0.702952 0.609561 0.922358
0.899700 0.828213 0.814981 0.901019 0.944435 0.979452 0.530035 0.503515 0.737092 0.543561 0.576141 0.700233 0.805857 0.885814 0.707644 0.922237 0.740464 0.850254 0.756358 0.829953 0.925144 0.835918 0.865032 0.731963 0.956028 0.892071 0.772120 0.842443 0.605611 0.573281 0.546342 0.626386 0.454203 0.000000 0.795336 0.864604 0.885916 0.822910 0.894105 0.995644 0.940498 0.905793 0.518246 0.512022 0.466222 0.409528 0.497093 0.482102 0.635343 0.595973 0.631904 0.712466 0.885118 0.878791 0.982126 0.950683 0.808530 0.889157 0.464982 0.540742 0.501296 0.601059 0.595690 0.517116 0.870260 0.862658 0.534900 0.445345 0.945980 0.875792 0.900831 0.997052 0.803653 0.716967 0.986105 0.956235 0.875926 0.589743 0.846576 0.839391 0.820903 0.924598 0.920453 0.983959 0.788315 0.869369 0.756926 0.802794 0.811601 0.741974 0.868507 0.718433 0.771744 0.603004 0.970241 0.925427 0.964162 0.759292 0.642941 0.696859 0.571445 0.976528 0.623020 0.542781 0.804107 0.797450 0.987225 0.803874 0.992633 0.766742 0.742870 0.904302 0.641932 0.759467 0.700324 0.933144
0.966311 0.957762 0.763209 0.814787 0.905551 0.924536 0.694594 0.780337 0.631882 0.774728 0.902367 0.985607 0.889436 0.935844 0.996626 0.966910 0.942049 0.913464 0.991022 0.947100 0.994599 0.918433 0.918453 0.998128 0.880582 0.711354 0.846979 0.856154 0.947744 0.985027 0.689394 0.765271 0.716163 0.795336 0.000000 0.947373 0.967756 0.970100 0.844204 0.910501 0.948478 0.920463 0.740961 0.809312 0.728372 0.742140 0.761045 0.798308 0.887816 0.873333 0.885118 0.957796 0.818929 0.810808 0.810191 0.864286 0.963217 0.874052 0.860539 0.911060 0.732054 0.713288 0.990127 0.951251 0.838910 0.833303 0.608691 0.617209 0.967357 0.909615 0.791068 0.797960 0.791403 0.758483 0.832565 0.997291 0.877083 0.731712 0.919050 0.971110 0.945158 0.942826 0.902752 0.880427 0.968290 0.930403 0.861720 0.972471 0.850824 0.936582 0.825937 0.954389 0.842436 0.927019 0.919144 0.879493 0.805556 0.630383 0.687137 0.762897 0.884113 0.902806 0.768933 0.810224 0.800992 0.788780 0.717202 0.792679 0.819921 0.914968 0.887070 0.875154 0.666191 0.913365 0.789283 0.937885
0.895998 0.979654 0.878151 0.879637 0.937357 0.985945 0.759067 0.882937 0.902339 0.993731 0.939709 0.900427 0.943408 0.980376 0.928119 0.945256 0.917256 0.941348 0.970342 0.871650 0.878123 0.815403 0.959988 0.936914 0.998717 0.915256 0.875612 0.897368 0.976476 0.977742 0.855331 0.901888 0.809709 0.864604 0.947373 0.000000 0.901905 0.830286 0.792000 0.898397 0.889916 0.941378 0.848456 0.829727 0.786766 0.822546 0.898789 0.977296 0.883020 0.873585 0.900314 0.934671 0.800218 0.873418 0.914824 0.872627 0.958091 0.949311 0.868976 0.982867 0.856013 0.926792 0.970465 0.968987 0.915884 0.893356 0.727515 0.806991 0.787226 0.857788 0.992627 0.945693 0.980477 0.899683 0.951701 0.854605 0.906924 0.712798 0.980245 0.966239 0.997035 0.965461 0.912490 0.870346 0.994024 0.984444 0.847424 0.957853 0.827428 0.981281 0.860907 0.829584 0.915448 0.888423 0.940554 0.871518 0.975526 0.974446 0.891902 0.790849 0.816586 0.936776 0.979381 0.877147 0.932276 0.993226 0.988747 0.984204 0.911145 0.995950 0.833723 0.993228 0.956153 0.911229 0.812979 0.826990
0.784413 0.833551 0.735152 0.689536 0.953435 0.843274 0.870493 0.669950 0.745538 0.811993 0.970738 0.736141 0.814074 0.776615 0.865438 0.826289 0.985096 0.955983 0.713415 0.698819 0.810728 0.884709 0.827268 0.872077 0.722071 0.711837 0.959185 0.892797 0.851645 0.900118 0.923690 0.920376 0.775477 0.885916 0.967756 0.901905 0.000000 0.666616 0.813993 0.799056 0.575571 0.853476 0.671593 0.756841 0.838341 0.813520 0.710070 0.727164 0.821792 0.809264 0.827147 0.797989 0.780734 0.674945 0.688123 0.815772 0.846806 0.879040 0.969934 0.985498 0.856718 0.670664 0.726250 0.965658 0.834847 0.790588 0.917924 0.852940 0.692353 0.768189 0.712797 0.564596 0.802589 0.858859 0.956662 0.983047 0.735580 0.967807 0.964415 0.879660 0.928033 0.840595 0.912518 0.844651 0.788382 0.829241 0.868140 0.955182 0.902403 0.867503 0.714060 0.772155 0.789143 0.862788 0.930198 0.997491 0.680658 0.961399 0.649478 0.702742 0.857515 0.843096 0.918921 0.996033 0.873552 0.965014 0.885306 0.780453 0.839342 0.751068 0.834676 0.866216 0.997211 0.892519 0.969597 0.949393
0.596038 0.568691 0.991942 0.970294 0.884837 0.832823 0.963557 0.901473 0.996631 0.799611 0.654082 0.565324 0.925138 0.806502 0.999672 0.876956 0.640505 0.634510 0.626464 0.525982 0.710866 0.809646 0.948416 0.948720 0.865571 0.990690 0.812593 0.978417 0.763033 0.763681 0.983852 0.877957 0.853812 0.822910 0.970100 0.830286 0.666616 0.000000 0.814255 0.592940 0.772780 0.792466 0.777938 0.747834 0.909159 0.796295 0.676727 0.655681 0.686373 0.584328 0.758687 0.707492 0.803729 0.906410 0.738702 0.653975 0.547112 0.608851 0.896690 0.813997 0.961816 0.917775 0.889969 0.733586 0.873691 0.862200 0.840428 0.940392 0.565538 0.621086 0.957469 0.855035 0.990403 0.903814 0.842626 0.983805 0.905891 0.948114 0.803468 0.874659 0.584856 0.650423 0.757217 0.589863 0.884357 0.996116 0.954528 0.850060 0.997986 0.826593 0.996944 0.994004 0.905706 0.937298 0.923492 0.850839 0.877800 0.877123 0.807054 0.835333 0.982069 0.993063 0.603567 0.890638 0.925376 0.983843 0.987335 0.990659 0.915136 0.704725 0.846718 0.786492 0.964752 0.724706 0.955519 0.927484
