0.000000 0.267104 0.897367 0.730936 0.938806 0.981024 0.863798 0.807972 0.781350 0.757424 0.479532 0.412259 0.455555 0.419040 0.694938 0.650113 0.345157 0.285006 0.406845 0.315649 0.865928 0.743243 0.895089 0.730401 0.836219 0.922582 0.824520 0.858847 0.715775 0.594328 0.704653 0.990763 0.781094 0.732327 0.965828 0.926585 0.798538 0.628701 0.839336 0.730928 0.791955 0.919112 0.819144 0.718109 0.931646 0.773407 0.621083 0.650311 0.701695 0.551790 0.698024 0.576505 0.886029 0.848367 0.517162 0.653601 0.282725 0.278091 0.457961 0.441074 0.816311 0.965065 0.520621 0.491527 0.851803 0.892128 0.893279 0.928985 0.336559 0.432442 0.970635 0.790444 0.753525 0.968515 0.852000 0.734488 0.823531 0.929831 0.718384 0.535937 0.288987 0.270213 0.502893 0.354408 0.527636 0.579743 0.630823 0.698337 0.695264 0.538874 0.970715 0.982842 0.938451 0.920133 0.778947 0.980122 0.756303 0.930227 0.863309 0.940918 0.822884 0.992110 0.865211 0.899738 0.915055 0.969215 0.995467 0.893032 0.910704 0.812094 0.972916 0.968078 0.954067 0.871392 0.937652 0.976341
0.267104 0.000000 0.812211 0.637784 0.931950 0.966212 0.803787 0.764682 0.823334 0.782989 0.582170 0.424041 0.422563 0.374897 0.610547 0.536233 0.349730 0.299274 0.418224 0.304951 0.856093 0.739510 0.753702 0.643771 0.761490 0.986698 0.759665 0.881052 0.677055 0.575411 0.762952 0.943281 0.762453 0.715649 0.919299 0.982101 0.846729 0.593662 0.800546 0.683958 0.843535 0.966541 0.747893 0.670224 0.882453 0.729435 0.571071 0.588054 0.663731 0.489671 0.605774 0.477504 0.750837 0.898695 0.520920 0.659816 0.245497 0.208065 0.438271 0.352871 0.737055 0.872386 0.517352 0.445912 0.769581 0.809052 0.815199 0.862379 0.423765 0.439909 0.981958 0.802368 0.758435 0.988572 0.863158 0.832050 0.810851 0.990013 0.652614 0.596238 0.298264 0.295927 0.470232 0.377905 0.432514 0.482335 0.657875 0.584921 0.694064 0.511515 0.983071 0.997696 0.894948 0.950555 0.709816 0.967449 0.774273 0.936218 0.883750 0.912375 0.829037 0.984175 0.864383 0.903911 0.854979 0.866963 0.918998 0.936153 0.861951 0.795993 0.877794 0.926120 0.907724 0.822135 0.757397 0.970661
0.897367 0.812211 0.000000 0.307887 0.638396 0.793194 0.343922 0.418414 0.536313 0.921968 0.981758 0.922503 0.615135 0.823027 0.672626 0.757053 0.947327 0.905212 0.804885 0.867240 0.762602 0.970575 0.476269 0.566922 0.488644 0.426462 0.926240 0.901339 0.889068 0.827222 0.637267 0.816557 0.556327 0.674617 0.668573 0.804726 0.588724 0.769942 0.842797 0.998086 0.860524 0.883045 0.756713 0.758158 0.716633 0.796947 0.751228 0.841625 0.926240 0.994897 0.940612 0.908352 0.834132 0.911065 0.714605 0.980721 0.911371 0.926157 0.769666 0.888457 0.338395 0.451347 0.901668 0.996289 0.317578 0.253544 0.463598 0.488476 0.838680 0.990479 0.586002 0.598086 0.710747 0.721631 0.961766 0.781957 0.809795 0.665360 0.983989 0.985132 0.961055 0.956217 0.980866 0.987766 0.546572 0.464946 0.848763 0.913893 0.785853 0.740774 0.631782 0.900231 0.583504 0.806725 0.765701 0.965879 0.783549 0.927982 0.806843 0.776095 0.741956 0.957466 0.838725 0.989857 0.611963 0.785020 0.850787 0.863843 0.664902 0.872565 0.773574 0.810198 0.893772 0.974298 0.822396 0.856020
0.730936 0.637784 0.307887 0.000000 0.621952 0.881265 0.472186 0.404899 0.666956 0.953427 0.967442 0.702446 0.499112 0.637550 0.548368 0.560653 0.907220 0.892280 0.614816 0.633159 0.847256 0.870302 0.374088 0.423898 0.512267 0.582304 0.740528 0.956906 0.963181 0.988486 0.800286 0.793044 0.651804 0.726669 0.665023 0.846562 0.629683 0.699351 0.800583 0.866440 0.904161 0.880175 0.749288 0.730109 0.775206 0.764651 0.715967 0.724788 0.969111 0.858442 0.854352 0.776252 0.798580 0.864926 0.677723 0.922966 0.765733 0.737556 0.674218 0.755968 0.447791 0.491769 0.983567 0.835131 0.325462 0.345729 0.508200 0.587452 0.692521 0.900735 0.585606 0.672719 0.828711 0.815884 0.990748 0.804003 0.763210 0.697124 0.880764 0.877254 0.832522 0.803027 0.848802 0.815876 0.468506 0.408811 0.715364 0.823061 0.698076 0.663678 0.665152 0.889208 0.632142 0.793825 0.702027 0.908717 0.730513 0.843939 0.807013 0.726907 0.843692 0.969026 0.924780 0.944621 0.566156 0.669698 0.913426 0.832415 0.605859 0.735712 0.788534 0.738291 0.902472 0.971006 0.765447 0.845711
0.938806 0.931950 0.638396 0.621952 0.000000 0.950785 0.766975 0.797480 0.787925 0.961767 0.916589 0.909663 0.758730 0.978889 0.753672 0.865195 0.855927 0.899724 0.984993 0.936163 0.907546 0.973244 0.563745 0.618892 0.615261 0.661732 0.683932 0.932448 0.912560 0.862591 0.827878 0.963745 0.907924 0.998458 0.921379 0.850360 0.845115 0.910297 0.932084 0.937862 0.900279 0.916896 0.995063 0.956027 0.947325 0.909967 0.911428 0.946908 0.816512 0.907018 0.916564 0.969651 0.901328 0.996766 0.996496 0.972200 0.963898 0.980036 0.941319 0.992855 0.758369 0.804303 0.909355 0.960934 0.586299 0.674455 0.799118 0.841614 0.895113 0.922053 0.792398 0.933782 0.853100 0.953531 0.992830 0.937031 0.907283 0.990806 0.849566 0.984477 0.923649 0.919663 0.911274 0.940012 0.740963 0.675261 0.866038 0.847484 0.900309 0.871036 0.937476 0.983414 0.832815 0.946087 0.874915 0.973212 0.961370 0.868805 0.971282 0.991214 0.966042 0.941085 0.821772 0.820815 0.877212 0.815607 0.993512 0.941261 0.997452 0.943606 0.857260 0.993212 0.878791 0.864485 0.994524 0.888090
0.981024 0.966212 0.793194 0.881265 0.950785 0.000000 0.564117 0.581691 0.793243 0.690015 0.802140 0.974322 0.944563 0.949847 0.939133 0.957764 0.997359 0.969886 0.853526 0.977579 0.931698 0.936312 0.958925 0.892432 0.903468 0.821869 0.736423 0.946348 0.837665 0.841691 0.789943 0.801883 0.624176 0.528637 0.929819 0.795559 0.907718 0.982706 0.983461 0.924204 0.915728 0.863722 0.623863 0.662704 0.579037 0.666968 0.762666 0.738110 0.739048 0.889526 0.809222 0.915165 0.761158 0.927166 0.842815 0.860368 0.993214 0.957431 0.740467 0.772148 0.671879 0.725895 0.874156 0.928168 0.967403 0.728652 0.548050 0.590780 0.916907 0.930426 0.703430 0.786967 0.735582 0.788948 0.938436 0.858790 0.826714 0.754291 0.923213 0.938008 0.942870 0.973377 0.874435 0.983101 0.979103 0.994352 0.847100 0.975917 0.832858 0.818435 0.686114 0.800261 0.717725 0.927381 0.856416 0.930261 0.646128 0.868142 0.591574 0.606476 0.653392 0.865149 0.916983 0.744292 0.804472 0.765697 0.936134 0.826375 0.949869 0.838402 0.797695 0.676223 0.707673 0.831174 0.851026 0.912818
0.863798 0.803787 0.343922 0.472186 0.766975 0.564117 0.000000 0.295048 0.509405 0.664099 0.823820 0.885035 0.709724 0.813710 0.730953 0.858783 0.870051 0.972267 0.625317 0.781479 0.891797 0.967822 0.656387 0.812862 0.818122 0.544607 0.856318 0.993149 0.836811 0.969628 0.588369 0.603509 0.351214 0.435751 0.705425 0.800187 0.643962 0.862121 0.894352 0.909551 0.911015 0.790727 0.429894 0.468234 0.413446 0.480778 0.522476 0.583079 0.733071 0.756987 0.675236 0.696422 0.539865 0.668249 0.633207 0.747551 0.847165 0.902011 0.568384 0.741576 0.317101 0.458015 0.818817 0.812809 0.580018 0.388338 0.293411 0.290383 0.945389 0.958020 0.471817 0.570793 0.612198 0.665411 0.998585 0.725938 0.561768 0.591004 0.791994 0.882944 0.872960 0.872887 0.947129 0.948745 0.673253 0.674405 0.966340 0.913527 0.905104 0.893059 0.445710 0.704160 0.492789 0.750547 0.667160 0.855707 0.516613 0.782902 0.472632 0.448901 0.538965 0.764913 0.843608 0.744383 0.479777 0.639523 0.745830 0.676125 0.667946 0.765802 0.676093 0.618927 0.593634 0.810325 0.772920 0.856916
0.807972 0.764682 0.418414 0.404899 0.797480 0.581691 0.295048 0.000000 0.546507 0.576149 0.810800 0.714084 0.699473 0.739739 0.765267 0.739613 0.874319 0.995972 0.598249 0.684549 0.985318 0.886342 0.706085 0.834209 0.843307 0.623786 0.918391 0.979041 0.854173 0.885126 0.616925 0.574465 0.441119 0.406599 0.757829 0.891448 0.548386 0.761380 0.892314 0.959863 0.870596 0.775451 0.396482 0.419420 0.468696 0.459116 0.442348 0.456718 0.691460 0.651445 0.583434 0.591279 0.576531 0.602773 0.642143 0.794462 0.849402 0.880387 0.519577 0.662492 0.376146 0.323399 0.907119 0.739993 0.680103 0.385952 0.421089 0.342625 0.852856 0.949141 0.501683 0.544052 0.672402 0.706030 0.951406 0.782445 0.592233 0.552518 0.847195 0.796492 0.826088 0.866018 0.964483 0.919011 0.803758 0.734804 0.955001 0.996836 0.941777 0.945558 0.482593 0.729722 0.612902 0.847304 0.748765 0.807982 0.577071 0.797565 0.469048 0.420693 0.488751 0.776754 0.754061 0.716404 0.464868 0.686649 0.845648 0.638433 0.634371 0.730602 0.684241 0.588215 0.649768 0.740506 0.678908 0.872985
0.781350 0.823334 0.536313 0.666956 0.787925 0.793243 0.509405 0.546507 0.000000 0.575649 0.904362 0.772251 0.951645 0.828318 0.952044 0.910759 0.845669 0.651180 0.987256 0.826114 0.991154 0.861575 0.801038 0.995425 0.814543 0.500425 0.832118 0.960516 0.996415 0.810209 0.458957 0.631406 0.518561 0.694312 0.696769 0.977584 0.795091 0.949118 0.995631 0.951032 0.969851 0.766208 0.611918 0.677188 0.543892 0.649135 0.744268 0.789290 0.900812 0.915241 0.777937 0.882412 0.722625 0.624824 0.887208 0.927805 0.808885 0.708104 0.842336 0.923911 0.542905 0.560349 0.917436 0.923460 0.740710 0.608002 0.533311 0.473786 0.899524 0.773249 0.629513 0.566084 0.535620 0.602961 0.916430 0.871853 0.781253 0.633118 0.999606 0.846706 0.736424 0.677482 0.871478 0.712910 0.989937 0.936855 0.866128 0.983310 0.996872 0.987826 0.548645 0.864812 0.679759 0.859331 0.856930 0.914330 0.857995 0.852198 0.608039 0.630506 0.575400 0.937037 0.873931 0.752893 0.648245 0.747392 0.792879 0.704520 0.726605 0.931780 0.668580 0.639961 0.680467 0.825302 0.772010 0.940734
0.757424 0.782989 0.921968 0.953427 0.961767 0.690015 0.664099 0.576149 0.575649 0.000000 0.912061 0.976430 0.683507 0.747617 0.825614 0.832441 0.931956 0.717387 0.956659 0.906245 0.854783 0.888936 0.875973 0.647807 0.809766 0.834642 0.650144 0.881108 0.804373 0.850741 0.523588 0.549974 0.646424 0.537785 0.792064 0.974551 0.841637 0.888098 0.980807 0.964044 0.937052 0.769494 0.440271 0.538186 0.406978 0.441431 0.660973 0.580069 0.540014 0.689795 0.571459 0.774953 0.634947 0.501359 0.971803 0.851487 0.763297 0.695994 0.778960 0.907171 0.729886 0.527063 0.980611 0.845952 0.815537 0.884007 0.665491 0.493033 0.787872 0.811632 0.743820 0.630066 0.529372 0.659525 0.962184 0.811694 0.676089 0.595566 0.959391 0.959614 0.869954 0.699495 0.794221 0.751573 0.658085 0.722423 0.687484 0.786741 0.928447 0.669918 0.681638 0.921694 0.900544 0.907049 0.969747 0.796719 0.761742 0.704625 0.502709 0.515802 0.465593 0.789536 0.584164 0.545487 0.635017 0.741909 0.904007 0.585272 0.799835 0.804458 0.670847 0.639499 0.610791 0.801693 0.752821 0.833346
0.479532 0.582170 0.981758 0.967442 0.916589 0.802140 0.823820 0.810800 0.904362 0.912061 0.000000 0.660244 0.831062 0.708727 0.976647 0.998455 0.506984 0.486770 0.574257 0.555529 0.925031 0.984593 0.779000 0.872279 0.754580 0.801503 0.898499 0.979036 0.615718 0.476440 0.849468 0.816841 0.724642 0.597538 0.956626 0.844065 0.961302 0.858181 0.887955 0.916218 0.832826 0.930997 0.694253 0.638149 0.758403 0.665996 0.635502 0.707119 0.604769 0.597969 0.717149 0.674572 0.871991 0.977394 0.722562 0.768268 0.558026 0.636272 0.531345 0.547257 0.931986 0.966620 0.496339 0.632148 0.834717 0.960122 0.757248 0.779560 0.698486 0.734532 0.974881 0.863183 0.947396 0.907806 0.858623 0.850325 0.775726 0.983611 0.766563 0.673347 0.486427 0.531619 0.808157 0.668131 0.958256 0.985246 0.840378 0.900290 0.918041 0.948182 0.795693 0.755392 0.836491 0.800565 0.788823 0.942358 0.672272 0.793131 0.692698 0.765048 0.891820 0.783119 0.736572 0.624258 0.990754 0.925439 0.992775 0.991874 0.902543 0.824136 0.904394 0.880920 0.774342 0.848477 0.984635 0.877974
0.412259 0.424041 0.922503 0.702446 0.909663 0.974322 0.885035 0.714084 0.772251 0.976430 0.660244 0.000000 0.520512 0.518723 0.684671 0.557581 0.542295 0.472881 0.541983 0.358401 0.944297 0.684996 0.830103 0.742681 0.851313 0.888008 0.792574 0.998791 0.658519 0.481388 0.854054 0.954659 0.835974 0.699179 0.980821 0.971959 0.674124 0.526753 0.876956 0.668232 0.885772 0.997612 0.809092 0.744751 0.904068 0.748766 0.687551 0.593550 0.649193 0.554027 0.660384 0.582859 0.833333 0.980680 0.668455 0.800904 0.510205 0.411650 0.624152 0.491484 0.776057 0.728259 0.622980 0.393963 0.892055 0.868594 0.966212 0.907963 0.506204 0.501642 0.987466 0.881421 0.842517 0.935678 0.991881 0.865106 0.899610 0.958291 0.790293 0.521239 0.384509 0.451397 0.669575 0.500170 0.699626 0.688782 0.679228 0.795092 0.894221 0.770076 0.924473 0.946067 0.899516 0.834677 0.880814 0.904771 0.765246 0.907066 0.946473 0.929584 0.996935 0.966144 0.878155 0.881536 0.860652 0.898020 0.876788 0.913752 0.845363 0.769540 0.942237 0.954473 0.967259 0.782469 0.879782 0.980622
0.455555 0.422563 0.615135 0.499112 0.758730 0.944563 0.709724 0.699473 0.951645 0.683507 0.831062 0.520512 0.000000 0.315979 0.385428 0.377115 0.566586 0.540615 0.439142 0.470210 0.890587 0.696071 0.448467 0.383958 0.651323 0.931309 0.682714 0.938693 0.849311 0.810383 0.868958 0.991007 0.797404 0.857322 0.932559 0.947991 0.767804 0.772819 0.947801 0.891685 0.853609 0.938124 0.893909 0.797504 0.969420 0.921885 0.722997 0.772425 0.983999 0.771275 0.862450 0.623507 0.816231 0.978064 0.755562 0.799304 0.464069 0.419170 0.690264 0.597139 0.640026 0.771015 0.752078 0.633370 0.521604 0.626886 0.877551 0.947155 0.599204 0.634649 0.782122 0.976138 0.878233 0.937795 0.915365 0.951704 0.848621 0.927743 0.794702 0.574661 0.530065 0.478410 0.610784 0.539258 0.371290 0.432248 0.551832 0.637790 0.768751 0.586118 0.879353 0.838995 0.826083 0.845230 0.849180 0.999510 0.820477 0.980947 0.955183 0.869749 0.909084 0.948525 0.963970 0.912963 0.826688 0.887883 0.934319 0.922679 0.816969 0.886156 0.917848 0.896503 0.957663 0.879242 0.885892 0.988818
0.419040 0.374897 0.823027 0.637550 0.978889 0.949847 0.813710 0.739739 0.828318 0.747617 0.708727 0.518723 0.315979 0.000000 0.434631 0.359638 0.454885 0.407846 0.390549 0.450099 0.980699 0.663256 0.646495 0.541692 0.909155 0.887166 0.741089 0.980091 0.671576 0.606363 0.764463 0.885091 0.833788 0.794130 0.925914 0.915511 0.963229 0.793153 0.976424 0.879567 0.990313 0.919138 0.784950 0.677946 0.970419 0.796675 0.623543 0.685072 0.848017 0.641363 0.729817 0.524851 0.757637 0.996302 0.800934 0.762720 0.361921 0.365031 0.565799 0.468023 0.734051 0.859713 0.633882 0.549113 0.760487 0.771667 0.922084 0.981108 0.693345 0.656970 0.997051 0.819526 0.857952 0.971420 0.847703 0.958916 0.872105 0.928882 0.656695 0.471718 0.418051 0.403067 0.516558 0.492504 0.523138 0.561332 0.627331 0.667949 0.802268 0.668112 0.916624 0.843933 0.950666 0.889035 0.825700 0.951437 0.824160 0.914016 0.879538 0.806523 0.916253 0.925931 0.891606 0.911008 0.866977 0.914812 0.929515 0.872936 0.822279 0.848444 0.847403 0.853119 0.922845 0.789220 0.765672 0.980666
0.694938 0.610547 0.672626 0.548368 0.753672 0.939133 0.730953 0.765267 0.952044 0.825614 0.976647 0.684671 0.385428 0.434631 0.000000 0.309744 0.667272 0.672444 0.578827 0.701415 0.954811 0.768699 0.401005 0.399965 0.668037 0.951370 0.705018 0.923139 0.750603 0.837069 0.968469 0.798447 0.828116 0.861261 0.905494 0.915644 0.882881 0.766024 0.963939 0.969777 0.976488 0.981044 0.845781 0.800453 0.949093 0.866908 0.758437 0.791686 0.997859 0.846071 0.878531 0.699382 0.711946 0.937622 0.849463 0.829847 0.562351 0.571361 0.711090 0.678465 0.636498 0.732228 0.788002 0.661800 0.514038 0.655562 0.892206 0.906871 0.795571 0.829537 0.806866 0.933418 0.953055 0.854468 0.901398 0.898504 0.899465 0.765496 0.700958 0.628928 0.670357 0.662897 0.592602 0.639428 0.433235 0.476797 0.687568 0.613541 0.744367 0.645712 0.987799 0.976977 0.983486 0.951037 0.839973 0.930284 0.802912 0.936480 0.949880 0.818060 0.901851 0.999825 0.992788 0.894629 0.728981 0.794094 0.880064 0.942974 0.771332 0.901512 0.859272 0.847613 0.857396 0.921339 0.829679 0.977567
0.650113 0.536233 0.757053 0.560653 0.865195 0.957764 0.858783 0.739613 0.910759 0.832441 0.998455 0.557581 0.377115 0.359638 0.309744 0.000000 0.640793 0.641887 0.614293 0.628296 0.991416 0.677744 0.430647 0.413776 0.716901 0.974398 0.717074 0.871934 0.755893 0.733739 0.990792 0.853006 0.892534 0.866070 0.990293 0.943204 0.859096 0.728510 0.944591 0.889987 0.995818 0.891229 0.845226 0.748323 0.968602 0.857195 0.699678 0.743239 0.964012 0.771845 0.787067 0.636551 0.723763 0.966473 0.897865 0.860198 0.541602 0.498490 0.700216 0.587941 0.681486 0.685859 0.841032 0.575591 0.615396 0.702918 0.983634 0.975593 0.756918 0.730967 0.920954 0.902635 0.883415 0.875365 0.977868 0.862614 0.943526 0.766291 0.721494 0.636468 0.602942 0.621969 0.572211 0.552129 0.480617 0.485286 0.716896 0.704307 0.732028 0.663848 0.936535 0.968007 0.896310 0.899757 0.899521 0.960011 0.913909 0.958598 0.978462 0.880409 0.917231 0.923133 0.989221 0.879280 0.780795 0.826802 0.902739 0.930818 0.753082 0.913469 0.880241 0.847565 0.891503 0.803348 0.720242 0.993565
0.345157 0.349730 0.947327 0.907220 0.855927 0.997359 0.870051 0.874319 0.845669 0.931956 0.506984 0.542295 0.566586 0.454885 0.667272 0.640793 0.000000 0.282134 0.427425 0.392338 0.994428 0.761461 0.952293 0.844827 0.964683 0.801350 0.931806 0.904029 0.514460 0.467185 0.806983 0.843277 0.729466 0.659736 0.999786 0.964781 0.919822 0.715388 0.898953 0.755230 0.797397 0.878835 0.678890 0.553627 0.808525 0.627021 0.537075 0.551046 0.524406 0.449223 0.545662 0.451575 0.674727 0.962329 0.570350 0.485049 0.270029 0.302190 0.431404 0.354271 0.893187 0.981300 0.349910 0.373930 0.935822 0.895957 0.907188 0.915302 0.526910 0.519843 0.975678 0.779883 0.810254 0.951308 0.869038 0.896621 0.716788 0.915539 0.548403 0.588197 0.245700 0.295372 0.424336 0.365224 0.639391 0.764661 0.737009 0.583461 0.726519 0.667366 0.983822 0.904633 0.990833 0.979278 0.721483 0.976086 0.703762 0.803323 0.732398 0.813774 0.881614 0.889256 0.622535 0.743178 0.856053 0.888994 0.969922 0.972153 0.930991 0.796033 0.849333 0.829278 0.776607 0.824800 0.805869 0.913489
0.285006 0.299274 0.905212 0.892280 0.899724 0.969886 0.972267 0.995972 0.651180 0.717387 0.486770 0.472881 0.540615 0.407846 0.672444 0.641887 0.282134 0.000000 0.445406 0.360297 0.947237 0.754600 0.958531 0.765961 0.983349 0.757320 0.836328 0.934547 0.591936 0.473244 0.620594 0.980422 0.855355 0.801791 0.980536 0.924094 0.959727 0.716331 0.876534 0.751784 0.878667 0.933809 0.857563 0.763084 0.973985 0.808627 0.686089 0.702139 0.661359 0.553227 0.703668 0.585649 0.848594 0.825899 0.606170 0.603208 0.258696 0.251469 0.503763 0.417757 0.992104 0.829901 0.397374 0.432002 0.997410 0.876486 0.937568 0.963507 0.506747 0.484178 0.910928 0.656171 0.705193 0.921904 0.817484 0.789909 0.865472 0.910715 0.588675 0.556473 0.245490 0.243686 0.453471 0.344479 0.582812 0.695142 0.624412 0.589409 0.728447 0.591603 0.937387 0.921201 0.993903 0.926391 0.739760 0.974330 0.743742 0.806547 0.923723 0.950722 0.763255 0.984721 0.825226 0.855239 0.976203 0.907356 0.967304 0.848578 0.997104 0.841659 0.952043 0.999951 0.923728 0.858776 0.905076 0.979922
0.406845 0.418224 0.804885 0.614816 0.984993 0.853526 0.625317 0.598249 0.987256 0.956659 0.574257 0.541983 0.439142 0.390549 0.578827 0.614293 0.427425 0.445406 0.000000 0.400033 0.971170 0.677676 0.791460 0.735529 0.973029 0.907610 0.892638 0.918148 0.628389 0.605225 0.864370 0.755574 0.660546 0.645357 0.998703 0.955549 0.845755 0.825569 0.892082 0.870756 0.744143 0.932347 0.606994 0.552852 0.736709 0.624645 0.500813 0.497937 0.634262 0.550887 0.646860 0.499465 0.689851 0.858778 0.670488 0.653577 0.417589 0.450592 0.464466 0.448740 0.689836 0.826720 0.519397 0.560256 0.855700 0.786579 0.682405 0.736452 0.653383 0.785147 0.704227 0.982901 0.955217 0.957500 0.908807 0.959264 0.678511 0.797604 0.668561 0.495894 0.414112 0.405511 0.643258 0.558070 0.626147 0.722153 0.668330 0.665534 0.850392 0.819428 0.716865 0.685003 0.721184 0.740893 0.714092 0.839831 0.500016 0.818500 0.598918 0.583333 0.896947 0.756446 0.703015 0.798499 0.681405 0.734970 0.991049 0.858371 0.763823 0.638555 0.806870 0.732820 0.733104 0.749851 0.800510 0.904810
0.315649 0.304951 0.867240 0.633159 0.936163 0.977579 0.781479 0.684549 0.826114 0.906245 0.555529 0.358401 0.470210 0.450099 0.701415 0.628296 0.392338 0.360297 0.400033 0.000000 0.916763 0.751068 0.848031 0.733480 0.874843 0.952083 0.776259 0.977302 0.667845 0.558749 0.793181 0.940539 0.761197 0.680279 0.992769 0.996369 0.761706 0.567827 0.817977 0.653527 0.824158 0.886370 0.740304 0.666874 0.879709 0.731120 0.577673 0.588109 0.624356 0.478502 0.628285 0.496548 0.754811 0.971080 0.520514 0.617585 0.364742 0.306214 0.475115 0.415849 0.792334 0.855046 0.566037 0.436179 0.870579 0.867463 0.809015 0.850210 0.428493 0.482495 0.905030 0.913116 0.802979 0.967166 0.916897 0.877768 0.718917 0.987470 0.712505 0.591196 0.303646 0.327048 0.587228 0.410434 0.564826 0.638078 0.671566 0.721902 0.763400 0.638818 0.876564 0.879357 0.864160 0.909112 0.815123 0.831451 0.643128 0.881966 0.820396 0.787046 0.966221 0.873106 0.734170 0.869618 0.794717 0.837387 0.986204 0.928035 0.828525 0.700678 0.933603 0.897421 0.941014 0.835610 0.862740 0.973093
0.865928 0.856093 0.762602 0.847256 0.907546 0.931698 0.891797 0.985318 0.991154 0.854783 0.925031 0.944297 0.890587 0.980699 0.954811 0.991416 0.994428 0.947237 0.971170 0.916763 0.000000 0.989109 0.925860 0.812313 0.770785 0.837840 0.966260 0.789419 0.998047 0.967446 0.908018 0.957910 0.841019 0.878914 0.814132 0.817563 0.938673 0.992863 0.844203 0.956896 0.963336 0.952614 0.915145 0.967705 0.954702 0.992276 0.963791 0.836680 0.977056 0.894320 0.926395 0.860585 0.857907 0.693151 0.811083 0.810733 0.901889 0.862232 0.889941 0.943610 0.683448 0.887102 0.918707 0.962471 0.721396 0.734195 0.854758 0.924559 0.895914 0.915791 0.994695 0.858984 0.953515 0.914015 0.781968 0.992928 0.953640 0.900015 0.850085 0.991494 0.908630 0.860102 0.848162 0.915831 0.703947 0.668508 0.854715 0.861079 0.816714 0.798183 0.841571 0.689980 0.951210 0.847645 0.998510 0.856100 0.981803 0.795343 0.893003 0.808811 0.864126 0.953633 0.818579 0.852452 0.800591 0.972116 0.943651 0.988777 0.983996 0.850713 0.828478 0.831234 0.945883 0.865084 0.953132 0.908289
0.743243 0.739510 0.970575 0.870302 0.973244 0.936312 0.967822 0.886342 0.861575 0.888936 0.984593 0.684996 0.696071 0.663256 0.768699 0.677744 0.761461 0.754600 0.677676 0.751068 0.989109 0.000000 0.847830 0.788957 0.985022 0.904309 0.865211 0.910640 0.898836 0.880352 0.873834 0.980493 0.988126 0.989922 0.915031 0.907390 0.880092 0.891044 0.889663 0.777809 0.966213 0.951429 0.909649 0.859139 0.946825 0.936490 0.843207 0.838209 0.909457 0.787595 0.814681 0.715240 0.778351 0.925565 0.808219 0.839090 0.709345 0.666078 0.847577 0.713222 0.880607 0.907481 0.760160 0.693192 0.983794 0.976396 0.888181 0.921311 0.865001 0.838105 0.997513 0.937911 0.925472 0.954054 0.889565 0.921195 0.911755 0.969340 0.917624 0.681684 0.695438 0.646056 0.744826 0.679518 0.834691 0.831362 0.736531 0.754935 0.888041 0.908649 0.972991 0.872041 0.946088 0.992068 0.906374 0.995158 0.714606 0.944856 0.913595 0.876985 0.980316 0.806884 0.938055 0.924309 0.859385 0.990967 0.795645 0.942118 0.860313 0.816277 0.861183 0.862859 0.989648 0.832669 0.736639 0.913499
0.895089 0.753702 0.476269 0.374088 0.563745 0.958925 0.656387 0.706085 0.801038 0.875973 0.779000 0.830103 0.448467 0.646495 0.401005 0.430647 0.952293 0.958531 0.791460 0.848031 0.925860 0.847830 0.000000 0.304630 0.482156 0.690739 0.632573 0.952833 0.998494 0.937774 0.858774 0.907703 0.851549 0.968144 0.820328 0.913620 0.758984 0.805260 0.966679 0.996668 0.992297 0.937603 0.940006 0.933049 0.984905 0.968570 0.931080 0.936727 0.856611 0.986996 0.988484 0.866778 0.780382 0.894718 0.922373 0.944520 0.855243 0.774371 0.933871 0.896112 0.570617 0.649269 0.952832 0.847783 0.307630 0.516570 0.756301 0.861509 0.859864 0.936849 0.705584 0.828381 0.871785 0.859254 0.944624 0.728428 0.928350 0.806972 0.872279 0.945623 0.923318 0.929134 0.768044 0.849154 0.390287 0.395788 0.712165 0.741818 0.721955 0.645911 0.882541 0.998588 0.822779 0.873851 0.791702 0.956662 0.923814 0.958655 0.995222 0.891654 0.925653 0.903149 0.820517 0.705694 0.716118 0.723902 0.886929 0.990006 0.738868 0.852435 0.881971 0.826762 0.951403 0.968126 0.826734 0.945738
0.730401 0.643771 0.566922 0.423898 0.618892 0.892432 0.812862 0.834209 0.995425 0.647807 0.872279 0.742681 0.383958 0.541692 0.399965 0.413776 0.844827 0.765961 0.735529 0.733480 0.812313 0.788957 0.304630 0.000000 0.465497 0.790773 0.503755 0.847557 0.947801 0.999741 0.989356 0.998821 0.909219 0.953909 0.909837 0.876862 0.867761 0.786779 0.884321 0.953532 0.943429 0.968652 0.883932 0.961279 0.831066 0.887024 0.990731 0.997742 0.781774 0.967083 0.886195 0.931390 0.958122 0.874871 0.849397 0.971841 0.724574 0.627192 0.935783 0.850116 0.720296 0.838093 0.968047 0.835164 0.380678 0.620854 0.937175 0.960689 0.705425 0.855676 0.812806 0.932570 0.950852 0.981211 0.984370 0.891077 0.995769 0.894946 0.833620 0.842556 0.776825 0.712081 0.718641 0.662668 0.354738 0.359729 0.618747 0.686857 0.649202 0.538040 0.936657 0.916522 0.953759 0.965593 0.834735 0.895071 0.964467 0.942047 0.843615 0.926771 0.790805 0.931901 0.717752 0.672278 0.841307 0.889591 0.997142 0.862495 0.933322 0.998623 0.986176 0.996906 0.891852 0.925874 0.931143 0.929206
0.836219 0.761490 0.488644 0.512267 0.615261 0.903468 0.818122 0.843307 0.814543 0.809766 0.754580 0.851313 0.651323 0.909155 0.668037 0.716901 0.964683 0.983349 0.973029 0.874843 0.770785 0.985022 0.482156 0.465497 0.000000 0.466182 0.612080 0.785563 0.804510 0.750826 0.784507 0.973822 0.856577 0.988170 0.783798 0.839798 0.622598 0.634758 0.814724 0.873532 0.900771 0.982402 0.862354 0.899340 0.914345 0.885567 0.972556 0.941943 0.788266 0.904687 0.889195 0.946812 0.914629 0.795460 0.755235 0.989653 0.896914 0.817108 0.991941 0.967114 0.659041 0.715590 0.786708 0.987668 0.365068 0.551881 0.898009 0.918765 0.613918 0.723471 0.947658 0.882854 0.995401 0.888467 0.931859 0.918870 0.904511 0.962933 0.964054 0.920196 0.987842 0.926627 0.814577 0.831380 0.451509 0.384139 0.812391 0.846386 0.701913 0.508095 0.892651 0.649485 0.990104 0.872928 0.854740 0.943168 0.862403 0.866008 0.765554 0.748481 0.814593 0.756334 0.688851 0.658898 0.902808 0.958224 0.933507 0.875201 0.884086 0.941365 0.970299 0.883626 0.830013 0.789451 0.997186 0.993202
0.922582 0.986698 0.426462 0.582304 0.661732 0.821869 0.544607 0.623786 0.500425 0.834642 0.801503 0.888008 0.931309 0.887166 0.951370 0.974398 0.801350 0.757320 0.907610 0.952083 0.837840 0.904309 0.690739 0.790773 0.466182 0.000000 0.975522 0.832627 0.777946 0.697467 0.495658 0.817312 0.606631 0.757541 0.746399 0.720685 0.607053 0.847258 0.779615 0.895500 0.974706 0.759959 0.825286 0.858885 0.740821 0.833115 0.852287 0.948749 0.929772 0.948823 0.934497 0.992012 0.873785 0.967192 0.733784 0.984970 0.899832 0.905816 0.920799 0.959446 0.521146 0.598138 0.744342 0.854646 0.509282 0.467565 0.587660 0.563062 0.860242 0.937972 0.778437 0.637886 0.682336 0.714216 0.977326 0.914389 0.937846 0.843482 0.883564 0.823622 0.796005 0.819279 0.987648 0.850815 0.702283 0.610828 0.981914 0.972667 0.809466 0.774257 0.795486 0.845248 0.795724 0.942020 0.857725 0.905740 0.957984 0.974094 0.903398 0.964015 0.806287 0.950687 0.821331 0.917365 0.762159 0.821870 0.872148 0.934809 0.833496 0.915069 0.742064 0.959578 0.934537 0.914452 0.933889 0.917711
0.824520 0.759665 0.926240 0.740528 0.683932 0.736423 0.856318 0.918391 0.832118 0.650144 0.898499 0.792574 0.682714 0.741089 0.705018 0.717074 0.931806 0.836328 0.892638 0.776259 0.966260 0.865211 0.632573 0.503755 0.612080 0.975522 0.000000 0.952957 0.883848 0.898244 0.744365 0.867996 0.741271 0.714088 0.942660 0.989327 0.993193 0.738771 0.892467 0.989262 0.940173 0.795790 0.693394 0.738942 0.597161 0.674044 0.884557 0.847033 0.738241 0.930709 0.789760 0.998467 0.833294 0.830983 0.966797 0.937586 0.842311 0.727681 0.885772 0.925442 0.914844 0.913480 0.963266 0.952643 0.695945 0.930307 0.806359 0.778158 0.736176 0.777573 0.909992 0.769256 0.765808 0.808042 0.979117 0.887668 0.923437 0.759194 0.931004 0.994186 0.905792 0.812594 0.804567 0.846372 0.653382 0.647801 0.669447 0.769013 0.912864 0.681080 0.832451 0.888759 0.941035 0.931178 0.977013 0.974644 0.892104 0.948426 0.725082 0.781891 0.711456 0.891149 0.761003 0.688335 0.971090 0.991822 0.935708 0.858078 0.977239 0.956133 0.999926 0.918742 0.787695 0.792488 0.929095 0.975115
0.858847 0.881052 0.901339 0.956906 0.932448 0.946348 0.993149 0.979041 0.960516 0.881108 0.979036 0.998791 0.938693 0.980091 0.923139 0.871934 0.904029 0.934547 0.918148 0.977302 0.789419 0.910640 0.952833 0.847557 0.785563 0.832627 0.952957 0.000000 0.932250 0.889721 0.924401 0.914902 0.989801 0.997872 0.920988 0.824096 0.846134 0.870306 0.848401 0.993666 0.937628 0.847133 0.982111 0.962796 0.940710 0.994561 0.971159 0.990136 0.926377 0.967278 0.957252 0.947534 0.938318 0.743392 0.806672 0.983757 0.836036 0.860875 0.905227 0.944654 0.941117 0.980525 0.898192 0.970325 0.853978 0.887455 0.947973 0.935174 0.800969 0.759853 0.986702 0.849720 0.846193 0.937677 0.973534 0.956053 0.965239 0.934290 0.869082 0.901808 0.934624 0.934030 0.829393 0.895155 0.817466 0.758068 0.925909 0.994071 0.925843 0.770038 0.850765 0.729394 0.845018 0.727970 0.944647 0.882616 0.908504 0.901654 0.903405 0.826118 0.752617 0.792456 0.841844 0.796963 0.898730 0.768584 0.987190 0.917019 0.846581 0.787064 0.945966 0.978008 0.903983 0.945534 0.924599 0.913819
0.715775 0.677055 0.889068 0.963181 0.912560 0.837665 0.836811 0.854173 0.996415 0.804373 0.615718 0.658519 0.849311 0.671576 0.750603 0.755893 0.514460 0.591936 0.628389 0.667845 0.998047 0.898836 0.998494 0.947801 0.804510 0.777946 0.883848 0.932250 0.000000 0.327651 0.938898 0.543614 0.683087 0.611861 0.967527 0.945733 0.998377 0.953637 0.978263 0.920516 0.977164 0.947235 0.596491 0.561770 0.607787 0.518453 0.618195 0.575659 0.476666 0.522891 0.551636 0.599369 0.600987 0.821842 0.834768 0.683957 0.610141 0.667035 0.562766 0.531611 0.816461 0.923388 0.456816 0.467072 0.819464 0.904826 0.802913 0.818303 0.915126 0.985379 0.964065 0.809960 0.957607 0.835274 0.914474 0.974886 0.814916 0.753878 0.568303 0.630352 0.495146 0.669748 0.674786 0.650571 0.884538 0.996820 0.956602 0.818461 0.941494 0.986066 0.997393 0.982232 0.888074 0.879885 0.746415 0.886503 0.616826 0.963646 0.710864 0.728687 0.881035 0.902392 0.636230 0.631689 0.838627 0.837448 0.998576 0.889405 0.882400 0.873529 0.818573 0.779627 0.674055 0.760038 0.782919 0.985862
0.594328 0.575411 0.827222 0.988486 0.862591 0.841691 0.969628 0.885126 0.810209 0.850741 0.476440 0.481388 0.810383 0.606363 0.837069 0.733739 0.467185 0.473244 0.605225 0.558749 0.967446 0.880352 0.937774 0.999741 0.750826 0.697467 0.898244 0.889721 0.327651 0.000000 0.903464 0.732271 0.799065 0.601421 0.949090 0.984929 0.964381 0.834882 0.973582 0.764485 0.883379 0.982586 0.661522 0.594433 0.707418 0.582689 0.637140 0.577366 0.443361 0.500096 0.557892 0.605164 0.733681 0.970503 0.843766 0.675125 0.561063 0.575198 0.556038 0.457807 0.912004 0.929636 0.453602 0.386419 0.758348 0.832908 0.895238 0.886405 0.816274 0.780915 0.893302 0.793764 0.970325 0.873600 0.961997 0.943634 0.909527 0.825884 0.571050 0.560263 0.388566 0.572887 0.661265 0.582258 0.951004 0.959472 0.884544 0.760294 0.964997 0.992406 0.918980 0.996973 0.834007 0.847695 0.812078 0.951062 0.694373 0.870497 0.780032 0.800151 0.923409 0.960382 0.652814 0.656880 0.921805 0.824343 0.900789 0.950669 0.910167 0.808805 0.885059 0.858167 0.829707 0.788230 0.778571 0.993224
0.704653 0.762952 0.637267 0.800286 0.827878 0.789943 0.588369 0.616925 0.458957 0.523588 0.849468 0.854054 0.868958 0.764463 0.968469 0.990792 0.806983 0.620594 0.864370 0.793181 0.908018 0.873834 0.858774 0.989356 0.784507 0.495658 0.744365 0.924401 0.938898 0.903464 0.000000 0.515718 0.529979 0.642369 0.727373 0.892567 0.691888 0.978145 0.760512 0.894060 0.999133 0.863138 0.604272 0.656666 0.511592 0.589640 0.727895 0.780315 0.810337 0.900914 0.749906 0.918688 0.671533 0.712462 0.923704 0.948601 0.769980 0.693631 0.901284 0.980956 0.534759 0.490093 0.852638 0.986923 0.843891 0.681771 0.683494 0.505561 0.862170 0.773535 0.829178 0.689730 0.572008 0.607147 0.931603 0.848736 0.827087 0.520413 0.979923 0.929259 0.780359 0.665294 0.951436 0.809272 0.971244 0.956609 0.724917 0.878581 0.946368 0.909767 0.921254 0.808651 0.966569 0.741228 0.940565 0.870875 0.924004 0.976902 0.777370 0.795364 0.548546 0.984434 0.905004 0.917400 0.760959 0.829186 0.835584 0.792961 0.788635 0.963737 0.776652 0.841747 0.725433 0.857446 0.876823 0.913755
0.990763 0.943281 0.816557 0.793044 0.963745 0.801883 0.603509 0.574465 0.631406 0.549974 0.816841 0.954659 0.991007 0.885091 0.798447 0.853006 0.843277 0.980422 0.755574 0.940539 0.957910 0.980493 0.907703 0.998821 0.973822 0.817312 0.867996 0.914902 0.543614 0.732271 0.515718 0.000000 0.537926 0.527542 0.837003 0.971023 0.787237 0.957622 0.860410 0.965217 0.989886 0.922323 0.432243 0.429615 0.472518 0.427440 0.524098 0.555625 0.606963 0.648464 0.564768 0.633209 0.566805 0.626552 0.808211 0.825952 0.887633 0.993019 0.569572 0.682155 0.589834 0.635503 0.798654 0.727231 0.988641 0.788175 0.636464 0.571206 0.920661 0.833542 0.822891 0.861731 0.663018 0.661160 0.959273 0.921190 0.684586 0.562010 0.705513 0.695436 0.859764 0.979901 0.833184 0.901934 0.968552 0.976120 0.960142 0.961134 0.897588 0.874506 0.804797 0.993902 0.984633 0.993212 0.823008 0.908527 0.691210 0.964162 0.530023 0.595902 0.563867 0.741945 0.642274 0.729233 0.646784 0.769045 0.836836 0.758718 0.658094 0.831481 0.813803 0.749943 0.543867 0.864625 0.731129 0.948945
0.781094 0.762453 0.556327 0.651804 0.907924 0.624176 0.351214 0.441119 0.518561 0.646424 0.724642 0.835974 0.797404 0.833788 0.828116 0.892534 0.729466 0.855355 0.660546 0.761197 0.841019 0.988126 0.851549 0.909219 0.856577 0.606631 0.741271 0.989801 0.683087 0.799065 0.529979 0.537926 0.000000 0.359472 0.773933 0.837602 0.651224 0.808716 0.880248 0.977967 0.878592 0.641619 0.392661 0.412782 0.339444 0.391498 0.440815 0.540084 0.564334 0.607334 0.526386 0.634462 0.587707 0.747292 0.583964 0.682800 0.762606 0.832431 0.467936 0.671649 0.372366 0.560070 0.650060 0.671314 0.779905 0.588685 0.404809 0.361937 0.847918 0.923051 0.675015 0.764787 0.691053 0.676307 0.838398 0.876050 0.586391 0.644728 0.735455 0.815372 0.748959 0.829742 0.834933 0.823293 0.728895 0.741311 0.987900 0.844024 0.823601 0.870852 0.669913 0.917088 0.767916 0.994684 0.702689 0.889705 0.634570 0.835513 0.507102 0.589998 0.636828 0.802675 0.789777 0.652558 0.594350 0.693726 0.865601 0.856647 0.818449 0.824691 0.688644 0.701707 0.612281 0.695066 0.765831 0.916478
0.732327 0.715649 0.674617 0.726669 0.998458 0.528637 0.435751 0.406599 0.694312 0.537785 0.597538 0.699179 0.857322 0.794130 0.861261 0.866070 0.659736 0.801791 0.645357 0.680279 0.878914 0.989922 0.968144 0.953909 0.988170 0.757541 0.714088 0.997872 0.611861 0.601421 0.642369 0.527542 0.359472 0.000000 0.736983 0.852801 0.686379 0.754845 0.904819 0.974862 0.763334 0.703813 0.383037 0.380521 0.345830 0.353922 0.372208 0.456162 0.492294 0.551804 0.475654 0.590950 0.579743 0.749919 0.590811 0.674944 0.719249 0.791967 0.396694 0.497239 0.433273 0.486690 0.590075 0.541796 0.926076 0.638392 0.470641 0.387883 0.822166 0.880905 0.761662 0.776945 0.700417 0.620614 0.898631 0.944544 0.720227 0.587851 0.804342 0.733736 0.652801 0.760143 0.800993 0.797259 0.860841 0.848096 0.972430 0.922756 0.856839 0.981946 0.755574 0.941018 0.871916 0.922923 0.783570 0.903182 0.564671 0.855883 0.515804 0.591080 0.548382 0.866854 0.676124 0.558930 0.620809 0.679913 0.875302 0.769780 0.835403 0.751759 0.698300 0.708660 0.584595 0.782311 0.823029 0.916854
0.965828 0.919299 0.668573 0.665023 0.921379 0.929819 0.705425 0.757829 0.696769 0.792064 0.956626 0.980821 0.932559 0.925914 0.905494 0.990293 0.999786 0.980536 0.998703 0.992769 0.814132 0.915031 0.820328 0.909837 0.783798 0.746399 0.942660 0.920988 0.967527 0.949090 0.727373 0.837003 0.773933 0.736983 0.000000 0.916811 0.902700 0.819808 0.724465 0.975571 0.983212 0.886683 0.838674 0.857927 0.725072 0.786777 0.851419 0.902267 0.910334 0.957060 0.934401 0.944043 0.920930 0.982973 0.759559 0.902267 0.992974 0.985037 0.779163 0.934816 0.713389 0.689148 0.978466 0.877021 0.705021 0.739099 0.628016 0.654033 0.863493 0.930917 0.799674 0.818547 0.831141 0.803458 0.989668 0.996696 0.917599 0.746617 0.938092 0.901054 0.984999 0.993788 0.849789 0.952019 0.837587 0.783943 0.961317 0.969363 0.719048 0.755091 0.963376 0.872241 0.854005 0.939940 0.836563 0.961310 0.807532 0.673899 0.861017 0.943407 0.882643 0.845425 0.963835 0.998555 0.766988 0.859526 0.636957 0.832766 0.786725 0.925026 0.943007 0.917093 0.755885 0.939098 0.897487 0.949054
0.926585 0.982101 0.804726 0.846562 0.850360 0.795559 0.800187 0.891448 0.977584 0.974551 0.844065 0.971959 0.947991 0.915511 0.915644 0.943204 0.964781 0.924094 0.955549 0.996369 0.817563 0.907390 0.913620 0.876862 0.839798 0.720685 0.989327 0.824096 0.945733 0.984929 0.892567 0.971023 0.837602 0.852801 0.916811 0.000000 0.993855 0.979567 0.925753 0.950674 0.797537 0.967262 0.964504 0.955857 0.994420 0.997593 0.991773 0.817541 0.905475 0.900008 0.911060 0.888693 0.929534 0.826111 0.902688 0.909262 0.978536 0.976085 0.976558 0.947557 0.842964 0.948388 0.899835 0.919225 0.764890 0.789477 0.856901 0.920214 0.915838 0.876195 0.969810 0.895507 0.831514 0.970749 0.985672 0.935915 0.887540 0.900747 0.958755 0.998924 0.968515 0.956164 0.958708 0.973376 0.827034 0.799456 0.998470 0.883327 0.872247 0.936942 0.930215 0.920865 0.930932 0.961618 0.919264 0.861064 0.979851 0.971573 0.906784 0.906027 0.985761 0.948470 0.791842 0.937904 0.980274 0.974490 0.902371 0.905319 0.966962 0.980897 0.915169 0.925174 0.909548 0.856463 0.859046 0.776549
0.798538 0.846729 0.588724 0.629683 0.845115 0.907718 0.643962 0.548386 0.795091 0.841637 0.961302 0.674124 0.767804 0.963229 0.882881 0.859096 0.919822 0.959727 0.845755 0.761706 0.938673 0.880092 0.758984 0.867761 0.622598 0.607053 0.993193 0.846134 0.998377 0.964381 0.691888 0.787237 0.651224 0.686379 0.902700 0.993855 0.000000 0.603749 0.831340 0.821222 0.752030 0.830332 0.765931 0.766023 0.734761 0.756025 0.704968 0.706921 0.849719 0.841522 0.810286 0.832948 0.833286 0.846373 0.584224 0.852411 0.906091 0.885383 0.784430 0.903041 0.580555 0.557512 0.978115 0.788291 0.734334 0.622972 0.757496 0.662283 0.674590 0.785167 0.752343 0.654328 0.888017 0.801055 0.946588 0.937461 0.829657 0.800570 0.969951 0.955394 0.852829 0.876050 0.882311 0.811887 0.792820 0.734744 0.888120 0.953735 0.944700 0.870711 0.911777 0.899578 0.944501 0.912375 0.841102 0.980647 0.785780 0.908643 0.816173 0.869486 0.825894 0.996788 0.934829 0.924356 0.741066 0.880435 0.920437 0.957219 0.769033 0.778595 0.938367 0.892065 0.974502 0.984717 0.949780 0.916943
0.628701 0.593662 0.769942 0.699351 0.910297 0.982706 0.862121 0.761380 0.949118 0.888098 0.858181 0.526753 0.772819 0.793153 0.766024 0.728510 0.715388 0.716331 0.825569 0.567827 0.992863 0.891044 0.805260 0.786779 0.634758 0.847258 0.738771 0.870306 0.953637 0.834882 0.978145 0.957622 0.808716 0.754845 0.819808 0.979567 0.603749 0.000000 0.732392 0.723437 0.866109 0.794919 0.880689 0.902373 0.897821 0.860575 0.744955 0.727083 0.764679 0.684523 0.781067 0.754761 0.919526 0.949528 0.568321 0.713662 0.694387 0.607273 0.737093 0.699078 0.771903 0.730980 0.860799 0.606229 0.793619 0.820716 0.912753 0.843955 0.532302 0.565125 0.948992 0.987148 0.933111 0.995709 0.965472 0.934021 0.847818 0.988650 0.924187 0.903464 0.653696 0.689479 0.797349 0.655901 0.716884 0.667700 0.808141 0.813803 0.786740 0.655339 0.929544 0.786881 0.945411 0.913083 0.998546 0.862200 0.941323 0.867336 0.946880 0.973408 0.999820 0.884945 0.889391 0.985811 0.818844 0.962222 0.944883 0.933521 0.952666 0.808404 0.877650 0.912783 0.878539 0.958969 0.957332 0.913929
