0.000000 0.211441 0.542571 0.770571 0.690300 0.957238 0.509144 0.567315 0.841037 0.893304 0.400268 0.325950 0.306082 0.489181 0.708416 0.750126 0.339267 0.371437 0.305482 0.314512 0.909580 0.972199 0.641079 0.781208 0.906697 0.924804 0.973459 0.945002 0.594237 0.509501 0.973922 0.981718 0.387717 0.385821 0.763740 0.835210 0.619640 0.814892 0.881694 0.914847 0.819263 0.978131 0.979836 0.920637 0.962615 0.845610 0.565376 0.529107 0.681426 0.487633 0.562713 0.503828 0.903402 0.844764 0.417328 0.541781 0.292618 0.225758 0.324512 0.346611 0.261543 0.328050 0.260547 0.276299 0.592377 0.638530 0.618855 0.827336 0.342149 0.274822 0.781626 0.926253 0.529725 0.731298 0.698859 0.814663 0.776378 0.840703 0.503606 0.542894 0.260794 0.291631 0.391719 0.332433 0.270928 0.469736 0.597362 0.634536 0.430390 0.503528 0.577376 0.434576 0.560186 0.499913 0.902420 0.919945 0.453986 0.978242 0.930511 0.985468 0.740338 0.844327 0.792289 0.808405 0.737330 0.664414 0.993947 0.943354 0.873988 0.632232 0.969423 0.765584 0.953583 0.852034 0.709762 0.736535
0.211441 0.000000 0.596447 0.740442 0.755398 0.992938 0.593460 0.516833 0.895425 0.858252 0.453264 0.267748 0.364256 0.458573 0.774835 0.737495 0.325703 0.354110 0.353926 0.304392 0.964962 0.990128 0.695683 0.734674 0.931544 0.916382 0.935951 0.957991 0.591714 0.523190 0.952775 0.918916 0.450671 0.425950 0.787471 0.889444 0.628166 0.786096 0.849209 0.874447 0.832020 0.991324 0.919092 0.886181 0.982463 0.869737 0.507352 0.552513 0.727995 0.532022 0.559260 0.505368 0.960633 0.820770 0.433753 0.551664 0.287389 0.201569 0.371013 0.371391 0.309438 0.302494 0.294445 0.278371 0.610462 0.577799 0.670803 0.824807 0.356989 0.284838 0.771446 0.875207 0.585441 0.760394 0.731165 0.793489 0.710609 0.750952 0.492192 0.500878 0.286074 0.303552 0.410803 0.350191 0.309273 0.451074 0.591557 0.660561 0.467780 0.513328 0.513119 0.428920 0.538679 0.475632 0.918453 0.901515 0.488314 0.984377 0.962836 0.972716 0.723007 0.781187 0.888482 0.847984 0.744821 0.655880 0.989043 0.968257 0.859577 0.607409 0.977912 0.770899 0.929054 0.875288 0.690597 0.795517
0.542571 0.596447 0.000000 0.314997 0.900499 0.787982 0.541487 0.592927 0.917672 0.570942 0.868121 0.802854 0.627765 0.775035 0.969162 0.799519 0.879042 0.928113 0.712289 0.754069 0.503147 0.946429 0.823913 0.513041 0.402740 0.474694 0.831663 0.721936 0.880935 0.854548 0.712499 0.916929 0.581819 0.540758 0.487005 0.955934 0.398488 0.710575 0.540667 0.665476 0.718662 0.924859 0.716970 0.750431 0.937541 0.859893 0.504223 0.459435 0.940157 0.742811 0.639874 0.573070 0.926841 0.865872 0.380148 0.531461 0.809047 0.672546 0.439181 0.498850 0.595101 0.743405 0.766073 0.870078 0.262837 0.407181 0.332124 0.412354 0.567418 0.509547 0.745920 0.918168 0.736695 0.786907 0.729396 0.854188 0.658143 0.966137 0.746176 0.827907 0.803466 0.745817 0.736061 0.613052 0.510815 0.300944 0.745671 0.934186 0.537854 0.581612 0.986310 0.816597 0.852937 0.999385 0.904698 0.762647 0.591347 0.773165 0.946402 0.866591 0.995144 0.828233 0.990683 0.975825 0.567410 0.480701 0.844589 0.817605 0.940111 0.704128 0.979870 0.890725 0.971071 0.879384 0.652347 0.967929
0.770571 0.740442 0.314997 0.000000 0.797840 0.663160 0.645893 0.467648 0.848036 0.570543 0.953539 0.902123 0.792009 0.807875 0.912895 0.738723 0.939910 0.915937 0.893717 0.891595 0.531058 0.982704 0.970917 0.416117 0.370940 0.382020 0.849615 0.649849 0.738515 0.727621 0.731410 0.996372 0.764046 0.665400 0.599390 0.783614 0.489143 0.664036 0.442480 0.527399 0.748256 0.964259 0.523333 0.626482 0.873386 0.844421 0.443287 0.455155 0.817963 0.884460 0.652582 0.606856 0.996636 0.875151 0.528622 0.558807 0.963452 0.843051 0.560727 0.613649 0.774116 0.839063 0.972090 0.958838 0.350133 0.329452 0.344370 0.325183 0.779916 0.703450 0.718530 0.971551 0.977251 0.952432 0.796158 0.892949 0.602409 0.829100 0.789810 0.933090 0.975849 0.954300 0.877657 0.768470 0.731371 0.310566 0.873785 0.781572 0.678534 0.663749 0.802115 0.978188 0.641648 0.827391 0.878629 0.717914 0.651345 0.768893 0.975476 0.963852 0.874115 0.859633 0.955481 0.925783 0.528115 0.440105 0.817525 0.742385 0.903590 0.765084 0.945984 0.911518 0.813151 0.842680 0.659067 0.922649
0.690300 0.755398 0.900499 0.797840 0.000000 0.780372 0.852183 0.954495 0.731893 0.800121 0.707376 0.710164 0.639806 0.726564 0.783293 0.817641 0.670624 0.764452 0.684739 0.821665 0.752693 0.928544 0.751504 0.910951 0.761846 0.715957 0.852291 0.801271 0.651853 0.663117 0.834239 0.962094 0.875225 0.834442 0.984438 0.799483 0.841868 0.902542 0.837972 0.898422 0.826876 0.852710 0.864381 0.895316 0.864509 0.871060 0.938205 0.871662 0.752715 0.750087 0.808165 0.815698 0.823828 0.884721 0.952666 0.935508 0.722170 0.808827 0.782315 0.850860 0.692676 0.710429 0.639218 0.616233 0.929943 0.897490 0.895728 0.807429 0.820386 0.819492 0.962822 0.801729 0.929712 0.920091 0.971136 0.975699 0.870594 0.955487 0.809824 0.923569 0.696849 0.786242 0.749428 0.849260 0.723956 0.980981 0.832721 0.731346 0.825187 0.871585 0.726243 0.791573 0.589101 0.686511 0.860693 0.951811 0.907386 0.731791 0.963885 0.952166 0.747942 0.978981 0.886825 0.837058 0.951601 0.961991 0.980911 0.848735 0.979616 0.963078 0.849613 0.830352 0.847348 0.883520 0.930672 0.872445
0.957238 0.992938 0.787982 0.663160 0.780372 0.000000 0.969090 0.804308 0.843795 0.799033 0.940821 0.960551 0.904926 0.936638 0.761205 0.988599 0.898692 0.899918 0.867489 0.925351 0.677771 0.963212 0.685843 0.932848 0.691095 0.555969 0.967699 0.563707 0.804564 0.785722 0.951952 0.896674 0.963459 0.887565 0.823006 0.856640 0.826771 0.971724 0.738603 0.509320 0.642050 0.922666 0.644247 0.663033 0.969648 0.893358 0.778548 0.786789 0.845139 0.874789 0.936971 0.965540 0.881350 0.850116 0.857544 0.712850 0.964129 0.984578 0.906661 0.946621 0.957910 0.968789 0.854293 0.813267 0.781936 0.623234 0.664596 0.569764 0.975957 0.914025 0.976654 0.929599 0.940005 0.959531 0.931850 0.971209 0.916509 0.870185 0.913255 0.891835 0.880873 0.998533 0.877520 0.996577 0.922590 0.741681 0.968528 0.793198 0.960612 0.875661 0.644967 0.787525 0.607807 0.687560 0.945308 0.665391 0.805973 0.642036 0.904282 0.903539 0.672605 0.968169 0.950713 0.898278 0.954609 0.759954 0.935500 0.907444 0.908065 0.980861 0.878101 0.920036 0.949998 0.944076 0.946113 0.781581
0.509144 0.593460 0.541487 0.645893 0.852183 0.969090 0.000000 0.380277 0.621372 0.797990 0.542734 0.578854 0.328868 0.369637 0.523661 0.545850 0.613250 0.606503 0.338186 0.509280 0.812950 0.947564 0.656742 0.750620 0.997035 0.989232 0.883460 0.961115 0.579672 0.627349 0.675727 0.669119 0.359560 0.321132 0.813645 0.949204 0.768305 0.838630 0.985892 0.947293 0.890933 0.963145 0.585450 0.496093 0.547701 0.434685 0.534593 0.346289 0.594876 0.482627 0.451796 0.518993 0.679379 0.797097 0.610714 0.627826 0.623033 0.659088 0.423093 0.585187 0.334967 0.492212 0.470003 0.551045 0.731899 0.717254 0.501325 0.619997 0.777941 0.632720 0.621358 0.729193 0.546761 0.591455 0.791779 0.686875 0.513856 0.677135 0.590479 0.656392 0.649698 0.733449 0.673829 0.696538 0.604288 0.601163 0.879258 0.906430 0.681050 0.786707 0.851150 0.979544 0.998282 0.928763 0.932816 0.949418 0.532562 0.897285 0.550315 0.591656 0.919015 0.746172 0.580052 0.555741 0.654544 0.703646 0.821691 0.722328 0.920292 0.722418 0.757841 0.552160 0.716798 0.641226 0.722201 0.628982
0.567315 0.516833 0.592927 0.467648 0.954495 0.804308 0.380277 0.000000 0.811146 0.943522 0.597100 0.456828 0.508519 0.406652 0.810894 0.547974 0.680038 0.662931 0.517138 0.566339 0.840136 0.922341 0.935223 0.693456 0.910577 0.892988 0.916072 0.992878 0.677157 0.691776 0.839500 0.786042 0.553776 0.407772 0.933030 0.955654 0.685991 0.697755 0.772925 0.745389 0.917446 0.883540 0.430129 0.446374 0.756334 0.509562 0.374021 0.334647 0.683717 0.590633 0.383923 0.447448 0.823277 0.987106 0.564977 0.576887 0.638563 0.605965 0.436660 0.513807 0.430999 0.390325 0.571336 0.577502 0.745735 0.459379 0.494997 0.507721 0.764679 0.581841 0.764156 0.907264 0.742228 0.763110 0.791725 0.728526 0.508494 0.587040 0.629663 0.678925 0.699843 0.749587 0.701200 0.726788 0.738286 0.480081 0.880327 0.902446 0.740264 0.760617 0.841826 0.992148 0.902034 0.892380 0.943974 0.767553 0.526056 0.815655 0.599436 0.609876 0.758213 0.916682 0.649477 0.580339 0.599070 0.531149 0.788455 0.698062 0.859262 0.694358 0.729123 0.566800 0.620928 0.662617 0.633381 0.738230
0.841037 0.895425 0.917672 0.848036 0.731893 0.843795 0.621372 0.811146 0.000000 0.437010 0.723873 0.824649 0.627077 0.646953 0.494350 0.585591 0.754058 0.763776 0.638407 0.839584 0.948254 0.845347 0.667964 0.992003 0.669796 0.643388 0.855909 0.797414 0.574510 0.649562 0.825021 0.733675 0.697044 0.722782 0.955020 0.841724 0.862397 0.893569 0.687568 0.771427 0.927279 0.851731 0.855900 0.684471 0.466230 0.522000 0.892757 0.818067 0.526435 0.616527 0.704574 0.763071 0.509857 0.554873 0.919837 0.991263 0.847996 0.900643 0.822232 0.960072 0.677426 0.732343 0.659198 0.661931 0.838203 0.770147 0.970000 0.920204 0.856586 0.958093 0.905971 0.849414 0.822621 0.881085 0.891277 0.837157 0.875721 0.742697 0.828703 0.882895 0.846793 0.988041 0.930961 0.987605 0.992031 0.858918 0.982060 0.842421 0.956555 0.905482 0.952273 0.911766 0.768807 0.876488 0.929848 0.875116 0.943933 0.883347 0.626537 0.599113 0.949009 0.730145 0.619389 0.648257 0.950391 0.962604 0.885916 0.923979 0.969377 0.970521 0.803516 0.780503 0.727317 0.748422 0.910390 0.736923
0.893304 0.858252 0.570942 0.570543 0.800121 0.799033 0.797990 0.943522 0.437010 0.000000 0.815514 0.935916 0.873525 0.817063 0.589767 0.744759 0.910664 0.893457 0.827277 0.986930 0.713392 0.929193 0.847760 0.666944 0.401914 0.474824 0.688415 0.631102 0.539532 0.627898 0.878609 0.623717 0.974404 0.904515 0.634821 0.920159 0.670094 0.801769 0.476495 0.577486 0.777945 0.996413 0.882069 0.742824 0.392419 0.511460 0.876544 0.995340 0.415204 0.686831 0.785873 0.910616 0.512433 0.433176 0.715027 0.762092 0.999219 0.890709 0.932079 0.905603 0.857578 0.852564 0.855343 0.778435 0.458250 0.516441 0.705121 0.678893 0.686433 0.837418 0.936836 0.807702 0.849318 0.801148 0.962304 0.844033 0.917898 0.856654 0.979315 0.976445 0.997399 0.806587 0.914783 0.736185 0.711840 0.504163 0.829363 0.960921 0.755109 0.730623 0.861855 0.735964 0.840815 0.998684 0.991678 0.852203 0.855730 0.941949 0.507046 0.429891 0.850308 0.656506 0.593215 0.671210 0.826171 0.761157 0.913788 0.862766 0.894756 0.881348 0.712103 0.728104 0.695847 0.771189 0.922982 0.831399
0.400268 0.453264 0.868121 0.953539 0.707376 0.940821 0.542734 0.597100 0.723873 0.815514 0.000000 0.320256 0.412958 0.505992 0.687396 0.778516 0.367478 0.354446 0.376399 0.358618 0.936438 0.986125 0.874242 0.886070 0.724975 0.681473 0.831302 0.765612 0.452841 0.350605 0.852638 0.943608 0.544976 0.459416 0.936702 0.746925 0.938089 0.940167 0.829284 0.898385 0.922227 0.921619 0.965197 0.950235 0.824096 0.775088 0.832694 0.679171 0.599938 0.616147 0.691653 0.721382 0.985893 0.889933 0.727593 0.683099 0.438200 0.435597 0.563362 0.604851 0.356517 0.372714 0.341783 0.336832 0.965992 0.828652 0.840863 0.935073 0.638579 0.556800 0.900000 0.976294 0.525851 0.649438 0.711470 0.877658 0.846123 0.824185 0.602099 0.528597 0.366450 0.403676 0.593865 0.570466 0.609316 0.799795 0.809340 0.759859 0.750089 0.780858 0.780509 0.631292 0.676542 0.563543 0.776965 0.920139 0.658049 0.918435 0.782640 0.912813 0.956020 0.948623 0.639950 0.741202 0.956531 0.904123 0.866154 0.898921 0.837741 0.793531 0.882981 0.776264 0.919495 0.783580 0.813883 0.660915
0.325950 0.267748 0.802854 0.902123 0.710164 0.960551 0.578854 0.456828 0.824649 0.935916 0.320256 0.000000 0.410026 0.398992 0.760273 0.730160 0.321743 0.335428 0.364881 0.333278 0.869093 0.912771 0.837232 0.940357 0.804808 0.718143 0.930035 0.782493 0.438361 0.367647 0.856620 0.995045 0.517463 0.437537 0.989207 0.844838 0.791463 0.843353 0.961739 0.986943 0.965697 0.987103 0.916087 0.887082 0.884949 0.791640 0.590571 0.605995 0.626847 0.552826 0.557127 0.578258 0.954399 0.863530 0.621061 0.652996 0.321160 0.300853 0.484242 0.487275 0.309526 0.224219 0.282664 0.254017 0.908206 0.663069 0.798801 0.883715 0.516919 0.422482 0.908009 0.867786 0.596727 0.764346 0.722736 0.732284 0.774808 0.725628 0.538337 0.497030 0.314759 0.361525 0.479610 0.495282 0.513981 0.624951 0.696624 0.712241 0.652440 0.685054 0.654205 0.524861 0.593920 0.474208 0.847185 0.936441 0.555416 0.985379 0.820659 0.864169 0.901960 0.962139 0.729316 0.709866 0.868598 0.785085 0.938881 0.973818 0.840475 0.671377 0.861993 0.706757 0.863595 0.812176 0.723139 0.693734
0.306082 0.364256 0.627765 0.792009 0.639806 0.904926 0.328868 0.508519 0.627077 0.873525 0.412958 0.410026 0.000000 0.356234 0.472294 0.499254 0.376276 0.418778 0.262879 0.355915 0.921863 0.948457 0.511295 0.721563 0.958818 0.812860 0.968195 0.894878 0.493576 0.494247 0.870798 0.823017 0.347317 0.341564 0.823546 0.867481 0.785921 0.886222 0.959747 0.988065 0.829421 0.995571 0.879312 0.754366 0.729707 0.626238 0.584507 0.461685 0.601894 0.445400 0.521953 0.527509 0.752427 0.911813 0.567758 0.623138 0.428751 0.416552 0.404337 0.513899 0.251736 0.380101 0.263068 0.331511 0.676833 0.772159 0.678556 0.842705 0.587404 0.475561 0.719878 0.939672 0.560366 0.675802 0.817318 0.772543 0.606135 0.763926 0.519413 0.536052 0.403264 0.482629 0.466978 0.463317 0.363765 0.567218 0.676339 0.617208 0.553391 0.598066 0.761173 0.649868 0.638369 0.596423 0.975904 0.950023 0.559282 0.988726 0.744483 0.793050 0.810175 0.966837 0.765386 0.672527 0.741536 0.730799 0.994262 0.952286 0.927624 0.810537 0.952623 0.659898 0.789658 0.778742 0.731842 0.648817
0.489181 0.458573 0.775035 0.807875 0.726564 0.936638 0.369637 0.406652 0.646953 0.817063 0.505992 0.398992 0.356234 0.000000 0.576551 0.492607 0.445048 0.425941 0.323921 0.380325 0.948341 0.955868 0.622532 0.711589 0.834448 0.813018 0.970033 0.835054 0.418742 0.464693 0.862232 0.659668 0.424718 0.392329 0.891013 0.975122 0.851043 0.798137 0.967214 0.992155 0.981848 0.884129 0.717469 0.602153 0.668382 0.542182 0.525224 0.475463 0.614958 0.536703 0.531203 0.580571 0.792596 0.891093 0.713226 0.732376 0.447811 0.526944 0.567704 0.689433 0.389954 0.407475 0.373572 0.392460 0.874906 0.754468 0.745684 0.811847 0.773653 0.645562 0.696480 0.811379 0.714472 0.720280 0.846102 0.664540 0.611865 0.592073 0.513233 0.537596 0.474550 0.559868 0.480816 0.594355 0.539445 0.608940 0.857072 0.648728 0.716109 0.687195 0.912899 0.860459 0.780861 0.723953 0.942603 0.940455 0.582548 0.940012 0.668973 0.639046 0.917049 0.849301 0.671183 0.654575 0.787865 0.853900 0.992183 0.913642 0.947159 0.682960 0.801140 0.654773 0.743124 0.661631 0.792227 0.626200
0.708416 0.774835 0.969162 0.912895 0.783293 0.761205 0.523661 0.810894 0.494350 0.589767 0.687396 0.760273 0.472294 0.576551 0.000000 0.427754 0.609428 0.619202 0.557245 0.690976 0.961662 0.952536 0.427916 0.854571 0.789564 0.695714 0.946336 0.846382 0.503411 0.567165 0.669701 0.575246 0.538593 0.657590 0.979039 0.837381 0.963889 0.884981 0.706554 0.689690 0.981795 0.949705 0.986842 0.812430 0.672565 0.680630 0.885025 0.799283 0.653482 0.641742 0.833551 0.856632 0.690603 0.743740 0.905063 0.978927 0.735525 0.772286 0.827261 0.949185 0.626878 0.729988 0.534007 0.574070 0.956776 0.761118 0.936103 0.796826 0.967552 0.898900 0.837750 0.855830 0.779030 0.882353 0.909323 0.759243 0.794458 0.859580 0.740568 0.749374 0.684029 0.852507 0.640103 0.707244 0.718628 0.956116 0.813778 0.674171 0.862781 0.857121 0.881894 0.931056 0.657873 0.753817 0.898774 0.841030 0.905828 0.833543 0.678241 0.737653 0.744782 0.867451 0.819132 0.796432 0.986406 0.918058 0.999222 0.894671 0.988661 0.979345 0.982755 0.658211 0.876356 0.705785 0.956020 0.694740
0.750126 0.737495 0.799519 0.738723 0.817641 0.988599 0.545850 0.547974 0.585591 0.744759 0.778516 0.730160 0.499254 0.492607 0.427754 0.000000 0.730003 0.747079 0.650658 0.750846 0.833226 0.951160 0.593458 0.644426 0.977417 0.988490 0.902469 0.963661 0.654211 0.766777 0.695524 0.692099 0.645586 0.646750 0.931740 0.972386 0.855473 0.917584 0.925601 0.956396 0.928432 0.933093 0.686193 0.569356 0.767822 0.583437 0.623440 0.603301 0.753066 0.698806 0.651914 0.678785 0.665456 0.744427 0.843810 0.928263 0.793791 0.792145 0.734478 0.851284 0.649967 0.671047 0.637407 0.672001 0.781139 0.890758 0.867454 0.902486 0.981349 0.835232 0.834161 0.900816 0.908909 0.832803 0.867600 0.690358 0.649865 0.763264 0.709008 0.759457 0.833129 0.936686 0.682789 0.748976 0.779659 0.700381 0.882140 0.883507 0.887475 0.784552 0.978814 0.973500 0.861567 0.903212 0.969939 0.964613 0.837037 0.884654 0.703108 0.684642 0.894681 0.992346 0.845256 0.717699 0.830899 0.812111 0.986951 0.828528 0.964537 0.976856 0.870739 0.667651 0.619958 0.555940 0.757809 0.855552
0.339267 0.325703 0.879042 0.939910 0.670624 0.898692 0.613250 0.680038 0.754058 0.910664 0.367478 0.321743 0.376276 0.445048 0.609428 0.730003 0.000000 0.222997 0.325029 0.297765 0.822004 0.970680 0.688349 0.925277 0.779164 0.656178 0.976747 0.821445 0.382304 0.312571 0.956466 0.918282 0.443289 0.461323 0.976082 0.789862 0.840078 0.893040 0.863819 0.963846 0.900276 0.910196 0.992081 0.925970 0.871000 0.832152 0.737122 0.745005 0.646398 0.615278 0.722634 0.729119 0.961068 0.895675 0.711643 0.718018 0.261894 0.301370 0.595796 0.652646 0.396226 0.386443 0.284844 0.261840 0.869278 0.845002 0.892612 0.965073 0.572152 0.538395 0.819926 0.998628 0.607203 0.785249 0.812048 0.779235 0.871013 0.704807 0.452323 0.422718 0.251063 0.309608 0.423835 0.440396 0.428686 0.701647 0.688951 0.570696 0.655892 0.684164 0.591781 0.573910 0.495588 0.524964 0.814714 0.938687 0.602710 0.932946 0.886585 0.948132 0.728430 0.954910 0.726462 0.753788 0.921363 0.932656 0.877074 0.830947 0.888518 0.794699 0.959238 0.760409 0.993931 0.715106 0.787133 0.712088
0.371437 0.354110 0.928113 0.915937 0.764452 0.899918 0.606503 0.662931 0.763776 0.893457 0.354446 0.335428 0.418778 0.425941 0.619202 0.747079 0.222997 0.000000 0.334911 0.244832 0.848456 0.991996 0.731441 0.944857 0.736003 0.620341 0.948921 0.800749 0.347690 0.276917 0.927412 0.896365 0.452086 0.501115 0.976094 0.805471 0.868740 0.822305 0.851103 0.900786 0.875361 0.896831 0.991057 0.915001 0.876417 0.856910 0.785113 0.761034 0.675087 0.689885 0.792921 0.829443 0.944040 0.847089 0.781711 0.764789 0.258971 0.316598 0.659283 0.714684 0.452041 0.429511 0.310756 0.281954 0.919436 0.875150 0.919439 0.933936 0.554856 0.537087 0.769855 0.947639 0.570115 0.717218 0.839255 0.773881 0.838639 0.669089 0.441454 0.426147 0.262583 0.302339 0.443502 0.448988 0.484330 0.741071 0.709225 0.560091 0.690033 0.769906 0.613449 0.616653 0.510514 0.579552 0.731862 0.945102 0.601817 0.887024 0.855434 0.913977 0.731915 0.943683 0.744530 0.732910 0.871862 0.999194 0.919876 0.814429 0.913279 0.756457 0.947538 0.736969 0.993829 0.733036 0.873422 0.674054
0.305482 0.353926 0.712289 0.893717 0.684739 0.867489 0.338186 0.517138 0.638407 0.827277 0.376399 0.364881 0.262879 0.323921 0.557245 0.650658 0.325029 0.334911 0.000000 0.303592 0.998677 0.979012 0.549380 0.795013 0.848144 0.726129 0.973745 0.825404 0.398304 0.365583 0.870022 0.810066 0.352258 0.337330 0.907849 0.882869 0.843687 0.888764 0.875966 0.945080 0.926086 0.978716 0.900064 0.776828 0.718469 0.647736 0.653625 0.504238 0.545328 0.444410 0.546969 0.565562 0.807173 0.944087 0.608683 0.660712 0.337655 0.375266 0.433156 0.522174 0.269094 0.347686 0.256222 0.277263 0.840043 0.836061 0.710547 0.909403 0.560456 0.487051 0.691660 0.888626 0.524817 0.694762 0.779756 0.761303 0.709849 0.712914 0.474869 0.535833 0.321388 0.399865 0.464451 0.487418 0.417620 0.652634 0.781415 0.616656 0.613476 0.678387 0.772118 0.652642 0.639113 0.578644 0.936705 0.948205 0.515333 0.945029 0.741049 0.758197 0.834898 0.885289 0.674274 0.670008 0.795794 0.847107 0.991330 0.979883 0.881284 0.687780 0.894560 0.668007 0.885857 0.738663 0.784069 0.615203
0.314512 0.304392 0.754069 0.891595 0.821665 0.925351 0.509280 0.566339 0.839584 0.986930 0.358618 0.333278 0.355915 0.380325 0.690976 0.750846 0.297765 0.244832 0.303592 0.000000 0.967557 0.992151 0.710072 0.829282 0.908043 0.799621 0.950779 0.862433 0.472108 0.372453 0.973374 0.908743 0.427473 0.423197 0.919030 0.880921 0.761810 0.699126 0.967423 0.996358 0.846552 0.900049 0.932844 0.865287 0.906956 0.854658 0.692054 0.658213 0.733509 0.660762 0.692214 0.718466 0.940616 0.839851 0.636383 0.641183 0.277423 0.298604 0.528710 0.583556 0.378655 0.412079 0.313645 0.316778 0.764827 0.720399 0.755897 0.902030 0.517949 0.476351 0.649851 0.892166 0.552973 0.671044 0.827906 0.826351 0.684485 0.681751 0.437667 0.435054 0.288772 0.304128 0.443288 0.417081 0.398609 0.598895 0.675906 0.619151 0.604917 0.668190 0.635918 0.589303 0.624165 0.620242 0.810542 0.966042 0.527828 0.907646 0.880337 0.924950 0.764609 0.962686 0.754636 0.776780 0.730544 0.853962 0.949091 0.906816 0.895409 0.652403 0.943879 0.782091 0.979606 0.791396 0.782948 0.699966
0.909580 0.964962 0.503147 0.531058 0.752693 0.677771 0.812950 0.840136 0.948254 0.713392 0.936438 0.869093 0.921863 0.948341 0.961662 0.833226 0.822004 0.848456 0.998677 0.967557 0.000000 0.995552 0.988536 0.685357 0.477902 0.463809 0.751801 0.647327 0.686129 0.678505 0.725535 0.833740 0.857678 0.834403 0.688668 0.911081 0.657982 0.806689 0.636601 0.622020 0.794143 0.990921 0.746197 0.712778 0.987748 0.850266 0.710263 0.682583 0.906604 0.936938 0.839703 0.795032 0.965337 0.979437 0.707657 0.712067 0.944195 0.946186 0.729545 0.817574 0.933630 0.928542 0.951236 0.857842 0.493475 0.671884 0.549067 0.585066 0.845578 0.772395 0.899505 0.938962 0.976407 0.922110 0.927850 0.949668 0.710589 0.941387 0.972515 0.952089 0.913897 0.992730 0.966300 0.869588 0.881041 0.582609 0.978128 0.808916 0.831291 0.789525 0.837249 0.953771 0.740221 0.802863 0.974717 0.752246 0.782513 0.832425 0.992988 0.897611 0.838253 0.868344 0.882068 0.950605 0.759102 0.646363 0.998830 0.984626 0.943637 0.981797 0.964209 0.987434 0.916520 0.912516 0.800194 0.921786
0.972199 0.990128 0.946429 0.982704 0.928544 0.963212 0.947564 0.922341 0.845347 0.929193 0.986125 0.912771 0.948457 0.955868 0.952536 0.951160 0.970680 0.991996 0.979012 0.992151 0.995552 0.000000 0.968946 0.968898 0.993883 0.981068 0.858277 0.953489 0.960933 0.918517 0.905887 0.977097 0.891766 0.985161 0.994249 0.999127 0.996383 0.953070 0.964028 0.908045 0.880127 0.740214 0.921915 0.916884 0.952718 0.969244 0.966482 0.975261 0.949361 0.979247 0.994816 0.953838 0.917360 0.990726 0.888292 0.988743 0.959938 0.962951 0.967536 0.975291 0.991257 0.959630 0.975283 0.965650 0.894913 0.975453 0.969485 0.998143 0.963161 0.976461 0.917346 0.925958 0.973156 0.941335 0.946734 0.961028 0.990030 0.796510 0.976781 0.904811 0.984071 0.998698 0.871379 0.977550 0.864198 0.951223 0.886302 0.878647 0.805741 0.927033 0.982380 0.987685 0.983253 0.967631 0.922633 0.890613 0.900068 0.908289 0.966242 0.956938 0.938420 0.800076 0.961752 0.967202 0.953826 0.917105 0.979532 0.974286 0.909779 0.962637 0.948757 0.982391 0.993597 0.941103 0.973737 0.855100
0.641079 0.695683 0.823913 0.970917 0.751504 0.685843 0.656742 0.935223 0.667964 0.847760 0.874242 0.837232 0.511295 0.622532 0.427916 0.593458 0.688349 0.731441 0.549380 0.710072 0.988536 0.968946 0.000000 0.594589 0.965706 0.819399 0.827047 0.965367 0.661733 0.726771 0.630775 0.742548 0.572146 0.770244 0.824166 0.914369 0.905743 0.891792 0.848003 0.719555 0.972745 0.977165 0.865176 0.963162 0.865970 0.851020 0.854749 0.763658 0.777487 0.584875 0.828057 0.757749 0.634111 0.712334 0.801183 0.999061 0.714020 0.718539 0.761633 0.797032 0.651282 0.793447 0.561484 0.587050 0.804043 0.799021 0.986927 0.788796 0.837715 0.779600 0.818000 0.856022 0.875091 0.975853 0.942980 0.851988 0.866858 0.972682 0.653763 0.782049 0.640050 0.790739 0.622403 0.628572 0.514662 0.807647 0.778925 0.515175 0.725315 0.644810 0.711409 0.731352 0.579776 0.633279 0.969334 0.804154 0.836394 0.833378 0.946722 0.943293 0.562861 0.933289 0.978591 0.923681 0.988464 0.982890 0.941769 0.978110 0.925226 0.916230 0.977808 0.897268 0.965599 0.938920 0.963649 0.843393
0.781208 0.734674 0.513041 0.416117 0.910951 0.932848 0.750620 0.693456 0.992003 0.666944 0.886070 0.940357 0.721563 0.711589 0.854571 0.644426 0.925277 0.944857 0.795013 0.829282 0.685357 0.968898 0.594589 0.000000 0.473765 0.630080 0.651331 0.738097 0.942425 0.903892 0.712959 0.884211 0.732067 0.768364 0.641712 0.856683 0.631917 0.768578 0.629373 0.803455 0.781870 0.937614 0.801971 0.785913 0.851123 0.966677 0.598230 0.631180 0.797656 0.912201 0.852482 0.772220 0.991091 0.925429 0.682544 0.756845 0.875572 0.803432 0.748542 0.821391 0.856973 0.921326 0.868628 0.923496 0.461649 0.628098 0.630619 0.698756 0.821210 0.787722 0.698130 0.912069 0.904499 0.830230 0.908403 0.875074 0.751329 0.832678 0.707928 0.942426 0.878400 0.856064 0.712041 0.640503 0.600567 0.414165 0.712146 0.838615 0.738756 0.628918 0.967206 0.856664 0.937494 0.986070 0.996181 0.843713 0.821900 0.962747 0.877258 0.941050 0.827262 0.861102 0.772134 0.915277 0.652570 0.656608 0.941596 0.927765 0.991528 0.835237 0.968311 0.978175 0.958375 0.903056 0.870260 0.978340
0.906697 0.931544 0.402740 0.370940 0.761846 0.691095 0.997035 0.910577 0.669796 0.401914 0.724975 0.804808 0.958818 0.834448 0.789564 0.977417 0.779164 0.736003 0.848144 0.908043 0.477902 0.993883 0.965706 0.473765 0.000000 0.281878 0.658735 0.537267 0.512406 0.518454 0.726841 0.782512 0.942781 0.950555 0.498208 0.766398 0.508790 0.724072 0.404148 0.565061 0.755758 0.919207 0.845941 0.919812 0.634407 0.811863 0.720434 0.759560 0.572026 0.870426 0.971059 0.852319 0.854603 0.768100 0.591072 0.687249 0.874935 0.977372 0.773881 0.773476 0.924317 0.842987 0.823106 0.740783 0.319245 0.522359 0.510547 0.528309 0.813892 0.785964 0.817195 0.967910 0.896389 0.877739 0.967101 0.912582 0.856292 0.928924 0.998328 0.913733 0.870991 0.983123 0.986179 0.799957 0.767272 0.448923 0.811606 0.833651 0.716551 0.676787 0.927590 0.937469 0.680406 0.796974 0.918311 0.767791 0.824831 0.786068 0.705202 0.705519 0.986286 0.750285 0.711833 0.809119 0.692961 0.557103 0.890737 0.904956 0.939556 0.905553 0.818262 0.844267 0.944214 0.960354 0.819861 0.745674
0.924804 0.916382 0.474694 0.382020 0.715957 0.555969 0.989232 0.892988 0.643388 0.474824 0.681473 0.718143 0.812860 0.813018 0.695714 0.988490 0.656178 0.620341 0.726129 0.799621 0.463809 0.981068 0.819399 0.630080 0.281878 0.000000 0.812755 0.489290 0.472950 0.450525 0.732745 0.928676 0.965687 0.975545 0.544669 0.746748 0.571323 0.766619 0.452590 0.504616 0.733574 0.999705 0.680884 0.782683 0.734615 0.904309 0.734424 0.816110 0.571612 0.804703 0.964495 0.893649 0.879690 0.828903 0.693526 0.696258 0.765504 0.865316 0.844791 0.872701 0.831356 0.745218 0.669269 0.597655 0.431662 0.497293 0.468622 0.433356 0.933352 0.968549 0.805453 0.902350 0.871001 0.967465 0.976915 0.929542 0.847976 0.957522 0.914408 0.925309 0.700577 0.835664 0.854485 0.988081 0.980628 0.549230 0.939552 0.630499 0.884015 0.810073 0.726509 0.824719 0.480652 0.601074 0.844249 0.720560 0.876010 0.774849 0.787462 0.767434 0.844626 0.850693 0.847908 0.794030 0.718302 0.596976 0.831829 0.909666 0.939031 0.957040 0.899204 0.851658 0.998890 0.994315 0.845989 0.671137
0.973459 0.935951 0.831663 0.849615 0.852291 0.967699 0.883460 0.916072 0.855909 0.688415 0.831302 0.930035 0.968195 0.970033 0.946336 0.902469 0.976747 0.948921 0.973745 0.950779 0.751801 0.858277 0.827047 0.651331 0.658735 0.812755 0.000000 0.907492 0.948108 0.902027 0.830994 0.893759 0.919476 0.952304 0.882536 0.749999 0.796873 0.762260 0.814608 0.987366 0.950639 0.872256 0.888302 0.894009 0.693992 0.740407 0.956681 0.913228 0.697217 0.845961 0.882707 0.916467 0.808955 0.825597 0.858803 0.985654 0.968728 0.937577 0.942921 0.946329 0.860436 0.879609 0.990832 0.969629 0.688387 0.875928 0.916637 0.991122 0.882115 0.971855 0.903416 0.951994 0.828860 0.808642 0.890505 0.905490 0.994968 0.939834 0.889290 0.948133 0.920948 0.907260 0.736245 0.837267 0.785725 0.745013 0.810778 0.816020 0.781088 0.875096 0.832721 0.833054 0.967857 0.931422 0.934565 0.983493 0.943541 0.989665 0.820952 0.805606 0.840928 0.786072 0.678401 0.774666 0.909904 0.941899 0.941785 0.866695 0.980192 0.990729 0.772283 0.925416 0.818398 0.896388 0.974299 0.763082
0.945002 0.957991 0.721936 0.649849 0.801271 0.563707 0.961115 0.992878 0.797414 0.631102 0.765612 0.782493 0.894878 0.835054 0.846382 0.963661 0.821445 0.800749 0.825404 0.862433 0.647327 0.953489 0.965367 0.738097 0.537267 0.489290 0.907492 0.000000 0.688221 0.620953 0.965281 0.952265 0.977322 0.956525 0.672189 0.846692 0.841561 0.962104 0.686345 0.583524 0.704076 0.959759 0.774248 0.868823 0.814020 0.935037 0.818123 0.837389 0.739585 0.825622 0.984342 0.974215 0.878753 0.892234 0.791579 0.709846 0.865134 0.930598 0.899478 0.953065 0.886173 0.820435 0.807531 0.739227 0.594341 0.735182 0.702443 0.714112 0.984214 0.909689 0.911441 0.941650 0.802791 0.906040 0.938207 0.948846 0.875196 0.968619 0.920588 0.985184 0.830596 0.908854 0.883444 0.943687 0.975531 0.707711 0.986244 0.782809 0.984449 0.823498 0.838616 0.901764 0.708110 0.772539 0.944931 0.929354 0.944444 0.839619 0.907456 0.821714 0.963713 0.801783 0.824657 0.814758 0.970670 0.752810 0.870151 0.987091 0.941552 0.967063 0.939465 0.812718 0.993296 0.998538 0.993345 0.723751
0.594237 0.591714 0.880935 0.738515 0.651853 0.804564 0.579672 0.677157 0.574510 0.539532 0.452841 0.438361 0.493576 0.418742 0.503411 0.654211 0.382304 0.347690 0.398304 0.472108 0.686129 0.960933 0.661733 0.942425 0.512406 0.472950 0.948108 0.688221 0.000000 0.237686 0.992797 0.703446 0.554950 0.550170 0.802603 0.790628 0.949477 0.966547 0.600568 0.733092 0.915241 0.951658 0.934421 0.798520 0.613165 0.642214 0.856016 0.772399 0.455231 0.598049 0.727560 0.829567 0.780890 0.850132 0.946948 0.922559 0.436763 0.558812 0.765734 0.829458 0.512579 0.462140 0.372278 0.342305 0.777606 0.864092 0.898934 0.789435 0.822690 0.756736 0.874630 0.881650 0.671441 0.790639 0.934997 0.717938 0.852705 0.749696 0.552326 0.558963 0.431085 0.571403 0.544754 0.741151 0.727170 0.991753 0.892107 0.624613 0.858985 0.917993 0.824117 0.867748 0.569903 0.635288 0.877844 0.911958 0.787775 0.833748 0.631307 0.632734 0.903051 0.806116 0.629223 0.600003 0.949632 0.848428 0.998756 0.933034 0.918231 0.834400 0.808357 0.627055 0.868695 0.673518 0.959088 0.653732
0.509501 0.523190 0.854548 0.727621 0.663117 0.785722 0.627349 0.691776 0.649562 0.627898 0.350605 0.367647 0.494247 0.464693 0.567165 0.766777 0.312571 0.276917 0.365583 0.372453 0.678505 0.918517 0.726771 0.903892 0.518454 0.450525 0.902027 0.620953 0.237686 0.000000 0.937208 0.746523 0.563447 0.580131 0.737753 0.729081 0.963203 0.969720 0.597538 0.722685 0.937619 0.891631 0.941482 0.946477 0.759475 0.792758 0.920735 0.856027 0.538296 0.667303 0.814690 0.895362 0.919665 0.970517 0.925627 0.916625 0.348256 0.462738 0.769306 0.805660 0.496766 0.440672 0.364356 0.301225 0.762607 0.908866 0.885718 0.760495 0.730799 0.705718 0.889478 0.951651 0.594430 0.792061 0.839329 0.767776 0.961831 0.745984 0.545989 0.549079 0.334138 0.436691 0.534793 0.638006 0.675500 0.980773 0.813331 0.595015 0.842689 0.913540 0.723224 0.716162 0.516816 0.565794 0.781508 0.915409 0.743081 0.853047 0.734844 0.746533 0.854962 0.777004 0.623865 0.614623 0.998237 0.877346 0.899714 0.871130 0.966813 0.808086 0.865107 0.698459 0.978024 0.749911 0.948088 0.612909
0.973922 0.952775 0.712499 0.731410 0.834239 0.951952 0.675727 0.839500 0.825021 0.878609 0.852638 0.856620 0.870798 0.862232 0.669701 0.695524 0.956466 0.927412 0.870022 0.973374 0.725535 0.905887 0.630775 0.712959 0.726841 0.732745 0.830994 0.965281 0.992797 0.937208 0.000000 0.648775 0.733365 0.794291 0.759331 0.785891 0.709983 0.853098 0.958384 0.994944 0.958640 0.957691 0.725294 0.665804 0.778675 0.747835 0.876910 0.778306 0.929214 0.785395 0.785533 0.809632 0.617695 0.648347 0.832304 0.976813 0.936321 0.936868 0.865394 0.916950 0.937634 0.944643 0.994765 0.975337 0.767543 0.981709 0.747727 0.845744 0.865829 0.961786 0.676586 0.576834 0.901926 0.889331 0.849344 0.852111 0.655674 0.864030 0.864501 0.879456 0.922697 0.812335 0.973665 0.936700 0.956235 0.851344 0.902409 0.863203 0.978928 0.941092 0.840269 0.806238 0.841712 0.803523 0.983046 0.990759 0.878671 0.959610 0.899778 0.864625 0.995514 0.828536 0.804772 0.904624 0.745425 0.888379 0.854596 0.745290 0.978602 0.967822 0.973186 0.811533 0.921209 0.775029 0.929324 0.868308
0.981718 0.918916 0.916929 0.996372 0.962094 0.896674 0.669119 0.786042 0.733675 0.623717 0.943608 0.995045 0.823017 0.659668 0.575246 0.692099 0.918282 0.896365 0.810066 0.908743 0.833740 0.977097 0.742548 0.884211 0.782512 0.928676 0.893759 0.952265 0.703446 0.746523 0.648775 0.000000 0.736377 0.790691 0.918362 0.854620 0.950969 0.960050 0.811440 0.766307 0.994405 0.898547 0.772410 0.688221 0.676298 0.672539 0.914952 0.875008 0.779316 0.809471 0.822180 0.922677 0.680889 0.675047 0.964781 0.976943 0.985482 0.900085 0.998171 0.927060 0.900641 0.974490 0.897637 0.896266 0.832654 0.835212 0.969013 0.983601 0.781058 0.802502 0.798846 0.634123 0.906096 0.903590 0.994682 0.712720 0.833175 0.684762 0.845995 0.887553 0.991759 0.889429 0.907019 0.946572 0.940427 0.930095 0.783918 0.922575 0.864251 0.963503 0.738815 0.736002 0.872655 0.912957 0.995661 0.967699 0.984600 0.960051 0.586246 0.583468 0.916488 0.649406 0.591260 0.752840 0.941223 0.963306 0.771504 0.810450 0.851964 0.949478 0.813982 0.769170 0.862191 0.724318 0.870103 0.865652
0.387717 0.450671 0.581819 0.764046 0.875225 0.963459 0.359560 0.553776 0.697044 0.974404 0.544976 0.517463 0.347317 0.424718 0.538593 0.645586 0.443289 0.452086 0.352258 0.427473 0.857678 0.891766 0.572146 0.732067 0.942781 0.965687 0.919476 0.977322 0.554950 0.563447 0.733365 0.736377 0.000000 0.324356 0.704012 0.916422 0.666093 0.866736 0.934465 0.943519 0.756585 0.972397 0.814469 0.680576 0.761883 0.660636 0.580297 0.570635 0.684847 0.496074 0.539216 0.564970 0.754150 0.944298 0.539274 0.589526 0.450877 0.478085 0.446780 0.535242 0.378150 0.485000 0.353886 0.430114 0.678224 0.747436 0.571776 0.743005 0.630654 0.564538 0.692530 0.799425 0.560781 0.747803 0.794665 0.730495 0.643408 0.733579 0.500087 0.538212 0.449242 0.509514 0.560727 0.528570 0.438014 0.532683 0.821744 0.712995 0.593836 0.681751 0.889304 0.737999 0.806807 0.694780 0.929542 0.978631 0.435701 0.918464 0.752966 0.812182 0.894181 0.901564 0.685951 0.720109 0.782626 0.709063 0.965608 0.935742 0.965308 0.706328 0.799579 0.666772 0.896284 0.674872 0.727255 0.730521
0.385821 0.425950 0.540758 0.665400 0.834442 0.887565 0.321132 0.407772 0.722782 0.904515 0.459416 0.437537 0.341564 0.392329 0.657590 0.646750 0.461323 0.501115 0.337330 0.423197 0.834403 0.985161 0.770244 0.768364 0.950555 0.975545 0.952304 0.956525 0.550170 0.580131 0.794291 0.790691 0.324356 0.000000 0.774361 0.989418 0.695843 0.812695 0.907653 0.836396 0.745619 0.961029 0.634686 0.568381 0.667661 0.487719 0.505214 0.393168 0.560885 0.440984 0.396083 0.452258 0.764663 0.909972 0.506582 0.496681 0.479362 0.470448 0.340884 0.455824 0.307838 0.376959 0.391498 0.439735 0.688270 0.615937 0.464913 0.595834 0.666540 0.514473 0.671186 0.826355 0.593895 0.665386 0.708196 0.744345 0.517176 0.668516 0.516508 0.531494 0.481346 0.544117 0.578288 0.604678 0.522593 0.509966 0.878033 0.855793 0.651019 0.634517 0.988803 0.809869 0.932333 0.800948 0.950307 0.839874 0.510570 0.860385 0.666824 0.706849 0.909965 0.882140 0.603969 0.659754 0.710701 0.630166 0.903757 0.897656 0.987408 0.690854 0.744484 0.562667 0.777368 0.568548 0.670011 0.765520
0.763740 0.787471 0.487005 0.599390 0.984438 0.823006 0.813645 0.933030 0.955020 0.634821 0.936702 0.989207 0.823546 0.891013 0.979039 0.931740 0.976082 0.976094 0.907849 0.919030 0.688668 0.994249 0.824166 0.641712 0.498208 0.544669 0.882536 0.672189 0.802603 0.737753 0.759331 0.918362 0.704012 0.774361 0.000000 0.759087 0.565542 0.784042 0.560012 0.713406 0.731865 0.967432 0.893670 0.853075 0.959504 0.982795 0.746681 0.719437 0.783706 0.910838 0.840955 0.758864 0.898685 0.984149 0.629550 0.692361 0.975486 0.889502 0.701385 0.754796 0.870517 0.976033 0.923067 0.974048 0.462322 0.688681 0.505839 0.567111 0.786438 0.772704 0.636400 0.794118 0.914100 0.852239 0.962301 0.999916 0.764896 0.850112 0.882672 0.899064 0.997715 0.912941 0.961688 0.844166 0.705338 0.603349 0.980680 0.982690 0.746593 0.727599 0.969370 0.935597 0.894380 0.888002 0.781882 0.991456 0.770986 0.981573 0.856248 0.799159 0.766675 0.959816 0.963719 0.956446 0.712739 0.601299 0.870041 0.928994 0.874366 0.917136 0.828440 0.838915 0.974030 0.992840 0.813666 0.961218
0.835210 0.889444 0.955934 0.783614 0.799483 0.856640 0.949204 0.955654 0.841724 0.920159 0.746925 0.844838 0.867481 0.975122 0.837381 0.972386 0.789862 0.805471 0.882869 0.880921 0.911081 0.999127 0.914369 0.856683 0.766398 0.746748 0.749999 0.846692 0.790628 0.729081 0.785891 0.854620 0.916422 0.989418 0.759087 0.000000 0.886005 0.786968 0.744534 0.858976 0.996217 0.965355 0.836336 0.862107 0.950260 0.985998 0.921031 0.909200 0.846193 0.949254 0.919744 0.935457 0.999915 0.884204 0.874911 0.930052 0.746417 0.808198 0.999406 0.961178 0.852755 0.827897 0.788448 0.781075 0.924601 0.906719 0.761523 0.788665 0.851624 0.950562 0.756686 0.841218 0.899945 0.944069 0.822482 0.905039 0.710414 0.833946 0.849479 0.979067 0.740544 0.783741 0.904737 0.817186 0.852827 0.978972 0.830585 0.884342 0.977838 0.995936 0.787329 0.833095 0.662750 0.741486 0.860339 0.941226 0.938316 0.911018 0.950583 0.913353 0.927338 0.998450 0.980979 0.839101 0.833115 0.836163 0.837115 0.833793 0.926948 0.973663 0.935601 0.973287 0.970978 0.988399 0.987867 0.777399
0.619640 0.628166 0.398488 0.489143 0.841868 0.826771 0.768305 0.685991 0.862397 0.670094 0.938089 0.791463 0.785921 0.851043 0.963889 0.855473 0.840078 0.868740 0.843687 0.761810 0.657982 0.996383 0.905743 0.631917 0.508790 0.571323 0.796873 0.841561 0.949477 0.963203 0.709983 0.950969 0.666093 0.695843 0.565542 0.886005 0.000000 0.645283 0.598384 0.751757 0.764511 0.916682 0.722329 0.768713 0.891625 0.957446 0.575747 0.630011 0.919612 0.846353 0.747736 0.700489 0.931574 0.858050 0.503661 0.648050 0.739756 0.654678 0.619163 0.608297 0.754005 0.830171 0.816159 0.861745 0.463026 0.553441 0.501732 0.593349 0.608609 0.609457 0.753624 0.833823 0.700967 0.803052 0.828754 0.828701 0.684745 0.851604 0.716957 0.831392 0.811087 0.754337 0.715284 0.734199 0.652574 0.466835 0.819210 0.988092 0.679696 0.703327 0.851006 0.811332 0.961950 0.952787 0.970219 0.782980 0.690453 0.813500 0.899076 0.887097 0.914375 0.834649 0.927795 0.969615 0.561403 0.630449 0.871469 0.829179 0.977826 0.720552 0.967671 0.983911 0.981352 0.867221 0.649257 0.988439
0.814892 0.786096 0.710575 0.664036 0.902542 0.971724 0.838630 0.697755 0.893569 0.801769 0.940167 0.843353 0.886222 0.798137 0.884981 0.917584 0.893040 0.822305 0.888764 0.699126 0.806689 0.953070 0.891792 0.768578 0.724072 0.766619 0.762260 0.962104 0.966547 0.969720 0.853098 0.960050 0.866736 0.812695 0.784042 0.786968 0.645283 0.000000 0.636654 0.797928 0.999336 0.880167 0.711624 0.770087 0.991251 0.944535 0.732898 0.807189 0.903048 0.933180 0.835471 0.864498 0.838659 0.856761 0.767603 0.811881 0.797331 0.806464 0.851010 0.873433 0.898851 0.906036 0.944422 0.927361 0.714332 0.640766 0.687604 0.706359 0.800556 0.804724 0.677657 0.696958 0.960838 0.844670 0.965415 0.845498 0.762629 0.701130 0.808564 0.838246 0.895613 0.851672 0.875276 0.834299 0.846900 0.691137 0.859282 0.932385 0.708555 0.907159 0.999954 0.951651 0.904136 0.739321 0.894313 0.826805 0.761376 0.867086 0.992518 0.908250 0.933277 0.907184 0.901088 0.936781 0.506247 0.668171 0.805136 0.956809 0.902205 0.907777 0.995912 0.967724 0.881600 0.867238 0.716184 0.941671
