0.000000 0.239033 0.685665 0.386517 0.761293 0.729488 0.757599 0.612626 0.888848 0.806106 0.342363 0.323370 0.308774 0.359539 0.500717 0.430821 0.305128 0.347633 0.427941 0.378023 0.712440 0.893466 0.731777 0.640315 0.709033 0.836295 0.793515 0.940190 0.431252 0.493333 0.935832 0.920591 0.485010 0.552070 0.926412 0.642567 0.549101 0.623540 0.591936 0.636553 0.732888 0.733145 0.740201 0.678106 0.764319 0.647258 0.379408 0.420924 0.400972 0.394520 0.634001 0.564002 0.905841 0.817511 0.491399 0.471337 0.280005 0.207983 0.293579 0.297874 0.337912 0.399100 0.294964 0.303692 0.537433 0.284474 0.884509 0.869202 0.406039 0.365364 0.808381 0.855324 0.835715 0.696028 0.725477 0.786714 0.642539 0.729760 0.391638 0.504607 0.263391 0.296919 0.529067 0.375070 0.478601 0.461876 0.950956 0.989736 0.534014 0.434096 0.971933 0.982925 0.868332 0.978929 0.787906 0.808975 0.803777 0.932161 0.663990 0.745739 0.997717 0.982567 0.820560 0.837706 0.587075 0.602437 0.891335 0.971913 0.893377 0.904765 0.976932 0.615902 0.808933 0.977398 0.761859 0.942569
0.239033 0.000000 0.666007 0.351527 0.842257 0.677385 0.620291 0.536730 0.784412 0.740470 0.325138 0.326901 0.387591 0.340729 0.570277 0.378895 0.262196 0.285936 0.396183 0.301487 0.651496 0.954438 0.710117 0.572998 0.774507 0.829276 0.870817 0.897970 0.333312 0.374730 0.752548 0.682495 0.406730 0.431876 0.998066 0.667769 0.547389 0.626315 0.635164 0.646531 0.803234 0.662722 0.540924 0.496188 0.599093 0.509728 0.393600 0.367562 0.365175 0.356035 0.472258 0.432168 0.723678 0.977451 0.580847 0.461966 0.225402 0.200673 0.339790 0.347539 0.324265 0.402410 0.268070 0.270349 0.620664 0.350257 0.769724 0.702786 0.497133 0.408285 0.671073 0.697624 0.685253 0.560994 0.772508 0.823639 0.570372 0.627197 0.383564 0.450792 0.296764 0.391423 0.468966 0.441026 0.584845 0.497928 0.935355 0.961941 0.644406 0.465585 0.907120 0.947647 0.828872 0.961507 0.764220 0.814277 0.815843 0.915577 0.590334 0.628506 0.929993 0.986081 0.726516 0.793921 0.561901 0.564570 0.897754 0.934456 0.835426 0.947739 0.929782 0.568920 0.727889 0.872713 0.735830 0.917251
0.685665 0.666007 0.000000 0.458623 0.554532 0.831567 0.509732 0.691170 0.636419 0.732115 0.775434 0.817886 0.603624 0.802054 0.619394 0.593868 0.741718 0.678343 0.497097 0.601547 0.560669 0.885733 0.478856 0.661484 0.541700 0.524968 0.994866 0.972771 0.623240 0.669797 0.620281 0.723507 0.507590 0.564561 0.712625 0.872864 0.559357 0.820532 0.616551 0.773638 0.849364 0.797993 0.603840 0.662252 0.635038 0.659793 0.644504 0.651097 0.689886 0.739854 0.770159 0.788434 0.779421 0.971755 0.689968 0.889524 0.701837 0.655916 0.689822 0.694241 0.471299 0.773619 0.709563 0.715102 0.484222 0.634992 0.558652 0.645414 0.796261 0.607433 0.727459 0.762286 0.716130 0.691465 0.976369 0.770825 0.655651 0.677580 0.749436 0.674920 0.765734 0.747922 0.834850 0.867312 0.725449 0.824214 0.988482 0.874964 0.879298 0.711920 0.741992 0.723176 0.746906 0.760326 0.866182 0.670857 0.865608 0.802852 0.672028 0.578817 0.857005 0.759921 0.843910 0.847275 0.745258 0.658729 0.825489 0.744258 0.904918 0.984232 0.791946 0.710875 0.514122 0.790987 0.796744 0.944349
0.386517 0.351527 0.458623 0.000000 0.726990 0.553303 0.401113 0.313142 0.595429 0.525213 0.464598 0.343417 0.429191 0.357954 0.620378 0.377776 0.426206 0.389063 0.370164 0.312021 0.606946 0.965235 0.564427 0.510590 0.811656 0.709299 0.934538 0.964170 0.386447 0.385079 0.605149 0.670185 0.380126 0.374376 0.770844 0.740862 0.627152 0.709696 0.674844 0.801412 0.827016 0.855782 0.485156 0.523498 0.493512 0.488778 0.450134 0.409746 0.514733 0.473674 0.511485 0.498994 0.620495 0.816950 0.590199 0.628192 0.453747 0.395594 0.484752 0.443403 0.277694 0.343573 0.315468 0.298083 0.674345 0.297671 0.533634 0.568183 0.679710 0.432900 0.619475 0.671765 0.680895 0.627496 0.798741 0.602752 0.501291 0.597062 0.517406 0.551460 0.535763 0.520665 0.702104 0.722904 0.770789 0.713068 0.871260 0.857944 0.779564 0.575349 0.604788 0.759056 0.611090 0.809281 0.664564 0.610895 0.659441 0.783095 0.450811 0.460692 0.634177 0.707239 0.661935 0.691389 0.526322 0.555506 0.968492 0.856084 0.754332 0.891272 0.792991 0.517022 0.562481 0.780029 0.592582 0.864922
0.761293 0.842257 0.554532 0.726990 0.000000 0.820309 0.837551 0.863474 0.921039 0.931823 0.937810 0.885649 0.574358 0.832592 0.552550 0.619537 0.906782 0.871354 0.780307 0.918682 0.796473 0.973530 0.523289 0.623314 0.626707 0.776742 0.661768 0.899802 0.874711 0.847246 0.962502 0.967069 0.737358 0.933500 0.893639 0.808178 0.866900 0.958568 0.956086 0.689140 0.780237 0.890167 0.880138 0.918675 0.925021 0.866985 0.755058 0.807397 0.633814 0.800592 0.942493 0.900513 0.903954 0.809522 0.685350 0.826848 0.931940 0.779180 0.808098 0.752526 0.661820 0.813823 0.837667 0.820802 0.481375 0.655650 0.967754 0.973577 0.777829 0.675483 0.899680 0.809421 0.817009 0.995036 0.887662 0.984476 0.861757 0.909158 0.943195 0.727340 0.801798 0.719555 0.800529 0.746034 0.527346 0.673349 0.628042 0.899150 0.628377 0.670292 0.966275 0.917554 0.958557 0.983481 0.899401 0.976303 0.982884 0.992442 0.974188 0.886364 0.784223 0.992751 0.927062 0.905613 0.993918 0.883608 0.782158 0.934787 0.985044 0.900356 0.846194 0.956791 0.724996 0.958934 0.934768 0.954600
0.729488 0.677385 0.831567 0.553303 0.820309 0.000000 0.619206 0.541287 0.728581 0.680119 0.763417 0.610969 0.810464 0.602184 0.903131 0.603509 0.717260 0.674348 0.711768 0.649624 0.822984 0.912804 0.801671 0.714188 0.981212 0.936897 0.856018 0.984253 0.704095 0.660710 0.678737 0.710384 0.568844 0.643863 0.862112 0.701644 0.858809 0.969942 0.997231 0.952683 0.697809 0.979646 0.680224 0.684381 0.719278 0.728439 0.844092 0.750928 0.768080 0.667148 0.630256 0.626773 0.623755 0.718715 0.824340 0.844593 0.732863 0.773797 0.852914 0.731358 0.685348 0.633107 0.713298 0.592184 0.984296 0.617723 0.798730 0.694622 0.945004 0.784742 0.759482 0.813187 0.748939 0.783136 0.943024 0.748341 0.787360 0.637531 0.823784 0.753446 0.848278 0.855667 0.939357 0.959163 0.996073 0.944062 0.825634 0.820807 0.943077 0.878999 0.647633 0.823611 0.711946 0.774139 0.795073 0.829492 0.943178 0.769241 0.594372 0.765497 0.718710 0.831343 0.887014 0.754314 0.777217 0.941182 0.979243 0.977840 0.875256 0.976699 0.756082 0.733914 0.869823 0.807279 0.793400 0.819427
0.757599 0.620291 0.509732 0.401113 0.837551 0.619206 0.000000 0.299256 0.427018 0.378444 0.667899 0.614441 0.824179 0.645822 0.864057 0.571742 0.609672 0.522778 0.423698 0.505773 0.675937 0.887590 0.594704 0.684883 0.995276 0.840170 0.654586 0.846454 0.439649 0.354835 0.298072 0.381779 0.351499 0.287829 0.667355 0.970821 0.814037 0.820329 0.788419 0.933842 0.845306 0.878332 0.287102 0.346763 0.250453 0.368695 0.746323 0.552541 0.666803 0.609391 0.449869 0.470539 0.390890 0.444356 0.873990 0.900279 0.624005 0.744870 0.748596 0.811751 0.406215 0.587542 0.521235 0.490070 0.950776 0.650051 0.248179 0.309951 0.979229 0.760902 0.479542 0.432126 0.427026 0.379401 0.980869 0.664766 0.462862 0.443879 0.682869 0.676818 0.837842 0.959231 0.852778 0.896213 0.890191 0.943475 0.820325 0.790463 0.883291 0.944448 0.376799 0.543651 0.491520 0.670998 0.748434 0.639797 0.563981 0.681570 0.283805 0.290450 0.472107 0.489365 0.523192 0.639500 0.478757 0.682436 0.674470 0.679885 0.651704 0.843043 0.606930 0.493195 0.375379 0.685657 0.583453 0.876013
0.612626 0.536730 0.691170 0.313142 0.863474 0.541287 0.299256 0.000000 0.480298 0.280814 0.515368 0.338636 0.701813 0.404829 0.931960 0.615098 0.574886 0.508161 0.522765 0.446255 0.862403 0.964553 0.804306 0.766595 0.857006 0.993883 0.634866 0.858726 0.412481 0.364442 0.566145 0.602222 0.487703 0.366771 0.732431 0.829363 0.853791 0.816732 0.855756 0.987597 0.835497 0.973009 0.443144 0.473372 0.345257 0.366033 0.634934 0.476793 0.552928 0.490831 0.410436 0.411408 0.437279 0.528628 0.733132 0.680848 0.661482 0.651053 0.608082 0.587580 0.340702 0.270924 0.379561 0.289844 0.980925 0.429528 0.424976 0.396206 0.937177 0.609865 0.624472 0.611919 0.586990 0.567785 0.844356 0.660427 0.480779 0.596354 0.625994 0.726284 0.726109 0.812795 0.898705 0.954817 0.920273 0.989439 0.813841 0.812906 0.948435 0.756189 0.452200 0.699530 0.512704 0.775006 0.773583 0.739036 0.573581 0.721130 0.353042 0.413753 0.441866 0.642210 0.603223 0.683936 0.498826 0.679744 0.826481 0.842173 0.690700 0.781332 0.701092 0.541739 0.527880 0.754189 0.603656 0.836446
0.888848 0.784412 0.636419 0.595429 0.921039 0.728581 0.427018 0.480298 0.000000 0.376607 0.666579 0.651163 0.896668 0.826694 0.917862 0.680309 0.711186 0.583733 0.668372 0.620785 0.668175 0.851726 0.833816 0.967351 0.894794 0.747822 0.740714 0.835988 0.469148 0.546876 0.481850 0.638608 0.595482 0.468905 0.756289 0.920372 0.667288 0.861482 0.748898 0.875496 0.763568 0.885095 0.513007 0.581225 0.527081 0.669239 0.997208 0.826241 0.803961 0.852729 0.738812 0.790871 0.607463 0.671659 0.976086 0.895556 0.711185 0.860866 0.977635 0.932897 0.628926 0.654252 0.662849 0.614517 0.921582 0.779503 0.497913 0.593920 0.916332 0.737046 0.441563 0.488429 0.544231 0.541553 0.948590 0.699008 0.611988 0.620329 0.728388 0.693318 0.962938 0.920314 0.962677 0.897044 0.837584 0.800380 0.808809 0.746255 0.783923 0.921378 0.454373 0.494373 0.565461 0.509139 0.645543 0.779378 0.843737 0.729567 0.507696 0.486303 0.554766 0.640940 0.679160 0.784909 0.697323 0.834416 0.799936 0.786790 0.837170 0.969780 0.746177 0.657095 0.694762 0.789283 0.762822 0.835700
0.806106 0.740470 0.732115 0.525213 0.931823 0.680119 0.378444 0.280814 0.376607 0.000000 0.628357 0.519886 0.921187 0.703815 0.990266 0.732821 0.650933 0.543164 0.604839 0.543272 0.875373 0.957768 0.928599 0.976946 0.815384 0.951213 0.639459 0.796402 0.446395 0.448841 0.491010 0.618245 0.602070 0.415944 0.707094 0.984812 0.808996 0.796557 0.972856 0.963610 0.882847 0.919339 0.513194 0.558159 0.432089 0.536683 0.907986 0.722298 0.752047 0.780627 0.640572 0.672063 0.577873 0.587943 0.968744 0.927515 0.761599 0.870893 0.864302 0.937943 0.563021 0.480088 0.545664 0.451050 0.895103 0.699559 0.451598 0.511287 0.952187 0.743545 0.456245 0.465852 0.594177 0.497209 0.960758 0.709792 0.608582 0.590002 0.689869 0.756371 0.852841 0.969645 0.932259 0.817783 0.723939 0.732392 0.718229 0.652402 0.878496 0.973904 0.350532 0.495759 0.431357 0.547560 0.806022 0.783669 0.659178 0.709991 0.356426 0.437338 0.455369 0.538719 0.594920 0.743104 0.611076 0.792722 0.866549 0.859200 0.759574 0.878395 0.579254 0.576468 0.574065 0.850836 0.740678 0.785751
0.342363 0.325138 0.775434 0.464598 0.937810 0.763417 0.667899 0.515368 0.666579 0.628357 0.000000 0.287719 0.483827 0.357055 0.643157 0.508179 0.319955 0.310911 0.446640 0.398617 0.726598 0.864751 0.922192 0.791936 0.991274 0.933755 0.964105 0.983818 0.325305 0.352762 0.816008 0.825345 0.511680 0.484200 0.996557 0.622698 0.550250 0.553037 0.571671 0.606787 0.779868 0.753230 0.617220 0.585027 0.696931 0.618755 0.542782 0.577962 0.494040 0.555113 0.596001 0.597500 0.828744 0.977609 0.665277 0.621634 0.339966 0.332759 0.449695 0.518639 0.398829 0.374315 0.313074 0.276011 0.781116 0.398643 0.853772 0.753696 0.610862 0.492196 0.698128 0.710418 0.632221 0.602140 0.767331 0.693579 0.540659 0.740472 0.367967 0.543263 0.366495 0.419215 0.647733 0.526621 0.746369 0.669919 0.977304 0.956626 0.734020 0.556942 0.903199 0.987519 0.908911 0.961404 0.724834 0.821530 0.858307 0.934972 0.654560 0.789585 0.891455 0.954679 0.725816 0.852224 0.656939 0.733233 0.807141 0.915760 0.816285 0.875225 0.967673 0.652646 0.688387 0.978994 0.723444 0.778041
0.323370 0.326901 0.817886 0.343417 0.885649 0.610969 0.614441 0.338636 0.651163 0.519886 0.287719 0.000000 0.427785 0.246964 0.683470 0.445954 0.374092 0.351142 0.489641 0.372579 0.781720 0.880183 0.865923 0.717278 0.955446 0.990870 0.942481 0.983646 0.347759 0.381620 0.864056 0.851857 0.510335 0.471913 0.997198 0.698634 0.732296 0.696606 0.722618 0.780745 0.827920 0.867336 0.658267 0.617944 0.634027 0.539561 0.471419 0.466265 0.445681 0.411016 0.511757 0.469005 0.685537 0.883076 0.600896 0.548673 0.435793 0.355635 0.436379 0.416224 0.326596 0.188304 0.257134 0.201078 0.815262 0.250593 0.796287 0.689222 0.634948 0.444295 0.748832 0.759610 0.732927 0.676067 0.736741 0.733450 0.588601 0.724720 0.445453 0.594658 0.405692 0.442688 0.673835 0.542557 0.753968 0.683052 0.978803 0.987067 0.661650 0.578722 0.760638 0.930735 0.752239 0.951255 0.746759 0.799231 0.763359 0.820239 0.580181 0.682093 0.731794 0.910487 0.763656 0.793028 0.537161 0.659382 0.880918 0.970012 0.805514 0.869831 0.926282 0.592903 0.757241 0.953192 0.710800 0.824251
0.308774 0.387591 0.603624 0.429191 0.574358 0.810464 0.824179 0.701813 0.896668 0.921187 0.483827 0.427785 0.000000 0.399466 0.297289 0.332748 0.513014 0.554741 0.503470 0.527900 0.698589 0.972441 0.466679 0.469141 0.697384 0.853182 0.642618 0.762248 0.570026 0.645160 0.918589 0.902574 0.579684 0.677122 0.991990 0.724626 0.614762 0.834928 0.693203 0.618056 0.867180 0.803914 0.823668 0.839669 0.857418 0.733995 0.399914 0.469356 0.394134 0.495839 0.731078 0.666345 0.927711 0.761370 0.553245 0.550670 0.529510 0.313422 0.386727 0.327842 0.358992 0.439809 0.475529 0.475814 0.337617 0.262275 0.978520 0.964449 0.532282 0.368828 0.986121 0.937623 0.915734 0.906159 0.694858 0.776442 0.764992 0.871860 0.600007 0.550360 0.449932 0.307140 0.541663 0.400517 0.346859 0.397758 0.841229 0.857143 0.478946 0.473001 0.966754 0.899762 0.992247 0.930690 0.770781 0.794020 0.940547 0.976997 0.805036 0.821473 0.881732 0.953306 0.976165 0.978542 0.775253 0.654788 0.875406 0.956968 0.885996 0.995675 0.978793 0.767346 0.827261 0.969713 0.768555 0.892295
0.359539 0.340729 0.802054 0.357954 0.832592 0.602184 0.645822 0.404829 0.826694 0.703815 0.357055 0.246964 0.399466 0.000000 0.606133 0.432530 0.419263 0.417545 0.455265 0.411820 0.856610 0.958391 0.725379 0.509795 0.950458 0.934137 0.944392 0.953653 0.429806 0.378166 0.883947 0.763939 0.501879 0.545770 0.979096 0.680197 0.780678 0.752909 0.796723 0.784214 0.790965 0.963866 0.646386 0.580930 0.636061 0.509053 0.442819 0.444287 0.461960 0.368217 0.455362 0.417316 0.660931 0.861260 0.540929 0.484432 0.496592 0.350907 0.398426 0.349873 0.362351 0.284286 0.337421 0.272895 0.825767 0.271530 0.855289 0.740741 0.745746 0.518568 0.903184 0.844898 0.819543 0.787503 0.766908 0.718868 0.623986 0.827757 0.489068 0.574487 0.443940 0.395214 0.594803 0.485951 0.729248 0.584419 0.989009 0.865067 0.633197 0.498765 0.892057 0.847172 0.905105 0.847483 0.776336 0.822681 0.751148 0.932812 0.654551 0.781253 0.805939 0.919368 0.805621 0.843012 0.670693 0.708573 0.927349 0.996218 0.787845 0.875983 0.986041 0.727017 0.766173 0.915345 0.609964 0.856463
0.500717 0.570277 0.619394 0.620378 0.552550 0.903131 0.864057 0.931960 0.917862 0.990266 0.643157 0.683470 0.297289 0.606133 0.000000 0.304819 0.597467 0.595543 0.507908 0.628256 0.607364 0.925688 0.341177 0.425712 0.603852 0.746171 0.557330 0.761587 0.678962 0.690504 0.943805 0.997463 0.596808 0.773630 0.978249 0.834947 0.664276 0.872727 0.767242 0.637063 0.849567 0.846291 0.868737 0.879880 0.970022 0.928262 0.644297 0.682138 0.643568 0.752362 0.943826 0.901965 0.960690 0.702801 0.690223 0.806889 0.571088 0.452397 0.611620 0.624615 0.567896 0.755789 0.668419 0.702882 0.350750 0.498496 0.969951 0.922264 0.511085 0.535189 0.956256 0.964710 0.888584 0.878515 0.804074 0.763146 0.895268 0.906888 0.753543 0.527946 0.558433 0.445965 0.559567 0.536336 0.398778 0.446942 0.816622 0.818848 0.584457 0.640739 0.957368 0.919086 0.951161 0.942648 0.718088 0.790016 0.997558 0.982596 0.868374 0.871524 0.752588 0.980799 0.951609 0.967638 0.880340 0.817369 0.984116 0.937556 0.908196 0.859546 0.929571 0.868878 0.805918 0.960136 0.797219 0.924609
0.430821 0.378895 0.593868 0.377776 0.619537 0.603509 0.571742 0.615098 0.680309 0.732821 0.508179 0.445954 0.332748 0.432530 0.304819 0.000000 0.424015 0.410867 0.359604 0.407898 0.592692 0.880724 0.359010 0.367613 0.792200 0.790648 0.775915 0.890589 0.470549 0.459816 0.682239 0.766231 0.393719 0.517057 0.989868 0.736227 0.571725 0.751234 0.721835 0.724247 0.739692 0.780874 0.579948 0.588246 0.674070 0.647682 0.557213 0.536122 0.482488 0.542005 0.631058 0.595473 0.711216 0.962874 0.714186 0.799542 0.428149 0.388698 0.595430 0.592626 0.416421 0.540061 0.480591 0.456722 0.490271 0.384605 0.787259 0.825095 0.587376 0.517491 0.703710 0.677258 0.835357 0.673835 0.805028 0.700051 0.698636 0.644961 0.573853 0.478395 0.541469 0.519470 0.594137 0.623707 0.595480 0.592044 0.975313 0.983976 0.667635 0.702730 0.738819 0.830592 0.777449 0.865111 0.636773 0.705094 0.915439 0.842635 0.604709 0.588533 0.929342 0.837363 0.830895 0.856175 0.678136 0.734632 0.950225 0.939062 0.777952 0.902959 0.859807 0.589879 0.665118 0.924821 0.731457 0.890864
0.305128 0.262196 0.741718 0.426206 0.906782 0.717260 0.609672 0.574886 0.711186 0.650933 0.319955 0.374092 0.513014 0.419263 0.597467 0.424015 0.000000 0.205676 0.394111 0.336901 0.637331 0.964524 0.801823 0.680707 0.869986 0.811877 0.948449 0.909573 0.314850 0.298503 0.651045 0.639626 0.424319 0.417466 0.938248 0.673734 0.551633 0.613887 0.734964 0.681569 0.765539 0.662463 0.516607 0.489142 0.638341 0.622282 0.523911 0.492143 0.494051 0.505704 0.579754 0.575294 0.827169 0.957658 0.634363 0.608165 0.223512 0.301332 0.476367 0.584997 0.426548 0.502428 0.282173 0.274995 0.739595 0.486449 0.761387 0.740501 0.526738 0.467928 0.542183 0.580576 0.631026 0.432977 0.740712 0.762373 0.586652 0.620795 0.383956 0.397553 0.315524 0.414500 0.504780 0.563161 0.721184 0.643933 0.873430 0.940683 0.739495 0.602536 0.819241 0.881289 0.817739 0.941745 0.716961 0.779013 0.761576 0.920922 0.566058 0.620070 0.894714 0.872512 0.760106 0.719388 0.568445 0.650313 0.956601 0.939277 0.762845 0.935361 0.793164 0.614523 0.705993 0.958042 0.756720 0.891790
0.347633 0.285936 0.678343 0.389063 0.871354 0.674348 0.522778 0.508161 0.583733 0.543164 0.310911 0.351142 0.554741 0.417545 0.595543 0.410867 0.205676 0.000000 0.321897 0.314678 0.622688 0.984111 0.790553 0.649970 0.864549 0.787920 0.958660 0.967902 0.257292 0.248688 0.580777 0.542616 0.341482 0.337682 0.982479 0.735989 0.584123 0.622868 0.690826 0.713017 0.770493 0.621673 0.439478 0.427590 0.553153 0.549715 0.542480 0.501058 0.519609 0.528449 0.535905 0.562496 0.754381 0.985289 0.664415 0.614706 0.227888 0.315311 0.495731 0.632045 0.390857 0.475876 0.249944 0.254614 0.765504 0.485524 0.703612 0.661564 0.570122 0.528463 0.503761 0.515923 0.582276 0.443557 0.822701 0.718668 0.553477 0.523736 0.347450 0.344360 0.332668 0.462801 0.535997 0.553733 0.764892 0.685752 0.898790 0.962918 0.811261 0.628267 0.764168 0.826043 0.774555 0.904616 0.714850 0.686916 0.704764 0.838850 0.466878 0.540751 0.821139 0.775546 0.651636 0.647112 0.543361 0.631790 0.983173 0.917929 0.827797 0.942214 0.820304 0.528975 0.615731 0.891230 0.687883 0.873525
0.427941 0.396183 0.497097 0.370164 0.780307 0.711768 0.423698 0.522765 0.668372 0.604839 0.446640 0.489641 0.503470 0.455265 0.507908 0.359604 0.394111 0.321897 0.000000 0.357828 0.657401 0.923311 0.544244 0.542451 0.821443 0.828626 0.982831 0.938704 0.385718 0.365026 0.536084 0.542850 0.379444 0.334386 0.977166 0.779956 0.634041 0.679425 0.696230 0.802874 0.838500 0.747058 0.526038 0.550145 0.564137 0.580953 0.587223 0.534476 0.599639 0.594879 0.633197 0.632165 0.729344 0.874660 0.779632 0.773819 0.387679 0.422257 0.542435 0.612482 0.384735 0.594202 0.432083 0.426533 0.702784 0.501958 0.619505 0.704728 0.677792 0.603927 0.565933 0.528011 0.611998 0.457006 0.931862 0.699218 0.510041 0.536400 0.508377 0.504657 0.545024 0.562081 0.674542 0.696439 0.817580 0.801377 0.933372 0.915035 0.859167 0.784475 0.676980 0.788161 0.702785 0.792441 0.736958 0.697170 0.711712 0.942750 0.491563 0.474060 0.783084 0.718175 0.700276 0.738321 0.681976 0.691577 0.929411 0.901571 0.739949 0.914863 0.832507 0.521638 0.499209 0.884470 0.694629 0.881148
0.378023 0.301487 0.601547 0.312021 0.918682 0.649624 0.505773 0.446255 0.620785 0.543272 0.398617 0.372579 0.527900 0.411820 0.628256 0.407898 0.336901 0.314678 0.357828 0.000000 0.709104 0.973589 0.698708 0.645347 0.865709 0.804690 0.912440 0.957424 0.320812 0.362962 0.592101 0.628110 0.452878 0.360901 0.984015 0.750094 0.578546 0.652659 0.613216 0.811376 0.723452 0.764119 0.544134 0.531200 0.612098 0.591383 0.586832 0.476810 0.609690 0.537409 0.590082 0.601196 0.735073 0.870429 0.670503 0.667428 0.356495 0.382558 0.554848 0.550271 0.399104 0.458220 0.343514 0.347137 0.780603 0.441830 0.674853 0.702914 0.628154 0.465631 0.502137 0.534327 0.569535 0.502012 0.768667 0.771920 0.495542 0.606554 0.474249 0.551540 0.489388 0.565996 0.657086 0.696229 0.845252 0.793586 0.791638 0.837330 0.825492 0.687025 0.661468 0.742904 0.618723 0.814970 0.786085 0.710494 0.719805 0.822295 0.489374 0.515471 0.770002 0.774393 0.675843 0.754591 0.587338 0.661331 0.956782 0.894243 0.772853 0.948843 0.863877 0.536497 0.658583 0.865348 0.722115 0.792011
0.712440 0.651496 0.560669 0.606946 0.796473 0.822984 0.675937 0.862403 0.668175 0.875373 0.726598 0.781720 0.698589 0.856610 0.607364 0.592692 0.637331 0.622688 0.657401 0.709104 0.000000 0.819146 0.644747 0.751260 0.775105 0.687370 0.865861 0.874723 0.670835 0.659456 0.611619 0.741422 0.646386 0.660338 0.933066 0.912321 0.716208 0.903229 0.775551 0.745924 0.948650 0.917056 0.697730 0.723528 0.809294 0.861379 0.815072 0.786390 0.815126 0.832754 0.849843 0.879967 0.885908 0.996013 0.773612 0.971588 0.586623 0.657321 0.850195 0.902149 0.719130 0.879071 0.717453 0.744930 0.674182 0.782079 0.756858 0.792186 0.671606 0.614145 0.752449 0.799251 0.696072 0.735386 0.934573 0.750025 0.819710 0.676515 0.750083 0.620367 0.741782 0.712643 0.773010 0.830102 0.797782 0.787529 0.780136 0.991659 0.959650 0.902118 0.844211 0.836397 0.879065 0.821309 0.640044 0.851930 0.872561 0.857812 0.765220 0.726683 0.998889 0.744748 0.907412 0.810677 0.652198 0.803833 0.944887 0.953297 0.791294 0.875831 0.812801 0.741788 0.750943 0.996860 0.813497 0.984674
0.893466 0.954438 0.885733 0.965235 0.973530 0.912804 0.887590 0.964553 0.851726 0.957768 0.864751 0.880183 0.972441 0.958391 0.925688 0.880724 0.964524 0.984111 0.923311 0.973589 0.819146 0.000000 0.772077 0.777405 0.985850 0.928876 0.938977 0.929317 0.977552 0.982915 0.792561 0.751976 0.893120 0.924657 0.910842 0.968970 0.920636 0.938327 0.949177 0.964951 0.977964 0.987599 0.851391 0.868972 0.925615 0.996883 0.867485 0.857990 0.921002 0.985027 0.969704 0.993854 0.836412 0.821438 0.914693 0.889949 0.969890 0.969084 0.807378 0.850340 0.896575 0.789338 0.802080 0.893687 0.991607 0.871627 0.856229 0.956237 0.969806 0.950023 0.839983 0.753434 0.954070 0.883540 0.970227 0.852259 0.903694 0.810982 0.910309 0.974075 0.881055 0.907691 0.983183 0.936753 0.946541 0.982521 0.892812 0.890875 0.959087 0.813034 0.810776 0.788049 0.871948 0.792397 0.907330 0.842555 0.928727 0.925252 0.892071 0.821434 0.913903 0.930154 0.922214 0.811341 0.847091 0.836582 0.933481 0.846592 0.797401 0.759814 0.932630 0.920388 0.973880 0.664222 0.913293 0.936838
0.731777 0.710117 0.478856 0.564427 0.523289 0.801671 0.594704 0.804306 0.833816 0.928599 0.922192 0.865923 0.466679 0.725379 0.341177 0.359010 0.801823 0.790553 0.544244 0.698708 0.644747 0.772077 0.000000 0.319394 0.654446 0.673869 0.786556 0.812331 0.756613 0.736738 0.695718 0.805202 0.517026 0.690410 0.852373 0.999410 0.749013 0.983828 0.826095 0.895286 0.854079 0.935103 0.676441 0.722720 0.684664 0.718814 0.711942 0.640755 0.658890 0.695210 0.782069 0.736324 0.738170 0.911539 0.785748 0.914096 0.775179 0.687417 0.791957 0.727534 0.557110 0.850392 0.810917 0.830784 0.435521 0.610717 0.703418 0.815777 0.839496 0.687456 0.908310 0.858353 0.998014 0.835258 0.826001 0.777344 0.836216 0.742204 0.903699 0.669426 0.848649 0.753267 0.748915 0.852359 0.602516 0.642606 0.962930 0.951829 0.768041 0.838478 0.754484 0.823210 0.802986 0.886937 0.740484 0.720051 0.854678 0.862037 0.678117 0.591439 0.985007 0.778072 0.886755 0.929127 0.780876 0.739619 0.788654 0.756799 0.815381 0.869538 0.891908 0.768119 0.642114 0.818257 0.695963 0.990935
0.640315 0.572998 0.661484 0.510590 0.623314 0.714188 0.684883 0.766595 0.967351 0.976946 0.791936 0.717278 0.469141 0.509795 0.425712 0.367613 0.680707 0.649970 0.542451 0.645347 0.751260 0.777405 0.319394 0.000000 0.742928 0.824450 0.828931 0.821801 0.728258 0.639431 0.820248 0.742425 0.504464 0.678494 0.979086 0.833925 0.861233 0.997672 0.807055 0.915060 0.881478 0.901449 0.669174 0.659008 0.750870 0.719602 0.635344 0.620370 0.672434 0.620977 0.665861 0.629913 0.735782 0.920200 0.767282 0.691467 0.658229 0.565855 0.694968 0.613962 0.601016 0.760332 0.681327 0.708712 0.622051 0.528685 0.837106 0.838139 0.869575 0.730154 0.990903 0.914436 0.938683 0.896592 0.821648 0.802978 0.794040 0.821684 0.772832 0.557082 0.698888 0.585756 0.626737 0.623880 0.606428 0.508523 0.965992 0.785270 0.668367 0.660378 0.936515 0.965942 0.995514 0.880224 0.823040 0.742136 0.854168 0.852788 0.764882 0.715929 0.955279 0.894340 0.915586 0.906470 0.866792 0.846755 0.940112 0.884283 0.833140 0.931712 0.992941 0.704373 0.701119 0.868796 0.749405 0.986866
0.709033 0.774507 0.541700 0.811656 0.626707 0.981212 0.995276 0.857006 0.894794 0.815384 0.991274 0.955446 0.697384 0.950458 0.603852 0.792200 0.869986 0.864549 0.821443 0.865709 0.775105 0.985850 0.654446 0.742928 0.000000 0.539581 0.661857 0.889613 0.910202 0.988178 0.991834 0.952340 0.743540 0.894525 0.898923 0.951373 0.702206 0.952629 0.706668 0.785122 0.884992 0.802652 0.996964 0.983930 0.958075 0.941198 0.772966 0.858862 0.866479 0.933176 0.901407 0.904972 0.771510 0.588301 0.731718 0.824169 0.733523 0.688322 0.741011 0.736077 0.758495 0.953885 0.879834 0.981409 0.458410 0.795603 0.993241 0.988222 0.582146 0.669941 0.949427 0.931437 0.908226 0.928805 0.821829 0.976541 0.980436 0.877534 0.945732 0.739670 0.694430 0.719626 0.786606 0.704866 0.459161 0.576865 0.930273 0.957579 0.758291 0.686655 0.854401 0.982519 0.987204 0.968005 0.960281 0.749984 0.974593 0.973089 0.993376 0.944121 0.741207 0.869971 0.942733 0.930571 0.902325 0.808202 0.964485 0.964824 0.842036 0.953334 0.883199 0.975786 0.856371 0.984977 0.971099 0.872786
0.836295 0.829276 0.524968 0.709299 0.776742 0.936897 0.840170 0.993883 0.747822 0.951213 0.933755 0.990870 0.853182 0.934137 0.746171 0.790648 0.811877 0.787920 0.828626 0.804690 0.687370 0.928876 0.673869 0.824450 0.539581 0.000000 0.946462 0.901076 0.771283 0.901997 0.730183 0.895740 0.684924 0.780575 0.740597 0.975815 0.611880 0.910541 0.703523 0.810301 0.889404 0.827304 0.772682 0.825820 0.821448 0.890466 0.857917 0.856613 0.860983 0.927943 0.947171 0.998336 0.950402 0.879611 0.889850 0.987714 0.763311 0.790377 0.934436 0.945028 0.766794 0.993675 0.834286 0.916261 0.583950 0.860001 0.782398 0.833209 0.832134 0.803179 0.723158 0.843423 0.903709 0.785566 0.904736 0.840844 0.887461 0.852223 0.929070 0.749512 0.808525 0.852495 0.863720 0.952294 0.750778 0.846957 0.893169 0.854702 0.958732 0.822535 0.829013 0.692865 0.812372 0.817159 0.816898 0.835784 0.989376 0.886403 0.812378 0.763612 0.995135 0.934780 0.837485 0.904898 0.834706 0.823413 0.927805 0.792813 0.918871 0.921274 0.936359 0.850676 0.815372 0.863759 0.922082 0.932784
0.793515 0.870817 0.994866 0.934538 0.661768 0.856018 0.654586 0.634866 0.740714 0.639459 0.964105 0.942481 0.642618 0.944392 0.557330 0.775915 0.948449 0.958660 0.982831 0.912440 0.865861 0.938977 0.786556 0.828931 0.661857 0.946462 0.000000 0.681376 0.926069 0.835808 0.667469 0.657200 0.913981 0.725103 0.891193 0.863110 0.886221 0.970653 0.959763 0.681131 0.943384 0.801898 0.801906 0.753457 0.636925 0.731636 0.867405 0.999643 0.863071 0.920220 0.743802 0.806244 0.680090 0.437311 0.894892 0.915484 0.855199 0.764866 0.915974 0.861336 0.958684 0.894122 0.976207 0.915803 0.531896 0.892648 0.585344 0.602882 0.613951 0.758089 0.752793 0.717358 0.613274 0.789425 0.815606 0.874470 0.735942 0.800577 0.912890 0.814780 0.763746 0.711676 0.808562 0.650101 0.427076 0.496222 0.723502 0.720887 0.578369 0.770633 0.610571 0.750372 0.663091 0.794013 0.856102 0.985234 0.798441 0.863621 0.713928 0.778560 0.486850 0.676334 0.733847 0.851381 0.895036 0.926365 0.886867 0.824300 0.748460 0.860710 0.789818 0.872726 0.843361 0.840831 0.961622 0.906644
0.940190 0.897970 0.972771 0.964170 0.899802 0.984253 0.846454 0.858726 0.835988 0.796402 0.983818 0.983646 0.762248 0.953653 0.761587 0.890589 0.909573 0.967902 0.938704 0.957424 0.874723 0.929317 0.812331 0.821801 0.889613 0.901076 0.681376 0.000000 0.933997 0.936378 0.843222 0.868741 0.902610 0.880489 0.974645 0.850558 0.910812 0.793220 0.941911 0.730116 0.952246 0.879154 0.985806 0.905827 0.862764 0.893543 0.885729 0.967144 0.885968 0.952332 0.956100 0.947643 0.901046 0.770898 0.857249 0.788252 0.969165 0.884649 0.949587 0.884660 0.990737 0.984392 0.988321 0.963816 0.726690 0.895824 0.817938 0.897080 0.872361 0.835928 0.926589 0.872929 0.798292 0.938691 0.810578 0.939986 0.908220 0.828349 0.949678 0.872406 0.945413 0.801407 0.953862 0.891871 0.751060 0.715804 0.963523 0.978006 0.755991 0.718931 0.778996 0.918546 0.804157 0.835133 0.939835 0.947112 0.926190 0.854763 0.920405 0.907195 0.718233 0.902204 0.808122 0.893326 0.955186 0.938303 0.963149 0.858825 0.980182 0.914717 0.949916 0.861165 0.878343 0.984920 0.865524 0.926421
0.431252 0.333312 0.623240 0.386447 0.874711 0.704095 0.439649 0.412481 0.469148 0.446395 0.325305 0.347759 0.570026 0.429806 0.678962 0.470549 0.314850 0.257292 0.385718 0.320812 0.670835 0.977552 0.756613 0.728258 0.910202 0.771283 0.926069 0.933997 0.000000 0.287468 0.567166 0.590128 0.363385 0.300986 0.893557 0.796255 0.586120 0.647903 0.665030 0.785494 0.769900 0.687754 0.455515 0.461489 0.469071 0.489659 0.575739 0.527020 0.506230 0.524173 0.501795 0.548279 0.664838 0.827824 0.749063 0.655872 0.357447 0.419806 0.553044 0.610443 0.351884 0.434024 0.306042 0.290570 0.783399 0.460030 0.611252 0.599747 0.698647 0.498210 0.482575 0.502965 0.515490 0.406010 0.791651 0.729840 0.499202 0.551147 0.425297 0.454715 0.483159 0.592267 0.664951 0.680053 0.842606 0.800747 0.875738 0.863651 0.877162 0.720236 0.662851 0.728430 0.656352 0.775114 0.715117 0.709324 0.729727 0.733862 0.433872 0.529382 0.723530 0.742132 0.617601 0.712675 0.496596 0.621914 0.972595 0.823674 0.791115 0.912217 0.881490 0.531873 0.586397 0.842319 0.662006 0.827255
0.493333 0.374730 0.669797 0.385079 0.847246 0.660710 0.354835 0.364442 0.546876 0.448841 0.352762 0.381620 0.645160 0.378166 0.690504 0.459816 0.298503 0.248688 0.365026 0.362962 0.659456 0.982915 0.736738 0.639431 0.988178 0.901997 0.835808 0.936378 0.287468 0.000000 0.455460 0.451858 0.344517 0.323700 0.883176 0.828955 0.689931 0.639615 0.770894 0.771173 0.763837 0.718603 0.351424 0.308836 0.377557 0.396520 0.592994 0.505521 0.508065 0.475775 0.398090 0.422102 0.533696 0.716532 0.654287 0.630858 0.355274 0.437426 0.506751 0.656360 0.351110 0.425580 0.268054 0.254935 0.900225 0.504705 0.535356 0.465738 0.771584 0.568752 0.543750 0.494579 0.491897 0.362310 0.843886 0.651884 0.525427 0.541426 0.461470 0.425692 0.449729 0.590716 0.531973 0.713951 0.915698 0.793384 0.909547 0.999906 0.870541 0.677663 0.671905 0.846214 0.765287 0.912521 0.724946 0.799123 0.629218 0.862965 0.437245 0.506085 0.706797 0.720751 0.592887 0.685712 0.521896 0.671463 0.893541 0.919753 0.779947 0.874748 0.753177 0.578018 0.493619 0.834008 0.624302 0.836212
0.935832 0.752548 0.620281 0.605149 0.962502 0.678737 0.298072 0.566145 0.481850 0.491010 0.816008 0.864056 0.918589 0.883947 0.943805 0.682239 0.651045 0.580777 0.536084 0.592101 0.611619 0.792561 0.695718 0.820248 0.991834 0.730183 0.667469 0.843222 0.567166 0.455460 0.000000 0.292523 0.463792 0.410376 0.720135 0.991280 0.816697 0.749074 0.898528 0.877757 0.863355 0.809632 0.338922 0.369041 0.384788 0.552947 0.981984 0.775936 0.868360 0.803237 0.600218 0.672111 0.507395 0.478843 0.951330 0.901996 0.641380 0.888859 0.973674 0.892779 0.690308 0.890059 0.721658 0.683251 0.919164 0.955069 0.369974 0.437901 0.980974 0.969615 0.382416 0.348955 0.427021 0.354642 0.917584 0.736406 0.570108 0.384337 0.780819 0.692655 0.945360 0.903092 0.910783 0.755440 0.719295 0.797741 0.778854 0.713782 0.721904 0.863584 0.453941 0.501852 0.536747 0.588070 0.741882 0.786214 0.671384 0.856472 0.381538 0.414520 0.546780 0.479183 0.541306 0.624063 0.631097 0.833919 0.698672 0.667584 0.713910 0.913948 0.622219 0.645975 0.509450 0.745418 0.691899 0.927091
0.920591 0.682495 0.723507 0.670185 0.967069 0.710384 0.381779 0.602222 0.638608 0.618245 0.825345 0.851857 0.902574 0.763939 0.997463 0.766231 0.639626 0.542616 0.542850 0.628110 0.741422 0.751976 0.805202 0.742425 0.952340 0.895740 0.657200 0.868741 0.590128 0.451858 0.292523 0.000000 0.509683 0.426530 0.805471 0.975365 0.918097 0.839181 0.916902 0.925351 0.915515 0.827860 0.372679 0.353047 0.424645 0.523291 0.890709 0.688938 0.885234 0.762551 0.542225 0.589090 0.524355 0.521183 0.982677 0.881254 0.642881 0.850673 0.908323 0.994689 0.722733 0.903564 0.695442 0.686658 0.807052 0.979300 0.459822 0.476517 0.930821 0.989893 0.480743 0.448254 0.436462 0.422020 0.924906 0.871542 0.629403 0.460154 0.760720 0.642217 0.889947 0.963807 0.842955 0.930025 0.721591 0.903316 0.735909 0.972696 0.746502 0.951659 0.605907 0.721771 0.707329 0.820871 0.828643 0.802767 0.656079 0.878063 0.492453 0.507516 0.589681 0.533178 0.571559 0.670336 0.688376 0.832733 0.796052 0.728908 0.815211 0.990562 0.670169 0.683699 0.548981 0.662625 0.697917 0.984791
0.485010 0.406730 0.507590 0.380126 0.737358 0.568844 0.351499 0.487703 0.595482 0.602070 0.511680 0.510335 0.579684 0.501879 0.596808 0.393719 0.424319 0.341482 0.379444 0.452878 0.646386 0.893120 0.517026 0.504464 0.743540 0.684924 0.913981 0.902610 0.363385 0.344517 0.463792 0.509683 0.000000 0.329375 0.718585 0.884433 0.663726 0.724698 0.697130 0.838546 0.760596 0.687506 0.334805 0.315965 0.366799 0.392849 0.544888 0.486409 0.457052 0.427004 0.406854 0.437022 0.566830 0.752145 0.615394 0.654514 0.369367 0.424728 0.523213 0.602341 0.326279 0.556076 0.396000 0.391973 0.654429 0.485500 0.492125 0.462120 0.747916 0.637877 0.573682 0.571823 0.565921 0.486298 0.751981 0.713005 0.519002 0.463640 0.539483 0.458866 0.492961 0.591934 0.626526 0.696749 0.715807 0.657753 0.876142 0.930244 0.851356 0.708467 0.660241 0.728086 0.683580 0.863931 0.736815 0.567965 0.634435 0.718866 0.375370 0.473746 0.730644 0.697001 0.618577 0.661258 0.491276 0.574046 0.849556 0.726637 0.748263 0.904777 0.801225 0.538871 0.422799 0.737172 0.547957 0.839839
0.552070 0.431876 0.564561 0.374376 0.933500 0.643863 0.287829 0.366771 0.468905 0.415944 0.484200 0.471913 0.677122 0.545770 0.773630 0.517057 0.417466 0.337682 0.334386 0.360901 0.660338 0.924657 0.690410 0.678494 0.894525 0.780575 0.725103 0.880489 0.300986 0.323700 0.410376 0.426530 0.329375 0.000000 0.762839 0.908506 0.663795 0.764029 0.745976 0.903082 0.827597 0.747770 0.357576 0.410999 0.338932 0.403380 0.649263 0.521696 0.584799 0.540573 0.453347 0.508765 0.523447 0.634273 0.859033 0.724610 0.434333 0.532218 0.595902 0.685354 0.372352 0.527008 0.396182 0.384764 0.856807 0.574352 0.445054 0.443196 0.834572 0.637850 0.378822 0.421096 0.440155 0.345450 0.923727 0.762035 0.408740 0.427947 0.561567 0.493808 0.625806 0.744765 0.753256 0.855297 0.988228 0.950779 0.797653 0.807106 0.975060 0.846847 0.524401 0.599586 0.547300 0.708600 0.708619 0.586557 0.661399 0.759501 0.303878 0.347307 0.579511 0.576368 0.560453 0.665941 0.513363 0.626853 0.906766 0.721780 0.752761 0.960787 0.753323 0.428357 0.441920 0.723602 0.655878 0.868909
0.926412 0.998066 0.712625 0.770844 0.893639 0.862112 0.667355 0.732431 0.756289 0.707094 0.996557 0.997198 0.991990 0.979096 0.978249 0.989868 0.938248 0.982479 0.977166 0.984015 0.933066 0.910842 0.852373 0.979086 0.898923 0.740597 0.891193 0.974645 0.893557 0.883176 0.720135 0.805471 0.718585 0.762839 0.000000 0.858740 0.965714 0.830217 0.988552 0.986603 0.935229 0.930727 0.663607 0.733784 0.623761 0.671513 0.902114 0.836356 0.859125 0.939043 0.780481 0.825535 0.724029 0.782055 0.915781 0.952085 0.967561 0.997163 0.928893 0.924027 0.778249 0.864878 0.910293 0.904947 0.871266 0.909491 0.615546 0.536118 0.958894 0.890608 0.750351 0.844062 0.885613 0.837012 0.912013 0.904916 0.802855 0.781512 0.995052 0.951477 0.935647 0.880739 0.952272 0.791703 0.995898 0.967245 0.853550 0.884850 0.932984 0.858064 0.748194 0.727122 0.787630 0.843829 0.832236 0.702510 0.864428 0.837235 0.725586 0.822487 0.739034 0.793450 0.828710 0.995514 0.849447 0.832987 0.916874 0.824081 0.977366 0.846024 0.896611 0.947784 0.687392 0.789132 0.675100 0.873144
0.642567 0.667769 0.872864 0.740862 0.808178 0.701644 0.970821 0.829363 0.920372 0.984812 0.622698 0.698634 0.724626 0.680197 0.834947 0.736227 0.673734 0.735989 0.779956 0.750094 0.912321 0.968970 0.999410 0.833925 0.951373 0.975815 0.863110 0.850558 0.796255 0.828955 0.991280 0.975365 0.884433 0.908506 0.858740 0.000000 0.744948 0.890990 0.749569 0.779399 0.690650 0.887406 0.902461 0.896385 0.926822 0.959264 0.791089 0.803515 0.777133 0.796561 0.870236 0.818154 0.951369 0.884544 0.720638 0.780009 0.693101 0.657620 0.784083 0.698726 0.805703 0.737133 0.752186 0.655141 0.867762 0.664444 0.902921 0.968527 0.794833 0.813588 0.959499 0.962419 0.856388 0.928873 0.988786 0.906884 0.794955 0.905406 0.692595 0.881382 0.781734 0.665091 0.863406 0.666478 0.808686 0.805808 0.989275 0.974809 0.827020 0.693434 0.920873 0.927733 0.936215 0.998776 0.933811 0.952527 0.827055 0.875065 0.983432 0.980041 0.909994 0.881843 0.854287 0.989878 0.937970 0.951220 0.955530 0.959516 0.994820 0.975538 0.982816 0.854763 0.988687 0.957917 0.933590 0.911349
0.549101 0.547389 0.559357 0.627152 0.866900 0.858809 0.814037 0.853791 0.667288 0.808996 0.550250 0.732296 0.614762 0.780678 0.664276 0.571725 0.551633 0.584123 0.634041 0.578546 0.716208 0.920636 0.749013 0.861233 0.702206 0.611880 0.886221 0.910812 0.586120 0.689931 0.816697 0.918097 0.663726 0.663795 0.965714 0.744948 0.000000 0.634747 0.592015 0.487798 0.552229 0.665138 0.718743 0.712361 0.777786 0.795833 0.688988 0.720995 0.615590 0.756423 0.846234 0.833154 0.934904 0.838781 0.740735 0.904937 0.489968 0.544127 0.668122 0.742203 0.608539 0.746486 0.656378 0.647255 0.527412 0.661626 0.800336 0.876167 0.524818 0.589752 0.605266 0.665017 0.802374 0.726971 0.799638 0.821774 0.794484 0.716125 0.663684 0.632335 0.569139 0.716668 0.744247 0.708966 0.717722 0.752507 0.841331 0.816064 0.822921 0.670217 0.871281 0.760364 0.807531 0.782195 0.723150 0.731876 0.931958 0.976660 0.708795 0.733637 0.945709 0.853462 0.749481 0.873233 0.751647 0.722079 0.853493 0.970976 0.930753 0.902366 0.894185 0.733008 0.886829 0.908598 0.901976 0.967622
0.623540 0.626315 0.820532 0.709696 0.958568 0.969942 0.820329 0.816732 0.861482 0.796557 0.553037 0.696606 0.834928 0.752909 0.872727 0.751234 0.613887 0.622868 0.679425 0.652659 0.903229 0.938327 0.983828 0.997672 0.952629 0.910541 0.970653 0.793220 0.647903 0.639615 0.749074 0.839181 0.724698 0.764029 0.830217 0.890990 0.634747 0.000000 0.766451 0.793212 0.806963 0.645414 0.781750 0.722189 0.817795 0.753569 0.774050 0.819491 0.719170 0.795601 0.812715 0.797040 0.898286 0.979781 0.763858 0.974783 0.571791 0.595281 0.686842 0.821562 0.707120 0.742244 0.654587 0.637841 0.857207 0.699958 0.833999 0.853244 0.556263 0.681298 0.744869 0.661324 0.760922 0.656323 0.885781 0.911169 0.749006 0.727851 0.612912 0.825577 0.593050 0.784535 0.736134 0.794196 0.863300 0.782338 0.931135 0.989716 0.747666 0.711464 0.950021 0.953533 0.901191 0.902268 0.784959 0.919350 0.966034 0.998085 0.833022 0.919357 0.905547 0.985956 0.680495 0.941914 0.855335 0.839794 0.955282 0.964485 0.926876 0.955031 0.955245 0.862483 0.800522 0.966509 0.793289 0.903055
