0.000000 0.366064 0.982075 0.821563 0.847990 0.870419 0.802653 0.681207 0.966669 0.689734 0.551373 0.522436 0.928032 0.782483 0.925010 0.851348 0.467048 0.511967 0.580880 0.530965 0.904757 0.856225 0.978978 0.966732 0.991845 0.906840 0.991183 0.873868 0.653102 0.702638 0.841873 0.845319 0.495410 0.568446 0.895426 0.947177 0.743069 0.712230 0.954078 0.960664 0.729544 0.898272 0.815992 0.675819 0.729111 0.762362 0.826073 0.814095 0.839157 0.871481 0.870531 0.948263 0.923980 0.874775 0.865368 0.793905 0.381345 0.377837 0.600191 0.762506 0.733948 0.865284 0.459357 0.466460 0.821540 0.987969 0.735272 0.698889 0.470913 0.595056 0.615830 0.614198 0.726154 0.733701 0.903653 0.904862 0.685574 0.673186 0.735999 0.727124 0.462551 0.489908 0.905751 0.721867 0.978967 0.843323 0.895622 0.856674 0.780814 0.964750 0.715865 0.721141 0.784679 0.830644 0.947413 0.857922 0.719092 0.941093 0.446775 0.657050 0.841128 0.908178 0.622249 0.581056 0.738632 0.937341 0.900092 0.899441 0.931449 0.835071 0.676869 0.789375 0.786287 0.946437 0.957601 0.994421
0.366064 0.000000 0.877276 0.891699 0.944807 0.918403 0.921835 0.653505 0.864278 0.691657 0.566181 0.447188 0.987899 0.723867 0.943614 0.824047 0.422336 0.413508 0.588340 0.439989 0.942848 0.948786 0.962629 0.980667 0.940751 0.776301 0.918345 0.806425 0.620376 0.554667 0.877057 0.831577 0.547004 0.550138 0.964730 0.889258 0.781354 0.666693 0.918347 0.966737 0.743925 0.737200 0.806873 0.615232 0.758580 0.711543 0.916612 0.812517 0.847410 0.856377 0.959676 0.997065 0.796220 0.746039 0.983396 0.800536 0.320797 0.281739 0.727518 0.768820 0.796295 0.780866 0.526042 0.392533 0.745007 0.964382 0.838264 0.729279 0.484600 0.529708 0.575989 0.657647 0.721089 0.682806 0.943442 0.934689 0.697746 0.707179 0.752579 0.688689 0.446810 0.477160 0.866120 0.669876 0.874998 0.894677 0.929503 0.913415 0.692415 0.931983 0.805517 0.763819 0.882577 0.900648 0.904155 0.830577 0.753204 0.851560 0.521428 0.658330 0.743041 0.974281 0.652832 0.552876 0.825989 0.938353 0.953529 0.957060 0.943031 0.808019 0.688253 0.733614 0.717220 0.864167 0.974918 0.993876
0.982075 0.877276 0.000000 0.425977 0.774892 0.918978 0.338458 0.703862 0.583665 0.818786 0.844350 0.861306 0.630332 0.999690 0.599664 0.794333 0.967941 0.995133 0.675378 0.986814 0.835967 0.789164 0.420838 0.629796 0.411240 0.444648 0.869428 0.854297 0.961906 0.906144 0.478542 0.696119 0.628530 0.630698 0.621848 0.951381 0.819514 0.936569 0.635139 0.922455 0.879723 0.928439 0.627857 0.730659 0.778942 0.897218 0.642994 0.691979 0.751184 0.977493 0.975711 0.949349 0.790441 0.817468 0.815516 0.926791 0.932111 0.856952 0.672972 0.970414 0.611668 0.904171 0.766547 0.899128 0.362021 0.571803 0.435615 0.567121 0.980976 0.971620 0.800596 0.863933 0.882430 0.996444 0.714911 0.804995 0.654341 0.790197 0.797258 0.856795 0.987646 0.891019 0.953542 0.946434 0.491448 0.563312 0.898153 0.980651 0.754571 0.910558 0.835780 0.760245 0.796932 0.634459 0.977947 0.865071 0.944762 0.878568 0.981541 0.847320 0.790841 0.797383 0.941963 0.997935 0.756530 0.505422 0.970313 0.923946 0.939795 0.936882 0.902392 0.937705 0.990784 0.993286 0.857805 0.848451
0.821563 0.891699 0.425977 0.000000 0.864293 0.870779 0.343544 0.443249 0.681729 0.593333 0.827266 0.838051 0.699788 0.826973 0.716416 0.611229 0.819921 0.885452 0.567911 0.802483 0.874801 0.922816 0.433600 0.490081 0.578784 0.619856 0.940632 0.995981 0.919294 0.766302 0.485747 0.648056 0.624973 0.617288 0.726483 0.977983 0.626545 0.759445 0.675561 0.948529 0.793892 0.950242 0.609373 0.701794 0.938015 0.954198 0.722567 0.709910 0.729136 0.943239 0.997513 0.928763 0.791071 0.715955 0.874700 0.867201 0.862372 0.936102 0.695573 0.952608 0.639970 0.891024 0.596027 0.817894 0.600577 0.621456 0.544280 0.675807 0.879920 0.918593 0.580852 0.637458 0.628473 0.744719 0.732244 0.811505 0.567818 0.812193 0.721184 0.845192 0.787814 0.738521 0.974573 0.834489 0.651333 0.584016 0.931594 0.983800 0.943400 0.943058 0.681659 0.596553 0.729405 0.650120 0.909260 0.869155 0.855021 0.969779 0.888826 0.726851 0.967002 0.630734 0.769323 0.774182 0.757573 0.601408 0.989361 0.865480 0.838908 0.863154 0.896965 0.922737 0.948644 0.969941 0.988055 0.902437
0.847990 0.944807 0.774892 0.864293 0.000000 0.811997 0.853257 0.983390 0.801378 0.950508 0.769526 0.917077 0.766037 0.940612 0.791330 0.940463 0.966250 0.906905 0.877916 0.983630 0.911201 0.876226 0.869176 0.991072 0.790366 0.825340 0.809066 0.995426 0.888908 0.968215 0.876627 0.893517 0.756628 0.772404 0.810283 0.882342 0.921913 0.918625 0.855589 0.933869 0.855091 0.980726 0.960144 0.864842 0.744929 0.889119 0.881250 0.805226 0.904920 0.880641 0.882513 0.959045 0.970618 0.967545 0.942498 0.918911 0.975375 0.995202 0.827642 0.869182 0.699724 0.928366 0.971195 0.931928 0.688540 0.667450 0.737970 0.638980 0.822418 0.951643 0.990759 0.886862 0.955323 0.827266 0.954189 0.891162 0.928256 0.908673 0.940243 0.935162 0.935881 0.914363 0.975210 0.983652 0.775062 0.758079 0.862569 0.971541 0.847492 0.828741 0.969040 0.998815 0.952764 0.869159 0.937084 0.992873 0.915083 0.906320 0.923161 0.987680 0.874888 0.916815 0.962633 0.782764 0.750201 0.859431 0.888064 0.943860 0.915586 0.974395 0.866888 0.953253 0.971307 0.958519 0.914893 0.729445
0.870419 0.918403 0.918978 0.870779 0.811997 0.000000 0.857648 0.781695 0.866658 0.896127 0.841636 0.827009 0.799717 0.973025 0.976471 0.821041 0.988131 0.989545 0.940930 0.960754 0.892568 0.822027 0.983091 0.994678 0.858271 0.847891 0.932290 0.882076 0.941843 0.960800 0.885992 0.989248 0.895861 0.863234 0.764455 0.869190 0.831983 0.827293 0.882256 0.891345 0.946786 0.950649 0.935330 0.946249 0.952800 0.898049 0.936575 0.979349 0.917982 0.985769 0.946751 0.975676 0.968356 0.850164 0.963847 0.973991 0.960025 0.926668 0.777541 0.890350 0.666561 0.790815 0.870862 0.885116 0.974576 0.793436 0.878850 0.765380 0.916869 0.887675 0.905135 0.911696 0.996465 0.938800 0.992227 0.971087 0.952366 0.982680 0.965239 0.982626 0.886861 0.840130 0.894158 0.959815 0.982551 0.969750 0.958816 0.874140 0.990839 0.951543 0.828311 0.842703 0.729230 0.864693 0.957497 0.981510 0.892284 0.942782 0.857668 0.986538 0.850626 0.764426 0.886482 0.970017 0.925987 0.892175 0.977727 0.918708 0.970495 0.903237 0.852044 0.943761 0.958337 0.908923 0.930157 0.866163
0.802653 0.921835 0.338458 0.343544 0.853257 0.857648 0.000000 0.507005 0.644647 0.603864 0.697176 0.934085 0.659242 0.808572 0.614648 0.649640 0.751654 0.797206 0.480442 0.782202 0.840669 0.830399 0.370492 0.478417 0.515067 0.586918 0.981327 0.986687 0.819053 0.744819 0.431794 0.563251 0.522791 0.513510 0.687178 0.994544 0.737784 0.925668 0.681269 0.975525 0.864516 0.954145 0.537632 0.649069 0.807717 0.898949 0.603005 0.652960 0.730328 0.941240 0.958884 0.937365 0.823061 0.810843 0.882788 0.845569 0.825725 0.929093 0.675282 0.905238 0.644873 0.924468 0.532419 0.877738 0.559823 0.687304 0.457034 0.645445 0.843071 0.882140 0.629443 0.701565 0.634116 0.745595 0.749296 0.773200 0.596624 0.753521 0.646041 0.725735 0.736518 0.668307 0.900804 0.891485 0.497817 0.528612 0.906315 0.979342 0.934813 0.992578 0.692052 0.578001 0.703013 0.626119 0.937116 0.832141 0.858446 0.903402 0.810413 0.648298 0.883910 0.619230 0.787484 0.797403 0.739443 0.589594 0.991483 0.835859 0.941679 0.887397 0.815288 0.936616 0.897020 0.951927 0.910075 0.895536
0.681207 0.653505 0.703862 0.443249 0.983390 0.781695 0.507005 0.000000 0.872821 0.520765 0.763700 0.550353 0.711490 0.626104 0.928832 0.517974 0.705884 0.769395 0.562814 0.664591 0.965534 0.878843 0.669352 0.649263 0.841196 0.810917 0.933228 0.890550 0.772921 0.642606 0.610340 0.696505 0.641587 0.590109 0.825998 0.988321 0.674882 0.820391 0.799402 0.930788 0.852150 0.770535 0.684387 0.639248 0.935769 0.840211 0.808412 0.745759 0.873623 0.913762 0.935726 0.939950 0.874183 0.881194 0.897291 0.942906 0.665652 0.681290 0.646609 0.853693 0.637750 0.666814 0.511048 0.545772 0.974188 0.791601 0.698012 0.731240 0.702547 0.690416 0.542860 0.671993 0.556252 0.640094 0.758521 0.926626 0.646300 0.848174 0.708362 0.786692 0.648327 0.632399 0.893728 0.665073 0.965848 0.812591 0.957195 0.939385 0.910563 0.973084 0.574199 0.531801 0.661693 0.691114 0.892556 0.824684 0.705260 0.859130 0.734584 0.706692 0.719613 0.542465 0.690443 0.541306 0.827482 0.707033 0.967283 0.832141 0.830523 0.806084 0.784019 0.924903 0.805175 0.836629 0.984782 0.956325
0.966669 0.864278 0.583665 0.681729 0.801378 0.866658 0.644647 0.872821 0.000000 0.778079 0.898102 0.871468 0.779076 0.855302 0.802895 0.890937 0.991840 0.894705 0.930141 0.948618 0.917818 0.780459 0.794028 0.923046 0.764756 0.682544 0.998054 0.792098 0.964284 0.883010 0.787655 0.987091 0.929290 0.929935 0.733388 0.901816 0.863103 0.991433 0.790189 0.780664 0.858706 0.985334 0.822324 0.873336 0.798461 0.911449 0.630106 0.846265 0.999307 0.869999 0.828806 0.834711 0.685643 0.828117 0.845988 0.935597 0.881885 0.864978 0.585136 0.768972 0.654918 0.955409 0.941765 0.939098 0.622863 0.733318 0.678930 0.795600 0.870695 0.987976 0.880597 0.887872 0.983291 0.938825 0.880682 0.894522 0.804792 0.975469 0.946355 0.976519 0.981506 0.942809 0.836602 0.945531 0.789610 0.926335 0.850577 0.853117 0.703982 0.843104 0.743042 0.792777 0.724185 0.747723 0.917952 0.907295 0.934056 0.922917 0.939968 0.900441 0.921032 0.951495 0.912082 0.975501 0.825106 0.754214 0.869455 0.858982 0.949374 0.981378 0.866272 0.899476 0.816808 0.970179 0.865444 0.807068
0.689734 0.691657 0.818786 0.593333 0.950508 0.896127 0.603864 0.520765 0.778079 0.000000 0.755255 0.770972 0.902073 0.757751 0.944100 0.662323 0.645505 0.680079 0.546800 0.594377 0.974139 0.986345 0.732208 0.745915 0.922379 0.933863 0.944554 0.929912 0.745498 0.680677 0.634942 0.710596 0.723254 0.615254 0.832778 0.949633 0.612050 0.848277 0.949915 0.982477 0.911777 0.798895 0.568640 0.628784 0.865151 0.828984 0.757467 0.742533 0.951933 0.999394 0.903205 0.930238 0.954274 0.999189 0.979357 0.835714 0.653841 0.729804 0.780207 0.976617 0.871770 0.933729 0.610840 0.660772 0.943844 0.993775 0.815874 0.926080 0.784503 0.862215 0.498380 0.618267 0.639145 0.636828 0.859927 0.814530 0.672492 0.859726 0.754526 0.830644 0.604589 0.671471 0.926336 0.742118 0.968917 0.878218 0.898180 0.998525 0.758172 0.911208 0.546888 0.562720 0.669067 0.822964 0.905367 0.907325 0.837078 0.917694 0.667642 0.649320 0.876969 0.761768 0.604708 0.626108 0.915649 0.869035 0.978366 0.797817 0.897235 0.969945 0.860686 0.789034 0.844725 0.903660 0.979257 0.979673
0.551373 0.566181 0.844350 0.827266 0.769526 0.841636 0.697176 0.763700 0.898102 0.755255 0.000000 0.624016 0.705970 0.716892 0.742172 0.782772 0.544051 0.526359 0.537879 0.539613 0.856836 0.856393 0.857803 0.853289 0.914827 0.974805 0.897863 0.857586 0.598472 0.592648 0.777534 0.757771 0.569794 0.522571 0.988405 0.971406 0.934805 0.981334 0.919513 0.939130 0.943209 0.930316 0.780994 0.686771 0.772264 0.861907 0.803259 0.796264 0.934694 0.984609 0.852785 0.874874 0.825564 0.763130 0.982656 0.897822 0.550815 0.571569 0.771245 0.877271 0.777955 0.930564 0.530316 0.646139 0.990564 0.981185 0.736356 0.713050 0.604676 0.698680 0.670857 0.766874 0.746401 0.782343 0.961480 0.793764 0.761660 0.717610 0.676308 0.544464 0.512628 0.461683 0.909732 0.814301 0.851251 0.887306 0.772525 0.916563 0.905812 0.767176 0.827430 0.780647 0.860961 0.831338 0.822893 0.836167 0.829639 0.942538 0.599278 0.702134 0.964673 0.873151 0.731252 0.774284 0.799583 0.893918 0.909585 0.904088 0.966117 0.845877 0.844712 0.903930 0.895562 0.884869 0.930148 0.840227
0.522436 0.447188 0.861306 0.838051 0.917077 0.827009 0.934085 0.550353 0.871468 0.770972 0.624016 0.000000 0.789691 0.574038 0.971973 0.620120 0.589575 0.586047 0.669258 0.577777 0.988378 0.962750 0.967120 0.949846 0.870939 0.777623 0.950416 0.793332 0.684125 0.572677 0.977751 0.911403 0.688980 0.735395 0.892876 0.984513 0.823814 0.811725 0.936640 0.986504 0.827582 0.752117 0.936469 0.737052 0.979648 0.893724 0.994360 0.838607 0.980478 0.930004 0.972560 0.877386 0.865493 0.846294 0.958150 0.927144 0.493195 0.458599 0.802896 0.752789 0.773285 0.704240 0.518550 0.374960 0.693144 0.974566 0.984257 0.880429 0.584272 0.647992 0.670517 0.756972 0.704583 0.753608 0.919904 0.920165 0.851139 0.876320 0.803073 0.788016 0.530699 0.523041 0.857755 0.554942 0.797774 0.994055 0.887078 0.968499 0.842414 0.870983 0.793535 0.750219 0.877837 0.919302 0.993933 0.841239 0.791367 0.825577 0.685735 0.764418 0.735974 0.835147 0.773683 0.574341 0.881762 0.989047 0.944445 0.965182 0.841284 0.722017 0.783003 0.903023 0.841084 0.889737 0.969865 0.957584
0.928032 0.987899 0.630332 0.699788 0.766037 0.799717 0.659242 0.711490 0.779076 0.902073 0.705970 0.789691 0.000000 0.723746 0.594073 0.602672 0.923423 0.866875 0.839775 0.946030 0.769672 0.904445 0.792526 0.822527 0.789687 0.722492 0.935796 0.982478 0.823250 0.756560 0.794026 0.939650 0.745502 0.766546 0.919913 0.931298 0.884656 0.988830 0.865123 0.862815 0.998221 0.969331 0.789070 0.723182 0.901056 0.941041 0.760662 0.748583 0.799465 0.969656 0.873803 0.931274 0.960405 0.839675 0.913775 0.999989 0.994704 0.987308 0.754622 0.862498 0.614779 0.934256 0.726029 0.848671 0.717804 0.830777 0.790303 0.743169 0.916900 0.990694 0.936904 0.976683 0.906002 0.913720 0.829602 0.885642 0.917597 0.890768 0.859106 0.779991 0.873233 0.771073 0.933546 0.879767 0.802199 0.844358 0.901248 0.954778 0.744726 0.977614 0.944945 0.935225 0.886523 0.900054 0.974096 0.900597 0.963394 0.992904 0.979029 0.989701 0.998949 0.853321 0.908187 0.902986 0.809042 0.753528 0.978066 0.923272 0.850435 0.783905 0.925402 0.921789 0.997341 0.938507 0.928152 0.851658
0.782483 0.723867 0.999690 0.826973 0.940612 0.973025 0.808572 0.626104 0.855302 0.757751 0.716892 0.574038 0.723746 0.000000 0.738427 0.560948 0.627121 0.597988 0.621765 0.653206 0.994912 0.972677 0.832655 0.761048 0.990304 0.887552 0.996910 0.738902 0.636598 0.520992 0.816018 0.713597 0.778063 0.783885 0.788498 0.985203 0.982612 0.919674 0.993909 0.996087 0.941169 0.876250 0.684527 0.693507 0.996749 0.931113 0.880288 0.757281 0.946654 0.831265 0.902424 0.812300 0.941807 0.942364 0.991685 0.949034 0.662142 0.700389 0.994375 0.907478 0.932755 0.938322 0.573534 0.633655 0.844380 0.807932 0.962907 0.964400 0.810591 0.912077 0.832782 0.868970 0.718415 0.738656 0.924509 0.909716 0.904642 0.862292 0.719753 0.673192 0.643483 0.551294 0.674080 0.678372 0.957975 0.898439 0.967156 0.671933 0.883268 0.807163 0.969809 0.916558 0.908015 0.928916 0.945671 0.786158 0.942806 0.915123 0.832600 0.762752 0.839265 0.796760 0.741124 0.634609 0.958217 0.889941 0.975685 0.963610 0.856190 0.733230 0.911625 0.910134 0.872270 0.841235 0.997208 0.894864
0.925010 0.943614 0.599664 0.716416 0.791330 0.976471 0.614648 0.928832 0.802895 0.944100 0.742172 0.971973 0.594073 0.738427 0.000000 0.670244 0.809611 0.773642 0.694802 0.863478 0.726721 0.785011 0.609434 0.700213 0.647389 0.739457 0.803020 0.976389 0.674917 0.679645 0.713163 0.756870 0.725657 0.758998 0.977776 0.902164 0.933317 0.995283 0.777870 0.782819 0.936894 0.918185 0.540417 0.603521 0.795139 0.830893 0.615549 0.507427 0.963704 0.890499 0.958953 0.984878 0.870214 0.982691 0.962602 0.959926 0.931839 0.968979 0.878883 0.864317 0.844193 0.744160 0.716360 0.989734 0.607482 0.854058 0.767207 0.829544 0.923631 0.961320 0.991505 0.974413 0.880649 0.942246 0.911257 0.833518 0.876586 0.802688 0.675517 0.712256 0.808962 0.760474 0.792614 0.857022 0.577179 0.663620 0.914236 0.927200 0.817183 0.959811 0.947320 0.973997 0.935642 0.977017 0.880923 0.807175 0.926811 0.961643 0.932439 0.797459 0.792609 0.983364 0.918085 0.975060 0.877569 0.809232 0.994849 0.970145 0.898074 0.836432 0.843278 0.967141 0.952158 0.911098 0.867036 0.846799
0.851348 0.824047 0.794333 0.611229 0.940463 0.821041 0.649640 0.517974 0.890937 0.662323 0.782772 0.620120 0.602672 0.560948 0.670244 0.000000 0.709506 0.715151 0.653033 0.696620 0.885716 0.821876 0.641482 0.582905 0.817274 0.839767 0.980673 0.896043 0.694461 0.507924 0.753206 0.695393 0.838609 0.801118 0.929756 0.909821 0.774068 0.884676 0.881499 0.910193 0.921595 0.907264 0.667397 0.645657 0.918815 0.975151 0.814609 0.688285 0.838506 0.878854 0.945248 0.835615 0.943126 0.982230 0.879703 0.862751 0.778574 0.799607 0.926684 0.930328 0.833395 0.943966 0.593088 0.668723 0.982322 0.936012 0.991925 0.992542 0.864788 0.912128 0.687826 0.795346 0.696675 0.789587 0.829177 0.922149 0.866466 0.899335 0.785537 0.760739 0.681763 0.625161 0.811715 0.614723 0.893845 0.778420 0.980291 0.747542 0.983663 0.999101 0.851640 0.869108 0.941014 0.989033 0.999334 0.763885 0.942423 0.899186 0.882641 0.764108 0.915454 0.858789 0.817913 0.634716 0.893892 0.939465 0.940797 0.972181 0.857009 0.773789 0.883924 0.923067 0.873755 0.925025 0.971802 0.915281
0.467048 0.422336 0.967941 0.819921 0.966250 0.988131 0.751654 0.705884 0.991840 0.645505 0.544051 0.589575 0.923423 0.627121 0.809611 0.709506 0.000000 0.313708 0.451472 0.424322 0.879274 0.876204 0.798325 0.795398 0.979098 0.843515 0.888051 0.813573 0.468481 0.448799 0.749172 0.628040 0.527969 0.537834 0.995691 0.925750 0.834156 0.826404 0.969618 0.986012 0.781932 0.821947 0.581202 0.527028 0.781845 0.789718 0.806377 0.751571 0.993949 0.971931 0.915209 0.860207 0.772811 0.785560 0.900256 0.924863 0.314943 0.393830 0.853233 0.980852 0.927396 0.894407 0.455978 0.483379 0.869125 0.926898 0.785319 0.821694 0.603405 0.650340 0.569992 0.617131 0.728507 0.680096 0.856305 0.859428 0.739617 0.721095 0.621739 0.567128 0.332618 0.387989 0.694519 0.666565 0.910309 0.758112 0.952267 0.986143 0.809780 0.877147 0.818297 0.751853 0.901352 0.946063 0.961508 0.777435 0.791001 0.985915 0.614196 0.533930 0.890573 0.941453 0.627648 0.576369 0.847947 0.982195 0.928839 0.944398 0.991981 0.766984 0.665472 0.747982 0.705491 0.905449 0.909560 0.949805
0.511967 0.413508 0.995133 0.885452 0.906905 0.989545 0.797206 0.769395 0.894705 0.680079 0.526359 0.586047 0.866875 0.597988 0.773642 0.715151 0.313708 0.000000 0.481645 0.401944 0.903571 0.942742 0.825834 0.806646 0.971464 0.806651 0.801290 0.794677 0.414310 0.376197 0.805450 0.655859 0.541955 0.533457 0.962557 0.930355 0.859457 0.841274 0.892322 0.993269 0.834560 0.805631 0.600267 0.506595 0.761084 0.746370 0.812059 0.675332 0.981358 0.940067 0.869698 0.876301 0.749453 0.708594 0.871698 0.975244 0.320500 0.376969 0.907766 0.957079 0.943318 0.895485 0.470411 0.496404 0.868996 0.963636 0.811339 0.830182 0.604253 0.639162 0.663795 0.707577 0.739826 0.679075 0.887433 0.853978 0.749202 0.689863 0.608820 0.561430 0.321123 0.340794 0.639530 0.626633 0.895394 0.731993 0.988671 0.917501 0.724920 0.860678 0.946469 0.838136 0.994985 0.976334 0.964866 0.773542 0.844249 0.969481 0.632820 0.550273 0.912220 0.996859 0.640845 0.600915 0.868101 0.982263 0.975453 0.983317 0.973403 0.759452 0.674955 0.686028 0.708254 0.892379 0.940992 0.940856
0.580880 0.588340 0.675378 0.567911 0.877916 0.940930 0.480442 0.562814 0.930141 0.546800 0.537879 0.669258 0.839775 0.621765 0.694802 0.653033 0.451472 0.481645 0.000000 0.442797 0.930808 0.891777 0.506534 0.574471 0.734695 0.962107 0.928806 0.813571 0.573823 0.529452 0.576801 0.486783 0.457830 0.459380 0.904745 0.911548 0.785993 0.898841 0.884367 0.985552 0.852499 0.879278 0.553027 0.587083 0.843444 0.898252 0.754460 0.681387 0.799738 0.881256 0.788577 0.744651 0.832881 0.936910 0.989920 0.911364 0.495593 0.608301 0.870788 0.826258 0.898342 0.822188 0.419002 0.653952 0.893719 0.958202 0.630998 0.761373 0.692436 0.778196 0.467098 0.602851 0.593723 0.619609 0.820044 0.790184 0.622874 0.681937 0.596849 0.607919 0.470839 0.440923 0.727074 0.698902 0.676426 0.607882 0.883888 0.899357 0.773577 0.800871 0.726248 0.621155 0.804689 0.799178 0.906778 0.785734 0.804816 0.964851 0.649087 0.513674 0.990275 0.723562 0.671460 0.672458 0.855859 0.818731 0.966331 0.984464 0.973558 0.865639 0.801889 0.798854 0.811162 0.966612 0.919977 0.931099
0.530965 0.439989 0.986814 0.802483 0.983630 0.960754 0.782202 0.664591 0.948618 0.594377 0.539613 0.577777 0.946030 0.653206 0.863478 0.696620 0.424322 0.401944 0.442797 0.000000 0.985817 0.984447 0.826958 0.795912 0.964302 0.804777 0.888696 0.707754 0.531113 0.501572 0.832621 0.659442 0.615389 0.591233 0.916854 0.867066 0.768068 0.821109 0.919551 0.945357 0.840853 0.849941 0.693094 0.603312 0.925273 0.925728 0.889266 0.767118 0.907548 0.902175 0.780125 0.720265 0.726860 0.789438 0.842735 0.936829 0.411905 0.442881 0.945829 0.917535 0.990347 0.945434 0.500297 0.528196 0.818635 0.917407 0.858385 0.889307 0.594829 0.637950 0.500750 0.687098 0.647718 0.628442 0.931436 0.880083 0.686458 0.739818 0.647988 0.656807 0.384871 0.427958 0.766815 0.599381 0.988215 0.871731 0.953631 0.995429 0.651340 0.782816 0.791230 0.706855 0.904851 0.927427 0.928723 0.854819 0.871976 0.974411 0.624564 0.581697 0.930678 0.913073 0.660078 0.575781 0.928919 0.995091 0.955345 0.990827 0.947958 0.899785 0.742636 0.771644 0.852277 0.835332 0.992392 0.916947
0.904757 0.942848 0.835967 0.874801 0.911201 0.892568 0.840669 0.965534 0.917818 0.974139 0.856836 0.988378 0.769672 0.994912 0.726721 0.885716 0.879274 0.903571 0.930808 0.985817 0.000000 0.880165 0.881863 0.899518 0.790205 0.814839 0.772014 0.966974 0.992469 0.882052 0.938082 0.889874 0.861958 0.840926 0.931383 0.977001 0.987379 0.956246 0.910404 0.956923 0.956565 0.976362 0.877130 0.780365 0.878064 0.923607 0.835272 0.769914 0.968508 0.850707 0.899435 0.900746 0.953435 0.962126 0.853259 0.788404 0.905546 0.984125 0.865205 0.978413 0.751513 0.999048 0.839517 0.979164 0.775215 0.797306 0.824466 0.830056 0.979276 0.986761 0.949643 0.993273 0.852863 0.904148 0.907060 0.952211 0.957337 0.877156 0.987734 0.921088 0.917586 0.942071 0.998182 0.998014 0.817551 0.788737 0.921315 0.917062 0.891089 0.967760 0.958583 0.961173 0.933485 0.914503 0.889705 0.767946 0.876454 0.980078 0.923526 0.938214 0.968410 0.920609 0.853708 0.974484 0.918604 0.804645 0.969992 0.886668 0.914501 0.955874 0.722164 0.928479 0.977597 0.935858 0.826221 0.930589
0.856225 0.948786 0.789164 0.922816 0.876226 0.822027 0.830399 0.878843 0.780459 0.986345 0.856393 0.962750 0.904445 0.972677 0.785011 0.821876 0.876204 0.942742 0.891777 0.984447 0.880165 0.000000 0.856064 0.968123 0.766620 0.706383 0.894850 0.817223 0.827500 0.879844 0.852348 0.973261 0.932511 0.859110 0.892721 0.962097 0.985359 0.966241 0.829524 0.827758 0.859193 0.920903 0.764830 0.727790 0.753017 0.796191 0.772176 0.777476 0.855211 0.800610 0.851757 0.798526 0.840233 0.971520 0.862256 0.781366 0.907516 0.939571 0.730456 0.877555 0.831653 0.973160 0.900902 0.978917 0.829310 0.811298 0.832207 0.839765 0.816394 0.859068 0.928060 0.990364 0.948339 0.914663 0.801437 0.961245 0.897793 0.942327 0.815785 0.914223 0.918698 0.974824 0.850981 0.973545 0.916441 0.951697 0.988752 0.923767 0.867923 0.888950 0.911166 0.969238 0.901545 0.958923 0.849707 0.750994 0.899959 0.984835 0.782372 0.821880 0.976220 0.992156 0.854622 0.891777 0.815119 0.858100 0.892050 0.997828 0.917938 0.921447 0.760699 0.954333 0.841823 0.974865 0.813639 0.760457
0.978978 0.962629 0.420838 0.433600 0.869176 0.983091 0.370492 0.669352 0.794028 0.732208 0.857803 0.967120 0.792526 0.832655 0.609434 0.641482 0.798325 0.825834 0.506534 0.826958 0.881863 0.856064 0.000000 0.358143 0.500562 0.661874 0.888500 0.964011 0.838509 0.717431 0.479298 0.502672 0.657193 0.678412 0.874577 0.923558 0.820521 0.943719 0.668584 0.999942 0.925793 0.957227 0.539296 0.701061 0.898722 0.980441 0.729577 0.678491 0.702745 0.909834 0.859547 0.869115 0.889794 0.787582 0.988716 0.760739 0.907704 0.960735 0.961780 0.686022 0.862339 0.789430 0.678078 0.965738 0.518207 0.700154 0.622954 0.806571 0.975244 0.976852 0.638822 0.774939 0.769870 0.775505 0.744329 0.852903 0.660875 0.784177 0.759696 0.789388 0.846934 0.761065 0.799345 0.901973 0.469777 0.416480 0.763834 0.823496 0.936946 0.956987 0.908583 0.756985 0.914518 0.789088 0.893910 0.764274 0.994623 0.907509 0.991234 0.692066 0.829522 0.752198 0.970395 0.906070 0.864658 0.723588 0.978380 0.944189 0.992852 0.890219 0.917619 0.996017 0.885522 0.987821 0.912770 0.894957
0.966732 0.980667 0.629796 0.490081 0.991072 0.994678 0.478417 0.649263 0.923046 0.745915 0.853289 0.949846 0.822527 0.761048 0.700213 0.582905 0.795398 0.806646 0.574471 0.795912 0.899518 0.968123 0.358143 0.000000 0.624204 0.793904 0.999249 0.901298 0.812789 0.679004 0.618747 0.489090 0.766387 0.798672 0.961911 0.990940 0.857322 0.937207 0.719485 0.923063 0.944034 0.959626 0.619217 0.785132 0.950298 0.948738 0.792552 0.750315 0.705680 0.853289 0.853581 0.808715 0.890876 0.776699 0.911589 0.736021 0.871556 0.973530 0.929344 0.621941 0.984718 0.852091 0.688196 0.953935 0.748811 0.850506 0.809755 0.981405 0.921660 0.979395 0.708384 0.720526 0.700675 0.646046 0.856598 0.890717 0.754525 0.843217 0.814174 0.756805 0.793609 0.703613 0.865033 0.863190 0.570798 0.496712 0.839423 0.798345 0.971014 0.953414 0.904330 0.787699 0.993714 0.904021 0.772136 0.804735 0.998372 0.919827 0.988486 0.719355 0.997822 0.733877 0.904143 0.831840 0.903677 0.862388 0.960934 0.913269 0.914664 0.906036 0.957475 0.952172 0.907832 0.940323 0.921634 0.925979
0.991845 0.940751 0.411240 0.578784 0.790366 0.858271 0.515067 0.841196 0.764756 0.922379 0.914827 0.870939 0.789687 0.990304 0.647389 0.817274 0.979098 0.971464 0.734695 0.964302 0.790205 0.766620 0.500562 0.624204 0.000000 0.500610 0.772616 0.830653 0.950642 0.833130 0.527383 0.703266 0.671944 0.681388 0.726494 0.945771 0.863961 0.866605 0.670507 0.873164 0.857532 0.985862 0.647723 0.739309 0.758173 0.816108 0.687873 0.680077 0.892832 0.850108 0.939756 0.820215 0.784985 0.857292 0.860637 0.951738 0.946064 0.885137 0.800544 0.885705 0.709188 0.883513 0.856224 0.869383 0.443268 0.603726 0.612986 0.671979 0.921136 0.996944 0.925382 0.953898 0.925532 0.975031 0.791601 0.912647 0.708538 0.820846 0.855285 0.967694 0.990065 0.931570 0.905859 0.959618 0.503813 0.515730 0.773930 0.943541 0.784456 0.948020 0.964545 0.974898 0.992208 0.893144 0.857914 0.846089 0.916846 0.981839 0.979531 0.880423 0.859394 0.966373 0.993253 0.867167 0.803914 0.633206 0.861475 0.988093 0.994615 0.978813 0.870399 0.887229 0.951292 0.879552 0.919499 0.853585
0.906840 0.776301 0.444648 0.619856 0.825340 0.847891 0.586918 0.810917 0.682544 0.933863 0.974805 0.777623 0.722492 0.887552 0.739457 0.839767 0.843515 0.806651 0.962107 0.804777 0.814839 0.706383 0.661874 0.793904 0.500610 0.000000 0.829345 0.728749 0.865446 0.937305 0.637215 0.841802 0.847926 0.820442 0.657196 0.872415 0.788414 0.979081 0.687057 0.876353 0.924766 0.861900 0.778438 0.810535 0.813240 0.879456 0.706780 0.777082 0.913903 0.910377 0.881525 0.807596 0.779553 0.877498 0.897555 0.984214 0.797734 0.746994 0.735738 0.970787 0.645224 0.965520 0.997681 0.818924 0.484252 0.607545 0.658720 0.682967 0.923962 0.964009 0.944300 0.983139 0.941556 0.798002 0.822039 0.920834 0.881176 0.977854 0.977031 0.930529 0.840463 0.875113 0.996050 0.893449 0.668946 0.729026 0.896160 0.994297 0.718508 0.856036 0.957100 0.981083 0.897857 0.850439 0.997125 0.976186 0.915991 0.987089 0.905971 0.984631 0.873963 0.937259 0.977024 0.873671 0.859310 0.641694 0.928144 0.891510 0.906917 0.982159 0.934635 0.845179 0.936539 0.975421 0.913772 0.783478
0.991183 0.918345 0.869428 0.940632 0.809066 0.932290 0.981327 0.933228 0.998054 0.944554 0.897863 0.950416 0.935796 0.996910 0.803020 0.980673 0.888051 0.801290 0.928806 0.888696 0.772014 0.894850 0.888500 0.999249 0.772616 0.829345 0.000000 0.993647 0.870049 0.796802 0.834259 0.988092 0.902494 0.826018 0.930273 0.837301 0.889082 0.878962 0.889117 0.925802 0.969347 0.950164 0.904890 0.753387 0.801103 0.878906 0.978548 0.823908 0.955428 0.772749 0.966392 0.874545 0.926576 0.972860 0.953031 0.921698 0.881318 0.922765 0.980132 0.981762 0.919918 0.951141 0.984351 0.970709 0.763606 0.757814 0.838773 0.862608 0.950994 0.811495 0.980641 0.970103 0.987711 0.917365 0.856519 0.969158 0.942133 0.980256 0.891373 0.966336 0.910498 0.931165 0.807142 0.940137 0.953542 0.754983 0.935203 0.909910 0.901275 0.974758 0.829314 0.873249 0.798835 0.975515 0.974102 0.900995 0.857810 0.982393 0.864110 0.961180 0.981300 0.859753 0.997027 0.876205 0.954078 0.907739 0.898676 0.973807 0.903967 0.912000 0.917492 0.914823 0.899014 0.961322 0.829818 0.904133
0.873868 0.806425 0.854297 0.995981 0.995426 0.882076 0.986687 0.890550 0.792098 0.929912 0.857586 0.793332 0.982478 0.738902 0.976389 0.896043 0.813573 0.794677 0.813571 0.707754 0.966974 0.817223 0.964011 0.901298 0.830653 0.728749 0.993647 0.000000 0.822643 0.790349 0.919026 0.956334 0.968747 0.922258 0.818362 0.951521 0.901199 0.981756 0.968142 0.926310 0.907676 0.874061 0.986024 0.924294 0.999352 0.958698 0.895625 0.969702 0.946495 0.882488 0.849822 0.769426 0.857018 0.972680 0.919087 0.953030 0.804000 0.802261 0.816690 0.879809 0.850731 0.977701 0.933914 0.954129 0.855059 0.953333 0.902246 0.930381 0.805712 0.949484 0.857688 0.971654 0.757933 0.766842 0.944764 0.975016 0.999904 0.913958 0.943559 0.741489 0.798830 0.748603 0.830199 0.817501 0.948915 0.919635 0.937600 0.789465 0.872731 0.642838 0.985268 0.926718 0.922354 0.968076 0.897681 0.979664 0.971998 0.938155 0.871598 0.794685 0.873777 0.896671 0.972808 0.885740 0.975469 0.863819 0.993204 0.916594 0.964884 0.923022 0.979787 0.896369 0.922628 0.925550 0.966873 0.871101
0.653102 0.620376 0.961906 0.919294 0.888908 0.941843 0.819053 0.772921 0.964284 0.745498 0.598472 0.684125 0.823250 0.636598 0.674917 0.694461 0.468481 0.414310 0.573823 0.531113 0.992469 0.827500 0.838509 0.812789 0.950642 0.865446 0.870049 0.822643 0.000000 0.429921 0.789331 0.714365 0.649666 0.602913 0.992214 0.990869 0.911770 0.971304 0.969086 0.960586 0.855988 0.869486 0.556126 0.518516 0.706773 0.665776 0.760873 0.634247 0.906197 0.820796 0.959664 0.997011 0.953669 0.800422 0.982933 0.962481 0.520871 0.539579 0.909608 0.982442 0.945424 0.947405 0.621476 0.643354 0.932191 0.991077 0.823779 0.832537 0.661908 0.678474 0.849552 0.913545 0.779987 0.724059 0.862550 0.772470 0.840050 0.675404 0.629505 0.607784 0.438051 0.465808 0.596635 0.643182 0.872110 0.793117 0.928950 0.830865 0.852118 0.895560 0.958575 0.910468 0.981261 0.871301 0.958908 0.768551 0.847540 0.940238 0.673389 0.650345 0.866376 0.865973 0.778199 0.728869 0.906857 0.992850 0.962249 0.948904 0.935650 0.763591 0.708326 0.807888 0.734367 0.948894 0.942093 0.927462
0.702638 0.554667 0.906144 0.766302 0.968215 0.960800 0.744819 0.642606 0.883010 0.680677 0.592648 0.572677 0.756560 0.520992 0.679645 0.507924 0.448799 0.376197 0.529452 0.501572 0.882052 0.879844 0.717431 0.679004 0.833130 0.937305 0.796802 0.790349 0.429921 0.000000 0.715047 0.634122 0.634708 0.568545 0.921196 0.981548 0.868339 0.806847 0.966170 0.983905 0.908324 0.811700 0.544693 0.449572 0.851887 0.749765 0.790130 0.593381 0.965554 0.926760 0.876131 0.907789 0.897491 0.854476 0.865192 0.945294 0.471913 0.522714 0.947840 0.934226 0.898072 0.986213 0.553695 0.548714 0.975842 0.935428 0.892625 0.866625 0.735604 0.752195 0.679384 0.792753 0.731668 0.683175 0.835163 0.900935 0.811343 0.716215 0.629550 0.604168 0.441890 0.424128 0.580328 0.637562 0.911918 0.757223 0.992477 0.792983 0.884898 0.858173 0.995281 0.929583 0.871300 0.939731 0.961714 0.768000 0.950265 0.900268 0.810089 0.680065 0.929879 0.940921 0.750225 0.620150 0.892047 0.958127 0.949154 0.906333 0.888800 0.753423 0.772806 0.874106 0.719093 0.869529 0.975382 0.861489
0.841873 0.877057 0.478542 0.485747 0.876627 0.885992 0.431794 0.610340 0.787655 0.634942 0.777534 0.977751 0.794026 0.816018 0.713163 0.753206 0.749172 0.805450 0.576801 0.832621 0.938082 0.852348 0.479298 0.618747 0.527383 0.637215 0.834259 0.919026 0.789331 0.715047 0.000000 0.615978 0.578397 0.522258 0.677389 0.973045 0.786057 0.892519 0.645941 0.927609 0.851092 0.904790 0.571540 0.638783 0.764912 0.809384 0.696578 0.729383 0.873823 0.962544 0.989485 0.957200 0.868543 0.931829 0.853283 0.908572 0.854537 0.923154 0.744508 0.936864 0.721319 0.906132 0.681177 0.887892 0.621466 0.758141 0.591290 0.688094 0.923571 0.934300 0.665692 0.780021 0.855078 0.883673 0.804500 0.829223 0.658884 0.758995 0.736163 0.777891 0.790998 0.745846 0.846025 0.978654 0.661976 0.622953 0.947842 0.990268 0.922473 0.977078 0.843940 0.781117 0.867238 0.744696 0.942462 0.969489 0.872512 0.966322 0.903541 0.816461 0.997626 0.684666 0.892173 0.924529 0.899793 0.749127 0.978064 0.893184 0.986138 0.969077 0.950311 0.904345 0.867952 0.999706 0.941047 0.830739
0.845319 0.831577 0.696119 0.648056 0.893517 0.989248 0.563251 0.696505 0.987091 0.710596 0.757771 0.911403 0.939650 0.713597 0.756870 0.695393 0.628040 0.655859 0.486783 0.659442 0.889874 0.973261 0.502672 0.489090 0.703266 0.841802 0.988092 0.956334 0.714365 0.634122 0.615978 0.000000 0.633227 0.641811 0.980452 0.898148 0.881440 0.957891 0.906065 0.916328 0.915695 0.974128 0.586007 0.731616 0.963586 0.950609 0.810081 0.787631 0.786175 0.822313 0.824851 0.780478 0.932288 0.991822 0.941660 0.815333 0.685971 0.800002 0.944212 0.675652 0.954576 0.704312 0.590865 0.833386 0.868988 0.978903 0.786564 0.898594 0.966402 0.956243 0.662214 0.713946 0.797689 0.754600 0.896014 0.879671 0.740232 0.735606 0.682011 0.711263 0.668441 0.616857 0.769266 0.883276 0.671957 0.633572 0.872007 0.846115 0.774045 0.949888 0.907541 0.782124 0.939973 0.907275 0.885614 0.791857 0.909926 0.961889 0.886367 0.640441 0.998258 0.812428 0.845449 0.772810 0.998484 0.946453 0.915445 0.979031 0.997190 0.940589 0.834569 0.920906 0.890533 0.992585 0.953900 0.892000
0.495410 0.547004 0.628530 0.624973 0.756628 0.895861 0.522791 0.641587 0.929290 0.723254 0.569794 0.688980 0.745502 0.778063 0.725657 0.838609 0.527969 0.541955 0.457830 0.615389 0.861958 0.932511 0.657193 0.766387 0.671944 0.847926 0.902494 0.968747 0.649666 0.634708 0.578397 0.633227 0.000000 0.383201 0.714380 0.833302 0.761400 0.783471 0.879243 0.980687 0.741708 0.844849 0.604025 0.565793 0.633306 0.703470 0.743035 0.658605 0.934318 0.867263 0.938642 0.988578 0.974656 0.863825 0.858748 0.953934 0.528361 0.587481 0.628710 0.877489 0.610290 0.997329 0.467722 0.616665 0.790840 0.782819 0.470779 0.485604 0.690447 0.707144 0.661244 0.733938 0.777666 0.868832 0.827017 0.896837 0.621952 0.605080 0.648383 0.705819 0.556699 0.516814 0.808096 0.784912 0.673808 0.570652 0.978782 0.943278 0.916371 0.926504 0.835237 0.712605 0.793391 0.801791 0.973538 0.801816 0.855559 0.980011 0.679290 0.708636 0.976223 0.812146 0.763564 0.767330 0.736350 0.752298 0.972863 0.965337 0.980343 0.836533 0.704733 0.848026 0.831652 0.971369 0.893674 0.978563
0.568446 0.550138 0.630698 0.617288 0.772404 0.863234 0.513510 0.590109 0.929935 0.615254 0.522571 0.735395 0.766546 0.783885 0.758998 0.801118 0.537834 0.533457 0.459380 0.591233 0.840926 0.859110 0.678412 0.798672 0.681388 0.820442 0.826018 0.922258 0.602913 0.568545 0.522258 0.641811 0.383201 0.000000 0.672897 0.831516 0.734380 0.863645 0.841808 0.965992 0.797993 0.876303 0.556797 0.471215 0.563648 0.631194 0.688777 0.602430 0.988679 0.816608 0.986932 0.958741 0.942917 0.884929 0.868804 0.927285 0.532649 0.606643 0.636640 0.895686 0.657416 0.989275 0.509167 0.670969 0.798839 0.768643 0.466355 0.477588 0.655431 0.653704 0.611029 0.775241 0.686183 0.795574 0.826290 0.777563 0.624026 0.618762 0.607744 0.682765 0.534908 0.545896 0.779361 0.789447 0.726211 0.649240 0.980763 0.927673 0.886811 0.928248 0.747944 0.689351 0.803104 0.738875 0.970863 0.815432 0.820475 0.909096 0.616675 0.679591 0.984748 0.728939 0.749353 0.744790 0.737169 0.708451 0.966086 0.935827 0.945054 0.807895 0.670597 0.736341 0.661355 0.925691 0.886459 0.857509
0.895426 0.964730 0.621848 0.726483 0.810283 0.764455 0.687178 0.825998 0.733388 0.832778 0.988405 0.892876 0.919913 0.788498 0.977776 0.929756 0.995691 0.962557 0.904745 0.916854 0.931383 0.892721 0.874577 0.961911 0.726494 0.657196 0.930273 0.818362 0.992214 0.921196 0.677389 0.980452 0.714380 0.672897 0.000000 0.926638 0.756454 0.917720 0.774642 0.917963 0.838869 0.993906 0.888611 0.864876 0.655910 0.760380 0.816837 0.851732 0.994066 0.730736 0.828234 0.749864 0.773455 0.887331 0.660757 0.930651 0.992569 0.965666 0.545656 0.734632 0.534587 0.803342 0.906001 0.952823 0.645683 0.587290 0.500117 0.513255 0.878825 0.846716 0.956383 0.943197 0.930404 0.950005 0.845021 0.900207 0.838198 0.902750 0.959903 0.947690 0.996203 0.993535 0.987174 0.993551 0.780590 0.752459 0.946592 0.851777 0.883219 0.723099 0.836944 0.796015 0.723024 0.736325 0.810628 0.891946 0.759056 0.935938 0.900669 0.935718 0.927614 0.804132 0.898465 0.872575 0.755285 0.683971 0.935571 0.882501 0.965336 0.990443 0.859037 0.822005 0.941612 0.931374 0.897163 0.957018
0.947177 0.889258 0.951381 0.977983 0.882342 0.869190 0.994544 0.988321 0.901816 0.949633 0.971406 0.984513 0.931298 0.985203 0.902164 0.909821 0.925750 0.930355 0.911548 0.867066 0.977001 0.962097 0.923558 0.990940 0.945771 0.872415 0.837301 0.951521 0.990869 0.981548 0.973045 0.898148 0.833302 0.831516 0.926638 0.000000 0.834938 0.900981 0.980386 0.816340 0.934347 0.936818 0.997827 0.954054 0.906016 0.980020 0.831270 0.970138 0.893032 0.943990 0.910516 0.963197 0.882851 0.971839 0.968756 0.982409 0.871546 0.902975 0.995113 0.945707 0.928639 0.930196 0.991189 0.968028 0.937501 0.876152 0.846086 0.804533 0.974918 0.863774 0.816183 0.948067 0.961560 0.944534 0.884953 0.923525 0.936857 0.962917 0.818530 0.933025 0.935017 0.979308 0.784373 0.985833 0.988682 0.920284 0.874904 0.962302 0.987252 0.857047 0.902082 0.880110 0.920820 0.985854 0.984065 0.879966 0.946238 0.968797 0.972896 0.985146 0.900240 0.952937 0.868975 0.992348 0.905232 0.990814 0.988042 0.942039 0.950471 0.969883 0.919542 0.913395 0.945709 0.931758 0.953705 0.955955
0.743069 0.781354 0.819514 0.626545 0.921913 0.831983 0.737784 0.674882 0.863103 0.612050 0.934805 0.823814 0.884656 0.982612 0.933317 0.774068 0.834156 0.859457 0.785993 0.768068 0.987379 0.985359 0.820521 0.857322 0.863961 0.788414 0.889082 0.901199 0.911770 0.868339 0.786057 0.881440 0.761400 0.734380 0.756454 0.834938 0.000000 0.677960 0.913780 0.964509 0.759581 0.949023 0.780761 0.784284 0.936410 0.941716 0.994137 0.872919 0.946267 0.956268 0.824091 0.966153 0.922273 0.946090 0.984678 0.921401 0.761955 0.797510 0.764038 0.904993 0.715181 0.784358 0.767797 0.727733 0.901304 0.778609 0.829511 0.837243 0.761053 0.837524 0.632227 0.697523 0.755237 0.812000 0.754267 0.927001 0.803209 0.849406 0.790772 0.960737 0.761220 0.827810 0.906727 0.784109 0.970608 0.787715 0.970592 0.919125 0.977944 0.991145 0.810761 0.758650 0.760143 0.887430 0.923793 0.999904 0.824892 0.862440 0.770821 0.809007 0.971936 0.847256 0.872606 0.830066 0.745068 0.822017 0.991751 0.840294 0.846371 0.947194 0.825715 0.795257 0.930096 0.961828 0.932672 0.984338
0.712230 0.666693 0.936569 0.759445 0.918625 0.827293 0.925668 0.820391 0.991433 0.848277 0.981334 0.811725 0.988830 0.919674 0.995283 0.884676 0.826404 0.841274 0.898841 0.821109 0.956246 0.966241 0.943719 0.937207 0.866605 0.979081 0.878962 0.981756 0.971304 0.806847 0.892519 0.957891 0.783471 0.863645 0.917720 0.900981 0.677960 0.000000 0.941281 0.861693 0.775067 0.962213 0.833846 0.787084 0.900695 0.879326 0.925962 0.909688 0.843678 0.774578 0.766332 0.790587 0.851279 0.889618 0.903884 0.924295 0.756566 0.724965 0.770454 0.825406 0.793569 0.718149 0.827894 0.698944 0.937093 0.814037 0.919671 0.884862 0.790105 0.794095 0.741565 0.692222 0.866781 0.805219 0.785385 0.916891 0.772253 0.867717 0.926508 0.971663 0.889294 0.902864 0.953452 0.835967 0.987838 0.859896 0.977077 0.947930 0.951122 0.798499 0.949515 0.957097 0.894310 0.960556 0.961711 0.945025 0.983233 0.935816 0.875135 0.953836 0.941373 0.844863 0.907849 0.768895 0.812260 0.788240 0.907575 0.881504 0.836347 0.846381 0.910025 0.966229 0.849658 0.846747 0.862135 0.801297
