0.000000 0.432663 0.808270 0.692731 0.850245 0.781781 0.715305 0.784458 0.871365 0.998001 0.742231 0.714829 0.612212 0.592962 0.704820 0.742865 0.549479 0.561855 0.526062 0.584061 0.813904 0.979801 0.714604 0.632004 0.786895 0.916103 0.913424 0.982260 0.766231 0.696880 0.789630 0.694364 0.576246 0.699032 0.976629 0.911866 0.889569 0.869429 0.850223 0.910756 0.781260 0.929852 0.762569 0.711628 0.826788 0.783206 0.555048 0.552797 0.838479 0.636126 0.761169 0.699285 0.969496 0.944589 0.695674 0.634133 0.425782 0.421221 0.461151 0.411651 0.586554 0.793615 0.667005 0.677068 0.854351 0.725990 0.821200 0.883272 0.693901 0.691768 0.920294 0.880262 0.760019 0.799713 0.900734 0.932596 0.779847 0.813353 0.687827 0.636494 0.516364 0.532578 0.674175 0.634144 0.653855 0.613453 0.977879 0.864707 0.738807 0.570575 0.965645 0.892481 0.941836 0.919647 0.986038 0.780174 0.732351 0.951943 0.702059 0.729137 0.933699 0.770225 0.873032 0.793936 0.730736 0.734431 0.885403 0.830761 0.934086 0.812011 0.885601 0.776873 0.826337 0.873866 0.705131 0.910637
0.432663 0.000000 0.703823 0.531199 0.927412 0.717470 0.534815 0.597382 0.956264 0.898261 0.657966 0.628515 0.763801 0.549201 0.843066 0.698387 0.571419 0.510620 0.524713 0.430851 0.658795 0.795134 0.673860 0.514023 0.716909 0.761845 0.974071 0.992284 0.692029 0.581002 0.545288 0.433504 0.449419 0.491308 0.868722 0.985656 0.849841 0.796773 0.865950 0.774224 0.842942 0.860676 0.486072 0.473297 0.655379 0.650149 0.545045 0.503658 0.815083 0.588422 0.544835 0.516667 0.750859 0.880388 0.795018 0.565894 0.412910 0.416033 0.528272 0.461986 0.502570 0.608897 0.714005 0.620955 0.839853 0.599996 0.665268 0.636293 0.830166 0.704466 0.667206 0.675897 0.587040 0.584248 0.799882 0.910562 0.656733 0.672546 0.646805 0.575880 0.554169 0.611626 0.662125 0.729591 0.759874 0.535997 0.968929 0.899623 0.814027 0.550344 0.845551 0.974690 0.828463 0.913898 0.929360 0.815016 0.737975 0.942431 0.597958 0.642948 0.835495 0.786150 0.750728 0.800633 0.653858 0.640843 0.875772 0.840129 0.853128 0.853264 0.792502 0.752934 0.716162 0.763849 0.621824 0.997155
0.808270 0.703823 0.000000 0.307202 0.898503 0.711826 0.553057 0.645135 0.804142 0.969476 0.751609 0.947785 0.960911 0.972792 0.993298 0.946749 0.817942 0.895906 0.790859 0.674338 0.501892 0.805381 0.517660 0.519683 0.339439 0.307422 0.976402 0.856590 0.810823 0.864317 0.485645 0.616010 0.623915 0.668458 0.640062 0.832922 0.514561 0.756303 0.668669 0.692471 0.817250 0.968536 0.613493 0.752083 0.967962 0.941641 0.594817 0.683581 0.676098 0.951105 0.937849 0.975266 0.972963 0.969536 0.894204 0.954451 0.927211 0.934639 0.805746 0.665334 0.641191 0.718612 0.659897 0.741488 0.321306 0.342689 0.437526 0.454878 0.781669 0.742682 0.500419 0.606563 0.649198 0.701737 0.852385 0.899366 0.721287 0.634759 0.839155 0.707583 0.917412 0.928236 0.930802 0.855117 0.713245 0.620819 0.986711 0.673421 0.764633 0.871167 0.644161 0.657140 0.590513 0.605980 0.859379 0.690311 0.811568 0.838569 0.745778 0.668528 0.768778 0.822853 0.939632 0.997281 0.684984 0.553156 0.739562 0.782842 0.881721 0.915218 0.617024 0.750306 0.768486 0.856221 0.800465 0.840620
0.692731 0.531199 0.307202 0.000000 0.979726 0.576584 0.423014 0.437743 0.783891 0.868253 0.936144 0.725591 0.911171 0.747175 0.986058 0.785446 0.998877 0.918702 0.636745 0.478785 0.487191 0.827277 0.476530 0.380826 0.429765 0.361371 0.944482 0.883311 0.952848 0.926784 0.364538 0.475410 0.516407 0.509132 0.684579 0.825350 0.631304 0.659680 0.722499 0.766523 0.835127 0.921655 0.520668 0.658035 0.832239 0.947439 0.458052 0.569639 0.757364 0.942629 0.770314 0.806419 0.908434 0.863043 0.858397 0.829598 0.827830 0.846422 0.760123 0.623145 0.534719 0.473768 0.855435 0.975662 0.492381 0.245067 0.391147 0.405271 0.827423 0.715287 0.443595 0.520284 0.533215 0.606570 0.745333 0.750371 0.625467 0.537654 0.938930 0.630196 0.969665 0.788654 0.972121 0.904133 0.769134 0.562711 0.971039 0.821668 0.751043 0.813951 0.558193 0.710878 0.528524 0.692407 0.772279 0.588482 0.683016 0.799199 0.583301 0.581542 0.614853 0.736376 0.813591 0.896906 0.575249 0.574218 0.754149 0.815461 0.772596 0.853954 0.614622 0.687454 0.729001 0.814334 0.673936 0.876813
0.850245 0.927412 0.898503 0.979726 0.000000 0.976763 0.979382 0.992351 0.890457 0.863681 0.976249 0.874037 0.517944 0.777735 0.556501 0.567747 0.844148 0.781825 0.783323 0.975918 0.904243 0.917370 0.625754 0.763336 0.879213 0.956531 0.656651 0.937803 0.775560 0.758864 0.994268 0.999838 0.843913 0.972390 0.979539 0.837097 0.890505 0.946274 0.986585 0.721698 0.982729 0.961474 0.973027 0.987525 0.895036 0.898404 0.877386 0.905041 0.616447 0.879217 0.968350 0.995693 0.976602 0.795799 0.696607 0.916962 0.925015 0.788400 0.945989 0.993142 0.744073 0.975715 0.722491 0.725727 0.723676 0.999541 0.875422 0.848718 0.893932 0.778728 0.886014 0.763905 0.819109 0.958515 0.995532 0.981390 0.791575 0.907940 0.914237 0.770712 0.788505 0.749294 0.763008 0.709715 0.577595 0.778615 0.748832 0.926938 0.685743 0.688469 0.844223 0.893388 0.823832 0.932892 0.963877 0.987265 0.858707 0.901980 0.943962 0.912565 0.785538 0.918768 0.945219 0.950513 0.896845 0.994960 0.943174 0.802675 0.959084 0.865178 0.932326 0.891869 0.868075 0.994873 0.766694 0.983843
0.781781 0.717470 0.711826 0.576584 0.976763 0.000000 0.571696 0.523511 0.761814 0.719710 0.846386 0.692258 0.965903 0.781475 0.928168 0.833802 0.928697 0.910177 0.803649 0.661643 0.836417 0.796802 0.834073 0.775939 0.869068 0.769310 0.715096 0.844052 0.917168 0.891830 0.591728 0.721137 0.576043 0.666959 0.699479 0.986378 0.954495 0.945698 0.986995 0.984189 0.690756 0.957735 0.666913 0.670684 0.818628 0.859822 0.763567 0.720857 0.925977 0.835670 0.705084 0.736858 0.749342 0.745184 0.813188 0.799181 0.940375 0.992764 0.903440 0.591404 0.680650 0.555899 0.966780 0.885807 0.944766 0.577263 0.636095 0.582362 0.953678 0.767189 0.686054 0.662889 0.640920 0.760443 0.911086 0.675359 0.708624 0.714802 0.963430 0.820640 0.985929 0.909994 0.965017 0.912515 0.973653 0.906920 0.992885 0.988335 0.959289 0.941522 0.592416 0.794280 0.588992 0.669232 0.909580 0.815700 0.824700 0.673271 0.633882 0.782291 0.585109 0.704501 0.909294 0.778824 0.759984 0.851233 0.825176 0.888592 0.878957 0.872667 0.751935 0.795862 0.830210 0.827176 0.679963 0.994724
0.715305 0.534815 0.553057 0.423014 0.979382 0.571696 0.000000 0.250006 0.508610 0.479628 0.740242 0.574345 0.965426 0.723208 0.962956 0.793712 0.805890 0.699924 0.582166 0.486116 0.680392 0.844642 0.652123 0.665493 0.826786 0.690281 0.627671 0.929783 0.698422 0.608877 0.316897 0.447191 0.378429 0.307786 0.547885 0.818842 0.898134 0.830696 0.837183 0.997052 0.795597 0.973763 0.310831 0.385194 0.407210 0.512480 0.647133 0.536460 0.919071 0.648528 0.466924 0.490886 0.495507 0.480833 0.849553 0.819682 0.743838 0.816413 0.669606 0.605503 0.302441 0.399463 0.839587 0.677174 0.850610 0.503503 0.277129 0.316604 0.973955 0.722925 0.384882 0.420393 0.469565 0.465902 0.851236 0.684132 0.508457 0.543675 0.855622 0.702125 0.940996 0.998416 0.980871 0.786919 0.922497 0.919023 0.934552 0.807776 0.971642 0.919157 0.377098 0.533799 0.447012 0.609569 0.792984 0.648372 0.526709 0.668263 0.298811 0.340198 0.440165 0.501125 0.582453 0.694751 0.447555 0.533518 0.606871 0.664559 0.678871 0.744057 0.606606 0.551943 0.468230 0.660453 0.509789 0.928338
0.784458 0.597382 0.645135 0.437743 0.992351 0.523511 0.250006 0.000000 0.549222 0.405800 0.777214 0.442356 0.985328 0.640602 0.863211 0.868367 0.897913 0.804538 0.722015 0.532497 0.726382 0.897372 0.761900 0.744342 0.890093 0.719448 0.591403 0.875420 0.717363 0.661504 0.393479 0.485318 0.482587 0.394995 0.614707 0.855800 0.982067 0.879713 0.942701 0.948305 0.804144 0.931564 0.421298 0.507981 0.491487 0.564402 0.665979 0.589303 0.935514 0.685876 0.499069 0.518980 0.544708 0.486926 0.853220 0.762047 0.927429 0.964713 0.743884 0.598886 0.356828 0.237407 0.866959 0.643249 0.968612 0.451233 0.342288 0.361885 0.890604 0.737408 0.514503 0.523658 0.501117 0.543689 0.842620 0.659331 0.566970 0.629820 0.993406 0.840720 0.983810 0.995376 0.979631 0.782313 0.878699 0.950046 0.985345 0.845263 0.953212 0.903522 0.367048 0.641579 0.436488 0.662434 0.829164 0.698149 0.566414 0.676210 0.335361 0.441460 0.374949 0.553951 0.694360 0.792953 0.484416 0.638533 0.620643 0.746170 0.704443 0.721182 0.592525 0.618200 0.546284 0.727418 0.552904 0.901247
0.871365 0.956264 0.804142 0.783891 0.890457 0.761814 0.508610 0.549222 0.000000 0.481719 0.737157 0.741656 0.996872 0.926325 0.999279 0.847999 0.987720 0.865018 0.930836 0.805650 0.820937 0.910105 0.830379 0.951917 0.922115 0.872135 0.712275 0.849297 0.688483 0.748700 0.599176 0.743986 0.669976 0.594917 0.681404 0.824844 0.925515 0.939849 0.910537 0.985172 0.740670 0.999599 0.603422 0.652234 0.613736 0.736437 0.967386 0.978627 0.915484 0.925097 0.752073 0.808358 0.609832 0.646071 0.935551 0.917212 0.982298 0.911564 0.966405 0.951598 0.616740 0.620475 0.925080 0.801572 0.987073 0.823789 0.591614 0.645335 0.885437 0.782524 0.596620 0.677970 0.707225 0.717153 0.979965 0.709115 0.738347 0.827609 0.884706 0.838807 0.840134 0.848175 0.983648 0.840141 0.855410 0.871130 0.981385 0.987501 0.922505 0.845764 0.593843 0.611179 0.687416 0.600669 0.843351 0.902080 0.863460 0.731968 0.607680 0.634313 0.614246 0.697697 0.812908 0.936878 0.771435 0.818195 0.782246 0.742916 0.880614 0.993863 0.845106 0.806684 0.738642 0.763862 0.706846 0.833175
0.998001 0.898261 0.969476 0.868253 0.863681 0.719710 0.479628 0.405800 0.481719 0.000000 0.675804 0.464953 0.876851 0.719014 0.927867 0.769177 0.786452 0.696573 0.755920 0.706959 0.996382 0.995591 0.883293 0.951913 0.756857 0.887284 0.618168 0.903009 0.486437 0.524550 0.655033 0.738464 0.637711 0.538721 0.693976 0.901240 0.811880 0.919411 0.811258 0.884764 0.970582 0.921879 0.642446 0.672325 0.436953 0.512573 0.902803 0.772077 0.687558 0.756157 0.644251 0.649269 0.558961 0.566192 0.938133 0.828344 0.961382 0.922600 0.892044 0.910046 0.485834 0.457532 0.622501 0.475627 0.783807 0.906204 0.648019 0.716788 0.767414 0.806813 0.697630 0.733364 0.755333 0.660603 0.983517 0.691972 0.777328 0.832040 0.945534 0.927322 0.961741 0.950255 0.917788 0.828028 0.791217 0.763747 0.923908 0.967655 0.899512 0.996656 0.557285 0.718100 0.703046 0.776454 0.921676 0.801822 0.752288 0.748200 0.462045 0.533461 0.557057 0.648417 0.739472 0.886323 0.730077 0.887969 0.804515 0.919002 0.847545 0.858518 0.803068 0.754008 0.580635 0.742631 0.762598 0.701469
0.742231 0.657966 0.751609 0.936144 0.976249 0.846386 0.740242 0.777214 0.737157 0.675804 0.000000 0.554318 0.830819 0.594795 0.816037 0.784633 0.480247 0.481423 0.704375 0.751628 0.998428 0.963589 0.932088 0.996668 0.690562 0.748829 0.856267 0.829630 0.472324 0.431833 0.807916 0.754551 0.669973 0.672345 0.983206 0.893750 0.857636 0.916220 0.929667 0.984317 0.887468 0.897044 0.738965 0.663302 0.692118 0.685446 0.936473 0.928741 0.689974 0.758976 0.686984 0.703290 0.760771 0.821436 0.845921 0.836885 0.605542 0.686280 0.784906 0.894260 0.694963 0.771248 0.543471 0.460407 0.655262 0.912582 0.977600 0.958326 0.860385 0.902565 0.915166 0.937446 0.663214 0.758731 0.935729 0.817198 0.776564 0.937858 0.625276 0.792172 0.620604 0.715121 0.668846 0.738854 0.949066 0.985375 0.901769 0.653708 0.945574 0.836726 0.974092 0.839047 0.884444 0.852444 0.936332 0.978744 0.926505 0.979002 0.745740 0.917408 0.890123 0.860229 0.807125 0.893931 0.954818 0.978775 0.959718 0.976268 0.820387 0.937182 0.942977 0.918576 0.774093 0.911677 0.799640 0.577090
0.714829 0.628515 0.947785 0.725591 0.874037 0.692258 0.574345 0.442356 0.741656 0.464953 0.554318 0.000000 0.669551 0.323201 0.808212 0.590793 0.660385 0.542127 0.625467 0.571979 0.854550 0.935692 0.783187 0.728341 0.892730 0.926082 0.811826 0.868494 0.482083 0.400362 0.666226 0.611294 0.580691 0.561880 0.954774 0.949340 0.781201 0.938452 0.979706 0.957733 0.978900 0.866679 0.693181 0.682121 0.623230 0.635851 0.679901 0.694893 0.742497 0.662503 0.604117 0.569860 0.686650 0.677993 0.805284 0.701961 0.790589 0.808099 0.767314 0.782722 0.494965 0.362549 0.538534 0.388212 0.804107 0.699736 0.813044 0.783693 0.762822 0.840640 0.869789 0.828841 0.603189 0.694499 0.863862 0.764528 0.685757 0.741087 0.813872 0.779362 0.719908 0.688479 0.690330 0.798235 0.965779 0.838962 0.883589 0.792158 0.897932 0.825721 0.790129 0.932227 0.897699 0.920332 0.924923 0.775531 0.824138 0.849997 0.610044 0.686217 0.655570 0.775294 0.860926 0.842657 0.698711 0.889299 0.881231 0.966991 0.875761 0.860517 0.933243 0.761911 0.735496 0.845270 0.762843 0.800308
0.612212 0.763801 0.960911 0.911171 0.517944 0.965903 0.965426 0.985328 0.996872 0.876851 0.830819 0.669551 0.000000 0.495426 0.350642 0.402354 0.676782 0.643917 0.604457 0.756430 0.871430 0.927434 0.491901 0.650016 0.930733 0.926986 0.697425 0.881408 0.627835 0.613859 0.945680 0.946840 0.806044 0.921590 0.805777 0.766974 0.877551 0.898980 0.943909 0.827799 0.850025 0.918854 0.933419 0.995395 0.929098 0.934035 0.759162 0.747257 0.696087 0.868068 0.987764 0.953053 0.903999 0.768501 0.822972 0.874837 0.732792 0.658881 0.820265 0.906343 0.702552 0.926142 0.622752 0.636459 0.778543 0.927862 0.831522 0.756286 0.948195 0.770502 0.910648 0.844449 0.950962 0.973862 0.886108 0.993253 0.880727 0.848651 0.844168 0.687348 0.762642 0.611201 0.591935 0.665058 0.590945 0.702450 0.938317 0.915223 0.868382 0.756773 0.847548 0.851962 0.802796 0.825068 0.953727 0.833762 0.907131 0.841820 0.944533 0.800363 0.840753 0.950141 0.903852 0.967655 0.943442 0.910093 0.958923 0.854068 0.966205 0.914596 0.930872 0.910186 0.993234 0.956524 0.981194 0.881442
0.592962 0.549201 0.972792 0.747175 0.777735 0.781475 0.723208 0.640602 0.926325 0.719014 0.594795 0.323201 0.495426 0.000000 0.682928 0.457782 0.569213 0.503043 0.520029 0.563946 0.889719 0.984688 0.639356 0.567893 0.959053 0.921843 0.973540 0.998821 0.509572 0.369460 0.694040 0.580382 0.603044 0.675615 0.835905 0.804691 0.996289 0.889406 0.988376 0.909925 0.932232 0.879658 0.706517 0.687740 0.687621 0.661967 0.631789 0.660182 0.678898 0.586743 0.609366 0.579526 0.763846 0.793863 0.710335 0.675793 0.634607 0.652583 0.692625 0.767174 0.585661 0.580328 0.546281 0.416829 0.910626 0.768805 0.973879 0.921114 0.802807 0.906879 0.963213 0.886664 0.653793 0.728829 0.893507 0.755481 0.733075 0.693554 0.735237 0.644255 0.640869 0.571184 0.559052 0.664511 0.825425 0.686512 0.906746 0.781342 0.853160 0.721350 0.990470 0.785002 0.912700 0.755996 0.858988 0.816278 0.909514 0.962909 0.736887 0.795609 0.833572 0.920617 0.902772 0.856117 0.815495 0.943066 0.960306 0.857497 0.846450 0.910830 0.985255 0.844860 0.857769 0.871135 0.823711 0.838122
0.704820 0.843066 0.993298 0.986058 0.556501 0.928168 0.962956 0.863211 0.999279 0.927867 0.816037 0.808212 0.350642 0.682928 0.000000 0.393263 0.646908 0.596759 0.613327 0.779390 0.727560 0.974459 0.480203 0.656258 0.864296 0.975704 0.578917 0.827687 0.666607 0.661782 0.927683 0.933172 0.774360 0.937354 0.844054 0.880301 0.894640 0.961540 0.986602 0.739248 0.921916 0.914831 0.987683 0.981438 0.987948 0.946380 0.869598 0.867080 0.807139 0.999931 0.873154 0.886155 0.857822 0.703792 0.851211 0.941121 0.678907 0.651942 0.881397 0.950489 0.840973 0.910440 0.726385 0.759047 0.723752 0.992678 0.804311 0.736336 0.851930 0.791402 0.968665 0.951785 0.910317 0.938307 0.872933 0.893327 0.977914 0.953215 0.912941 0.649440 0.702453 0.603731 0.578149 0.676067 0.535540 0.677944 0.834458 0.884924 0.751549 0.821766 0.847176 0.861714 0.770720 0.870746 0.824017 0.783630 0.915738 0.874959 0.987523 0.915296 0.752098 0.958510 0.905905 0.977237 0.945547 0.972711 0.964128 0.779227 0.911410 0.838748 0.860724 0.991197 0.905284 0.986440 0.975556 0.908165
0.742865 0.698387 0.946749 0.785446 0.567747 0.833802 0.793712 0.868367 0.847999 0.769177 0.784633 0.590793 0.402354 0.457782 0.393263 0.000000 0.647184 0.552533 0.512818 0.618388 0.824309 0.966554 0.376144 0.474977 0.931106 0.987311 0.776714 0.858992 0.619576 0.517352 0.716147 0.754465 0.606929 0.759309 0.882638 0.832747 0.822094 0.935132 0.980873 0.803141 0.944322 0.930237 0.740276 0.757100 0.782045 0.834578 0.722405 0.752384 0.716225 0.808594 0.856490 0.809801 0.887481 0.988761 0.852975 0.946451 0.667974 0.692890 0.899984 0.997170 0.696412 0.866708 0.666943 0.621835 0.808080 0.856209 0.965848 0.942718 0.953028 0.878775 0.845993 0.832781 0.903808 0.819033 0.901691 0.802848 0.862750 0.702279 0.760885 0.597540 0.807869 0.692268 0.639418 0.777899 0.696250 0.696731 0.993445 0.879553 0.789696 0.856928 0.978881 0.997260 0.927745 0.940856 0.776120 0.768927 0.933344 0.933874 0.833446 0.709089 0.968391 0.939519 0.921867 0.862806 0.916105 0.963592 0.953864 0.859841 0.897999 0.874116 0.978652 0.791827 0.818603 0.901272 0.925582 0.895386
0.549479 0.571419 0.817942 0.998877 0.844148 0.928697 0.805890 0.897913 0.987720 0.786452 0.480247 0.660385 0.676782 0.569213 0.646908 0.647184 0.000000 0.302623 0.517147 0.632364 0.990047 0.912597 0.887826 0.811881 0.839168 0.770341 0.962313 0.892478 0.506779 0.404462 0.828438 0.785274 0.642938 0.715946 0.960059 0.883135 0.941764 0.965899 0.908664 0.969476 0.948761 0.820631 0.744600 0.671104 0.636197 0.611670 0.771088 0.730374 0.545453 0.562443 0.632340 0.646745 0.767441 0.915214 0.690317 0.646585 0.422332 0.414891 0.640802 0.812534 0.682185 0.909648 0.384918 0.399183 0.815386 0.869083 0.954099 0.975474 0.907165 0.781253 0.927491 0.971185 0.861071 0.731381 0.883732 0.896708 0.908784 0.913260 0.589450 0.576437 0.412852 0.522092 0.539482 0.605493 0.854508 0.844708 0.949928 0.715761 0.908478 0.625926 0.897176 0.753180 0.771163 0.667960 0.954173 0.905004 0.827387 0.911299 0.761110 0.832328 0.944808 0.913120 0.898588 0.773071 0.970560 0.979780 0.966370 0.957543 0.797166 0.902345 0.949914 0.930114 0.809363 0.849587 0.864605 0.804473
0.561855 0.510620 0.895906 0.918702 0.781825 0.910177 0.699924 0.804538 0.865018 0.696573 0.481423 0.542127 0.643917 0.503043 0.596759 0.552533 0.302623 0.000000 0.425516 0.565764 0.888722 0.919029 0.793930 0.713140 0.917288 0.818086 0.923840 0.946260 0.399719 0.324842 0.730112 0.620373 0.481677 0.582149 0.974955 0.892401 0.891655 0.985720 0.950664 0.982134 0.979458 0.831593 0.614696 0.562614 0.553665 0.550139 0.703018 0.683286 0.552047 0.562697 0.592345 0.607999 0.735792 0.884224 0.696860 0.607804 0.377439 0.407946 0.608616 0.815875 0.577827 0.823873 0.348493 0.346918 0.867092 0.951321 0.968615 0.923502 0.944017 0.845042 0.860401 0.878435 0.803662 0.678648 0.932118 0.832804 0.808531 0.767491 0.499423 0.500869 0.407909 0.482085 0.513350 0.567137 0.798920 0.772441 0.991146 0.697534 0.897866 0.640156 0.917419 0.808679 0.808153 0.724881 0.912591 0.749033 0.803728 0.990137 0.667226 0.730168 0.993371 0.858155 0.796869 0.682848 0.818107 0.888274 0.981362 0.962910 0.906683 0.926136 0.983019 0.869733 0.658699 0.813690 0.794081 0.791645
0.526062 0.524713 0.790859 0.636745 0.783323 0.803649 0.582166 0.722015 0.930836 0.755920 0.704375 0.625467 0.604457 0.520029 0.613327 0.512818 0.517147 0.425516 0.000000 0.452731 0.812640 0.838319 0.535513 0.522916 0.842476 0.955881 0.973168 0.868670 0.595920 0.511075 0.582901 0.583635 0.476613 0.511742 0.931543 0.961010 0.900212 0.851152 0.913635 0.862431 0.880222 0.961533 0.653897 0.691607 0.618696 0.683333 0.628847 0.590933 0.771709 0.659820 0.712436 0.731189 0.798886 0.838494 0.848768 0.706997 0.496108 0.496795 0.659459 0.715647 0.544857 0.834830 0.570952 0.591396 0.871655 0.827639 0.783747 0.840594 0.868033 0.880472 0.655750 0.717927 0.668293 0.595360 0.930744 0.785343 0.730774 0.599480 0.749714 0.571606 0.662246 0.592119 0.708115 0.797022 0.819749 0.768937 0.923142 0.992357 0.875533 0.765773 0.879302 0.941488 0.932429 0.975939 0.831754 0.688421 0.752010 0.991513 0.608526 0.614415 0.854826 0.821907 0.738993 0.697676 0.856878 0.793947 0.911575 0.965798 0.767829 0.968389 0.929980 0.690927 0.635664 0.763154 0.834291 0.884554
0.584061 0.430851 0.674338 0.478785 0.975918 0.661643 0.486116 0.532497 0.805650 0.706959 0.751628 0.571979 0.756430 0.563946 0.779390 0.618388 0.632364 0.565764 0.452731 0.000000 0.692934 0.775644 0.540525 0.485268 0.763000 0.749399 0.902555 0.849835 0.643227 0.607434 0.501590 0.488189 0.465523 0.440717 0.835792 0.946958 0.835549 0.820941 0.810074 0.907646 0.802675 0.956799 0.570346 0.614187 0.675437 0.725002 0.619884 0.521170 0.957740 0.700046 0.667991 0.690287 0.781595 0.769447 0.815563 0.663028 0.617285 0.628715 0.740339 0.622897 0.522948 0.587561 0.745517 0.694625 0.831910 0.594900 0.630589 0.656509 0.923568 0.676719 0.574706 0.592858 0.515445 0.513499 0.736574 0.783448 0.641055 0.671733 0.842966 0.653375 0.713080 0.660513 0.725369 0.882391 0.836930 0.692110 0.884705 0.957363 0.863595 0.726789 0.662747 0.834990 0.697189 0.908576 0.861201 0.598548 0.703232 0.784140 0.520500 0.547586 0.753081 0.743715 0.724012 0.835737 0.666413 0.752293 0.827729 0.906613 0.769384 0.852638 0.800812 0.712360 0.642460 0.724040 0.688846 0.843724
0.813904 0.658795 0.501892 0.487191 0.904243 0.836417 0.680392 0.726382 0.820937 0.996382 0.998428 0.854550 0.871430 0.889719 0.727560 0.824309 0.990047 0.888722 0.812640 0.692934 0.000000 0.811932 0.571725 0.576027 0.558200 0.530195 0.898623 0.969052 0.979351 0.909081 0.566582 0.608653 0.678544 0.655120 0.871603 0.901240 0.800641 0.862284 0.889241 0.694206 0.860402 0.813831 0.700845 0.788454 0.995080 0.926988 0.701104 0.800275 0.807471 0.962527 0.942518 0.980424 0.966294 0.954947 0.895684 0.936793 0.825640 0.825405 0.814328 0.851594 0.742112 0.723376 0.833261 0.952347 0.532380 0.497732 0.639006 0.659156 0.826549 0.691403 0.647223 0.726364 0.696434 0.740269 0.866466 0.849464 0.826228 0.763283 0.961244 0.711981 0.939659 0.759576 0.885953 0.950184 0.735205 0.623790 0.705042 0.891462 0.801437 0.902934 0.789759 0.945290 0.809208 0.803834 0.687737 0.723064 0.867338 0.966186 0.819028 0.772259 0.932154 0.754690 0.960596 0.971575 0.627975 0.680086 0.854263 0.996263 0.965430 0.954355 0.794207 0.871192 0.685673 0.947142 0.781869 0.918597
0.979801 0.795134 0.805381 0.827277 0.917370 0.796802 0.844642 0.897372 0.910105 0.995591 0.963589 0.935692 0.927434 0.984688 0.974459 0.966554 0.912597 0.919029 0.838319 0.775644 0.811932 0.000000 0.847129 0.852881 0.907681 0.879915 0.950504 0.825683 0.957049 0.971326 0.804814 0.876726 0.832431 0.864221 0.941333 0.983238 0.907316 0.925209 0.993623 0.800180 0.933815 0.968385 0.841900 0.827546 0.913964 0.955783 0.962649 0.796782 0.958424 0.882499 0.914704 0.951901 0.832820 0.837484 0.981013 0.906023 0.928312 0.914222 0.889550 0.940656 0.991525 0.973960 0.866896 0.952002 0.935123 0.925201 0.816773 0.919712 0.863874 0.881188 0.794524 0.740512 0.953735 0.847900 0.859475 0.766555 0.867783 0.865901 0.987515 0.964239 0.967960 0.964175 0.890359 0.979760 0.953164 0.949780 0.995088 0.878779 0.980870 0.971354 0.757127 0.846043 0.803667 0.810456 0.856541 0.851008 0.869945 0.910682 0.799556 0.884680 0.905013 0.847477 0.922637 0.813685 0.836121 0.783660 0.864934 0.888597 0.867445 0.945374 0.879608 0.934776 0.923495 0.684741 0.788198 0.938594
0.714604 0.673860 0.517660 0.476530 0.625754 0.834073 0.652123 0.761900 0.830379 0.883293 0.932088 0.783187 0.491901 0.639356 0.480203 0.376144 0.887826 0.793930 0.535513 0.540525 0.571725 0.847129 0.000000 0.317369 0.512497 0.578940 0.771446 0.828715 0.818770 0.753038 0.509023 0.612298 0.535234 0.660434 0.899487 0.983107 0.552541 0.771356 0.774608 0.694380 0.968063 0.922658 0.650292 0.769073 0.823804 0.932709 0.592475 0.637835 0.949987 0.896674 0.917949 0.913544 0.973812 0.952428 0.853358 0.925635 0.770133 0.789007 0.868736 0.879824 0.591337 0.795994 0.975807 0.915111 0.413809 0.555200 0.742982 0.795370 0.905588 0.765235 0.623883 0.660395 0.763668 0.658583 0.748661 0.790002 0.787792 0.541148 0.990587 0.585714 0.916292 0.748419 0.766943 0.934029 0.549274 0.534099 0.953158 0.858100 0.741829 0.838341 0.799850 0.779491 0.805729 0.823832 0.706821 0.615275 0.918154 0.939852 0.721190 0.570768 0.938258 0.855274 0.877313 0.918677 0.736381 0.699855 0.833195 0.995606 0.892231 0.922059 0.851135 0.802825 0.745452 0.833466 0.836317 0.929043
0.632004 0.514023 0.519683 0.380826 0.763336 0.775939 0.665493 0.744342 0.951917 0.951913 0.996668 0.728341 0.650016 0.567893 0.656258 0.474977 0.811881 0.713140 0.522916 0.485268 0.576027 0.852881 0.317369 0.000000 0.474117 0.555995 0.774507 0.839231 0.943621 0.768814 0.522794 0.493044 0.543249 0.649025 0.944528 0.971198 0.618494 0.685041 0.679892 0.718147 0.967828 0.953642 0.624538 0.707291 0.906714 0.980148 0.538340 0.657151 0.935695 0.877818 0.827163 0.844540 0.960165 0.984390 0.844836 0.822738 0.639935 0.684498 0.831028 0.799149 0.684528 0.760685 0.975403 0.914698 0.511812 0.484097 0.754565 0.726020 0.860443 0.837256 0.682452 0.680705 0.682703 0.680432 0.772071 0.847305 0.768347 0.594723 0.867865 0.505950 0.822052 0.637766 0.791721 0.822224 0.599342 0.432425 0.979069 0.975310 0.709111 0.706305 0.898168 0.903923 0.885936 0.976478 0.799905 0.696218 0.868211 0.936285 0.794759 0.684114 0.965121 0.944244 0.889100 0.911011 0.783697 0.778320 0.950614 0.978356 0.849324 0.939546 0.829699 0.810758 0.806979 0.939433 0.859060 0.896552
0.786895 0.716909 0.339439 0.429765 0.879213 0.869068 0.826786 0.890093 0.922115 0.756857 0.690562 0.892730 0.930733 0.959053 0.864296 0.931106 0.839168 0.917288 0.842476 0.763000 0.558200 0.907681 0.512497 0.474117 0.000000 0.314060 0.722545 0.873519 0.765910 0.817449 0.642245 0.715014 0.713090 0.806144 0.826182 0.829384 0.526703 0.674796 0.642586 0.637297 0.904276 0.999642 0.836583 0.976648 0.855085 0.754236 0.593981 0.804113 0.682639 0.845690 0.879494 0.839427 0.709365 0.676877 0.922022 0.897244 0.881046 0.882303 0.836258 0.791251 0.793159 0.861017 0.693645 0.691518 0.293094 0.427967 0.705799 0.665673 0.666382 0.758994 0.677310 0.753007 0.803157 0.743152 0.767955 0.950133 0.878652 0.705849 0.818191 0.681696 0.889762 0.780789 0.943759 0.935982 0.450393 0.405604 0.912578 0.839543 0.701380 0.714482 0.925864 0.907064 0.784458 0.878638 0.888667 0.679360 0.936602 0.951036 0.939336 0.870430 0.975132 0.917503 0.988615 0.976727 0.804766 0.709431 0.873843 0.956164 0.994654 0.973450 0.862577 0.998870 0.913481 0.997926 0.952284 0.751405
0.916103 0.761845 0.307422 0.361371 0.956531 0.769310 0.690281 0.719448 0.872135 0.887284 0.748829 0.926082 0.926986 0.921843 0.975704 0.987311 0.770341 0.818086 0.955881 0.749399 0.530195 0.879915 0.578940 0.555995 0.314060 0.000000 0.970873 0.905829 0.767712 0.791153 0.470841 0.625281 0.690492 0.715307 0.709174 0.737194 0.537395 0.664364 0.656744 0.669108 0.811253 0.988332 0.679185 0.842918 0.928125 0.829032 0.634728 0.845073 0.601084 0.811123 0.997743 0.916698 0.879376 0.903982 0.990148 0.994857 0.994639 0.941190 0.931828 0.823510 0.758979 0.715426 0.560024 0.636412 0.373018 0.334388 0.524227 0.512936 0.862181 0.853086 0.487779 0.567757 0.708971 0.672106 0.787950 0.867123 0.791023 0.735577 0.734453 0.729001 0.928345 0.936059 0.951550 0.857099 0.680650 0.575934 0.905067 0.823965 0.801869 0.905011 0.684608 0.707175 0.608127 0.678563 0.837369 0.752603 0.904210 0.890612 0.816089 0.772955 0.786987 0.910718 0.942423 0.908287 0.719720 0.634051 0.747921 0.831449 0.947970 0.955023 0.735119 0.865990 0.861929 0.925683 0.811763 0.766075
0.913424 0.974071 0.976402 0.944482 0.656651 0.715096 0.627671 0.591403 0.712275 0.618168 0.856267 0.811826 0.697425 0.973540 0.578917 0.776714 0.962313 0.923840 0.973168 0.902555 0.898623 0.950504 0.771446 0.774507 0.722545 0.970873 0.000000 0.808845 0.898197 0.879479 0.762423 0.832522 0.867095 0.678499 0.843404 0.845869 0.826087 0.945661 0.943254 0.685741 0.900506 0.967266 0.786951 0.700592 0.645950 0.653944 0.971609 0.914259 0.969613 0.773043 0.648919 0.667807 0.616773 0.442772 0.993393 0.961595 0.834234 0.785788 0.886173 0.828390 0.761016 0.686285 0.993801 0.881938 0.653228 0.938980 0.614889 0.615102 0.668795 0.970763 0.822528 0.749125 0.687221 0.828136 0.877140 0.807673 0.711629 0.868272 0.931640 0.861229 0.798311 0.749831 0.827703 0.697252 0.472479 0.570760 0.895923 0.892141 0.712870 0.759561 0.568598 0.707601 0.628000 0.718068 0.869994 0.895448 0.743036 0.727765 0.640507 0.759959 0.537414 0.687211 0.735492 0.864897 0.811098 0.956266 0.870429 0.702907 0.763506 0.860519 0.858117 0.723691 0.814032 0.772193 0.784962 0.835508
0.982260 0.992284 0.856590 0.883311 0.937803 0.844052 0.929783 0.875420 0.849297 0.903009 0.829630 0.868494 0.881408 0.998821 0.827687 0.858992 0.892478 0.946260 0.868670 0.849835 0.969052 0.825683 0.828715 0.839231 0.873519 0.905829 0.808845 0.000000 0.965079 0.927274 0.984756 0.925091 0.965418 0.921024 0.966874 0.789692 0.772585 0.920629 0.829732 0.767515 0.906941 0.917352 0.999083 0.932943 0.865897 0.885806 0.898702 0.875985 0.924574 0.924584 0.883925 0.846745 0.859283 0.783636 0.972957 0.843238 0.931425 0.922757 0.998323 0.932491 0.880385 0.872121 0.941381 0.856716 0.765609 0.940085 0.904219 0.961760 0.855684 0.887034 0.905522 0.908959 0.953515 0.972157 0.949307 0.964906 0.921801 0.981235 0.805708 0.785676 0.999578 0.829512 0.941390 0.940578 0.819751 0.845730 0.930013 0.875230 0.856212 0.790754 0.880042 0.893013 0.888427 0.948126 0.918669 0.926263 0.976320 0.866073 0.916000 0.951302 0.789057 0.921286 0.861742 0.977688 0.899189 0.827760 0.968699 0.766048 0.956602 0.898641 0.960924 0.982810 0.945692 0.989135 0.832123 0.928450
0.766231 0.692029 0.810823 0.952848 0.775560 0.917168 0.698422 0.717363 0.688483 0.486437 0.472324 0.482083 0.627835 0.509572 0.666607 0.619576 0.506779 0.399719 0.595920 0.643227 0.979351 0.957049 0.818770 0.943621 0.765910 0.767712 0.898197 0.965079 0.000000 0.315902 0.764650 0.724548 0.572762 0.617118 0.997340 0.882348 0.832884 0.895154 0.940888 0.913419 0.985809 0.942292 0.712815 0.677161 0.490999 0.506231 0.859233 0.796573 0.507743 0.607938 0.634136 0.638189 0.678927 0.775810 0.858121 0.650373 0.671560 0.713965 0.766752 0.878754 0.543128 0.742812 0.379131 0.343798 0.761228 0.911744 0.985352 0.984399 0.769456 0.818554 0.894036 0.907174 0.714127 0.628802 0.897256 0.835064 0.742526 0.790915 0.661691 0.720785 0.656197 0.730442 0.597273 0.711478 0.955467 0.972722 0.968738 0.824678 0.913679 0.829513 0.967034 0.927784 0.911177 0.864277 0.892041 0.848954 0.919695 0.943041 0.623316 0.690932 0.875414 0.796577 0.752197 0.830357 0.802871 0.985470 0.924870 0.957576 0.954452 0.903330 0.838267 0.822366 0.687804 0.715473 0.801141 0.683591
0.696880 0.581002 0.864317 0.926784 0.758864 0.891830 0.608877 0.661504 0.748700 0.524550 0.431833 0.400362 0.613859 0.369460 0.661782 0.517352 0.404462 0.324842 0.511075 0.607434 0.909081 0.971326 0.753038 0.768814 0.817449 0.791153 0.879479 0.927274 0.315902 0.000000 0.646346 0.570844 0.513680 0.559714 0.977081 0.901444 0.914200 0.928933 0.950951 0.994705 0.972621 0.926890 0.576169 0.519551 0.427605 0.450175 0.735432 0.718523 0.483081 0.522018 0.506154 0.495560 0.587846 0.705228 0.720027 0.668749 0.534379 0.602400 0.640287 0.893367 0.470327 0.657585 0.343829 0.272400 0.805676 0.998923 0.902842 0.862588 0.813955 0.831480 0.844154 0.836944 0.678623 0.578829 0.904084 0.791834 0.735444 0.715686 0.625748 0.613014 0.527045 0.653846 0.470205 0.707586 0.929528 0.873233 0.953536 0.750766 0.973305 0.745750 0.987417 0.869338 0.864109 0.778491 0.853248 0.851457 0.845678 0.972060 0.644345 0.663000 0.865019 0.843481 0.737403 0.774758 0.767651 0.903787 0.935839 0.934878 0.914609 0.912066 0.980944 0.883253 0.645851 0.804371 0.800605 0.699033
0.789630 0.545288 0.485645 0.364538 0.994268 0.591728 0.316897 0.393479 0.599176 0.655033 0.807916 0.666226 0.945680 0.694040 0.927683 0.716147 0.828438 0.730112 0.582901 0.501590 0.566582 0.804814 0.509023 0.522794 0.642245 0.470841 0.762423 0.984756 0.764650 0.646346 0.000000 0.349010 0.358915 0.355555 0.637217 0.846113 0.682338 0.649961 0.786332 0.861313 0.790014 0.902909 0.323946 0.442640 0.539667 0.665699 0.584137 0.657551 0.990529 0.767841 0.546445 0.629334 0.655300 0.631748 0.865637 0.843676 0.731196 0.851316 0.753693 0.761390 0.412436 0.479485 0.993586 0.813879 0.688837 0.427444 0.379741 0.366580 0.998467 0.836100 0.312208 0.350442 0.447949 0.399141 0.806647 0.629132 0.561108 0.446085 0.970638 0.601042 0.908352 0.887754 0.846792 0.845392 0.914320 0.747033 0.979815 0.852611 0.911926 0.913086 0.519689 0.635541 0.552091 0.686953 0.741242 0.636926 0.686171 0.796522 0.410088 0.472687 0.523429 0.640889 0.629871 0.770208 0.536298 0.594028 0.649830 0.761226 0.741154 0.898576 0.671707 0.686244 0.572003 0.688149 0.592787 0.991301
0.694364 0.433504 0.616010 0.475410 0.999838 0.721137 0.447191 0.485318 0.743986 0.738464 0.754551 0.611294 0.946840 0.580382 0.933172 0.754465 0.785274 0.620373 0.583635 0.488189 0.608653 0.876726 0.612298 0.493044 0.715014 0.625281 0.832522 0.925091 0.724548 0.570844 0.349010 0.000000 0.409595 0.401127 0.739046 0.918760 0.839191 0.649844 0.832575 0.876061 0.893202 0.900941 0.381644 0.419779 0.584980 0.623217 0.526727 0.585754 0.959240 0.678017 0.499251 0.543513 0.659668 0.701049 0.821943 0.665019 0.667346 0.777830 0.637578 0.667201 0.464437 0.516425 0.896180 0.726820 0.806391 0.518398 0.507513 0.447391 0.966749 0.905635 0.488367 0.477124 0.471579 0.391625 0.877909 0.742396 0.611367 0.494318 0.821402 0.623289 0.791314 0.789013 0.773348 0.944855 0.911061 0.664759 0.958465 0.961963 0.907537 0.811600 0.715689 0.845841 0.734036 0.885963 0.788775 0.744674 0.695588 0.857420 0.554111 0.564800 0.635279 0.725945 0.657804 0.836655 0.524740 0.623218 0.801530 0.789466 0.867319 0.905262 0.753007 0.801817 0.537321 0.721012 0.625443 0.998392
0.576246 0.449419 0.623915 0.516407 0.843913 0.576043 0.378429 0.482587 0.669976 0.637711 0.669973 0.580691 0.806044 0.603044 0.774360 0.606929 0.642938 0.481677 0.476613 0.465523 0.678544 0.832431 0.535234 0.543249 0.713090 0.690492 0.867095 0.965418 0.572762 0.513680 0.358915 0.409595 0.000000 0.376411 0.647054 0.883675 0.829195 0.798458 0.838197 0.854956 0.789588 0.866879 0.372425 0.383869 0.473878 0.538087 0.525146 0.576983 0.769955 0.582957 0.501016 0.558725 0.670924 0.753836 0.655560 0.622789 0.529826 0.624846 0.592198 0.613871 0.340308 0.551845 0.727572 0.613363 0.752648 0.592078 0.512716 0.491817 0.942467 0.765572 0.497901 0.507303 0.508409 0.471529 0.761677 0.661613 0.588384 0.533908 0.771832 0.519956 0.636864 0.662276 0.727775 0.844401 0.729896 0.648347 0.985714 0.952668 0.835602 0.770626 0.675367 0.796050 0.701568 0.862335 0.835910 0.563499 0.654725 0.771912 0.433764 0.483729 0.652854 0.692079 0.659824 0.693735 0.529041 0.578022 0.719607 0.807109 0.814287 0.816658 0.810841 0.701741 0.464679 0.673006 0.542912 0.924899
0.699032 0.491308 0.668458 0.509132 0.972390 0.666959 0.307786 0.394995 0.594917 0.538721 0.672345 0.561880 0.921590 0.675615 0.937354 0.759309 0.715946 0.582149 0.511742 0.440717 0.655120 0.864221 0.660434 0.649025 0.806144 0.715307 0.678499 0.921024 0.617118 0.559714 0.355555 0.401127 0.376411 0.000000 0.663587 0.812258 0.960456 0.805131 0.896865 0.917451 0.918798 0.959789 0.402838 0.464414 0.475465 0.568359 0.631507 0.602796 0.888246 0.671864 0.528155 0.588928 0.622020 0.604382 0.899687 0.762402 0.682352 0.761927 0.659116 0.685984 0.385332 0.497098 0.781158 0.650166 0.900939 0.614383 0.445014 0.462754 0.952842 0.790991 0.392822 0.462983 0.449246 0.407560 0.883056 0.744185 0.504953 0.555376 0.795259 0.621803 0.840554 0.858784 0.864449 0.952470 0.986004 0.868784 0.998374 0.963575 0.958477 0.863926 0.564345 0.682432 0.579957 0.757709 0.776661 0.613411 0.640554 0.736059 0.366729 0.432578 0.545984 0.545080 0.676934 0.741899 0.548273 0.629415 0.678007 0.678763 0.759340 0.883820 0.786059 0.666153 0.464999 0.719656 0.590032 0.878640
0.976629 0.868722 0.640062 0.684579 0.979539 0.699479 0.547885 0.614707 0.681404 0.693976 0.983206 0.954774 0.805777 0.835905 0.844054 0.882638 0.960059 0.974955 0.931543 0.835792 0.871603 0.941333 0.899487 0.944528 0.826182 0.709174 0.843404 0.966874 0.997340 0.977081 0.637217 0.739046 0.647054 0.663587 0.000000 0.791018 0.899435 0.835961 0.955572 0.972238 0.810116 0.885190 0.615067 0.673521 0.681079 0.745991 0.876472 0.770532 0.995233 0.923860 0.779086 0.823970 0.725686 0.775297 0.874256 0.881205 0.968858 0.999592 0.875256 0.753706 0.680949 0.742984 0.930340 0.992888 0.769911 0.755613 0.495219 0.479921 0.859605 0.760789 0.526942 0.668044 0.849515 0.714212 0.901212 0.861942 0.762045 0.793615 0.982014 0.868129 0.925319 0.878758 0.848309 0.724109 0.966536 0.962865 0.859868 0.782577 0.979119 0.918339 0.590204 0.605736 0.592084 0.635330 0.835518 0.734063 0.761119 0.846020 0.648332 0.713790 0.726823 0.752838 0.803269 0.997496 0.760852 0.707583 0.881321 0.803614 0.925801 0.860540 0.682996 0.909697 0.682876 0.842933 0.638116 0.986528
0.911866 0.985656 0.832922 0.825350 0.837097 0.986378 0.818842 0.855800 0.824844 0.901240 0.893750 0.949340 0.766974 0.804691 0.880301 0.832747 0.883135 0.892401 0.961010 0.946958 0.901240 0.983238 0.983107 0.971198 0.829384 0.737194 0.845869 0.789692 0.882348 0.901444 0.846113 0.918760 0.883675 0.812258 0.791018 0.000000 0.994216 0.939299 0.950393 0.941323 0.933053 0.926541 0.936348 0.938101 0.899332 0.980703 0.984540 0.990212 0.838134 0.890505 0.995754 0.908057 0.980898 0.948336 0.969105 0.949413 0.903434 0.893495 0.944087 0.952204 0.859355 0.848579 0.870653 0.814401 0.868385 0.847700 0.677614 0.768702 0.865236 0.894271 0.708865 0.762643 0.960289 0.890298 0.863027 0.854780 0.968034 0.994610 0.855703 0.963913 0.998831 0.866083 0.906996 0.816095 0.940005 0.964850 0.955773 0.954151 0.966630 0.840758 0.743521 0.791356 0.645609 0.789985 0.938284 0.987415 0.706633 0.874393 0.846724 0.914513 0.743909 0.801415 0.823215 0.996163 0.861630 0.796882 0.965790 0.899484 0.849593 0.903171 0.809986 0.979094 0.982092 0.975171 0.796882 0.949434
0.889569 0.849841 0.514561 0.631304 0.890505 0.954495 0.898134 0.982067 0.925515 0.811880 0.857636 0.781201 0.877551 0.996289 0.894640 0.822094 0.941764 0.891655 0.900212 0.835549 0.800641 0.907316 0.552541 0.618494 0.526703 0.537395 0.826087 0.772585 0.832884 0.914200 0.682338 0.839191 0.829195 0.960456 0.899435 0.994216 0.000000 0.692705 0.684589 0.584899 0.715630 0.894304 0.805708 0.883098 0.974865 0.907421 0.685467 0.898167 0.889708 0.944786 0.955399 0.952857 0.873535 0.807233 0.862470 0.918850 0.850860 0.933456 0.908623 0.938985 0.893346 0.987619 0.777719 0.776934 0.460519 0.694534 0.805852 0.792621 0.739690 0.914701 0.733286 0.772259 0.851064 0.849823 0.864504 0.952703 0.976764 0.731176 0.921934 0.709063 0.918083 0.876245 0.882669 0.968473 0.619217 0.586253 0.927327 0.886524 0.809929 0.768781 0.951710 0.925447 0.969098 0.959263 0.901179 0.860249 0.863757 0.869737 0.948321 0.895794 0.949194 0.942608 0.904017 0.956625 0.908417 0.823836 0.978105 0.994276 0.852538 0.926220 0.854466 0.982771 0.908904 0.950576 0.985311 0.872053
0.869429 0.796773 0.756303 0.659680 0.946274 0.945698 0.830696 0.879713 0.939849 0.919411 0.916220 0.938452 0.898980 0.889406 0.961540 0.935132 0.965899 0.985720 0.851152 0.820941 0.862284 0.925209 0.771356 0.685041 0.674796 0.664364 0.945661 0.920629 0.895154 0.928933 0.649961 0.649844 0.798458 0.805131 0.835961 0.939299 0.692705 0.000000 0.690523 0.763465 0.892394 0.797019 0.788086 0.800674 0.959440 0.999602 0.661685 0.861737 0.920778 0.992008 0.920129 0.915352 0.988683 0.977539 0.864710 0.998713 0.844466 0.917014 0.907754 0.973557 0.868016 0.859935 0.890383 0.937096 0.734511 0.665111 0.750770 0.727538 0.811884 0.935393 0.732979 0.696777 0.721260 0.685841 0.681732 0.971532 0.804736 0.662129 0.988878 0.845149 0.840557 0.938775 0.837068 0.971759 0.739208 0.596320 0.888223 0.861334 0.742445 0.792008 0.958332 0.979920 0.903484 0.967187 0.740693 0.813975 0.922909 0.900464 0.955356 0.924385 0.918387 0.888591 0.773506 0.941728 0.842622 0.829777 0.895694 0.908264 0.883820 0.954591 0.953611 0.943721 0.870709 0.912500 0.856441 0.958073
