0.000000 0.652660 0.918632 0.987982 0.927468 0.955997 0.973800 0.949339 0.841472 0.882883 0.616330 0.801221 0.882166 0.921172 0.984538 0.930391 0.735672 0.630177 0.820084 0.893516 0.852676 0.974724 0.901394 0.928160 0.977404 0.897617 0.861170 0.815672 0.822494 0.775182 0.915819 0.767850 0.810024 0.649534 0.965968 0.860224 0.965400 0.957058 0.920913 0.900720 0.863721 0.752102 0.746404 0.734934 0.782401 0.671152 0.790151 0.649589 0.701511 0.723519 0.660332 0.622302 0.822124 0.973172 0.828546 0.680315 0.606164 0.622484 0.639193 0.635773 0.713781 0.893486 0.640829 0.607957 0.885237 0.986422 0.714134 0.769248 0.823487 0.773382 0.986869 0.965351 0.985406 0.985889 0.909787 0.999903 0.946510 0.943293 0.739574 0.941515 0.490207 0.633701 0.819261 0.700044 0.948454 0.883971 0.893743 0.982075 0.947484 0.856836 0.873611 0.891036 0.856416 0.901032 0.889365 0.890275 0.846719 0.776600 0.723949 0.910280 0.869284 0.908762 0.765986 0.720190 0.944489 0.830047 0.978153 0.794613 0.989022 0.927267 0.918821 0.928748 0.877535 0.868533 0.906027 0.945811
0.652660 0.000000 0.951855 0.843045 0.821168 0.849638 0.849794 0.986007 0.688215 0.614400 0.963186 0.774775 0.955591 0.966948 0.896403 0.979203 0.758576 0.692640 0.907012 0.955339 0.830442 0.967800 0.795399 0.967984 0.770492 0.644691 0.958456 0.680654 0.910425 0.934656 0.987168 0.976624 0.923312 0.851977 0.808805 0.812934 0.767823 0.918570 0.846242 0.656880 0.760326 0.793855 0.599509 0.648603 0.921597 0.764443 0.592064 0.768116 0.902749 0.896906 0.673326 0.659717 0.964712 0.925118 0.710653 0.673305 0.634234 0.540801 0.736066 0.746793 0.978776 0.912230 0.848620 0.822603 0.973505 0.783918 0.677505 0.642562 0.756386 0.725503 0.903749 0.917671 0.928038 0.924655 0.908448 0.873406 0.871232 0.777451 0.844517 0.815150 0.728356 0.632765 0.801043 0.649827 0.925670 0.692045 0.995723 0.939712 0.997794 0.831422 0.979243 0.867474 0.774211 0.945302 0.939733 0.937303 0.938717 0.864466 0.983700 0.919793 0.925482 0.953081 0.946697 0.825866 0.882011 0.773142 0.989871 0.908906 0.900956 0.903006 0.981590 0.975799 0.972915 0.928944 0.828518 0.910995
0.918632 0.951855 0.000000 0.480489 0.905829 0.793296 0.532153 0.487544 0.775575 0.898646 0.999044 0.749150 0.786328 0.768452 0.958303 0.789336 0.775168 0.728666 0.754562 0.858088 0.883121 0.941665 0.770835 0.597339 0.637688 0.817855 0.929386 0.888685 0.983439 0.999466 0.925472 0.936958 0.856032 0.872510 0.990066 0.886910 0.852076 0.902182 0.729842 0.917743 0.957365 0.907972 0.876262 0.954042 0.779068 0.736323 0.940703 0.933441 0.666721 0.754241 0.723414 0.795036 0.816228 0.711708 0.957007 0.910581 0.920446 0.726001 0.773116 0.899457 0.797140 0.582231 0.650437 0.671597 0.547482 0.591901 0.854945 0.993774 0.923396 0.869563 0.901382 0.852360 0.870673 0.932624 0.959569 0.848842 0.945705 0.987553 0.923413 0.993105 0.861122 0.796557 0.941325 0.900736 0.756955 0.652223 0.909689 0.946768 0.648757 0.874970 0.693330 0.631893 0.699691 0.561628 0.951967 0.744267 0.876468 0.945889 0.991913 0.849241 0.831003 0.935335 0.737245 0.829694 0.879750 0.899311 0.809214 0.995385 0.935803 0.817041 0.782319 0.945367 0.931674 0.826609 0.955837 0.996744
0.987982 0.843045 0.480489 0.000000 0.911389 0.818326 0.738407 0.399406 0.973869 0.947629 0.964853 0.787563 0.946736 0.947892 0.700621 0.983399 0.784201 0.774181 0.918001 0.895648 0.936884 0.941949 0.914105 0.738059 0.595224 0.641655 0.922689 0.998380 0.729251 0.837789 0.905041 0.942723 0.923960 0.995969 0.912073 0.936860 0.815141 0.844453 0.646317 0.723552 0.984707 0.912377 0.870203 0.980477 0.598515 0.678850 0.898642 0.910616 0.616611 0.743187 0.738888 0.840906 0.670812 0.594455 0.913003 0.971952 0.983322 0.894726 0.900719 0.880798 0.943404 0.756853 0.602086 0.612132 0.722346 0.508423 0.789403 0.846610 0.711846 0.964786 0.889489 0.943947 0.927718 0.967642 0.990918 0.936777 0.980008 0.967288 0.945343 0.970688 0.866404 0.704909 0.816625 0.927317 0.959086 0.664612 0.987133 0.801196 0.721582 0.896558 0.803394 0.720514 0.669209 0.612428 0.980537 0.804321 0.832928 0.842651 0.748115 0.930025 0.841815 0.998839 0.788279 0.899495 0.814312 0.792523 0.821827 0.996572 0.837437 0.818328 0.888978 0.766767 0.980249 0.927145 0.965936 0.841101
0.927468 0.821168 0.905829 0.911389 0.000000 0.949324 0.777550 0.915441 0.669157 0.829724 0.958973 0.908074 0.644256 0.679560 0.686677 0.598088 0.988865 0.940698 0.806984 0.990601 0.836463 0.991811 0.587487 0.685383 0.958008 0.821544 0.891721 0.865423 0.886671 0.951157 0.970324 0.940588 0.885822 0.973235 0.878137 0.996274 0.815914 0.930044 0.886215 0.798842 0.925013 0.806939 0.977882 0.881292 0.839928 0.980518 0.926660 0.971878 0.989763 0.959822 0.933794 0.972939 0.923284 0.801407 0.852137 0.983407 0.773798 0.754112 0.879101 0.745414 0.752519 0.790484 0.922370 0.977420 0.682728 0.943523 0.930439 0.824056 0.834692 0.756622 0.834326 0.984838 0.975119 0.963757 0.930346 0.882012 0.915415 0.925472 0.988048 0.919984 0.753838 0.903203 0.823917 0.846820 0.603337 0.922973 0.793586 0.786068 0.948370 0.846461 0.746692 0.712795 0.984830 0.756762 0.869722 0.955045 0.882282 0.720609 0.809807 0.659618 0.907805 0.817398 0.926541 0.947684 0.914751 0.944496 0.989285 0.830647 0.965602 0.835589 0.841430 0.911098 0.956610 0.991085 0.952234 0.829353
0.955997 0.849638 0.793296 0.818326 0.949324 0.000000 0.975425 0.906451 0.963898 0.823494 0.948477 0.814308 0.934934 0.862031 0.935392 0.850311 0.876776 0.989593 0.976730 0.956274 0.808820 0.907701 0.949358 0.812942 0.598298 0.537417 0.887743 0.703090 0.926342 0.809013 0.981887 0.834123 0.861650 0.833154 0.659010 0.900620 0.863714 0.933516 0.776101 0.704675 0.796683 0.949637 0.826103 0.978581 0.944533 0.916087 0.845084 0.991318 0.843558 0.800488 0.981840 0.917810 0.879874 0.807382 0.910629 0.814094 0.954139 0.931922 0.888518 0.971030 0.876487 0.815609 0.885058 0.914184 0.607430 0.595558 0.612573 0.684924 0.984015 0.965613 0.991350 0.744156 0.985294 0.983070 0.758747 0.952106 0.991188 0.814738 0.900711 0.989161 0.945246 0.772429 0.834396 0.913589 0.722047 0.565112 0.783236 0.989289 0.903075 0.803133 0.743522 0.852568 0.638521 0.802960 0.896928 0.728262 0.885905 0.963464 0.998756 0.886948 0.813561 0.981336 0.904387 0.921850 0.786529 0.805343 0.823841 0.904117 0.994638 0.918312 0.969056 0.902525 0.896450 0.960402 0.915740 0.779818
0.973800 0.849794 0.532153 0.738407 0.777550 0.975425 0.000000 0.548864 0.594762 0.562960 0.805373 0.829642 0.498632 0.576978 0.683995 0.664434 0.993848 0.973088 0.412010 0.682651 0.753683 0.862545 0.520548 0.676231 0.980559 0.790540 0.964841 0.799554 0.676887 0.632974 0.789365 0.639509 0.648422 0.745575 0.904787 0.856471 0.870929 0.911273 0.897195 0.789793 0.881252 0.868726 0.977862 0.979362 0.946722 0.966050 0.922693 0.886946 0.941935 0.942288 0.781550 0.868051 0.959917 0.991234 0.961110 0.894695 0.924654 0.655227 0.794548 0.849794 0.616319 0.637520 0.920781 0.907353 0.718237 0.951855 0.993426 0.781996 0.915768 0.754058 0.806006 0.690849 0.720607 0.772082 0.903316 0.827036 0.909549 0.952162 0.964786 0.969414 0.976298 0.900675 0.986501 0.870822 0.679449 0.946628 0.994035 0.751225 0.672633 0.868765 0.564581 0.514255 0.749989 0.604238 0.993584 0.966255 0.919563 0.899841 0.787304 0.609607 0.873249 0.657566 0.898530 0.969935 0.967717 0.907449 0.829889 0.909222 0.964057 0.923216 0.778666 0.944548 0.970988 0.912552 0.907475 0.825157
0.949339 0.986007 0.487544 0.399406 0.915441 0.906451 0.548864 0.000000 0.857191 0.794674 0.842907 0.723973 0.931286 0.886781 0.806826 0.999350 0.877775 0.811151 0.700015 0.784740 0.873049 0.958570 0.997643 0.802578 0.755302 0.802830 0.981517 0.873761 0.977740 0.883940 0.977572 0.831315 0.919539 0.816375 0.812323 0.862517 0.896543 0.939295 0.811080 0.919198 0.938175 0.896141 0.962072 0.983365 0.681390 0.767470 0.994874 0.906170 0.747185 0.915621 0.758440 0.832084 0.773509 0.681714 0.860133 0.962284 0.983193 0.810211 0.930377 0.841200 0.907796 0.662810 0.734935 0.738775 0.843698 0.670188 0.829757 0.981430 0.775215 0.996471 0.925965 0.759638 0.773723 0.902266 0.920599 0.945876 0.991825 0.979900 0.919545 0.962575 0.989008 0.716267 0.763184 0.809929 0.991373 0.854646 0.839880 0.888975 0.768511 0.874151 0.677084 0.692982 0.651638 0.629775 0.927891 0.854058 0.774467 0.859075 0.923856 0.912097 0.723057 0.847816 0.949877 0.972349 0.939915 0.855162 0.820700 0.937969 0.935879 0.856200 0.762962 0.867251 0.927634 0.918712 0.934663 0.960321
0.841472 0.688215 0.775575 0.973869 0.669157 0.963898 0.594762 0.857191 0.000000 0.482263 0.880734 0.979598 0.624882 0.729950 0.648811 0.581239 0.956452 0.869991 0.573229 0.908210 0.830089 0.975077 0.512917 0.639513 0.876272 0.708896 0.909081 0.754844 0.782362 0.725182 0.761787 0.815241 0.909194 0.939327 0.957593 0.849389 0.780527 0.799051 0.788454 0.714656 0.865809 0.889242 0.873888 0.910984 0.915106 0.944491 0.799952 0.874858 0.987583 0.899944 0.816747 0.899949 0.798608 0.758777 0.770893 0.794309 0.717071 0.641575 0.734870 0.727608 0.848937 0.765235 0.914837 0.944528 0.784354 0.855318 0.800273 0.629136 0.695616 0.733735 0.776127 0.857280 0.881952 0.996063 0.860860 0.976486 0.994081 0.999945 0.931926 0.954750 0.888600 0.893398 0.981951 0.723121 0.770107 0.873712 0.897144 0.736301 0.893306 0.935096 0.721880 0.573391 0.896244 0.724712 0.981582 0.993822 0.894780 0.792244 0.847672 0.722357 0.890181 0.753308 0.895752 0.931441 0.802050 0.890090 0.900543 0.987080 0.998857 0.899571 0.936338 0.870069 0.911091 0.998461 0.904550 0.993502
0.882883 0.614400 0.898646 0.947629 0.829724 0.823494 0.562960 0.794674 0.482263 0.000000 0.784733 0.915060 0.693991 0.802762 0.699394 0.764711 0.935683 0.912092 0.557119 0.840336 0.782391 0.951230 0.600243 0.876803 0.725369 0.588226 0.991830 0.665542 0.670920 0.566200 0.717699 0.640741 0.916584 0.882653 0.736694 0.841833 0.797273 0.827952 0.738536 0.550019 0.831843 0.864462 0.726322 0.892675 0.925908 0.989596 0.654766 0.911078 0.881889 0.802400 0.780798 0.837030 0.802579 0.762260 0.843419 0.746425 0.790147 0.672877 0.774868 0.839641 0.858918 0.849849 0.999025 0.941057 0.975779 0.659239 0.686907 0.524669 0.740699 0.797733 0.898906 0.725344 0.775214 0.917079 0.966438 0.980048 0.877254 0.948829 0.946811 0.992842 0.978424 0.843698 0.922685 0.692227 0.956673 0.633765 0.968485 0.748310 0.906013 0.955304 0.835601 0.667957 0.863916 0.785673 0.948151 0.924386 0.862846 0.877842 0.889301 0.741019 0.941969 0.740880 0.997095 0.901911 0.810736 0.775573 0.967374 0.923941 0.918652 0.902699 0.923424 0.950148 0.932035 0.960714 0.757535 0.859774
0.616330 0.963186 0.999044 0.964853 0.958973 0.948477 0.805373 0.842907 0.880734 0.784733 0.000000 0.783636 0.747090 0.773088 0.891738 0.901220 0.747956 0.694865 0.655880 0.746567 0.904941 0.973501 0.947114 0.999920 0.944091 0.956817 0.852546 0.961820 0.670658 0.621039 0.788586 0.713491 0.665853 0.642034 0.911091 0.957512 0.915611 0.977864 0.842530 0.977211 0.958410 0.800087 0.992615 0.841956 0.895972 0.836072 0.896492 0.886366 0.800116 0.770298 0.845969 0.805389 0.790502 0.964277 0.985173 0.771603 0.821338 0.882744 0.771420 0.748383 0.718164 0.781423 0.752026 0.627100 0.914143 0.901171 0.806159 0.945135 0.987174 0.949677 0.931941 0.924217 0.990819 0.991700 0.965307 0.933930 0.996495 0.984590 0.875317 0.939368 0.691869 0.688732 0.972481 0.865512 0.977213 0.929169 0.788231 0.978469 0.928996 0.807680 0.849316 0.970054 0.884373 0.917865 0.911773 0.999500 0.847843 0.906961 0.814632 0.858381 0.811963 0.943496 0.768746 0.914202 0.945385 0.945395 0.999945 0.999268 0.907721 0.932097 0.943929 0.986727 0.968342 0.866789 0.951988 0.970055
0.801221 0.774775 0.749150 0.787563 0.908074 0.814308 0.829642 0.723973 0.979598 0.915060 0.783636 0.000000 0.819313 0.679158 0.986604 0.828784 0.893097 0.920568 0.880857 0.871063 0.899030 0.977246 0.971032 0.775504 0.726129 0.754678 0.913637 0.967041 0.911405 0.978724 0.928137 0.955158 0.703384 0.756377 0.787724 0.836272 0.800158 0.936112 0.926965 0.852962 0.976227 0.985948 0.855106 0.915619 0.967765 0.961351 0.853198 0.946679 0.887365 0.977713 0.865027 0.819821 0.970067 0.894804 0.838853 0.699116 0.866115 0.934613 0.808924 0.830000 0.727982 0.574669 0.946895 0.863778 0.840113 0.672683 0.593650 0.725569 0.922268 0.983187 0.939992 0.949759 0.917837 0.890665 0.938053 0.827603 0.963280 0.929140 0.935735 0.912779 0.957246 0.665836 0.891465 0.905267 0.832920 0.704753 0.946362 0.973682 0.921995 0.780247 0.762197 0.992355 0.682600 0.905496 0.919826 0.899327 0.736199 0.924249 0.925175 0.862440 0.761047 0.853763 0.895974 0.997686 0.903414 0.751966 0.956544 0.988728 0.934515 0.998686 0.971255 0.968229 0.887210 0.971783 0.889326 0.948148
0.882166 0.955591 0.786328 0.946736 0.644256 0.934934 0.498632 0.931286 0.624882 0.693991 0.747090 0.819313 0.000000 0.479733 0.435659 0.443067 0.874195 0.812877 0.465290 0.694151 0.847831 0.883252 0.413679 0.597180 0.999925 0.753084 0.998531 0.883636 0.613461 0.667458 0.743081 0.678192 0.590791 0.735312 0.904314 0.971057 0.841620 0.928674 0.861215 0.802519 0.975918 0.969759 0.889367 0.901974 0.698258 0.867208 0.969769 0.949663 0.901296 0.893653 0.989105 0.915284 0.737259 0.816272 0.836664 0.982661 0.999352 0.813793 0.881215 0.723672 0.499707 0.701803 0.878972 0.842824 0.640131 0.966908 0.992111 0.843183 0.813086 0.723220 0.773350 0.863229 0.844204 0.783980 0.926231 0.821832 0.842471 0.875322 0.937233 0.975662 0.995686 0.951194 0.789711 0.954147 0.507951 0.899769 0.861239 0.623397 0.754715 0.836544 0.715435 0.669477 0.874247 0.800891 0.998605 0.961445 0.944418 0.822297 0.692491 0.550092 0.947768 0.686928 0.885122 0.988064 0.882341 0.914529 0.957639 0.975749 0.930924 0.912496 0.975555 0.820772 0.849535 0.990575 0.947236 0.872050
0.921172 0.966948 0.768452 0.947892 0.679560 0.862031 0.576978 0.886781 0.729950 0.802762 0.773088 0.679158 0.479733 0.000000 0.649924 0.571444 0.948350 0.936216 0.588612 0.732552 0.867194 0.794424 0.564445 0.572675 0.956855 0.913848 0.983510 0.935143 0.690475 0.876741 0.897701 0.814915 0.632351 0.713310 0.756441 0.909889 0.899477 0.987119 0.920064 0.895812 0.936907 0.904048 0.937849 0.925536 0.779698 0.886986 0.928401 0.851599 0.966287 0.914341 0.984160 0.856007 0.843665 0.836981 0.958106 0.946264 0.953778 0.867498 0.975585 0.854371 0.522281 0.621778 0.853474 0.852585 0.690165 0.878209 0.832746 0.942614 0.829645 0.807239 0.863269 0.909509 0.993379 0.836430 0.989489 0.758435 0.916896 0.934500 0.957816 0.983840 0.951262 0.829918 0.738507 0.878227 0.527380 0.750993 0.937690 0.610408 0.719278 0.743856 0.685671 0.750705 0.780299 0.826333 0.928182 0.989044 0.993051 0.834927 0.825875 0.681647 0.921685 0.802752 0.953849 0.948475 0.901972 0.980062 0.918896 0.986469 0.999937 0.911500 0.996783 0.944089 0.923019 0.933556 0.994361 0.969171
0.984538 0.896403 0.958303 0.700621 0.686677 0.935392 0.683995 0.806826 0.648811 0.699394 0.891738 0.986604 0.435659 0.649924 0.000000 0.446554 0.872980 0.798190 0.656072 0.879831 0.903622 0.921732 0.398818 0.728990 0.914457 0.714187 0.896697 0.957861 0.562460 0.676113 0.713791 0.742410 0.657594 0.878038 0.865685 0.958276 0.820461 0.801683 0.726958 0.716770 0.959984 0.938569 0.993180 0.984871 0.680093 0.860692 0.924306 0.933979 0.831797 0.893184 0.934442 0.987897 0.728786 0.720581 0.839651 0.837699 0.874099 0.865822 0.792816 0.614330 0.679997 0.911784 0.867432 0.819977 0.698509 0.776084 0.849973 0.699865 0.630449 0.697849 0.890393 0.952264 0.850605 0.880019 0.988745 0.858439 0.877106 0.879939 0.952587 0.993413 0.992897 0.871933 0.703252 0.948681 0.573592 0.997765 0.814879 0.614139 0.913535 0.957913 0.876006 0.744596 0.915690 0.893345 0.976729 0.883392 0.796467 0.710851 0.745204 0.655893 0.838284 0.833331 0.861205 0.967947 0.996464 0.819031 0.898203 0.989708 0.989841 0.896105 0.986088 0.761068 0.850225 0.963519 0.976214 0.895660
0.930391 0.979203 0.789336 0.983399 0.598088 0.850311 0.664434 0.999350 0.581239 0.764711 0.901220 0.828784 0.443067 0.571444 0.446554 0.000000 0.961044 0.888107 0.664606 0.805667 0.895603 0.936975 0.417661 0.508393 0.864863 0.903291 0.800732 0.977067 0.699563 0.817693 0.759160 0.849028 0.745678 0.950581 0.866262 0.980460 0.956036 0.969124 0.921038 0.859358 0.999152 0.930238 0.904144 0.999748 0.865777 0.985174 0.998639 0.913098 0.979187 0.943298 0.853350 0.965161 0.848929 0.863721 0.856370 0.920106 0.890106 0.828530 0.723442 0.607962 0.758211 0.792742 0.953069 0.995827 0.511302 0.971841 0.915308 0.756432 0.722100 0.701022 0.804182 0.964654 0.903294 0.854162 0.951567 0.827289 0.932656 0.887801 0.937186 0.989000 0.865152 0.960863 0.691566 0.955169 0.491676 0.809104 0.800745 0.656019 0.839736 0.823990 0.782798 0.622319 0.948200 0.678017 0.977850 0.989992 0.813445 0.653535 0.873400 0.681057 0.917949 0.823078 0.741441 0.874514 0.922237 0.927162 0.885773 0.950195 0.933509 0.904058 0.874948 0.824434 0.863729 0.917008 0.908949 0.937848
0.735672 0.758576 0.775168 0.784201 0.988865 0.876776 0.993848 0.877775 0.956452 0.935683 0.747956 0.893097 0.874195 0.948350 0.872980 0.961044 0.000000 0.511357 0.872189 0.944496 0.998217 0.993538 0.978551 0.815533 0.808716 0.879302 0.856855 0.934155 0.709392 0.640316 0.786458 0.760534 0.758777 0.722994 0.902798 0.931495 0.972609 0.971591 0.786335 0.982634 0.959910 0.863185 0.949175 0.708973 0.733831 0.651917 0.916615 0.937093 0.749972 0.688156 0.729554 0.745497 0.750870 0.783874 0.960838 0.833676 0.713140 0.719987 0.810547 0.935563 0.866147 0.895002 0.560524 0.560308 0.758821 0.743555 0.998988 0.938790 0.996832 0.928279 0.937883 0.928258 0.978023 0.919879 0.934501 0.842845 0.841923 0.904118 0.661205 0.726804 0.642533 0.962854 0.915025 0.866440 0.922730 0.863585 0.896877 0.892288 0.948623 0.927553 0.987420 0.891776 0.862022 0.775144 0.926826 0.861715 0.944812 0.896430 0.828601 0.914546 0.916331 0.875908 0.725524 0.729704 0.973574 0.988522 0.932656 0.998877 0.974084 0.932965 0.901172 0.864258 0.926008 0.789813 0.932981 0.920182
0.630177 0.692640 0.728666 0.774181 0.940698 0.989593 0.973088 0.811151 0.869991 0.912092 0.694865 0.920568 0.812877 0.936216 0.798190 0.888107 0.511357 0.000000 0.885282 0.823157 0.958706 0.910126 0.959364 0.856073 0.953314 0.917865 0.937423 0.784861 0.681192 0.714664 0.783958 0.826760 0.691913 0.805404 0.869761 0.846922 0.943989 0.939470 0.835161 0.975051 0.864003 0.730444 0.880247 0.720758 0.756672 0.685101 0.853355 0.860533 0.736392 0.755084 0.764469 0.762954 0.803523 0.856380 0.940959 0.770280 0.661894 0.646010 0.793699 0.911155 0.864979 0.838853 0.553871 0.555744 0.864121 0.771551 0.912746 0.885301 0.960481 0.979789 0.948122 0.986004 0.948759 0.882289 0.961597 0.980825 0.811358 0.841931 0.673607 0.842159 0.670140 0.826574 0.816483 0.659639 0.950027 0.977259 0.946714 0.824725 0.953871 0.913704 0.935733 0.884896 0.952391 0.819628 0.938190 0.815601 0.914050 0.944247 0.804662 0.923089 0.902260 0.930199 0.846273 0.776254 0.921352 0.984639 0.823459 0.912190 0.946070 0.956465 0.996030 0.911427 0.951090 0.778898 0.863490 0.966857
0.820084 0.907012 0.754562 0.918001 0.806984 0.976730 0.412010 0.700015 0.573229 0.557119 0.655880 0.880857 0.465290 0.588612 0.656072 0.664606 0.872189 0.885282 0.000000 0.656296 0.844283 0.886522 0.541319 0.736314 0.838862 0.710649 0.955350 0.790789 0.627903 0.552693 0.723776 0.649870 0.706521 0.650475 0.874278 0.929189 0.786378 0.905584 0.762857 0.771196 0.943565 0.965032 0.956405 0.896013 0.812939 0.866143 0.898747 0.825589 0.845782 0.724337 0.975192 0.921987 0.780545 0.843554 0.911378 0.965762 0.987236 0.812616 0.940271 0.970422 0.578629 0.706079 0.874559 0.887331 0.849675 0.902359 0.999726 0.786377 0.951528 0.805000 0.771787 0.809390 0.746252 0.805385 0.981556 0.927152 0.827168 0.991552 0.939739 0.970303 0.872577 0.865598 0.933915 0.894949 0.699211 0.973019 0.905232 0.686406 0.746500 0.853735 0.579438 0.592034 0.807533 0.742391 0.985632 0.920255 0.938065 0.915620 0.759655 0.614252 0.880649 0.654772 0.986299 0.956177 0.966536 0.927085 0.923117 0.819734 0.981737 0.999993 0.833624 0.820165 0.866814 0.995621 0.955931 0.861456
0.893516 0.955339 0.858088 0.895648 0.990601 0.956274 0.682651 0.784740 0.908210 0.840336 0.746567 0.871063 0.694151 0.732552 0.879831 0.805667 0.944496 0.823157 0.656296 0.000000 0.751302 0.826173 0.793092 0.826182 0.970585 0.911166 0.977330 0.866955 0.818521 0.711037 0.914741 0.805115 0.871581 0.836243 0.816962 0.967890 0.905003 0.890805 0.946550 0.926352 0.960516 0.984615 0.987996 0.901038 0.951650 0.994957 0.945138 0.932845 0.955964 0.993911 0.932814 0.944953 0.906663 0.940863 0.997001 0.821833 0.917751 0.932512 0.941819 0.963078 0.828275 0.868820 0.996381 0.996503 0.891972 0.968798 0.995613 0.875158 0.993604 0.899995 0.773136 0.772571 0.881890 0.809593 0.753737 0.979318 0.849234 0.948485 0.890029 0.953896 0.941199 0.797454 0.931351 0.894593 0.842684 0.968139 0.999600 0.773153 0.738426 0.821147 0.902565 0.841362 0.824118 0.836653 0.998223 0.918192 0.980733 0.985979 0.858919 0.852030 0.946283 0.811421 0.899600 0.990903 0.951937 0.964359 0.893898 0.883735 0.964680 0.960387 0.936410 0.936919 0.965042 0.927072 0.977438 0.982537
0.852676 0.830442 0.883121 0.936884 0.836463 0.808820 0.753683 0.873049 0.830089 0.782391 0.904941 0.899030 0.847831 0.867194 0.903622 0.895603 0.998217 0.958706 0.844283 0.751302 0.000000 0.923941 0.750019 0.911409 0.875235 0.808230 0.951836 0.830176 0.958118 0.890155 0.960342 0.784927 0.973745 0.922165 0.949590 0.967379 0.836850 0.848380 0.885494 0.697408 0.908247 0.821028 0.790845 0.816341 0.865769 0.788012 0.827875 0.925634 0.834690 0.962079 0.797582 0.843555 0.956195 0.950243 0.921219 0.937921 0.744364 0.686979 0.832390 0.877510 0.933576 0.832788 0.843387 0.878155 0.923971 0.994787 0.848127 0.779878 0.871403 0.730266 0.852164 0.840390 0.815038 0.818307 0.925190 0.992309 0.951058 0.973727 0.923521 0.999532 0.784776 0.901622 0.933607 0.819132 0.893693 0.890393 0.985073 0.868143 0.980552 0.999725 0.957781 0.800932 0.933663 0.845352 0.909723 0.822136 0.929825 0.971649 0.990990 0.961458 0.845501 0.765345 0.954674 0.819635 0.963092 0.979965 0.885295 0.930145 0.989515 0.904023 0.994618 0.941286 0.913994 0.911497 0.879473 0.916187
0.974724 0.967800 0.941665 0.941949 0.991811 0.907701 0.862545 0.958570 0.975077 0.951230 0.973501 0.977246 0.883252 0.794424 0.921732 0.936975 0.993538 0.910126 0.886522 0.826173 0.923941 0.000000 0.937101 0.924110 0.991008 0.960744 0.970974 0.959169 0.962298 0.979870 0.961264 0.962984 0.872495 0.927961 0.948812 0.995795 0.956605 0.836888 0.995657 0.937185 0.969312 0.862651 0.975651 0.990445 0.973622 0.995530 0.969268 0.937073 0.949220 0.966687 0.922505 0.922926 0.830841 0.965832 0.964561 0.975219 0.989679 0.961590 0.972865 0.939808 0.994041 0.958830 0.974181 0.925972 0.942784 0.990605 0.971112 0.965184 0.940226 0.953354 0.832498 0.988863 0.966212 0.953060 0.943233 0.882120 0.837703 0.971892 0.983451 0.846415 0.900068 0.948299 0.965399 0.928667 0.890981 0.996673 0.896039 0.821549 0.783063 0.889436 0.963233 0.883975 0.956442 0.872203 0.871259 0.811271 0.961065 0.954038 0.933385 0.917821 0.990037 0.911846 0.966266 0.942191 0.915230 0.961066 0.931348 0.988274 0.914974 0.993897 0.982790 0.969935 0.876732 0.919286 0.945005 0.917536
0.901394 0.795399 0.770835 0.914105 0.587487 0.949358 0.520548 0.997643 0.512917 0.600243 0.947114 0.971032 0.413679 0.564445 0.398818 0.417661 0.978551 0.959364 0.541319 0.793092 0.750019 0.937101 0.000000 0.562058 0.973983 0.671306 0.837110 0.882177 0.672396 0.736054 0.750901 0.789961 0.719940 0.939028 0.927434 0.939492 0.803405 0.880044 0.778119 0.646988 0.926783 0.862875 0.967573 0.895815 0.793750 0.996423 0.864997 0.945924 0.942637 0.960281 0.818313 0.969960 0.801262 0.749140 0.791716 0.817775 0.781678 0.740896 0.733988 0.633987 0.645862 0.761637 0.972160 0.983454 0.571870 0.917397 0.844278 0.667628 0.695214 0.676147 0.836771 0.894281 0.817960 0.838481 0.968449 0.865016 0.879697 0.924161 0.993009 0.928076 0.878966 0.916837 0.713924 0.973659 0.466879 0.917824 0.802222 0.577438 0.808527 0.886261 0.726528 0.540174 0.958520 0.687143 0.999419 0.997262 0.853778 0.719599 0.813616 0.611539 0.929642 0.705417 0.765542 0.902338 0.964232 0.851830 0.968617 0.963513 0.974673 0.926736 0.982870 0.832350 0.831057 0.973750 0.991367 0.954481
0.928160 0.967984 0.597339 0.738059 0.685383 0.812942 0.676231 0.802578 0.639513 0.876803 0.999920 0.775504 0.597180 0.572675 0.728990 0.508393 0.815533 0.856073 0.736314 0.826182 0.911409 0.924110 0.562058 0.000000 0.682699 0.951105 0.781540 0.923844 0.970797 0.962755 0.926675 0.983776 0.839226 0.951227 0.835431 0.979986 0.987291 0.833762 0.900066 0.977452 0.935026 0.914524 0.907806 0.890367 0.950209 0.800343 0.960032 0.957686 0.768327 0.792454 0.812635 0.973452 0.953255 0.981407 0.899377 0.969221 0.839723 0.809515 0.801758 0.778243 0.763442 0.632616 0.811137 0.828482 0.458356 0.674845 0.897454 0.973209 0.917298 0.802616 0.778830 0.987470 0.970583 0.975973 0.912203 0.852207 0.993762 0.828273 0.958968 0.849362 0.739208 0.931363 0.802805 0.984833 0.501901 0.614596 0.715546 0.756414 0.694115 0.846648 0.778065 0.680603 0.831826 0.637140 0.947689 0.831851 0.927692 0.925439 0.989193 0.758680 0.967299 0.863208 0.598627 0.869790 0.824073 0.831203 0.913268 0.977409 0.852280 0.953154 0.977795 0.998416 0.906768 0.931864 0.910300 0.844264
0.977404 0.770492 0.637688 0.595224 0.958008 0.598298 0.980559 0.755302 0.876272 0.725369 0.944091 0.726129 0.999925 0.956855 0.914457 0.864863 0.808716 0.953314 0.838862 0.970585 0.875235 0.991008 0.973983 0.682699 0.000000 0.523009 0.744379 0.830228 0.790094 0.743756 0.987288 0.734376 0.917711 0.976535 0.799019 0.914034 0.710128 0.699571 0.582703 0.661128 0.906713 0.974101 0.819210 0.951720 0.725588 0.748390 0.787897 0.943452 0.640623 0.589069 0.857492 0.945362 0.671980 0.603885 0.826095 0.873312 0.992973 0.938705 0.960176 0.999918 0.998733 0.758115 0.737890 0.791533 0.558087 0.455800 0.670825 0.690459 0.838357 0.975775 0.995049 0.917600 0.927986 0.925849 0.988190 0.976258 0.980218 0.803386 0.934588 0.985387 0.902214 0.744619 0.945150 0.780948 0.810400 0.480706 0.710740 0.825129 0.772486 0.892687 0.940896 0.957834 0.695289 0.769077 0.896639 0.749419 0.887062 0.931428 0.835124 0.985843 0.786220 0.899859 0.745376 0.845956 0.726055 0.674309 0.998349 0.846883 0.915571 0.825790 0.972292 0.888593 0.946340 0.991570 0.827728 0.729819
0.897617 0.644691 0.817855 0.641655 0.821544 0.537417 0.790540 0.802830 0.708896 0.588226 0.956817 0.754678 0.753084 0.913848 0.714187 0.903291 0.879302 0.917865 0.710649 0.911166 0.808230 0.960744 0.671306 0.951105 0.523009 0.000000 0.925505 0.654673 0.729330 0.641957 0.842266 0.792535 0.943622 0.927986 0.808858 0.914517 0.717587 0.842988 0.587695 0.528903 0.848034 0.977619 0.741297 0.915231 0.746969 0.854095 0.724973 0.987718 0.753958 0.738289 0.950838 0.911586 0.742665 0.659211 0.736470 0.733302 0.869768 0.758601 0.797637 0.795739 0.911482 0.880929 0.808338 0.866514 0.779776 0.468742 0.569764 0.549687 0.769007 0.867948 0.939758 0.790885 0.906477 0.964471 0.869173 0.934496 0.962411 0.867186 0.963960 0.950616 0.967261 0.647953 0.954319 0.829969 0.992398 0.532401 0.943713 0.675214 0.970691 0.825057 0.985127 0.914169 0.734682 0.908617 0.942614 0.755867 0.829938 0.815773 0.831957 0.815811 0.823120 0.784461 0.979781 0.946751 0.795395 0.692999 0.930330 0.909098 0.966652 0.852991 0.983131 0.952865 0.963641 0.981351 0.894947 0.750898
0.861170 0.958456 0.929386 0.922689 0.891721 0.887743 0.964841 0.981517 0.909081 0.991830 0.852546 0.913637 0.998531 0.983510 0.896697 0.800732 0.856855 0.937423 0.955350 0.977330 0.951836 0.970974 0.837110 0.781540 0.744379 0.925505 0.000000 0.972565 0.951139 0.833150 0.957037 0.810080 0.926271 0.844571 0.974206 0.818916 0.917522 0.847747 0.885468 0.964161 0.960459 0.923575 0.909340 0.806530 0.829595 0.784385 0.979862 0.902520 0.782106 0.728922 0.787682 0.864590 0.892727 0.920222 0.957747 0.871422 0.806399 0.916779 0.810532 0.807531 0.898851 0.982004 0.835350 0.781990 0.699357 0.835618 0.911954 0.932582 0.979222 0.925470 0.981137 0.899333 0.940470 0.861367 0.918251 0.989352 0.908325 0.994069 0.888332 0.929715 0.862459 0.932028 0.825373 0.950066 0.798515 0.791263 0.780677 0.929646 0.869403 0.988827 0.984950 0.830220 0.984797 0.863109 0.995346 0.944207 0.980478 0.963192 0.887455 0.957951 0.898810 0.921191 0.650778 0.773105 0.981641 0.882259 0.880802 0.976162 0.976891 0.969682 0.932926 0.985611 0.944267 0.952826 0.844898 0.771000
0.815672 0.680654 0.888685 0.998380 0.865423 0.703090 0.799554 0.873761 0.754844 0.665542 0.961820 0.967041 0.883636 0.935143 0.957861 0.977067 0.934155 0.784861 0.790789 0.866955 0.830176 0.959169 0.882177 0.923844 0.830228 0.654673 0.972565 0.000000 0.950295 0.797666 0.921037 0.966377 0.887643 0.992756 0.723490 0.865926 0.923430 0.989472 0.863883 0.787035 0.836886 0.881117 0.810569 0.897863 0.968364 0.955792 0.863358 0.964607 0.967196 0.935542 0.873090 0.831928 0.989048 0.915419 0.798147 0.865337 0.869390 0.706748 0.824373 0.957930 0.988419 0.881249 0.922967 0.874351 0.889280 0.845910 0.765971 0.711396 0.975983 0.953542 0.849138 0.746830 0.867891 0.996470 0.845783 0.990010 0.971397 0.895378 0.894518 0.945775 0.863057 0.890239 0.848337 0.728959 0.929894 0.761382 0.996536 0.889168 0.806663 0.904714 0.959458 0.856295 0.882998 0.983652 0.997797 0.923012 0.960110 0.981319 0.983467 0.889827 0.987557 0.894158 0.905096 0.937686 0.791116 0.812493 0.861828 0.959748 0.986939 0.926279 0.995874 0.971790 0.962872 0.936229 0.914211 0.922649
0.822494 0.910425 0.983439 0.729251 0.886671 0.926342 0.676887 0.977740 0.782362 0.670920 0.670658 0.911405 0.613461 0.690475 0.562460 0.699563 0.709392 0.681192 0.627903 0.818521 0.958118 0.962298 0.672396 0.970797 0.790094 0.729330 0.951139 0.950295 0.000000 0.500474 0.683043 0.627766 0.570641 0.688420 0.984892 0.949811 0.903580 0.812800 0.694293 0.725799 0.960018 0.840338 0.962363 0.853437 0.699969 0.721386 0.907873 0.904878 0.718247 0.709492 0.952235 0.964023 0.673347 0.769940 0.992910 0.907007 0.891492 0.928733 0.947029 0.856664 0.714306 0.956280 0.647555 0.662674 0.942776 0.658702 0.904532 0.799313 0.707995 0.774243 0.996543 0.792142 0.837503 0.877036 0.903518 0.878490 0.965017 0.931592 0.830272 0.968344 0.738550 0.979117 0.810062 0.975374 0.846025 0.831877 0.831030 0.681304 0.980314 0.852933 0.866547 0.895575 0.953217 0.933480 0.981817 0.798797 0.948031 0.788006 0.675265 0.776864 0.972941 0.846475 0.882634 0.916942 0.827379 0.720155 0.913296 0.876203 0.756255 0.860699 0.930645 0.852699 0.944933 0.841833 0.972792 0.778363
0.775182 0.934656 0.999466 0.837789 0.951157 0.809013 0.632974 0.883940 0.725182 0.566200 0.621039 0.978724 0.667458 0.876741 0.676113 0.817693 0.640316 0.714664 0.552693 0.711037 0.890155 0.979870 0.736054 0.962755 0.743756 0.641957 0.833150 0.797666 0.500474 0.000000 0.646489 0.568282 0.738369 0.719138 0.769464 0.923172 0.911720 0.852225 0.627949 0.692434 0.966932 0.899563 0.957198 0.851334 0.782452 0.767843 0.843616 0.920249 0.719750 0.671337 0.967253 0.980444 0.748056 0.835055 0.976346 0.982853 0.886328 0.975865 0.968022 0.956770 0.769584 0.986735 0.770191 0.713417 0.842417 0.638082 0.877944 0.712162 0.906166 0.974128 0.867199 0.725159 0.726490 0.811255 0.951222 0.903308 0.919711 0.980340 0.788733 0.861199 0.669725 0.925001 0.952919 0.945807 0.983236 0.733385 0.877263 0.804692 0.909842 0.987042 0.800738 0.853285 0.956067 0.962304 0.937126 0.883493 0.973128 0.962350 0.676850 0.742329 0.983669 0.655308 0.822132 0.782473 0.876987 0.818036 0.985781 0.889776 0.923519 0.943126 0.828976 0.851847 0.925171 0.888523 0.916352 0.757262
0.915819 0.987168 0.925472 0.905041 0.970324 0.981887 0.789365 0.977572 0.761787 0.717699 0.788586 0.928137 0.743081 0.897701 0.713791 0.759160 0.786458 0.783958 0.723776 0.914741 0.960342 0.961264 0.750901 0.926675 0.987288 0.842266 0.957037 0.921037 0.683043 0.646489 0.000000 0.810366 0.762525 0.778391 0.930176 0.867588 0.952221 0.996855 0.878550 0.876057 0.999394 0.890098 0.983422 0.970111 0.809246 0.874326 0.846105 0.971653 0.866770 0.804883 0.961379 0.956235 0.786350 0.864159 0.954727 0.893236 0.962328 0.989471 0.877961 0.893462 0.867812 0.948663 0.829090 0.796049 0.966217 0.773299 0.983116 0.828066 0.862395 0.850969 0.897205 0.988655 0.940449 0.988325 0.895635 0.997980 0.796728 0.987123 0.927172 0.777468 0.740738 0.954183 0.845866 0.956382 0.883945 0.926122 0.950575 0.879867 0.872782 0.882181 0.950953 0.894957 0.953932 0.854980 0.959781 0.956491 0.994255 0.998131 0.885841 0.808378 0.982447 0.870164 0.934361 0.962112 0.960118 0.900512 0.806033 0.911290 0.932912 0.885624 0.999787 0.906983 0.996759 0.929903 0.965857 0.906947
0.767850 0.976624 0.936958 0.942723 0.940588 0.834123 0.639509 0.831315 0.815241 0.640741 0.713491 0.955158 0.678192 0.814915 0.742410 0.849028 0.760534 0.826760 0.649870 0.805115 0.784927 0.962984 0.789961 0.983776 0.734376 0.792535 0.810080 0.966377 0.627766 0.568282 0.810366 0.000000 0.696718 0.755892 0.885132 0.973265 0.864283 0.817770 0.819057 0.723177 0.910367 0.937165 0.971491 0.883253 0.823458 0.849165 0.935637 0.863625 0.843994 0.751142 0.968979 0.982095 0.721056 0.839273 0.980615 0.956323 0.973990 0.863992 0.988342 0.995943 0.716466 0.909664 0.790388 0.786546 0.909878 0.752051 0.923270 0.801831 0.853475 0.920593 0.877548 0.725374 0.764932 0.778064 0.887826 0.849439 0.937688 0.950650 0.897127 0.882006 0.782883 0.986129 0.985716 0.976314 0.937145 0.786718 0.817755 0.819575 0.966366 0.994929 0.858155 0.885972 0.996062 0.987515 0.997385 0.894430 0.930672 0.944160 0.683264 0.733220 0.957753 0.745101 0.809904 0.879376 0.952871 0.935720 0.908942 0.863717 0.964598 0.955171 0.873192 0.924945 0.943452 0.984024 0.856773 0.747202
0.810024 0.923312 0.856032 0.923960 0.885822 0.861650 0.648422 0.919539 0.909194 0.916584 0.665853 0.703384 0.590791 0.632351 0.657594 0.745678 0.758777 0.691913 0.706521 0.871581 0.973745 0.872495 0.719940 0.839226 0.917711 0.943622 0.926271 0.887643 0.570641 0.738369 0.762525 0.696718 0.000000 0.608856 0.748318 0.913089 0.980010 0.985677 0.873645 0.993474 0.910124 0.908934 0.869671 0.806770 0.714242 0.796189 0.877201 0.883512 0.898266 0.855553 0.830623 0.808588 0.755715 0.897862 0.971753 0.823507 0.847717 0.998363 0.849592 0.995603 0.533744 0.726038 0.686623 0.665049 0.850788 0.986129 0.730021 0.869171 0.829780 0.829750 0.967053 0.885070 0.898560 0.934639 0.962596 0.823514 0.986260 0.896905 0.901619 0.890710 0.804756 0.821723 0.869948 0.784000 0.722244 0.857203 0.947863 0.772486 0.927185 0.878894 0.735428 0.941257 0.773563 0.991751 0.993194 0.960796 0.759128 0.991985 0.702778 0.658642 0.765215 0.836365 0.848884 0.906350 0.890648 0.921791 0.968481 0.959513 0.997721 0.949142 0.762943 0.910690 0.987115 0.914907 0.886148 0.819751
0.649534 0.851977 0.872510 0.995969 0.973235 0.833154 0.745575 0.816375 0.939327 0.882653 0.642034 0.756377 0.735312 0.713310 0.878038 0.950581 0.722994 0.805404 0.650475 0.836243 0.922165 0.927961 0.939028 0.951227 0.976535 0.927986 0.844571 0.992756 0.688420 0.719138 0.778391 0.755892 0.608856 0.000000 0.847061 0.906179 0.994253 0.986111 0.936357 0.978761 0.909812 0.888833 0.767342 0.682081 0.711834 0.666854 0.791119 0.715225 0.768245 0.719909 0.714773 0.693426 0.745258 0.898084 0.785337 0.798717 0.742182 0.902291 0.707636 0.757626 0.549017 0.709317 0.703494 0.694983 0.976226 0.954443 0.687089 0.771093 0.969479 0.926249 0.907744 0.811922 0.970037 0.870577 0.884783 0.868657 0.837381 0.888132 0.890392 0.733674 0.651101 0.746230 0.994377 0.947873 0.883439 0.881127 0.846426 0.912433 0.879221 0.772275 0.677408 0.965427 0.719766 0.998182 0.966072 0.937246 0.840702 0.817236 0.692651 0.721001 0.701476 0.824502 0.740022 0.858355 0.994008 0.866811 0.983736 0.922612 0.989997 0.946695 0.680413 0.745454 0.925040 0.788114 0.892446 0.932542
0.965968 0.808805 0.990066 0.912073 0.878137 0.659010 0.904787 0.812323 0.957593 0.736694 0.911091 0.787724 0.904314 0.756441 0.865685 0.866262 0.902798 0.869761 0.874278 0.816962 0.949590 0.948812 0.927434 0.835431 0.799019 0.808858 0.974206 0.723490 0.984892 0.769464 0.930176 0.885132 0.748318 0.847061 0.000000 0.794206 0.859015 0.973428 0.802077 0.874392 0.850641 0.963197 0.776667 0.892279 0.774147 0.883407 0.715263 0.906643 0.979510 0.969080 0.770273 0.723523 0.848171 0.847671 0.878418 0.781398 0.996500 0.888678 0.800892 0.976235 0.783186 0.859996 0.803949 0.827796 0.793426 0.769753 0.623552 0.605240 0.903219 0.952756 0.940106 0.860191 0.869246 0.988540 0.857815 0.875328 0.991175 0.688411 0.927054 0.869488 0.918681 0.964825 0.835981 0.870161 0.760962 0.676164 0.842474 0.917911 0.954317 0.960132 0.858672 0.913933 0.841756 0.901744 0.884261 0.940680 0.917107 0.971967 0.853004 0.893109 0.991158 0.989613 0.911320 0.908905 0.856044 0.825463 0.894031 0.973022 0.833555 0.962769 0.952167 0.916728 0.935045 0.842660 0.845985 0.928156
0.860224 0.812934 0.886910 0.936860 0.996274 0.900620 0.856471 0.862517 0.849389 0.841833 0.957512 0.836272 0.971057 0.909889 0.958276 0.980460 0.931495 0.846922 0.929189 0.967890 0.967379 0.995795 0.939492 0.979986 0.914034 0.914517 0.818916 0.865926 0.949811 0.923172 0.867588 0.973265 0.913089 0.906179 0.794206 0.000000 0.841829 0.910274 0.897315 0.925820 0.821682 0.932049 0.966534 0.991243 0.921321 0.977868 0.887280 0.896078 0.991914 0.987860 0.811715 0.826536 0.920682 0.972947 0.882042 0.818029 0.933693 0.869000 0.803830 0.862545 0.875352 0.940154 0.854848 0.834593 0.983692 0.904507 0.796379 0.743867 0.975724 0.944128 0.935918 0.815770 0.911206 0.903785 0.990409 0.960654 0.898011 0.987197 0.971358 0.816460 0.965667 0.942788 0.783359 0.868922 0.921617 0.879602 0.976801 0.978981 0.937309 0.986739 0.965541 0.842838 0.890585 0.893504 0.992682 0.955788 0.890770 0.870893 0.939319 0.990517 0.951045 0.938933 0.936978 0.878136 0.848130 0.820466 0.993211 0.954768 0.896422 0.986256 0.890970 0.942794 0.987670 0.912955 0.836205 0.916633
0.965400 0.767823 0.852076 0.815141 0.815914 0.863714 0.870929 0.896543 0.780527 0.797273 0.915611 0.800158 0.841620 0.899477 0.820461 0.956036 0.972609 0.943989 0.786378 0.905003 0.836850 0.956605 0.803405 0.987291 0.710128 0.717587 0.917522 0.923430 0.903580 0.911720 0.952221 0.864283 0.980010 0.994253 0.859015 0.841829 0.000000 0.884668 0.626379 0.802748 0.832029 0.905630 0.781273 0.839102 0.948792 0.987389 0.730763 0.828959 0.988054 0.923826 0.889300 0.943075 0.936766 0.832158 0.743810 0.885845 0.764028 0.753442 0.899291 0.831626 0.915901 0.968550 0.997658 0.969967 0.989655 0.809314 0.771499 0.764038 0.779648 0.824313 0.966100 0.926321 0.860767 0.967027 0.981116 0.895014 0.914043 0.956405 0.918665 0.910239 0.965143 0.733883 0.915677 0.918719 0.934572 0.792224 0.884551 0.820651 0.970072 0.940074 0.991872 0.926719 0.850031 0.919617 0.931716 0.887860 0.927273 0.840565 0.958582 0.968815 0.889251 0.866068 0.998589 0.996948 0.782293 0.893833 0.899597 0.916366 0.971995 0.982079 0.986571 0.969640 0.989109 0.917584 0.801537 0.932063
0.957058 0.918570 0.902182 0.844453 0.930044 0.933516 0.911273 0.939295 0.799051 0.827952 0.977864 0.936112 0.928674 0.987119 0.801683 0.969124 0.971591 0.939470 0.905584 0.890805 0.848380 0.836888 0.880044 0.833762 0.699571 0.842988 0.847747 0.989472 0.812800 0.852225 0.996855 0.817770 0.985677 0.986111 0.973428 0.910274 0.884668 0.000000 0.807829 0.726619 0.944115 0.994966 0.912093 0.917602 0.863087 0.928393 0.881636 0.985159 0.837441 0.802094 0.987055 0.950924 0.825460 0.847052 0.943788 0.914951 0.930221 0.900813 0.998582 0.866220 0.946491 0.939827 0.939200 0.906715 0.868823 0.763956 0.835930 0.859095 0.838350 0.825913 0.949395 0.997979 0.855501 0.921495 0.997094 0.930273 0.993222 0.927737 0.948600 0.898573 0.994741 0.899153 0.913260 0.833268 0.941817 0.768902 0.856751 0.998580 0.713433 0.840152 0.948860 0.955887 0.881444 0.877813 0.906211 0.864667 0.918755 0.847126 0.849483 0.930106 0.772503 0.903043 0.896229 0.963839 0.732174 0.748556 0.983886 0.989709 0.962418 0.902754 0.933143 0.923393 0.981503 0.973095 0.893773 0.841410
