0.000000 0.334775 0.878119 0.671482 0.866180 0.831818 0.967003 0.917489 0.548357 0.682961 0.449902 0.471098 0.584123 0.477652 0.836727 0.869886 0.480374 0.355978 0.561875 0.384247 0.708166 0.952467 0.862659 0.639887 0.769978 0.817835 0.809543 0.920640 0.857232 0.728019 0.935058 0.841642 0.653896 0.726784 0.953375 0.935443 0.914725 0.910897 0.729471 0.919249 0.934635 0.869402 0.739896 0.961044 0.857401 0.978011 0.880952 0.736342 0.977494 0.908994 0.923504 0.997376 0.747117 0.634948 0.726519 0.779109 0.288268 0.315236 0.606360 0.568948 0.908329 0.839490 0.554007 0.566487 0.889063 0.989341 0.829019 0.908624 0.398653 0.546052 0.721608 0.764238 0.679560 0.611107 0.870452 0.743527 0.969031 0.777200 0.780407 0.600498 0.419387 0.418260 0.516821 0.385175 0.493383 0.489552 0.836718 0.721182 0.794185 0.471189 0.681664 0.607585 0.824810 0.691130 0.959724 0.951460 0.953001 0.980622 0.860018 0.852008 0.895111 0.804205 0.979486 0.800825 0.978803 0.782885 0.857479 0.878184 0.871167 0.742973 0.930945 0.847545 0.898123 0.794700 0.967489 0.808660
0.334775 0.000000 0.821847 0.561661 0.844020 0.851805 0.956507 0.781177 0.706168 0.809666 0.587839 0.524381 0.704567 0.577591 0.855123 0.803318 0.525882 0.462684 0.610548 0.449771 0.822245 0.941255 0.915808 0.705348 0.781488 0.764137 0.830397 0.913930 0.845834 0.766470 0.954505 0.888246 0.706519 0.663608 0.928257 0.971439 0.850054 0.877074 0.641286 0.997382 0.997236 0.853931 0.855334 0.930644 0.844212 0.980845 0.876819 0.761188 0.984735 0.901727 0.969728 0.936739 0.811358 0.709098 0.820689 0.787836 0.286091 0.263531 0.616635 0.608915 0.911512 0.935603 0.646051 0.609420 0.845407 0.990184 0.863795 0.895306 0.442895 0.472306 0.860903 0.818485 0.695351 0.597065 0.870449 0.716495 0.856791 0.781877 0.731828 0.624046 0.442875 0.513302 0.613113 0.478593 0.647881 0.615053 0.888668 0.896907 0.851628 0.554684 0.712806 0.663130 0.863022 0.747395 0.932033 0.979186 0.999285 0.995522 0.838414 0.891401 0.796454 0.774874 0.941137 0.886053 0.954838 0.848908 0.951229 0.967802 0.969425 0.752052 0.904936 0.902686 0.981492 0.833290 0.985205 0.803026
0.878119 0.821847 0.000000 0.493817 0.935679 0.834115 0.892171 0.803551 0.736114 0.881238 0.972587 0.920308 0.638068 0.909939 0.660804 0.551800 0.808419 0.874352 0.938602 0.872344 0.744003 0.967050 0.740440 0.658663 0.500930 0.526218 0.766588 0.922225 0.936630 0.991492 0.745175 0.723215 0.996776 0.959458 0.760428 0.821258 0.655617 0.834160 0.817639 0.789436 0.819377 0.874264 0.990419 0.993419 0.789465 0.824337 0.981065 0.957704 0.771341 0.880011 0.840886 0.941086 0.778897 0.814995 0.988604 0.814524 0.884145 0.863709 0.977876 0.866628 0.875806 0.704097 0.768418 0.826964 0.434949 0.532198 0.947817 0.970166 0.764023 0.857101 0.821254 0.877841 0.909591 0.926062 0.964942 0.950073 0.769077 0.877296 0.879800 0.831519 0.888688 0.949593 0.959058 0.991828 0.949944 0.737912 0.878727 0.726828 0.799476 0.885916 0.832081 0.895052 0.863037 0.891555 0.875662 0.801578 0.815319 0.945032 0.933517 0.962008 0.615548 0.976346 0.785287 0.760892 0.939843 0.936073 0.818641 0.926062 0.846439 0.984027 0.975591 0.824243 0.977550 0.900405 0.722185 0.966721
0.671482 0.561661 0.493817 0.000000 0.959475 0.981464 0.851659 0.526400 0.973049 0.949602 0.834639 0.577888 0.698348 0.636099 0.746961 0.539543 0.874879 0.781896 0.743642 0.757267 0.665648 0.831030 0.771176 0.535440 0.526592 0.533571 0.716287 0.999125 0.948806 0.880054 0.795618 0.727891 0.843580 0.814455 0.865324 0.898238 0.591136 0.731843 0.649224 0.871316 0.902601 0.748073 0.899597 0.937801 0.711054 0.796541 0.939291 0.970654 0.744967 0.856995 0.800661 0.873461 0.721091 0.724816 0.997451 0.971458 0.581992 0.548082 0.909984 0.826993 0.898654 0.723133 0.947121 0.825304 0.599803 0.649089 0.988181 0.986013 0.594557 0.698335 0.918903 0.908669 0.943105 0.959794 0.985084 0.965673 0.782033 0.959939 0.856906 0.927470 0.959108 0.900120 0.837023 0.823321 0.966114 0.671915 0.961323 0.828426 0.826633 0.701361 0.728533 0.657697 0.871031 0.790045 0.908216 0.805785 0.992895 0.841740 0.848204 0.972455 0.705427 0.818356 0.796241 0.997882 0.871610 0.788467 0.871430 0.971229 0.950382 0.865831 0.972846 0.767563 0.937538 0.815496 0.776104 0.884360
0.866180 0.844020 0.935679 0.959475 0.000000 0.913587 0.732514 0.860070 0.881238 0.820960 0.991583 0.877795 0.812292 0.925918 0.850177 0.887350 0.940386 0.992247 0.866604 0.905641 0.911608 0.966976 0.690500 0.950317 0.956835 0.943856 0.945607 0.957776 0.871648 0.926342 0.724661 0.945516 0.870776 0.808230 0.993568 0.776763 0.993258 0.928169 0.994150 0.951710 0.922336 0.862089 0.788034 0.773947 0.778916 0.804198 0.857447 0.868889 0.851963 0.861923 0.838049 0.858700 0.741927 0.734888 0.759208 0.873009 0.690848 0.797470 0.943379 0.957939 0.764494 0.792401 0.910227 0.940612 0.913303 0.863621 0.775386 0.703836 0.829871 0.731248 0.733845 0.763051 0.758025 0.724665 0.965288 0.910071 0.973344 0.747569 0.988008 0.975749 0.868631 0.838231 0.995663 0.957892 0.883403 0.944488 0.989265 0.855384 0.787310 0.951975 0.857186 0.815650 0.945349 0.857745 0.927351 0.851510 0.942714 0.950000 0.798418 0.662370 0.749797 0.698946 0.758205 0.902048 0.710809 0.710497 0.974513 0.949251 0.954173 0.982728 0.803044 0.855014 0.940923 0.920420 0.747324 0.827121
0.831818 0.851805 0.834115 0.981464 0.913587 0.000000 0.875416 0.891116 0.685356 0.820973 0.887939 0.910708 0.994788 0.816969 0.860440 0.850678 0.778210 0.779422 0.788835 0.872476 0.926031 0.840428 0.991243 0.941302 0.954178 0.840675 0.879869 0.714833 0.961300 0.980872 0.845368 0.960148 0.896405 0.968079 0.955016 0.947282 0.878393 0.897856 0.966005 0.764813 0.713362 0.790055 0.800102 0.843250 0.993435 0.962927 0.923215 0.937931 0.951628 0.927698 0.955150 0.971412 0.919126 0.972445 0.994976 0.824835 0.760508 0.798247 0.867536 0.971616 0.940403 0.720251 0.790005 0.869617 0.912609 0.793732 0.897765 0.986014 0.873058 0.917207 0.718644 0.722787 0.667925 0.750541 0.881705 0.795430 0.861979 0.728269 0.938819 0.925089 0.791289 0.809400 0.826050 0.772368 0.796208 0.826517 0.705823 0.925217 0.954235 0.773692 0.888502 0.899454 0.985541 0.822946 0.993069 0.971991 0.793152 0.907580 0.948702 0.909290 0.974403 0.900515 0.913950 0.879754 0.969372 0.898692 0.949387 0.829567 0.882215 0.848951 0.936348 0.993480 0.958753 0.911930 0.861140 0.746727
0.967003 0.956507 0.892171 0.851659 0.732514 0.875416 0.000000 0.313172 0.721244 0.395243 0.978713 0.685401 0.685963 0.897368 0.773623 0.929236 0.835253 0.882494 0.676580 0.953260 0.862865 0.931482 0.649269 0.784449 0.611439 0.804709 0.808109 0.712081 0.653842 0.757890 0.567419 0.872482 0.557060 0.470936 0.811974 0.876530 0.894847 0.816021 0.801782 0.825004 0.845913 0.965800 0.362256 0.372495 0.430236 0.459690 0.603430 0.620617 0.500665 0.478022 0.428303 0.468860 0.472540 0.458755 0.754171 0.698087 0.974833 0.917621 0.547780 0.742374 0.300459 0.447217 0.574070 0.522534 0.908758 0.946798 0.390053 0.425052 0.830097 0.878631 0.487980 0.529172 0.754189 0.709702 0.900114 0.695868 0.512971 0.792968 0.607340 0.884695 0.945026 0.755859 0.986933 0.792867 0.967956 0.764191 0.984649 0.794353 0.924524 0.952973 0.475109 0.515058 0.550232 0.705335 0.676090 0.771388 0.633790 0.736163 0.354616 0.360735 0.623552 0.574958 0.629809 0.658931 0.604865 0.676721 0.730538 0.640838 0.812237 0.791505 0.591903 0.557274 0.439183 0.674531 0.561205 0.854772
0.917489 0.781177 0.803551 0.526400 0.860070 0.891116 0.313172 0.000000 0.806334 0.501902 0.989246 0.556552 0.682073 0.755459 0.799159 0.727301 0.811260 0.814899 0.686978 0.973897 0.991523 0.845118 0.700862 0.993128 0.861722 0.998941 0.970256 0.813921 0.802933 0.811979 0.609532 0.847375 0.629820 0.519983 0.856944 0.920258 0.939623 0.978191 0.979917 0.892823 0.817057 0.852078 0.541614 0.484262 0.687204 0.684635 0.765399 0.772442 0.740945 0.687787 0.646046 0.671246 0.679207 0.674104 0.892182 0.811140 0.832573 0.751306 0.606802 0.760640 0.403699 0.414958 0.642260 0.524469 0.949054 0.867480 0.535175 0.572704 0.961020 0.923971 0.559906 0.587349 0.832472 0.817053 0.916269 0.788697 0.574573 0.827097 0.610489 0.928616 0.973884 0.821209 0.956174 0.874218 0.910561 0.916743 0.917557 0.714842 0.819782 0.958527 0.697684 0.811163 0.689275 0.873454 0.774233 0.857191 0.739481 0.723331 0.589843 0.528126 0.819618 0.816893 0.836402 0.720690 0.628371 0.747440 0.713819 0.682551 0.868042 0.774040 0.665963 0.792202 0.537787 0.670152 0.603772 0.987523
0.548357 0.706168 0.736114 0.973049 0.881238 0.685356 0.721244 0.806334 0.000000 0.608597 0.678160 0.780405 0.977306 0.605095 0.763938 0.878035 0.560111 0.551886 0.833522 0.652047 0.990619 0.838488 0.843442 0.739644 0.955834 0.943966 0.859534 0.990993 0.994505 0.813316 0.664239 0.922754 0.977561 0.973674 0.806180 0.812946 0.989037 0.923564 0.833658 0.935283 0.885466 0.963701 0.587068 0.817577 0.855402 0.943637 0.987776 0.908268 0.999880 0.987650 0.904779 0.928438 0.795046 0.766341 0.775289 0.776428 0.601841 0.627475 0.825903 0.863324 0.814221 0.649271 0.729005 0.770368 0.805756 0.837247 0.977681 0.955067 0.704531 0.585464 0.481610 0.562716 0.615239 0.648436 0.908623 0.768788 0.781122 0.609593 0.925547 0.860301 0.589580 0.593265 0.639306 0.530493 0.687661 0.613400 0.696756 0.586137 0.872119 0.604789 0.649814 0.678533 0.812795 0.733669 0.980506 0.835939 0.857023 0.929418 0.734454 0.670730 0.999905 0.792455 0.988354 0.847188 0.893536 0.937233 0.712137 0.809539 0.850070 0.885202 0.948105 0.971046 0.719385 0.870069 0.682644 0.716197
0.682961 0.809666 0.881238 0.949602 0.820960 0.820973 0.395243 0.501902 0.608597 0.000000 0.799277 0.950026 0.991103 0.812256 0.884843 0.995262 0.982006 0.842002 0.940696 0.713502 0.815193 0.933003 0.806893 0.625075 0.537327 0.729861 0.698276 0.802704 0.735134 0.921068 0.536335 0.840241 0.691927 0.632149 0.902634 0.972050 0.773762 0.762802 0.759698 0.806693 0.918846 0.925924 0.344145 0.426549 0.419455 0.451073 0.615894 0.738235 0.486993 0.542830 0.439298 0.491050 0.417246 0.443162 0.924249 0.838327 0.770122 0.831894 0.751078 0.978481 0.495131 0.526211 0.784883 0.717404 0.792194 0.778873 0.606010 0.628536 0.605070 0.693848 0.507283 0.553755 0.738001 0.666363 0.974164 0.630230 0.566647 0.738890 0.717359 0.945445 0.829929 0.457968 0.761288 0.532659 0.675806 0.489621 0.767379 0.591093 0.865132 0.672619 0.550765 0.556914 0.688181 0.778540 0.852213 0.890817 0.730765 0.821109 0.413119 0.493945 0.665121 0.696171 0.659970 0.770836 0.714659 0.844149 0.821829 0.726380 0.803202 0.882948 0.705453 0.635852 0.481828 0.810618 0.718189 0.808020
0.449902 0.587839 0.972587 0.834639 0.991583 0.887939 0.978713 0.989246 0.678160 0.799277 0.000000 0.580328 0.662508 0.541018 0.930855 0.963539 0.555733 0.450185 0.736768 0.478619 0.823893 0.976904 0.947006 0.871632 0.911515 0.911277 0.880735 0.963302 0.847310 0.667624 0.983780 0.898893 0.717745 0.817258 0.922238 0.938991 0.957897 0.936305 0.844805 0.982850 0.813038 0.835508 0.721028 0.925135 0.816431 0.887990 0.975968 0.924759 0.951348 0.970186 0.835574 0.844861 0.736505 0.678705 0.793394 0.898188 0.580609 0.569032 0.892481 0.881283 0.998100 0.879539 0.634212 0.619105 0.928727 0.911672 0.982777 0.923895 0.494758 0.657662 0.791674 0.915135 0.935996 0.881416 0.977701 0.829919 0.983843 0.955527 0.796155 0.773724 0.550482 0.593846 0.611462 0.518984 0.703444 0.735740 0.861528 0.788291 0.902619 0.709027 0.770777 0.712504 0.823257 0.843151 0.970971 0.861819 0.926035 0.984900 0.772416 0.807900 0.960302 0.910826 0.992494 0.871591 0.902578 0.729076 0.928353 0.940499 0.869957 0.864098 0.924249 0.868797 0.884133 0.913296 0.961876 0.845957
0.471098 0.524381 0.920308 0.577888 0.877795 0.910708 0.685401 0.556552 0.780405 0.950026 0.580328 0.000000 0.472622 0.389837 0.647042 0.637224 0.485202 0.379511 0.427743 0.489710 0.799546 0.923624 0.577045 0.731307 0.952393 0.979968 0.856461 0.825543 0.653822 0.535219 0.715416 0.656241 0.518002 0.509424 0.986765 0.978540 0.858606 0.881368 0.880390 0.970629 0.953466 0.933191 0.933909 0.692347 0.940901 0.851007 0.730603 0.670658 0.858317 0.858432 0.904904 0.892105 0.925435 0.886933 0.665112 0.708942 0.518062 0.495605 0.600534 0.721576 0.617520 0.789644 0.420461 0.376921 0.968190 0.967883 0.678112 0.725275 0.595840 0.767794 0.947035 0.866357 0.986138 0.953943 0.869884 0.944516 0.787300 0.957846 0.557165 0.724433 0.537940 0.675130 0.571387 0.593884 0.655066 0.705866 0.917486 0.888713 0.779503 0.656731 0.878600 0.727094 0.909889 0.740642 0.890719 0.861124 0.999686 0.896707 0.947379 0.894748 0.928810 0.940856 0.929690 0.671881 0.662943 0.607914 0.957583 0.923893 0.974482 0.686459 0.854605 0.987828 0.859696 0.784931 0.711515 0.841936
0.584123 0.704567 0.638068 0.698348 0.812292 0.994788 0.685963 0.682073 0.977306 0.991103 0.662508 0.472622 0.000000 0.513839 0.497193 0.578129 0.769805 0.620527 0.519764 0.631804 0.797004 0.920398 0.500280 0.695178 0.818642 0.852745 0.881362 0.742550 0.749063 0.680815 0.664834 0.644760 0.597088 0.604118 0.749334 0.963524 0.958440 0.954177 0.916130 0.990622 0.843573 0.970515 0.833286 0.713713 0.885221 0.827744 0.691009 0.649808 0.869013 0.805452 0.860894 0.799702 0.998400 0.996313 0.746619 0.827169 0.701064 0.682380 0.600050 0.612938 0.510673 0.706596 0.605363 0.622917 0.710576 0.775553 0.640624 0.604172 0.723166 0.859386 0.872665 0.844831 0.948301 0.980067 0.993201 0.976558 0.805954 0.856149 0.778330 0.612951 0.730821 0.758997 0.756326 0.695617 0.593882 0.606966 0.843178 0.972500 0.687025 0.668567 0.905963 0.902678 0.913423 0.835822 0.868988 0.867081 0.746425 0.911423 0.847543 0.781224 0.984712 0.833570 0.830748 0.774510 0.748990 0.676208 0.953015 0.954163 0.902822 0.769348 0.758905 0.970908 0.821380 0.711564 0.600412 0.914874
0.477652 0.577591 0.909939 0.636099 0.925918 0.816969 0.897368 0.755459 0.605095 0.812256 0.541018 0.389837 0.513839 0.000000 0.675344 0.612936 0.501036 0.365649 0.471742 0.449659 0.809777 0.998365 0.664881 0.601609 0.823015 0.900743 0.892869 0.821851 0.711148 0.437450 0.872115 0.725546 0.584419 0.621696 0.936531 0.884019 0.816477 0.809556 0.763762 0.922786 0.969638 0.959038 0.877053 0.879650 0.943301 0.986147 0.883651 0.777382 0.991075 0.970171 0.960688 0.987810 0.776297 0.816279 0.746042 0.751849 0.536943 0.528653 0.744115 0.825956 0.761966 0.852002 0.531291 0.513816 0.901788 0.830822 0.807612 0.839233 0.602773 0.685935 0.897361 0.906380 0.999413 0.925344 0.930864 0.883441 0.979183 0.980923 0.749969 0.702223 0.515214 0.575296 0.452634 0.440830 0.613353 0.503460 0.767188 0.745221 0.630995 0.584293 0.688773 0.579271 0.741446 0.620831 0.916267 0.886021 0.914992 0.923764 0.848763 0.925082 0.887406 0.877228 0.888046 0.726001 0.842763 0.761980 0.900107 0.940357 0.987468 0.864581 0.944558 0.985899 0.934243 0.854834 0.874784 0.825067
0.836727 0.855123 0.660804 0.746961 0.850177 0.860440 0.773623 0.799159 0.763938 0.884843 0.930855 0.647042 0.497193 0.675344 0.000000 0.431704 0.894243 0.832760 0.597060 0.753707 0.780534 0.954506 0.417105 0.708783 0.863142 0.939981 0.914639 0.875231 0.583528 0.556948 0.481073 0.562480 0.596910 0.622224 0.717615 0.908632 0.800282 0.985501 0.939624 0.874279 0.914557 0.902978 0.700162 0.624088 0.824617 0.798152 0.649861 0.593730 0.853945 0.857062 0.841500 0.759804 0.970239 0.967860 0.802065 0.840856 0.902210 0.908607 0.844583 0.895058 0.597836 0.668458 0.769113 0.757618 0.684503 0.766651 0.794117 0.718775 0.918778 0.918042 0.707380 0.750837 0.745977 0.868661 0.935736 0.932588 0.728253 0.668265 0.792243 0.719858 0.822759 0.931336 0.777323 0.886739 0.698562 0.762452 0.977351 0.954180 0.836951 0.901075 0.881135 0.834508 0.705364 0.736959 0.864853 0.960588 0.973138 0.949520 0.878956 0.789278 0.843044 0.932747 0.942001 0.868716 0.874341 0.587464 0.956282 0.923010 0.826834 0.844258 0.908352 0.954505 0.917324 0.768960 0.510322 0.873189
0.869886 0.803318 0.551800 0.539543 0.887350 0.850678 0.929236 0.727301 0.878035 0.995262 0.963539 0.637224 0.578129 0.612936 0.431704 0.000000 0.949794 0.891587 0.742643 0.766451 0.775960 0.990707 0.512756 0.560538 0.620572 0.763085 0.853172 0.923776 0.814963 0.670502 0.556501 0.592410 0.812963 0.755350 0.861095 0.979549 0.644770 0.762080 0.695526 0.844764 0.777350 0.916954 0.896568 0.841316 0.886414 0.935387 0.885477 0.894549 0.837429 0.855280 0.893811 0.977084 0.835122 0.855028 0.979260 0.897865 0.878409 0.893698 0.955262 0.960024 0.747558 0.614663 0.994514 0.908877 0.540592 0.533950 0.980304 0.871318 0.872413 0.896676 0.729645 0.832350 0.698007 0.904578 0.999312 0.987743 0.869228 0.746290 0.901255 0.779925 0.971301 0.953403 0.745659 0.886024 0.871733 0.663820 0.936295 0.857841 0.784474 0.849545 0.640884 0.587990 0.591520 0.579873 0.962876 0.909570 0.914626 0.970105 0.863122 0.962738 0.653155 0.918016 0.759271 0.926015 0.980251 0.788351 0.935993 0.892498 0.844626 0.914554 0.924605 0.806181 0.969811 0.939964 0.659652 0.968824
0.480374 0.525882 0.808419 0.874879 0.940386 0.778210 0.835253 0.811260 0.560111 0.982006 0.555733 0.485202 0.769805 0.501036 0.894243 0.949794 0.000000 0.299752 0.563775 0.485527 0.906768 0.907373 0.905819 0.979202 0.819018 0.791838 0.988291 0.870222 0.560039 0.433167 0.904922 0.868386 0.482612 0.553549 0.897134 0.928254 0.928981 0.944318 0.967184 0.948781 0.857898 0.863555 0.956113 0.718344 0.864209 0.749541 0.733239 0.620249 0.716237 0.697219 0.771297 0.760354 0.961425 0.992439 0.704414 0.616124 0.455513 0.445918 0.615333 0.832724 0.801036 0.891644 0.361512 0.353995 0.717828 0.665594 0.687545 0.829939 0.624744 0.665482 0.885994 0.900789 0.856199 0.818004 0.826219 0.955743 0.904573 0.898231 0.540340 0.755136 0.349586 0.650995 0.529177 0.595238 0.693471 0.797057 0.892512 0.765071 0.944010 0.712860 0.905384 0.796487 0.912234 0.762828 0.897841 0.731968 0.909356 0.907242 0.948868 0.980045 0.888582 0.881760 0.877974 0.616065 0.836747 0.770147 0.976835 0.900067 0.990711 0.791386 0.981774 0.806121 0.937036 0.890557 0.971643 0.848718
0.355978 0.462684 0.874352 0.781896 0.992247 0.779422 0.882494 0.814899 0.551886 0.842002 0.450185 0.379511 0.620527 0.365649 0.832760 0.891587 0.299752 0.000000 0.462241 0.395357 0.902983 0.934535 0.828225 0.800949 0.943485 0.923131 0.946043 0.941655 0.627284 0.481061 0.997080 0.845156 0.505305 0.553327 0.937434 0.949505 0.944096 0.905038 0.856111 0.945659 0.889843 0.834551 0.861409 0.833033 0.972394 0.876018 0.831005 0.700586 0.835775 0.828072 0.935533 0.927008 0.890161 0.846049 0.714569 0.638047 0.399870 0.391879 0.598544 0.760470 0.809672 0.918143 0.369399 0.373781 0.880049 0.852119 0.734869 0.817896 0.502822 0.599238 0.833192 0.866933 0.878824 0.796291 0.834543 0.880150 0.953906 0.896647 0.552594 0.681063 0.314059 0.477547 0.490601 0.411229 0.562950 0.640401 0.786767 0.662269 0.864101 0.594004 0.825261 0.680374 0.853546 0.700129 0.874089 0.827845 0.892667 0.870947 0.955150 0.955104 0.977064 0.859071 0.947206 0.652713 0.804322 0.696649 0.888883 0.964852 0.894109 0.789809 0.946767 0.925986 0.989017 0.794067 0.970983 0.844522
0.561875 0.610548 0.938602 0.743642 0.866604 0.788835 0.676580 0.686978 0.833522 0.940696 0.736768 0.427743 0.519764 0.471742 0.597060 0.742643 0.563775 0.462241 0.000000 0.508530 0.866589 0.966025 0.445046 0.731002 0.954830 0.883265 0.934986 0.735304 0.575450 0.549821 0.650734 0.657492 0.408440 0.474615 0.894267 0.927968 0.917035 0.889095 0.916529 0.889883 0.928668 0.982377 0.735402 0.577912 0.723559 0.623451 0.530333 0.466688 0.656338 0.640526 0.712902 0.668987 0.936839 0.958869 0.724679 0.617272 0.605549 0.590192 0.495305 0.620482 0.549661 0.838420 0.417212 0.440203 0.906308 0.992986 0.534174 0.521743 0.745195 0.865799 0.949303 0.957045 0.890709 0.919066 0.864416 0.994860 0.855418 0.970930 0.615468 0.739749 0.548854 0.706449 0.553419 0.599696 0.485991 0.634827 0.757244 0.776112 0.787313 0.603109 0.959288 0.872999 0.927676 0.746364 0.722952 0.789389 0.970435 0.879998 0.790138 0.740210 0.956568 0.983903 0.856886 0.657965 0.735181 0.579291 0.968779 0.979347 0.901270 0.763858 0.814358 0.805114 0.805631 0.712012 0.766884 0.999567
0.384247 0.449771 0.872344 0.757267 0.905641 0.872476 0.953260 0.973897 0.652047 0.713502 0.478619 0.489710 0.631804 0.449659 0.753707 0.766451 0.485527 0.395357 0.508530 0.000000 0.792880 0.911299 0.739500 0.609155 0.805004 0.866506 0.716010 0.897564 0.690718 0.570777 0.901374 0.812136 0.660422 0.711180 0.991050 0.987588 0.807473 0.775961 0.729211 0.876539 0.915486 0.856812 0.796389 0.969583 0.869696 0.988912 0.860272 0.751479 0.994149 0.948912 0.886810 0.937466 0.700441 0.621694 0.742238 0.811102 0.443716 0.451470 0.780384 0.761298 0.950000 0.942424 0.626340 0.620695 0.823360 0.948132 0.905808 0.894657 0.434295 0.552330 0.782959 0.752877 0.950915 0.844228 0.808403 0.769291 0.968370 0.883425 0.799924 0.691409 0.445763 0.437620 0.499525 0.389555 0.485666 0.497238 0.891812 0.699664 0.834793 0.538139 0.650304 0.568650 0.688426 0.588160 0.880221 0.863895 0.874528 0.964055 0.764596 0.816204 0.775676 0.750896 0.897015 0.878340 0.965173 0.753653 0.860672 0.859371 0.929098 0.820554 0.987944 0.881819 0.873703 0.914450 0.963161 0.834184
0.708166 0.822245 0.744003 0.665648 0.911608 0.926031 0.862865 0.991523 0.990619 0.815193 0.823893 0.799546 0.797004 0.809777 0.780534 0.775960 0.906768 0.902983 0.866589 0.792880 0.000000 0.963695 0.804450 0.716100 0.649735 0.763305 0.874189 0.935857 0.953768 0.950727 0.931008 0.721775 0.896713 0.914322 0.968567 0.819518 0.805935 0.799973 0.758071 0.813801 0.923607 0.801880 0.846070 0.961989 0.825714 0.877377 0.964973 0.903568 0.864170 0.911127 0.837453 0.887469 0.772431 0.715090 0.932400 0.893909 0.723558 0.781953 0.958627 0.888333 0.941891 0.990685 0.948734 0.952571 0.701319 0.827140 0.929829 0.832054 0.682966 0.903429 0.852377 0.894128 0.864298 0.915576 0.881998 0.902605 0.913355 0.838294 0.934658 0.895943 0.922328 0.848834 0.760987 0.854205 0.812759 0.693856 0.890954 0.991746 0.846609 0.814771 0.747456 0.657181 0.790115 0.757470 0.954460 0.906040 0.999077 0.875302 0.877856 0.884187 0.743716 0.733935 0.878036 0.989926 0.998419 0.892350 0.957509 0.845225 0.934603 0.878138 0.862592 0.690619 0.838197 0.808704 0.748138 0.898648
0.952467 0.941255 0.967050 0.831030 0.966976 0.840428 0.931482 0.845118 0.838488 0.933003 0.976904 0.923624 0.920398 0.998365 0.954506 0.990707 0.907373 0.934535 0.966025 0.911299 0.963695 0.000000 0.910119 0.948413 0.972233 0.985875 0.990503 0.929327 0.789993 0.925534 0.969287 0.967856 0.996852 0.896997 0.831987 0.846833 0.949238 0.974395 0.906205 0.848538 0.859156 0.949354 0.962378 0.954821 0.969043 0.986926 0.883858 0.936455 0.995643 0.956956 0.963008 0.964181 0.922494 0.894884 0.978248 0.942943 0.958613 0.921994 0.998517 0.982001 0.946811 0.931524 0.999489 0.995991 0.989704 0.970685 0.957508 0.981061 0.936891 0.923617 0.967382 0.958421 0.980252 0.912568 0.986645 0.986341 0.960489 0.907448 0.964126 0.952537 0.918307 0.973178 0.895154 0.978098 0.987500 0.957589 0.940918 0.903438 0.986171 0.957657 0.909717 0.989491 0.901516 0.935776 0.980568 0.925139 0.911987 0.900322 0.990758 0.859049 0.966465 0.911656 0.919829 0.964250 0.995229 0.965359 0.952869 0.908892 0.986178 0.926575 0.986479 0.939132 0.897105 0.926893 0.984741 0.951432
0.862659 0.915808 0.740440 0.771176 0.690500 0.991243 0.649269 0.700862 0.843442 0.806893 0.947006 0.577045 0.500280 0.664881 0.417105 0.512756 0.905819 0.828225 0.445046 0.739500 0.804450 0.910119 0.000000 0.654703 0.901719 0.989469 0.945095 0.736153 0.598217 0.645326 0.434377 0.459670 0.569161 0.610892 0.845870 0.999772 0.906640 0.935366 0.955787 0.944460 0.860101 0.940208 0.625170 0.555777 0.719841 0.654109 0.502553 0.557045 0.744084 0.760951 0.785827 0.720312 0.927670 0.910887 0.784548 0.798826 0.975939 0.955672 0.723712 0.809908 0.526433 0.626285 0.722246 0.704861 0.657655 0.777782 0.606070 0.537374 0.944126 0.913928 0.692359 0.787792 0.733525 0.830905 0.936107 0.919533 0.711823 0.779549 0.831464 0.805709 0.919501 0.981779 0.687537 0.890066 0.580500 0.690408 0.966423 0.898401 0.835847 0.713735 0.931710 0.899724 0.828674 0.790012 0.757773 0.969750 0.945507 0.922911 0.768951 0.650395 0.992907 0.861727 0.881321 0.832282 0.782363 0.582757 0.940237 0.961982 0.874574 0.831773 0.829131 0.921477 0.758056 0.830576 0.505653 0.897346
0.639887 0.705348 0.658663 0.535440 0.950317 0.941302 0.784449 0.993128 0.739644 0.625075 0.871632 0.731307 0.695178 0.601609 0.708783 0.560538 0.979202 0.800949 0.731002 0.609155 0.716100 0.948413 0.654703 0.000000 0.415437 0.586614 0.631218 0.978104 0.968900 0.911169 0.975856 0.714895 0.993645 0.990730 0.852890 0.967675 0.745536 0.735130 0.590818 0.762976 0.871333 0.916953 0.728866 0.881282 0.674472 0.768815 0.976792 0.963553 0.718468 0.787955 0.671488 0.774732 0.572452 0.553449 0.948131 0.984482 0.714973 0.741900 0.987560 0.810846 0.894382 0.947960 0.940046 0.946433 0.485765 0.529965 0.937673 0.985077 0.631960 0.716482 0.827424 0.760063 0.864474 0.891064 0.957717 0.806176 0.965735 0.912115 0.898852 0.871342 0.938752 0.685349 0.681022 0.632126 0.615439 0.330732 0.873781 0.766470 0.718440 0.478186 0.499034 0.466901 0.604859 0.580837 0.951909 0.864837 0.854696 0.975236 0.655228 0.775929 0.589471 0.710592 0.751135 0.912286 0.934592 0.874383 0.755351 0.668417 0.969416 0.858999 0.966380 0.641409 0.769675 0.976057 0.896702 0.837910
0.769978 0.781488 0.500930 0.526592 0.956835 0.954178 0.611439 0.861722 0.955834 0.537327 0.911515 0.952393 0.818642 0.823015 0.863142 0.620572 0.819018 0.943485 0.954830 0.805004 0.649735 0.972233 0.901719 0.415437 0.000000 0.354441 0.580032 0.821618 0.688023 0.847237 0.996989 0.777497 0.766009 0.766659 0.956619 0.847055 0.687371 0.704817 0.578447 0.764859 0.881248 0.899487 0.572743 0.652313 0.421493 0.496561 0.760919 0.787686 0.436994 0.536251 0.456248 0.560591 0.429200 0.430031 0.851424 0.708868 0.801881 0.847512 0.774682 0.912478 0.680592 0.968722 0.627275 0.673216 0.422655 0.505957 0.654470 0.734977 0.615126 0.805364 0.848387 0.784587 0.883580 0.866726 0.958311 0.738155 0.935621 0.973959 0.669277 0.992462 0.837618 0.812657 0.881201 0.777176 0.883696 0.463194 0.974642 0.997581 0.800008 0.669580 0.445275 0.493783 0.589398 0.703840 0.919609 0.742549 0.910103 0.844776 0.513583 0.649942 0.500577 0.699411 0.643387 0.699916 0.788372 0.998447 0.935916 0.681681 0.990878 0.980181 0.877225 0.472385 0.718494 0.879499 0.972202 0.945541
0.817835 0.764137 0.526218 0.533571 0.943856 0.840675 0.804709 0.998941 0.943966 0.729861 0.911277 0.979968 0.852745 0.900743 0.939981 0.763085 0.791838 0.923131 0.883265 0.866506 0.763305 0.985875 0.989469 0.586614 0.354441 0.000000 0.680647 0.849811 0.750396 0.810776 0.983886 0.921772 0.773072 0.835317 0.938902 0.825874 0.750650 0.694847 0.615043 0.974874 0.954382 0.762498 0.718637 0.721418 0.532887 0.563820 0.750151 0.746047 0.559729 0.660719 0.560796 0.642496 0.583678 0.568418 0.872961 0.781036 0.858118 0.821403 0.783863 0.899411 0.769688 0.898531 0.662423 0.722560 0.500560 0.568599 0.679474 0.747921 0.641239 0.778937 0.965802 0.898483 0.934412 0.959109 0.962803 0.864932 0.964514 0.979341 0.746546 0.916398 0.856934 0.878532 0.968129 0.841835 0.991457 0.654335 0.958319 0.970340 0.778321 0.755326 0.668168 0.727843 0.829801 0.923848 0.988454 0.794468 0.910208 0.886164 0.718083 0.704410 0.625722 0.878736 0.733540 0.763673 0.960489 0.982980 0.991743 0.882403 0.923517 0.971459 0.992670 0.659638 0.917676 0.922447 0.987889 0.976869
0.809543 0.830397 0.766588 0.716287 0.945607 0.879869 0.808109 0.970256 0.859534 0.698276 0.880735 0.856461 0.881362 0.892869 0.914639 0.853172 0.988291 0.946043 0.934986 0.716010 0.874189 0.990503 0.945095 0.631218 0.580032 0.680647 0.000000 0.732275 0.910052 0.995012 0.987260 0.978755 0.869844 0.925651 0.984901 0.990353 0.669558 0.773933 0.779242 0.790513 0.971734 0.988782 0.744768 0.883562 0.695942 0.761255 0.940348 0.987824 0.765168 0.823847 0.708340 0.803949 0.678280 0.667211 0.961849 0.923591 0.824124 0.829314 0.918867 0.872096 0.855969 0.957544 0.882393 0.949640 0.742354 0.760133 0.864435 0.882107 0.776728 0.773384 0.861691 0.890881 0.886748 0.962476 0.852476 0.828664 0.987988 0.997103 0.834132 0.918229 0.913274 0.847388 0.862544 0.734660 0.886769 0.628089 0.904482 0.892606 0.841277 0.671262 0.689746 0.761311 0.735106 0.885745 0.922239 0.916113 0.991660 0.992678 0.733249 0.804918 0.775023 0.805470 0.940243 0.913490 0.977654 0.938687 0.850472 0.812204 0.881531 0.888536 0.927820 0.727701 0.908172 0.864068 0.988337 0.994248
0.920640 0.913930 0.922225 0.999125 0.957776 0.714833 0.712081 0.813921 0.990993 0.802704 0.963302 0.825543 0.742550 0.821851 0.875231 0.923776 0.870222 0.941655 0.735304 0.897564 0.935857 0.929327 0.736153 0.978104 0.821618 0.849811 0.732275 0.000000 0.868652 0.880982 0.817116 0.875648 0.710150 0.761804 0.847991 0.988304 0.856995 0.742294 0.904902 0.708362 0.920574 0.777173 0.759379 0.773322 0.726923 0.679789 0.669076 0.743619 0.691389 0.640885 0.680568 0.661064 0.827988 0.808245 0.784149 0.774174 0.924800 0.938233 0.652799 0.738719 0.641518 0.863230 0.718552 0.811284 0.980725 0.924650 0.641501 0.693461 0.963476 0.867734 0.992213 0.997638 0.934330 0.900315 0.896677 0.865989 0.787228 0.998160 0.903668 0.763504 0.870694 0.996447 0.875193 0.943096 0.830236 0.993651 0.868947 0.920984 0.984352 0.972531 0.865559 0.849652 0.801423 0.956004 0.956923 0.971120 0.863905 0.949010 0.746893 0.769404 0.914271 0.859906 0.990254 0.921541 0.917284 0.979490 0.941216 0.986857 0.886788 0.967743 0.914224 0.806939 0.796338 0.996396 0.943605 0.905023
0.857232 0.845834 0.936630 0.948806 0.871648 0.961300 0.653842 0.802933 0.994505 0.735134 0.847310 0.653822 0.749063 0.711148 0.583528 0.814963 0.560039 0.627284 0.575450 0.690718 0.953768 0.789993 0.598217 0.968900 0.688023 0.750396 0.910052 0.868652 0.000000 0.351289 0.606000 0.715854 0.454941 0.394694 0.911584 0.949431 0.959521 0.927446 0.947729 0.994575 0.979689 0.950042 0.625229 0.478557 0.564719 0.522503 0.529576 0.465392 0.518786 0.562241 0.542827 0.555640 0.693547 0.697716 0.693807 0.681018 0.866230 0.858945 0.752363 0.996247 0.599592 0.772021 0.530772 0.503912 0.889984 0.826370 0.647156 0.671571 0.949066 0.994253 0.729283 0.854822 0.759495 0.764041 0.876426 0.916830 0.735528 0.763069 0.572316 0.759185 0.592347 0.985291 0.639571 0.930062 0.792670 0.989877 0.971346 0.890535 0.895221 0.958716 0.949256 0.978582 0.884593 0.838586 0.768749 0.760943 0.936815 0.956563 0.712361 0.745436 0.842097 0.901082 0.758682 0.756066 0.755792 0.593320 0.906675 0.872548 0.885638 0.832571 0.952914 0.667626 0.736387 0.719915 0.772847 0.913130
0.728019 0.766470 0.991492 0.880054 0.926342 0.980872 0.757890 0.811979 0.813316 0.921068 0.667624 0.535219 0.680815 0.437450 0.556948 0.670502 0.433167 0.481061 0.549821 0.570777 0.950727 0.925534 0.645326 0.911169 0.847237 0.810776 0.995012 0.880982 0.351289 0.000000 0.670601 0.701230 0.456672 0.464430 0.955190 0.862139 0.796475 0.874796 0.986963 0.899577 0.980859 0.929720 0.865954 0.622775 0.794443 0.727467 0.689730 0.608033 0.737657 0.753851 0.759340 0.736721 0.939382 0.875415 0.669206 0.666897 0.755038 0.743493 0.807134 0.950738 0.661742 0.801497 0.514056 0.459141 0.868766 0.916226 0.750949 0.793738 0.809399 0.884222 0.881527 0.920353 0.772360 0.818584 0.870523 0.937917 0.810409 0.807401 0.594800 0.719342 0.519826 0.851750 0.555351 0.700727 0.802498 0.855321 0.916837 0.838752 0.869994 0.867679 0.858091 0.806402 0.756417 0.710566 0.862763 0.805983 0.936687 0.900555 0.945823 0.895729 0.943257 0.979997 0.952136 0.760189 0.793787 0.613981 0.949457 0.950464 0.924460 0.863950 0.951921 0.772121 0.909003 0.861057 0.825514 0.952989
0.935058 0.954505 0.745175 0.795618 0.724661 0.845368 0.567419 0.609532 0.664239 0.536335 0.983780 0.715416 0.664834 0.872115 0.481073 0.556501 0.904922 0.997080 0.650734 0.901374 0.931008 0.969287 0.434377 0.975856 0.996989 0.983886 0.987260 0.817116 0.606000 0.670601 0.000000 0.518433 0.527529 0.544631 0.862386 0.953560 0.911110 0.917021 0.971501 0.936360 0.861892 0.959146 0.489081 0.462478 0.672627 0.616554 0.539162 0.574582 0.718392 0.724402 0.643922 0.625079 0.746352 0.738670 0.855403 0.849542 0.955228 0.982399 0.779466 0.900345 0.499785 0.508328 0.777445 0.712125 0.822208 0.901711 0.671268 0.567670 0.885357 0.856602 0.550484 0.635715 0.686238 0.764986 0.953911 0.810178 0.613140 0.617719 0.715976 0.900213 0.988256 0.743186 0.890005 0.847922 0.943812 0.995020 0.807245 0.749610 0.920025 0.989788 0.950231 0.913297 0.935495 0.936648 0.774031 0.880797 0.851993 0.911647 0.664813 0.567635 0.926578 0.799492 0.823400 0.896659 0.833353 0.634677 0.785333 0.865346 0.734624 0.913543 0.733723 0.796857 0.662858 0.817901 0.552806 0.795496
0.841642 0.888246 0.723215 0.727891 0.945516 0.960148 0.872482 0.847375 0.922754 0.840241 0.898893 0.656241 0.644760 0.725546 0.562480 0.592410 0.868386 0.845156 0.657492 0.812136 0.721775 0.967856 0.459670 0.714895 0.777497 0.921772 0.978755 0.875648 0.715854 0.701230 0.518433 0.000000 0.569741 0.719664 0.986055 0.866272 0.946544 0.949833 0.960884 0.928262 0.924152 0.868838 0.827059 0.697256 0.890342 0.811291 0.563434 0.700749 0.858221 0.908794 0.869856 0.824797 0.947512 0.956797 0.870382 0.892809 0.831402 0.887467 0.798089 0.853591 0.750134 0.762465 0.793640 0.771625 0.806079 0.926319 0.832449 0.819495 0.802954 0.983964 0.865235 0.807105 0.885946 0.923645 0.945634 0.974842 0.763810 0.783027 0.802573 0.859603 0.887703 0.970257 0.720466 0.914763 0.819052 0.797645 0.795037 0.905718 0.950562 0.800839 0.787395 0.753179 0.712703 0.731295 0.905341 0.969642 0.915412 0.894063 0.904992 0.892830 0.897393 0.945632 0.973796 0.865750 0.935709 0.671627 0.864762 0.955626 0.933479 0.908059 0.941900 0.941814 0.805887 0.865614 0.658431 0.977234
0.653896 0.706519 0.996776 0.843580 0.870776 0.896405 0.557060 0.629820 0.977561 0.691927 0.717745 0.518002 0.597088 0.584419 0.596910 0.812963 0.482612 0.505305 0.408440 0.660422 0.896713 0.996852 0.569161 0.993645 0.766009 0.773072 0.869844 0.710150 0.454941 0.456672 0.527529 0.569741 0.000000 0.375989 0.862454 0.958394 0.908054 0.885072 0.907126 0.945667 0.964336 0.882550 0.660944 0.451391 0.571897 0.495079 0.512431 0.469744 0.525137 0.518048 0.509710 0.505442 0.711815 0.719566 0.737851 0.598509 0.645147 0.654872 0.498101 0.749398 0.443709 0.761881 0.344044 0.368591 0.889845 0.806070 0.480759 0.563252 0.835488 0.930704 0.805822 0.824610 0.948376 0.969247 0.833956 0.997767 0.775430 0.819002 0.514574 0.731286 0.561339 0.906396 0.612993 0.778113 0.731452 0.902614 0.962922 0.967658 0.917618 0.810749 0.911610 0.965368 0.988410 0.859967 0.784540 0.819046 0.945224 0.811440 0.620510 0.625679 0.849648 0.946193 0.762515 0.589716 0.736754 0.589428 0.994961 0.860278 0.934499 0.838698 0.751128 0.723225 0.705517 0.611876 0.700390 0.928463
0.726784 0.663608 0.959458 0.814455 0.808230 0.968079 0.470936 0.519983 0.973674 0.632149 0.817258 0.509424 0.604118 0.621696 0.622224 0.755350 0.553549 0.553327 0.474615 0.711180 0.914322 0.896997 0.610892 0.990730 0.766659 0.835317 0.925651 0.761804 0.394694 0.464430 0.544631 0.719664 0.375989 0.000000 0.892151 0.811872 0.957468 0.970430 0.945720 0.930446 0.861501 0.886535 0.563829 0.364370 0.541041 0.477285 0.491337 0.400563 0.506550 0.514303 0.495637 0.479680 0.648409 0.673718 0.652673 0.564913 0.727446 0.693494 0.490765 0.731385 0.400099 0.609743 0.419640 0.398103 0.981893 0.932275 0.472567 0.482178 0.941843 0.915862 0.769546 0.813872 0.914981 0.876723 0.889652 0.899334 0.641299 0.751638 0.488189 0.682577 0.642746 0.971473 0.685222 0.871743 0.848966 0.933520 0.958429 0.941307 0.840367 0.851312 0.905401 0.935735 0.959707 0.857245 0.744786 0.746199 0.857379 0.791126 0.605790 0.576878 0.848140 0.847502 0.723645 0.676877 0.745014 0.583899 0.814013 0.893088 0.901820 0.757346 0.788228 0.703343 0.699464 0.627942 0.632078 0.883065
0.953375 0.928257 0.760428 0.865324 0.993568 0.955016 0.811974 0.856944 0.806180 0.902634 0.922238 0.986765 0.749334 0.936531 0.717615 0.861095 0.897134 0.937434 0.894267 0.991050 0.968567 0.831987 0.845870 0.852890 0.956619 0.938902 0.984901 0.847991 0.911584 0.955190 0.862386 0.986055 0.862454 0.892151 0.000000 0.944130 0.887700 0.799596 0.973367 0.805557 0.701719 0.950053 0.814327 0.845067 0.814241 0.819583 0.842792 0.792175 0.878526 0.764549 0.787935 0.766574 0.826920 0.872043 0.871676 0.811706 0.957210 0.950155 0.853683 0.787089 0.725878 0.744305 0.942934 0.990504 0.787742 0.869009 0.808220 0.772454 0.902800 0.890570 0.838439 0.955462 0.918467 0.922524 0.920571 0.909238 0.659406 0.971960 0.998364 0.874822 0.973755 0.956261 0.949491 0.974851 0.878978 0.895770 0.835101 0.906119 0.914978 0.874985 0.988195 0.949155 0.975981 0.861618 0.941001 0.875957 0.879879 0.952447 0.873384 0.834734 0.827333 0.954322 0.930817 0.969519 0.979349 0.979200 0.968393 0.889389 0.998626 0.981011 0.909180 0.893839 0.791753 0.862758 0.802578 0.963647
0.935443 0.971439 0.821258 0.898238 0.776763 0.947282 0.876530 0.920258 0.812946 0.972050 0.938991 0.978540 0.963524 0.884019 0.908632 0.979549 0.928254 0.949505 0.927968 0.987588 0.819518 0.846833 0.999772 0.967675 0.847055 0.825874 0.990353 0.988304 0.949431 0.862139 0.953560 0.866272 0.958394 0.811872 0.944130 0.000000 0.930426 0.982375 0.926085 0.930787 0.737189 0.948483 0.930926 0.901751 0.806508 0.859558 0.904701 0.804934 0.885418 0.858932 0.804241 0.841022 0.775334 0.748983 0.859480 0.804238 0.884688 0.960176 0.839671 0.999316 0.854099 0.934895 0.866106 0.891373 0.866091 0.989919 0.787690 0.744671 0.805799 0.994869 0.964170 0.978219 0.992483 0.939527 0.885175 0.960263 0.985953 0.961939 0.937175 0.973990 0.988312 0.897828 0.942890 0.942543 0.979703 0.926382 0.850559 0.825592 0.964113 0.858868 0.899512 0.855162 0.863788 0.996193 0.980463 0.835374 0.968570 0.774132 0.868823 0.781404 0.826551 0.946679 0.860153 0.779397 0.951494 0.962489 0.938917 0.947332 0.950343 0.953004 0.889479 0.745890 0.996731 0.995301 0.976320 0.874980
0.914725 0.850054 0.655617 0.591136 0.993258 0.878393 0.894847 0.939623 0.989037 0.773762 0.957897 0.858606 0.958440 0.816477 0.800282 0.644770 0.928981 0.944096 0.917035 0.807473 0.805935 0.949238 0.906640 0.745536 0.687371 0.750650 0.669558 0.856995 0.959521 0.796475 0.911110 0.946544 0.908054 0.957468 0.887700 0.930426 0.000000 0.692784 0.689320 0.789903 0.990119 0.962411 0.847343 0.932047 0.699069 0.743943 0.858076 0.962098 0.696428 0.740585 0.717350 0.804148 0.716943 0.761117 0.932633 0.924546 0.887638 0.882077 0.780038 0.821794 0.887867 0.940160 0.835898 0.945980 0.690922 0.684983 0.748323 0.868051 0.805845 0.889494 0.908535 0.915513 0.863454 0.990252 0.957580 0.955012 0.997058 0.961850 0.995394 0.993697 0.998044 0.949950 0.861020 0.898590 0.989450 0.752677 0.977220 0.980153 0.822868 0.902623 0.734508 0.702782 0.679449 0.775727 0.962849 0.834734 0.817769 0.973128 0.717990 0.881499 0.725029 0.835960 0.809396 0.932658 0.891028 0.854170 0.910226 0.939003 0.805804 0.909556 0.736802 0.853536 0.848010 0.981201 0.904867 0.946826
0.910897 0.877074 0.834160 0.731843 0.928169 0.897856 0.816021 0.978191 0.923564 0.762802 0.936305 0.881368 0.954177 0.809556 0.985501 0.762080 0.944318 0.905038 0.889095 0.775961 0.799973 0.974395 0.935366 0.735130 0.704817 0.694847 0.773933 0.742294 0.927446 0.874796 0.917021 0.949833 0.885072 0.970430 0.799596 0.982375 0.692784 0.000000 0.732694 0.923640 0.892258 0.709427 0.735631 0.819520 0.667429 0.660001 0.713846 0.738593 0.690322 0.653168 0.677480 0.637765 0.705313 0.717130 0.863255 0.779440 0.854442 0.863973 0.666241 0.774942 0.766245 0.923458 0.860313 0.957004 0.779115 0.710079 0.649825 0.704051 0.684892 0.719384 0.942171 0.876725 0.847854 0.876261 0.898299 0.844877 0.909128 0.878508 0.955480 0.993063 0.978997 0.797439 0.789304 0.835606 0.950274 0.817094 0.818365 0.974954 0.778340 0.885408 0.728132 0.637453 0.736243 0.791509 0.955118 0.981873 0.839090 0.999614 0.678530 0.691046 0.773159 0.769707 0.716079 0.889032 0.908739 0.988309 0.977514 0.893088 0.863444 0.999955 0.782105 0.673529 0.757511 0.951246 0.888009 0.826828
