0.000000 0.226204 0.438213 0.447065 0.806380 0.679055 0.414810 0.506300 0.870521 0.524429 0.481216 0.414916 0.295464 0.409008 0.554963 0.577403 0.467419 0.420300 0.321049 0.335664 0.585476 0.939653 0.657905 0.515444 0.506155 0.607715 0.675963 0.757181 0.954423 0.931544 0.937991 0.937038 0.448667 0.405435 0.471409 0.791128 0.449454 0.559910 0.536884 0.621971 0.579574 0.955898 0.776567 0.662131 0.924251 0.846640 0.435332 0.484926 0.877218 0.596675 0.884876 0.669375 0.884902 0.621202 0.326624 0.447747 0.337386 0.240896 0.262473 0.347454 0.401033 0.700870 0.440679 0.512777 0.439491 0.419627 0.356958 0.523819 0.243225 0.311139 0.742688 0.994837 0.815606 0.797711 0.766417 0.911561 0.689324 0.914766 0.649014 0.556402 0.334513 0.242640 0.517258 0.340912 0.317623 0.353369 0.512600 0.572461 0.426576 0.408565 0.962428 0.927774 0.749037 0.710175 0.630123 0.966352 0.504091 0.839162 0.910721 0.959836 0.629614 0.988892 0.999161 0.921019 0.676324 0.648973 0.927763 0.865715 0.916300 0.774081 0.882139 0.907076 0.988970 0.984854 0.828738 0.878284
0.226204 0.000000 0.377322 0.347196 0.741360 0.654603 0.359553 0.392312 0.787769 0.595446 0.557511 0.396062 0.300733 0.374483 0.495529 0.508701 0.430147 0.383315 0.291869 0.275806 0.570603 0.946783 0.529992 0.431272 0.481399 0.598003 0.614765 0.797219 0.858071 0.825364 0.975197 0.940566 0.395114 0.400408 0.458747 0.822271 0.443793 0.474462 0.519361 0.625895 0.594807 0.855514 0.614876 0.552920 0.822260 0.788402 0.364850 0.418893 0.836982 0.590813 0.847024 0.654849 0.917136 0.628890 0.352580 0.487299 0.280916 0.180000 0.297471 0.375686 0.386583 0.619931 0.434261 0.443492 0.416786 0.366648 0.294949 0.418783 0.295528 0.370429 0.614478 0.825490 0.778301 0.752665 0.846415 0.952722 0.630247 0.936414 0.500634 0.579811 0.309552 0.242442 0.474187 0.388985 0.296914 0.319741 0.527716 0.473045 0.442445 0.383488 0.878112 0.880479 0.623254 0.674018 0.566583 0.939294 0.491311 0.864237 0.819925 0.876430 0.662837 0.998007 0.941192 0.897329 0.573467 0.545948 0.909723 0.981227 0.851644 0.737905 0.993726 0.835669 0.981145 0.997519 0.682303 0.916232
0.438213 0.377322 0.000000 0.224217 0.630000 0.768723 0.308384 0.432858 0.607552 0.607291 0.876751 0.621945 0.307729 0.619327 0.403368 0.439934 0.794227 0.828359 0.550726 0.575884 0.573586 0.822606 0.330630 0.331922 0.279737 0.315726 0.572275 0.729614 0.793395 0.762339 0.713383 0.863009 0.469455 0.574091 0.365012 0.875967 0.329486 0.506248 0.412490 0.663874 0.686653 0.943588 0.852602 0.853402 0.948915 0.930668 0.563463 0.558509 0.949362 0.670059 0.876594 0.620327 0.951909 0.756856 0.336426 0.509798 0.653339 0.447888 0.364957 0.361674 0.229365 0.342945 0.735799 0.705745 0.181457 0.213508 0.291153 0.375965 0.372262 0.430276 0.697083 0.888636 0.665018 0.721079 0.931558 0.911885 0.723896 0.915479 0.731629 0.876713 0.697390 0.572840 0.608631 0.542023 0.217331 0.233023 0.567650 0.638320 0.327897 0.343353 0.915635 0.883023 0.834576 0.878375 0.633032 0.987773 0.606769 0.857479 0.886870 0.904839 0.628048 0.809433 0.756599 0.726170 0.575942 0.514590 0.854330 0.949791 0.818606 0.788727 0.982920 0.947979 0.950150 0.844234 0.682228 0.835964
0.447065 0.347196 0.224217 0.000000 0.617025 0.729620 0.360597 0.357689 0.730353 0.554970 0.957832 0.544641 0.303062 0.514756 0.365453 0.379040 0.802641 0.763767 0.492722 0.518805 0.619545 0.869758 0.272188 0.238775 0.289550 0.411296 0.466329 0.772453 0.836359 0.795266 0.834787 0.944090 0.531223 0.605734 0.436929 0.813294 0.401888 0.513143 0.398876 0.629415 0.708476 0.874905 0.824693 0.844313 0.989444 0.951468 0.555720 0.514550 0.931815 0.703656 0.939261 0.665506 0.978448 0.675110 0.355839 0.523540 0.615232 0.398706 0.426694 0.405203 0.336041 0.426129 0.760880 0.703498 0.214215 0.249126 0.325733 0.425367 0.436455 0.488384 0.685150 0.895275 0.836380 0.855830 0.958120 0.918769 0.707648 0.949910 0.717676 0.855671 0.629781 0.524125 0.583858 0.476026 0.204176 0.219980 0.485880 0.559675 0.353709 0.290595 0.954080 0.974469 0.705604 0.801573 0.641731 0.882355 0.581174 0.890022 0.962118 0.992051 0.619240 0.794888 0.803436 0.765637 0.539992 0.428406 0.877391 0.869935 0.827684 0.747112 0.982112 0.887758 0.910212 0.810809 0.721655 0.831154
0.806380 0.741360 0.630000 0.617025 0.000000 0.870272 0.685780 0.674866 0.856798 0.855788 0.998754 0.849821 0.625563 0.848949 0.620212 0.608848 0.905492 0.939125 0.811161 0.822910 0.806670 0.916678 0.523630 0.577520 0.556199 0.583108 0.686116 0.791830 0.960186 0.875155 0.747042 0.984576 0.795195 0.783251 0.824830 0.839826 0.676670 0.834924 0.867991 0.766752 0.838122 0.918362 0.826976 0.878721 0.964085 0.986215 0.865492 0.744619 0.903304 0.964466 0.999289 0.906066 0.962553 0.802818 0.778507 0.831162 0.805392 0.749078 0.810621 0.769947 0.684193 0.658210 0.943667 0.853140 0.593016 0.606942 0.707520 0.706180 0.715009 0.661564 0.841060 0.849312 0.844072 0.991947 0.970468 0.938458 0.986329 0.996993 0.914658 0.869313 0.845391 0.875712 0.699668 0.839994 0.620010 0.617336 0.811020 0.763319 0.768692 0.708046 0.959560 0.999368 0.787374 0.985610 0.795492 0.997577 0.881735 0.944669 0.971073 0.978046 0.914888 0.861319 0.983919 0.881078 0.890395 0.702892 0.969320 0.935690 0.932185 0.897452 0.992922 0.928702 0.927911 0.819165 0.841810 0.836933
0.679055 0.654603 0.768723 0.729620 0.870272 0.000000 0.682041 0.653637 0.955725 0.918291 0.779938 0.623288 0.761088 0.691197 0.747736 0.715996 0.746945 0.670938 0.652402 0.734527 0.706529 0.873242 0.807163 0.766861 0.893275 0.874404 0.821130 0.788146 0.748710 0.771564 0.889518 0.868933 0.772518 0.690862 0.900388 0.659835 0.855968 0.847057 0.880381 0.730766 0.783556 0.916522 0.772553 0.798051 0.900544 0.891225 0.800973 0.904661 0.965001 0.919483 0.896554 0.911836 0.917283 0.655300 0.817735 0.868084 0.632416 0.679065 0.810016 0.838100 0.769544 0.804674 0.802197 0.867617 0.779971 0.680765 0.677637 0.738266 0.774587 0.848986 0.838857 0.973181 0.960933 0.998624 0.763802 0.951595 0.920534 0.991289 0.874145 0.819542 0.679547 0.662351 0.828202 0.769792 0.751018 0.705508 0.726802 0.828345 0.897769 0.790575 0.763701 0.855074 0.696342 0.767097 0.836585 0.953387 0.618900 0.744760 0.754718 0.720794 0.956722 0.991865 0.957378 0.937878 0.815966 0.687776 0.947794 0.992011 0.994766 0.713722 0.829258 0.841243 0.937806 0.950346 0.948819 0.728641
0.414810 0.359553 0.308384 0.360597 0.685780 0.682041 0.000000 0.243304 0.611214 0.832778 0.705601 0.543330 0.338961 0.448788 0.351419 0.474000 0.543811 0.552017 0.377122 0.413923 0.730764 0.874076 0.444150 0.465901 0.536967 0.516575 0.714749 0.862669 0.865452 0.946093 0.723482 0.835524 0.310792 0.360563 0.457516 0.827223 0.411518 0.483196 0.597707 0.794197 0.700067 0.825128 0.496647 0.498538 0.624510 0.624305 0.456799 0.460826 0.822108 0.635875 0.786896 0.611089 0.804614 0.882379 0.423181 0.436085 0.444316 0.352210 0.413650 0.525632 0.285981 0.430896 0.546293 0.504125 0.349816 0.314582 0.237243 0.277734 0.486147 0.559979 0.441841 0.671161 0.702961 0.668261 0.937289 0.804646 0.551285 0.826817 0.524781 0.674297 0.479130 0.445470 0.542221 0.498570 0.314017 0.373344 0.640774 0.615539 0.508723 0.518816 0.762075 0.845677 0.623105 0.674652 0.658251 0.884827 0.450173 0.805090 0.743411 0.695296 0.848174 0.847651 0.962042 0.990131 0.435726 0.532884 0.819402 0.883930 0.713226 0.665841 0.852716 0.730826 0.861626 0.905498 0.705039 0.870164
0.506300 0.392312 0.432858 0.357689 0.674866 0.653637 0.243304 0.000000 0.696350 0.878843 0.815294 0.552984 0.456328 0.402875 0.416983 0.466455 0.608343 0.568633 0.436663 0.443375 0.779940 0.849854 0.478401 0.435070 0.589639 0.580898 0.688982 0.910149 0.867493 0.920046 0.848834 0.761051 0.431545 0.438976 0.516308 0.733642 0.515769 0.498276 0.621221 0.751716 0.799555 0.727960 0.514593 0.522069 0.683872 0.656720 0.441782 0.495501 0.838919 0.714099 0.849391 0.692345 0.811640 0.828390 0.421438 0.456457 0.459339 0.381927 0.521797 0.630713 0.430077 0.483729 0.666621 0.546311 0.462163 0.391902 0.343930 0.368453 0.608516 0.647885 0.525880 0.712575 0.896079 0.822692 0.939184 0.832803 0.621507 0.869394 0.568386 0.705659 0.467174 0.461565 0.493402 0.464482 0.387249 0.417007 0.636760 0.507751 0.572804 0.497268 0.627860 0.825412 0.543691 0.663966 0.752635 0.814360 0.477815 0.812761 0.657315 0.583836 0.936564 0.845539 0.891978 0.992258 0.484469 0.564542 0.880632 0.866966 0.749248 0.774465 0.868041 0.719862 0.923506 0.957581 0.769142 0.919588
0.870521 0.787769 0.607552 0.730353 0.856798 0.955725 0.611214 0.696350 0.000000 0.942071 0.882724 0.995673 0.738275 0.920433 0.804016 0.946245 0.858609 0.996696 0.863407 0.852885 0.918611 0.957378 0.716759 0.764580 0.692115 0.572288 0.904026 0.953966 0.996513 0.920132 0.602286 0.989041 0.575480 0.783639 0.667911 0.899470 0.675377 0.715736 0.824869 0.847857 0.969593 0.807541 0.791824 0.840091 0.690706 0.754310 0.807686 0.762872 0.865253 0.724010 0.680830 0.710143 0.728311 0.873465 0.669328 0.650056 0.872038 0.827114 0.797411 0.918752 0.591919 0.601363 0.872711 0.832651 0.658565 0.691597 0.657880 0.574211 0.761088 0.834257 0.747011 0.787613 0.734607 0.759659 0.899336 0.926539 0.785053 0.894617 0.844565 0.999251 0.940706 0.969842 0.756471 0.864438 0.691111 0.717208 0.899508 0.719360 0.733550 0.750853 0.968033 0.871902 0.998792 0.989697 0.874793 0.915108 0.930062 0.909624 0.967103 0.959221 0.928866 0.977550 0.911291 0.971203 0.791124 0.806706 0.875155 0.969570 0.934904 0.907554 0.775903 0.785792 0.977957 0.921642 0.795083 0.961951
0.524429 0.595446 0.607291 0.554970 0.855788 0.918291 0.832778 0.878843 0.942071 0.000000 0.889553 0.745977 0.490640 0.684565 0.723865 0.629689 0.923817 0.895370 0.631154 0.721331 0.769533 0.938749 0.653530 0.508506 0.535501 0.711116 0.561203 0.824163 0.699116 0.746413 0.922067 0.707890 0.868851 0.941024 0.701089 0.965883 0.618457 0.950445 0.500146 0.690771 0.758214 0.827178 0.736058 0.834682 0.528035 0.590247 0.785977 0.859468 0.649931 0.940382 0.748489 0.903820 0.702786 0.566946 0.574408 0.776611 0.793617 0.623395 0.630899 0.542568 0.719550 0.938166 0.868094 0.974326 0.560513 0.614246 0.735233 0.926426 0.508485 0.597236 0.985987 0.762003 0.888864 0.870934 0.895261 0.845275 0.995295 0.685202 0.922435 0.923712 0.761626 0.593308 0.742464 0.562911 0.492726 0.504220 0.685650 0.741935 0.573718 0.476734 0.712743 0.922546 0.968437 0.979090 0.816520 0.935464 0.859904 0.876932 0.662172 0.702192 0.504512 0.736398 0.648054 0.693946 0.999955 0.810486 0.963369 0.896628 0.910499 0.933440 0.685745 0.897175 0.777072 0.777898 0.936548 0.980005
0.481216 0.557511 0.876751 0.957832 0.998754 0.779938 0.705601 0.815294 0.882724 0.889553 0.000000 0.502423 0.760728 0.632293 0.929109 0.946834 0.523338 0.407826 0.533053 0.500388 0.802603 0.896598 0.866315 0.999870 0.927293 0.922274 0.936370 0.906161 0.690188 0.575962 0.754994 0.869116 0.678539 0.496345 0.872201 0.836253 0.862186 0.827426 0.985804 0.957624 0.708391 0.960391 0.753430 0.685390 0.767751 0.821239 0.714332 0.806893 0.755257 0.804145 0.987052 0.955601 0.833010 0.764955 0.766671 0.774680 0.475437 0.554445 0.659794 0.762628 0.792571 0.927549 0.537764 0.648841 0.957860 0.847514 0.666091 0.696930 0.592900 0.683156 0.841129 0.920676 0.848389 0.720060 0.760747 0.952805 0.839487 0.963894 0.720959 0.580932 0.428295 0.460199 0.861437 0.684079 0.848950 0.874847 0.807686 0.926046 0.874494 0.918865 0.817617 0.750739 0.663527 0.684173 0.745623 0.935482 0.707024 0.821519 0.679176 0.824081 0.991629 0.767014 0.723343 0.755655 0.830443 0.939224 0.841258 0.847888 0.843252 0.815762 0.983449 0.932364 0.930068 0.869827 0.993271 0.905996
0.414916 0.396062 0.621945 0.544641 0.849821 0.623288 0.543330 0.552984 0.995673 0.745977 0.502423 0.000000 0.507364 0.377117 0.518161 0.504203 0.566215 0.348624 0.397123 0.345594 0.590776 0.958763 0.663996 0.519271 0.693737 0.872473 0.652781 0.991293 0.738493 0.671069 0.874752 0.830750 0.560656 0.454340 0.627725 0.663719 0.640353 0.502241 0.783989 0.766020 0.768655 0.893320 0.725381 0.723275 0.878701 0.949502 0.652175 0.727462 0.975456 0.922546 0.823072 0.933541 0.702180 0.487147 0.608775 0.686684 0.365797 0.394148 0.630027 0.720216 0.560626 0.687373 0.604344 0.489879 0.612007 0.520983 0.548741 0.560152 0.526792 0.587766 0.721260 0.813007 0.795576 0.730676 0.915802 0.981090 0.838343 0.876431 0.619981 0.517203 0.375463 0.348900 0.711775 0.507908 0.520759 0.491441 0.632514 0.646382 0.639458 0.582488 0.828654 0.885531 0.614562 0.771513 0.807025 0.844165 0.612960 0.807344 0.795227 0.799232 0.843232 0.932792 0.793903 0.873439 0.605244 0.632157 0.860578 0.954565 0.891803 0.760960 0.988391 0.872824 0.948629 0.922593 0.852878 0.878265
0.295464 0.300733 0.307729 0.303062 0.625563 0.761088 0.338961 0.456328 0.738275 0.490640 0.760728 0.507364 0.000000 0.413213 0.316331 0.346011 0.549941 0.589365 0.327273 0.394402 0.634149 0.865471 0.325018 0.314520 0.391994 0.538162 0.545654 0.765576 0.991601 0.959542 0.832280 0.954935 0.446198 0.516827 0.507616 0.893225 0.346304 0.579925 0.506223 0.652461 0.580712 0.977338 0.768386 0.703286 0.968572 0.972387 0.505134 0.488375 0.933704 0.660627 0.944946 0.621962 0.993219 0.751944 0.395915 0.467425 0.459763 0.305562 0.356688 0.362476 0.328664 0.525047 0.514390 0.507554 0.294082 0.320862 0.363146 0.534400 0.335956 0.395228 0.543022 0.845417 0.709680 0.778053 0.842775 0.847469 0.628584 0.986110 0.618231 0.594639 0.460196 0.358645 0.542074 0.424933 0.227179 0.284420 0.463407 0.504887 0.405060 0.375283 0.979967 0.863388 0.774888 0.719306 0.646354 0.983861 0.516101 0.928063 0.989221 0.925254 0.624952 0.940539 0.950193 0.945569 0.603881 0.523842 0.877721 0.968806 0.888080 0.753874 0.925719 0.847461 0.994926 0.916519 0.731269 0.860697
0.409008 0.374483 0.619327 0.514756 0.848949 0.691197 0.448788 0.402875 0.920433 0.684565 0.632293 0.377117 0.413213 0.000000 0.472652 0.447711 0.444111 0.355326 0.267690 0.326464 0.809818 0.963144 0.593192 0.451342 0.736675 0.840316 0.614792 0.984616 0.714916 0.662422 0.942294 0.762810 0.539759 0.479575 0.595408 0.755593 0.668521 0.514851 0.707647 0.703982 0.819269 0.846358 0.644727 0.589901 0.875000 0.854885 0.541397 0.628967 0.973655 0.868118 0.921309 0.889723 0.882707 0.654585 0.601237 0.544194 0.331678 0.371874 0.593220 0.689670 0.596652 0.742776 0.571951 0.470028 0.631531 0.550041 0.499203 0.620111 0.607893 0.683963 0.590377 0.758525 0.874125 0.869849 0.885627 0.926950 0.743803 0.804957 0.527843 0.480322 0.328927 0.299016 0.575184 0.453494 0.494209 0.507442 0.621708 0.516569 0.682837 0.614664 0.788546 0.756555 0.674812 0.627572 0.841824 0.849172 0.543839 0.770090 0.718882 0.655723 0.835529 0.800103 0.781292 0.830306 0.616390 0.680108 0.996581 0.901466 0.831938 0.726224 0.995808 0.719884 0.887099 0.973656 0.889959 0.895720
0.554963 0.495529 0.403368 0.365453 0.620212 0.747736 0.351419 0.416983 0.804016 0.723865 0.929109 0.518161 0.316331 0.472652 0.000000 0.256295 0.676175 0.668742 0.459836 0.530333 0.692404 0.841679 0.313204 0.349439 0.509926 0.646664 0.646473 0.817459 0.884136 0.964654 0.722220 0.847660 0.489025 0.534870 0.622269 0.822610 0.500323 0.558622 0.648331 0.840025 0.713624 0.878978 0.671196 0.698791 0.875762 0.866210 0.585534 0.564421 0.981924 0.817752 0.984447 0.766737 0.879883 0.810982 0.583951 0.659171 0.564206 0.471463 0.579235 0.589755 0.379781 0.416197 0.599914 0.493828 0.392306 0.384159 0.495199 0.533992 0.619766 0.649929 0.515739 0.802695 0.782714 0.788261 0.939289 0.722862 0.689984 0.797571 0.634610 0.657420 0.557289 0.519885 0.634522 0.553300 0.373143 0.402001 0.576030 0.544034 0.586630 0.521520 0.933662 0.894869 0.802337 0.835461 0.742483 0.998515 0.528126 0.901962 0.875776 0.754237 0.861340 0.989065 0.990144 0.956557 0.603305 0.573558 0.934481 0.882376 0.779306 0.823502 0.991115 0.784288 0.855550 0.994080 0.788876 0.818772
0.577403 0.508701 0.439934 0.379040 0.608848 0.715996 0.474000 0.466455 0.946245 0.629689 0.946834 0.504203 0.346011 0.447711 0.256295 0.000000 0.719278 0.696827 0.507729 0.556276 0.682362 0.829523 0.312525 0.308674 0.464246 0.646372 0.558481 0.815855 0.954655 0.995524 0.780066 0.859461 0.561784 0.600202 0.629282 0.854598 0.498610 0.630127 0.618182 0.702190 0.662234 0.989958 0.770930 0.763342 0.919041 0.964993 0.578942 0.646585 0.814238 0.990407 0.840808 0.937274 0.954046 0.655534 0.600359 0.679189 0.559716 0.483015 0.630271 0.599354 0.442886 0.457612 0.701454 0.553346 0.425063 0.398239 0.580983 0.666317 0.614407 0.609850 0.643712 0.852448 0.834478 0.846991 0.943969 0.679856 0.812614 0.868435 0.665156 0.714059 0.571189 0.501956 0.603264 0.512576 0.376132 0.361157 0.585538 0.546061 0.549674 0.478108 0.966627 0.956724 0.773757 0.891053 0.835047 0.979557 0.606440 0.904077 0.965339 0.838625 0.822604 0.927153 0.999806 0.876682 0.660558 0.551649 0.933538 0.978392 0.812679 0.887782 0.929830 0.750814 0.867217 0.919668 0.792438 0.829675
0.467419 0.430147 0.794227 0.802641 0.905492 0.746945 0.543811 0.608343 0.858609 0.923817 0.523338 0.566215 0.549941 0.444111 0.676175 0.719278 0.000000 0.294189 0.349056 0.362113 0.851343 0.966122 0.830627 0.772123 0.928394 0.977611 0.860352 0.860118 0.471808 0.479143 0.887541 0.628337 0.455261 0.451567 0.811737 0.901897 0.718926 0.661945 0.955873 0.783477 0.665486 0.817257 0.423618 0.316056 0.666247 0.636312 0.525946 0.572792 0.727955 0.729285 0.827080 0.793411 0.973091 0.896154 0.716648 0.682246 0.264820 0.378044 0.613155 0.690680 0.712978 0.947375 0.315605 0.338942 0.869032 0.782502 0.607584 0.656715 0.567453 0.672974 0.518190 0.659032 0.805389 0.736123 0.838345 0.795557 0.599553 0.613197 0.468853 0.426026 0.262308 0.334565 0.594416 0.555266 0.702549 0.743011 0.885575 0.595602 0.808389 0.796721 0.764736 0.654394 0.740144 0.678766 0.737039 0.962071 0.630458 0.846742 0.586332 0.669064 0.947247 0.662795 0.587314 0.496236 0.711708 0.824473 0.919196 0.887646 0.917184 0.778404 0.935251 0.749224 0.811271 0.868993 0.779784 0.917533
0.420300 0.383315 0.828359 0.763767 0.939125 0.670938 0.552017 0.568633 0.996696 0.895370 0.407826 0.348624 0.589365 0.355326 0.668742 0.696827 0.294189 0.000000 0.325745 0.253446 0.780179 0.910043 0.875981 0.744650 0.947284 0.964811 0.853119 0.996329 0.471789 0.416234 0.940225 0.638077 0.480226 0.379999 0.779368 0.752313 0.765818 0.550492 0.897914 0.820621 0.688947 0.759560 0.459243 0.417509 0.666486 0.694204 0.555663 0.636154 0.755616 0.824813 0.995151 0.984295 0.791549 0.654495 0.732234 0.692320 0.202980 0.330437 0.622321 0.776827 0.740354 0.972662 0.400576 0.365774 0.865759 0.755902 0.571699 0.616979 0.561650 0.645805 0.581607 0.661922 0.845970 0.721521 0.842702 0.928986 0.701346 0.643278 0.443984 0.351426 0.224879 0.268758 0.639038 0.566021 0.696052 0.710384 0.788249 0.662000 0.808811 0.776216 0.681626 0.663510 0.569048 0.584500 0.803241 0.827565 0.539888 0.783152 0.563978 0.599353 0.997857 0.729302 0.528717 0.555767 0.614554 0.758233 0.980851 0.899136 0.908741 0.698602 0.891788 0.739537 0.883605 0.822446 0.886823 0.948356
0.321049 0.291869 0.550726 0.492722 0.811161 0.652402 0.377122 0.436663 0.863407 0.631154 0.533053 0.397123 0.327273 0.267690 0.459836 0.507729 0.349056 0.325745 0.000000 0.280396 0.764448 0.937429 0.602280 0.513354 0.721323 0.811028 0.642703 0.946185 0.692482 0.697500 0.966782 0.805698 0.474001 0.427220 0.602929 0.848789 0.604111 0.594256 0.690950 0.644170 0.644468 0.894980 0.596038 0.537999 0.842484 0.837287 0.493235 0.521481 0.917283 0.760744 0.990966 0.745966 0.910174 0.730731 0.517436 0.518327 0.282593 0.290378 0.474543 0.544193 0.529341 0.780515 0.425463 0.473874 0.571903 0.502400 0.381729 0.525459 0.476191 0.601626 0.468991 0.739711 0.821951 0.821885 0.899756 0.893741 0.635385 0.831521 0.493914 0.447573 0.287747 0.264204 0.641856 0.463219 0.444263 0.497842 0.638806 0.526083 0.629632 0.628821 0.760519 0.655196 0.617655 0.578637 0.714102 0.882133 0.447641 0.802346 0.709250 0.644491 0.783067 0.777252 0.808440 0.782206 0.586384 0.602999 0.973345 0.958491 0.829385 0.632309 0.998737 0.739086 0.899358 0.958584 0.736043 0.827511
0.335664 0.275806 0.575884 0.518805 0.822910 0.734527 0.413923 0.443375 0.852885 0.721331 0.500388 0.345594 0.394402 0.326464 0.530333 0.556276 0.362113 0.253446 0.280396 0.000000 0.686396 0.957284 0.649166 0.541140 0.700411 0.786895 0.647005 0.959296 0.686481 0.632938 0.938293 0.778910 0.403746 0.390810 0.647355 0.781732 0.571949 0.455307 0.705929 0.725789 0.671260 0.751835 0.530583 0.487715 0.805839 0.842187 0.497754 0.587676 0.906516 0.719832 0.968365 0.810113 0.861070 0.678661 0.557097 0.604174 0.223973 0.242758 0.487541 0.603463 0.542906 0.773671 0.449174 0.392108 0.603603 0.523974 0.414533 0.510166 0.386441 0.487648 0.482667 0.640364 0.769714 0.692881 0.836635 0.901333 0.553854 0.724860 0.496610 0.437151 0.263004 0.248441 0.588655 0.474107 0.458546 0.496496 0.653488 0.621989 0.629853 0.584702 0.756525 0.702936 0.588272 0.562481 0.752776 0.865163 0.477711 0.868623 0.720802 0.698914 0.864394 0.783844 0.685075 0.762045 0.513363 0.614934 0.983492 0.988112 0.846693 0.736589 0.944821 0.790373 0.987001 0.872565 0.779508 0.947384
0.585476 0.570603 0.573586 0.619545 0.806670 0.706529 0.730764 0.779940 0.918611 0.769533 0.802603 0.590776 0.634149 0.809818 0.692404 0.682362 0.851343 0.780179 0.764448 0.686396 0.000000 0.908523 0.740695 0.647148 0.616966 0.674621 0.831452 0.633215 0.999984 0.982234 0.864404 0.977996 0.683263 0.634727 0.581060 0.743473 0.636688 0.639711 0.571918 0.755777 0.777020 0.978556 0.988444 0.909499 0.953811 0.962988 0.755376 0.931360 0.982640 0.903028 0.979467 0.992995 0.762274 0.579302 0.619282 0.890389 0.687153 0.612632 0.607976 0.660405 0.500272 0.563440 0.803941 0.760049 0.548713 0.512309 0.641403 0.719290 0.548968 0.625292 0.940756 0.979676 0.815419 0.943293 0.934627 0.979069 0.855251 0.976487 0.999860 0.816534 0.730000 0.657472 0.658047 0.728380 0.562024 0.498957 0.706415 0.781274 0.613561 0.604719 0.778991 0.679058 0.972015 0.876564 0.837135 0.906965 0.819176 0.924042 0.845777 0.851365 0.739109 0.796231 0.939085 0.830420 0.939915 0.792445 0.958682 0.913461 0.995051 0.936141 0.936072 0.893102 0.881794 0.922794 0.837951 0.998312
0.939653 0.946783 0.822606 0.869758 0.916678 0.873242 0.874076 0.849854 0.957378 0.938749 0.896598 0.958763 0.865471 0.963144 0.841679 0.829523 0.966122 0.910043 0.937429 0.957284 0.908523 0.000000 0.935528 0.960502 0.967487 0.907245 0.945498 0.955679 0.825233 0.793208 0.882288 0.835905 0.972939 0.980691 0.904255 0.836751 0.881131 0.986393 0.866597 0.977651 0.937452 0.872112 0.956881 0.998025 0.953650 0.964000 0.887207 0.931203 0.909345 0.780136 0.761423 0.689876 0.686938 0.823925 0.757040 0.776332 0.959179 0.934501 0.824268 0.725569 0.839888 0.802122 0.887008 0.910045 0.911368 0.917317 0.937179 0.896301 0.967392 0.995597 0.938421 0.979251 0.860945 0.855151 0.909377 0.996558 0.966184 0.821002 0.965579 0.899399 0.991650 0.932362 0.930882 0.914686 0.913599 0.933272 0.903485 0.820630 0.916656 0.975766 0.921636 0.891587 0.992849 0.970239 0.948561 0.990670 0.808569 0.868566 0.929765 0.899354 0.846219 0.918897 0.991530 0.992686 0.921360 0.937407 0.983833 0.805598 0.980399 0.878108 0.889244 0.920009 0.944445 0.975374 0.667253 0.883518
0.657905 0.529992 0.330630 0.272188 0.523630 0.807163 0.444150 0.478401 0.716759 0.653530 0.866315 0.663996 0.325018 0.593192 0.313204 0.312525 0.830627 0.875981 0.602280 0.649166 0.740695 0.935528 0.000000 0.235622 0.334944 0.477776 0.470068 0.802475 0.922496 0.848674 0.643776 0.982992 0.599999 0.728873 0.573850 0.884484 0.427732 0.592454 0.563005 0.740706 0.752631 0.942711 0.810808 0.863294 0.943537 0.948316 0.690700 0.656856 0.790334 0.882836 0.936698 0.798320 0.987856 0.770158 0.609384 0.714926 0.719943 0.570713 0.662120 0.606833 0.422406 0.415545 0.841287 0.697164 0.282831 0.324129 0.488049 0.565642 0.593365 0.630167 0.587164 0.764094 0.788633 0.874099 0.964818 0.779509 0.787544 0.930548 0.743391 0.864697 0.761743 0.692643 0.643057 0.668004 0.298702 0.311012 0.554900 0.611791 0.477812 0.419173 0.987590 0.999727 0.787302 0.873882 0.700606 0.958206 0.692581 0.937716 0.929607 0.964350 0.648084 0.821493 0.838569 0.781241 0.591962 0.492609 0.902396 0.907633 0.862961 0.803185 0.974389 0.883762 0.992522 0.798648 0.748876 0.847434
0.515444 0.431272 0.331922 0.238775 0.577520 0.766861 0.465901 0.435070 0.764580 0.508506 0.999870 0.519271 0.314520 0.451342 0.349439 0.308674 0.772123 0.744650 0.513354 0.541140 0.647148 0.960502 0.235622 0.000000 0.310516 0.489537 0.421850 0.753345 0.932511 0.882857 0.797603 0.993829 0.596185 0.647671 0.497316 0.769901 0.454013 0.533732 0.455654 0.656105 0.740808 0.880853 0.909922 0.903774 0.857110 0.890649 0.626405 0.634699 0.761372 0.908362 0.814476 0.885231 0.824219 0.564017 0.469084 0.607670 0.604542 0.456950 0.593370 0.566123 0.441119 0.495181 0.803230 0.687706 0.295537 0.319404 0.498791 0.589457 0.483206 0.565257 0.688022 0.883702 0.912184 0.944016 0.997216 0.924406 0.801310 0.965538 0.715574 0.794142 0.617916 0.517896 0.570941 0.476670 0.254979 0.239890 0.527434 0.550739 0.381777 0.317895 0.945917 0.942141 0.797869 0.911696 0.729674 0.911168 0.645423 0.909093 0.916280 0.989707 0.607618 0.817962 0.827666 0.788577 0.625658 0.529602 0.964133 0.996684 0.957447 0.873097 0.926546 0.912203 0.911870 0.753326 0.834960 0.899868
0.506155 0.481399 0.279737 0.289550 0.556199 0.893275 0.536967 0.589639 0.692115 0.535501 0.927293 0.693737 0.391994 0.736675 0.509926 0.464246 0.928394 0.947284 0.721323 0.700411 0.616966 0.967487 0.334944 0.310516 0.000000 0.268177 0.489218 0.662576 0.673821 0.621966 0.690718 0.819999 0.598145 0.714948 0.433307 0.809988 0.355061 0.590390 0.424489 0.588267 0.705214 0.975220 0.982235 0.996824 0.831001 0.887696 0.661316 0.636311 0.788616 0.837711 0.975171 0.792459 0.890315 0.614552 0.397881 0.612997 0.755694 0.551156 0.503863 0.449207 0.366735 0.423865 0.929299 0.822902 0.226808 0.293876 0.506331 0.597135 0.391162 0.386010 0.898536 0.990185 0.820613 0.864603 0.957012 0.982641 0.889356 0.848680 0.880012 0.962517 0.808364 0.666707 0.587550 0.531727 0.242817 0.228584 0.575808 0.677248 0.299673 0.278275 0.810027 0.715512 0.926141 0.934249 0.697353 0.965048 0.782423 0.990753 0.724548 0.718310 0.536720 0.654489 0.655659 0.668243 0.728284 0.588989 0.851069 0.954667 0.908095 0.932412 0.857117 0.925562 0.835110 0.711074 0.804022 0.892247
0.607715 0.598003 0.315726 0.411296 0.583108 0.874404 0.516575 0.580898 0.572288 0.711116 0.922274 0.872473 0.538162 0.840316 0.646664 0.646372 0.977611 0.964811 0.811028 0.786895 0.674621 0.907245 0.477776 0.489537 0.268177 0.000000 0.620269 0.683868 0.650053 0.598100 0.622192 0.881836 0.596822 0.729227 0.508337 0.774534 0.426051 0.638515 0.480344 0.596339 0.804753 0.936064 0.970285 0.977567 0.975873 0.996770 0.674112 0.718960 0.873935 0.784997 0.877192 0.697993 0.963035 0.807036 0.419118 0.640734 0.836729 0.667183 0.540706 0.529509 0.392818 0.457542 0.992923 0.938877 0.302842 0.349743 0.473488 0.539008 0.478568 0.483653 0.911297 0.926336 0.743423 0.848781 0.878794 0.957746 0.934687 0.806716 0.965741 0.938706 0.939937 0.821115 0.625703 0.695783 0.355635 0.335385 0.718804 0.792515 0.411964 0.424449 0.876974 0.700825 0.980454 0.933167 0.744562 0.978543 0.867448 0.995328 0.763462 0.766352 0.662537 0.734104 0.688802 0.641094 0.796190 0.635618 0.863747 0.945066 0.888602 0.867657 0.983302 0.935783 0.812816 0.822367 0.803592 0.836092
0.675963 0.614765 0.572275 0.466329 0.686116 0.821130 0.714749 0.688982 0.904026 0.561203 0.936370 0.652781 0.545654 0.614792 0.646473 0.558481 0.860352 0.853119 0.642703 0.647005 0.831452 0.945498 0.470068 0.421850 0.489218 0.620269 0.000000 0.789130 0.829580 0.837576 0.979757 0.898087 0.815221 0.888416 0.713730 0.821707 0.683113 0.669149 0.695627 0.767415 0.887382 0.982084 0.978881 0.962526 0.667868 0.711726 0.839562 0.862632 0.608493 0.963748 0.782556 0.971017 0.753518 0.640216 0.708790 0.826043 0.753464 0.685421 0.811877 0.704376 0.728472 0.751652 0.953113 0.906648 0.518301 0.532972 0.693172 0.790448 0.633701 0.670618 0.805515 0.949346 0.894804 0.993731 0.856541 0.957644 0.903727 0.880453 0.795276 0.909028 0.821982 0.704267 0.785264 0.745523 0.504423 0.476147 0.696093 0.782385 0.628972 0.558632 0.977893 0.972904 0.857573 0.874774 0.907675 0.994321 0.884494 0.911209 0.885420 0.927708 0.663643 0.882352 0.846332 0.848142 0.743936 0.700386 0.997869 0.938262 0.968717 0.873583 0.970335 0.936051 0.856521 0.741415 0.870179 0.816333
0.757181 0.797219 0.729614 0.772453 0.791830 0.788146 0.862669 0.910149 0.953966 0.824163 0.906161 0.991293 0.765576 0.984616 0.817459 0.815855 0.860118 0.996329 0.946185 0.959296 0.633215 0.955679 0.802475 0.753345 0.662576 0.683868 0.789130 0.000000 0.982220 0.834664 0.773271 0.936271 0.853606 0.952203 0.821180 0.741581 0.751456 0.930205 0.753612 0.837784 0.882189 0.918024 0.931271 0.900669 0.884987 0.986622 0.836478 0.827949 0.925297 0.957046 0.947157 0.924846 0.940900 0.818545 0.757335 0.944909 0.868126 0.820047 0.741125 0.691370 0.795751 0.849781 0.951016 0.963986 0.726897 0.770972 0.855149 0.994783 0.736021 0.638126 0.890690 0.867398 0.959640 0.880140 0.902508 0.964532 0.821211 0.945440 0.958363 0.981724 0.921517 0.888469 0.824706 0.900194 0.742424 0.714997 0.972009 0.975555 0.762855 0.699717 0.837778 0.822233 0.863044 0.877386 0.810900 0.811996 0.905604 0.881122 0.836734 0.794220 0.705898 0.817381 0.827151 0.839335 0.966287 0.996854 0.792619 0.965672 0.880479 0.848583 0.783476 0.869489 0.982690 0.900780 0.941894 0.860046
0.954423 0.858071 0.793395 0.836359 0.960186 0.748710 0.865452 0.867493 0.996513 0.699116 0.690188 0.738493 0.991601 0.714916 0.884136 0.954655 0.471808 0.471789 0.692482 0.686481 0.999984 0.825233 0.922496 0.932511 0.673821 0.650053 0.829580 0.982220 0.000000 0.243157 0.872950 0.418589 0.742656 0.645631 0.879915 0.922171 0.916692 0.916575 0.736529 0.925413 0.953770 0.797980 0.450187 0.463949 0.543368 0.615907 0.903592 0.871816 0.778310 0.938185 0.967047 0.847836 0.957511 0.981733 0.828150 0.924051 0.548091 0.821073 0.937509 0.780001 0.942586 0.882102 0.566469 0.531269 0.741491 0.879909 0.939839 0.878135 0.904666 0.805845 0.646857 0.629338 0.948521 0.800317 0.923009 0.848267 0.839149 0.441820 0.570318 0.502593 0.543578 0.748050 0.942096 0.965715 0.845319 0.841290 0.940471 0.919946 0.771539 0.729732 0.766391 0.713225 0.835960 0.878425 0.879984 0.958114 0.741403 0.998911 0.595199 0.555069 0.753862 0.612339 0.515353 0.422791 0.844954 0.997374 0.917801 0.936284 0.923014 0.889326 0.814714 0.732350 0.735777 0.784465 0.996206 0.985741
0.931544 0.825364 0.762339 0.795266 0.875155 0.771564 0.946093 0.920046 0.920132 0.746413 0.575962 0.671069 0.959542 0.662422 0.964654 0.995524 0.479143 0.416234 0.697500 0.632938 0.982234 0.793208 0.848674 0.882857 0.621966 0.598100 0.837576 0.834664 0.243157 0.000000 0.997925 0.467165 0.789815 0.667973 0.867506 0.867873 0.858984 0.880115 0.694657 0.935216 0.918580 0.841479 0.520122 0.517432 0.593824 0.698276 0.929223 0.974203 0.757368 0.943890 0.972615 0.783926 0.932256 0.905516 0.767867 0.881829 0.529691 0.796855 0.929434 0.807552 0.908335 0.834403 0.588077 0.530237 0.694241 0.847967 0.962373 0.904347 0.944492 0.849791 0.731113 0.690920 0.885987 0.763121 0.977031 0.826585 0.934947 0.474270 0.617793 0.488545 0.529491 0.699131 0.915953 0.954439 0.807234 0.808289 0.955437 0.876325 0.725592 0.739608 0.780677 0.733377 0.834274 0.834628 0.943534 0.963040 0.808465 0.928660 0.591461 0.614906 0.748897 0.685452 0.456510 0.438424 0.870814 0.970789 0.837840 0.853566 0.960058 0.893358 0.782871 0.810708 0.844166 0.800296 0.966389 0.980253
0.937991 0.975197 0.713383 0.834787 0.747042 0.889518 0.723482 0.848834 0.602286 0.922067 0.754994 0.874752 0.832280 0.942294 0.722220 0.780066 0.887541 0.940225 0.966782 0.938293 0.864404 0.882288 0.643776 0.797603 0.690718 0.622192 0.979757 0.773271 0.872950 0.997925 0.000000 0.677674 0.623126 0.841131 0.845772 0.961536 0.692264 0.817637 0.809110 0.910511 0.897606 0.821687 0.717897 0.730099 0.780319 0.825467 0.951264 0.958296 0.947363 0.951953 0.868309 0.929549 0.812309 0.914284 0.916346 0.992598 0.933047 0.958943 0.949781 0.968504 0.684704 0.638867 0.956815 0.785595 0.737056 0.752300 0.849653 0.739546 0.873786 0.921042 0.774536 0.755306 0.679110 0.741484 0.899670 0.790459 0.852004 0.651533 0.873425 0.946115 0.989005 0.944747 0.838148 0.992024 0.795136 0.788097 0.929940 0.992231 0.840334 0.892561 0.816094 0.732135 0.789562 0.731183 0.916475 0.877385 0.990726 0.794636 0.844594 0.928366 0.930996 0.935743 0.994022 0.965954 0.844764 0.892364 0.828649 0.988290 0.933816 0.972061 0.895535 0.992715 0.979769 0.979935 0.905909 0.979984
0.937038 0.940566 0.863009 0.944090 0.984576 0.868933 0.835524 0.761051 0.989041 0.707890 0.869116 0.830750 0.954935 0.762810 0.847660 0.859461 0.628337 0.638077 0.805698 0.778910 0.977996 0.835905 0.982992 0.993829 0.819999 0.881836 0.898087 0.936271 0.418589 0.467165 0.677674 0.000000 0.699617 0.661544 0.859921 0.854220 0.993567 0.888768 0.872051 0.936584 0.960186 0.776743 0.481533 0.464295 0.615080 0.654853 0.872862 0.974819 0.849279 0.949878 0.991428 0.868471 0.965777 0.996815 0.930513 0.929215 0.656743 0.879888 0.883189 0.774643 0.977577 0.992247 0.769132 0.644687 0.818370 0.955543 0.962067 0.861670 0.862293 0.773633 0.765323 0.699298 0.978549 0.865620 0.992414 0.842864 0.894285 0.521732 0.695236 0.742305 0.639594 0.826279 0.856518 0.859664 0.909415 0.924332 0.865157 0.906677 0.848389 0.875227 0.711864 0.874495 0.864078 0.962543 0.986401 0.927001 0.905711 0.896075 0.627932 0.550133 0.714578 0.722882 0.564918 0.614458 0.900254 0.985316 0.953791 0.924255 0.839720 0.909289 0.787790 0.768202 0.808974 0.847287 0.940307 0.939073
0.448667 0.395114 0.469455 0.531223 0.795195 0.772518 0.310792 0.431545 0.575480 0.868851 0.678539 0.560656 0.446198 0.539759 0.489025 0.561784 0.455261 0.480226 0.474001 0.403746 0.683263 0.972939 0.599999 0.596185 0.598145 0.596822 0.815221 0.853606 0.742656 0.789815 0.623126 0.699617 0.000000 0.346877 0.567886 0.871058 0.468607 0.485180 0.657240 0.789505 0.627772 0.719509 0.443965 0.418373 0.585683 0.611610 0.472879 0.564902 0.803833 0.692381 0.814619 0.759775 0.941136 0.823224 0.508247 0.569656 0.387349 0.378100 0.501462 0.661195 0.400847 0.598806 0.446302 0.449844 0.516307 0.468736 0.374211 0.381280 0.467154 0.582463 0.513625 0.665810 0.720581 0.675134 0.795932 0.762611 0.558532 0.768392 0.515813 0.580487 0.424888 0.455047 0.537572 0.518070 0.449746 0.459800 0.774912 0.614015 0.577335 0.590886 0.825367 0.942713 0.724306 0.793876 0.766707 0.994688 0.635329 0.909625 0.794597 0.785363 0.883399 0.855297 0.864928 0.796659 0.595375 0.661111 0.900207 0.904734 0.908365 0.780765 0.888987 0.750872 0.891864 0.864462 0.773143 0.925281
0.405435 0.400408 0.574091 0.605734 0.783251 0.690862 0.360563 0.438976 0.783639 0.941024 0.496345 0.454340 0.516827 0.479575 0.534870 0.600202 0.451567 0.379999 0.427220 0.390810 0.634727 0.980691 0.728873 0.647671 0.714948 0.729227 0.888416 0.952203 0.645631 0.667973 0.841131 0.661544 0.346877 0.000000 0.549294 0.783736 0.549810 0.503989 0.732630 0.809451 0.589550 0.795025 0.550781 0.461659 0.566895 0.601040 0.469909 0.572148 0.735508 0.738683 0.854796 0.844462 0.989636 0.731606 0.501110 0.518422 0.342334 0.343838 0.485763 0.630106 0.422203 0.604986 0.407105 0.367177 0.608293 0.532522 0.418885 0.438487 0.488929 0.586214 0.659423 0.753471 0.751378 0.618649 0.878666 0.897934 0.764721 0.749226 0.642213 0.551697 0.324334 0.368270 0.479289 0.436696 0.503346 0.524987 0.666743 0.610454 0.585879 0.686442 0.890436 0.983105 0.760440 0.801799 0.847434 0.936382 0.519162 0.953881 0.717267 0.790024 0.966408 0.841618 0.838341 0.781879 0.614847 0.702442 0.935144 0.861010 0.881485 0.745923 0.924205 0.783201 0.940050 0.937400 0.855769 0.918460
0.471409 0.458747 0.365012 0.436929 0.824830 0.900388 0.457516 0.516308 0.667911 0.701089 0.872201 0.627725 0.507616 0.595408 0.622269 0.629282 0.811737 0.779368 0.602929 0.647355 0.581060 0.904255 0.573850 0.497316 0.433307 0.508337 0.713730 0.821180 0.879915 0.867506 0.845772 0.859921 0.567886 0.549294 0.000000 0.892293 0.508223 0.495707 0.452986 0.684268 0.844614 0.929157 0.938202 0.881634 0.885221 0.907861 0.630098 0.663690 0.978781 0.797772 0.907845 0.780339 0.897290 0.695077 0.416757 0.467831 0.676758 0.521363 0.435018 0.523829 0.338921 0.439810 0.778636 0.701228 0.346049 0.339809 0.373227 0.464035 0.499666 0.559225 0.815230 0.927240 0.765870 0.857866 0.997209 0.990958 0.862578 0.946309 0.770593 0.806716 0.704278 0.587044 0.525019 0.571126 0.365980 0.352875 0.710946 0.699958 0.403959 0.469857 0.789558 0.723363 0.938853 0.991555 0.769684 0.978359 0.703140 0.847785 0.850683 0.847974 0.581722 0.796401 0.766091 0.796422 0.710609 0.744579 0.820266 0.893949 0.931412 0.905572 0.866131 0.994586 0.848034 0.859070 0.771219 0.968049
0.791128 0.822271 0.875967 0.813294 0.839826 0.659835 0.827223 0.733642 0.899470 0.965883 0.836253 0.663719 0.893225 0.755593 0.822610 0.854598 0.901897 0.752313 0.848789 0.781732 0.743473 0.836751 0.884484 0.769901 0.809988 0.774534 0.821707 0.741581 0.922171 0.867873 0.961536 0.854220 0.871058 0.783736 0.892293 0.000000 0.907018 0.715949 0.848164 0.890504 0.905316 0.811322 0.949112 0.910394 0.965599 0.958091 0.889962 0.888331 0.887991 0.819362 0.763883 0.795027 0.711547 0.608204 0.828985 0.969297 0.769922 0.808002 0.955602 0.948381 0.875199 0.884784 0.899085 0.973406 0.813981 0.756981 0.884594 0.871020 0.830099 0.758490 0.965870 0.975933 0.996011 0.969161 0.894102 0.995277 0.907440 0.970548 0.940749 0.781340 0.796147 0.795650 0.857972 0.878319 0.818033 0.758930 0.896065 0.934755 0.883050 0.822844 0.872299 0.913596 0.923344 0.992059 0.974255 0.966052 0.872513 0.995887 0.985234 0.990749 0.958587 0.999085 0.961341 0.900329 0.859337 0.889164 0.952443 0.833307 0.944657 0.890846 0.989827 0.888110 0.862850 0.759833 0.733925 0.888887
0.449454 0.443793 0.329486 0.401888 0.676670 0.855968 0.411518 0.515769 0.675377 0.618457 0.862186 0.640353 0.346304 0.668521 0.500323 0.498610 0.718926 0.765818 0.604111 0.571949 0.636688 0.881131 0.427732 0.454013 0.355061 0.426051 0.683113 0.751456 0.916692 0.858984 0.692264 0.993567 0.468607 0.549810 0.508223 0.907018 0.000000 0.581381 0.599038 0.732038 0.630770 0.935789 0.854206 0.769799 0.948654 0.915756 0.603814 0.563882 0.932137 0.690313 0.906604 0.701725 0.959214 0.808449 0.386768 0.599196 0.604099 0.443066 0.432555 0.505185 0.324145 0.496733 0.683208 0.607329 0.335720 0.365134 0.439272 0.550972 0.372535 0.409256 0.737248 0.823705 0.722666 0.635095 0.855962 0.953325 0.755961 0.990925 0.763686 0.778438 0.614381 0.516948 0.528709 0.471880 0.302255 0.325659 0.678274 0.574779 0.418892 0.429549 0.860253 0.867543 0.944577 0.905313 0.707782 0.920753 0.665442 0.917718 0.883075 0.891005 0.600152 0.828276 0.876103 0.834226 0.673814 0.621924 0.956991 0.879019 0.906015 0.800021 0.862935 0.977808 0.897613 0.924102 0.753442 0.979841
0.559910 0.474462 0.506248 0.513143 0.834924 0.847057 0.483196 0.498276 0.715736 0.950445 0.827426 0.502241 0.579925 0.514851 0.558622 0.630127 0.661945 0.550492 0.594256 0.455307 0.639711 0.986393 0.592454 0.533732 0.590390 0.638515 0.669149 0.930205 0.916575 0.880115 0.817637 0.888768 0.485180 0.503989 0.495707 0.715949 0.581381 0.000000 0.669820 0.690592 0.865759 0.601715 0.714219 0.724356 0.760161 0.813252 0.630787 0.726601 0.937840 0.808450 0.906668 0.854337 0.815331 0.694162 0.597146 0.682999 0.517792 0.475127 0.637135 0.744790 0.515205 0.576055 0.733031 0.535413 0.527740 0.504040 0.506688 0.500675 0.554284 0.575805 0.656420 0.669495 0.737207 0.733104 0.949198 0.960495 0.664428 0.823085 0.688135 0.692592 0.580397 0.552521 0.699223 0.672692 0.501488 0.487461 0.764438 0.728773 0.607631 0.599525 0.894249 0.953099 0.759905 0.778693 0.992051 0.908848 0.721244 0.798371 0.821206 0.862573 0.838650 0.910838 0.856736 0.916569 0.569348 0.700061 0.815907 0.988015 0.956697 0.859963 0.897085 0.912778 0.891594 0.984443 0.838872 0.960571
