0.000000 0.341743 0.664267 0.689293 0.866094 0.664414 0.375269 0.393761 0.477465 0.521108 0.385878 0.286803 0.401120 0.449582 0.559260 0.668371 0.424793 0.415438 0.428450 0.466675 0.940249 0.929272 0.779583 0.989737 0.836767 0.970255 0.728097 0.843240 0.438525 0.527717 0.932298 0.995101 0.485967 0.415057 0.696903 0.921809 0.895161 0.948572 0.765843 0.965126 0.882942 0.838900 0.652450 0.657621 0.657634 0.614040 0.600019 0.585532 0.898284 0.829932 0.741709 0.620722 0.789101 0.897103 0.835204 0.693430 0.386493 0.340727 0.239158 0.305377 0.271922 0.353578 0.410225 0.365997 0.745482 0.661238 0.559804 0.586184 0.544893 0.676525 0.614806 0.743889 0.883612 0.905072 0.917224 0.968453 0.597217 0.838467 0.617506 0.909990 0.437246 0.700171 0.913250 0.740908 0.668008 0.831095 0.945014 0.833050 0.616392 0.630946 0.673399 0.663003 0.743650 0.666583 0.800301 0.826753 0.602625 0.740575 0.472128 0.433192 0.680717 0.696940 0.605872 0.671218 0.507108 0.472488 0.783082 0.611310 0.730835 0.725816 0.674568 0.718723 0.594613 0.901219 0.649926 0.829144
0.341743 0.000000 0.502229 0.468420 0.985783 0.703698 0.335703 0.326224 0.586033 0.716527 0.659289 0.504655 0.677954 0.612501 0.757608 0.753219 0.583514 0.616192 0.431232 0.366567 0.805067 0.849392 0.663753 0.768229 0.852853 0.732292 0.854704 0.867008 0.683288 0.756687 0.670350 0.746949 0.434396 0.349756 0.579885 0.824712 0.764674 0.885943 0.929302 0.905166 0.734806 0.912687 0.410404 0.438509 0.562358 0.557758 0.499584 0.442980 0.957750 0.725322 0.610819 0.499523 0.672108 0.738166 0.772505 0.630681 0.412511 0.368646 0.418339 0.354665 0.416085 0.336462 0.708619 0.665752 0.601614 0.459077 0.379757 0.411226 0.463686 0.549473 0.483040 0.570006 0.614847 0.688746 0.837727 0.877998 0.590778 0.739712 0.734712 0.868796 0.540341 0.677420 0.816216 0.806633 0.615565 0.595140 0.981364 0.901307 0.651861 0.556060 0.564792 0.698451 0.617905 0.676638 0.715562 0.876116 0.540672 0.725636 0.493742 0.484607 0.661415 0.662755 0.630141 0.811295 0.408641 0.416882 0.807097 0.552868 0.734687 0.709380 0.639551 0.702893 0.636274 0.777771 0.581182 0.919468
0.664267 0.502229 0.000000 0.215442 0.938127 0.834802 0.379361 0.460680 0.625907 0.994265 0.978486 0.754517 0.776086 0.698038 0.775501 0.622556 0.926725 0.885261 0.495651 0.450511 0.483644 0.780099 0.324838 0.419043 0.402486 0.307220 0.953654 0.865963 0.925688 0.876936 0.375565 0.543551 0.394025 0.406786 0.454315 0.750275 0.442945 0.657466 0.824436 0.730977 0.761396 0.952104 0.409267 0.555593 0.723536 0.817835 0.436606 0.461688 0.813250 0.896289 0.716575 0.766661 0.838766 0.818080 0.627555 0.721906 0.855999 0.792018 0.712102 0.683202 0.561227 0.487082 0.969511 0.994997 0.246796 0.281471 0.326321 0.324666 0.629456 0.758846 0.403273 0.468482 0.517509 0.566482 0.823534 0.835739 0.592522 0.492155 0.938191 0.677608 0.765119 0.569810 0.753275 0.878784 0.453679 0.364153 0.910094 0.879049 0.610950 0.629824 0.627156 0.800613 0.632162 0.664756 0.626068 0.718982 0.635522 0.947590 0.679576 0.661381 0.757159 0.900548 0.830648 0.989141 0.607933 0.465227 0.731118 0.812045 0.736845 0.756344 0.646644 0.857544 0.853834 0.824859 0.765975 0.930879
0.689293 0.468420 0.215442 0.000000 0.918143 0.772483 0.378961 0.427789 0.694189 0.971833 0.971986 0.733268 0.900729 0.722407 0.896476 0.716389 0.938359 0.954553 0.533856 0.425284 0.454937 0.782616 0.385727 0.388373 0.404260 0.307358 0.983065 0.883972 0.949140 0.964143 0.396573 0.530503 0.437827 0.425293 0.486041 0.681330 0.515367 0.622493 0.775737 0.772351 0.704874 0.936033 0.395808 0.516080 0.734001 0.852738 0.394429 0.438240 0.760544 0.920651 0.680163 0.736360 0.823120 0.772470 0.695567 0.709187 0.842985 0.818325 0.702964 0.632625 0.603768 0.450690 0.909504 0.937248 0.300909 0.223654 0.280637 0.265043 0.639428 0.761911 0.357369 0.389225 0.472876 0.549244 0.738208 0.781281 0.595135 0.480935 0.968032 0.690243 0.838798 0.676769 0.764528 0.918894 0.522743 0.377492 0.874883 0.934193 0.659256 0.657446 0.563977 0.786328 0.572244 0.652733 0.666148 0.688867 0.560101 0.854524 0.655282 0.661725 0.693393 0.859031 0.824167 0.975858 0.549203 0.471364 0.748920 0.764501 0.703892 0.741372 0.641785 0.833251 0.872305 0.823340 0.687832 0.874524
0.866094 0.985783 0.938127 0.918143 0.000000 0.973314 0.994177 0.958757 0.728422 0.766750 0.810135 0.883828 0.614260 0.829739 0.599339 0.793800 0.789064 0.819715 0.808647 0.968903 0.888947 0.809475 0.874552 0.891533 0.928653 0.855797 0.753008 0.952753 0.797725 0.820670 0.867840 0.771508 0.929027 0.976280 0.896928 0.873792 0.926252 0.884547 0.989978 0.643415 0.829467 0.979736 0.928299 0.877323 0.982147 0.974703 0.954078 0.914469 0.807301 0.836814 0.812063 0.786125 0.882594 0.691763 0.867195 0.994637 0.847216 0.729862 0.832760 0.987454 0.797723 0.973742 0.694549 0.760519 0.797051 0.926791 0.949721 0.900636 0.981464 0.999323 0.999245 0.808349 0.772362 0.765839 0.866909 0.884664 0.942557 0.975719 0.964022 0.922298 0.716699 0.863276 0.856058 0.634355 0.685809 0.958715 0.905964 0.858138 0.724181 0.850414 0.851227 0.961377 0.850459 0.968393 0.992779 0.971995 0.816863 0.817294 0.994114 0.994861 0.761325 0.842854 0.926189 0.915697 0.871450 0.871637 0.876537 0.891659 0.933846 0.906015 0.902005 0.841815 0.898938 0.887002 0.819645 0.998183
0.664414 0.703698 0.834802 0.772483 0.973314 0.000000 0.586352 0.518624 0.603522 0.616069 0.750290 0.672163 0.897053 0.963859 0.989660 0.974729 0.840788 0.832537 0.806853 0.708805 0.970016 0.876235 0.958098 0.876713 0.866951 0.952648 0.624768 0.891614 0.824027 0.988769 0.978580 0.901825 0.752108 0.722725 0.840973 0.995986 0.985187 0.927143 0.857446 0.984394 0.792546 0.964312 0.691008 0.651271 0.762498 0.760934 0.695300 0.740718 0.937556 0.827213 0.760283 0.716056 0.799733 0.806043 0.813897 0.730790 0.846426 0.814501 0.664523 0.554177 0.675661 0.553528 0.923668 0.888041 0.948914 0.719233 0.671875 0.637940 0.765878 0.639363 0.751096 0.756890 0.839873 0.919461 0.838641 0.861870 0.769761 0.870637 0.975044 0.962155 0.894339 0.946134 0.805989 0.984793 0.983376 0.979691 0.899677 0.895811 0.856444 0.972216 0.576628 0.594503 0.599713 0.617675 0.951665 0.830891 0.736835 0.779348 0.569772 0.615627 0.717223 0.719813 0.764786 0.687659 0.756195 0.733549 0.802446 0.707170 0.888826 0.831710 0.700736 0.679292 0.658961 0.846745 0.581234 0.853519
0.375269 0.335703 0.379361 0.378961 0.994177 0.586352 0.000000 0.200664 0.351488 0.543429 0.606881 0.436801 0.673075 0.679806 0.776644 0.741987 0.582650 0.560897 0.434583 0.395349 0.773695 0.764983 0.647848 0.817602 0.834804 0.660108 0.690716 0.884406 0.605028 0.650672 0.619984 0.778431 0.398523 0.293135 0.446046 0.849401 0.750865 0.857566 0.933453 0.887590 0.696699 0.888000 0.361987 0.355120 0.447056 0.487872 0.472207 0.412834 0.914798 0.669723 0.464471 0.449878 0.534147 0.565654 0.650369 0.630267 0.636210 0.559186 0.386967 0.416054 0.375480 0.310558 0.723360 0.626799 0.580092 0.445341 0.253963 0.313024 0.578510 0.669384 0.340867 0.469176 0.566316 0.653112 0.837926 0.896660 0.424561 0.607771 0.733585 0.849450 0.566393 0.680776 0.919344 0.878322 0.724408 0.715934 0.896474 0.777586 0.670856 0.688610 0.347815 0.490554 0.400387 0.421636 0.631045 0.683886 0.372710 0.658405 0.314371 0.371876 0.545522 0.576081 0.555858 0.677432 0.418547 0.337583 0.633119 0.536651 0.633371 0.608388 0.482619 0.624385 0.607497 0.717448 0.529246 0.854456
0.393761 0.326224 0.460680 0.427789 0.958757 0.518624 0.200664 0.000000 0.430014 0.526941 0.601109 0.410033 0.723318 0.668044 0.858079 0.859582 0.661223 0.645692 0.531143 0.424683 0.806986 0.773123 0.751870 0.881169 0.899959 0.706426 0.638283 0.837321 0.651242 0.737544 0.656100 0.777593 0.443980 0.339795 0.485538 0.850907 0.862653 0.894805 0.918900 0.898390 0.656669 0.855955 0.378656 0.380589 0.570434 0.589115 0.513182 0.487635 0.987277 0.753383 0.551735 0.512139 0.625736 0.636918 0.762938 0.642074 0.610816 0.577515 0.406930 0.361656 0.372629 0.240116 0.756766 0.656342 0.658144 0.410850 0.271303 0.297858 0.610871 0.628117 0.382331 0.435135 0.615711 0.660751 0.835101 0.845885 0.512672 0.701152 0.847422 0.890061 0.646922 0.791361 0.977919 0.980648 0.782116 0.765000 0.963231 0.734134 0.681624 0.737126 0.329281 0.523016 0.375606 0.439207 0.679057 0.673196 0.394689 0.604011 0.336174 0.400097 0.478247 0.554979 0.584625 0.706495 0.399448 0.335580 0.594998 0.522877 0.644942 0.590318 0.463240 0.605537 0.566265 0.763966 0.469477 0.859219
0.477465 0.586033 0.625907 0.694189 0.728422 0.603522 0.351488 0.430014 0.000000 0.437614 0.447359 0.479953 0.587249 0.735773 0.685824 0.722409 0.589547 0.537364 0.618335 0.634369 0.991069 0.856683 0.813769 0.925383 0.914908 0.938293 0.713108 0.772027 0.499389 0.599738 0.871787 0.997058 0.556006 0.485823 0.624096 0.989418 0.860105 0.991338 0.863567 0.865150 0.746074 0.837938 0.631821 0.573765 0.541314 0.578191 0.735790 0.702156 0.753716 0.812929 0.655820 0.672636 0.649991 0.791155 0.593579 0.745010 0.798784 0.640774 0.444330 0.576078 0.427215 0.471985 0.633206 0.530721 0.755909 0.750790 0.523444 0.593131 0.707530 0.709697 0.546375 0.729903 0.795857 0.886528 0.893106 0.929375 0.581253 0.788837 0.663484 0.955142 0.574019 0.708852 0.969605 0.717669 0.802626 0.922791 0.867313 0.871699 0.610183 0.801666 0.560725 0.521895 0.582303 0.471038 0.744297 0.857316 0.639200 0.741870 0.424268 0.491516 0.690744 0.694037 0.639505 0.750129 0.637357 0.512613 0.756530 0.611405 0.723409 0.798790 0.608712 0.725130 0.640038 0.777342 0.690470 0.962679
0.521108 0.716527 0.994265 0.971833 0.766750 0.616069 0.543429 0.526941 0.437614 0.000000 0.415771 0.504822 0.704944 0.923012 0.765330 0.937882 0.497313 0.451841 0.735428 0.806016 0.726732 0.928700 0.796751 0.502136 0.602684 0.716225 0.648841 0.775616 0.409163 0.585543 0.801909 0.707772 0.845531 0.691705 0.783701 0.891215 0.835487 0.852399 0.737657 0.950574 0.885925 0.778310 0.808540 0.681509 0.587796 0.560652 0.884498 0.881669 0.613936 0.756550 0.656730 0.643832 0.682449 0.788699 0.906348 0.780499 0.731605 0.647939 0.480578 0.679263 0.625308 0.643888 0.554150 0.447459 0.867406 0.936559 0.739853 0.865840 0.834862 0.805177 0.640987 0.848702 0.986612 0.970369 0.955171 0.953168 0.621225 0.969891 0.817814 0.838000 0.564397 0.877218 0.920977 0.810808 0.916253 0.698260 0.747662 0.690872 0.802161 0.981935 0.523417 0.459192 0.558052 0.465804 0.877045 0.753186 0.663832 0.647441 0.401130 0.502417 0.672323 0.608175 0.486056 0.603857 0.682812 0.697816 0.808048 0.628892 0.850370 0.766744 0.651374 0.711793 0.454835 0.797097 0.748516 0.884831
0.385878 0.659289 0.978486 0.971986 0.810135 0.750290 0.606881 0.601109 0.447359 0.415771 0.000000 0.328285 0.422204 0.543115 0.630100 0.761948 0.435771 0.427786 0.692240 0.710312 0.718565 0.992988 0.913764 0.694704 0.564067 0.695107 0.689991 0.688400 0.333515 0.416963 0.851431 0.823020 0.727932 0.649213 0.928450 0.757659 0.856858 0.868601 0.805190 0.942413 0.995194 0.780245 0.958402 0.898759 0.787042 0.724301 0.961739 0.916027 0.794862 0.953331 0.935667 0.871388 0.888633 0.955381 0.872571 0.870441 0.661406 0.541275 0.417460 0.522534 0.394833 0.515063 0.334157 0.270648 0.941628 0.998931 0.868865 0.923665 0.787516 0.792024 0.899845 0.977978 0.830572 0.853758 0.879033 0.926870 0.852579 0.844926 0.631246 0.996438 0.460223 0.768957 0.985986 0.724257 0.915978 0.864797 0.835063 0.883206 0.762417 0.833343 0.869544 0.789712 0.933654 0.806884 0.888589 0.981717 0.820694 0.806439 0.659796 0.663504 0.789589 0.825886 0.741847 0.813860 0.731798 0.731338 0.858682 0.787387 0.806077 0.838703 0.766120 0.884901 0.720690 0.952065 0.751956 0.894996
0.286803 0.504655 0.754517 0.733268 0.883828 0.672163 0.436801 0.410033 0.479953 0.504822 0.328285 0.000000 0.398944 0.440165 0.610937 0.680198 0.513481 0.484186 0.590735 0.557946 0.925318 0.994167 0.881501 0.941043 0.767933 0.902860 0.753824 0.767990 0.426244 0.485835 0.965208 0.926742 0.569144 0.486645 0.796575 0.896619 0.892675 0.899230 0.836163 0.905670 0.919128 0.892017 0.831630 0.780635 0.782939 0.760533 0.702277 0.693903 0.950090 0.979857 0.898581 0.784800 0.887215 0.993199 0.914375 0.773302 0.575651 0.539189 0.305650 0.380660 0.284057 0.312285 0.410661 0.347722 0.806132 0.666380 0.623984 0.649533 0.769125 0.767102 0.713112 0.813001 0.982435 0.969366 0.823040 0.921434 0.647408 0.937816 0.709770 0.923935 0.502982 0.771954 0.955930 0.736961 0.733430 0.889998 0.975560 0.846038 0.658282 0.731991 0.717537 0.740463 0.780406 0.697512 0.819606 0.821150 0.689587 0.711268 0.550975 0.560856 0.697874 0.753913 0.710139 0.731796 0.540637 0.526963 0.775234 0.755198 0.805133 0.811100 0.720564 0.723498 0.681528 0.992429 0.699833 0.855596
0.401120 0.677954 0.776086 0.900729 0.614260 0.897053 0.673075 0.723318 0.587249 0.704944 0.422204 0.398944 0.000000 0.395150 0.373375 0.451837 0.618411 0.600998 0.579774 0.723313 0.898521 0.905326 0.696644 0.983080 0.774440 0.872765 0.910938 0.861450 0.474200 0.508254 0.940844 0.854440 0.647541 0.696636 0.957090 0.709593 0.966629 0.836673 0.817537 0.861900 0.822906 0.993836 0.957879 0.988928 0.956569 0.891015 0.811947 0.787698 0.935783 0.881865 0.842290 0.968124 0.909504 0.739333 0.894710 0.968769 0.628812 0.545771 0.454528 0.590246 0.342820 0.563883 0.406583 0.429845 0.693079 0.822457 0.908619 0.936514 0.862829 0.828947 0.949207 0.878280 0.813075 0.752734 0.882949 0.899795 0.846204 0.989741 0.746840 0.814928 0.568070 0.717991 0.896539 0.714249 0.575928 0.855271 0.933737 0.843955 0.758776 0.793748 0.972976 0.906455 0.874922 0.930262 0.885376 0.920800 0.994149 0.986046 0.809682 0.711304 0.991799 0.912945 0.906543 0.932734 0.792894 0.607997 0.950288 0.969129 0.933222 0.952752 0.854058 0.873659 0.803022 0.925343 0.878583 0.932501
0.449582 0.612501 0.698038 0.722407 0.829739 0.963859 0.679806 0.668044 0.735773 0.923012 0.543115 0.440165 0.395150 0.000000 0.571216 0.557751 0.754342 0.734555 0.582003 0.697203 0.950096 0.980596 0.581339 0.749216 0.994305 0.972010 0.956629 0.929551 0.675345 0.540872 0.792844 0.849275 0.482497 0.573187 0.801461 0.914542 0.823921 0.918161 0.976747 0.837943 0.993754 0.997585 0.953097 0.968417 0.902249 0.923000 0.843839 0.801822 0.700230 0.723474 0.835649 0.924868 0.852399 0.757730 0.996980 0.994383 0.547119 0.589360 0.480102 0.458993 0.356759 0.483280 0.483311 0.527411 0.686213 0.627024 0.745996 0.697143 0.881724 0.811767 0.894083 0.822268 0.960112 0.922113 0.826107 0.963252 0.917680 0.877287 0.823186 0.785007 0.702059 0.930919 0.728742 0.794239 0.547776 0.663399 0.853847 0.945366 0.697082 0.648327 0.917688 0.832675 0.878740 0.908107 0.921367 0.838297 0.901018 0.943034 0.922652 0.890626 0.861331 0.922021 0.960445 0.906637 0.715938 0.690367 0.916237 0.969146 0.858056 0.830253 0.867398 0.979150 0.986795 0.828567 0.814154 0.984701
0.559260 0.757608 0.775501 0.896476 0.599339 0.989660 0.776644 0.858079 0.685824 0.765330 0.630100 0.610937 0.373375 0.571216 0.000000 0.436566 0.679541 0.653298 0.621001 0.804260 0.874326 0.960948 0.595872 0.933532 0.964775 0.986277 0.911052 0.988495 0.522595 0.606301 0.939095 0.915135 0.618616 0.737421 0.820317 0.876230 0.792120 0.933247 0.864594 0.831385 0.974021 0.926711 0.942698 0.979887 0.829099 0.832910 0.755163 0.759903 0.828242 0.987308 0.988937 0.957478 0.966350 0.831949 0.737581 0.798478 0.688967 0.628719 0.551322 0.742015 0.499567 0.716726 0.570066 0.566214 0.639745 0.881794 0.885244 0.939006 0.818774 0.701947 0.853207 0.977620 0.987193 0.961308 0.862231 0.981066 0.877447 0.985177 0.783988 0.914737 0.649892 0.723476 0.643976 0.639422 0.491545 0.763668 0.777516 0.983377 0.701043 0.697216 0.955134 0.952619 0.847372 0.952783 0.843356 0.797054 0.992950 0.962497 0.821561 0.760607 0.872874 0.981916 0.964742 0.994134 0.820534 0.667152 0.945095 0.963519 0.985947 0.915755 0.796349 0.900230 0.830436 0.945640 0.931171 0.985527
0.668371 0.753219 0.622556 0.716389 0.793800 0.974729 0.741987 0.859582 0.722409 0.937882 0.761948 0.680198 0.451837 0.557751 0.436566 0.000000 0.825873 0.740748 0.564808 0.704636 0.856470 0.960939 0.433991 0.659180 0.859756 0.824374 0.903948 0.992545 0.647345 0.684174 0.789189 0.886277 0.616122 0.696887 0.848529 0.933260 0.649810 0.946265 0.918852 0.831024 0.944176 0.810385 0.831519 0.867472 0.858536 0.844058 0.565746 0.673325 0.934263 0.998055 0.977379 0.941131 0.972057 0.886462 0.665994 0.915127 0.810730 0.759351 0.712301 0.841125 0.589140 0.717620 0.736948 0.751990 0.536795 0.725931 0.863607 0.880759 0.830554 0.854728 0.823114 0.920584 0.958055 0.951415 0.806573 0.909312 0.827618 0.784624 0.732183 0.769583 0.735469 0.647729 0.659229 0.650815 0.447631 0.597285 0.862411 0.911080 0.755323 0.743885 0.964291 0.980306 0.885053 0.961220 0.698570 0.829118 0.949506 0.933120 0.902278 0.812787 0.853440 0.899045 0.998074 0.942789 0.757404 0.751278 0.990306 0.991855 0.942431 0.995804 0.968825 0.900409 0.940948 0.983227 0.968300 0.998333
0.424793 0.583514 0.926725 0.938359 0.789064 0.840788 0.582650 0.661223 0.589547 0.497313 0.435771 0.513481 0.618411 0.754342 0.679541 0.825873 0.000000 0.313103 0.552728 0.608687 0.791811 0.944362 0.991868 0.805940 0.752904 0.810101 0.837155 0.882472 0.409410 0.445290 0.988647 0.860896 0.719880 0.642317 0.786712 0.939449 0.961610 0.959557 0.829484 0.970942 0.859610 0.815555 0.868693 0.758916 0.535698 0.500688 0.825128 0.768538 0.626356 0.673521 0.686339 0.659903 0.656215 0.816927 0.748310 0.726741 0.489409 0.378755 0.467165 0.636811 0.556790 0.673038 0.377955 0.341563 0.992758 0.959665 0.772600 0.862123 0.626246 0.801913 0.770956 0.977647 0.946563 0.945329 0.958956 0.997350 0.767797 0.991971 0.662799 0.997515 0.325358 0.602917 0.779975 0.609319 0.832046 0.966570 0.799667 0.926953 0.804577 0.661854 0.803401 0.772311 0.903929 0.791444 0.780929 0.985647 0.686584 0.807932 0.593324 0.680149 0.862432 0.841705 0.617738 0.640754 0.743980 0.747246 0.994349 0.813863 0.767660 0.847913 0.776424 0.840441 0.764639 0.841189 0.865974 0.972454
0.415438 0.616192 0.885261 0.954553 0.819715 0.832537 0.560897 0.645692 0.537364 0.451841 0.427786 0.484186 0.600998 0.734555 0.653298 0.740748 0.313103 0.000000 0.563732 0.622237 0.825300 0.912154 0.981544 0.768329 0.764376 0.810547 0.825130 0.884162 0.312199 0.369229 0.989879 0.923278 0.674668 0.593149 0.816268 0.836962 0.940473 0.966279 0.786603 0.959419 0.964586 0.787922 0.899409 0.773351 0.545214 0.483380 0.825947 0.778755 0.630731 0.647867 0.681164 0.651814 0.674900 0.799560 0.724181 0.707315 0.528122 0.419501 0.462497 0.660274 0.548083 0.659179 0.357182 0.293517 0.970142 0.931662 0.769560 0.885339 0.576162 0.809271 0.789868 0.990806 0.930357 0.966399 0.928446 0.960794 0.765712 0.946443 0.604186 0.974567 0.301857 0.541552 0.878683 0.557226 0.856882 0.965098 0.720939 0.873715 0.754884 0.739188 0.823068 0.750804 0.869468 0.774750 0.804184 0.873185 0.679874 0.776315 0.577801 0.659198 0.831850 0.803478 0.571229 0.542757 0.642350 0.754341 0.867492 0.812898 0.874936 0.817423 0.783916 0.827026 0.689271 0.779747 0.868391 0.926018
0.428450 0.431232 0.495651 0.533856 0.808647 0.806853 0.434583 0.531143 0.618335 0.735428 0.692240 0.590735 0.579774 0.582003 0.621001 0.564808 0.552728 0.563732 0.000000 0.491178 0.872087 0.904423 0.543479 0.750062 0.876567 0.802152 0.955314 0.995048 0.652096 0.713420 0.733101 0.891172 0.451922 0.433284 0.576591 0.888394 0.736170 0.969961 0.922493 0.932781 0.934134 0.977758 0.589944 0.606413 0.539642 0.530645 0.504612 0.483478 0.805421 0.715244 0.629961 0.606362 0.680078 0.742948 0.661484 0.637959 0.555545 0.437542 0.458193 0.515135 0.452027 0.533191 0.617027 0.655230 0.530495 0.627440 0.557371 0.582244 0.532445 0.739802 0.556926 0.739207 0.815313 0.848321 0.864669 0.917446 0.620872 0.637563 0.786286 0.771415 0.564858 0.651203 0.733900 0.716322 0.531164 0.664227 0.966943 0.925013 0.715227 0.615722 0.693054 0.751202 0.782189 0.703644 0.737943 0.756348 0.590979 0.862173 0.574346 0.578414 0.858048 0.881050 0.700899 0.817192 0.670787 0.510582 0.827359 0.725355 0.714462 0.753271 0.693319 0.761177 0.730230 0.825765 0.847820 0.855231
0.466675 0.366567 0.450511 0.425284 0.968903 0.708805 0.395349 0.424683 0.634369 0.806016 0.710312 0.557946 0.723313 0.697203 0.804260 0.704636 0.608687 0.622237 0.491178 0.000000 0.700827 0.872848 0.610123 0.661579 0.753699 0.649760 0.894091 0.909237 0.702124 0.758023 0.640600 0.635343 0.444105 0.426430 0.589290 0.826382 0.701353 0.845075 0.986484 0.902489 0.705430 0.935354 0.475987 0.494261 0.647527 0.648509 0.467547 0.406052 0.950487 0.747454 0.708556 0.666459 0.777945 0.767780 0.621851 0.632426 0.614257 0.577604 0.587606 0.483395 0.512623 0.414004 0.766826 0.738485 0.547256 0.447516 0.415086 0.445882 0.507881 0.665405 0.550280 0.643760 0.612233 0.702417 0.708495 0.764633 0.680543 0.772356 0.811169 0.841729 0.541638 0.518294 0.786833 0.807851 0.581304 0.577040 0.940421 0.934989 0.782721 0.608435 0.619023 0.790837 0.664021 0.709958 0.675691 0.893592 0.588810 0.763101 0.614489 0.602888 0.760297 0.733508 0.656488 0.867386 0.454572 0.551740 0.747149 0.743950 0.756502 0.782512 0.758468 0.847697 0.733556 0.729623 0.622713 0.982115
0.940249 0.805067 0.483644 0.454937 0.888947 0.970016 0.773695 0.806986 0.991069 0.726732 0.718565 0.925318 0.898521 0.950096 0.874326 0.856470 0.791811 0.825300 0.872087 0.700827 0.000000 0.765695 0.459036 0.441408 0.372669 0.379604 0.817636 0.868208 0.799035 0.946539 0.459565 0.532000 0.637429 0.690702 0.701755 0.773809 0.642724 0.706411 0.813943 0.803494 0.761184 0.686007 0.638343 0.749662 0.990092 0.921940 0.660739 0.724499 0.685116 0.932456 0.950895 0.996193 0.993367 0.931921 0.881293 0.899556 0.987929 0.883370 0.948604 0.958696 0.931667 0.786073 0.701984 0.721075 0.463945 0.471792 0.579255 0.565521 0.857246 0.870024 0.663636 0.592019 0.587376 0.636649 0.760871 0.707265 0.905914 0.712698 0.848866 0.789476 0.909162 0.820021 0.663312 0.952723 0.625891 0.483229 0.726674 0.980766 0.900545 0.794649 0.815705 0.929273 0.867656 0.929029 0.782986 0.783619 0.888531 0.872222 0.996777 0.959557 0.970775 0.999283 0.800940 0.729958 0.716501 0.739443 0.821832 0.967379 0.867433 0.891496 0.948810 0.997862 0.998618 0.904815 0.807399 0.999973
0.929272 0.849392 0.780099 0.782616 0.809475 0.876235 0.764983 0.773123 0.856683 0.928700 0.992988 0.994167 0.905326 0.980596 0.960948 0.960939 0.944362 0.912154 0.904423 0.872848 0.765695 0.000000 0.842932 0.901418 0.831739 0.842678 0.962987 0.958014 0.884017 0.953022 0.763577 0.939360 0.813393 0.798887 0.705023 0.886321 0.778550 0.809717 0.993214 0.897656 0.773800 0.829384 0.779437 0.790794 0.725595 0.844662 0.938665 0.733713 0.941929 0.777536 0.786070 0.795639 0.725864 0.704061 0.884033 0.711381 0.986735 0.973086 0.989353 0.902792 0.926817 0.891705 0.980410 0.960811 0.904089 0.913265 0.689184 0.770930 0.817028 0.915654 0.738358 0.723278 0.818702 0.737476 0.820594 0.800881 0.787501 0.735955 0.875488 0.886881 0.965608 0.904667 0.914061 0.977759 0.992130 0.883483 0.995120 0.968077 0.916254 0.749918 0.703258 0.853094 0.713149 0.801234 0.746125 0.763078 0.808622 0.966049 0.749514 0.863448 0.777365 0.862246 0.837401 0.858823 0.863165 0.776752 0.876752 0.874436 0.840220 0.732886 0.752374 0.884384 0.919451 0.700708 0.806892 0.998296
0.779583 0.663753 0.324838 0.385727 0.874552 0.958098 0.647848 0.751870 0.813769 0.796751 0.913764 0.881501 0.696644 0.581339 0.595872 0.433991 0.991868 0.981544 0.543479 0.610123 0.459036 0.842932 0.000000 0.297536 0.412357 0.414518 0.776063 0.821978 0.999820 0.881830 0.387592 0.504697 0.398255 0.540311 0.578697 0.795393 0.431439 0.717906 0.840211 0.738242 0.869484 0.813001 0.618243 0.774089 0.938958 0.995567 0.549685 0.601825 0.722475 0.861712 0.980413 0.997794 0.957423 0.926472 0.707051 0.868109 0.840019 0.845463 0.819607 0.810402 0.606180 0.654433 0.991610 0.965782 0.252594 0.407616 0.565117 0.538428 0.806213 0.819819 0.628083 0.629609 0.682707 0.714953 0.725037 0.798330 0.810386 0.534321 0.997294 0.639179 0.858764 0.703586 0.580949 0.863822 0.311695 0.306054 0.768679 0.949644 0.703809 0.608554 0.944735 0.899505 0.962388 0.973002 0.688300 0.699776 0.880613 0.929469 0.927440 0.884847 0.977127 0.910117 0.910546 0.766434 0.713776 0.601586 0.947626 0.979523 0.935851 0.904789 0.844855 0.976017 0.950644 0.919493 0.900794 0.933484
0.989737 0.768229 0.419043 0.388373 0.891533 0.876713 0.817602 0.881169 0.925383 0.502136 0.694704 0.941043 0.983080 0.749216 0.933532 0.659180 0.805940 0.768329 0.750062 0.661579 0.441408 0.901418 0.297536 0.000000 0.324985 0.361962 0.720797 0.799301 0.705163 0.887304 0.391923 0.404111 0.596110 0.727324 0.667211 0.745231 0.534636 0.663841 0.737370 0.855904 0.879366 0.784279 0.671520 0.837618 0.947146 0.880243 0.629287 0.633371 0.596896 0.888089 0.981541 0.951606 0.914330 0.965633 0.768625 0.891118 0.976932 0.966144 0.927174 0.953424 0.842947 0.780576 0.782307 0.720707 0.359897 0.413684 0.663485 0.593556 0.830136 0.918091 0.789875 0.699774 0.673487 0.717066 0.775599 0.781464 0.958170 0.660464 0.927873 0.621681 0.938656 0.775168 0.671359 0.978626 0.457018 0.295969 0.712618 0.814855 0.876358 0.647838 0.945011 0.746997 0.933181 0.854482 0.756942 0.870456 0.900874 0.895466 0.849028 0.929860 0.919639 0.808955 0.784734 0.685901 0.865529 0.757676 0.948854 0.918011 0.957509 0.976698 0.987051 0.865255 0.772059 0.984798 0.940188 0.988178
0.836767 0.852853 0.402486 0.404260 0.928653 0.866951 0.834804 0.899959 0.914908 0.602684 0.564067 0.767933 0.774440 0.994305 0.964775 0.859756 0.752904 0.764376 0.876567 0.753699 0.372669 0.831739 0.412357 0.324985 0.000000 0.240943 0.666240 0.753803 0.691156 0.869765 0.322681 0.424102 0.636480 0.739904 0.627083 0.642855 0.427122 0.479333 0.625820 0.729911 0.801301 0.845750 0.664003 0.844783 0.985366 0.872725 0.658493 0.762089 0.665964 0.929188 0.898681 0.948693 0.930037 0.958807 0.789976 0.838782 0.917326 0.870192 0.812843 0.870573 0.953773 0.918443 0.634448 0.617933 0.401922 0.477262 0.620118 0.581466 0.822954 0.926620 0.636787 0.598934 0.501371 0.520875 0.822504 0.836562 0.870566 0.577919 0.828850 0.711575 0.963255 0.737545 0.649725 0.945369 0.538969 0.322802 0.809237 0.908766 0.850317 0.699342 0.965351 0.838700 0.877077 0.946755 0.765543 0.768887 0.884586 0.907536 0.906805 0.912696 0.961808 0.817654 0.883693 0.748456 0.866869 0.852981 0.890301 0.922914 0.976683 0.922091 0.991470 0.839918 0.795350 0.932008 0.963890 0.971104
0.970255 0.732292 0.307220 0.307358 0.855797 0.952648 0.660108 0.706426 0.938293 0.716225 0.695107 0.902860 0.872765 0.972010 0.986277 0.824374 0.810101 0.810547 0.802152 0.649760 0.379604 0.842678 0.414518 0.361962 0.240943 0.000000 0.873952 0.807840 0.766337 0.874663 0.296740 0.409096 0.577297 0.654885 0.642422 0.623270 0.412706 0.513873 0.693754 0.755866 0.744393 0.858565 0.508085 0.686539 0.891641 0.996202 0.538175 0.658661 0.725355 0.992715 0.777222 0.902492 0.958834 0.855814 0.707539 0.836190 0.892900 0.898255 0.919073 0.986288 0.896488 0.717466 0.617486 0.653602 0.361929 0.359701 0.499785 0.470753 0.793892 0.867156 0.537716 0.491935 0.447317 0.477010 0.851814 0.743956 0.781060 0.565998 0.831913 0.689158 0.991135 0.727004 0.751541 0.975076 0.569172 0.354171 0.802956 0.959283 0.796445 0.724737 0.755926 0.977159 0.718455 0.849236 0.740709 0.762783 0.784735 0.991300 0.919340 0.899794 0.848429 0.980166 0.973389 0.825109 0.757290 0.711138 0.778637 0.942391 0.864948 0.890875 0.829339 0.995972 0.952943 0.864027 0.870649 0.979904
0.728097 0.854704 0.953654 0.983065 0.753008 0.624768 0.690716 0.638283 0.713108 0.648841 0.689991 0.753824 0.910938 0.956629 0.911052 0.903948 0.837155 0.825130 0.955314 0.894091 0.817636 0.962987 0.776063 0.720797 0.666240 0.873952 0.000000 0.890722 0.740480 0.841288 0.946481 0.951638 0.962642 0.803843 0.934606 0.883126 0.778594 0.908297 0.761885 0.724958 0.995725 0.831358 0.851894 0.697948 0.775559 0.727312 0.932260 0.873029 0.932509 0.856898 0.772300 0.698076 0.736448 0.729406 0.940513 0.931195 0.946135 0.913420 0.737394 0.657880 0.747853 0.723522 0.877767 0.796705 0.752853 0.974181 0.829924 0.845293 0.955166 0.861804 0.892256 0.889426 0.884684 0.998491 0.868005 0.869055 0.881301 0.998520 0.958375 0.938482 0.994637 0.927668 0.772808 0.861580 0.675194 0.712201 0.871091 0.956324 0.963587 0.821036 0.614740 0.691011 0.682175 0.666400 0.892960 0.995469 0.749915 0.770694 0.700688 0.707645 0.506673 0.625352 0.746994 0.773658 0.885032 0.914264 0.770864 0.606627 0.753683 0.821693 0.827676 0.684455 0.841973 0.820043 0.745718 0.991657
0.843240 0.867008 0.865963 0.883972 0.952753 0.891614 0.884406 0.837321 0.772027 0.775616 0.688400 0.767990 0.861450 0.929551 0.988495 0.992545 0.882472 0.884162 0.995048 0.909237 0.868208 0.958014 0.821978 0.799301 0.753803 0.807840 0.890722 0.000000 0.792556 0.796269 0.831523 0.961665 0.966925 0.910914 0.957700 0.997008 0.773783 0.905701 0.962549 0.910082 0.926729 0.966090 0.982954 0.921612 0.924238 0.914440 0.887787 0.853511 0.858276 0.958334 0.921326 0.878800 0.855540 0.936158 0.851536 0.784903 0.967427 0.918718 0.865497 0.976253 0.868675 0.868507 0.847022 0.727688 0.832736 0.919028 0.992052 0.939759 0.925207 0.878029 0.946560 0.909737 0.839085 0.967366 0.946431 0.990558 0.882873 0.907252 0.727651 0.831553 0.933037 0.877792 0.796703 0.980674 0.858840 0.833688 0.922527 0.879052 0.926020 0.781429 0.847223 0.790219 0.874702 0.821952 0.938926 0.956813 0.949453 0.843498 0.791764 0.851409 0.819019 0.808192 0.903888 0.877421 0.902679 0.848696 0.957733 0.755690 0.931032 0.938744 0.970901 0.885705 0.838557 0.980027 0.776414 0.999301
0.438525 0.683288 0.925688 0.949140 0.797725 0.824027 0.605028 0.651242 0.499389 0.409163 0.333515 0.426244 0.474200 0.675345 0.522595 0.647345 0.409410 0.312199 0.652096 0.702124 0.799035 0.884017 0.999820 0.705163 0.691156 0.766337 0.740480 0.792556 0.000000 0.331337 0.954402 0.847424 0.665499 0.663480 0.826256 0.775740 0.980443 0.898556 0.712911 0.982652 0.933856 0.803160 0.961157 0.840463 0.590118 0.525342 0.890088 0.815221 0.618089 0.743984 0.792047 0.723719 0.760132 0.901922 0.761863 0.697325 0.663723 0.562317 0.495691 0.660645 0.473595 0.618109 0.346948 0.276484 0.973486 0.930118 0.854424 0.961794 0.728888 0.791861 0.844854 0.987365 0.967726 0.951377 0.967555 0.909301 0.750097 0.976108 0.567684 0.940445 0.384875 0.627106 0.830837 0.557015 0.834782 0.948971 0.871826 0.923437 0.763007 0.773029 0.841501 0.789024 0.920971 0.783220 0.818004 0.885320 0.808971 0.808393 0.605918 0.668337 0.877689 0.835353 0.649816 0.750727 0.712047 0.750062 0.837284 0.829300 0.909739 0.754414 0.834290 0.822484 0.692526 0.804643 0.796703 0.967636
0.527717 0.756687 0.876936 0.964143 0.820670 0.988769 0.650672 0.737544 0.599738 0.585543 0.416963 0.485835 0.508254 0.540872 0.606301 0.684174 0.445290 0.369229 0.713420 0.758023 0.946539 0.953022 0.881830 0.887304 0.869765 0.874663 0.841288 0.796269 0.331337 0.000000 0.906832 0.980440 0.647583 0.627594 0.872610 0.797427 0.905583 0.875519 0.845040 0.890585 0.992757 0.913009 0.949333 0.933557 0.767008 0.769185 0.980560 0.903341 0.869027 0.969849 0.920170 0.900340 0.887402 0.975872 0.881226 0.859067 0.666886 0.623963 0.553839 0.762275 0.520847 0.652665 0.338107 0.289296 0.992344 0.984975 0.850928 0.930637 0.831890 0.893963 0.878770 0.970088 0.988541 0.958096 0.974853 0.833791 0.792812 0.924885 0.700171 0.991230 0.381275 0.647860 0.688229 0.585411 0.789774 0.943902 0.817974 0.928750 0.787255 0.732544 0.994729 0.978341 0.961563 0.959616 0.888127 0.879028 0.867173 0.980508 0.785971 0.870620 0.882758 0.992028 0.815408 0.859565 0.749467 0.877664 0.923313 0.972169 0.980825 0.888739 0.937992 0.994231 0.908839 0.972774 0.912404 0.965157
0.932298 0.670350 0.375565 0.396573 0.867840 0.978580 0.619984 0.656100 0.871787 0.801909 0.851431 0.965208 0.940844 0.792844 0.939095 0.789189 0.988647 0.989879 0.733101 0.640600 0.459565 0.763577 0.387592 0.391923 0.322681 0.296740 0.946481 0.831523 0.954402 0.906832 0.000000 0.316713 0.413853 0.547156 0.537095 0.684406 0.452940 0.550037 0.800543 0.861143 0.664395 0.979334 0.549371 0.676661 0.812524 0.905662 0.659344 0.688420 0.681111 0.996991 0.755500 0.881632 0.907477 0.832032 0.711011 0.781029 0.920306 0.918004 0.970342 0.884863 0.743660 0.653845 0.878435 0.901182 0.478188 0.440006 0.461581 0.466718 0.738138 0.786743 0.581466 0.468412 0.443206 0.517388 0.829518 0.714968 0.858685 0.609089 0.955112 0.685607 0.896552 0.704085 0.606050 0.986875 0.580307 0.415183 0.906176 0.921660 0.792948 0.653548 0.824347 0.876095 0.795877 0.967837 0.713817 0.742947 0.697320 0.914810 0.907574 0.937955 0.828746 0.967947 0.991103 0.868546 0.710813 0.664576 0.758537 0.896369 0.872253 0.766324 0.804412 0.953644 0.873658 0.790649 0.795951 0.919273
0.995101 0.746949 0.543551 0.530503 0.771508 0.901825 0.778431 0.777593 0.997058 0.707772 0.823020 0.926742 0.854440 0.849275 0.915135 0.886277 0.860896 0.923278 0.891172 0.635343 0.532000 0.939360 0.504697 0.404111 0.424102 0.409096 0.951638 0.961665 0.847424 0.980440 0.316713 0.000000 0.570884 0.653312 0.697949 0.745595 0.609237 0.596060 0.743394 0.935972 0.782906 0.878890 0.665786 0.718117 0.991597 0.988972 0.741327 0.756539 0.594008 0.903888 0.888649 0.959696 0.992139 0.939414 0.824479 0.919517 0.984100 0.973777 0.916782 0.942763 0.873019 0.741686 0.799232 0.826983 0.617479 0.511831 0.616886 0.586265 0.832853 0.958427 0.747545 0.602072 0.535343 0.562218 0.889676 0.700383 0.993216 0.707949 0.905675 0.788648 0.997641 0.827494 0.747700 0.915993 0.702572 0.488199 0.927629 0.905486 0.885470 0.830073 0.941949 0.783272 0.879334 0.954792 0.755293 0.854112 0.794505 0.930893 0.974962 0.946616 0.840187 0.995000 0.938649 0.766880 0.719236 0.817081 0.870927 0.871826 0.936358 0.955893 0.989809 0.873053 0.868972 0.832235 0.836627 0.964233
0.485967 0.434396 0.394025 0.437827 0.929027 0.752108 0.398523 0.443980 0.556006 0.845531 0.727932 0.569144 0.647541 0.482497 0.618616 0.616122 0.719880 0.674668 0.451922 0.444105 0.637429 0.813393 0.398255 0.596110 0.636480 0.577297 0.962642 0.966925 0.665499 0.647583 0.413853 0.570884 0.000000 0.310469 0.446878 0.805287 0.604448 0.829721 0.969991 0.872003 0.689522 0.987667 0.582384 0.635141 0.710896 0.757496 0.602279 0.575762 0.807669 0.967189 0.780222 0.814142 0.873629 0.917092 0.688472 0.646375 0.602112 0.577588 0.525706 0.467217 0.357057 0.385750 0.674099 0.672933 0.461401 0.438076 0.396185 0.399526 0.633071 0.652717 0.525742 0.532483 0.629333 0.701777 0.779627 0.785284 0.722190 0.639546 0.818941 0.717071 0.597539 0.623802 0.687548 0.761927 0.449228 0.459348 0.935366 0.980745 0.650267 0.576581 0.754321 0.977092 0.748163 0.825273 0.733302 0.631238 0.653880 0.827825 0.646019 0.692034 0.766322 0.835901 0.839628 0.930837 0.521083 0.467144 0.745879 0.802038 0.811266 0.656117 0.735183 0.884339 0.841947 0.840809 0.602185 0.994124
0.415057 0.349756 0.406786 0.425293 0.976280 0.722725 0.293135 0.339795 0.485823 0.691705 0.649213 0.486645 0.696636 0.573187 0.737421 0.696887 0.642317 0.593149 0.433284 0.426430 0.690702 0.798887 0.540311 0.727324 0.739904 0.654885 0.803843 0.910914 0.663480 0.627594 0.547156 0.653312 0.310469 0.000000 0.481269 0.782509 0.746809 0.841021 0.978322 0.814589 0.777288 0.909906 0.494624 0.501815 0.622427 0.660517 0.561120 0.530164 0.927906 0.843503 0.660925 0.648036 0.713154 0.743305 0.731270 0.696778 0.610283 0.558795 0.464428 0.451109 0.380599 0.350502 0.691355 0.627501 0.562265 0.453137 0.318428 0.356932 0.611539 0.686560 0.406210 0.480809 0.657556 0.657794 0.832883 0.808913 0.587959 0.634700 0.754184 0.791273 0.580188 0.658703 0.768605 0.828689 0.615062 0.613350 0.995458 0.960666 0.642547 0.630354 0.562377 0.747802 0.542706 0.629583 0.695190 0.744236 0.534720 0.804635 0.502440 0.556831 0.579607 0.702361 0.677711 0.782756 0.490057 0.452886 0.617837 0.583459 0.751017 0.679220 0.655518 0.810114 0.689113 0.813437 0.642154 0.936969
0.696903 0.579885 0.454315 0.486041 0.896928 0.840973 0.446046 0.485538 0.624096 0.783701 0.928450 0.796575 0.957090 0.801461 0.820317 0.848529 0.786712 0.816268 0.576591 0.589290 0.701755 0.705023 0.578697 0.667211 0.627083 0.642422 0.934606 0.957700 0.826256 0.872610 0.537095 0.697949 0.446878 0.481269 0.000000 0.752119 0.712871 0.821408 0.921512 0.856730 0.667238 0.859956 0.508506 0.552302 0.572985 0.669285 0.693428 0.559270 0.991769 0.777001 0.597387 0.693279 0.621979 0.686239 0.625396 0.587162 0.758262 0.766043 0.701513 0.655433 0.655198 0.637187 0.930133 0.886952 0.549640 0.573311 0.378892 0.444857 0.688555 0.741503 0.439674 0.521986 0.603752 0.576481 0.925640 0.780743 0.621708 0.668433 0.922216 0.832472 0.766263 0.743997 0.754458 0.839458 0.654540 0.606368 0.887414 0.998582 0.800189 0.653478 0.565567 0.762362 0.595510 0.623645 0.625966 0.692891 0.581926 0.790648 0.637947 0.668105 0.754538 0.856615 0.733420 0.943593 0.697103 0.500643 0.904567 0.746481 0.694373 0.625117 0.649055 0.920212 0.853045 0.817184 0.665254 0.970780
0.921809 0.824712 0.750275 0.681330 0.873792 0.995986 0.849401 0.850907 0.989418 0.891215 0.757659 0.896619 0.709593 0.914542 0.876230 0.933260 0.939449 0.836962 0.888394 0.826382 0.773809 0.886321 0.795393 0.745231 0.642855 0.623270 0.883126 0.997008 0.775740 0.797427 0.684406 0.745595 0.805287 0.782509 0.752119 0.000000 0.725144 0.857541 0.796790 0.887239 0.779272 0.889494 0.718830 0.800995 0.876788 0.979702 0.870454 0.861749 0.876286 0.951053 0.752982 0.865784 0.771815 0.764127 0.829983 0.906151 0.952152 0.973078 0.887080 0.968579 0.939831 0.894666 0.777231 0.783879 0.810404 0.737958 0.686734 0.693659 0.985048 0.839563 0.692370 0.688417 0.669332 0.758679 0.921353 0.865203 0.808434 0.880781 0.943395 0.966939 0.967211 0.994421 0.899657 0.940193 0.884708 0.717455 0.899799 0.917621 0.911381 0.866831 0.797157 0.974057 0.687838 0.845557 0.987698 0.866369 0.758315 0.928946 0.896756 0.976413 0.763453 0.857425 0.915860 0.930492 0.868468 0.865488 0.914778 0.872303 0.788938 0.877951 0.855187 0.963225 0.874349 0.918767 0.947001 0.929623
0.895161 0.764674 0.442945 0.515367 0.926252 0.985187 0.750865 0.862653 0.860105 0.835487 0.856858 0.892675 0.966629 0.823921 0.792120 0.649810 0.961610 0.940473 0.736170 0.701353 0.642724 0.778550 0.431439 0.534636 0.427122 0.412706 0.778594 0.773783 0.980443 0.905583 0.452940 0.609237 0.604448 0.746809 0.712871 0.725144 0.000000 0.505551 0.702370 0.714509 0.721998 0.990502 0.675193 0.836880 0.873411 0.981995 0.612447 0.749686 0.871744 0.968301 0.812104 0.907209 0.965297 0.947367 0.703481 0.842870 0.887070 0.899955 0.966357 0.996212 0.868642 0.857717 0.932626 0.925648 0.484157 0.633463 0.648381 0.626310 0.751996 0.803782 0.665000 0.638840 0.598429 0.645800 0.928990 0.881801 0.823303 0.564202 0.892900 0.848866 0.795977 0.710954 0.635485 0.826950 0.522522 0.443089 0.990949 0.984064 0.711884 0.582205 0.954343 0.997768 0.908368 0.953295 0.819689 0.770168 0.902601 0.978126 0.895834 0.899962 0.974485 0.812943 0.881058 0.899321 0.784804 0.835270 0.950589 0.911668 0.810778 0.885082 0.775930 0.959622 0.890330 0.837778 0.983698 0.959032
0.948572 0.885943 0.657466 0.622493 0.884547 0.927143 0.857566 0.894805 0.991338 0.852399 0.868601 0.899230 0.836673 0.918161 0.933247 0.946265 0.959557 0.966279 0.969961 0.845075 0.706411 0.809717 0.717906 0.663841 0.479333 0.513873 0.908297 0.905701 0.898556 0.875519 0.550037 0.596060 0.829721 0.841021 0.821408 0.857541 0.505551 0.000000 0.661209 0.738305 0.835569 0.943512 0.824424 0.884316 0.968782 0.921495 0.698887 0.846613 0.843999 0.972601 0.848289 0.978112 0.974877 0.974315 0.899843 0.920672 0.916301 0.914825 0.960401 0.921647 0.990883 0.900062 0.843159 0.893976 0.694211 0.712670 0.758801 0.724969 0.842895 0.920623 0.724189 0.730133 0.554064 0.611091 0.872773 0.982732 0.878715 0.709375 0.899900 0.834663 0.903046 0.808923 0.698326 0.832596 0.726415 0.542895 0.983265 0.893887 0.809083 0.689548 0.985666 0.900622 0.923549 0.943139 0.779821 0.838449 0.845299 0.861113 0.924116 0.910227 0.948089 0.803514 0.994542 0.840955 0.917636 0.999760 0.838472 0.928728 0.901489 0.986493 0.960352 0.803451 0.881517 0.835183 0.961947 0.852847
