0.000000 0.330592 0.737802 0.806196 0.850894 0.979814 0.958295 0.982446 0.819309 0.775293 0.446748 0.479383 0.959321 0.990524 0.975963 0.992939 0.388903 0.371991 0.687238 0.656567 0.894036 0.923114 0.853992 0.852291 0.763364 0.758500 0.880671 0.861862 0.586627 0.545467 0.994762 0.970675 0.670993 0.567619 0.965856 0.935110 0.926382 0.830816 0.938528 0.827219 0.597096 0.705413 0.832293 0.708609 0.762831 0.616321 0.512223 0.607002 0.612480 0.657346 0.708650 0.722908 0.931775 0.812901 0.595227 0.684194 0.312915 0.401830 0.380696 0.443541 0.576024 0.793584 0.483986 0.431065 0.777974 0.899789 0.804604 0.613853 0.488993 0.589716 0.857013 0.924777 0.708862 0.782866 0.737765 0.910233 0.979287 0.931013 0.609144 0.690084 0.353608 0.389946 0.670951 0.432548 0.727991 0.816203 0.936299 0.898209 0.985601 0.745606 0.648975 0.617055 0.640247 0.522148 0.724448 0.898901 0.851528 0.998255 0.970710 0.990244 0.870765 0.735114 0.851054 0.740091 0.850832 0.906462 0.920748 0.972113 0.908362 0.850904 0.810486 0.855843 0.876575 0.805993 0.799730 0.987123
0.330592 0.000000 0.735656 0.808190 0.844390 0.988083 0.967108 0.975747 0.766097 0.682262 0.546234 0.483392 0.986531 0.939421 0.959523 0.997179 0.452896 0.434699 0.741660 0.732521 0.961463 0.931842 0.890517 0.868326 0.810757 0.755774 0.865285 0.771437 0.550564 0.564045 0.966283 0.972706 0.616143 0.604456 0.987419 0.994564 0.997274 0.968692 0.953236 0.834331 0.611535 0.667579 0.846076 0.729016 0.755636 0.620263 0.526428 0.591567 0.634435 0.627164 0.672987 0.669475 0.871417 0.866864 0.589923 0.700366 0.343371 0.353733 0.356981 0.382732 0.580726 0.828060 0.470392 0.426330 0.790338 0.874915 0.780059 0.621569 0.519005 0.597155 0.846581 0.908837 0.663699 0.790788 0.726870 0.919660 0.946724 0.969508 0.621582 0.636177 0.381164 0.408235 0.632631 0.437640 0.685383 0.781602 0.856352 0.836897 0.957838 0.756527 0.681216 0.650937 0.685637 0.535892 0.732629 0.888100 0.820296 0.916684 0.960718 0.983600 0.901940 0.790873 0.892418 0.785957 0.850676 0.866478 0.962311 0.927406 0.957528 0.822569 0.787822 0.843031 0.940061 0.847969 0.805587 0.898186
0.737802 0.735656 0.000000 0.327865 0.945466 0.774873 0.414687 0.419814 0.506258 0.667213 0.762301 0.867760 0.674494 0.868242 0.917104 0.564904 0.651942 0.618035 0.753864 0.771037 0.926013 0.906471 0.595835 0.538452 0.409059 0.467312 0.981566 0.929041 0.726376 0.742760 0.591980 0.662282 0.718336 0.851195 0.956973 0.946397 0.832260 0.784925 0.726744 0.782900 0.813492 0.888839 0.605468 0.745696 0.858450 0.973032 0.983050 0.930186 0.856669 0.938388 0.966340 0.996503 0.832462 0.806238 0.962347 0.850562 0.750764 0.459635 0.599498 0.605351 0.792779 0.966540 0.460994 0.467196 0.474217 0.493775 0.631155 0.927836 0.771625 0.671932 0.500638 0.539242 0.906662 0.904403 0.941316 0.897366 0.619321 0.624615 0.922620 0.924535 0.612349 0.709662 0.834837 0.746485 0.950466 0.787296 0.979977 0.851680 0.831938 0.926539 0.500564 0.481908 0.458708 0.441414 0.976199 0.702469 0.867383 0.757691 0.676939 0.577224 0.836023 0.651307 0.987264 0.792357 0.782205 0.924826 0.779534 0.862053 0.867951 0.982327 0.844123 0.992153 0.825089 0.917370 0.924379 0.844275
0.806196 0.808190 0.327865 0.000000 0.818625 0.815673 0.403744 0.374459 0.602907 0.742222 0.854916 0.875224 0.767467 0.785917 0.932846 0.629285 0.701664 0.717360 0.740370 0.721655 0.878222 0.979069 0.578836 0.536862 0.423802 0.472928 0.969751 0.980664 0.786432 0.824319 0.601732 0.618060 0.650581 0.850601 0.970314 0.914451 0.820219 0.827401 0.692262 0.856873 0.835911 0.830796 0.682518 0.744592 0.909405 0.969058 0.961946 0.976077 0.892984 0.978130 0.947364 0.976885 0.812021 0.858551 0.973221 0.858811 0.809292 0.560254 0.658129 0.646151 0.746193 0.922698 0.550092 0.554326 0.515708 0.568937 0.596441 0.854928 0.834876 0.837591 0.656010 0.609519 0.969380 0.995715 0.874093 0.963828 0.730376 0.711008 0.968953 0.959508 0.693837 0.814932 0.831639 0.872341 0.890703 0.751610 0.955267 0.955195 0.860009 0.847442 0.640103 0.592498 0.554681 0.543090 0.995982 0.704897 0.916923 0.866882 0.819019 0.700115 0.816060 0.698262 0.965992 0.792211 0.737390 0.876568 0.830474 0.994883 0.885751 0.981512 0.978418 0.836223 0.907149 0.881085 0.955882 0.871766
0.850894 0.844390 0.945466 0.818625 0.000000 0.999978 0.993219 0.833070 0.964964 0.989318 0.892105 0.985962 0.746758 0.999961 0.899617 0.904270 0.945462 0.948848 0.977885 0.991477 0.738963 0.911696 0.871348 0.864911 0.985287 0.829102 0.956346 0.890529 0.833119 0.867178 0.831154 0.813483 0.859495 0.838980 0.970487 0.903933 0.879846 0.869142 0.842090 0.832568 0.924344 0.968487 0.904056 0.779161 0.947007 0.810396 0.895735 0.836164 0.790275 0.729915 0.852353 0.883709 0.865584 0.963553 0.889029 0.886470 0.863863 0.910950 0.859339 0.825497 0.885913 0.960980 0.959154 0.952807 0.892214 0.869511 0.962200 0.791849 0.857902 0.766578 0.965240 0.980401 0.875506 0.941125 0.988314 0.994724 0.952402 0.999729 0.838089 0.953550 0.844861 0.858652 0.979890 0.858529 0.908103 0.961881 0.815602 0.921372 0.944470 0.928951 0.772749 0.865425 0.853090 0.832108 0.930759 0.875353 0.923455 0.921461 0.935905 0.845285 0.932880 0.864832 0.885935 0.848877 0.992856 0.965712 0.977662 0.986189 0.952274 0.735447 0.884623 0.908061 0.973898 0.959752 0.944596 0.982164
0.979814 0.988083 0.774873 0.815673 0.999978 0.000000 0.638579 0.596445 0.809076 0.595082 0.893086 0.888221 0.774393 0.923144 0.911236 0.766609 0.954658 0.893183 0.738729 0.958938 0.810667 0.975156 0.979368 0.968928 0.919256 0.815133 0.634261 0.947599 0.971971 0.965841 0.892108 0.799377 0.830782 0.769397 0.969916 0.898153 0.940482 0.909955 0.905401 0.997030 0.974143 0.997513 0.945193 0.852055 0.846368 0.721072 0.971363 0.742805 0.701489 0.697943 0.811076 0.817456 0.780096 0.854835 0.812931 0.904599 0.767273 0.845015 0.979099 0.940398 0.794757 0.755202 0.839897 0.844003 0.974373 0.574411 0.801794 0.718532 0.800707 0.751098 0.552006 0.540365 0.655445 0.716255 0.938734 0.992958 0.749043 0.822966 0.970586 0.977889 0.859458 0.877325 0.741116 0.767060 0.903152 0.889929 0.882849 0.839013 0.781885 0.663348 0.512356 0.564742 0.538801 0.699397 0.929209 0.944509 0.673756 0.947880 0.653877 0.690284 0.727544 0.853396 0.881494 0.942364 0.849050 0.948367 0.993477 0.870691 0.840483 0.952375 0.937114 0.820828 0.691921 0.970686 0.960586 0.868174
0.958295 0.967108 0.414687 0.403744 0.993219 0.638579 0.000000 0.366822 0.552418 0.695532 0.994027 0.964098 0.607985 0.888429 0.851734 0.529095 0.941239 0.917458 0.525034 0.745317 0.944344 0.930097 0.600699 0.610032 0.529296 0.657770 0.868548 0.909126 0.980343 0.989017 0.573493 0.556294 0.474101 0.602154 0.983828 0.996242 0.990249 0.896635 0.822057 0.877694 0.944360 0.869667 0.697405 0.834546 0.884759 0.959025 0.885847 0.928424 0.836730 0.891328 0.928926 0.954231 0.956735 0.968715 0.895740 0.832973 0.924313 0.678998 0.796634 0.738384 0.899125 0.961338 0.755582 0.740772 0.546426 0.483651 0.473584 0.711059 0.811465 0.741647 0.609900 0.551583 0.817213 0.869531 0.893030 0.943043 0.729618 0.677190 0.996607 0.920499 0.866463 0.984111 0.940563 0.981936 0.759273 0.661665 0.978955 0.967486 0.881990 0.966026 0.551857 0.544459 0.485282 0.570986 0.860109 0.763918 0.814227 0.909216 0.716130 0.654773 0.868614 0.654140 0.910551 0.774329 0.701592 0.871883 0.902342 0.945735 0.826355 0.995351 0.993432 0.986525 0.792148 0.931038 0.920181 0.910955
0.982446 0.975747 0.419814 0.374459 0.833070 0.596445 0.366822 0.000000 0.652151 0.551476 0.995397 0.865303 0.838236 0.958556 0.866054 0.734564 0.939639 0.866962 0.613971 0.723850 0.981577 0.997776 0.863586 0.816833 0.607312 0.619365 0.768938 0.922429 0.924699 0.979954 0.675283 0.590782 0.566884 0.658382 0.846882 0.963070 0.949438 0.908252 0.792398 0.818217 0.999990 0.945220 0.798968 0.897085 0.902595 0.819105 0.960279 0.981988 0.750322 0.855923 0.854686 0.879259 0.950729 0.898605 0.939717 0.923803 0.910479 0.696720 0.884500 0.872035 0.952576 0.761989 0.705888 0.734034 0.748548 0.466814 0.603423 0.713466 0.868706 0.773526 0.577286 0.477652 0.799925 0.837693 0.924746 0.991269 0.763748 0.793400 0.992922 0.964372 0.863008 0.929535 0.701669 0.866169 0.963366 0.938277 0.848612 0.800434 0.980830 0.936178 0.582047 0.596163 0.537905 0.636008 0.901397 0.814178 0.642056 0.809322 0.766221 0.710750 0.757070 0.786531 0.887475 0.782803 0.741004 0.826190 0.842939 0.953502 0.913707 0.954712 0.925600 0.940178 0.900801 0.935821 0.952741 0.955178
0.819309 0.766097 0.506258 0.602907 0.964964 0.809076 0.552418 0.652151 0.000000 0.648845 0.813321 0.973649 0.639694 0.890773 0.834228 0.534194 0.753741 0.664681 0.693944 0.920762 0.873873 0.990622 0.627453 0.715309 0.679667 0.525224 0.991953 0.911638 0.852841 0.849954 0.528813 0.714372 0.705878 0.829317 0.853847 0.858684 0.924217 0.903403 0.849833 0.898455 0.747615 0.826297 0.591029 0.723372 0.700306 0.880717 0.866528 0.963450 0.949368 0.943868 0.855424 0.869635 0.757357 0.634756 0.946930 0.803801 0.769132 0.544976 0.725533 0.607213 0.946903 0.911867 0.595187 0.590043 0.570043 0.613505 0.635440 0.887607 0.863498 0.851964 0.541253 0.593908 0.993466 0.897514 0.866739 0.820236 0.522226 0.629101 0.954596 0.911785 0.724563 0.767236 0.927633 0.828486 0.909322 0.816295 0.978653 0.834581 0.890333 0.992035 0.535031 0.508971 0.549028 0.559188 0.946486 0.759025 0.831314 0.788475 0.627943 0.577905 0.900378 0.575960 0.819305 0.953584 0.821239 0.971969 0.802048 0.886563 0.828201 0.950595 0.980889 0.776288 0.766989 0.855427 0.917639 0.831016
0.775293 0.682262 0.667213 0.742222 0.989318 0.595082 0.695532 0.551476 0.648845 0.000000 0.883963 0.973827 0.918682 0.909166 0.702899 0.892778 0.897413 0.727533 0.824225 0.991886 0.973880 0.894014 0.884573 0.901654 0.914759 0.767677 0.782504 0.714525 0.876966 0.924750 0.932690 0.873542 0.997090 0.920851 0.926708 0.882453 0.961226 0.989840 0.950716 0.966397 0.872102 0.830043 0.961923 0.782557 0.725915 0.632513 0.825000 0.700081 0.657271 0.586363 0.693314 0.634292 0.762483 0.916337 0.760575 0.832981 0.621185 0.583437 0.746695 0.737872 0.945690 0.744824 0.658225 0.658823 0.995364 0.635900 0.910776 0.883556 0.799525 0.636378 0.522930 0.538508 0.819127 0.814913 0.890173 0.896301 0.744959 0.875586 0.840168 0.799622 0.697764 0.704581 0.571863 0.638572 0.590443 0.660211 0.752289 0.598687 0.988749 0.643569 0.517228 0.524659 0.549083 0.608061 0.980419 0.827298 0.699304 0.774736 0.802859 0.844185 0.737860 0.882949 0.741363 0.894320 0.941518 0.986868 0.936435 0.898381 0.844990 0.953404 0.805528 0.976258 0.899776 0.858546 0.884606 0.974315
0.446748 0.546234 0.762301 0.854916 0.892105 0.893086 0.994027 0.995397 0.813321 0.883963 0.000000 0.577904 0.951231 0.947059 0.895629 0.836757 0.419911 0.357773 0.681035 0.753161 0.978171 0.995528 0.748473 0.832617 0.643492 0.646071 0.855498 0.996013 0.527655 0.394069 0.988682 0.963217 0.730104 0.599619 0.786855 0.869531 0.918988 0.940337 0.913223 0.990688 0.736643 0.775480 0.886517 0.941126 0.959311 0.850922 0.759816 0.785338 0.856430 0.880515 0.888595 0.981082 0.926355 0.745818 0.704737 0.817120 0.487190 0.486387 0.564286 0.547503 0.537562 0.840626 0.443328 0.423664 0.664875 0.824070 0.838889 0.730273 0.500673 0.593672 0.805156 0.896368 0.872213 0.891369 0.863528 0.928157 0.829369 0.841908 0.673898 0.729230 0.448361 0.397275 0.765454 0.479702 0.900370 0.901819 0.995879 0.811265 0.933342 0.849501 0.619431 0.591626 0.612707 0.524599 0.738709 0.920086 0.933133 0.951261 0.860768 0.763160 0.758044 0.814760 0.954295 0.760946 0.964212 0.938783 0.827938 0.865260 0.814283 0.800297 0.774599 0.962861 0.995725 0.980310 0.913860 0.979574
0.479383 0.483392 0.867760 0.875224 0.985962 0.888221 0.964098 0.865303 0.973649 0.973827 0.577904 0.000000 0.941471 0.915625 0.889462 0.942433 0.512362 0.576420 0.758967 0.789363 0.953065 0.926044 0.778525 0.847552 0.730832 0.795818 0.739059 0.958357 0.593757 0.598979 0.952968 0.907637 0.721993 0.684398 0.885560 0.938954 0.982787 0.994024 0.886153 0.914415 0.726289 0.706484 0.948499 0.889951 0.919783 0.842123 0.599077 0.846603 0.848997 0.856207 0.783103 0.865049 0.986761 0.917583 0.741531 0.793531 0.562803 0.593872 0.473249 0.539960 0.468411 0.560288 0.594570 0.548724 0.679474 0.961173 0.844154 0.673729 0.634934 0.728164 0.948640 0.872758 0.589209 0.670490 0.745114 0.997004 0.971356 0.922867 0.677306 0.811166 0.554956 0.531199 0.860021 0.614987 0.966731 0.981971 0.958379 0.944905 0.944102 0.980466 0.898537 0.854375 0.826035 0.658534 0.815256 0.909721 0.696224 0.985427 0.941046 0.963682 0.942479 0.955783 0.714807 0.762431 0.910694 0.887769 0.984339 0.959668 0.984794 0.822631 0.785220 0.858649 0.959208 0.917837 0.894293 0.990530
0.959321 0.986531 0.674494 0.767467 0.746758 0.774393 0.607985 0.838236 0.639694 0.918682 0.951231 0.941471 0.000000 0.661694 0.467578 0.386069 0.850474 0.864161 0.702901 0.848212 0.947591 0.929006 0.497404 0.558521 0.683313 0.805711 0.972319 0.997311 0.915439 0.936705 0.740914 0.745702 0.678404 0.852302 0.834143 0.915635 0.956434 0.855887 0.935415 0.894417 0.859661 0.916122 0.696729 0.764408 0.697278 0.853467 0.813601 0.986089 0.931511 0.904699 0.743339 0.732143 0.681759 0.670420 0.959859 0.812836 0.943653 0.808906 0.805523 0.707133 0.846852 0.993762 0.866432 0.827122 0.557607 0.733745 0.729440 0.983490 0.891124 0.939066 0.692853 0.821234 0.966173 0.951169 0.888509 0.868914 0.649929 0.732497 0.982060 0.979990 0.865164 0.955819 0.819679 0.984357 0.657675 0.620617 0.869071 0.844402 0.808094 0.899553 0.573270 0.574214 0.607539 0.652484 0.907208 0.892087 0.984144 0.989942 0.727378 0.643078 0.977076 0.628161 0.951085 0.992412 0.778815 0.919267 0.956832 0.883245 0.922789 0.982244 0.923184 0.813291 0.706251 0.968495 0.713269 0.875024
0.990524 0.939421 0.868242 0.785917 0.999961 0.923144 0.888429 0.958556 0.890773 0.909166 0.947059 0.915625 0.661694 0.000000 0.607622 0.645578 0.788041 0.906451 0.826796 0.781499 0.972883 0.774216 0.585478 0.612258 0.838845 0.889192 0.843145 0.910697 0.964417 0.969176 0.932847 0.789600 0.751349 0.985797 0.897163 0.915030 0.941908 0.902259 0.942042 0.974505 0.921045 0.930401 0.840890 0.793339 0.779024 0.807911 0.953273 0.898168 0.806004 0.677001 0.773127 0.619775 0.713019 0.623178 0.972492 0.991632 0.994343 0.967557 0.987091 0.967347 0.968619 0.972635 0.911840 0.881702 0.730447 0.861520 0.998601 0.961640 0.978131 0.775354 0.963817 0.964150 0.950332 0.926129 0.918061 0.855445 0.792201 0.853808 0.870484 0.916466 0.837653 0.970247 0.738768 0.859551 0.764145 0.726142 0.947661 0.803808 0.986858 0.788395 0.911099 0.871649 0.888215 0.902953 0.897306 0.977879 0.908960 0.814957 0.974027 0.858357 0.905027 0.939833 0.943616 0.992448 0.773231 0.842032 0.902362 0.976109 0.998219 0.906364 0.838937 0.942893 0.985877 0.997886 0.827471 0.992506
0.975963 0.959523 0.917104 0.932846 0.899617 0.911236 0.851734 0.866054 0.834228 0.702899 0.895629 0.889462 0.467578 0.607622 0.000000 0.528399 0.814359 0.968188 0.814117 0.940549 0.970852 0.882620 0.416394 0.533729 0.769437 0.857039 0.674909 0.871016 0.926530 0.983075 0.807431 0.836770 0.774314 0.942868 0.745736 0.884261 0.941024 0.952611 0.908142 0.976413 0.896286 0.962888 0.751731 0.743768 0.586433 0.685310 0.839756 0.867623 0.726523 0.682416 0.682868 0.591898 0.582163 0.611266 0.847546 0.837819 0.962140 0.950453 0.864299 0.787280 0.980080 0.710558 0.973470 0.963840 0.553803 0.978774 0.836240 0.817838 0.934196 0.919397 0.964336 0.831372 0.909028 0.833934 0.869231 0.988470 0.857827 0.786587 0.961465 0.994479 0.995806 0.942618 0.559521 0.825966 0.503195 0.498772 0.764075 0.653549 0.830918 0.764465 0.894789 0.891453 0.881026 0.871891 0.921032 0.947304 0.763450 0.764004 0.982088 0.827294 0.844263 0.771080 0.796666 0.972912 0.915576 0.969212 0.900977 0.985487 0.986237 0.946712 0.882709 0.872989 0.883459 0.980737 0.759045 0.977925
0.992939 0.997179 0.564904 0.629285 0.904270 0.766609 0.529095 0.734564 0.534194 0.892778 0.836757 0.942433 0.386069 0.645578 0.528399 0.000000 0.855012 0.860506 0.648444 0.720037 0.927578 0.958461 0.418331 0.507633 0.574283 0.642311 0.936400 0.958601 0.907855 0.909653 0.591425 0.653899 0.577060 0.768154 0.799898 0.862341 0.918917 0.778838 0.865463 0.807542 0.915156 0.982513 0.515700 0.630397 0.581619 0.753492 0.723068 0.876852 0.850328 0.839362 0.729981 0.703079 0.654624 0.661152 0.953230 0.679523 0.978280 0.740653 0.820211 0.664926 0.919741 0.997660 0.743970 0.735861 0.449532 0.638120 0.632006 0.912280 0.909024 0.865711 0.622555 0.692084 0.883867 0.853311 0.861106 0.846022 0.540939 0.664702 0.872342 0.968346 0.843866 0.933418 0.789591 0.950656 0.636241 0.605746 0.927180 0.962196 0.891719 0.823868 0.558209 0.565253 0.591300 0.607608 0.929368 0.782692 0.936795 0.947595 0.659099 0.525547 0.887471 0.582788 0.967301 0.980070 0.698753 0.833222 0.926809 0.819732 0.809647 0.992805 0.987499 0.772123 0.687253 0.980817 0.731755 0.785456
0.388903 0.452896 0.651942 0.701664 0.945462 0.954658 0.941239 0.939639 0.753741 0.897413 0.419911 0.512362 0.850474 0.788041 0.814359 0.855012 0.000000 0.311501 0.708023 0.743766 0.967619 0.945883 0.662772 0.725865 0.604625 0.583653 0.792859 0.949918 0.527327 0.410844 0.869556 0.914381 0.843200 0.619861 0.860018 0.874429 0.938886 0.993578 0.848246 0.958951 0.627350 0.829114 0.879081 0.994359 0.985107 0.889608 0.709298 0.826908 0.894258 0.979758 0.997108 0.917874 0.753550 0.552311 0.739521 0.792750 0.436559 0.409501 0.437023 0.515129 0.503606 0.807714 0.399958 0.370685 0.620559 0.855536 0.890048 0.689396 0.561108 0.775196 0.841213 0.947705 0.734697 0.848001 0.833860 0.844448 0.820905 0.776363 0.665513 0.702974 0.378672 0.394333 0.770163 0.520016 0.900636 0.998973 0.939466 0.887300 0.986628 0.921791 0.643013 0.565194 0.585142 0.474782 0.735107 0.854551 0.861815 0.994875 0.908690 0.863626 0.839286 0.728482 0.918608 0.730053 0.963953 0.882094 0.841014 0.935982 0.974945 0.874690 0.889892 0.866759 0.943403 0.948667 0.991729 0.970970
0.371991 0.434699 0.618035 0.717360 0.948848 0.893183 0.917458 0.866962 0.664681 0.727533 0.357773 0.576420 0.864161 0.906451 0.968188 0.860506 0.311501 0.000000 0.716092 0.728583 0.962434 0.982158 0.800664 0.825286 0.636056 0.553998 0.923093 0.872535 0.474810 0.377394 0.891161 0.934001 0.770684 0.626230 0.875755 0.896331 0.954238 0.965614 0.861470 0.995267 0.609648 0.803945 0.858774 0.973888 0.950916 0.824703 0.665246 0.731894 0.831621 0.886543 0.937719 0.990534 0.869186 0.607668 0.639744 0.833534 0.388958 0.361261 0.479883 0.496770 0.515546 0.952555 0.335174 0.315587 0.686299 0.792792 0.903620 0.743346 0.543392 0.689108 0.690624 0.790606 0.796730 0.936722 0.871674 0.827848 0.732847 0.788067 0.641129 0.672452 0.372135 0.319080 0.615246 0.418839 0.763790 0.841152 0.901981 0.737717 0.996928 0.816709 0.540741 0.482660 0.526983 0.469161 0.760029 0.878266 0.986400 0.863589 0.811163 0.795228 0.764922 0.712233 0.973670 0.792156 0.995231 0.905702 0.748580 0.838904 0.868291 0.897950 0.819656 0.969138 0.878535 0.956768 0.938716 0.912101
0.687238 0.741660 0.753864 0.740370 0.977885 0.738729 0.525034 0.613971 0.693944 0.824225 0.681035 0.758967 0.702901 0.826796 0.814117 0.648444 0.708023 0.716092 0.000000 0.515839 0.959147 0.874754 0.752144 0.834064 0.944850 0.917762 0.869496 0.979421 0.676172 0.617901 0.720833 0.665178 0.501272 0.421570 0.902780 0.932352 0.898209 0.938517 0.981737 0.947166 0.860078 0.936476 0.785013 0.839033 0.806845 0.885868 0.753425 0.881739 0.946273 0.930722 0.982468 0.929257 0.971515 0.895375 0.882566 0.799182 0.807739 0.967246 0.886086 0.945072 0.662166 0.904129 0.896279 0.915562 0.806100 0.683228 0.584776 0.713748 0.871716 0.990851 0.710211 0.741599 0.784963 0.774557 0.812073 0.940157 0.825009 0.825824 0.777942 0.882017 0.859465 0.778031 0.851384 0.776151 0.741425 0.755750 0.960837 0.887087 0.937283 0.913354 0.809973 0.829000 0.754899 0.902103 0.780799 0.926150 0.831591 0.991853 0.800282 0.747311 0.958839 0.896220 0.987442 0.983694 0.773647 0.868750 0.969685 0.936735 0.932989 0.990239 0.881567 0.847443 0.860939 0.903927 0.829660 0.947916
0.656567 0.732521 0.771037 0.721655 0.991477 0.958938 0.745317 0.723850 0.920762 0.991886 0.753161 0.789363 0.848212 0.781499 0.940549 0.720037 0.743766 0.728583 0.515839 0.000000 0.909159 0.999535 0.805155 0.763443 0.853707 0.883657 0.989255 0.899881 0.809931 0.767357 0.926356 0.814196 0.647465 0.706765 0.988159 0.969135 0.979427 0.808295 0.960795 0.880439 0.752610 0.862233 0.787706 0.765966 0.876260 0.869240 0.817804 0.797159 0.931711 0.860158 0.999252 0.931675 0.977250 0.866982 0.891798 0.782995 0.728280 0.940240 0.928842 0.952645 0.900521 0.968707 0.985292 0.979912 0.804584 0.754058 0.784071 0.863914 0.800847 0.945581 0.853824 0.783078 0.940991 0.898726 0.933917 0.948121 0.900442 0.984773 0.804029 0.981052 0.907285 0.812086 0.842719 0.799847 0.786354 0.794918 0.914464 0.791773 0.991689 0.699125 0.940669 0.996716 0.953017 0.971178 0.813850 0.967752 0.901545 0.953220 0.901522 0.775460 0.988203 0.962436 0.993946 0.946138 0.667731 0.778848 0.918763 0.906224 0.978662 0.954549 0.842224 0.934490 0.947641 0.881989 0.873853 0.938626
0.894036 0.961463 0.926013 0.878222 0.738963 0.810667 0.944344 0.981577 0.873873 0.973880 0.978171 0.953065 0.947591 0.972883 0.970852 0.927578 0.967619 0.962434 0.959147 0.909159 0.000000 0.878044 0.975991 0.999771 0.990788 0.903837 0.900682 0.890662 0.968244 0.960492 0.791109 0.940788 0.929557 0.852181 0.876536 0.972307 0.766726 0.916927 0.853941 0.874771 0.961168 0.920176 0.744272 0.785162 0.771595 0.823158 0.859205 0.937199 0.837862 0.885799 0.888257 0.893617 0.876829 0.924122 0.892087 0.946916 0.998527 0.994353 0.950242 0.985669 0.903535 0.959792 0.908331 0.930742 0.983478 0.929193 0.814167 0.816426 0.950332 0.903284 0.805169 0.913922 0.953225 0.896897 0.906160 0.936426 0.854217 0.890275 0.955877 0.953112 0.951879 0.995681 0.969921 0.993909 0.989414 0.943567 0.998357 0.885757 0.984430 0.969863 0.964821 0.915480 0.935772 0.972824 0.994284 0.877643 0.983601 0.950952 0.834164 0.910107 0.865137 0.970901 0.894937 0.667095 0.911582 0.957216 0.938966 0.982961 0.857243 0.883881 0.930827 0.972552 0.817804 0.904004 0.939052 0.767059
0.923114 0.931842 0.906471 0.979069 0.911696 0.975156 0.930097 0.997776 0.990622 0.894014 0.995528 0.926044 0.929006 0.774216 0.882620 0.958461 0.945883 0.982158 0.874754 0.999535 0.878044 0.000000 0.904111 0.903685 0.979903 0.955656 0.968490 0.996130 0.913783 0.946967 0.858949 0.984243 0.962219 0.973971 0.888639 0.962458 0.647441 0.850581 0.894464 0.800209 0.848188 0.937881 0.844542 0.867948 0.849073 0.847481 0.789903 0.902917 0.902779 0.962518 0.828521 0.931583 0.833265 0.937572 0.760071 0.833658 0.902077 0.967131 0.922192 0.972358 0.971248 0.928237 0.991223 0.943305 0.953421 0.978132 0.965679 0.876932 0.937587 0.899356 0.870395 0.997239 0.959467 0.992159 0.846577 0.944768 0.936246 0.972743 0.859048 0.953500 0.914897 0.856371 0.956621 0.957126 0.976201 0.974761 0.960683 0.987807 0.998121 0.961972 0.935672 0.970984 0.940255 0.933466 0.933414 0.920518 0.934553 0.924552 0.850657 0.941845 0.951463 0.914421 0.880323 0.838379 0.912006 0.903465 0.986580 0.963580 0.938589 0.934691 0.924848 0.966796 0.977340 0.999538 0.946318 0.832423
0.853992 0.890517 0.595835 0.578836 0.871348 0.979368 0.600699 0.863586 0.627453 0.884573 0.748473 0.778525 0.497404 0.585478 0.416394 0.418331 0.662772 0.800664 0.752144 0.805155 0.975991 0.904111 0.000000 0.328276 0.474055 0.630487 0.623645 0.841244 0.836945 0.780752 0.711075 0.775408 0.676315 0.939083 0.655108 0.789215 0.897052 0.859161 0.857156 0.965210 0.875794 0.848951 0.596808 0.675450 0.593539 0.769979 0.877043 0.820774 0.861301 0.781937 0.820983 0.663598 0.586661 0.628038 0.946439 0.818869 0.911900 0.729069 0.707917 0.635517 0.853749 0.726043 0.723145 0.682538 0.292418 0.698948 0.679798 0.953559 0.828639 0.908119 0.858828 0.968989 0.911130 0.870756 0.920558 0.910086 0.690757 0.655941 0.942222 0.943320 0.760378 0.874728 0.698836 0.963257 0.452793 0.415459 0.804811 0.787192 0.803607 0.691234 0.677602 0.663532 0.652460 0.630770 0.982041 0.770898 0.806026 0.862630 0.849473 0.620741 0.947144 0.666414 0.811078 0.821187 0.689615 0.897832 0.939679 0.951050 0.823353 0.928591 0.973880 0.887376 0.771180 0.932190 0.793702 0.893506
0.852291 0.868326 0.538452 0.536862 0.864911 0.968928 0.610032 0.816833 0.715309 0.901654 0.832617 0.847552 0.558521 0.612258 0.533729 0.507633 0.725865 0.825286 0.834064 0.763443 0.999771 0.903685 0.328276 0.000000 0.435580 0.688414 0.651152 0.946552 0.807548 0.834424 0.770294 0.794847 0.789069 0.969241 0.755635 0.863835 0.918104 0.800733 0.852625 0.966376 0.866765 0.881240 0.669733 0.683260 0.681744 0.845319 0.915133 0.804474 0.943577 0.841245 0.880284 0.775581 0.661725 0.708465 0.931461 0.860766 0.965072 0.733191 0.713614 0.667934 0.855031 0.809710 0.729551 0.714136 0.353975 0.682792 0.656029 0.915109 0.841754 0.890184 0.853737 0.956209 0.889031 0.847173 0.976329 0.960997 0.740462 0.695695 0.923838 0.967893 0.808007 0.943102 0.767964 0.937350 0.535019 0.414211 0.818115 0.777942 0.704391 0.668346 0.728986 0.770159 0.760610 0.717851 0.985475 0.810194 0.836802 0.949486 0.904114 0.646589 0.995076 0.737572 0.810867 0.843054 0.705183 0.819275 0.901330 0.997634 0.815376 0.989232 0.991711 0.958219 0.849485 0.931298 0.827950 0.901362
0.763364 0.810757 0.409059 0.423802 0.985287 0.919256 0.529296 0.607312 0.679667 0.914759 0.643492 0.730832 0.683313 0.838845 0.769437 0.574283 0.604625 0.636056 0.944850 0.853707 0.990788 0.979903 0.474055 0.435580 0.000000 0.490537 0.803981 0.941763 0.639554 0.593799 0.688243 0.791583 0.768171 0.999247 0.821822 0.929704 0.859019 0.812323 0.806805 0.813215 0.821513 0.823428 0.587076 0.717780 0.805598 0.947986 0.965000 0.887365 0.949886 0.963853 0.991964 0.896685 0.766514 0.823011 0.955304 0.887183 0.835151 0.554726 0.588772 0.575360 0.640612 0.825279 0.475999 0.497684 0.332070 0.599496 0.627293 0.985778 0.738027 0.710827 0.696912 0.728621 0.920391 0.896377 0.961043 0.966145 0.662499 0.640938 0.798278 0.976100 0.666516 0.707635 0.951683 0.838728 0.733048 0.641189 0.822088 0.997004 0.818768 0.769736 0.592948 0.602022 0.546374 0.509747 0.904035 0.733443 0.987947 0.965717 0.769108 0.609473 0.815033 0.716976 0.913708 0.716348 0.694760 0.922400 0.767306 0.887339 0.884773 0.983390 0.875052 0.985387 0.840050 0.955224 0.957671 0.803930
0.758500 0.755774 0.467312 0.472928 0.829102 0.815133 0.657770 0.619365 0.525224 0.767677 0.646071 0.795818 0.805711 0.889192 0.857039 0.642311 0.583653 0.553998 0.917762 0.883657 0.903837 0.955656 0.630487 0.688414 0.490537 0.000000 0.913903 0.900692 0.767837 0.654829 0.663066 0.696802 0.817855 0.961126 0.778542 0.989494 0.770737 0.865555 0.775658 0.717776 0.712222 0.810699 0.613371 0.747266 0.819234 0.920276 0.996348 0.964233 0.974867 0.881007 0.913609 0.852288 0.766265 0.682966 0.974831 0.892950 0.687015 0.528879 0.620433 0.612157 0.629953 0.886881 0.464529 0.474258 0.556076 0.699094 0.734337 0.979450 0.803224 0.830609 0.647469 0.671662 0.981979 0.977939 0.976444 0.977600 0.555987 0.602418 0.881645 0.927684 0.648294 0.637807 0.874982 0.752953 0.979061 0.886031 0.961963 0.915080 0.995831 0.838298 0.625409 0.570594 0.578791 0.512151 0.907685 0.846025 0.900783 0.842315 0.742178 0.632175 0.827382 0.739302 0.879039 0.878845 0.824512 0.979155 0.770016 0.838389 0.938269 0.966808 0.954118 0.960898 0.814382 0.879851 0.979841 0.847642
0.880671 0.865285 0.981566 0.969751 0.956346 0.634261 0.868548 0.768938 0.991953 0.782504 0.855498 0.739059 0.972319 0.843145 0.674909 0.936400 0.792859 0.923093 0.869496 0.989255 0.900682 0.968490 0.623645 0.651152 0.803981 0.913903 0.000000 0.856208 0.951322 0.879026 0.950390 0.889187 0.904187 0.795995 0.769182 0.776652 0.933042 0.886779 0.981984 0.874488 0.956850 0.885458 0.968279 0.933096 0.824146 0.873767 0.902232 0.890519 0.899185 0.880328 0.975422 0.877141 0.706475 0.758699 0.925445 0.986299 0.951340 0.922041 0.804549 0.787186 0.782181 0.712858 0.922578 0.871593 0.657623 0.937893 0.939271 0.696766 0.950250 0.983135 0.825047 0.661672 0.754160 0.706505 0.888152 0.959180 0.981136 0.921171 0.814014 0.877631 0.916873 0.944191 0.672580 0.893129 0.735417 0.698373 0.866182 0.845374 0.853671 0.741461 0.923119 0.912844 0.912258 0.968147 0.845332 0.795880 0.703414 0.861191 0.824224 0.973757 0.865089 0.956216 0.768969 0.912219 0.963376 0.954428 0.879302 0.939528 0.972755 0.996207 0.968984 0.970054 0.903505 0.942888 0.899267 0.967417
0.861862 0.771437 0.929041 0.980664 0.890529 0.947599 0.909126 0.922429 0.911638 0.714525 0.996013 0.958357 0.997311 0.910697 0.871016 0.958601 0.949918 0.872535 0.979421 0.899881 0.890662 0.996130 0.841244 0.946552 0.941763 0.900692 0.856208 0.000000 0.857120 0.996010 0.970652 0.866001 0.874191 0.960179 0.812716 0.942641 0.927596 0.929809 0.982190 0.826212 0.912468 0.881671 0.899168 0.810144 0.851422 0.810940 0.942462 0.776578 0.781312 0.745177 0.840664 0.749087 0.784399 0.952924 0.811446 0.944199 0.864292 0.776554 0.901699 0.928265 0.832197 0.725069 0.909322 0.878464 0.909560 0.856036 0.984520 0.997107 0.891682 0.849624 0.814349 0.844413 0.943034 0.842387 0.993692 0.778378 0.903454 0.972216 0.891245 0.870668 0.888663 0.865847 0.769372 0.809582 0.730470 0.784629 0.902323 0.797585 0.951328 0.734958 0.824567 0.840462 0.863713 0.964856 0.858994 0.829466 0.747551 0.863989 0.863347 0.944403 0.943683 0.932742 0.858357 0.989252 0.943052 0.985024 0.987653 0.919581 0.883674 0.903235 0.810215 0.985452 0.984227 0.936259 0.936428 0.920841
0.586627 0.550564 0.726376 0.786432 0.833119 0.971971 0.980343 0.924699 0.852841 0.876966 0.527655 0.593757 0.915439 0.964417 0.926530 0.907855 0.527327 0.474810 0.676172 0.809931 0.968244 0.913783 0.836945 0.807548 0.639554 0.767837 0.951322 0.857120 0.000000 0.426358 0.973086 0.954098 0.762714 0.639962 0.896262 0.892214 0.788241 0.788937 0.895011 0.875067 0.773896 0.737188 0.858438 0.956225 0.961064 0.852179 0.846105 0.874730 0.808762 0.837454 0.931418 0.994481 0.952653 0.820534 0.701193 0.958242 0.655464 0.593166 0.646689 0.651488 0.630783 0.948435 0.484543 0.532051 0.686101 0.745619 0.942888 0.851258 0.704211 0.783243 0.762006 0.905091 0.735545 0.945607 0.854230 0.835918 0.848347 0.866981 0.721922 0.885677 0.545423 0.536378 0.672091 0.571870 0.923352 0.950901 0.992352 0.858025 0.955205 0.908317 0.697970 0.682275 0.743998 0.669512 0.795493 0.805415 0.993844 0.814668 0.886555 0.774495 0.699631 0.764987 0.981056 0.824162 0.889169 0.965800 0.785336 0.973524 0.844681 0.949812 0.748556 0.981225 0.899369 0.949530 0.964274 0.764948
0.545467 0.564045 0.742760 0.824319 0.867178 0.965841 0.989017 0.979954 0.849954 0.924750 0.394069 0.598979 0.936705 0.969176 0.983075 0.909653 0.410844 0.377394 0.617901 0.767357 0.960492 0.946967 0.780752 0.834424 0.593799 0.654829 0.879026 0.996010 0.426358 0.000000 0.949866 0.919869 0.774304 0.595061 0.867277 0.978930 0.882772 0.904894 0.891599 0.887922 0.745317 0.745114 0.838437 0.987091 0.930112 0.867568 0.771238 0.895536 0.901750 0.920108 0.963475 0.970623 0.887666 0.745182 0.751042 0.898568 0.603177 0.558097 0.572291 0.594114 0.511101 0.947375 0.431439 0.460288 0.643346 0.812736 0.816525 0.735412 0.646523 0.746714 0.877461 0.906299 0.742109 0.878229 0.858948 0.899359 0.845017 0.926404 0.665169 0.769043 0.498496 0.460490 0.753396 0.532697 0.951914 0.928936 0.926167 0.807138 0.948333 0.973531 0.709542 0.644971 0.698774 0.612777 0.722888 0.966972 0.866538 0.934778 0.906226 0.849892 0.723197 0.851427 0.944490 0.743551 0.957706 0.917531 0.695917 0.961228 0.880148 0.803655 0.761427 0.950284 0.893992 0.918382 0.872544 0.941175
0.994762 0.966283 0.591980 0.601732 0.831154 0.892108 0.573493 0.675283 0.528813 0.932690 0.988682 0.952968 0.740914 0.932847 0.807431 0.591425 0.869556 0.891161 0.720833 0.926356 0.791109 0.858949 0.711075 0.770294 0.688243 0.663066 0.950390 0.970652 0.973086 0.949866 0.000000 0.581235 0.579822 0.667957 0.938007 0.852940 0.804255 0.795529 0.801765 0.759613 0.963748 0.927090 0.559371 0.576059 0.573537 0.677448 0.793136 0.861411 0.800521 0.758826 0.684713 0.740681 0.661473 0.707738 0.799676 0.746602 0.988626 0.760614 0.855389 0.802481 0.941310 0.917432 0.784207 0.787554 0.712292 0.885550 0.566025 0.761656 0.947789 0.994019 0.678960 0.757206 0.937873 0.930484 0.850729 0.911782 0.611393 0.694921 0.806826 0.830260 0.991176 0.976428 0.941802 0.967190 0.886425 0.757663 0.926629 0.832466 0.954567 0.949481 0.773673 0.700737 0.691914 0.699212 0.935228 0.823014 0.867923 0.893996 0.704193 0.715365 0.973915 0.626312 0.872242 0.962382 0.822825 0.952215 0.977284 0.891105 0.997159 0.979950 0.974408 0.937671 0.814690 0.920610 0.842562 0.841410
0.970675 0.972706 0.662282 0.618060 0.813483 0.799377 0.556294 0.590782 0.714372 0.873542 0.963217 0.907637 0.745702 0.789600 0.836770 0.653899 0.914381 0.934001 0.665178 0.814196 0.940788 0.984243 0.775408 0.794847 0.791583 0.696802 0.889187 0.866001 0.954098 0.919869 0.581235 0.000000 0.615351 0.770462 0.915888 0.900381 0.998051 0.922415 0.869837 0.883864 0.948644 0.965080 0.716063 0.759113 0.833978 0.842983 0.809124 0.941828 0.929058 0.777187 0.819133 0.796410 0.836678 0.848399 0.855439 0.867105 0.994861 0.844841 0.956345 0.927691 0.948924 0.960001 0.905132 0.867803 0.796328 0.802211 0.699416 0.778645 0.870000 0.915943 0.837433 0.854993 0.863480 0.892436 0.909156 0.880716 0.797149 0.838796 0.777056 0.879964 0.948579 0.996562 0.993575 0.997403 0.915071 0.808362 0.797278 0.972269 0.986403 0.963040 0.829877 0.722064 0.718712 0.827263 0.820916 0.986717 0.831912 0.946065 0.866934 0.782294 0.935743 0.816814 0.910582 0.993771 0.685656 0.840759 0.996032 0.968921 0.976529 0.936770 0.945900 0.913701 0.856786 0.891622 0.760369 0.996060
0.670993 0.616143 0.718336 0.650581 0.859495 0.830782 0.474101 0.566884 0.705878 0.997090 0.730104 0.721993 0.678404 0.751349 0.774314 0.577060 0.843200 0.770684 0.501272 0.647465 0.929557 0.962219 0.676315 0.789069 0.768171 0.817855 0.904187 0.874191 0.762714 0.774304 0.579822 0.615351 0.000000 0.470365 0.965649 0.971089 0.978953 0.828809 0.941853 0.777960 0.842809 0.911369 0.589955 0.615284 0.664766 0.679506 0.603155 0.661893 0.777898 0.706761 0.734807 0.696515 0.764280 0.924472 0.705036 0.661907 0.685614 0.875685 0.796499 0.841756 0.746452 0.889618 0.918605 0.933049 0.732912 0.724916 0.525229 0.582982 0.830768 0.860142 0.840127 0.763483 0.733870 0.758227 0.853974 0.948783 0.720474 0.729796 0.736279 0.813672 0.795289 0.725134 0.742410 0.687263 0.617600 0.606143 0.952001 0.903503 0.959162 0.708195 0.882045 0.853451 0.829720 0.916434 0.790834 0.839871 0.783993 0.908151 0.758553 0.728000 0.937730 0.838049 0.861672 0.990029 0.621250 0.791790 0.998078 0.946811 0.955492 0.875848 0.881572 0.929315 0.799511 0.985005 0.767395 0.907757
0.567619 0.604456 0.851195 0.850601 0.838980 0.769397 0.602154 0.658382 0.829317 0.920851 0.599619 0.684398 0.852302 0.985797 0.942868 0.768154 0.619861 0.626230 0.421570 0.706765 0.852181 0.973971 0.939083 0.969241 0.999247 0.961126 0.795995 0.960179 0.639962 0.595061 0.667957 0.770462 0.470365 0.000000 0.863720 0.953375 0.958994 0.819515 0.970782 0.933967 0.821639 0.934096 0.766085 0.775020 0.751399 0.773317 0.622999 0.768080 0.842290 0.896403 0.863877 0.908089 0.931579 0.894893 0.712361 0.805203 0.623346 0.788372 0.689859 0.738975 0.578916 0.819598 0.778213 0.770809 0.965213 0.817215 0.534086 0.582822 0.698099 0.909405 0.814182 0.735533 0.604285 0.725441 0.690906 0.914395 0.816270 0.847362 0.690554 0.750171 0.666984 0.633848 0.815798 0.682659 0.785700 0.765328 0.989339 0.991907 0.962344 0.915201 0.957897 0.962869 0.924603 0.927462 0.785853 0.907206 0.757226 0.990512 0.777903 0.863172 0.950676 0.931223 0.874435 0.888408 0.828202 0.841540 0.894703 0.891899 0.978778 0.846825 0.953448 0.841380 0.810892 0.886305 0.833315 0.986291
0.965856 0.987419 0.956973 0.970314 0.970487 0.969916 0.983828 0.846882 0.853847 0.926708 0.786855 0.885560 0.834143 0.897163 0.745736 0.799898 0.860018 0.875755 0.902780 0.988159 0.876536 0.888639 0.655108 0.755635 0.821822 0.778542 0.769182 0.812716 0.896262 0.867277 0.938007 0.915888 0.965649 0.863720 0.000000 0.883872 0.855998 0.989361 0.840406 0.971350 0.824834 0.933966 0.671197 0.744018 0.648827 0.685490 0.787158 0.757313 0.705769 0.735350 0.775881 0.696330 0.747216 0.714853 0.975052 0.835621 0.974651 0.987508 0.994184 0.955500 0.906928 0.845083 0.926502 0.905280 0.720822 0.996496 0.832559 0.964548 0.969822 0.991206 0.932033 0.918418 0.932187 0.916871 0.994894 0.824935 0.771186 0.706764 0.888766 0.986676 0.980947 0.901268 0.844995 0.953450 0.708331 0.733695 0.830224 0.965546 0.877436 0.746468 0.928127 0.979207 0.991511 0.987994 0.895903 0.793706 0.861993 0.922717 0.865599 0.719077 0.955758 0.909465 0.969791 0.865084 0.832219 0.917268 0.977126 0.924117 0.773802 0.833817 0.943000 0.785750 0.765434 0.937731 0.839906 0.814594
0.935110 0.994564 0.946397 0.914451 0.903933 0.898153 0.996242 0.963070 0.858684 0.882453 0.869531 0.938954 0.915635 0.915030 0.884261 0.862341 0.874429 0.896331 0.932352 0.969135 0.972307 0.962458 0.789215 0.863835 0.929704 0.989494 0.776652 0.942641 0.892214 0.978930 0.852940 0.900381 0.971089 0.953375 0.883872 0.000000 0.998217 0.940620 0.842319 0.905019 0.966759 0.953551 0.842610 0.876682 0.777628 0.885072 0.976700 0.944547 0.917644 0.889103 0.940739 0.858680 0.779982 0.884238 0.961280 0.997520 0.987416 0.926767 0.965412 0.883236 0.915874 0.897384 0.914059 0.904798 0.837879 0.980048 0.975685 0.943177 0.836779 0.980511 0.981101 0.811762 0.869246 0.979020 0.906303 0.810987 0.963702 0.999191 0.995914 0.994748 0.911138 0.912768 0.899332 0.997242 0.867275 0.859966 0.932774 0.973247 0.981309 0.972421 0.942777 0.918173 0.892741 0.950821 0.845362 0.806697 0.979274 0.928369 0.982597 0.899581 0.919129 0.709323 0.997976 0.967260 0.900583 0.892936 0.948408 0.953207 0.881917 0.961159 0.952887 0.892447 0.875114 0.976347 0.743577 0.939898
0.926382 0.997274 0.832260 0.820219 0.879846 0.940482 0.990249 0.949438 0.924217 0.961226 0.918988 0.982787 0.956434 0.941908 0.941024 0.918917 0.938886 0.954238 0.898209 0.979427 0.766726 0.647441 0.897052 0.918104 0.859019 0.770737 0.933042 0.927596 0.788241 0.882772 0.804255 0.998051 0.978953 0.958994 0.855998 0.998217 0.000000 0.865092 0.890203 0.734136 0.961074 0.952622 0.678570 0.637125 0.743410 0.757006 0.798921 0.802991 0.750609 0.806253 0.782633 0.794596 0.803497 0.832584 0.823807 0.816741 0.915878 0.995129 0.994856 0.978041 0.874117 0.959115 0.898087 0.965370 0.894699 0.973413 0.842778 0.913157 0.941547 0.968891 0.896120 0.992028 0.955795 0.965903 0.926221 0.977736 0.838915 0.918529 0.902876 0.773038 0.932067 0.923289 0.921422 0.956414 0.935912 0.910859 0.980007 0.859209 0.994072 0.877899 0.970977 0.995060 0.979432 0.964857 0.921217 0.888689 0.913488 0.953356 0.851329 0.898655 0.904987 0.991449 0.924568 0.876506 0.973740 0.996685 0.920463 0.986665 0.928927 0.945534 0.973730 0.878212 0.982087 0.903567 0.876543 0.788931
0.830816 0.968692 0.784925 0.827401 0.869142 0.909955 0.896635 0.908252 0.903403 0.989840 0.940337 0.994024 0.855887 0.902259 0.952611 0.778838 0.993578 0.965614 0.938517 0.808295 0.916927 0.850581 0.859161 0.800733 0.812323 0.865555 0.886779 0.929809 0.788937 0.904894 0.795529 0.922415 0.828809 0.819515 0.989361 0.940620 0.865092 0.000000 0.981260 0.704981 0.957752 0.875621 0.763464 0.718278 0.769817 0.735863 0.889038 0.782286 0.798189 0.821059 0.760839 0.749153 0.739692 0.818733 0.877567 0.752209 0.821497 0.980790 0.989752 0.999038 0.966681 0.973822 0.918970 0.923753 0.810753 0.923589 0.840932 0.951632 0.801418 0.860768 0.878295 0.960345 0.991838 0.855526 0.786756 0.812812 0.813331 0.868057 0.958211 0.996198 0.917305 0.917745 0.795984 0.816307 0.848533 0.785284 0.969947 0.976275 0.694792 0.741101 0.973289 0.962678 0.982889 0.972426 0.945583 0.879744 0.993470 0.800397 0.978115 0.952128 0.892851 0.876900 0.892422 0.892684 0.884672 0.899147 0.990177 0.873864 0.916756 0.844266 0.813304 0.972534 0.824116 0.930017 0.919086 0.797909
