0.000000 0.404167 0.839659 0.837817 0.623160 0.888810 0.888193 0.729946 0.948537 0.683266 0.455837 0.360599 0.424913 0.532946 0.621600 0.692539 0.488567 0.445104 0.377631 0.394284 0.988411 0.985190 0.576337 0.942525 0.713385 0.522770 0.930022 0.940752 0.466211 0.574958 0.968008 0.917970 0.674823 0.813402 0.859604 0.926337 0.742311 0.944282 0.987372 0.959593 0.824462 0.873724 0.846111 0.919647 0.963338 0.932813 0.784370 0.892551 0.616796 0.802812 0.911845 0.997414 0.967292 0.636537 0.738384 0.986695 0.344524 0.332756 0.511087 0.546345 0.701404 0.672981 0.454488 0.396839 0.746417 0.705459 0.779452 0.702275 0.377535 0.449723 0.967700 0.933524 0.960320 0.913652 0.861660 0.938705 0.955075 0.749671 0.858220 0.740989 0.462239 0.453829 0.629580 0.674296 0.511028 0.941568 0.864813 0.767275 0.626732 0.591745 0.820001 0.769306 0.695482 0.611252 0.868138 0.955142 0.989514 0.943709 0.857572 0.899058 0.882891 0.777661 0.931816 0.899798 0.990377 0.914878 0.978422 0.679133 0.918207 0.875001 0.965421 0.874808 0.796585 0.977199 0.969180 0.910549
0.404167 0.000000 0.616014 0.858723 0.687086 0.746462 0.844107 0.746668 0.866976 0.741484 0.742270 0.390105 0.689866 0.451316 0.664166 0.594789 0.393027 0.321360 0.435571 0.396573 0.909579 0.959966 0.700274 0.841420 0.872531 0.570156 0.877344 0.785089 0.424192 0.469464 0.899136 0.899536 0.834361 0.843823 0.733737 0.918941 0.756001 0.922313 0.914879 0.800623 0.917589 0.841157 0.877577 0.772268 0.814671 0.662620 0.617969 0.681964 0.360956 0.522176 0.696816 0.771531 0.903590 0.775298 0.640380 0.782290 0.294670 0.293159 0.826536 0.763550 0.953755 0.706109 0.669005 0.546208 0.760804 0.755053 0.602642 0.695326 0.578588 0.479279 0.779773 0.645352 0.896260 0.880326 0.865418 0.996384 0.884408 0.771885 0.735671 0.659636 0.431349 0.396727 0.426393 0.566329 0.458173 0.803205 0.950647 0.694881 0.826104 0.708693 0.587210 0.599487 0.508638 0.449523 0.785526 0.970208 0.863694 0.916506 0.980446 0.923699 0.708394 0.657858 0.929353 0.923339 0.834900 0.899950 0.986933 0.652123 0.887706 0.999307 0.917743 0.839870 0.754262 0.895001 0.964341 0.854971
0.839659 0.616014 0.000000 0.481767 0.979435 0.591260 0.423239 0.634682 0.849080 0.931448 0.941390 0.855944 0.821785 0.944522 0.987608 0.968369 0.851631 0.719578 0.966537 0.867652 0.810776 0.810438 0.837884 0.881190 0.854935 0.603505 0.848455 0.931139 0.824748 0.890603 0.582326 0.563400 0.594912 0.668166 0.560104 0.772397 0.990138 0.786951 0.961425 0.920135 0.808266 0.926666 0.753481 0.861893 0.765729 0.903354 0.773510 0.813530 0.704199 0.889648 0.840567 0.878655 0.736431 0.648510 0.925069 0.869756 0.765276 0.696425 0.936713 0.936064 0.622266 0.910682 0.822530 0.996115 0.597287 0.641501 0.351084 0.473176 0.793000 0.864357 0.541413 0.578627 0.669551 0.754560 0.883395 0.931992 0.827689 0.686306 0.981735 0.925909 0.926131 0.846532 0.750702 0.846060 0.923495 0.954796 0.953992 0.987903 0.989864 0.937717 0.544320 0.728670 0.546176 0.681090 0.727453 0.927296 0.686104 0.985001 0.731371 0.663877 0.611524 0.708170 0.717528 0.741081 0.617009 0.667373 0.803562 0.809846 0.949878 0.815882 0.711919 0.851357 0.773741 0.840652 0.831548 0.979815
0.837817 0.858723 0.481767 0.000000 0.956686 0.799191 0.687620 0.581266 0.942616 0.902190 0.859096 0.953440 0.975388 0.780083 0.951003 0.808045 0.924386 0.881921 0.978368 0.968588 0.819709 0.825508 0.849644 0.606756 0.586153 0.460167 0.934086 0.879541 0.853282 0.931339 0.707240 0.607438 0.810236 0.820603 0.625405 0.726621 0.965806 0.882011 0.794320 0.887151 0.726526 0.940303 0.638820 0.733827 0.730051 0.776736 0.619205 0.721415 0.895490 0.931510 0.733203 0.698957 0.634320 0.646065 0.852996 0.970301 0.897372 0.838698 0.801850 0.950302 0.974209 0.863640 0.976955 0.811168 0.474962 0.439124 0.510938 0.523580 0.768152 0.813659 0.690505 0.697643 0.753619 0.830811 0.924354 0.977208 0.671794 0.656347 0.950128 0.915848 0.971610 0.954378 0.941064 0.976933 0.839820 0.574733 0.988486 0.858309 0.835444 0.872134 0.678552 0.935616 0.657490 0.858353 0.740570 0.832875 0.802530 0.923101 0.875019 0.760116 0.760686 0.864872 0.934931 0.998042 0.641423 0.684258 0.802691 0.911593 0.935410 0.960976 0.713801 0.832592 0.709122 0.858004 0.895581 0.972062
0.623160 0.687086 0.979435 0.956686 0.000000 0.935138 0.932675 0.786623 0.904462 0.881921 0.745773 0.659555 0.682722 0.657789 0.671629 0.649775 0.682652 0.725466 0.694477 0.646752 0.911564 0.916969 0.627329 0.641806 0.904723 0.791027 0.721180 0.837496 0.772140 0.778255 0.981494 0.922539 0.836037 0.962989 0.951110 0.873012 0.868023 0.948706 0.907911 0.960712 0.990263 0.958391 0.966437 0.998035 0.943585 0.916881 0.880877 0.902219 0.789214 0.769792 0.916359 0.927349 0.945128 0.814005 0.791207 0.961361 0.621802 0.719807 0.814109 0.855063 0.940350 0.695244 0.847542 0.743188 0.984186 0.971962 0.963389 0.817143 0.755418 0.681875 0.879204 0.909037 0.929456 0.963554 0.969022 0.900180 0.873717 0.856242 0.949035 0.968100 0.727606 0.671938 0.720841 0.791703 0.657181 0.783019 0.723615 0.714673 0.784450 0.734985 0.959190 0.899750 0.902584 0.820174 0.875306 0.932193 0.915759 0.970512 0.893747 0.893266 0.942749 0.890567 0.978533 0.938530 0.990913 0.967196 0.999921 0.856935 0.902639 0.729284 0.966583 0.877301 0.850127 0.963691 0.889487 0.883758
0.888810 0.746462 0.591260 0.799191 0.935138 0.000000 0.585928 0.764081 0.745305 0.914145 0.781062 0.933066 0.830946 0.990330 0.953103 0.955113 0.890360 0.826582 0.883865 0.823083 0.730844 0.960801 0.963556 0.978194 0.926007 0.738642 0.896015 0.902816 0.817769 0.867414 0.789205 0.748281 0.814873 0.827135 0.771643 0.872525 0.912693 0.946034 0.844837 0.886767 0.931354 0.989753 0.936686 0.975232 0.961792 0.969386 0.956951 0.970446 0.773446 0.838879 0.996405 0.994253 0.926350 0.843675 0.959001 0.967127 0.737056 0.736496 0.882252 0.823376 0.617376 0.874027 0.835516 0.935458 0.853308 0.743258 0.560079 0.683453 0.737707 0.865840 0.662168 0.681428 0.936301 0.761995 0.706327 0.914468 0.824620 0.768316 0.993851 0.987929 0.995910 0.903902 0.771519 0.819467 0.846221 0.984256 0.862237 0.957985 0.956459 0.945865 0.691533 0.760789 0.731328 0.726221 0.802541 0.969997 0.816522 0.973760 0.880327 0.750751 0.774665 0.880268 0.739215 0.841495 0.673580 0.858019 0.644920 0.895505 0.999950 0.951590 0.827612 0.832785 0.957100 0.990073 0.753360 0.962432
0.888193 0.844107 0.423239 0.687620 0.932675 0.585928 0.000000 0.418325 0.609322 0.542178 0.731708 0.879043 0.558268 0.782773 0.763035 0.852409 0.920658 0.958474 0.778010 0.964571 0.877552 0.772996 0.641756 0.995970 0.805774 0.879602 0.779811 0.889115 0.788405 0.785329 0.367042 0.467703 0.387483 0.415840 0.696523 0.815129 0.924418 0.852967 0.961997 0.834044 0.895943 0.970097 0.747098 0.780934 0.630767 0.761754 0.764124 0.782797 0.978815 0.918783 0.676327 0.722597 0.680804 0.644139 0.916817 0.920392 0.917365 0.943286 0.639296 0.668805 0.393025 0.785613 0.478045 0.599256 0.941842 0.915313 0.468008 0.564958 0.980297 0.835009 0.495023 0.502468 0.556751 0.585788 0.800181 0.860715 0.692530 0.621316 0.787471 0.944434 0.828353 0.980431 0.860714 0.906341 0.938978 0.823599 0.950851 0.978072 0.866165 0.953557 0.545918 0.640729 0.679203 0.841994 0.675745 0.873349 0.704795 0.820419 0.457956 0.510777 0.564451 0.587251 0.516412 0.518860 0.590166 0.580941 0.844949 0.880079 0.981344 0.785064 0.693434 0.714883 0.670612 0.786383 0.886812 0.920599
0.729946 0.746668 0.634682 0.581266 0.786623 0.764081 0.418325 0.000000 0.828024 0.588535 0.767740 0.566916 0.514965 0.437455 0.700533 0.554574 0.719497 0.798112 0.601527 0.713122 0.941685 0.936792 0.599853 0.790247 0.935644 0.946066 0.950641 0.801061 0.611738 0.655822 0.545928 0.466830 0.480095 0.482647 0.756029 0.896358 0.897944 0.928624 0.940859 0.987363 0.779761 0.968546 0.504958 0.527713 0.440342 0.476185 0.438632 0.533660 0.610799 0.563086 0.472468 0.503963 0.603007 0.710730 0.674125 0.884601 0.788607 0.772561 0.665859 0.632216 0.554877 0.512841 0.482705 0.563833 0.850494 0.777509 0.613548 0.607224 0.967807 0.695605 0.683967 0.738459 0.634623 0.666047 0.785880 0.905452 0.573520 0.796951 0.775349 0.833421 0.712458 0.828335 0.796772 0.949471 0.744988 0.817260 0.997935 0.777080 0.847433 0.725240 0.734017 0.881195 0.852633 0.923840 0.780927 0.808520 0.810838 0.760030 0.498361 0.409096 0.653856 0.791794 0.662803 0.762728 0.636939 0.717293 0.807932 0.983276 0.999263 0.814365 0.676393 0.567742 0.496420 0.678627 0.826550 0.892074
0.948537 0.866976 0.849080 0.942616 0.904462 0.745305 0.609322 0.828024 0.000000 0.645609 0.723894 0.940219 0.695731 0.916076 0.758830 0.961746 0.973847 0.894166 0.974154 0.890639 0.927739 0.935306 0.844525 0.783766 0.766566 0.964607 0.923625 0.935504 0.971378 0.991721 0.812227 0.918395 0.792881 0.855548 0.927282 0.904222 0.843531 0.786260 0.782204 0.787429 0.829308 0.874752 0.938444 0.990094 0.944294 0.995957 0.937671 0.988034 0.947003 0.922091 0.917193 0.855194 0.857024 0.850407 0.897037 0.945749 0.851847 0.865675 0.694924 0.789956 0.640548 0.803506 0.806051 0.788475 0.968403 0.906212 0.747398 0.934267 0.957188 0.856811 0.763424 0.668802 0.740490 0.600423 0.832671 0.902080 0.725289 0.911386 0.988073 0.914714 0.971882 0.829421 0.711567 0.759144 0.864740 0.714940 0.939446 0.815992 0.714878 0.948985 0.607450 0.511637 0.626577 0.624152 0.704867 0.952219 0.856600 0.915400 0.645414 0.667014 0.657676 0.757150 0.617698 0.560721 0.909202 0.851679 0.996135 0.773802 0.998485 0.802169 0.847632 0.751535 0.942156 0.842857 0.905412 0.902322
0.683266 0.741484 0.931448 0.902190 0.881921 0.914145 0.542178 0.588535 0.645609 0.000000 0.659038 0.644260 0.584471 0.738402 0.543956 0.702594 0.647335 0.659680 0.548564 0.683355 0.923705 0.887087 0.492853 0.928452 0.554276 0.688375 0.830921 0.975283 0.488653 0.497469 0.605116 0.640056 0.480828 0.554406 0.780322 0.966225 0.932616 0.941524 0.841284 0.708226 0.979032 0.809708 0.913514 0.840423 0.654795 0.701596 0.770029 0.826454 0.576135 0.639918 0.642628 0.678283 0.724931 0.874961 0.918794 0.983510 0.761681 0.692327 0.611168 0.735575 0.692906 0.815327 0.472900 0.425142 0.608659 0.594145 0.989866 0.891256 0.717982 0.532326 0.774000 0.829814 0.676180 0.684040 0.702539 0.890005 0.734785 0.906794 0.660776 0.715603 0.593116 0.814482 0.860057 0.932080 0.932745 0.681832 0.987453 0.960677 0.805833 0.974628 0.935150 0.790061 0.979290 0.858446 0.930566 0.921590 0.870486 0.844332 0.657692 0.643948 0.868602 0.840557 0.713659 0.607442 0.935051 0.866217 0.920839 0.993765 0.924214 0.907036 0.820087 0.835592 0.726228 0.799606 0.966343 0.855851
0.455837 0.742270 0.941390 0.859096 0.745773 0.781062 0.731708 0.767740 0.723894 0.659038 0.000000 0.589519 0.418574 0.773512 0.793325 0.885928 0.708177 0.725380 0.680111 0.675788 0.997946 0.934935 0.763774 0.900428 0.721181 0.807364 0.993934 0.955422 0.708887 0.791680 0.920074 0.913814 0.673749 0.852569 0.902961 0.985964 0.773350 0.952569 0.964571 0.757990 0.813584 0.865099 0.788981 0.866308 0.942129 0.961425 0.916779 0.964567 0.850147 0.939022 0.991005 0.937903 0.939242 0.721462 0.925962 0.969290 0.721393 0.695504 0.459124 0.538765 0.501278 0.681510 0.490612 0.472160 0.862632 0.846308 0.944060 0.897385 0.644422 0.586009 0.837496 0.894740 0.880293 0.979178 0.752241 0.944635 0.858924 0.888750 0.995957 0.761429 0.658681 0.717291 0.919205 0.921642 0.807783 0.810879 0.983939 0.961841 0.620276 0.724696 0.911594 0.975154 0.978542 0.963582 0.934902 0.889869 0.958840 0.979184 0.749999 0.844740 0.953076 0.982343 0.718714 0.783448 0.840416 0.908233 0.858218 0.896090 0.949680 0.727741 0.993264 0.823413 0.870293 0.952397 0.905043 0.937307
0.360599 0.390105 0.855944 0.953440 0.659555 0.933066 0.879043 0.566916 0.940219 0.644260 0.589519 0.000000 0.396964 0.373964 0.521467 0.480092 0.504607 0.493277 0.450894 0.450822 0.949416 0.976186 0.564664 0.800048 0.782510 0.649274 0.929017 0.784167 0.456767 0.567726 0.991353 0.866278 0.732003 0.800352 0.894788 0.855158 0.746505 0.979722 0.961767 0.949225 0.948607 0.942472 0.977975 0.913010 0.857064 0.741950 0.690070 0.753958 0.476892 0.620925 0.784819 0.844872 0.952594 0.735909 0.724895 0.904704 0.450520 0.432561 0.606463 0.602517 0.716445 0.445709 0.533864 0.451603 0.897267 0.923616 0.849567 0.827488 0.544697 0.480133 0.974249 0.896916 0.973866 0.999833 0.815008 0.982257 0.871424 0.791627 0.850762 0.776152 0.514370 0.539735 0.598800 0.720953 0.447610 0.859553 0.747349 0.641600 0.725662 0.575179 0.823538 0.766440 0.724327 0.644001 0.913208 0.943929 0.891432 0.944765 0.886851 0.767559 0.955299 0.763239 0.995346 0.996333 0.953480 0.979789 0.942664 0.731008 0.890502 0.920154 0.917559 0.777410 0.769191 0.927615 0.965943 0.796423
0.424913 0.689866 0.821785 0.975388 0.682722 0.830946 0.558268 0.514965 0.695731 0.584471 0.418574 0.396964 0.000000 0.483206 0.520519 0.573075 0.653834 0.731411 0.495971 0.545488 0.993843 0.859271 0.489972 0.869317 0.743910 0.754993 0.937884 0.956587 0.565437 0.637246 0.710363 0.706704 0.531484 0.661825 0.959632 0.944525 0.781914 0.897470 0.969936 0.891964 0.969495 0.953968 0.981416 0.953886 0.826279 0.824394 0.727317 0.823526 0.733594 0.771259 0.787420 0.853892 0.872956 0.915618 0.736446 0.986380 0.644698 0.644833 0.483325 0.576757 0.458430 0.519342 0.447264 0.422843 0.915485 0.916484 0.876921 0.987857 0.598111 0.574138 0.685163 0.856805 0.743255 0.820137 0.764248 0.951457 0.814997 0.978115 0.911900 0.908001 0.631571 0.717020 0.795256 0.870889 0.644909 0.948353 0.790713 0.794912 0.606436 0.652445 0.873426 0.970557 0.993123 0.870642 0.916407 0.973750 0.921533 0.890515 0.632481 0.649127 0.768867 0.999225 0.702335 0.751527 0.757374 0.804716 0.852903 0.817243 0.944092 0.746184 0.794592 0.713194 0.729944 0.904020 0.897054 0.841476
0.532946 0.451316 0.944522 0.780083 0.657789 0.990330 0.782773 0.437455 0.916076 0.738402 0.773512 0.373964 0.483206 0.000000 0.532527 0.380499 0.583867 0.543681 0.423041 0.414875 0.958951 0.971583 0.484479 0.556894 0.970397 0.818756 0.936302 0.823305 0.528723 0.528172 0.809270 0.607492 0.661594 0.670349 0.996284 0.990321 0.848555 0.982783 0.829896 0.829401 0.864319 0.971544 0.655939 0.646225 0.634911 0.569667 0.490174 0.556216 0.497667 0.539252 0.583447 0.648630 0.704292 0.960396 0.628868 0.885833 0.496868 0.553961 0.870465 0.802599 0.823890 0.569285 0.635155 0.617581 0.974718 0.908099 0.945058 0.978674 0.763858 0.631593 0.951790 0.881057 0.833902 0.932651 0.834763 0.945740 0.768496 0.947988 0.866269 0.744077 0.570040 0.535034 0.508458 0.702699 0.426207 0.625404 0.846117 0.534086 0.937223 0.676437 0.843014 0.668687 0.765440 0.561249 0.912580 0.880422 0.964999 0.882961 0.861190 0.719518 0.952955 0.807935 0.970862 0.986689 0.869960 0.943729 0.791289 0.763784 0.976165 0.862928 0.903470 0.745395 0.635606 0.825038 0.965123 0.814048
0.621600 0.664166 0.987608 0.951003 0.671629 0.953103 0.763035 0.700533 0.758830 0.543956 0.793325 0.521467 0.520519 0.532527 0.000000 0.463078 0.573668 0.609981 0.474470 0.512651 0.884948 0.931744 0.421060 0.773397 0.826056 0.687499 0.869483 0.993091 0.564187 0.517954 0.717876 0.693798 0.623351 0.660949 0.928148 0.923760 0.796598 0.891614 0.933760 0.883120 0.910706 0.981934 0.897417 0.845358 0.758136 0.707569 0.748317 0.700800 0.643066 0.619675 0.675736 0.673926 0.712280 0.918240 0.810587 0.973632 0.637208 0.666362 0.825908 0.890668 0.870587 0.726654 0.687625 0.587575 0.837617 0.775577 0.894583 0.794991 0.586918 0.615879 0.842860 0.986899 0.739093 0.773971 0.733827 0.969346 0.779607 0.926681 0.813819 0.764036 0.618287 0.665566 0.668956 0.795907 0.597905 0.992266 0.711488 0.740389 0.752245 0.844642 0.904967 0.968518 0.837031 0.746475 0.799737 0.869858 0.893058 0.817749 0.855272 0.746045 0.939333 0.839219 0.861729 0.739035 0.913656 0.926656 0.930083 0.810940 0.885448 0.818512 0.883664 0.763797 0.757076 0.755623 0.885592 0.999473
0.692539 0.594789 0.968369 0.808045 0.649775 0.955113 0.852409 0.554574 0.961746 0.702594 0.885928 0.480092 0.573075 0.380499 0.463078 0.000000 0.662877 0.637990 0.558137 0.573767 0.972762 0.961010 0.430363 0.451536 0.974768 0.819513 0.935336 0.837749 0.609962 0.601125 0.874411 0.693441 0.781879 0.835994 0.920008 0.834046 0.948529 0.890513 0.887953 0.995387 0.930851 0.960250 0.815031 0.785959 0.724182 0.642501 0.671736 0.735216 0.547775 0.607280 0.711327 0.710241 0.775216 0.968922 0.720247 0.923862 0.679400 0.669646 0.999132 0.979638 0.983845 0.610736 0.837705 0.780217 0.993349 0.932737 0.892082 0.903493 0.853181 0.733815 0.936788 0.968694 0.897624 0.875453 0.764800 0.941841 0.789856 0.949478 0.905754 0.794924 0.689549 0.675237 0.564595 0.739811 0.512359 0.638369 0.721152 0.571864 0.963349 0.766324 0.800123 0.805099 0.845741 0.639639 0.885238 0.897526 0.992439 0.847231 0.957461 0.820036 0.982031 0.736439 0.868716 0.918034 0.904844 0.999069 0.922547 0.753323 0.842871 0.992478 0.942236 0.826977 0.769330 0.863456 0.968442 0.848061
0.488567 0.393027 0.851631 0.924386 0.682652 0.890360 0.920658 0.719497 0.973847 0.647335 0.708177 0.504607 0.653834 0.583867 0.573668 0.662877 0.000000 0.339317 0.414844 0.424454 0.894890 0.996876 0.614652 0.848981 0.829845 0.613007 0.899636 0.935154 0.397900 0.378616 0.838440 0.733497 0.654197 0.678759 0.881028 0.907990 0.772762 0.933526 0.981794 0.873414 0.860392 0.892374 0.905903 0.834829 0.745806 0.648634 0.657727 0.706738 0.476257 0.560545 0.666901 0.782394 0.850305 0.886178 0.667356 0.869848 0.353415 0.375542 0.833502 0.772483 0.945892 0.793064 0.560381 0.461504 0.763835 0.709215 0.774582 0.773527 0.606898 0.425046 0.954382 0.851636 0.954312 0.953304 0.745138 0.964275 0.858406 0.863973 0.558998 0.606484 0.328374 0.404873 0.522521 0.515130 0.533684 0.938214 0.883673 0.717955 0.745466 0.780830 0.700516 0.732435 0.583738 0.580829 0.855715 0.971344 0.933804 0.984248 0.987769 0.858656 0.872262 0.764156 0.985927 0.831990 0.937310 0.978814 0.980817 0.609140 0.948427 0.977766 0.964435 0.899042 0.710128 0.810806 0.828485 0.859715
0.445104 0.321360 0.719578 0.881921 0.725466 0.826582 0.958474 0.798112 0.894166 0.659680 0.725380 0.493277 0.731411 0.543681 0.609981 0.637990 0.339317 0.000000 0.380242 0.397014 0.929186 0.969823 0.617812 0.821273 0.880262 0.587990 0.870718 0.891275 0.428811 0.382560 0.965708 0.808706 0.725670 0.743547 0.697533 0.966917 0.718538 0.882877 0.938200 0.865906 0.861017 0.898192 0.954611 0.844447 0.821272 0.693193 0.655151 0.736290 0.441854 0.568880 0.697909 0.785114 0.833779 0.827878 0.703369 0.840667 0.320179 0.328982 0.867395 0.796685 0.936020 0.890911 0.600122 0.508045 0.715138 0.674288 0.627541 0.671312 0.549844 0.466404 0.907194 0.795186 0.995782 0.929722 0.856256 0.966640 0.885573 0.816943 0.608428 0.505346 0.331935 0.327504 0.425082 0.499424 0.487455 0.860340 0.929554 0.680633 0.777707 0.774834 0.601047 0.641668 0.518679 0.478317 0.873412 0.981499 0.857745 0.930824 0.937510 0.989773 0.664492 0.690067 0.878650 0.974981 0.879141 0.959078 0.971754 0.617948 0.933770 0.995672 0.920616 0.949896 0.709422 0.846942 0.933748 0.919931
0.377631 0.435571 0.966537 0.978368 0.694477 0.883865 0.778010 0.601527 0.974154 0.548564 0.680111 0.450894 0.495971 0.423041 0.474470 0.558137 0.414844 0.380242 0.000000 0.330474 0.965619 0.912254 0.391227 0.778641 0.777256 0.555562 0.992824 0.995411 0.379030 0.373904 0.746992 0.651505 0.525935 0.621710 0.875096 0.983910 0.721876 0.953168 0.980084 0.977641 0.951669 0.922821 0.869560 0.838674 0.755029 0.687740 0.589621 0.713036 0.509212 0.608197 0.646072 0.757126 0.756926 0.958655 0.708053 0.968379 0.333069 0.386522 0.738040 0.782144 0.855943 0.810503 0.496234 0.439011 0.741636 0.673282 0.809027 0.763313 0.465171 0.454319 0.854819 0.983215 0.743413 0.929516 0.879407 0.905949 0.837799 0.961992 0.737813 0.678381 0.431909 0.436668 0.481970 0.638330 0.515751 0.962434 0.889444 0.709012 0.743832 0.754571 0.837370 0.851125 0.704668 0.605599 0.999977 0.933535 0.974275 0.845242 0.795109 0.765826 0.909369 0.826226 0.891639 0.783689 0.970027 0.858718 0.975553 0.689292 0.905090 0.892996 0.889176 0.804322 0.581739 0.767143 0.993508 0.917756
0.394284 0.396573 0.867652 0.968588 0.646752 0.823083 0.964571 0.713122 0.890639 0.683355 0.675788 0.450822 0.545488 0.414875 0.512651 0.573767 0.424454 0.397014 0.330474 0.000000 0.916702 0.944924 0.462658 0.714152 0.786176 0.573307 0.965563 0.905722 0.446733 0.431331 0.881295 0.790713 0.665253 0.790472 0.840287 0.947122 0.788309 0.958570 0.909666 0.934789 0.975803 0.786881 0.901340 0.877924 0.808359 0.738350 0.655947 0.703840 0.515970 0.575172 0.690829 0.795019 0.787619 0.902308 0.673648 0.949145 0.311633 0.370062 0.781833 0.809313 0.961006 0.804945 0.638166 0.548639 0.725464 0.682815 0.735456 0.702559 0.436700 0.487209 0.972670 0.807346 0.838490 0.923628 0.824574 0.976798 0.830888 0.880754 0.772036 0.749565 0.495716 0.448499 0.511974 0.589215 0.524386 0.933293 0.886881 0.707309 0.772092 0.692288 0.731948 0.727202 0.654965 0.537303 0.958814 0.979201 0.988472 0.843402 0.942033 0.879719 0.841531 0.791040 0.996916 0.898503 0.993538 0.937199 0.988430 0.789043 0.981022 0.856300 0.935149 0.882839 0.710558 0.816003 0.981870 0.958682
0.988411 0.909579 0.810776 0.819709 0.911564 0.730844 0.877552 0.941685 0.927739 0.923705 0.997946 0.949416 0.993843 0.958951 0.884948 0.972762 0.894890 0.929186 0.965619 0.916702 0.000000 0.992248 0.986761 0.897611 0.790112 0.737020 0.954348 0.942627 0.879157 0.858063 0.832309 0.896584 0.978443 0.956670 0.841004 0.973954 0.835458 0.959234 0.803339 0.818545 0.831942 0.918611 0.999543 0.955838 0.903119 0.905618 0.947447 0.888078 0.847290 0.717522 0.954676 0.951358 0.999194 0.947668 0.957974 0.996962 0.912777 0.904104 0.933541 0.960189 0.938047 0.906495 0.959537 0.909125 0.905209 0.797054 0.925751 0.886926 0.928657 0.880142 0.836416 0.889228 0.904373 0.845345 0.953555 0.790661 0.818230 0.999558 0.985901 0.945696 0.990783 0.920350 0.981490 0.995413 0.990625 0.880737 0.842898 0.863750 0.838200 0.896252 0.931751 0.878719 0.935242 0.871268 0.819694 0.967277 0.931931 0.808417 0.928154 0.828765 0.970814 0.895066 0.901974 0.911581 0.958305 0.903156 0.769851 0.925701 0.943415 0.848176 0.985972 0.834963 0.961954 0.849217 0.964536 0.874731
0.985190 0.959966 0.810438 0.825508 0.916969 0.960801 0.772996 0.936792 0.935306 0.887087 0.934935 0.976186 0.859271 0.971583 0.931744 0.961010 0.996876 0.969823 0.912254 0.944924 0.992248 0.000000 0.882696 0.963549 0.951893 0.866351 0.823983 0.956421 0.915807 0.803733 0.699435 0.882368 0.721954 0.767309 0.992767 0.784381 0.755145 0.762011 0.960245 0.928110 0.943965 0.868955 0.939583 0.969296 0.901972 0.960961 0.918885 0.894396 0.894881 0.976309 0.786752 0.855713 0.758013 0.767318 0.958419 0.829398 0.974050 0.971322 0.942714 0.988028 0.947415 0.898316 0.848050 0.905921 0.925421 0.907286 0.867871 0.984422 0.868610 0.938432 0.791182 0.896659 0.915909 0.830234 0.912338 0.967033 0.835874 0.753715 0.786524 0.998504 0.885831 0.915784 0.992171 0.960928 0.936159 0.874863 0.905134 0.882085 0.998890 0.990438 0.835877 0.831958 0.896492 0.918284 0.944787 0.982350 0.857669 0.896853 0.857836 0.920213 0.831290 0.894830 0.698554 0.780766 0.880271 0.778400 0.931576 0.854612 0.886902 0.826358 0.773571 0.958845 0.906303 0.858304 0.918164 0.882207
0.576337 0.700274 0.837884 0.849644 0.627329 0.963556 0.641756 0.599853 0.844525 0.492853 0.763774 0.564664 0.489972 0.484479 0.421060 0.430363 0.614652 0.617812 0.391227 0.462658 0.986761 0.882696 0.000000 0.577691 0.839821 0.734656 0.940569 0.969114 0.521285 0.489059 0.617860 0.590421 0.510656 0.655113 0.912622 0.965837 0.880066 0.975545 0.944217 0.825868 0.931121 0.909366 0.954017 0.943778 0.767079 0.769827 0.753508 0.814483 0.660144 0.690416 0.716096 0.755322 0.704349 0.923239 0.837420 0.819417 0.598832 0.639334 0.871135 0.951172 0.882961 0.817120 0.667689 0.620397 0.833654 0.775899 0.938905 0.819985 0.590055 0.625980 0.674622 0.884125 0.617024 0.769681 0.817805 0.929183 0.795994 0.908553 0.822022 0.787754 0.601129 0.600329 0.639234 0.735337 0.588428 0.946561 0.797787 0.688028 0.845752 0.852937 0.972172 0.997846 0.940958 0.722305 0.844483 0.909232 0.862784 0.920000 0.829537 0.814765 0.948540 0.940245 0.975659 0.744494 0.912783 0.833669 0.987793 0.860374 0.942372 0.911657 0.861362 0.918113 0.658989 0.853245 0.888641 0.875255
0.942525 0.841420 0.881190 0.606756 0.641806 0.978194 0.995970 0.790247 0.783766 0.928452 0.900428 0.800048 0.869317 0.556894 0.773397 0.451536 0.848981 0.821273 0.778641 0.714152 0.897611 0.963549 0.577691 0.000000 0.628010 0.874754 0.777112 0.888670 0.931542 0.850741 0.954508 0.774497 0.958898 0.980951 0.894622 0.931668 0.996873 0.851052 0.740914 0.868350 0.814345 0.772821 0.854292 0.881018 0.847660 0.801134 0.773150 0.867234 0.825533 0.813693 0.882567 0.889873 0.833833 0.941546 0.785331 0.972425 0.801516 0.878232 0.734245 0.793525 0.794045 0.888145 0.869584 0.865613 0.781681 0.763605 0.998163 0.983011 0.991027 0.983867 0.915396 0.937467 0.964596 0.907112 0.943065 0.970247 0.846325 0.947729 0.962849 0.921912 0.891850 0.746141 0.680101 0.673059 0.571622 0.473118 0.770927 0.525529 0.953378 0.823944 0.859313 0.735773 0.939733 0.739664 0.921268 0.892840 0.976032 0.982493 0.882896 0.983274 0.826746 0.791705 0.717222 0.770942 0.935317 0.982042 0.851158 0.873512 0.943729 0.940469 0.948619 0.956970 0.861696 0.997158 0.837826 0.920283
0.713385 0.872531 0.854935 0.586153 0.904723 0.926007 0.805774 0.935644 0.766566 0.554276 0.721181 0.782510 0.743910 0.970397 0.826056 0.974768 0.829845 0.880262 0.777256 0.786176 0.790112 0.951893 0.839821 0.628010 0.000000 0.492400 0.770052 0.871406 0.578999 0.704504 0.893381 0.961856 0.776613 0.839061 0.744552 0.901630 0.904023 0.988761 0.716300 0.726411 0.854134 0.768045 0.805272 0.855130 0.984617 0.958695 0.787435 0.876876 0.822951 0.942413 0.952041 0.890548 0.819099 0.841221 0.849554 0.798784 0.869898 0.724652 0.553385 0.707634 0.678028 0.901999 0.671404 0.567783 0.514191 0.494252 0.871110 0.810612 0.641963 0.614353 0.920573 0.952297 0.920628 0.989325 0.934173 0.960809 0.952781 0.958056 0.829717 0.915163 0.905066 0.945111 0.900159 0.986047 0.793702 0.409628 0.911878 0.820177 0.842614 0.964049 0.951465 0.788779 0.876749 0.975521 0.929261 0.955750 0.995049 0.895836 0.810899 0.885745 0.885216 0.844112 0.800432 0.676856 0.946240 0.925548 0.859597 0.934652 0.907360 0.936560 0.947487 0.951015 0.966283 0.993910 0.902898 0.916011
0.522770 0.570156 0.603505 0.460167 0.791027 0.738642 0.879602 0.946066 0.964607 0.688375 0.807364 0.649274 0.754993 0.818756 0.687499 0.819513 0.613007 0.587990 0.555562 0.573307 0.737020 0.866351 0.734656 0.874754 0.492400 0.000000 0.981125 0.922178 0.523413 0.587235 0.853674 0.901466 0.936231 0.974889 0.553486 0.747628 0.923058 0.913421 0.804850 0.858430 0.828213 0.896015 0.751076 0.835863 0.892983 0.965345 0.884524 0.923818 0.662858 0.837966 0.923113 0.862837 0.813334 0.642264 0.969680 0.914967 0.542487 0.480089 0.732990 0.808627 0.962848 0.921733 0.759521 0.563230 0.447812 0.419794 0.515000 0.485684 0.571974 0.572592 0.815353 0.809008 0.904019 0.855207 0.957240 0.995224 0.842472 0.719252 0.860921 0.979171 0.675479 0.741523 0.785399 0.814093 0.874822 0.700849 0.913042 0.926031 0.833508 0.964816 0.605905 0.848286 0.580628 0.654470 0.718387 0.983428 0.824678 0.996507 0.966941 0.909847 0.845111 0.765464 0.910914 0.914150 0.709812 0.858083 0.819298 0.778037 0.913324 0.942112 0.810448 0.915953 0.978693 0.979308 0.838803 0.937335
0.930022 0.877344 0.848455 0.934086 0.721180 0.896015 0.779811 0.950641 0.923625 0.830921 0.993934 0.929017 0.937884 0.936302 0.869483 0.935336 0.899636 0.870718 0.992824 0.965563 0.954348 0.823983 0.940569 0.777112 0.770052 0.981125 0.000000 0.817710 0.915451 0.905171 0.789437 0.805468 0.846319 0.773140 0.887051 0.946462 0.901612 0.934643 0.900630 0.861883 0.991808 0.937285 0.887062 0.831804 0.878259 0.943927 0.976009 0.887505 0.873253 0.907066 0.927158 0.943967 0.939527 0.802801 0.969075 0.989202 0.839235 0.912754 0.856374 0.923111 0.738761 0.932541 0.814158 0.869792 0.895806 0.905589 0.857509 0.809204 0.997020 0.992251 0.891204 0.830861 0.866753 0.862316 0.990761 0.919414 0.963222 0.759473 0.883830 0.967072 0.963549 0.838019 0.782432 0.851429 0.776077 0.706037 0.860242 0.807363 0.963515 0.907924 0.981755 0.896000 0.980491 0.987060 0.863273 0.849497 0.915965 0.917866 0.852223 0.859719 0.900131 0.889099 0.672271 0.806426 0.960303 0.876013 0.866434 0.888510 0.692709 0.966706 0.906282 0.908392 0.982938 0.753805 0.940521 0.995753
0.940752 0.785089 0.931139 0.879541 0.837496 0.902816 0.889115 0.801061 0.935504 0.975283 0.955422 0.784167 0.956587 0.823305 0.993091 0.837749 0.935154 0.891275 0.995411 0.905722 0.942627 0.956421 0.969114 0.888670 0.871406 0.922178 0.817710 0.000000 0.997374 0.960919 0.892105 0.938793 0.894030 0.905790 0.971489 0.938306 0.961369 0.926625 0.893736 0.981191 0.989862 0.798989 0.871274 0.879496 0.924919 0.910782 0.877844 0.921088 0.822243 0.866341 0.911145 0.875330 0.963793 0.986415 0.998879 0.980234 0.931072 0.963605 0.999186 0.993065 0.939302 0.883623 0.998471 0.956136 0.988773 0.876972 0.995009 0.922404 0.950758 0.964838 0.978474 0.920889 0.971597 0.968383 0.909731 0.959100 0.778076 0.844690 0.984434 0.964758 0.962335 0.991083 0.924144 0.856521 0.958050 0.826559 0.871864 0.975255 0.921026 0.965338 0.932837 0.932931 0.959832 0.944371 0.891875 0.896361 0.967263 0.823728 0.978827 0.841040 0.902942 0.956670 0.910711 0.831082 0.949964 0.839979 0.927612 0.910288 0.947761 0.950527 0.897216 0.762236 0.893616 0.961620 0.893767 0.972076
0.466211 0.424192 0.824748 0.853282 0.772140 0.817769 0.788405 0.611738 0.971378 0.488653 0.708887 0.456767 0.565437 0.528723 0.564187 0.609962 0.397900 0.428811 0.379030 0.446733 0.879157 0.915807 0.521285 0.931542 0.578999 0.523413 0.915451 0.997374 0.000000 0.312647 0.706269 0.680812 0.540427 0.544133 0.799634 0.938194 0.742687 0.881773 0.931619 0.966587 0.949224 0.901164 0.891492 0.770637 0.712443 0.637972 0.714346 0.715711 0.454323 0.573016 0.653605 0.732157 0.833380 0.941778 0.742947 0.889343 0.441831 0.392165 0.662560 0.710564 0.814691 0.749788 0.466470 0.368020 0.609650 0.602794 0.761316 0.810359 0.575991 0.379381 0.997773 0.875613 0.842178 0.904425 0.882510 0.964124 0.868695 0.966213 0.594796 0.690082 0.414114 0.507075 0.564896 0.614422 0.640414 0.901116 0.972550 0.732887 0.796085 0.853285 0.751604 0.823969 0.597400 0.534449 0.954867 0.939815 0.897329 0.892463 0.818771 0.796602 0.916814 0.938119 0.892315 0.772021 0.933510 0.968574 0.982674 0.762015 0.824592 0.970266 0.979284 0.849274 0.654875 0.820634 0.960804 0.782063
0.574958 0.469464 0.890603 0.931339 0.778255 0.867414 0.785329 0.655822 0.991721 0.497469 0.791680 0.567726 0.637246 0.528172 0.517954 0.601125 0.378616 0.382560 0.373904 0.431331 0.858063 0.803733 0.489059 0.850741 0.704504 0.587235 0.905171 0.960919 0.312647 0.000000 0.660458 0.589030 0.531749 0.507675 0.760796 0.991634 0.804620 0.936906 0.963924 0.951299 0.960094 0.877719 0.854704 0.749219 0.665318 0.636244 0.695502 0.712791 0.509312 0.584070 0.604007 0.703598 0.744002 0.926556 0.765780 0.983661 0.477184 0.471034 0.878961 0.882793 0.917730 0.914239 0.517391 0.438896 0.576967 0.585445 0.741153 0.781287 0.667217 0.450999 0.943725 0.890038 0.800168 0.891904 0.829615 0.958478 0.846493 0.928910 0.472333 0.581304 0.376747 0.480685 0.531943 0.593059 0.689329 0.928455 0.970212 0.737959 0.885927 0.988714 0.686939 0.811555 0.551878 0.512237 0.946424 0.961321 0.920955 0.879049 0.901397 0.879901 0.900744 0.891447 0.924837 0.760360 0.914881 0.941223 0.954902 0.778954 0.899677 0.874702 0.995822 0.893554 0.598105 0.738522 0.988705 0.838617
0.968008 0.899136 0.582326 0.707240 0.981494 0.789205 0.367042 0.545928 0.812227 0.605116 0.920074 0.991353 0.710363 0.809270 0.717876 0.874411 0.838440 0.965708 0.746992 0.881295 0.832309 0.699435 0.617860 0.954508 0.893381 0.853674 0.789437 0.892105 0.706269 0.660458 0.000000 0.414690 0.414955 0.361288 0.780654 0.781769 0.960067 0.908440 0.967203 0.933492 0.882599 0.966391 0.637627 0.687545 0.587095 0.693241 0.725677 0.741310 0.946311 0.861037 0.552718 0.559851 0.548923 0.475809 0.900750 0.877814 0.956106 0.947071 0.863383 0.921118 0.697730 0.933880 0.561967 0.714980 0.919673 0.932770 0.706844 0.729039 0.975990 0.895426 0.480060 0.601141 0.440064 0.521981 0.894448 0.852561 0.752903 0.549966 0.694063 0.792195 0.795048 0.941233 0.964888 0.992639 0.955250 0.853673 0.862643 0.932555 0.923289 0.842028 0.655069 0.747259 0.831027 0.959572 0.695384 0.959884 0.744664 0.833739 0.563485 0.629774 0.709286 0.597446 0.569862 0.544663 0.756444 0.662833 0.938199 0.885463 0.981713 0.880868 0.689493 0.798771 0.629045 0.742611 0.811004 0.891219
0.917970 0.899536 0.563400 0.607438 0.922539 0.748281 0.467703 0.466830 0.918395 0.640056 0.913814 0.866278 0.706704 0.607492 0.693798 0.693441 0.733497 0.808706 0.651505 0.790713 0.896584 0.882368 0.590421 0.774497 0.961856 0.901466 0.805468 0.938793 0.680812 0.589030 0.414690 0.000000 0.455694 0.401415 0.791118 0.754681 0.895765 0.973530 0.946254 0.979780 0.874889 0.999913 0.578994 0.562556 0.529871 0.590772 0.541290 0.631320 0.832263 0.757342 0.529021 0.555620 0.524432 0.586453 0.761728 0.965584 0.877398 0.911888 0.985076 0.948243 0.762967 0.885636 0.593551 0.683968 0.977665 0.952321 0.741414 0.707315 0.975569 0.816274 0.590402 0.748861 0.585953 0.627386 0.805546 0.909109 0.785324 0.562886 0.668086 0.711697 0.637506 0.752301 0.786981 0.853574 0.829360 0.893296 0.939632 0.780144 0.970745 0.976936 0.863459 0.960125 0.970463 0.852411 0.769846 0.862074 0.840795 0.887888 0.702848 0.626957 0.844880 0.763183 0.711469 0.665568 0.777988 0.661350 0.802104 0.938314 0.961144 0.827731 0.772545 0.718755 0.506123 0.764956 0.764414 0.801628
0.674823 0.834361 0.594912 0.810236 0.836037 0.814873 0.387483 0.480095 0.792881 0.480828 0.673749 0.732003 0.531484 0.661594 0.623351 0.781879 0.654197 0.725670 0.525935 0.665253 0.978443 0.721954 0.510656 0.958898 0.776613 0.936231 0.846319 0.894030 0.540427 0.531749 0.414955 0.455694 0.000000 0.338691 0.848664 0.768595 0.799467 0.838779 0.971286 0.919632 0.941824 0.887595 0.713784 0.690314 0.547492 0.587712 0.601114 0.644363 0.759948 0.688840 0.502129 0.593515 0.548071 0.691149 0.729223 0.973267 0.745656 0.749896 0.672652 0.761745 0.596540 0.824502 0.416033 0.461230 0.937901 0.850736 0.701080 0.771661 0.757119 0.607892 0.575918 0.734460 0.558332 0.655949 0.761295 0.956363 0.661442 0.685888 0.688861 0.790498 0.591522 0.737644 0.861200 0.852766 0.815777 0.854517 0.954016 0.907618 0.769303 0.887901 0.794698 0.812891 0.948878 0.915776 0.786075 0.936506 0.734057 0.770966 0.528843 0.572335 0.782102 0.705042 0.594932 0.510945 0.694618 0.619951 0.989884 0.992693 0.985640 0.801531 0.707114 0.691610 0.460314 0.723199 0.783309 0.864142
0.813402 0.843823 0.668166 0.820603 0.962989 0.827135 0.415840 0.482647 0.855548 0.554406 0.852569 0.800352 0.661825 0.670349 0.660949 0.835994 0.678759 0.743547 0.621710 0.790472 0.956670 0.767309 0.655113 0.980951 0.839061 0.974889 0.773140 0.905790 0.544133 0.507675 0.361288 0.401415 0.338691 0.000000 0.867762 0.736897 0.818628 0.929139 0.983634 0.938513 0.931042 0.989243 0.596052 0.570864 0.494898 0.523794 0.582883 0.563355 0.749692 0.682222 0.483780 0.539784 0.575910 0.622184 0.727175 0.865084 0.810433 0.798701 0.757209 0.769336 0.618324 0.872494 0.427659 0.506460 0.955214 0.908548 0.750153 0.682716 0.914777 0.700545 0.695379 0.816966 0.656232 0.655470 0.825385 0.875467 0.765120 0.637658 0.610529 0.738864 0.585781 0.753419 0.806713 0.800690 0.839095 0.921302 0.900965 0.776925 0.883729 0.989239 0.876354 0.954191 0.935740 0.820586 0.766176 0.988181 0.901341 0.816050 0.610145 0.623041 0.802829 0.759186 0.604643 0.603827 0.799014 0.673413 0.874101 0.938685 0.952370 0.835118 0.806215 0.719571 0.489302 0.680494 0.700688 0.806888
0.859604 0.733737 0.560104 0.625405 0.951110 0.771643 0.696523 0.756029 0.927282 0.780322 0.902961 0.894788 0.959632 0.996284 0.928148 0.920008 0.881028 0.697533 0.875096 0.840287 0.841004 0.992767 0.912622 0.894622 0.744552 0.553486 0.887051 0.971489 0.799634 0.760796 0.780654 0.791118 0.848664 0.867762 0.000000 0.887413 0.992340 0.830808 0.912609 0.835785 0.917800 0.833722 0.705245 0.799571 0.795645 0.845106 0.786370 0.821764 0.762472 0.927382 0.866866 0.893172 0.822509 0.736230 0.815744 0.949123 0.847772 0.784077 0.962376 0.937393 0.767911 0.890870 0.953279 0.880993 0.565588 0.580742 0.418456 0.444641 0.869340 0.811215 0.743763 0.760086 0.846047 0.930297 0.952716 0.990949 0.792105 0.823732 0.899612 0.804711 0.838389 0.809023 0.809003 0.894306 0.990736 0.835138 0.955730 0.902029 0.945573 0.878964 0.604024 0.805494 0.651887 0.739175 0.679272 0.839558 0.702166 0.827251 0.751208 0.695170 0.655469 0.721572 0.783454 0.836192 0.588786 0.689544 0.895444 0.849759 0.999178 0.991866 0.793840 0.753530 0.889926 0.838224 0.765813 0.911142
0.926337 0.918941 0.772397 0.726621 0.873012 0.872525 0.815129 0.896358 0.904222 0.966225 0.985964 0.855158 0.944525 0.990321 0.923760 0.834046 0.907990 0.966917 0.983910 0.947122 0.973954 0.784381 0.965837 0.931668 0.901630 0.747628 0.946462 0.938306 0.938194 0.991634 0.781769 0.754681 0.768595 0.736897 0.887413 0.000000 0.931228 0.701385 0.821433 0.951995 0.980281 0.889623 0.805670 0.851925 0.828144 0.892751 0.830563 0.925851 0.940010 0.990862 0.847101 0.843888 0.717014 0.736850 0.959255 0.968811 0.963414 0.960104 0.950474 0.968033 0.951475 0.919562 0.926599 0.991494 0.848020 0.877890 0.728417 0.747343 0.981718 0.968346 0.829631 0.926755 0.913911 0.803741 0.935011 0.805774 0.839682 0.665145 0.950084 0.915115 0.972144 0.928234 0.989403 0.917830 0.940506 0.975012 0.871805 0.901928 0.822277 0.989316 0.795191 0.926830 0.844719 0.864650 0.986425 0.991176 0.804082 0.859722 0.799341 0.828176 0.980877 0.722300 0.807736 0.785630 0.765673 0.824191 0.779406 0.909577 0.928662 0.952961 0.889332 0.931708 0.676275 0.846323 0.822256 0.967626
0.742311 0.756001 0.990138 0.965806 0.868023 0.912693 0.924418 0.897944 0.843531 0.932616 0.773350 0.746505 0.781914 0.848555 0.796598 0.948529 0.772762 0.718538 0.721876 0.788309 0.835458 0.755145 0.880066 0.996873 0.904023 0.923058 0.901612 0.961369 0.742687 0.804620 0.960067 0.895765 0.799467 0.818628 0.992340 0.931228 0.000000 0.780386 0.995302 0.873357 0.890687 0.935939 0.924312 0.832918 0.948258 0.866247 0.796118 0.735991 0.883960 0.844557 0.793436 0.796466 0.808025 0.924121 0.851829 0.986958 0.720413 0.801547 0.830271 0.876496 0.917887 0.847687 0.799719 0.790649 0.923015 0.935727 0.991844 0.965303 0.669138 0.683421 0.981651 0.949579 0.989912 0.911215 0.995230 0.852508 0.859212 0.945605 0.876014 0.979153 0.823300 0.770099 0.942740 0.976381 0.758219 0.988304 0.866757 0.926009 0.692573 0.761339 0.936330 0.927059 0.972194 0.950516 0.888118 0.902481 0.962916 0.909725 0.815593 0.780665 0.979172 0.957661 0.740642 0.757102 0.998764 0.783980 0.839267 0.961577 0.807211 0.767926 0.748490 0.645181 0.845342 0.817453 0.735988 0.972320
0.944282 0.922313 0.786951 0.882011 0.948706 0.946034 0.852967 0.928624 0.786260 0.941524 0.952569 0.979722 0.897470 0.982783 0.891614 0.890513 0.933526 0.882877 0.953168 0.958570 0.959234 0.762011 0.975545 0.851052 0.988761 0.913421 0.934643 0.926625 0.881773 0.936906 0.908440 0.973530 0.838779 0.929139 0.830808 0.701385 0.780386 0.000000 0.959656 0.969932 0.981438 0.675147 0.922965 0.967145 0.949744 0.982031 0.950222 0.852357 0.856984 0.994547 0.872225 0.895017 0.809564 0.799096 0.976046 0.871309 0.993821 0.890452 0.970387 0.941065 0.868771 0.908683 0.903574 0.994184 0.860321 0.924967 0.798846 0.891064 0.843316 0.996029 0.793019 0.898102 0.790662 0.797590 0.928711 0.934583 0.910284 0.796632 0.893979 0.854986 0.951695 0.944925 0.781834 0.747308 0.979499 0.881751 0.970235 0.730231 0.882458 0.934122 0.775549 0.757777 0.791193 0.700233 0.940444 0.848380 0.802479 0.804618 0.811298 0.821906 0.716148 0.887137 0.713873 0.741130 0.916989 0.924943 0.991479 0.836979 0.945154 0.850915 0.814301 0.794195 0.800357 0.707164 0.724936 0.898772
