0.000000 0.210350 0.492319 0.708019 0.680546 0.988562 0.495720 0.568818 0.928930 0.814732 0.390913 0.307979 0.295193 0.481867 0.689010 0.699877 0.334339 0.369446 0.289117 0.312588 0.809577 0.986876 0.623124 0.740190 0.827494 0.962960 0.923318 0.983511 0.569743 0.490892 0.898954 0.975542 0.370268 0.376136 0.743157 0.873107 0.509791 0.750863 0.837570 0.840328 0.783851 0.993440 0.884799 0.842397 0.978114 0.864401 0.516735 0.507472 0.735622 0.502126 0.596322 0.527500 0.997598 0.761819 0.424759 0.573399 0.297999 0.227497 0.320764 0.351266 0.264406 0.349999 0.237315 0.246677 0.522235 0.586937 0.586448 0.784238 0.312257 0.264225 0.733406 0.999421 0.522222 0.717013 0.686906 0.790504 0.729638 0.813031 0.492817 0.507429 0.259319 0.284874 0.396660 0.364442 0.268875 0.397647 0.596797 0.659681 0.432543 0.493280 0.621798 0.497874 0.635969 0.519350 0.955498 0.874998 0.430101 0.973855 0.907217 0.974163 0.739305 0.852645 0.763970 0.778511 0.677925 0.639532 0.981273 0.954080 0.879273 0.601812 0.987634 0.750242 0.943525 0.844155 0.672108 0.782758
0.210350 0.000000 0.553662 0.678132 0.746222 0.958532 0.572815 0.528594 0.986530 0.788511 0.448601 0.244969 0.343913 0.453393 0.747517 0.683711 0.306232 0.333157 0.314291 0.285231 0.856312 0.939512 0.630621 0.680850 0.864830 0.930999 0.879082 0.965665 0.552628 0.480471 0.936515 0.989330 0.402946 0.417552 0.776719 0.934050 0.553282 0.717165 0.821292 0.808620 0.797936 0.937556 0.802825 0.791292 0.977791 0.894593 0.467589 0.543322 0.792758 0.551406 0.601107 0.532391 0.929883 0.739995 0.479705 0.600701 0.279004 0.202029 0.369793 0.373905 0.321229 0.344430 0.262496 0.234387 0.558512 0.542304 0.627495 0.779964 0.324294 0.277256 0.691155 0.996955 0.569592 0.746454 0.735250 0.759962 0.659127 0.704682 0.451567 0.457346 0.272705 0.294933 0.441455 0.409086 0.310988 0.389381 0.618923 0.697059 0.481881 0.508590 0.587883 0.514291 0.639675 0.490365 0.989202 0.855589 0.466804 0.963898 0.926167 0.955340 0.713444 0.812976 0.808480 0.786223 0.680191 0.607992 0.994215 0.995761 0.879647 0.585902 0.958964 0.745466 0.894256 0.877217 0.661040 0.835428
0.492319 0.553662 0.000000 0.331143 0.996767 0.848194 0.497750 0.586927 0.949475 0.645581 0.776084 0.708682 0.526087 0.696833 0.891640 0.759383 0.780349 0.867614 0.586235 0.699895 0.571295 0.986358 0.707322 0.489400 0.442172 0.501840 0.828274 0.769668 0.978601 0.976306 0.720358 0.991379 0.514176 0.516317 0.468118 0.939784 0.458279 0.731181 0.606982 0.733039 0.776811 0.965442 0.776158 0.793035 0.995669 0.846559 0.538400 0.495803 0.991416 0.623326 0.567925 0.476871 0.854708 0.950004 0.382598 0.509691 0.784079 0.663926 0.376806 0.431440 0.491566 0.642706 0.642310 0.733134 0.265207 0.424124 0.319786 0.423365 0.557760 0.522232 0.740667 0.892417 0.722384 0.814234 0.719486 0.843093 0.674479 0.952127 0.659335 0.770923 0.731414 0.718286 0.758903 0.675711 0.494711 0.326071 0.801252 0.989650 0.543696 0.587977 0.993498 0.725465 0.916650 0.857895 0.927087 0.797260 0.567216 0.757186 0.983165 0.952857 0.980100 0.898893 0.894324 0.939278 0.655771 0.467738 0.855678 0.808947 0.928415 0.776681 0.942706 0.878725 0.903338 0.871612 0.661171 0.976699
0.708019 0.678132 0.331143 0.000000 0.901530 0.733729 0.565027 0.437976 0.956592 0.652172 0.970885 0.764333 0.679390 0.705371 0.985211 0.729861 0.933352 0.990038 0.752023 0.815222 0.635484 0.948324 0.837813 0.415280 0.408702 0.437948 0.853708 0.744919 0.862129 0.865283 0.693341 0.893758 0.643160 0.590440 0.551216 0.727814 0.536154 0.668737 0.494273 0.590557 0.775676 0.918823 0.560093 0.649119 0.976257 0.795572 0.470770 0.448104 0.883391 0.736459 0.534857 0.498512 0.898672 0.960483 0.527142 0.526829 0.916971 0.811786 0.485976 0.526291 0.660741 0.708145 0.826047 0.877725 0.386008 0.342882 0.318064 0.313316 0.772444 0.691702 0.724732 0.912510 0.957133 0.944095 0.792725 0.837238 0.588112 0.768469 0.738663 0.862716 0.923371 0.908132 0.883824 0.807284 0.698010 0.330996 0.891601 0.835523 0.666871 0.644166 0.794280 0.937013 0.676303 0.963609 0.868688 0.726040 0.588930 0.783101 0.935051 0.905107 0.883671 0.933898 0.882440 0.855443 0.557445 0.384546 0.803527 0.659590 0.919963 0.800307 0.859306 0.856630 0.803870 0.814018 0.680838 0.966083
0.680546 0.746222 0.996767 0.901530 0.000000 0.901264 0.846994 0.943141 0.889855 0.957296 0.723709 0.752874 0.652806 0.759035 0.782406 0.733899 0.700978 0.753941 0.704374 0.814704 0.943244 0.943625 0.788916 0.978388 0.903281 0.832645 0.927575 0.988356 0.688399 0.733135 0.912929 0.985408 0.860577 0.824717 0.966231 0.821984 0.999231 0.983611 0.937503 0.934564 0.917627 0.801619 0.982738 0.997138 0.946837 0.916494 0.840632 0.813945 0.863461 0.851089 0.893263 0.895348 0.991418 0.966013 0.921941 0.998592 0.678920 0.776482 0.796788 0.885088 0.739676 0.811765 0.679047 0.678066 0.948174 0.979433 0.936375 0.857886 0.740835 0.753904 0.984670 0.843851 0.900712 0.907470 0.950263 0.969559 0.925579 0.974093 0.807268 0.882146 0.707029 0.763380 0.730438 0.806818 0.704500 0.896847 0.782591 0.784724 0.822225 0.846946 0.739663 0.901704 0.671784 0.795641 0.826468 0.961147 0.867391 0.740254 0.999876 0.991013 0.738519 0.969773 0.958286 0.827096 0.950963 0.931086 0.948030 0.835581 0.926593 0.991572 0.799409 0.835421 0.839202 0.910947 0.845791 0.945462
0.988562 0.958532 0.848194 0.733729 0.901264 0.000000 0.903329 0.798127 0.909065 0.917065 0.984466 0.942174 0.997209 0.992492 0.809981 0.997170 0.996187 0.989629 0.977005 0.993276 0.739192 0.927414 0.801638 0.974600 0.808994 0.653934 0.860264 0.612602 0.927237 0.929524 0.984501 0.989561 0.949091 0.834833 0.895869 0.845182 0.966724 0.913669 0.864751 0.597157 0.649774 0.918287 0.674464 0.698788 0.950315 0.863101 0.841948 0.788988 0.905570 0.971399 0.901166 0.928004 0.920365 0.907960 0.922641 0.756175 0.970470 0.993736 0.865726 0.899303 0.963360 0.946955 0.963354 0.933021 0.912467 0.678279 0.688229 0.609645 0.989226 0.893154 0.973502 0.986613 0.994439 0.934772 0.951074 0.970965 0.954608 0.824263 0.939836 0.815083 0.976004 0.949328 0.829953 0.932875 0.926875 0.817215 0.983834 0.823121 0.899102 0.884440 0.628968 0.816056 0.652100 0.777451 0.908116 0.691600 0.755199 0.686734 0.843483 0.767715 0.657329 0.933844 0.799841 0.813560 0.983188 0.766303 0.922556 0.875358 0.921252 0.974365 0.861759 0.912235 0.940458 0.998556 0.999599 0.788269
0.495720 0.572815 0.497750 0.565027 0.846994 0.903329 0.000000 0.366192 0.633437 0.825779 0.517897 0.552474 0.317675 0.340340 0.505789 0.485396 0.594738 0.599573 0.345813 0.498568 0.762931 0.963585 0.658935 0.700975 0.923884 0.942614 0.928612 0.991669 0.565073 0.616776 0.659435 0.652102 0.360486 0.303331 0.750894 0.986210 0.676085 0.772959 0.927732 0.873244 0.855253 0.909194 0.545763 0.451608 0.537293 0.431894 0.478038 0.324133 0.621569 0.476663 0.442871 0.500252 0.714365 0.834388 0.594427 0.582712 0.621341 0.638568 0.402582 0.570116 0.323894 0.487386 0.446796 0.523151 0.656808 0.649993 0.453183 0.549331 0.783035 0.627246 0.578928 0.706823 0.566734 0.584355 0.764876 0.692526 0.466067 0.653292 0.565244 0.626244 0.643548 0.712872 0.649158 0.692973 0.593329 0.525723 0.878236 0.925859 0.662152 0.759953 0.820662 0.944418 0.934933 0.962504 0.912441 0.886801 0.530593 0.872085 0.524050 0.586605 0.924941 0.763554 0.575301 0.558272 0.601282 0.670139 0.844476 0.728132 0.923285 0.671514 0.753435 0.541203 0.693612 0.570056 0.677525 0.671035
0.568818 0.528594 0.586927 0.437976 0.943141 0.798127 0.366192 0.000000 0.797978 0.920458 0.586140 0.433694 0.500839 0.386628 0.800433 0.558737 0.679904 0.679790 0.519315 0.581234 0.856259 0.919372 0.924594 0.704691 0.914061 0.895122 0.914556 0.969215 0.654548 0.666544 0.844472 0.794127 0.557269 0.421978 0.920633 0.948071 0.656347 0.669450 0.762477 0.735692 0.925418 0.871809 0.476028 0.480859 0.726270 0.499066 0.375386 0.334948 0.665804 0.550524 0.356134 0.426429 0.811150 0.979918 0.565545 0.554870 0.669575 0.619046 0.427480 0.504862 0.403806 0.346742 0.545043 0.539234 0.731765 0.437647 0.498018 0.501270 0.777261 0.593291 0.792159 0.900797 0.752396 0.760827 0.791426 0.725874 0.512190 0.616089 0.647454 0.686480 0.700573 0.753695 0.702494 0.745295 0.736829 0.466228 0.865848 0.905001 0.732329 0.759569 0.838262 0.982514 0.897758 0.875714 0.949751 0.724186 0.514007 0.817468 0.580984 0.597198 0.764284 0.911350 0.652341 0.601239 0.603329 0.532729 0.795553 0.677204 0.869042 0.695989 0.741177 0.564584 0.636845 0.632185 0.647818 0.734193
0.928930 0.986530 0.949475 0.956592 0.889855 0.909065 0.633437 0.797978 0.000000 0.533297 0.879445 0.953444 0.740103 0.720004 0.585974 0.685473 0.901983 0.939143 0.789809 0.967905 0.979677 0.960427 0.816657 0.992451 0.752749 0.765855 0.881039 0.830894 0.710583 0.812833 0.875069 0.903667 0.852984 0.836171 0.895382 0.755147 0.982343 0.972729 0.805722 0.887710 0.821773 0.903545 0.879649 0.733948 0.515750 0.523671 0.835757 0.810791 0.574739 0.695112 0.723453 0.808251 0.532000 0.588572 0.995970 0.999826 0.957189 0.975583 0.872774 0.974188 0.744766 0.792689 0.803073 0.833932 0.982642 0.846192 0.977009 0.968172 0.825674 0.986098 0.982948 0.920034 0.856585 0.875188 0.895373 0.883228 0.866465 0.889451 0.919796 0.980424 0.987812 0.909418 0.894218 0.931254 0.999588 0.933081 0.996299 0.897681 0.984111 0.915215 0.970732 0.858467 0.759072 0.982980 0.909565 0.983560 0.994101 0.926363 0.708720 0.755716 0.959618 0.809239 0.851131 0.758750 0.981727 0.994966 0.793000 0.909174 0.873165 0.935462 0.849062 0.766432 0.839426 0.773174 0.876136 0.704255
0.814732 0.788511 0.645581 0.652172 0.957296 0.917065 0.825779 0.920458 0.533297 0.000000 0.936734 0.944376 0.989116 0.886654 0.646693 0.755227 0.936696 0.990391 0.997776 0.902245 0.841463 0.970293 0.988182 0.650414 0.450722 0.568970 0.684767 0.725731 0.655073 0.768972 0.910273 0.745403 0.913241 0.990974 0.620321 0.918630 0.782794 0.877642 0.553294 0.643604 0.777642 0.975779 0.833417 0.711021 0.419101 0.489658 0.936777 0.951437 0.450403 0.780745 0.830184 0.974951 0.553306 0.465399 0.712217 0.739557 0.921617 0.839923 0.875433 0.836194 0.951996 0.943759 0.992367 0.943780 0.531445 0.561130 0.704017 0.699974 0.632492 0.822712 0.926106 0.831941 0.843432 0.762323 0.959791 0.860089 0.879778 0.917363 0.933887 0.944581 0.863963 0.724607 0.908502 0.735463 0.666338 0.548102 0.889750 0.934662 0.739499 0.720890 0.819190 0.596668 0.916267 0.775263 0.986255 0.909713 0.818999 0.962526 0.560086 0.522699 0.801858 0.750974 0.712777 0.764511 0.915389 0.754928 0.886490 0.848513 0.849906 0.928321 0.799107 0.761229 0.701326 0.717698 0.931313 0.842696
0.390913 0.448601 0.776084 0.970885 0.723709 0.984466 0.517897 0.586140 0.879445 0.936734 0.000000 0.327659 0.428843 0.521039 0.699090 0.742352 0.389930 0.374730 0.390819 0.362257 0.949072 0.951847 0.903211 0.915953 0.813397 0.737422 0.855528 0.842805 0.461351 0.373719 0.935767 0.943118 0.537613 0.438728 0.922494 0.735291 0.791862 0.874898 0.887098 0.993289 0.869812 0.915798 0.917068 0.869984 0.873248 0.804938 0.741139 0.619792 0.664593 0.683198 0.757890 0.787948 0.870560 0.753117 0.711895 0.715943 0.421688 0.414880 0.561393 0.616673 0.375534 0.420307 0.347507 0.354448 0.884674 0.747851 0.803200 0.886488 0.569825 0.497926 0.848062 0.966042 0.518611 0.609137 0.700384 0.847684 0.800728 0.833213 0.614074 0.521343 0.366501 0.389785 0.577448 0.544811 0.591991 0.696117 0.781760 0.814437 0.723058 0.756130 0.805028 0.723203 0.750698 0.637827 0.832482 0.997737 0.625937 0.929039 0.769102 0.925187 0.959459 0.956357 0.678174 0.715985 0.868911 0.887761 0.850365 0.908560 0.851638 0.723938 0.936629 0.741997 0.930748 0.790712 0.761803 0.715814
0.307979 0.244969 0.708682 0.764333 0.752874 0.942174 0.552474 0.433694 0.953444 0.944376 0.327659 0.000000 0.398933 0.404229 0.764408 0.670392 0.323070 0.328538 0.347272 0.308740 0.971494 0.898416 0.801892 0.851946 0.920174 0.781600 0.995283 0.908447 0.443543 0.358064 0.952582 0.943378 0.488285 0.441870 0.987832 0.842883 0.676468 0.754413 0.969034 0.861865 0.904576 0.898517 0.769811 0.771091 0.934536 0.817892 0.509285 0.555181 0.711655 0.610832 0.606958 0.607233 0.906077 0.731320 0.639933 0.652731 0.301825 0.273992 0.464818 0.478666 0.321778 0.275807 0.282016 0.241609 0.795867 0.566370 0.730213 0.803934 0.443268 0.383077 0.788881 0.962764 0.565850 0.724366 0.723808 0.698539 0.698184 0.671868 0.474170 0.477353 0.306594 0.341679 0.481235 0.483686 0.480474 0.503343 0.697391 0.776296 0.615802 0.645543 0.714543 0.628658 0.700350 0.526680 0.900305 0.850997 0.531752 0.968818 0.818033 0.852988 0.888333 0.937162 0.723882 0.661667 0.746249 0.706930 0.950663 0.940323 0.847492 0.599652 0.852225 0.690432 0.812589 0.809689 0.676682 0.745055
0.295193 0.343913 0.526087 0.679390 0.652806 0.997209 0.317675 0.500839 0.740103 0.989116 0.428843 0.398933 0.000000 0.349929 0.471283 0.459607 0.374125 0.417318 0.262403 0.344437 0.771115 0.977998 0.510102 0.654874 0.924846 0.896567 0.967437 0.995887 0.488351 0.496663 0.790571 0.794220 0.343833 0.334124 0.775332 0.918995 0.642564 0.779022 0.864374 0.893776 0.807914 0.956288 0.763914 0.666903 0.763557 0.654432 0.501924 0.430271 0.692548 0.484668 0.559843 0.551468 0.878208 0.979834 0.558618 0.649146 0.411677 0.397625 0.394759 0.514731 0.268286 0.421461 0.257179 0.329833 0.556796 0.677700 0.616125 0.762538 0.542474 0.451401 0.638514 0.855856 0.547400 0.650577 0.808104 0.758765 0.533730 0.735179 0.502486 0.495326 0.405638 0.467477 0.452809 0.474271 0.344013 0.450197 0.676487 0.666983 0.543152 0.564891 0.807786 0.736560 0.726833 0.654676 0.947338 0.969131 0.540478 0.989398 0.733931 0.780768 0.811662 0.988949 0.742015 0.647937 0.644699 0.680524 0.990914 0.945150 0.968499 0.743101 0.928283 0.641314 0.795166 0.765560 0.663991 0.704506
0.481867 0.453393 0.696833 0.705371 0.759035 0.992492 0.340340 0.386628 0.720004 0.886654 0.521039 0.404229 0.349929 0.000000 0.574895 0.470422 0.456842 0.443824 0.322819 0.381666 0.936377 0.969698 0.615885 0.659819 0.912612 0.861871 0.958338 0.920793 0.422012 0.465765 0.822837 0.668892 0.419053 0.412946 0.880932 0.971360 0.769717 0.708397 0.903817 0.898924 0.990641 0.839323 0.648690 0.556049 0.686470 0.551743 0.464285 0.440831 0.669170 0.570153 0.548518 0.593837 0.878996 0.969564 0.716686 0.722938 0.454282 0.518972 0.553118 0.688815 0.389173 0.435962 0.375251 0.388614 0.777339 0.683918 0.704141 0.761890 0.725993 0.620365 0.661098 0.771280 0.696103 0.693506 0.860094 0.640700 0.565177 0.595272 0.487116 0.542982 0.479534 0.560190 0.482779 0.580762 0.514093 0.517952 0.831850 0.684714 0.678301 0.661933 0.942540 0.929212 0.838766 0.766554 0.963453 0.867662 0.551012 0.978564 0.664586 0.640059 0.914528 0.862248 0.705152 0.633815 0.706771 0.796492 0.972244 0.877308 0.959269 0.647872 0.818187 0.643471 0.722077 0.654266 0.760167 0.663675
0.689010 0.747517 0.891640 0.985211 0.782406 0.809981 0.505789 0.800433 0.585974 0.646693 0.699090 0.764408 0.471283 0.574895 0.000000 0.403647 0.614884 0.615529 0.554325 0.677777 0.926680 0.982954 0.433647 0.810994 0.861717 0.733178 0.920444 0.911828 0.502624 0.575669 0.634188 0.565514 0.541751 0.643844 0.990835 0.859327 0.954174 0.936317 0.760236 0.732522 0.979882 0.913228 0.911040 0.745183 0.700805 0.695491 0.805940 0.748183 0.707543 0.680360 0.877462 0.882582 0.783021 0.817422 0.910119 0.949784 0.704264 0.744936 0.816637 0.950741 0.640599 0.774213 0.534711 0.583462 0.881813 0.811338 0.981653 0.845225 0.979140 0.853256 0.755179 0.797208 0.746739 0.846370 0.901682 0.738196 0.743510 0.829160 0.729117 0.728921 0.683286 0.832256 0.628510 0.700524 0.695888 0.871333 0.813875 0.717472 0.846416 0.830583 0.919936 0.978353 0.721355 0.821757 0.968155 0.889493 0.893087 0.848181 0.671331 0.742513 0.752246 0.863905 0.811502 0.762017 0.931835 0.943660 0.980905 0.893560 0.948942 0.955560 0.998396 0.651008 0.862045 0.698298 0.993939 0.744779
0.699877 0.683711 0.759383 0.729861 0.733899 0.997170 0.485396 0.558737 0.685473 0.755227 0.742352 0.670392 0.459607 0.470422 0.403647 0.000000 0.658130 0.668461 0.559571 0.685520 0.836205 0.864474 0.516343 0.651738 0.959428 0.936683 0.897075 0.955318 0.576115 0.696849 0.620850 0.611053 0.542886 0.589784 0.965277 0.986403 0.841884 0.912765 0.944051 0.979823 0.880415 0.858108 0.602039 0.534384 0.748460 0.601367 0.568317 0.546878 0.764534 0.703736 0.686010 0.707138 0.747565 0.794022 0.899712 0.996803 0.704180 0.738576 0.709082 0.822006 0.624675 0.687550 0.557365 0.598336 0.797863 0.898959 0.843432 0.905035 0.915556 0.739326 0.743378 0.778767 0.846272 0.775798 0.889944 0.605637 0.628636 0.719297 0.675709 0.716641 0.745835 0.878108 0.714852 0.757939 0.751030 0.669582 0.893011 0.908674 0.867026 0.770929 0.944130 0.890058 0.900914 0.914961 0.970380 0.941695 0.781277 0.902862 0.634809 0.622190 0.891902 0.893921 0.754286 0.610796 0.787155 0.784591 0.975896 0.749607 0.993181 0.947316 0.904136 0.615098 0.582472 0.589601 0.752689 0.902631
0.334339 0.306232 0.780349 0.933352 0.700978 0.996187 0.594738 0.679904 0.901983 0.936696 0.389930 0.323070 0.374125 0.456842 0.614884 0.658130 0.000000 0.218795 0.288906 0.276506 0.992028 0.916372 0.643975 0.821957 0.912325 0.720064 0.887077 0.963703 0.377940 0.307107 0.901875 0.823209 0.405021 0.450090 0.967832 0.816488 0.720564 0.817157 0.928655 0.894985 0.839055 0.830003 0.817101 0.783250 0.929372 0.881303 0.653437 0.705652 0.774432 0.703543 0.804071 0.788887 0.862536 0.744442 0.739001 0.775949 0.230942 0.282464 0.597326 0.655613 0.440899 0.485918 0.288412 0.265577 0.774478 0.761928 0.813442 0.940023 0.488899 0.500661 0.671380 0.868877 0.581772 0.746693 0.817853 0.741734 0.777798 0.649464 0.395740 0.383828 0.241232 0.294297 0.437916 0.443661 0.412639 0.584946 0.741947 0.650896 0.645049 0.645729 0.673137 0.716540 0.629621 0.588186 0.905100 0.988675 0.600797 0.980416 0.870316 0.918956 0.721669 0.966498 0.700559 0.672712 0.794438 0.850113 0.901528 0.876818 0.917108 0.714321 0.994028 0.724395 0.951772 0.749003 0.716359 0.800181
0.369446 0.333157 0.867614 0.990038 0.753941 0.989629 0.599573 0.679790 0.939143 0.990391 0.374730 0.328538 0.417318 0.443824 0.615529 0.668461 0.218795 0.000000 0.312977 0.225899 0.965331 0.898595 0.675672 0.856883 0.853663 0.660330 0.880567 0.917499 0.333205 0.263620 0.904207 0.781258 0.409103 0.463949 0.980849 0.876357 0.750074 0.742631 0.899370 0.986499 0.790950 0.808131 0.796995 0.746859 0.905452 0.892185 0.705174 0.716523 0.793090 0.761526 0.871035 0.882671 0.778553 0.702099 0.829535 0.832896 0.232705 0.296902 0.652813 0.714700 0.506355 0.530276 0.307760 0.270424 0.867122 0.811805 0.839609 0.971328 0.492187 0.497039 0.621930 0.807298 0.572184 0.682324 0.845711 0.730974 0.740249 0.583498 0.409880 0.383268 0.252624 0.290269 0.475538 0.496573 0.486274 0.645054 0.747061 0.647706 0.699438 0.740188 0.723964 0.767156 0.683191 0.665995 0.868285 0.967503 0.589357 0.906458 0.797436 0.830507 0.745628 0.941984 0.652049 0.643976 0.731616 0.899082 0.900797 0.851030 0.949519 0.670706 0.907733 0.702589 0.956082 0.729572 0.807455 0.765319
0.289117 0.314291 0.586235 0.752023 0.704374 0.977005 0.345813 0.519315 0.789809 0.997776 0.390819 0.347272 0.262403 0.322819 0.554325 0.559571 0.288906 0.312977 0.000000 0.267869 0.797293 0.941429 0.538956 0.681578 0.970775 0.858761 0.878390 0.985740 0.389810 0.372198 0.744313 0.746789 0.321618 0.305829 0.832729 0.962828 0.668150 0.730151 0.994144 0.863251 0.867166 0.893648 0.714337 0.628880 0.774985 0.696951 0.528584 0.477771 0.695056 0.539369 0.601035 0.600509 0.988861 0.900834 0.598936 0.678634 0.296748 0.342478 0.422785 0.522767 0.313655 0.431821 0.252270 0.281953 0.694964 0.705984 0.609295 0.784091 0.506633 0.456309 0.540251 0.764782 0.524237 0.666491 0.771780 0.739099 0.597291 0.656016 0.413805 0.463766 0.310694 0.375461 0.447712 0.479712 0.395239 0.496246 0.791204 0.696440 0.592733 0.625602 0.839461 0.784817 0.771291 0.659338 0.983564 0.926533 0.500645 0.992490 0.710790 0.742605 0.837506 0.905371 0.649124 0.607647 0.649705 0.750431 0.987627 0.965572 0.925955 0.598734 0.866675 0.627724 0.859299 0.712972 0.663231 0.728879
0.312588 0.285231 0.699895 0.815222 0.814704 0.993276 0.498568 0.581234 0.967905 0.902245 0.362257 0.308740 0.344437 0.381666 0.677777 0.685520 0.276506 0.225899 0.267869 0.000000 0.910250 0.918412 0.646016 0.761289 0.988452 0.815528 0.896026 0.946595 0.436945 0.335180 0.838859 0.803560 0.381196 0.403971 0.899386 0.967095 0.654823 0.634426 0.944974 0.921297 0.809328 0.825115 0.776142 0.734568 0.916890 0.881461 0.640104 0.619548 0.822065 0.693097 0.754025 0.753369 0.822946 0.734615 0.669947 0.723686 0.254755 0.281597 0.526036 0.582583 0.406424 0.475421 0.287573 0.280975 0.727921 0.676158 0.692046 0.826897 0.450550 0.444048 0.528784 0.773113 0.546578 0.648984 0.821853 0.786787 0.596308 0.607729 0.402881 0.391366 0.271416 0.290552 0.469085 0.471128 0.401519 0.528576 0.735273 0.673403 0.616622 0.651712 0.722740 0.701856 0.747476 0.677222 0.917778 0.992263 0.525323 0.930581 0.827871 0.848102 0.774846 0.967280 0.656817 0.698256 0.645641 0.775117 0.936572 0.941568 0.915517 0.602139 0.888089 0.742204 0.938046 0.779753 0.738322 0.765610
0.809577 0.856312 0.571295 0.635484 0.943244 0.739192 0.762931 0.856259 0.979677 0.841463 0.949072 0.971494 0.771115 0.936377 0.926680 0.836205 0.992028 0.965331 0.797293 0.910250 0.000000 0.875427 0.819823 0.704734 0.603391 0.599189 0.811120 0.721371 0.888588 0.884729 0.662616 0.980476 0.731124 0.746601 0.665929 0.739794 0.757949 0.798130 0.703001 0.739807 0.814353 0.986787 0.778032 0.722697 0.901925 0.831793 0.762193 0.719199 0.943623 0.780403 0.772632 0.708890 0.991799 0.931808 0.780592 0.815338 0.936275 0.887315 0.679645 0.762893 0.831646 0.965728 0.869973 0.949260 0.606630 0.737911 0.563664 0.627270 0.819461 0.754595 0.840900 0.803238 0.867155 0.924241 0.925324 0.915574 0.704749 0.830649 0.941416 0.856534 0.961192 0.918557 0.943376 0.989361 0.856322 0.644316 0.955431 0.871361 0.947279 0.805629 0.820777 0.996645 0.787869 0.933585 0.861470 0.864138 0.701739 0.918979 0.924926 0.899172 0.841542 0.984603 0.842555 0.928800 0.797466 0.628328 0.985614 0.993736 0.974806 0.982326 0.927146 0.996146 0.928359 0.936519 0.792969 0.940891
0.986876 0.939512 0.986358 0.948324 0.943625 0.927414 0.963585 0.919372 0.960427 0.970293 0.951847 0.898416 0.977998 0.969698 0.982954 0.864474 0.916372 0.898595 0.941429 0.918412 0.875427 0.000000 0.983176 0.896473 0.885337 0.908528 0.943780 0.885145 0.940037 0.908284 0.797807 0.878654 0.988514 0.944745 0.968777 0.921181 0.884304 0.961078 0.990511 0.777181 0.993371 0.728606 0.794134 0.795308 0.980606 0.990653 0.906878 0.938537 0.950603 0.908275 0.954917 0.995179 0.942677 0.874119 0.870300 0.977267 0.855956 0.886282 0.961812 0.976824 0.960741 0.947578 0.996191 0.952407 0.943413 0.979657 0.972408 0.950214 0.878107 0.890657 0.956271 0.953044 0.963692 0.957595 0.926779 0.978928 0.930492 0.723969 0.971955 0.993791 0.918433 0.936394 0.863026 0.977313 0.891321 0.970798 0.920323 0.824764 0.791310 0.954452 0.942391 0.892065 0.881050 0.962459 0.940172 0.903987 0.834964 0.952040 0.916944 0.909226 0.941800 0.835649 0.893729 0.856882 0.937547 0.794743 0.983275 0.930829 0.835580 0.981120 0.986485 0.989257 0.952924 0.931491 0.913471 0.925253
0.623124 0.630621 0.707322 0.837813 0.788916 0.801638 0.658935 0.924594 0.816657 0.988182 0.903211 0.801892 0.510102 0.615885 0.433647 0.516343 0.643975 0.675672 0.538956 0.646016 0.819823 0.983176 0.000000 0.496869 0.805938 0.939819 0.710337 0.897786 0.655148 0.722122 0.543527 0.698527 0.537150 0.733290 0.752900 0.998219 0.756505 0.967787 0.953552 0.854560 0.976703 0.912805 0.930725 0.805638 0.910445 0.886738 0.738793 0.729903 0.901709 0.657176 0.880092 0.780851 0.795006 0.849795 0.803501 0.962122 0.644344 0.664277 0.743957 0.783189 0.698220 0.870125 0.556949 0.585724 0.677600 0.901208 0.899516 0.913514 0.786594 0.739136 0.658556 0.743457 0.846556 0.939600 0.917544 0.817745 0.749234 0.928723 0.572214 0.708551 0.622580 0.749081 0.613271 0.662237 0.498836 0.669951 0.809733 0.588859 0.710517 0.603558 0.796216 0.848175 0.722596 0.720818 0.871092 0.908461 0.827820 0.885158 0.925999 0.908232 0.566947 0.919493 0.929003 0.876528 0.869214 0.925143 0.937778 0.963841 0.857290 0.834181 0.946560 0.851258 0.928241 0.897306 0.864554 0.903514
0.740190 0.680850 0.489400 0.415280 0.978388 0.974600 0.700975 0.704691 0.992451 0.650414 0.915953 0.851946 0.654874 0.659819 0.810994 0.651738 0.821957 0.856883 0.681578 0.761289 0.704734 0.896473 0.496869 0.000000 0.468933 0.659425 0.634240 0.775214 0.955444 0.993424 0.643853 0.795751 0.646519 0.716777 0.613141 0.809177 0.621421 0.736088 0.649173 0.820686 0.831675 0.899164 0.772791 0.769647 0.895100 0.972969 0.590826 0.639879 0.792690 0.859616 0.834422 0.751216 0.965542 0.923551 0.695639 0.821083 0.798030 0.761046 0.721525 0.784793 0.815048 0.891859 0.768562 0.823488 0.470965 0.638312 0.607391 0.690042 0.767532 0.759237 0.659133 0.814706 0.939253 0.847653 0.917039 0.836991 0.720441 0.799630 0.664466 0.869732 0.796496 0.810891 0.714471 0.681353 0.575585 0.403736 0.766228 0.812477 0.740217 0.620317 0.976353 0.848699 0.951074 0.913261 0.924119 0.815372 0.792598 0.959130 0.944734 0.964023 0.808347 0.929128 0.914082 0.834688 0.666191 0.631977 0.925291 0.879602 0.929534 0.838726 0.933587 0.947567 0.972406 0.929968 0.848552 0.997710
0.827494 0.864830 0.442172 0.408702 0.903281 0.808994 0.923884 0.914061 0.752749 0.450722 0.813397 0.920174 0.924846 0.912612 0.861717 0.959428 0.912325 0.853663 0.970775 0.988452 0.603391 0.885337 0.805938 0.468933 0.000000 0.335788 0.686569 0.613778 0.628604 0.645290 0.672871 0.919156 0.803025 0.854892 0.472996 0.736695 0.580198 0.821258 0.477358 0.666481 0.726980 0.895740 0.874665 0.945915 0.694096 0.823083 0.771390 0.748130 0.628727 0.995780 0.912036 0.784254 0.925965 0.834452 0.600986 0.695464 0.956785 0.932235 0.711117 0.689178 0.978653 0.930597 0.971166 0.895261 0.382072 0.581264 0.505613 0.549079 0.765334 0.743577 0.816841 0.908976 0.939152 0.878711 0.967788 0.973138 0.882227 0.994937 0.950305 0.997706 0.999506 0.942230 0.999486 0.817986 0.725547 0.489407 0.851953 0.904949 0.716258 0.654219 0.932892 0.852124 0.722255 0.952433 0.899818 0.836330 0.770080 0.824891 0.764202 0.822960 0.953019 0.851970 0.870205 0.903653 0.751918 0.544452 0.882337 0.846590 0.923317 0.942951 0.866263 0.875229 0.953178 0.910886 0.854868 0.759535
0.962960 0.930999 0.501840 0.437948 0.832645 0.653934 0.942614 0.895122 0.765855 0.568970 0.737422 0.781600 0.896567 0.861871 0.733178 0.936683 0.720064 0.660330 0.858761 0.815528 0.599189 0.908528 0.939819 0.659425 0.335788 0.000000 0.884497 0.571126 0.535183 0.519431 0.723130 0.998616 0.936559 0.929882 0.502086 0.695524 0.687116 0.859846 0.528629 0.620227 0.771504 0.955612 0.799077 0.884323 0.817401 0.925815 0.813951 0.835599 0.641202 0.951729 0.865457 0.791319 0.982183 0.974698 0.678750 0.688367 0.773670 0.847730 0.781794 0.796248 0.931173 0.840208 0.770214 0.696945 0.502763 0.554664 0.457701 0.455971 0.912504 0.965529 0.881614 0.884734 0.892565 0.933276 0.990879 0.954118 0.913329 0.968054 0.912631 0.961386 0.760324 0.843551 0.783676 0.917012 0.977039 0.629015 0.880311 0.681551 0.909924 0.827297 0.737663 0.939207 0.544858 0.735068 0.845482 0.814636 0.808407 0.791206 0.818380 0.860573 0.839968 0.970844 0.950228 0.827949 0.852773 0.589413 0.797286 0.853174 0.901399 0.916836 0.937481 0.846601 0.998114 0.941468 0.905639 0.688656
0.923318 0.879082 0.828274 0.853708 0.927575 0.860264 0.928612 0.914556 0.881039 0.684767 0.855528 0.995283 0.967437 0.958338 0.920444 0.897075 0.887077 0.880567 0.878390 0.896026 0.811120 0.943780 0.710337 0.634240 0.686569 0.884497 0.000000 0.967814 0.959579 0.990846 0.789984 0.970617 0.853777 0.988174 0.924548 0.759295 0.890117 0.858757 0.866893 0.908974 0.962602 0.818372 0.932108 0.896041 0.682909 0.725269 0.978224 0.914646 0.700555 0.874750 0.869468 0.923076 0.796497 0.841276 0.921773 0.919344 0.898083 0.912722 0.955573 0.984908 0.892997 0.905330 0.928627 0.949774 0.735934 0.906280 0.921460 0.990445 0.836039 0.957812 0.829641 0.868685 0.925039 0.847994 0.879620 0.839638 0.980179 0.997693 0.835301 0.878380 0.843293 0.855158 0.733857 0.857644 0.750069 0.757543 0.909539 0.794440 0.799533 0.847830 0.850958 0.847562 0.939200 0.832510 0.994532 0.978925 0.963136 0.955029 0.813647 0.850684 0.807355 0.858310 0.805251 0.856800 0.927017 0.972012 0.983245 0.897667 0.905784 0.990339 0.810414 0.933640 0.840267 0.974645 0.992070 0.749414
0.983511 0.965665 0.769668 0.744919 0.988356 0.612602 0.991669 0.969215 0.830894 0.725731 0.842805 0.908447 0.995887 0.920793 0.911828 0.955318 0.963703 0.917499 0.985740 0.946595 0.721371 0.885145 0.897786 0.775214 0.613778 0.571126 0.967814 0.000000 0.835043 0.768381 0.908695 0.913095 0.913358 0.952012 0.675529 0.754759 0.963961 0.865043 0.792055 0.692207 0.711772 0.915826 0.772147 0.874688 0.898947 0.967654 0.854152 0.816764 0.791727 0.924272 0.968970 0.907729 0.946545 0.970114 0.830537 0.753836 0.947851 0.960233 0.834207 0.889219 0.968583 0.913526 0.949212 0.882158 0.708972 0.794546 0.701784 0.743132 0.978827 0.873966 0.840003 0.974035 0.855052 0.940965 0.923589 0.963387 0.869138 0.878604 0.876293 0.891973 0.945383 0.964526 0.847201 0.980879 0.964294 0.776102 0.957458 0.816056 0.942760 0.819165 0.822022 0.931718 0.755068 0.861530 0.888493 0.995723 0.905418 0.902353 0.991140 0.972352 0.986898 0.924239 0.956237 0.914408 0.982184 0.753671 0.843019 0.973782 0.992138 0.997708 0.942675 0.832939 0.970898 0.994689 0.974634 0.693256
0.569743 0.552628 0.978601 0.862129 0.688399 0.927237 0.565073 0.654548 0.710583 0.655073 0.461351 0.443543 0.488351 0.422012 0.502624 0.576115 0.377940 0.333205 0.389810 0.436945 0.888588 0.940037 0.655148 0.955444 0.628604 0.535183 0.959579 0.835043 0.000000 0.239780 0.908687 0.664481 0.534368 0.531330 0.808170 0.810789 0.915378 0.929016 0.678206 0.874837 0.999116 0.886748 0.767839 0.664371 0.667196 0.672136 0.749313 0.716588 0.561933 0.683278 0.792622 0.876550 0.945728 0.998957 0.952699 0.937070 0.393607 0.512623 0.753564 0.833679 0.546936 0.540966 0.383228 0.352667 0.882933 0.962595 0.978449 0.882202 0.746022 0.704189 0.738590 0.795941 0.642838 0.749144 0.932415 0.695943 0.757782 0.691185 0.496626 0.514412 0.422075 0.537993 0.523689 0.705200 0.692729 0.856227 0.886878 0.696011 0.833431 0.870846 0.882122 0.998453 0.686794 0.726207 0.944273 0.997244 0.766871 0.874071 0.624719 0.633867 0.900396 0.843529 0.640794 0.549009 0.902805 0.932222 0.993240 0.936729 0.898095 0.735740 0.818923 0.612533 0.833253 0.657812 0.873489 0.729777
0.490892 0.480471 0.976306 0.865283 0.733135 0.929524 0.616776 0.666544 0.812833 0.768972 0.373719 0.358064 0.496663 0.465765 0.575669 0.696849 0.307107 0.263620 0.372198 0.335180 0.884729 0.908284 0.722122 0.993424 0.645290 0.519431 0.990846 0.768381 0.239780 0.000000 0.943909 0.708028 0.532567 0.565438 0.771833 0.791652 0.859260 0.825416 0.682154 0.879978 0.992455 0.822787 0.870902 0.793772 0.820096 0.828293 0.816614 0.798187 0.669575 0.758612 0.878979 0.945760 0.910692 0.804260 0.916279 0.950414 0.311949 0.416115 0.761072 0.807695 0.539756 0.517164 0.376434 0.312604 0.878893 0.976314 0.981933 0.868421 0.652781 0.652910 0.730582 0.842046 0.567859 0.744743 0.829738 0.745559 0.835217 0.675549 0.495685 0.495175 0.330166 0.406869 0.508911 0.614037 0.639222 0.835217 0.808301 0.671760 0.820016 0.858585 0.787608 0.844502 0.644192 0.674260 0.852710 0.990606 0.723497 0.897991 0.728248 0.746099 0.861471 0.853112 0.600822 0.574421 0.837214 0.994077 0.903015 0.893862 0.992988 0.704109 0.838409 0.671519 0.952961 0.713468 0.863472 0.678219
0.898954 0.936515 0.720358 0.693341 0.912929 0.984501 0.659435 0.844472 0.875069 0.910273 0.935767 0.952582 0.790571 0.822837 0.634188 0.620850 0.901875 0.904207 0.744313 0.838859 0.662616 0.797807 0.543527 0.643853 0.672871 0.723130 0.789984 0.908695 0.908687 0.943909 0.000000 0.522216 0.640564 0.713083 0.772839 0.749335 0.684200 0.825522 0.978769 0.940287 0.955689 0.852251 0.612330 0.567096 0.774069 0.778494 0.839393 0.763341 0.986002 0.793266 0.824186 0.816610 0.740994 0.752307 0.882309 0.994506 0.899980 0.947123 0.826310 0.879236 0.921036 0.916316 0.902999 0.918682 0.775867 0.994787 0.698185 0.787951 0.976791 0.963370 0.542934 0.503692 0.882454 0.862002 0.862063 0.822572 0.594970 0.725622 0.745129 0.772884 0.943951 0.933837 0.963553 0.962747 0.913803 0.805113 0.853637 0.851452 0.973413 0.905905 0.805372 0.758965 0.782807 0.823593 0.908907 0.981367 0.857817 0.944728 0.819153 0.761652 0.976845 0.816242 0.682374 0.762771 0.679287 0.798526 0.884390 0.754437 0.980347 0.952464 0.888831 0.771344 0.863405 0.776155 0.871775 0.927741
0.975542 0.989330 0.991379 0.893758 0.985408 0.989561 0.652102 0.794127 0.903667 0.745403 0.943118 0.943378 0.794220 0.668892 0.565514 0.611053 0.823209 0.781258 0.746789 0.803560 0.980476 0.878654 0.698527 0.795751 0.919156 0.998616 0.970617 0.913095 0.664481 0.708028 0.522216 0.000000 0.650987 0.726286 0.932729 0.785415 0.895439 0.932439 0.835850 0.920790 0.928204 0.820939 0.591202 0.537412 0.703712 0.713464 0.841488 0.817562 0.910770 0.886802 0.897111 0.981784 0.856710 0.864393 0.973978 0.899660 0.840259 0.989547 0.975020 0.941486 0.939512 0.935753 0.868245 0.866705 0.885565 0.904077 0.879249 0.910126 0.921921 0.904294 0.641380 0.550072 0.895609 0.847221 0.995092 0.665079 0.695861 0.596385 0.751410 0.806592 0.895745 0.978648 0.889192 0.990694 0.983173 0.965075 0.780305 0.982310 0.908424 0.982726 0.702796 0.636720 0.764567 0.827471 0.925033 0.964537 0.948898 0.942937 0.527815 0.524994 0.915004 0.706513 0.544040 0.657991 0.781800 0.907866 0.808275 0.777883 0.845071 0.861452 0.800064 0.700155 0.861020 0.707318 0.965743 0.932317
0.370268 0.402946 0.514176 0.643160 0.860577 0.949091 0.360486 0.557269 0.852984 0.913241 0.537613 0.488285 0.343833 0.419053 0.541751 0.542886 0.405021 0.409103 0.321618 0.381196 0.731124 0.988514 0.537150 0.646519 0.803025 0.936559 0.853777 0.913358 0.534368 0.532567 0.640564 0.650987 0.000000 0.300019 0.704842 0.951192 0.544930 0.815197 0.885831 0.836502 0.688063 0.830120 0.626161 0.537924 0.801638 0.691835 0.491916 0.508455 0.775631 0.565409 0.625537 0.607266 0.904002 0.912132 0.582716 0.625919 0.393459 0.431977 0.431609 0.527726 0.413693 0.558929 0.338970 0.404631 0.605183 0.666877 0.502880 0.645559 0.554658 0.515488 0.519245 0.703198 0.551143 0.693350 0.776620 0.675708 0.551735 0.633124 0.417815 0.500191 0.413048 0.467693 0.563840 0.548971 0.430624 0.427116 0.878250 0.787278 0.568668 0.645612 0.971207 0.875917 0.942016 0.783741 0.976069 0.920922 0.457932 0.896255 0.710772 0.766196 0.893724 0.894775 0.617429 0.646030 0.657263 0.663998 0.976061 0.934322 0.995977 0.611541 0.815919 0.633720 0.819480 0.636935 0.671473 0.827544
0.376136 0.417552 0.516317 0.590440 0.824717 0.834833 0.303331 0.421978 0.836171 0.990974 0.438728 0.441870 0.334124 0.412946 0.643844 0.589784 0.450090 0.463949 0.305829 0.403971 0.746601 0.944745 0.733290 0.716777 0.854892 0.929882 0.988174 0.952012 0.531330 0.565438 0.713083 0.726286 0.300019 0.000000 0.794974 0.986821 0.591905 0.781017 0.883544 0.741993 0.676262 0.918692 0.545242 0.493594 0.691349 0.528830 0.457842 0.359832 0.623460 0.481404 0.473814 0.516747 0.902416 0.967143 0.537921 0.538996 0.432997 0.433391 0.349861 0.472887 0.327182 0.448970 0.376152 0.416733 0.641161 0.580907 0.448223 0.557221 0.582963 0.465062 0.616345 0.763012 0.599045 0.649061 0.713837 0.721573 0.483610 0.634058 0.493585 0.508247 0.446675 0.506825 0.585846 0.585621 0.511629 0.439299 0.884920 0.891665 0.638011 0.625976 0.975334 0.901664 0.979347 0.844380 0.988419 0.787121 0.488346 0.849818 0.630486 0.673976 0.936736 0.872673 0.615216 0.588223 0.640673 0.605811 0.936611 0.882441 0.984646 0.632602 0.773131 0.542359 0.763260 0.594573 0.637365 0.815237
0.743157 0.776719 0.468118 0.551216 0.966231 0.895869 0.750894 0.920633 0.895382 0.620321 0.922494 0.987832 0.775332 0.880932 0.990835 0.965277 0.967832 0.980849 0.832729 0.899386 0.665929 0.968777 0.752900 0.613141 0.472996 0.502086 0.924548 0.675529 0.808170 0.771833 0.772839 0.932729 0.704842 0.794974 0.000000 0.880336 0.600424 0.817967 0.569440 0.723620 0.752919 0.997933 0.904045 0.880197 0.972511 0.990397 0.764759 0.728076 0.812550 0.864611 0.827599 0.734843 0.900882 0.983428 0.652768 0.651797 0.958478 0.879268 0.663710 0.725018 0.828873 0.986710 0.901262 0.988869 0.405005 0.695919 0.507760 0.567806 0.753361 0.781293 0.700597 0.810929 0.889015 0.836708 0.993546 0.977924 0.801993 0.860313 0.826991 0.929674 0.975114 0.904072 0.972007 0.845903 0.666156 0.591010 0.996512 0.964362 0.703961 0.716342 0.960935 0.899316 0.920939 0.958609 0.741193 0.918017 0.753316 0.999380 0.836919 0.828013 0.702811 0.994990 0.941740 0.976222 0.720982 0.616285 0.844854 0.913898 0.904154 0.920361 0.886278 0.847562 0.954752 0.938189 0.844463 0.974723
0.873107 0.934050 0.939784 0.727814 0.821984 0.845182 0.986210 0.948071 0.755147 0.918630 0.735291 0.842883 0.918995 0.971360 0.859327 0.986403 0.816488 0.876357 0.962828 0.967095 0.739794 0.921181 0.998219 0.809177 0.736695 0.695524 0.759295 0.754759 0.810789 0.791652 0.749335 0.785415 0.951192 0.986821 0.880336 0.000000 0.935436 0.772959 0.777593 0.856825 0.963477 0.916907 0.760490 0.820175 0.930966 0.967616 0.929797 0.910471 0.796807 0.923133 0.965093 0.952292 0.890702 0.949374 0.970860 0.967977 0.837424 0.847236 0.962023 0.946688 0.844734 0.774677 0.788897 0.796563 0.914390 0.894339 0.757686 0.799133 0.925380 0.985193 0.707511 0.777728 0.952786 0.905593 0.744959 0.861602 0.707342 0.774556 0.926540 0.984855 0.794418 0.813901 0.845299 0.772269 0.869575 0.967455 0.830246 0.822114 0.944702 0.997578 0.756346 0.771707 0.632468 0.704004 0.802243 0.981945 0.886884 0.942612 0.942747 0.818336 0.925507 0.976843 0.896597 0.924917 0.769310 0.778217 0.844220 0.839292 0.951997 0.989371 0.950411 0.942542 0.925598 0.957889 0.969530 0.752063
0.509791 0.553282 0.458279 0.536154 0.999231 0.966724 0.676085 0.656347 0.982343 0.782794 0.791862 0.676468 0.642564 0.769717 0.954174 0.841884 0.720564 0.750074 0.668150 0.654823 0.757949 0.884304 0.756505 0.621421 0.580198 0.687116 0.890117 0.963961 0.915378 0.859260 0.684200 0.895439 0.544930 0.591905 0.600424 0.935436 0.000000 0.708616 0.709819 0.876454 0.729917 0.955066 0.750990 0.781027 0.980877 0.924736 0.611689 0.615673 0.971205 0.680404 0.667943 0.610777 0.860444 0.917281 0.527348 0.576971 0.656144 0.571920 0.520965 0.509461 0.614256 0.717354 0.646842 0.656615 0.525783 0.603028 0.498137 0.628310 0.527743 0.546859 0.753746 0.786613 0.684940 0.788477 0.854703 0.804247 0.712894 0.757618 0.643969 0.766153 0.668276 0.662516 0.708989 0.722122 0.590759 0.498178 0.835900 0.936890 0.660109 0.694855 0.821957 0.703107 0.981313 0.874146 0.957043 0.786837 0.608737 0.832914 0.994211 0.976898 0.868182 0.916445 0.785712 0.834120 0.598114 0.581037 0.900845 0.808254 0.987786 0.704888 0.943668 0.948757 0.980816 0.876646 0.679466 0.961428
0.750863 0.717165 0.731181 0.668737 0.983611 0.913669 0.772959 0.669450 0.972729 0.877642 0.874898 0.754413 0.779022 0.708397 0.936317 0.912765 0.817157 0.742631 0.730151 0.634426 0.798130 0.961078 0.967787 0.736088 0.821258 0.859846 0.858757 0.865043 0.929016 0.825416 0.825522 0.932439 0.815197 0.781017 0.817967 0.772959 0.708616 0.000000 0.690901 0.886400 0.979910 0.873744 0.739115 0.783126 0.937007 0.931123 0.766838 0.819446 0.951975 0.955740 0.807892 0.806214 0.841571 0.893815 0.806542 0.862300 0.733925 0.758800 0.806092 0.821025 0.818679 0.827620 0.840289 0.798301 0.769827 0.662764 0.680989 0.713679 0.757386 0.795413 0.667724 0.653987 0.887647 0.845890 0.977448 0.836838 0.769293 0.668022 0.743465 0.751957 0.821312 0.788843 0.874192 0.904176 0.812800 0.708009 0.939868 0.976244 0.749876 0.909074 0.994119 0.998142 0.938363 0.828276 0.986763 0.854258 0.741013 0.918676 0.988174 0.804296 0.979650 0.849663 0.779417 0.893271 0.554035 0.685500 0.813569 0.982836 0.923618 0.913057 0.892931 0.975155 0.877606 0.908125 0.726448 0.999957
