0.000000 0.430459 0.946938 0.755172 0.834467 0.885300 0.550590 0.640954 0.821510 0.612130 0.545034 0.462241 0.559147 0.616904 0.889650 0.984338 0.452531 0.404744 0.484991 0.536552 0.779957 0.856532 0.931137 0.733597 0.554423 0.579819 0.764175 0.765878 0.665053 0.643802 0.814694 0.844362 0.653192 0.665473 0.776493 0.815177 0.815779 0.883335 0.945195 0.880391 0.828068 0.967499 0.683315 0.639733 0.613026 0.626491 0.703784 0.671552 0.566366 0.692441 0.703226 0.837255 0.915683 0.953149 0.703063 0.763398 0.463913 0.386306 0.509813 0.562184 0.530227 0.627309 0.567105 0.490105 0.699636 0.895902 0.887600 0.922001 0.635187 0.632381 0.907339 0.921005 0.831991 0.885835 0.797201 0.991227 0.920089 0.980252 0.688041 0.716100 0.434480 0.474965 0.742887 0.628425 0.614794 0.982392 0.792833 0.981782 0.782998 0.876137 0.692390 0.812720 0.869298 0.970997 0.917512 0.932537 0.892043 0.962277 0.542446 0.630610 0.757928 0.597929 0.592330 0.731014 0.922285 0.933742 0.879224 0.942280 0.948496 0.808803 0.892162 0.828485 0.839281 0.843572 0.828456 0.989058
0.430459 0.000000 0.997123 0.939082 0.891131 0.872768 0.732075 0.747428 0.869523 0.746130 0.755542 0.669570 0.767747 0.749280 0.896886 0.974004 0.553245 0.566032 0.684725 0.555852 0.917251 0.822576 0.996430 0.940938 0.821467 0.779663 0.919472 0.752741 0.764411 0.735665 0.897691 0.849293 0.809466 0.759481 0.879273 0.795289 0.925719 0.980699 0.874729 0.806019 0.991979 0.940340 0.663994 0.693402 0.697789 0.689932 0.728672 0.762189 0.569611 0.600356 0.654110 0.706389 0.826744 0.868149 0.740305 0.722018 0.445903 0.377680 0.651536 0.545928 0.726715 0.701249 0.745436 0.664656 0.898609 0.997972 0.791935 0.900747 0.531424 0.529356 0.950719 0.883779 0.938934 0.934623 0.878801 0.998667 0.915571 0.931486 0.734064 0.705840 0.619774 0.630140 0.734329 0.796731 0.665787 0.920519 0.820996 0.941088 0.852532 0.865921 0.664735 0.799843 0.764847 0.872460 0.991536 0.866561 0.802228 0.925282 0.587576 0.565526 0.863939 0.678283 0.656801 0.790386 0.807390 0.964409 0.854513 0.964868 0.978202 0.813095 0.984204 0.831162 0.861359 0.755631 0.818511 0.923185
0.946938 0.997123 0.000000 0.638525 0.763110 0.956246 0.747121 0.692348 0.903076 0.994446 0.968292 0.968015 0.964014 0.841006 0.892920 0.776604 0.954522 0.995967 0.958380 0.917422 0.938960 0.908380 0.891490 0.937522 0.643298 0.730535 0.973144 0.962237 0.928383 0.928894 0.720841 0.714653 0.828140 0.713118 0.763822 0.996107 0.764971 0.933361 0.766600 0.935240 0.951553 0.800731 0.917763 0.951261 0.754942 0.853930 0.712787 0.970594 0.763496 0.853507 0.995853 0.820299 0.860211 0.835661 0.902666 0.910123 0.830107 0.984043 0.751357 0.933020 0.889667 0.997677 0.847441 0.913553 0.675194 0.628488 0.645417 0.644308 0.982186 0.847508 0.973782 0.867017 0.885371 0.923301 0.834104 0.905254 0.855999 0.905424 0.808976 0.952096 0.924083 0.863837 0.881006 0.982314 0.924618 0.785879 0.726696 0.987398 0.880209 0.928810 0.722157 0.683498 0.688974 0.772003 0.987831 0.978361 0.921353 0.934108 0.792020 0.848859 0.888292 0.824412 0.935903 0.937194 0.863937 0.935620 0.919287 0.901811 0.980904 0.910286 0.890867 0.827489 0.849856 0.954908 0.903689 0.992217
0.755172 0.939082 0.638525 0.000000 0.728260 0.813103 0.927640 0.840237 0.974602 0.944792 0.730727 0.741965 0.647067 0.654647 0.786443 0.957769 0.830110 0.753918 0.882506 0.944832 0.909391 0.886520 0.836221 0.630032 0.511563 0.615066 0.752408 0.976468 0.807364 0.836735 0.771551 0.739831 0.986780 0.955929 0.773069 0.936885 0.833228 0.692165 0.965257 0.958516 0.847291 0.905943 0.873263 0.909036 0.854117 0.921752 0.912768 0.927031 0.868571 0.858990 0.779837 0.733872 0.778226 0.733459 0.896741 0.922110 0.995674 0.922030 0.897133 0.754457 0.835995 0.937918 0.858497 0.857523 0.625673 0.526845 0.544730 0.598830 0.964049 0.857102 0.759485 0.753003 0.753120 0.855540 0.804355 0.898586 0.812997 0.806061 0.944970 0.977328 0.798418 0.806263 0.778461 0.754148 0.772142 0.701714 0.881892 0.972595 0.888221 0.859304 0.920585 0.896921 0.839630 0.836049 0.891692 0.962448 0.988514 0.959965 0.905746 0.971121 0.740970 0.827672 0.907988 0.909444 0.766392 0.768510 0.821806 0.952014 0.948188 0.896985 0.988153 0.989242 0.918706 0.866398 0.981915 0.941455
0.834467 0.891131 0.763110 0.728260 0.000000 0.708644 0.803018 0.927409 0.794891 0.762300 0.712398 0.697048 0.597821 0.663386 0.562423 0.667694 0.756252 0.743752 0.780899 0.826029 0.874831 0.955013 0.742730 0.941464 0.583877 0.625560 0.913704 0.846993 0.695388 0.645785 0.919421 0.934557 0.827215 0.867384 0.896999 0.982195 0.916560 0.822381 0.929526 0.981983 0.998156 0.883096 0.928522 0.829294 0.610721 0.657339 0.993461 0.822583 0.688270 0.843026 0.807011 0.880661 0.754549 0.903368 0.965421 0.854700 0.976693 0.866875 0.967778 0.968909 0.713439 0.766660 0.740268 0.683328 0.677137 0.727848 0.950907 0.903303 0.977513 0.946993 0.853249 0.816653 0.921746 0.955407 0.881037 0.887819 0.859813 0.934347 0.992630 0.801111 0.699094 0.793464 0.694148 0.645919 0.626202 0.902968 0.801611 0.754486 0.891198 0.923816 0.755935 0.806747 0.828557 0.974890 0.975521 0.888482 0.891155 0.857733 0.731888 0.779584 0.697979 0.885589 0.755564 0.971120 0.919195 0.863879 0.899121 0.938101 0.807117 0.927784 0.825522 0.684992 0.903369 0.860606 0.983481 0.968245
0.885300 0.872768 0.956246 0.813103 0.708644 0.000000 0.655865 0.616136 0.652202 0.608989 0.875807 0.849447 0.834642 0.891392 0.706823 0.721554 0.753664 0.883470 0.819167 0.899298 0.834288 0.950498 0.651883 0.811775 0.909601 0.970487 0.992030 0.905796 0.704328 0.762762 0.763305 0.926528 0.730761 0.730467 0.870948 0.931118 0.989658 0.994825 0.970691 0.837668 0.978700 0.835742 0.628185 0.650404 0.560530 0.566325 0.754740 0.649683 0.638462 0.638937 0.561069 0.717762 0.608244 0.704330 0.846536 0.690831 0.991444 0.955499 0.833357 0.723264 0.651005 0.611233 0.787989 0.709634 0.985522 0.770429 0.683041 0.700989 0.972143 0.815113 0.750511 0.921912 0.847698 0.941798 0.901182 0.944237 0.604906 0.718860 0.813364 0.603931 0.689599 0.817467 0.866838 0.974390 0.638111 0.677360 0.977475 0.966457 0.921477 0.974016 0.575532 0.726390 0.611860 0.959328 0.784545 0.906804 0.856676 0.864069 0.632110 0.684304 0.721904 0.788089 0.749295 0.995378 0.791296 0.934480 0.975420 0.990278 0.843832 0.948565 0.965178 0.770160 0.844661 0.895509 0.908520 0.908064
0.550590 0.732075 0.747121 0.927640 0.803018 0.655865 0.000000 0.325775 0.724121 0.376974 0.406005 0.449540 0.437254 0.606407 0.668729 0.974217 0.446708 0.499927 0.477097 0.580133 0.849899 0.909014 0.913633 0.697172 0.583592 0.729375 0.556862 0.918628 0.426613 0.414566 0.799798 0.814242 0.370065 0.377216 0.924852 0.958953 0.924844 0.740464 0.869727 0.997883 0.827476 0.976674 0.524818 0.453006 0.531290 0.456412 0.502325 0.516919 0.623085 0.825487 0.663679 0.952004 0.983464 0.818633 0.783380 0.691062 0.691294 0.768094 0.472549 0.727326 0.261101 0.499555 0.324200 0.334694 0.726222 0.929869 0.698142 0.625287 0.975458 0.774719 0.983568 0.890917 0.975585 0.974504 0.994881 0.980175 0.677822 0.987939 0.535734 0.551437 0.348335 0.448137 0.823060 0.728336 0.639969 0.934409 0.838271 0.908727 0.981900 0.848686 0.815618 0.923395 0.987656 0.621952 0.901457 0.951626 0.834883 0.990919 0.583746 0.691541 0.620818 0.797579 0.564194 0.744490 0.731814 0.996076 0.879997 0.905839 0.812090 0.787008 0.850004 0.850452 0.835135 0.853318 0.947145 0.970497
0.640954 0.747428 0.692348 0.840237 0.927409 0.616136 0.325775 0.000000 0.655032 0.386461 0.544028 0.518353 0.536711 0.628545 0.742991 0.999347 0.599276 0.651421 0.504242 0.618102 0.848603 0.938777 0.972674 0.861704 0.769811 0.849964 0.694291 0.831176 0.527545 0.527391 0.729077 0.823832 0.366038 0.443271 0.956259 0.960116 0.982736 0.937862 0.887936 0.962927 0.859575 0.995928 0.506131 0.429496 0.545848 0.465533 0.513390 0.573446 0.593466 0.736624 0.579849 0.867998 0.870241 0.968501 0.708373 0.651793 0.701869 0.763641 0.468265 0.619373 0.368629 0.449409 0.455723 0.411287 0.779056 0.820189 0.628729 0.551576 0.969982 0.673650 0.853787 0.932413 0.955481 0.937998 0.881853 0.929207 0.631854 0.908843 0.677212 0.580619 0.458159 0.602155 0.878051 0.843486 0.759878 0.959294 0.818836 0.933020 0.873595 0.954639 0.807109 0.956322 0.936303 0.716589 0.844972 0.999430 0.757599 0.996570 0.570443 0.746868 0.732056 0.796245 0.687389 0.677788 0.689714 0.947251 0.995615 0.931757 0.867046 0.822435 0.857046 0.862155 0.841164 0.839399 0.967098 0.914125
0.821510 0.869523 0.903076 0.974602 0.794891 0.652202 0.724121 0.655032 0.000000 0.603953 0.770264 0.654509 0.628937 0.661479 0.628348 0.569264 0.909893 0.875777 0.850700 0.902400 0.734591 0.954963 0.690327 0.842074 0.872842 0.985218 0.900085 0.966107 0.722026 0.647779 0.768180 0.919471 0.694207 0.738663 0.955230 0.929106 0.999779 0.891564 0.848508 0.987994 0.877779 0.973394 0.763177 0.752842 0.644148 0.652530 0.824647 0.777756 0.643392 0.906474 0.812453 0.936780 0.773555 0.969669 0.763761 0.871805 0.973088 0.893593 0.937197 0.929159 0.649798 0.473889 0.812941 0.646846 0.947660 0.797826 0.952117 0.897861 0.834750 0.710835 0.682995 0.727517 0.895196 0.909926 0.783614 0.991523 0.740047 0.884282 0.965833 0.726280 0.689519 0.905368 0.698329 0.850869 0.574211 0.758642 0.849660 0.963942 0.790697 0.898722 0.833839 0.912682 0.920811 0.957918 0.900084 0.944298 0.920007 0.896996 0.723820 0.824382 0.775724 0.835786 0.827115 0.938807 0.829186 0.899398 0.972580 0.874111 0.848748 0.818082 0.854062 0.995786 0.933739 0.883400 0.847243 0.968911
0.612130 0.746130 0.994446 0.944792 0.762300 0.608989 0.376974 0.386461 0.603953 0.000000 0.528365 0.466001 0.439992 0.486378 0.573462 0.812611 0.603101 0.556095 0.497237 0.560737 0.810081 0.997751 0.882357 0.764031 0.564703 0.784886 0.660320 0.799265 0.443287 0.444197 0.740436 0.911383 0.388079 0.465539 0.921448 0.986255 0.835533 0.866817 0.976806 0.877147 0.857020 0.852597 0.502885 0.416637 0.349344 0.320908 0.556172 0.532826 0.411023 0.633816 0.583733 0.858164 0.858085 0.999321 0.791758 0.723245 0.797770 0.782322 0.631787 0.724958 0.358621 0.378767 0.500654 0.407910 0.606735 0.995398 0.803815 0.695644 0.961161 0.709276 0.817301 0.959057 0.913410 0.954797 0.988770 0.941817 0.660000 0.981476 0.731458 0.569015 0.441675 0.622921 0.766450 0.799416 0.640287 0.985153 0.895824 0.937933 0.918650 0.954654 0.654722 0.850068 0.780056 0.815592 0.877418 0.885605 0.847192 0.914447 0.452545 0.588755 0.635338 0.705832 0.583600 0.712822 0.786647 0.981659 0.924826 0.979411 0.792955 0.771558 0.757856 0.721116 0.804374 0.786341 0.903224 0.949977
0.545034 0.755542 0.968292 0.730727 0.712398 0.875807 0.406005 0.544028 0.770264 0.528365 0.000000 0.397734 0.396566 0.515218 0.708002 0.973119 0.488518 0.484151 0.476957 0.606433 0.869817 0.894269 0.843809 0.607293 0.475465 0.559405 0.616971 0.918454 0.498928 0.480511 0.936194 0.961685 0.490060 0.501250 0.812517 0.935733 0.858693 0.740093 0.944778 0.949825 0.779976 0.926387 0.701129 0.595017 0.626372 0.566408 0.664393 0.606135 0.683730 0.971801 0.815866 0.843378 0.866783 0.751830 0.836239 0.823349 0.724484 0.737239 0.588711 0.858149 0.357930 0.579126 0.375719 0.419809 0.589960 0.891688 0.962410 0.909601 0.950447 0.818797 0.911698 0.795798 0.802510 0.821994 0.980681 0.957662 0.889898 0.988877 0.680212 0.663563 0.429736 0.459417 0.733383 0.597618 0.672424 0.920850 0.874535 0.924922 0.831049 0.884380 0.899812 0.871108 0.934279 0.655221 0.996673 0.986434 0.855420 0.968448 0.671063 0.875239 0.620695 0.827115 0.670306 0.721942 0.910337 0.874973 0.945765 0.839572 0.815948 0.820080 0.885212 0.950068 0.880461 0.887210 0.957178 0.945017
0.462241 0.669570 0.968015 0.741965 0.697048 0.849447 0.449540 0.518353 0.654509 0.466001 0.397734 0.000000 0.335004 0.381446 0.615144 0.786522 0.506036 0.487499 0.442724 0.580603 0.709916 0.868519 0.964755 0.754010 0.478766 0.605194 0.749985 0.934701 0.489806 0.460172 0.941905 0.938106 0.477096 0.540560 0.828963 0.959229 0.883341 0.864290 0.926903 0.914305 0.759037 0.942386 0.694981 0.583281 0.520931 0.515711 0.714224 0.691313 0.550569 0.871199 0.829334 0.955295 0.996313 0.796460 0.839006 0.825619 0.683903 0.664685 0.669760 0.843316 0.390663 0.441021 0.500086 0.406877 0.619043 0.915854 0.990942 0.946667 0.822254 0.645783 0.947052 0.985874 0.832359 0.910584 0.958392 0.950357 0.842893 0.987641 0.739292 0.612100 0.404998 0.501464 0.591811 0.658305 0.564037 0.965399 0.831552 0.968823 0.770048 0.996296 0.827588 0.994476 0.962397 0.847705 0.999546 0.951412 0.906268 0.920902 0.590270 0.691588 0.673075 0.700096 0.629231 0.656610 0.925929 0.879252 0.902163 0.986841 0.840739 0.787579 0.879655 0.784259 0.850611 0.758521 0.907449 0.963176
0.559147 0.767747 0.964014 0.647067 0.597821 0.834642 0.437254 0.536711 0.628937 0.439992 0.396566 0.335004 0.000000 0.329986 0.471219 0.737188 0.574788 0.568729 0.510485 0.649358 0.760806 0.923056 0.901742 0.711859 0.451734 0.544284 0.704316 0.934203 0.448303 0.388920 0.905184 0.950989 0.445451 0.560220 0.801923 0.933814 0.892859 0.745545 0.925390 0.982698 0.799183 0.911360 0.680407 0.583637 0.491843 0.466796 0.723608 0.637164 0.541952 0.924852 0.821497 0.916345 0.996489 0.772570 0.897418 0.804007 0.847379 0.773649 0.700587 0.942162 0.338932 0.443486 0.473192 0.381389 0.562754 0.799336 0.929513 0.972976 0.954134 0.764914 0.917620 0.958607 0.858621 0.882064 0.979645 0.933789 0.797173 0.967929 0.788393 0.682888 0.439623 0.583979 0.594894 0.657099 0.545952 0.929180 0.915504 0.963550 0.777560 0.945655 0.926069 0.946923 0.879194 0.716496 0.984065 0.943396 0.841520 0.992109 0.621495 0.736573 0.636986 0.795160 0.630679 0.718431 0.988105 0.979161 0.896131 0.975105 0.790715 0.857304 0.802649 0.825364 0.857282 0.815060 0.932795 0.965086
0.616904 0.749280 0.841006 0.654647 0.663386 0.891392 0.606407 0.628545 0.661479 0.486378 0.515218 0.381446 0.329986 0.000000 0.487924 0.676948 0.699262 0.645054 0.583058 0.648237 0.847268 0.922854 0.825286 0.799001 0.499655 0.655119 0.750170 0.870631 0.567028 0.509856 0.958848 0.987764 0.590545 0.658220 0.756487 0.950725 0.825819 0.825879 0.996854 0.970935 0.821854 0.811871 0.707655 0.587177 0.490704 0.494916 0.749141 0.737158 0.479672 0.879307 0.842530 0.974380 0.931575 0.882611 0.907178 0.884642 0.910666 0.781388 0.896596 0.956434 0.495333 0.437281 0.654678 0.528795 0.612680 0.816728 0.851386 0.935028 0.911498 0.727155 0.879384 0.916030 0.786406 0.875515 0.979762 0.961008 0.825200 0.977394 0.877102 0.682505 0.566025 0.678958 0.547406 0.773052 0.550419 0.881296 0.975858 0.954118 0.707538 0.959315 0.850219 0.921384 0.996525 0.878613 0.969049 0.964679 0.821018 0.978654 0.578053 0.720595 0.642870 0.719865 0.691628 0.772757 0.995927 0.858932 0.968067 0.991443 0.789304 0.863938 0.799224 0.824811 0.838443 0.758348 0.935192 0.953861
0.889650 0.896886 0.892920 0.786443 0.562423 0.706823 0.668729 0.742991 0.628348 0.573462 0.708002 0.615144 0.471219 0.487924 0.000000 0.479460 0.825861 0.866694 0.877793 0.919803 0.913350 0.894581 0.565428 0.956925 0.657807 0.813033 0.928358 0.901979 0.550449 0.527303 0.794716 0.890088 0.627389 0.738469 0.936152 0.938800 0.951379 0.791952 0.947357 0.960732 0.991902 0.983864 0.696898 0.707283 0.500286 0.505495 0.813808 0.734641 0.525042 0.831576 0.769401 0.930567 0.756757 0.945126 0.966916 0.954420 0.843100 0.976578 0.950616 0.889819 0.580342 0.560590 0.704751 0.624390 0.814443 0.881094 0.926791 0.967653 0.893724 0.812906 0.724919 0.819978 0.950104 0.909688 0.951251 0.868453 0.692244 0.875634 0.928113 0.779684 0.695492 0.903499 0.526095 0.862182 0.482225 0.818657 0.897930 0.828499 0.864200 0.958412 0.827262 0.950907 0.935926 0.911954 0.974682 0.978416 0.924954 0.900679 0.657642 0.682460 0.674384 0.943425 0.692215 0.945330 0.896189 0.980384 0.901762 0.973863 0.898738 0.998251 0.882146 0.706458 0.942367 0.861920 0.906425 0.980367
0.984338 0.974004 0.776604 0.957769 0.667694 0.721554 0.974217 0.999347 0.569264 0.812611 0.973119 0.786522 0.737188 0.676948 0.479460 0.000000 0.950504 0.950644 0.959673 0.912021 0.817167 0.970170 0.425511 0.691323 0.873942 0.959662 0.818778 0.842550 0.881171 0.753675 0.866251 0.861710 0.939166 0.994136 0.966462 0.993985 0.993460 0.927798 0.948856 0.962728 0.848350 0.929590 0.896844 0.888155 0.696565 0.753680 0.887107 0.885058 0.704703 0.887055 0.855354 0.826986 0.660343 0.818512 0.921091 0.958278 0.708348 0.886255 0.738419 0.872413 0.863274 0.709213 0.976715 0.880617 0.943003 0.988191 0.900457 0.851140 0.975677 0.894801 0.665053 0.761630 0.802912 0.922365 0.912665 0.960892 0.900386 0.826425 0.880492 0.856149 0.954761 0.891725 0.468302 0.980406 0.526720 0.650053 0.989417 0.761062 0.792070 0.816217 0.775557 0.776941 0.810896 0.829648 0.880401 0.886713 0.890877 0.928148 0.811540 0.761198 0.912960 0.984635 0.832714 0.731354 0.892556 0.922895 0.969770 0.858401 0.985318 0.906379 0.954508 0.836672 0.949241 0.947093 0.815211 0.905977
0.452531 0.553245 0.954522 0.830110 0.756252 0.753664 0.446708 0.599276 0.909893 0.603101 0.488518 0.506036 0.574788 0.699262 0.825861 0.950504 0.000000 0.379636 0.495106 0.572401 0.885640 0.812976 0.812206 0.718632 0.556018 0.607057 0.647376 0.905517 0.489546 0.494728 0.999066 0.930774 0.551317 0.490167 0.884966 0.963101 0.914526 0.776374 0.985582 0.903152 0.891441 0.859134 0.663885 0.624914 0.645325 0.587970 0.601736 0.603907 0.687211 0.817762 0.694224 0.993490 0.956884 0.872423 0.753529 0.729530 0.529811 0.566595 0.479950 0.628627 0.451529 0.679625 0.389639 0.391518 0.673552 0.959169 0.719231 0.741326 0.816770 0.738067 0.840091 0.871750 0.944548 0.972161 0.830303 0.990832 0.805505 0.910368 0.502937 0.724552 0.383630 0.438142 0.779768 0.687117 0.754985 0.998143 0.832001 0.958347 0.970775 0.854677 0.727242 0.949391 0.948913 0.798456 0.964966 0.942744 0.846587 0.997923 0.603726 0.636226 0.630193 0.720380 0.585646 0.752531 0.874391 0.964421 0.947865 0.956476 0.851953 0.709511 0.982033 0.768869 0.788356 0.779072 0.862722 0.911300
0.404744 0.566032 0.995967 0.753918 0.743752 0.883470 0.499927 0.651421 0.875777 0.556095 0.484151 0.487499 0.568729 0.645054 0.866694 0.950644 0.379636 0.000000 0.415074 0.440693 0.843279 0.922548 0.844154 0.695342 0.498119 0.589640 0.617858 0.745671 0.512571 0.470660 0.883719 0.915831 0.605749 0.550092 0.767307 0.906327 0.877894 0.842339 0.977804 0.954280 0.863288 0.966012 0.738390 0.703462 0.666959 0.584180 0.680753 0.639349 0.660579 0.786830 0.747334 0.984296 0.888600 0.820808 0.818303 0.754510 0.499049 0.501634 0.561992 0.677195 0.512384 0.720835 0.451742 0.462302 0.605933 0.877657 0.801284 0.817293 0.797999 0.721535 0.880046 0.848453 0.896904 0.982980 0.777499 0.979144 0.951874 0.880611 0.542142 0.670143 0.376593 0.393399 0.721275 0.564294 0.736968 0.940437 0.855587 0.919935 0.989464 0.987516 0.779285 0.969053 0.914267 0.835316 0.992614 0.975615 0.929894 0.999730 0.595227 0.679214 0.687681 0.683362 0.521102 0.711806 0.961740 0.881190 0.966101 0.884910 0.915071 0.787847 0.878143 0.789984 0.855416 0.814937 0.925840 0.971029
0.484991 0.684725 0.958380 0.882506 0.780899 0.819167 0.477097 0.504242 0.850700 0.497237 0.476957 0.442724 0.510485 0.583058 0.877793 0.959673 0.495106 0.415074 0.000000 0.388321 0.710884 0.967229 0.912862 0.714415 0.548474 0.588814 0.630517 0.706100 0.544998 0.537806 0.970385 0.912680 0.539073 0.511213 0.853271 0.983607 0.838187 0.927509 0.984155 0.985615 0.898651 0.859566 0.653063 0.515523 0.566698 0.530927 0.672419 0.644115 0.668280 0.781510 0.768549 0.971110 0.933804 0.824926 0.781702 0.707011 0.607509 0.631632 0.526316 0.700470 0.476174 0.591451 0.506893 0.485868 0.598004 0.949724 0.790030 0.776000 0.815878 0.777614 0.983082 0.943270 0.913092 0.970805 0.945073 0.959764 0.926093 0.954433 0.671523 0.652078 0.460449 0.420412 0.779819 0.586235 0.773811 0.851339 0.875046 0.906113 0.794614 0.989358 0.780163 0.950053 0.943718 0.805747 0.996027 0.946953 0.936227 0.916474 0.590713 0.761385 0.788665 0.683416 0.576326 0.629733 0.976056 0.878469 0.973176 0.871493 0.849380 0.823189 0.913160 0.801610 0.832784 0.783947 0.908185 0.964587
0.536552 0.555852 0.917422 0.944832 0.826029 0.899298 0.580133 0.618102 0.902400 0.560737 0.606433 0.580603 0.649358 0.648237 0.919803 0.912021 0.572401 0.440693 0.388321 0.000000 0.911214 0.945614 0.919511 0.800741 0.660290 0.716659 0.716036 0.679311 0.618557 0.589072 0.953598 0.925807 0.627594 0.550813 0.826323 0.928472 0.968313 0.994442 0.932644 0.878353 0.873681 0.852939 0.752898 0.641684 0.654945 0.601874 0.641133 0.735124 0.677652 0.726744 0.737068 0.921377 0.929765 0.850822 0.711521 0.686451 0.560455 0.556080 0.589263 0.689515 0.597324 0.694034 0.582830 0.556571 0.693120 0.983900 0.753003 0.773600 0.735435 0.709149 0.964361 0.969377 0.808758 0.959761 0.917860 0.846654 0.964839 0.832862 0.657082 0.638631 0.545043 0.477906 0.829477 0.597700 0.774042 0.945558 0.865873 0.852168 0.857436 0.949749 0.812224 0.932353 0.936440 0.868658 0.990726 0.940979 0.932022 0.940890 0.666861 0.741873 0.876455 0.781214 0.697187 0.616622 0.945237 0.805003 0.952609 0.871417 0.887780 0.838969 0.905599 0.768016 0.998956 0.860794 0.990357 0.998802
0.779957 0.917251 0.938960 0.909391 0.874831 0.834288 0.849899 0.848603 0.734591 0.810081 0.869817 0.709916 0.760806 0.847268 0.913350 0.817167 0.885640 0.843279 0.710884 0.911214 0.000000 0.920125 0.886977 0.965429 0.806068 0.810521 0.896589 0.940719 0.903416 0.879269 0.971307 0.947482 0.954054 0.884016 0.947804 0.928499 0.913026 0.938743 0.743334 0.985821 0.985768 0.925800 0.927014 0.866302 0.799864 0.818666 0.962631 0.743179 0.845472 0.886941 0.871359 0.889229 0.850777 0.906897 0.862511 0.896828 0.977165 0.945572 0.920442 0.861923 0.828869 0.791606 0.910826 0.853047 0.887393 0.957388 0.989221 0.954389 0.912024 0.777561 0.871235 0.861572 0.996187 0.942633 0.895423 0.954040 0.965232 0.954584 0.922812 0.872237 0.862573 0.838528 0.803135 0.867377 0.804166 0.987594 0.975793 0.867118 0.804412 0.808864 0.782647 0.851928 0.884417 0.958029 0.947511 0.952271 0.956262 0.827719 0.848103 0.788210 0.928602 0.740503 0.797599 0.870042 0.979972 0.881797 0.917178 0.965854 0.942016 0.932642 0.937862 0.929380 0.921623 0.795107 0.801749 0.926299
0.856532 0.822576 0.908380 0.886520 0.955013 0.950498 0.909014 0.938777 0.954963 0.997751 0.894269 0.868519 0.923056 0.922854 0.894581 0.970170 0.812976 0.922548 0.967229 0.945614 0.920125 0.000000 0.944345 0.856172 0.978700 0.986151 0.990929 0.987128 0.843451 0.902234 0.985526 0.985439 0.818038 0.893901 0.907790 0.791789 0.927782 0.951879 0.852673 0.831185 0.949869 0.865745 0.937702 0.925840 0.987834 0.969559 0.801095 0.858259 0.904587 0.979561 0.990850 0.947255 0.977738 0.945945 0.907230 0.913636 0.789237 0.871855 0.925705 0.880051 0.907886 0.884685 0.909531 0.895475 0.991791 0.980851 0.965038 0.950557 0.959468 0.907647 0.855133 0.969409 0.924970 0.996743 0.948323 0.920803 0.974733 0.993460 0.949327 0.940939 0.938125 0.901597 0.895180 0.892042 0.954386 0.974890 0.910672 0.837891 0.864619 0.882921 0.895390 0.816600 0.880406 0.849513 0.945536 0.993470 0.794314 0.849488 0.996677 0.987751 0.900331 0.915594 0.969138 0.989881 0.945939 0.992453 0.901128 0.978311 0.945581 0.889214 0.967921 0.913442 0.968709 0.985331 0.940149 0.923210
0.931137 0.996430 0.891490 0.836221 0.742730 0.651883 0.913633 0.972674 0.690327 0.882357 0.843809 0.964755 0.901742 0.825286 0.565428 0.425511 0.812206 0.844154 0.912862 0.919511 0.886977 0.944345 0.000000 0.533620 0.949340 0.950803 0.666640 0.880754 0.983698 0.925635 0.863479 0.866635 0.949548 0.867942 0.939159 0.973383 0.991809 0.929032 0.879519 0.921554 0.833802 0.998184 0.850700 0.905219 0.737959 0.791282 0.923445 0.983917 0.705712 0.756012 0.786880 0.662464 0.553726 0.647698 0.910161 0.979563 0.722764 0.919407 0.712664 0.922918 0.972110 0.832001 0.784280 0.926464 0.791001 0.947699 0.987621 0.922392 0.983131 0.794026 0.571925 0.643379 0.811041 0.859256 0.950967 0.932550 0.842711 0.765440 0.773253 0.820094 0.911944 0.784115 0.619411 0.897235 0.636593 0.635888 0.889560 0.711566 0.745173 0.641664 0.752124 0.653874 0.713343 0.690344 0.833013 0.984829 0.956468 0.932518 0.847060 0.760363 0.936530 0.984634 0.910905 0.840291 0.986099 0.928476 0.895491 0.915942 0.941925 0.732359 0.952469 0.814062 0.944817 0.978868 0.875867 0.981840
0.733597 0.940938 0.937522 0.630032 0.941464 0.811775 0.697172 0.861704 0.842074 0.764031 0.607293 0.754010 0.711859 0.799001 0.956925 0.691323 0.718632 0.695342 0.714415 0.800741 0.965429 0.856172 0.533620 0.000000 0.681993 0.746900 0.556586 0.878505 0.729766 0.774710 0.972409 0.872318 0.759264 0.756545 0.818661 0.874176 0.828856 0.809189 0.954205 0.936708 0.820336 0.882457 0.883994 0.833789 0.909044 0.867208 0.816856 0.781620 0.927883 0.890880 0.942513 0.750858 0.668685 0.664345 0.936443 0.996244 0.783706 0.875041 0.723671 0.998368 0.677320 0.887088 0.621784 0.727282 0.598914 0.700483 0.813066 0.950742 0.981929 0.802475 0.744386 0.683077 0.856356 0.794239 0.746880 0.899618 0.955903 0.861508 0.817666 0.991585 0.754241 0.719198 0.868037 0.831358 0.935298 0.567709 0.868988 0.727663 0.869802 0.717848 0.829496 0.742225 0.766613 0.619850 0.831861 0.990719 0.870994 0.916850 0.916352 0.928855 0.789768 0.936699 0.866514 0.832117 0.957454 0.868300 0.735651 0.996167 0.994326 0.776438 0.932479 0.970213 0.889744 0.970597 0.916444 0.956989
0.554423 0.821467 0.643298 0.511563 0.583877 0.909601 0.583592 0.769811 0.872842 0.564703 0.475465 0.478766 0.451734 0.499655 0.657807 0.873942 0.556018 0.498119 0.548474 0.660290 0.806068 0.978700 0.949340 0.681993 0.000000 0.461923 0.608436 0.840441 0.610342 0.576519 0.812415 0.934952 0.648638 0.718440 0.679623 0.987360 0.761197 0.714103 0.847590 0.947550 0.779640 0.803549 0.868349 0.750936 0.505732 0.532797 0.866093 0.724155 0.594276 0.898663 0.893937 0.926049 0.958218 0.797463 0.911745 0.924591 0.830962 0.784117 0.817671 0.951585 0.502572 0.662782 0.577000 0.530173 0.445602 0.683778 0.871262 0.925982 0.960277 0.885815 0.926414 0.813056 0.748664 0.894893 0.817343 0.975387 0.920051 0.910984 0.793943 0.722544 0.491674 0.584183 0.717543 0.623076 0.677304 0.810336 0.976838 0.969365 0.837207 0.974654 0.747178 0.875419 0.895080 0.869056 0.941516 0.996976 0.980967 0.926727 0.542976 0.717391 0.620109 0.678685 0.568202 0.736487 0.955153 0.882959 0.933810 0.982241 0.845757 0.916885 0.759122 0.741403 0.812585 0.792580 0.939531 0.984335
0.579819 0.779663 0.730535 0.615066 0.625560 0.970487 0.729375 0.849964 0.985218 0.784886 0.559405 0.605194 0.544284 0.655119 0.813033 0.959662 0.607057 0.589640 0.588814 0.716659 0.810521 0.986151 0.950803 0.746900 0.461923 0.000000 0.755332 0.921129 0.815132 0.715497 0.704686 0.847898 0.803990 0.860459 0.707436 0.915539 0.836508 0.797329 0.881865 0.928017 0.881258 0.873019 0.994551 0.891617 0.757803 0.771978 0.966418 0.894424 0.773329 0.948809 0.940035 0.989749 0.951734 0.864144 0.960961 0.859744 0.813055 0.692348 0.794905 0.964495 0.679437 0.871811 0.656648 0.655985 0.518793 0.522063 0.834597 0.828744 0.963382 0.939895 0.915281 0.797003 0.701830 0.794157 0.909951 0.924014 0.877712 0.929088 0.868152 0.895595 0.697840 0.679031 0.762918 0.663530 0.783729 0.784421 0.979084 0.944642 0.790846 0.917571 0.915626 0.883177 0.959355 0.902300 0.766695 0.931521 0.928657 0.989573 0.737285 0.801215 0.856526 0.787278 0.727759 0.754523 0.866642 0.897726 0.915179 0.972957 0.921814 0.985797 0.995156 0.867832 0.999487 0.967463 0.855304 0.999551
0.764175 0.919472 0.973144 0.752408 0.913704 0.992030 0.556862 0.694291 0.900085 0.660320 0.616971 0.749985 0.704316 0.750170 0.928358 0.818778 0.647376 0.617858 0.630517 0.716036 0.896589 0.990929 0.666640 0.556586 0.608436 0.755332 0.000000 0.881206 0.677238 0.683941 0.968111 0.962232 0.739650 0.631394 0.858679 0.849253 0.814533 0.731512 0.957247 0.974971 0.873371 0.854048 0.819570 0.748143 0.743901 0.722662 0.662030 0.805172 0.820603 0.953483 0.962269 0.805046 0.732784 0.715252 0.907506 0.991056 0.866945 0.931528 0.699222 0.926257 0.588897 0.788692 0.605889 0.654918 0.655503 0.876702 0.905756 0.792818 0.763636 0.885754 0.815950 0.786599 0.859067 0.967715 0.848815 0.974638 0.972644 0.854753 0.747182 0.816054 0.607184 0.630051 0.957824 0.849283 0.995887 0.774676 0.933285 0.874586 0.907262 0.756795 0.978241 0.905090 0.936343 0.669940 0.975551 0.914438 0.996978 0.995669 0.774302 0.923126 0.787454 0.905108 0.741643 0.868737 0.915766 0.843331 0.864638 0.987676 0.946605 0.817156 0.934947 0.990692 0.838320 0.896622 0.892415 0.957563
0.765878 0.752741 0.962237 0.976468 0.846993 0.905796 0.918628 0.831176 0.966107 0.799265 0.918454 0.934701 0.934203 0.870631 0.901979 0.842550 0.905517 0.745671 0.706100 0.679311 0.940719 0.987128 0.880754 0.878505 0.840441 0.921129 0.881206 0.000000 0.944657 0.905203 0.907055 0.990591 0.876399 0.867730 0.885835 0.865920 0.979140 0.917878 0.897321 0.935760 0.909022 0.826637 0.863516 0.850139 0.919449 0.835837 0.890486 0.851257 0.874537 0.846611 0.864125 0.877591 0.974457 0.980983 0.783874 0.889499 0.716698 0.685205 0.770232 0.708479 0.932756 0.911881 0.881751 0.895348 0.821432 0.997543 0.923611 0.877607 0.828904 0.728236 0.960582 0.869586 0.915124 0.978408 0.964227 0.805819 0.918776 0.770056 0.870570 0.988544 0.880420 0.873333 0.998901 0.774486 0.931551 0.752266 0.881800 0.996377 0.903270 0.931931 0.925319 0.897942 0.929966 0.989300 0.991686 0.968679 0.917247 0.882655 0.802484 0.859198 0.975820 0.815654 0.817106 0.858942 0.956743 0.988453 0.823141 0.854589 0.926513 0.950942 0.874927 0.973372 0.947400 0.812193 0.818915 0.923435
0.665053 0.764411 0.928383 0.807364 0.695388 0.704328 0.426613 0.527545 0.722026 0.443287 0.498928 0.489806 0.448303 0.567028 0.550449 0.881171 0.489546 0.512571 0.544998 0.618557 0.903416 0.843451 0.983698 0.729766 0.610342 0.815132 0.677238 0.944657 0.000000 0.386426 0.712370 0.795388 0.448724 0.441669 0.954065 0.969629 0.977146 0.819029 0.907072 0.906884 0.911800 0.970680 0.608684 0.548948 0.523074 0.421262 0.575148 0.537938 0.573863 0.789300 0.699720 0.952036 0.993888 0.868292 0.847250 0.736573 0.750742 0.789557 0.646499 0.847241 0.411835 0.517492 0.420597 0.401729 0.602331 0.959898 0.811793 0.775718 0.974714 0.826166 0.968529 0.956628 0.991382 0.991266 0.912424 0.893081 0.717676 0.975344 0.580363 0.596570 0.374051 0.513763 0.764549 0.703499 0.685155 0.978200 0.939452 0.923940 0.948988 0.795277 0.832808 0.856306 0.968486 0.689584 0.968565 0.973042 0.779361 0.970925 0.660338 0.725067 0.547883 0.788332 0.632193 0.711830 0.841303 0.968434 0.944143 0.905750 0.730837 0.777661 0.849446 0.736716 0.827059 0.774380 0.991648 0.955996
0.643802 0.735665 0.928894 0.836735 0.645785 0.762762 0.414566 0.527391 0.647779 0.444197 0.480511 0.460172 0.388920 0.509856 0.527303 0.753675 0.494728 0.470660 0.537806 0.589072 0.879269 0.902234 0.925635 0.774710 0.576519 0.715497 0.683941 0.905203 0.386426 0.000000 0.827716 0.772169 0.420165 0.410236 0.868582 0.950122 0.914127 0.866350 0.926615 0.935512 0.931097 0.960995 0.625595 0.584665 0.558758 0.459105 0.653267 0.618517 0.606106 0.887079 0.718272 0.935359 0.948877 0.782388 0.828959 0.677617 0.748808 0.772650 0.629162 0.847848 0.378301 0.526681 0.407194 0.356851 0.634186 0.939486 0.847711 0.758128 0.953486 0.769344 0.912779 0.943535 0.952755 0.874267 0.982373 0.964870 0.839664 0.983525 0.625136 0.612258 0.438334 0.562366 0.604104 0.635126 0.645294 0.938879 0.898173 0.885132 0.924805 0.847168 0.919864 0.850668 0.907821 0.682440 0.988617 0.885437 0.812081 0.998992 0.658781 0.736519 0.624089 0.922978 0.583702 0.839831 0.865812 0.924852 0.958562 0.993866 0.843131 0.744625 0.889620 0.783685 0.860228 0.770704 0.988588 0.981717
0.814694 0.897691 0.720841 0.771551 0.919421 0.763305 0.799798 0.729077 0.768180 0.740436 0.936194 0.941905 0.905184 0.958848 0.794716 0.866251 0.999066 0.883719 0.970385 0.953598 0.971307 0.985526 0.863479 0.972409 0.812415 0.704686 0.968111 0.907055 0.712370 0.827716 0.000000 0.678937 0.731026 0.834511 0.797234 0.980234 0.785904 0.958700 0.852322 0.897957 0.954509 0.938484 0.723661 0.771569 0.869457 0.821312 0.806147 0.833785 0.896023 0.945704 0.869409 0.983051 0.914132 0.975475 0.937424 0.917692 0.927901 0.813298 0.931494 0.969002 0.834034 0.732597 0.902231 0.821039 0.930981 0.787538 0.796855 0.779782 0.885116 0.942187 0.813562 0.765008 0.794850 0.992018 0.996317 0.879472 0.625051 0.816928 0.909370 0.863684 0.890316 0.923970 0.997258 0.767372 0.963680 0.879012 0.817741 0.869988 0.857488 0.884864 0.964790 0.771494 0.955222 0.827802 0.973573 0.874099 0.995555 0.938702 0.983836 0.849678 0.899832 0.895770 0.942708 0.957947 0.786221 0.725492 0.933067 0.877509 0.900245 0.881281 0.938400 0.961130 0.871527 0.847618 0.980808 0.898777
0.844362 0.849293 0.714653 0.739831 0.934557 0.926528 0.814242 0.823832 0.919471 0.911383 0.961685 0.938106 0.950989 0.987764 0.890088 0.861710 0.930774 0.915831 0.912680 0.925807 0.947482 0.985439 0.866635 0.872318 0.934952 0.847898 0.962232 0.990591 0.795388 0.772169 0.678937 0.000000 0.749203 0.802906 0.920450 0.837838 0.740976 0.974825 0.939367 0.807587 0.949127 0.917013 0.854761 0.856219 0.955970 0.875466 0.860187 0.838997 0.930479 0.938144 0.956367 0.852457 0.920135 0.859152 0.906506 0.996856 0.942923 0.796411 0.981272 0.948242 0.884204 0.942084 0.902734 0.900957 0.846960 0.676549 0.710882 0.680910 0.886861 0.983651 0.880720 0.878885 0.626933 0.831119 0.902668 0.982275 0.904719 0.873856 0.812755 0.829197 0.897540 0.913135 0.844966 0.949753 0.973593 0.767911 0.999459 0.819959 0.903171 0.881406 0.950381 0.808530 0.930278 0.850104 0.936819 0.887074 0.998330 0.991358 0.948282 0.936747 0.937945 0.794859 0.820357 0.903937 0.852739 0.849825 0.838315 0.899694 0.927016 0.920861 0.986213 0.942710 0.930441 0.939904 0.781500 0.986279
0.653192 0.809466 0.828140 0.986780 0.827215 0.730761 0.370065 0.366038 0.694207 0.388079 0.490060 0.477096 0.445451 0.590545 0.627389 0.939166 0.551317 0.605749 0.539073 0.627594 0.954054 0.818038 0.949548 0.759264 0.648638 0.803990 0.739650 0.876399 0.448724 0.420165 0.731026 0.749203 0.000000 0.455126 0.980559 0.990731 0.997173 0.911126 0.996106 0.964060 0.811005 0.968580 0.570194 0.494055 0.524336 0.446412 0.571111 0.569906 0.607549 0.849139 0.712769 0.979496 0.993473 0.793353 0.792967 0.771746 0.733459 0.791973 0.534718 0.773340 0.354149 0.489870 0.441511 0.393587 0.703677 0.915650 0.764950 0.630196 0.948934 0.688420 0.905462 0.960462 0.997890 0.978390 0.977960 0.939382 0.676829 0.917586 0.739705 0.628192 0.454679 0.605190 0.795245 0.745011 0.738822 0.991228 0.933026 0.936842 0.881729 0.837714 0.908300 0.904116 0.954811 0.680697 0.937208 0.957051 0.798358 0.998147 0.636449 0.749307 0.669396 0.925763 0.674491 0.662812 0.844515 0.946943 0.916710 0.992882 0.887890 0.840844 0.803876 0.808869 0.902399 0.915960 0.996995 0.979269
0.665473 0.759481 0.713118 0.955929 0.867384 0.730467 0.377216 0.443271 0.738663 0.465539 0.501250 0.540560 0.560220 0.658220 0.738469 0.994136 0.490167 0.550092 0.511213 0.550813 0.884016 0.893901 0.867942 0.756545 0.718440 0.860459 0.631394 0.867730 0.441669 0.410236 0.834511 0.802906 0.455126 0.000000 0.897166 0.923029 0.898977 0.928149 0.861143 0.954540 0.831722 0.935435 0.636586 0.505370 0.633206 0.516085 0.521631 0.611183 0.688618 0.841501 0.674039 0.964942 0.949646 0.822217 0.767820 0.731517 0.690237 0.780091 0.504380 0.725486 0.396676 0.568285 0.394754 0.404766 0.746376 0.870964 0.712951 0.579548 0.979964 0.769202 0.978896 0.959638 0.926717 0.947348 0.907949 0.954988 0.748122 0.925308 0.628154 0.638769 0.456899 0.474510 0.842309 0.635357 0.752427 0.897209 0.833545 0.980839 0.979631 0.780234 0.900520 0.862580 0.891032 0.614494 0.971530 0.951267 0.870321 0.928502 0.731228 0.819437 0.685389 0.900163 0.705048 0.790239 0.805411 0.981273 0.872661 0.844294 0.796122 0.716295 0.894321 0.881651 0.947077 0.829741 0.915161 0.988669
0.776493 0.879273 0.763822 0.773069 0.896999 0.870948 0.924852 0.956259 0.955230 0.921448 0.812517 0.828963 0.801923 0.756487 0.936152 0.966462 0.884966 0.767307 0.853271 0.826323 0.947804 0.907790 0.939159 0.818661 0.679623 0.707436 0.858679 0.885835 0.954065 0.868582 0.797234 0.920450 0.980559 0.897166 0.000000 0.888332 0.822995 0.957387 0.822298 0.957284 0.807296 0.728696 0.990680 0.916142 0.904849 0.915220 0.995756 0.881226 0.879220 0.977833 0.941099 0.964188 0.944561 0.911779 0.814333 0.994857 0.924303 0.908272 0.980627 0.937250 0.908698 0.965589 0.874511 0.889315 0.767207 0.729873 0.760529 0.860025 0.990314 0.983197 0.978447 0.795670 0.809727 0.978374 0.850072 0.887190 0.784173 0.957386 0.863683 0.823322 0.901683 0.876625 0.923478 0.834022 0.810906 0.839430 0.960918 0.985898 0.867408 0.919910 0.961294 0.967489 0.963094 0.980600 0.902544 0.997244 0.933405 0.883196 0.861746 0.773345 0.946557 0.975749 0.858059 0.943905 0.978706 0.957663 0.907616 0.969670 0.928622 0.880499 0.752633 0.922311 0.994614 0.997609 0.957994 0.979939
0.815177 0.795289 0.996107 0.936885 0.982195 0.931118 0.958953 0.960116 0.929106 0.986255 0.935733 0.959229 0.933814 0.950725 0.938800 0.993985 0.963101 0.906327 0.983607 0.928472 0.928499 0.791789 0.973383 0.874176 0.987360 0.915539 0.849253 0.865920 0.969629 0.950122 0.980234 0.837838 0.990731 0.923029 0.888332 0.000000 0.848904 0.858944 0.947978 0.936802 0.844073 0.984606 0.948002 0.949009 0.982365 0.971642 0.927980 0.982330 0.934565 0.855291 0.894574 0.848150 0.858528 0.927422 0.758220 0.881096 0.721056 0.699985 0.869750 0.742447 0.935547 0.941489 0.990299 0.941255 0.985279 0.912214 0.856515 0.986880 0.871912 0.702949 0.918900 0.930819 0.963043 0.981555 0.842395 0.880672 0.982455 0.958329 0.977748 0.870807 0.908376 0.982791 0.971863 0.993187 0.989456 0.963576 0.821705 0.983425 0.916478 0.897596 0.896857 0.875439 0.868009 0.821648 0.838180 0.934879 0.976206 0.897409 0.918943 0.872839 0.936758 0.912770 0.948884 0.907789 0.787922 0.929496 0.855857 0.896212 0.971773 0.998269 0.776955 0.953881 0.995451 0.837294 0.950317 0.993064
0.815779 0.925719 0.764971 0.833228 0.916560 0.989658 0.924844 0.982736 0.999779 0.835533 0.858693 0.883341 0.892859 0.825819 0.951379 0.993460 0.914526 0.877894 0.838187 0.968313 0.913026 0.927782 0.991809 0.828856 0.761197 0.836508 0.814533 0.979140 0.977146 0.914127 0.785904 0.740976 0.997173 0.898977 0.822995 0.848904 0.000000 0.889163 0.851210 0.982554 0.903871 0.758427 0.886544 0.861664 0.771371 0.806370 0.995674 0.940674 0.776654 0.863700 0.920275 0.863659 0.988402 0.877841 0.894587 0.956719 0.936997 0.991575 0.980859 0.964593 0.909307 0.883344 0.958681 0.923820 0.746745 0.782377 0.914108 0.955413 0.927679 0.960148 0.930700 0.945326 0.933743 0.976656 0.967831 0.986321 0.951014 0.891903 0.944508 0.874882 0.925889 0.892748 0.924950 0.943410 0.965619 0.839843 0.993257 0.871472 0.930076 0.939328 0.807844 0.848628 0.843209 0.998994 0.970470 0.996015 0.953900 0.997300 0.776502 0.963387 0.875366 0.922070 0.942059 0.954430 0.900166 0.957399 0.996186 0.909770 0.925942 0.800235 0.937125 0.857334 0.678697 0.827181 0.985814 0.935550
0.883335 0.980699 0.933361 0.692165 0.822381 0.994825 0.740464 0.937862 0.891564 0.866817 0.740093 0.864290 0.745545 0.825879 0.791952 0.927798 0.776374 0.842339 0.927509 0.994442 0.938743 0.951879 0.929032 0.809189 0.714103 0.797329 0.731512 0.917878 0.819029 0.866350 0.958700 0.974825 0.911126 0.928149 0.957387 0.858944 0.889163 0.000000 0.985880 0.952098 0.907948 0.966321 0.925132 0.912167 0.857243 0.866175 0.917606 0.923512 0.939309 0.881947 0.877448 0.738018 0.864686 0.829786 0.939296 0.820359 0.918455 0.944622 0.995545 0.834491 0.718705 0.907881 0.733677 0.800786 0.880208 0.918831 0.979553 0.971384 0.811607 0.841462 0.870979 0.987382 0.995593 0.953073 0.804324 0.939003 0.880341 0.952679 0.838387 0.997386 0.734048 0.861651 0.971782 0.986565 0.804603 0.995908 0.976416 0.910079 0.808441 0.874312 0.896753 0.990228 0.998313 0.903171 0.974806 0.881504 0.890182 0.916446 0.819238 0.862523 0.890902 0.862204 0.858739 0.932315 0.987168 0.942481 0.942296 0.983607 0.845175 0.970830 0.930204 0.982511 0.831302 0.998170 0.894972 0.991939
