0.000000 0.348735 0.831889 0.720442 0.947464 0.958744 0.905548 0.776023 0.808944 0.991238 0.452955 0.391682 0.607919 0.500758 0.778129 0.718454 0.423358 0.363941 0.496978 0.367128 0.872628 0.942395 0.856819 0.808233 0.822232 0.909732 0.945272 0.902357 0.561417 0.513621 0.918915 0.864892 0.521367 0.580261 0.916474 0.937317 0.696435 0.641825 0.754376 0.822193 0.843760 0.647199 0.940285 0.804743 0.972412 0.924428 0.755515 0.758518 0.873214 0.825922 0.985434 0.918701 0.932991 0.839092 0.709121 0.800734 0.360827 0.334394 0.711175 0.720758 0.742340 0.861588 0.604729 0.498025 0.954425 0.969596 0.878740 0.955072 0.353260 0.459964 0.884121 0.939895 0.760166 0.759762 0.756929 0.998726 0.828152 0.968251 0.549171 0.607627 0.404275 0.443471 0.456781 0.465951 0.510388 0.632212 0.954710 0.911777 0.855432 0.612454 0.811833 0.728576 0.789497 0.707635 0.950496 0.964303 0.978782 0.847862 0.971991 0.991831 0.815488 0.960113 0.853081 0.676701 0.967139 0.775114 0.996175 0.956345 0.928077 0.802008 0.980060 0.973839 0.992207 0.786334 0.982038 0.894837
0.348735 0.000000 0.792226 0.665157 0.896745 0.852010 0.816703 0.689235 0.966481 0.922925 0.576954 0.429675 0.731928 0.570035 0.899302 0.778544 0.496530 0.432688 0.461539 0.403456 0.932964 0.988065 0.901478 0.866995 0.819089 0.868557 0.906181 0.832503 0.641330 0.693207 0.913015 0.884854 0.599545 0.590279 0.915670 0.998487 0.659253 0.549718 0.763358 0.853505 0.884402 0.658556 0.828499 0.647424 0.886742 0.779371 0.729427 0.746293 0.726663 0.679585 0.852920 0.811452 0.907220 0.998059 0.784125 0.737065 0.272648 0.260922 0.777731 0.808537 0.821787 0.830566 0.719542 0.590086 0.951751 0.918158 0.897309 0.978616 0.476827 0.459426 0.839280 0.868330 0.878563 0.862037 0.908601 0.950505 0.716323 0.949929 0.530717 0.637761 0.432712 0.479814 0.579949 0.470365 0.555677 0.720056 0.996133 0.995655 0.855586 0.609772 0.997787 0.934110 0.994736 0.895181 0.911257 0.919678 0.965466 0.869196 0.900962 0.871124 0.871424 0.994990 0.808191 0.739151 0.978223 0.874852 0.895685 0.829997 0.998821 0.692024 0.818833 0.902606 0.875607 0.649929 0.993498 0.961373
0.831889 0.792226 0.000000 0.502255 0.980081 0.688647 0.848495 0.723364 0.609386 0.949512 0.994996 0.771567 0.571636 0.682243 0.552934 0.500350 0.907724 0.937572 0.857853 0.773749 0.763376 0.878334 0.501839 0.573524 0.497489 0.511118 0.750197 0.979874 0.971032 0.921371 0.592404 0.648160 0.851348 0.902841 0.668441 0.878248 0.632205 0.827657 0.765446 0.728923 0.886098 0.848181 0.868727 0.856684 0.894799 0.949927 0.800683 0.845787 0.845075 0.983326 0.970575 0.913321 0.981352 0.995872 0.850895 0.972516 0.951438 0.891395 0.919208 0.914317 0.755615 0.530764 0.819064 0.931746 0.447751 0.492422 0.989285 0.866889 0.814956 0.855219 0.624924 0.744740 0.802552 0.871196 0.950069 0.958795 0.660668 0.894768 0.957340 0.807898 0.953660 0.914193 0.840122 0.876875 0.685048 0.548937 0.974966 0.733888 0.707494 0.713518 0.995844 0.957171 0.951105 0.949432 0.825421 0.865352 0.717976 0.969370 0.957603 0.908824 0.695480 0.977588 0.942809 0.888876 0.908452 0.841929 0.787547 0.970689 0.789288 0.919403 0.999190 0.910140 0.903032 0.897175 0.660446 0.934350
0.720442 0.665157 0.502255 0.000000 0.948093 0.836396 0.875119 0.493318 0.830923 0.998610 0.971662 0.584745 0.663428 0.551478 0.675638 0.512071 0.961433 0.900582 0.778380 0.751106 0.633719 0.812172 0.570434 0.456312 0.497745 0.487395 0.728288 0.880216 0.906624 0.940339 0.652260 0.652943 0.771029 0.849373 0.825961 0.882965 0.601492 0.736296 0.608886 0.790787 0.962512 0.726296 0.974474 0.852259 0.734844 0.844777 0.985554 0.952686 0.738145 0.910897 0.888067 0.945278 0.928055 0.883460 0.912305 0.950203 0.786981 0.724932 0.931051 0.943071 0.865566 0.592451 0.954070 0.870231 0.555333 0.587406 0.984141 0.977022 0.700416 0.743671 0.745202 0.775912 0.967034 0.981765 0.927246 0.957650 0.700496 0.979369 0.855541 0.953940 0.960816 0.885915 0.764786 0.801096 0.803245 0.539507 0.978336 0.784521 0.708310 0.572916 0.925398 0.771734 0.989838 0.885825 0.883176 0.859459 0.903140 0.950630 0.912527 0.986516 0.775881 0.837473 0.857656 0.977007 0.817900 0.773033 0.838920 0.992738 0.903799 0.889406 0.953416 0.767555 0.909511 0.845708 0.782497 0.948098
0.947464 0.896745 0.980081 0.948093 0.000000 0.980518 0.714020 0.918190 0.887183 0.818857 0.880166 0.973761 0.878260 0.908444 0.893936 0.925992 0.972413 0.968533 0.838137 0.864192 0.965059 0.976057 0.810947 0.857217 0.987984 0.835567 0.870549 0.848764 0.903127 0.884473 0.712747 0.888186 0.900911 0.814942 0.822907 0.854303 0.925354 0.740196 0.975917 0.861766 0.890321 0.744376 0.848052 0.874297 0.907324 0.946462 0.900974 0.911415 0.962241 0.998775 0.988683 0.943855 0.992787 0.971505 0.902495 0.914204 0.886167 0.915133 0.738953 0.791661 0.750695 0.973314 0.799619 0.876838 0.989582 0.947861 0.752227 0.705819 0.996798 0.765489 0.902343 0.915958 0.893169 0.808774 0.957820 0.889462 0.975957 0.699607 0.954989 0.981194 0.960701 0.867726 0.982362 0.915483 0.982136 0.962904 0.975436 0.984655 0.932763 0.833500 0.963213 0.975732 0.907471 0.925286 0.931344 0.918267 0.962145 0.939597 0.879841 0.792707 0.933961 0.830466 0.867275 0.886228 0.894336 0.638405 0.935497 0.980665 0.877157 0.873669 0.928973 0.933489 0.910928 0.820660 0.691187 0.957448
0.958744 0.852010 0.688647 0.836396 0.980518 0.000000 0.959146 0.948467 0.772582 0.990489 0.839409 0.986155 0.810184 0.916791 0.665386 0.706635 0.755253 0.743629 0.789173 0.978719 0.921515 0.811995 0.805164 0.755509 0.795764 0.711361 0.852490 0.692218 0.800687 0.933199 0.803364 0.912413 0.932668 0.826269 0.933183 0.867912 0.814834 0.907110 0.893409 0.864397 0.855994 0.972977 0.987115 0.914059 0.829019 0.824119 0.950242 0.893163 0.779029 0.868716 0.861270 0.944360 0.964147 0.946790 0.835382 0.967950 0.699865 0.792650 0.820828 0.998344 0.951593 0.744876 0.786330 0.853590 0.734380 0.682672 0.880602 0.995058 0.961608 0.957061 0.772627 0.783727 0.768291 0.905555 0.848196 0.900849 0.893579 0.959705 0.899534 0.913222 0.841358 0.955613 0.915382 0.855379 0.903254 0.905218 0.954458 0.927216 0.898845 0.972107 0.898527 0.950248 0.920850 0.834932 0.988293 0.968503 0.785241 0.924485 0.985783 0.911064 0.974583 0.939060 0.956274 0.842586 0.990453 0.916575 0.856280 0.997562 0.805705 0.914485 0.986673 0.930579 0.951719 0.895397 0.924245 0.923320
0.905548 0.816703 0.848495 0.875119 0.714020 0.959146 0.000000 0.374144 0.794823 0.426386 0.814205 0.746427 0.747247 0.968924 0.962908 0.932499 0.741588 0.778450 0.614927 0.979273 0.825978 0.994873 0.801486 0.712143 0.688324 0.813151 0.755917 0.548053 0.757065 0.812320 0.670539 0.906869 0.582888 0.461387 0.856090 0.814750 0.855938 0.726770 0.734188 0.773521 0.840174 0.956390 0.479439 0.488145 0.503259 0.488030 0.573945 0.534472 0.558265 0.539615 0.507869 0.502845 0.634903 0.627016 0.923902 0.808237 0.834191 0.777403 0.420754 0.498662 0.381040 0.732132 0.516181 0.521621 0.802649 0.917180 0.328761 0.414664 0.933876 0.958278 0.675623 0.748399 0.974239 0.971727 0.998918 0.872082 0.587638 0.928964 0.703167 0.948049 0.916239 0.840947 0.960793 0.944588 0.955715 0.778896 0.994558 0.728526 0.958713 0.930040 0.651460 0.643958 0.661689 0.714623 0.795421 0.912522 0.751306 0.685556 0.420426 0.463047 0.649199 0.620325 0.590872 0.597352 0.722573 0.735852 0.791077 0.643268 0.878047 0.810099 0.541135 0.605195 0.482091 0.732613 0.596407 0.970844
0.776023 0.689235 0.723364 0.493318 0.918190 0.948467 0.374144 0.000000 0.788669 0.504196 0.875250 0.544963 0.633268 0.682066 0.824828 0.732975 0.764420 0.773677 0.612720 0.845607 0.954424 0.865525 0.663699 0.898130 0.965892 0.907586 0.936212 0.736688 0.883148 0.848123 0.573407 0.778968 0.557398 0.511184 0.843680 0.898442 0.926537 0.930618 0.943026 0.884072 0.877596 0.848502 0.614151 0.515005 0.747037 0.672444 0.643287 0.636650 0.794395 0.690100 0.655834 0.640126 0.705192 0.726544 0.907249 0.801287 0.775589 0.698365 0.587030 0.601751 0.435642 0.501848 0.647977 0.535226 0.935756 0.818622 0.493985 0.532505 0.947877 0.847027 0.596199 0.690531 0.997784 0.960871 0.920204 0.964310 0.574922 0.982119 0.635353 0.952782 0.912710 0.946746 0.879915 0.982106 0.936677 0.918302 0.960871 0.648472 0.849203 0.821199 0.744343 0.863846 0.708368 0.883658 0.797635 0.918343 0.705057 0.696806 0.603863 0.606329 0.815057 0.863211 0.785073 0.661589 0.676724 0.749871 0.769781 0.688147 0.870012 0.764629 0.637243 0.839053 0.560513 0.731244 0.663269 0.964257
0.808944 0.966481 0.609386 0.830923 0.887183 0.772582 0.794823 0.788669 0.000000 0.731990 0.853508 0.984506 0.832193 0.972167 0.688704 0.758480 0.723742 0.727285 0.978984 0.910666 0.975533 0.886888 0.680919 0.913122 0.834788 0.697806 0.994260 0.894909 0.935180 0.843219 0.647199 0.884121 0.933835 0.971597 0.758076 0.959686 0.845385 0.979698 0.999920 0.932332 0.970539 0.981377 0.603262 0.768845 0.867703 0.932037 0.812734 0.935028 0.973013 0.911273 0.848946 0.841748 0.780601 0.712878 0.987436 0.984472 0.811570 0.845620 0.866584 0.970171 0.800548 0.544649 0.742999 0.836220 0.722436 0.659440 0.958615 0.906791 0.798785 0.732643 0.494663 0.567249 0.775222 0.803172 0.914021 0.931804 0.680786 0.719418 0.915388 0.931422 0.750622 0.838592 0.744409 0.809294 0.967996 0.985632 0.858556 0.742734 0.932507 0.993364 0.578308 0.618906 0.670675 0.688973 0.869630 0.867680 0.731864 0.973883 0.679571 0.645896 0.930429 0.786375 0.909930 0.907066 0.802559 0.872118 0.715097 0.824578 0.885421 0.910835 0.819819 0.963244 0.765354 0.872986 0.804756 0.646576
0.991238 0.922925 0.949512 0.998610 0.818857 0.990489 0.426386 0.504196 0.731990 0.000000 0.896919 0.838123 0.833269 0.967328 0.983795 0.942926 0.861609 0.938667 0.804024 0.881816 0.830034 0.967624 0.945729 0.720597 0.678564 0.839261 0.739080 0.632619 0.860153 0.981569 0.706101 0.921962 0.690281 0.697506 0.982306 0.821575 0.897725 0.765965 0.790294 0.823344 0.963094 0.944681 0.478039 0.500369 0.517965 0.526382 0.626043 0.678140 0.545452 0.587961 0.505942 0.524801 0.523346 0.543101 0.956434 0.894810 0.911103 0.881566 0.590356 0.674850 0.521475 0.700663 0.697322 0.650444 0.740151 0.829001 0.514620 0.656977 0.824862 0.881237 0.597647 0.613578 0.980941 0.879291 0.951069 0.867604 0.587818 0.839363 0.792297 0.960318 0.975441 0.698373 0.817558 0.704277 0.818240 0.662493 0.887247 0.634018 0.919641 0.866519 0.558390 0.539404 0.571127 0.638245 0.865367 0.865166 0.678709 0.740377 0.395053 0.488094 0.602090 0.603776 0.525307 0.630805 0.731151 0.882043 0.911038 0.663496 0.864140 0.753265 0.515684 0.697782 0.597589 0.810847 0.838488 0.868720
0.452955 0.576954 0.994996 0.971662 0.880166 0.839409 0.814205 0.875250 0.853508 0.896919 0.000000 0.531185 0.751648 0.725192 0.912495 0.925107 0.392057 0.366354 0.560532 0.439447 0.980869 0.893764 0.988918 0.889003 0.947417 0.903970 0.957919 0.814301 0.438381 0.410660 0.820236 0.831645 0.578774 0.555363 0.939514 0.962543 0.970894 0.852951 0.980412 0.953196 0.797276 0.666017 0.889463 0.917623 0.957280 0.997649 0.834601 0.838242 0.916345 0.982394 0.910116 0.951297 0.825452 0.793772 0.854978 0.993835 0.528479 0.525846 0.724527 0.724436 0.754684 0.984163 0.478286 0.437554 0.757208 0.814003 0.865423 0.922757 0.473481 0.618207 0.943197 0.965955 0.740214 0.697335 0.882641 0.913769 0.887398 0.771377 0.632073 0.863626 0.540448 0.690403 0.627132 0.614510 0.813627 0.935282 0.931474 0.998962 0.845406 0.966692 0.772256 0.728604 0.687852 0.734988 0.948709 0.859134 0.904145 0.794677 0.983601 0.982244 0.976943 0.942032 0.800040 0.616961 0.939223 0.654271 0.928462 0.951011 0.980016 0.852278 0.972040 0.969430 0.956692 0.891430 0.984941 0.866558
0.391682 0.429675 0.771567 0.584745 0.973761 0.986155 0.746427 0.544963 0.984506 0.838123 0.531185 0.000000 0.465097 0.380012 0.645079 0.540621 0.462913 0.399013 0.413888 0.415945 0.839441 0.953964 0.625631 0.766655 0.826837 0.889762 0.949537 0.791824 0.575747 0.495502 0.666378 0.637205 0.463343 0.526005 0.976241 0.977239 0.688025 0.695458 0.816939 0.960289 0.832132 0.667664 0.882625 0.700440 0.982581 0.934136 0.706631 0.766685 0.941779 0.930621 0.956806 0.927060 0.996190 0.977297 0.795242 0.786709 0.500839 0.447323 0.735828 0.778274 0.598231 0.643688 0.565263 0.417996 0.968229 0.921339 0.806378 0.857628 0.480121 0.576944 0.668413 0.695666 0.696920 0.769545 0.844637 0.983041 0.726155 0.894497 0.442756 0.744857 0.487494 0.564691 0.512870 0.547318 0.597084 0.687608 0.988046 0.914855 0.809806 0.644180 0.966818 0.802308 0.930255 0.802038 0.952650 0.890963 0.924620 0.762963 0.883497 0.882832 0.949552 0.972480 0.876450 0.625119 0.767907 0.700113 0.957671 0.791174 0.878670 0.740085 0.966098 0.972391 0.887968 0.803744 0.845621 0.902578
0.607919 0.731928 0.571636 0.663428 0.878260 0.810184 0.747247 0.633268 0.832193 0.833269 0.751648 0.465097 0.000000 0.481622 0.386225 0.454110 0.737259 0.700270 0.615607 0.617018 0.801199 0.997952 0.436291 0.711024 0.768133 0.835404 0.962303 0.832250 0.694443 0.623424 0.518754 0.632745 0.543408 0.644997 0.855395 0.943671 0.756403 0.932383 0.832102 0.927577 0.944768 0.853226 0.807486 0.766062 0.959994 0.908382 0.648993 0.673877 0.997769 0.930054 0.912153 0.796937 0.910221 0.916823 0.786689 0.826621 0.837556 0.743363 0.779040 0.766959 0.491181 0.551448 0.727754 0.647047 0.718392 0.719941 0.806248 0.745631 0.641218 0.755545 0.585925 0.680200 0.624369 0.751662 0.877865 0.980727 0.726457 0.883904 0.674335 0.717945 0.739600 0.739649 0.699736 0.745552 0.546621 0.604580 0.889772 0.850075 0.679699 0.677382 0.987635 0.902464 0.913039 0.836854 0.908760 0.810929 0.730710 0.840175 0.821588 0.836407 0.894581 0.858911 0.921859 0.725145 0.785095 0.744241 0.934585 0.922307 0.639926 0.907150 0.947316 0.982052 0.884394 0.861416 0.669564 0.980551
0.500758 0.570035 0.682243 0.551478 0.908444 0.916791 0.968924 0.682066 0.972167 0.967328 0.725192 0.380012 0.481622 0.000000 0.537880 0.385205 0.613694 0.559499 0.584181 0.464426 0.759220 0.934642 0.573611 0.571531 0.679605 0.737061 0.952455 0.994261 0.710334 0.559741 0.690286 0.571010 0.529850 0.748830 0.921917 0.974348 0.601088 0.638166 0.659411 0.760604 0.894375 0.685472 0.993990 0.875965 0.880935 0.930335 0.855822 0.917262 0.876794 0.931162 0.986684 0.997161 0.951639 0.989025 0.809742 0.874925 0.670054 0.619397 0.996472 0.995203 0.737184 0.550890 0.785338 0.616426 0.792582 0.738878 0.989270 0.958382 0.554773 0.582655 0.644488 0.717844 0.674217 0.892789 0.780735 0.855058 0.830904 0.947829 0.625833 0.760297 0.530707 0.554865 0.471779 0.552540 0.535777 0.518718 0.869515 0.889639 0.690612 0.619376 0.949329 0.733088 0.880892 0.751810 0.990017 0.891271 0.899977 0.889019 0.979197 0.922611 0.817496 0.960659 0.926354 0.703069 0.923917 0.782601 0.930176 0.905426 0.856415 0.853738 0.942525 0.929467 0.986122 0.834985 0.940106 0.899290
0.778129 0.899302 0.552934 0.675638 0.893936 0.665386 0.962908 0.824828 0.688704 0.983795 0.912495 0.645079 0.386225 0.537880 0.000000 0.385426 0.907549 0.896845 0.786357 0.740944 0.738052 0.868472 0.427249 0.595353 0.665260 0.762445 0.938238 0.976794 0.802159 0.671605 0.526486 0.618165 0.646456 0.881217 0.814704 0.920099 0.670396 0.918375 0.812405 0.802623 0.991886 0.921350 0.914563 0.895092 0.876969 0.901266 0.803861 0.815126 0.817668 0.893096 0.945079 0.936303 0.985849 0.995572 0.826572 0.930022 0.990395 0.941475 0.966797 0.945532 0.680213 0.614296 0.937045 0.861996 0.620766 0.618946 0.991134 0.917288 0.724019 0.918243 0.552956 0.695816 0.620220 0.820402 0.854076 0.916765 0.809924 0.794969 0.869389 0.761606 0.841472 0.809480 0.739688 0.846254 0.576641 0.583022 0.978255 0.936082 0.691825 0.821374 0.935870 0.847894 0.811936 0.807347 0.947655 0.976503 0.857935 0.958384 0.981972 0.970119 0.779282 0.956906 0.916254 0.896761 0.845609 0.750022 0.910791 0.990213 0.670736 0.899089 0.931297 0.874186 0.891516 0.961129 0.717453 0.994923
0.718454 0.778544 0.500350 0.512071 0.925992 0.706635 0.932499 0.732975 0.758480 0.942926 0.925107 0.540621 0.454110 0.385205 0.385426 0.000000 0.946802 0.892884 0.754071 0.652860 0.680029 0.900772 0.394899 0.400894 0.510026 0.576466 0.850163 0.941108 0.906443 0.735157 0.529154 0.516791 0.708892 0.900743 0.796959 0.886230 0.598834 0.735018 0.598472 0.770923 0.975705 0.761126 0.962106 0.922761 0.798316 0.856461 0.826515 0.937804 0.721867 0.817711 0.885248 0.971972 0.995424 0.982621 0.825300 0.964143 0.941822 0.907195 0.868979 0.973423 0.751273 0.457109 0.924893 0.901156 0.517869 0.458768 0.932087 0.921777 0.751620 0.741686 0.555859 0.704616 0.618997 0.872010 0.866897 0.867753 0.883312 0.904067 0.790895 0.796067 0.840663 0.736044 0.605435 0.754013 0.561497 0.417075 0.952748 0.853155 0.677904 0.626525 0.917512 0.744408 0.840972 0.734936 0.948705 0.946430 0.835926 0.964293 0.916726 0.947281 0.703430 0.930693 0.830420 0.963409 0.938277 0.815300 0.918347 0.999049 0.819147 0.869888 0.899424 0.752519 0.915997 0.978346 0.788292 0.950460
0.423358 0.496530 0.907724 0.961433 0.972413 0.755253 0.741588 0.764420 0.723742 0.861609 0.392057 0.462913 0.737259 0.613694 0.907549 0.946802 0.000000 0.255441 0.457847 0.448049 0.982689 0.900769 0.978624 0.841251 0.837501 0.726954 0.909874 0.763114 0.379124 0.347492 0.910135 0.877892 0.470841 0.486651 0.873324 0.899848 0.918675 0.854887 0.989720 0.970505 0.770854 0.733422 0.968829 0.722369 0.841396 0.779448 0.718906 0.732366 0.703730 0.732422 0.848084 0.812760 0.951865 0.995718 0.872792 0.754627 0.415325 0.399972 0.582421 0.739583 0.672350 0.985119 0.339403 0.293625 0.641314 0.671088 0.694570 0.850224 0.513591 0.588471 0.935648 0.992142 0.835688 0.814546 0.822094 0.984695 0.859177 0.916358 0.457099 0.735789 0.357891 0.631091 0.592827 0.588665 0.755872 0.951391 0.982043 0.960975 0.953775 0.892953 0.867936 0.801022 0.800878 0.773119 0.954175 0.763803 0.961494 0.732883 0.867295 0.912432 0.956863 0.985019 0.727740 0.474475 0.886038 0.743922 0.958822 0.835071 0.944010 0.750016 0.963172 0.847864 0.870499 0.827081 0.960163 0.788367
0.363941 0.432688 0.937572 0.900582 0.968533 0.743629 0.778450 0.773677 0.727285 0.938667 0.366354 0.399013 0.700270 0.559499 0.896845 0.892884 0.255441 0.000000 0.379186 0.372979 0.996319 0.879949 0.934778 0.949075 0.915161 0.815832 0.947123 0.788038 0.386299 0.369305 0.915685 0.839906 0.460987 0.447738 0.896408 0.956614 0.884851 0.764472 0.957909 0.915329 0.822096 0.684408 0.993150 0.750919 0.909352 0.834900 0.781480 0.729957 0.779325 0.838608 0.932354 0.915974 0.955466 0.905587 0.899945 0.794383 0.364653 0.363169 0.602918 0.749545 0.705775 0.998151 0.370674 0.328007 0.732789 0.752790 0.741605 0.861979 0.461293 0.555423 0.946128 0.993867 0.807456 0.816921 0.810750 0.984714 0.932110 0.907627 0.468556 0.752738 0.346815 0.523483 0.512512 0.455487 0.679938 0.847630 0.962608 0.899565 0.977242 0.809468 0.829661 0.731217 0.755320 0.721183 0.968451 0.882506 0.877504 0.757704 0.933198 0.944327 0.970519 0.987805 0.791069 0.513605 0.888404 0.716169 0.928525 0.854633 0.999692 0.823257 0.949245 0.884165 0.934365 0.769015 0.971023 0.817282
0.496978 0.461539 0.857853 0.778380 0.838137 0.789173 0.614927 0.612720 0.978984 0.804024 0.560532 0.413888 0.615607 0.584181 0.786357 0.754071 0.457847 0.379186 0.000000 0.484804 0.991639 0.915831 0.658529 0.957887 0.986118 0.887558 0.940688 0.672589 0.479667 0.498061 0.718925 0.728750 0.429094 0.418547 0.914569 0.813282 0.780411 0.823944 0.980614 0.990781 0.949650 0.783762 0.663810 0.539969 0.739406 0.670765 0.576521 0.575589 0.691606 0.727340 0.775169 0.735614 0.905878 0.911559 0.939329 0.864015 0.442184 0.446404 0.549241 0.660973 0.549680 0.796834 0.486888 0.422485 0.901820 0.949078 0.617211 0.644506 0.665716 0.724132 0.766011 0.825825 0.848276 0.796965 0.888164 0.976908 0.805894 0.810853 0.545560 0.778987 0.539257 0.678696 0.644219 0.557023 0.648735 0.790188 0.969012 0.986167 0.895235 0.792476 0.967344 0.892209 0.873148 0.810458 0.928835 0.917060 0.954369 0.721544 0.751008 0.675819 0.969561 0.855634 0.734165 0.517855 0.876988 0.700604 0.995697 0.883249 0.942302 0.732588 0.828444 0.815062 0.779397 0.641259 0.784176 0.988311
0.367128 0.403456 0.773749 0.751106 0.864192 0.978719 0.979273 0.845607 0.910666 0.881816 0.439447 0.415945 0.617018 0.464426 0.740944 0.652860 0.448049 0.372979 0.484804 0.000000 0.862149 0.962943 0.784146 0.743890 0.793393 0.874719 0.865136 0.874783 0.549162 0.494055 0.848167 0.803914 0.604411 0.656730 0.957213 0.983911 0.667309 0.583576 0.785255 0.781505 0.823125 0.589101 0.928337 0.895155 0.877889 0.946785 0.838134 0.866856 0.983127 0.998689 0.880679 0.921449 0.848873 0.766692 0.832979 0.876659 0.444676 0.419776 0.884723 0.864527 0.840403 0.811155 0.683620 0.574781 0.932864 0.947692 0.993799 0.997839 0.396743 0.445102 0.890425 0.964985 0.664976 0.767346 0.775317 0.898470 0.852285 0.946604 0.614786 0.680406 0.458559 0.428720 0.527401 0.375535 0.514997 0.607672 0.933487 0.911108 0.873133 0.650107 0.805157 0.667874 0.730156 0.690878 0.955432 0.935125 0.924348 0.839753 0.895719 0.935543 0.779513 0.902372 0.997243 0.763672 0.970612 0.816547 0.945251 0.942133 0.900006 0.793313 0.960613 0.926646 0.919978 0.814390 0.949790 0.838025
0.872628 0.932964 0.763376 0.633719 0.965059 0.921515 0.825978 0.954424 0.975533 0.830034 0.980869 0.839441 0.801199 0.759220 0.738052 0.680029 0.982689 0.996319 0.991639 0.862149 0.000000 0.868487 0.752147 0.623960 0.647826 0.763276 0.899792 0.858004 0.959004 0.938463 0.802145 0.683350 0.932035 0.974681 0.950668 0.902910 0.799373 0.902787 0.800603 0.868453 0.907639 0.909456 0.803877 0.931056 0.737377 0.793140 0.877181 0.898420 0.694176 0.785858 0.800187 0.811402 0.860640 0.848858 0.902212 0.881370 0.994610 0.959433 0.787086 0.872679 0.916883 0.889707 0.903382 0.968506 0.774435 0.763775 0.811820 0.826620 0.791673 0.880582 0.974350 0.983210 0.959252 0.957941 0.949170 0.942580 0.882888 0.927345 0.967724 0.967474 0.985925 0.921474 0.852458 0.932698 0.921008 0.684382 0.930266 0.884889 0.830541 0.768207 0.855311 0.722394 0.851270 0.824364 0.974502 0.943180 0.924242 0.957483 0.775448 0.823635 0.791907 0.831774 0.783733 0.918659 0.910296 0.980752 0.908850 0.911633 0.948822 0.985329 0.800137 0.672405 0.718765 0.950287 0.842554 0.938757
0.942395 0.988065 0.878334 0.812172 0.976057 0.811995 0.994873 0.865525 0.886888 0.967624 0.893764 0.953964 0.997952 0.934642 0.868472 0.900772 0.900769 0.879949 0.915831 0.962943 0.868487 0.000000 0.997388 0.905500 0.974312 0.904797 0.850622 0.931686 0.810353 0.940664 0.893228 0.968102 0.987100 0.900173 0.829808 0.896004 0.898107 0.934521 0.817659 0.789762 0.860980 0.930415 0.982512 0.897932 0.997257 0.990782 0.915036 0.983751 0.986449 0.916470 0.909728 0.933379 0.893457 0.878899 0.826869 0.865344 0.961123 0.990120 0.895917 0.928367 0.961072 0.971441 0.951110 0.912214 0.914029 0.985357 0.922562 0.935483 0.935274 0.971640 0.997270 0.923959 0.899852 0.838178 0.895464 0.972940 0.949664 0.962125 0.968566 0.942885 0.897087 0.937816 0.969415 0.979118 0.983109 0.959994 0.930125 0.998469 0.936967 0.993629 0.907257 0.952647 0.897003 0.989794 0.975591 0.996125 0.799210 0.984597 0.967702 0.919768 0.964005 0.929639 0.993651 0.918656 0.901081 0.974631 0.852051 0.880817 0.961371 0.937612 0.963894 0.861623 0.991760 0.937187 0.921767 0.972421
0.856819 0.901478 0.501839 0.570434 0.810947 0.805164 0.801486 0.663699 0.680919 0.945729 0.988918 0.625631 0.436291 0.573611 0.427249 0.394899 0.978624 0.934778 0.658529 0.784146 0.752147 0.997388 0.000000 0.528206 0.625576 0.719823 0.929049 0.918248 0.880477 0.780756 0.438325 0.478718 0.684846 0.824963 0.840219 0.949661 0.743863 0.899095 0.871783 0.944144 0.901816 0.919899 0.789970 0.806679 0.922629 0.936251 0.756270 0.824594 0.786001 0.827367 0.943725 0.975050 0.994437 0.992912 0.986583 0.957310 0.994597 0.978376 0.963358 0.924284 0.626798 0.532725 0.975000 0.879435 0.581210 0.506754 0.873140 0.760611 0.872189 0.930439 0.574390 0.638753 0.636964 0.869899 0.918101 0.970842 0.821838 0.813509 0.887244 0.859571 0.981518 0.882363 0.716487 0.818796 0.629777 0.561191 0.962990 0.906410 0.698729 0.684629 0.973775 0.856100 0.890802 0.917193 0.874475 0.973538 0.878806 0.908824 0.917926 0.838956 0.859834 0.918559 0.905818 0.927269 0.830264 0.734132 0.930780 0.940309 0.760580 0.969183 0.925290 0.882306 0.925739 0.930204 0.553716 0.960827
0.808233 0.866995 0.573524 0.456312 0.857217 0.755509 0.712143 0.898130 0.913122 0.720597 0.889003 0.766655 0.711024 0.571531 0.595353 0.400894 0.841251 0.949075 0.957887 0.743890 0.623960 0.905500 0.528206 0.000000 0.381306 0.463243 0.686686 0.760281 0.835900 0.998384 0.773546 0.665507 0.998146 0.883774 0.785217 0.823008 0.642506 0.658667 0.543713 0.635424 0.974696 0.759640 0.826220 0.897158 0.596115 0.666609 0.908086 0.908023 0.537116 0.659090 0.674650 0.738597 0.803022 0.722640 0.986148 0.948075 0.981354 0.966149 0.710146 0.879609 0.916147 0.656353 0.713999 0.836726 0.418157 0.436700 0.746035 0.882586 0.762656 0.769693 0.849434 0.913758 0.869975 0.975078 0.862137 0.916797 0.988852 0.984600 0.962271 0.894311 0.975041 0.769683 0.688570 0.786188 0.670578 0.367647 0.970876 0.990592 0.614720 0.528086 0.768025 0.601946 0.771657 0.728761 0.997770 0.870194 0.985646 0.882128 0.683621 0.779487 0.578001 0.713483 0.666298 0.829308 0.955747 0.924689 0.954856 0.809179 0.957185 0.994711 0.825620 0.599388 0.755129 0.986482 0.891529 0.935803
0.822232 0.819089 0.497489 0.497745 0.987984 0.795764 0.688324 0.965892 0.834788 0.678564 0.947417 0.826837 0.768133 0.679605 0.665260 0.510026 0.837501 0.915161 0.986118 0.793393 0.647826 0.974312 0.625576 0.381306 0.000000 0.392124 0.605872 0.667572 0.828775 0.963205 0.760523 0.655730 0.918856 0.845816 0.827536 0.804410 0.606431 0.588601 0.543511 0.640016 0.966761 0.787544 0.801358 0.843539 0.543164 0.599796 0.888681 0.830804 0.525383 0.680549 0.609823 0.686854 0.741512 0.692075 0.948641 0.918454 0.933085 0.945925 0.653112 0.874477 0.840596 0.763216 0.622256 0.766241 0.391977 0.515668 0.656111 0.784074 0.685871 0.804027 0.858696 0.918398 0.790805 0.800310 0.985623 0.968093 0.905151 0.883350 0.915619 0.930012 0.954536 0.829000 0.782395 0.825509 0.707564 0.398700 0.986118 0.946857 0.656803 0.599837 0.710305 0.646675 0.728005 0.754166 0.970930 0.877838 0.981820 0.861389 0.662844 0.737167 0.557539 0.747100 0.743145 0.763268 0.919609 0.899752 0.886394 0.750543 0.917241 0.975111 0.826306 0.567733 0.818849 0.906887 0.878755 0.976541
0.909732 0.868557 0.511118 0.487395 0.835567 0.711361 0.813151 0.907586 0.697806 0.839261 0.903970 0.889762 0.835404 0.737061 0.762445 0.576466 0.726954 0.815832 0.887558 0.874719 0.763276 0.904797 0.719823 0.463243 0.392124 0.000000 0.736291 0.740730 0.779397 0.829391 0.806628 0.806116 0.878805 0.816878 0.756590 0.721516 0.684609 0.626122 0.548684 0.794483 0.960691 0.741007 0.880559 0.840202 0.624794 0.658042 0.844892 0.823596 0.603887 0.750627 0.724090 0.761822 0.865858 0.814174 0.962859 0.947479 0.950806 0.999733 0.621724 0.860512 0.877069 0.650222 0.591578 0.741413 0.420619 0.513400 0.691846 0.805287 0.809807 0.853791 0.767939 0.825163 0.851429 0.922842 0.924332 0.954973 0.862965 0.991334 0.870287 0.940731 0.894703 0.901564 0.913774 0.919989 0.813778 0.567060 0.984850 0.913451 0.693692 0.654995 0.936950 0.859494 0.982123 0.984385 0.887734 0.862623 0.856685 0.878655 0.813388 0.789402 0.731953 0.907841 0.827482 0.799010 0.970459 0.908600 0.851839 0.912516 0.915887 0.975697 0.934408 0.676716 0.941154 0.905139 0.981609 0.933632
0.945272 0.906181 0.750197 0.728288 0.870549 0.852490 0.755917 0.936212 0.994260 0.739080 0.957919 0.949537 0.962303 0.952455 0.938238 0.850163 0.909874 0.947123 0.940688 0.865136 0.899792 0.850622 0.929049 0.686686 0.605872 0.736291 0.000000 0.734534 0.826128 0.915273 0.991326 0.996577 0.828480 0.881732 0.915989 0.898924 0.770803 0.736539 0.833700 0.809443 0.916992 0.795624 0.821391 0.923863 0.666873 0.736709 0.929850 0.902925 0.757551 0.854613 0.689862 0.774998 0.705732 0.681417 0.973377 0.989718 0.936133 0.900262 0.821682 0.913897 0.765392 0.938164 0.779332 0.831695 0.701274 0.898240 0.704373 0.746309 0.813668 0.793765 0.899682 0.922869 0.986606 0.952236 0.965899 0.977629 0.916443 0.921113 0.970451 0.994561 0.866302 0.910369 0.884914 0.840746 0.958368 0.732427 0.897887 0.868931 0.886237 0.693461 0.738214 0.789870 0.792819 0.868723 0.858774 0.982395 0.990778 0.934626 0.732442 0.887594 0.719976 0.783429 0.894536 0.747469 0.961559 0.983710 0.876437 0.817204 0.956681 0.945878 0.894043 0.768284 0.880665 0.863934 0.991513 0.937967
0.902357 0.832503 0.979874 0.880216 0.848764 0.692218 0.548053 0.736688 0.894909 0.632619 0.814301 0.791824 0.832250 0.994261 0.976794 0.941108 0.763114 0.788038 0.672589 0.874783 0.858004 0.931686 0.918248 0.760281 0.667572 0.740730 0.734534 0.000000 0.699125 0.828532 0.916539 0.978766 0.700143 0.641891 0.814848 0.899456 0.872401 0.888567 0.738072 0.872534 0.937127 0.891678 0.648404 0.663043 0.591715 0.596625 0.614411 0.601442 0.592381 0.655333 0.626642 0.624213 0.796071 0.777782 0.885909 0.831465 0.798978 0.796971 0.540182 0.624191 0.551811 0.849454 0.621024 0.698200 0.839931 0.911710 0.556622 0.638836 0.893882 0.912989 0.863702 0.933738 0.973004 0.997268 0.887023 0.968638 0.766725 0.906812 0.848102 0.835412 0.843778 0.992531 0.982703 0.929193 0.903969 0.881049 0.997524 0.904895 0.928703 0.893773 0.839688 0.836099 0.875181 0.999310 0.953342 0.953424 0.914288 0.757922 0.638054 0.598055 0.923622 0.766254 0.765509 0.735237 0.831632 0.981069 0.907857 0.845294 0.874342 0.908138 0.824672 0.766022 0.796536 0.844533 0.877788 0.902864
0.561417 0.641330 0.971032 0.906624 0.903127 0.800687 0.757065 0.883148 0.935180 0.860153 0.438381 0.575747 0.694443 0.710334 0.802159 0.906443 0.379124 0.386299 0.479667 0.549162 0.959004 0.810353 0.880477 0.835900 0.828775 0.779397 0.826128 0.699125 0.000000 0.321973 0.790622 0.812014 0.513853 0.505955 0.925750 0.949651 0.987024 0.890145 0.915286 0.967086 0.904144 0.846388 0.905796 0.795167 0.791065 0.780901 0.691663 0.645737 0.738519 0.814707 0.830939 0.779624 0.944522 0.949061 0.936555 0.918366 0.584446 0.577606 0.622470 0.686752 0.607533 0.938914 0.424899 0.414477 0.704151 0.811095 0.718549 0.788274 0.609263 0.775164 0.827802 0.993511 0.698134 0.703447 0.901597 0.940650 0.929243 0.846854 0.586084 0.853374 0.482866 0.711536 0.630237 0.686715 0.756376 0.973416 0.970442 0.976863 0.937550 0.988166 0.856120 0.843087 0.755257 0.782590 0.951156 0.849047 0.980717 0.756572 0.847189 0.867315 0.945353 0.909382 0.712300 0.544840 0.877439 0.704025 0.964965 0.834827 0.888300 0.854435 0.991000 0.857034 0.839727 0.812354 0.928442 0.871027
0.513621 0.693207 0.921371 0.940339 0.884473 0.933199 0.812320 0.848123 0.843219 0.981569 0.410660 0.495502 0.623424 0.559741 0.671605 0.735157 0.347492 0.369305 0.498061 0.494055 0.938463 0.940664 0.780756 0.998384 0.963205 0.829391 0.915273 0.828532 0.321973 0.000000 0.714786 0.681715 0.488534 0.525873 0.984561 0.936104 0.914831 0.902622 0.991423 0.881863 0.882820 0.794471 0.926235 0.874968 0.995260 0.942034 0.740386 0.758807 0.940842 0.970155 0.994419 0.923081 0.930962 0.920784 0.833368 0.887509 0.642096 0.627114 0.694517 0.751441 0.608872 0.907463 0.416399 0.381622 0.778838 0.900506 0.748113 0.793696 0.521987 0.715420 0.832363 0.988241 0.678026 0.700473 0.746278 0.893027 0.921456 0.838073 0.568632 0.805515 0.465868 0.693597 0.541433 0.637283 0.745642 0.844799 0.986945 0.970099 0.939033 0.952947 0.735199 0.664865 0.609351 0.648882 0.925714 0.831553 0.943043 0.778877 0.999964 0.997794 0.948637 0.974825 0.846268 0.545954 0.889727 0.617791 0.953281 0.921904 0.882134 0.872254 0.877606 0.952049 0.971265 0.960254 0.857037 0.831412
0.918915 0.913015 0.592404 0.652260 0.712747 0.803364 0.670539 0.573407 0.647199 0.706101 0.820236 0.666378 0.518754 0.690286 0.526486 0.529154 0.910135 0.915685 0.718925 0.848167 0.802145 0.893228 0.438325 0.773546 0.760523 0.806628 0.991326 0.916539 0.790622 0.714786 0.000000 0.477998 0.618275 0.674312 0.961858 0.840500 0.877784 0.986874 0.937144 0.961623 0.907037 0.868885 0.717266 0.705698 0.942408 0.902529 0.729392 0.712138 0.926408 0.980918 0.882144 0.859535 0.839444 0.827194 0.989475 0.999299 0.971811 0.998575 0.868087 0.813938 0.531829 0.514614 0.840917 0.726386 0.818847 0.643841 0.742872 0.630937 0.938881 0.969237 0.519179 0.646294 0.697009 0.806388 0.919821 0.986295 0.717623 0.666912 0.735595 0.991089 0.955441 0.940133 0.857927 0.963719 0.864438 0.783125 0.864761 0.712352 0.793291 0.899377 0.931414 0.992147 0.974745 0.983377 0.899275 0.833574 0.798642 0.785283 0.826923 0.737834 0.921473 0.872944 0.891868 0.781192 0.767510 0.644972 0.747407 0.759949 0.764643 0.915429 0.799022 0.960445 0.868072 0.931816 0.591916 0.913824
0.864892 0.884854 0.648160 0.652943 0.888186 0.912413 0.906869 0.778968 0.884121 0.921962 0.831645 0.637205 0.632745 0.571010 0.618165 0.516791 0.877892 0.839906 0.728750 0.803914 0.683350 0.968102 0.478718 0.665507 0.655730 0.806116 0.996577 0.978766 0.812014 0.681715 0.477998 0.000000 0.648161 0.808087 0.996300 0.962309 0.828157 0.781880 0.915804 0.829063 0.988575 0.823485 0.923344 0.823725 0.932514 0.959280 0.803374 0.956743 0.853436 0.808303 0.986847 0.981534 0.971676 0.963821 0.958908 0.919670 0.897069 0.980168 0.962961 0.944338 0.771110 0.696020 0.892669 0.793032 0.885087 0.754371 0.940932 0.911904 0.836426 0.928257 0.721998 0.694614 0.834346 0.842190 0.988851 0.854825 0.787417 0.722794 0.818099 0.995219 0.901407 0.997141 0.704589 0.864214 0.894746 0.726385 0.844314 0.712724 0.833294 0.854666 0.904999 0.779750 0.808567 0.866178 0.976158 0.893937 0.980338 0.837887 0.984624 0.968852 0.939847 0.941705 0.983748 0.811967 0.944366 0.741596 0.992387 0.867977 0.900307 0.950411 0.920679 0.843292 0.982758 0.925253 0.649878 0.950959
0.521367 0.599545 0.851348 0.771029 0.900911 0.932668 0.582888 0.557398 0.933835 0.690281 0.578774 0.463343 0.543408 0.529850 0.646456 0.708892 0.470841 0.460987 0.429094 0.604411 0.932035 0.987100 0.684846 0.998146 0.918856 0.878805 0.828480 0.700143 0.513853 0.488534 0.618275 0.648161 0.000000 0.437527 0.871644 0.887393 0.873714 0.922149 0.933589 0.971014 0.966984 0.740255 0.741655 0.549928 0.695786 0.640608 0.613292 0.567661 0.689783 0.686590 0.638877 0.606273 0.724797 0.745037 0.840311 0.775172 0.581882 0.564548 0.573453 0.729283 0.440221 0.693262 0.431756 0.375524 0.868061 0.952950 0.559129 0.646811 0.706571 0.751063 0.666505 0.721577 0.811585 0.904646 0.807939 0.874984 0.804635 0.764492 0.511326 0.770510 0.527818 0.746156 0.593689 0.668191 0.710638 0.856251 0.998344 0.832991 0.902450 0.851584 0.898954 0.993115 0.994016 0.920356 0.952207 0.821006 0.959084 0.635049 0.641184 0.679972 0.958740 0.861319 0.727835 0.429990 0.838479 0.675308 0.991364 0.757972 0.922227 0.805939 0.746135 0.815749 0.778310 0.628066 0.686879 0.962057
0.580261 0.590279 0.902841 0.849373 0.814942 0.826269 0.461387 0.511184 0.971597 0.697506 0.555363 0.526005 0.644997 0.748830 0.881217 0.900743 0.486651 0.447738 0.418547 0.656730 0.974681 0.900173 0.824963 0.883774 0.845816 0.816878 0.881732 0.641891 0.505955 0.525873 0.674312 0.808087 0.437527 0.000000 0.949684 0.788864 0.926896 0.955468 0.917374 0.903409 0.898842 0.865065 0.723386 0.542544 0.628684 0.553414 0.575757 0.458723 0.625912 0.640048 0.663020 0.614527 0.814684 0.849457 0.872185 0.790935 0.589647 0.561974 0.392750 0.470713 0.404557 0.789744 0.369402 0.373971 0.824464 0.936198 0.423912 0.464352 0.776560 0.813252 0.869828 0.972937 0.984934 0.903054 0.876742 0.988746 0.775030 0.807487 0.515824 0.808046 0.639522 0.869959 0.742266 0.753662 0.882740 0.940985 0.939048 0.826176 0.968669 0.931041 0.983441 0.968678 0.948138 0.847052 0.917475 0.893281 0.970802 0.603681 0.687556 0.633269 0.847035 0.880960 0.615075 0.479642 0.804784 0.634880 0.938729 0.846763 0.938404 0.786136 0.749964 0.831212 0.766976 0.664432 0.659711 0.910685
0.916474 0.915670 0.668441 0.825961 0.822907 0.933183 0.856090 0.843680 0.758076 0.982306 0.939514 0.976241 0.855395 0.921917 0.814704 0.796959 0.873324 0.896408 0.914569 0.957213 0.950668 0.829808 0.840219 0.785217 0.827536 0.756590 0.915989 0.814848 0.925750 0.984561 0.961858 0.996300 0.871644 0.949684 0.000000 0.932214 0.983129 0.949768 0.995926 0.801965 0.765047 0.953479 0.845344 0.889009 0.892223 0.860276 0.807861 0.764400 0.940483 0.792107 0.848428 0.802189 0.915828 0.911660 0.867390 0.835708 0.952071 0.950294 0.950141 0.788108 0.801064 0.757462 0.937733 0.922344 0.716237 0.768451 0.834911 0.792908 0.948418 0.965209 0.797246 0.980108 0.986444 0.965380 0.979689 0.834258 0.816640 0.999278 0.971660 0.912461 0.961945 0.942114 0.953887 0.944961 0.820368 0.789630 0.919809 0.945686 0.923834 0.823636 0.920623 0.919673 0.921411 0.977617 0.999267 0.878747 0.891683 0.989342 0.869688 0.849372 0.716888 0.933353 0.941030 0.991858 0.909709 0.951024 0.936870 0.901183 0.977007 0.998258 0.977056 0.997446 0.833105 0.863487 0.883287 0.966044
0.937317 0.998487 0.878248 0.882965 0.854303 0.867912 0.814750 0.898442 0.959686 0.821575 0.962543 0.977239 0.943671 0.974348 0.920099 0.886230 0.899848 0.956614 0.813282 0.983911 0.902910 0.896004 0.949661 0.823008 0.804410 0.721516 0.898924 0.899456 0.949651 0.936104 0.840500 0.962309 0.887393 0.788864 0.932214 0.000000 0.959955 0.873951 0.943409 0.919660 0.853791 0.987864 0.749848 0.760022 0.685937 0.703340 0.790082 0.750727 0.736913 0.757974 0.716186 0.774908 0.719488 0.758279 0.999168 0.985963 0.980768 0.941350 0.729814 0.881493 0.803977 0.930017 0.838093 0.836057 0.830280 0.890065 0.736068 0.710296 0.867805 0.973420 0.982437 0.988216 0.884186 0.929360 0.925019 0.961908 0.830866 0.903258 0.837960 0.913683 0.932829 0.901217 0.992070 0.916312 0.963653 0.919139 0.941745 0.994531 0.954665 0.978792 0.909417 0.794637 0.907945 0.977913 0.904777 0.940721 0.918595 0.845683 0.769279 0.683107 0.827872 0.952471 0.785901 0.794604 0.977164 0.911293 0.957238 0.813156 0.865993 0.901382 0.856568 0.684533 0.955367 0.889310 0.970766 0.941823
0.696435 0.659253 0.632205 0.601492 0.925354 0.814834 0.855938 0.926537 0.845385 0.897725 0.970894 0.688025 0.756403 0.601088 0.670396 0.598834 0.918675 0.884851 0.780411 0.667309 0.799373 0.898107 0.743863 0.642506 0.606431 0.684609 0.770803 0.872401 0.987024 0.914831 0.877784 0.828157 0.873714 0.926896 0.983129 0.959955 0.000000 0.632960 0.688887 0.726318 0.787906 0.835750 0.963302 0.895789 0.805922 0.886837 0.921047 0.979681 0.886327 0.953596 0.890556 0.958908 0.981418 0.985446 0.821879 0.964147 0.733451 0.692042 0.773579 0.842619 0.944035 0.729285 0.800292 0.997054 0.656106 0.780179 0.734820 0.853825 0.655709 0.696661 0.805912 0.695012 0.765269 0.847351 0.982678 0.968760 0.834310 0.937706 0.856556 0.794908 0.809869 0.720493 0.821702 0.734972 0.623735 0.607692 0.949114 0.943169 0.733219 0.632844 0.972872 0.963202 0.941526 0.994043 0.979156 0.793339 0.925068 0.964156 0.966977 0.947943 0.707265 0.919614 0.977806 0.998824 0.948150 0.952340 0.990046 0.980147 0.815979 0.931806 0.913137 0.975711 0.933767 0.896386 0.972120 0.967210
0.641825 0.549718 0.827657 0.736296 0.740196 0.907110 0.726770 0.930618 0.979698 0.765965 0.852951 0.695458 0.932383 0.638166 0.918375 0.735018 0.854887 0.764472 0.823944 0.583576 0.902787 0.934521 0.899095 0.658667 0.588601 0.626122 0.736539 0.888567 0.890145 0.902622 0.986874 0.781880 0.922149 0.955468 0.949768 0.873951 0.632960 0.000000 0.655971 0.730698 0.753036 0.629357 0.877338 0.994243 0.770999 0.810306 0.989203 0.942595 0.904524 0.884611 0.862433 0.826766 0.905177 0.810618 0.895073 0.890920 0.566066 0.617523 0.767584 0.860521 0.793103 0.905392 0.892376 0.985486 0.738386 0.908837 0.680369 0.688790 0.623377 0.662294 0.993776 0.907385 0.831810 0.939185 0.918741 0.949176 0.949974 0.966841 0.798480 0.855966 0.688255 0.569594 0.637750 0.498495 0.628283 0.629433 0.954314 0.869848 0.778390 0.597466 0.875856 0.778860 0.847304 0.846233 0.979870 0.895448 0.987910 0.966938 0.803977 0.787223 0.779677 0.817418 0.955560 0.990479 0.895791 0.994709 0.977593 0.940364 0.956658 0.884592 0.928528 0.829169 0.834962 0.800855 0.832910 0.896358
