0.000000 0.271418 0.710794 0.667286 0.915239 0.816690 0.582229 0.617774 0.914407 0.733315 0.354987 0.426894 0.441717 0.400311 0.694774 0.655006 0.385742 0.250808 0.352292 0.308864 0.695532 0.926332 0.864830 0.679298 0.760680 0.899752 0.877323 0.900046 0.689696 0.650485 0.833418 0.830828 0.532631 0.486013 0.827635 0.748761 0.731234 0.691144 0.819391 0.749071 0.725852 0.844765 0.662153 0.597112 0.819678 0.767279 0.515767 0.648536 0.830112 0.742243 0.921639 0.818625 0.884931 0.594937 0.507231 0.668610 0.263298 0.279451 0.408149 0.491459 0.587807 0.873020 0.514232 0.554251 0.743917 0.605182 0.607554 0.666778 0.351257 0.462905 0.876557 0.982507 0.849946 0.911491 0.786856 0.859041 0.807144 0.992126 0.737424 0.523064 0.281215 0.243351 0.559313 0.365205 0.472663 0.489501 0.631312 0.672890 0.606326 0.505396 0.697248 0.830327 0.611875 0.801041 0.740495 0.981573 0.671754 0.885073 0.631819 0.738081 0.902047 0.856522 0.777426 0.661015 0.812481 0.846848 0.895976 0.893778 0.873116 0.823132 0.906524 0.833958 0.908058 0.894361 0.942629 0.908068
0.271418 0.000000 0.590267 0.535280 0.805963 0.784136 0.507763 0.540688 0.996214 0.780203 0.486602 0.459251 0.401745 0.378005 0.598686 0.537282 0.402259 0.276810 0.374128 0.296059 0.692666 0.885844 0.701929 0.586792 0.674359 0.813926 0.835598 0.927487 0.684449 0.637980 0.907485 0.780920 0.494739 0.469548 0.798208 0.858826 0.729068 0.659454 0.763413 0.734610 0.729798 0.835261 0.541783 0.505097 0.735019 0.686301 0.445362 0.541224 0.778605 0.652362 0.787725 0.677396 0.974979 0.657112 0.508457 0.682267 0.235672 0.198044 0.348516 0.376344 0.485716 0.739566 0.500979 0.500081 0.641992 0.500767 0.517218 0.566675 0.433519 0.453843 0.815132 0.925564 0.906464 0.797984 0.831664 0.994811 0.758081 0.874887 0.631005 0.550612 0.304123 0.274441 0.500336 0.397318 0.379130 0.398584 0.634723 0.546800 0.574809 0.470935 0.685566 0.822296 0.534764 0.809877 0.660011 0.945959 0.655105 0.897694 0.615768 0.700097 0.921716 0.898639 0.772525 0.680218 0.689387 0.713637 0.994459 0.981282 0.811454 0.773948 0.793802 0.746816 0.877192 0.845319 0.743248 0.975972
0.710794 0.590267 0.000000 0.269019 0.583999 0.850534 0.349252 0.431577 0.630419 0.867263 0.939128 0.708305 0.477269 0.684836 0.545846 0.607129 0.893912 0.824170 0.715212 0.653269 0.654091 0.911715 0.381200 0.396052 0.393838 0.435638 0.725409 0.898026 0.986856 0.932935 0.745740 0.854456 0.562918 0.694188 0.664598 0.742748 0.538878 0.586475 0.777275 0.829661 0.807979 0.835078 0.815861 0.814975 0.805264 0.894452 0.772764 0.881328 0.908786 0.999879 0.962788 0.945000 0.982456 0.844844 0.596008 0.849687 0.724231 0.651021 0.757835 0.788935 0.334818 0.453593 0.977468 0.835150 0.266545 0.266357 0.477808 0.522427 0.629059 0.768129 0.635816 0.656182 0.819272 0.787942 0.942905 0.822017 0.844848 0.741866 0.937088 0.930076 0.808419 0.734358 0.793557 0.768090 0.367995 0.357996 0.696286 0.753245 0.644791 0.557788 0.702775 0.979663 0.605054 0.809400 0.725131 0.944652 0.735121 0.920860 0.867587 0.851416 0.934119 0.999647 0.878541 0.893093 0.620093 0.763976 0.898945 0.974128 0.717673 0.834943 0.803180 0.847568 0.967179 0.893922 0.832695 0.865321
0.667286 0.535280 0.269019 0.000000 0.579315 0.825855 0.380050 0.403036 0.713002 0.853114 0.921272 0.613366 0.457812 0.585664 0.517132 0.546534 0.857429 0.692044 0.594380 0.538747 0.691527 0.905509 0.329856 0.322375 0.442209 0.562518 0.629774 0.984796 0.915789 0.993878 0.846449 0.789784 0.590416 0.690081 0.649516 0.745691 0.602349 0.615773 0.762079 0.814895 0.845609 0.781548 0.759154 0.772335 0.804443 0.863850 0.762785 0.791250 0.957036 0.967842 0.963346 0.954900 0.994367 0.784480 0.597330 0.803287 0.659988 0.576043 0.729768 0.751253 0.414849 0.544544 0.927795 0.777682 0.289185 0.320039 0.416944 0.505923 0.639951 0.796830 0.592469 0.608263 0.847858 0.784730 0.980955 0.805731 0.765612 0.712441 0.837669 0.849588 0.699296 0.657370 0.756569 0.698438 0.322916 0.341890 0.623096 0.679542 0.601867 0.508288 0.598816 0.873395 0.479134 0.709644 0.690548 0.845501 0.692473 0.879605 0.774437 0.741414 0.968265 0.989436 0.976661 0.952363 0.543188 0.601961 0.903924 0.867757 0.705657 0.748945 0.778220 0.732423 0.976949 0.945122 0.810604 0.890023
0.915239 0.805963 0.583999 0.579315 0.000000 0.920583 0.680256 0.706005 0.786868 0.906929 0.964151 0.834465 0.641306 0.892489 0.677353 0.740841 0.991083 0.940911 0.855925 0.810473 0.814660 0.905165 0.510562 0.547125 0.562834 0.614125 0.610259 0.915438 0.981282 0.918009 0.777625 0.892587 0.801688 0.840509 0.878082 0.781236 0.762862 0.854122 0.930643 0.952441 0.902474 0.926371 0.903997 0.944997 0.968567 0.932096 0.954140 0.954704 0.841660 0.912639 0.887256 0.944117 0.996453 0.861805 0.888552 0.980275 0.860950 0.821910 0.980085 0.867589 0.670905 0.725763 0.964770 0.894178 0.558149 0.591473 0.745770 0.757982 0.740980 0.764562 0.768651 0.828163 0.810266 0.929827 0.926740 0.916701 0.999900 0.928244 0.986666 0.823105 0.907985 0.915319 0.841348 0.970224 0.649474 0.625090 0.878114 0.781690 0.954502 0.770777 0.889818 0.962408 0.732030 0.915818 0.838648 0.998954 0.899984 0.905543 0.915039 0.953569 0.940843 0.997684 0.949675 0.953563 0.853145 0.780672 0.945966 0.923614 0.917459 0.906414 0.905632 0.965204 0.928637 0.780847 0.933966 0.844576
0.816690 0.784136 0.850534 0.825855 0.920583 0.000000 0.646190 0.649277 0.977158 0.847907 0.686357 0.681842 0.921525 0.850987 0.942180 0.913093 0.870916 0.766311 0.748936 0.743341 0.821681 0.988027 0.957468 0.891820 0.995034 0.895294 0.957468 0.963988 0.774775 0.701780 0.994570 0.904044 0.725896 0.580162 0.881247 0.719901 0.897858 0.847486 0.900489 0.846193 0.848599 0.809412 0.745863 0.800949 0.718606 0.799085 0.808654 0.843074 0.765616 0.942298 0.973638 0.953740 0.989806 0.769443 0.778891 0.785732 0.817262 0.824905 0.785305 0.743589 0.757478 0.764769 0.857150 0.812822 0.905937 0.758722 0.616691 0.669690 0.889306 0.885942 0.768682 0.941802 0.964475 0.938796 0.843983 0.978714 0.922513 0.926363 0.932241 0.923987 0.745651 0.767843 0.991381 0.836208 0.831677 0.826210 0.953780 0.925661 0.963721 0.980256 0.821185 0.903413 0.761994 0.944529 0.850713 0.856915 0.617069 0.759511 0.672501 0.667746 0.871530 0.833406 0.929541 0.868645 0.787927 0.693127 0.962360 0.853100 0.921381 0.671096 0.861115 0.738280 0.807177 0.934651 0.950623 0.859179
0.582229 0.507763 0.349252 0.380050 0.680256 0.646190 0.000000 0.243643 0.661309 0.859801 0.703340 0.568037 0.493628 0.608598 0.537331 0.622880 0.630723 0.603715 0.481001 0.486450 0.830139 0.897147 0.518597 0.577495 0.658602 0.584093 0.889295 0.976002 0.713791 0.808515 0.719977 0.617261 0.338094 0.424052 0.631640 0.750754 0.515638 0.606737 0.784271 0.864535 0.791982 0.739186 0.433420 0.463346 0.505341 0.555919 0.497169 0.537090 0.752528 0.712957 0.787750 0.710285 0.752111 0.970265 0.466904 0.563467 0.578917 0.530111 0.517506 0.599567 0.322988 0.444718 0.669396 0.555269 0.482298 0.376498 0.294939 0.309588 0.637231 0.722616 0.470027 0.626744 0.791193 0.765048 0.965410 0.771929 0.604863 0.659285 0.688638 0.761790 0.547048 0.568201 0.692392 0.640242 0.428394 0.469959 0.737962 0.708305 0.680120 0.626129 0.500051 0.776177 0.499243 0.761583 0.596606 0.816666 0.473189 0.750250 0.512999 0.471982 0.757311 0.778344 0.789598 0.823194 0.443090 0.580232 0.855686 0.781964 0.701724 0.665878 0.664053 0.610627 0.725954 0.870069 0.763143 0.865534
0.617774 0.540688 0.431577 0.403036 0.706005 0.649277 0.243643 0.000000 0.721005 0.803990 0.726536 0.506355 0.566370 0.578807 0.667885 0.659333 0.713976 0.654569 0.517805 0.465692 0.818107 0.829348 0.645512 0.635173 0.728549 0.612082 0.890506 0.972721 0.767889 0.788410 0.801163 0.662785 0.410895 0.435097 0.694447 0.748262 0.494196 0.587510 0.853406 0.803901 0.812804 0.708205 0.476247 0.512177 0.523547 0.567091 0.476090 0.520644 0.710975 0.692757 0.757103 0.702313 0.775755 0.980867 0.453013 0.585014 0.638332 0.571736 0.559263 0.607248 0.377574 0.393119 0.757840 0.570764 0.607839 0.405418 0.367400 0.332974 0.690334 0.715033 0.584935 0.659790 0.818596 0.842820 0.916127 0.774618 0.665275 0.724919 0.794291 0.755651 0.561816 0.593114 0.725173 0.671312 0.540844 0.553407 0.758424 0.715706 0.772959 0.697038 0.503313 0.805681 0.541612 0.819474 0.691175 0.779718 0.524380 0.779892 0.507041 0.465136 0.670866 0.758089 0.701630 0.833987 0.524323 0.654853 0.933994 0.765287 0.769109 0.755643 0.686969 0.642493 0.837665 0.841252 0.766481 0.926637
0.914407 0.996214 0.630419 0.713002 0.786868 0.977158 0.661309 0.721005 0.000000 0.775217 0.886480 0.912134 0.928384 0.916500 0.858867 0.973905 0.964413 0.877814 0.977599 0.977805 0.980496 0.970079 0.724241 0.846199 0.731355 0.552099 0.924535 0.953511 0.916216 0.947283 0.593507 0.778402 0.618843 0.884488 0.694931 0.986085 0.799535 0.885575 0.962608 0.886623 0.974916 0.740629 0.778003 0.832498 0.671846 0.774682 0.842917 0.873308 0.894506 0.841041 0.765372 0.816591 0.750273 0.784425 0.737147 0.768900 0.962694 0.941035 0.915595 0.958325 0.670248 0.700776 0.944793 0.887403 0.720962 0.796456 0.661610 0.604877 0.888915 0.969436 0.744824 0.745729 0.649697 0.753968 0.938841 0.926260 0.792015 0.781228 0.916620 0.855243 0.939958 0.848114 0.868960 0.928622 0.812181 0.839661 0.977651 0.782489 0.906530 0.799312 0.796608 0.957526 0.885573 0.954370 0.756051 0.958342 0.916720 0.843056 0.811289 0.820224 0.832200 0.939040 0.964961 0.945948 0.769646 0.751259 0.807180 0.848795 0.843553 0.957670 0.696000 0.712933 0.875214 0.915856 0.810345 0.992259
0.733315 0.780203 0.867263 0.853114 0.906929 0.847907 0.859801 0.803990 0.775217 0.000000 0.998250 0.961238 0.616846 0.710098 0.767539 0.721505 0.952347 0.806477 0.849564 0.884651 0.840837 0.981779 0.804930 0.635982 0.751489 0.952209 0.674390 0.867978 0.803899 0.807938 0.703737 0.757426 0.817679 0.764208 0.888172 0.945599 0.921654 0.794526 0.978781 0.955979 0.907273 0.775669 0.615540 0.727392 0.452870 0.504517 0.799741 0.674646 0.451652 0.624061 0.555033 0.768608 0.631885 0.614251 0.929595 0.728721 0.763017 0.747009 0.914365 0.953027 0.935005 0.714399 0.905000 0.770184 0.709835 0.825192 0.837816 0.675236 0.766670 0.885366 0.957690 0.842424 0.598590 0.849576 0.986932 0.855236 0.764319 0.805466 0.987396 0.856040 0.916805 0.732840 0.881398 0.773887 0.681603 0.697502 0.776369 0.914647 0.878689 0.702638 0.904731 0.925864 0.916200 0.836792 0.941218 0.826687 0.807661 0.723536 0.655252 0.680979 0.609939 0.869715 0.656881 0.752419 0.823620 0.828478 0.952877 0.693691 0.979522 0.863075 0.696337 0.737410 0.741873 0.842645 0.872350 0.864412
0.354987 0.486602 0.939128 0.921272 0.964151 0.686357 0.703340 0.726536 0.886480 0.998250 0.000000 0.514531 0.721392 0.603923 0.942132 0.886624 0.475768 0.369338 0.475034 0.443784 0.801921 0.930593 0.895185 0.947467 0.927645 0.928066 0.942487 0.957926 0.571758 0.440471 0.847220 0.765402 0.596428 0.469503 0.870610 0.757481 0.857569 0.833074 0.809224 0.787275 0.739694 0.874196 0.643354 0.604321 0.752907 0.727245 0.571546 0.713861 0.682925 0.714505 0.901550 0.848041 0.903013 0.737877 0.632221 0.689799 0.438234 0.521056 0.504376 0.575966 0.784531 0.993889 0.470777 0.583650 0.955927 0.867033 0.635923 0.683048 0.569391 0.603504 0.952306 0.941355 0.970362 0.931909 0.823102 0.904653 0.797368 0.986787 0.725806 0.582750 0.362382 0.416092 0.735756 0.560138 0.797795 0.808079 0.771002 0.812211 0.800419 0.803889 0.712320 0.736967 0.672387 0.797741 0.712950 0.992627 0.596379 0.754604 0.572775 0.655590 0.942219 0.747195 0.697229 0.599155 0.921843 0.860787 0.813802 0.903461 0.901643 0.795839 0.899625 0.794259 0.817238 0.869949 0.978509 0.848130
0.426894 0.459251 0.708305 0.613366 0.834465 0.681842 0.568037 0.506355 0.912134 0.961238 0.514531 0.000000 0.560445 0.464399 0.706186 0.606001 0.650425 0.418730 0.474338 0.360886 0.715080 0.888888 0.799566 0.643063 0.756328 0.889965 0.849229 0.923409 0.689261 0.591347 0.933032 0.786324 0.591266 0.434599 0.803517 0.743667 0.612521 0.566800 0.824969 0.673469 0.829275 0.864633 0.655870 0.683376 0.768464 0.777384 0.601967 0.643331 0.802403 0.836945 0.969562 0.941340 0.878540 0.588054 0.587205 0.744898 0.457673 0.462703 0.625100 0.632961 0.523173 0.582162 0.681034 0.522042 0.761843 0.542347 0.641958 0.564809 0.578657 0.576414 0.894909 0.891600 0.973103 0.887994 0.964301 0.936496 0.917564 0.889446 0.839684 0.533664 0.415176 0.425501 0.749079 0.527207 0.581758 0.542276 0.635513 0.756807 0.742664 0.656318 0.760805 0.907110 0.648749 0.996353 0.850056 0.772493 0.635950 0.814208 0.653082 0.708282 0.873358 0.889067 0.753123 0.727308 0.691010 0.742924 0.804917 0.968209 0.845653 0.764671 0.841807 0.791990 0.926079 0.838035 0.893199 0.891542
0.441717 0.401745 0.477269 0.457812 0.641306 0.921525 0.493628 0.566370 0.928384 0.616846 0.721392 0.560445 0.000000 0.345432 0.362345 0.344477 0.543157 0.485460 0.406124 0.428919 0.756712 0.879251 0.404421 0.375105 0.584580 0.809382 0.689581 0.913328 0.786299 0.835127 0.964046 0.835645 0.587302 0.648351 0.982102 0.852109 0.679560 0.807688 0.944595 0.881028 0.748350 0.993138 0.731695 0.671037 0.968001 0.934476 0.649844 0.743565 0.898697 0.896089 0.974964 0.779177 0.994597 0.798752 0.738652 0.826581 0.416210 0.371632 0.633212 0.580057 0.464249 0.689242 0.683687 0.615597 0.456750 0.423641 0.666754 0.761891 0.556167 0.601320 0.621888 0.827102 0.977006 0.822135 0.885242 0.836781 0.787386 0.802266 0.769079 0.537021 0.486557 0.434529 0.633917 0.542544 0.332042 0.395911 0.564250 0.612870 0.682148 0.547500 0.696372 0.708289 0.603068 0.752649 0.778649 0.998430 0.749414 0.971845 0.776505 0.728875 0.941545 0.870876 0.932013 0.867891 0.737460 0.785302 0.963657 0.944223 0.796981 0.852849 0.862342 0.785680 0.927652 0.926966 0.846531 0.933995
0.400311 0.378005 0.684836 0.585664 0.892489 0.850987 0.608598 0.578807 0.916500 0.710098 0.603923 0.464399 0.345432 0.000000 0.465972 0.350070 0.510533 0.383710 0.359798 0.447029 0.835464 0.783103 0.653991 0.510704 0.837282 0.961150 0.750896 0.974636 0.686265 0.651450 0.818792 0.775757 0.678944 0.625807 0.926222 0.777344 0.910666 0.818015 0.953320 0.836266 0.956818 0.992272 0.694405 0.625876 0.899861 0.804617 0.563989 0.713828 0.953426 0.822237 0.922110 0.741881 0.975674 0.726295 0.756508 0.729423 0.363205 0.377160 0.565298 0.550252 0.565924 0.753593 0.690717 0.616320 0.680418 0.550205 0.703990 0.761251 0.721625 0.698946 0.922376 0.953822 0.914503 0.877512 0.828805 0.960184 0.884907 0.918424 0.703113 0.476659 0.419257 0.390615 0.556336 0.474328 0.480125 0.490054 0.644469 0.635237 0.729700 0.626240 0.706677 0.764275 0.677435 0.818083 0.813835 0.936556 0.774396 0.841656 0.699158 0.641274 0.974419 0.841437 0.813198 0.795419 0.777222 0.814310 0.988406 0.883843 0.786489 0.834396 0.793241 0.760810 0.900224 0.812328 0.805195 0.935834
0.694774 0.598686 0.545846 0.517132 0.677353 0.942180 0.537331 0.667885 0.858867 0.767539 0.942132 0.706186 0.362345 0.465972 0.000000 0.282208 0.673811 0.628968 0.565686 0.674758 0.813701 0.876065 0.373074 0.395470 0.626800 0.850450 0.739228 0.934284 0.698931 0.871848 0.851815 0.707995 0.658075 0.706319 0.880840 0.831806 0.830617 0.821742 0.944890 0.900263 0.868364 0.960587 0.736586 0.713657 0.876240 0.863311 0.700033 0.772650 0.932583 0.952838 0.989424 0.825785 0.843252 0.877193 0.847921 0.865682 0.545712 0.540018 0.695230 0.691281 0.481927 0.663333 0.719735 0.649790 0.462559 0.514202 0.717005 0.758140 0.805759 0.806594 0.686701 0.889745 0.950368 0.738535 0.908080 0.814797 0.820215 0.685260 0.658432 0.593491 0.637722 0.624816 0.601270 0.651672 0.400978 0.464565 0.680922 0.563820 0.710833 0.608305 0.851789 0.853087 0.773161 0.858808 0.767358 0.974911 0.744031 0.962929 0.830429 0.711833 0.955014 0.920889 0.953966 0.951606 0.664997 0.727293 0.902120 0.914886 0.745096 0.920346 0.845902 0.791883 0.823945 0.924258 0.820082 0.989246
0.655006 0.537282 0.607129 0.546534 0.740841 0.913093 0.622880 0.659333 0.973905 0.721505 0.886624 0.606001 0.344477 0.350070 0.282208 0.000000 0.665612 0.576497 0.565619 0.601661 0.773640 0.826840 0.398359 0.373190 0.640479 0.869711 0.750044 0.920471 0.726861 0.801572 0.893944 0.760783 0.690563 0.686405 0.911232 0.816232 0.809467 0.840772 0.927629 0.922377 0.864105 0.962801 0.745287 0.693274 0.970236 0.904212 0.654213 0.785575 0.897304 0.998011 0.974151 0.889447 0.944376 0.741393 0.876655 0.855599 0.488990 0.475009 0.709639 0.646316 0.481244 0.628757 0.786595 0.616161 0.523035 0.497739 0.793101 0.836790 0.808555 0.716650 0.836304 0.937418 0.978412 0.728474 0.970676 0.722029 0.912990 0.721522 0.705855 0.586379 0.587585 0.558747 0.566113 0.566203 0.388163 0.407602 0.698070 0.613980 0.661811 0.595207 0.883317 0.901581 0.786423 0.970090 0.880112 0.963164 0.813733 0.977011 0.880252 0.753603 0.929694 0.937610 0.926216 0.971627 0.713546 0.733575 0.939526 0.937787 0.756100 0.965076 0.894430 0.778274 0.888831 0.888520 0.741874 0.971172
0.385742 0.402259 0.893912 0.857429 0.991083 0.870916 0.630723 0.713976 0.964413 0.952347 0.475768 0.650425 0.543157 0.510533 0.673811 0.665612 0.000000 0.323673 0.390821 0.448946 0.913262 0.936140 0.918574 0.848578 0.953800 0.955319 0.994439 0.887087 0.486032 0.513931 0.978628 0.648952 0.507585 0.470466 0.918972 0.986648 0.823795 0.843657 0.909471 0.786735 0.698928 0.836369 0.468311 0.367969 0.680035 0.563626 0.444451 0.484285 0.636622 0.573259 0.660951 0.585144 0.825595 0.883980 0.593415 0.563656 0.300434 0.345518 0.376259 0.366871 0.704575 0.941674 0.325389 0.405286 0.976831 0.865950 0.676359 0.679950 0.550284 0.569409 0.815946 0.976181 0.977172 0.796052 0.806317 0.915432 0.643779 0.761045 0.528014 0.555764 0.269923 0.327063 0.463383 0.392006 0.637361 0.724080 0.819942 0.556036 0.682956 0.664018 0.746486 0.721100 0.766719 0.909458 0.670267 0.945840 0.694651 0.819301 0.502915 0.630162 0.980417 0.766410 0.586307 0.459231 0.758225 0.793440 0.987316 0.978665 0.887618 0.787055 0.769500 0.675974 0.721985 0.867323 0.744133 0.980316
0.250808 0.276810 0.824170 0.692044 0.940911 0.766311 0.603715 0.654569 0.877814 0.806477 0.369338 0.418730 0.485460 0.383710 0.628968 0.576497 0.323673 0.000000 0.335077 0.296493 0.812079 0.933419 0.846269 0.677491 0.860742 0.983089 0.937123 0.987382 0.565132 0.513917 0.834326 0.728711 0.538713 0.435747 0.801757 0.805986 0.831733 0.747549 0.801065 0.756958 0.739762 0.823814 0.546381 0.496033 0.773040 0.693993 0.487690 0.549858 0.735512 0.675267 0.856482 0.764490 0.925839 0.606191 0.544968 0.593838 0.218790 0.243401 0.342549 0.397700 0.665488 0.948531 0.406732 0.438743 0.827780 0.727578 0.579021 0.657768 0.474699 0.480464 0.835519 0.957131 0.892207 0.816009 0.792005 0.923820 0.788577 0.866018 0.532142 0.431496 0.220620 0.221737 0.494754 0.344012 0.498939 0.544607 0.672384 0.605036 0.580663 0.527119 0.679325 0.714298 0.577855 0.780333 0.701938 0.868814 0.590721 0.762431 0.555711 0.632310 0.962159 0.873588 0.630813 0.568785 0.700539 0.699741 0.963682 0.955129 0.871068 0.730009 0.857912 0.741535 0.812970 0.848991 0.811975 0.963195
0.352292 0.374128 0.715212 0.594380 0.855925 0.748936 0.481001 0.517805 0.977599 0.849564 0.475034 0.474338 0.406124 0.359798 0.565686 0.565619 0.390821 0.335077 0.000000 0.352813 0.846178 0.837889 0.741682 0.637414 0.880476 0.988366 0.811047 0.888557 0.562547 0.607346 0.940056 0.619583 0.525670 0.489817 0.842895 0.908901 0.778449 0.806318 0.833391 0.745474 0.699961 0.909082 0.541260 0.514785 0.742677 0.711544 0.482745 0.528558 0.792365 0.729846 0.889195 0.723005 0.981307 0.785373 0.586493 0.609745 0.341778 0.374802 0.475485 0.491569 0.576522 0.804130 0.501395 0.550728 0.768321 0.606206 0.528031 0.576509 0.569510 0.731120 0.651497 0.883318 0.986410 0.928505 0.877247 0.942189 0.723590 0.817147 0.657910 0.474589 0.322670 0.329610 0.629276 0.466558 0.521714 0.588670 0.670763 0.601286 0.715614 0.693165 0.605391 0.647425 0.555839 0.733000 0.701996 0.831193 0.510480 0.813635 0.493513 0.491724 0.944008 0.715929 0.674488 0.647111 0.642823 0.661928 0.928402 0.913870 0.791876 0.631319 0.795206 0.644786 0.781715 0.868003 0.770999 0.824015
0.308864 0.296059 0.653269 0.538747 0.810473 0.743341 0.486450 0.465692 0.977805 0.884651 0.443784 0.360886 0.428919 0.447029 0.674758 0.601661 0.448946 0.296493 0.352813 0.000000 0.752673 0.944990 0.758895 0.617924 0.739697 0.851477 0.830865 0.971581 0.671082 0.605643 0.968332 0.768743 0.485131 0.422198 0.860140 0.842231 0.622140 0.592438 0.754321 0.706329 0.717405 0.760888 0.541631 0.518477 0.771750 0.755870 0.474103 0.550724 0.782727 0.667916 0.873231 0.754766 0.975558 0.677066 0.478631 0.609695 0.301969 0.278924 0.423344 0.470825 0.548346 0.734363 0.550048 0.468773 0.730748 0.560959 0.512538 0.548732 0.387069 0.458656 0.690654 0.774872 0.942450 0.843712 0.860379 0.977155 0.645257 0.800592 0.690274 0.541139 0.278561 0.277964 0.609306 0.396485 0.464079 0.499675 0.624422 0.660227 0.632966 0.537449 0.606109 0.707762 0.500273 0.772528 0.720452 0.786422 0.546307 0.844746 0.558614 0.568510 0.857193 0.820844 0.640258 0.650414 0.634480 0.671334 0.874854 0.941322 0.824941 0.722027 0.804356 0.709635 0.935452 0.834992 0.827460 0.948193
0.695532 0.692666 0.654091 0.691527 0.814660 0.821681 0.830139 0.818107 0.980496 0.840837 0.801921 0.715080 0.756712 0.835464 0.813701 0.773640 0.913262 0.812079 0.846178 0.752673 0.000000 0.941431 0.817227 0.667930 0.652380 0.783199 0.885787 0.685744 0.982652 0.966250 0.895399 0.940130 0.780574 0.742404 0.722729 0.738652 0.813936 0.815306 0.742394 0.860964 0.888702 0.909488 0.997338 0.954089 0.948394 0.998908 0.895336 0.910196 0.971669 0.923845 0.872893 0.821524 0.766158 0.607399 0.743599 0.878539 0.741931 0.720265 0.796040 0.843590 0.570463 0.670517 0.926765 0.860641 0.625524 0.576706 0.807401 0.856630 0.670951 0.746391 0.955559 0.953901 0.979717 0.943633 0.882616 0.983575 0.953137 0.988979 0.867909 0.885756 0.776953 0.735651 0.744305 0.785689 0.631064 0.555608 0.752839 0.847679 0.691388 0.660139 0.887453 0.706143 0.964560 0.865341 0.978468 0.935265 0.920812 0.934462 0.962728 0.889613 0.842094 0.901331 0.913614 0.861836 0.905860 0.962177 0.872544 0.959724 0.946050 0.864750 0.923532 0.937066 0.966195 0.941058 0.989900 0.983718
0.926332 0.885844 0.911715 0.905509 0.905165 0.988027 0.897147 0.829348 0.970079 0.981779 0.930593 0.888888 0.879251 0.783103 0.876065 0.826840 0.936140 0.933419 0.837889 0.944990 0.941431 0.000000 0.957100 0.933396 0.888917 0.948602 0.986586 0.863867 0.993181 0.948274 0.914290 0.957822 0.953561 0.968047 0.994795 0.939908 0.977004 0.977924 0.933797 0.955814 0.934385 0.918158 0.885173 0.881263 0.960606 0.873646 0.855435 0.861635 0.915016 0.835661 0.797690 0.724415 0.695819 0.851973 0.878819 0.904395 0.900286 0.851405 0.896088 0.805401 0.851975 0.852303 0.895140 0.846295 0.984714 0.949344 0.944959 0.974196 0.878350 0.922704 0.983275 0.976324 0.998760 0.888539 0.917575 0.934614 0.927622 0.982641 0.952388 0.784830 0.907093 0.844961 0.889218 0.854214 0.955344 0.964032 0.807788 0.799819 0.984165 0.943546 0.856493 0.816188 0.956982 0.907342 0.797649 0.964268 0.735380 0.940362 0.809699 0.829472 0.739824 0.720467 0.958009 0.902968 0.865704 0.988450 0.968998 0.896565 0.818161 0.870570 0.864074 0.886791 0.860593 0.878081 0.747424 0.905907
0.864830 0.701929 0.381200 0.329856 0.510562 0.957468 0.518597 0.645512 0.724241 0.804930 0.895185 0.799566 0.404421 0.653991 0.373074 0.398359 0.918574 0.846269 0.741682 0.758895 0.817227 0.957100 0.000000 0.283083 0.430315 0.623176 0.611106 0.946333 0.950065 0.929672 0.748337 0.833175 0.719183 0.835304 0.773971 0.849070 0.695268 0.803254 0.903977 0.992328 0.876548 0.977647 0.845397 0.867425 0.958988 0.999531 0.899924 0.921040 0.783924 0.895794 0.876724 0.995140 0.960750 0.871166 0.912801 0.947256 0.769191 0.705154 0.920586 0.877718 0.478197 0.584927 0.984656 0.815341 0.281688 0.414654 0.630645 0.729123 0.798434 0.863217 0.596196 0.657292 0.803423 0.706291 0.945633 0.692957 0.865925 0.684913 0.839486 0.891265 0.862540 0.828692 0.750054 0.819848 0.346227 0.387568 0.679234 0.703837 0.638137 0.574588 0.775046 0.898185 0.644642 0.784587 0.783422 0.989284 0.847950 0.965815 0.915820 0.833524 0.906352 0.939108 0.904879 0.844877 0.626380 0.656105 0.860171 0.952675 0.752599 0.848036 0.852449 0.792125 0.957270 0.933968 0.818187 0.930017
0.679298 0.586792 0.396052 0.322375 0.547125 0.891820 0.577495 0.635173 0.846199 0.635982 0.947467 0.643063 0.375105 0.510704 0.395470 0.373190 0.848578 0.677491 0.637414 0.617924 0.667930 0.933396 0.283083 0.000000 0.395820 0.655775 0.530722 0.886724 0.928339 0.980310 0.897916 0.854344 0.724317 0.778848 0.761893 0.750107 0.756535 0.736529 0.801995 0.928117 0.841511 0.930307 0.950257 0.928093 0.930780 0.904781 0.884895 0.956920 0.723126 0.840410 0.730077 0.872820 0.840958 0.621989 0.776743 0.914073 0.621136 0.586039 0.869493 0.837484 0.518777 0.677480 0.961149 0.831057 0.314387 0.391316 0.694048 0.769341 0.655125 0.817390 0.699312 0.779660 0.965328 0.776374 0.999372 0.888292 0.937052 0.762474 0.812823 0.735842 0.718203 0.638678 0.704851 0.631262 0.293585 0.301868 0.658626 0.691107 0.544009 0.470056 0.838714 0.961358 0.633506 0.843006 0.833106 0.961631 0.828343 0.976920 0.931507 0.894546 0.904141 0.951099 0.929925 0.850407 0.684051 0.733219 0.973412 0.944087 0.880508 0.946850 0.949345 0.861512 0.932796 0.894770 0.929946 0.947140
0.760680 0.674359 0.393838 0.442209 0.562834 0.995034 0.658602 0.728549 0.731355 0.751489 0.927645 0.756328 0.584580 0.837282 0.626800 0.640479 0.953800 0.860742 0.880476 0.739697 0.652380 0.888917 0.430315 0.395820 0.000000 0.393005 0.568645 0.834358 0.861936 0.785826 0.707082 0.917726 0.679153 0.809592 0.692340 0.752201 0.551033 0.610120 0.760346 0.826773 0.748818 0.881277 0.991901 0.995076 0.958707 0.880164 0.916407 0.992003 0.744115 0.797497 0.764413 0.801796 0.754197 0.609722 0.699066 0.958291 0.753807 0.713330 0.923870 0.908794 0.527787 0.628307 0.891516 0.919296 0.326762 0.407291 0.733966 0.741808 0.538514 0.639821 0.846244 0.688283 0.903394 0.756961 0.958407 0.968708 0.979316 0.845702 0.937557 0.946811 0.894316 0.782550 0.751442 0.749855 0.371291 0.339494 0.789928 0.793190 0.546216 0.435573 0.970098 0.762133 0.746859 0.963900 0.820058 0.915225 0.989369 0.928739 0.901419 0.843772 0.812958 0.818470 0.836469 0.805763 0.776606 0.842737 0.935983 0.922721 0.863209 0.993635 0.982363 0.956396 0.822459 0.750283 0.982399 0.979958
0.899752 0.813926 0.435638 0.562518 0.614125 0.895294 0.584093 0.612082 0.552099 0.952209 0.928066 0.889965 0.809382 0.961150 0.850450 0.869711 0.955319 0.983089 0.988366 0.851477 0.783199 0.948602 0.623176 0.655775 0.393005 0.000000 0.777043 0.828564 0.836141 0.804504 0.588665 0.858298 0.646515 0.768219 0.725759 0.647914 0.573538 0.671574 0.735612 0.760355 0.934136 0.796667 0.883315 0.911484 0.824610 0.902062 0.825942 0.953229 0.937838 0.974024 0.989963 0.998830 0.971674 0.871300 0.620412 0.873868 0.912562 0.864067 0.893096 0.921510 0.527715 0.567171 0.829746 0.991489 0.472628 0.477487 0.623354 0.607530 0.655302 0.726779 0.885530 0.687929 0.779539 0.798335 0.951102 0.967657 0.994115 0.952294 0.944797 0.901341 0.991509 0.980635 0.801893 0.949376 0.568332 0.502015 0.936426 0.913986 0.678731 0.622977 0.881458 0.745344 0.853638 0.903003 0.825363 0.907689 0.964795 0.989042 0.990191 0.961535 0.953319 0.876872 0.864523 0.828515 0.810198 0.804221 0.938768 0.928743 0.834923 0.880970 0.815167 0.983291 0.825470 0.874959 0.951530 0.911111
0.877323 0.835598 0.725409 0.629774 0.610259 0.957468 0.889295 0.890506 0.924535 0.674390 0.942487 0.849229 0.689581 0.750896 0.739228 0.750044 0.994439 0.937123 0.811047 0.830865 0.885787 0.986586 0.611106 0.530722 0.568645 0.777043 0.000000 0.970500 0.827375 0.766484 0.928515 0.997156 0.953458 0.927870 0.926899 0.912215 0.953964 0.838852 0.852414 0.987085 0.960561 0.882746 0.837956 0.851050 0.704325 0.718526 0.987771 0.857615 0.633607 0.753838 0.691402 0.839804 0.770681 0.762709 0.990699 0.889641 0.863245 0.859539 0.890492 0.994201 0.865225 0.920151 0.907203 0.915545 0.606993 0.666079 0.954920 0.958986 0.827169 0.902896 0.950561 0.989442 0.958182 0.984708 0.981226 0.988131 0.979365 0.901654 0.944469 0.965500 0.996440 0.860505 0.898582 0.939330 0.658594 0.639054 0.769851 0.814329 0.898740 0.704273 0.894136 0.946768 0.749432 0.845774 0.973503 0.919322 0.959702 0.999526 0.938010 0.954660 0.867022 0.995847 0.828235 0.879124 0.887767 0.929981 0.999725 0.983756 0.897137 0.927434 0.910256 0.979529 0.870713 0.772520 0.920026 0.938612
0.900046 0.927487 0.898026 0.984796 0.915438 0.963988 0.976002 0.972721 0.953511 0.867978 0.957926 0.923409 0.913328 0.974636 0.934284 0.920471 0.887087 0.987382 0.888557 0.971581 0.685744 0.863867 0.946333 0.886724 0.834358 0.828564 0.970500 0.000000 0.995206 0.915440 0.844329 0.910531 0.955795 0.991804 0.952647 0.808090 0.910069 0.962160 0.953565 0.961653 0.987530 0.846791 0.996352 0.934046 0.952881 0.974619 0.981774 0.954059 0.959801 0.967924 0.980309 0.920104 0.955637 0.830579 0.960431 0.825062 0.904051 0.884394 0.936644 0.915243 0.922909 0.984337 0.948011 0.984661 0.883214 0.903641 0.949768 0.894121 0.848623 0.760599 0.946941 0.841373 0.880829 0.915447 0.997000 0.957305 0.919540 0.969668 0.906367 0.868923 0.963090 0.954895 0.880340 0.991223 0.860675 0.842051 0.863961 0.898268 0.941240 0.807264 0.842368 0.788086 0.838711 0.745618 0.912431 0.796933 0.879772 0.855772 0.873201 0.796256 0.719158 0.900003 0.838244 0.927558 0.882804 0.784759 0.972595 0.998961 0.905226 0.789506 0.868211 0.929100 0.958175 0.950318 0.882806 0.948669
0.689696 0.684449 0.986856 0.915789 0.981282 0.774775 0.713791 0.767889 0.916216 0.803899 0.571758 0.689261 0.786299 0.686265 0.698931 0.726861 0.486032 0.565132 0.562547 0.671082 0.982652 0.993181 0.950065 0.928339 0.861936 0.836141 0.827375 0.995206 0.000000 0.324679 0.822180 0.447626 0.566374 0.485109 0.936710 0.987763 0.852130 0.976957 0.944181 0.975188 0.851763 0.890885 0.457921 0.445305 0.539648 0.502814 0.546336 0.483685 0.610502 0.624746 0.657832 0.707220 0.759001 0.991958 0.802371 0.688411 0.562716 0.668292 0.520024 0.596726 0.720562 0.882456 0.414444 0.461057 0.905164 0.953506 0.676072 0.667223 0.861973 0.973850 0.851372 0.995069 0.873711 0.729667 0.932551 0.945842 0.755618 0.632232 0.567215 0.571487 0.464000 0.656542 0.655042 0.642694 0.858028 0.926104 0.875976 0.773794 0.903560 0.980167 0.957575 0.868700 0.959086 0.916658 0.621889 0.910145 0.575286 0.963333 0.600538 0.610183 0.861001 0.823370 0.670276 0.493663 0.726857 0.727484 0.933290 0.847188 0.854323 0.802693 0.732845 0.629342 0.696724 0.802156 0.749644 0.964509
0.650485 0.637980 0.932935 0.993878 0.918009 0.701780 0.808515 0.788410 0.947283 0.807938 0.440471 0.591347 0.835127 0.651450 0.871848 0.801572 0.513931 0.513917 0.607346 0.605643 0.966250 0.948274 0.929672 0.980310 0.785826 0.804504 0.766484 0.915440 0.324679 0.000000 0.963730 0.628261 0.653172 0.478686 0.941685 0.931602 0.906746 0.923805 0.987789 0.842344 0.848630 0.932175 0.519225 0.501613 0.582491 0.555003 0.586684 0.569266 0.545507 0.616724 0.678776 0.762254 0.839667 0.885963 0.859386 0.705609 0.567732 0.649217 0.527023 0.522292 0.773426 0.872634 0.464292 0.441960 0.816334 0.997180 0.703303 0.697554 0.853289 0.854671 0.973729 0.954240 0.857974 0.739665 0.931115 0.931619 0.869212 0.699275 0.611113 0.574824 0.440189 0.616124 0.687005 0.636585 0.945346 0.992033 0.896952 0.740930 0.946756 0.993015 0.952507 0.876609 0.964090 0.911784 0.713934 0.940060 0.660735 0.832200 0.600825 0.652411 0.801422 0.929919 0.635980 0.492666 0.876200 0.726977 0.837126 0.953475 0.928088 0.818726 0.752107 0.705952 0.814386 0.788930 0.804619 0.949595
0.833418 0.907485 0.745740 0.846449 0.777625 0.994570 0.719977 0.801163 0.593507 0.703737 0.847220 0.933032 0.964046 0.818792 0.851815 0.893944 0.978628 0.834326 0.940056 0.968332 0.895399 0.914290 0.748337 0.897916 0.707082 0.588665 0.928515 0.844329 0.822180 0.963730 0.000000 0.550445 0.582881 0.761937 0.814925 0.996891 0.625035 0.870658 0.745180 0.949312 0.862535 0.852412 0.667549 0.700986 0.643040 0.688900 0.813092 0.794067 0.840298 0.836747 0.765442 0.876229 0.762157 0.857104 0.868588 0.885451 0.943634 0.927886 0.917953 0.906568 0.643480 0.606090 0.953336 0.765688 0.833733 0.831457 0.820090 0.663622 0.907145 0.985293 0.872671 0.812455 0.634446 0.736652 0.864379 0.804445 0.805780 0.555885 0.927163 0.992617 0.992990 0.863824 0.855473 0.975362 0.877138 0.871990 0.855339 0.997102 0.857626 0.949701 0.793744 0.696737 0.789509 0.660896 0.852479 0.997617 0.948517 0.924488 0.974096 0.978213 0.830356 0.934258 0.962274 0.988314 0.833572 0.829144 0.869252 0.898196 0.898036 0.967478 0.831681 0.911338 0.908301 0.965739 0.898965 0.962073
0.830828 0.780920 0.854456 0.789784 0.892587 0.904044 0.617261 0.662785 0.778402 0.757426 0.765402 0.786324 0.835645 0.775757 0.707995 0.760783 0.648952 0.728711 0.619583 0.768743 0.940130 0.957822 0.833175 0.854344 0.917726 0.858298 0.997156 0.910531 0.447626 0.628261 0.550445 0.000000 0.533614 0.529606 0.775488 0.959251 0.686868 0.845034 0.782829 0.884305 0.876278 0.952542 0.489169 0.460295 0.564352 0.549491 0.569974 0.560233 0.724511 0.690734 0.726886 0.740886 0.801177 0.972122 0.656174 0.676074 0.675770 0.771974 0.608723 0.661124 0.640960 0.760656 0.643471 0.580231 0.935561 0.830006 0.640907 0.596172 0.859296 0.982539 0.878839 0.929528 0.773302 0.777013 0.940515 0.989539 0.740777 0.637191 0.641760 0.649096 0.606009 0.743156 0.620209 0.673554 0.780305 0.825082 0.913384 0.753456 0.774964 0.902131 0.953524 0.955330 0.981148 0.947829 0.713287 0.878549 0.695885 0.995362 0.657524 0.665428 0.798906 0.832360 0.667639 0.739106 0.664498 0.702752 0.944155 0.911298 0.767468 0.773894 0.742609 0.739329 0.736458 0.917395 0.770757 0.981137
0.532631 0.494739 0.562918 0.590416 0.801688 0.725896 0.338094 0.410895 0.618843 0.817679 0.596428 0.591266 0.587302 0.678944 0.658075 0.690563 0.507585 0.538713 0.525670 0.485131 0.780574 0.953561 0.719183 0.724317 0.679153 0.646515 0.953458 0.955795 0.566374 0.653172 0.582881 0.533614 0.000000 0.325116 0.646310 0.840342 0.518285 0.611892 0.751620 0.806378 0.700100 0.643236 0.350820 0.376071 0.423950 0.470761 0.403049 0.451708 0.617672 0.590255 0.662193 0.675771 0.825087 0.916543 0.465255 0.537487 0.510273 0.502114 0.408632 0.528350 0.364848 0.556598 0.507188 0.424982 0.679181 0.557287 0.386766 0.353131 0.555090 0.611405 0.657612 0.759971 0.791084 0.687013 0.813592 0.840125 0.596962 0.659733 0.644798 0.649421 0.461958 0.556768 0.594985 0.563441 0.511599 0.541252 0.831962 0.677903 0.626245 0.647749 0.738988 0.947791 0.712963 0.980928 0.664136 0.911220 0.596089 0.844806 0.554996 0.613716 0.833177 0.810928 0.735258 0.648365 0.566956 0.627301 0.936967 0.937980 0.866910 0.761183 0.756344 0.685153 0.732408 0.805997 0.758399 0.991832
0.486013 0.469548 0.694188 0.690081 0.840509 0.580162 0.424052 0.435097 0.884488 0.764208 0.469503 0.434599 0.648351 0.625807 0.706319 0.686405 0.470466 0.435747 0.489817 0.422198 0.742404 0.968047 0.835304 0.778848 0.809592 0.768219 0.927870 0.991804 0.485109 0.478686 0.761937 0.529606 0.325116 0.000000 0.681646 0.775687 0.575286 0.579418 0.776621 0.780583 0.646236 0.677448 0.416316 0.411488 0.460375 0.500450 0.387234 0.469516 0.574547 0.617853 0.706848 0.740756 0.923928 0.788112 0.440046 0.521773 0.456729 0.460379 0.392557 0.429804 0.433900 0.558602 0.446537 0.341684 0.820919 0.612957 0.449196 0.398975 0.554126 0.577765 0.778809 0.821060 0.835945 0.690436 0.878201 0.951127 0.793999 0.704725 0.718107 0.596767 0.350713 0.460511 0.581247 0.509456 0.586572 0.600944 0.777122 0.690846 0.647781 0.733583 0.826944 0.986959 0.784029 0.945804 0.748659 0.860429 0.525543 0.864651 0.552291 0.624168 0.773840 0.845348 0.636445 0.585473 0.618600 0.639195 0.977159 0.952254 0.936004 0.738237 0.755523 0.723039 0.764118 0.898695 0.814742 0.935338
0.827635 0.798208 0.664598 0.649516 0.878082 0.881247 0.631640 0.694447 0.694931 0.888172 0.870610 0.803517 0.982102 0.926222 0.880840 0.911232 0.918972 0.801757 0.842895 0.860140 0.722729 0.994795 0.773971 0.761893 0.692340 0.725759 0.926899 0.952647 0.936710 0.941685 0.814925 0.775488 0.646310 0.681646 0.000000 0.864206 0.845803 0.712879 0.616984 0.818396 0.993604 0.743372 0.833911 0.832442 0.729775 0.825202 0.840258 0.936563 0.937093 0.945705 0.974912 0.854007 0.924851 0.751720 0.610467 0.679904 0.840468 0.844979 0.744555 0.911580 0.628877 0.707489 0.867200 0.772226 0.647019 0.666646 0.510087 0.565455 0.777629 0.959732 0.808695 0.804702 0.820851 0.871626 0.968206 0.935677 0.924676 0.876935 0.828858 0.963851 0.813892 0.801364 0.688064 0.802422 0.665071 0.618306 0.952265 0.807580 0.632821 0.644976 0.923798 0.796535 0.765544 0.978063 0.823552 0.936613 0.763920 0.685641 0.819248 0.897149 0.990125 0.838491 0.965419 0.984743 0.748587 0.790553 0.852259 0.981985 0.872658 0.946985 0.985616 0.803336 0.918166 0.890722 0.924511 0.956941
0.748761 0.858826 0.742748 0.745691 0.781236 0.719901 0.750754 0.748262 0.986085 0.945599 0.757481 0.743667 0.852109 0.777344 0.831806 0.816232 0.986648 0.805986 0.908901 0.842231 0.738652 0.939908 0.849070 0.750107 0.752201 0.647914 0.912215 0.808090 0.987763 0.931602 0.996891 0.959251 0.840342 0.775687 0.864206 0.000000 0.856953 0.835292 0.970858 0.925790 0.879311 0.906853 0.990307 0.936197 0.991727 0.993518 0.917329 0.846406 0.904666 0.853437 0.831462 0.809944 0.797332 0.666183 0.766132 0.962482 0.833669 0.846884 0.916402 0.912916 0.759812 0.836536 0.873071 0.981736 0.679171 0.672365 0.805943 0.841133 0.777745 0.716465 0.965658 0.992048 0.876609 0.959269 0.968788 0.985003 0.873461 0.876999 0.977155 0.833375 0.846035 0.837700 0.829892 0.880188 0.712584 0.654685 0.964156 0.947004 0.790900 0.820635 0.869782 0.873307 0.950336 0.983525 0.935528 0.992555 0.962980 0.895706 0.983909 0.987351 0.967033 0.955190 0.963231 0.866607 0.936837 0.924741 0.976296 0.864522 0.943201 0.888212 0.948927 0.970030 0.844373 0.807429 0.844304 0.905416
0.731234 0.729068 0.538878 0.602349 0.762862 0.897858 0.515638 0.494196 0.799535 0.921654 0.857569 0.612521 0.679560 0.910666 0.830617 0.809467 0.823795 0.831733 0.778449 0.622140 0.813936 0.977004 0.695268 0.756535 0.551033 0.573538 0.953964 0.910069 0.852130 0.906746 0.625035 0.686868 0.518285 0.575286 0.845803 0.856953 0.000000 0.558457 0.843514 0.791038 0.705908 0.837447 0.703036 0.704407 0.700324 0.779583 0.677863 0.674745 0.862246 0.859845 0.925507 0.924785 0.977538 0.907699 0.528260 0.808185 0.762019 0.712157 0.743179 0.809192 0.500564 0.548557 0.874826 0.664413 0.691622 0.562271 0.633427 0.573264 0.576319 0.667573 0.730462 0.593059 0.886576 0.746185 0.994817 0.887109 0.824161 0.766527 0.935346 0.906220 0.697075 0.706145 0.799803 0.708382 0.638933 0.645443 0.857335 0.840165 0.792481 0.728110 0.845606 0.945240 0.802840 0.980693 0.803076 0.989111 0.727535 0.873412 0.772202 0.850871 0.846078 0.988474 0.842480 0.949682 0.722144 0.819622 0.913411 0.988598 0.822402 0.795099 0.928238 0.885413 0.997732 0.995019 0.932331 0.930229
0.691144 0.659454 0.586475 0.615773 0.854122 0.847486 0.606737 0.587510 0.885575 0.794526 0.833074 0.566800 0.807688 0.818015 0.821742 0.840772 0.843657 0.747549 0.806318 0.592438 0.815306 0.977924 0.803254 0.736529 0.610120 0.671574 0.838852 0.962160 0.976957 0.923805 0.870658 0.845034 0.611892 0.579418 0.712879 0.835292 0.558457 0.000000 0.699895 0.730174 0.835093 0.632651 0.771265 0.829029 0.720246 0.800738 0.689159 0.745346 0.788892 0.825301 0.905607 0.951896 0.904820 0.739031 0.549107 0.700904 0.732323 0.670524 0.736441 0.790839 0.569818 0.586769 0.888628 0.689908 0.714265 0.603777 0.663940 0.554033 0.622421 0.656875 0.828093 0.738424 0.918272 0.824194 0.980074 0.993499 0.766421 0.926358 0.903532 0.871053 0.695307 0.704278 0.882992 0.724850 0.667225 0.638960 0.837418 0.827026 0.728960 0.653613 0.831536 0.867211 0.731732 0.970366 0.918110 0.822157 0.819359 0.835142 0.694422 0.813164 0.802811 0.990133 0.781399 0.842106 0.683224 0.826982 0.943882 0.959840 0.934188 0.822332 0.833206 0.839280 0.862248 0.938467 0.993899 0.941158
