0.000000 0.397285 0.934320 0.782320 0.874802 0.872615 0.764606 0.726224 0.987329 0.659068 0.462989 0.420253 0.611202 0.639814 0.813717 0.816653 0.441231 0.414939 0.515580 0.414151 0.933278 0.983202 0.887498 0.843537 0.957981 0.946562 0.989699 0.797244 0.525085 0.500880 0.805180 0.861679 0.606831 0.594646 0.925757 0.917711 0.759598 0.734227 0.952687 0.832479 0.795468 0.723142 0.835375 0.668568 0.881397 0.795477 0.621385 0.663245 0.759605 0.702991 0.884699 0.790345 0.972116 0.989509 0.838037 0.822140 0.424633 0.386263 0.615052 0.615236 0.664944 0.780151 0.593852 0.489107 0.889316 0.855637 0.834409 0.896733 0.402984 0.531282 0.728177 0.749296 0.639907 0.523424 0.775179 0.890684 0.710173 0.710953 0.597023 0.671845 0.405989 0.455401 0.535674 0.550157 0.745768 0.939611 0.996222 0.963648 0.936839 0.810857 0.952341 0.940516 0.886629 0.898373 0.923246 0.857328 0.881960 0.771764 0.721339 0.748240 0.962107 0.836198 0.614771 0.686597 0.837542 0.657532 0.939837 0.826767 0.852057 0.785406 0.890859 0.837954 0.868077 0.839255 0.873521 0.858224
0.397285 0.000000 0.834289 0.706072 0.987261 0.768680 0.668607 0.621842 0.827962 0.594606 0.522310 0.443497 0.780920 0.747759 0.995131 0.887691 0.500286 0.448977 0.461067 0.453093 0.828053 0.992539 0.941558 0.790083 0.941300 0.961517 0.995121 0.721530 0.551217 0.624027 0.763156 0.833278 0.662469 0.571634 0.916591 0.994696 0.719173 0.624906 0.930323 0.932416 0.867934 0.795567 0.591569 0.496081 0.744254 0.640781 0.583824 0.626617 0.639091 0.564622 0.754480 0.700030 0.806413 0.847106 0.913631 0.807974 0.303925 0.285317 0.671840 0.661438 0.730703 0.738005 0.688614 0.534590 0.895260 0.803815 0.866219 0.878143 0.536808 0.539431 0.739012 0.671830 0.746448 0.628492 0.979726 0.853533 0.619963 0.705739 0.548626 0.665519 0.416986 0.497214 0.661103 0.527769 0.835196 0.921995 0.907330 0.862771 0.913511 0.843348 0.919926 0.895186 0.949137 0.971463 0.961517 0.977005 0.907315 0.761248 0.691069 0.634595 0.845554 0.824220 0.547482 0.721859 0.859364 0.797525 0.869476 0.701957 0.952158 0.695539 0.679078 0.758904 0.706033 0.673466 0.901128 0.919615
0.934320 0.834289 0.000000 0.596222 0.999040 0.809489 0.710805 0.789035 0.499300 0.978392 0.853395 0.831272 0.714914 0.819482 0.749747 0.691347 0.938500 0.992604 0.827174 0.772277 0.897800 0.975198 0.554326 0.687828 0.601053 0.609304 0.947023 0.851599 0.859593 0.836185 0.537982 0.620438 0.766445 0.834110 0.736917 0.996734 0.783148 0.892817 0.875165 0.919575 0.908346 0.960524 0.828763 0.899672 0.964239 0.974113 0.806857 0.858491 0.819305 0.982070 0.878622 0.959044 0.996896 0.913740 0.932728 0.877101 0.956396 0.933423 0.966281 0.849127 0.688956 0.639285 0.940055 0.995255 0.474226 0.548815 0.939363 0.764206 0.877851 0.935481 0.693258 0.721622 0.673240 0.793626 0.960064 0.923305 0.684005 0.836994 0.986836 0.811377 0.973611 0.831443 0.774641 0.846555 0.731358 0.702755 0.936268 0.859647 0.856005 0.890979 0.999942 0.941403 0.966362 0.936150 0.794688 0.916151 0.877051 0.994770 0.901878 0.915108 0.878192 0.896610 0.971526 0.885397 0.877215 0.926015 0.884751 0.945635 0.829310 0.952825 0.942774 0.937389 0.917891 0.946192 0.681434 0.997508
0.782320 0.706072 0.596222 0.000000 0.941307 0.905679 0.702638 0.491060 0.611642 0.743329 0.813384 0.554005 0.713418 0.668168 0.751674 0.601488 0.927566 0.861386 0.739151 0.754699 0.921854 0.951972 0.513876 0.690288 0.679592 0.649307 0.961137 0.960159 0.897063 0.805299 0.533958 0.585523 0.768242 0.802944 0.939424 0.930381 0.709811 0.822506 0.839297 0.972986 0.948617 0.854282 0.825221 0.799277 0.819671 0.887502 0.848423 0.889483 0.762358 0.875787 0.861897 0.876295 0.940093 0.860994 0.963146 0.885812 0.854463 0.798010 0.958401 0.821674 0.764043 0.563018 0.931105 0.753143 0.682657 0.656886 0.996468 0.890133 0.733181 0.818530 0.621546 0.543718 0.727125 0.861664 0.913304 0.913102 0.615269 0.818015 0.770627 0.931626 0.848605 0.853031 0.772176 0.816251 0.928315 0.860664 0.935383 0.837645 0.935764 0.749537 0.960788 0.889094 0.949393 0.976700 0.907966 0.915422 0.913023 0.955641 0.904529 0.890903 0.886161 0.975662 0.980820 0.962307 0.691753 0.699983 0.938934 0.795805 0.819402 0.883016 0.806143 0.885520 0.913322 0.973341 0.754701 0.888050
0.874802 0.987261 0.999040 0.941307 0.000000 0.997011 0.887119 0.937058 0.849960 0.963840 0.888746 0.857224 0.779911 0.894247 0.845529 0.932006 0.892132 0.834445 0.778762 0.985821 0.961890 0.856330 0.761366 0.985284 0.922020 0.897270 0.976567 0.990945 0.914913 0.865857 0.807937 0.963401 0.924895 0.826153 0.741662 0.866305 0.980253 0.858756 0.839663 0.833813 0.921638 0.813280 0.951650 0.994470 0.922298 0.935103 0.974649 0.940905 0.962458 0.905791 0.908533 0.976044 0.895327 0.899555 0.909176 0.908590 0.986604 0.959871 0.802174 0.913727 0.833437 0.919533 0.807849 0.855704 0.946208 0.916537 0.842905 0.817576 0.811347 0.972534 0.987099 0.912123 0.992656 0.981359 0.928115 0.964806 0.897245 0.929909 0.971460 0.922859 0.888293 0.866874 0.803351 0.821211 0.781965 0.755831 0.823919 0.893635 0.817978 0.989200 0.802742 0.847718 0.790424 0.899632 0.949870 0.928186 0.978819 0.915110 0.895110 0.984333 0.905921 0.979777 0.965388 0.884972 0.966423 0.670230 0.928498 0.941768 0.881507 0.907400 0.871100 0.962351 0.992061 0.874947 0.812954 0.926221
0.872615 0.768680 0.809489 0.905679 0.997011 0.000000 0.880348 0.925224 0.835343 0.810510 0.712341 0.876023 0.837285 0.869643 0.689891 0.687719 0.669235 0.667985 0.687940 0.895509 0.822382 0.996379 0.824859 0.639470 0.791637 0.636972 0.907192 0.710628 0.698824 0.824316 0.995257 0.939479 0.817218 0.709355 0.967886 0.892216 0.862846 0.775172 0.806754 0.984448 0.924331 0.982805 0.869318 0.732924 0.790208 0.716365 0.862368 0.748790 0.790643 0.792470 0.840663 0.894055 0.965345 0.944245 0.751393 0.994970 0.580841 0.709376 0.757286 0.841261 0.974115 0.839400 0.706704 0.743907 0.721488 0.676554 0.902973 0.941896 0.981835 0.976081 0.784794 0.919292 0.811371 0.968978 0.929291 0.944009 0.956556 0.805175 0.813231 0.945884 0.765650 0.999713 0.863640 0.797051 0.772450 0.743690 0.916419 0.979787 0.931571 0.907233 0.853827 0.874850 0.840044 0.784802 0.940226 0.962208 0.751517 0.778059 0.901367 0.788637 0.913273 0.996546 0.818385 0.792289 0.972396 0.960777 0.844231 0.957437 0.810305 0.991898 0.903657 0.857137 0.899782 0.861612 0.951829 0.888137
0.764606 0.668607 0.710805 0.702638 0.887119 0.880348 0.000000 0.367796 0.854429 0.627965 0.727569 0.649415 0.769883 0.852457 0.953717 0.957180 0.641771 0.650780 0.589463 0.821537 0.938182 0.970470 0.812437 0.793042 0.760573 0.910269 0.699785 0.533399 0.688887 0.706778 0.597373 0.790899 0.447407 0.411249 0.824240 0.760992 0.871969 0.808064 0.837426 0.830765 0.827359 0.959315 0.540812 0.533318 0.511746 0.496266 0.583151 0.528702 0.632771 0.587050 0.591702 0.584642 0.685837 0.747897 0.952829 0.855437 0.698931 0.644965 0.434858 0.494842 0.355495 0.724479 0.463989 0.494851 0.917789 0.976709 0.344411 0.368814 0.982392 0.904804 0.826077 0.781184 0.935320 0.982975 0.928509 0.846364 0.633293 0.898995 0.636384 0.773803 0.672547 0.920725 0.784675 0.847714 0.931358 0.890689 0.950267 0.836164 0.946404 0.960426 0.785798 0.823081 0.750074 0.889151 0.767917 0.907873 0.911321 0.704265 0.495486 0.562639 0.626673 0.655112 0.680537 0.604689 0.765561 0.772112 0.851569 0.653908 0.895672 0.845965 0.589484 0.713229 0.598276 0.727546 0.576626 0.867407
0.726224 0.621842 0.789035 0.491060 0.937058 0.925224 0.367796 0.000000 0.727791 0.409624 0.694871 0.463051 0.716234 0.698152 0.924024 0.780977 0.640396 0.622500 0.549346 0.737605 0.822511 0.898600 0.703100 0.905971 0.806880 0.929931 0.797139 0.670740 0.686945 0.664691 0.540406 0.739997 0.527626 0.462263 0.928338 0.887515 0.959157 0.958825 0.963351 0.824041 0.955235 0.934770 0.538594 0.482385 0.711302 0.636701 0.565397 0.579072 0.794715 0.698502 0.698627 0.694359 0.736585 0.763236 0.999999 0.891881 0.721193 0.640926 0.521403 0.535757 0.433046 0.499717 0.533733 0.425575 0.945149 0.887949 0.563076 0.522071 0.892178 0.793761 0.613599 0.586224 0.841029 0.964635 0.981649 0.898685 0.623267 0.872586 0.528247 0.823692 0.679209 0.908267 0.762924 0.852914 0.965948 0.849263 0.923248 0.708253 0.993261 0.968148 0.785526 0.894964 0.787811 0.948441 0.823421 0.889145 0.818039 0.674318 0.553550 0.555887 0.606722 0.818581 0.697529 0.637571 0.643179 0.741591 0.896299 0.576214 0.867813 0.768937 0.591409 0.752307 0.591455 0.778604 0.673843 0.873341
0.987329 0.827962 0.499300 0.611642 0.849960 0.835343 0.854429 0.727791 0.000000 0.821428 0.992940 0.799433 0.763891 0.748956 0.663667 0.576525 0.862176 0.886635 0.873581 0.865968 0.994371 0.987049 0.607346 0.726658 0.718434 0.573053 0.977638 0.961545 0.957001 0.964942 0.614017 0.772565 0.847720 0.917989 0.793993 0.887020 0.685222 0.838355 0.816984 0.968841 0.953324 0.937024 0.645288 0.775172 0.943772 0.949803 0.750435 0.853385 0.956680 0.957731 0.932007 0.904724 0.831086 0.812634 0.955850 0.944730 0.999723 0.989957 0.881467 0.969835 0.772907 0.491004 0.792292 0.960751 0.592320 0.557260 0.963610 0.903855 0.967154 0.967946 0.565782 0.540663 0.701946 0.920633 0.886227 0.958896 0.691800 0.851291 0.896769 0.875114 0.957571 0.902524 0.990300 0.973473 0.814613 0.844636 0.903587 0.806440 0.827136 0.846976 0.731472 0.800161 0.801954 0.873320 0.831503 0.875354 0.793570 0.962196 0.749902 0.764050 0.971583 0.867315 0.948732 0.933083 0.831006 0.894695 0.825520 0.773983 0.926371 0.828134 0.898464 0.936781 0.833017 0.829830 0.845276 0.769244
0.659068 0.594606 0.978392 0.743329 0.963840 0.810510 0.627965 0.409624 0.821428 0.000000 0.646256 0.528931 0.801522 0.792798 0.967456 0.903364 0.605600 0.574228 0.581428 0.711662 0.675693 0.847447 0.941720 0.705045 0.665531 0.781695 0.832902 0.777301 0.663119 0.722331 0.744384 0.891272 0.658296 0.604546 0.981824 0.936907 0.882561 0.866456 0.933740 0.994644 0.888649 0.788887 0.578406 0.491301 0.723398 0.591024 0.684485 0.596267 0.672885 0.602888 0.662294 0.643537 0.699897 0.666259 0.982817 0.864648 0.612887 0.564426 0.616815 0.663650 0.660585 0.638447 0.614640 0.468044 0.728628 0.810008 0.779265 0.806151 0.833141 0.678454 0.630345 0.611361 0.959026 0.888705 0.936213 0.974074 0.682491 0.889042 0.587214 0.883470 0.649335 0.930336 0.860441 0.856832 0.820655 0.611923 0.907114 0.663218 0.986864 0.981270 0.757720 0.782669 0.796173 0.890495 0.909584 0.837502 0.819723 0.674522 0.528103 0.554004 0.670691 0.777145 0.556954 0.660251 0.723109 0.872322 0.976132 0.569245 0.970288 0.693670 0.594962 0.618721 0.643312 0.742612 0.912600 0.965765
0.462989 0.522310 0.853395 0.813384 0.888746 0.712341 0.727569 0.694871 0.992940 0.646256 0.000000 0.507291 0.765711 0.769989 0.957697 0.919834 0.401958 0.342264 0.520965 0.423633 0.889364 0.944936 0.961198 0.797807 0.996621 0.893861 0.982496 0.810294 0.405635 0.418463 0.680877 0.733377 0.588139 0.484680 0.990570 0.947157 0.966622 0.786170 0.985878 0.932245 0.851440 0.712636 0.974622 0.770216 0.994964 0.901279 0.767994 0.734086 0.951651 0.881897 0.929018 0.992899 0.853638 0.848187 0.995749 0.927343 0.456640 0.474590 0.678366 0.593211 0.691139 0.854725 0.485820 0.419111 0.811751 0.833614 0.862444 0.851523 0.459810 0.610758 0.869241 0.952580 0.744200 0.607353 0.849127 0.955725 0.779439 0.655060 0.656332 0.886519 0.569569 0.771283 0.600179 0.604637 0.966551 0.926415 0.858714 0.807917 0.797722 0.932772 0.716141 0.684611 0.663454 0.678016 0.971916 0.873975 0.903846 0.707680 0.908576 0.891169 0.928553 0.935256 0.696615 0.628590 0.890741 0.706578 0.955404 0.951469 0.969885 0.801109 0.883603 0.998604 0.796142 0.845274 0.874092 0.861012
0.420253 0.443497 0.831272 0.554005 0.857224 0.876023 0.649415 0.463051 0.799433 0.528931 0.507291 0.000000 0.508505 0.497399 0.727470 0.589799 0.465795 0.411396 0.424101 0.439794 0.903904 0.974162 0.662705 0.964650 0.935393 0.939598 0.968113 0.697323 0.506515 0.431617 0.558915 0.618434 0.524857 0.506456 0.999834 0.951402 0.740634 0.751763 0.955255 0.990989 0.817168 0.780570 0.680694 0.549536 0.899293 0.793180 0.570215 0.642279 0.867628 0.817170 0.859628 0.821469 0.943572 0.902052 0.947338 0.863496 0.541599 0.474429 0.632550 0.634127 0.551681 0.547059 0.542657 0.379100 0.905443 0.994031 0.802525 0.790030 0.532512 0.649671 0.578112 0.533885 0.615823 0.610075 0.911022 0.900924 0.655751 0.672500 0.477969 0.759370 0.442461 0.567758 0.553396 0.546597 0.889579 0.978180 0.882443 0.781398 0.984988 0.852343 0.992471 0.915323 0.941507 0.861562 0.972650 0.806029 0.914904 0.667301 0.724837 0.669237 0.808419 0.866320 0.681051 0.622990 0.679944 0.631105 0.996436 0.748359 0.804912 0.723566 0.843156 0.870863 0.802024 0.792018 0.763085 0.873374
0.611202 0.780920 0.714914 0.713418 0.779911 0.837285 0.769883 0.716234 0.763891 0.801522 0.765711 0.508505 0.000000 0.480133 0.413873 0.500451 0.778185 0.721046 0.662545 0.615166 0.843936 0.947822 0.465829 0.844086 0.870771 0.935237 0.990013 0.787061 0.706142 0.658908 0.570508 0.714531 0.611038 0.750997 0.907881 0.932479 0.821613 0.995105 0.947428 0.934347 0.998875 0.836916 0.784601 0.806032 0.946251 0.917573 0.687552 0.722791 0.967380 0.943271 0.897864 0.810125 0.919367 0.861945 0.837531 0.820631 0.925279 0.809882 0.800383 0.827319 0.550865 0.608021 0.744257 0.698925 0.824436 0.792821 0.842980 0.809018 0.659586 0.752853 0.548790 0.598237 0.541543 0.679276 0.846006 0.983737 0.749005 0.833535 0.743693 0.791645 0.684489 0.564896 0.674682 0.676491 0.578955 0.692443 0.856366 0.908897 0.749410 0.739339 0.913889 0.975944 0.978310 0.964017 0.936542 0.730125 0.718556 0.845045 0.788837 0.777070 0.966528 0.775713 0.904768 0.769616 0.779642 0.691594 0.927768 0.857232 0.717729 0.968091 0.974973 0.907702 0.895195 0.875745 0.702070 0.962157
0.639814 0.747759 0.819482 0.668168 0.894247 0.869643 0.852457 0.698152 0.748956 0.792798 0.769989 0.497399 0.480133 0.000000 0.517460 0.425029 0.702597 0.686793 0.661525 0.610508 0.897424 0.978301 0.536336 0.763573 0.803668 0.842506 0.860385 0.930416 0.713032 0.618638 0.612983 0.576977 0.586645 0.813400 0.984339 0.963363 0.692971 0.823942 0.893749 0.885370 0.873612 0.794522 0.804722 0.810381 0.980336 0.987325 0.725045 0.914835 0.958965 0.941217 0.897502 0.910694 0.808188 0.800755 0.887503 0.929416 0.852522 0.805262 0.939388 0.971483 0.652375 0.514518 0.781801 0.651926 0.941317 0.802462 0.917881 0.900544 0.695174 0.793603 0.466807 0.523877 0.515509 0.759473 0.847886 0.958324 0.750782 0.805086 0.679762 0.887536 0.619902 0.667699 0.612752 0.734739 0.667677 0.716087 0.871771 0.815427 0.837617 0.775047 0.854707 0.998974 0.975473 0.985295 0.961795 0.848135 0.776759 0.846129 0.797424 0.889627 0.921201 0.838765 0.907315 0.642279 0.867632 0.678047 0.891268 0.822470 0.805279 0.876526 0.967620 0.967663 0.915255 0.904031 0.899248 0.981906
0.813717 0.995131 0.749747 0.751674 0.845529 0.689891 0.953717 0.924024 0.663667 0.967456 0.957697 0.727470 0.413873 0.517460 0.000000 0.394957 0.957815 0.964278 0.867082 0.765884 0.837781 0.918931 0.458794 0.663662 0.734245 0.823628 0.926650 0.964465 0.853329 0.760950 0.654334 0.726173 0.796245 0.998359 0.890479 0.902191 0.694012 0.965359 0.915488 0.840913 0.940663 0.952065 0.929186 0.982145 0.852383 0.848020 0.789791 0.874888 0.836413 0.847270 0.947974 0.949834 0.981963 0.940688 0.872070 0.948417 0.884583 0.959614 0.932416 0.947592 0.781160 0.683878 0.998067 0.933134 0.726192 0.695206 0.915335 0.981743 0.727420 0.920627 0.531374 0.675473 0.599908 0.803899 0.890691 0.899322 0.859189 0.862689 0.917213 0.840853 0.876211 0.775543 0.790653 0.881979 0.624802 0.629921 0.936655 0.961207 0.708803 0.847050 0.994157 0.959263 0.855651 0.933998 0.994665 0.949491 0.805937 0.966601 0.974087 0.975536 0.825591 0.935400 0.931668 0.944667 0.866304 0.720198 0.912910 0.940433 0.713285 0.942463 0.897699 0.944832 0.892032 0.957281 0.778700 0.955490
0.816653 0.887691 0.691347 0.601488 0.932006 0.687719 0.957180 0.780977 0.576525 0.903364 0.919834 0.589799 0.500451 0.425029 0.394957 0.000000 0.989861 0.951620 0.802041 0.704229 0.917468 0.922256 0.406933 0.545117 0.630230 0.729720 0.926957 0.968095 0.869326 0.717412 0.538199 0.583410 0.815336 0.964145 0.874524 0.916356 0.662912 0.847138 0.762087 0.902451 0.980040 0.855237 0.836542 0.897494 0.853636 0.869393 0.748370 0.932044 0.776886 0.806619 0.937576 0.991203 0.948308 0.919572 0.910240 0.979029 0.902938 0.955626 0.919974 0.999285 0.772034 0.457693 0.926243 0.895038 0.686170 0.541340 0.908955 0.929488 0.817827 0.859989 0.436751 0.592955 0.518803 0.747709 0.941066 0.945506 0.906067 0.793717 0.817287 0.869005 0.853361 0.716215 0.713156 0.805296 0.716636 0.590208 0.991679 0.848175 0.803051 0.768686 0.956764 0.928228 0.915277 0.893851 0.967298 0.905684 0.794885 0.916923 0.989948 0.921401 0.913244 0.987534 0.938763 0.950556 0.878392 0.726471 0.922667 0.923556 0.757580 0.908124 0.980803 0.895187 0.932421 0.954878 0.810016 0.888592
0.441231 0.500286 0.938500 0.927566 0.892132 0.669235 0.641771 0.640396 0.862176 0.605600 0.401958 0.465795 0.778185 0.702597 0.957815 0.989861 0.000000 0.284646 0.455128 0.447527 0.834725 0.971205 0.974291 0.641216 0.797251 0.651000 0.889062 0.716045 0.368292 0.359112 0.784840 0.816844 0.482487 0.447342 0.905413 0.919733 0.936191 0.874072 0.890215 0.989534 0.828778 0.811564 0.785242 0.583337 0.750760 0.672953 0.590357 0.626577 0.668965 0.643099 0.772288 0.705515 0.887028 0.891835 0.992504 0.854747 0.416853 0.388130 0.518854 0.624154 0.613379 0.904526 0.337691 0.289937 0.582304 0.625639 0.684623 0.802256 0.534499 0.602897 0.878998 0.869906 0.799315 0.692231 0.835372 0.993059 0.762932 0.736513 0.468729 0.747802 0.365832 0.736486 0.609647 0.621755 0.991847 0.815534 0.872065 0.831151 0.842875 0.931584 0.868083 0.833510 0.794244 0.780050 0.971937 0.779986 0.974206 0.616712 0.712170 0.741843 0.781257 0.919168 0.607734 0.473346 0.843154 0.736243 0.955835 0.786945 0.890407 0.706444 0.857848 0.797597 0.754106 0.831153 0.826912 0.761141
0.414939 0.448977 0.992604 0.861386 0.834445 0.667985 0.650780 0.622500 0.886635 0.574228 0.342264 0.411396 0.721046 0.686793 0.964278 0.951620 0.284646 0.000000 0.358098 0.414688 0.826067 0.920264 0.925032 0.724981 0.851228 0.713917 0.944821 0.718646 0.349862 0.375774 0.751586 0.741584 0.487097 0.403618 0.903898 0.946132 0.927875 0.789933 0.911401 0.981091 0.856584 0.756701 0.806119 0.577793 0.814194 0.718224 0.633971 0.622706 0.748507 0.727163 0.857357 0.804854 0.957448 0.957513 0.964446 0.912206 0.359080 0.362732 0.520360 0.618203 0.616066 0.891407 0.341490 0.297096 0.667347 0.687059 0.725683 0.808727 0.492884 0.604866 0.824268 0.842501 0.776841 0.653142 0.833479 0.939989 0.807990 0.716675 0.470844 0.846559 0.432765 0.705739 0.553069 0.533087 0.971411 0.867850 0.914616 0.857922 0.858014 0.996977 0.853627 0.804713 0.770056 0.773742 0.991656 0.822429 0.935580 0.645607 0.738311 0.721104 0.839012 0.872657 0.553406 0.486855 0.782450 0.685205 0.915965 0.797571 0.970402 0.748834 0.809486 0.804674 0.736297 0.748035 0.847634 0.778754
0.515580 0.461067 0.827174 0.739151 0.778762 0.687940 0.589463 0.549346 0.873581 0.581428 0.520965 0.424101 0.662545 0.661525 0.867082 0.802041 0.455128 0.358098 0.000000 0.455871 0.836356 0.961436 0.672052 0.876657 0.958652 0.818527 0.904682 0.643486 0.438262 0.488616 0.656551 0.682777 0.482647 0.417871 0.966643 0.881262 0.768148 0.811231 0.965903 0.980900 0.997686 0.851347 0.559922 0.471110 0.716913 0.626374 0.502032 0.534773 0.714996 0.689818 0.785533 0.726727 0.899438 0.861907 0.958498 0.957762 0.430028 0.434704 0.542654 0.622852 0.543272 0.753044 0.481745 0.413899 0.879716 0.902910 0.684877 0.676483 0.668173 0.702905 0.721763 0.701750 0.781646 0.711448 0.955681 0.944319 0.738479 0.728938 0.513368 0.794341 0.523773 0.705052 0.595942 0.511872 0.837156 0.989680 0.944081 0.879814 0.975880 0.926856 0.940624 0.889230 0.842638 0.794053 0.894632 0.872960 0.973411 0.705818 0.649467 0.574613 0.918328 0.779492 0.603474 0.560648 0.807480 0.729701 0.917569 0.804805 0.945885 0.683991 0.785978 0.760202 0.695274 0.672225 0.732775 0.856857
0.414151 0.453093 0.772277 0.754699 0.985821 0.895509 0.821537 0.737605 0.865968 0.711662 0.423633 0.439794 0.615166 0.610508 0.765884 0.704229 0.447527 0.414688 0.455871 0.000000 0.907253 0.989759 0.765219 0.989223 0.858722 0.990429 0.906407 0.795985 0.487522 0.469089 0.695729 0.738992 0.650314 0.620528 0.977742 0.884538 0.683581 0.653958 0.944385 0.791048 0.822318 0.679212 0.819748 0.721214 0.994251 0.918104 0.669118 0.727354 0.938923 0.880269 0.967387 0.945647 0.934343 0.917561 0.963923 0.999685 0.470826 0.451704 0.795321 0.728470 0.736989 0.708329 0.674913 0.532584 0.961800 0.940629 0.974385 0.961913 0.444551 0.491175 0.720662 0.758722 0.565304 0.541819 0.848932 0.994983 0.708230 0.714422 0.635284 0.773861 0.552932 0.581287 0.595761 0.444872 0.803157 0.899704 0.837199 0.838407 0.939552 0.857082 0.871213 0.777915 0.744100 0.797496 0.936506 0.878322 0.981580 0.722866 0.865420 0.839249 0.984891 0.903284 0.778867 0.756462 0.845299 0.789365 0.937399 0.886011 0.847030 0.718411 0.915928 0.965267 0.916658 0.863146 0.909037 0.761056
0.933278 0.828053 0.897800 0.921854 0.961890 0.822382 0.938182 0.822511 0.994371 0.675693 0.889364 0.903904 0.843936 0.897424 0.837781 0.917468 0.834725 0.826067 0.836356 0.907253 0.000000 0.994477 0.839648 0.727154 0.772308 0.814246 0.989316 0.984828 0.890498 0.904984 0.913756 0.828132 0.959298 0.860282 0.948450 0.920913 0.957203 0.863070 0.986625 0.961846 0.938004 0.999992 0.768376 0.806308 0.885229 0.812264 0.842344 0.773301 0.818244 0.763124 0.867532 0.806248 0.941284 0.870759 0.999999 0.958844 0.789969 0.813999 0.764386 0.783875 0.957636 0.911755 0.890906 0.813071 0.857678 0.823724 0.987462 0.939726 0.982861 0.839527 0.926758 0.988242 0.968973 0.939584 0.951331 0.960336 0.933746 0.999760 0.874519 0.900511 0.895684 0.938745 0.983010 0.855331 0.776377 0.681727 0.979313 0.896377 0.934528 0.814245 0.938991 0.961847 0.936028 0.915490 0.990228 0.970832 0.954870 0.848783 0.826924 0.796773 0.859605 0.987620 0.829437 0.932563 0.966949 0.996468 0.822468 0.896213 0.971864 0.845197 0.801165 0.739349 0.739208 0.880672 0.905886 0.868871
0.983202 0.992539 0.975198 0.951972 0.856330 0.996379 0.970470 0.898600 0.987049 0.847447 0.944936 0.974162 0.947822 0.978301 0.918931 0.922256 0.971205 0.920264 0.961436 0.989759 0.994477 0.000000 0.976263 0.941664 0.864780 0.967955 0.884947 0.969547 0.935438 0.979000 0.990086 0.986093 0.953248 0.924097 0.996231 0.996847 0.920344 0.890926 0.934199 0.815450 0.978160 0.900137 0.966562 0.906838 0.993789 0.943060 0.972950 0.971075 0.972542 0.921818 0.915336 0.939750 0.931631 0.904009 0.915143 0.902383 0.991631 0.998896 0.934262 0.910195 0.975665 0.998914 0.996699 0.984815 0.998286 0.903637 0.870409 0.876885 0.978921 0.863936 0.987328 0.863050 0.950486 0.750835 0.978400 0.981544 0.894035 0.875325 0.939997 0.976366 0.957124 0.998419 0.986769 0.960935 0.991521 0.899598 0.967249 0.891081 0.958574 0.992178 0.932357 0.916840 0.939552 0.993112 0.932572 0.902259 0.773542 0.991247 0.992566 0.968232 0.950690 0.914526 0.944923 0.890155 0.873979 0.957856 0.979340 0.869138 0.951767 0.943867 0.955858 0.750240 0.960361 0.947840 0.843296 0.946488
0.887498 0.941558 0.554326 0.513876 0.761366 0.824859 0.812437 0.703100 0.607346 0.941720 0.961198 0.662705 0.465829 0.536336 0.458794 0.406933 0.974291 0.925032 0.672052 0.765219 0.839648 0.976263 0.000000 0.520917 0.647729 0.734298 0.961621 0.909225 0.868802 0.792164 0.473316 0.515858 0.706583 0.855337 0.915844 0.968622 0.733653 0.929914 0.915705 0.974494 0.955254 0.924366 0.782384 0.826407 0.917058 0.914498 0.777743 0.860322 0.768282 0.788415 0.920147 0.964600 0.976418 0.997220 0.980953 0.922298 0.962050 0.983573 0.974381 0.954668 0.654637 0.592005 0.960308 0.890147 0.587503 0.516694 0.902550 0.788727 0.885410 0.933804 0.555298 0.590231 0.557351 0.867590 0.944574 0.985344 0.834255 0.806103 0.844227 0.877264 0.961660 0.806542 0.669041 0.770988 0.630335 0.553806 0.933413 0.964869 0.692873 0.699983 0.999750 0.873562 0.912259 0.946745 0.866580 0.985611 0.872459 0.952909 0.884964 0.814077 0.901741 0.875408 0.920095 0.958038 0.823147 0.734222 0.981908 0.864830 0.775298 0.996000 0.913015 0.929398 0.954892 0.972718 0.606783 0.996752
0.843537 0.790083 0.687828 0.690288 0.985284 0.639470 0.793042 0.905971 0.726658 0.705045 0.797807 0.964650 0.844086 0.763573 0.663662 0.545117 0.641216 0.724981 0.876657 0.989223 0.727154 0.941664 0.520917 0.000000 0.457593 0.495042 0.805679 0.830164 0.788579 0.887573 0.768434 0.752689 0.904066 0.738382 0.902752 0.939987 0.784443 0.940908 0.734327 0.877208 0.998541 0.926557 0.854153 0.773448 0.645516 0.576657 0.874886 0.751492 0.500440 0.500883 0.632971 0.609503 0.839189 0.728480 0.957037 0.803445 0.697388 0.699058 0.645483 0.788214 0.933476 0.782733 0.643090 0.691132 0.463756 0.439451 0.804019 0.940200 0.986063 0.863311 0.776953 0.834274 0.691641 0.907560 0.967086 0.916708 0.970811 0.977096 0.877670 0.953363 0.757425 0.918307 0.932570 0.931991 0.701476 0.452167 0.913465 0.837824 0.763638 0.691629 0.934172 0.800724 0.914559 0.945830 0.966749 0.844790 0.960196 0.791471 0.741565 0.790388 0.742248 0.862100 0.666159 0.777566 0.973059 0.922520 0.939179 0.853861 0.900840 0.855035 0.864366 0.626164 0.712196 0.848407 0.935765 0.927348
0.957981 0.941300 0.601053 0.679592 0.922020 0.791637 0.760573 0.806880 0.718434 0.665531 0.996621 0.935393 0.870771 0.803668 0.734245 0.630230 0.797251 0.851228 0.958652 0.858722 0.772308 0.864780 0.647729 0.457593 0.000000 0.454966 0.740728 0.739264 0.916079 0.974715 0.741314 0.692175 0.898469 0.813655 0.900905 0.854627 0.713177 0.683047 0.638097 0.798411 0.987058 0.914640 0.839739 0.764354 0.581548 0.563117 0.880493 0.781540 0.522309 0.593750 0.548029 0.565356 0.715869 0.625526 0.986211 0.822794 0.939650 0.904855 0.650535 0.879011 0.862570 0.851115 0.633363 0.751393 0.450309 0.567527 0.680933 0.844459 0.758077 0.969114 0.881862 0.851335 0.616057 0.718627 0.953366 0.978681 0.931626 0.823444 0.890160 0.927757 0.969393 0.723319 0.820285 0.851839 0.703084 0.459943 0.982829 0.879951 0.784912 0.714027 0.755805 0.693818 0.751476 0.823894 0.968038 0.872631 0.914329 0.822001 0.681420 0.690152 0.698166 0.817966 0.732197 0.765137 0.894695 0.931390 0.900023 0.807117 0.911821 0.961044 0.816117 0.565887 0.756106 0.819878 0.898899 0.964064
0.946562 0.961517 0.609304 0.649307 0.897270 0.636972 0.910269 0.929931 0.573053 0.781695 0.893861 0.939598 0.935237 0.842506 0.823628 0.729720 0.651000 0.713917 0.818527 0.990429 0.814246 0.967955 0.734298 0.495042 0.454966 0.000000 0.867807 0.788575 0.803197 0.787832 0.823138 0.856150 0.896479 0.780992 0.831748 0.778709 0.813215 0.806005 0.668526 0.910546 0.954830 0.855971 0.910036 0.757103 0.705154 0.648194 0.827475 0.771320 0.634204 0.670231 0.705403 0.685826 0.897442 0.776871 0.955309 0.881316 0.809034 0.819820 0.627901 0.830474 0.928556 0.784071 0.615207 0.693638 0.470585 0.538778 0.782068 0.891820 0.945020 0.945985 0.800021 0.786716 0.719895 0.915880 0.978161 0.948355 0.891426 0.981746 0.840152 0.992342 0.839231 0.899385 0.996180 0.965096 0.750889 0.620002 0.960928 0.890697 0.810627 0.728720 0.955525 0.976421 0.918444 0.854880 0.884017 0.855039 0.883515 0.810279 0.880079 0.765984 0.881287 0.984079 0.816190 0.796998 0.995010 0.916462 0.876035 0.948346 0.958459 0.950444 0.941316 0.666997 0.868309 0.969558 0.961097 0.880555
0.989699 0.995121 0.947023 0.961137 0.976567 0.907192 0.699785 0.797139 0.977638 0.832902 0.982496 0.968113 0.990013 0.860385 0.926650 0.926957 0.889062 0.944821 0.904682 0.906407 0.989316 0.884947 0.961621 0.805679 0.740728 0.867807 0.000000 0.735388 0.881041 0.883767 0.910814 0.916201 0.744173 0.839474 0.958351 0.840483 0.850036 0.732318 0.968973 0.851696 0.830133 0.824722 0.782090 0.836651 0.649600 0.689689 0.914209 0.817623 0.761683 0.805420 0.650803 0.708244 0.668328 0.648735 0.955074 0.989150 0.996052 0.998351 0.791450 0.828924 0.718786 0.840400 0.787032 0.808628 0.828422 0.992440 0.670458 0.672179 0.826395 0.882449 0.919214 0.945314 0.953196 0.995266 0.996778 0.974399 0.874646 0.997194 0.919756 0.902679 0.834985 0.861762 0.925868 0.817013 0.941288 0.850101 0.911557 0.703906 0.961625 0.697132 0.782816 0.862147 0.767890 0.961150 0.833284 0.980147 0.993120 0.979372 0.725439 0.827364 0.719106 0.801565 0.882732 0.759939 0.925336 0.985678 0.811223 0.842123 0.949836 0.942628 0.808640 0.840101 0.841551 0.825784 0.891994 0.869624
0.797244 0.721530 0.851599 0.960159 0.990945 0.710628 0.533399 0.670740 0.961545 0.777301 0.810294 0.697323 0.787061 0.930416 0.964465 0.968095 0.716045 0.718646 0.643486 0.795985 0.984828 0.969547 0.909225 0.830164 0.739264 0.788575 0.735388 0.000000 0.695762 0.751854 0.865101 0.939676 0.623684 0.643234 0.766110 0.888195 0.921212 0.903990 0.778521 0.942934 0.943730 0.959021 0.670044 0.622583 0.596652 0.574453 0.643154 0.599302 0.624569 0.659809 0.633222 0.630680 0.819742 0.798822 0.868315 0.782897 0.730471 0.692403 0.549777 0.609795 0.531738 0.816523 0.602830 0.666414 0.892336 0.981205 0.554477 0.597692 0.949069 0.998624 0.926546 0.916850 0.938022 0.955007 0.970038 0.939248 0.754901 0.899202 0.811434 0.744651 0.674982 0.783475 0.864256 0.775063 0.878084 0.971751 0.952339 0.929479 0.988556 0.918812 0.888387 0.907231 0.869464 0.920910 0.940003 0.970696 0.963299 0.686735 0.686816 0.593599 0.918450 0.731042 0.736360 0.715605 0.809271 0.953569 0.953948 0.870197 0.889923 0.946501 0.826513 0.752039 0.762829 0.749862 0.813959 0.874380
0.525085 0.551217 0.859593 0.897063 0.914913 0.698824 0.688887 0.686945 0.957001 0.663119 0.405635 0.506515 0.706142 0.713032 0.853329 0.869326 0.368292 0.349862 0.438262 0.487522 0.890498 0.935438 0.868802 0.788579 0.916079 0.803197 0.881041 0.695762 0.000000 0.319807 0.645642 0.689223 0.478229 0.437456 0.994281 0.968192 0.963790 0.791920 0.986547 0.942989 0.954876 0.883970 0.810872 0.653947 0.775398 0.702232 0.608659 0.549984 0.783456 0.722189 0.822540 0.726425 0.928556 0.907606 0.970192 0.982909 0.493331 0.487698 0.592835 0.579412 0.568779 0.799213 0.425607 0.385848 0.785438 0.851964 0.750935 0.738514 0.563986 0.722161 0.802294 0.902788 0.703959 0.628246 0.867809 0.970304 0.851119 0.713307 0.578471 0.823115 0.467367 0.741562 0.531477 0.629750 0.953389 0.949841 0.918147 0.828065 0.923020 0.935852 0.766344 0.749267 0.695277 0.673366 0.933764 0.838598 0.940065 0.674509 0.783889 0.760015 0.897666 0.909173 0.595963 0.551299 0.828945 0.737974 0.955407 0.849409 0.897409 0.796414 0.909042 0.857046 0.717875 0.750103 0.793002 0.801975
0.500880 0.624027 0.836185 0.805299 0.865857 0.824316 0.706778 0.664691 0.964942 0.722331 0.418463 0.431617 0.658908 0.618638 0.760950 0.717412 0.359112 0.375774 0.488616 0.469089 0.904984 0.979000 0.792164 0.887573 0.974715 0.787832 0.883767 0.751854 0.319807 0.000000 0.566865 0.571888 0.491628 0.459908 0.966953 0.944403 0.935832 0.871042 0.981772 0.883193 0.936589 0.865102 0.896993 0.709743 0.904156 0.813487 0.591691 0.622743 0.912046 0.844260 0.928947 0.817804 0.993247 0.993503 0.979159 0.999703 0.603818 0.577555 0.597976 0.603383 0.549715 0.745540 0.413511 0.347664 0.782628 0.905230 0.759669 0.730649 0.516439 0.694332 0.783145 0.900872 0.694348 0.602946 0.746081 0.998738 0.844244 0.628002 0.575792 0.763432 0.438266 0.750678 0.482005 0.627869 0.988977 0.991921 0.890225 0.804846 0.849049 0.875324 0.709777 0.642622 0.603484 0.585479 0.938892 0.784797 0.944923 0.663040 0.884137 0.852000 0.919381 0.981732 0.688769 0.558108 0.784190 0.630758 0.928076 0.910056 0.782570 0.762475 0.965726 0.887596 0.888510 0.897061 0.720098 0.759010
0.805180 0.763156 0.537982 0.533958 0.807937 0.995257 0.597373 0.540406 0.614017 0.744384 0.680877 0.558915 0.570508 0.612983 0.654334 0.538199 0.784840 0.751586 0.656551 0.695729 0.913756 0.990086 0.473316 0.768434 0.741314 0.823138 0.910814 0.865101 0.645642 0.566865 0.000000 0.409044 0.565385 0.577090 0.917517 0.857569 0.917700 0.916161 0.862680 0.978425 0.938655 0.896215 0.723736 0.731859 0.925262 0.872788 0.698800 0.682647 0.906946 0.997893 0.957695 0.919255 0.888661 0.916376 0.935830 0.938532 0.898407 0.878886 0.803826 0.719605 0.497296 0.501863 0.755332 0.630249 0.807197 0.642659 0.739646 0.591750 0.821818 0.866535 0.618247 0.674111 0.652771 0.727243 0.876995 0.929963 0.726964 0.633557 0.707783 0.857734 0.723938 0.814138 0.615423 0.825982 0.879264 0.789368 0.897178 0.777308 0.824383 0.919204 0.967085 0.849688 0.897007 0.841319 0.866749 0.815426 0.931269 0.731839 0.852046 0.808808 0.819187 0.890595 0.920809 0.768324 0.746595 0.663221 0.823314 0.738780 0.795020 0.918512 0.814353 0.980924 0.891297 0.928192 0.556827 0.984231
0.861679 0.833278 0.620438 0.585523 0.963401 0.939479 0.790899 0.739997 0.772565 0.891272 0.733377 0.618434 0.714531 0.576977 0.726173 0.583410 0.816844 0.741584 0.682777 0.738992 0.828132 0.986093 0.515858 0.752689 0.692175 0.856150 0.916201 0.939676 0.689223 0.571888 0.409044 0.000000 0.587402 0.724416 0.961733 0.933200 0.885579 0.761021 0.969925 0.860311 0.978425 0.857804 0.862921 0.805632 0.982984 0.994051 0.798091 0.903645 0.835383 0.852719 0.944069 0.930175 0.990789 0.993816 0.886195 0.892378 0.839590 0.944038 0.960153 0.924598 0.709008 0.657477 0.815515 0.720708 0.888850 0.748715 0.920184 0.790379 0.819360 0.943027 0.733700 0.700581 0.746807 0.750544 0.906793 0.988877 0.809714 0.579747 0.798448 0.934547 0.770978 0.894700 0.620870 0.757566 0.972844 0.807521 0.876074 0.755022 0.982321 0.963424 0.896914 0.746760 0.819797 0.819829 0.990124 0.893205 0.926560 0.794479 0.943995 0.985767 0.935006 0.896540 0.937659 0.835869 0.870841 0.754320 0.993967 0.828874 0.875982 0.952580 0.847519 0.940396 0.976958 0.902943 0.608467 0.939132
0.606831 0.662469 0.766445 0.768242 0.924895 0.817218 0.447407 0.527626 0.847720 0.658296 0.588139 0.524857 0.611038 0.586645 0.796245 0.815336 0.482487 0.487097 0.482647 0.650314 0.959298 0.953248 0.706583 0.904066 0.898469 0.896479 0.744173 0.623684 0.478229 0.491628 0.565385 0.587402 0.000000 0.440419 0.891854 0.826721 0.961878 0.997157 0.864813 0.960062 0.957765 0.863499 0.681852 0.552288 0.606633 0.604617 0.521905 0.593819 0.706502 0.695623 0.655678 0.632457 0.698292 0.738696 0.930923 0.877709 0.625103 0.598819 0.567403 0.691841 0.376146 0.707365 0.417303 0.420341 0.901801 0.976079 0.503873 0.562331 0.769178 0.835629 0.681318 0.655810 0.727680 0.802161 0.850692 0.994038 0.743809 0.724321 0.519970 0.733247 0.473490 0.719370 0.551934 0.683819 0.796452 0.947677 0.996384 0.821483 0.954364 0.963707 0.893661 0.983066 0.966719 0.931484 0.849083 0.818553 0.996484 0.645446 0.554764 0.662125 0.802554 0.734552 0.656349 0.442566 0.788770 0.716295 0.977953 0.736204 0.884654 0.844759 0.698465 0.790596 0.716915 0.701268 0.577563 0.947284
0.594646 0.571634 0.834110 0.802944 0.826153 0.709355 0.411249 0.462263 0.917989 0.604546 0.484680 0.506456 0.750997 0.813400 0.998359 0.964145 0.447342 0.403618 0.417871 0.620528 0.860282 0.924097 0.855337 0.738382 0.813655 0.780992 0.839474 0.643234 0.437456 0.459908 0.577090 0.724416 0.440419 0.000000 0.966350 0.824918 0.936606 0.978590 0.871818 0.901528 0.922047 0.959588 0.648968 0.510987 0.609531 0.535955 0.531570 0.442401 0.687204 0.648282 0.711351 0.658176 0.827314 0.848825 0.988481 0.915352 0.565274 0.540918 0.400316 0.437560 0.393286 0.746378 0.360283 0.359757 0.809547 0.931313 0.488045 0.462180 0.760870 0.806330 0.893185 0.869632 0.867441 0.804110 0.893649 0.911099 0.759960 0.696200 0.483138 0.761136 0.542785 0.854942 0.661808 0.693724 0.957501 0.864140 0.924763 0.795883 0.928013 0.903662 0.922796 0.912178 0.897229 0.788925 0.887260 0.885807 0.967568 0.553108 0.626073 0.593269 0.675458 0.815726 0.555071 0.510662 0.764033 0.658423 0.998042 0.766503 0.942476 0.812737 0.713357 0.793304 0.728314 0.715148 0.591269 0.811818
0.925757 0.916591 0.736917 0.939424 0.741662 0.967886 0.824240 0.928338 0.793993 0.981824 0.990570 0.999834 0.907881 0.984339 0.890479 0.874524 0.905413 0.903898 0.966643 0.977742 0.948450 0.996231 0.915844 0.902752 0.900905 0.831748 0.958351 0.766110 0.994281 0.966953 0.917517 0.961733 0.891854 0.966350 0.000000 0.997020 0.913878 0.978930 0.918189 0.867125 0.764751 0.945521 0.816699 0.940848 0.838877 0.847167 0.786183 0.766016 0.913036 0.797653 0.867425 0.819456 0.896357 0.912293 0.900090 0.849362 0.969686 0.984597 0.917741 0.780451 0.797401 0.787009 0.964011 0.953960 0.799052 0.817604 0.837912 0.756458 0.917231 0.978506 0.887299 0.976278 0.940285 0.883137 0.945993 0.907750 0.892616 0.920378 0.935094 0.852126 0.962411 0.835276 0.927799 0.966763 0.842380 0.860523 0.895965 0.993548 0.964804 0.911578 0.910167 0.902322 0.914018 0.984478 0.947423 0.944173 0.935232 0.983401 0.857056 0.879882 0.801956 0.827809 0.885002 0.977258 0.928825 0.935444 0.877543 0.975270 0.972222 0.935307 0.952942 0.981898 0.821589 0.912842 0.837030 0.992888
0.917711 0.994696 0.996734 0.930381 0.866305 0.892216 0.760992 0.887515 0.887020 0.936907 0.947157 0.951402 0.932479 0.963363 0.902191 0.916356 0.919733 0.946132 0.881262 0.884538 0.920913 0.996847 0.968622 0.939987 0.854627 0.778709 0.840483 0.888195 0.968192 0.944403 0.857569 0.933200 0.826721 0.824918 0.997020 0.000000 0.927879 0.788827 0.992207 0.991479 0.793590 0.986727 0.787854 0.801433 0.664363 0.709930 0.800761 0.808212 0.767575 0.782933 0.765580 0.782883 0.709919 0.795942 0.929098 0.991749 0.970231 0.944147 0.728094 0.881535 0.772492 0.945201 0.836392 0.877605 0.902896 0.987567 0.670335 0.672076 0.816341 0.943228 0.969827 0.951898 0.856108 0.941040 0.969311 0.937657 0.888088 0.919202 0.964078 0.934745 0.907610 0.939603 0.905054 0.896941 0.966870 0.947900 0.949370 0.956181 0.883902 0.910711 0.912977 0.826050 0.897687 0.975091 0.855009 0.969065 0.983863 0.914097 0.806066 0.730590 0.862335 0.884443 0.831116 0.774642 0.963778 0.975073 0.963606 0.978203 0.968576 0.989327 0.830304 0.746959 0.965848 0.954065 0.889738 0.910112
0.759598 0.719173 0.783148 0.709811 0.980253 0.862846 0.871969 0.959157 0.685222 0.882561 0.966622 0.740634 0.821613 0.692971 0.694012 0.662912 0.936191 0.927875 0.768148 0.683581 0.957203 0.920344 0.733653 0.784443 0.713177 0.813215 0.850036 0.921212 0.963790 0.935832 0.917700 0.885579 0.961878 0.936606 0.913878 0.927879 0.000000 0.722592 0.835991 0.837810 0.736318 0.868613 0.815540 0.850769 0.846272 0.914863 0.876711 0.996782 0.929791 0.952116 0.907830 0.967829 0.968215 0.962475 0.914257 0.897422 0.789525 0.751685 0.823253 0.877829 0.949320 0.760154 0.809733 0.981740 0.777376 0.906836 0.720180 0.801403 0.680586 0.713640 0.723193 0.605920 0.700840 0.817195 0.892251 0.991954 0.758570 0.883183 0.837559 0.832003 0.829495 0.742883 0.871874 0.774406 0.761412 0.828609 0.980042 0.871864 0.818689 0.786898 0.914507 0.949913 0.952655 0.931818 0.980194 0.774831 0.851390 0.967865 0.916029 0.856901 0.828836 0.872837 0.990563 0.955483 0.930007 0.996769 0.933476 0.872310 0.759988 0.824972 0.942538 0.977772 0.921318 0.984167 0.911828 0.966682
0.734227 0.624906 0.892817 0.822506 0.858756 0.775172 0.808064 0.958825 0.838355 0.866456 0.786170 0.751763 0.995105 0.823942 0.965359 0.847138 0.874072 0.789933 0.811231 0.653958 0.863070 0.890926 0.929914 0.940908 0.683047 0.806005 0.732318 0.903990 0.791920 0.871042 0.916161 0.761021 0.997157 0.978590 0.978930 0.788827 0.722592 0.000000 0.842657 0.684235 0.762533 0.742994 0.976565 0.910849 0.822045 0.894440 0.894527 0.957995 0.920292 0.969118 0.871453 0.869471 0.925111 0.900535 0.945335 0.993768 0.596589 0.700676 0.815401 0.946306 0.815673 0.878590 0.887993 0.959018 0.868183 0.959264 0.649191 0.704886 0.684455 0.744202 0.865279 0.755437 0.789380 0.769708 0.944081 0.957614 0.979106 0.817491 0.894306 0.958323 0.774799 0.681170 0.738513 0.545637 0.920417 0.959981 0.857970 0.991019 0.946211 0.786996 0.927414 0.891860 0.833748 0.986115 0.961058 0.977511 0.992764 0.860051 0.936435 0.923587 0.892837 0.942348 0.863830 0.945805 0.995790 0.972961 0.981467 0.929823 0.916017 0.870765 0.977487 0.990640 0.965566 0.856499 0.921178 0.956626
