0.000000 0.326451 0.899228 0.723485 0.892537 0.973871 0.993191 0.607703 0.906694 0.921371 0.723654 0.339191 0.649105 0.574939 0.910602 0.745908 0.511092 0.413768 0.549524 0.461447 0.876238 0.938113 0.747770 0.720685 0.753109 0.881849 0.838697 0.966762 0.638755 0.483933 0.788763 0.696764 0.664293 0.687979 0.946907 0.841718 0.813464 0.624956 0.897114 0.787971 0.853616 0.825274 0.809921 0.738670 0.979929 0.799095 0.662980 0.704824 0.735870 0.534707 0.601319 0.575230 0.825776 0.939069 0.682508 0.759124 0.357497 0.329192 0.527875 0.377684 0.822852 0.573797 0.576245 0.324044 0.775054 0.786178 0.892464 0.777625 0.444579 0.515344 0.710783 0.802350 0.854667 0.918070 0.907031 0.924518 0.915325 0.818397 0.852969 0.733821 0.413208 0.445234 0.668948 0.626538 0.501773 0.517010 0.894765 0.881449 0.611723 0.421474 0.880828 0.912557 0.892831 0.871503 0.990535 0.963155 0.855695 0.890056 0.909482 0.955576 0.950100 0.849044 0.795211 0.929020 0.859115 0.889698 0.809131 0.956436 0.933508 0.764462 0.939416 0.919004 0.961772 0.948319 0.873626 0.951101
0.326451 0.000000 0.703217 0.597003 0.853937 0.861826 0.996469 0.595568 0.851381 0.761833 0.888535 0.428436 0.749682 0.690428 0.945127 0.759753 0.404370 0.337364 0.562929 0.490670 0.703405 0.891955 0.717436 0.663857 0.544446 0.710903 0.686622 0.915796 0.650316 0.431725 0.632505 0.641102 0.606272 0.606390 0.821480 0.745236 0.580981 0.525872 0.796033 0.798890 0.835015 0.762699 0.643648 0.592682 0.973008 0.804026 0.531789 0.611102 0.870123 0.539794 0.588186 0.504557 0.747149 0.835666 0.626460 0.692097 0.262050 0.260753 0.542260 0.409948 0.939547 0.612045 0.762729 0.418762 0.615883 0.628359 0.719977 0.624372 0.420375 0.433480 0.677380 0.757420 0.791484 0.882270 0.988101 0.841112 0.952918 0.800078 0.732238 0.595528 0.381522 0.484771 0.541216 0.544389 0.564982 0.473584 0.769634 0.890811 0.763898 0.428741 0.735289 0.795321 0.781605 0.835194 0.999325 0.945779 0.794454 0.856175 0.885896 0.950860 0.849852 0.731964 0.936022 0.991231 0.807551 0.828402 0.767237 0.895236 0.994231 0.695095 0.997537 0.994870 0.968468 0.934691 0.835914 0.929817
0.899228 0.703217 0.000000 0.364585 0.987168 0.976220 0.501975 0.479640 0.728856 0.880893 0.792361 0.934674 0.907454 0.827725 0.712252 0.634914 0.693183 0.693823 0.667100 0.768904 0.591501 0.841895 0.533661 0.547905 0.322833 0.318091 0.675513 0.955430 0.858264 0.670906 0.396205 0.540599 0.536356 0.648690 0.528248 0.682010 0.648974 0.695502 0.656134 0.981263 0.908451 0.793993 0.557562 0.582302 0.793817 0.785270 0.604748 0.672745 0.580289 0.928411 0.898036 0.850638 0.773980 0.699099 0.809136 0.920055 0.674003 0.688247 0.832178 0.791943 0.684425 0.710492 0.963575 0.901687 0.334502 0.360879 0.367995 0.401120 0.845285 0.747167 0.607091 0.700640 0.618981 0.614745 0.771371 0.811451 0.620703 0.674247 0.764919 0.886855 0.925972 0.925672 0.665619 0.939021 0.729148 0.573512 0.880591 0.969462 0.874014 0.836975 0.993135 0.884817 0.897756 0.932456 0.990623 0.833018 0.788644 0.935677 0.916736 0.859955 0.936198 0.956384 0.935797 0.976606 0.630123 0.626857 0.666010 0.773958 0.952512 0.716451 0.896452 0.913329 0.956421 0.938602 0.646692 0.845299
0.723485 0.597003 0.364585 0.000000 0.909820 0.940093 0.644495 0.371508 0.681436 0.938648 0.790767 0.717304 0.718830 0.589320 0.570901 0.406135 0.696501 0.645549 0.544018 0.689540 0.588741 0.923981 0.340907 0.388502 0.333758 0.402122 0.568212 0.981628 0.937796 0.616136 0.362630 0.466345 0.442150 0.722801 0.571214 0.635269 0.651645 0.618772 0.840818 0.970048 0.971204 0.870366 0.464621 0.499539 0.899019 0.851949 0.689796 0.620576 0.668866 0.851933 0.668772 0.562832 0.560551 0.479796 0.815794 0.983630 0.609004 0.550276 0.884294 0.586785 0.723753 0.526519 0.892234 0.757540 0.290538 0.292733 0.414378 0.425639 0.758596 0.681828 0.411001 0.520845 0.538396 0.586644 0.800524 0.797743 0.695464 0.543427 0.743480 0.743466 0.900308 0.921456 0.564423 0.880746 0.586080 0.409630 0.858333 0.939717 0.945427 0.622229 0.847474 0.938640 0.778385 0.785158 0.897123 0.777260 0.830190 0.881320 0.969418 0.769825 0.964135 0.983461 0.924958 0.908880 0.594553 0.575251 0.693896 0.721505 0.925640 0.780563 0.857482 0.976482 0.952400 0.941559 0.564324 0.827232
0.892537 0.853937 0.987168 0.909820 0.000000 0.612627 0.731697 0.768775 0.490028 0.600705 0.867991 0.978548 0.688039 0.823755 0.661373 0.763867 0.868249 0.801452 0.733648 0.922792 0.991946 0.940624 0.743451 0.852412 0.915476 0.984710 0.891299 0.876559 0.937368 0.986277 0.886166 0.864550 0.888717 0.926923 0.891225 0.989367 0.938866 0.907757 0.826029 0.756508 0.814164 0.923309 0.958933 0.898077 0.895513 0.924723 0.795026 0.917631 0.903674 0.862397 0.875536 0.952501 0.791401 0.769781 0.976482 0.870057 0.829989 0.937674 0.947021 0.996783 0.637183 0.627692 0.908911 0.927585 0.994253 0.919852 0.902987 0.932368 0.953223 0.918148 0.710693 0.952984 0.971458 0.867801 0.976890 0.905683 0.814557 0.897021 0.720882 0.986340 0.861915 0.956587 0.883076 0.820308 0.812332 0.975538 0.983379 0.904595 0.885387 0.975612 0.546092 0.584673 0.577521 0.673723 0.924006 0.843947 0.928991 0.809797 0.710968 0.768881 0.741805 0.660611 0.964748 0.944125 0.864852 0.883936 0.842928 0.943212 0.944154 0.911895 0.921356 0.889240 0.884071 0.963003 0.850135 0.875700
0.973871 0.861826 0.976220 0.940093 0.612627 0.000000 0.755464 0.826807 0.616887 0.661740 0.887536 0.975983 0.919874 0.944096 0.786751 0.780034 0.993767 0.903444 0.849524 0.986423 0.846088 0.928741 0.734734 0.785933 0.974902 0.959696 0.992548 0.816241 0.987395 0.921732 0.921871 0.954087 0.955442 0.977976 0.868664 0.991355 0.901700 0.981373 0.880347 0.824629 0.875133 0.980645 0.972596 0.980687 0.668927 0.868417 0.913366 0.898291 0.868490 0.883985 0.804766 0.883285 0.758087 0.729154 0.982460 0.866566 0.861862 0.942435 0.985859 0.968488 0.741186 0.865214 0.917685 0.926144 0.969497 0.998627 0.865152 0.968443 0.849301 0.909643 0.879212 0.898969 0.962984 0.981594 0.967954 0.784102 0.834273 0.914063 0.775027 0.877509 0.949246 0.951523 0.983777 0.870936 0.803625 0.923642 0.997102 0.998046 0.867801 0.985839 0.545778 0.631919 0.584808 0.780415 0.905998 0.983752 0.942031 0.930266 0.645571 0.760800 0.836673 0.801484 0.835433 0.958085 0.905602 0.945270 0.923869 0.927190 0.978868 0.805039 0.954504 0.749844 0.917981 0.956516 0.778032 0.898716
0.993191 0.996469 0.501975 0.644495 0.731697 0.755464 0.000000 0.457376 0.504755 0.612203 0.940935 0.944659 0.859924 0.949809 0.793549 0.876872 0.861575 0.972920 0.609915 0.911295 0.893229 0.826702 0.739707 0.917832 0.737259 0.684716 0.916696 0.958720 0.694097 0.872293 0.615439 0.701000 0.772054 0.713776 0.709210 0.898464 0.939669 0.972412 0.922635 0.933880 0.726383 0.776471 0.787359 0.808300 0.925985 0.894300 0.805546 0.822232 0.780047 0.840205 0.929738 0.938941 0.903881 0.907436 0.908675 0.993394 0.935108 0.953262 0.745170 0.840170 0.358897 0.672288 0.733004 0.887451 0.693295 0.665497 0.667965 0.706918 0.962972 0.992225 0.745043 0.947244 0.789525 0.825854 0.923042 0.986394 0.704716 0.831459 0.966859 0.911653 0.926794 0.941946 0.909247 0.826041 0.803231 0.889872 0.988240 0.860159 0.857610 0.965218 0.664278 0.806625 0.673141 0.826292 0.974012 0.823182 0.795022 0.769544 0.800390 0.778426 0.668182 0.884094 0.958589 0.966675 0.707786 0.816402 0.745983 0.842633 0.950705 0.840361 0.842614 0.980125 0.861849 0.999537 0.755422 0.901084
0.607703 0.595568 0.479640 0.371508 0.768775 0.826807 0.457376 0.000000 0.545087 0.730760 0.996331 0.584276 0.542535 0.520444 0.550603 0.532410 0.681165 0.656495 0.388974 0.565443 0.736634 0.874903 0.450739 0.567552 0.549657 0.611954 0.779082 0.969642 0.671127 0.602608 0.427549 0.496665 0.513360 0.670790 0.684130 0.742558 0.772341 0.719608 0.992094 0.951702 0.926780 0.765937 0.580428 0.600599 0.930599 0.950986 0.715960 0.676461 0.868289 0.869200 0.612074 0.655020 0.627927 0.635825 0.828593 0.963027 0.611785 0.546090 0.703945 0.491014 0.453135 0.334485 0.786454 0.563318 0.505660 0.455718 0.616473 0.599628 0.724063 0.703181 0.445843 0.591910 0.591313 0.626728 0.886978 0.893714 0.711198 0.714505 0.853570 0.792074 0.804356 0.734671 0.692945 0.955128 0.516794 0.514690 0.970694 0.988217 0.842042 0.633331 0.676589 0.747060 0.679179 0.726655 0.914278 0.774418 0.734101 0.824202 0.741151 0.640864 0.740912 0.884561 0.975480 0.940811 0.634924 0.639913 0.676537 0.687529 0.917907 0.793515 0.820902 0.912368 0.889267 0.964208 0.657483 0.883783
0.906694 0.851381 0.728856 0.681436 0.490028 0.616887 0.504755 0.545087 0.000000 0.496230 0.837801 0.986009 0.624245 0.706141 0.574770 0.635494 0.884017 0.841745 0.674349 0.940507 0.906517 0.959027 0.609106 0.741502 0.894653 0.844068 0.905584 0.965444 0.933468 0.973611 0.661941 0.833253 0.858851 0.990560 0.839875 0.947355 0.883526 0.955010 0.864279 0.725844 0.776675 0.974980 0.878851 0.965202 0.995999 0.862878 0.870649 0.991672 0.793290 0.784219 0.895157 0.978375 0.756241 0.704546 0.980507 0.839079 0.858756 0.947613 0.938633 0.990102 0.522014 0.563206 0.971774 0.965591 0.849532 0.757905 0.796047 0.915825 0.929573 0.943279 0.602208 0.721954 0.695493 0.611004 0.903565 0.919582 0.664504 0.766259 0.802343 0.897738 0.759444 0.828874 0.962628 0.677373 0.864278 0.930366 0.848396 0.983253 0.977424 0.971288 0.398512 0.514642 0.464210 0.518500 0.932248 0.759116 0.840830 0.825170 0.586576 0.636671 0.681385 0.683595 0.960577 0.859289 0.746467 0.747573 0.915366 0.688726 0.913304 0.953684 0.877379 0.837765 0.826136 0.987682 0.719691 0.907816
0.921371 0.761833 0.880893 0.938648 0.600705 0.661740 0.612203 0.730760 0.496230 0.000000 0.964562 0.964081 0.679147 0.863194 0.793145 0.979243 0.821360 0.795847 0.823046 0.962999 0.778295 0.972439 0.983233 0.823585 0.673585 0.736896 0.732940 0.959266 0.767218 0.956650 0.948330 0.983103 0.938643 0.990403 0.940759 0.865025 0.653374 0.786548 0.673767 0.803842 0.783923 0.961715 0.912721 0.868739 0.836329 0.895037 0.823052 0.870434 0.855571 0.888346 0.935975 0.900353 0.966193 0.983412 0.923986 0.833347 0.746863 0.802094 0.997885 0.989297 0.536637 0.730490 0.751303 0.921507 0.743785 0.835731 0.812108 0.742546 0.826467 0.854843 0.881608 0.882431 0.989843 0.925911 0.815108 0.747446 0.880846 0.894340 0.788710 0.794135 0.818864 0.897893 0.754707 0.602353 0.956332 0.774113 0.698814 0.776136 0.999629 0.824208 0.423470 0.481038 0.525710 0.631351 0.957456 0.852027 0.910380 0.830905 0.520766 0.646223 0.582052 0.650373 0.842779 0.873430 0.971272 0.991538 0.962035 0.824111 0.918444 0.935550 0.915263 0.836017 0.898328 0.957823 0.937816 0.960829
0.723654 0.888535 0.792361 0.790767 0.867991 0.887536 0.940935 0.996331 0.837801 0.964562 0.000000 0.762237 0.817920 0.898219 0.830247 0.748592 0.862418 0.842513 0.862306 0.765180 0.854459 0.970592 0.691988 0.716482 0.796565 0.737108 0.723646 0.946101 0.738354 0.868656 0.735940 0.852598 0.826433 0.811775 0.723903 0.742609 0.998868 0.960330 0.982711 0.737825 0.803647 0.991144 0.726087 0.855789 0.773627 0.929526 0.909646 0.841380 0.920993 0.894703 0.822068 0.785046 0.643184 0.635387 0.941284 0.905541 0.920562 0.922303 0.804234 0.880536 0.868761 0.997501 0.597373 0.802998 0.771080 0.774535 0.657541 0.783699 0.756218 0.981624 0.865140 0.816948 0.830080 0.759801 0.888067 0.990028 0.681096 0.883323 0.943766 0.938507 0.887468 0.766274 0.854918 0.883088 0.955123 0.836127 0.948657 0.972456 0.870720 0.970900 0.895920 0.918411 0.832115 0.838600 0.823923 0.842679 0.914836 0.987012 0.949859 0.777972 0.839501 0.931656 0.914210 0.938008 0.784318 0.752349 0.875899 0.829002 0.930387 0.993954 0.940764 0.943963 0.959045 0.866490 0.895698 0.780654
0.339191 0.428436 0.934674 0.717304 0.978548 0.975983 0.944659 0.584276 0.986009 0.964081 0.762237 0.000000 0.562945 0.461753 0.749096 0.668027 0.615831 0.453819 0.545093 0.439646 0.809707 0.995495 0.713166 0.686838 0.807039 0.922893 0.905646 0.987674 0.679386 0.489868 0.784093 0.701168 0.661692 0.763654 0.904319 0.943546 0.820702 0.696390 0.989861 0.985296 0.899130 0.824253 0.806794 0.764531 0.992976 0.836953 0.805219 0.775367 0.807606 0.643512 0.607923 0.601732 0.786011 0.840855 0.741932 0.895712 0.486755 0.422146 0.668382 0.478352 0.850035 0.487585 0.685139 0.380658 0.819300 0.775088 0.939584 0.847565 0.451518 0.588046 0.684780 0.693186 0.813387 0.778508 0.959823 0.917567 0.987227 0.873702 0.834091 0.665026 0.492082 0.501363 0.703344 0.680966 0.552190 0.549351 0.937731 0.860939 0.612819 0.528919 0.997831 0.960267 0.982919 0.944263 0.983757 0.926558 0.851220 0.965194 0.839654 0.875808 0.962434 0.998589 0.844325 0.878004 0.813261 0.878255 0.805754 0.886374 0.987427 0.840036 0.937316 0.838997 0.969232 0.946262 0.903974 0.999862
0.649105 0.749682 0.907454 0.718830 0.688039 0.919874 0.859924 0.542535 0.624245 0.679147 0.817920 0.562945 0.000000 0.394116 0.490710 0.649433 0.933619 0.886611 0.579296 0.621486 0.939827 0.920434 0.677859 0.759535 0.954004 0.979694 0.956114 0.972964 0.706289 0.651193 0.719568 0.670361 0.779484 0.860892 0.968166 0.978372 0.879593 0.921870 0.843397 0.961324 0.979632 0.948690 0.889221 0.923609 0.860446 0.922253 0.956271 0.931117 0.948964 0.929110 0.800135 0.775998 0.838792 0.773952 0.975771 0.909623 0.856725 0.736142 0.907525 0.664498 0.587193 0.507107 0.747144 0.624560 0.911992 0.842514 0.963874 0.997434 0.739152 0.799464 0.551048 0.574927 0.674633 0.661545 0.945531 0.952275 0.912508 0.757583 0.937059 0.950905 0.944977 0.929016 0.882937 0.867748 0.813561 0.849625 0.842390 0.954784 0.808057 0.811424 0.620610 0.611469 0.702086 0.606574 0.993217 0.837430 0.659378 0.807226 0.635637 0.735700 0.772723 0.679786 0.918456 0.781538 0.907625 0.789141 0.910092 0.766674 0.935374 0.895486 0.969817 0.846238 0.824570 0.992169 0.832699 0.926413
0.574939 0.690428 0.827725 0.589320 0.823755 0.944096 0.949809 0.520444 0.706141 0.863194 0.898219 0.461753 0.394116 0.000000 0.476246 0.447896 0.851907 0.705378 0.553751 0.486385 0.782820 0.965357 0.514815 0.524210 0.810526 0.822395 0.880067 0.919708 0.810821 0.646514 0.652789 0.624290 0.714469 0.890077 0.858472 0.963318 0.889881 0.844424 0.897914 0.932397 0.940278 0.834185 0.858496 0.872033 0.823017 0.875646 0.964192 0.955270 0.926444 0.876994 0.716259 0.668147 0.753164 0.678546 0.939111 0.874376 0.781477 0.613649 0.996821 0.634056 0.770090 0.462316 0.852131 0.572106 0.763115 0.702982 0.890004 0.917274 0.755569 0.773414 0.509881 0.498877 0.607375 0.530671 0.850498 0.909312 0.903625 0.820919 0.914558 0.853724 0.885123 0.804404 0.786610 0.985037 0.650434 0.618509 0.990200 0.939747 0.709117 0.607878 0.702769 0.697781 0.722934 0.617518 0.863641 0.733689 0.817965 0.919573 0.717472 0.721252 0.841771 0.758062 0.972872 0.792724 0.765101 0.678877 0.903387 0.735283 0.936615 0.886864 0.946580 0.876864 0.875821 0.995819 0.766705 0.892762
0.910602 0.945127 0.712252 0.570901 0.661373 0.786751 0.793549 0.550603 0.574770 0.793145 0.830247 0.749096 0.490710 0.476246 0.000000 0.421358 0.985914 0.944124 0.729877 0.792807 0.746794 0.948026 0.415522 0.531432 0.800958 0.769523 0.885703 0.935031 0.881961 0.785644 0.608384 0.659767 0.685933 0.968672 0.713922 0.805992 0.865474 0.921540 0.867229 0.816348 0.955451 0.901066 0.785948 0.855245 0.968628 0.864665 0.947875 0.981009 0.810594 0.975369 0.809462 0.724418 0.628133 0.496734 0.966125 0.810167 0.956086 0.859787 0.855296 0.834231 0.687689 0.602036 0.975686 0.852186 0.698210 0.686490 0.736623 0.827005 0.972764 0.822468 0.452881 0.457277 0.580441 0.562510 0.683322 0.986874 0.665298 0.749599 0.972909 0.959881 0.911032 0.902875 0.730153 0.833153 0.736385 0.709914 0.941055 0.982445 0.843721 0.869656 0.527319 0.538881 0.533704 0.427901 0.831502 0.831382 0.882349 0.970352 0.604836 0.581643 0.820228 0.594368 0.952404 0.862082 0.710345 0.623221 0.869934 0.791161 0.780707 0.996872 0.927920 0.813697 0.907040 0.999534 0.702250 0.878863
0.745908 0.759753 0.634914 0.406135 0.763867 0.780034 0.876872 0.532410 0.635494 0.979243 0.748592 0.668027 0.649433 0.447896 0.421358 0.000000 0.898809 0.795950 0.641391 0.724351 0.690734 0.945175 0.252512 0.306790 0.581311 0.618695 0.624805 0.937804 0.986821 0.663045 0.533109 0.568096 0.578406 0.942669 0.606218 0.718464 0.830305 0.763852 0.998798 0.945842 0.897694 0.998854 0.665317 0.688288 0.944133 0.938207 0.912807 0.743256 0.864843 0.754651 0.603628 0.497954 0.457659 0.394856 0.851881 0.942628 0.811178 0.652192 0.981177 0.649527 0.779888 0.539364 0.878357 0.749891 0.486200 0.495495 0.507688 0.619756 0.825904 0.736603 0.413229 0.510220 0.555609 0.588902 0.748248 0.848470 0.682080 0.669651 0.923276 0.808575 0.959404 0.953835 0.570742 0.959444 0.514459 0.443188 0.898039 0.778127 0.698339 0.576445 0.667715 0.706794 0.592996 0.600633 0.756678 0.749177 0.896416 0.969094 0.719344 0.632544 0.980523 0.780100 0.941728 0.982235 0.577055 0.586341 0.813213 0.752769 0.863936 0.985620 0.845500 0.780093 0.881534 0.960996 0.585707 0.823589
0.511092 0.404370 0.693183 0.696501 0.868249 0.993767 0.861575 0.681165 0.884017 0.821360 0.862418 0.615831 0.933619 0.851907 0.985914 0.898809 0.000000 0.392745 0.641398 0.603238 0.781103 0.899850 0.809936 0.810480 0.578977 0.743515 0.800125 0.997607 0.528034 0.505017 0.714094 0.733639 0.706391 0.527050 0.794561 0.852588 0.690384 0.629039 0.781902 0.811196 0.964579 0.684711 0.746987 0.644017 0.932403 0.803419 0.496826 0.595600 0.899184 0.701480 0.806083 0.745557 0.879770 0.962581 0.590357 0.569968 0.430385 0.443691 0.598599 0.589882 0.887756 0.772525 0.674930 0.520630 0.673548 0.711642 0.710266 0.648757 0.581717 0.608313 0.811138 0.954755 0.955453 0.968103 0.959194 0.996434 0.875120 0.875869 0.786471 0.694010 0.463696 0.481372 0.642964 0.544025 0.620335 0.598104 0.728844 0.936236 0.889318 0.577312 0.754989 0.755550 0.783531 0.775993 0.901549 0.878228 0.826173 0.868571 0.829914 0.975785 0.935826 0.752441 0.977616 0.943330 0.867807 0.841331 0.856142 0.937002 0.970243 0.661135 0.965194 0.987344 0.983650 0.993537 0.853791 0.923664
0.413768 0.337364 0.693823 0.645549 0.801452 0.903444 0.972920 0.656495 0.841745 0.795847 0.842513 0.453819 0.886611 0.705378 0.944124 0.795950 0.392745 0.000000 0.626216 0.511934 0.695092 0.968474 0.758059 0.700948 0.566161 0.665249 0.789766 0.960499 0.653193 0.431122 0.656848 0.660046 0.611021 0.654292 0.807734 0.807548 0.666194 0.530191 0.772641 0.823521 0.903292 0.685635 0.664607 0.596708 0.985389 0.772619 0.559420 0.541444 0.858052 0.625267 0.653105 0.583646 0.807499 0.843786 0.612831 0.695762 0.353323 0.330881 0.626877 0.518258 0.997756 0.681939 0.779830 0.463478 0.639127 0.659356 0.719926 0.673176 0.479369 0.471315 0.747265 0.838710 0.875361 0.889016 0.963126 0.878889 0.942593 0.843025 0.680321 0.563846 0.384872 0.472503 0.633903 0.504910 0.635246 0.515747 0.735577 0.981115 0.793319 0.507961 0.724095 0.756893 0.808130 0.824547 0.961691 0.882494 0.856406 0.918570 0.872929 0.939858 0.907815 0.742801 0.927404 0.976554 0.783424 0.803003 0.760570 0.917515 0.902036 0.700033 0.885808 0.920562 0.936057 0.979012 0.824718 0.950571
0.549524 0.562929 0.667100 0.544018 0.733648 0.849524 0.609915 0.388974 0.674349 0.823046 0.862306 0.545093 0.579296 0.553751 0.729877 0.641391 0.641398 0.626216 0.000000 0.493132 0.844662 0.891328 0.592267 0.656613 0.676581 0.703865 0.812500 0.936122 0.656485 0.551697 0.597008 0.648491 0.640142 0.665461 0.774408 0.809929 0.720543 0.711397 0.990635 0.847845 0.921479 0.778641 0.789636 0.724019 0.956552 0.969313 0.717356 0.774536 0.915074 0.883228 0.709240 0.717065 0.787998 0.825761 0.657940 0.898552 0.583279 0.516237 0.683855 0.550635 0.564105 0.415654 0.699692 0.492660 0.642784 0.589322 0.696648 0.757861 0.638874 0.670078 0.632353 0.749201 0.730995 0.718732 0.948466 0.994178 0.872079 0.782845 0.995045 0.871799 0.720948 0.663073 0.698590 0.823770 0.520326 0.546082 0.897478 0.923898 0.844851 0.586729 0.810174 0.857112 0.827427 0.876584 0.930132 0.842687 0.689421 0.784844 0.757813 0.833485 0.726609 0.962120 0.889781 0.892515 0.663943 0.754546 0.826414 0.835860 0.989195 0.719031 0.792743 0.887856 0.969956 0.990800 0.710410 0.983515
0.461447 0.490670 0.768904 0.689540 0.922792 0.986423 0.911295 0.565443 0.940507 0.962999 0.765180 0.439646 0.621486 0.486385 0.792807 0.724351 0.603238 0.511934 0.493132 0.000000 0.822290 0.929238 0.736833 0.680270 0.704929 0.757349 0.818904 0.939297 0.648491 0.535644 0.723866 0.719157 0.672994 0.727451 0.864945 0.840326 0.696300 0.694876 0.957668 0.927703 0.932822 0.805114 0.961306 0.881060 0.793710 0.928033 0.787472 0.862310 0.989205 0.902569 0.854133 0.796617 0.975371 0.989315 0.807271 0.851164 0.526827 0.433258 0.737891 0.567021 0.824845 0.523648 0.698098 0.425833 0.766737 0.723431 0.870221 0.781472 0.497931 0.583954 0.710106 0.767522 0.809671 0.829907 0.978686 0.933789 0.957029 0.885785 0.827129 0.736162 0.623105 0.541367 0.678157 0.723483 0.592520 0.617583 0.922587 0.892480 0.717399 0.597376 0.933096 0.975772 0.927517 0.995538 0.998084 0.936698 0.762607 0.952195 0.986707 0.985406 0.988270 0.901363 0.952301 0.858693 0.814429 0.760421 0.905709 0.856756 0.901439 0.765594 0.969861 0.994899 0.966821 0.953308 0.905748 0.969138
0.876238 0.703405 0.591501 0.588741 0.991946 0.846088 0.893229 0.736634 0.906517 0.778295 0.854459 0.809707 0.939827 0.782820 0.746794 0.690734 0.781103 0.695092 0.844662 0.822290 0.000000 0.992678 0.684289 0.677719 0.536599 0.510051 0.793662 0.987239 0.971361 0.769059 0.575371 0.731857 0.696852 0.860629 0.710878 0.819103 0.743774 0.879068 0.852324 0.950224 0.888208 0.858975 0.750575 0.818388 0.770694 0.750211 0.893465 0.830543 0.700120 0.996797 0.944096 0.844293 0.885747 0.789389 0.855623 0.996053 0.743907 0.750036 0.973696 0.930598 0.972540 0.814721 0.910249 0.938735 0.550841 0.590485 0.625211 0.707508 0.812659 0.877626 0.716975 0.761481 0.649701 0.652313 0.742381 0.845189 0.814418 0.825503 0.761606 0.759787 0.882767 0.899454 0.755914 0.906315 0.819831 0.664059 0.855014 0.941634 0.985263 0.832585 0.877933 0.853690 0.951710 0.903596 0.860300 0.856244 0.936368 0.857391 0.825888 0.925229 0.870717 0.938977 0.869183 0.999508 0.752785 0.759850 0.889345 0.983994 0.861084 0.853641 0.934926 0.815670 0.943672 0.987053 0.712672 0.981008
0.938113 0.891955 0.841895 0.923981 0.940624 0.928741 0.826702 0.874903 0.959027 0.972439 0.970592 0.995495 0.920434 0.965357 0.948026 0.945175 0.899850 0.968474 0.891328 0.929238 0.992678 0.000000 0.993641 0.963370 0.843076 0.910208 0.906645 0.992106 0.977411 0.988804 0.876503 0.859229 0.931438 0.693348 0.908385 0.987946 0.974508 0.976009 0.970816 0.853158 0.882569 0.800060 0.895133 0.896326 0.980050 0.986977 0.882608 0.941999 0.982589 0.980346 0.974749 0.960711 0.956211 0.998934 0.945220 0.934636 0.935774 0.981948 0.823062 0.907690 0.769125 0.959681 0.943442 0.975624 0.907545 0.944860 0.877614 0.910953 0.940355 0.946021 0.972868 0.859285 0.926512 0.915487 0.898463 0.967745 0.890254 0.921573 0.942869 0.905758 0.992909 0.968881 0.991796 0.991847 0.954382 0.966161 0.986048 0.851202 0.816400 0.951099 0.970272 0.999012 0.969712 0.981934 0.995996 0.955488 0.991107 0.984578 0.952403 0.938215 0.907815 0.936260 0.907029 0.991634 0.981260 0.962321 0.798942 0.969723 0.926100 0.779255 0.804232 0.945627 0.840691 0.857981 0.721949 0.966708
0.747770 0.717436 0.533661 0.340907 0.743451 0.734734 0.739707 0.450739 0.609106 0.983233 0.691988 0.713166 0.677859 0.514815 0.415522 0.252512 0.809936 0.758059 0.592267 0.736833 0.684289 0.993641 0.000000 0.294394 0.501871 0.546987 0.573478 0.928984 0.932152 0.622778 0.431055 0.512008 0.496355 0.883385 0.568197 0.662608 0.773910 0.705396 0.961744 0.936450 0.959725 0.901028 0.604034 0.639217 0.904080 0.961996 0.822565 0.716313 0.840432 0.732995 0.579858 0.487147 0.434759 0.375909 0.820106 0.985173 0.745280 0.614846 0.933095 0.623619 0.719690 0.533774 0.916159 0.728458 0.424406 0.438665 0.408746 0.528176 0.858281 0.687844 0.366087 0.509891 0.540232 0.595166 0.745684 0.871599 0.630808 0.655395 0.897176 0.768837 0.926457 0.947366 0.524845 0.969319 0.474442 0.404187 0.895751 0.794174 0.789450 0.564037 0.675419 0.725743 0.587245 0.616565 0.818235 0.756511 0.853217 0.933555 0.740845 0.608369 0.928530 0.798372 0.937169 0.977031 0.539603 0.531671 0.839278 0.741989 0.906570 0.927635 0.823206 0.805830 0.935390 0.966877 0.580743 0.836950
0.720685 0.663857 0.547905 0.388502 0.852412 0.785933 0.917832 0.567552 0.741502 0.823585 0.716482 0.686838 0.759535 0.524210 0.531432 0.306790 0.810480 0.700948 0.656613 0.680270 0.677719 0.963370 0.294394 0.000000 0.467553 0.503322 0.541045 0.964035 0.947333 0.675068 0.521275 0.621342 0.514337 0.931617 0.586400 0.674445 0.704524 0.668799 0.858101 0.964937 0.919153 0.902206 0.664943 0.712696 0.996606 0.892319 0.790974 0.705694 0.788184 0.757343 0.624910 0.509356 0.515209 0.430639 0.803807 0.994015 0.700471 0.582650 0.985673 0.711549 0.925029 0.635291 0.830819 0.768350 0.432519 0.438509 0.436886 0.544711 0.829668 0.686302 0.484302 0.529543 0.628604 0.575204 0.719563 0.780094 0.718924 0.676015 0.867517 0.737278 0.858217 0.868012 0.529592 0.856439 0.514338 0.354732 0.787668 0.740080 0.748384 0.571936 0.849159 0.916072 0.750374 0.775824 0.828007 0.817571 0.887606 0.999042 0.870587 0.771565 0.984683 0.918691 0.997686 0.968923 0.584152 0.551296 0.881290 0.832902 0.935961 0.933479 0.928224 0.829504 0.969090 0.934374 0.649589 0.826198
0.753109 0.544446 0.322833 0.333758 0.915476 0.974902 0.737259 0.549657 0.894653 0.673585 0.796565 0.807039 0.954004 0.810526 0.800958 0.581311 0.578977 0.566161 0.676581 0.704929 0.536599 0.843076 0.501871 0.467553 0.000000 0.305163 0.582717 0.976572 0.971357 0.626249 0.433605 0.582160 0.501553 0.677227 0.573402 0.671144 0.570349 0.612395 0.654365 0.907953 0.948441 0.811878 0.506482 0.497700 0.871027 0.861762 0.574087 0.573257 0.676902 0.896617 0.797341 0.698924 0.713947 0.649711 0.771807 0.814594 0.531095 0.528796 0.815035 0.696890 0.889228 0.721663 0.869926 0.813934 0.287188 0.328692 0.374828 0.358346 0.698939 0.710361 0.601216 0.720999 0.643831 0.699605 0.804740 0.780984 0.758353 0.611911 0.712176 0.711471 0.768700 0.792188 0.550535 0.693888 0.639727 0.437614 0.762129 0.899832 0.949105 0.666177 0.837607 0.758262 0.941223 0.937413 0.958369 0.796030 0.806402 0.951418 0.789018 0.972074 0.845227 0.781752 0.889577 0.818996 0.637444 0.628255 0.697544 0.877077 0.944831 0.715959 0.933688 0.940429 0.985378 0.984629 0.595096 0.817599
0.881849 0.710903 0.318091 0.402122 0.984710 0.959696 0.684716 0.611954 0.844068 0.736896 0.737108 0.922893 0.979694 0.822395 0.769523 0.618695 0.743515 0.665249 0.703865 0.757349 0.510051 0.910208 0.546987 0.503322 0.305163 0.000000 0.678594 0.933606 0.985147 0.731178 0.480188 0.628272 0.535194 0.721512 0.540497 0.699015 0.646947 0.681226 0.658462 0.925731 0.999186 0.862113 0.567184 0.618989 0.776167 0.764101 0.608445 0.668697 0.578906 0.969488 0.868255 0.796454 0.806475 0.696908 0.758307 0.884492 0.672043 0.675713 0.911509 0.820967 0.875799 0.781851 0.871151 0.923903 0.323714 0.343371 0.380478 0.422660 0.845853 0.776961 0.673392 0.735425 0.643037 0.661614 0.773660 0.799425 0.733959 0.652888 0.715291 0.831495 0.881626 0.901866 0.620881 0.811779 0.728724 0.507604 0.771025 0.985727 0.945471 0.819475 0.899389 0.764039 0.999953 0.970043 0.899183 0.799159 0.815388 0.977293 0.813338 0.982891 0.942411 0.880544 0.828771 0.885974 0.598305 0.572828 0.711749 0.869899 0.981602 0.719246 0.964063 0.815243 0.937052 0.913932 0.647526 0.843418
0.838697 0.686622 0.675513 0.568212 0.891299 0.992548 0.916696 0.779082 0.905584 0.732940 0.723646 0.905646 0.956114 0.880067 0.885703 0.624805 0.800125 0.789766 0.812500 0.818904 0.793662 0.906645 0.573478 0.541045 0.582717 0.678594 0.000000 0.943534 0.973870 0.753523 0.665767 0.729724 0.619301 0.910167 0.725366 0.678367 0.634697 0.623638 0.810900 0.979932 0.992821 0.853323 0.762170 0.803118 0.952708 0.990940 0.906947 0.859418 0.871882 0.777354 0.749802 0.635791 0.632247 0.716045 0.829551 0.892696 0.674891 0.640364 0.847180 0.769845 0.995562 0.787528 0.859344 0.854007 0.600414 0.639535 0.563014 0.649889 0.777420 0.642161 0.643214 0.866310 0.823187 0.914717 0.782891 0.859563 0.803516 0.765602 0.842680 0.764746 0.901731 0.990073 0.641635 0.802030 0.668638 0.621050 0.717542 0.785192 0.937012 0.699909 0.922645 0.963146 0.970182 0.943515 0.989420 0.927972 0.926597 0.870133 0.884766 0.981638 0.775957 0.946417 0.993408 0.996481 0.753491 0.731714 0.923579 0.974202 0.897411 0.933564 0.904710 0.907017 0.988476 0.988542 0.902233 0.977666
0.966762 0.915796 0.955430 0.981628 0.876559 0.816241 0.958720 0.969642 0.965444 0.959266 0.946101 0.987674 0.972964 0.919708 0.935031 0.937804 0.997607 0.960499 0.936122 0.939297 0.987239 0.992106 0.928984 0.964035 0.976572 0.933606 0.943534 0.000000 0.939170 0.979024 0.985615 0.975959 0.973382 0.946239 0.863948 0.838676 0.835156 0.937237 0.902034 0.894542 0.948037 0.953748 0.996795 0.978001 0.940427 0.986722 0.942260 0.936138 0.965524 0.986678 0.937570 0.964585 0.947581 0.888621 0.808290 0.906214 0.959379 0.996590 0.882983 0.992102 0.885513 0.988188 0.974969 0.997537 0.988689 0.969937 0.968732 0.956110 0.950388 0.867544 0.898878 0.996986 0.898758 0.958625 0.981722 0.792981 0.981505 0.993914 0.971047 0.875862 0.937095 0.979321 0.956937 0.803843 0.945822 0.995995 0.953027 0.964229 0.958703 0.988320 0.881103 0.896685 0.852612 0.854570 0.971649 0.897837 0.948984 0.997159 0.932917 0.916336 0.975996 0.824113 0.907386 0.946625 0.895185 0.788609 0.964391 0.896964 0.946468 0.809935 0.826895 0.982807 0.949883 0.837361 0.980209 0.925304
0.638755 0.650316 0.858264 0.937796 0.937368 0.987395 0.694097 0.671127 0.933468 0.767218 0.738354 0.679386 0.706289 0.810821 0.881961 0.986821 0.528034 0.653193 0.656485 0.648491 0.971361 0.977411 0.932152 0.947333 0.971357 0.985147 0.973870 0.939170 0.000000 0.493375 0.816922 0.810713 0.880520 0.651479 0.915643 0.976631 0.816376 0.857793 0.958282 0.817127 0.926016 0.821908 0.968977 0.903817 0.994678 0.819834 0.730663 0.896019 0.820789 0.819339 0.914336 0.944346 0.952683 0.854598 0.818079 0.755687 0.653294 0.646132 0.587300 0.670575 0.602517 0.766036 0.445123 0.502831 0.965540 0.974369 0.959063 0.923436 0.680745 0.663619 0.814516 0.969863 0.994781 0.930043 0.908162 0.894543 0.872057 0.905365 0.881485 0.915989 0.630027 0.628678 0.883669 0.913974 0.736436 0.907603 0.955511 0.974328 0.874227 0.798701 0.981172 0.983686 0.960855 0.981799 0.805169 0.935603 0.753851 0.824418 0.931414 0.886172 0.832301 0.944390 0.889724 0.843703 0.955040 0.981011 0.903619 0.954369 0.954374 0.802329 0.919197 0.931231 0.911516 0.917753 0.998117 0.963817
0.483933 0.431725 0.670906 0.616136 0.986277 0.921732 0.872293 0.602608 0.973611 0.956650 0.868656 0.489868 0.651193 0.646514 0.785644 0.663045 0.505017 0.431122 0.551697 0.535644 0.769059 0.988804 0.622778 0.675068 0.626249 0.731178 0.753523 0.979024 0.493375 0.000000 0.642023 0.594208 0.584632 0.663152 0.771469 0.818536 0.644214 0.654247 0.798505 0.783558 0.920658 0.908904 0.766458 0.693660 0.985267 0.868453 0.599662 0.708837 0.929233 0.673912 0.714607 0.636644 0.834867 0.859827 0.611769 0.799194 0.412345 0.394064 0.549474 0.473392 0.723506 0.622941 0.679957 0.428716 0.638076 0.650723 0.654282 0.640759 0.443694 0.433469 0.590420 0.816692 0.846338 0.827020 0.977325 0.925234 0.853904 0.829215 0.827417 0.718696 0.535811 0.613799 0.594544 0.708511 0.547605 0.561887 0.927559 0.814775 0.760669 0.533776 0.863622 0.875267 0.916404 0.946575 0.926702 0.917773 0.703501 0.858384 0.998507 0.866804 0.964848 0.901354 0.871649 0.997499 0.791741 0.797118 0.855343 0.883551 0.991069 0.777864 0.800655 0.920308 0.999341 0.936782 0.772507 0.969242
0.788763 0.632505 0.396205 0.362630 0.886166 0.921871 0.615439 0.427549 0.661941 0.948330 0.735940 0.784093 0.719568 0.652789 0.608384 0.533109 0.714094 0.656848 0.597008 0.723866 0.575371 0.876503 0.431055 0.521275 0.433605 0.480188 0.665767 0.985615 0.816922 0.642023 0.000000 0.449381 0.519709 0.688109 0.605217 0.685532 0.771738 0.729630 0.894470 0.923878 0.992681 0.808586 0.563029 0.595495 0.914793 0.913682 0.775785 0.717834 0.746818 0.878323 0.752829 0.662218 0.656381 0.583449 0.812160 0.924316 0.635070 0.607304 0.896873 0.712651 0.735983 0.596519 0.970748 0.766709 0.454204 0.476143 0.460024 0.523485 0.841769 0.706944 0.500909 0.504367 0.556119 0.625313 0.892645 0.944048 0.595756 0.629793 0.756303 0.745145 0.873463 0.947729 0.727017 0.976993 0.719026 0.588431 0.972439 0.869542 0.951341 0.693803 0.819380 0.870382 0.721484 0.688923 0.978968 0.716996 0.822470 0.850758 0.890724 0.625727 0.926935 0.854614 0.932276 0.982090 0.628259 0.599245 0.671029 0.669881 0.901412 0.734118 0.861551 0.996619 0.873531 0.984174 0.618684 0.834149
0.696764 0.641102 0.540599 0.466345 0.864550 0.954087 0.701000 0.496665 0.833253 0.983103 0.852598 0.701168 0.670361 0.624290 0.659767 0.568096 0.733639 0.660046 0.648491 0.719157 0.731857 0.859229 0.512008 0.621342 0.582160 0.628272 0.729724 0.975959 0.810713 0.594208 0.449381 0.000000 0.529673 0.767089 0.746205 0.834341 0.800916 0.725098 0.916212 0.942032 0.973532 0.832125 0.505671 0.542952 0.930272 0.979059 0.688064 0.661744 0.893992 0.764153 0.649357 0.611618 0.640818 0.633990 0.926635 0.969130 0.666226 0.636528 0.761199 0.581052 0.650804 0.565593 0.884078 0.663817 0.494906 0.500894 0.562816 0.572968 0.768528 0.791987 0.555563 0.695494 0.640551 0.717480 0.914394 0.814756 0.775223 0.726699 0.816413 0.712184 0.820641 0.810426 0.628597 0.902214 0.634401 0.558012 0.970464 0.948752 0.878665 0.636157 0.904622 0.951813 0.847105 0.859248 0.946889 0.825580 0.869199 0.779770 0.928922 0.770180 0.975206 0.888067 0.902396 0.868844 0.546039 0.623425 0.746777 0.784212 0.905622 0.788532 0.820272 0.865967 0.834216 0.990111 0.738317 0.914704
0.664293 0.606272 0.536356 0.442150 0.888717 0.955442 0.772054 0.513360 0.858851 0.938643 0.826433 0.661692 0.779484 0.714469 0.685933 0.578406 0.706391 0.611021 0.640142 0.672994 0.696852 0.931438 0.496355 0.514337 0.501553 0.535194 0.619301 0.973382 0.880520 0.584632 0.519709 0.529673 0.000000 0.725711 0.611046 0.657506 0.813758 0.592879 0.844201 0.900714 0.882075 0.909718 0.692983 0.698251 0.967991 0.925347 0.723934 0.703754 0.847713 0.842096 0.729580 0.673746 0.757387 0.699700 0.812546 0.840147 0.581056 0.554789 0.756116 0.616884 0.797642 0.563987 0.949706 0.648584 0.497255 0.494477 0.483534 0.526579 0.644147 0.589609 0.582388 0.668004 0.663847 0.726569 0.877505 0.795633 0.782879 0.756774 0.865813 0.648059 0.746589 0.759310 0.585594 0.778235 0.553818 0.442405 0.906915 0.879386 0.898204 0.656980 0.984088 0.921718 0.914189 0.917225 0.987664 0.896192 0.766639 0.952737 0.918310 0.859583 0.982350 0.958857 0.930479 0.907122 0.640670 0.674981 0.771134 0.865310 0.947191 0.846408 0.887318 0.930224 0.973585 0.982046 0.721853 0.973796
0.687979 0.606390 0.648690 0.722801 0.926923 0.977976 0.713776 0.670790 0.990560 0.990403 0.811775 0.763654 0.860892 0.890077 0.968672 0.942669 0.527050 0.654292 0.665461 0.727451 0.860629 0.693348 0.883385 0.931617 0.677227 0.721512 0.910167 0.946239 0.651479 0.663152 0.688109 0.767089 0.725711 0.000000 0.778296 0.910137 0.860563 0.761641 0.796932 0.790923 0.921896 0.771299 0.825960 0.697406 0.984792 0.906233 0.600214 0.869120 0.989510 0.911214 0.944442 0.933174 0.993767 0.932015 0.699482 0.658963 0.633537 0.712442 0.639279 0.679192 0.733984 0.787381 0.713708 0.686325 0.744406 0.765719 0.701172 0.641881 0.667452 0.747767 0.841629 0.863722 0.918550 0.991846 0.955425 0.932260 0.870393 0.789089 0.901768 0.986759 0.731196 0.717257 0.759487 0.781108 0.801153 0.756883 0.931018 0.945205 0.994929 0.812197 0.968597 0.896568 0.947902 0.935147 0.817131 0.837756 0.884344 0.977067 0.991384 0.924421 0.931669 0.968891 0.908183 0.924607 0.895705 0.877628 0.654728 0.932654 0.933497 0.793800 0.987641 0.965371 0.905068 0.934039 0.855278 0.931981
0.946907 0.821480 0.528248 0.571214 0.891225 0.868664 0.709210 0.684130 0.839875 0.940759 0.723903 0.904319 0.968166 0.858472 0.713922 0.606218 0.794561 0.807734 0.774408 0.864945 0.710878 0.908385 0.568197 0.586400 0.573402 0.540497 0.725366 0.863948 0.915643 0.771469 0.605217 0.746205 0.611046 0.778296 0.000000 0.781823 0.837481 0.821953 0.700382 0.967167 0.959273 0.920600 0.741314 0.789128 0.990560 0.944467 0.748338 0.684537 0.782635 0.897372 0.830599 0.835025 0.754709 0.692213 0.740083 0.915177 0.837166 0.797651 0.915136 0.856228 0.817295 0.790486 0.866320 0.931437 0.511113 0.548596 0.479723 0.572847 0.867109 0.809879 0.793311 0.741209 0.764423 0.779167 0.678755 0.933845 0.691253 0.862336 0.749822 0.918004 0.916245 0.901560 0.632077 0.881863 0.697777 0.564217 0.833036 0.907218 0.977517 0.846862 0.938482 0.977295 0.841881 0.892256 0.948290 0.805541 0.953994 0.945374 0.995190 0.931873 0.981267 0.910283 0.902331 0.958159 0.736768 0.799053 0.703627 0.992538 0.942975 0.803838 0.952898 0.935187 0.867901 0.936718 0.765209 0.867845
0.841718 0.745236 0.682010 0.635269 0.989367 0.991355 0.898464 0.742558 0.947355 0.865025 0.742609 0.943546 0.978372 0.963318 0.805992 0.718464 0.852588 0.807548 0.809929 0.840326 0.819103 0.987946 0.662608 0.674445 0.671144 0.699015 0.678367 0.838676 0.976631 0.818536 0.685532 0.834341 0.657506 0.910137 0.781823 0.000000 0.776917 0.649092 0.954962 0.962388 0.956093 0.985871 0.757779 0.736299 0.860280 0.960850 0.817395 0.758994 0.951547 0.784988 0.792377 0.704414 0.732561 0.750341 0.713071 0.866035 0.720144 0.690311 0.866737 0.740149 0.990891 0.804495 0.885069 0.843363 0.667434 0.680821 0.617533 0.607418 0.883416 0.699064 0.608221 0.786829 0.865681 0.946673 0.871634 0.973219 0.821895 0.827475 0.898664 0.862422 0.872855 0.993966 0.748632 0.869132 0.697376 0.672761 0.905247 0.985343 0.863872 0.776531 0.986257 0.962713 0.943289 0.939704 0.832366 0.988760 0.972462 0.938304 0.948005 0.879555 0.885378 0.824952 0.896459 0.957197 0.839674 0.733375 0.858817 0.827052 0.843228 0.857796 0.883532 0.946688 0.998865 0.867740 0.889132 0.837354
0.813464 0.580981 0.648974 0.651645 0.938866 0.901700 0.939669 0.772341 0.883526 0.653374 0.998868 0.820702 0.879593 0.889881 0.865474 0.830305 0.690384 0.666194 0.720543 0.696300 0.743774 0.974508 0.773910 0.704524 0.570349 0.646947 0.634697 0.835156 0.816376 0.644214 0.771738 0.800916 0.813758 0.860563 0.837481 0.776917 0.000000 0.662046 0.815036 0.822529 0.838601 0.859287 0.696592 0.722980 0.843244 0.905872 0.708656 0.801767 0.793844 0.866057 0.842666 0.749828 0.833251 0.821256 0.852525 0.821073 0.624758 0.605567 0.807586 0.764100 0.995955 0.856133 0.963963 0.826665 0.621175 0.605601 0.715739 0.697908 0.734340 0.667296 0.755352 0.899134 0.871026 0.916510 0.827619 0.930515 0.892324 0.807922 0.724383 0.736309 0.750516 0.828166 0.655615 0.690188 0.780362 0.680776 0.678431 0.866556 0.967417 0.778490 0.738368 0.812392 0.785995 0.853327 0.965287 0.900194 0.813160 0.916263 0.706736 0.949951 0.880648 0.757275 0.860848 0.985103 0.750848 0.743339 0.997228 0.975772 0.937902 0.851274 0.956116 0.947514 0.968763 0.962176 0.910294 0.954501
0.624956 0.525872 0.695502 0.618772 0.907757 0.981373 0.972412 0.719608 0.955010 0.786548 0.960330 0.696390 0.921870 0.844424 0.921540 0.763852 0.629039 0.530191 0.711397 0.694876 0.879068 0.976009 0.705396 0.668799 0.612395 0.681226 0.623638 0.937237 0.857793 0.654247 0.729630 0.725098 0.592879 0.761641 0.821953 0.649092 0.662046 0.000000 0.825624 0.874013 0.880631 0.849855 0.660841 0.642306 0.932730 0.819681 0.685902 0.724045 0.930042 0.717563 0.635418 0.577717 0.707752 0.773380 0.757330 0.748827 0.506308 0.516341 0.792880 0.609815 0.999508 0.726424 0.991606 0.704979 0.626221 0.680078 0.682253 0.689806 0.622217 0.525312 0.674085 0.770797 0.830581 0.907890 0.924339 0.806253 0.950600 0.677517 0.861540 0.714023 0.637841 0.812213 0.725739 0.702454 0.742728 0.565895 0.784185 0.971051 0.811330 0.637134 0.892653 0.881899 0.918502 0.913766 0.950017 0.945024 0.745891 0.951954 0.914401 0.983608 0.780395 0.716523 0.896719 0.996323 0.847279 0.948907 0.785642 0.925366 0.857760 0.799271 0.965189 0.967530 0.966734 0.955746 0.965771 0.941656
