0.000000 0.507653 0.668786 0.574005 0.835699 0.859140 0.651524 0.552867 0.916094 0.762049 0.565642 0.639248 0.849067 0.938348 0.887476 0.859963 0.465970 0.427057 0.590944 0.563282 0.719891 0.983821 0.790302 0.636236 0.908642 0.790809 0.915263 0.837916 0.861825 0.876886 0.950763 0.818187 0.563931 0.579713 0.674075 0.935920 0.775715 0.860140 0.887242 0.858958 0.659184 0.822673 0.758670 0.738563 0.795141 0.636679 0.540456 0.645972 0.729557 0.824717 0.850364 0.945612 0.999964 0.947074 0.645553 0.608560 0.400411 0.515333 0.444216 0.636770 0.567494 0.644152 0.566701 0.520567 0.837551 0.722252 0.590616 0.652763 0.728472 0.651964 0.872319 0.947159 0.985442 0.856642 0.991249 0.939060 0.879455 0.774242 0.611521 0.958504 0.479828 0.508803 0.952212 0.686284 0.852434 0.774827 0.849211 0.780553 0.716120 0.555135 0.825474 0.954587 0.833075 0.960737 0.805478 0.796579 0.664703 0.843020 0.613288 0.702546 0.892318 0.956647 0.597130 0.662333 0.973738 0.686672 0.925077 0.826829 0.886138 0.946822 0.999881 0.721207 0.818652 0.907068 0.996804 0.978004
0.507653 0.000000 0.754358 0.600592 0.769299 0.824608 0.890372 0.709524 0.936064 0.971054 0.806524 0.720330 0.786954 0.719198 0.901599 0.882036 0.648347 0.655525 0.639848 0.632799 0.798831 0.832188 0.918881 0.903675 0.811250 0.707251 0.988323 0.830797 0.978984 0.967919 0.954587 0.928460 0.689787 0.805956 0.770292 0.902317 0.795236 0.866620 0.972467 0.983362 0.790964 0.779610 0.687204 0.627556 0.782488 0.683377 0.695035 0.635318 0.668538 0.679269 0.743706 0.797962 0.773305 0.816096 0.721152 0.858825 0.516235 0.493271 0.598241 0.661223 0.845162 0.823762 0.905793 0.815751 0.764583 0.772825 0.813283 0.747608 0.671011 0.589987 0.712095 0.783274 0.864049 0.997051 0.962348 0.922238 0.739352 0.662376 0.730291 0.923827 0.772547 0.787114 0.914020 0.894982 0.986458 0.833349 0.971140 0.786963 0.839053 0.659953 0.839574 0.907398 0.822596 0.866125 0.853002 0.886184 0.690796 0.905806 0.687559 0.698018 0.957960 0.791704 0.675815 0.681627 0.834510 0.704797 0.920077 0.760592 0.948913 0.844802 0.962555 0.743068 0.725251 0.870157 0.832333 0.938230
0.668786 0.754358 0.000000 0.416718 0.904901 0.886137 0.445368 0.812002 0.592788 0.985468 0.863094 0.895312 0.855639 0.925752 0.906192 0.778244 0.820229 0.706876 0.713275 0.745836 0.764877 0.894038 0.806484 0.971077 0.639806 0.645904 0.795914 0.823170 0.935144 0.840624 0.769709 0.995161 0.545290 0.814880 0.559890 0.900300 0.734737 0.865719 0.854064 0.893407 0.702104 0.690388 0.753292 0.714020 0.713529 0.701640 0.825945 0.773053 0.848924 0.773922 0.771725 0.802315 0.779018 0.667683 0.890642 0.746728 0.634843 0.736017 0.794731 0.984837 0.743465 0.930509 0.852138 0.932401 0.450038 0.921399 0.473221 0.746195 0.707201 0.719933 0.816838 0.817137 0.995091 0.920274 0.919283 0.867106 0.751610 0.815971 0.715218 0.987382 0.687378 0.694138 0.837329 0.728545 0.561029 0.569374 0.966471 0.962614 0.752274 0.719330 0.541606 0.608350 0.484759 0.571977 0.772634 0.731574 0.665079 0.852678 0.667380 0.655394 0.976728 0.852128 0.728744 0.746397 0.769397 0.679440 0.990744 0.738510 0.994128 0.907575 0.825095 0.724891 0.801461 0.990672 0.926416 0.952868
0.574005 0.600592 0.416718 0.000000 0.932405 0.829776 0.499896 0.632804 0.668453 0.927615 0.831568 0.915216 0.762845 0.925761 0.940007 0.894164 0.807117 0.656310 0.650286 0.695391 0.772874 0.879903 0.873963 0.971628 0.689780 0.660036 0.937513 0.851722 0.926329 0.894683 0.782033 0.954021 0.563257 0.749352 0.592116 0.885509 0.844632 0.956042 0.860717 0.824647 0.720307 0.748045 0.634181 0.591008 0.654759 0.617876 0.695845 0.601815 0.767422 0.769253 0.775721 0.834094 0.803923 0.749734 0.872307 0.723787 0.621400 0.686085 0.744054 0.838507 0.681362 0.871651 0.856916 0.881332 0.497082 0.731656 0.533932 0.628213 0.776561 0.699419 0.698793 0.810055 0.905869 0.966319 0.987115 0.918433 0.674024 0.791734 0.704862 0.982084 0.667363 0.688929 0.959035 0.849235 0.697638 0.582218 0.986641 0.853695 0.821332 0.644771 0.533897 0.678286 0.475288 0.606145 0.771363 0.716140 0.599492 0.802010 0.567620 0.609578 0.955558 0.853953 0.692119 0.610241 0.752915 0.671467 0.991814 0.802330 0.958404 0.914715 0.843262 0.692284 0.827518 0.871465 0.891467 0.942759
0.835699 0.769299 0.904901 0.932405 0.000000 0.934835 0.791780 0.925906 0.679243 0.845243 0.928205 0.920681 0.929364 0.949422 0.828611 0.927882 0.972865 0.975229 0.960326 0.956138 0.825860 0.972282 0.611080 0.704840 0.911395 0.854797 0.851106 0.757879 0.901503 0.896250 0.914892 0.815238 0.958403 0.966106 0.937545 0.952702 0.910204 0.714446 0.987691 0.975620 0.804297 0.828331 0.715573 0.716579 0.971322 0.895715 0.784227 0.829917 0.852650 0.896131 0.955573 0.996648 0.880991 0.891123 0.951615 0.937907 0.827601 0.995626 0.831936 0.927104 0.843835 0.979538 0.943284 0.974481 0.770221 0.948261 0.983115 0.910595 0.779073 0.820638 0.961810 0.950480 0.854153 0.766749 0.903170 0.865775 0.989396 0.836881 0.977986 0.973375 0.942310 0.969383 0.720987 0.894108 0.697734 0.762570 0.831900 0.766286 0.998101 0.970194 0.883110 0.925232 0.907509 0.954411 0.996328 0.879529 0.978817 0.776455 0.967238 0.972260 0.939764 0.909251 0.808209 0.836303 0.913490 0.888641 0.973008 0.901080 0.843156 0.944528 0.991274 0.972743 0.925504 0.943351 0.935770 0.901864
0.859140 0.824608 0.886137 0.829776 0.934835 0.000000 0.961092 0.766402 0.982503 0.850950 0.904360 0.730424 0.836499 0.765464 0.994423 0.755754 0.977992 0.916404 0.944898 0.949852 0.956063 0.826865 0.867493 0.884830 0.958035 0.985633 0.970736 0.861063 0.989003 0.935318 0.983246 0.871439 0.988901 0.953878 0.854997 0.985200 0.915166 0.873835 0.916389 0.821794 0.954820 0.849692 0.981465 0.985848 0.912301 0.995788 0.897431 0.946987 0.932372 0.884703 0.903408 0.872499 0.925765 0.857743 0.900175 0.899915 0.960816 0.925763 0.909687 0.759835 0.831098 0.682552 0.984632 0.972905 0.987211 0.654555 0.990208 0.851943 0.876250 0.978284 0.851848 0.881274 0.987191 0.975403 0.961408 0.844668 0.900601 0.889927 0.912046 0.909021 0.933556 0.981103 0.706613 0.878834 0.794558 0.981513 0.923934 0.789953 0.974852 0.950334 0.956110 0.859076 0.962946 0.898622 0.945749 0.985111 0.909805 0.863832 0.937100 0.997513 0.854288 0.994779 0.980705 0.914898 0.894211 0.945024 0.955259 0.902722 0.921177 0.924316 0.862231 0.960164 0.976303 0.908488 0.728111 0.848107
0.651524 0.890372 0.445368 0.499896 0.791780 0.961092 0.000000 0.515911 0.584806 0.585881 0.710009 0.881579 0.848936 0.851445 0.862269 0.732429 0.691382 0.596017 0.638366 0.770031 0.962277 0.973469 0.832864 0.959208 0.994644 0.980240 0.974708 0.919125 0.826866 0.850874 0.791437 0.985485 0.500784 0.542429 0.635190 0.908685 0.994286 0.890194 0.984638 0.967844 0.720840 0.860936 0.879090 0.859849 0.596098 0.586970 0.854275 0.780194 0.854874 0.955264 0.999138 0.901486 0.947256 0.978073 0.817683 0.720617 0.791244 0.942675 0.861810 0.968889 0.439110 0.735213 0.521171 0.617798 0.666714 0.819475 0.470284 0.642589 0.974449 0.897991 0.951913 0.915214 0.983235 0.974378 0.864156 0.878529 0.896745 0.961937 0.747062 0.838300 0.519928 0.538572 0.844999 0.656700 0.528854 0.610718 0.897970 0.996408 0.867751 0.801487 0.522540 0.748207 0.544834 0.775057 0.710881 0.796805 0.718098 0.892916 0.527440 0.640526 0.952298 0.985527 0.758497 0.718999 0.897103 0.793412 0.780494 0.911988 0.889906 0.971246 0.770388 0.683452 0.825091 0.907596 0.860330 0.855012
0.552867 0.709524 0.812002 0.632804 0.925906 0.766402 0.515911 0.000000 0.796262 0.443490 0.487977 0.444843 0.776233 0.894315 0.736591 0.926235 0.553273 0.543107 0.665865 0.706682 0.963186 0.911331 0.847808 0.746185 0.738711 0.828452 0.791742 0.800799 0.691828 0.621214 0.999086 0.924200 0.654200 0.414901 0.805421 0.957934 0.879085 0.719825 0.937268 0.864860 0.785334 0.982315 0.878185 0.854047 0.665688 0.603952 0.758490 0.713943 0.763829 0.894394 0.810361 0.665082 0.729119 0.682190 0.711390 0.745615 0.810851 0.869706 0.730457 0.788192 0.367538 0.389310 0.472341 0.435835 0.991259 0.630984 0.725588 0.583433 0.892053 0.853788 0.918642 0.898475 0.994661 0.973581 0.898038 0.967196 0.857007 0.879347 0.765339 0.803125 0.567438 0.615907 0.917638 0.739494 0.954594 0.836784 0.797021 0.779228 0.944916 0.736788 0.815148 0.873189 0.839731 0.858362 0.741724 0.951392 0.792703 0.874501 0.564048 0.754212 0.775004 0.881283 0.729940 0.758269 0.952766 0.882813 0.741454 0.903682 0.844740 0.973247 0.825242 0.740535 0.862292 0.783700 0.875801 0.832335
0.916094 0.936064 0.592788 0.668453 0.679243 0.982503 0.584806 0.796262 0.000000 0.859821 0.904693 0.961408 0.746257 0.968601 0.824178 0.983439 0.894532 0.811765 0.794669 0.842642 0.933777 0.975012 0.668353 0.791891 0.907866 0.934286 0.828560 0.988667 0.887797 0.941301 0.834884 0.898765 0.755240 0.849995 0.769385 0.934463 0.996049 0.879957 0.912968 0.960202 0.815609 0.981823 0.897414 0.919550 0.932109 0.930339 0.979170 0.944658 0.933500 0.994443 0.972350 0.911269 0.805500 0.726406 0.948410 0.807570 0.928922 0.907214 0.922665 0.951888 0.709044 0.911036 0.835031 0.899746 0.585496 0.835595 0.788646 0.960877 0.943732 0.925991 0.904778 0.868155 0.814972 0.933498 0.988310 0.976980 0.837032 0.965884 0.763396 0.960589 0.803902 0.810435 0.750631 0.802887 0.602483 0.556519 0.969111 0.970640 0.891219 0.842291 0.638138 0.709684 0.698778 0.736764 0.922100 0.822134 0.804017 0.982462 0.818101 0.704284 0.883954 0.879772 0.921504 0.891132 0.744792 0.917743 0.880278 0.959480 0.946068 0.966322 0.774537 0.817069 0.825518 0.926727 0.958055 0.926373
0.762049 0.971054 0.985468 0.927615 0.845243 0.850950 0.585881 0.443490 0.859821 0.000000 0.577875 0.597036 0.976431 0.989749 0.665819 0.861526 0.651692 0.630517 0.735726 0.835610 0.920466 0.847769 0.927248 0.787810 0.552843 0.609522 0.815568 0.654398 0.614205 0.565879 0.990523 0.999085 0.807351 0.513365 0.888682 0.952255 0.749350 0.671147 0.919700 0.990612 0.878644 0.895416 0.851461 0.870358 0.754507 0.736930 0.838032 0.937556 0.855331 0.818015 0.755475 0.642886 0.661623 0.601681 0.776349 0.758279 0.961473 0.923122 0.861400 0.866866 0.444254 0.468612 0.408276 0.414149 0.804689 0.798426 0.754234 0.687071 0.728037 0.976427 0.895257 0.792115 0.940010 0.948945 0.873248 0.925852 0.885637 0.824586 0.848742 0.733250 0.580554 0.630617 0.964096 0.706671 0.871070 0.952338 0.740278 0.996858 0.920952 0.858870 0.875021 0.845708 0.987905 0.758079 0.796025 0.961498 0.980315 0.963012 0.709881 0.802551 0.826002 0.787491 0.814088 0.855096 0.902276 0.934364 0.653356 0.800840 0.915077 0.995563 0.924750 0.821315 0.953211 0.885438 0.772498 0.746330
0.565642 0.806524 0.863094 0.831568 0.928205 0.904360 0.710009 0.487977 0.904693 0.577875 0.000000 0.466855 0.838485 0.964594 0.599236 0.821606 0.538946 0.619693 0.814442 0.754112 0.937970 0.817323 0.607061 0.546899 0.823122 0.895715 0.790611 0.930774 0.797346 0.792892 0.800611 0.740120 0.767025 0.507236 0.797526 0.979885 0.907837 0.921086 0.958743 0.877315 0.750097 0.845596 0.968902 0.943525 0.868385 0.735908 0.767839 0.883643 0.861873 0.882343 0.727254 0.652178 0.640902 0.595965 0.704684 0.707459 0.806098 0.848141 0.674119 0.797091 0.534762 0.534710 0.548641 0.471125 0.837708 0.834613 0.767700 0.769150 0.926049 0.698158 0.860529 0.853026 0.819934 0.873876 0.875343 0.879638 0.931935 0.908242 0.762247 0.863815 0.635048 0.720026 0.883655 0.756633 0.885761 0.926701 0.786502 0.658552 0.906570 0.797237 0.877065 0.801335 0.920947 0.851177 0.823258 0.950156 0.789912 0.838815 0.737817 0.874921 0.821420 0.935954 0.632951 0.824800 0.898768 0.880797 0.748558 0.915058 0.831683 0.935384 0.988559 0.832694 0.878084 0.845847 0.913269 0.998118
0.639248 0.720330 0.895312 0.915216 0.920681 0.730424 0.881579 0.444843 0.961408 0.597036 0.466855 0.000000 0.661630 0.681841 0.791327 0.857095 0.629862 0.673002 0.681929 0.740296 0.935655 0.825282 0.652111 0.727500 0.663594 0.739039 0.831246 0.826830 0.737940 0.663838 0.732955 0.842439 0.922987 0.564682 0.965503 0.993838 0.894231 0.716925 0.939243 0.935761 0.876799 0.945472 0.904169 0.901488 0.882100 0.765804 0.742716 0.854264 0.882148 0.811530 0.772965 0.651997 0.684468 0.614084 0.676849 0.792006 0.875658 0.868099 0.766059 0.777479 0.536587 0.422375 0.590793 0.524240 0.770655 0.681860 0.980353 0.814383 0.948727 0.761145 0.916428 0.867448 0.973839 0.987858 0.868124 0.978326 0.856179 0.794285 0.819940 0.847965 0.721027 0.793932 0.804520 0.897031 0.766085 0.930559 0.767044 0.689628 0.981409 0.888071 0.910124 0.686059 0.897081 0.663676 0.865078 0.856062 0.891364 0.942849 0.794646 0.993186 0.741733 0.821252 0.779173 0.915681 0.852449 0.980530 0.835216 0.889193 0.864082 0.972325 0.998899 0.901208 0.898114 0.853153 0.874464 0.895311
0.849067 0.786954 0.855639 0.762845 0.929364 0.836499 0.848936 0.776233 0.746257 0.976431 0.838485 0.661630 0.000000 0.552344 0.778103 0.605968 0.934263 0.905697 0.743860 0.961409 0.913484 0.949010 0.960608 0.906193 0.921727 0.979104 0.882505 0.886531 0.921881 0.978049 0.929957 0.955372 0.992893 0.852043 0.922406 0.982536 0.943620 0.888642 0.953243 0.922678 0.813100 0.956702 0.879766 0.874109 0.962408 0.880653 0.899776 0.999679 0.920107 0.898915 0.965742 0.919095 0.910971 0.805484 0.853030 0.857535 0.966029 0.936378 0.879054 0.864408 0.721162 0.817987 0.929353 0.938693 0.858409 0.823573 0.959493 0.897068 0.837641 0.812371 0.882653 0.832430 0.893077 0.950873 0.923833 0.869069 0.705035 0.659048 0.900857 0.952681 0.946656 0.945861 0.887468 0.928911 0.992472 0.873433 0.998592 0.827875 0.985802 0.893694 0.833917 0.912556 0.786600 0.919245 0.915926 0.984194 0.849376 0.931601 0.815076 0.961106 0.933891 0.984198 0.847224 0.878828 0.883281 0.994570 0.831555 0.879969 0.991998 0.927366 0.878540 0.949606 0.893538 0.703284 0.998231 0.971942
0.938348 0.719198 0.925752 0.925761 0.949422 0.765464 0.851445 0.894315 0.968601 0.989749 0.964594 0.681841 0.552344 0.000000 0.694553 0.532743 0.953745 0.948972 0.702750 0.843465 0.960814 0.973028 0.981385 0.867639 0.910965 0.982647 0.794577 0.950113 0.872396 0.859197 0.972182 0.836347 0.875499 0.981036 0.999759 0.943930 0.816377 0.828862 0.929714 0.905580 0.944885 0.884090 0.842656 0.832924 0.994124 0.920966 0.841518 0.901412 0.922957 0.967879 0.972291 0.997426 0.817093 0.856597 0.915808 0.894013 0.973498 0.924932 0.907789 0.995493 0.977120 0.900467 0.949938 0.969242 0.995314 0.875702 0.830934 0.888932 0.922560 0.841594 0.793088 0.741113 0.877403 0.910375 0.904681 0.821010 0.599572 0.744324 0.905407 0.955629 0.960718 0.886368 0.913827 0.907874 0.827137 0.992740 0.899202 0.907198 0.895735 0.994638 0.940911 0.979609 0.984743 0.939671 0.984194 0.962407 0.962568 0.935830 0.987160 0.971528 0.871953 0.948504 0.929601 0.935613 0.999951 0.956102 0.861235 0.977093 0.870763 0.919016 0.980793 0.958435 0.901305 0.887339 0.964122 0.952126
0.887476 0.901599 0.906192 0.940007 0.828611 0.994423 0.862269 0.736591 0.824178 0.665819 0.599236 0.791327 0.778103 0.694553 0.000000 0.555741 0.785908 0.936578 0.917102 0.980128 0.988700 0.830062 0.530647 0.574745 0.849814 0.827698 0.581608 0.873919 0.976587 0.920743 0.785450 0.739231 0.952039 0.733253 0.996011 0.904095 0.908722 0.970938 0.893443 0.931176 0.908342 0.919282 0.891684 0.903471 0.811418 0.789612 0.961494 0.936160 0.844888 0.877074 0.813783 0.704516 0.500960 0.490271 0.842009 0.848440 0.993098 0.860276 0.775338 0.831730 0.794447 0.697494 0.763192 0.714884 0.641638 0.921269 0.853666 0.734598 0.888797 0.920170 0.725165 0.658570 0.802999 0.871398 0.906570 0.919108 0.840056 0.875365 0.992850 0.941501 0.854746 0.934693 0.785569 0.997438 0.798807 0.760070 0.783425 0.839742 0.978391 0.990094 0.984734 0.827968 0.998201 0.863543 0.919494 0.980688 0.903560 0.777770 0.896781 0.898647 0.730613 0.892837 0.794311 0.889344 0.818303 0.992032 0.712665 0.951075 0.969586 0.951657 0.834930 0.937033 0.965166 0.838428 0.932511 0.978706
0.859963 0.882036 0.778244 0.894164 0.927882 0.755754 0.732429 0.926235 0.983439 0.861526 0.821606 0.857095 0.605968 0.532743 0.555741 0.000000 0.843987 0.872092 0.959613 0.951931 0.937825 0.900769 0.798325 0.671871 0.927319 0.950866 0.819891 0.966519 0.965131 0.913122 0.949199 0.781646 0.876519 0.905823 0.774730 0.925177 0.925843 0.893865 0.983377 0.926919 0.920162 0.760555 0.934757 0.917049 0.781615 0.796591 0.954991 0.877014 0.778717 0.920420 0.999626 0.973880 0.758923 0.779056 0.943551 0.798834 0.889787 0.958150 0.763527 0.954047 0.932807 0.995474 0.799718 0.809291 0.967424 0.884855 0.754021 0.831976 0.967662 0.974201 0.817526 0.809789 0.751814 0.812029 0.940407 0.778911 0.829835 0.794148 0.998069 0.953510 0.750102 0.740865 0.972522 0.810702 0.871230 0.967415 0.864139 0.937418 0.882995 0.803882 0.868216 0.947083 0.869739 0.919066 0.929853 0.839120 0.885725 0.844886 0.878899 0.820628 0.944117 0.989646 0.851752 0.859220 0.940969 0.841125 0.800114 0.960785 0.936329 0.964519 0.906205 0.868165 0.852116 0.911119 0.874141 0.969637
0.465970 0.648347 0.820229 0.807117 0.972865 0.977992 0.691382 0.553273 0.894532 0.651692 0.538946 0.629862 0.934263 0.953745 0.785908 0.843987 0.000000 0.473161 0.741857 0.610559 0.921705 0.953792 0.839339 0.716743 0.881764 0.987419 0.887461 0.950279 0.756882 0.760211 0.907014 0.891697 0.694460 0.624219 0.752942 0.933943 0.810025 0.951363 0.919376 0.978303 0.863967 0.924086 0.986556 0.914324 0.866059 0.803235 0.742404 0.781138 0.826348 0.970638 0.994666 0.935076 0.866212 0.820429 0.590493 0.698620 0.585836 0.628965 0.520492 0.648074 0.541848 0.573887 0.520110 0.445934 0.934159 0.712077 0.691768 0.711996 0.886884 0.722992 0.991302 0.810704 0.995914 0.948765 0.890431 0.923931 0.978302 0.910280 0.723728 0.937622 0.516262 0.547141 0.992412 0.621832 0.842238 0.846071 0.845050 0.942889 0.785954 0.635676 0.943399 0.825806 0.990650 0.883280 0.823467 0.856367 0.759546 0.941562 0.690744 0.808588 0.924312 0.942344 0.638601 0.760292 0.999858 0.789148 0.834537 0.911825 0.973325 0.931353 0.987171 0.820678 0.867370 0.945544 0.971711 0.947202
0.427057 0.655525 0.706876 0.656310 0.975229 0.916404 0.596017 0.543107 0.811765 0.630517 0.619693 0.673002 0.905697 0.948972 0.936578 0.872092 0.473161 0.000000 0.643919 0.591851 0.822353 0.964801 0.941987 0.740759 0.995489 0.943268 0.939128 0.982504 0.658201 0.642846 0.882615 0.973661 0.600891 0.550422 0.727104 0.814472 0.822587 0.956653 0.915393 0.872712 0.749546 0.861575 0.866385 0.855444 0.786928 0.718558 0.550234 0.669131 0.720440 0.905169 0.917963 0.988632 0.988375 0.903256 0.573249 0.572680 0.490270 0.638618 0.536493 0.677654 0.514337 0.603517 0.437905 0.445429 0.837299 0.736795 0.626725 0.645210 0.943293 0.735341 0.968588 0.873770 0.981874 0.870902 0.936480 0.963789 0.956100 0.933187 0.639432 0.963655 0.361355 0.404324 0.866574 0.494930 0.705423 0.692753 0.913012 0.924843 0.760696 0.552388 0.932038 0.823750 0.974916 0.875437 0.775540 0.825981 0.833295 0.952262 0.684778 0.764805 0.951453 0.881386 0.726599 0.776151 0.907687 0.724120 0.835314 0.971819 0.867556 0.925461 0.992667 0.788833 0.825207 0.955706 0.951767 0.853449
0.590944 0.639848 0.713275 0.650286 0.960326 0.944898 0.638366 0.665865 0.794669 0.735726 0.814442 0.681929 0.743860 0.702750 0.917102 0.959613 0.741857 0.643919 0.000000 0.672080 0.973106 0.986595 0.873715 0.938944 0.960741 0.950308 0.926834 0.972493 0.830628 0.815788 0.900664 0.790371 0.708896 0.697343 0.714487 0.863563 0.929473 0.863383 0.985861 0.845266 0.820848 0.931350 0.911787 0.851059 0.762973 0.695535 0.741782 0.759435 0.812747 0.890445 0.920259 0.965932 0.865042 0.875537 0.702288 0.756660 0.732375 0.760764 0.866244 0.917894 0.634921 0.797899 0.620388 0.672783 0.793833 0.854311 0.825395 0.871977 0.831857 0.802576 0.937833 0.997234 0.831088 0.920517 0.923856 0.971734 0.787410 0.764042 0.741683 0.992616 0.653662 0.657683 0.864286 0.834601 0.715159 0.758282 0.922851 0.977396 0.916958 0.782217 0.771683 0.882906 0.772633 0.896934 0.822353 0.991383 0.760520 0.898732 0.684530 0.654812 0.999097 0.932770 0.756012 0.838048 0.928610 0.739001 0.870352 0.871301 0.989777 0.902148 0.991002 0.759452 0.795714 0.985521 0.878216 0.748138
0.563282 0.632799 0.745836 0.695391 0.956138 0.949852 0.770031 0.706682 0.842642 0.835610 0.754112 0.740296 0.961409 0.843465 0.980128 0.951931 0.610559 0.591851 0.672080 0.000000 0.790365 0.982991 0.983588 0.898605 0.987053 0.900709 0.942369 0.892501 0.884250 0.871265 0.851435 0.994963 0.736552 0.779766 0.717350 0.968948 0.802215 0.921875 0.909605 0.961882 0.872079 0.898711 0.827227 0.821617 0.792237 0.702774 0.669903 0.627823 0.683381 0.689007 0.724901 0.766660 0.796816 0.930351 0.795016 0.734692 0.610142 0.569061 0.558214 0.601124 0.761024 0.788776 0.754706 0.679127 0.826299 0.789412 0.726165 0.734678 0.837873 0.748226 0.840376 0.936203 0.881976 0.989753 0.975400 0.978978 0.824211 0.975848 0.677372 0.989110 0.676619 0.669445 0.822060 0.726615 0.847116 0.790424 0.924820 0.892139 0.788921 0.597722 0.853104 0.964494 0.878145 0.921845 0.904812 0.932594 0.731827 0.862224 0.679304 0.742306 0.811181 0.981519 0.689626 0.764576 0.940412 0.798979 0.925931 0.872064 0.861098 0.985100 0.922287 0.756699 0.767841 0.989554 0.986246 0.929050
0.719891 0.798831 0.764877 0.772874 0.825860 0.956063 0.962277 0.963186 0.933777 0.920466 0.937970 0.935655 0.913484 0.960814 0.988700 0.937825 0.921705 0.822353 0.973106 0.790365 0.000000 0.917678 0.846518 0.765288 0.732550 0.714341 0.969557 0.794458 0.879169 0.787482 0.989733 0.836354 0.763577 0.942681 0.806824 0.969984 0.722650 0.790772 0.830236 0.932969 0.875668 0.936900 0.690099 0.732935 0.975323 0.923023 0.751479 0.841216 0.940438 0.836874 0.765758 0.799114 0.937136 0.921516 0.998742 0.948150 0.616199 0.729464 0.664673 0.819280 0.997930 0.940991 0.958946 0.946895 0.842499 0.894267 0.740590 0.830963 0.752769 0.727222 0.978875 0.884813 0.980579 0.754957 0.919764 0.921917 0.935995 0.961810 0.832195 0.948038 0.900547 0.895098 0.862756 0.931718 0.991622 0.936495 0.960999 0.825667 0.830713 0.732469 0.880691 0.907642 0.919062 0.858312 0.913594 0.714725 0.788568 0.881535 0.996304 0.900917 0.918697 0.961244 0.744172 0.802019 0.968655 0.871144 0.885938 0.834132 0.984085 0.836542 0.927604 0.821077 0.908881 0.947790 0.837214 0.769063
0.983821 0.832188 0.894038 0.879903 0.972282 0.826865 0.973469 0.911331 0.975012 0.847769 0.817323 0.825282 0.949010 0.973028 0.830062 0.900769 0.953792 0.964801 0.986595 0.982991 0.917678 0.000000 0.924059 0.940014 0.912935 0.815810 0.931431 0.725654 0.863608 0.850464 0.867532 0.856884 0.941458 0.915620 0.895085 0.957334 0.820566 0.815935 0.946182 0.918503 0.960695 0.811752 0.959599 0.931398 0.919030 0.952530 0.963680 0.983814 0.938416 0.820804 0.778122 0.746485 0.783317 0.782812 0.918512 0.941521 0.931901 0.855167 0.890517 0.820344 0.894771 0.926619 0.832686 0.837923 0.814987 0.880008 0.922262 0.970653 0.854882 0.970471 0.813347 0.802864 0.932953 0.969128 0.921429 0.939514 0.948318 0.910421 0.976414 0.958499 0.998878 0.953163 0.849873 0.957853 0.976173 0.864780 0.977175 0.968116 0.844244 0.948641 0.904266 0.909744 0.852985 0.807732 0.984955 0.946985 0.994306 0.935989 0.889139 0.852909 0.977822 0.797476 0.950336 0.922949 0.727784 0.808940 0.857382 0.837098 0.958698 0.979876 0.943577 0.876888 0.901399 0.894241 0.772042 0.921894
0.790302 0.918881 0.806484 0.873963 0.611080 0.867493 0.832864 0.847808 0.668353 0.927248 0.607061 0.652111 0.960608 0.981385 0.530647 0.798325 0.839339 0.941987 0.873715 0.983588 0.846518 0.924059 0.000000 0.406731 0.857186 0.933568 0.750895 0.924358 0.997500 0.963239 0.572648 0.539982 0.909455 0.881392 0.881485 0.856483 0.926547 0.956616 0.903083 0.890179 0.895004 0.916285 0.819087 0.810536 0.976828 0.911021 0.843968 0.916589 0.896269 0.879946 0.837950 0.747091 0.602699 0.527252 0.880658 0.889292 0.903228 0.941052 0.665522 0.776110 0.966273 0.758419 0.906649 0.807619 0.545317 0.984708 0.968211 0.960837 0.876197 0.824184 0.769644 0.802381 0.641109 0.710614 0.901478 0.952674 0.971411 0.944935 0.999073 0.947068 0.942887 0.929451 0.608877 0.878479 0.473477 0.603865 0.705324 0.538003 0.953570 0.997051 0.809494 0.664347 0.836104 0.770322 0.958858 0.980279 0.962801 0.715088 0.990682 0.884948 0.726888 0.907821 0.724521 0.854441 0.812814 0.998389 0.956451 0.948012 0.994415 0.940317 0.968850 0.977173 0.972633 0.907941 0.993492 0.849739
0.636236 0.903675 0.971077 0.971628 0.704840 0.884830 0.959208 0.746185 0.791891 0.787810 0.546899 0.727500 0.906193 0.867639 0.574745 0.671871 0.716743 0.740759 0.938944 0.898605 0.765288 0.940014 0.406731 0.000000 0.871332 0.956329 0.707840 0.971747 0.945528 0.971575 0.679663 0.537772 0.966063 0.740670 0.963139 0.934752 0.824831 0.944426 0.910160 0.824658 0.812037 0.904915 0.870455 0.875863 0.922555 0.834066 0.753817 0.827571 0.793832 0.962248 0.871394 0.776588 0.686527 0.569264 0.845663 0.800379 0.784093 0.856394 0.569895 0.787638 0.847113 0.765534 0.727554 0.634684 0.669240 0.934273 0.843900 0.881970 0.842340 0.765330 0.830627 0.865829 0.588346 0.660632 0.994537 0.910533 0.946718 0.979098 0.921590 0.872885 0.738786 0.850988 0.796141 0.870726 0.701138 0.724746 0.748833 0.620552 0.873517 0.852568 0.971055 0.745012 0.952776 0.831897 0.986948 0.873395 0.919299 0.803424 0.848877 0.933578 0.804705 0.976237 0.649019 0.781674 0.868053 0.888272 0.845765 0.920194 0.970246 0.935030 0.965377 0.836905 0.977527 0.950189 0.946664 0.913783
0.908642 0.811250 0.639806 0.689780 0.911395 0.958035 0.994644 0.738711 0.907866 0.552843 0.823122 0.663594 0.921727 0.910965 0.849814 0.927319 0.881764 0.995489 0.960741 0.987053 0.732550 0.912935 0.857186 0.871332 0.000000 0.412452 0.798300 0.614529 0.666268 0.649825 0.790996 0.953312 0.825507 0.779918 0.845645 0.828419 0.699219 0.667253 0.816588 0.852120 0.937911 0.739265 0.652552 0.627098 0.954475 0.944653 0.867852 0.892612 0.926552 0.698672 0.648861 0.607729 0.644036 0.591505 0.996892 0.939834 0.654340 0.776424 0.907657 0.975293 0.725127 0.608519 0.694068 0.634485 0.555902 0.977416 0.786180 0.927764 0.758371 0.818211 0.770214 0.779921 0.936321 0.904794 0.895370 0.940323 0.782389 0.802360 0.817278 0.768639 0.955012 0.967654 0.875325 0.961132 0.821868 0.806383 0.807569 0.980613 0.764394 0.813068 0.822295 0.663846 0.747103 0.569324 0.955208 0.744972 0.795848 0.839355 0.985751 0.869793 0.945776 0.775532 0.984089 0.925362 0.796123 0.826244 0.862777 0.713776 0.917838 0.902121 0.942232 0.951760 0.920197 0.911540 0.706736 0.703582
0.790809 0.707251 0.645904 0.660036 0.854797 0.985633 0.980240 0.828452 0.934286 0.609522 0.895715 0.739039 0.979104 0.982647 0.827698 0.950866 0.987419 0.943268 0.950308 0.900709 0.714341 0.815810 0.933568 0.956329 0.412452 0.000000 0.828016 0.629635 0.701617 0.639773 0.773703 0.966878 0.813128 0.849473 0.834916 0.840200 0.624003 0.633134 0.762781 0.883815 0.865839 0.733612 0.632108 0.634747 0.952549 0.918946 0.878133 0.800858 0.897923 0.688777 0.666777 0.632784 0.714273 0.640180 0.905688 0.897088 0.662968 0.676358 0.845925 0.892405 0.812230 0.747102 0.739088 0.743034 0.571946 0.954489 0.787064 0.913164 0.697178 0.845828 0.779035 0.834304 0.952604 0.859066 0.962903 0.999254 0.740743 0.718367 0.835267 0.711329 0.968037 0.954002 0.915405 0.963861 0.866118 0.800995 0.851897 0.956137 0.655449 0.762958 0.818047 0.737080 0.746943 0.613426 0.888517 0.770230 0.794319 0.765006 0.934544 0.886057 0.961121 0.757044 0.851605 0.803887 0.847965 0.773028 0.801458 0.723048 0.919631 0.937635 0.996113 0.908087 0.873988 0.967622 0.695541 0.759466
0.915263 0.988323 0.795914 0.937513 0.851106 0.970736 0.974708 0.791742 0.828560 0.815568 0.790611 0.831246 0.882505 0.794577 0.581608 0.819891 0.887461 0.939128 0.926834 0.942369 0.969557 0.931431 0.750895 0.707840 0.798300 0.828016 0.000000 0.773761 0.921650 0.998973 0.864621 0.806415 0.982340 0.782331 0.996464 0.887243 0.917578 0.945617 0.958704 0.995382 0.994665 0.936119 0.873863 0.928924 0.827040 0.798098 0.969511 0.883178 0.838406 0.945307 0.922241 0.848601 0.721237 0.710302 0.965605 0.879322 0.971124 0.897010 0.894405 0.875522 0.932217 0.824146 0.932751 0.841474 0.733497 0.955975 0.991358 0.768871 0.953802 0.992811 0.928453 0.843537 0.933181 0.947016 0.935292 0.985722 0.885856 0.962054 0.960932 0.915086 0.968653 0.959348 0.807216 0.916105 0.826611 0.811237 0.851453 0.886452 0.947267 0.951374 0.899921 0.942606 0.981977 0.921585 0.908939 0.993313 0.888071 0.952856 0.878360 0.891447 0.840114 0.954818 0.886581 0.932284 0.732880 0.948762 0.879893 0.910813 0.891055 0.950017 0.895072 0.960841 0.947853 0.836582 0.779984 0.963783
0.837916 0.830797 0.823170 0.851722 0.757879 0.861063 0.919125 0.800799 0.988667 0.654398 0.930774 0.826830 0.886531 0.950113 0.873919 0.966519 0.950279 0.982504 0.972493 0.892501 0.794458 0.725654 0.924358 0.971747 0.614529 0.629635 0.773761 0.000000 0.853115 0.771966 0.980743 0.890495 0.929493 0.874244 0.944610 0.943823 0.708070 0.668833 0.996750 0.933948 0.869384 0.925693 0.887791 0.840585 0.819466 0.858862 0.971293 0.987175 0.882264 0.981049 0.930935 0.887289 0.846877 0.820149 0.986578 0.927389 0.742636 0.882183 0.934907 0.946595 0.837859 0.783136 0.858705 0.785824 0.797181 0.971049 0.956424 0.837141 0.645204 0.881147 0.873802 0.898919 0.905018 0.808961 0.902604 0.952195 0.936755 0.814378 0.852533 0.813030 0.995662 0.901629 0.892558 0.878789 0.972971 0.976052 0.963440 0.853882 0.912710 0.882389 0.959059 0.921604 0.853203 0.782955 0.936225 0.865267 0.855685 0.803542 0.938642 0.994993 0.901262 0.881155 0.806540 0.856814 0.781178 0.843231 0.907762 0.759979 0.892119 0.938883 0.942249 0.958802 0.961278 0.953219 0.720808 0.721020
0.861825 0.978984 0.935144 0.926329 0.901503 0.989003 0.826866 0.691828 0.887797 0.614205 0.797346 0.737940 0.921881 0.872396 0.976587 0.965131 0.756882 0.658201 0.830628 0.884250 0.879169 0.863608 0.997500 0.945528 0.666268 0.701617 0.921650 0.853115 0.000000 0.427761 0.967709 0.828142 0.909327 0.654411 0.897338 0.884821 0.809978 0.712307 0.914690 0.841025 0.952361 0.871017 0.794701 0.806091 0.959577 0.995761 0.846031 0.988403 0.970076 0.721606 0.670713 0.664881 0.832033 0.691754 0.885115 0.795201 0.977469 0.895794 0.999075 0.980777 0.642712 0.620938 0.571372 0.626345 0.889550 0.858543 0.959955 0.984783 0.708188 0.920457 0.810982 0.753016 0.999188 0.820183 0.914139 0.876316 0.967404 0.965803 0.835630 0.942156 0.727977 0.758279 0.833252 0.693387 0.905632 0.902849 0.935835 0.887515 0.977185 0.851683 0.785537 0.606958 0.709104 0.568357 0.901882 0.964206 0.823153 0.892154 0.994469 0.950630 0.989393 0.585638 0.927073 0.936071 0.815508 0.893534 0.868395 0.694015 0.990499 0.999128 0.918360 0.957085 0.933445 0.893218 0.801337 0.682916
0.876886 0.967919 0.840624 0.894683 0.896250 0.935318 0.850874 0.621214 0.941301 0.565879 0.792892 0.663838 0.978049 0.859197 0.920743 0.913122 0.760211 0.642846 0.815788 0.871265 0.787482 0.850464 0.963239 0.971575 0.649825 0.639773 0.998973 0.771966 0.427761 0.000000 0.914866 0.775734 0.845209 0.598367 0.911140 0.830603 0.788326 0.724759 0.955957 0.997801 0.993707 0.837687 0.841332 0.818024 0.920994 0.916499 0.830101 0.955615 0.858571 0.821081 0.793006 0.706546 0.828090 0.691482 0.783339 0.800965 0.957585 0.965224 0.945649 0.893326 0.657604 0.583117 0.552235 0.564850 0.825684 0.836695 0.953357 0.846766 0.654457 0.937963 0.888413 0.851737 0.889328 0.809410 0.978479 0.911711 0.924699 0.930638 0.853563 0.978436 0.734236 0.702585 0.808852 0.683305 0.909396 0.947742 0.982353 0.923756 0.948113 0.855047 0.756411 0.597370 0.717735 0.549153 0.864958 0.865119 0.871791 0.835813 0.934700 0.974021 0.960128 0.675686 0.868508 0.945355 0.891674 0.970164 0.726806 0.751580 0.930290 0.995146 0.967898 0.979802 0.914959 0.986861 0.853952 0.686471
0.950763 0.954587 0.769709 0.782033 0.914892 0.983246 0.791437 0.999086 0.834884 0.990523 0.800611 0.732955 0.929957 0.972182 0.785450 0.949199 0.907014 0.882615 0.900664 0.851435 0.989733 0.867532 0.572648 0.679663 0.790996 0.773703 0.864621 0.980743 0.967709 0.914866 0.000000 0.679308 0.702842 0.973058 0.847219 0.796153 0.995110 0.745416 0.960878 0.933207 0.852871 0.909784 0.938355 0.960840 0.852981 0.853101 0.937849 0.831657 0.811635 0.710562 0.698472 0.693933 0.707245 0.657076 0.969137 0.921158 0.863146 0.872664 0.997650 0.939529 0.984152 0.881589 0.991968 0.955780 0.673211 0.943671 0.775776 0.730244 0.887371 0.831448 0.688470 0.851159 0.812967 0.853225 0.876676 0.968823 0.967489 0.976346 0.875140 0.997724 0.871928 0.831429 0.772724 0.815727 0.584082 0.710254 0.858444 0.755967 0.974283 0.873256 0.839783 0.780391 0.780650 0.779199 0.857104 0.913066 0.918345 0.948517 0.825690 0.820102 0.909662 0.994403 0.860637 0.882106 0.892328 0.857059 0.947958 0.808373 0.941997 0.939453 0.877915 0.994164 0.939759 0.926290 0.871969 0.888201
0.818187 0.928460 0.995161 0.954021 0.815238 0.871439 0.985485 0.924200 0.898765 0.999085 0.740120 0.842439 0.955372 0.836347 0.739231 0.781646 0.891697 0.973661 0.790371 0.994963 0.836354 0.856884 0.539982 0.537772 0.953312 0.966878 0.806415 0.890495 0.828142 0.775734 0.679308 0.000000 0.928382 0.963559 0.964874 0.701684 0.768032 0.875462 0.941084 0.813655 0.830149 0.948761 0.912979 0.935295 0.922139 0.993037 0.936429 0.966057 0.965893 0.945730 0.965385 0.925315 0.726610 0.780373 0.983208 0.935006 0.910794 0.872070 0.680227 0.827425 0.926457 0.862512 0.962580 0.870263 0.863679 0.998593 0.861064 0.956896 0.784553 0.749745 0.815280 0.925489 0.757557 0.669885 0.862169 0.929383 0.896359 0.995458 0.950132 0.878680 0.873773 0.977277 0.706825 0.996546 0.708549 0.856433 0.824445 0.564679 0.787244 0.980819 0.952174 0.914780 0.958907 0.981342 0.967337 0.986448 0.897283 0.734886 0.936530 0.889961 0.897361 0.890621 0.729723 0.828601 0.984786 0.906575 0.958716 0.946821 0.955959 0.833894 0.894205 0.902286 0.926144 0.917291 0.956507 0.811433
0.563931 0.689787 0.545290 0.563257 0.958403 0.988901 0.500784 0.654200 0.755240 0.807351 0.767025 0.922987 0.992893 0.875499 0.952039 0.876519 0.694460 0.600891 0.708896 0.736552 0.763577 0.941458 0.909455 0.966063 0.825507 0.813128 0.982340 0.929493 0.909327 0.845209 0.702842 0.928382 0.000000 0.598053 0.725235 0.841844 0.854907 0.866206 0.934019 0.906704 0.708569 0.790464 0.788590 0.760993 0.701845 0.658699 0.757227 0.711315 0.815727 0.830296 0.852343 0.942879 0.952613 0.914988 0.799330 0.819396 0.570575 0.761579 0.704386 0.841991 0.612578 0.800932 0.704410 0.754099 0.695511 0.745492 0.488328 0.521682 0.895303 0.870539 0.899199 0.968563 0.895333 0.935670 0.996430 0.955327 0.818914 0.923375 0.692988 0.895971 0.582901 0.601031 0.935553 0.739039 0.647738 0.653206 0.880785 0.965651 0.846929 0.731525 0.658961 0.840757 0.675158 0.803120 0.798131 0.736985 0.605169 0.868554 0.651749 0.701911 0.885745 0.982707 0.827021 0.705226 0.932253 0.713398 0.827014 0.781497 0.851632 0.843383 0.917469 0.723129 0.753009 0.897705 0.950703 0.966924
0.579713 0.805956 0.814880 0.749352 0.966106 0.953878 0.542429 0.414901 0.849995 0.513365 0.507236 0.564682 0.852043 0.981036 0.733253 0.905823 0.624219 0.550422 0.697343 0.779766 0.942681 0.915620 0.881392 0.740670 0.779918 0.849473 0.782331 0.874244 0.654411 0.598367 0.973058 0.963559 0.598053 0.000000 0.810601 0.890116 0.977274 0.913405 0.992517 0.913509 0.722825 0.933851 0.897985 0.928338 0.739782 0.659171 0.786941 0.772283 0.783971 0.890588 0.840324 0.703761 0.727211 0.700106 0.671017 0.768802 0.786449 0.912493 0.763930 0.863154 0.444208 0.513394 0.451292 0.457895 0.974066 0.768841 0.683475 0.607559 0.960184 0.834463 0.913763 0.845241 0.984922 0.957129 0.954478 0.966995 0.977261 0.890763 0.795489 0.836247 0.556482 0.592510 0.988122 0.681315 0.835288 0.857785 0.928906 0.926806 0.931953 0.777101 0.842999 0.860514 0.879451 0.837233 0.786364 0.961533 0.829438 0.918568 0.615595 0.730132 0.869608 0.874385 0.794634 0.796336 0.924675 0.821868 0.731010 0.929214 0.836124 0.891630 0.844510 0.719552 0.797534 0.795368 0.806139 0.743460
0.674075 0.770292 0.559890 0.592116 0.937545 0.854997 0.635190 0.805421 0.769385 0.888682 0.797526 0.965503 0.922406 0.999759 0.996011 0.774730 0.752942 0.727104 0.714487 0.717350 0.806824 0.895085 0.881485 0.963139 0.845645 0.834916 0.996464 0.944610 0.897338 0.911140 0.847219 0.964874 0.725235 0.810601 0.000000 0.962323 0.844710 0.898666 0.992806 0.996837 0.705793 0.710141 0.805492 0.839461 0.707020 0.694145 0.852464 0.792978 0.783391 0.758724 0.769666 0.793530 0.829955 0.788963 0.907682 0.723928 0.695349 0.727351 0.792588 0.904119 0.796547 0.989502 0.806040 0.789111 0.705236 0.979874 0.659336 0.803154 0.698380 0.679878 0.772642 0.801860 0.942474 0.919710 0.967867 0.849531 0.935938 0.944169 0.812048 0.935839 0.697489 0.717616 0.883646 0.736545 0.680871 0.768005 0.968278 0.940314 0.973378 0.727306 0.666656 0.664397 0.614395 0.716077 0.837973 0.795065 0.700158 0.797405 0.658944 0.618396 0.987471 0.825320 0.719644 0.722715 0.870599 0.718222 0.969345 0.672152 0.896524 0.935083 0.889237 0.859307 0.913551 0.987249 0.887609 0.990116
0.935920 0.902317 0.900300 0.885509 0.952702 0.985200 0.908685 0.957934 0.934463 0.952255 0.979885 0.993838 0.982536 0.943930 0.904095 0.925177 0.933943 0.814472 0.863563 0.968948 0.969984 0.957334 0.856483 0.934752 0.828419 0.840200 0.887243 0.943823 0.884821 0.830603 0.796153 0.701684 0.841844 0.890116 0.962323 0.000000 0.922476 0.990964 0.969315 0.900628 0.978508 0.993766 0.829021 0.890501 0.851711 0.847851 0.867234 0.720643 0.810620 0.884875 0.938402 0.966981 0.889082 0.901526 0.866114 0.909113 0.864056 0.952886 0.989874 0.969951 0.986851 0.944697 0.907153 0.996558 0.803592 0.962264 0.900425 0.829787 0.867208 0.923477 0.920620 0.970605 0.988091 0.987765 0.993839 0.988750 0.881847 0.843911 0.817232 0.896337 0.903019 0.889422 0.812319 0.864069 0.795879 0.850200 0.960324 0.844436 0.988986 0.887152 0.964123 0.960995 0.973468 0.994270 0.792414 0.980624 0.984578 0.878208 0.849988 0.939269 0.996238 0.903731 0.933107 0.941332 0.936549 0.917853 0.885027 0.911770 0.992909 0.979566 0.964258 0.928187 0.923536 0.989894 0.990009 0.938988
0.775715 0.795236 0.734737 0.844632 0.910204 0.915166 0.994286 0.879085 0.996049 0.749350 0.907837 0.894231 0.943620 0.816377 0.908722 0.925843 0.810025 0.822587 0.929473 0.802215 0.722650 0.820566 0.926547 0.824831 0.699219 0.624003 0.917578 0.708070 0.809978 0.788326 0.995110 0.768032 0.854907 0.977274 0.844710 0.922476 0.000000 0.634642 0.849774 0.775501 0.781979 0.784744 0.906829 0.885038 0.847192 0.879562 0.889987 0.934477 0.997390 0.880330 0.791243 0.746109 0.853070 0.837435 0.843969 0.840247 0.640738 0.609702 0.696307 0.791025 0.918813 0.887300 0.937412 0.980594 0.749426 0.986645 0.789886 0.922055 0.689250 0.777642 0.973470 0.937309 0.982781 0.857698 0.860539 0.820499 0.990797 0.857556 0.710798 0.857834 0.850629 0.893432 0.925195 0.841830 0.915143 0.887683 0.945909 0.846307 0.729954 0.694735 0.943122 0.991657 0.912196 0.830209 0.955921 0.847708 0.768763 0.892889 0.976150 0.964372 0.980198 0.821073 0.753680 0.888796 0.784820 0.722866 0.883060 0.726609 0.972715 0.817150 0.886837 0.969505 0.979606 0.929277 0.711003 0.826374
0.860140 0.866620 0.865719 0.956042 0.714446 0.873835 0.890194 0.719825 0.879957 0.671147 0.921086 0.716925 0.888642 0.828862 0.970938 0.893865 0.951363 0.956653 0.863383 0.921875 0.790772 0.815935 0.956616 0.944426 0.667253 0.633134 0.945617 0.668833 0.712307 0.724759 0.745416 0.875462 0.866206 0.913405 0.898666 0.990964 0.634642 0.000000 0.953171 0.920874 0.818780 0.713514 0.841175 0.850387 0.936554 0.995030 0.947116 0.912913 0.881530 0.694124 0.640153 0.636644 0.822111 0.751214 0.948627 0.966363 0.705064 0.772942 0.796209 0.850421 0.728543 0.725738 0.787342 0.803848 0.923400 0.873702 0.842479 0.928318 0.700230 0.942333 0.874907 0.864065 0.960988 0.927153 0.798322 0.986928 0.884098 0.909213 0.966022 0.916300 0.958458 0.956326 0.965030 0.994162 0.976702 0.990967 0.934434 0.996329 0.806980 0.912805 0.918202 0.822402 0.809715 0.728009 0.997080 0.894195 0.763198 0.853370 0.997570 0.912935 0.979178 0.810058 0.906261 0.797272 0.829162 0.755969 0.778109 0.639117 0.977709 0.844122 0.998787 0.925887 0.980707 0.975611 0.764632 0.785136
