0.000000 0.214817 0.844901 0.827388 0.765709 0.778868 0.798926 0.285203 0.934115 0.433245 0.267025 0.237702 0.440292 0.355899 0.644625 0.715766 0.277938 0.255490 0.395464 0.320324 0.917724 0.972820 0.912905 0.825611 0.645412 0.917022 0.792926 0.965330 0.303031 0.336359 0.726191 0.745957 0.563369 0.437946 0.850879 0.701673 0.898585 0.956216 0.960174 0.851336 0.706282 0.861919 0.559166 0.463602 0.692832 0.439704 0.466486 0.490676 0.236371 0.301676 0.418043 0.382729 0.524104 0.609664 0.714806 0.628026 0.372948 0.345360 0.373435 0.325415 0.474001 0.319085 0.263137 0.238925 0.568620 0.902783 0.917348 0.952954 0.760096 0.628796 0.755487 0.814644 0.549165 0.572799 0.854891 0.826253 0.483404 0.656640 0.553917 0.407497 0.290622 0.309621 0.581994 0.743537 0.744030 0.867709 0.628311 0.809507 0.911507 0.708372 0.776878 0.792033 0.874820 0.575445 0.975207 0.865449 0.781230 0.794916 0.525169 0.636185 0.650954 0.890624 0.461978 0.644362 0.871268 0.824798 0.948350 0.956228 0.713286 0.960983 0.994081 0.747692 0.539704 0.991710 0.749523 0.839931
0.214817 0.000000 0.720650 0.961408 0.723695 0.877923 0.977316 0.391449 0.803252 0.521361 0.361233 0.300040 0.587155 0.460479 0.793405 0.816921 0.297973 0.277527 0.427000 0.302561 0.926276 0.903875 0.856084 0.794033 0.718192 0.881453 0.767478 0.965832 0.329798 0.390918 0.811607 0.816009 0.667725 0.525776 0.818962 0.761115 0.911478 0.952858 0.992289 0.834696 0.636343 0.879092 0.714859 0.574134 0.799027 0.529441 0.541922 0.607814 0.274226 0.346340 0.506518 0.471763 0.600622 0.704769 0.750140 0.677955 0.294123 0.237308 0.502164 0.368147 0.655932 0.416689 0.370394 0.307053 0.449435 0.741343 0.747983 0.914837 0.694664 0.571366 0.868713 0.918139 0.577644 0.662005 0.883718 0.857123 0.549021 0.696350 0.589803 0.405672 0.308518 0.295492 0.669141 0.702472 0.796717 0.908013 0.630726 0.853913 0.794514 0.793830 0.925753 0.674428 0.777779 0.520290 0.888772 0.872882 0.831541 0.721681 0.655178 0.786350 0.752733 0.996172 0.547002 0.754720 0.948858 0.965460 0.924288 0.936538 0.741221 0.983372 0.972123 0.855897 0.600698 0.987053 0.883255 0.852870
0.844901 0.720650 0.000000 0.435674 0.795989 0.984509 0.418009 0.904742 0.684798 0.904923 0.904705 0.750717 0.901141 0.826289 0.857733 0.989183 0.923667 0.914811 0.939897 0.806956 0.917646 0.961565 0.626735 0.890618 0.699692 0.467320 0.993904 0.941000 0.963114 0.980618 0.575223 0.692190 0.629697 0.853764 0.494840 0.750498 0.905413 0.817990 0.836691 0.894266 0.889889 0.792538 0.754141 0.810339 0.586749 0.772365 0.946211 0.735950 0.916649 0.897042 0.887721 0.989989 0.863867 0.842320 0.873570 0.956711 0.846663 0.704075 0.927607 0.713048 0.746445 0.920202 0.906603 0.862143 0.392675 0.732278 0.429520 0.505893 0.908179 0.866942 0.979866 0.915074 0.993220 0.848286 0.877874 0.904842 0.997791 0.804712 0.940879 0.962608 0.965149 0.811364 0.990764 0.889062 0.776836 0.970928 0.625231 0.912059 0.659304 0.991598 0.765848 0.613363 0.577029 0.643621 0.751206 0.980745 0.879796 0.701067 0.827255 0.740300 0.857873 0.625423 0.944720 0.690181 0.598999 0.667372 0.921885 0.863962 0.980317 0.956619 0.742294 0.884197 0.751046 0.871873 0.755265 0.911083
0.827388 0.961408 0.435674 0.000000 0.916097 0.926423 0.492106 0.665635 0.865317 0.742247 0.821507 0.881163 0.761815 0.836758 0.713492 0.856835 0.830177 0.827427 0.788979 0.800459 0.953144 0.925382 0.594898 0.796977 0.872786 0.665906 0.916286 0.900991 0.791820 0.819934 0.650637 0.713908 0.568527 0.714837 0.802208 0.932260 0.939238 0.853238 0.811813 0.954050 0.933985 0.889503 0.735106 0.738248 0.622665 0.668281 0.869569 0.643640 0.802026 0.833416 0.768117 0.829291 0.782650 0.826128 0.802675 0.911019 0.889276 0.983880 0.797551 0.993140 0.667882 0.740784 0.842092 0.864950 0.642364 0.713434 0.620521 0.674340 0.846369 0.883885 0.903852 0.902316 0.831093 0.842056 0.849980 0.987044 0.805380 0.856057 0.800658 0.913240 0.834589 0.848790 0.775625 0.752209 0.612819 0.744542 0.764149 0.821956 0.809121 0.784440 0.801117 0.834458 0.685019 0.865138 0.801106 0.911683 0.788626 0.838143 0.752903 0.779039 0.880473 0.745776 0.863866 0.745972 0.654928 0.738038 0.934142 0.904864 0.913039 0.961551 0.823322 0.959493 0.731860 0.999333 0.942007 0.877398
0.765709 0.723695 0.795989 0.916097 0.000000 0.846469 0.975942 0.849578 0.793349 0.865741 0.799916 0.810189 0.886467 0.877061 0.873909 0.916192 0.733261 0.743452 0.719272 0.734842 0.943829 0.891239 0.815188 0.806869 0.979405 0.867420 0.831210 0.833430 0.824268 0.864604 0.970517 0.873295 0.988812 0.878708 0.945470 0.925799 0.900190 0.974121 0.952858 0.939535 0.843741 0.866727 0.965478 0.939426 0.910518 0.888801 0.940375 0.956370 0.871974 0.920583 0.966175 0.976485 0.981490 0.989507 0.810418 0.815908 0.724473 0.724117 0.904911 0.987388 0.967030 0.943418 0.840835 0.806935 0.730357 0.736883 0.869890 0.891130 0.878052 0.824214 0.813221 0.891880 0.921138 0.928094 0.965880 0.956862 0.791227 0.820821 0.812192 0.837524 0.761330 0.691745 0.866403 0.764876 0.887660 0.843466 0.863161 0.945637 0.801222 0.846623 0.873200 0.729977 0.778276 0.703406 0.980651 0.918198 0.853415 0.949835 0.925571 0.965446 0.950897 0.839345 0.792745 0.874554 0.987964 0.974539 0.833148 0.850576 0.977053 0.985629 0.930246 0.867621 0.913392 0.956634 0.874870 0.725194
0.778868 0.877923 0.984509 0.926423 0.846469 0.000000 0.730777 0.628679 0.734965 0.755204 0.753556 0.734890 0.744228 0.721876 0.769223 0.706556 0.891760 0.871239 0.848001 0.898389 0.855723 0.950572 0.867726 0.972775 0.647509 0.965257 0.789339 0.997086 0.758733 0.747423 0.855564 0.798735 0.762175 0.835008 0.974770 0.831152 0.961239 0.994860 0.962490 0.955325 0.941030 0.897927 0.574806 0.637164 0.811249 0.750569 0.787656 0.776567 0.744816 0.615443 0.564809 0.565233 0.620225 0.545410 0.891735 0.796027 0.931741 0.919963 0.748750 0.701343 0.716347 0.646058 0.718449 0.729532 0.844755 0.707894 0.831233 0.766060 0.692726 0.957139 0.745980 0.780023 0.823762 0.671017 0.794416 0.858146 0.629295 0.785501 0.845389 0.718675 0.782979 0.945074 0.960705 0.907306 0.886912 0.936778 0.945346 0.725236 0.897293 0.999069 0.592653 0.692705 0.726323 0.805734 0.913817 0.854680 0.850950 0.950017 0.678500 0.634817 0.577627 0.721203 0.745038 0.699601 0.806157 0.667044 0.671153 0.708244 0.706820 0.986650 0.901644 0.712204 0.814089 0.868705 0.794458 0.965805
0.798926 0.977316 0.418009 0.492106 0.975942 0.730777 0.000000 0.499546 0.636111 0.476408 0.663614 0.837913 0.535757 0.796507 0.615344 0.791779 0.694253 0.701831 0.639959 0.890697 0.952261 0.982761 0.777308 0.938220 0.940740 0.752683 0.787477 0.983653 0.684617 0.607976 0.467952 0.505933 0.374180 0.487411 0.691211 0.982785 0.866169 0.747518 0.813078 0.953237 0.823295 0.873437 0.353251 0.409684 0.295020 0.444493 0.642356 0.426730 0.719823 0.730609 0.486406 0.602340 0.504913 0.497448 0.655082 0.670109 0.941288 0.896617 0.734220 0.965606 0.381427 0.691880 0.660363 0.688392 0.758376 0.766668 0.306546 0.337940 0.883669 0.978089 0.621888 0.562809 0.622679 0.551726 0.837305 0.903356 0.590055 0.548504 0.570381 0.708560 0.663577 0.901022 0.791078 0.735862 0.885795 0.869282 0.827229 0.881783 0.846522 0.848386 0.545266 0.554008 0.617033 0.709504 0.788259 0.783449 0.641674 0.716499 0.468386 0.356342 0.497618 0.483188 0.558470 0.389406 0.594002 0.523099 0.886233 0.711390 0.770831 0.903189 0.708017 0.571426 0.526448 0.761154 0.610136 0.969197
0.285203 0.391449 0.904742 0.665635 0.849578 0.628679 0.499546 0.000000 0.880239 0.311519 0.301371 0.324327 0.399304 0.369136 0.564320 0.658588 0.363545 0.342963 0.408283 0.419454 0.945101 0.998682 0.946038 0.879401 0.676472 0.968106 0.740153 0.988637 0.342029 0.361800 0.589044 0.618443 0.452153 0.399179 0.960670 0.742014 0.871997 0.903871 0.908142 0.964622 0.749532 0.844546 0.394209 0.363011 0.493474 0.358660 0.476122 0.406907 0.281280 0.300657 0.299322 0.308605 0.390052 0.439207 0.691233 0.600610 0.558876 0.586020 0.391812 0.502708 0.375225 0.297517 0.300392 0.291680 0.731760 0.933589 0.764763 0.728450 0.913042 0.698517 0.579653 0.670884 0.420178 0.409256 0.753141 0.814189 0.365492 0.526343 0.555733 0.436188 0.310394 0.430438 0.625358 0.751033 0.768530 0.982948 0.792749 0.790986 0.980384 0.718403 0.574245 0.862920 0.832046 0.880891 0.864954 0.784792 0.676592 0.932820 0.364929 0.391801 0.478316 0.677303 0.369712 0.425106 0.720463 0.606813 0.902540 0.785230 0.617544 0.928546 0.780129 0.565726 0.464602 0.807039 0.641379 0.884999
0.934115 0.803252 0.684798 0.865317 0.793349 0.734965 0.636111 0.880239 0.000000 0.822842 0.965103 0.922217 0.868705 0.959148 0.813397 0.913887 0.952224 0.912011 0.953465 0.829416 0.970133 0.994645 0.953949 0.919756 0.991112 0.794022 0.991461 0.937696 0.998583 0.954062 0.771928 0.732685 0.848217 0.975925 0.746946 0.916614 0.935770 0.912029 0.973826 0.998596 0.955598 0.961353 0.707731 0.844638 0.770001 0.890236 0.890237 0.780975 0.954794 0.924858 0.733858 0.748328 0.682842 0.665263 0.891876 0.739982 0.711780 0.657355 0.988489 0.918886 0.791782 0.834538 0.961665 0.966695 0.773644 0.654963 0.689943 0.758764 0.753848 0.903118 0.865225 0.807224 0.869038 0.784600 0.856408 0.992859 0.781219 0.819180 0.961446 0.930570 0.987710 0.857761 0.934099 0.790957 0.973325 0.953882 0.641338 0.883913 0.750379 0.934434 0.578953 0.536168 0.562890 0.635485 0.888204 0.939059 0.879278 0.819207 0.673447 0.628490 0.719463 0.733194 0.826781 0.734559 0.770388 0.778581 0.891305 0.692869 0.885599 0.958687 0.979028 0.771631 0.746323 0.929793 0.795433 0.924449
0.433245 0.521361 0.904923 0.742247 0.865741 0.755204 0.476408 0.311519 0.822842 0.000000 0.341764 0.410699 0.418854 0.455512 0.526275 0.655800 0.338448 0.335317 0.419750 0.516338 0.830934 0.948244 0.839597 0.969328 0.750902 0.952405 0.700310 0.950289 0.342667 0.314525 0.489974 0.533443 0.406528 0.408717 0.958205 0.871195 0.754255 0.801634 0.988744 0.930620 0.725486 0.796995 0.398324 0.375155 0.429499 0.355216 0.485083 0.394752 0.381705 0.513956 0.424321 0.508239 0.511245 0.611549 0.687163 0.612903 0.589598 0.681700 0.453900 0.723583 0.386888 0.405568 0.359333 0.303875 0.794774 0.972719 0.709705 0.677578 0.883643 0.778707 0.561007 0.486987 0.475826 0.478539 0.801169 0.897492 0.487852 0.510705 0.500652 0.423697 0.293240 0.431386 0.583800 0.644950 0.740165 0.946831 0.977427 0.903876 0.988038 0.655866 0.724612 0.992139 0.973156 0.824632 0.972630 0.794776 0.619346 0.953336 0.453595 0.404632 0.586506 0.758624 0.418525 0.436136 0.723852 0.713896 0.977292 0.832391 0.642468 0.936715 0.845155 0.575392 0.562132 0.839030 0.717579 0.836022
0.267025 0.361233 0.904705 0.821507 0.799916 0.753556 0.663614 0.301371 0.965103 0.341764 0.000000 0.243407 0.314116 0.316762 0.531880 0.588890 0.277300 0.254867 0.335476 0.395888 0.951048 0.986116 0.985585 0.850558 0.586170 0.869553 0.791256 0.977154 0.289657 0.279979 0.729975 0.748335 0.483248 0.450604 0.823713 0.822783 0.892125 0.975701 0.924016 0.847028 0.677929 0.822866 0.499737 0.461608 0.666373 0.466670 0.500737 0.505418 0.326729 0.379749 0.427105 0.415814 0.524042 0.566509 0.708695 0.651487 0.521862 0.514766 0.357013 0.464135 0.374425 0.326600 0.242463 0.219540 0.608306 0.954747 0.886186 0.846688 0.854661 0.748650 0.688304 0.650083 0.441930 0.468939 0.845708 0.779748 0.478240 0.580525 0.466018 0.448421 0.310365 0.356933 0.598644 0.744388 0.819370 0.911973 0.733734 0.878155 0.884056 0.705268 0.702733 0.909431 0.928505 0.665479 0.933327 0.783013 0.707363 0.837042 0.489863 0.537043 0.578470 0.786515 0.492962 0.521289 0.813416 0.799643 0.978925 0.935387 0.717778 0.862355 0.976346 0.700564 0.592763 0.912011 0.723343 0.826395
0.237702 0.300040 0.750717 0.881163 0.810189 0.734890 0.837913 0.324327 0.922217 0.410699 0.243407 0.000000 0.382866 0.246657 0.538361 0.555852 0.300431 0.267242 0.363894 0.320114 0.993317 0.933815 0.978371 0.986927 0.540351 0.731317 0.820786 0.989883 0.333947 0.329094 0.797821 0.823362 0.601587 0.481366 0.701510 0.664621 0.894563 0.979504 0.909183 0.860359 0.766997 0.907295 0.600516 0.527748 0.773425 0.523564 0.554785 0.570827 0.293050 0.331635 0.464721 0.427812 0.562955 0.638863 0.811675 0.690296 0.489764 0.439426 0.438136 0.394201 0.531365 0.299688 0.255078 0.229585 0.479845 0.948704 0.916739 0.978236 0.799354 0.698090 0.643262 0.693800 0.485470 0.524009 0.841192 0.813860 0.440605 0.617185 0.581377 0.432857 0.328562 0.327403 0.625553 0.811315 0.787826 0.793027 0.696157 0.933327 0.841765 0.726882 0.813336 0.780088 0.800071 0.568882 0.885433 0.743971 0.858311 0.733910 0.565920 0.659896 0.667310 0.914101 0.521317 0.656722 0.906051 0.870572 0.933274 0.976184 0.681258 0.910922 0.983314 0.811269 0.651064 0.990086 0.771881 0.806208
0.440292 0.587155 0.901141 0.761815 0.886467 0.744228 0.535757 0.399304 0.868705 0.418854 0.314116 0.382866 0.000000 0.387731 0.365599 0.455058 0.420004 0.404482 0.420189 0.597776 0.927365 0.992036 0.797263 0.969835 0.670185 0.866701 0.925678 0.919438 0.418680 0.335311 0.610862 0.667499 0.439237 0.476102 0.906448 0.835982 0.925594 0.882609 0.980378 0.925255 0.830874 0.879471 0.450953 0.420796 0.634639 0.485007 0.500140 0.505852 0.484183 0.447463 0.478603 0.464470 0.531807 0.555509 0.799796 0.762695 0.622961 0.683125 0.408685 0.560102 0.385243 0.508372 0.299117 0.318115 0.816592 0.939936 0.673477 0.734872 0.965253 0.880274 0.581967 0.615016 0.535953 0.535548 0.838342 0.824154 0.476419 0.447797 0.520855 0.527452 0.477692 0.538532 0.588238 0.838059 0.889552 0.957801 0.894962 0.899093 0.983442 0.795417 0.676877 0.971806 0.963914 0.793364 0.962553 0.705846 0.684711 0.898092 0.474086 0.497881 0.531817 0.741433 0.428534 0.461541 0.626855 0.640326 0.991047 0.871480 0.711833 0.794146 0.929998 0.714443 0.553520 0.831371 0.590436 0.842210
0.355899 0.460479 0.826289 0.836758 0.877061 0.721876 0.796507 0.369136 0.959148 0.455512 0.316762 0.246657 0.387731 0.000000 0.426377 0.411744 0.413957 0.381345 0.399543 0.411972 0.977965 0.999140 0.790078 0.838597 0.553157 0.711713 0.859237 0.891632 0.361758 0.339489 0.718600 0.768204 0.561349 0.467014 0.753457 0.671819 0.886960 0.964597 0.848914 0.869690 0.855888 0.847230 0.615447 0.562587 0.774488 0.535921 0.627331 0.610938 0.408066 0.379296 0.497546 0.477015 0.620904 0.664721 0.882774 0.819127 0.640886 0.583433 0.504695 0.503959 0.576426 0.353585 0.288573 0.298548 0.554952 0.974856 0.966577 0.990680 0.850521 0.760792 0.587598 0.675196 0.492543 0.498392 0.739848 0.761111 0.511885 0.636980 0.635608 0.538984 0.429852 0.413859 0.662389 0.860091 0.735587 0.683712 0.752713 0.993753 0.847247 0.754370 0.851193 0.811994 0.805441 0.577401 0.974834 0.810047 0.939205 0.671493 0.646831 0.656336 0.687648 0.875722 0.599669 0.599950 0.832335 0.817535 0.970794 0.957342 0.673867 0.935416 0.941842 0.827061 0.705849 0.993150 0.825571 0.831296
0.644625 0.793405 0.857733 0.713492 0.873909 0.769223 0.615344 0.564320 0.813397 0.526275 0.531880 0.538361 0.365599 0.426377 0.000000 0.343364 0.581683 0.576240 0.519521 0.695935 0.997300 0.997806 0.526191 0.742794 0.750608 0.898465 0.969036 0.879877 0.520898 0.404822 0.495463 0.566368 0.461223 0.460544 0.947644 0.821114 0.906997 0.952660 0.984722 0.989494 0.882469 0.892099 0.582975 0.544401 0.677868 0.516655 0.717575 0.564976 0.631941 0.573887 0.636069 0.626894 0.661195 0.730683 0.924396 0.900335 0.768647 0.791410 0.620080 0.736625 0.571312 0.560800 0.410727 0.467835 0.993209 0.940371 0.644007 0.747678 0.966214 0.848171 0.594160 0.646509 0.647984 0.709327 0.849355 0.894938 0.571412 0.602431 0.661207 0.647386 0.586958 0.672664 0.628007 0.872760 0.690310 0.657815 0.907938 0.863220 0.933347 0.745523 0.890540 0.959423 0.910880 0.783847 0.889436 0.768591 0.879191 0.791334 0.711519 0.672037 0.676999 0.813141 0.692498 0.527724 0.735135 0.741942 0.998745 0.917252 0.753667 0.910605 0.986127 0.874983 0.722452 0.796741 0.697930 0.892767
0.715766 0.816921 0.989183 0.856835 0.916192 0.706556 0.791779 0.658588 0.913887 0.655800 0.588890 0.555852 0.455058 0.411744 0.343364 0.000000 0.680584 0.681643 0.581271 0.785586 0.990327 0.935094 0.605771 0.654317 0.672529 0.729587 0.973697 0.900157 0.619633 0.481229 0.631904 0.740412 0.625166 0.641537 0.852175 0.889216 0.921964 0.850975 0.962547 0.972660 0.961224 0.994550 0.650483 0.630729 0.874612 0.707679 0.780228 0.699027 0.712731 0.665352 0.745972 0.736390 0.842342 0.860349 0.973010 0.906638 0.857442 0.867453 0.693721 0.726082 0.725273 0.660350 0.495041 0.528109 0.836447 0.974281 0.836322 0.878401 0.924414 0.893721 0.604996 0.684504 0.755137 0.681715 0.826391 0.848894 0.716641 0.591166 0.760483 0.691648 0.688093 0.710687 0.804237 0.962092 0.773652 0.632121 0.998966 0.896171 0.964422 0.894190 0.999447 0.857401 0.817359 0.717264 0.969448 0.786479 0.929804 0.711907 0.874219 0.830479 0.750069 0.913431 0.742031 0.649079 0.825714 0.732621 0.916089 0.982771 0.760490 0.860781 0.995000 0.983129 0.804255 0.856708 0.785020 0.906231
0.277938 0.297973 0.923667 0.830177 0.733261 0.891760 0.694253 0.363545 0.952224 0.338448 0.277300 0.300431 0.420004 0.413957 0.581683 0.680584 0.000000 0.185583 0.315775 0.335510 0.841245 0.879986 0.959173 0.823944 0.699299 0.815604 0.733487 0.964922 0.278421 0.234633 0.651097 0.635199 0.435857 0.347755 0.868012 0.924895 0.796270 0.915523 0.975741 0.760128 0.621131 0.808793 0.533273 0.426314 0.580764 0.387381 0.458948 0.455359 0.306007 0.469725 0.517285 0.565022 0.625408 0.726498 0.674792 0.651349 0.318508 0.372469 0.486181 0.582395 0.507476 0.451506 0.272402 0.225127 0.583773 0.749150 0.943897 0.849556 0.757088 0.662017 0.699850 0.629291 0.481525 0.571217 0.869309 0.911745 0.503650 0.535775 0.433317 0.381173 0.221443 0.276935 0.530877 0.552894 0.722931 0.885012 0.770396 0.982434 0.811449 0.717061 0.969231 0.733636 0.779233 0.539234 0.902660 0.768113 0.759894 0.792017 0.554855 0.614429 0.737606 0.927893 0.505666 0.566526 0.867087 0.863695 0.825819 0.951289 0.725146 0.874605 0.941439 0.747347 0.547561 0.936194 0.763630 0.797345
0.255490 0.277527 0.914811 0.827427 0.743452 0.871239 0.701831 0.342963 0.912011 0.335317 0.254867 0.267242 0.404482 0.381345 0.576240 0.681643 0.185583 0.000000 0.290233 0.313239 0.877483 0.879381 0.983477 0.867627 0.706099 0.845218 0.691869 0.971022 0.250492 0.239475 0.654927 0.666411 0.442324 0.363893 0.885046 0.840566 0.834517 0.921690 0.977402 0.809816 0.596759 0.824462 0.532411 0.415692 0.601748 0.388604 0.508862 0.429305 0.301796 0.432167 0.483447 0.507975 0.575790 0.660223 0.641823 0.621870 0.329030 0.364450 0.474153 0.549448 0.475947 0.431553 0.256633 0.215253 0.572134 0.778998 0.949328 0.869809 0.748189 0.690074 0.696823 0.622691 0.467866 0.517009 0.880195 0.842876 0.458113 0.530447 0.427311 0.359861 0.230237 0.276060 0.551736 0.611331 0.757335 0.907271 0.759670 0.983765 0.797350 0.760495 0.905027 0.754869 0.779133 0.556450 0.911253 0.759886 0.765551 0.823453 0.537963 0.574791 0.713294 0.882235 0.479743 0.577126 0.802043 0.890112 0.868391 0.995142 0.759813 0.921092 0.913314 0.749850 0.516780 0.902153 0.758841 0.856148
0.395464 0.427000 0.939897 0.788979 0.719272 0.848001 0.639959 0.408283 0.953465 0.419750 0.335476 0.363894 0.420189 0.399543 0.519521 0.581271 0.315775 0.290233 0.000000 0.341349 0.902588 0.917031 0.828944 0.978046 0.737817 0.783920 0.814112 0.840720 0.329040 0.297952 0.636004 0.652943 0.437342 0.402611 0.839442 0.828982 0.886056 0.917489 0.985251 0.956958 0.687897 0.890356 0.614752 0.512829 0.631348 0.477321 0.545061 0.496178 0.419594 0.453028 0.537448 0.569235 0.658401 0.699651 0.631867 0.643245 0.436702 0.496192 0.585276 0.694383 0.600193 0.482397 0.354492 0.335170 0.612351 0.753926 0.909355 0.891190 0.721988 0.605705 0.601600 0.675524 0.473320 0.491791 0.865829 0.835532 0.447033 0.596472 0.463709 0.381290 0.314864 0.353943 0.554416 0.565656 0.745204 0.881492 0.825662 0.899536 0.812242 0.772306 0.932857 0.791828 0.793745 0.640100 0.896661 0.686597 0.808078 0.762593 0.677650 0.670634 0.717623 0.912937 0.553392 0.547519 0.815489 0.816418 0.987925 0.897179 0.770358 0.967691 0.995445 0.802773 0.603363 0.835384 0.903709 0.749816
0.320324 0.302561 0.806956 0.800459 0.734842 0.898389 0.890697 0.419454 0.829416 0.516338 0.395888 0.320114 0.597776 0.411972 0.695935 0.785586 0.335510 0.313239 0.341349 0.000000 0.905014 0.945036 0.888772 0.987109 0.759666 0.855533 0.861070 0.901448 0.349565 0.387419 0.793180 0.762870 0.612313 0.494813 0.758907 0.744923 0.910622 0.869838 0.972116 0.832643 0.641320 0.825360 0.811198 0.679453 0.806207 0.569412 0.652253 0.629254 0.359699 0.407740 0.595775 0.580748 0.702473 0.780466 0.734977 0.696801 0.401432 0.364502 0.625500 0.598404 0.771139 0.426725 0.444948 0.401283 0.494441 0.765319 0.792209 0.880039 0.556213 0.508844 0.768979 0.918521 0.492117 0.572448 0.861296 0.902698 0.502415 0.729922 0.612098 0.456335 0.315052 0.256824 0.494247 0.595063 0.687524 0.779800 0.727639 0.903052 0.694121 0.788220 0.970783 0.665625 0.753373 0.536385 0.866863 0.850082 0.927337 0.752074 0.767973 0.846742 0.860321 0.980006 0.689683 0.802525 0.941232 0.999795 0.973322 0.887224 0.850420 0.975247 0.949409 0.890451 0.702452 0.933105 0.957510 0.760757
0.917724 0.926276 0.917646 0.953144 0.943829 0.855723 0.952261 0.945101 0.970133 0.830934 0.951048 0.993317 0.927365 0.977965 0.997300 0.990327 0.841245 0.877483 0.902588 0.905014 0.000000 0.962753 0.978641 0.996873 0.978054 0.955850 0.890717 0.955971 0.923540 0.937416 0.781847 0.850974 0.927576 0.894217 0.937698 0.894771 0.810604 0.931659 0.781719 0.826258 0.870671 0.939598 0.883058 0.795183 0.831301 0.814759 0.826901 0.814170 0.874474 0.949437 0.991102 0.926655 0.868699 0.843958 0.850781 0.877377 0.822016 0.920943 0.995998 0.934244 0.989590 0.993929 0.946088 0.935734 0.941697 0.900219 0.936283 0.949072 0.891084 0.869613 0.959923 0.882852 0.994514 0.947814 0.875990 0.958695 0.949604 0.918937 0.991174 0.804996 0.819290 0.837511 0.817517 0.783648 0.780076 0.970867 0.949044 0.974711 0.981198 0.944187 0.812217 0.896460 0.895765 0.893564 0.971128 0.947796 0.913678 0.956102 0.944800 0.969589 0.989356 0.932053 0.881363 0.904191 0.948536 0.883554 0.840433 0.914201 0.969905 0.784911 0.921147 0.980404 0.958056 0.974483 0.950746 0.955978
0.972820 0.903875 0.961565 0.925382 0.891239 0.950572 0.982761 0.998682 0.994645 0.948244 0.986116 0.933815 0.992036 0.999140 0.997806 0.935094 0.879986 0.879381 0.917031 0.945036 0.962753 0.000000 0.958914 0.895740 0.915258 0.987923 0.846427 0.874635 0.968069 0.901584 0.953952 0.961698 0.970691 0.879962 0.997291 0.738311 0.923281 0.728310 0.896840 0.986560 0.905651 0.816278 0.951999 0.942562 0.905309 0.933211 0.890174 0.888703 0.885987 0.986289 0.946369 0.996251 0.992949 0.989367 0.955857 0.941582 0.981214 0.982749 0.843254 0.989966 0.987975 0.958814 0.984622 0.944484 0.928484 0.991360 0.991075 0.966812 0.924866 0.890679 0.966329 0.928766 0.941586 0.901618 0.981681 0.943100 0.955078 0.944126 0.875676 0.930525 0.873563 0.905638 0.925807 0.882393 0.880125 0.922664 0.984502 0.898769 0.967193 0.930059 0.929840 0.881076 0.898251 0.953350 0.896647 0.838830 0.901639 0.886146 0.956900 0.975878 0.955934 0.903643 0.964748 0.892507 0.891661 0.992806 0.909142 0.831204 0.882350 0.954345 0.922398 0.928647 0.921577 0.895092 0.882562 0.963562
0.912905 0.856084 0.626735 0.594898 0.815188 0.867726 0.777308 0.946038 0.953949 0.839597 0.985585 0.978371 0.797263 0.790078 0.526191 0.605771 0.959173 0.983477 0.828944 0.888772 0.978641 0.958914 0.000000 0.385569 0.815979 0.953535 0.761246 0.772134 0.888598 0.815879 0.609834 0.720386 0.690860 0.816705 0.980304 0.973666 0.838694 0.985272 0.939629 0.917001 0.979775 0.848351 0.918535 0.971131 0.916155 0.888726 0.971262 0.941025 0.958043 0.984097 0.949768 0.896841 0.909769 0.847081 0.852105 0.799953 0.998739 0.948737 0.934840 0.785856 0.935577 0.989819 0.955539 0.996736 0.747975 0.973386 0.788091 0.988811 0.829822 0.855838 0.796194 0.974917 0.900919 0.915025 0.874475 0.907208 0.981951 0.858298 0.949422 0.994952 0.954381 0.890044 0.761288 0.866776 0.534450 0.483186 0.667680 0.527431 0.885546 0.895573 0.768090 0.871125 0.914963 0.877353 0.843476 0.986316 0.997290 0.812029 0.818428 0.900882 0.876045 0.919432 0.887578 0.860763 0.817487 0.890798 0.951902 0.859057 0.980070 0.997336 0.930591 0.845569 0.962583 0.912920 0.944506 0.898662
0.825611 0.794033 0.890618 0.796977 0.806869 0.972775 0.938220 0.879401 0.919756 0.969328 0.850558 0.986927 0.969835 0.838597 0.742794 0.654317 0.823944 0.867627 0.978046 0.987109 0.996873 0.895740 0.385569 0.000000 0.918449 0.927565 0.890907 0.747311 0.945965 0.993019 0.861705 0.965777 0.998996 0.957488 0.910108 0.846775 0.978836 0.946605 0.832346 0.990958 0.822692 0.894300 0.817205 0.823151 0.871544 0.924330 0.762075 0.886223 0.863679 0.925502 0.822805 0.803589 0.791252 0.765193 0.666167 0.737307 0.810626 0.867448 0.803408 0.858976 0.759614 0.931438 0.905660 0.884319 0.869066 0.962545 0.960729 0.784141 0.907162 0.975100 0.874016 0.985456 0.847525 0.943412 0.974867 0.999850 0.852888 0.899087 0.756583 0.899241 0.875340 0.972888 0.952337 0.980283 0.699030 0.511262 0.803354 0.571567 0.982067 0.996698 0.710564 0.790734 0.789198 0.865270 0.998035 0.983690 0.801998 0.746078 0.628921 0.740100 0.814567 0.808382 0.732870 0.917738 0.965321 0.978207 0.971122 0.771850 0.991783 0.877842 0.941737 0.788885 0.755926 0.992608 0.764885 0.956582
0.645412 0.718192 0.699692 0.872786 0.979405 0.647509 0.940740 0.676472 0.991112 0.750902 0.586170 0.540351 0.670185 0.553157 0.750608 0.672529 0.699299 0.706099 0.737817 0.759666 0.978054 0.915258 0.815979 0.918449 0.000000 0.547202 0.759625 0.928639 0.666985 0.649516 0.957461 0.955383 0.844360 0.791707 0.766208 0.767774 0.807344 0.917192 0.867191 0.966466 0.970503 0.872468 0.684658 0.686210 0.973319 0.849626 0.690517 0.813908 0.677295 0.636269 0.615036 0.633396 0.718269 0.657530 0.745647 0.842386 0.901193 0.850475 0.709230 0.603012 0.697829 0.594117 0.585128 0.584927 0.548122 0.942697 0.989639 0.902912 0.977673 0.992025 0.820446 0.733886 0.698954 0.694553 0.881472 0.803894 0.801216 0.752194 0.762890 0.763251 0.776994 0.862880 0.947149 0.846329 0.816493 0.951802 0.680199 0.693131 0.719483 0.944114 0.771039 0.955052 0.847947 0.836190 0.932688 0.827972 0.866925 0.816991 0.707483 0.756608 0.700984 0.830906 0.785371 0.787683 0.956704 0.877095 0.984613 0.930471 0.809532 0.911968 0.890163 0.836252 0.911703 0.971143 0.747434 0.838477
0.917022 0.881453 0.467320 0.665906 0.867420 0.965257 0.752683 0.968106 0.794022 0.952405 0.869553 0.731317 0.866701 0.711713 0.898465 0.729587 0.815604 0.845218 0.783920 0.855533 0.955850 0.987923 0.953535 0.927565 0.547202 0.000000 0.898694 0.963373 0.930763 0.838075 0.717438 0.801228 0.874725 0.980663 0.607944 0.855362 0.921749 0.824944 0.787980 0.917773 0.940017 0.884015 0.914604 0.953717 0.735407 0.846513 0.874298 0.853729 0.990376 0.998103 0.909365 0.902452 0.819006 0.862424 0.996920 0.978262 0.867850 0.874047 0.897061 0.901287 0.884082 0.973408 0.808019 0.814329 0.546177 0.689213 0.796876 0.747860 0.979907 0.977573 0.897582 0.759745 0.906165 0.971976 0.962971 0.999068 0.957022 0.983486 0.890067 0.973464 0.954933 0.852055 0.938408 0.930679 0.796102 0.997526 0.697013 0.895807 0.658994 0.981207 0.745492 0.710825 0.586544 0.683619 0.779790 0.822550 0.995160 0.699988 0.939098 0.896476 0.877589 0.695301 0.989468 0.889275 0.755480 0.844960 0.838679 0.815282 0.888439 0.904840 0.772411 0.903686 0.844818 0.898148 0.907547 0.823007
0.792926 0.767478 0.993904 0.916286 0.831210 0.789339 0.787477 0.740153 0.991461 0.700310 0.791256 0.820786 0.925678 0.859237 0.969036 0.973697 0.733487 0.691869 0.814112 0.861070 0.890717 0.846427 0.761246 0.890907 0.759625 0.898694 0.000000 0.990540 0.714061 0.766498 0.941308 0.846221 0.842010 0.753498 0.854407 0.962062 0.915128 0.909263 0.826892 0.937453 0.770190 0.952942 0.639811 0.612146 0.713312 0.723891 0.817432 0.637116 0.741805 0.918891 0.679793 0.779653 0.718543 0.698326 0.611550 0.650182 0.889952 0.919573 0.821819 0.918718 0.707957 0.793132 0.730919 0.708780 0.770759 0.973635 0.829352 0.702735 0.877148 0.801358 0.888089 0.665373 0.849507 0.789341 0.986247 0.960932 0.783821 0.906558 0.707286 0.725669 0.762831 0.880682 0.911261 0.830978 0.840115 0.786409 0.775796 0.810327 0.853438 0.937141 0.857552 0.942920 0.939421 0.925458 0.840190 0.980736 0.861726 0.885944 0.649413 0.671262 0.782417 0.749140 0.784973 0.802009 0.844481 0.951868 0.936785 0.791010 0.797269 0.959475 0.901820 0.794140 0.704504 0.982052 0.833212 0.940073
0.965330 0.965832 0.941000 0.900991 0.833430 0.997086 0.983653 0.988637 0.937696 0.950289 0.977154 0.989883 0.919438 0.891632 0.879877 0.900157 0.964922 0.971022 0.840720 0.901448 0.955971 0.874635 0.772134 0.747311 0.928639 0.963373 0.990540 0.000000 0.910196 0.898310 0.930099 0.782240 0.944358 0.997421 0.952335 0.866593 0.835505 0.935799 0.962919 0.833768 0.933745 0.962890 0.971731 0.965051 0.968273 0.948019 0.918683 0.979140 0.967168 0.926371 0.996115 0.982755 0.997804 0.972916 0.970391 0.986583 0.957896 0.960151 0.908112 0.949511 0.907573 0.969404 0.967070 0.998324 0.965086 0.911140 0.955928 0.935181 0.849553 0.875741 0.989904 0.985569 0.934556 0.896106 0.830454 0.978249 0.988503 0.991246 0.979539 0.935496 0.997033 0.957780 0.816146 0.963851 0.935377 0.995061 0.869445 0.904213 0.805512 0.805706 0.916053 0.958793 0.916343 0.921819 0.962495 0.802431 0.936933 0.775820 0.820715 0.963251 0.849662 0.965745 0.984882 0.892560 0.818794 0.952660 0.936622 0.915464 0.988632 0.978768 0.979277 0.920990 0.885781 0.811661 0.976540 0.907109
0.303031 0.329798 0.963114 0.791820 0.824268 0.758733 0.684617 0.342029 0.998583 0.342667 0.289657 0.333947 0.418680 0.361758 0.520898 0.619633 0.278421 0.250492 0.329040 0.349565 0.923540 0.968069 0.888598 0.945965 0.666985 0.930763 0.714061 0.910196 0.000000 0.234037 0.576551 0.554514 0.402125 0.332008 0.949507 0.888518 0.849092 0.890144 0.877427 0.825403 0.661592 0.768808 0.523975 0.422927 0.587089 0.363577 0.531496 0.461225 0.305247 0.366962 0.401753 0.439823 0.506438 0.578098 0.653616 0.579024 0.445814 0.428650 0.472412 0.549138 0.480301 0.368474 0.283095 0.255729 0.592334 0.870377 0.897171 0.843127 0.762526 0.651124 0.719753 0.686322 0.444781 0.481410 0.781634 0.842837 0.511778 0.519721 0.420305 0.363067 0.259449 0.331784 0.533473 0.623921 0.692643 0.858426 0.872558 0.997934 0.798611 0.752856 0.821066 0.798996 0.867667 0.608814 0.921708 0.782433 0.742962 0.786558 0.583447 0.581064 0.688959 0.806844 0.512737 0.541402 0.706015 0.838345 0.951549 0.980015 0.767814 0.990808 0.934798 0.777428 0.540382 0.839436 0.833107 0.821405
0.336359 0.390918 0.980618 0.819934 0.864604 0.747423 0.607976 0.361800 0.954062 0.314525 0.279979 0.329094 0.335311 0.339489 0.404822 0.481229 0.234633 0.239475 0.297952 0.387419 0.937416 0.901584 0.815879 0.993019 0.649516 0.838075 0.766498 0.898310 0.234037 0.000000 0.501624 0.543143 0.356562 0.295252 0.909468 0.880182 0.817524 0.940652 0.955921 0.849759 0.647408 0.802214 0.452420 0.352096 0.545110 0.347612 0.475873 0.413056 0.334029 0.411577 0.454169 0.489332 0.543415 0.623288 0.682170 0.702076 0.436745 0.466111 0.505288 0.588679 0.472949 0.431484 0.252313 0.222465 0.629213 0.826543 0.842128 0.778190 0.850899 0.668635 0.653304 0.594543 0.467852 0.492863 0.886302 0.871216 0.497683 0.482832 0.409191 0.372963 0.249411 0.349295 0.532307 0.593594 0.732546 0.832011 0.842640 0.989580 0.804496 0.804811 0.913918 0.783209 0.783447 0.558205 0.936826 0.758418 0.723284 0.727092 0.614618 0.588171 0.645767 0.829714 0.521693 0.492806 0.785949 0.827478 0.969208 0.991308 0.682959 0.892260 0.930566 0.723528 0.541116 0.799756 0.716632 0.834114
0.726191 0.811607 0.575223 0.650637 0.970517 0.855564 0.467952 0.589044 0.771928 0.489974 0.729975 0.797821 0.610862 0.718600 0.495463 0.631904 0.651097 0.654927 0.636004 0.793180 0.781847 0.953952 0.609834 0.861705 0.957461 0.717438 0.941308 0.930099 0.576551 0.501624 0.000000 0.359405 0.416095 0.469223 0.780569 0.929227 0.777102 0.851664 0.832406 0.989663 0.800997 0.774076 0.464575 0.427487 0.387167 0.355956 0.683925 0.474607 0.631924 0.686687 0.611207 0.670007 0.610785 0.702547 0.771365 0.800135 0.758407 0.848827 0.856341 0.948373 0.607483 0.689909 0.635542 0.628298 0.874538 0.909186 0.622580 0.546552 0.986797 0.849583 0.661201 0.709493 0.738342 0.633884 0.798311 0.941431 0.643538 0.524326 0.687558 0.613067 0.561434 0.746751 0.767214 0.703433 0.625344 0.807619 0.852691 0.960518 0.837014 0.755483 0.870857 0.973119 0.952109 0.923681 0.740502 0.871813 0.805960 0.956245 0.716353 0.620724 0.627700 0.688791 0.629507 0.468978 0.639930 0.712313 0.967721 0.891707 0.813346 0.957442 0.780266 0.761742 0.525037 0.777760 0.736100 0.983516
0.745957 0.816009 0.692190 0.713908 0.873295 0.798735 0.505933 0.618443 0.732685 0.533443 0.748335 0.823362 0.667499 0.768204 0.566368 0.740412 0.635199 0.666411 0.652943 0.762870 0.850974 0.961698 0.720386 0.965777 0.955383 0.801228 0.846221 0.782240 0.554514 0.543143 0.359405 0.000000 0.424494 0.472536 0.736833 0.971214 0.828440 0.781547 0.762993 0.946400 0.776504 0.790554 0.520118 0.500296 0.449876 0.429882 0.673325 0.482265 0.650270 0.678679 0.586046 0.662691 0.618665 0.668357 0.794350 0.685600 0.772542 0.870774 0.901955 0.980704 0.706632 0.680394 0.685169 0.660430 0.999077 0.980015 0.686505 0.639826 0.966849 0.750980 0.583094 0.671251 0.671722 0.660991 0.720928 0.930433 0.612348 0.544124 0.674068 0.585450 0.564631 0.753446 0.708709 0.782866 0.740845 0.866400 0.697133 0.950920 0.955955 0.799251 0.852813 0.927846 0.881478 0.976132 0.898989 0.895572 0.772555 0.981712 0.726766 0.604091 0.729657 0.763855 0.617551 0.526196 0.569263 0.805426 0.927560 0.848121 0.818748 0.942108 0.780020 0.670473 0.623427 0.664728 0.799250 0.944525
0.563369 0.667725 0.629697 0.568527 0.988812 0.762175 0.374180 0.452153 0.848217 0.406528 0.483248 0.601587 0.439237 0.561349 0.461223 0.625166 0.435857 0.442324 0.437342 0.612313 0.927576 0.970691 0.690860 0.998996 0.844360 0.874725 0.842010 0.944358 0.402125 0.356562 0.416095 0.424494 0.000000 0.360664 0.846204 0.942274 0.735122 0.794113 0.926120 0.871229 0.729896 0.802936 0.454550 0.406538 0.398828 0.359397 0.654960 0.391289 0.556352 0.608336 0.528809 0.614960 0.619873 0.654532 0.697874 0.799640 0.621276 0.729236 0.656704 0.867922 0.462572 0.577007 0.452067 0.448130 0.978527 0.989617 0.561203 0.545730 0.886496 0.719144 0.642539 0.557341 0.555297 0.570747 0.801942 0.952100 0.580493 0.486708 0.495214 0.439572 0.411435 0.591239 0.635068 0.573519 0.671479 0.843882 0.887868 0.924519 0.969343 0.759605 0.819144 0.991589 0.964628 0.853425 0.975087 0.810325 0.687428 0.943226 0.626990 0.547381 0.647139 0.686388 0.586382 0.415446 0.598856 0.685669 0.958732 0.898966 0.696228 0.990712 0.819938 0.657816 0.520508 0.764546 0.744608 0.916487
0.437946 0.525776 0.853764 0.714837 0.878708 0.835008 0.487411 0.399179 0.975925 0.408717 0.450604 0.481366 0.476102 0.467014 0.460544 0.641537 0.347755 0.363893 0.402611 0.494813 0.894217 0.879962 0.816705 0.957488 0.791707 0.980663 0.753498 0.997421 0.332008 0.295252 0.469223 0.472536 0.360664 0.000000 0.894455 0.948196 0.828678 0.757147 0.917576 0.875981 0.726719 0.785393 0.441875 0.342034 0.398695 0.307445 0.545547 0.407794 0.414413 0.485760 0.479431 0.534663 0.526095 0.618810 0.724257 0.673803 0.544048 0.578323 0.622021 0.737161 0.486575 0.476580 0.350168 0.360245 0.767310 0.952335 0.701770 0.617768 0.888364 0.748986 0.620553 0.597687 0.514847 0.538421 0.858971 0.911875 0.483068 0.552928 0.440071 0.433569 0.346823 0.497423 0.560193 0.526031 0.697307 0.878278 0.963735 0.967699 0.906471 0.776684 0.885291 0.893922 0.907436 0.756920 0.972112 0.711159 0.800439 0.961380 0.585508 0.548855 0.664099 0.737200 0.545444 0.479391 0.770030 0.818148 0.963561 0.937733 0.700048 0.956532 0.892707 0.697346 0.542961 0.830107 0.734233 0.858394
0.850879 0.818962 0.494840 0.802208 0.945470 0.974770 0.691211 0.960670 0.746946 0.958205 0.823713 0.701510 0.906448 0.753457 0.947644 0.852175 0.868012 0.885046 0.839442 0.758907 0.937698 0.997291 0.980304 0.910108 0.766208 0.607944 0.854407 0.952335 0.949507 0.909468 0.780569 0.736833 0.846204 0.894455 0.000000 0.887434 0.976221 0.844616 0.909691 0.920940 0.814800 0.842245 0.840330 0.930656 0.777411 0.925787 0.981979 0.889370 0.854303 0.849644 0.939421 0.998485 0.891665 0.866372 0.941243 0.885084 0.869546 0.803241 0.924205 0.779283 0.844399 0.898638 0.854943 0.814727 0.626874 0.812381 0.656796 0.616322 0.873368 0.839378 0.750591 0.982124 0.917003 0.967285 0.909668 0.999840 0.993940 0.929156 0.932450 0.974105 0.910222 0.782470 0.863109 0.958927 0.951919 0.917691 0.735077 0.944736 0.844140 0.958847 0.828832 0.732517 0.765255 0.675973 0.915966 0.937762 0.945518 0.695378 0.922822 0.789313 0.936020 0.688464 0.965651 0.851767 0.553504 0.797291 0.824296 0.876613 0.975788 0.960280 0.894038 0.883609 0.755254 0.950330 0.791113 0.875495
0.701673 0.761115 0.750498 0.932260 0.925799 0.831152 0.982785 0.742014 0.916614 0.871195 0.822783 0.664621 0.835982 0.671819 0.821114 0.889216 0.924895 0.840566 0.828982 0.744923 0.894771 0.738311 0.973666 0.846775 0.767774 0.855362 0.962062 0.866593 0.888518 0.880182 0.929227 0.971214 0.942274 0.948196 0.887434 0.000000 0.825267 0.818090 0.959329 0.886205 0.949027 0.879206 0.908029 0.895765 0.968934 0.890953 0.888157 0.856297 0.770129 0.641224 0.744001 0.662074 0.730655 0.775417 0.958254 0.806407 0.866129 0.836175 0.761386 0.650456 0.887425 0.686662 0.789471 0.799710 0.789032 0.928325 0.826846 0.873499 0.950417 0.848679 0.805218 0.990943 0.909664 0.940225 0.981790 0.820262 0.711495 0.950095 0.973720 0.932253 0.911690 0.883131 0.901715 0.880391 0.998326 0.873710 0.720491 0.840909 0.988459 0.970165 0.880651 0.992399 0.899451 0.864559 0.840135 0.968281 0.958233 0.816443 0.863208 0.905500 0.878520 0.974785 0.817280 0.972464 0.958940 0.956808 0.970363 0.908905 0.847739 0.893513 0.999994 0.969511 0.944252 0.887867 0.934811 0.934539
0.898585 0.911478 0.905413 0.939238 0.900190 0.961239 0.866169 0.871997 0.935770 0.754255 0.892125 0.894563 0.925594 0.886960 0.906997 0.921964 0.796270 0.834517 0.886056 0.910622 0.810604 0.923281 0.838694 0.978836 0.807344 0.921749 0.915128 0.835505 0.849092 0.817524 0.777102 0.828440 0.735122 0.828678 0.976221 0.825267 0.000000 0.775428 0.892039 0.719494 0.842098 0.821660 0.910318 0.874681 0.795193 0.837490 0.955774 0.979280 0.909918 0.970011 0.957241 0.965045 0.930160 0.912821 0.975220 0.997876 0.862487 0.902425 0.936976 0.957483 0.922414 0.885962 0.883075 0.834159 0.920074 0.906307 0.961094 0.985658 0.889847 0.823814 0.829029 0.835526 0.988355 0.979312 0.873569 0.934654 0.935827 0.762694 0.883243 0.779384 0.748524 0.731833 0.771129 0.833200 0.675964 0.739002 0.860477 0.863289 0.922886 0.722858 0.873065 0.872319 0.862738 0.876701 0.997289 0.864784 0.836790 0.968637 0.961336 0.908230 0.987701 0.889314 0.894520 0.899526 0.930959 0.883455 0.858577 0.907244 0.790190 0.933113 0.800737 0.767962 0.902568 0.943030 0.916466 0.895538
0.956216 0.952858 0.817990 0.853238 0.974121 0.994860 0.747518 0.903871 0.912029 0.801634 0.975701 0.979504 0.882609 0.964597 0.952660 0.850975 0.915523 0.921690 0.917489 0.869838 0.931659 0.728310 0.985272 0.946605 0.917192 0.824944 0.909263 0.935799 0.890144 0.940652 0.851664 0.781547 0.794113 0.757147 0.844616 0.818090 0.775428 0.000000 0.955734 0.933989 0.800463 0.808141 0.844963 0.902742 0.653667 0.842138 0.968171 0.858675 0.938521 0.939110 0.894807 0.990337 0.914144 0.911309 0.852917 0.846481 0.911888 0.834147 0.910684 0.708972 0.922830 0.852029 0.910303 0.995331 0.988636 0.764455 0.824515 0.761129 0.908575 0.967042 0.868062 0.735066 0.722658 0.747835 0.956783 0.963316 0.858642 0.955807 0.949346 0.877727 0.819417 0.923503 0.922415 0.715549 0.777176 0.958108 0.797924 0.847012 0.963468 0.817021 0.901544 0.917745 0.915181 0.829937 0.963808 0.804544 0.895440 0.821413 0.964882 0.798722 0.973818 0.877436 0.943215 0.959893 0.981567 0.969214 0.962792 0.947857 0.801697 0.993856 0.855306 0.725184 0.987415 0.990647 0.973257 0.864281
