0.000000 0.336389 0.793898 0.876016 0.763433 0.676511 0.752089 0.595434 0.761230 0.648445 0.459637 0.533127 0.696552 0.690823 0.958326 0.777066 0.336073 0.345554 0.474207 0.410723 0.974543 0.939962 0.698977 0.821263 0.760741 0.751447 0.923242 0.872508 0.519129 0.494508 0.936445 0.786606 0.557655 0.573115 0.867686 0.828908 0.899384 0.908927 0.983867 0.933148 0.857615 0.920243 0.597867 0.508690 0.519860 0.510007 0.726564 0.591538 0.556785 0.545194 0.667326 0.698175 0.811336 0.834892 0.926900 0.760667 0.308928 0.373026 0.553447 0.922508 0.562808 0.780657 0.481390 0.423237 0.684828 0.954040 0.755577 0.724215 0.702056 0.666843 0.851571 0.804661 0.838414 0.714897 0.915541 0.721197 0.652013 0.702938 0.777243 0.629620 0.432172 0.546340 0.808503 0.753781 0.854371 0.848138 0.964785 0.725145 0.837423 0.820257 0.625467 0.735402 0.780602 0.929313 0.845850 0.862954 0.660480 0.912576 0.464360 0.510713 0.657071 0.860516 0.464933 0.593551 0.861521 0.888345 0.884117 0.837280 0.901645 0.863826 0.692061 0.639634 0.716686 0.837401 0.798193 0.970817
0.336389 0.000000 0.718890 0.852936 0.765297 0.702407 0.817291 0.613474 0.885180 0.647281 0.528958 0.468865 0.821624 0.727328 0.951599 0.873364 0.366088 0.339967 0.504773 0.437140 0.967822 0.812770 0.689443 0.780412 0.776321 0.732767 0.957685 0.843823 0.532241 0.456750 0.969364 0.809307 0.523718 0.537906 0.881835 0.893322 0.922926 0.876006 0.994860 0.922126 0.823550 0.875278 0.633441 0.537319 0.524108 0.475982 0.786314 0.622135 0.567286 0.544667 0.706233 0.729853 0.889413 0.860049 0.909313 0.712515 0.275269 0.286300 0.598365 0.834642 0.634241 0.715228 0.575659 0.404403 0.677839 0.994646 0.709700 0.663563 0.723402 0.596187 0.769334 0.838549 0.795149 0.671519 0.877426 0.717367 0.657008 0.684386 0.689089 0.611155 0.416660 0.564743 0.851040 0.775630 0.804370 0.882714 0.869903 0.779695 0.769330 0.777101 0.651452 0.743287 0.780540 0.896927 0.810958 0.878270 0.661252 0.894371 0.519127 0.601810 0.648963 0.807084 0.472054 0.588517 0.919552 0.929368 0.956253 0.913123 0.880200 0.859101 0.690882 0.598724 0.694313 0.874769 0.850635 0.994509
0.793898 0.718890 0.000000 0.393589 0.931408 0.798884 0.664977 0.920956 0.731918 0.865114 0.815662 0.565215 0.970124 0.971119 0.745808 0.860636 0.780819 0.744104 0.884736 0.860391 0.999724 0.860216 0.479240 0.650843 0.596626 0.611952 0.906493 0.886127 0.880223 0.734012 0.563282 0.627490 0.817696 0.926190 0.751043 0.900465 0.845689 0.882303 0.795147 0.807757 0.991121 0.832290 0.792737 0.906130 0.916604 0.847855 0.728099 0.858601 0.780416 0.980744 0.972134 0.829665 0.930704 0.849898 0.832091 0.834116 0.742607 0.657229 0.911527 0.889793 0.999685 0.870937 0.817562 0.604664 0.381720 0.584422 0.722377 0.884973 0.881490 0.792872 0.914682 0.873374 0.982441 0.995822 0.935272 0.929067 0.814504 0.757239 0.914374 0.992240 0.732934 0.739869 0.950367 0.709561 0.683751 0.822220 0.973312 0.921379 0.856324 0.776176 0.922954 0.792451 0.943431 0.713844 0.969886 0.980118 0.799933 0.910193 0.964861 0.922093 0.827343 0.788285 0.869533 0.820292 0.797630 0.748463 0.857095 0.830267 0.948171 0.892157 0.994905 0.921905 0.938007 0.926880 0.958892 0.923924
0.876016 0.852936 0.393589 0.000000 0.911548 0.815755 0.836655 0.920057 0.780705 0.748601 0.752273 0.693603 0.993897 0.881785 0.803523 0.979723 0.823101 0.787568 0.924582 0.981387 0.948964 0.935036 0.512341 0.523411 0.526961 0.557054 0.815975 0.756168 0.900992 0.781574 0.552455 0.659411 0.824572 0.974251 0.688248 0.932148 0.696164 0.761184 0.755986 0.785426 0.931811 0.940809 0.857731 0.972980 0.780653 0.727889 0.828455 0.911251 0.642242 0.909335 0.951712 0.900435 0.998833 0.846329 0.708049 0.982460 0.848451 0.787822 0.853234 0.825275 0.973639 0.977995 0.843046 0.704956 0.409895 0.492703 0.756016 0.893735 0.992783 0.860091 0.898268 0.796345 0.871575 0.920251 0.924516 0.845526 0.837118 0.838516 0.883341 0.998673 0.884679 0.851059 0.920214 0.865418 0.700837 0.681367 0.925677 0.949031 0.818696 0.677060 0.937557 0.906127 0.900724 0.767000 0.888995 0.932978 0.887816 0.978752 0.916402 0.984198 0.940525 0.808396 0.906311 0.850319 0.773852 0.812994 0.907716 0.823171 0.838774 0.926670 0.988596 0.855644 0.838694 0.812164 0.978102 0.852435
0.763433 0.765297 0.931408 0.911548 0.000000 0.734994 0.914573 0.898712 0.952239 0.834603 0.732628 0.721368 0.834988 0.844597 0.939388 0.936137 0.851558 0.751003 0.747892 0.722472 0.844952 0.980063 0.978744 0.974678 0.913636 0.778114 0.970305 0.878169 0.838501 0.810396 0.990248 0.854594 0.767544 0.841088 0.945655 0.749756 0.971161 0.880134 0.887089 0.885528 0.930540 0.877801 0.971038 0.882231 0.849522 0.847053 0.926754 0.857634 0.982602 0.946649 0.990753 0.985110 0.969337 0.958916 0.866048 0.955248 0.799651 0.766365 0.970208 0.999752 0.877352 0.961602 0.815500 0.901650 0.838018 0.959652 0.790952 0.794522 0.948518 0.838339 0.919416 0.972421 0.818923 0.706363 0.994062 0.940223 0.916404 0.848076 0.888055 0.899381 0.745232 0.687732 0.933469 0.970697 0.937316 0.953814 0.955408 0.969115 0.897844 0.696333 0.918314 0.890343 0.953149 0.912864 0.975374 0.963486 0.897096 0.932312 0.873212 0.915334 0.935083 0.905680 0.930322 0.942489 0.946014 0.842388 0.810928 0.935912 0.944658 0.867511 0.823209 0.955090 0.912505 0.960861 0.949660 0.776755
0.676511 0.702407 0.798884 0.815755 0.734994 0.000000 0.749207 0.651227 0.755974 0.616747 0.647750 0.608037 0.729163 0.784682 0.978370 0.730997 0.715785 0.700551 0.750996 0.765681 0.982248 0.941152 0.757263 0.800671 0.746250 0.731421 0.800147 0.976396 0.758639 0.689240 0.966546 0.889703 0.848420 0.754561 0.788906 0.852227 0.955515 0.989357 0.997220 0.868278 0.992643 0.884878 0.811795 0.725873 0.689721 0.671218 0.910891 0.769226 0.759328 0.829260 0.900557 0.930618 0.896363 0.837948 0.819453 0.832669 0.685494 0.785389 0.833460 0.969526 0.707673 0.822285 0.727839 0.732481 0.673951 0.873320 0.900847 0.843980 0.998726 0.878258 0.895064 0.891752 0.941181 0.905358 0.883769 0.713071 0.841375 0.870334 0.880422 0.795060 0.886127 0.797714 0.999005 0.957126 0.790276 0.761557 0.997837 0.990481 0.908137 0.667421 0.776078 0.836614 0.835993 0.853275 0.910676 0.973182 0.698617 0.772134 0.606847 0.781280 0.687088 0.756938 0.803597 0.757683 0.882440 0.960554 0.679928 0.942427 0.909158 0.959060 0.799884 0.807401 0.783602 0.845461 0.963509 0.799697
0.752089 0.817291 0.664977 0.836655 0.914573 0.749207 0.000000 0.433785 0.582575 0.460770 0.552918 0.885000 0.709675 0.818082 0.872623 0.984810 0.717883 0.720961 0.457992 0.795529 0.867720 0.994133 0.978911 0.837431 0.747232 0.834499 0.702587 0.803586 0.705588 0.715340 0.854366 0.646455 0.621671 0.503795 0.874114 0.925909 0.938219 0.988203 0.925363 0.858419 0.946663 0.847962 0.504757 0.532310 0.438091 0.531200 0.598321 0.553377 0.636850 0.648026 0.621944 0.557347 0.715501 0.611724 0.876275 0.987488 0.778109 0.942950 0.553706 0.839893 0.508729 0.858244 0.627437 0.817948 0.948255 0.905318 0.535751 0.581482 0.934858 0.981877 0.770232 0.792106 0.998179 0.857675 0.978082 0.687037 0.600383 0.655823 0.781140 0.748441 0.961048 0.954286 0.880383 0.948895 0.963947 0.785015 0.872277 0.760605 0.947812 0.861149 0.484221 0.455948 0.684235 0.628633 0.781722 0.868291 0.799741 0.916811 0.509134 0.498451 0.734934 0.597721 0.760432 0.744632 0.900451 0.703984 0.700696 0.752635 0.950754 0.992196 0.703653 0.699390 0.602456 0.890971 0.918513 0.928329
0.595434 0.613474 0.920956 0.920057 0.898712 0.651227 0.433785 0.000000 0.613470 0.448087 0.482671 0.548520 0.584232 0.571122 0.980451 0.811017 0.606803 0.638179 0.430165 0.675989 0.788088 0.878795 0.752941 0.687027 0.631142 0.755719 0.679661 0.776742 0.590041 0.542533 0.996973 0.759395 0.633921 0.538896 0.772536 0.844801 0.898529 0.957460 0.946597 0.897552 0.919291 0.968562 0.537438 0.507299 0.476955 0.523680 0.761188 0.576392 0.596702 0.654169 0.589659 0.626053 0.705015 0.568080 0.841272 0.872987 0.627981 0.769781 0.570786 0.684073 0.421640 0.548988 0.607291 0.580905 0.776350 0.908902 0.771611 0.648038 0.963185 0.911081 0.793047 0.885374 0.917643 0.859141 0.995958 0.751510 0.651250 0.772913 0.848125 0.714977 0.886341 0.969489 0.888044 0.935299 0.616670 0.581192 0.856982 0.696840 0.888431 0.814240 0.417376 0.504839 0.711642 0.701837 0.724877 0.871052 0.724339 0.787006 0.459625 0.529872 0.553380 0.509354 0.640737 0.622370 0.979418 0.750783 0.795588 0.832056 0.905157 0.938626 0.724096 0.653872 0.600156 0.764999 0.850312 0.970017
0.761230 0.885180 0.731918 0.780705 0.952239 0.755974 0.582575 0.613470 0.000000 0.706646 0.799050 0.897797 0.851962 0.877722 0.883247 0.728669 0.750583 0.824947 0.704366 0.859891 0.911403 0.874832 0.956517 0.973419 0.990372 0.878591 0.943290 0.949561 0.851840 0.915188 0.823542 0.765399 0.809883 0.789793 0.962280 0.772056 0.664595 0.794483 0.865475 0.801793 0.920147 0.952973 0.641819 0.688946 0.728685 0.811671 0.672577 0.692399 0.769979 0.670905 0.599024 0.632210 0.631083 0.610066 0.945820 0.997886 0.790396 0.895357 0.645936 0.722820 0.633417 0.767766 0.903351 0.841501 0.850290 0.788201 0.863202 0.947656 0.899123 0.899096 0.790464 0.746247 0.970533 0.893128 0.866242 0.825646 0.703286 0.853714 0.916812 0.871050 0.948604 0.957421 0.932866 0.945750 0.928203 0.805778 0.865721 0.859274 0.927822 0.901608 0.653826 0.719365 0.787911 0.799766 0.875229 0.947876 0.831221 0.940558 0.659071 0.660664 0.794283 0.828466 0.722652 0.836969 0.924948 0.696285 0.741409 0.747836 0.938246 0.986482 0.854723 0.811446 0.863016 0.965857 0.795580 0.925498
0.648445 0.647281 0.865114 0.748601 0.834603 0.616747 0.460770 0.448087 0.706646 0.000000 0.456711 0.630903 0.670703 0.756286 0.987148 0.899783 0.563377 0.553171 0.489786 0.725369 0.785568 0.873506 0.654590 0.566589 0.470892 0.530279 0.676632 0.751363 0.582080 0.537155 0.880692 0.847224 0.831065 0.550469 0.708651 0.862273 0.942161 0.905024 0.894307 0.938789 0.907377 0.934100 0.548009 0.507705 0.375060 0.395684 0.768916 0.593592 0.433349 0.614031 0.623712 0.731680 0.821411 0.787116 0.725535 0.979813 0.609299 0.755397 0.706853 0.940878 0.590969 0.810833 0.561307 0.584783 0.543091 0.727979 0.815499 0.797890 0.911715 0.962838 0.764105 0.835168 0.925840 0.890790 0.942337 0.755376 0.654238 0.811423 0.878335 0.785014 0.843309 0.891591 0.854963 0.950802 0.638559 0.534043 0.897250 0.810788 0.757185 0.645677 0.462652 0.532595 0.735849 0.818498 0.751649 0.936977 0.765174 0.751325 0.447091 0.482876 0.615092 0.699876 0.581776 0.547884 0.946508 0.902121 0.839225 0.844168 0.997004 0.990522 0.721909 0.508909 0.567867 0.830797 0.921838 0.803726
0.459637 0.528958 0.815662 0.752273 0.732628 0.647750 0.552918 0.482671 0.799050 0.456711 0.000000 0.525622 0.567089 0.608979 0.928549 0.870086 0.437015 0.405726 0.452508 0.516445 0.849464 0.922679 0.613407 0.616853 0.500286 0.557986 0.747712 0.709834 0.421090 0.428207 0.915171 0.839796 0.671264 0.503672 0.731520 0.853017 0.953073 0.826470 0.956964 0.929877 0.889161 0.959973 0.628570 0.515209 0.386445 0.404180 0.761755 0.581423 0.462454 0.552293 0.642264 0.646694 0.780604 0.787940 0.796371 0.893557 0.488735 0.583915 0.637574 0.930917 0.496277 0.785428 0.456827 0.519795 0.548924 0.828572 0.790054 0.725675 0.900712 0.782180 0.875378 0.952386 0.916567 0.754185 0.994361 0.742063 0.772017 0.721594 0.907876 0.712102 0.662622 0.673217 0.986909 0.830337 0.753167 0.714728 0.883885 0.795333 0.786992 0.607292 0.548583 0.633093 0.829233 0.900524 0.834643 0.878211 0.761120 0.904319 0.462371 0.455635 0.647990 0.790218 0.685113 0.699229 0.916574 0.916738 0.800274 0.899204 0.995277 0.902484 0.718389 0.636439 0.507503 0.866015 0.890723 0.973142
0.533127 0.468865 0.565215 0.693603 0.721368 0.608037 0.885000 0.548520 0.897797 0.630903 0.525622 0.000000 0.704968 0.627197 0.868468 0.657094 0.536342 0.499818 0.696321 0.583628 0.910333 0.836859 0.515570 0.650878 0.551733 0.580388 0.758973 0.723432 0.589262 0.450345 0.744138 0.975799 0.782071 0.726588 0.698675 0.881895 0.895114 0.996577 0.999141 0.981842 0.874525 0.897978 0.862685 0.735814 0.620312 0.598749 0.951932 0.691232 0.576653 0.710319 0.708522 0.804233 0.810766 0.790185 0.773104 0.834821 0.505345 0.497958 0.708455 0.732788 0.568932 0.527360 0.600277 0.380596 0.490725 0.893060 0.974734 0.814570 0.742666 0.620224 0.981139 0.935224 0.849691 0.788637 0.919617 0.875655 0.892476 0.988854 0.894821 0.751276 0.622092 0.672448 0.949249 0.648744 0.599189 0.682435 0.909956 0.835484 0.897043 0.731594 0.745907 0.913669 0.965930 0.958098 0.710646 0.877649 0.737467 0.846151 0.653285 0.794282 0.639455 0.855569 0.712242 0.678945 0.826645 0.982347 0.859599 0.953271 0.974593 0.789403 0.749647 0.803920 0.756432 0.767760 0.852596 0.900026
0.696552 0.821624 0.970124 0.993897 0.834988 0.729163 0.709675 0.584232 0.851962 0.670703 0.567089 0.704968 0.000000 0.468415 0.731367 0.657479 0.783842 0.751176 0.680634 0.744446 0.884697 0.945043 0.792750 0.925355 0.710470 0.711425 0.779698 0.906407 0.721566 0.647706 0.930170 0.885013 0.879522 0.796182 0.695656 0.860252 0.889513 0.750543 0.846497 0.963391 0.771608 0.919386 0.702103 0.620054 0.780726 0.710889 0.743471 0.736703 0.841940 0.873628 0.899086 0.961745 0.940702 0.916144 0.814621 0.959966 0.787201 0.904612 0.806091 0.895916 0.711604 0.939563 0.569149 0.758399 0.744043 0.750892 0.965968 0.952886 0.984821 0.958796 0.789590 0.793733 0.944281 0.866850 0.944595 0.770753 0.822922 0.846072 0.987563 0.917061 0.951592 0.976055 0.978585 0.970507 0.827738 0.794794 0.986475 0.919439 0.999902 0.764288 0.535375 0.639789 0.726084 0.805586 0.846950 0.824634 0.812333 0.909953 0.615494 0.646295 0.695357 0.749375 0.766505 0.699475 0.899655 0.937441 0.886741 0.835964 0.874465 0.948852 0.759546 0.867491 0.748623 0.780713 0.962841 0.989534
0.690823 0.727328 0.971119 0.881785 0.844597 0.784682 0.818082 0.571122 0.877722 0.756286 0.608979 0.627197 0.468415 0.000000 0.781366 0.596832 0.709155 0.662812 0.585640 0.602379 0.782984 0.881707 0.874902 0.962471 0.836070 0.797666 0.903851 0.957282 0.548049 0.558659 0.897749 0.828308 0.771194 0.707371 0.798432 0.818563 0.940683 0.889792 0.996992 0.972368 0.857792 0.983213 0.649894 0.599762 0.781764 0.738453 0.802934 0.678484 0.854649 0.875369 0.917365 0.911041 0.955489 0.924968 0.881065 0.962329 0.737486 0.842001 0.894946 0.954845 0.865406 0.919289 0.673455 0.768216 0.835364 0.947917 0.989174 0.999899 0.913490 0.865127 0.902380 0.926040 0.923359 0.754988 0.981300 0.711008 0.828673 0.873647 0.886507 0.837624 0.854930 0.886715 0.955822 0.904561 0.782348 0.897338 0.977540 0.957033 0.887328 0.735977 0.606327 0.788860 0.901566 0.934133 0.895750 0.764528 0.914969 0.917636 0.675273 0.717338 0.651359 0.764839 0.796971 0.786644 0.905380 0.915591 0.878097 0.869224 0.856683 0.904334 0.863720 0.869637 0.697649 0.910873 0.897420 0.926066
0.958326 0.951599 0.745808 0.803523 0.939388 0.978370 0.872623 0.980451 0.883247 0.987148 0.928549 0.868468 0.731367 0.781366 0.000000 0.667024 0.957118 0.975207 0.901343 0.913194 0.788350 0.863115 0.785415 0.688149 0.822198 0.860920 0.807396 0.757101 0.835112 0.936718 0.848459 0.777869 0.968446 0.974205 0.879290 0.861867 0.929894 0.777922 0.859237 0.908560 0.947486 0.961504 0.688614 0.718898 0.989210 0.931158 0.636102 0.751659 0.963622 0.991606 0.957149 0.960188 0.983055 0.898770 0.951344 0.870455 0.964075 0.951047 0.981265 0.717355 0.907040 0.734431 0.943222 0.862283 0.770494 0.967555 0.939996 0.770982 0.944971 0.902446 0.933636 0.886841 0.833189 0.876358 0.932836 0.965481 0.883176 0.914542 0.950802 0.974570 0.974021 0.908689 0.846729 0.907834 0.809331 0.927688 0.891350 0.945184 0.934582 0.995571 0.914053 0.902151 0.995661 0.990714 0.934596 0.965693 0.948212 0.997243 0.873437 0.810258 0.911271 0.979455 0.957404 0.903127 0.971573 0.987752 0.855457 0.691990 0.977882 0.918415 0.840961 0.913134 0.975029 0.965107 0.967451 0.942058
0.777066 0.873364 0.860636 0.979723 0.936137 0.730997 0.984810 0.811017 0.728669 0.899783 0.870086 0.657094 0.657479 0.596832 0.667024 0.000000 0.851711 0.878828 0.935842 0.760642 0.937476 0.952094 0.909722 0.845863 0.981899 0.968556 0.981999 0.905695 0.823272 0.784233 0.991235 0.918610 0.944828 0.974206 0.799092 0.731122 0.782908 0.999977 0.892317 0.872566 0.987687 0.871835 0.817501 0.825886 0.949962 0.907898 0.835384 0.794459 0.842901 0.939060 0.818431 0.937085 0.814098 0.901374 0.930318 0.986216 0.860492 0.881754 0.907814 0.949133 0.925539 0.908193 0.880250 0.805725 0.887267 0.907779 0.707237 0.764807 0.869019 0.906078 0.958266 0.897562 0.900709 0.939340 0.912138 0.911834 0.954328 0.893806 0.992570 0.942055 0.844420 0.846151 0.755632 0.714490 0.938331 0.964513 0.981162 0.920491 0.858300 0.904261 0.871154 0.905934 0.988882 0.847039 0.905074 0.898950 0.963621 0.914307 0.849256 0.960206 0.813994 0.995754 0.874076 0.831298 0.881829 0.881785 0.783179 0.888414 0.957327 0.993357 0.952298 0.967243 0.986038 0.957343 0.898708 0.963272
0.336073 0.366088 0.780819 0.823101 0.851558 0.715785 0.717883 0.606803 0.750583 0.563377 0.437015 0.536342 0.783842 0.709155 0.957118 0.851711 0.000000 0.281428 0.459003 0.447045 0.985995 0.904537 0.708338 0.730848 0.713486 0.700266 0.886841 0.863121 0.369034 0.400069 0.993558 0.821427 0.578532 0.536733 0.803904 0.848568 0.870669 0.903516 0.952269 0.861314 0.829609 0.960136 0.563957 0.515531 0.477873 0.496968 0.738213 0.583194 0.489883 0.518592 0.608029 0.667011 0.821050 0.837501 0.815053 0.808767 0.298088 0.371767 0.605547 0.897177 0.625630 0.805527 0.539205 0.417969 0.638031 0.938781 0.790882 0.761882 0.672390 0.629322 0.830950 0.783684 0.795059 0.709344 0.875698 0.691627 0.681344 0.775668 0.692983 0.569239 0.406924 0.590594 0.902515 0.755039 0.788773 0.843705 0.823033 0.732295 0.741796 0.764747 0.627782 0.752695 0.798054 0.985999 0.803979 0.887188 0.716183 0.983130 0.495175 0.478550 0.661425 0.873057 0.503222 0.636450 0.954014 0.962669 0.877793 0.863021 0.921705 0.870214 0.652495 0.621136 0.654081 0.872897 0.806475 0.954915
0.345554 0.339967 0.744104 0.787568 0.751003 0.700551 0.720961 0.638179 0.824947 0.553171 0.405726 0.499818 0.751176 0.662812 0.975207 0.878828 0.281428 0.000000 0.446837 0.413712 0.957226 0.953402 0.681877 0.763983 0.671278 0.636949 0.913691 0.828148 0.388077 0.369274 0.979444 0.800652 0.565954 0.511498 0.793857 0.822325 0.916201 0.995390 0.995209 0.968528 0.869146 0.951684 0.574483 0.502432 0.449222 0.432589 0.745076 0.534379 0.474158 0.488125 0.656815 0.668457 0.870675 0.884646 0.792573 0.861413 0.281854 0.359946 0.660222 0.966825 0.652842 0.855262 0.502186 0.440600 0.599052 0.880971 0.762997 0.758587 0.714367 0.591253 0.840021 0.856246 0.853207 0.671717 0.910727 0.718956 0.685688 0.730419 0.690989 0.592051 0.419842 0.545603 0.923285 0.765151 0.797239 0.837706 0.852079 0.770019 0.693746 0.728535 0.641160 0.742670 0.816282 0.934084 0.797541 0.850487 0.734368 0.992715 0.497702 0.510550 0.660872 0.894281 0.491738 0.642075 0.983923 0.989104 0.897348 0.862035 0.906323 0.918966 0.701541 0.604173 0.619726 0.855219 0.813450 0.927738
0.474207 0.504773 0.884736 0.924582 0.747892 0.750996 0.457992 0.430165 0.704366 0.489786 0.452508 0.696321 0.680634 0.585640 0.901343 0.935842 0.459003 0.446837 0.000000 0.502915 0.888324 0.988443 0.906343 0.830335 0.774808 0.734845 0.817650 0.860823 0.507134 0.497024 0.872664 0.622560 0.471752 0.429462 0.893483 0.869526 0.944952 0.987207 0.943671 0.892452 0.995162 0.970738 0.432891 0.409165 0.428513 0.445861 0.719274 0.473839 0.585493 0.539238 0.675364 0.606557 0.809729 0.770380 0.911494 0.854616 0.490753 0.625140 0.584502 0.878910 0.581018 0.912893 0.528643 0.623988 0.840896 0.989346 0.560750 0.601384 0.895017 0.827063 0.729787 0.863164 0.896663 0.769001 0.946646 0.689168 0.595213 0.613585 0.658406 0.658196 0.671859 0.759481 0.974717 0.913127 0.866605 0.809265 0.871641 0.752476 0.839014 0.771128 0.472493 0.495426 0.697684 0.758076 0.868919 0.836662 0.729750 0.950678 0.425082 0.410797 0.612363 0.657653 0.580237 0.682502 0.892320 0.852456 0.750636 0.864080 0.919073 0.944458 0.750453 0.605633 0.608896 0.869535 0.827607 0.945826
0.410723 0.437140 0.860391 0.981387 0.722472 0.765681 0.795529 0.675989 0.859891 0.725369 0.516445 0.583628 0.744446 0.602379 0.913194 0.760642 0.447045 0.413712 0.502915 0.000000 0.938672 0.954422 0.825347 0.980280 0.860517 0.769271 0.993980 0.886188 0.502766 0.542899 0.955954 0.727502 0.491564 0.547829 0.984248 0.914989 0.747844 0.948510 0.992392 0.860707 0.834471 0.794023 0.647347 0.578702 0.602569 0.637940 0.711889 0.582854 0.707156 0.622289 0.776545 0.759366 0.877423 0.941811 0.989999 0.857988 0.435581 0.449809 0.600269 0.894956 0.697251 0.882040 0.565960 0.566635 0.777061 0.994459 0.753504 0.751283 0.682458 0.633016 0.881087 0.899379 0.709083 0.649806 0.971196 0.825883 0.752164 0.757343 0.768561 0.653182 0.470728 0.518940 0.780885 0.733134 0.970422 0.994420 0.980856 0.834085 0.834239 0.852829 0.704017 0.758817 0.832119 0.989450 0.816490 0.780866 0.867766 0.988827 0.603147 0.606971 0.755058 0.972588 0.664261 0.692756 0.915218 0.971969 0.887772 0.864744 0.940031 0.930978 0.773694 0.768189 0.774575 0.883532 0.893207 0.993949
0.974543 0.967822 0.999724 0.948964 0.844952 0.982248 0.867720 0.788088 0.911403 0.785568 0.849464 0.910333 0.884697 0.782984 0.788350 0.937476 0.985995 0.957226 0.888324 0.938672 0.000000 0.945316 0.856752 0.817120 0.876169 0.927037 0.963067 0.912138 0.806542 0.907228 0.945572 0.991334 0.957405 0.980505 0.817466 0.879794 0.968844 0.977458 0.978211 0.851862 0.901640 0.997032 0.857138 0.927106 0.876444 0.873565 0.826297 0.952808 0.826485 0.892435 0.998615 0.952411 0.979404 0.996337 0.904938 0.843844 0.976246 0.985809 0.981230 0.991871 0.909341 0.835426 0.998718 0.902011 0.982938 0.982283 0.830145 0.934585 0.906047 0.879057 0.957065 0.863323 0.617785 0.795038 0.813558 0.884970 0.903584 0.935657 0.961980 0.985695 0.826244 0.839740 0.950556 0.915314 0.757554 0.663794 0.899626 0.851395 0.981818 0.926568 0.966611 0.903941 0.895542 0.936323 0.847106 0.990399 0.930798 0.955745 0.885079 0.918225 0.990704 0.942988 0.876089 0.939614 0.924059 0.903129 0.933782 0.950202 0.849688 0.886117 0.983030 0.832094 0.859607 0.902372 0.958205 0.817547
0.939962 0.812770 0.860216 0.935036 0.980063 0.941152 0.994133 0.878795 0.874832 0.873506 0.922679 0.836859 0.945043 0.881707 0.863115 0.952094 0.904537 0.953402 0.988443 0.954422 0.945316 0.000000 0.816481 0.799367 0.830653 0.967083 0.951284 0.792482 0.995813 0.898013 0.840293 0.798982 0.954780 0.930946 0.940175 0.925263 0.912805 0.907411 0.995628 0.980675 0.901844 0.980372 0.936195 0.979339 0.929529 0.956729 0.955994 0.851620 0.893068 0.960035 0.893252 0.996400 0.958654 0.928996 0.937274 0.977675 0.910472 0.852538 0.928349 0.866380 0.881701 0.745463 0.997091 0.821992 0.870055 0.965241 0.936049 0.914877 0.923632 0.919791 0.970871 0.974274 0.858954 0.993190 0.933646 0.945336 0.926401 0.954017 0.935794 0.964283 0.877542 0.956622 0.941169 0.908202 0.901689 0.881451 0.840343 0.901672 0.856663 0.859672 0.951628 0.955926 0.895504 0.891017 0.917753 0.844698 0.870044 0.962922 0.983639 0.990305 0.941486 0.913710 0.889050 0.996077 0.834087 0.965518 0.876042 0.721668 0.887848 0.825727 0.987285 0.922539 0.940416 0.952388 0.852848 0.899084
0.698977 0.689443 0.479240 0.512341 0.978744 0.757263 0.978911 0.752941 0.956517 0.654590 0.613407 0.515570 0.792750 0.874902 0.785415 0.909722 0.708338 0.681877 0.906343 0.825347 0.856752 0.816481 0.000000 0.385746 0.398488 0.575364 0.708326 0.710279 0.795076 0.715880 0.553436 0.771792 0.879486 0.897280 0.616438 0.798592 0.893664 0.837444 0.753368 0.863915 0.834716 0.989471 0.985664 0.879422 0.765411 0.720478 0.916575 0.985369 0.658265 0.849162 0.934869 0.954472 0.946892 0.943903 0.826625 0.849898 0.684192 0.718965 0.930857 0.956451 0.696696 0.708843 0.747156 0.522515 0.415552 0.643389 0.776947 0.937005 0.966878 0.785311 0.958701 0.895138 0.844844 0.916861 0.883813 0.946070 0.954218 0.912954 0.860453 0.997630 0.888050 0.967066 0.832491 0.804832 0.405642 0.474305 0.985411 0.813474 0.825101 0.774270 0.809975 0.867161 0.959559 0.906212 0.823320 0.975016 0.820640 0.789859 0.668394 0.812856 0.633741 0.998681 0.796700 0.713219 0.823952 0.963050 0.908446 0.853626 0.941960 0.994812 0.877286 0.692912 0.705814 0.945879 0.989523 0.981105
0.821263 0.780412 0.650843 0.523411 0.974678 0.800671 0.837431 0.687027 0.973419 0.566589 0.616853 0.650878 0.925355 0.962471 0.688149 0.845863 0.730848 0.763983 0.830335 0.980280 0.817120 0.799367 0.385746 0.000000 0.408814 0.626976 0.677276 0.662245 0.820769 0.782221 0.581965 0.772966 0.922210 0.874881 0.680076 0.931914 0.864364 0.912695 0.724430 0.901600 0.836578 0.946618 0.961185 0.886603 0.664878 0.660979 0.860818 0.963063 0.594187 0.773552 0.836490 0.944833 0.921081 0.953675 0.748424 0.904476 0.761183 0.797140 0.878182 0.834630 0.628673 0.686068 0.789083 0.606106 0.485934 0.762290 0.942423 0.912540 0.926686 0.877521 0.974402 0.864817 0.828944 0.827607 0.916176 0.941365 0.965091 0.974796 0.977322 0.956812 0.977322 0.935030 0.763997 0.989328 0.410165 0.401829 0.948899 0.745894 0.778827 0.740543 0.774359 0.767651 0.916423 0.922371 0.768577 0.973119 0.817009 0.826963 0.673138 0.732002 0.783553 0.843441 0.832752 0.742618 0.872310 0.884222 0.963320 0.833231 0.957790 0.932733 0.888657 0.652365 0.599125 0.904067 0.933358 0.962858
0.760741 0.776321 0.596626 0.526961 0.913636 0.746250 0.747232 0.631142 0.990372 0.470892 0.500286 0.551733 0.710470 0.836070 0.822198 0.981899 0.713486 0.671278 0.774808 0.860517 0.876169 0.830653 0.398488 0.408814 0.000000 0.430209 0.582412 0.650445 0.731680 0.651184 0.560793 0.794372 0.946897 0.793058 0.601567 0.881753 0.820194 0.755791 0.782231 0.858426 0.803794 0.982664 0.926388 0.813301 0.560419 0.575390 0.965387 0.866867 0.541288 0.803454 0.762236 0.883736 0.863701 0.892606 0.807955 0.889162 0.729968 0.807590 0.837354 0.977799 0.617315 0.785378 0.535594 0.530413 0.340801 0.570307 0.991331 0.926663 0.976615 0.893241 0.993672 0.950065 0.859611 0.972555 0.941222 0.999226 0.950330 0.923399 0.945727 0.966023 0.921764 0.913497 0.798990 0.873256 0.473725 0.518426 0.894565 0.896900 0.795003 0.737851 0.663658 0.709742 0.843904 0.905008 0.723261 0.876723 0.767504 0.850509 0.625306 0.694085 0.623662 0.880970 0.773604 0.637162 0.903834 0.984326 0.988598 0.948084 0.973183 0.860395 0.846498 0.665910 0.600698 0.855541 0.975415 0.878010
0.751447 0.732767 0.611952 0.557054 0.778114 0.731421 0.834499 0.755719 0.878591 0.530279 0.557986 0.580388 0.711425 0.797666 0.860920 0.968556 0.700266 0.636949 0.734845 0.769271 0.927037 0.967083 0.575364 0.626976 0.430209 0.000000 0.709936 0.679333 0.692611 0.568645 0.729221 0.941628 0.939187 0.812746 0.811171 0.919039 0.767410 0.764982 0.732013 0.823163 0.850998 0.996817 0.939485 0.832642 0.617061 0.611390 0.918900 0.836170 0.675479 0.814581 0.898220 0.981494 0.980107 0.996108 0.759131 0.905600 0.716798 0.722014 0.892300 0.992527 0.779210 0.946216 0.568626 0.616363 0.405941 0.592957 0.910828 0.869814 0.988100 0.891208 0.866615 0.991692 0.959534 0.808218 0.892033 0.895448 0.790709 0.888845 0.991585 0.947043 0.854777 0.768589 0.917740 0.873101 0.680554 0.752446 0.896415 0.932166 0.771965 0.730562 0.692768 0.722224 0.830223 0.914102 0.757511 0.878642 0.767343 0.867428 0.657574 0.719945 0.775668 0.900061 0.827353 0.669267 0.888360 0.829126 0.982785 0.976130 0.937482 0.878712 0.788642 0.740112 0.732974 0.768463 0.981963 0.861348
0.923242 0.957685 0.906493 0.815975 0.970305 0.800147 0.702587 0.679661 0.943290 0.676632 0.747712 0.758973 0.779698 0.903851 0.807396 0.981999 0.886841 0.913691 0.817650 0.993980 0.963067 0.951284 0.708326 0.677276 0.582412 0.709936 0.000000 0.757204 0.914788 0.762982 0.857286 0.957061 0.884299 0.888022 0.690737 0.848548 0.876446 0.991661 0.933204 0.865031 0.818818 0.961924 0.820518 0.843229 0.767653 0.792335 0.842097 0.941913 0.759905 0.957593 0.883993 0.928443 0.837817 0.908869 0.878090 0.975077 0.965523 0.974792 0.851184 0.946108 0.703241 0.880438 0.724232 0.735519 0.680354 0.765065 0.981663 0.854768 0.880201 0.864153 0.953708 0.962075 0.875515 0.893669 0.870004 0.976399 0.996640 0.966160 0.988330 0.903073 0.955341 0.962982 0.723346 0.880634 0.725769 0.689493 0.963092 0.913779 0.961787 0.898198 0.769959 0.835349 0.916259 0.952161 0.884750 0.959741 0.876060 0.975018 0.770308 0.823339 0.721020 0.868503 0.907965 0.826000 0.872940 0.890741 0.918862 0.781738 0.932000 0.968126 0.977992 0.906770 0.835961 0.911820 0.950419 0.987535
0.872508 0.843823 0.886127 0.756168 0.878169 0.976396 0.803586 0.776742 0.949561 0.751363 0.709834 0.723432 0.906407 0.957282 0.757101 0.905695 0.863121 0.828148 0.860823 0.886188 0.912138 0.792482 0.710279 0.662245 0.650445 0.679333 0.757204 0.000000 0.833670 0.743247 0.768944 0.850940 0.894051 0.870511 0.739007 0.963864 0.952955 0.989928 0.933346 0.935004 0.972243 0.958198 0.991133 0.931336 0.721497 0.766066 0.959445 0.938365 0.728302 0.869320 0.858962 0.892740 0.905361 0.909918 0.813326 0.945967 0.939078 0.876914 0.908323 0.843948 0.737010 0.749593 0.784154 0.764337 0.720043 0.943326 0.960550 0.818741 0.967330 0.924657 0.981332 0.891575 0.983883 0.853037 0.892298 0.998204 0.979972 0.923647 0.993109 0.836598 0.905775 0.853733 0.759601 0.937094 0.811623 0.764163 0.817871 0.893253 0.905684 0.713094 0.887659 0.875246 0.964534 0.898712 0.886898 0.902307 0.989408 0.933774 0.863779 0.858002 0.917249 0.905890 0.987631 0.996519 0.956117 0.924411 0.945117 0.815487 0.974014 0.824972 0.922141 0.823927 0.799709 0.890462 0.990242 0.979799
0.519129 0.532241 0.880223 0.900992 0.838501 0.758639 0.705588 0.590041 0.851840 0.582080 0.421090 0.589262 0.721566 0.548049 0.835112 0.823272 0.369034 0.388077 0.507134 0.502766 0.806542 0.995813 0.795076 0.820769 0.731680 0.692611 0.914788 0.833670 0.000000 0.372836 0.923557 0.867554 0.696585 0.611172 0.763916 0.856382 0.954795 0.964182 0.926277 0.858155 0.965813 0.942715 0.586475 0.546963 0.508857 0.532823 0.736014 0.585508 0.544548 0.598574 0.680414 0.673723 0.831259 0.840780 0.837204 0.865408 0.480160 0.559015 0.786818 0.986624 0.735661 0.862029 0.590981 0.584954 0.681928 0.903980 0.907559 0.850576 0.787218 0.724274 0.947900 0.963541 0.850151 0.721230 0.918126 0.746161 0.765572 0.777944 0.781858 0.690856 0.578960 0.700057 0.886569 0.777140 0.820389 0.867847 0.886433 0.816282 0.788282 0.683455 0.705758 0.822315 0.920941 0.965657 0.813084 0.813968 0.890444 0.981122 0.596570 0.578203 0.724737 0.832161 0.643389 0.761416 0.978801 0.962630 0.839732 0.835286 0.992603 0.993909 0.682746 0.758795 0.624235 0.868217 0.804812 0.897853
0.494508 0.456750 0.734012 0.781574 0.810396 0.689240 0.715340 0.542533 0.915188 0.537155 0.428207 0.450345 0.647706 0.558659 0.936718 0.784233 0.400069 0.369274 0.497024 0.542899 0.907228 0.898013 0.715880 0.782221 0.651184 0.568645 0.762982 0.743247 0.372836 0.000000 0.994822 0.872882 0.637459 0.588437 0.656342 0.814747 0.925887 0.940885 0.938903 0.937746 0.989465 0.970227 0.606656 0.533586 0.491042 0.465118 0.823494 0.580483 0.499839 0.620492 0.660039 0.709049 0.824860 0.789377 0.774897 0.904425 0.454089 0.501214 0.743563 0.943853 0.679865 0.823494 0.520867 0.480568 0.546759 0.819596 0.916875 0.796090 0.773514 0.748753 0.909726 0.969759 0.866627 0.714516 0.929761 0.767410 0.807775 0.841464 0.763698 0.545981 0.524564 0.599103 0.895926 0.776287 0.738383 0.802494 0.897671 0.873250 0.755009 0.618193 0.661352 0.814207 0.909818 0.991797 0.824413 0.896673 0.794397 0.971455 0.582501 0.660909 0.658737 0.764506 0.612821 0.667874 0.887815 0.943033 0.825735 0.999192 0.957506 0.921779 0.773612 0.747909 0.681752 0.806016 0.886713 0.905615
0.936445 0.969364 0.563282 0.552455 0.990248 0.966546 0.854366 0.996973 0.823542 0.880692 0.915171 0.744138 0.930170 0.897749 0.848459 0.991235 0.993558 0.979444 0.872664 0.955954 0.945572 0.840293 0.553436 0.581965 0.560793 0.729221 0.857286 0.768944 0.923557 0.994822 0.000000 0.604071 0.775885 0.841082 0.726317 0.988387 0.841161 0.866126 0.656392 0.737430 0.879879 0.832930 0.785261 0.893493 0.967352 0.922542 0.858076 0.895869 0.840438 0.986622 0.981210 0.869816 0.994952 0.907935 0.832486 0.876925 0.941084 0.913279 0.967152 0.953960 0.838742 0.830109 0.780473 0.734274 0.572110 0.717073 0.853299 0.937006 0.974732 0.927742 0.728892 0.756714 0.861139 0.753604 0.868900 0.685191 0.806639 0.772848 0.849231 0.771374 0.959138 0.947414 0.816768 0.914940 0.673205 0.681145 0.800293 0.937777 0.891144 0.986247 0.993783 0.988311 0.944340 0.899167 0.807046 0.926335 0.976417 0.847004 0.962282 0.995253 0.975572 0.876903 0.962950 0.862331 0.894587 0.892976 0.940950 0.829300 0.981396 0.942257 0.862859 0.917430 0.928740 0.856961 0.964495 0.984336
0.786606 0.809307 0.627490 0.659411 0.854594 0.889703 0.646455 0.759395 0.765399 0.847224 0.839796 0.975799 0.885013 0.828308 0.777869 0.918610 0.821427 0.800652 0.622560 0.727502 0.991334 0.798982 0.771792 0.772966 0.794372 0.941628 0.957061 0.850940 0.867554 0.872882 0.604071 0.000000 0.606213 0.623296 0.856326 0.979585 0.776628 0.980392 0.707669 0.732174 0.877543 0.994786 0.646092 0.702927 0.741385 0.738182 0.630191 0.565734 0.847447 0.658777 0.753647 0.628971 0.830993 0.766448 0.846507 0.962584 0.784458 0.862897 0.665418 0.889964 0.812918 0.998535 0.854609 0.981844 0.790812 0.783831 0.625683 0.715603 0.967258 0.914787 0.792321 0.766138 0.933621 0.776794 0.965974 0.674509 0.639899 0.609788 0.727385 0.686497 0.881983 0.852287 0.802104 0.983116 0.805932 0.866579 0.983684 0.911276 0.950568 0.921886 0.713857 0.733303 0.841001 0.753816 0.924601 0.993377 0.938582 0.924140 0.819946 0.756199 0.980499 0.865700 0.857139 0.842650 0.856840 0.794692 0.882725 0.730320 0.934510 0.968970 0.851216 0.825966 0.893486 0.975814 0.958657 0.877632
0.557655 0.523718 0.817696 0.824572 0.767544 0.848420 0.621671 0.633921 0.809883 0.831065 0.671264 0.782071 0.879522 0.771194 0.968446 0.944828 0.578532 0.565954 0.471752 0.491564 0.957405 0.954780 0.879486 0.922210 0.946897 0.939187 0.884299 0.894051 0.696585 0.637459 0.775885 0.606213 0.000000 0.474829 0.943208 0.948996 0.817528 0.767516 0.859538 0.827468 0.811500 0.971254 0.595360 0.615443 0.592909 0.652877 0.691550 0.641088 0.819786 0.627414 0.755416 0.661536 0.808460 0.781924 0.987895 0.895822 0.561079 0.623955 0.545881 0.744718 0.646378 0.855256 0.656429 0.713161 0.974672 0.749039 0.489407 0.472523 0.791137 0.755509 0.772293 0.846494 0.726416 0.649855 0.942734 0.743281 0.676368 0.666308 0.597672 0.596640 0.601964 0.624900 0.912125 0.956334 0.883890 0.863628 0.926029 0.804570 0.801801 0.933014 0.707233 0.705538 0.815092 0.857813 0.845340 0.845319 0.822615 0.909104 0.682367 0.681237 0.801680 0.752185 0.681698 0.816864 0.795014 0.844974 0.899719 0.958448 0.967171 0.880105 0.839278 0.887395 0.820501 0.871706 0.968938 0.966985
0.573115 0.537906 0.926190 0.974251 0.841088 0.754561 0.503795 0.538896 0.789793 0.550469 0.503672 0.726588 0.796182 0.707371 0.974205 0.974206 0.536733 0.511498 0.429462 0.547829 0.980505 0.930946 0.897280 0.874881 0.793058 0.812746 0.888022 0.870511 0.611172 0.588437 0.841082 0.623296 0.474829 0.000000 0.923966 0.945150 0.865215 0.952541 0.877555 0.988802 0.976881 0.918944 0.611056 0.546183 0.419137 0.489401 0.682556 0.557012 0.602603 0.531525 0.612395 0.533643 0.831804 0.668833 0.970846 0.989901 0.543766 0.663628 0.571441 0.839698 0.575981 0.820010 0.589099 0.663817 0.853454 0.896051 0.534223 0.512603 0.803024 0.751192 0.807088 0.880859 0.764480 0.648356 0.940092 0.609306 0.657405 0.631437 0.738127 0.646528 0.697718 0.718336 0.979868 0.874165 0.977384 0.938692 0.925875 0.885309 0.790951 0.780102 0.579246 0.638443 0.795883 0.780169 0.856662 0.879181 0.804201 0.902996 0.558505 0.585134 0.686617 0.757443 0.719607 0.794559 0.904346 0.832559 0.795526 0.819242 0.988677 0.972849 0.826745 0.636669 0.572090 0.903678 0.941597 0.914532
0.867686 0.881835 0.751043 0.688248 0.945655 0.788906 0.874114 0.772536 0.962280 0.708651 0.731520 0.698675 0.695656 0.798432 0.879290 0.799092 0.803904 0.793857 0.893483 0.984248 0.817466 0.940175 0.616438 0.680076 0.601567 0.811171 0.690737 0.739007 0.763916 0.656342 0.726317 0.856326 0.943208 0.923966 0.000000 0.850316 0.854222 0.916471 0.984919 0.987280 0.903404 0.855030 0.830171 0.784936 0.759448 0.693518 0.874571 0.891416 0.676765 0.849149 0.829595 0.897682 0.806643 0.917238 0.714150 0.883793 0.855321 0.951352 0.997655 0.907149 0.836839 0.863082 0.802609 0.812595 0.642197 0.729518 0.779928 0.885967 0.937541 0.919264 0.913819 0.988488 0.862812 0.943228 0.990572 0.916983 0.928762 0.974772 0.928673 0.876931 0.991644 0.962291 0.931673 0.949178 0.653830 0.619244 0.978001 0.900905 0.909307 0.705236 0.880086 0.981717 0.950259 0.909530 0.896338 0.873286 0.930756 0.867397 0.730574 0.885988 0.675491 0.931490 0.846716 0.728356 0.884662 0.992487 0.910790 0.935255 0.966188 0.933873 0.957643 0.744348 0.647734 0.792165 0.958584 0.885745
0.828908 0.893322 0.900465 0.932148 0.749756 0.852227 0.925909 0.844801 0.772056 0.862273 0.853017 0.881895 0.860252 0.818563 0.861867 0.731122 0.848568 0.822325 0.869526 0.914989 0.879794 0.925263 0.798592 0.931914 0.881753 0.919039 0.848548 0.963864 0.856382 0.814747 0.988387 0.979585 0.948996 0.945150 0.850316 0.000000 0.973647 0.851029 0.907143 0.897012 0.773519 0.889513 0.749714 0.790913 0.925670 0.844317 0.936002 0.843648 0.824987 0.916992 0.939689 0.956937 0.990481 0.993825 0.813362 0.967751 0.836402 0.926217 0.972314 0.829554 0.984679 0.898362 0.946034 0.909552 0.895527 0.807845 0.762871 0.759013 0.971172 0.983381 0.865395 0.897235 0.860423 0.873110 0.901945 0.929049 0.976448 0.967480 0.894800 0.940048 0.975325 0.979467 0.900618 0.888558 0.820206 0.761490 0.994758 0.952171 0.965342 0.991942 0.827041 0.828159 0.924231 0.992486 0.993392 0.993986 0.896781 0.997070 0.756807 0.778308 0.737978 0.981253 0.792460 0.888459 0.826781 0.982623 0.920773 0.923108 0.977817 0.933113 0.987253 0.922817 0.955348 0.953387 0.893543 0.858716
0.899384 0.922926 0.845689 0.696164 0.971161 0.955515 0.938219 0.898529 0.664595 0.942161 0.953073 0.895114 0.889513 0.940683 0.929894 0.782908 0.870669 0.916201 0.944952 0.747844 0.968844 0.912805 0.893664 0.864364 0.820194 0.767410 0.876446 0.952955 0.954795 0.925887 0.841161 0.776628 0.817528 0.865215 0.854222 0.973647 0.000000 0.785322 0.870717 0.730863 0.721815 0.778520 0.943477 0.968909 0.975473 0.846103 0.866758 0.977081 0.988005 0.885158 0.760994 0.798567 0.791628 0.792108 0.829367 0.984408 0.877558 0.878791 0.714630 0.713602 0.885941 0.775984 0.911833 0.910325 0.799214 0.691389 0.944492 0.887233 0.777573 0.778229 0.995711 0.815709 0.769547 0.838854 0.929265 0.891786 0.920169 0.992218 0.859727 0.886468 0.806491 0.890288 0.863429 0.799410 0.946449 0.908773 0.832737 0.909648 0.849010 0.751709 0.986970 0.933886 0.965526 0.979455 0.777672 0.876997 0.992297 0.906402 0.997619 0.969696 0.967684 0.932801 0.956093 0.958697 0.972570 0.848143 0.983426 0.901329 0.782472 0.985366 0.986139 0.919070 0.954255 0.967628 0.986893 0.953828
0.908927 0.876006 0.882303 0.761184 0.880134 0.989357 0.988203 0.957460 0.794483 0.905024 0.826470 0.996577 0.750543 0.889792 0.777922 0.999977 0.903516 0.995390 0.987207 0.948510 0.977458 0.907411 0.837444 0.912695 0.755791 0.764982 0.991661 0.989928 0.964182 0.940885 0.866126 0.980392 0.767516 0.952541 0.916471 0.851029 0.785322 0.000000 0.849927 0.942420 0.705410 0.959417 0.961619 0.951769 0.976058 0.945416 0.934642 0.992370 0.968764 0.902167 0.873548 0.905667 0.849808 0.886978 0.933870 0.826747 0.934107 0.896935 0.793855 0.655495 0.910836 0.751344 0.889637 0.931746 0.808252 0.604321 0.878789 0.797444 0.793214 0.928107 0.960502 0.873136 0.808098 0.924837 0.812166 0.963313 0.896535 0.985541 0.871684 0.869538 0.860339 0.849207 0.926715 0.924225 0.899608 0.843987 0.984901 0.908385 0.965905 0.866841 0.899153 0.831556 0.987111 0.945673 0.990603 0.939601 0.950509 0.911052 0.970645 0.927927 0.952460 0.997011 0.864511 0.986946 0.762165 0.813852 0.995167 0.895932 0.963889 0.960765 0.897728 0.997772 0.949542 0.983045 0.871561 0.927940
