0.000000 0.290591 0.697735 0.536785 0.751783 0.775883 0.744742 0.746225 0.948720 0.940318 0.481279 0.475111 0.354042 0.462433 0.489257 0.501172 0.429744 0.476258 0.465026 0.506759 0.731416 0.975771 0.601259 0.515501 0.726044 0.944918 0.749081 0.897259 0.594207 0.623549 0.966042 0.877145 0.555169 0.638836 0.982034 0.799011 0.739604 0.801687 0.663725 0.843647 0.784657 0.837927 0.790710 0.724997 0.789768 0.667851 0.408924 0.437072 0.469530 0.436673 0.654440 0.562479 0.858239 0.902750 0.551386 0.563371 0.361180 0.254886 0.336015 0.300461 0.403995 0.571185 0.402791 0.430293 0.572015 0.461325 0.839961 0.843752 0.529450 0.458526 0.970018 0.991967 0.902782 0.844173 0.800194 0.911129 0.733918 0.816418 0.544709 0.581079 0.339451 0.366342 0.550329 0.397634 0.446373 0.455883 0.908967 0.740663 0.551843 0.485897 0.939047 0.851755 0.995558 0.826491 0.855409 0.784443 0.850908 0.989429 0.745583 0.762808 0.922692 0.983159 0.977859 0.955652 0.657874 0.645872 0.976249 0.822959 0.926000 0.967009 0.977614 0.701013 0.787535 0.915316 0.733854 0.999937
0.290591 0.000000 0.700603 0.471119 0.847856 0.709523 0.599836 0.609936 0.891268 0.896796 0.408365 0.414928 0.483836 0.442579 0.608677 0.468412 0.334204 0.347369 0.426046 0.360584 0.645065 0.798815 0.633302 0.506093 0.753164 0.873941 0.855389 0.888098 0.413886 0.448766 0.739486 0.621237 0.445643 0.474510 0.964420 0.818702 0.707342 0.770621 0.718043 0.795609 0.835004 0.740831 0.561459 0.522014 0.604515 0.535639 0.459557 0.427049 0.422292 0.406625 0.489256 0.443887 0.682770 0.935164 0.660258 0.499866 0.288538 0.265103 0.428945 0.402172 0.383363 0.510261 0.338572 0.318652 0.678604 0.496354 0.716430 0.665118 0.624175 0.521438 0.768927 0.780227 0.721030 0.626085 0.787390 0.894185 0.641286 0.673827 0.508860 0.519171 0.348760 0.455696 0.499707 0.492154 0.585038 0.507807 0.964957 0.784681 0.676818 0.516928 0.938818 0.966383 0.883873 0.863708 0.818603 0.783476 0.858634 0.963663 0.627294 0.650035 0.948523 0.999241 0.805241 0.885397 0.599673 0.614884 0.999692 0.858859 0.845876 0.976617 0.938445 0.659342 0.706771 0.793790 0.741566 0.948612
0.697735 0.700603 0.000000 0.442593 0.524790 0.814792 0.537531 0.695059 0.673137 0.722445 0.840884 0.787822 0.580408 0.738030 0.591800 0.557204 0.791790 0.688513 0.473129 0.611285 0.529109 0.903638 0.381685 0.567083 0.490397 0.488947 0.960586 0.908470 0.593010 0.651849 0.583484 0.660326 0.492650 0.579567 0.819924 0.900654 0.508432 0.838773 0.682099 0.725134 0.870489 0.923374 0.610090 0.701195 0.679019 0.731190 0.619757 0.683938 0.755158 0.822052 0.821402 0.824666 0.862629 0.990983 0.725936 0.867818 0.729777 0.726230 0.728250 0.767663 0.472071 0.756346 0.779534 0.734991 0.435089 0.546257 0.575003 0.636607 0.951450 0.678229 0.693907 0.743733 0.682463 0.645684 0.971589 0.799021 0.650194 0.601577 0.855110 0.639716 0.790322 0.741170 0.754592 0.845023 0.651269 0.715182 0.924269 0.907085 0.818164 0.745356 0.759297 0.760636 0.784109 0.783962 0.846760 0.607430 0.936618 0.821775 0.677376 0.574292 0.871808 0.850066 0.879931 0.954812 0.723529 0.683186 0.830835 0.886671 0.942273 0.967424 0.811936 0.648305 0.554514 0.782098 0.893966 0.988783
0.536785 0.471119 0.442593 0.000000 0.700825 0.546414 0.412697 0.368579 0.662643 0.581206 0.636813 0.389153 0.541863 0.393132 0.636237 0.416131 0.580651 0.517170 0.389514 0.361612 0.545667 0.893979 0.383764 0.375652 0.634864 0.565924 0.975950 0.900797 0.462637 0.444392 0.484945 0.536036 0.383022 0.413221 0.847390 0.935054 0.689947 0.737815 0.759709 0.824362 0.879124 0.991591 0.518348 0.601567 0.552377 0.618648 0.433758 0.505629 0.670082 0.651333 0.608733 0.605871 0.725197 0.824041 0.640403 0.668003 0.620143 0.611159 0.635801 0.627018 0.337090 0.379786 0.494406 0.412637 0.635209 0.295387 0.492774 0.524095 0.914317 0.613804 0.632722 0.671099 0.619435 0.576773 0.771958 0.610737 0.585307 0.531613 0.757241 0.541604 0.650203 0.564926 0.615792 0.749239 0.682226 0.594076 0.985888 0.939545 0.757154 0.660400 0.652574 0.850572 0.658437 0.886185 0.719637 0.536514 0.753879 0.815060 0.502710 0.499752 0.648162 0.805968 0.738399 0.860503 0.552417 0.655429 0.849941 0.935214 0.745143 0.911033 0.836417 0.601374 0.579190 0.727155 0.685296 0.944821
0.751783 0.847856 0.524790 0.700825 0.000000 0.855663 0.851393 0.862236 0.924286 0.919886 0.949960 0.855645 0.543119 0.775021 0.550696 0.583262 0.950646 0.869722 0.760502 0.926075 0.778762 0.937534 0.496907 0.585537 0.634515 0.769828 0.639507 0.860114 0.861107 0.829128 0.935291 0.993670 0.745613 0.938409 0.897753 0.828529 0.803456 0.890481 0.939498 0.627277 0.860602 0.938087 0.874111 0.932752 0.929752 0.879778 0.722483 0.794821 0.662749 0.841122 0.961312 0.915089 0.957660 0.797505 0.685079 0.876336 0.947359 0.783036 0.797540 0.771300 0.642639 0.789190 0.853395 0.809547 0.461857 0.612692 0.968085 0.950627 0.832682 0.679896 0.886506 0.846017 0.853146 0.998816 0.917192 0.969164 0.880369 0.870996 0.962527 0.705310 0.807099 0.720025 0.793903 0.722683 0.518193 0.638643 0.622492 0.876084 0.607570 0.635300 0.955829 0.918284 0.937870 0.990141 0.875242 0.983874 0.938203 0.960966 0.989882 0.872553 0.803593 0.956862 0.923466 0.886337 0.998470 0.887833 0.819155 0.921438 0.976762 0.870918 0.888847 0.992145 0.720724 0.988537 0.930583 0.998967
0.775883 0.709523 0.814792 0.546414 0.855663 0.000000 0.607612 0.560682 0.710330 0.637066 0.753889 0.596627 0.896405 0.675741 0.895510 0.659445 0.739564 0.715264 0.706921 0.618613 0.782033 0.821713 0.776162 0.718536 0.924016 0.896356 0.836086 0.933748 0.716630 0.689977 0.644382 0.714374 0.554530 0.638030 0.763268 0.934923 0.977310 0.921512 0.985164 0.990383 0.751561 0.926504 0.706581 0.690949 0.725387 0.760362 0.804119 0.702301 0.829953 0.748172 0.670943 0.699222 0.655481 0.741749 0.739011 0.798316 0.818204 0.864691 0.908021 0.758419 0.688859 0.610106 0.745690 0.606354 0.988882 0.661777 0.726567 0.648149 0.964421 0.752943 0.772685 0.793234 0.706624 0.768027 0.953444 0.708130 0.750892 0.684584 0.920736 0.773286 0.848792 0.808850 0.887888 0.918934 0.958257 0.885388 0.999647 0.981287 0.990249 0.886864 0.692430 0.881499 0.688287 0.767218 0.883837 0.811447 0.906741 0.793539 0.648094 0.787037 0.669603 0.795930 0.912103 0.774545 0.799212 0.938354 0.992481 0.981882 0.872581 0.969451 0.847887 0.845715 0.830319 0.858060 0.768066 0.861262
0.744742 0.599836 0.537531 0.412697 0.851393 0.607612 0.000000 0.277734 0.417748 0.325184 0.604419 0.545124 0.864234 0.648485 0.877095 0.609360 0.563347 0.446831 0.404195 0.458893 0.655137 0.836920 0.607045 0.674604 0.958478 0.805811 0.667223 0.872479 0.375039 0.325736 0.334541 0.422487 0.339305 0.274579 0.620694 0.941209 0.827742 0.817187 0.831491 0.945726 0.808443 0.877390 0.291800 0.353640 0.253239 0.372701 0.746124 0.563169 0.669968 0.612395 0.442842 0.477844 0.415833 0.443730 0.848471 0.849715 0.614359 0.751418 0.767386 0.824040 0.385348 0.534901 0.473441 0.388247 0.949471 0.651052 0.237120 0.290623 0.956251 0.752152 0.456458 0.423150 0.440599 0.397791 0.951043 0.645731 0.487301 0.469692 0.695426 0.662446 0.795727 0.933935 0.830585 0.915919 0.932636 0.996543 0.875726 0.857908 0.931486 0.919192 0.366189 0.543593 0.460561 0.661044 0.768484 0.585784 0.574811 0.648547 0.253043 0.302537 0.457132 0.506318 0.525648 0.643136 0.460820 0.663012 0.665043 0.693738 0.647015 0.831100 0.599272 0.493425 0.360241 0.669716 0.596491 0.884632
0.746225 0.609936 0.695059 0.368579 0.862236 0.560682 0.277734 0.000000 0.532279 0.312865 0.624649 0.365380 0.819456 0.495437 0.968567 0.701683 0.683965 0.602893 0.586308 0.489695 0.773293 0.913393 0.707965 0.696434 0.990639 0.870540 0.661030 0.900937 0.470069 0.416838 0.496627 0.532555 0.479612 0.389839 0.671694 0.988849 0.989596 0.907300 0.925389 0.920092 0.868443 0.975017 0.443135 0.506726 0.358255 0.413014 0.665595 0.554043 0.636632 0.557568 0.437006 0.456466 0.451084 0.472400 0.767924 0.664079 0.802999 0.820077 0.736033 0.684597 0.382183 0.286497 0.474370 0.313818 0.971573 0.494592 0.357030 0.325674 0.906879 0.713315 0.646158 0.632922 0.568622 0.557760 0.838299 0.634675 0.539379 0.611795 0.832573 0.782294 0.802558 0.853937 0.877250 0.974613 0.970933 0.946070 0.943586 0.955720 0.940090 0.807740 0.449375 0.748395 0.522607 0.818002 0.806620 0.684166 0.610222 0.715723 0.350120 0.437402 0.420656 0.655589 0.669819 0.762460 0.499575 0.713505 0.702531 0.843285 0.666678 0.760388 0.652907 0.623655 0.497892 0.709735 0.639991 0.848856
0.948720 0.891268 0.673137 0.662643 0.924286 0.710330 0.417748 0.532279 0.000000 0.407405 0.777354 0.753916 0.997453 0.944665 0.952584 0.759694 0.808192 0.683131 0.754003 0.694910 0.675675 0.786623 0.765050 0.896175 0.961388 0.750320 0.726278 0.882709 0.540702 0.609309 0.460887 0.611846 0.599422 0.520254 0.681707 0.942753 0.768466 0.955059 0.804416 0.995512 0.715690 0.892758 0.524006 0.609271 0.536262 0.710140 0.946352 0.905351 0.880622 0.927658 0.749309 0.825033 0.605841 0.620013 0.973292 0.906017 0.827187 0.990465 0.902749 0.837727 0.691444 0.727160 0.780556 0.717111 0.952965 0.864311 0.451884 0.548886 0.974591 0.809628 0.492645 0.538438 0.554253 0.579715 0.927446 0.729550 0.667310 0.646044 0.911832 0.732316 0.940567 0.873565 0.934405 0.844226 0.871463 0.846822 0.874409 0.895864 0.795481 0.843033 0.484499 0.504981 0.573599 0.524487 0.768108 0.761731 0.871366 0.709859 0.515972 0.504557 0.576359 0.661818 0.717599 0.841501 0.725427 0.865156 0.755960 0.723542 0.831002 0.933987 0.733779 0.726744 0.682528 0.740890 0.795869 0.864430
0.940318 0.896796 0.722445 0.581206 0.919886 0.637066 0.325184 0.312865 0.407405 0.000000 0.828732 0.644249 0.929434 0.858970 0.961886 0.815839 0.821992 0.692058 0.686746 0.630490 0.811965 0.913094 0.812829 0.940788 0.929090 0.880520 0.615396 0.867113 0.551046 0.532887 0.428162 0.545007 0.602733 0.442519 0.583513 0.777486 0.986444 0.930242 0.894097 0.922702 0.902805 0.977361 0.510398 0.585770 0.430785 0.583379 0.937004 0.778901 0.886433 0.906856 0.679176 0.736939 0.564212 0.508678 0.971325 0.930548 0.974106 0.881405 0.969434 0.941804 0.639057 0.560878 0.714636 0.582796 0.866790 0.798274 0.359556 0.420956 0.842639 0.855798 0.483157 0.499665 0.577180 0.528464 0.985102 0.704789 0.676428 0.627439 0.996746 0.839560 0.975947 0.874653 0.958620 0.704553 0.751589 0.766290 0.828316 0.831139 0.859502 0.892169 0.343204 0.542302 0.457605 0.578225 0.876108 0.718832 0.667507 0.688238 0.369578 0.450587 0.426816 0.532586 0.680551 0.831773 0.649840 0.855610 0.745802 0.835593 0.772306 0.899081 0.554160 0.654697 0.517860 0.763989 0.771202 0.798724
0.481279 0.408365 0.840884 0.636813 0.949960 0.753889 0.604419 0.624649 0.777354 0.828732 0.000000 0.444000 0.606752 0.502243 0.662264 0.615173 0.428229 0.436168 0.514949 0.546096 0.732274 0.968344 0.794561 0.663073 0.984029 0.987944 0.960595 0.951027 0.466349 0.446984 0.796448 0.754769 0.531634 0.534776 0.899834 0.815186 0.806701 0.772115 0.657106 0.837845 0.785534 0.826697 0.616706 0.586550 0.687461 0.630060 0.605768 0.644757 0.559734 0.606134 0.571412 0.579039 0.729732 0.868552 0.728215 0.669706 0.452325 0.449604 0.563006 0.588147 0.485611 0.538822 0.442751 0.406783 0.866961 0.605574 0.757918 0.664768 0.808754 0.633713 0.880625 0.852469 0.655011 0.711762 0.811776 0.781182 0.624152 0.830514 0.577071 0.612580 0.454598 0.485399 0.646289 0.586820 0.724826 0.663948 0.905566 0.633430 0.762790 0.657252 0.968847 0.885448 0.968362 0.882230 0.806156 0.793757 0.884101 0.954748 0.702223 0.827386 0.964204 0.979966 0.863069 0.972167 0.724361 0.799004 0.916544 0.943156 0.784630 0.922076 0.955320 0.758158 0.617423 0.941688 0.711513 0.752532
0.475111 0.414928 0.787822 0.389153 0.855645 0.596627 0.545124 0.365380 0.753916 0.644249 0.444000 0.000000 0.504796 0.284911 0.675019 0.475066 0.558538 0.506230 0.538864 0.455638 0.704714 0.996570 0.641582 0.534388 0.936585 0.935494 0.959080 0.936232 0.454317 0.445267 0.760636 0.703818 0.506937 0.509573 0.960844 0.898424 0.960181 0.848350 0.810274 0.945866 0.932414 0.949799 0.659283 0.646608 0.637089 0.578888 0.456765 0.505520 0.558530 0.496322 0.528722 0.477480 0.653296 0.767767 0.656916 0.592928 0.613801 0.537516 0.559658 0.499238 0.364429 0.228545 0.391087 0.288493 0.824917 0.307827 0.690163 0.576645 0.895072 0.597630 0.876462 0.835686 0.708204 0.707121 0.772304 0.769750 0.642499 0.729786 0.715570 0.673456 0.540988 0.502041 0.633864 0.604348 0.691929 0.603591 0.893757 0.745672 0.659665 0.674483 0.797979 0.938523 0.839136 0.909158 0.788441 0.735591 0.822681 0.841417 0.624408 0.689440 0.726157 0.958427 0.909398 0.950740 0.545436 0.725603 0.961020 0.980183 0.809134 0.899593 0.950871 0.676481 0.703217 0.893559 0.724715 0.860296
0.354042 0.483836 0.580408 0.541863 0.543119 0.896405 0.864234 0.819456 0.997453 0.929434 0.606752 0.504796 0.000000 0.426384 0.299518 0.359973 0.670534 0.678355 0.555608 0.638857 0.732350 0.943800 0.384370 0.411673 0.714733 0.866846 0.621063 0.720569 0.665876 0.725332 0.924564 0.949037 0.670392 0.805494 0.972369 0.755111 0.687674 0.943652 0.752975 0.739420 0.982194 0.966797 0.865036 0.900489 0.930913 0.811901 0.432009 0.520627 0.509106 0.605482 0.809160 0.721893 0.975133 0.766248 0.636067 0.693824 0.626935 0.401637 0.452917 0.414435 0.433754 0.561991 0.593156 0.586123 0.345023 0.358644 0.994102 0.977105 0.724893 0.501307 0.851842 0.860935 0.899368 0.999623 0.797799 0.902440 0.812355 0.897715 0.745210 0.638105 0.583122 0.408421 0.569038 0.468614 0.354943 0.422325 0.817297 0.785870 0.518101 0.564930 0.872210 0.816524 0.868651 0.819049 0.813016 0.811094 0.967770 0.966226 0.920590 0.842823 0.793995 0.857803 0.838582 0.849003 0.835823 0.699182 0.918560 0.972506 0.959310 0.942236 0.909726 0.781247 0.853938 0.992789 0.825607 0.931377
0.462433 0.442579 0.738030 0.393132 0.775021 0.675741 0.648485 0.495437 0.944665 0.858970 0.502243 0.284911 0.426384 0.000000 0.603478 0.446109 0.598106 0.576987 0.530022 0.517982 0.759656 0.990381 0.521546 0.349032 0.871818 0.879389 0.981156 0.870729 0.554313 0.443766 0.785959 0.653007 0.522981 0.620427 0.964506 0.807721 0.871614 0.821301 0.827604 0.828246 0.977007 0.898284 0.636857 0.628698 0.711236 0.613477 0.417875 0.495596 0.595065 0.485802 0.515305 0.479808 0.730068 0.837457 0.600465 0.576062 0.627132 0.524062 0.506238 0.479565 0.426798 0.359166 0.506501 0.381992 0.765050 0.292045 0.814888 0.683207 0.992247 0.718679 0.999837 0.888419 0.764696 0.774439 0.806050 0.733857 0.675915 0.774482 0.704161 0.610448 0.575390 0.464357 0.557933 0.557663 0.635752 0.476876 0.832011 0.720992 0.631552 0.585822 0.966274 0.781223 0.979664 0.753758 0.764268 0.767122 0.825981 0.952259 0.736521 0.801595 0.835064 0.999530 0.958494 0.987909 0.660640 0.753519 0.955199 0.937961 0.769993 0.863992 0.987949 0.781519 0.759283 0.904308 0.667901 0.901341
0.489257 0.608677 0.591800 0.636237 0.550696 0.895510 0.877095 0.968567 0.952584 0.961886 0.662264 0.675019 0.299518 0.603478 0.000000 0.323698 0.635649 0.600598 0.516042 0.665749 0.573836 0.922833 0.330178 0.421222 0.620996 0.738523 0.551333 0.685218 0.683236 0.714176 0.930961 0.981945 0.622307 0.807411 0.973040 0.887226 0.676495 0.918148 0.833312 0.637518 0.917289 0.972715 0.874120 0.901418 0.998486 0.961881 0.622624 0.656119 0.710956 0.818871 0.977390 0.930414 0.933842 0.702279 0.726434 0.826349 0.589567 0.477635 0.632355 0.661173 0.592818 0.785253 0.715999 0.741712 0.350372 0.503063 0.990218 0.960661 0.615982 0.568057 0.973716 0.967855 0.949774 0.897952 0.815682 0.803629 0.902668 0.889545 0.859898 0.545753 0.586487 0.475966 0.560226 0.542640 0.390501 0.446451 0.765915 0.799122 0.557439 0.678602 0.952166 0.887239 0.894406 0.918543 0.701734 0.741289 0.991691 0.988210 0.898043 0.871984 0.758115 0.981139 0.875753 0.904324 0.884493 0.823454 0.989712 0.875183 0.959813 0.871891 0.913839 0.803878 0.809573 0.980849 0.846290 0.951727
0.501172 0.468412 0.557204 0.416131 0.583262 0.659445 0.609360 0.701683 0.759694 0.815839 0.615173 0.475066 0.359973 0.446109 0.323698 0.000000 0.552473 0.484464 0.392007 0.472734 0.584535 0.908836 0.271655 0.296053 0.714970 0.729634 0.745883 0.809263 0.537873 0.511368 0.665535 0.722937 0.444481 0.595021 0.985256 0.807739 0.597764 0.779072 0.748147 0.742865 0.893406 0.935225 0.600934 0.642162 0.737621 0.742746 0.533305 0.562839 0.603658 0.670159 0.710202 0.667288 0.805121 0.978640 0.764814 0.888012 0.508829 0.503541 0.673334 0.704549 0.472595 0.610317 0.598525 0.545210 0.457896 0.399506 0.784757 0.804300 0.786346 0.656315 0.766800 0.711181 0.827981 0.720679 0.856317 0.752371 0.741847 0.625643 0.732026 0.511561 0.658464 0.589842 0.580953 0.669215 0.553010 0.541555 0.958851 0.892478 0.667029 0.787672 0.809955 0.874749 0.870457 0.933657 0.652570 0.663417 0.982236 0.827069 0.693518 0.616286 0.975559 0.934486 0.924865 0.958989 0.703259 0.782938 0.909533 0.981453 0.813468 0.862752 0.916966 0.591194 0.677558 0.927205 0.801761 0.944963
0.429744 0.334204 0.791790 0.580651 0.950646 0.739564 0.563347 0.683965 0.808192 0.821992 0.428229 0.558538 0.670534 0.598106 0.635649 0.552473 0.000000 0.259089 0.458395 0.442378 0.620516 0.778061 0.738108 0.625771 0.903760 0.907186 0.961402 0.841320 0.440279 0.392225 0.644441 0.612234 0.478337 0.471280 0.944972 0.872009 0.771270 0.797830 0.869882 0.879505 0.746832 0.717599 0.526439 0.496600 0.623270 0.624380 0.597748 0.537480 0.575578 0.560707 0.568383 0.579123 0.752720 0.906600 0.696286 0.676635 0.296885 0.375687 0.577633 0.658880 0.528372 0.688553 0.376106 0.376420 0.841269 0.717674 0.668610 0.667290 0.629755 0.560089 0.669155 0.676489 0.657438 0.544891 0.785859 0.832535 0.726215 0.724926 0.561448 0.458707 0.385209 0.502713 0.527716 0.642614 0.743574 0.696533 0.892569 0.827992 0.781887 0.679462 0.832138 0.962343 0.900050 0.946724 0.805309 0.737823 0.744874 0.919677 0.584610 0.646197 0.928057 0.860209 0.886656 0.786559 0.638757 0.711215 0.905986 0.786525 0.744684 0.957447 0.756506 0.701247 0.637004 0.831536 0.740988 0.924196
0.476258 0.347369 0.688513 0.517170 0.869722 0.715264 0.446831 0.602893 0.683131 0.692058 0.436168 0.506230 0.678355 0.576987 0.600598 0.484464 0.259089 0.000000 0.335758 0.398842 0.553105 0.793965 0.664609 0.543314 0.831157 0.843093 0.941816 0.954098 0.353183 0.302526 0.517768 0.460378 0.343393 0.364862 0.885871 0.920130 0.816843 0.790478 0.780762 0.900271 0.838701 0.691410 0.405474 0.398558 0.526208 0.556070 0.599684 0.529167 0.605712 0.589118 0.526754 0.561586 0.694280 0.847887 0.719218 0.675590 0.280761 0.408225 0.602382 0.726143 0.466508 0.649302 0.334574 0.341287 0.826838 0.668796 0.588484 0.558627 0.721550 0.664210 0.604573 0.586874 0.594527 0.497889 0.875103 0.771731 0.618432 0.558902 0.510183 0.382314 0.403608 0.531269 0.532201 0.630386 0.748534 0.679778 0.955781 0.810019 0.844033 0.725677 0.784324 0.891023 0.851562 0.999622 0.772732 0.620957 0.692062 0.829106 0.476195 0.540996 0.842934 0.756880 0.760036 0.707907 0.566905 0.686637 0.849539 0.801107 0.799283 0.987403 0.782007 0.593764 0.514979 0.799682 0.685102 0.905645
0.465026 0.426046 0.473129 0.389514 0.760502 0.706921 0.404195 0.586308 0.754003 0.686746 0.514949 0.538864 0.555608 0.530022 0.516042 0.392007 0.458395 0.335758 0.000000 0.388112 0.555778 0.843296 0.445956 0.445724 0.738278 0.767730 0.977575 0.952817 0.426447 0.398486 0.522565 0.524470 0.360632 0.344820 0.916843 0.919454 0.732019 0.748451 0.772209 0.836612 0.942807 0.818488 0.502356 0.547657 0.557596 0.603591 0.578390 0.521102 0.656240 0.642388 0.625287 0.636641 0.726691 0.806428 0.811935 0.767293 0.415641 0.464094 0.599503 0.669373 0.416321 0.662395 0.479056 0.481913 0.681653 0.538904 0.528445 0.615236 0.784744 0.705202 0.612801 0.559889 0.575517 0.498530 0.944558 0.699332 0.581972 0.517766 0.671567 0.533166 0.590611 0.594452 0.662456 0.743354 0.759721 0.726613 0.978181 0.959960 0.820517 0.809374 0.663474 0.775275 0.714582 0.810396 0.735994 0.584350 0.700648 0.843407 0.467542 0.498216 0.791992 0.727694 0.759484 0.774349 0.642836 0.694750 0.825889 0.846064 0.753807 0.952170 0.817719 0.476557 0.406672 0.789690 0.705586 0.926207
0.506759 0.360584 0.611285 0.361612 0.926075 0.618613 0.458893 0.489695 0.694910 0.630490 0.546096 0.455638 0.638857 0.517982 0.665749 0.472734 0.442378 0.398842 0.388112 0.000000 0.634363 0.781789 0.547230 0.501693 0.758119 0.753081 0.936370 0.888790 0.395829 0.436833 0.521847 0.518879 0.437718 0.351100 0.936502 0.984812 0.715201 0.789294 0.701246 0.921241 0.764553 0.836675 0.537594 0.559678 0.597498 0.636543 0.619785 0.519023 0.714690 0.625964 0.609789 0.631736 0.707628 0.764490 0.745678 0.656500 0.473680 0.531013 0.703214 0.656733 0.460543 0.541316 0.475015 0.459299 0.793268 0.518916 0.572623 0.607784 0.814940 0.581838 0.538919 0.566974 0.550067 0.514331 0.726574 0.786975 0.551084 0.581448 0.714250 0.566368 0.567754 0.622755 0.641978 0.747033 0.795973 0.719020 0.862125 0.959081 0.812633 0.773167 0.632147 0.773843 0.616081 0.855378 0.808118 0.589075 0.746397 0.788902 0.471795 0.505798 0.742773 0.769833 0.722003 0.839718 0.595849 0.715465 0.852854 0.849359 0.738147 0.962219 0.838033 0.583371 0.624136 0.747326 0.739238 0.822429
0.731416 0.645065 0.529109 0.545667 0.778762 0.782033 0.655137 0.773293 0.675675 0.811965 0.732274 0.704714 0.732350 0.759656 0.573836 0.584535 0.620516 0.553105 0.555778 0.634363 0.000000 0.746815 0.567147 0.693548 0.695142 0.617565 0.878733 0.924338 0.564342 0.601008 0.554041 0.652849 0.605754 0.607966 0.949938 0.960916 0.703870 0.917476 0.887341 0.718174 0.839467 0.942385 0.720472 0.750522 0.809578 0.878562 0.792066 0.816593 0.878975 0.899973 0.892221 0.911841 0.917422 0.982931 0.812855 0.920899 0.613532 0.695070 0.891077 0.936403 0.699485 0.810836 0.747732 0.704413 0.664135 0.694277 0.723293 0.771855 0.792128 0.652292 0.653097 0.726977 0.651463 0.656346 0.984767 0.752945 0.818027 0.647419 0.820076 0.611452 0.715769 0.681746 0.696897 0.787422 0.761991 0.739380 0.765204 0.950806 0.918423 0.898662 0.805934 0.953420 0.848689 0.871562 0.647069 0.756868 0.920885 0.961402 0.742663 0.721590 0.937132 0.808869 0.921357 0.926504 0.642175 0.839651 0.958216 0.918521 0.860080 0.885089 0.885801 0.710034 0.730248 0.943913 0.878853 0.987938
0.975771 0.798815 0.903638 0.893979 0.937534 0.821713 0.836920 0.913393 0.786623 0.913094 0.968344 0.996570 0.943800 0.990381 0.922833 0.908836 0.778061 0.793965 0.843296 0.781789 0.746815 0.000000 0.903454 0.929548 0.974728 0.953752 0.920225 0.912406 0.812738 0.911151 0.787743 0.797959 0.813065 0.826694 0.976250 0.985945 0.941080 0.979787 0.917894 0.857789 0.951928 0.999668 0.831375 0.803965 0.857238 0.922533 0.897388 0.837650 0.961686 0.898666 0.905092 0.954287 0.791355 0.819954 0.997338 0.953362 0.851224 0.895653 0.875194 0.953583 0.996492 0.932031 0.980709 0.915637 0.964173 0.925236 0.804228 0.995032 0.840593 0.921260 0.725624 0.702894 0.912281 0.812212 0.966913 0.747310 0.904253 0.861419 0.935853 0.982458 0.985984 0.988058 0.982510 0.973272 0.914787 0.951348 0.913686 0.861067 0.977801 0.954194 0.725966 0.791198 0.766839 0.746587 0.877766 0.862689 0.857947 0.893447 0.765392 0.849484 0.845855 0.841479 0.860370 0.751839 0.789370 0.799073 0.845462 0.824165 0.827718 0.891421 0.904836 0.935489 0.955150 0.674624 0.862795 0.901855
0.601259 0.633302 0.381685 0.383764 0.496907 0.776162 0.607045 0.707965 0.765050 0.812829 0.794561 0.641582 0.384370 0.521546 0.330178 0.271655 0.738108 0.664609 0.445956 0.547230 0.567147 0.903454 0.000000 0.292293 0.524927 0.503580 0.768185 0.829826 0.594837 0.597995 0.614033 0.712970 0.459238 0.622570 0.931163 0.947803 0.538202 0.811981 0.738291 0.700315 0.903611 0.995177 0.626447 0.717774 0.726354 0.765265 0.564065 0.599880 0.691162 0.754965 0.807070 0.781491 0.872092 0.963805 0.744367 0.876567 0.693996 0.655030 0.736948 0.747651 0.454723 0.669512 0.747649 0.694162 0.356020 0.393315 0.722101 0.783492 0.885230 0.680794 0.765384 0.716203 0.834269 0.687421 0.784539 0.693763 0.764473 0.613113 0.859725 0.576420 0.769689 0.662288 0.638666 0.765530 0.520638 0.526479 0.869889 0.991784 0.704179 0.775187 0.776166 0.828962 0.801207 0.870644 0.686764 0.630528 0.901008 0.871368 0.674652 0.569761 0.945494 0.869148 0.875215 0.972761 0.685739 0.699181 0.827883 0.964865 0.843155 0.930634 0.927342 0.682589 0.645231 0.850520 0.741188 0.973032
0.515501 0.506093 0.567083 0.375652 0.585537 0.718536 0.674604 0.696434 0.896175 0.940788 0.663073 0.534388 0.411673 0.349032 0.421222 0.296053 0.625771 0.543314 0.445724 0.501693 0.693548 0.929548 0.292293 0.000000 0.618671 0.651891 0.806736 0.834792 0.614419 0.514173 0.697484 0.645787 0.459714 0.634854 0.945174 0.804886 0.682343 0.790386 0.697268 0.750539 0.938790 0.955133 0.623361 0.660262 0.784293 0.775372 0.523328 0.639157 0.692459 0.678423 0.700655 0.683380 0.862294 0.979684 0.715259 0.718136 0.585508 0.553286 0.658319 0.663543 0.499995 0.615450 0.617659 0.573472 0.544540 0.369666 0.842686 0.817742 0.896383 0.753723 0.899046 0.799760 0.817016 0.742992 0.809828 0.717698 0.750965 0.700690 0.678553 0.486551 0.654960 0.523725 0.555780 0.587422 0.548497 0.440133 0.870885 0.804115 0.661116 0.610242 0.966131 0.977679 0.989090 0.892173 0.798267 0.718286 0.917043 0.870082 0.759482 0.689285 0.997306 0.962997 0.902764 0.960023 0.794965 0.830140 0.928822 0.987147 0.823484 0.967054 0.996972 0.712351 0.707243 0.917858 0.777348 0.990143
0.726044 0.753164 0.490397 0.634864 0.634515 0.924016 0.958478 0.990639 0.961388 0.929090 0.984029 0.936585 0.714733 0.871818 0.620996 0.714970 0.903760 0.831157 0.738278 0.758119 0.695142 0.974728 0.524927 0.618671 0.000000 0.409114 0.662042 0.928620 0.804582 0.908451 0.790123 0.827516 0.671569 0.821854 0.963566 0.995134 0.583994 0.797715 0.710931 0.671613 0.909820 0.919214 0.946022 0.976268 0.981382 0.912547 0.671238 0.906998 0.936080 0.994297 0.888233 0.881732 0.722866 0.583165 0.747020 0.814591 0.774869 0.786398 0.800144 0.848718 0.700897 0.899217 0.928643 0.969797 0.432137 0.603077 0.953656 0.917969 0.737778 0.747656 0.828680 0.910460 0.938091 0.763713 0.803412 0.862352 0.951781 0.742488 0.995200 0.671808 0.678943 0.678467 0.688265 0.672414 0.438357 0.485806 0.837941 0.976168 0.740082 0.660967 0.896175 0.961763 0.949389 0.980565 0.915386 0.688986 0.929807 0.996906 0.960686 0.901088 0.845654 0.810880 0.994396 0.970027 0.855707 0.835207 0.966964 0.922275 0.891948 0.978647 0.861538 0.991685 0.866486 0.992680 0.949466 0.853413
0.944918 0.873941 0.488947 0.565924 0.769828 0.896356 0.805811 0.870540 0.750320 0.880520 0.987944 0.935494 0.866846 0.879389 0.738523 0.729634 0.907186 0.843093 0.767730 0.753081 0.617565 0.953752 0.503580 0.651891 0.409114 0.000000 0.906030 0.943899 0.746041 0.827773 0.537523 0.653523 0.634413 0.734590 0.918876 0.938813 0.537211 0.765232 0.725239 0.683673 0.873164 0.965021 0.765485 0.890711 0.866728 0.974145 0.768216 0.961149 0.995935 0.938146 0.997688 0.933019 0.931575 0.847457 0.898746 0.983998 0.878497 0.973697 0.991143 0.938189 0.746355 0.869944 0.996523 0.970594 0.567281 0.659933 0.771965 0.780884 0.961631 0.914232 0.642636 0.712476 0.753809 0.604379 0.865934 0.734045 0.869774 0.713712 0.933610 0.702269 0.845597 0.809522 0.722266 0.902884 0.670127 0.681957 0.899515 0.993090 0.973168 0.829627 0.858803 0.833593 0.833055 0.891681 0.834066 0.747741 0.883190 0.976737 0.818561 0.754429 0.896123 0.969973 0.873979 0.934555 0.818246 0.887513 0.864914 0.974969 0.971366 0.936885 0.953674 0.905805 0.825834 0.891086 0.994881 0.886586
0.749081 0.855389 0.960586 0.975950 0.639507 0.836086 0.667223 0.661030 0.726278 0.615396 0.960595 0.959080 0.621063 0.981156 0.551333 0.745883 0.961402 0.941816 0.977575 0.936370 0.878733 0.920225 0.768185 0.806736 0.662042 0.906030 0.000000 0.755220 0.939451 0.860767 0.733825 0.743191 0.922355 0.748296 0.836636 0.823221 0.845651 0.920672 0.943577 0.640149 0.959948 0.867438 0.804272 0.749714 0.625333 0.721424 0.861446 0.977765 0.886946 0.893089 0.725805 0.789961 0.669606 0.426859 0.910132 0.972599 0.835968 0.740775 0.909541 0.869440 0.964660 0.903583 0.953891 0.904302 0.545860 0.857150 0.595251 0.600479 0.641211 0.808254 0.778111 0.764353 0.665085 0.844501 0.820066 0.891611 0.748193 0.836555 0.872172 0.825112 0.750016 0.709248 0.805335 0.648293 0.449349 0.522302 0.746363 0.739065 0.606722 0.743252 0.603595 0.715816 0.669242 0.765766 0.837698 0.994678 0.769331 0.806009 0.687318 0.784290 0.524574 0.655919 0.718638 0.820110 0.916126 0.931703 0.939510 0.783229 0.726823 0.854724 0.753276 0.870309 0.870392 0.819027 0.951371 0.892411
0.897259 0.888098 0.908470 0.900797 0.860114 0.933748 0.872479 0.900937 0.882709 0.867113 0.951027 0.936232 0.720569 0.870729 0.685218 0.809263 0.841320 0.954098 0.952817 0.888790 0.924338 0.912406 0.829826 0.834792 0.928620 0.943899 0.755220 0.000000 0.999854 0.964768 0.828988 0.839777 0.917429 0.933348 0.967794 0.819486 0.881683 0.787159 0.942747 0.710315 0.990154 0.779052 0.978061 0.928719 0.870764 0.918908 0.803184 0.826803 0.908226 0.980902 0.936651 0.933597 0.901748 0.727075 0.821026 0.819631 0.949770 0.816081 0.880657 0.817835 0.955368 0.974049 0.949540 0.994865 0.717941 0.856813 0.826048 0.892087 0.905022 0.759948 0.987122 0.926871 0.819134 0.901707 0.805167 0.929141 0.952476 0.807567 0.920479 0.843855 0.926963 0.770751 0.899553 0.819481 0.752517 0.769071 0.992169 0.981802 0.723697 0.728918 0.790144 0.852095 0.799595 0.806991 0.927884 0.984353 0.992223 0.830581 0.863528 0.933100 0.753518 0.887415 0.776611 0.906272 0.926069 0.952783 0.940375 0.776465 0.922725 0.835484 0.830118 0.959733 0.921878 0.975867 0.860517 0.941367
0.594207 0.413886 0.593010 0.462637 0.861107 0.716630 0.375039 0.470069 0.540702 0.551046 0.466349 0.454317 0.665876 0.554313 0.683236 0.537873 0.440279 0.353183 0.426447 0.395829 0.564342 0.812738 0.594837 0.614419 0.804582 0.746041 0.939451 0.999854 0.000000 0.337811 0.488466 0.477842 0.360514 0.330023 0.831320 0.979947 0.759416 0.809774 0.754878 0.952255 0.834287 0.818221 0.436355 0.470346 0.459690 0.526009 0.618196 0.572199 0.616506 0.632772 0.528764 0.581561 0.636081 0.725062 0.855940 0.664745 0.480604 0.587528 0.696423 0.716632 0.407815 0.551031 0.430092 0.396028 0.796415 0.559916 0.507886 0.500422 0.913923 0.620865 0.539877 0.554785 0.476998 0.413215 0.792659 0.784272 0.522870 0.539651 0.666378 0.520543 0.608877 0.670896 0.650597 0.766250 0.806284 0.754106 0.966983 0.968324 0.892525 0.849705 0.668227 0.794980 0.718364 0.823223 0.760211 0.632908 0.765461 0.756670 0.438669 0.529145 0.715159 0.740037 0.708756 0.842478 0.494498 0.681491 0.841983 0.782122 0.817045 0.916938 0.878794 0.579189 0.529043 0.731201 0.681057 0.862403
0.623549 0.448766 0.651849 0.444392 0.829128 0.689977 0.325736 0.416838 0.609309 0.532887 0.446984 0.445267 0.725332 0.443766 0.714176 0.511368 0.392225 0.302526 0.398486 0.436833 0.601008 0.911151 0.597995 0.514173 0.908451 0.827773 0.860767 0.964768 0.337811 0.000000 0.410996 0.373273 0.355782 0.357365 0.852890 0.993633 0.802436 0.740114 0.835969 0.886934 0.845756 0.810366 0.329934 0.320497 0.388011 0.439485 0.608773 0.545675 0.609153 0.562375 0.419566 0.450470 0.531373 0.647964 0.727107 0.670521 0.446845 0.585965 0.625347 0.775151 0.402003 0.505833 0.361257 0.308235 0.895352 0.576707 0.470091 0.392032 0.975919 0.703559 0.605059 0.525432 0.472125 0.382950 0.868704 0.687438 0.564096 0.526238 0.643401 0.447548 0.527410 0.662278 0.519598 0.778174 0.869226 0.732640 0.992615 0.845675 0.881523 0.775350 0.695021 0.898249 0.828548 0.979711 0.741571 0.736448 0.672331 0.885089 0.464239 0.494933 0.709886 0.751391 0.674482 0.779657 0.521166 0.703137 0.802924 0.909448 0.763940 0.875446 0.727371 0.623309 0.469371 0.776901 0.639702 0.856351
0.966042 0.739486 0.583484 0.484945 0.935291 0.644382 0.334541 0.496627 0.460887 0.428162 0.796448 0.760636 0.924564 0.785959 0.930961 0.665535 0.644441 0.517768 0.522565 0.521847 0.554041 0.787743 0.614033 0.697484 0.790123 0.537523 0.733825 0.828988 0.488466 0.410996 0.000000 0.267538 0.411395 0.366358 0.744408 0.904906 0.695569 0.671059 0.881798 0.975597 0.788063 0.826137 0.346107 0.435239 0.426291 0.607977 0.885434 0.815584 0.918564 0.862972 0.627886 0.729574 0.613084 0.575232 0.935911 0.985031 0.671351 0.953695 0.985483 0.853855 0.654481 0.766032 0.762352 0.637885 0.978404 0.786345 0.387968 0.416032 0.898087 0.975446 0.300362 0.289885 0.388729 0.311081 0.992368 0.643304 0.614824 0.359412 0.883608 0.625799 0.883711 0.987431 0.799717 0.844444 0.875666 0.986325 0.900691 0.811896 0.832189 0.922088 0.459223 0.552060 0.513601 0.621974 0.739322 0.647297 0.746482 0.831429 0.363975 0.428249 0.505545 0.580328 0.541408 0.693866 0.592326 0.810737 0.715200 0.812988 0.723728 0.961584 0.635967 0.634739 0.522711 0.703534 0.740756 0.945557
0.877145 0.621237 0.660326 0.536036 0.993670 0.714374 0.422487 0.532555 0.611846 0.545007 0.754769 0.703818 0.949037 0.653007 0.981945 0.722937 0.612234 0.460378 0.524470 0.518879 0.652849 0.797959 0.712970 0.645787 0.827516 0.653523 0.743191 0.839777 0.477842 0.373273 0.267538 0.000000 0.445199 0.402093 0.834758 0.929789 0.789476 0.692391 0.848696 0.955658 0.920238 0.822709 0.365534 0.399492 0.475484 0.586818 0.805525 0.727476 0.907452 0.796603 0.574234 0.646145 0.641718 0.633442 0.928050 0.798494 0.625126 0.889648 0.936496 0.969215 0.661725 0.754010 0.676700 0.590320 0.940643 0.787682 0.476273 0.461790 0.896508 0.992500 0.407930 0.375173 0.392810 0.338067 0.979667 0.755960 0.595482 0.400556 0.761599 0.599795 0.793921 0.926791 0.760741 0.998401 0.881538 0.902182 0.892521 0.998875 0.856109 0.966084 0.632295 0.730202 0.655681 0.813842 0.817753 0.723249 0.753508 0.879471 0.483506 0.513217 0.553084 0.624101 0.555324 0.716384 0.602738 0.778414 0.809144 0.841137 0.798875 0.953962 0.688500 0.700322 0.568894 0.728189 0.728096 0.991914
0.555169 0.445643 0.492650 0.383022 0.745613 0.554530 0.339305 0.479612 0.599422 0.602733 0.531634 0.506937 0.670392 0.522981 0.622307 0.444481 0.478337 0.343393 0.360632 0.437718 0.605754 0.813065 0.459238 0.459714 0.671569 0.634413 0.922355 0.917429 0.360514 0.355782 0.411395 0.445199 0.000000 0.329363 0.684651 0.944987 0.715714 0.713325 0.725286 0.851119 0.779964 0.791422 0.351816 0.360708 0.392715 0.446973 0.537475 0.541941 0.553235 0.526109 0.461277 0.513691 0.609252 0.750650 0.631818 0.668352 0.453402 0.540540 0.616311 0.682858 0.336059 0.548095 0.461736 0.395910 0.672459 0.509078 0.456622 0.422527 0.875866 0.696707 0.567119 0.547053 0.546920 0.476559 0.761773 0.669398 0.550147 0.490970 0.651553 0.484582 0.522924 0.603118 0.609155 0.708392 0.688534 0.623352 0.990446 0.914027 0.850364 0.736503 0.674544 0.804228 0.694209 0.908345 0.768993 0.512558 0.693706 0.751747 0.405320 0.483360 0.678955 0.721174 0.672454 0.738982 0.523500 0.608513 0.784860 0.761585 0.751691 0.921622 0.827793 0.634325 0.411317 0.735456 0.563579 0.867142
0.638836 0.474510 0.579567 0.413221 0.938409 0.638030 0.274579 0.389839 0.520254 0.442519 0.534776 0.509573 0.805494 0.620427 0.807411 0.595021 0.471280 0.364862 0.344820 0.351100 0.607966 0.826694 0.622570 0.634854 0.821854 0.734590 0.748296 0.933348 0.330023 0.357365 0.366358 0.402093 0.329363 0.000000 0.705661 0.901223 0.807035 0.776672 0.818314 0.935481 0.898868 0.843018 0.376870 0.433267 0.359138 0.451647 0.660818 0.582647 0.656590 0.599553 0.482033 0.557108 0.547151 0.588809 0.847877 0.748112 0.515897 0.650724 0.695228 0.772324 0.404999 0.551535 0.456190 0.406609 0.886451 0.638067 0.376904 0.393449 0.935341 0.749189 0.405617 0.435094 0.445668 0.350861 0.944175 0.711741 0.481368 0.472207 0.664195 0.540404 0.676456 0.774064 0.743038 0.908754 0.954822 0.898215 0.929837 0.983069 0.966860 0.867672 0.541336 0.650879 0.540328 0.748338 0.740307 0.557652 0.683679 0.752847 0.320319 0.395084 0.558961 0.592093 0.636245 0.724577 0.516961 0.663533 0.746054 0.699181 0.720940 0.936066 0.749886 0.548342 0.392971 0.735483 0.671516 0.899016
0.982034 0.964420 0.819924 0.847390 0.897753 0.763268 0.620694 0.671694 0.681707 0.583513 0.899834 0.960844 0.972369 0.964506 0.973040 0.985256 0.944972 0.885871 0.916843 0.936502 0.949938 0.976250 0.931163 0.945174 0.963566 0.918876 0.836636 0.967794 0.831320 0.852890 0.744408 0.834758 0.684651 0.705661 0.000000 0.819170 0.968579 0.877003 0.976416 0.961059 0.926985 0.905435 0.673925 0.707109 0.576438 0.633394 0.947274 0.861057 0.769474 0.864258 0.761497 0.793985 0.659992 0.754943 0.854433 0.892735 0.994202 0.979297 0.916049 0.884782 0.719592 0.816981 0.819381 0.775729 0.947050 0.972352 0.619763 0.569196 0.999197 0.809199 0.693058 0.853204 0.978175 0.829474 0.860983 0.920839 0.751878 0.850716 0.886005 0.906786 0.990373 0.916741 0.945986 0.817775 0.952744 0.955677 0.870548 0.917578 0.915799 0.874819 0.716928 0.738905 0.728868 0.827106 0.860723 0.774179 0.836112 0.880359 0.684190 0.774802 0.738438 0.741597 0.789789 0.959091 0.908595 0.825750 0.937710 0.816804 0.959705 0.931775 0.852631 0.973347 0.735018 0.851598 0.680762 0.799734
0.799011 0.818702 0.900654 0.935054 0.828529 0.934923 0.941209 0.988849 0.942753 0.777486 0.815186 0.898424 0.755111 0.807721 0.887226 0.807739 0.872009 0.920130 0.919454 0.984812 0.960916 0.985945 0.947803 0.804886 0.995134 0.938813 0.823221 0.819486 0.979947 0.993633 0.904906 0.929789 0.944987 0.901223 0.819170 0.000000 0.806793 0.939156 0.804857 0.944574 0.860765 0.942017 0.960783 0.986285 0.860120 0.972805 0.875982 0.859176 0.901684 0.893888 0.946617 0.858413 0.998989 0.930235 0.882175 0.966267 0.808727 0.770679 0.878948 0.814150 0.962016 0.964351 0.942004 0.848468 0.873916 0.824300 0.844382 0.935619 0.974096 0.953137 0.844026 0.828731 0.971825 0.887657 0.863143 0.921482 0.881007 0.955345 0.846134 0.968876 0.969178 0.843187 0.953302 0.778857 0.846673 0.864695 0.955082 0.964765 0.885962 0.837829 0.848669 0.907515 0.762312 0.908038 0.917452 0.987961 0.758884 0.875999 0.896714 0.949442 0.782707 0.793167 0.755485 0.903403 0.955872 0.971648 0.990119 0.991984 0.988822 0.955198 0.971344 0.832325 0.933615 0.982123 0.878290 0.877247
0.739604 0.707342 0.508432 0.689947 0.803456 0.977310 0.827742 0.989596 0.768466 0.986444 0.806701 0.960181 0.687674 0.871614 0.676495 0.597764 0.771270 0.816843 0.732019 0.715201 0.703870 0.941080 0.538202 0.682343 0.583994 0.537211 0.845651 0.881683 0.759416 0.802436 0.695569 0.789476 0.715714 0.807035 0.968579 0.806793 0.000000 0.690376 0.586544 0.627972 0.644449 0.762408 0.728336 0.784096 0.855451 0.920923 0.697785 0.850557 0.780251 0.912403 0.929524 0.919384 0.978373 0.852877 0.790545 0.943382 0.644564 0.767661 0.820475 0.941730 0.714318 0.923754 0.932864 0.913506 0.490621 0.719260 0.776227 0.843590 0.761220 0.810849 0.717416 0.724281 0.791909 0.750190 0.899345 0.889793 0.880213 0.684873 0.933706 0.682471 0.741354 0.822235 0.688196 0.812236 0.642858 0.681508 0.932250 0.955418 0.850207 0.799875 0.993219 0.825767 0.936261 0.913028 0.839272 0.740995 0.813058 0.924915 0.821062 0.754777 0.947676 0.998095 0.871524 0.954560 0.797563 0.793925 0.976121 0.953051 0.887560 0.825031 0.900924 0.822357 0.908190 0.899800 0.999038 0.913081
0.801687 0.770621 0.838773 0.737815 0.890481 0.921512 0.817187 0.907300 0.955059 0.930242 0.772115 0.848350 0.943652 0.821301 0.918148 0.779072 0.797830 0.790478 0.748451 0.789294 0.917476 0.979787 0.811981 0.790386 0.797715 0.765232 0.920672 0.787159 0.809774 0.740114 0.671059 0.692391 0.713325 0.776672 0.877003 0.939156 0.690376 0.000000 0.821102 0.829786 0.859340 0.733639 0.788992 0.787889 0.861538 0.868732 0.771291 0.938733 0.840899 0.928944 0.874379 0.866679 0.928954 0.943653 0.852394 0.964256 0.724889 0.816231 0.856207 0.987171 0.809528 0.863738 0.903317 0.857349 0.823326 0.726670 0.791010 0.821313 0.796714 0.926477 0.772051 0.689101 0.758264 0.648040 0.849459 0.933682 0.872768 0.664969 0.877516 0.806826 0.717351 0.883850 0.676805 0.856456 0.776454 0.678741 0.863312 0.809375 0.760865 0.835122 0.986501 0.998411 0.941275 0.997356 0.773948 0.823346 0.958160 0.986250 0.886557 0.933414 0.941777 0.895856 0.742757 0.934315 0.876927 0.909314 0.932455 0.998372 0.883798 0.910920 0.979246 0.937870 0.823329 0.952414 0.868007 0.923310
