0.000000 0.333746 0.990181 0.797690 0.973718 0.894170 0.801777 0.746121 0.924841 0.683199 0.463352 0.378174 0.555683 0.564345 0.786803 0.685599 0.398032 0.406287 0.424798 0.368599 0.927563 0.906926 0.813545 0.974256 0.932007 0.881577 0.907596 0.822662 0.478058 0.454046 0.800478 0.764184 0.612610 0.598031 0.985273 0.997922 0.737612 0.625865 0.936006 0.734340 0.877734 0.751144 0.727700 0.617378 0.811397 0.687562 0.551727 0.585730 0.632877 0.585781 0.747097 0.637938 0.888280 0.967302 0.821108 0.756777 0.398772 0.340528 0.514294 0.525571 0.671155 0.746266 0.550551 0.442193 0.845257 0.885153 0.867430 0.891318 0.360758 0.491979 0.810125 0.859765 0.625162 0.589462 0.815007 0.981354 0.678918 0.691874 0.582959 0.615761 0.359647 0.378288 0.520703 0.495094 0.717293 0.883220 0.982495 0.995113 0.952200 0.711480 0.894911 0.859157 0.804009 0.825618 0.999014 0.865694 0.867710 0.816180 0.710984 0.757966 0.993114 0.900483 0.583564 0.656228 0.881334 0.754128 0.971015 0.867550 0.863693 0.746187 0.881860 0.864629 0.910002 0.782757 0.777863 0.896265
0.333746 0.000000 0.976866 0.868137 0.955637 0.804897 0.722051 0.723624 0.960647 0.630048 0.508562 0.410726 0.720034 0.683369 0.993479 0.799635 0.404422 0.374431 0.414881 0.407532 0.830264 0.943873 0.912369 0.870600 0.974294 0.783587 0.969598 0.703317 0.482318 0.545841 0.837015 0.782917 0.634617 0.549095 0.992936 0.881525 0.844141 0.588703 0.978335 0.825055 0.950066 0.822015 0.559217 0.470556 0.618392 0.509538 0.552687 0.569524 0.465469 0.423929 0.576530 0.514939 0.713591 0.807074 0.880869 0.731484 0.272722 0.252692 0.502957 0.501222 0.710715 0.788724 0.558474 0.438406 0.773275 0.785349 0.837424 0.883098 0.556702 0.482221 0.897092 0.878987 0.800302 0.698393 0.898170 0.912469 0.633568 0.691435 0.537725 0.583846 0.350226 0.417783 0.670580 0.491932 0.797551 0.979770 0.891908 0.941863 0.916274 0.850350 0.984643 0.998543 0.940166 0.900292 0.923670 0.911275 0.911582 0.747999 0.677131 0.629651 0.862861 0.839975 0.494912 0.665631 0.899469 0.870964 0.880275 0.798927 0.992980 0.690024 0.712259 0.767404 0.723144 0.619782 0.799483 0.932777
0.990181 0.976866 0.000000 0.461402 0.906194 0.802033 0.504201 0.545881 0.483142 0.850680 0.889833 0.989628 0.788250 0.839262 0.946425 0.877999 0.869777 0.839640 0.827471 0.956657 0.909903 0.961632 0.688248 0.745138 0.672315 0.510003 0.882567 0.926833 0.946980 0.935972 0.622409 0.694516 0.632214 0.685890 0.755937 0.847706 0.780777 0.994041 0.926719 0.945783 0.981511 0.994353 0.717349 0.738810 0.752370 0.790026 0.650221 0.755232 0.860299 0.982045 0.984787 0.962888 0.911553 0.927719 0.960395 0.847170 0.985558 0.844841 0.887350 0.900439 0.493757 0.509564 0.929416 0.915407 0.404292 0.358245 0.559498 0.495079 0.978254 0.878400 0.738705 0.749889 0.724274 0.783004 0.902770 0.883961 0.765857 0.777821 0.890914 0.928893 0.809156 0.838929 0.992788 0.817357 0.817330 0.674901 0.960991 0.885527 0.924130 0.964593 0.687784 0.878883 0.767369 0.893274 0.853358 0.989418 0.860851 0.957362 0.693699 0.698823 0.701705 0.904106 0.993298 0.822153 0.725498 0.883786 0.878626 0.807857 0.744674 0.943482 0.833366 0.839920 0.781391 0.872488 0.780637 0.969927
0.797690 0.868137 0.461402 0.000000 0.842091 0.829409 0.480249 0.356923 0.538850 0.589608 0.820839 0.711076 0.655509 0.643087 0.811705 0.628656 0.980163 0.983008 0.645541 0.829381 0.936847 0.916133 0.429779 0.621193 0.718611 0.587136 0.897707 0.955762 0.985266 0.947218 0.511209 0.534137 0.559866 0.605639 0.787001 0.836651 0.754811 0.976622 0.875377 0.998092 0.979043 0.864840 0.588716 0.555501 0.795077 0.731450 0.580017 0.643165 0.965141 0.915004 0.883323 0.890999 0.897509 0.924431 0.947425 0.946551 0.904202 0.991701 0.691301 0.751964 0.482200 0.426786 0.912586 0.833243 0.540257 0.442959 0.515119 0.507826 0.848433 0.992422 0.655752 0.632830 0.723071 0.805964 0.918320 0.875118 0.623298 0.751334 0.885335 0.930748 0.987472 0.961492 0.849374 0.991649 0.801138 0.659934 0.921009 0.910863 0.777055 0.812331 0.700479 0.941114 0.773777 0.906173 0.850990 0.989915 0.773193 0.831159 0.611149 0.571133 0.582711 0.909165 0.954770 0.722673 0.552224 0.640455 0.919371 0.659353 0.681734 0.838149 0.716890 0.873160 0.688153 0.831642 0.631646 0.943903
0.973718 0.955637 0.906194 0.842091 0.000000 0.897309 0.925233 0.937574 0.997652 0.972220 0.854254 0.911161 0.831014 0.898911 0.821917 0.950497 0.979065 0.953091 0.901344 0.975495 0.887384 0.882275 0.763921 0.846784 0.766728 0.924114 0.814908 0.914659 0.993745 0.953442 0.796126 0.837207 0.918577 0.921297 0.823578 0.910246 0.976093 0.895710 0.857759 0.919509 0.899782 0.903606 0.865943 0.922746 0.744166 0.794623 0.978137 0.889479 0.752478 0.758246 0.729932 0.802757 0.800087 0.762986 0.954667 0.802631 0.967620 0.958574 0.922252 0.919045 0.872500 0.993365 0.877239 0.935850 0.830193 0.823746 0.916459 0.927005 0.813362 0.993541 0.998339 0.852967 0.978645 0.916973 0.962868 0.992365 0.966111 0.870988 0.910926 0.893992 0.991290 0.992890 0.892801 0.932624 0.895308 0.736262 0.896659 0.898517 0.884052 0.994238 0.856671 0.810335 0.854290 0.937307 0.916353 0.999423 0.977007 0.966023 0.868627 0.906619 0.920761 0.915705 0.878054 0.885422 0.986841 0.763457 0.961102 0.920295 0.874726 0.910019 0.999018 0.999112 0.970529 0.831216 0.946130 0.985158
0.894170 0.804897 0.802033 0.829409 0.897309 0.000000 0.986158 0.898608 0.817113 0.937773 0.708206 0.883383 0.823182 0.806711 0.717059 0.652483 0.686912 0.661422 0.776688 0.898791 0.832783 0.939340 0.798059 0.592055 0.712428 0.587038 0.960372 0.651896 0.715598 0.794984 0.975574 0.985370 0.979058 0.903201 0.913885 0.966112 0.845603 0.869262 0.721645 0.941262 0.988844 0.998268 0.951668 0.941755 0.992561 0.913437 0.904998 0.995416 0.939361 0.983447 0.960868 0.929763 0.827019 0.949862 0.704636 0.852201 0.651559 0.723818 0.852779 0.971223 0.895638 0.730788 0.688708 0.772023 0.697371 0.586525 0.901333 0.861110 0.970905 0.969276 0.793700 0.943605 0.852956 0.936734 0.850536 0.990540 0.958082 0.875045 0.849916 0.966011 0.804645 0.980076 0.900037 0.881386 0.684273 0.595697 0.828657 0.876883 0.901654 0.866117 0.754797 0.843386 0.762254 0.867626 0.955183 0.876893 0.689471 0.854761 0.952591 0.970668 0.964864 0.929408 0.826896 0.966868 0.908799 0.930452 0.801259 0.965179 0.919890 0.918838 0.977698 0.994319 0.923512 0.998453 0.995367 0.925031
0.801777 0.722051 0.504201 0.480249 0.925233 0.986158 0.000000 0.321686 0.623822 0.582447 0.710706 0.656957 0.793968 0.796468 0.879315 0.973359 0.789192 0.835387 0.633029 0.823421 0.994020 0.935826 0.774812 0.954259 0.962781 0.812303 0.705172 0.638796 0.854478 0.855003 0.539186 0.676605 0.436389 0.399451 0.804430 0.747500 0.954883 0.946547 0.922734 0.872468 0.890116 0.996762 0.529027 0.528206 0.501627 0.528185 0.572179 0.613682 0.803547 0.733418 0.684143 0.712706 0.725631 0.783131 0.975145 0.978177 0.787371 0.813183 0.478976 0.565449 0.320640 0.487505 0.626486 0.635782 0.808160 0.654990 0.294786 0.346838 0.970256 0.967075 0.770628 0.682310 0.834255 0.907293 0.935078 0.828563 0.568086 0.729532 0.802934 0.793378 0.834968 0.998407 0.952708 0.982351 0.985177 0.983426 0.997590 0.763976 0.892841 0.942428 0.685083 0.830855 0.677509 0.880397 0.745084 0.937143 0.882131 0.679996 0.492657 0.554968 0.481740 0.722804 0.740734 0.568882 0.689512 0.800555 0.821115 0.634834 0.798766 0.829009 0.588450 0.744078 0.636827 0.726914 0.605333 0.879154
0.746121 0.723624 0.545881 0.356923 0.937574 0.898608 0.321686 0.000000 0.566420 0.378697 0.704951 0.538483 0.686156 0.667871 0.969671 0.737427 0.798642 0.849170 0.560430 0.752757 0.910667 0.945176 0.664399 0.949302 0.979551 0.813266 0.802175 0.811671 0.849153 0.824302 0.505346 0.641049 0.461740 0.390768 0.890163 0.827188 0.763678 0.935906 0.999761 0.917520 0.945886 0.888364 0.454181 0.432403 0.573115 0.532551 0.460057 0.505096 0.810064 0.712353 0.667991 0.666294 0.736830 0.723101 0.915780 0.979323 0.824586 0.834216 0.502974 0.581157 0.346010 0.319986 0.694280 0.600941 0.818750 0.572191 0.420196 0.387727 0.885249 0.865806 0.603067 0.564899 0.788364 0.906071 0.929571 0.862945 0.573655 0.723688 0.757964 0.818494 0.850295 0.987973 0.939274 0.979532 0.963825 0.956998 0.984262 0.713616 0.970486 0.976517 0.657897 0.849757 0.716958 0.960212 0.779972 0.862723 0.759701 0.694194 0.466066 0.435612 0.439091 0.825661 0.709699 0.551097 0.572805 0.757503 0.898033 0.561114 0.728998 0.735755 0.592055 0.695243 0.580404 0.709805 0.637703 0.928143
0.924841 0.960647 0.483142 0.538850 0.997652 0.817113 0.623822 0.566420 0.000000 0.683507 0.995409 0.987296 0.905240 0.779071 0.828726 0.770404 0.877176 0.804165 0.849136 0.978203 0.937491 0.976250 0.697581 0.781519 0.815034 0.536728 0.875027 0.979793 0.937062 0.825718 0.662948 0.751651 0.666793 0.753253 0.693261 0.862476 0.753769 0.971426 0.858263 0.960951 0.846160 0.860933 0.568985 0.653632 0.617408 0.683074 0.628159 0.769357 0.949856 0.862835 0.762032 0.799702 0.714469 0.620721 0.953267 0.979759 0.978720 0.833696 0.902798 0.965005 0.589447 0.491487 0.873743 0.939703 0.562258 0.506279 0.540987 0.592448 0.872871 0.840921 0.600933 0.604399 0.749209 0.893592 0.987679 0.939117 0.733396 0.895611 0.964973 0.979938 0.809196 0.822416 0.961689 0.800089 0.803576 0.774355 0.997303 0.912436 0.804145 0.904098 0.488515 0.633138 0.586856 0.703504 0.775283 0.955975 0.669023 0.804161 0.506495 0.543814 0.649187 0.881362 0.864213 0.749363 0.673109 0.774901 0.835857 0.609039 0.838705 0.808546 0.791523 0.785652 0.626619 0.786781 0.891204 0.860649
0.683199 0.630048 0.850680 0.589608 0.972220 0.937773 0.582447 0.378697 0.683507 0.000000 0.650222 0.503111 0.805090 0.758332 0.989971 0.816752 0.709368 0.721594 0.563886 0.674003 0.731553 0.904057 0.869251 0.849392 0.794142 0.984208 0.827196 0.836115 0.764973 0.781895 0.662924 0.771995 0.606608 0.517599 0.907044 0.913741 0.701531 0.748111 0.912845 0.892190 0.864490 0.772850 0.474608 0.438065 0.605661 0.483530 0.578289 0.510963 0.631076 0.586740 0.602866 0.593188 0.663064 0.613616 0.904744 0.880920 0.708868 0.687757 0.581949 0.651212 0.601949 0.464563 0.716097 0.551473 0.918353 0.902108 0.687990 0.646417 0.798889 0.697268 0.554291 0.565439 0.890803 0.854034 0.946630 0.962746 0.589387 0.814913 0.683548 0.868221 0.723740 0.903614 0.930920 0.904549 0.864533 0.810853 0.949114 0.703186 0.936587 0.982685 0.721404 0.806460 0.789296 0.977086 0.844514 0.819914 0.718191 0.640794 0.474296 0.450324 0.576707 0.777885 0.552585 0.589209 0.681898 0.832356 0.996053 0.521358 0.846624 0.635834 0.638028 0.618095 0.602418 0.707540 0.833306 0.998042
0.463352 0.508562 0.889833 0.820839 0.854254 0.708206 0.710706 0.704951 0.995409 0.650222 0.000000 0.440827 0.736237 0.717671 0.914264 0.832267 0.366496 0.341920 0.429353 0.405032 0.880044 0.920656 0.847388 0.863553 0.979627 0.844810 0.917933 0.742822 0.394557 0.370574 0.617129 0.656326 0.542521 0.430806 0.961340 0.987222 0.916309 0.735083 0.963544 0.867867 0.948493 0.764579 0.887604 0.714632 0.929086 0.799346 0.677476 0.687760 0.880102 0.836530 0.994340 0.892637 0.917011 0.887844 0.995820 0.972717 0.460589 0.490550 0.548862 0.536026 0.618486 0.799418 0.381101 0.381026 0.836409 0.914143 0.776776 0.774967 0.452651 0.611459 0.862628 0.973049 0.670202 0.600476 0.843038 0.931874 0.729484 0.658104 0.653565 0.798494 0.539794 0.716403 0.577781 0.640735 0.989078 0.996610 0.860220 0.868778 0.831129 0.980498 0.698164 0.641895 0.619175 0.600543 0.979870 0.898828 0.910520 0.671069 0.867507 0.838967 0.949831 0.934532 0.664842 0.536410 0.956247 0.722452 0.933160 0.912267 0.892866 0.774580 0.863063 0.974475 0.818387 0.835810 0.761816 0.853784
0.378174 0.410726 0.989628 0.711076 0.911161 0.883383 0.656957 0.538483 0.987296 0.503111 0.440827 0.000000 0.525750 0.511568 0.835691 0.640780 0.375950 0.393287 0.392682 0.367806 0.920084 0.886736 0.749441 0.921025 0.974615 0.841754 0.986916 0.674466 0.477294 0.394482 0.604844 0.655624 0.505474 0.475925 0.927368 0.953994 0.727761 0.653670 0.955230 0.838901 0.803750 0.723841 0.635767 0.538574 0.763374 0.653503 0.547732 0.584700 0.656319 0.654166 0.702215 0.655012 0.854445 0.850388 0.871888 0.811904 0.514139 0.422637 0.511057 0.526741 0.550331 0.594986 0.411731 0.300010 0.727792 0.930554 0.760469 0.760619 0.505602 0.511906 0.726681 0.713006 0.675807 0.733962 0.911303 0.922275 0.632684 0.700876 0.515334 0.721907 0.385982 0.518130 0.637428 0.582180 0.926366 0.986059 0.931292 0.842962 0.899499 0.870814 0.963910 0.853645 0.880030 0.749838 0.947947 0.739935 0.868901 0.646493 0.682334 0.656367 0.771904 0.847903 0.577986 0.493329 0.733524 0.740429 0.958182 0.790298 0.817295 0.667223 0.817779 0.822759 0.814786 0.751874 0.776435 0.882098
0.555683 0.720034 0.788250 0.655509 0.831014 0.823182 0.793968 0.686156 0.905240 0.805090 0.736237 0.525750 0.000000 0.355713 0.459426 0.475837 0.697305 0.707590 0.648295 0.605515 0.798388 0.924741 0.523212 0.735397 0.835373 0.912992 0.963947 0.860096 0.695897 0.648373 0.659867 0.691406 0.565158 0.767291 0.882242 0.944992 0.815476 0.931065 0.986763 0.921146 0.852983 0.801728 0.797263 0.754098 0.933387 0.876838 0.635121 0.756213 0.979409 0.897066 0.848833 0.758686 0.886855 0.869525 0.940299 0.889576 0.826199 0.761840 0.757269 0.770720 0.555881 0.594851 0.719883 0.648147 0.852697 0.774026 0.854323 0.885886 0.607961 0.725584 0.664196 0.757761 0.535197 0.673859 0.754276 0.992955 0.749487 0.835341 0.793484 0.732883 0.659948 0.658588 0.685063 0.767572 0.620567 0.681715 0.899887 0.967736 0.885413 0.797543 0.886917 0.988208 0.983860 0.990203 0.991097 0.719052 0.762858 0.865737 0.792468 0.813670 0.892195 0.835314 0.937452 0.598617 0.767857 0.759499 0.931684 0.834463 0.745412 0.928683 0.919456 0.921986 0.951835 0.827819 0.726011 0.896302
0.564345 0.683369 0.839262 0.643087 0.898911 0.806711 0.796468 0.667871 0.779071 0.758332 0.717671 0.511568 0.355713 0.000000 0.458459 0.351729 0.635214 0.660638 0.592852 0.583578 0.884806 0.936318 0.443441 0.656271 0.802500 0.863556 0.930773 0.983467 0.663303 0.608039 0.618625 0.580731 0.500443 0.733748 0.914128 0.883397 0.738709 0.834481 0.968324 0.876767 0.819465 0.777290 0.700054 0.665767 0.857322 0.844214 0.597945 0.789442 0.897032 0.872220 0.754936 0.732306 0.726222 0.748229 0.945883 0.871955 0.761927 0.742684 0.813698 0.829718 0.574699 0.554535 0.722527 0.606869 0.924411 0.796940 0.811051 0.864329 0.655765 0.759262 0.567940 0.644407 0.519041 0.739592 0.764221 0.981787 0.760082 0.762210 0.654725 0.794532 0.614663 0.704956 0.608090 0.732731 0.607331 0.658877 0.896292 0.870930 0.851616 0.765075 0.823890 0.977382 0.990458 0.971262 0.992956 0.830920 0.740761 0.856351 0.722716 0.760637 0.854841 0.816758 0.854563 0.534331 0.817581 0.672341 0.860267 0.790877 0.846592 0.791608 0.900177 0.924002 0.878241 0.785540 0.748464 0.988927
0.786803 0.993479 0.946425 0.811705 0.821917 0.717059 0.879315 0.969671 0.828726 0.989971 0.914264 0.835691 0.459426 0.458459 0.000000 0.399259 0.839998 0.903059 0.878263 0.799663 0.857172 0.920771 0.513216 0.596163 0.709793 0.885926 0.868117 0.843077 0.839774 0.789872 0.773269 0.682032 0.775159 0.967266 0.980266 0.969596 0.830666 0.993402 0.918732 0.858001 0.772168 0.852116 0.961318 0.964962 0.833061 0.871840 0.782478 0.931503 0.844758 0.912467 0.998752 0.923527 0.949598 0.937075 0.930955 0.904225 0.992801 0.998265 0.999126 0.985385 0.851215 0.807483 0.935685 0.878653 0.812810 0.830396 0.936267 0.905636 0.697044 0.890696 0.656736 0.867113 0.667044 0.766960 0.837810 0.817989 0.946455 0.908581 0.872800 0.883219 0.877987 0.866505 0.696390 0.870828 0.575505 0.587407 0.976866 0.901200 0.726444 0.815535 0.987869 0.929288 0.862496 0.988113 0.992820 0.838571 0.765612 0.987246 0.966800 0.965010 0.918831 0.991720 0.924892 0.783458 0.804771 0.692014 0.880358 0.939060 0.804369 0.896238 0.878057 0.949330 0.937284 0.943759 0.847530 0.957231
0.685599 0.799635 0.877999 0.628656 0.950497 0.652483 0.973359 0.737427 0.770404 0.816752 0.832267 0.640780 0.475837 0.351729 0.399259 0.000000 0.794391 0.821319 0.732356 0.692374 0.949529 0.867997 0.414950 0.512383 0.733840 0.828395 0.979029 0.884467 0.753049 0.668040 0.624536 0.561845 0.649885 0.820078 0.976251 0.922515 0.784050 0.855850 0.851012 0.891603 0.856247 0.785939 0.723035 0.698068 0.935217 0.859339 0.589071 0.738000 0.952348 0.876599 0.781047 0.725609 0.766592 0.804027 0.850507 0.829839 0.895879 0.890518 0.857160 0.806001 0.701966 0.584211 0.901395 0.744721 0.827469 0.717826 0.891948 0.876796 0.757422 0.798832 0.618327 0.813316 0.629256 0.739363 0.816334 0.929465 0.903894 0.784539 0.706840 0.829885 0.743857 0.783692 0.620417 0.735917 0.605528 0.559794 0.998996 0.993643 0.755608 0.799126 0.890856 0.961016 0.945783 0.938668 0.997214 0.812431 0.732809 0.863204 0.833252 0.772529 0.894735 0.995406 0.938430 0.703254 0.771375 0.666839 0.888974 0.877536 0.802774 0.820931 0.945704 0.966233 0.902369 0.842919 0.708315 0.936611
0.398032 0.404422 0.869777 0.980163 0.979065 0.686912 0.789192 0.798642 0.877176 0.709368 0.366496 0.375950 0.697305 0.635214 0.839998 0.794391 0.000000 0.252996 0.422236 0.380078 0.812081 0.958148 0.890216 0.775344 0.916369 0.633350 0.982774 0.735183 0.309523 0.300815 0.747093 0.741332 0.574585 0.514855 0.890904 0.927077 0.930724 0.742019 0.895687 0.888146 0.924760 0.792200 0.784825 0.659200 0.847065 0.750747 0.679961 0.712612 0.696250 0.691668 0.803104 0.721379 0.924642 0.957494 0.989892 0.889333 0.404610 0.335645 0.508822 0.556188 0.709460 0.894507 0.314281 0.276074 0.620973 0.659881 0.880520 0.944148 0.473437 0.516881 0.877919 0.901428 0.710722 0.690439 0.866030 0.951267 0.728742 0.651116 0.455155 0.691867 0.325538 0.563833 0.574545 0.527362 0.980534 0.856977 0.835357 0.856162 0.865169 0.972270 0.717730 0.707300 0.649341 0.662814 0.891109 0.844152 0.936004 0.672517 0.821786 0.857472 0.954667 0.934163 0.596520 0.561921 0.948309 0.795012 0.982111 0.885131 0.913509 0.695048 0.896538 0.930948 0.842506 0.811628 0.740471 0.776679
0.406287 0.374431 0.839640 0.983008 0.953091 0.661422 0.835387 0.849170 0.804165 0.721594 0.341920 0.393287 0.707590 0.660638 0.903059 0.821319 0.252996 0.000000 0.401291 0.391067 0.845052 0.965529 0.852800 0.832202 0.887343 0.641398 0.950306 0.725987 0.320769 0.330588 0.780550 0.751532 0.611599 0.563089 0.881316 0.932864 0.980651 0.703302 0.892833 0.870091 0.926921 0.744584 0.873992 0.695040 0.943830 0.819763 0.769886 0.758229 0.760623 0.745665 0.880915 0.816483 0.973512 0.963938 0.947357 0.922457 0.349600 0.303126 0.555824 0.593591 0.781717 0.979356 0.312121 0.285957 0.626188 0.620054 0.951500 0.977218 0.456832 0.507580 0.889765 0.961854 0.753635 0.717045 0.847445 0.993269 0.787600 0.710187 0.477671 0.795836 0.367180 0.546287 0.525214 0.472673 0.956252 0.869953 0.873058 0.913053 0.860628 0.909582 0.700756 0.690379 0.641947 0.687321 0.933903 0.886921 0.908258 0.677138 0.888572 0.884642 0.957128 0.924847 0.587490 0.597130 0.915544 0.798091 0.946431 0.905324 0.971222 0.755562 0.858014 0.960218 0.843294 0.768611 0.813513 0.798455
0.424798 0.414881 0.827471 0.645541 0.901344 0.776688 0.633029 0.560430 0.849136 0.563886 0.429353 0.392682 0.648295 0.592852 0.878263 0.732356 0.422236 0.401291 0.000000 0.395201 0.938725 0.951952 0.671348 0.971523 0.918412 0.916847 0.974814 0.722477 0.462640 0.517119 0.615960 0.562029 0.457256 0.460660 0.975310 0.943207 0.697339 0.655181 0.968127 0.904604 0.825092 0.750070 0.577650 0.471334 0.756660 0.631685 0.525117 0.560683 0.737164 0.669807 0.803365 0.742913 0.930707 0.927123 0.959071 0.995443 0.376920 0.428692 0.543381 0.598783 0.585978 0.670651 0.498431 0.409532 0.918024 0.993833 0.757993 0.756761 0.535627 0.638998 0.735954 0.756134 0.719552 0.721078 0.935622 0.955912 0.673256 0.630721 0.590940 0.714313 0.523586 0.657928 0.584821 0.582853 0.869416 0.952282 0.865477 0.832962 0.972159 0.919253 0.932777 0.804353 0.834603 0.801015 0.835135 0.869165 0.929961 0.727043 0.635205 0.650148 0.841309 0.794500 0.579325 0.609399 0.794103 0.792213 0.896560 0.709683 0.943032 0.586161 0.752925 0.868526 0.718377 0.629248 0.728853 0.881588
0.368599 0.407532 0.956657 0.829381 0.975495 0.898791 0.823421 0.752757 0.978203 0.674003 0.405032 0.367806 0.605515 0.583578 0.799663 0.692374 0.380078 0.391067 0.395201 0.000000 0.934597 0.974805 0.793936 0.982225 0.913013 0.914764 0.894307 0.781902 0.426002 0.416276 0.742998 0.708780 0.592039 0.531944 0.958994 0.955795 0.687094 0.553784 0.967277 0.695503 0.824604 0.701614 0.729435 0.652838 0.856490 0.736151 0.579467 0.601194 0.688737 0.677097 0.834955 0.736933 0.955554 0.999930 0.901478 0.861159 0.453009 0.410508 0.672037 0.603805 0.719178 0.723751 0.564563 0.448337 0.812377 0.913339 0.935441 0.915417 0.406321 0.455831 0.820752 0.884660 0.658772 0.656563 0.864584 0.997733 0.717033 0.750874 0.617671 0.723842 0.460039 0.511761 0.601237 0.473515 0.790992 0.911476 0.865246 0.894901 0.982993 0.863013 0.843068 0.727353 0.697424 0.691504 0.891036 0.817156 0.899211 0.742508 0.808399 0.782185 0.946239 0.872810 0.659314 0.654944 0.888105 0.807544 0.920795 0.855509 0.883662 0.636740 0.929111 0.935469 0.897357 0.760306 0.841976 0.811914
0.927563 0.830264 0.909903 0.936847 0.887384 0.832783 0.994020 0.910667 0.937491 0.731553 0.880044 0.920084 0.798388 0.884806 0.857172 0.949529 0.812081 0.845052 0.938725 0.934597 0.000000 0.951219 0.809089 0.735523 0.791492 0.838977 0.948490 0.970053 0.884415 0.897108 0.907279 0.837253 0.982446 0.849892 0.940108 0.900305 0.901164 0.742085 0.959962 0.961641 0.958795 0.929815 0.849326 0.829329 0.895924 0.847129 0.856782 0.787649 0.810580 0.758220 0.853826 0.808829 0.899924 0.878343 0.918688 0.864220 0.754436 0.810904 0.802652 0.810555 0.982951 0.947182 0.913855 0.844528 0.870516 0.825028 0.923306 0.980102 0.905695 0.821371 0.953748 0.968383 0.962716 0.912927 0.988075 0.888771 0.960629 0.911383 0.794658 0.929866 0.874407 0.975387 0.940147 0.801538 0.800399 0.714340 0.955151 0.954986 0.959081 0.891373 0.937221 0.973549 0.911901 0.866340 0.923510 0.883956 0.927210 0.809696 0.873797 0.816971 0.959954 0.805595 0.830031 0.958400 0.990427 0.959449 0.843669 0.951737 0.996650 0.944587 0.816174 0.761125 0.840721 0.851355 0.953797 0.864001
0.906926 0.943873 0.961632 0.916133 0.882275 0.939340 0.935826 0.945176 0.976250 0.904057 0.920656 0.886736 0.924741 0.936318 0.920771 0.867997 0.958148 0.965529 0.951952 0.974805 0.951219 0.000000 0.928097 0.866645 0.903985 0.955374 0.779404 0.993848 0.983256 0.993597 0.994146 0.934633 0.975083 0.899157 0.972900 0.923992 0.893680 0.853124 0.875894 0.786141 0.973012 0.946122 0.899933 0.873527 0.966054 0.887194 0.911085 0.901173 0.932416 0.861526 0.854290 0.883821 0.896290 0.933056 0.938189 0.815248 0.970000 0.986107 0.906681 0.988714 0.981523 0.980170 0.960364 0.970457 0.988326 0.981024 0.841315 0.925333 0.986016 0.987354 0.900706 0.964438 0.886089 0.748401 0.860925 0.909589 0.920731 0.800531 0.969949 0.914714 0.942224 0.938847 0.901531 0.893083 0.954369 0.974951 0.897990 0.880953 0.928644 0.999901 0.938236 0.953083 0.977057 0.989161 0.974596 0.951213 0.754137 0.993546 0.979281 0.992148 0.945011 0.952899 0.980426 0.841313 0.867954 0.982268 0.889738 0.983982 0.979556 0.943698 0.960629 0.796108 0.932283 0.894107 0.974597 0.923937
0.813545 0.912369 0.688248 0.429779 0.763921 0.798059 0.774812 0.664399 0.697581 0.869251 0.847388 0.749441 0.523212 0.443441 0.513216 0.414950 0.890216 0.852800 0.671348 0.793936 0.809089 0.928097 0.000000 0.451708 0.689230 0.738222 0.980251 0.952683 0.855561 0.810534 0.593662 0.485390 0.616795 0.814388 0.990821 0.896635 0.843002 0.988690 0.980792 0.964235 0.928052 0.824387 0.774028 0.714724 0.944070 0.982630 0.722506 0.859142 0.796188 0.894805 0.997432 0.988900 0.918375 0.987366 0.973821 0.966908 0.901961 0.957999 0.869753 0.886147 0.640921 0.666112 0.845315 0.788779 0.604050 0.621634 0.756240 0.827937 0.817045 0.951940 0.679257 0.729481 0.600966 0.810824 0.841876 0.947807 0.819309 0.798373 0.790663 0.930938 0.922960 0.976430 0.656938 0.844025 0.622067 0.531102 0.995598 0.948875 0.738856 0.756696 0.854645 0.895431 0.995942 0.913594 0.861458 0.985939 0.854202 0.878354 0.807563 0.759404 0.851886 0.986731 0.958726 0.720579 0.688832 0.603035 0.924200 0.855911 0.771823 0.868969 0.920928 0.955886 0.843681 0.868959 0.639982 0.882578
0.974256 0.870600 0.745138 0.621193 0.846784 0.592055 0.954259 0.949302 0.781519 0.849392 0.863553 0.921025 0.735397 0.656271 0.596163 0.512383 0.775344 0.832202 0.971523 0.982225 0.735523 0.866645 0.451708 0.000000 0.506613 0.517125 0.855865 0.825622 0.888553 0.928584 0.754573 0.680857 0.858335 0.912943 0.920015 0.889556 0.873300 0.943746 0.732185 0.925762 0.937976 0.911005 0.960073 0.952460 0.867910 0.874955 0.854127 0.968634 0.767643 0.848627 0.885342 0.893155 0.985080 0.870094 0.942841 0.984222 0.861223 0.814078 0.832911 0.928482 0.897506 0.819136 0.773281 0.812032 0.518842 0.564452 0.944210 0.912193 0.954073 0.856393 0.871045 0.963110 0.760468 0.878244 0.824290 0.952008 0.991990 0.966338 0.981544 0.931886 0.865595 0.969721 0.762075 0.954626 0.516004 0.387500 0.900600 0.700806 0.595877 0.712077 0.929333 0.899917 0.993231 0.962603 0.948990 0.928518 0.774050 0.868091 0.963337 0.983770 0.968127 0.948447 0.748999 0.991863 0.834081 0.765225 0.981086 0.967452 0.924930 0.906694 0.973572 0.805994 0.950479 0.967514 0.820885 0.880983
0.932007 0.974294 0.672315 0.718611 0.766728 0.712428 0.962781 0.979551 0.815034 0.794142 0.979627 0.974615 0.835373 0.802500 0.709793 0.733840 0.916369 0.887343 0.918412 0.913013 0.791492 0.903985 0.689230 0.506613 0.000000 0.510521 0.795210 0.785720 0.950983 0.958479 0.738454 0.685339 0.848049 0.962835 0.877402 0.956949 0.765733 0.809046 0.679396 0.809775 0.862029 0.892293 0.975519 0.948361 0.849721 0.833514 0.880445 0.948986 0.784404 0.853107 0.764157 0.800515 0.840705 0.741645 0.863472 0.928977 0.981930 0.887344 0.869977 0.973962 0.923945 0.905920 0.813157 0.818246 0.568310 0.634071 0.944676 0.875356 0.738801 0.999036 0.974879 0.959242 0.679368 0.732452 0.949635 0.976715 0.999560 0.828097 0.972016 0.915752 0.976746 0.835519 0.778567 0.890692 0.556102 0.416318 0.893131 0.733099 0.729620 0.761580 0.919130 0.769154 0.862172 0.877717 0.983762 0.984077 0.997537 0.853978 0.920567 0.899684 0.887415 0.817588 0.860174 0.968073 0.930504 0.814360 0.931080 0.904303 0.936284 0.958408 0.922769 0.782639 0.955341 0.881460 0.874378 0.993636
0.881577 0.783587 0.510003 0.587136 0.924114 0.587038 0.812303 0.813266 0.536728 0.984208 0.844810 0.841754 0.912992 0.863556 0.885926 0.828395 0.633350 0.641398 0.916847 0.914764 0.838977 0.955374 0.738222 0.517125 0.510521 0.000000 0.979978 0.831162 0.692276 0.703601 0.781160 0.867929 0.839142 0.968979 0.678675 0.967390 0.791037 0.972814 0.661952 0.875093 0.951605 0.875984 0.900111 0.991668 0.928723 0.986098 0.852206 0.926236 0.823813 0.871758 0.929965 0.885316 0.935843 0.975593 0.855997 0.971736 0.770607 0.651920 0.853589 0.877818 0.772455 0.670711 0.658900 0.668615 0.433285 0.401769 0.709275 0.679437 0.955147 0.809709 0.783416 0.787163 0.741076 0.891370 0.925210 0.956202 0.913154 0.961077 0.810070 0.967724 0.723520 0.910014 0.952447 0.818467 0.663742 0.507637 0.792913 0.779642 0.767101 0.763245 0.713481 0.865874 0.731294 0.833967 0.855090 0.977880 0.742680 0.967447 0.834907 0.893384 0.878900 0.992768 0.843402 0.957682 0.831635 0.841638 0.908677 0.921023 0.933815 0.928456 0.933090 0.898577 0.978163 0.984683 0.974291 0.870665
0.907596 0.969598 0.882567 0.897707 0.814908 0.960372 0.705172 0.802175 0.875027 0.827196 0.917933 0.986916 0.963947 0.930773 0.868117 0.979029 0.982774 0.950306 0.974814 0.894307 0.948490 0.779404 0.980251 0.855865 0.795210 0.979978 0.000000 0.904085 0.972681 0.973963 0.886295 0.966342 0.835454 0.893590 0.976726 0.828201 0.950394 0.785537 0.919015 0.897397 0.913967 0.897896 0.826457 0.871391 0.694866 0.766987 0.944134 0.926391 0.875178 0.936461 0.776479 0.840720 0.719931 0.684994 0.986034 0.970833 0.911911 0.913891 0.875528 0.983306 0.778120 0.786674 0.953716 0.914768 0.964988 0.894041 0.675837 0.745849 0.806533 0.928056 0.805534 0.779294 0.986686 0.901018 0.978826 0.909061 0.885417 0.909962 0.970781 0.989588 0.976509 0.813528 0.832343 0.859716 0.830129 0.843167 0.958857 0.611673 0.936153 0.740214 0.735921 0.792555 0.728457 0.862455 0.921300 0.970883 0.999381 0.913034 0.779006 0.873135 0.743417 0.898932 0.908640 0.857906 0.942432 0.920263 0.879264 0.828093 0.915552 0.954807 0.766757 0.934951 0.902628 0.905360 0.848012 0.989995
0.822662 0.703317 0.926833 0.955762 0.914659 0.651896 0.638796 0.811671 0.979793 0.836115 0.742822 0.674466 0.860096 0.983467 0.843077 0.884467 0.735183 0.725987 0.722477 0.781902 0.970053 0.993848 0.952683 0.825622 0.785720 0.831162 0.904085 0.000000 0.716467 0.787890 0.905548 0.894674 0.780195 0.747674 0.869666 0.913401 0.904951 0.973911 0.875516 0.979896 0.996175 0.955984 0.804618 0.777220 0.725938 0.705992 0.811620 0.814311 0.740081 0.792427 0.774062 0.786800 0.926307 0.882241 0.986208 0.970414 0.733180 0.679287 0.629224 0.668917 0.702152 0.849684 0.617259 0.678991 0.855934 0.914560 0.715818 0.782865 0.961925 0.941272 0.987675 0.932980 0.968143 0.933081 0.846369 0.939786 0.751532 0.911151 0.785945 0.787078 0.731196 0.769737 0.928784 0.863287 0.973104 0.855925 0.953779 0.836603 0.927816 0.963197 0.971609 0.967743 0.924399 0.975836 0.877147 0.995828 0.885383 0.727807 0.812720 0.805627 0.885821 0.656654 0.733904 0.722672 0.855488 0.957110 0.969445 0.841218 0.884517 0.824877 0.918658 0.903035 0.826784 0.820631 0.936856 0.904325
0.478058 0.482318 0.946980 0.985266 0.993745 0.715598 0.854478 0.849153 0.937062 0.764973 0.394557 0.477294 0.695897 0.663303 0.839774 0.753049 0.309523 0.320769 0.462640 0.426002 0.884415 0.983256 0.855561 0.888553 0.950983 0.692276 0.972681 0.716467 0.000000 0.294047 0.729437 0.670515 0.592744 0.564042 0.864617 0.881224 0.980932 0.744430 0.920869 0.783107 0.959718 0.825768 0.848998 0.708197 0.859102 0.746966 0.695585 0.710192 0.735803 0.692968 0.819250 0.701477 0.938434 0.958927 0.928712 0.957880 0.474832 0.420776 0.567773 0.526581 0.708766 0.885574 0.394808 0.353513 0.719115 0.771858 0.914581 0.945144 0.549527 0.609405 0.929387 0.953039 0.714920 0.684739 0.881404 0.957577 0.859137 0.727732 0.548842 0.769794 0.404616 0.614807 0.557089 0.571226 0.944324 0.931593 0.834370 0.862255 0.876472 0.998915 0.707692 0.658698 0.582170 0.617483 0.924118 0.880097 0.951817 0.722006 0.875168 0.885812 0.987473 0.957942 0.599945 0.589079 0.928677 0.858007 0.976620 0.947446 0.955438 0.772576 0.968426 0.976556 0.824670 0.799006 0.768670 0.830994
0.454046 0.545841 0.935972 0.947218 0.953442 0.794984 0.855003 0.824302 0.825718 0.781895 0.370574 0.394482 0.648373 0.608039 0.789872 0.668040 0.300815 0.330588 0.517119 0.416276 0.897108 0.993597 0.810534 0.928584 0.958479 0.703601 0.973963 0.787890 0.294047 0.000000 0.646264 0.640553 0.597155 0.543659 0.902517 0.929030 0.975927 0.777180 0.976088 0.800107 0.968886 0.825338 0.908072 0.753631 0.948441 0.824334 0.689456 0.728184 0.817674 0.786870 0.889079 0.774081 0.981456 0.974434 0.978820 0.958607 0.570386 0.492892 0.571748 0.546392 0.680952 0.839361 0.355462 0.309398 0.677184 0.801634 0.900552 0.881798 0.493593 0.575932 0.909651 0.973780 0.713533 0.640100 0.804171 0.996515 0.856946 0.634744 0.537204 0.752528 0.388330 0.638839 0.538396 0.579451 0.983150 0.952214 0.825342 0.867873 0.827497 0.938291 0.641769 0.569496 0.520362 0.516926 0.948708 0.799394 0.917318 0.706256 0.961384 0.931848 0.995240 0.989487 0.656117 0.552376 0.893980 0.728237 0.945002 0.982601 0.868599 0.754147 0.988065 0.987719 0.967044 0.874870 0.700079 0.758852
0.800478 0.837015 0.622409 0.511209 0.796126 0.975574 0.539186 0.505346 0.662948 0.662924 0.617129 0.604844 0.659867 0.618625 0.773269 0.624536 0.747093 0.780550 0.615960 0.742998 0.907279 0.994146 0.593662 0.754573 0.738454 0.781160 0.886295 0.905548 0.729437 0.646264 0.000000 0.407587 0.459396 0.466016 0.919398 0.764045 0.858982 0.904792 0.810908 0.953527 0.906056 0.865002 0.693514 0.673188 0.767098 0.731358 0.612429 0.620846 0.977268 0.930779 0.875130 0.865213 0.813771 0.858302 0.958549 0.951407 0.877801 0.954856 0.701795 0.706848 0.432651 0.500360 0.675427 0.621192 0.853445 0.632885 0.550715 0.480019 0.794819 0.933070 0.691761 0.740868 0.722840 0.721812 0.809130 0.916976 0.732229 0.591066 0.747511 0.886697 0.786323 0.979233 0.709960 0.963662 0.954353 0.819745 0.973783 0.854724 0.900022 0.980048 0.932468 0.865443 0.990228 0.847624 0.916283 0.722643 0.908207 0.658247 0.720685 0.750239 0.588116 0.915722 0.886629 0.550005 0.659391 0.639996 0.867309 0.716808 0.738266 0.869856 0.753582 0.942924 0.820589 0.856648 0.625114 0.948502
0.764184 0.782917 0.694516 0.534137 0.837207 0.985370 0.676605 0.641049 0.751651 0.771995 0.656326 0.655624 0.691406 0.580731 0.682032 0.561845 0.741332 0.751532 0.562029 0.708780 0.837253 0.934633 0.485390 0.680857 0.685339 0.867929 0.966342 0.894674 0.670515 0.640553 0.407587 0.000000 0.499307 0.625892 0.926050 0.905851 0.849865 0.819534 0.893399 0.837343 0.919748 0.888996 0.660858 0.629071 0.832263 0.746722 0.642909 0.699632 0.968561 0.906784 0.847223 0.821836 0.864219 0.870936 0.989693 0.950494 0.763650 0.881298 0.755489 0.764860 0.615859 0.655565 0.720202 0.666061 0.862527 0.744645 0.725278 0.649365 0.762881 0.905566 0.767829 0.843499 0.802146 0.808555 0.887033 0.974873 0.798779 0.615721 0.736250 0.818384 0.770180 0.929893 0.628514 0.775054 0.835646 0.726720 0.997463 0.871314 0.890636 0.963914 0.979561 0.791153 0.886425 0.912398 0.982522 0.812559 0.911848 0.832665 0.750527 0.831661 0.759376 0.797085 0.830690 0.695368 0.700639 0.667068 0.906206 0.744551 0.780323 0.763007 0.860986 0.967408 0.753682 0.866895 0.573653 0.917400
0.612610 0.634617 0.632214 0.559866 0.918577 0.979058 0.436389 0.461740 0.666793 0.606608 0.542521 0.505474 0.565158 0.500443 0.775159 0.649885 0.574585 0.611599 0.457256 0.592039 0.982446 0.975083 0.616795 0.858335 0.848049 0.839142 0.835454 0.780195 0.592744 0.597155 0.459396 0.499307 0.000000 0.413754 0.877078 0.781997 0.791057 0.861386 0.989737 0.923646 0.877808 0.761664 0.571930 0.509009 0.580847 0.578453 0.466153 0.598231 0.784575 0.719429 0.684790 0.662558 0.711142 0.766077 0.911234 0.972856 0.646439 0.671456 0.566229 0.640067 0.366071 0.500898 0.531099 0.496435 0.882953 0.771646 0.481928 0.524894 0.697394 0.759880 0.638105 0.666338 0.621701 0.765570 0.799914 0.973293 0.674901 0.631008 0.641275 0.709010 0.589709 0.736745 0.625402 0.774826 0.781121 0.803014 0.983285 0.851420 0.943826 0.945681 0.852840 0.997287 0.948841 0.915449 0.749325 0.813112 0.848526 0.633534 0.534566 0.648059 0.697280 0.728570 0.682873 0.409745 0.735450 0.715430 0.986210 0.706506 0.850089 0.708343 0.613290 0.821133 0.698701 0.648048 0.555579 0.997323
0.598031 0.549095 0.685890 0.605639 0.921297 0.903201 0.399451 0.390768 0.753253 0.517599 0.430806 0.475925 0.767291 0.733748 0.967266 0.820078 0.514855 0.563089 0.460660 0.531944 0.849892 0.899157 0.814388 0.912943 0.962835 0.968979 0.893590 0.747674 0.564042 0.543659 0.466016 0.625892 0.413754 0.000000 0.907486 0.821413 0.877514 0.800559 0.986031 0.979387 0.947744 0.854924 0.577941 0.487174 0.608598 0.530911 0.465405 0.456348 0.744995 0.667546 0.738660 0.696480 0.852756 0.892718 0.952170 0.985076 0.593442 0.612635 0.404684 0.430469 0.397678 0.523590 0.470206 0.424305 0.981200 0.815335 0.461860 0.445511 0.689366 0.720465 0.813476 0.833049 0.776360 0.778411 0.877949 0.929926 0.633794 0.605887 0.585249 0.732508 0.611734 0.846219 0.729208 0.805697 0.937093 0.982838 0.852442 0.767664 0.893707 0.918987 0.982375 0.873874 0.938164 0.736206 0.816992 0.836999 0.934215 0.555309 0.623834 0.587391 0.566551 0.892188 0.590735 0.480619 0.725213 0.706404 0.956019 0.652029 0.882236 0.666905 0.666324 0.809119 0.691417 0.720929 0.606310 0.841403
0.985273 0.992936 0.755937 0.787001 0.823578 0.913885 0.804430 0.890163 0.693261 0.907044 0.961340 0.927368 0.882242 0.914128 0.980266 0.976251 0.890904 0.881316 0.975310 0.958994 0.940108 0.972900 0.990821 0.920015 0.877402 0.678675 0.976726 0.869666 0.864617 0.902517 0.919398 0.926050 0.877078 0.907486 0.000000 0.982732 0.994424 0.971244 0.848957 0.901545 0.972431 0.960758 0.831485 0.899602 0.790381 0.792733 0.778221 0.816058 0.909965 0.828084 0.888741 0.899831 0.842373 0.880714 0.777856 0.855065 0.988579 0.915298 0.926551 0.904135 0.854045 0.797719 0.929930 0.924906 0.744773 0.833820 0.695668 0.671129 0.992763 0.939370 0.925817 0.905209 0.943331 0.833814 0.870694 0.920936 0.877783 0.926312 0.967977 0.977842 0.950826 0.947121 0.936806 0.957426 0.874102 0.862158 0.967078 0.937043 0.780459 0.866539 0.815533 0.831514 0.805170 0.840846 0.901498 0.999308 0.751636 0.765314 0.794522 0.872886 0.990647 0.888959 0.851205 0.917897 0.891922 0.846634 0.806869 0.851784 0.926827 0.931325 0.931927 0.954810 0.728493 0.941817 0.883919 0.968669
0.997922 0.881525 0.847706 0.836651 0.910246 0.966112 0.747500 0.827188 0.862476 0.913741 0.987222 0.953994 0.944992 0.883397 0.969596 0.922515 0.927077 0.932864 0.943207 0.955795 0.900305 0.923992 0.896635 0.889556 0.956949 0.967390 0.828201 0.913401 0.881224 0.929030 0.764045 0.905851 0.781997 0.821413 0.982732 0.000000 0.934217 0.837200 0.907325 0.958332 0.886636 0.984393 0.798515 0.749179 0.746701 0.773598 0.833080 0.938641 0.849646 0.833997 0.837586 0.849051 0.729541 0.842551 0.980483 0.915189 0.939507 0.910189 0.800289 0.886957 0.759334 0.843310 0.912979 0.893016 0.892980 0.876907 0.719162 0.764119 0.886767 0.934112 0.861597 0.978853 0.956541 0.924701 0.912411 0.828024 0.855309 0.706893 0.904571 0.904739 0.887577 0.986841 0.961516 0.857974 0.960813 0.956254 0.824937 0.893419 0.831119 0.913094 0.853207 0.798402 0.871001 0.903215 0.901440 0.912724 0.998705 0.918919 0.855575 0.730572 0.789043 0.915345 0.863680 0.837497 0.893982 0.949886 0.909665 0.918817 0.996763 0.981276 0.759470 0.857874 0.945263 0.879065 0.790199 0.861785
0.737612 0.844141 0.780777 0.754811 0.976093 0.845603 0.954883 0.763678 0.753769 0.701531 0.916309 0.727761 0.815476 0.738709 0.830666 0.784050 0.930724 0.980651 0.697339 0.687094 0.901164 0.893680 0.843002 0.873300 0.765733 0.791037 0.950394 0.904951 0.980932 0.975927 0.858982 0.849865 0.791057 0.877514 0.994424 0.934217 0.000000 0.646688 0.806167 0.777635 0.602935 0.802648 0.662627 0.735123 0.871115 0.827085 0.667776 0.720937 0.833756 0.873887 0.888952 0.886155 0.906277 0.841097 0.746486 0.911691 0.820107 0.868950 0.989958 0.985729 0.867318 0.640327 0.867156 0.959603 0.900282 0.788289 0.997021 0.831919 0.709360 0.723229 0.719374 0.648211 0.727715 0.869744 0.882036 0.995240 0.746033 0.863595 0.913039 0.897776 0.901190 0.791295 0.867040 0.869893 0.785143 0.810752 0.859764 0.952326 0.854371 0.831073 0.849301 0.933783 0.960477 0.994089 0.958541 0.975674 0.756429 0.998017 0.713656 0.709753 0.927656 0.832684 0.895107 0.920655 0.884680 0.993004 0.840264 0.747802 0.791245 0.795610 0.943708 0.835266 0.963816 0.919523 0.917206 0.984077
0.625865 0.588703 0.994041 0.976622 0.895710 0.869262 0.946547 0.935906 0.971426 0.748111 0.735083 0.653670 0.931065 0.834481 0.993402 0.855850 0.742019 0.703302 0.655181 0.553784 0.742085 0.853124 0.988690 0.943746 0.809046 0.972814 0.785537 0.973911 0.744430 0.777180 0.904792 0.819534 0.861386 0.800559 0.971244 0.837200 0.646688 0.000000 0.829263 0.552468 0.760873 0.754921 0.776462 0.774552 0.905578 0.819490 0.680887 0.633970 0.720181 0.708976 0.845771 0.819144 0.917056 0.972841 0.818328 0.733673 0.555510 0.631937 0.960666 0.846431 0.964322 0.882800 0.926173 0.810952 0.880271 0.897127 0.824384 0.960427 0.640478 0.641075 0.941198 0.843951 0.905176 0.912657 0.911726 0.981714 0.992393 0.889183 0.830281 0.941109 0.652196 0.623083 0.762552 0.539615 0.862407 0.977843 0.988060 0.918794 0.955600 0.861744 0.922955 0.881689 0.804958 0.819515 0.926646 0.817084 0.904735 0.859218 0.877297 0.886480 0.978445 0.968625 0.685509 0.933534 0.968000 0.972138 0.920891 0.981575 0.895528 0.750922 0.926383 0.822934 0.969616 0.753320 0.982001 0.996450
