0.000000 0.279461 0.945464 0.789183 0.938496 0.886268 0.458069 0.555295 0.876819 0.660334 0.423896 0.352039 0.498491 0.545720 0.882999 0.982078 0.289673 0.276209 0.362131 0.349411 0.901679 0.799780 0.773447 0.738675 0.588508 0.677991 0.703473 0.814185 0.519726 0.436862 0.671319 0.848303 0.462651 0.483397 0.774269 0.841885 0.901717 0.871424 0.875402 0.872308 0.897009 0.786579 0.849584 0.598319 0.619916 0.542155 0.482431 0.458703 0.433959 0.528408 0.571711 0.715075 0.984625 0.767070 0.476841 0.628138 0.282890 0.269616 0.382852 0.399547 0.391043 0.484933 0.403611 0.329603 0.966434 0.831936 0.736168 0.732635 0.397549 0.420508 0.683425 0.694276 0.690243 0.849118 0.872947 0.989340 0.985917 0.995527 0.595580 0.609491 0.300016 0.331603 0.494992 0.373330 0.376440 0.695960 0.928648 0.838738 0.645623 0.669407 0.983511 0.990804 0.879491 0.842385 0.844699 0.865553 0.704230 0.947490 0.626414 0.645919 0.854100 0.996247 0.567706 0.880165 0.920034 0.880691 0.864889 0.852044 0.899036 0.829964 0.853638 0.875693 0.732236 0.782355 0.719700 0.930432
0.279461 0.000000 0.971042 0.910854 0.954380 0.843705 0.540838 0.600895 0.912836 0.747722 0.511400 0.452282 0.616251 0.615814 0.855571 0.946078 0.300000 0.302260 0.443246 0.337445 0.995951 0.787866 0.854826 0.890252 0.744644 0.792090 0.799869 0.818746 0.539770 0.450441 0.710003 0.871911 0.527872 0.515628 0.869175 0.829966 0.810051 0.782903 0.852560 0.888841 0.769513 0.717665 0.864573 0.636343 0.670753 0.563271 0.479556 0.464411 0.425415 0.456448 0.517721 0.619982 0.928561 0.885361 0.479772 0.605056 0.260306 0.244874 0.449209 0.381852 0.464811 0.502582 0.467554 0.383419 0.896881 0.751628 0.665085 0.696717 0.346242 0.354500 0.693981 0.773156 0.741415 0.937826 0.949758 0.971295 0.972075 0.981182 0.591906 0.590185 0.359009 0.372710 0.463452 0.407762 0.375547 0.607469 0.898244 0.745656 0.683695 0.650805 0.971875 0.990812 0.948048 0.931351 0.886373 0.839056 0.649010 0.886660 0.673669 0.620926 0.913951 0.946613 0.607099 0.923925 0.854348 0.843983 0.857391 0.856992 0.941404 0.848503 0.910179 0.880688 0.755409 0.745662 0.716374 0.962691
0.945464 0.971042 0.000000 0.620878 0.781945 0.908213 0.748087 0.644476 0.852266 0.969429 0.992897 0.967360 0.969958 0.854665 0.906707 0.806759 0.997277 0.971435 0.967905 0.947127 0.949266 0.911733 0.948164 0.894333 0.645604 0.735007 0.997044 0.960877 0.913707 0.932364 0.718587 0.692482 0.852762 0.763372 0.727326 0.990187 0.788569 0.908360 0.804608 0.903385 0.984288 0.865600 0.886667 0.928355 0.759302 0.875418 0.796919 0.998342 0.787564 0.878104 0.958899 0.857643 0.909450 0.892089 0.929636 0.872838 0.955058 0.975608 0.799130 0.953221 0.891955 0.975314 0.881186 0.937277 0.677149 0.661739 0.660598 0.675524 0.956641 0.909931 0.929210 0.865575 0.846446 0.925653 0.807344 0.857519 0.838883 0.945072 0.809953 0.967402 0.962244 0.922318 0.919988 0.989729 0.930131 0.801922 0.736267 0.989499 0.897934 0.952819 0.741157 0.717135 0.715019 0.791039 0.986180 0.987807 0.914324 0.953154 0.812445 0.867435 0.883067 0.870371 0.968293 0.923955 0.835156 0.938175 0.950105 0.910723 0.986753 0.928325 0.883280 0.867275 0.844277 0.977551 0.912373 0.971887
0.789183 0.910854 0.620878 0.000000 0.610156 0.824109 0.884746 0.870444 0.978672 0.908739 0.665549 0.725681 0.582714 0.609186 0.709245 0.912807 0.834143 0.794472 0.832915 0.890754 0.897611 0.902116 0.826663 0.630129 0.443820 0.524352 0.745224 0.968202 0.760147 0.782594 0.706343 0.710804 0.964904 0.989516 0.740453 0.890766 0.859070 0.718690 0.945116 0.958031 0.831496 0.937400 0.822674 0.903268 0.801060 0.874383 0.936650 0.939860 0.845055 0.864979 0.774032 0.726581 0.731140 0.694337 0.926250 0.870519 0.943284 0.894883 0.941197 0.831946 0.796323 0.901725 0.817647 0.821927 0.575012 0.563115 0.563788 0.645228 0.952513 0.933709 0.706916 0.712940 0.736653 0.828204 0.807833 0.926485 0.788326 0.791509 0.918658 0.896732 0.781327 0.785740 0.775762 0.755867 0.795901 0.779628 0.885052 0.922113 0.903614 0.874795 0.931872 0.894450 0.841184 0.857472 0.805525 0.950886 0.984504 0.936991 0.907073 0.975235 0.721108 0.816498 0.910480 0.884712 0.748193 0.796997 0.845650 0.992874 0.957865 0.891985 0.997044 0.999116 0.939397 0.910937 0.959280 0.899243
0.938496 0.954380 0.781945 0.610156 0.000000 0.867797 0.909701 0.878038 0.936696 0.935654 0.798758 0.871226 0.722248 0.762928 0.656300 0.785057 0.902340 0.892753 0.895155 0.915096 0.996933 0.982288 0.913474 0.954925 0.643703 0.715076 0.863074 0.844769 0.821944 0.795509 0.821403 0.872262 0.991515 0.978007 0.834724 0.960333 0.957442 0.763949 0.916173 0.888103 0.973943 0.877281 0.953579 0.949020 0.776244 0.846092 0.977247 0.934752 0.868946 0.970433 0.939102 0.906611 0.999002 0.922810 0.888199 0.953980 0.984013 0.967715 0.921313 0.913694 0.853325 0.921238 0.858988 0.861076 0.798265 0.767556 0.800720 0.827519 0.981725 0.925430 0.984515 0.737676 0.953427 0.887866 0.795026 0.900772 0.935783 0.973124 0.987230 0.941161 0.842944 0.858509 0.843777 0.791786 0.774305 0.946032 0.825357 0.848800 0.991296 0.999927 0.905395 0.948029 0.934574 0.939228 0.919214 0.922860 0.927691 0.915331 0.893378 0.912046 0.745815 0.992272 0.836141 0.905496 0.880663 0.906580 0.905745 0.988373 0.830325 0.934171 0.835336 0.873543 0.946211 0.890928 0.911513 0.964719
0.886268 0.843705 0.908213 0.824109 0.867797 0.000000 0.732014 0.731866 0.694282 0.735695 0.874432 0.924747 0.931442 0.946523 0.845113 0.792447 0.821307 0.898127 0.869597 0.888958 0.924244 0.984142 0.832342 0.863422 0.971436 0.807796 0.940179 0.879188 0.797689 0.851354 0.900719 0.959470 0.827962 0.770370 0.916303 0.832730 0.966362 0.968464 0.992665 0.941091 0.981453 0.786515 0.711722 0.695728 0.689459 0.702577 0.722004 0.721598 0.772858 0.789800 0.720965 0.860413 0.795260 0.875040 0.849367 0.742617 0.918857 0.934930 0.878463 0.795602 0.744245 0.688808 0.846002 0.825948 0.754833 0.631224 0.776290 0.730335 0.866963 0.901972 0.881090 0.930857 0.819743 0.858228 0.898943 0.900300 0.645152 0.740020 0.829272 0.687971 0.777158 0.814819 0.932063 0.929302 0.702690 0.678773 0.953832 0.924309 0.956249 0.980925 0.710860 0.891706 0.747940 0.989014 0.766325 0.891253 0.787444 0.878133 0.728234 0.785867 0.822653 0.958496 0.795838 0.878068 0.788741 0.866711 0.998141 0.954087 0.770645 0.921094 0.996350 0.925441 0.814509 0.896243 0.927757 0.877389
0.458069 0.540838 0.748087 0.884746 0.909701 0.732014 0.000000 0.308702 0.792177 0.431893 0.364381 0.381343 0.410265 0.541245 0.716826 0.961086 0.407644 0.445837 0.410526 0.474951 0.963956 0.837143 0.702760 0.637427 0.595543 0.777340 0.524758 0.914439 0.390328 0.370249 0.999376 0.879151 0.342359 0.329156 0.828414 0.982248 0.920489 0.908322 0.801226 0.850515 0.943836 0.881199 0.646035 0.450368 0.552342 0.433238 0.399930 0.459062 0.573195 0.758385 0.630607 0.991021 0.837555 0.653063 0.616393 0.636866 0.516743 0.574836 0.412950 0.609193 0.243728 0.434951 0.296143 0.320357 0.916797 0.745956 0.660373 0.550544 0.741211 0.616305 0.773816 0.720170 0.845853 0.956676 0.997858 0.957446 0.791448 0.992126 0.464190 0.517357 0.339639 0.389611 0.667966 0.556989 0.511914 0.763623 0.988330 0.984297 0.880088 0.997961 0.982041 0.742474 0.822974 0.553088 0.866459 0.923993 0.705553 0.977473 0.627394 0.713602 0.676550 0.989137 0.547892 0.780188 0.752784 0.892817 0.842797 0.822908 0.773696 0.797101 0.818872 0.945231 0.765689 0.818326 0.889623 0.986829
0.555295 0.600895 0.644476 0.870444 0.878038 0.731866 0.308702 0.000000 0.726039 0.440653 0.523149 0.474865 0.547333 0.596814 0.846315 0.857955 0.535867 0.579343 0.471873 0.552311 0.969386 0.863466 0.780686 0.760500 0.811972 0.966286 0.644375 0.811975 0.514361 0.510486 0.886541 0.873987 0.368255 0.398820 0.951316 0.915357 0.884868 0.922804 0.796025 0.859457 0.971447 0.876657 0.578023 0.403588 0.604378 0.477368 0.399593 0.515027 0.592760 0.715798 0.581796 0.880630 0.952294 0.791033 0.572818 0.577164 0.566090 0.628243 0.425636 0.554158 0.362932 0.421989 0.429550 0.425028 0.997968 0.631365 0.589970 0.481242 0.763409 0.584789 0.944450 0.907588 0.861324 0.944162 0.885093 0.977419 0.719151 0.914941 0.582754 0.593604 0.465337 0.535955 0.761145 0.697479 0.639458 0.809783 0.935554 0.927583 0.799300 0.934950 0.972854 0.828691 0.862912 0.611033 0.784002 0.930081 0.626508 0.958061 0.620370 0.787338 0.755561 0.991630 0.658560 0.714042 0.672612 0.859840 0.933668 0.852806 0.829948 0.807944 0.808328 0.999101 0.784398 0.797174 0.911310 0.913007
0.876819 0.912836 0.852266 0.978672 0.936696 0.694282 0.792177 0.726039 0.000000 0.647663 0.857829 0.742569 0.718951 0.722531 0.725487 0.625950 0.952936 0.933639 0.922097 0.947932 0.738690 0.987533 0.785071 0.896237 0.964824 0.841265 0.939376 0.985875 0.817821 0.768506 0.782165 0.921873 0.784654 0.795912 0.930320 0.924901 0.955758 0.917826 0.783797 0.922145 0.950739 0.977078 0.778724 0.763345 0.718814 0.740999 0.805252 0.809787 0.718779 0.971255 0.898185 0.971086 0.888840 0.935374 0.773383 0.831400 0.954701 0.944462 0.961277 0.957134 0.751909 0.573150 0.891980 0.787948 0.904828 0.743293 0.971007 0.913718 0.868470 0.818236 0.740152 0.772777 0.895271 0.833423 0.805399 0.979893 0.757088 0.863013 0.966138 0.821827 0.814201 0.953310 0.784541 0.916387 0.703356 0.780664 0.871500 0.908992 0.776166 0.895951 0.953088 0.961117 0.973655 0.907188 0.825141 0.870770 0.881064 0.870568 0.790885 0.872986 0.805213 0.949095 0.836581 0.962347 0.816749 0.883265 0.937047 0.854943 0.810403 0.757882 0.844297 0.879267 0.937094 0.850881 0.826113 0.914684
0.660334 0.747722 0.969429 0.908739 0.935654 0.735695 0.431893 0.440653 0.647663 0.000000 0.566470 0.500728 0.467153 0.486884 0.672997 0.982653 0.681002 0.674416 0.559593 0.632492 0.867655 0.969498 0.864550 0.614974 0.608097 0.931530 0.595248 0.783064 0.532425 0.543585 0.805622 0.974469 0.446642 0.482234 0.817106 0.998956 0.876039 0.889733 0.860232 0.929974 0.858154 0.924638 0.534507 0.405397 0.366385 0.352661 0.519656 0.634784 0.473744 0.720358 0.684640 0.963864 0.916137 0.819353 0.750432 0.731367 0.767380 0.801023 0.653000 0.748423 0.452027 0.442172 0.564268 0.537013 0.725755 0.888327 0.834802 0.682152 0.872741 0.744745 0.929780 0.967216 0.859963 0.982475 0.973923 0.966436 0.682916 0.998067 0.747439 0.602464 0.566777 0.684672 0.801042 0.807543 0.683219 0.986937 0.963001 0.830160 0.901270 0.954729 0.806687 0.931995 0.940700 0.726006 0.842101 0.852797 0.775930 0.883608 0.475007 0.623124 0.637351 0.874708 0.603635 0.734037 0.792613 0.991918 0.862618 0.989447 0.726238 0.712326 0.695347 0.831551 0.762708 0.755764 0.898025 0.951321
0.423896 0.511400 0.992897 0.665549 0.798758 0.874432 0.364381 0.523149 0.857829 0.566470 0.000000 0.365372 0.360609 0.482911 0.741692 0.993982 0.401028 0.381158 0.394644 0.441746 0.966191 0.814802 0.661233 0.609022 0.463089 0.566725 0.527317 0.903234 0.422555 0.391018 0.745736 0.953775 0.436993 0.436919 0.770154 0.970322 0.974342 0.883189 0.936393 0.854576 0.949907 0.864548 0.899250 0.653111 0.636333 0.521163 0.518634 0.518428 0.574883 0.835520 0.776541 0.917241 0.727571 0.581835 0.669124 0.792076 0.486125 0.505245 0.505571 0.685410 0.313069 0.506791 0.321684 0.339183 0.758691 0.941869 0.906164 0.811592 0.655680 0.649569 0.683587 0.592058 0.677889 0.787340 0.934684 0.963673 0.996220 0.919386 0.604935 0.559922 0.326058 0.344694 0.623445 0.440369 0.496574 0.853256 0.963833 0.959060 0.762302 0.978966 0.905627 0.744417 0.773534 0.629063 0.976610 0.990741 0.802096 0.965207 0.728686 0.840917 0.765799 0.939038 0.676417 0.846665 0.967065 0.946342 0.909412 0.827161 0.857885 0.815513 0.871167 0.947192 0.789143 0.849548 0.886094 0.946488
0.352039 0.452282 0.967360 0.725681 0.871226 0.924747 0.381343 0.474865 0.742569 0.500728 0.365372 0.000000 0.329584 0.371014 0.685205 0.862034 0.385884 0.372661 0.363593 0.444716 0.856207 0.795229 0.818470 0.688101 0.504447 0.684028 0.663334 0.885156 0.415430 0.381312 0.895385 0.993745 0.397821 0.437256 0.757580 0.890745 0.932648 0.975006 0.864730 0.879847 0.982460 0.861519 0.805242 0.553777 0.548033 0.477855 0.495020 0.512548 0.463607 0.714416 0.745917 0.960171 0.866478 0.629155 0.626824 0.703846 0.439281 0.450714 0.515319 0.638199 0.325905 0.385025 0.398762 0.331779 0.852074 0.863354 0.852280 0.805821 0.581772 0.487136 0.805980 0.784858 0.715568 0.867231 0.939025 0.977746 0.945176 0.969003 0.594395 0.563911 0.327844 0.382565 0.482068 0.485383 0.408801 0.783567 0.998494 0.902343 0.680077 0.813088 0.931101 0.819983 0.762452 0.742956 0.893390 0.866258 0.768968 0.964876 0.634101 0.666976 0.738152 0.984770 0.586524 0.793806 0.907872 0.958853 0.820213 0.945125 0.850042 0.794518 0.842414 0.886931 0.757077 0.713948 0.773270 0.950816
0.498491 0.616251 0.969958 0.582714 0.722248 0.931442 0.410265 0.547333 0.718951 0.467153 0.360609 0.329584 0.000000 0.313836 0.521307 0.841071 0.515865 0.513303 0.467917 0.570605 0.849033 0.858270 0.866617 0.603134 0.445517 0.592454 0.606467 0.906377 0.429679 0.382582 0.945493 0.973925 0.431303 0.500745 0.716678 0.960494 0.986545 0.830078 0.853023 0.865584 0.897534 0.913718 0.802729 0.599995 0.528990 0.467508 0.576544 0.595790 0.526523 0.888961 0.859735 0.874392 0.789871 0.565657 0.762332 0.795924 0.630806 0.620716 0.623559 0.820415 0.336422 0.444327 0.434634 0.386249 0.716439 0.957848 0.971218 0.894255 0.750724 0.669324 0.856003 0.788796 0.744092 0.868714 0.930469 0.902076 0.892032 0.974613 0.689217 0.637306 0.419155 0.504284 0.569332 0.565715 0.488280 0.932616 0.992355 0.940319 0.737573 0.973283 0.863207 0.728188 0.691624 0.631289 0.978904 0.934641 0.781446 0.995082 0.689950 0.758029 0.666170 0.995576 0.631900 0.801379 0.963631 0.923366 0.820648 0.923245 0.786368 0.817062 0.759539 0.978363 0.807868 0.804620 0.875773 0.956716
0.545720 0.615814 0.854665 0.609186 0.762928 0.946523 0.541245 0.596814 0.722531 0.486884 0.482911 0.371014 0.313836 0.000000 0.501181 0.732954 0.604478 0.568090 0.526883 0.583559 0.943227 0.839382 0.978206 0.721390 0.505457 0.680853 0.668786 0.839479 0.516658 0.475475 0.949291 0.952832 0.539059 0.588986 0.675015 0.977216 0.967780 0.896266 0.947672 0.917711 0.921395 0.963309 0.787316 0.576418 0.492221 0.469276 0.608580 0.639351 0.434377 0.810502 0.835755 0.973237 0.932950 0.717432 0.787329 0.845656 0.677778 0.639919 0.775418 0.826719 0.456397 0.416450 0.583529 0.493546 0.758100 0.965372 0.920814 0.967872 0.740933 0.639191 0.915639 0.922867 0.687821 0.862527 0.936029 0.979601 0.900966 0.992060 0.768802 0.630136 0.507991 0.580037 0.522845 0.651894 0.491893 0.956746 0.950845 0.927606 0.674710 0.863411 0.973792 0.929037 0.845521 0.794269 0.925050 0.949017 0.768587 0.981531 0.617099 0.694562 0.668276 0.897815 0.672178 0.853934 0.998241 0.971588 0.896753 0.944993 0.801965 0.853641 0.776743 0.921885 0.796059 0.740130 0.857074 0.948914
0.882999 0.855571 0.906707 0.709245 0.656300 0.845113 0.716826 0.846315 0.725487 0.672997 0.741692 0.685205 0.521307 0.501181 0.000000 0.540082 0.836271 0.871136 0.907156 0.915779 0.972669 0.833834 0.699436 0.931423 0.707760 0.915970 0.891983 0.897837 0.626121 0.618031 0.876590 0.931325 0.708886 0.765760 0.859844 0.940091 0.974393 0.791925 0.876466 0.871373 0.990782 0.943764 0.771885 0.761390 0.574037 0.585060 0.766298 0.796548 0.608217 0.917293 0.902983 0.944462 0.937492 0.891369 0.996789 0.999353 0.983099 0.941494 0.941476 0.892467 0.655659 0.633218 0.752561 0.717636 0.961315 0.984236 0.870852 0.977623 0.999250 0.829434 0.883631 0.911900 0.997077 0.866771 0.977492 0.799571 0.751024 0.917056 0.910788 0.843734 0.762196 0.883418 0.602073 0.858735 0.577807 0.828659 0.882331 0.872819 0.890583 0.942944 0.988152 0.856288 0.924530 0.843685 0.964907 0.994500 0.889177 0.929652 0.750489 0.770457 0.682385 0.920920 0.738056 0.988855 0.919524 0.935140 0.851530 0.959970 0.876226 0.991033 0.874959 0.856326 0.937479 0.877297 0.934318 0.978513
0.982078 0.946078 0.806759 0.912807 0.785057 0.792447 0.961086 0.857955 0.625950 0.982653 0.993982 0.862034 0.841071 0.732954 0.540082 0.000000 0.993660 0.975291 0.917855 0.940193 0.897511 0.937121 0.493068 0.693468 0.985178 0.942230 0.846081 0.776857 0.947313 0.845199 0.934678 0.872826 0.975402 0.974589 0.902924 0.974766 0.909013 0.937803 0.998161 0.988682 0.830807 0.975984 0.995445 0.965881 0.845907 0.902263 0.978118 0.882377 0.816195 0.999074 0.998731 0.954109 0.792568 0.950851 0.945096 0.920510 0.934241 0.995260 0.727107 0.852628 0.939217 0.782822 0.945699 0.958995 0.725617 0.890199 0.843090 0.841186 0.958194 0.928171 0.793445 0.889171 0.856360 0.837735 0.969765 0.934062 0.999914 0.821333 0.884806 0.916985 0.971632 0.960535 0.576869 0.966630 0.615085 0.641774 0.946341 0.839101 0.820024 0.852957 0.932267 0.927513 0.929837 0.858469 0.853451 0.904386 0.863997 0.944590 0.963522 0.813751 0.984489 0.877108 0.898468 0.601598 0.929550 0.856105 0.976772 0.832141 0.999149 0.907444 0.960812 0.989927 0.986596 0.979633 0.825597 0.956445
0.289673 0.300000 0.997277 0.834143 0.902340 0.821307 0.407644 0.535867 0.952936 0.681002 0.401028 0.385884 0.515865 0.604478 0.836271 0.993660 0.000000 0.253817 0.366048 0.348171 0.986133 0.788689 0.692304 0.735252 0.603053 0.725158 0.648995 0.886430 0.422386 0.350312 0.771396 0.977257 0.407525 0.394628 0.844098 0.922936 0.820187 0.913022 0.911797 0.820430 0.828394 0.689212 0.870926 0.608433 0.660050 0.524656 0.431040 0.426524 0.505027 0.584991 0.570217 0.799679 0.893239 0.709195 0.498943 0.616361 0.277278 0.293602 0.372535 0.428220 0.347887 0.508345 0.312391 0.271592 0.977379 0.771089 0.643226 0.624149 0.458647 0.445129 0.622833 0.659659 0.762162 0.882163 0.916495 0.983266 0.958802 0.984761 0.502287 0.614829 0.268706 0.305248 0.493953 0.377408 0.409491 0.663604 0.886862 0.820893 0.754627 0.791588 0.951828 0.824329 0.809070 0.736073 0.919958 0.878412 0.670317 0.936365 0.688884 0.674767 0.806369 0.886870 0.587366 0.920632 0.893465 0.797740 0.908263 0.841062 0.858910 0.806802 0.914803 0.853455 0.690822 0.746724 0.738462 0.959641
0.276209 0.302260 0.971435 0.794472 0.892753 0.898127 0.445837 0.579343 0.933639 0.674416 0.381158 0.372661 0.513303 0.568090 0.871136 0.975291 0.253817 0.000000 0.327173 0.288353 0.993312 0.848182 0.715576 0.752982 0.579634 0.699408 0.629228 0.813741 0.428671 0.342701 0.676612 0.989389 0.446912 0.427944 0.779774 0.913147 0.844261 0.872210 0.939054 0.807908 0.838719 0.776968 0.942692 0.669371 0.689722 0.536510 0.459269 0.436954 0.510064 0.594125 0.612727 0.818623 0.853624 0.678179 0.527744 0.647170 0.269175 0.277374 0.419712 0.462564 0.378948 0.524424 0.341668 0.309114 0.948789 0.806210 0.694765 0.674613 0.442691 0.450912 0.641273 0.617387 0.722781 0.896843 0.891831 0.972478 0.879385 0.893202 0.524602 0.578078 0.270756 0.281368 0.475085 0.318312 0.401330 0.678947 0.853040 0.748404 0.761651 0.736474 0.911485 0.866954 0.817325 0.771807 0.900655 0.910256 0.718469 0.947644 0.702524 0.719224 0.866684 0.904751 0.570797 0.903370 0.965079 0.885998 0.907847 0.825097 0.880865 0.861235 0.868416 0.880718 0.741320 0.782438 0.781184 0.885528
0.362131 0.443246 0.967905 0.832915 0.895155 0.869597 0.410526 0.471873 0.922097 0.559593 0.394644 0.363593 0.467917 0.526883 0.907156 0.917855 0.366048 0.327173 0.000000 0.311596 0.859274 0.878574 0.714252 0.687907 0.555171 0.632989 0.584553 0.722734 0.453760 0.422907 0.782890 0.992034 0.445865 0.416008 0.765407 0.937139 0.959957 0.910704 0.947660 0.869647 0.951162 0.917576 0.812074 0.535442 0.589247 0.488514 0.487620 0.501868 0.562637 0.659284 0.693443 0.889915 0.810887 0.660013 0.582439 0.653803 0.398408 0.426221 0.428841 0.542648 0.385935 0.490271 0.395744 0.371145 0.818265 0.838802 0.718346 0.666240 0.548829 0.559294 0.766006 0.719023 0.753684 0.917770 0.933509 0.965348 0.964704 0.924577 0.569386 0.568116 0.346718 0.318691 0.600634 0.415548 0.525267 0.862514 0.943699 0.808110 0.706714 0.830767 0.990505 0.878529 0.858620 0.727800 0.939464 0.995506 0.810209 0.962119 0.649276 0.743607 0.856844 0.959607 0.571399 0.725505 0.986118 0.953263 0.912796 0.817583 0.858658 0.838988 0.869892 0.903874 0.750646 0.759669 0.821384 0.998870
0.349411 0.337445 0.947127 0.890754 0.915096 0.888958 0.474951 0.552311 0.947932 0.632492 0.441746 0.444716 0.570605 0.583559 0.915779 0.940193 0.348171 0.288353 0.311596 0.000000 0.992306 0.918302 0.757250 0.800427 0.651929 0.737116 0.661003 0.747895 0.479149 0.412614 0.739150 0.986808 0.477894 0.433109 0.783410 0.928163 0.811234 0.819661 0.991237 0.902318 0.900090 0.867857 0.931078 0.638518 0.677906 0.547201 0.462262 0.506284 0.539892 0.595501 0.644213 0.816729 0.834150 0.680574 0.517514 0.636057 0.323611 0.335330 0.453494 0.500819 0.437405 0.538973 0.415409 0.376542 0.952938 0.789311 0.690799 0.656784 0.454234 0.491075 0.689543 0.682740 0.672919 0.960849 0.924629 0.847373 0.925086 0.868092 0.560079 0.541747 0.350089 0.314227 0.577335 0.359454 0.467158 0.722003 0.903604 0.724275 0.737265 0.751920 0.933119 0.903952 0.846674 0.791659 0.950558 0.921734 0.797102 0.912802 0.748915 0.720329 0.946422 0.914735 0.661433 0.793199 0.953703 0.952002 0.912884 0.814467 0.906736 0.854972 0.863617 0.869491 0.886040 0.829100 0.866578 0.961219
0.901679 0.995951 0.949266 0.897611 0.996933 0.924244 0.963956 0.969386 0.738690 0.867655 0.966191 0.856207 0.849033 0.943227 0.972669 0.897511 0.986133 0.993312 0.859274 0.992306 0.000000 0.961089 0.988507 0.981362 0.894499 0.907585 0.930435 0.947844 0.950779 0.990981 0.996290 0.921470 0.974167 0.975064 0.912899 0.995559 0.897499 0.944562 0.716687 0.974465 0.990126 0.916170 0.950003 0.922768 0.904606 0.952171 0.908571 0.906885 0.940509 0.997379 0.971701 0.997674 0.997807 0.987000 0.966375 0.960741 0.965087 0.958471 0.995811 0.963618 0.980414 0.939064 0.973651 0.996892 0.940898 0.924852 0.886196 0.874181 0.950835 0.951492 0.873947 0.881575 0.943571 0.996909 0.939313 0.973026 0.993699 0.977703 0.944145 0.977194 0.971262 0.956839 0.950184 0.982820 0.934509 0.923086 0.957739 0.991415 0.867727 0.863327 0.863333 0.934408 0.966702 0.969595 0.952523 0.927191 0.927022 0.842822 0.911453 0.804463 0.965818 0.860912 0.856235 0.970251 0.978600 0.859469 0.944927 0.970859 0.960910 0.886154 0.967620 0.975553 0.898190 0.772702 0.813785 0.964074
0.799780 0.787866 0.911733 0.902116 0.982288 0.984142 0.837143 0.863466 0.987533 0.969498 0.814802 0.795229 0.858270 0.839382 0.833834 0.937121 0.788689 0.848182 0.878574 0.918302 0.961089 0.000000 0.964080 0.890696 0.956331 0.949522 0.992307 0.973938 0.778075 0.810825 0.937322 0.965237 0.747185 0.831910 0.904789 0.859192 0.997210 0.904469 0.859383 0.776828 0.922658 0.850984 0.938777 0.875016 0.965313 0.905164 0.797613 0.782724 0.822839 0.926277 0.911696 0.998746 0.998235 0.919799 0.995854 0.993909 0.798668 0.837506 0.863582 0.824805 0.827621 0.802222 0.843691 0.823331 0.964007 0.937332 0.992609 0.998458 0.853053 0.857748 0.834582 0.937584 0.964010 0.995363 0.915179 0.990251 0.981939 0.976134 0.919947 0.902582 0.849835 0.824611 0.808357 0.799318 0.874877 0.932028 0.979632 0.906127 0.823526 0.969137 0.890131 0.825624 0.858223 0.847501 0.952388 0.993385 0.741259 0.899301 0.982249 0.983885 0.925176 0.894419 0.960444 0.970973 0.926403 0.954429 0.959100 0.924270 0.996830 0.870539 0.964267 0.845148 0.943675 0.958289 0.929096 0.936731
0.773447 0.854826 0.948164 0.826663 0.913474 0.832342 0.702760 0.780686 0.785071 0.864550 0.661233 0.818470 0.866617 0.978206 0.699436 0.493068 0.692304 0.715576 0.714252 0.757250 0.988507 0.964080 0.000000 0.525777 0.742259 0.741417 0.587314 0.845447 0.760147 0.820210 0.865288 0.858217 0.799712 0.694581 0.975370 0.962997 0.994963 0.970033 0.894821 0.950354 0.861166 0.942824 0.897548 0.968155 0.963519 0.943305 0.857689 0.860292 0.966270 0.988591 0.971103 0.834151 0.651226 0.679690 0.800311 0.931129 0.704971 0.778747 0.552859 0.741666 0.741774 0.965145 0.602661 0.682137 0.578983 0.904037 0.860283 0.816691 0.876749 0.990184 0.585451 0.631895 0.731652 0.742149 0.972522 0.856210 0.900480 0.756081 0.663261 0.964874 0.698251 0.669921 0.843549 0.751629 0.894494 0.759923 0.919194 0.874814 0.837172 0.768556 0.858293 0.742061 0.769513 0.663439 0.820532 0.978155 0.920960 0.973809 0.985897 0.909314 0.844328 0.951857 0.955646 0.756663 0.986534 0.947233 0.919726 0.899394 0.923058 0.669348 0.997040 0.990152 0.863073 0.920675 0.955732 0.917632
0.738675 0.890252 0.894333 0.630129 0.954925 0.863422 0.637427 0.760500 0.896237 0.614974 0.609022 0.688101 0.603134 0.721390 0.931423 0.693468 0.735252 0.752982 0.687907 0.800427 0.981362 0.890696 0.525777 0.000000 0.583994 0.664194 0.584498 0.869128 0.681026 0.709469 0.994085 0.837570 0.662836 0.705274 0.757674 0.906631 0.839112 0.837798 0.930197 0.996286 0.749640 0.921209 0.846027 0.789567 0.756287 0.714216 0.839674 0.814631 0.791659 0.984655 0.939927 0.859285 0.705889 0.698841 0.889891 0.983778 0.818327 0.847032 0.698855 0.909169 0.639034 0.816901 0.608582 0.672344 0.473161 0.688946 0.882015 0.987399 0.954444 0.976371 0.786300 0.747086 0.812727 0.730511 0.744246 0.907082 0.987144 0.870982 0.824446 0.879942 0.716406 0.744013 0.985008 0.825499 0.969171 0.648908 0.891274 0.826557 0.906980 0.811960 0.892199 0.772387 0.814473 0.611682 0.815457 0.990664 0.874911 0.968282 0.809459 0.975736 0.706366 0.915628 0.821868 0.726106 0.968078 0.877624 0.779063 0.966394 0.984367 0.762711 0.870771 0.936458 0.837942 0.951434 0.933148 0.988098
0.588508 0.744644 0.645604 0.443820 0.643703 0.971436 0.595543 0.811972 0.964824 0.608097 0.463089 0.504447 0.445517 0.505457 0.707760 0.985178 0.603053 0.579634 0.555171 0.651929 0.894499 0.956331 0.742259 0.583994 0.000000 0.494748 0.554705 0.803919 0.624992 0.590580 0.705417 0.851475 0.663840 0.696616 0.575594 0.982809 0.838401 0.753918 0.892508 0.878932 0.815669 0.908299 0.979274 0.790701 0.534085 0.556574 0.791297 0.769315 0.626339 0.930945 0.981699 0.860829 0.756472 0.625080 0.861116 0.968222 0.729492 0.729492 0.790354 0.902744 0.531520 0.686686 0.576023 0.565810 0.523840 0.790319 0.862733 0.962269 0.883591 0.837266 0.752961 0.713476 0.690853 0.890638 0.771089 0.943914 0.993367 0.862243 0.771686 0.686211 0.533446 0.585348 0.723928 0.625066 0.662473 0.893211 0.928128 0.995013 0.835152 0.996228 0.893084 0.970508 0.968087 0.819381 0.902322 0.954126 0.966986 0.902482 0.596269 0.752778 0.648073 0.827830 0.613004 0.788464 0.917610 0.941634 0.884875 0.927330 0.867648 0.908828 0.728094 0.857252 0.792268 0.807942 0.931108 0.955121
0.677991 0.792090 0.735007 0.524352 0.715076 0.807796 0.777340 0.966286 0.841265 0.931530 0.566725 0.684028 0.592454 0.680853 0.915970 0.942230 0.725158 0.699408 0.632989 0.737116 0.907585 0.949522 0.741417 0.664194 0.494748 0.000000 0.673968 0.918030 0.862230 0.779275 0.556234 0.807437 0.893115 0.888384 0.646652 0.864428 0.895125 0.776462 0.890347 0.988958 0.908605 0.940635 0.861878 0.988253 0.902390 0.904731 0.959163 0.918814 0.889101 0.930269 0.889847 0.832056 0.715352 0.676019 0.954263 0.956473 0.809641 0.784148 0.834940 0.998133 0.739010 0.932741 0.707382 0.746289 0.617273 0.614408 0.754323 0.815117 0.877015 0.976849 0.739471 0.673658 0.648302 0.817205 0.869148 0.947985 0.757336 0.849429 0.841296 0.942904 0.756343 0.695468 0.841940 0.701539 0.809286 0.830378 0.999959 0.985293 0.827906 0.987347 0.918512 0.960255 0.809345 0.871392 0.755424 0.872215 0.936936 0.910757 0.864970 0.926625 0.954448 0.901502 0.801033 0.819900 0.795530 0.947774 0.868490 0.941997 0.933954 0.976687 0.960702 0.940912 0.988381 0.991666 0.896132 0.998835
0.703473 0.799869 0.997044 0.745224 0.863074 0.940179 0.524758 0.644375 0.939376 0.595248 0.527317 0.663334 0.606467 0.668786 0.891983 0.846081 0.648995 0.629228 0.584553 0.661003 0.930435 0.992307 0.587314 0.584498 0.554705 0.673968 0.000000 0.906729 0.617389 0.617639 0.862727 0.997847 0.659023 0.582909 0.801062 0.787111 0.854975 0.777858 0.978314 0.999495 0.877291 0.946248 0.893567 0.744023 0.672445 0.642238 0.652492 0.783063 0.749320 0.922481 0.922803 0.838198 0.676023 0.645129 0.838250 0.998204 0.779468 0.807454 0.662299 0.851110 0.554781 0.722135 0.568901 0.613135 0.647859 0.922933 0.900119 0.774172 0.984996 0.981984 0.771932 0.688006 0.788758 0.953157 0.847343 0.983020 0.996824 0.839098 0.742841 0.707611 0.578171 0.604141 0.872215 0.730777 0.866555 0.889163 0.960803 0.962669 0.959647 0.822938 0.989014 0.852573 0.874944 0.677819 0.990765 0.951486 0.973233 0.982940 0.748263 0.878010 0.822230 0.980838 0.731084 0.864644 0.950783 0.892091 0.873753 0.998681 0.920142 0.798519 0.911260 0.971751 0.804218 0.897326 0.923472 0.997940
0.814185 0.818746 0.960877 0.968202 0.844769 0.879188 0.914439 0.811975 0.985875 0.783064 0.903234 0.885156 0.906377 0.839479 0.897837 0.776857 0.886430 0.813741 0.722734 0.747895 0.947844 0.973938 0.845447 0.869128 0.803919 0.918030 0.906729 0.000000 0.926656 0.895505 0.893882 0.953320 0.870073 0.847456 0.844772 0.812876 0.975578 0.849353 0.940883 0.990271 0.945047 0.877646 0.876272 0.848149 0.878039 0.781522 0.872027 0.887073 0.858946 0.830110 0.819695 0.841733 0.991479 0.999568 0.759601 0.891104 0.803306 0.793651 0.784142 0.723326 0.913746 0.883112 0.864558 0.879784 0.797435 0.978270 0.882433 0.841972 0.849266 0.731420 0.951741 0.879946 0.849564 0.987280 0.960450 0.871004 0.897511 0.787136 0.856282 0.952312 0.889832 0.891490 0.954483 0.820639 0.989460 0.804184 0.906357 0.958538 0.863370 0.938538 0.916677 0.912143 0.926416 0.998348 0.999319 0.944842 0.908829 0.903198 0.770144 0.843914 0.964424 0.807556 0.829231 0.775467 0.990954 0.973821 0.796593 0.866936 0.928812 0.964473 0.816729 0.983024 0.950340 0.820115 0.839788 0.950694
0.519726 0.539770 0.913707 0.760147 0.821944 0.797689 0.390328 0.514361 0.817821 0.532425 0.422555 0.415430 0.429679 0.516658 0.626121 0.947313 0.422386 0.428671 0.453760 0.479149 0.950779 0.778075 0.760147 0.681026 0.624992 0.862230 0.617389 0.926656 0.000000 0.347261 0.954063 0.868343 0.425554 0.386589 0.865815 0.944808 0.869759 0.990135 0.854887 0.749120 0.932587 0.824238 0.763126 0.556933 0.569913 0.416759 0.431477 0.458086 0.544792 0.735745 0.680531 0.983193 0.848722 0.684952 0.661656 0.679332 0.519049 0.561502 0.545945 0.699157 0.358795 0.447320 0.360088 0.364158 0.822858 0.826689 0.756343 0.689320 0.694252 0.654170 0.782538 0.740125 0.868909 0.987174 0.910421 0.888044 0.865726 0.989035 0.489527 0.552756 0.350380 0.411631 0.626946 0.522639 0.522805 0.771490 0.910167 0.858914 0.933025 0.947662 0.929141 0.659067 0.756494 0.623178 0.980445 0.947517 0.662447 0.970293 0.728131 0.761007 0.643934 0.979141 0.629048 0.792625 0.874120 0.916419 0.870731 0.849535 0.711376 0.811380 0.832480 0.859058 0.766208 0.751355 0.916349 0.998691
0.436862 0.450441 0.932364 0.782594 0.795509 0.851354 0.370249 0.510486 0.768506 0.543585 0.391018 0.381312 0.382582 0.475475 0.618031 0.845199 0.350312 0.342701 0.422907 0.412614 0.990981 0.810825 0.820210 0.709469 0.590580 0.779275 0.617639 0.895505 0.347261 0.000000 0.919891 0.889692 0.368771 0.342825 0.784035 0.998102 0.875426 0.938921 0.860796 0.757695 0.898721 0.824322 0.803582 0.590235 0.616404 0.453112 0.466715 0.484187 0.527808 0.758591 0.677016 0.991970 0.770325 0.584711 0.602630 0.617259 0.433686 0.465884 0.499470 0.636841 0.318617 0.451103 0.326553 0.291271 0.891814 0.825566 0.773317 0.649577 0.611908 0.554333 0.783777 0.701893 0.862557 0.935717 0.961138 0.987322 0.973667 0.984690 0.535673 0.553674 0.331373 0.389744 0.471753 0.425199 0.441510 0.708574 0.919035 0.802188 0.801292 0.940081 0.821453 0.657740 0.694391 0.611881 0.956311 0.868941 0.691880 0.963640 0.741447 0.751755 0.728288 0.809968 0.578046 0.934180 0.894018 0.784390 0.905277 0.894741 0.846321 0.760095 0.845915 0.918120 0.774803 0.741263 0.889637 0.952099
0.671319 0.710003 0.718587 0.706343 0.821403 0.900719 0.999376 0.886541 0.782165 0.805622 0.745736 0.895385 0.945493 0.949291 0.876590 0.934678 0.771396 0.676612 0.782890 0.739150 0.996290 0.937322 0.865288 0.994085 0.705417 0.556234 0.862727 0.893882 0.954063 0.919891 0.000000 0.674363 0.945646 0.991159 0.779285 0.975423 0.906135 0.998078 0.812582 0.897391 0.879981 0.944299 0.671126 0.824437 0.961780 0.963335 0.990405 0.933203 0.913440 0.901877 0.992764 0.918599 0.931358 0.900762 0.944267 0.970855 0.713727 0.662772 0.896879 0.819008 0.930673 0.935565 0.873014 0.893155 0.928071 0.848371 0.880795 0.893867 0.737427 0.885853 0.690542 0.636036 0.702280 0.940416 0.949072 0.983814 0.597604 0.818492 0.987921 0.926525 0.809786 0.702678 0.858792 0.614303 0.801991 0.942030 0.767732 0.750440 0.805505 0.823254 0.996643 0.726560 0.987987 0.863573 0.936005 0.831627 0.988277 0.916951 0.950476 0.975944 0.848743 0.950841 0.997891 0.990321 0.768592 0.859845 0.922463 0.894593 0.827229 0.872521 0.945524 0.990762 0.917889 0.881586 0.951366 0.905627
0.848303 0.871911 0.692482 0.710804 0.872262 0.959470 0.879151 0.873987 0.921873 0.974469 0.953775 0.993745 0.973925 0.952832 0.931325 0.872826 0.977257 0.989389 0.992034 0.986808 0.921470 0.965237 0.858217 0.837570 0.851475 0.807437 0.997847 0.953320 0.868343 0.889692 0.674363 0.000000 0.839799 0.880273 0.933911 0.839222 0.760478 0.975243 0.957498 0.827992 0.982970 0.942425 0.845614 0.883266 0.881189 0.938988 0.901451 0.886283 0.864074 0.893736 0.984077 0.825569 0.919845 0.888296 0.905209 0.994640 0.918416 0.840772 0.971803 0.909497 0.966799 0.985032 0.987782 0.996945 0.788887 0.681632 0.745448 0.723611 0.874936 0.953656 0.849699 0.877106 0.640385 0.794676 0.895040 0.980595 0.923500 0.859354 0.833775 0.906089 0.997383 0.999992 0.921506 0.977399 0.931043 0.820233 0.989219 0.889860 0.885149 0.920572 0.929248 0.766529 0.920643 0.857903 0.896728 0.919571 0.995794 0.997556 0.909057 0.959846 0.918537 0.803310 0.851423 0.919638 0.853727 0.866464 0.853246 0.933197 0.902579 0.899607 0.964251 0.916786 0.909161 0.930067 0.809165 0.984662
0.462651 0.527872 0.852762 0.964904 0.991515 0.827962 0.342359 0.368255 0.784654 0.446642 0.436993 0.397821 0.431303 0.539059 0.708886 0.975402 0.407525 0.446912 0.445865 0.477894 0.974167 0.747185 0.799712 0.662836 0.663840 0.893115 0.659023 0.870073 0.425554 0.368771 0.945646 0.839799 0.000000 0.371485 0.910647 0.939781 0.834856 0.928288 0.884135 0.841852 0.995148 0.821986 0.690923 0.475708 0.563759 0.430107 0.405495 0.459253 0.521174 0.713046 0.653310 0.957678 0.822435 0.607667 0.569797 0.651126 0.472072 0.518103 0.425866 0.587251 0.320903 0.442837 0.375431 0.340091 0.937673 0.721739 0.686854 0.544452 0.650248 0.511918 0.853099 0.777695 0.841271 0.985534 0.991328 0.912759 0.787017 0.964839 0.629412 0.605856 0.376427 0.465213 0.620839 0.535710 0.527088 0.783286 0.903597 0.998396 0.755425 0.944119 0.854456 0.693887 0.740569 0.587784 0.822276 0.932050 0.638602 0.937985 0.685625 0.764123 0.725983 0.803173 0.620971 0.765468 0.846861 0.832578 0.862864 0.900829 0.831780 0.797019 0.764109 0.914983 0.785379 0.840337 0.877118 0.946572
0.483397 0.515628 0.763372 0.989516 0.978007 0.770370 0.329156 0.398820 0.795912 0.482234 0.436919 0.437256 0.500745 0.588986 0.765760 0.974589 0.394628 0.427944 0.416008 0.433109 0.975064 0.831910 0.694581 0.705274 0.696616 0.888384 0.582909 0.847456 0.386589 0.342825 0.991159 0.880273 0.371485 0.000000 0.829580 0.984501 0.932814 0.930877 0.806345 0.808734 0.995658 0.881337 0.746936 0.489442 0.619114 0.450907 0.398971 0.491799 0.561986 0.686132 0.588068 0.927425 0.853424 0.679205 0.582181 0.644402 0.471989 0.523470 0.404314 0.558702 0.333536 0.479079 0.332495 0.330533 0.921924 0.716032 0.641744 0.511764 0.686931 0.569267 0.814985 0.785828 0.793048 0.991652 0.925415 0.977224 0.842694 0.903394 0.544366 0.570025 0.368447 0.388336 0.651702 0.480395 0.536335 0.713449 0.995571 0.924310 0.879024 0.992238 0.907710 0.722262 0.727190 0.559988 0.934757 0.888450 0.735205 0.982771 0.737991 0.783225 0.748577 0.872158 0.653607 0.873033 0.817082 0.861386 0.829923 0.795767 0.787617 0.734899 0.857472 0.933064 0.830120 0.772925 0.804706 0.966938
0.774269 0.869175 0.727326 0.740453 0.834724 0.916303 0.828414 0.951316 0.930320 0.817106 0.770154 0.757580 0.716678 0.675015 0.859844 0.902924 0.844098 0.779774 0.765407 0.783410 0.912899 0.904789 0.975370 0.757674 0.575594 0.646652 0.801062 0.844772 0.865815 0.784035 0.779285 0.933911 0.910647 0.829580 0.000000 0.943368 0.865060 0.973867 0.809817 0.966435 0.911045 0.766211 0.962664 0.844755 0.779634 0.787428 0.921766 0.799584 0.764025 0.896260 0.819639 0.892435 0.991979 0.918131 0.927374 0.899894 0.885557 0.872307 0.928123 0.954888 0.800757 0.884811 0.802598 0.803365 0.719582 0.755556 0.849600 0.933666 0.960668 0.899722 0.934504 0.824008 0.763325 0.935542 0.853575 0.897616 0.778276 0.952967 0.971082 0.758502 0.844024 0.842940 0.840709 0.823469 0.781197 0.918459 0.929160 0.920847 0.779653 0.860782 0.925020 0.918804 0.979171 0.945789 0.967229 0.966430 0.992127 0.874062 0.782627 0.728099 0.876609 0.951398 0.770896 0.945985 0.995945 0.949368 0.878741 0.945452 0.970128 0.904710 0.719947 0.880460 0.963184 0.958050 0.997951 0.986741
0.841885 0.829966 0.990187 0.890766 0.960333 0.832730 0.982248 0.915357 0.924901 0.998956 0.970322 0.890745 0.960494 0.977216 0.940091 0.974766 0.922936 0.913147 0.937139 0.928163 0.995559 0.859192 0.962997 0.906631 0.982809 0.864428 0.787111 0.812876 0.944808 0.998102 0.975423 0.839222 0.939781 0.984501 0.943368 0.000000 0.829051 0.801917 0.890388 0.873122 0.817345 0.967152 0.994388 0.965202 0.966491 0.994188 0.897281 0.966021 0.935736 0.827280 0.838954 0.778614 0.801248 0.914534 0.750104 0.866153 0.790398 0.786837 0.822150 0.731860 0.987964 0.894185 0.957920 0.915392 0.971285 0.834888 0.787375 0.932620 0.856000 0.692441 0.956304 0.908343 0.964969 0.971306 0.896743 0.975846 0.990568 0.941126 0.952750 0.903423 0.930035 0.998427 0.932019 0.961173 0.947047 0.921636 0.847848 0.938949 0.872921 0.837751 0.928454 0.903606 0.906965 0.843587 0.852158 0.932455 0.898215 0.909749 0.883879 0.884232 0.865923 0.934904 0.933308 0.874096 0.751912 0.966915 0.922538 0.961321 0.999758 0.922339 0.753012 0.920134 0.996744 0.849877 0.994163 0.891350
0.901717 0.810051 0.788569 0.859070 0.957442 0.966362 0.920489 0.884868 0.955758 0.876039 0.974342 0.932648 0.986545 0.967780 0.974393 0.909013 0.820187 0.844261 0.959957 0.811234 0.897499 0.997210 0.994963 0.839112 0.838401 0.895125 0.854975 0.975578 0.869759 0.875426 0.906135 0.760478 0.834856 0.932814 0.865060 0.829051 0.000000 0.794492 0.860598 0.910043 0.845389 0.731474 0.909147 0.966028 0.838561 0.931933 0.866764 0.848364 0.962053 0.963475 0.916997 0.998277 0.956683 0.845109 0.750564 0.822924 0.753260 0.767168 0.838075 0.859054 0.896698 0.927842 0.861099 0.847606 0.702223 0.707917 0.836778 0.855323 0.753788 0.773322 0.981937 0.934530 0.990609 0.961724 0.930769 0.944170 0.944746 0.887966 0.861173 0.959822 0.841298 0.865404 0.856736 0.822359 0.823936 0.717887 0.919570 0.776271 0.970786 0.816325 0.771726 0.855900 0.804892 0.947720 0.990593 0.945956 0.922620 0.943891 0.836721 0.970531 0.873541 0.863016 0.944143 0.994180 0.864904 0.865178 0.957217 0.995399 0.955443 0.818438 0.965033 0.903308 0.785845 0.906572 0.936633 0.921992
0.871424 0.782903 0.908360 0.718690 0.763949 0.968464 0.908322 0.922804 0.917826 0.889733 0.883189 0.975006 0.830078 0.896266 0.791925 0.937803 0.913022 0.872210 0.910704 0.819661 0.944562 0.904469 0.970033 0.837798 0.753918 0.776462 0.777858 0.849353 0.990135 0.938921 0.998078 0.975243 0.928288 0.930877 0.973867 0.801917 0.794492 0.000000 0.993569 0.859329 0.750251 0.957644 0.966014 0.956925 0.889452 0.957466 0.911830 0.843451 0.918731 0.736374 0.745056 0.611538 0.843737 0.886005 0.816721 0.675421 0.722876 0.736149 0.840776 0.710667 0.936546 0.921943 0.960609 0.958090 0.771276 0.805161 0.855716 0.878343 0.707932 0.710489 0.991282 0.929095 0.994946 0.997454 0.796737 0.892134 0.877421 0.920477 0.945689 0.940953 0.995903 0.905553 0.833165 0.829055 0.916619 0.804576 0.939681 0.857179 0.733673 0.722542 0.780256 0.989991 0.907989 0.980441 0.936772 0.796964 0.792991 0.964053 0.869912 0.958675 0.871514 0.762259 0.972285 0.998931 0.905673 0.840790 0.979001 0.928487 0.796867 0.913127 0.915095 0.936399 0.916719 0.910337 0.965279 0.990853
