0.000000 0.281082 0.615778 0.817387 0.841351 0.705227 0.825024 0.551203 0.825089 0.803080 0.468325 0.353539 0.681867 0.523919 0.966174 0.725564 0.486146 0.436370 0.538985 0.352370 0.720945 0.943712 0.743532 0.964959 0.692737 0.737672 0.994349 0.961659 0.434826 0.547416 0.840949 0.791338 0.835841 0.620394 0.828271 0.666116 0.759611 0.931237 0.947728 0.844239 0.927264 0.876436 0.930987 0.749447 0.899991 0.644372 0.847866 0.720406 0.307936 0.349955 0.338244 0.342954 0.429761 0.562962 0.708570 0.482893 0.424185 0.342915 0.321826 0.260823 0.774864 0.370689 0.503616 0.362025 0.724174 0.980668 0.717801 0.830031 0.546725 0.494008 0.837189 0.929465 0.741609 0.720515 0.864884 0.812757 0.559457 0.906300 0.909630 0.796267 0.484971 0.549211 0.835125 0.960954 0.949005 0.993132 0.748482 0.863250 0.965454 0.761874 0.900780 0.582208 0.709862 0.574196 0.911010 0.893302 0.827491 0.844449 0.749030 0.860176 0.692746 0.954735 0.661122 0.737071 0.835668 0.909729 0.775390 0.846389 0.966186 0.994225 0.946293 0.996357 0.628611 0.975078 0.912632 0.803166
0.281082 0.000000 0.601199 0.820543 0.794598 0.643637 0.746514 0.539298 0.762290 0.721195 0.527237 0.341732 0.753328 0.526016 0.963499 0.662902 0.443144 0.380925 0.491445 0.328266 0.708696 0.906866 0.760502 0.973386 0.717100 0.772219 0.978499 0.972840 0.415308 0.470323 0.954485 0.922044 0.760467 0.604427 0.819620 0.614892 0.799818 0.948254 0.934073 0.915227 0.974397 0.915783 0.958636 0.693841 0.856370 0.631583 0.788837 0.675317 0.333311 0.309517 0.330790 0.328340 0.459164 0.540631 0.644729 0.503671 0.342268 0.273610 0.397514 0.272554 0.875640 0.413139 0.487985 0.315664 0.674921 0.948597 0.635965 0.816995 0.563855 0.431367 0.985594 0.910933 0.708943 0.698788 0.774321 0.840634 0.531925 0.819308 0.849467 0.632487 0.369115 0.468674 0.850139 0.888516 0.974976 0.996010 0.705954 0.890038 0.935549 0.820161 0.843947 0.558237 0.651053 0.565884 0.859111 0.856993 0.839811 0.841145 0.794861 0.903024 0.656415 0.984895 0.643996 0.770009 0.834570 0.850645 0.761778 0.951116 0.976902 0.939214 0.936023 0.993639 0.706984 0.970642 0.946863 0.790566
0.615778 0.601199 0.000000 0.632187 0.678289 0.891191 0.467039 0.938595 0.672921 0.867910 0.687621 0.622809 0.832139 0.867399 0.643653 0.977228 0.757987 0.807056 0.825796 0.614633 0.802708 0.989479 0.493454 0.777914 0.575587 0.418820 0.891589 0.954580 0.662005 0.737315 0.589550 0.615125 0.725414 0.928132 0.617324 0.638333 0.775676 0.851395 0.910260 0.848996 0.979122 0.996524 0.623568 0.906637 0.624869 0.936974 0.966875 0.860520 0.637214 0.592387 0.721481 0.715377 0.796301 0.916165 0.760592 0.694057 0.581845 0.570987 0.620523 0.583721 0.744906 0.755081 0.852019 0.700022 0.334830 0.518644 0.484330 0.486763 0.603974 0.526915 0.890751 0.970690 0.809334 0.819129 0.981582 0.960817 0.770660 0.972951 0.887934 0.952729 0.851275 0.883527 0.856668 0.865288 0.562449 0.599875 0.761982 0.834622 0.780261 0.927899 0.554248 0.616793 0.534665 0.636699 0.975682 0.977793 0.981282 0.643170 0.947086 0.777610 0.980544 0.677780 0.934866 0.969677 0.832946 0.796294 0.825321 0.932386 0.951971 0.816097 0.741101 0.875174 0.981971 0.988453 0.738771 0.889395
0.817387 0.820543 0.632187 0.000000 0.868763 0.879100 0.690048 0.725840 0.946804 0.987017 0.944857 0.794080 0.601375 0.629108 0.598780 0.726798 0.829240 0.798318 0.772682 0.791945 0.954656 0.926073 0.624002 0.646266 0.866819 0.723189 0.835630 0.960060 0.959353 0.945786 0.911163 0.853009 0.663292 0.710662 0.893705 0.991035 0.869753 0.874446 0.999412 0.945829 0.899962 0.980293 0.956499 0.857020 0.877650 0.796051 0.961579 0.675021 0.913687 0.887765 0.777406 0.802444 0.765487 0.780059 0.938867 0.895393 0.885962 0.834266 0.818051 0.880835 0.594639 0.763369 0.855438 0.787429 0.577829 0.502201 0.833648 0.749035 0.883400 0.910819 0.893359 0.966395 0.947851 0.821194 0.854999 0.833796 0.969768 0.943253 0.717716 0.786619 0.749556 0.652660 0.580303 0.656158 0.515237 0.474005 0.858142 0.687320 0.703524 0.704172 0.796878 0.929264 0.969536 0.947143 0.999134 0.936856 0.870344 0.888685 0.923204 0.762687 0.946233 0.715655 0.938198 0.951739 0.746512 0.848761 0.854349 0.964255 0.988947 0.968111 0.844399 0.993980 0.935004 0.965046 0.844698 0.874642
0.841351 0.794598 0.678289 0.868763 0.000000 0.938318 0.666289 0.955595 0.670527 0.883307 0.882521 0.858278 0.853063 0.972572 0.791290 0.951601 0.742749 0.870916 0.830590 0.834888 0.773003 0.919376 0.686508 0.859875 0.993580 0.849502 0.946861 0.861274 0.914159 0.922098 0.936211 0.879563 0.924380 0.858751 0.872087 0.831112 0.897877 0.968764 0.950709 0.866351 0.912362 0.958174 0.870176 0.950618 0.811026 0.939398 0.969718 0.955445 0.838313 0.811617 0.852981 0.853950 0.866097 0.916881 0.658491 0.781718 0.819734 0.789787 0.799961 0.906210 0.769963 0.979523 0.978557 0.870890 0.680922 0.643818 0.733917 0.728058 0.821109 0.752795 0.859924 0.787324 0.973740 0.915613 0.984804 0.921390 0.828373 0.984040 0.904572 0.995934 0.926176 0.844379 0.899867 0.958327 0.663967 0.644953 0.788767 0.818868 0.818604 0.955995 0.705571 0.680637 0.752440 0.723653 0.889130 0.921259 0.917001 0.851172 0.989386 0.887846 0.977340 0.796187 0.892133 0.988052 0.764697 0.896739 0.958311 0.893775 0.888755 0.839280 0.830850 0.960006 0.895463 0.882806 0.928883 0.807230
0.705227 0.643637 0.891191 0.879100 0.938318 0.000000 0.984088 0.596553 0.919534 0.735528 0.747954 0.634430 0.733988 0.633185 0.762206 0.656036 0.827771 0.733153 0.749860 0.724085 0.861490 0.995051 0.995560 0.985106 0.737718 0.987288 0.994700 0.956240 0.603895 0.697971 0.869744 0.892102 0.772236 0.740725 0.908685 0.930750 0.896300 0.978526 0.943049 0.948232 0.879966 0.917042 0.865442 0.664673 0.979449 0.714906 0.872634 0.841788 0.665837 0.667144 0.698993 0.648244 0.871318 0.685686 0.977108 0.899564 0.799993 0.745387 0.801690 0.657495 0.818984 0.618450 0.698140 0.653392 0.924815 0.804253 0.953652 0.963760 0.982449 0.856745 0.997959 0.948783 0.824022 0.873558 0.734658 0.774649 0.753207 0.720823 0.931935 0.809173 0.736691 0.713664 0.859414 0.902758 0.909024 0.867648 0.927576 0.947706 0.882373 0.995342 0.906728 0.885674 0.971458 0.909254 0.883714 0.877321 0.883528 0.873368 0.813864 0.788919 0.677288 0.865407 0.939827 0.830202 0.862670 0.896729 0.986295 0.856762 0.911876 0.756909 0.905294 0.997102 0.960519 0.883507 0.952774 0.906386
0.825024 0.746514 0.467039 0.690048 0.666289 0.984088 0.000000 0.591740 0.420133 0.753966 0.860088 0.986448 0.615605 0.986461 0.655208 0.965969 0.936446 0.938971 0.995791 0.833939 0.921837 0.837146 0.707935 0.971930 0.940320 0.781749 0.855953 0.811980 0.982852 0.948954 0.799340 0.718218 0.654681 0.673872 0.731742 0.738100 0.958853 0.972773 0.921174 0.948242 0.773898 0.844778 0.534972 0.657617 0.400195 0.702856 0.915291 0.773042 0.799782 0.663520 0.806830 0.757684 0.764183 0.900427 0.673579 0.749821 0.798968 0.668728 0.884276 0.748402 0.409337 0.854432 0.788269 0.984615 0.530794 0.419275 0.373971 0.362080 0.640217 0.534084 0.988350 0.979605 0.975807 0.907581 0.942230 0.958143 0.951864 0.997506 0.813073 0.893102 0.988692 0.962353 0.853953 0.920724 0.632539 0.709995 0.795443 0.905220 0.882130 0.928180 0.423409 0.538633 0.531498 0.511517 0.969698 0.909204 0.920884 0.673479 0.659560 0.517874 0.752963 0.551963 0.988496 0.861587 0.794493 0.837512 0.794179 0.747385 0.840960 0.876280 0.641720 0.624445 0.791401 0.995542 0.728855 0.996688
0.551203 0.539298 0.938595 0.725840 0.955595 0.596553 0.591740 0.000000 0.688385 0.457658 0.383888 0.387217 0.507436 0.574428 0.765373 0.699309 0.442472 0.435272 0.601395 0.548886 0.652974 0.891572 0.899480 0.823534 0.519750 0.820086 0.829705 0.838596 0.417630 0.398670 0.952636 0.919373 0.627946 0.426748 0.938708 0.838826 0.732234 0.895572 0.825673 0.869912 0.783660 0.925095 0.699164 0.468570 0.638064 0.426728 0.814375 0.599180 0.573921 0.674501 0.603292 0.639495 0.791261 0.703003 0.989675 0.815976 0.610349 0.656327 0.572957 0.593244 0.413624 0.325527 0.333157 0.364218 0.949243 0.645550 0.862459 0.707017 0.969305 0.891227 0.938882 0.928916 0.760947 0.789378 0.744824 0.825163 0.636693 0.828867 0.727616 0.839684 0.493689 0.608051 0.800018 0.943470 0.866278 0.905137 0.904894 0.936069 0.926644 0.971325 0.718778 0.993688 0.973783 0.949992 0.926496 0.755719 0.809232 0.922387 0.537957 0.542763 0.472026 0.634297 0.749949 0.658347 0.770416 0.792404 0.941404 0.759741 0.897808 0.987230 0.643033 0.646771 0.607978 0.997309 0.770493 0.825686
0.825089 0.762290 0.672921 0.946804 0.670527 0.919534 0.420133 0.688385 0.000000 0.801285 0.913151 0.945991 0.762070 0.928114 0.727251 0.973188 0.998592 0.970329 0.896925 0.802410 0.959903 0.887535 0.830780 0.866592 0.884433 0.831069 0.892067 0.760766 0.995367 0.969409 0.730099 0.752621 0.839100 0.831210 0.827116 0.864210 0.947976 0.994113 0.903308 0.951909 0.733057 0.820596 0.601902 0.699739 0.494926 0.694314 0.983290 0.911174 0.854750 0.763012 0.872961 0.860651 0.852100 0.953089 0.586555 0.831252 0.865534 0.737388 0.831359 0.835503 0.591662 0.875726 0.857357 0.994216 0.681378 0.555678 0.533604 0.499538 0.698207 0.617517 0.988936 0.987310 0.863287 0.911300 0.980898 0.973308 0.952608 0.956091 0.975414 0.766953 0.946937 0.902228 0.939601 0.919940 0.740501 0.795055 0.746485 0.996696 0.960340 0.988275 0.583578 0.571877 0.641061 0.567525 0.941344 0.984035 0.987897 0.875980 0.725872 0.638027 0.747569 0.748138 0.862648 0.807810 0.767067 0.747649 0.826762 0.827021 0.898794 0.807392 0.747407 0.753006 0.850698 0.931239 0.745114 0.960060
0.803080 0.721195 0.867910 0.987017 0.883307 0.735528 0.753966 0.457658 0.801285 0.000000 0.528214 0.611302 0.903297 0.967164 0.904405 0.963385 0.517463 0.571903 0.946777 0.786842 0.646177 0.950691 0.609640 0.574821 0.600535 0.773699 0.637390 0.894448 0.529153 0.504507 0.908701 0.875720 0.725592 0.645480 0.941165 0.895029 0.934567 0.949930 0.936600 0.938094 0.897420 0.997189 0.638640 0.481237 0.588864 0.492763 0.798681 0.665731 0.697621 0.881068 0.774263 0.876849 0.975733 0.930825 0.898172 0.784868 0.665423 0.794332 0.700377 0.793202 0.668867 0.551781 0.554742 0.508577 0.822250 0.916831 0.855117 0.755973 0.970894 0.921085 0.896851 0.607364 0.786410 0.889068 0.829183 0.925332 0.766464 0.838527 0.857391 0.930750 0.685522 0.883064 0.947139 0.998932 0.770932 0.730340 0.844970 0.744953 0.779119 0.889342 0.860003 0.983316 0.954418 0.869367 0.853025 0.804377 0.750905 0.762853 0.498504 0.539941 0.587152 0.742228 0.757542 0.662154 0.974104 0.959253 0.937443 0.645731 0.829338 0.979585 0.726525 0.559449 0.734390 0.982054 0.919399 0.801854
0.468325 0.527237 0.687621 0.944857 0.882521 0.747954 0.860088 0.383888 0.913151 0.528214 0.000000 0.397665 0.658026 0.652911 0.990371 0.842445 0.404696 0.434695 0.617535 0.466001 0.524447 0.954004 0.578026 0.647711 0.468661 0.625558 0.809829 0.841744 0.339629 0.405648 0.829945 0.871388 0.773464 0.602948 0.816428 0.719456 0.706269 0.896378 0.840905 0.965370 0.931385 0.954805 0.899492 0.685350 0.847163 0.548054 0.938935 0.775928 0.506072 0.583180 0.568853 0.612932 0.697220 0.691144 0.882752 0.746813 0.535525 0.577551 0.453824 0.536252 0.630079 0.395891 0.342691 0.380775 0.630068 0.967901 0.918308 0.997457 0.830068 0.762759 0.790895 0.994767 0.716392 0.703371 0.817639 0.923112 0.637796 0.864453 0.785952 0.883570 0.568300 0.702665 0.955240 0.989125 0.846023 0.785030 0.743275 0.793311 0.875148 0.946376 0.941863 0.846461 0.874156 0.873020 0.904540 0.821478 0.812815 0.953968 0.585565 0.722766 0.604111 0.788287 0.790386 0.612682 0.906112 0.913181 0.834626 0.775521 0.930525 0.909027 0.851788 0.832134 0.617547 0.889473 0.946849 0.802296
0.353539 0.341732 0.622809 0.794080 0.858278 0.634430 0.986448 0.387217 0.945991 0.611302 0.397665 0.000000 0.511908 0.383125 0.850128 0.565598 0.395679 0.400598 0.469944 0.333967 0.686154 0.997124 0.787734 0.937118 0.516215 0.634575 0.906954 0.919927 0.367239 0.404987 0.774362 0.819504 0.794307 0.573346 0.766412 0.685371 0.688807 0.867860 0.825504 0.911802 0.923164 0.910140 0.941652 0.703481 0.953652 0.613520 0.895664 0.751363 0.453721 0.445222 0.411136 0.461115 0.575580 0.635450 0.789032 0.641548 0.449420 0.434987 0.409789 0.383207 0.615798 0.287441 0.370468 0.271295 0.715164 0.896234 0.768052 0.912618 0.664296 0.588630 0.848986 0.947026 0.742834 0.795609 0.784277 0.779893 0.555696 0.831464 0.856295 0.741579 0.427786 0.461312 0.786257 0.949885 0.969534 0.992419 0.852517 0.984899 0.898277 0.950511 0.960158 0.598401 0.653215 0.667934 0.979610 0.786757 0.917022 0.880816 0.710099 0.825169 0.647964 0.883591 0.741338 0.815637 0.910265 0.949223 0.857361 0.857154 0.940377 0.932985 0.896342 0.903944 0.650290 0.961946 0.910478 0.749219
0.681867 0.753328 0.832139 0.601375 0.853063 0.733988 0.615605 0.507436 0.762070 0.903297 0.658026 0.511908 0.000000 0.376800 0.489700 0.528819 0.674672 0.714696 0.549519 0.660903 0.841763 0.920333 0.728208 0.811294 0.780114 0.968343 0.880950 0.972975 0.666098 0.692185 0.942491 0.980779 0.747466 0.639980 0.936534 0.938612 0.714343 0.771944 0.773876 0.932228 0.787557 0.771315 0.988991 0.838706 0.937978 0.776070 0.990831 0.867062 0.849877 0.780326 0.666975 0.715277 0.736181 0.679679 0.876097 0.996745 0.884811 0.880148 0.761759 0.742743 0.424167 0.544137 0.539494 0.625944 0.799826 0.552431 0.905215 0.819690 0.946566 0.999091 0.780565 0.897114 0.985467 0.995859 0.849159 0.781697 0.772467 0.899428 0.865933 0.915867 0.703988 0.622827 0.660025 0.925534 0.595832 0.672300 0.891127 0.882083 0.872499 0.945537 0.724441 0.821495 0.958520 0.883346 0.801030 0.927967 0.953445 0.946246 0.810864 0.818995 0.724539 0.792920 0.898842 0.963878 0.783037 0.875449 0.990783 0.918152 0.909783 0.818816 0.829610 0.877674 0.746055 0.962142 0.841323 0.799536
0.523919 0.526016 0.867399 0.629108 0.972572 0.633185 0.986461 0.574428 0.928114 0.967164 0.652911 0.383125 0.376800 0.000000 0.591174 0.410196 0.629959 0.612958 0.464104 0.484377 0.812493 0.981729 0.840305 0.716464 0.760094 0.851503 0.838631 0.961270 0.618946 0.646023 0.834116 0.879922 0.845360 0.728683 0.829906 0.767052 0.645058 0.759560 0.727439 0.998218 0.846543 0.838811 0.795427 0.929931 0.775261 0.837720 0.994721 0.878578 0.685996 0.534511 0.484303 0.505154 0.578417 0.553053 0.933589 0.877095 0.718065 0.621409 0.641107 0.542594 0.640492 0.521844 0.552505 0.513150 0.964624 0.752770 0.756623 0.870965 0.809475 0.722019 0.759445 0.894410 0.938964 0.900637 0.800463 0.748335 0.775944 0.849452 0.799205 0.730912 0.562753 0.464208 0.669739 0.944353 0.721369 0.702982 0.972596 0.877278 0.934281 0.925393 0.992946 0.583959 0.606821 0.594728 0.838612 0.957457 0.910723 0.754611 0.973467 0.946276 0.830909 0.895202 0.900153 0.996939 0.841045 0.925176 0.897677 0.944135 0.979399 0.936497 0.918534 0.929920 0.859610 0.993990 0.902526 0.872493
0.966174 0.963499 0.643653 0.598780 0.791290 0.762206 0.655208 0.765373 0.727251 0.904405 0.990371 0.850128 0.489700 0.591174 0.000000 0.527617 0.966149 0.928846 0.755424 0.883709 0.986552 0.816316 0.461652 0.679573 0.890186 0.710901 0.737697 0.977956 0.967788 0.990179 0.818098 0.752438 0.712121 0.830729 0.813086 0.953397 0.895117 0.836915 0.840416 0.927935 0.796507 0.711537 0.923868 0.877112 0.948033 0.871632 0.965923 0.876894 0.963477 0.926351 0.873431 0.848413 0.883508 0.749694 0.802036 0.901417 0.928126 0.991062 0.934309 0.958554 0.641232 0.826186 0.832603 0.932725 0.557750 0.470121 0.743410 0.708930 0.839668 0.849248 0.897093 0.933221 0.957525 0.836191 0.849649 0.852700 0.926329 0.917612 0.790307 0.912156 0.886469 0.752819 0.623480 0.891429 0.498379 0.479283 0.850066 0.802710 0.804706 0.885359 0.641940 0.925888 0.906857 0.916571 0.892495 0.988083 0.901608 0.892829 0.981285 0.754500 0.885247 0.795629 0.853194 0.917795 0.772746 0.869185 0.948557 0.987819 0.992748 0.785959 0.954343 0.952814 0.969561 0.976383 0.700018 0.962614
0.725564 0.662902 0.977228 0.726798 0.951601 0.656036 0.965969 0.699309 0.973188 0.963385 0.842445 0.565598 0.528819 0.410196 0.527617 0.000000 0.799551 0.752317 0.593989 0.627685 0.947763 0.986595 0.729118 0.691882 0.957394 0.914879 0.821135 0.996593 0.790240 0.806179 0.971069 0.957743 0.814560 0.813755 0.988160 0.868637 0.934152 0.899662 0.903665 0.965860 0.884732 0.803897 0.925987 0.874882 0.830756 0.921782 0.999362 0.878181 0.854399 0.699304 0.700119 0.684361 0.834555 0.770278 0.962029 0.932408 0.761241 0.775494 0.907812 0.715006 0.796619 0.660530 0.760073 0.674530 0.888893 0.661369 0.874803 0.996582 0.830323 0.751523 0.961745 0.966157 0.912897 0.931822 0.871349 0.697805 0.840851 0.754449 0.801283 0.696152 0.611777 0.471221 0.632571 0.950772 0.613537 0.549504 0.980416 0.783232 0.919899 0.963749 0.991350 0.754479 0.717485 0.782160 0.917590 0.877024 0.873421 0.794369 0.908459 0.964232 0.806960 0.935346 0.996097 0.941283 0.907380 0.811556 0.808977 0.931254 0.993745 0.932869 0.971631 0.949285 0.952353 0.963124 0.809724 0.890521
0.486146 0.443144 0.757987 0.829240 0.742749 0.827771 0.936446 0.442472 0.998592 0.517463 0.404696 0.395679 0.674672 0.629959 0.966149 0.799551 0.000000 0.334325 0.542720 0.422404 0.611914 0.981893 0.689462 0.708886 0.592566 0.718184 0.790950 0.993137 0.401996 0.403991 0.932019 0.991982 0.634589 0.540546 0.857003 0.760018 0.815930 0.952891 0.896871 0.957131 0.894189 0.957330 0.874560 0.628354 0.908206 0.593854 0.743250 0.607774 0.498177 0.589277 0.494839 0.608506 0.677125 0.745464 0.676781 0.614292 0.425795 0.493089 0.419839 0.536980 0.674627 0.440931 0.372322 0.310021 0.763742 0.975101 0.871767 0.944805 0.793330 0.654323 0.951104 0.816858 0.754924 0.794093 0.745301 0.904337 0.654745 0.890157 0.786857 0.759166 0.407725 0.547735 0.907447 0.882698 0.979922 0.869578 0.729086 0.806280 0.822869 0.914479 0.929877 0.680234 0.779542 0.708165 0.984116 0.807374 0.859216 0.996509 0.523726 0.733616 0.627581 0.836504 0.621758 0.752507 0.903329 0.891919 0.992540 0.806357 0.998256 0.876175 0.788815 0.742384 0.656638 0.994100 0.882291 0.682114
0.436370 0.380925 0.807056 0.798318 0.870916 0.733153 0.938971 0.435272 0.970329 0.571903 0.434695 0.400598 0.714696 0.612958 0.928846 0.752317 0.334325 0.000000 0.456238 0.387288 0.624551 0.932838 0.799603 0.804702 0.646666 0.796650 0.789103 0.824882 0.375350 0.425064 0.997837 0.934944 0.543321 0.504066 0.934932 0.765990 0.861200 0.988232 0.875330 0.997201 0.980839 0.942199 0.820062 0.606675 0.878178 0.550762 0.748703 0.520827 0.485756 0.565643 0.529736 0.571157 0.707472 0.733250 0.653645 0.589946 0.398651 0.426623 0.420995 0.489663 0.688380 0.442505 0.373058 0.305215 0.823597 0.940807 0.925363 0.901069 0.714868 0.646853 0.984862 0.839317 0.604986 0.653088 0.757656 0.789676 0.588650 0.793379 0.648529 0.616823 0.329895 0.483681 0.805379 0.818965 0.968919 0.978798 0.723398 0.941415 0.841155 0.862612 0.993800 0.726526 0.809989 0.718458 0.924142 0.749204 0.813319 0.911263 0.546541 0.688336 0.632269 0.759205 0.675024 0.617267 0.781900 0.770427 0.824310 0.856050 0.952297 0.908505 0.726637 0.853818 0.643498 0.962159 0.791718 0.775389
0.538985 0.491445 0.825796 0.772682 0.830590 0.749860 0.995791 0.601395 0.896925 0.946777 0.617535 0.469944 0.549519 0.464104 0.755424 0.593989 0.542720 0.456238 0.000000 0.435405 0.765446 0.900620 0.941426 0.890872 0.760941 0.829642 0.966075 0.896386 0.555717 0.592018 0.908765 0.943711 0.675066 0.636959 0.850285 0.799373 0.684875 0.870675 0.751665 0.816732 0.959819 0.847881 0.908888 0.917627 0.843453 0.906368 0.870511 0.757818 0.729326 0.605781 0.633524 0.608853 0.719846 0.718946 0.735637 0.835644 0.567714 0.565192 0.585859 0.605686 0.783240 0.609738 0.516079 0.522769 0.879728 0.949539 0.811217 0.912285 0.723204 0.716593 0.959900 0.996355 0.747893 0.771832 0.853269 0.830632 0.625275 0.929766 0.784073 0.654855 0.544914 0.510669 0.776010 0.839031 0.865202 0.871075 0.813051 0.889935 0.907966 0.973686 0.980725 0.642152 0.722526 0.632949 0.917948 0.849168 0.991875 0.820248 0.911512 0.991032 0.768298 0.913799 0.760985 0.925935 0.861735 0.827243 0.866025 0.939855 0.971545 0.918401 0.934271 0.914225 0.831055 0.964167 0.995058 0.794712
0.352370 0.328266 0.614633 0.791945 0.834888 0.724085 0.833939 0.548886 0.802410 0.786842 0.466001 0.333967 0.660903 0.484377 0.883709 0.627685 0.422404 0.387288 0.435405 0.000000 0.688627 0.999543 0.841783 0.977614 0.677058 0.678852 0.999523 0.929360 0.455191 0.510406 0.777860 0.860761 0.810828 0.645447 0.818293 0.639995 0.739082 0.916857 0.882810 0.962660 0.984408 0.996406 0.858193 0.853212 0.775492 0.781954 0.949308 0.766097 0.435414 0.401183 0.444501 0.455194 0.574181 0.630205 0.726890 0.614435 0.417751 0.350081 0.434180 0.390425 0.851560 0.475341 0.499084 0.400332 0.686167 0.941149 0.674756 0.796478 0.584986 0.464736 0.893819 0.989115 0.681637 0.754813 0.823021 0.790763 0.526177 0.802479 0.821438 0.675975 0.454698 0.465463 0.791210 0.904248 0.990422 0.983560 0.670079 0.989410 0.863589 0.920109 0.809094 0.595922 0.622718 0.585939 0.988027 0.832848 0.936441 0.809045 0.793691 0.949547 0.724164 0.955371 0.720375 0.840121 0.840399 0.939970 0.833937 0.981341 0.903565 0.918323 0.929345 0.998960 0.753269 0.929418 0.904060 0.712962
0.720945 0.708696 0.802708 0.954656 0.773003 0.861490 0.921837 0.652974 0.959903 0.646177 0.524447 0.686154 0.841763 0.812493 0.986552 0.947763 0.611914 0.624551 0.765446 0.688627 0.000000 0.889971 0.799364 0.743580 0.767180 0.877114 0.961497 0.860930 0.638703 0.681445 0.964851 0.991089 0.741180 0.775444 0.912754 0.837079 0.755568 0.879778 0.778949 0.936655 0.863285 0.998731 0.922944 0.814615 0.897589 0.712227 0.988117 0.830266 0.747383 0.698035 0.741191 0.706737 0.748420 0.693530 0.943633 0.885708 0.727580 0.690422 0.621367 0.726575 0.818397 0.697193 0.630283 0.644984 0.814727 0.969641 0.986548 0.957394 0.953937 0.800699 0.985897 0.883598 0.813773 0.912177 0.808842 0.951780 0.767251 0.935985 0.835230 0.945733 0.785039 0.877851 0.988610 0.970544 0.837808 0.822014 0.757753 0.796305 0.805774 0.936834 0.823895 0.936513 0.930415 0.887716 0.870433 0.969228 0.847769 0.946547 0.689402 0.799092 0.816246 0.791837 0.863337 0.809023 0.881845 0.990470 0.971029 0.902216 0.956973 0.869800 0.905894 0.728968 0.846796 0.922453 0.945230 0.855155
0.943712 0.906866 0.989479 0.926073 0.919376 0.995051 0.837146 0.891572 0.887535 0.950691 0.954004 0.997124 0.920333 0.981729 0.816316 0.986595 0.981893 0.932838 0.900620 0.999543 0.889971 0.000000 0.852543 0.989442 0.886238 0.930741 0.918863 0.971754 0.980703 0.995192 0.943898 0.996536 0.909163 0.950390 0.963153 0.931611 0.876396 0.705079 0.935142 0.721287 0.852951 0.931198 0.994814 0.977025 0.941296 0.989012 0.961469 0.958802 0.915501 0.916462 0.870199 0.943559 0.919622 0.995728 0.964428 0.903936 0.948202 0.931689 0.994238 0.910864 0.836699 0.925603 0.954356 0.978890 0.889400 0.820800 0.839775 0.898679 0.987778 0.933843 0.953476 0.902715 0.988621 0.884063 0.929621 0.872631 0.974440 0.835654 0.838106 0.877329 0.938501 0.919298 0.989196 0.923620 0.928490 0.861602 0.865501 0.934340 0.996024 0.984729 0.875841 0.837195 0.896930 0.935952 0.969797 0.992188 0.920917 0.979263 0.982121 0.926916 0.982073 0.865902 0.944224 0.995593 0.870574 0.811697 0.974129 0.902837 0.940792 0.869717 0.964824 0.924570 0.948501 0.957569 0.944655 0.987914
0.743532 0.760502 0.493454 0.624002 0.686508 0.995560 0.707935 0.899480 0.830780 0.609640 0.578026 0.787734 0.728208 0.840305 0.461652 0.729118 0.689462 0.799603 0.941426 0.841783 0.799364 0.852543 0.000000 0.427146 0.630883 0.554212 0.708146 0.965653 0.635241 0.649287 0.795931 0.796694 0.845529 0.950943 0.742601 0.718052 0.913762 0.913551 0.873768 0.986202 0.839903 0.815508 0.996643 0.864049 0.997607 0.812347 0.922285 0.979957 0.652792 0.781426 0.804973 0.877679 0.897583 0.986075 0.742172 0.721496 0.652193 0.737413 0.661467 0.757799 0.864393 0.793528 0.757411 0.689697 0.386692 0.506959 0.703457 0.733861 0.814334 0.739727 0.962648 0.858547 0.891850 0.800296 0.949874 0.897069 0.802891 0.965682 0.938859 0.952153 0.867569 0.947884 0.613389 0.944987 0.422887 0.391939 0.749463 0.586103 0.803141 0.834852 0.716851 0.829755 0.818457 0.890113 0.807181 0.933309 0.867578 0.995917 0.808134 0.953817 0.918599 0.879028 0.825215 0.705781 0.795483 0.888584 0.865475 0.790810 0.948296 0.872727 0.898440 0.958427 0.810477 0.954534 0.785438 0.930823
0.964959 0.973386 0.777914 0.646266 0.859875 0.985106 0.971930 0.823534 0.866592 0.574821 0.647711 0.937118 0.811294 0.716464 0.679573 0.691882 0.708886 0.804702 0.890872 0.977614 0.743580 0.989442 0.427146 0.000000 0.660243 0.742443 0.667807 0.914993 0.703526 0.687440 0.978800 0.912021 0.925383 0.819286 0.920569 0.902349 0.981781 0.948233 0.848019 0.972405 0.941320 0.938506 0.775252 0.739908 0.741573 0.719021 0.906908 0.924869 0.826987 0.990605 0.988071 0.932534 0.872990 0.891829 0.924868 0.872467 0.789422 0.927283 0.827779 0.962151 0.981153 0.873145 0.716987 0.793576 0.646942 0.719098 0.955693 0.891346 0.933069 0.986180 0.909092 0.859888 0.834357 0.859547 0.919305 0.904109 0.810208 0.935775 0.967348 0.883214 0.940981 0.841691 0.661541 0.880651 0.570734 0.469252 0.828070 0.584288 0.740463 0.881601 0.991716 0.898802 0.887970 0.880541 0.824071 0.950183 0.916508 0.901528 0.591562 0.897925 0.808481 0.942467 0.945127 0.725921 0.944175 0.943222 0.967824 0.717569 0.948948 0.908207 0.978344 0.766758 0.876880 0.939977 0.973280 0.896742
0.692737 0.717100 0.575587 0.866819 0.993580 0.737718 0.940320 0.519750 0.884433 0.600535 0.468661 0.516215 0.780114 0.760094 0.890186 0.957394 0.592566 0.646666 0.760941 0.677058 0.767180 0.886238 0.630883 0.660243 0.000000 0.453757 0.637787 0.837700 0.494295 0.455770 0.730349 0.849358 0.947269 0.755420 0.778679 0.803642 0.708934 0.816926 0.899113 0.848435 0.896678 0.863578 0.969834 0.812108 0.917376 0.733621 0.917649 0.917381 0.685187 0.778678 0.763061 0.824200 0.887266 0.908765 0.956462 0.832529 0.707157 0.755903 0.616469 0.680083 0.685426 0.521194 0.495035 0.529083 0.555455 0.913384 0.843365 0.933424 0.953089 0.867497 0.709679 0.842961 0.774508 0.786680 0.859198 0.867738 0.756465 0.950577 0.932752 0.943360 0.706499 0.867747 0.936886 0.950308 0.767563 0.724698 0.967371 0.791759 0.771537 0.843733 0.939546 0.848194 0.800095 0.894226 0.934201 0.886283 0.965179 0.960276 0.730572 0.877727 0.811138 0.921837 0.855412 0.780058 0.969069 0.909598 0.914854 0.813729 0.903123 0.871803 0.931953 0.889251 0.704142 0.995568 0.871951 0.887008
0.737672 0.772219 0.418820 0.723189 0.849502 0.987288 0.781749 0.820086 0.831069 0.773699 0.625558 0.634575 0.968343 0.851503 0.710901 0.914879 0.718184 0.796650 0.829642 0.678852 0.877114 0.930741 0.554212 0.742443 0.453757 0.000000 0.797935 0.888897 0.665180 0.679768 0.425089 0.609225 0.765551 0.991687 0.648248 0.768787 0.672321 0.886138 0.813177 0.922136 0.963144 0.991753 0.641688 0.869835 0.817297 0.933918 0.924030 0.815083 0.780670 0.831053 0.851158 0.959487 0.987197 0.909335 0.895072 0.813477 0.724420 0.763761 0.645657 0.769347 0.970578 0.739640 0.761399 0.730400 0.452359 0.648890 0.661671 0.633665 0.784500 0.752250 0.726087 0.944952 0.799775 0.830363 0.949927 0.940052 0.801473 0.887753 0.928198 0.948133 0.930746 0.951059 0.884602 0.944660 0.646009 0.581922 0.821658 0.890735 0.801521 0.749461 0.625522 0.685075 0.609557 0.799296 0.852174 0.949039 0.975797 0.785796 0.993772 0.876704 0.920588 0.752959 0.958960 0.970399 0.875216 0.737276 0.936907 0.969035 0.999258 0.851173 0.937450 0.951803 0.968515 0.994474 0.731652 0.826043
0.994349 0.978499 0.891589 0.835630 0.946861 0.994700 0.855953 0.829705 0.892067 0.637390 0.809829 0.906954 0.880950 0.838631 0.737697 0.821135 0.790950 0.789103 0.966075 0.999523 0.961497 0.918863 0.708146 0.667807 0.637787 0.797935 0.000000 0.753139 0.759780 0.858569 0.921284 0.919174 0.825030 0.861954 0.761935 0.990713 0.973860 0.981582 0.990574 0.960032 0.987257 0.983573 0.727464 0.778527 0.710230 0.795856 0.843302 0.881170 0.920026 0.852070 0.999953 0.871904 0.865443 0.867182 0.819468 0.917581 0.923886 0.935390 0.863819 0.986260 0.817718 0.833543 0.814924 0.821355 0.835441 0.952218 0.820550 0.779547 0.970535 0.862551 0.972975 0.936451 0.742877 0.812396 0.991095 0.967411 0.845105 0.883001 0.901102 0.935994 0.907678 0.947498 0.816234 0.986740 0.808121 0.703810 0.956511 0.765465 0.780406 0.895351 0.965071 0.869901 0.900857 0.902970 0.961262 0.937509 0.977542 0.821822 0.639823 0.764352 0.788730 0.869468 0.861654 0.797789 0.958546 0.970889 0.940471 0.670508 0.852773 0.871702 0.866881 0.855990 0.777891 0.846375 0.937498 0.945471
0.961659 0.972840 0.954580 0.960060 0.861274 0.956240 0.811980 0.838596 0.760766 0.894448 0.841744 0.919927 0.972975 0.961270 0.977956 0.996593 0.993137 0.824882 0.896386 0.929360 0.860930 0.971754 0.965653 0.914993 0.837700 0.888897 0.753139 0.000000 0.860027 0.881900 0.941452 0.884906 0.907356 0.980962 0.986866 0.796758 0.825344 0.971270 0.960245 0.919165 0.913266 0.976813 0.811406 0.915057 0.803415 0.863887 0.916174 0.929329 0.960041 0.978942 0.965011 0.995578 0.967491 0.922276 0.941844 0.924821 0.896638 0.928766 0.954560 0.956497 0.863682 0.872854 0.906810 0.912998 0.958020 0.938693 0.926561 0.876068 0.908508 0.985530 0.909740 0.974427 0.752240 0.928285 0.871242 0.984954 0.914738 0.960890 0.943547 0.991030 0.992648 0.964205 0.973898 0.965194 0.986489 0.983633 0.920230 0.956870 0.891461 0.812853 0.819796 0.830962 0.885869 0.909619 0.950290 0.840061 0.926579 0.946874 0.982614 0.941618 0.974729 0.951734 0.952440 0.781577 0.894046 0.985325 0.944493 0.936290 0.740958 0.933200 0.868741 0.930060 0.875038 0.874380 0.958741 0.966472
0.434826 0.415308 0.662005 0.959353 0.914159 0.603895 0.982852 0.417630 0.995367 0.529153 0.339629 0.367239 0.666098 0.618946 0.967788 0.790240 0.401996 0.375350 0.555717 0.455191 0.638703 0.980703 0.635241 0.703526 0.494295 0.665180 0.759780 0.860027 0.000000 0.365315 0.913827 0.987058 0.666740 0.545610 0.830354 0.700852 0.741286 0.955386 0.873892 0.969318 0.989189 0.980463 0.847720 0.609994 0.884728 0.491540 0.761156 0.692066 0.446572 0.493028 0.463899 0.513558 0.626445 0.611143 0.750306 0.638952 0.472198 0.484047 0.395722 0.434188 0.649112 0.362780 0.338721 0.318292 0.664783 0.990005 0.860801 0.998815 0.835904 0.702024 0.872264 0.948909 0.622070 0.712837 0.816885 0.818906 0.514495 0.888134 0.779193 0.739161 0.504763 0.657623 0.947616 0.998705 0.881166 0.809793 0.771721 0.784207 0.859267 0.979137 0.962223 0.737400 0.849667 0.798836 0.999644 0.794267 0.831248 0.955901 0.592962 0.784266 0.537239 0.794374 0.707255 0.655450 0.872263 0.906364 0.866132 0.819166 0.856153 0.940946 0.828935 0.821236 0.629045 0.968558 0.998759 0.794085
0.547416 0.470323 0.737315 0.945786 0.922098 0.697971 0.948954 0.398670 0.969409 0.504507 0.405648 0.404987 0.692185 0.646023 0.990179 0.806179 0.403991 0.425064 0.592018 0.510406 0.681445 0.995192 0.649287 0.687440 0.455770 0.679768 0.858569 0.881900 0.365315 0.000000 0.996324 0.959339 0.738880 0.505444 0.764528 0.672667 0.802256 0.880842 0.915687 0.981832 0.978001 0.976500 0.850868 0.607718 0.881391 0.518007 0.744818 0.701659 0.531026 0.543928 0.523935 0.574908 0.693264 0.666265 0.826235 0.778802 0.512927 0.531623 0.541933 0.531250 0.684633 0.435790 0.336775 0.328591 0.623796 0.950523 0.770785 0.991957 0.946581 0.737480 0.915450 0.939714 0.777640 0.743886 0.819034 0.848086 0.661729 0.806972 0.806957 0.731986 0.489858 0.685633 0.975621 0.955685 0.814111 0.788780 0.779449 0.791039 0.775259 0.854745 0.988959 0.741597 0.809849 0.802765 0.955408 0.759189 0.900841 0.978679 0.661014 0.888920 0.581038 0.802749 0.706037 0.701494 0.921092 0.953108 0.817581 0.827845 0.900159 0.898724 0.793116 0.793193 0.586995 0.928569 0.957769 0.762571
0.840949 0.954485 0.589550 0.911163 0.936211 0.869744 0.799340 0.952636 0.730099 0.908701 0.829945 0.774362 0.942491 0.834116 0.818098 0.971069 0.932019 0.997837 0.908765 0.777860 0.964851 0.943898 0.795931 0.978800 0.730349 0.425089 0.921284 0.941452 0.913827 0.996324 0.000000 0.461067 0.706999 0.831250 0.778774 0.882390 0.740531 0.903847 0.877714 0.966711 0.993015 0.943176 0.486326 0.599744 0.678620 0.697329 0.721433 0.629123 0.973053 0.963773 0.980617 0.937475 0.990520 0.845502 0.953652 0.870700 0.973059 0.926090 0.719746 0.926580 0.995619 0.905083 0.988660 0.952139 0.708089 0.781647 0.812968 0.614633 0.678686 0.785016 0.695860 0.833040 0.839561 0.958177 0.869537 0.985345 0.943262 0.763728 0.889685 0.825623 0.932661 0.917100 0.989596 0.923852 0.904711 0.835439 0.926780 0.826899 0.964251 0.891883 0.701360 0.752027 0.692416 0.831921 0.860765 0.956772 0.938531 0.866692 0.877471 0.808645 0.733007 0.720844 0.885069 0.900510 0.926454 0.653051 0.997731 0.912562 0.978422 0.788966 0.767338 0.839386 0.983005 0.984873 0.715560 0.815307
0.791338 0.922044 0.615125 0.853009 0.879563 0.892102 0.718218 0.919373 0.752621 0.875720 0.871388 0.819504 0.980779 0.879922 0.752438 0.957743 0.991982 0.934944 0.943711 0.860761 0.991089 0.996536 0.796694 0.912021 0.849358 0.609225 0.919174 0.884906 0.987058 0.959339 0.461067 0.000000 0.625647 0.801619 0.755746 0.991874 0.871463 0.965483 0.840083 0.895049 0.926699 0.859172 0.538388 0.622344 0.661068 0.702979 0.702145 0.630171 0.926978 0.934101 0.976826 0.991350 0.928398 0.897017 0.974537 0.901186 0.944365 0.903282 0.780289 0.912172 0.910247 0.930249 0.965152 0.959946 0.712939 0.758392 0.817706 0.599600 0.683255 0.852703 0.746902 0.824877 0.985876 0.851812 0.915607 0.983217 0.977593 0.842470 0.819580 0.815868 0.956963 0.905747 0.950572 0.944160 0.906879 0.844987 0.997852 0.776808 0.944905 0.965196 0.727679 0.736249 0.774532 0.829448 0.867573 0.928838 0.929411 0.890379 0.864599 0.895860 0.799003 0.755620 0.941997 0.963545 0.863373 0.832385 0.914614 0.936156 0.910239 0.798583 0.753805 0.861953 0.967687 0.973646 0.793498 0.901802
0.835841 0.760467 0.725414 0.663292 0.924380 0.772236 0.654681 0.627946 0.839100 0.725592 0.773464 0.794307 0.747466 0.845360 0.712121 0.814560 0.634589 0.543321 0.675066 0.810828 0.741180 0.909163 0.845529 0.925383 0.947269 0.765551 0.825030 0.907356 0.666740 0.738880 0.706999 0.625647 0.000000 0.542848 0.715967 0.875903 0.904113 0.961208 0.981892 0.995250 0.934050 0.937623 0.522433 0.548730 0.644940 0.591920 0.721380 0.554954 0.840694 0.914862 0.829116 0.837137 0.930418 0.839109 0.821538 0.962983 0.735608 0.801610 0.755414 0.831991 0.618996 0.689392 0.646585 0.652027 0.731905 0.643677 0.689923 0.549127 0.931550 0.980966 0.921834 0.843143 0.782854 0.929796 0.854949 0.851808 0.801039 0.825523 0.634080 0.742022 0.631581 0.792279 0.852773 0.859988 0.724165 0.787685 0.960503 0.941819 0.964365 0.804234 0.691063 0.956020 0.830023 0.972014 0.916956 0.928219 0.927494 0.757116 0.589581 0.614634 0.702145 0.643988 0.836584 0.780544 0.737160 0.756243 0.949047 0.777032 0.955403 0.926142 0.716848 0.772286 0.787105 0.951219 0.786792 0.901159
0.620394 0.604427 0.928132 0.710662 0.858751 0.740725 0.673872 0.426748 0.831210 0.645480 0.602948 0.573346 0.639980 0.728683 0.830729 0.813755 0.540546 0.504066 0.636959 0.645447 0.775444 0.950390 0.950943 0.819286 0.755420 0.991687 0.861954 0.980962 0.545610 0.505444 0.831250 0.801619 0.542848 0.000000 0.883287 0.916106 0.923327 0.985277 0.988264 0.969105 0.927624 0.981270 0.597656 0.435207 0.675292 0.512760 0.649558 0.585391 0.655968 0.743720 0.660752 0.698714 0.827607 0.744635 0.885258 0.837301 0.645902 0.734522 0.647906 0.654473 0.567584 0.504624 0.453431 0.499456 0.969746 0.709624 0.845396 0.634382 0.966410 0.975444 0.948701 0.843309 0.798963 0.858376 0.829188 0.861370 0.583474 0.804345 0.729402 0.817168 0.571429 0.741110 0.808493 0.931067 0.839649 0.880346 0.985748 0.899385 0.928755 0.971430 0.723421 0.975148 0.924072 0.987577 0.960829 0.749095 0.862664 0.806466 0.510184 0.692513 0.630616 0.707386 0.651122 0.859603 0.813935 0.800937 0.968322 0.753700 0.904760 0.986751 0.707831 0.710908 0.615435 0.935112 0.714578 0.914216
0.828271 0.819620 0.617324 0.893705 0.872087 0.908685 0.731742 0.938708 0.827116 0.941165 0.816428 0.766412 0.936534 0.829906 0.813086 0.988160 0.857003 0.934932 0.850285 0.818293 0.912754 0.963153 0.742601 0.920569 0.778679 0.648248 0.761935 0.986866 0.830354 0.764528 0.778774 0.755746 0.715967 0.883287 0.000000 0.784998 0.663050 0.819737 0.980602 0.945762 0.996808 0.963964 0.682528 0.888132 0.737807 0.939454 0.994018 0.936594 0.809547 0.700375 0.813749 0.816349 0.825589 0.938448 0.969782 0.862525 0.800053 0.751711 0.851114 0.786222 0.838127 0.934404 0.836856 0.819432 0.634942 0.661527 0.543268 0.574811 0.847767 0.668479 0.972740 0.982841 0.991680 0.942768 0.969971 0.962922 0.895596 0.997938 0.984782 0.892065 0.922233 0.946169 0.944894 0.953897 0.694259 0.707160 0.920971 0.965593 0.954024 0.816405 0.712348 0.689293 0.732888 0.680229 0.975811 0.913327 0.990097 0.757276 0.900157 0.705885 0.914676 0.765947 0.995589 0.912009 0.829888 0.925909 0.927246 0.876251 0.975860 0.986107 0.956866 0.843503 0.886136 0.936632 0.606573 0.930515
0.666116 0.614892 0.638333 0.991035 0.831112 0.930750 0.738100 0.838826 0.864210 0.895029 0.719456 0.685371 0.938612 0.767052 0.953397 0.868637 0.760018 0.765990 0.799373 0.639995 0.837079 0.931611 0.718052 0.902349 0.803642 0.768787 0.990713 0.796758 0.700852 0.672667 0.882390 0.991874 0.875903 0.916106 0.784998 0.000000 0.726752 0.932539 0.963911 0.939990 0.955537 0.971132 0.825716 0.984058 0.805284 0.819840 0.979030 0.908742 0.649289 0.565692 0.593805 0.594617 0.662215 0.662994 0.750891 0.767555 0.615573 0.577060 0.718601 0.617361 0.970582 0.720257 0.730985 0.661202 0.627753 0.779127 0.576016 0.692442 0.740672 0.641464 0.968612 0.973128 0.906466 0.976025 0.999447 0.861180 0.742741 0.940798 0.909539 0.936351 0.812312 0.792424 0.974821 0.956326 0.765641 0.903693 0.678458 0.811532 0.967422 0.986528 0.752572 0.676039 0.594896 0.671094 0.861944 0.937352 0.994032 0.752065 0.959070 0.829981 0.964758 0.935758 0.902047 0.805369 0.977442 0.995986 0.793077 0.867363 0.954304 0.921770 0.923260 0.856280 0.958550 0.952451 0.968328 0.929208
0.759611 0.799818 0.775676 0.869753 0.897877 0.896300 0.958853 0.732234 0.947976 0.934567 0.706269 0.688807 0.714343 0.645058 0.895117 0.934152 0.815930 0.861200 0.684875 0.739082 0.755568 0.876396 0.913762 0.981781 0.708934 0.672321 0.973860 0.825344 0.741286 0.802256 0.740531 0.871463 0.904113 0.923327 0.663050 0.726752 0.000000 0.795923 0.715169 0.791029 0.892898 0.795061 0.788211 0.928370 0.865363 0.944761 0.974521 0.957832 0.847375 0.771851 0.774897 0.806806 0.776412 0.818210 0.926863 0.941343 0.859125 0.812374 0.716575 0.768523 0.793091 0.761065 0.716278 0.777149 0.836886 0.986034 0.807406 0.830661 0.978577 0.900492 0.724231 0.867822 0.928875 0.934776 0.981408 0.962727 0.772583 0.781865 0.943011 0.984204 0.892203 0.902647 0.990635 0.913082 0.960291 0.955238 0.911100 0.908784 0.872608 0.834586 0.986829 0.797837 0.882054 0.845064 0.920399 0.871425 0.968912 0.745221 0.958705 0.977068 0.986382 0.978724 0.955507 0.983860 0.988423 0.808416 0.951405 0.997493 0.936047 0.896131 0.939645 0.965813 0.996757 0.929745 0.917396 0.989222
0.931237 0.948254 0.851395 0.874446 0.968764 0.978526 0.972773 0.895572 0.994113 0.949930 0.896378 0.867860 0.771944 0.759560 0.836915 0.899662 0.952891 0.988232 0.870675 0.916857 0.879778 0.705079 0.913551 0.948233 0.816926 0.886138 0.981582 0.971270 0.955386 0.880842 0.903847 0.965483 0.961208 0.985277 0.819737 0.932539 0.795923 0.000000 0.822813 0.895409 0.767285 0.866613 0.904163 0.991630 0.857434 0.962407 0.947795 0.882682 0.956235 0.862530 0.883071 0.890816 0.891046 0.839952 0.899935 0.932082 0.961572 0.984746 0.923914 0.870111 0.950230 0.963988 0.806536 0.968172 0.872615 0.964187 0.872395 0.908931 0.887823 0.939098 0.888316 0.791285 0.883808 0.980153 0.976954 0.943178 0.962659 0.898144 0.995534 0.910195 0.981962 0.948234 0.993838 0.770314 0.938551 0.922018 0.977629 0.856768 0.975239 0.814754 0.898292 0.999299 0.957114 0.854735 0.870125 0.782901 0.681184 0.739522 0.946528 0.883890 0.955876 0.939756 0.937089 0.827419 0.990703 0.803298 0.860634 0.947480 0.969132 0.924770 0.933791 0.964403 0.914867 0.998043 0.959718 0.889841
