0.000000 0.347193 0.706227 0.694103 0.785910 0.626506 0.380389 0.372122 0.555980 0.573557 0.373103 0.282754 0.336650 0.443227 0.589405 0.638729 0.406550 0.404227 0.412182 0.433078 0.973953 0.877731 0.808037 0.995838 0.804115 0.969546 0.833230 0.877148 0.437180 0.502473 0.914941 0.986471 0.427555 0.355403 0.685107 0.993474 0.850921 0.975168 0.788627 0.992173 0.859588 0.800059 0.632933 0.606970 0.598541 0.580155 0.564294 0.569693 0.869076 0.815337 0.666977 0.599091 0.819526 0.916544 0.777310 0.749851 0.402634 0.377167 0.248341 0.302238 0.267960 0.340642 0.395236 0.360591 0.757649 0.625270 0.495373 0.522507 0.552589 0.652449 0.657193 0.750783 0.853556 0.851671 0.918296 0.877245 0.612215 0.829940 0.604954 0.821913 0.382598 0.623906 0.869612 0.726515 0.638736 0.799260 0.964808 0.810872 0.603944 0.662118 0.677043 0.735025 0.735317 0.748525 0.794949 0.810280 0.549074 0.706606 0.437125 0.421319 0.654913 0.689302 0.545922 0.593687 0.480423 0.522347 0.795765 0.602132 0.654725 0.686830 0.683487 0.642929 0.631948 0.866998 0.644590 0.955352
0.347193 0.000000 0.710695 0.624509 0.918813 0.694418 0.496513 0.379580 0.731345 0.713517 0.628456 0.419506 0.607255 0.616767 0.807816 0.774850 0.482781 0.502684 0.427601 0.334850 0.911639 0.858139 0.820329 0.866873 0.994735 0.858249 0.932831 0.867653 0.551187 0.677777 0.802452 0.881574 0.433377 0.394475 0.752476 0.892406 0.851265 0.979890 0.938248 0.904992 0.762683 0.909873 0.497153 0.511311 0.541168 0.527269 0.483019 0.524579 0.760434 0.729862 0.590140 0.599432 0.861988 0.974276 0.689570 0.712674 0.332054 0.282992 0.415019 0.354790 0.459210 0.331055 0.641358 0.575737 0.719059 0.526270 0.508268 0.474134 0.467427 0.504069 0.657608 0.765699 0.682525 0.699919 0.767841 0.747328 0.662099 0.766060 0.709786 0.772734 0.461423 0.511817 0.778003 0.686646 0.618176 0.646808 0.928553 0.946930 0.643433 0.655454 0.766571 0.882266 0.803589 0.924384 0.715301 0.873153 0.532614 0.724968 0.500239 0.461169 0.738548 0.785790 0.602390 0.722594 0.493972 0.538388 0.932457 0.651425 0.683731 0.691587 0.652420 0.574874 0.659511 0.778505 0.593359 0.994339
0.706227 0.710695 0.000000 0.211460 0.846959 0.841012 0.389980 0.524404 0.600206 0.998950 0.984111 0.827060 0.677009 0.744204 0.614708 0.534195 0.966199 0.985497 0.589851 0.628714 0.497453 0.858078 0.310143 0.433913 0.403387 0.322945 0.826476 0.822440 0.975961 0.987758 0.378200 0.581409 0.491605 0.491489 0.486869 0.771706 0.448082 0.608435 0.864271 0.744666 0.842596 0.976452 0.459794 0.613562 0.820396 0.917053 0.463933 0.492311 0.767299 0.995867 0.787843 0.771969 0.859179 0.790591 0.684923 0.729263 0.964815 0.958377 0.706423 0.760775 0.583718 0.615260 0.967497 0.948143 0.210326 0.350243 0.365685 0.409147 0.674705 0.840973 0.443740 0.441474 0.591228 0.657609 0.869578 0.959465 0.577694 0.519399 0.987896 0.782068 0.856206 0.735314 0.781783 0.894680 0.368716 0.378704 0.844926 0.881146 0.586762 0.625636 0.617432 0.704814 0.628873 0.631038 0.667724 0.810110 0.670144 0.932697 0.740026 0.682433 0.835175 0.913464 0.887351 0.999457 0.594610 0.472998 0.724660 0.817705 0.820015 0.887068 0.778165 0.882998 0.854560 0.898953 0.841320 0.904638
0.694103 0.624509 0.211460 0.000000 0.924609 0.748626 0.385370 0.472832 0.636067 0.992873 0.989848 0.738499 0.728858 0.719425 0.684726 0.560554 0.998688 0.997834 0.565460 0.538247 0.477484 0.900021 0.346644 0.398413 0.422724 0.324659 0.851733 0.821648 0.956389 0.984342 0.427651 0.589887 0.476473 0.467916 0.500648 0.730442 0.517750 0.602620 0.823208 0.715054 0.804384 0.920177 0.425764 0.555894 0.809888 0.920679 0.398540 0.445552 0.776549 0.989552 0.771135 0.774173 0.882302 0.817921 0.717207 0.725940 0.969541 0.916428 0.668975 0.679258 0.582234 0.526707 0.933946 0.926037 0.210075 0.254384 0.319019 0.327892 0.694592 0.786500 0.394956 0.403824 0.537030 0.639806 0.766414 0.846940 0.577352 0.508280 0.963119 0.708958 0.873283 0.745349 0.771203 0.879558 0.367868 0.357930 0.775041 0.957700 0.582837 0.636383 0.579731 0.710788 0.597725 0.627287 0.692378 0.748880 0.619409 0.839914 0.699566 0.645170 0.770800 0.872484 0.854156 0.992260 0.560818 0.463012 0.746512 0.786346 0.770162 0.877174 0.742952 0.829910 0.843652 0.875268 0.754083 0.872234
0.785910 0.918813 0.846959 0.924609 0.000000 0.967039 0.815608 0.891218 0.729566 0.790887 0.840561 0.847011 0.678540 0.759038 0.672942 0.810557 0.742415 0.786430 0.733312 0.950203 0.997024 0.879681 0.797665 0.973961 0.982739 0.912961 0.747726 0.988537 0.823792 0.771196 0.905821 0.920956 0.769045 0.794701 0.690126 0.890452 0.843575 0.893553 0.947625 0.820458 0.984148 0.984628 0.951934 0.918780 0.916693 0.957489 0.986946 0.987786 0.967006 0.878785 0.965331 0.974783 0.952940 0.989797 0.916838 0.990871 0.790449 0.725042 0.729376 0.909782 0.743060 0.926847 0.621164 0.711916 0.841152 0.962778 0.788483 0.877707 0.986434 0.981108 0.884934 0.902468 0.977499 0.871726 0.846103 0.930223 0.958611 0.906999 0.888883 0.976661 0.720818 0.973624 0.863829 0.780459 0.772011 0.929029 0.965652 0.698481 0.735574 0.936079 0.904864 0.889792 0.931095 0.857941 0.947039 0.963375 0.844233 0.925478 0.848731 0.927466 0.947864 0.971047 0.798309 0.936335 0.910942 0.794343 0.981033 0.871281 0.873281 0.892553 0.883953 0.976779 0.945714 0.980531 0.978224 0.899543
0.626506 0.694418 0.841012 0.748626 0.967039 0.000000 0.542177 0.493852 0.640364 0.637221 0.698115 0.640322 0.833159 0.888630 0.967130 0.937539 0.830801 0.787754 0.756225 0.694586 0.957389 0.826090 0.985705 0.905637 0.835440 0.957545 0.740890 0.822380 0.833066 0.964881 0.982881 0.961356 0.716267 0.655365 0.822274 0.899340 0.985991 0.977191 0.851727 0.933076 0.826366 0.884245 0.654904 0.602512 0.727550 0.732213 0.675500 0.729774 0.978320 0.843766 0.735063 0.680243 0.790621 0.773431 0.857302 0.748781 0.839284 0.829022 0.648819 0.560798 0.634722 0.531769 0.892825 0.857737 0.904228 0.656849 0.594861 0.565936 0.776485 0.707223 0.722855 0.711221 0.828741 0.851653 0.914603 0.869662 0.765580 0.827414 0.915534 0.864825 0.811437 0.908632 0.838785 0.999274 0.978736 0.953575 0.976708 0.950820 0.794156 0.905447 0.555577 0.623059 0.556900 0.637948 0.979075 0.852117 0.708613 0.771758 0.534129 0.603063 0.632177 0.637744 0.667251 0.678093 0.715785 0.716643 0.808637 0.708025 0.924112 0.863886 0.694144 0.683996 0.737386 0.822135 0.592457 0.854581
0.380389 0.496513 0.389980 0.385370 0.815608 0.542177 0.000000 0.227055 0.304363 0.511075 0.554343 0.443646 0.465929 0.657401 0.561115 0.563338 0.645361 0.636486 0.446291 0.488973 0.760739 0.883642 0.598637 0.841556 0.896263 0.696550 0.869025 0.954844 0.641787 0.694750 0.683406 0.876927 0.427839 0.319108 0.476861 0.871929 0.739520 0.801586 0.894244 0.856327 0.766941 0.824934 0.386065 0.395037 0.512517 0.559826 0.454950 0.456258 0.941063 0.777332 0.530128 0.472903 0.588357 0.591909 0.644729 0.661191 0.787123 0.677717 0.346619 0.473015 0.337897 0.375532 0.678979 0.638721 0.488334 0.460430 0.267780 0.354204 0.611326 0.711745 0.362891 0.479665 0.643343 0.722441 0.865519 0.954767 0.419435 0.598058 0.728694 0.865622 0.566948 0.724471 0.913308 0.832960 0.581499 0.696661 0.972405 0.797657 0.576465 0.670440 0.351092 0.425836 0.401080 0.410060 0.661689 0.746673 0.395964 0.641185 0.325007 0.335083 0.591703 0.557146 0.554370 0.612884 0.416351 0.310075 0.627912 0.547691 0.670819 0.736666 0.571260 0.615410 0.593537 0.755218 0.600138 0.853693
0.372122 0.379580 0.524404 0.472832 0.891218 0.493852 0.227055 0.000000 0.427348 0.475527 0.531623 0.360894 0.541291 0.646059 0.725798 0.740703 0.632127 0.628350 0.502449 0.443590 0.844445 0.861405 0.761213 0.933443 0.999454 0.774103 0.755567 0.873760 0.591753 0.726046 0.751076 0.897088 0.448338 0.347757 0.567195 0.901175 0.892985 0.915529 0.876594 0.836736 0.723461 0.819342 0.399765 0.413862 0.590995 0.598965 0.481723 0.532067 0.933643 0.818622 0.593275 0.546421 0.714466 0.749291 0.750120 0.664067 0.652263 0.582891 0.353024 0.368795 0.337788 0.247436 0.691561 0.614850 0.615771 0.427258 0.316533 0.332691 0.632084 0.619032 0.432265 0.490750 0.702541 0.689327 0.848133 0.822022 0.520377 0.711863 0.812911 0.879334 0.590094 0.738814 0.949265 0.902967 0.681192 0.770458 0.897901 0.767777 0.580418 0.728182 0.402412 0.536052 0.431388 0.537602 0.702356 0.732370 0.388159 0.581145 0.333905 0.329073 0.512353 0.563834 0.553131 0.645658 0.387119 0.328318 0.631561 0.548649 0.667523 0.651298 0.486027 0.535715 0.522391 0.787503 0.519969 0.830682
0.555980 0.731345 0.600206 0.636067 0.729566 0.640364 0.304363 0.427348 0.000000 0.449689 0.516370 0.573636 0.554376 0.782153 0.620396 0.657242 0.690088 0.693258 0.695964 0.689601 0.911648 0.994203 0.763465 0.955325 0.926493 0.905450 0.810983 0.869538 0.626285 0.674941 0.854444 0.981629 0.619291 0.514761 0.676732 0.928644 0.858108 0.898230 0.815236 0.976143 0.779444 0.740215 0.631732 0.575958 0.603220 0.651475 0.772802 0.727074 0.912819 0.883435 0.643049 0.592998 0.584244 0.624786 0.651291 0.744881 0.962688 0.790569 0.436188 0.611343 0.458298 0.570921 0.652132 0.623564 0.726231 0.766740 0.500014 0.595169 0.783217 0.789221 0.495150 0.627639 0.784323 0.892838 0.951428 0.922495 0.541851 0.748924 0.707975 0.941575 0.661412 0.873951 0.959974 0.823527 0.829832 0.975689 0.920497 0.833058 0.603274 0.839661 0.496399 0.443145 0.495491 0.446553 0.816347 0.995571 0.514706 0.727968 0.449988 0.467103 0.635787 0.626985 0.649413 0.676158 0.556983 0.465275 0.704037 0.587176 0.738829 0.838392 0.673252 0.718601 0.653542 0.776671 0.680700 0.857814
0.573557 0.713517 0.998950 0.992873 0.790887 0.637221 0.511075 0.475527 0.449689 0.000000 0.461717 0.531420 0.713887 0.898828 0.774704 0.936334 0.518635 0.507195 0.727626 0.752897 0.817681 0.969051 0.830814 0.527636 0.600081 0.737209 0.690743 0.795072 0.481318 0.575631 0.825588 0.700072 0.817598 0.645839 0.797494 0.952827 0.844616 0.911000 0.769188 0.998253 0.794985 0.687337 0.782636 0.676579 0.594153 0.584320 0.910374 0.918867 0.744933 0.807068 0.598344 0.592083 0.662261 0.706268 0.924440 0.812530 0.768962 0.667212 0.474224 0.674510 0.637701 0.648302 0.547704 0.466407 0.848668 0.961598 0.678176 0.799439 0.805844 0.826964 0.578853 0.758068 0.930616 0.901443 0.957294 0.965292 0.614669 0.872451 0.787102 0.839663 0.575964 0.914041 0.935086 0.847025 0.860935 0.676016 0.828682 0.702257 0.819552 0.935439 0.495765 0.478680 0.502116 0.519966 0.896033 0.828710 0.526583 0.619680 0.357735 0.471145 0.596962 0.561207 0.430222 0.494741 0.634487 0.633083 0.779431 0.566749 0.797477 0.713054 0.629947 0.655719 0.494068 0.745616 0.677697 0.824235
0.373103 0.628456 0.984111 0.989848 0.840561 0.698115 0.554343 0.531623 0.516370 0.461717 0.000000 0.304805 0.404729 0.514833 0.727262 0.782178 0.425742 0.409739 0.618075 0.637337 0.757665 0.993712 0.914845 0.739059 0.543290 0.693624 0.679066 0.725713 0.365315 0.393700 0.883359 0.873414 0.628196 0.534649 0.889059 0.832726 0.857140 0.855625 0.849566 0.978476 0.991911 0.747212 0.988407 0.817732 0.702273 0.660414 0.906113 0.879353 0.834398 0.897652 0.853015 0.822073 0.869030 0.993535 0.840394 0.884419 0.642378 0.550928 0.423702 0.493859 0.367441 0.456115 0.315671 0.264081 0.942098 0.916822 0.764592 0.783213 0.812774 0.815068 0.890300 0.998914 0.858309 0.906088 0.925678 0.992313 0.846871 0.910865 0.565993 0.940445 0.419445 0.699634 0.974825 0.716212 0.939241 0.895923 0.833614 0.839421 0.759381 0.843905 0.837250 0.829086 0.877590 0.852983 0.915519 0.914795 0.720930 0.763361 0.583405 0.603601 0.682752 0.744682 0.672226 0.689622 0.658625 0.721563 0.833719 0.763182 0.770798 0.769197 0.726051 0.796770 0.744417 0.986871 0.738129 0.890649
0.282754 0.419506 0.827060 0.738499 0.847011 0.640322 0.443646 0.360894 0.573636 0.531420 0.304805 0.000000 0.363261 0.404792 0.678680 0.691305 0.414412 0.399956 0.507148 0.433824 0.973713 0.934269 0.904703 0.964134 0.730805 0.902412 0.818939 0.795267 0.384853 0.397791 0.987634 0.978669 0.472444 0.381251 0.779167 0.973484 0.953375 0.965544 0.860782 0.897989 0.866821 0.851387 0.776576 0.689173 0.675830 0.680253 0.689308 0.669810 0.903318 0.937323 0.809134 0.759570 0.914486 0.970053 0.859914 0.839981 0.474816 0.456385 0.321715 0.370178 0.292708 0.272259 0.386338 0.307780 0.842813 0.611899 0.549244 0.533620 0.749727 0.698745 0.717980 0.814097 0.966411 0.882311 0.821036 0.873005 0.676068 0.885627 0.635038 0.814487 0.400262 0.640686 0.866186 0.716407 0.740891 0.856935 0.923032 0.856036 0.641940 0.740438 0.718086 0.829966 0.777375 0.804727 0.801806 0.846090 0.609354 0.734384 0.478634 0.507387 0.621243 0.745674 0.597043 0.653172 0.519086 0.563059 0.809921 0.732199 0.720204 0.741899 0.673982 0.622756 0.709428 0.972323 0.658305 0.962293
0.336650 0.607255 0.677009 0.728858 0.678540 0.833159 0.465929 0.541291 0.554376 0.713887 0.404729 0.363261 0.000000 0.298387 0.440441 0.465257 0.568974 0.545626 0.495052 0.593840 0.943686 0.952399 0.627597 0.872000 0.855349 0.974284 0.937329 0.883343 0.509979 0.420216 0.832102 0.942128 0.461720 0.460815 0.746153 0.918673 0.857897 0.910534 0.880068 0.975872 0.981114 0.886880 0.822108 0.797866 0.854702 0.829525 0.784566 0.706898 0.861012 0.913787 0.980195 0.835474 0.956548 0.994937 0.911719 0.987159 0.610999 0.562005 0.378853 0.502207 0.260716 0.471391 0.347820 0.389444 0.685940 0.661445 0.612998 0.655842 0.818803 0.800535 0.791116 0.865402 0.964339 0.931801 0.911132 0.940339 0.761570 0.851043 0.643896 0.744268 0.498525 0.766762 0.870690 0.824309 0.584651 0.768278 0.959255 0.759163 0.748008 0.763680 0.791349 0.829387 0.891310 0.781680 0.894361 0.919533 0.749218 0.918088 0.647383 0.643376 0.783832 0.762991 0.758992 0.802076 0.615738 0.533104 0.802630 0.766361 0.786923 0.819606 0.836374 0.796803 0.846142 0.957741 0.734405 0.992307
0.443227 0.616767 0.744204 0.719425 0.759038 0.888630 0.657401 0.646059 0.782153 0.898828 0.514833 0.404792 0.298387 0.000000 0.540335 0.502583 0.683290 0.640522 0.495341 0.636355 0.889897 0.943042 0.572700 0.744805 0.949348 0.978775 0.975482 0.999085 0.634831 0.500396 0.759183 0.838172 0.392181 0.477469 0.746141 0.983135 0.786482 0.886708 0.987661 0.817773 0.969925 0.954011 0.923564 0.945100 0.962675 0.967139 0.807398 0.832766 0.706398 0.720913 0.848762 0.918595 0.813916 0.737639 0.994650 0.934590 0.568175 0.592787 0.468560 0.479250 0.332908 0.468227 0.448771 0.487575 0.667905 0.566654 0.660819 0.579604 0.940640 0.825949 0.850554 0.790631 0.957188 0.992797 0.867213 0.900096 0.934852 0.826587 0.724304 0.701214 0.612928 0.840721 0.745987 0.809240 0.501374 0.639818 0.787259 0.918195 0.676343 0.670648 0.982166 0.907302 0.954935 0.996467 0.955394 0.836448 0.877491 0.925613 0.825591 0.798262 0.764760 0.995347 0.920504 0.999245 0.687971 0.663273 0.911328 0.909442 0.815640 0.816791 0.859846 0.881822 0.989820 0.867328 0.837717 0.964814
0.589405 0.807816 0.614708 0.684726 0.672942 0.967130 0.561115 0.725798 0.620396 0.774704 0.727262 0.678680 0.440441 0.540335 0.000000 0.441367 0.741664 0.737576 0.617210 0.760019 0.666535 0.989662 0.479870 0.794801 0.901297 0.873612 0.880189 0.892194 0.712299 0.617733 0.659079 0.887221 0.532110 0.544913 0.626228 0.923834 0.675170 0.769796 0.949348 0.972416 0.828592 0.953250 0.827619 0.908062 0.812151 0.868729 0.804813 0.694747 0.823952 0.945636 0.847924 0.733361 0.776214 0.785410 0.830772 0.835345 0.837201 0.777940 0.499832 0.700836 0.475554 0.735152 0.570020 0.612748 0.642476 0.775068 0.581948 0.694730 0.806115 0.787328 0.647159 0.670692 0.806841 0.950624 0.901178 0.886958 0.792250 0.819425 0.754935 0.904798 0.718219 0.942424 0.661747 0.828586 0.547843 0.741869 0.792342 0.902487 0.732737 0.695741 0.741632 0.761817 0.859339 0.680239 0.846120 0.890211 0.748934 0.909660 0.693663 0.717882 0.926881 0.843219 0.831172 0.847616 0.686882 0.545237 0.740875 0.693744 0.870168 0.899211 0.828027 0.835264 0.909418 0.799928 0.792284 0.976214
0.638729 0.774850 0.534195 0.560554 0.810557 0.937539 0.563338 0.740703 0.657242 0.936334 0.782178 0.691305 0.465257 0.502583 0.441367 0.000000 0.822061 0.714472 0.551636 0.652205 0.641477 0.998318 0.381860 0.580794 0.762116 0.687610 0.798736 0.916617 0.722476 0.643464 0.555607 0.691304 0.498918 0.528173 0.648671 0.800775 0.522426 0.670311 0.890952 0.879095 0.873583 0.985383 0.741421 0.762450 0.829811 0.860004 0.619444 0.662998 0.805808 0.963064 0.893838 0.778175 0.895526 0.821386 0.740666 0.926336 0.842248 0.824501 0.633389 0.795438 0.532779 0.701519 0.718286 0.755458 0.525725 0.609697 0.596932 0.653502 0.827779 0.867325 0.625699 0.641543 0.757912 0.737942 0.876329 0.928670 0.773747 0.690884 0.678901 0.671640 0.683558 0.789644 0.655253 0.803661 0.438429 0.540037 0.833664 0.985543 0.731084 0.725328 0.751863 0.817188 0.830177 0.694390 0.722334 0.909187 0.769804 0.859121 0.782609 0.781603 0.888045 0.930582 0.863352 0.956320 0.633124 0.670365 0.823660 0.814205 0.832778 0.952794 0.990872 0.891265 0.980871 0.885590 0.860933 0.964445
0.406550 0.482781 0.966199 0.998688 0.742415 0.830801 0.645361 0.632127 0.690088 0.518635 0.425742 0.414412 0.568974 0.683290 0.741664 0.822061 0.000000 0.256333 0.483027 0.500468 0.790141 0.902928 0.931438 0.804043 0.670851 0.724495 0.915119 0.868075 0.323999 0.408916 0.927966 0.819596 0.619545 0.584662 0.843982 0.954093 0.987874 0.948315 0.895075 0.970939 0.832476 0.813217 0.875236 0.745016 0.490962 0.443398 0.790865 0.766721 0.591392 0.676881 0.618045 0.657090 0.752837 0.914639 0.725866 0.752255 0.397133 0.314671 0.455625 0.584256 0.570960 0.613063 0.350598 0.304258 0.927022 0.992250 0.774740 0.804455 0.623799 0.759010 0.827049 0.938844 0.963325 0.897640 0.935737 0.834494 0.793701 0.979238 0.611316 0.939201 0.280804 0.532984 0.762943 0.510278 0.847422 0.985974 0.918511 0.945148 0.754563 0.739337 0.877569 0.888616 0.951630 0.948659 0.789578 0.985479 0.595450 0.731189 0.553871 0.622161 0.826919 0.870842 0.543290 0.526023 0.706862 0.773495 0.967700 0.809878 0.726053 0.773014 0.794060 0.670430 0.738797 0.765990 0.843637 0.999426
0.404227 0.502684 0.985497 0.997834 0.786430 0.787754 0.636486 0.628350 0.693258 0.507195 0.409739 0.399956 0.545626 0.640522 0.737576 0.714472 0.256333 0.000000 0.498270 0.489493 0.889137 0.859474 0.940679 0.777673 0.695078 0.793937 0.946582 0.901447 0.274689 0.317395 0.972546 0.923863 0.589717 0.549427 0.847651 0.965928 0.902175 0.958261 0.813280 0.916313 0.861262 0.740401 0.893710 0.749304 0.512902 0.474942 0.781411 0.820719 0.649093 0.703762 0.633480 0.669828 0.795111 0.908721 0.723453 0.816863 0.403966 0.346410 0.463286 0.629876 0.555886 0.589035 0.354198 0.277730 0.936481 0.961763 0.747889 0.782499 0.602577 0.711280 0.804713 0.998970 0.902048 0.790035 0.968358 0.849464 0.805847 0.930331 0.557404 0.913661 0.221337 0.469233 0.790772 0.559175 0.853059 0.975188 0.875803 0.885807 0.711446 0.799658 0.845024 0.873057 0.896796 0.902680 0.817673 0.944398 0.627915 0.778851 0.543167 0.614075 0.746165 0.846250 0.490209 0.506509 0.627219 0.799158 0.936020 0.807310 0.808881 0.737543 0.783794 0.702065 0.720232 0.821311 0.850648 0.949994
0.412182 0.427601 0.589851 0.565460 0.733312 0.756225 0.446291 0.502449 0.695964 0.727626 0.618075 0.507148 0.495052 0.495341 0.617210 0.551636 0.483027 0.498270 0.000000 0.430748 0.876990 0.915892 0.579294 0.758746 0.943775 0.864304 0.971376 0.969860 0.586270 0.630612 0.716740 0.875989 0.375171 0.377360 0.530129 0.852784 0.697022 0.877902 0.999044 0.890292 0.858592 0.952856 0.568598 0.534854 0.517695 0.521602 0.506170 0.490848 0.847913 0.765693 0.618388 0.583314 0.741162 0.784445 0.673711 0.732397 0.523533 0.442490 0.465021 0.519783 0.442014 0.499888 0.550579 0.574538 0.576349 0.573871 0.494011 0.482235 0.561207 0.686298 0.607950 0.729128 0.812239 0.773600 0.839380 0.780163 0.659805 0.635423 0.693912 0.748633 0.464224 0.615143 0.715406 0.685881 0.487429 0.609128 0.951015 0.927831 0.638200 0.578588 0.687902 0.806282 0.784609 0.784097 0.768933 0.790058 0.554659 0.822073 0.530951 0.541946 0.808937 0.864436 0.624821 0.747215 0.623534 0.557873 0.867933 0.695248 0.678081 0.759284 0.732498 0.686149 0.748938 0.827622 0.867968 0.964425
0.433078 0.334850 0.628714 0.538247 0.950203 0.694586 0.488973 0.443590 0.689601 0.752897 0.637337 0.433824 0.593840 0.636355 0.760019 0.652205 0.500468 0.489493 0.430748 0.000000 0.757813 0.878675 0.703458 0.722228 0.881689 0.784170 0.990644 0.931321 0.554851 0.653478 0.738358 0.720207 0.414888 0.410189 0.716065 0.890425 0.784334 0.911801 0.969060 0.863754 0.773484 0.936414 0.550857 0.539690 0.621057 0.620006 0.510729 0.477361 0.918521 0.786168 0.720865 0.695522 0.912733 0.930477 0.653263 0.675683 0.487540 0.453245 0.516337 0.467724 0.509472 0.394002 0.666291 0.615411 0.624452 0.487539 0.516794 0.465564 0.519583 0.601346 0.624033 0.745539 0.708453 0.645187 0.744325 0.613724 0.713547 0.785173 0.705918 0.759525 0.446813 0.445966 0.720605 0.679103 0.548641 0.594002 0.852315 0.984957 0.705350 0.629760 0.740177 0.858657 0.783105 0.862029 0.677125 0.999989 0.570452 0.782547 0.590366 0.513695 0.767044 0.814936 0.591332 0.771373 0.464119 0.595813 0.825546 0.787223 0.817627 0.835895 0.795921 0.685704 0.693440 0.793343 0.644462 0.923292
0.973953 0.911639 0.497453 0.477484 0.997024 0.957389 0.760739 0.844445 0.911648 0.817681 0.757665 0.973713 0.943686 0.889897 0.666535 0.641477 0.790141 0.889137 0.876990 0.757813 0.000000 0.836296 0.451743 0.476308 0.442465 0.427642 0.647758 0.738869 0.815051 0.944000 0.491901 0.579186 0.682263 0.739797 0.730020 0.765127 0.620984 0.643817 0.878316 0.792401 0.779940 0.787465 0.697742 0.828749 0.952694 0.866275 0.692306 0.788172 0.645644 0.819507 0.999602 0.996346 0.967778 0.893498 0.940697 0.919551 0.937987 0.881416 0.950137 0.957919 0.893587 0.859806 0.784792 0.773575 0.455954 0.513307 0.586735 0.590193 0.893076 0.925442 0.628623 0.562740 0.680898 0.695999 0.793204 0.881605 0.863480 0.709081 0.878520 0.780064 0.934598 0.932464 0.676302 0.962716 0.557813 0.498509 0.597501 0.946303 0.819285 0.806125 0.759634 0.905686 0.827188 0.775462 0.782154 0.940493 0.917733 0.944398 0.977701 0.918308 0.950839 0.972633 0.884161 0.811814 0.726378 0.690363 0.825165 0.995801 0.796241 0.917703 0.914712 0.966511 0.981810 0.911627 0.832350 0.949958
0.877731 0.858139 0.858078 0.900021 0.879681 0.826090 0.883642 0.861405 0.994203 0.969051 0.993712 0.934269 0.952399 0.943042 0.989662 0.998318 0.902928 0.859474 0.915892 0.878675 0.836296 0.000000 0.990249 0.981263 0.888984 0.930556 0.964950 0.869258 0.860594 0.961326 0.885095 0.915460 0.882100 0.898548 0.828683 0.946189 0.898797 0.919965 0.917196 0.893417 0.799255 0.756591 0.970920 0.972451 0.776869 0.890734 0.904898 0.865299 0.852834 0.839798 0.809108 0.869290 0.915689 0.877916 0.922394 0.711102 0.861208 0.899884 0.913024 0.844186 0.925093 0.898173 0.939749 0.915772 0.963430 0.981914 0.851878 0.874786 0.804109 0.784130 0.862773 0.900684 0.947703 0.712902 0.785722 0.980930 0.758012 0.877323 0.980048 0.992351 0.855364 0.830228 0.894315 0.877000 0.975835 0.886525 0.901367 0.976844 0.895096 0.734429 0.903660 0.967148 0.867630 0.997089 0.747579 0.888086 0.888033 0.942608 0.858442 0.890596 0.902588 0.960580 0.875180 0.867571 0.945891 0.933239 0.922999 0.978065 0.991269 0.855575 0.868353 0.872686 0.889378 0.929612 0.919325 0.924339
0.808037 0.820329 0.310143 0.346644 0.797665 0.985705 0.598637 0.761213 0.763465 0.830814 0.914845 0.904703 0.627597 0.572700 0.479870 0.381860 0.931438 0.940679 0.579294 0.703458 0.451743 0.990249 0.000000 0.293984 0.403053 0.431169 0.695847 0.744270 0.936164 0.923404 0.323034 0.466739 0.434553 0.530481 0.521133 0.779971 0.442479 0.597727 0.854182 0.778703 0.868191 0.863487 0.630429 0.785093 0.991878 0.927883 0.607506 0.616047 0.595954 0.782985 0.983335 0.951345 0.984882 0.948328 0.806025 0.876245 0.992154 0.971140 0.783500 0.842842 0.611038 0.741437 0.953458 0.953636 0.249957 0.424644 0.513040 0.516931 0.862855 0.876001 0.597814 0.526144 0.680244 0.752341 0.789081 0.914995 0.778825 0.531172 0.997422 0.726805 0.915232 0.887238 0.623065 0.912166 0.261447 0.321917 0.719079 0.975386 0.671232 0.584790 0.829533 0.939944 0.871255 0.806678 0.759052 0.820743 0.851536 0.972556 0.929357 0.872689 0.997928 0.950156 0.925715 0.812020 0.699307 0.585493 0.871107 0.895867 0.985314 0.969183 0.977030 0.976163 0.960449 0.938510 0.951154 0.911763
0.995838 0.866873 0.433913 0.398413 0.973961 0.905637 0.841556 0.933443 0.955325 0.527636 0.739059 0.964134 0.872000 0.744805 0.794801 0.580794 0.804043 0.777673 0.758746 0.722228 0.476308 0.981263 0.293984 0.000000 0.338095 0.390213 0.637564 0.728672 0.742803 0.868899 0.404011 0.411808 0.623645 0.750539 0.691485 0.787035 0.549598 0.655806 0.764248 0.821151 0.978330 0.776054 0.710458 0.886904 0.892560 0.841393 0.633893 0.643363 0.642883 0.837651 0.893206 0.897257 0.850879 0.912510 0.795397 0.890841 0.953095 0.930474 0.953148 0.990773 0.830604 0.828926 0.812533 0.735260 0.303845 0.432170 0.712934 0.629005 0.884487 0.949400 0.819705 0.742588 0.749773 0.780846 0.794728 0.836857 0.962188 0.697630 0.931415 0.636199 0.942549 0.816668 0.672358 0.934074 0.330846 0.270625 0.640138 0.777304 0.820021 0.591767 0.939233 0.833661 0.900161 0.933955 0.772302 0.932542 0.983534 0.882054 0.812068 0.946060 0.857400 0.770241 0.749587 0.645259 0.899434 0.774753 0.949744 0.867333 0.970618 0.844094 0.921344 0.844692 0.800574 0.961812 0.990265 0.984274
0.804115 0.994735 0.403387 0.422724 0.982739 0.835440 0.896263 0.999454 0.926493 0.600081 0.543290 0.730805 0.855349 0.949348 0.901297 0.762116 0.670851 0.695078 0.943775 0.881689 0.442465 0.888984 0.403053 0.338095 0.000000 0.251954 0.590380 0.693252 0.661051 0.771432 0.331990 0.452900 0.748489 0.860604 0.700594 0.714791 0.437529 0.504112 0.674975 0.712134 0.919419 0.793256 0.703854 0.909973 0.931052 0.803289 0.654290 0.754782 0.710817 0.865494 0.990696 0.885889 0.876139 0.989799 0.811306 0.840837 0.797036 0.781021 0.799689 0.801104 0.920746 0.977403 0.615937 0.573515 0.356818 0.548493 0.714235 0.713650 0.897355 0.990270 0.712704 0.638401 0.579226 0.658230 0.831723 0.922090 0.859917 0.615989 0.764252 0.817477 0.858593 0.827750 0.660674 0.943368 0.464117 0.350882 0.786378 0.908136 0.818807 0.717126 0.997802 0.907719 0.939806 0.983268 0.799952 0.832461 0.968309 0.887192 0.824960 0.900498 0.859757 0.762717 0.835381 0.694651 0.911115 0.872044 0.936051 0.891602 0.896011 0.941644 0.915879 0.819649 0.805601 0.987008 0.927292 0.968230
0.969546 0.858249 0.322945 0.324659 0.912961 0.957545 0.696550 0.774103 0.905450 0.737209 0.693624 0.902412 0.974284 0.978775 0.873612 0.687610 0.724495 0.793937 0.864304 0.784170 0.427642 0.930556 0.431169 0.390213 0.251954 0.000000 0.764524 0.774879 0.760653 0.808911 0.323968 0.430093 0.669725 0.761509 0.714958 0.645392 0.429560 0.523175 0.774174 0.735922 0.845282 0.833245 0.545825 0.747596 0.963876 0.947688 0.522364 0.645891 0.755594 0.949812 0.835580 0.922791 0.994069 0.882564 0.720946 0.830679 0.822734 0.837826 0.958427 0.978004 0.909147 0.804693 0.618236 0.627408 0.327033 0.415448 0.578118 0.582016 0.831155 0.907070 0.577305 0.509210 0.474369 0.571864 0.904265 0.882225 0.749725 0.601977 0.795394 0.772392 0.912910 0.825995 0.741881 0.997845 0.479682 0.367807 0.744487 0.963244 0.735044 0.766544 0.793276 0.912428 0.764872 0.822453 0.767491 0.816985 0.823573 0.983876 0.986260 0.916056 0.912722 0.941576 0.930531 0.808684 0.769909 0.704809 0.805918 0.975320 0.971592 0.993988 0.951713 0.985445 0.965623 0.945995 0.933724 0.972223
0.833230 0.932831 0.826476 0.851733 0.747726 0.740890 0.869025 0.755567 0.810983 0.690743 0.679066 0.818939 0.937329 0.975482 0.880189 0.798736 0.915119 0.946582 0.971376 0.990644 0.647758 0.964950 0.695847 0.637564 0.590380 0.764524 0.000000 0.771405 0.776240 0.931930 0.746522 0.811332 0.895213 0.981187 0.888820 0.754872 0.659115 0.734087 0.793024 0.817815 0.900026 0.873779 0.961866 0.856392 0.903181 0.806822 0.965158 0.924258 0.818261 0.883145 0.935282 0.827748 0.837051 0.947172 0.995606 0.909154 0.966340 0.990213 0.880188 0.763306 0.850996 0.789704 0.929664 0.865398 0.727198 0.908360 0.942158 0.929632 0.947279 0.899727 0.970631 0.930265 0.983825 0.886875 0.902881 0.884973 0.997445 0.895995 0.997430 0.928433 0.983816 0.926970 0.744120 0.980963 0.713666 0.693032 0.921441 0.963458 0.978751 0.866512 0.852588 0.837287 0.875237 0.913949 0.835706 0.993197 0.930910 0.838371 0.865108 0.819009 0.691206 0.749236 0.884243 0.889181 0.928329 0.988243 0.837109 0.800949 0.865609 0.809225 0.818610 0.806883 0.790098 0.963914 0.868337 0.926014
0.877148 0.867653 0.822440 0.821648 0.988537 0.822380 0.954844 0.873760 0.869538 0.795072 0.725713 0.795267 0.883343 0.999085 0.892194 0.916617 0.868075 0.901447 0.969860 0.931321 0.738869 0.869258 0.744270 0.728672 0.693252 0.774879 0.771405 0.000000 0.785543 0.802784 0.747423 0.895258 0.879888 0.973262 0.833142 0.933216 0.710526 0.781782 0.984383 0.858666 0.858329 0.909421 0.962465 0.938506 0.914795 0.892977 0.902428 0.882010 0.767284 0.907510 0.936716 0.904945 0.862618 0.978789 0.893866 0.750153 0.952784 0.889094 0.893682 0.962791 0.907929 0.880364 0.858348 0.756457 0.777005 0.855359 0.885573 0.842118 0.871636 0.941516 0.955638 0.777013 0.795906 0.897814 0.923712 0.934195 0.916156 0.829140 0.826263 0.776910 0.950915 0.952767 0.855883 0.981605 0.777701 0.723724 0.851117 0.819402 0.978649 0.716320 0.990132 0.924985 0.980411 0.995513 0.977828 0.951845 0.960145 0.894262 0.874712 0.862478 0.853177 0.823469 0.940543 0.895490 0.961717 0.910290 0.998707 0.788160 0.924639 0.927447 0.934529 0.857466 0.803543 0.925053 0.834691 0.995881
0.437180 0.551187 0.975961 0.956389 0.823792 0.833066 0.641787 0.591753 0.626285 0.481318 0.365315 0.384853 0.509979 0.634831 0.712299 0.722476 0.323999 0.274689 0.586270 0.554851 0.815051 0.860594 0.936164 0.742803 0.661051 0.760653 0.776240 0.785543 0.000000 0.284627 0.983639 0.870007 0.598616 0.598239 0.894051 0.847135 0.988830 0.953466 0.712934 0.960026 0.875483 0.771593 0.915307 0.784719 0.536684 0.478007 0.850658 0.800696 0.616581 0.714526 0.686997 0.676761 0.792003 0.924088 0.740210 0.705986 0.522516 0.458640 0.487505 0.602108 0.507581 0.545337 0.342953 0.271371 0.895339 0.995956 0.816313 0.864695 0.728685 0.730076 0.863340 0.995606 0.907095 0.793830 0.947221 0.879321 0.792433 0.980009 0.540037 0.967921 0.327708 0.558870 0.749580 0.549181 0.893130 0.959130 0.931097 0.914858 0.710310 0.803520 0.874101 0.910756 0.934385 0.932090 0.839023 0.954601 0.650698 0.821532 0.574392 0.601646 0.757401 0.870768 0.586695 0.634742 0.653907 0.798831 0.867401 0.817402 0.801171 0.655921 0.770404 0.707606 0.680345 0.767520 0.789361 0.967174
0.502473 0.677777 0.987758 0.984342 0.771196 0.964881 0.694750 0.726046 0.674941 0.575631 0.393700 0.397791 0.420216 0.500396 0.617733 0.643464 0.408916 0.317395 0.630612 0.653478 0.944000 0.961326 0.923404 0.868899 0.771432 0.808911 0.931930 0.802784 0.284627 0.000000 0.967073 0.965356 0.577901 0.579454 0.927907 0.846078 0.932854 0.897967 0.869637 0.920672 0.972990 0.879581 0.939497 0.942134 0.722991 0.722197 0.934257 0.930102 0.830134 0.963108 0.876212 0.904642 0.960343 0.902136 0.871522 0.914392 0.588612 0.554138 0.531836 0.731722 0.515166 0.608657 0.303885 0.256338 0.978551 0.974404 0.849048 0.887380 0.853584 0.882567 0.893925 0.943974 0.998569 0.935010 0.964436 0.963296 0.814245 0.891415 0.612139 0.927397 0.330863 0.580750 0.690267 0.528692 0.780664 0.943095 0.913804 0.919741 0.770365 0.821002 0.991100 0.974171 0.955826 0.991039 0.916562 0.896930 0.818345 0.929406 0.709956 0.774817 0.827304 0.985505 0.694819 0.743869 0.711482 0.862844 0.952639 0.937134 0.964019 0.821818 0.932887 0.846092 0.892417 0.924073 0.904087 0.919685
0.914941 0.802452 0.378200 0.427651 0.905821 0.982881 0.683406 0.751076 0.854444 0.825588 0.883359 0.987634 0.832102 0.759183 0.659079 0.555607 0.927966 0.972546 0.716740 0.738358 0.491901 0.885095 0.323034 0.404011 0.331990 0.323968 0.746522 0.747423 0.983639 0.967073 0.000000 0.369610 0.441083 0.631190 0.591151 0.757378 0.442777 0.546124 0.851582 0.761289 0.760745 0.963479 0.625246 0.795628 0.916291 0.992855 0.618818 0.743687 0.711794 0.855719 0.904360 0.980540 0.943089 0.985967 0.727325 0.786257 0.999349 0.964401 0.914067 0.932935 0.705944 0.723180 0.933605 0.904857 0.362242 0.467728 0.567954 0.586151 0.783946 0.763828 0.640544 0.517062 0.549202 0.607416 0.804965 0.791337 0.861970 0.661967 0.923551 0.710537 0.892760 0.737108 0.558557 0.908809 0.352689 0.354898 0.728223 0.902407 0.638481 0.605892 0.897760 0.949074 0.889279 0.940969 0.748243 0.821740 0.810081 0.902340 0.991542 0.910605 0.960121 0.957528 0.955437 0.830123 0.733771 0.647045 0.801055 0.940444 0.983947 0.951556 0.966366 0.971318 0.919508 0.903575 0.946216 0.944464
0.986471 0.881574 0.581409 0.589887 0.920956 0.961356 0.876927 0.897088 0.981629 0.700072 0.873414 0.978669 0.942128 0.838172 0.887221 0.691304 0.819596 0.923863 0.875989 0.720207 0.579186 0.915460 0.466739 0.411808 0.452900 0.430093 0.811332 0.895258 0.870007 0.965356 0.369610 0.000000 0.606084 0.744484 0.776482 0.829903 0.624733 0.686908 0.794442 0.872915 0.963298 0.829749 0.752359 0.820924 0.904972 0.907600 0.678677 0.832681 0.675558 0.798558 0.930396 0.880292 0.810525 0.836876 0.808501 0.968763 0.954744 0.938754 0.918980 0.974771 0.837390 0.787594 0.833422 0.836568 0.491105 0.525986 0.760449 0.686717 0.912298 0.963206 0.843919 0.747216 0.684318 0.636820 0.894631 0.722585 0.972390 0.763940 0.896798 0.786675 0.971856 0.772848 0.733802 0.991792 0.493021 0.422516 0.798966 0.899944 0.802428 0.805582 0.954490 0.831477 0.994123 0.943287 0.781712 0.878899 0.999371 0.968611 0.896504 0.980569 0.964481 0.919104 0.875966 0.709201 0.749901 0.837882 0.960395 0.986767 0.722025 0.849908 0.869208 0.866101 0.896556 0.964687 0.991531 0.964299
0.427555 0.433377 0.491605 0.476473 0.769045 0.716267 0.427839 0.448338 0.619291 0.817598 0.628196 0.472444 0.461720 0.392181 0.532110 0.498918 0.619545 0.589717 0.375171 0.414888 0.682263 0.882100 0.434553 0.623645 0.748489 0.669725 0.895213 0.879888 0.598616 0.577901 0.441083 0.606084 0.000000 0.287188 0.497593 0.824559 0.593311 0.749670 0.999988 0.802228 0.715009 0.938021 0.591987 0.640738 0.703001 0.745055 0.554347 0.598106 0.863676 0.970704 0.812332 0.818707 0.957768 0.986966 0.713337 0.684704 0.577090 0.547391 0.461875 0.463204 0.321895 0.369084 0.563950 0.583419 0.463525 0.411677 0.391505 0.374540 0.667342 0.635720 0.577781 0.550704 0.708029 0.676343 0.807527 0.724293 0.744291 0.644619 0.742276 0.737821 0.483399 0.584133 0.606878 0.685320 0.346777 0.424162 0.799470 0.997251 0.507091 0.498941 0.768918 0.960346 0.795899 0.852210 0.775405 0.757829 0.650391 0.830221 0.624387 0.607841 0.755049 0.873006 0.748971 0.860327 0.507043 0.499545 0.818692 0.788399 0.836484 0.770508 0.791373 0.809539 0.822887 0.881816 0.727656 0.969835
0.355403 0.394475 0.491489 0.467916 0.794701 0.655365 0.319108 0.347757 0.514761 0.645839 0.534649 0.381251 0.460815 0.477469 0.544913 0.528173 0.584662 0.549427 0.377360 0.410189 0.739797 0.898548 0.530481 0.750539 0.860604 0.761509 0.981187 0.973262 0.598239 0.579454 0.631190 0.744484 0.287188 0.000000 0.527338 0.829371 0.725096 0.781568 0.975053 0.789780 0.820503 0.886973 0.503099 0.478063 0.613884 0.664008 0.504120 0.519002 0.991457 0.901025 0.709465 0.652789 0.801463 0.843285 0.681832 0.768632 0.604635 0.547656 0.408732 0.456241 0.328946 0.349062 0.578691 0.542886 0.527244 0.435526 0.324781 0.349626 0.625041 0.647576 0.483088 0.545308 0.755003 0.735198 0.776687 0.781823 0.601822 0.633820 0.703010 0.811302 0.484837 0.614297 0.705462 0.712415 0.467811 0.550321 0.874506 0.965187 0.504506 0.594952 0.597583 0.733607 0.608744 0.682830 0.694250 0.777776 0.555552 0.777120 0.469978 0.478340 0.662255 0.719530 0.632347 0.677384 0.453350 0.448050 0.697257 0.611735 0.758582 0.790372 0.754395 0.709626 0.675489 0.857906 0.688695 0.978313
0.685107 0.752476 0.486869 0.500648 0.690126 0.822274 0.476861 0.567195 0.676732 0.797494 0.889059 0.779167 0.746153 0.746141 0.626228 0.648671 0.843982 0.847651 0.530129 0.716065 0.730020 0.828683 0.521133 0.691485 0.700594 0.714958 0.888820 0.833142 0.894051 0.927907 0.591151 0.776482 0.497593 0.527338 0.000000 0.725003 0.706752 0.758619 0.929574 0.824825 0.731184 0.786734 0.535771 0.623673 0.653597 0.760643 0.632285 0.602581 0.899346 0.911970 0.709080 0.729675 0.683690 0.728850 0.666617 0.638029 0.904626 0.890871 0.682719 0.752051 0.616390 0.710716 0.855498 0.880455 0.463341 0.567227 0.367628 0.482720 0.787534 0.839559 0.479397 0.508598 0.714543 0.668358 0.992213 0.822673 0.651011 0.660566 0.923421 0.929114 0.760420 0.799096 0.782960 0.826316 0.519815 0.572739 0.765502 0.925426 0.706831 0.641536 0.529626 0.675504 0.580944 0.572105 0.742833 0.720911 0.638480 0.799222 0.653350 0.640800 0.804625 0.817155 0.713916 0.883614 0.706129 0.478602 0.936368 0.726050 0.764502 0.779951 0.754930 0.928278 0.848742 0.888551 0.880920 0.960010
0.993474 0.892406 0.771706 0.730442 0.890452 0.899340 0.871929 0.901175 0.928644 0.952827 0.832726 0.973484 0.918673 0.983135 0.923834 0.800775 0.954093 0.965928 0.852784 0.890425 0.765127 0.946189 0.779971 0.787035 0.714791 0.645392 0.754872 0.933216 0.847135 0.846078 0.757378 0.829903 0.824559 0.829371 0.725003 0.000000 0.651317 0.811900 0.880421 0.789889 0.814783 0.868169 0.757484 0.859353 0.896375 0.975709 0.843365 0.877713 0.890046 0.965712 0.830344 0.891046 0.801539 0.829411 0.804927 0.957005 0.982884 0.980445 0.969418 0.953842 0.998614 0.924553 0.849584 0.851762 0.756675 0.744444 0.700008 0.718882 0.948889 0.786485 0.675647 0.719224 0.761420 0.804903 0.976355 0.918480 0.797027 0.941877 0.943557 0.955526 0.981228 0.996510 0.847468 0.998289 0.752805 0.683280 0.795075 0.983362 0.823571 0.885747 0.780741 0.882651 0.710755 0.777652 0.970522 0.912747 0.890303 0.888349 0.904975 0.995351 0.799899 0.885725 0.903728 0.984946 0.903225 0.837890 0.955805 0.882109 0.904335 0.972950 0.973588 0.906063 0.928044 0.946274 0.936095 0.989029
0.850921 0.851265 0.448082 0.517750 0.843575 0.985991 0.739520 0.892985 0.858108 0.844616 0.857140 0.953375 0.857897 0.786482 0.675170 0.522426 0.987874 0.902175 0.697022 0.784334 0.620984 0.898797 0.442479 0.549598 0.437529 0.429560 0.659115 0.710526 0.988830 0.932854 0.442777 0.624733 0.593311 0.725096 0.706752 0.651317 0.000000 0.460720 0.762813 0.735548 0.774518 0.960877 0.722418 0.905960 0.900454 0.998532 0.581670 0.773432 0.807839 0.968486 0.805151 0.881334 0.992233 0.916449 0.750901 0.835724 0.923162 0.924585 0.857725 0.993007 0.841926 0.913911 0.989566 0.944240 0.471113 0.631026 0.638115 0.608519 0.795942 0.849636 0.641076 0.584877 0.617533 0.648824 0.948067 0.979912 0.789933 0.586808 0.902598 0.893845 0.814280 0.798598 0.637080 0.809571 0.456135 0.449193 0.919353 0.963105 0.644455 0.644384 0.907023 0.910889 0.868922 0.867922 0.856526 0.828672 0.867148 0.933130 0.900392 0.871425 0.998957 0.821222 0.884426 0.999739 0.763659 0.800461 0.913663 0.866340 0.896996 0.944978 0.934260 0.935908 0.928987 0.901906 0.942334 0.979177
0.975168 0.979890 0.608435 0.602620 0.893553 0.977191 0.801586 0.915529 0.898230 0.911000 0.855625 0.965544 0.910534 0.886708 0.769796 0.670311 0.948315 0.958261 0.877902 0.911801 0.643817 0.919965 0.597727 0.655806 0.504112 0.523175 0.734087 0.781782 0.953466 0.897967 0.546124 0.686908 0.749670 0.781568 0.758619 0.811900 0.460720 0.000000 0.701244 0.800719 0.883141 0.939008 0.822985 0.894046 0.940878 0.917101 0.695464 0.837485 0.780262 0.904546 0.866975 0.955888 0.986508 0.912906 0.820191 0.956280 0.923951 0.930180 0.910099 0.923736 0.914819 0.966032 0.935936 0.939636 0.599788 0.710266 0.677099 0.696648 0.961268 0.942791 0.663459 0.678083 0.601589 0.725396 0.976313 0.990221 0.831380 0.710684 0.847518 0.844441 0.936066 0.855646 0.741176 0.891334 0.659797 0.589289 0.908384 0.897400 0.819243 0.890661 0.833878 0.895318 0.800111 0.840539 0.807803 0.788361 0.797126 0.803881 0.980990 0.980183 0.986973 0.931231 0.963103 0.995580 0.895537 0.836713 0.815226 0.837632 0.905154 0.943462 0.910980 0.979694 0.969195 0.726559 0.986082 0.845304
