0.000000 0.309526 0.672791 0.679796 0.757589 0.732928 0.491952 0.467042 0.612427 0.553823 0.332818 0.311449 0.372027 0.566884 0.537894 0.600045 0.393885 0.368060 0.377602 0.416700 0.869100 0.990821 0.763733 0.962281 0.873812 0.926280 0.907641 0.738355 0.546503 0.482168 0.614360 0.799030 0.349437 0.410662 0.867572 0.904758 0.614688 0.581235 0.951827 0.904191 0.769618 0.833379 0.479565 0.397804 0.435089 0.449560 0.506085 0.532089 0.797256 0.723261 0.592183 0.644620 0.795769 0.842734 0.719560 0.728566 0.317688 0.321794 0.406857 0.492340 0.336402 0.519214 0.285389 0.302223 0.833417 0.684823 0.604079 0.574097 0.382257 0.482533 0.469612 0.389361 0.664383 0.612157 0.779369 0.853833 0.712359 0.599505 0.561950 0.506143 0.398258 0.524447 0.908254 0.750714 0.669863 0.942959 0.856257 0.721110 0.788338 0.997144 0.650295 0.700078 0.738620 0.706108 0.857952 0.866046 0.600102 0.829109 0.331426 0.471968 0.650755 0.693033 0.518910 0.518169 0.561196 0.611075 0.785137 0.766949 0.709786 0.702880 0.698450 0.591385 0.547984 0.851052 0.604031 0.918164
0.309526 0.000000 0.912247 0.802702 0.785133 0.809314 0.687511 0.500895 0.638743 0.547171 0.411773 0.241347 0.410320 0.393810 0.490259 0.431938 0.294485 0.263020 0.406972 0.347810 0.850175 0.969907 0.717106 0.877742 0.958257 0.815323 0.964234 0.782686 0.420076 0.372187 0.703610 0.759389 0.458685 0.474171 0.989671 0.879047 0.631303 0.596883 0.813904 0.884899 0.742941 0.702955 0.546705 0.443246 0.553160 0.558785 0.678649 0.631176 0.853975 0.838701 0.732298 0.751448 0.944821 0.956046 0.976614 0.919923 0.214372 0.206802 0.624258 0.630365 0.481577 0.488522 0.347497 0.244470 0.994316 0.787045 0.854239 0.760980 0.426377 0.543661 0.384746 0.395634 0.668057 0.654198 0.909898 0.852542 0.571650 0.489204 0.629737 0.478676 0.360095 0.501831 0.738304 0.687779 0.869128 0.941882 0.876454 0.733756 0.982665 0.916526 0.751628 0.736417 0.843145 0.771843 0.866137 0.805370 0.685625 0.812431 0.404971 0.434387 0.676866 0.876639 0.558286 0.466914 0.638380 0.654480 0.785997 0.763238 0.781103 0.757508 0.652153 0.577758 0.614260 0.744302 0.669627 0.841728
0.672791 0.912247 0.000000 0.310837 0.645876 0.648470 0.247203 0.449847 0.576715 0.583460 0.624278 0.810120 0.572458 0.959237 0.713135 0.782733 0.774836 0.742616 0.532503 0.701016 0.707148 0.808843 0.503524 0.840812 0.688301 0.499780 0.859878 0.927891 0.840474 0.659088 0.424164 0.704422 0.439679 0.423911 0.572215 0.812599 0.748745 0.809581 0.697238 0.888818 0.871757 0.991688 0.401099 0.436429 0.569181 0.606180 0.494932 0.461569 0.815728 0.836908 0.938465 0.877986 0.817706 0.766317 0.705135 0.827669 0.881848 0.912657 0.457168 0.679092 0.458138 0.829885 0.613321 0.783023 0.287412 0.375842 0.247142 0.306326 0.770550 0.598696 0.682630 0.704164 0.785872 0.810667 0.529765 0.946823 0.716207 0.859158 0.608540 0.770616 0.675824 0.599835 0.993244 0.790687 0.425801 0.684579 0.981060 0.886207 0.574978 0.862323 0.592061 0.602961 0.601680 0.584814 0.882523 0.791114 0.731748 0.925991 0.665925 0.625001 0.819022 0.528198 0.737646 0.695883 0.596959 0.561609 0.988469 0.888216 0.720628 0.648042 0.741377 0.807834 0.745612 0.864210 0.728991 0.807896
0.679796 0.802702 0.310837 0.000000 0.742538 0.616725 0.261833 0.314942 0.705796 0.400017 0.720676 0.666268 0.621609 0.756352 0.641851 0.596871 0.710328 0.660031 0.466407 0.586594 0.670805 0.849041 0.376041 0.616638 0.731781 0.602017 0.894632 0.888422 0.779185 0.551363 0.381271 0.533675 0.395509 0.403161 0.664933 0.825465 0.614273 0.740554 0.680551 0.835184 0.910655 0.854146 0.354900 0.423380 0.665743 0.694172 0.609034 0.450637 0.746675 0.947754 0.982276 0.967880 0.844722 0.710254 0.777090 0.906895 0.796690 0.825677 0.594396 0.791864 0.574889 0.790916 0.560007 0.658959 0.454286 0.428275 0.364369 0.386636 0.852958 0.600226 0.547480 0.580005 0.723087 0.827588 0.572433 0.927746 0.648408 0.799015 0.558370 0.737061 0.543523 0.458634 0.884186 0.594761 0.499054 0.581372 0.940371 0.913883 0.715045 0.841454 0.554387 0.503484 0.569422 0.580094 0.927558 0.722836 0.762930 0.870480 0.649299 0.495204 0.689873 0.442080 0.651630 0.603647 0.573383 0.566338 0.927484 0.840983 0.679837 0.612804 0.735153 0.671808 0.709245 0.735924 0.815079 0.973208
0.757589 0.785133 0.645876 0.742538 0.000000 0.795450 0.669658 0.737232 0.715244 0.845993 0.752917 0.780453 0.650241 0.876250 0.702758 0.892592 0.853204 0.788818 0.689633 0.866797 0.833415 0.817320 0.767017 0.972473 0.882132 0.942695 0.910807 0.824697 0.775956 0.836808 0.783660 0.962412 0.659461 0.662764 0.809262 0.967383 0.878814 0.947404 0.835099 0.807801 0.925205 0.782840 0.661324 0.611129 0.565247 0.644673 0.742315 0.650320 0.964970 0.844861 0.950893 0.874882 0.966024 0.973954 0.916880 0.893803 0.828767 0.872896 0.636738 0.711945 0.593167 0.763063 0.768865 0.840344 0.580931 0.588655 0.629585 0.582275 0.684875 0.833360 0.826342 0.874834 0.966626 0.875359 0.884342 0.870944 0.738462 0.879115 0.847567 0.919989 0.831349 0.837982 0.928514 0.889110 0.718091 0.744931 0.930019 0.884128 0.777286 0.885356 0.795794 0.770593 0.806179 0.717073 0.980916 0.963375 0.846655 0.938811 0.719714 0.680479 0.945111 0.719459 0.769568 0.888806 0.639991 0.706474 0.882224 0.954328 0.906791 0.986762 0.776182 0.787444 0.859974 0.862339 0.699672 0.705702
0.732928 0.809314 0.648470 0.616725 0.795450 0.000000 0.604618 0.561901 0.623438 0.578256 0.824191 0.762957 0.660653 0.961297 0.831740 0.829413 0.878488 0.846342 0.784626 0.818980 0.751699 0.823725 0.734073 0.973533 0.809437 0.618289 0.952129 0.715536 0.904924 0.881525 0.638829 0.885704 0.669147 0.662166 0.639139 0.984256 0.697283 0.948283 0.802573 0.988233 0.908770 0.826379 0.650434 0.699902 0.601363 0.633970 0.605025 0.739151 0.967210 0.852044 0.865443 0.794580 0.863550 0.981760 0.825422 0.794016 0.931980 0.889246 0.664697 0.762082 0.633991 0.740737 0.776840 0.781910 0.665991 0.599124 0.599554 0.529684 0.928968 0.829004 0.683738 0.738873 0.976745 0.944095 0.904407 0.941202 0.731786 0.876634 0.850692 0.903572 0.730477 0.737488 0.853450 0.943730 0.728541 0.880011 0.838874 0.626145 0.804956 0.883122 0.497718 0.528206 0.439325 0.586880 0.867866 0.860207 0.715818 0.891431 0.602254 0.655725 0.661557 0.640631 0.775688 0.845114 0.728485 0.557417 0.921082 0.757441 0.840122 0.889729 0.823056 0.652722 0.774664 0.906321 0.794921 0.727752
0.491952 0.687511 0.247203 0.261833 0.669658 0.604618 0.000000 0.263615 0.540641 0.387415 0.522746 0.591892 0.460044 0.703012 0.571470 0.599065 0.574025 0.529510 0.332560 0.512783 0.704335 0.908489 0.393472 0.750034 0.821350 0.690339 0.968186 0.783767 0.654459 0.499786 0.366748 0.573512 0.299615 0.313430 0.636682 0.795452 0.664636 0.740217 0.739115 0.878885 0.897827 0.848393 0.276049 0.333743 0.498889 0.533673 0.433548 0.368240 0.812475 0.888675 0.871388 0.858318 0.798120 0.666261 0.710303 0.879762 0.643175 0.701107 0.434181 0.650910 0.376217 0.692404 0.396875 0.534395 0.423801 0.378807 0.266589 0.295219 0.676969 0.561893 0.493691 0.485152 0.647939 0.678915 0.599553 0.904150 0.676385 0.672728 0.505539 0.630274 0.436534 0.423453 0.908159 0.677575 0.391462 0.648305 0.976509 0.842506 0.649992 0.922633 0.482915 0.469894 0.522399 0.536645 0.905598 0.705296 0.612956 0.863011 0.464425 0.417282 0.666010 0.383512 0.555203 0.523226 0.502647 0.515508 0.932045 0.761887 0.625253 0.568544 0.659590 0.617756 0.575599 0.770231 0.669529 0.835649
0.467042 0.500895 0.449847 0.314942 0.737232 0.561901 0.263615 0.000000 0.535701 0.278497 0.592791 0.419057 0.454299 0.530622 0.546950 0.474019 0.504985 0.441752 0.352377 0.418158 0.700116 0.862520 0.431375 0.725768 0.881090 0.801643 0.917138 0.823877 0.554439 0.434735 0.428177 0.551904 0.321789 0.330848 0.671276 0.773344 0.602937 0.693285 0.875965 0.867890 0.852175 0.767373 0.297433 0.320647 0.460253 0.494859 0.516949 0.419184 0.943485 0.874529 0.762619 0.754404 0.760010 0.717746 0.789917 0.927270 0.537014 0.551971 0.494710 0.614372 0.419521 0.524592 0.389331 0.371764 0.660600 0.462812 0.410423 0.387899 0.663899 0.515620 0.415295 0.430183 0.651245 0.716620 0.634714 0.902698 0.588402 0.539522 0.499524 0.634376 0.361780 0.387816 0.792496 0.585802 0.575280 0.701243 0.900777 0.804472 0.770091 0.891543 0.403844 0.398107 0.463656 0.518691 0.808381 0.658129 0.565739 0.779697 0.364122 0.306447 0.475657 0.443601 0.520146 0.447062 0.477560 0.508793 0.865170 0.658912 0.610741 0.568432 0.604283 0.520847 0.516313 0.702031 0.683603 0.847545
0.612427 0.638743 0.576715 0.705796 0.715244 0.623438 0.540641 0.535701 0.000000 0.552559 0.581618 0.637798 0.520064 0.805276 0.709389 0.759702 0.641944 0.664990 0.620189 0.612335 0.908396 0.953794 0.794616 0.941682 0.829585 0.874997 0.896184 0.924793 0.684449 0.695784 0.632101 0.848595 0.592050 0.582777 0.732457 0.941990 0.929814 0.967619 0.947536 0.950370 0.793185 0.983696 0.553428 0.559493 0.468805 0.531758 0.509288 0.634977 0.988141 0.815159 0.872080 0.784379 0.881737 0.991182 0.894346 0.832121 0.709481 0.668517 0.527728 0.579974 0.506084 0.675280 0.660046 0.673667 0.691206 0.636830 0.565641 0.531843 0.666416 0.704092 0.688464 0.695333 0.718684 0.741426 0.888618 0.861902 0.650850 0.760357 0.814122 0.682787 0.674902 0.738926 0.935724 0.996274 0.817451 0.884625 0.751166 0.577976 0.789347 0.916026 0.637893 0.631601 0.656407 0.582607 0.805788 0.845976 0.761039 0.943216 0.513089 0.611830 0.747744 0.732098 0.816683 0.699987 0.656808 0.676714 0.987408 0.792503 0.813545 0.721680 0.614347 0.728452 0.791791 0.809168 0.714912 0.656338
0.553823 0.547171 0.583460 0.400017 0.845993 0.578256 0.387415 0.278497 0.552559 0.000000 0.644336 0.516018 0.571523 0.587472 0.594934 0.513247 0.538330 0.508790 0.403907 0.453095 0.722950 0.912996 0.481063 0.774672 0.877480 0.806680 0.863087 0.838645 0.636332 0.485019 0.466980 0.543328 0.455492 0.465894 0.696379 0.805061 0.629940 0.777145 0.918883 0.878455 0.929889 0.771432 0.390272 0.431136 0.588274 0.631374 0.597789 0.491574 0.873044 0.980860 0.885465 0.900639 0.894750 0.858522 0.947113 0.983633 0.562403 0.634927 0.657657 0.781731 0.574742 0.666639 0.500605 0.487812 0.772990 0.603078 0.539569 0.526762 0.714424 0.748102 0.389611 0.497968 0.606015 0.688898 0.678248 0.751591 0.649532 0.511250 0.598535 0.681960 0.417429 0.466294 0.800961 0.670147 0.718959 0.867768 0.907369 0.781991 0.975343 0.986880 0.487901 0.473672 0.513474 0.544307 0.869686 0.647413 0.613382 0.783914 0.420858 0.397515 0.622992 0.586825 0.626878 0.503851 0.652943 0.595272 0.873695 0.690264 0.698458 0.631354 0.630309 0.609500 0.640301 0.768537 0.732736 0.879072
0.332818 0.411773 0.624278 0.720676 0.752917 0.824191 0.522746 0.592791 0.581618 0.644336 0.000000 0.383633 0.359332 0.577108 0.519546 0.565298 0.365345 0.358677 0.375278 0.377927 0.803564 0.999714 0.746127 0.917311 0.943014 0.979433 0.922986 0.749958 0.495219 0.427855 0.653232 0.712141 0.436169 0.429716 0.926894 0.902364 0.786251 0.764709 0.931523 0.866227 0.773737 0.873162 0.513665 0.458343 0.613784 0.600507 0.532401 0.572495 0.923044 0.890383 0.875728 0.899197 0.943175 0.924594 0.888876 0.777750 0.368939 0.405395 0.515042 0.612420 0.398896 0.660322 0.341760 0.395108 0.791476 0.684900 0.606956 0.606255 0.392462 0.529686 0.535665 0.483514 0.581254 0.579018 0.858354 0.736343 0.694135 0.606501 0.521152 0.398248 0.426080 0.500603 0.897016 0.821370 0.687744 0.990224 0.777267 0.733840 0.818602 0.910786 0.816639 0.867535 0.889474 0.842514 0.993542 0.835041 0.656797 0.888806 0.450513 0.520927 0.772112 0.757364 0.536677 0.567256 0.627075 0.623040 0.866823 0.948457 0.781140 0.716952 0.791519 0.716660 0.742171 0.822451 0.550687 0.802247
0.311449 0.241347 0.810120 0.666268 0.780453 0.762957 0.591892 0.419057 0.637798 0.516018 0.383633 0.000000 0.356804 0.345363 0.393862 0.363313 0.281716 0.253035 0.367870 0.323128 0.834608 0.975378 0.655324 0.820559 0.988676 0.868408 0.949746 0.799247 0.378824 0.323861 0.644209 0.676877 0.369643 0.430844 0.964736 0.913676 0.599038 0.661099 0.861792 0.843809 0.664427 0.739850 0.484846 0.393543 0.549244 0.516059 0.613149 0.567756 0.896325 0.839144 0.737007 0.751518 0.887951 0.957621 0.957495 0.894304 0.266916 0.254473 0.588890 0.601360 0.454696 0.471977 0.304063 0.201218 0.980881 0.721958 0.756577 0.680930 0.494161 0.495769 0.425142 0.356233 0.649513 0.697006 0.869593 0.831427 0.555897 0.461273 0.515126 0.463062 0.316018 0.412377 0.693108 0.594912 0.781163 0.865136 0.899101 0.794291 0.856866 0.922308 0.715706 0.696498 0.800877 0.792584 0.849076 0.730121 0.670941 0.726970 0.376548 0.391567 0.629151 0.735021 0.520554 0.468563 0.549436 0.628819 0.853946 0.790300 0.685105 0.666171 0.687426 0.560445 0.618530 0.730696 0.656879 0.837964
0.372027 0.410320 0.572458 0.621609 0.650241 0.660653 0.460044 0.454299 0.520064 0.571523 0.359332 0.356804 0.000000 0.497770 0.323903 0.447212 0.432110 0.353408 0.422059 0.479495 0.779365 0.964536 0.599796 0.823627 0.965473 0.969081 0.980921 0.899043 0.457987 0.418115 0.576736 0.760985 0.375885 0.442659 0.886728 0.962105 0.656130 0.779645 0.966602 0.901151 0.752192 0.804846 0.424493 0.375827 0.450404 0.471409 0.492721 0.494128 0.986460 0.766002 0.794554 0.722608 0.850480 0.950533 0.905851 0.906698 0.436633 0.411801 0.496748 0.563164 0.345304 0.550560 0.343408 0.362905 0.678835 0.598899 0.595830 0.558384 0.555715 0.549440 0.524025 0.468658 0.679717 0.680173 0.785994 0.719466 0.667989 0.518193 0.493674 0.454081 0.406243 0.474973 0.850775 0.742053 0.584403 0.828796 0.797222 0.760865 0.683092 0.987776 0.713733 0.680337 0.732038 0.735923 0.795815 0.745633 0.618767 0.865500 0.422928 0.496610 0.763636 0.655256 0.570742 0.574576 0.540967 0.582312 0.877947 0.821898 0.678234 0.626419 0.757202 0.609078 0.662843 0.742098 0.645507 0.787450
0.566884 0.393810 0.959237 0.756352 0.876250 0.961297 0.703012 0.530622 0.805276 0.587472 0.577108 0.345363 0.497770 0.000000 0.383272 0.347622 0.391798 0.331889 0.467286 0.422769 0.860834 0.993663 0.581372 0.632457 0.944823 0.791845 0.908227 0.802031 0.410521 0.367382 0.717926 0.571943 0.517389 0.581222 0.894585 0.909834 0.783395 0.776208 0.770265 0.847055 0.890300 0.752650 0.541630 0.535053 0.740341 0.740904 0.737356 0.633621 0.936183 0.908889 0.922263 0.964488 0.928382 0.905593 0.920212 0.921051 0.356262 0.398334 0.823041 0.867086 0.721555 0.696750 0.398871 0.337913 0.935638 0.900037 0.907181 0.870061 0.654428 0.718524 0.537173 0.541603 0.644129 0.744739 0.981956 0.808217 0.595693 0.443581 0.556497 0.517890 0.380428 0.410932 0.531065 0.569204 0.762764 0.780234 0.955763 0.952502 0.968808 0.888997 0.841082 0.763590 0.947025 0.936184 0.917886 0.691371 0.745616 0.800960 0.563915 0.447091 0.780551 0.774467 0.504522 0.474347 0.723483 0.794045 0.901131 0.766105 0.707501 0.696605 0.739182 0.606069 0.758606 0.634772 0.806933 0.990583
0.537894 0.490259 0.713135 0.641851 0.702758 0.831740 0.571470 0.546950 0.709389 0.594934 0.519546 0.393862 0.323903 0.383272 0.000000 0.398950 0.451014 0.387370 0.449495 0.481391 0.670856 0.952578 0.526897 0.662215 0.883110 0.949507 0.916032 0.865888 0.445420 0.380653 0.624771 0.680354 0.478517 0.515420 0.971926 0.945926 0.699525 0.797003 0.892617 0.849290 0.853869 0.838132 0.498726 0.422893 0.636023 0.641820 0.605439 0.501160 0.928443 0.883204 0.964854 0.904761 0.938063 0.892496 0.972790 0.977713 0.468033 0.489364 0.722094 0.801815 0.585491 0.689604 0.427512 0.441857 0.750160 0.723112 0.758930 0.735630 0.693995 0.688491 0.558989 0.533018 0.651115 0.771438 0.944959 0.718155 0.620189 0.493720 0.488626 0.487955 0.425105 0.458599 0.758522 0.666560 0.603495 0.722065 0.988569 0.944096 0.786849 0.924329 0.796018 0.725741 0.861093 0.831393 0.880398 0.586609 0.751146 0.832332 0.549175 0.498851 0.924648 0.706670 0.604374 0.590453 0.625492 0.683523 0.968788 0.829282 0.662918 0.681133 0.758052 0.584183 0.758832 0.662384 0.807179 0.854948
0.600045 0.431938 0.782733 0.596871 0.892592 0.829413 0.599065 0.474019 0.759702 0.513247 0.565298 0.363313 0.447212 0.347622 0.398950 0.000000 0.395966 0.330856 0.431307 0.391479 0.762110 0.928055 0.442781 0.529210 0.909546 0.984678 0.997033 0.847197 0.400173 0.280497 0.629151 0.528883 0.479234 0.519445 0.957775 0.930803 0.640832 0.751278 0.958939 0.841493 0.800371 0.744441 0.468177 0.427169 0.778640 0.724972 0.708058 0.580983 0.836703 0.965618 0.999570 0.997622 0.997588 0.991548 0.874664 0.873953 0.410199 0.415159 0.763765 0.844909 0.622981 0.623314 0.412890 0.340640 0.915711 0.694730 0.817210 0.751677 0.692154 0.679420 0.463218 0.517396 0.687781 0.761202 0.904075 0.761190 0.593152 0.469549 0.563587 0.504413 0.391324 0.399165 0.607614 0.537581 0.761626 0.659846 0.953834 0.914244 0.948411 0.988312 0.851569 0.759487 0.928539 0.915233 0.863963 0.676666 0.814708 0.785358 0.617013 0.468066 0.829254 0.761772 0.543064 0.433666 0.615023 0.659652 0.979875 0.937103 0.701616 0.636091 0.781663 0.682463 0.726842 0.669540 0.756937 0.904325
0.393885 0.294485 0.774836 0.710328 0.853204 0.878488 0.574025 0.504985 0.641944 0.538330 0.365345 0.281716 0.432110 0.391798 0.451014 0.395966 0.000000 0.205400 0.321514 0.303330 0.837269 0.985480 0.612728 0.774801 0.986704 0.882058 0.979365 0.722384 0.344552 0.279511 0.606059 0.598937 0.419073 0.423877 0.972136 0.889902 0.685577 0.686418 0.865738 0.942500 0.721489 0.791365 0.489122 0.407464 0.672963 0.636501 0.605691 0.622055 0.932095 0.997346 0.926677 0.952281 0.950734 0.987439 0.972241 0.980521 0.231454 0.281953 0.673676 0.728733 0.523986 0.613452 0.299344 0.270920 0.940664 0.775814 0.761169 0.722803 0.444666 0.551734 0.418983 0.411733 0.583985 0.590665 0.837547 0.774290 0.646366 0.537592 0.485471 0.367671 0.278782 0.379180 0.674144 0.620540 0.740688 0.861890 0.915435 0.914134 0.908892 0.865397 0.824640 0.767717 0.898280 0.827327 0.813105 0.761015 0.675981 0.809553 0.529142 0.447883 0.794514 0.771176 0.577681 0.436295 0.675685 0.718918 0.820922 0.847198 0.769735 0.654308 0.670716 0.641981 0.656362 0.687557 0.695257 0.789747
0.368060 0.263020 0.742616 0.660031 0.788818 0.846342 0.529510 0.441752 0.664990 0.508790 0.358677 0.253035 0.353408 0.331889 0.387370 0.330856 0.205400 0.000000 0.277622 0.266891 0.814257 0.982573 0.540105 0.721339 0.999754 0.857594 0.983390 0.709519 0.302905 0.227824 0.611087 0.570593 0.364481 0.375072 0.988395 0.888781 0.651830 0.674119 0.874787 0.928358 0.754934 0.705938 0.441735 0.366282 0.619340 0.585342 0.620935 0.538259 0.933052 0.963343 0.902185 0.916979 0.982450 0.982799 0.982976 0.988979 0.208471 0.246297 0.655404 0.717993 0.483380 0.583658 0.257499 0.227068 0.885987 0.726394 0.718450 0.690254 0.437299 0.535440 0.389275 0.367159 0.583164 0.594893 0.801004 0.810288 0.589755 0.463643 0.424435 0.351828 0.218407 0.303672 0.586746 0.538931 0.663080 0.778089 0.968073 0.943142 0.895897 0.905675 0.759617 0.692639 0.842697 0.789374 0.859535 0.702978 0.645014 0.817111 0.463647 0.374338 0.723191 0.732555 0.493910 0.408195 0.612080 0.639072 0.832175 0.887302 0.747452 0.633535 0.670180 0.546564 0.634706 0.668618 0.661106 0.843803
0.377602 0.406972 0.532503 0.466407 0.689633 0.784626 0.332560 0.352377 0.620189 0.403907 0.375278 0.367870 0.422059 0.467286 0.449495 0.431307 0.321514 0.277622 0.000000 0.273294 0.800982 0.998784 0.413446 0.686658 0.964772 0.986471 0.968712 0.602525 0.415506 0.337351 0.509228 0.475728 0.312274 0.309892 0.876384 0.761501 0.660087 0.700281 0.964649 0.904322 0.899688 0.790244 0.344927 0.344771 0.619676 0.653251 0.550783 0.432468 0.801654 0.960567 0.970261 0.993838 0.997328 0.852912 0.939803 0.956375 0.333215 0.431246 0.597959 0.765573 0.454251 0.683189 0.253273 0.338515 0.710598 0.588179 0.522602 0.536962 0.514632 0.530371 0.322500 0.373905 0.597577 0.608873 0.743702 0.800670 0.626320 0.527048 0.459557 0.452727 0.265886 0.326170 0.652574 0.562632 0.521559 0.698750 0.980490 0.878386 0.894571 0.862974 0.635282 0.596987 0.733468 0.687413 0.958583 0.714217 0.607281 0.803705 0.436265 0.314425 0.735414 0.547977 0.458035 0.420399 0.596537 0.594199 0.870294 0.832386 0.680267 0.685832 0.660556 0.561364 0.630888 0.741689 0.614925 0.880104
0.416700 0.347810 0.701016 0.586594 0.866797 0.818980 0.512783 0.418158 0.612335 0.453095 0.377927 0.323128 0.479495 0.422769 0.481391 0.391479 0.303330 0.266891 0.273294 0.000000 0.793831 0.992025 0.535485 0.711851 0.990880 0.901317 0.942394 0.676795 0.414140 0.314472 0.608807 0.475513 0.415975 0.378016 0.986197 0.757425 0.645962 0.711127 0.889118 0.970037 0.766288 0.858165 0.443818 0.425998 0.721401 0.705540 0.669711 0.584176 0.818751 0.911156 0.988714 0.942742 0.955957 0.970379 0.995050 0.977012 0.308752 0.360250 0.710738 0.820948 0.573073 0.672025 0.309037 0.319496 0.901362 0.759922 0.679738 0.686980 0.472598 0.543074 0.348920 0.410982 0.523058 0.562821 0.829514 0.771553 0.635336 0.499203 0.447785 0.434997 0.297960 0.363990 0.679964 0.574705 0.726899 0.832315 0.983754 0.890647 0.963404 0.833867 0.699660 0.673044 0.808043 0.754652 0.870287 0.767016 0.705566 0.887327 0.481111 0.387078 0.717065 0.652352 0.526733 0.433281 0.659661 0.613505 0.908605 0.861815 0.728006 0.684668 0.679064 0.586962 0.681575 0.676806 0.642277 0.940397
0.869100 0.850175 0.707148 0.670805 0.833415 0.751699 0.704335 0.700116 0.908396 0.722950 0.803564 0.834608 0.779365 0.860834 0.670856 0.762110 0.837269 0.814257 0.800982 0.793831 0.000000 0.724711 0.710803 0.774855 0.732829 0.788121 0.910444 0.972910 0.888766 0.705254 0.737878 0.794055 0.752174 0.698225 0.912079 0.961171 0.806181 0.904377 0.957847 0.991005 0.946885 0.887293 0.737858 0.703558 0.888613 0.835089 0.801716 0.754885 0.908943 0.903068 0.959478 0.955445 0.962419 0.943588 0.748971 0.887019 0.890101 0.927769 0.817171 0.920992 0.767987 0.851663 0.806881 0.825597 0.729266 0.749777 0.747952 0.753037 0.893487 0.940522 0.819139 0.829106 0.777456 0.950689 0.860846 0.953912 0.905403 0.773246 0.768279 0.868420 0.774656 0.751849 0.950780 0.863991 0.808895 0.821050 0.986007 0.979575 0.941255 0.980479 0.795747 0.794300 0.769125 0.837181 0.979858 0.654028 0.966949 0.981805 0.873852 0.827693 0.896718 0.861752 0.750524 0.875384 0.841526 0.695006 0.989449 0.935463 0.744183 0.897228 0.850190 0.877761 0.842450 0.934891 0.925465 0.844458
0.990821 0.969907 0.808843 0.849041 0.817320 0.823725 0.908489 0.862520 0.953794 0.912996 0.999714 0.975378 0.964536 0.993663 0.952578 0.928055 0.985480 0.982573 0.998784 0.992025 0.724711 0.000000 0.853871 0.943646 0.772150 0.763486 0.699924 0.950547 0.969861 0.940064 0.786310 0.972325 0.975545 0.895880 0.962162 0.910683 0.938707 0.873942 0.855353 0.822624 0.940352 0.884099 0.845771 0.816733 0.870066 0.943022 0.939347 0.991720 0.953035 0.913900 0.971748 0.871953 0.927637 0.934549 0.865059 0.846580 0.969723 0.958282 0.901624 0.992821 0.981083 0.976150 0.948449 0.978347 0.850469 0.852996 0.851561 0.895668 0.954722 0.911948 0.863292 0.998359 0.926133 0.863833 0.834773 0.971592 0.923742 0.951530 0.923273 0.998171 0.989879 0.995156 0.935124 0.987277 0.971882 0.954043 0.977253 0.996212 0.834518 0.997829 0.912227 0.925994 0.936412 0.906922 0.914928 0.754496 0.972262 0.976657 0.933739 0.917299 0.924764 0.921917 0.951530 0.858023 0.872795 0.802391 0.949981 0.924456 0.937433 0.991361 0.831145 0.958081 0.961953 0.956196 0.927918 0.859281
0.763733 0.717106 0.503524 0.376041 0.767017 0.734073 0.393472 0.431375 0.794616 0.481063 0.746127 0.655324 0.599796 0.581372 0.526897 0.442781 0.612728 0.540105 0.413446 0.535485 0.710803 0.853871 0.000000 0.375545 0.750960 0.807537 0.903194 0.817273 0.649620 0.481218 0.460862 0.449228 0.482947 0.531372 0.898677 0.782123 0.674521 0.811110 0.858781 0.975966 0.994157 0.737363 0.409281 0.490490 0.793439 0.833273 0.728699 0.601242 0.627906 0.877535 0.830867 0.846278 0.983370 0.776292 0.959805 0.830173 0.664993 0.746192 0.866932 0.943274 0.718212 0.909803 0.546213 0.640909 0.539028 0.563768 0.613718 0.649608 0.923380 0.802363 0.404420 0.544326 0.764305 0.798992 0.728976 0.951162 0.624373 0.642079 0.641520 0.664581 0.504925 0.457167 0.695099 0.618565 0.459132 0.463809 0.827425 0.910768 0.839480 0.916366 0.670161 0.551755 0.726069 0.720352 0.990690 0.580538 0.830384 0.868723 0.697007 0.456849 0.870871 0.589206 0.730321 0.566343 0.744234 0.646397 0.918902 0.893786 0.720219 0.689203 0.771016 0.663267 0.722557 0.777926 0.843666 0.872542
0.962281 0.877742 0.840812 0.616638 0.972473 0.973533 0.750034 0.725768 0.941682 0.774672 0.917311 0.820559 0.823627 0.632457 0.662215 0.529210 0.774801 0.721339 0.686658 0.711851 0.774855 0.943646 0.375545 0.000000 0.731131 0.996916 0.966930 0.885708 0.718096 0.595386 0.765386 0.481050 0.770065 0.796916 0.906160 0.865008 0.807931 0.846682 0.973376 0.953429 0.918591 0.916516 0.732913 0.811748 0.845269 0.835825 0.969974 0.879753 0.543583 0.692826 0.679611 0.691228 0.875690 0.926323 0.803764 0.685075 0.797827 0.875167 0.818220 0.716821 0.967454 0.967515 0.762484 0.793443 0.829972 0.836542 0.965101 0.963244 0.944830 0.919892 0.674315 0.806343 0.806594 0.862580 0.946352 0.932893 0.816497 0.824224 0.763129 0.752737 0.706628 0.590472 0.682206 0.666012 0.706822 0.477673 0.841500 0.713859 0.961920 0.999356 0.990769 0.893541 0.966868 0.931288 0.878025 0.686303 0.948635 0.932263 0.997392 0.718600 0.970209 0.810119 0.893649 0.743298 0.854462 0.883525 0.750863 0.965657 0.797375 0.888007 0.948522 0.875662 0.960784 0.762495 0.867918 0.996943
0.873812 0.958257 0.688301 0.731781 0.882132 0.809437 0.821350 0.881090 0.829585 0.877480 0.943014 0.988676 0.965473 0.944823 0.883110 0.909546 0.986704 0.999754 0.964772 0.990880 0.732829 0.772150 0.750960 0.731131 0.000000 0.553403 0.654481 0.856166 0.993353 0.834033 0.752865 0.902314 0.919016 0.829633 0.802697 0.896722 0.888286 0.980410 0.747272 0.966137 0.879569 0.946371 0.838741 0.873389 0.964281 0.968863 0.904512 0.815116 0.800281 0.948687 0.833251 0.996096 0.887441 0.928459 0.944824 0.924687 0.938347 0.943471 0.978327 0.941732 0.954991 0.954316 0.952094 0.928555 0.607733 0.718006 0.822526 0.819474 0.957495 0.920542 0.953877 0.990739 0.864518 0.948448 0.819397 0.948592 0.804671 0.982924 0.951867 0.920606 0.981619 0.908734 0.971450 0.933315 0.921739 0.760009 0.935649 0.943153 0.881748 0.927944 0.964697 0.925059 0.862371 0.876733 0.997286 0.742665 0.872725 0.887142 0.986778 0.949415 0.987713 0.995507 0.850383 0.968100 0.886576 0.862775 0.846021 0.998670 0.868583 0.913820 0.722328 0.998435 0.938757 0.894457 0.945249 0.666887
0.926280 0.815323 0.499780 0.602017 0.942695 0.618289 0.690339 0.801643 0.874997 0.806680 0.979433 0.868408 0.969081 0.791845 0.949507 0.984678 0.882058 0.857594 0.986471 0.901317 0.788121 0.763486 0.807537 0.996916 0.553403 0.000000 0.673291 0.691287 0.851053 0.986762 0.662104 0.918319 0.863258 0.812235 0.535783 0.816233 0.885982 0.911831 0.702733 0.930319 0.946208 0.956171 0.791672 0.824498 0.858514 0.869646 0.698094 0.748011 0.870089 0.867328 0.970864 0.900747 0.882115 0.984019 0.807160 0.803304 0.775508 0.818823 0.737722 0.847755 0.831398 0.996496 0.942870 0.865404 0.486222 0.583520 0.587779 0.552668 0.949974 0.887050 0.971766 0.934877 0.991169 0.910571 0.640050 0.999898 0.931288 0.880285 0.954024 0.927454 0.975457 0.921576 0.874064 0.965771 0.748066 0.784887 0.913150 0.985213 0.757346 0.716758 0.877956 0.894098 0.766776 0.851846 0.907450 0.999937 0.912977 0.990716 0.969628 0.957844 0.979410 0.850599 0.977290 0.990305 0.951891 0.789136 0.925643 0.972183 0.944656 0.862722 0.951035 0.973931 0.953595 0.986030 0.919858 0.740669
0.907641 0.964234 0.859878 0.894632 0.910807 0.952129 0.968186 0.917138 0.896184 0.863087 0.922986 0.949746 0.980921 0.908227 0.916032 0.997033 0.979365 0.983390 0.968712 0.942394 0.910444 0.699924 0.903194 0.966930 0.654481 0.673291 0.000000 0.782750 0.994215 0.922361 0.738474 0.971180 0.990011 0.945449 0.994382 0.972502 0.988519 0.969513 0.875367 0.951055 0.976867 0.892084 0.924969 0.872424 0.992545 0.974543 0.932845 0.955059 0.934566 0.828020 0.945067 0.930769 0.983044 0.960978 0.989077 0.947635 0.957192 0.974080 0.983229 0.994633 0.959651 0.901408 0.920425 0.901168 0.727192 0.896456 0.973102 0.978078 0.962165 0.811724 0.979119 0.994054 0.995357 0.933519 0.829319 0.972526 0.903284 0.781402 0.906471 0.958440 0.924929 0.951572 0.943691 0.988126 0.943470 0.825253 0.883181 0.924208 0.904176 0.873226 0.796935 0.874117 0.836761 0.932726 0.940795 0.976838 0.823771 0.963831 0.807785 0.894185 0.973654 0.950251 0.883865 0.973080 0.854788 0.976608 0.988052 0.854269 0.874691 0.984461 0.964534 0.988574 0.924771 0.976357 0.979441 0.910949
0.738355 0.782686 0.927891 0.888422 0.824697 0.715536 0.783767 0.823877 0.924793 0.838645 0.749958 0.799247 0.899043 0.802031 0.865888 0.847197 0.722384 0.709519 0.602525 0.676795 0.972910 0.950547 0.817273 0.885708 0.856166 0.691287 0.782750 0.000000 0.736211 0.762100 0.988069 0.817340 0.808934 0.778292 0.969136 0.827876 0.909422 0.860312 0.880520 0.900639 0.984987 0.948295 0.774957 0.792059 0.933440 0.944015 0.981002 0.739905 0.842564 0.908882 0.911838 0.866495 0.894892 0.827726 0.990282 0.854381 0.670293 0.768759 0.955874 0.971062 0.829511 0.859850 0.766669 0.819794 0.997423 0.868871 0.894651 0.905897 0.718827 0.870666 0.748150 0.793424 0.635025 0.664327 0.914621 0.901694 0.943570 0.840279 0.789767 0.716534 0.759737 0.852395 0.833839 0.836399 0.872711 0.979918 0.817709 0.988600 0.924456 0.726197 0.952091 0.904409 0.962129 0.928993 0.966044 0.939160 0.915023 0.988200 0.795944 0.724357 0.975335 0.812464 0.820666 0.752229 0.824882 0.979465 0.925479 0.997050 0.959636 0.943630 0.757763 0.842976 0.877977 0.933384 0.882545 0.858257
0.546503 0.420076 0.840474 0.779185 0.775956 0.904924 0.654459 0.554439 0.684449 0.636332 0.495219 0.378824 0.457987 0.410521 0.445420 0.400173 0.344552 0.302905 0.415506 0.414140 0.888766 0.969861 0.649620 0.718096 0.993353 0.851053 0.994215 0.736211 0.000000 0.325722 0.726142 0.621141 0.482790 0.452705 0.982557 0.935576 0.805373 0.873513 0.946049 0.972133 0.823556 0.766889 0.504387 0.439484 0.664131 0.606438 0.595881 0.516353 0.963923 0.906124 0.908518 0.869182 0.895297 0.957456 0.943935 0.989705 0.352142 0.385880 0.712264 0.743381 0.558170 0.573819 0.393947 0.352134 0.921269 0.724185 0.740292 0.729069 0.536723 0.521919 0.587280 0.610442 0.632920 0.665874 0.876563 0.729046 0.688548 0.518473 0.513747 0.450867 0.342143 0.427052 0.595608 0.548631 0.715675 0.768694 0.851543 0.999992 0.914856 0.977810 0.875298 0.791834 0.939614 0.933231 0.784561 0.741274 0.739996 0.804630 0.587602 0.493847 0.770069 0.693666 0.572750 0.480756 0.652094 0.715775 0.925630 0.983830 0.830553 0.685306 0.629382 0.691679 0.745493 0.692421 0.799308 0.858311
0.482168 0.372187 0.659088 0.551363 0.836808 0.881525 0.499786 0.434735 0.695784 0.485019 0.427855 0.323861 0.418115 0.367382 0.380653 0.280497 0.279511 0.227824 0.337351 0.314472 0.705254 0.940064 0.481218 0.595386 0.834033 0.986762 0.922361 0.762100 0.325722 0.000000 0.527950 0.488774 0.398466 0.369849 0.969469 0.890397 0.624908 0.616859 0.926398 0.907695 0.728256 0.778073 0.378787 0.306361 0.674925 0.581264 0.603498 0.457690 0.880864 0.904395 0.905784 0.901885 0.916522 0.902800 0.987706 0.973218 0.303444 0.349338 0.669796 0.763153 0.501256 0.557578 0.337621 0.294326 0.793872 0.612842 0.688753 0.667020 0.536754 0.525147 0.461682 0.462618 0.523510 0.567623 0.744732 0.772780 0.617465 0.482560 0.408761 0.429252 0.299626 0.340779 0.571700 0.533100 0.678909 0.725881 0.990135 0.962807 0.833527 0.950462 0.845187 0.778047 0.947875 0.875675 0.886536 0.662991 0.767812 0.763897 0.571457 0.431516 0.751708 0.733379 0.571707 0.401094 0.603026 0.598721 0.891114 0.902096 0.667511 0.569924 0.641676 0.641760 0.658957 0.679437 0.722925 0.839442
0.614360 0.703610 0.424164 0.381271 0.783660 0.638829 0.366748 0.428177 0.632101 0.466980 0.653232 0.644209 0.576736 0.717926 0.624771 0.629151 0.606059 0.611087 0.509228 0.608807 0.737878 0.786310 0.460862 0.765386 0.752865 0.662104 0.738474 0.988069 0.726142 0.527950 0.000000 0.587452 0.415495 0.419518 0.697835 0.829543 0.688373 0.770699 0.757119 0.908007 0.889295 0.812225 0.394363 0.397342 0.605536 0.623283 0.587584 0.536597 0.840263 0.895383 0.928472 0.886280 0.831699 0.833023 0.824193 0.840757 0.674260 0.730537 0.575930 0.731849 0.517863 0.782599 0.553501 0.612186 0.533930 0.518144 0.460206 0.471629 0.809267 0.643430 0.551068 0.624923 0.734319 0.826610 0.692257 0.890645 0.731761 0.788227 0.663723 0.685214 0.570617 0.577717 0.845847 0.750052 0.622946 0.744841 0.947831 0.818209 0.628255 0.919384 0.700705 0.669665 0.736391 0.662932 0.891792 0.787688 0.683560 0.844737 0.647098 0.620571 0.699339 0.493990 0.748848 0.662253 0.786850 0.601465 0.902827 0.764794 0.804181 0.677720 0.659481 0.735724 0.677507 0.794390 0.759335 0.841919
0.799030 0.759389 0.704422 0.533675 0.962412 0.885704 0.573512 0.551904 0.848595 0.543328 0.712141 0.676877 0.760985 0.571943 0.680354 0.528883 0.598937 0.570593 0.475728 0.475513 0.794055 0.972325 0.449228 0.481050 0.902314 0.918319 0.971180 0.817340 0.621141 0.488774 0.587452 0.000000 0.586569 0.555862 0.993432 0.702438 0.818349 0.928442 0.954546 0.951491 0.972393 0.961948 0.572169 0.658023 0.991825 0.992160 0.866572 0.690156 0.570273 0.685954 0.788936 0.744948 0.919784 0.903362 0.963409 0.838191 0.643295 0.746183 0.959976 0.938638 0.836667 0.951593 0.548176 0.609825 0.863361 0.776145 0.760175 0.774954 0.880039 0.782257 0.580550 0.711771 0.719924 0.743635 0.840119 0.896517 0.838582 0.672728 0.561442 0.673119 0.498270 0.423348 0.641561 0.576532 0.700582 0.627257 0.950296 0.799231 0.982170 0.987961 0.877364 0.788526 0.908000 0.941936 0.979872 0.667594 0.804705 0.891231 0.855806 0.582102 0.849476 0.639576 0.762621 0.538941 0.849013 0.851393 0.998204 0.945307 0.765260 0.734915 0.740606 0.864548 0.922559 0.750740 0.848159 0.983197
0.349437 0.458685 0.439679 0.395509 0.659461 0.669147 0.299615 0.321789 0.592050 0.455492 0.436169 0.369643 0.375885 0.517389 0.478517 0.479234 0.419073 0.364481 0.312274 0.415975 0.752174 0.975545 0.482947 0.770065 0.919016 0.863258 0.990011 0.808934 0.482790 0.398466 0.415495 0.586569 0.000000 0.255815 0.719514 0.835472 0.581526 0.678781 0.904087 0.827642 0.788002 0.746975 0.358164 0.317699 0.482290 0.487830 0.533543 0.442635 0.936635 0.873269 0.834391 0.818149 0.826993 0.827867 0.732109 0.831255 0.439091 0.460318 0.430364 0.556224 0.338625 0.607508 0.286811 0.338475 0.618891 0.509086 0.407536 0.388552 0.556338 0.463702 0.442342 0.395831 0.689724 0.773502 0.694524 0.984457 0.562477 0.543923 0.485950 0.533692 0.330133 0.325394 0.785061 0.539189 0.494089 0.623051 0.955051 0.856320 0.679599 0.977680 0.585625 0.527495 0.622863 0.614533 0.847816 0.822072 0.686481 0.850730 0.437723 0.457900 0.676766 0.480607 0.495474 0.461393 0.479313 0.579020 0.922555 0.797646 0.787881 0.654941 0.636430 0.558709 0.652983 0.737166 0.657786 0.880835
0.410662 0.474171 0.423911 0.403161 0.662764 0.662166 0.313430 0.330848 0.582777 0.465894 0.429716 0.430844 0.442659 0.581222 0.515420 0.519445 0.423877 0.375072 0.309892 0.378016 0.698225 0.895880 0.531372 0.796916 0.829633 0.812235 0.945449 0.778292 0.452705 0.369849 0.419518 0.555862 0.255815 0.000000 0.633111 0.761292 0.598795 0.691658 0.821717 0.811458 0.804338 0.793581 0.337535 0.297431 0.516212 0.522898 0.488072 0.362364 0.892196 0.873474 0.887932 0.865561 0.855702 0.886640 0.729377 0.812296 0.446408 0.493910 0.437262 0.568632 0.353749 0.595692 0.314204 0.385864 0.566899 0.448424 0.353461 0.341098 0.504974 0.449669 0.456691 0.504025 0.660856 0.778369 0.719524 0.895082 0.637451 0.560953 0.411480 0.526467 0.312344 0.325169 0.762083 0.557975 0.532766 0.647931 0.928447 0.807961 0.713253 0.941910 0.590952 0.584944 0.648469 0.623006 0.839396 0.767671 0.618679 0.743887 0.473505 0.434765 0.650927 0.494679 0.515137 0.400016 0.495039 0.523440 0.910499 0.795432 0.769862 0.627036 0.537380 0.554681 0.608047 0.675395 0.599586 0.815140
0.867572 0.989671 0.572215 0.664933 0.809262 0.639139 0.636682 0.671276 0.732457 0.696379 0.926894 0.964736 0.886728 0.894585 0.971926 0.957775 0.972136 0.988395 0.876384 0.986197 0.912079 0.962162 0.898677 0.906160 0.802697 0.535783 0.994382 0.969136 0.982557 0.969469 0.697835 0.993432 0.719514 0.633111 0.000000 0.746945 0.824690 0.912447 0.662385 0.997287 0.988511 0.969850 0.716709 0.712162 0.607335 0.669182 0.789668 0.689781 0.985866 0.813379 0.889637 0.820794 0.718614 0.977123 0.703198 0.786864 0.986336 0.968917 0.584787 0.688093 0.639216 0.813450 0.897420 0.954618 0.558822 0.555038 0.455423 0.462456 0.890719 0.828859 0.951829 0.998898 0.957778 0.924860 0.809889 0.993960 0.852477 0.976791 0.942556 0.996209 0.865627 0.853170 0.974278 0.961788 0.760601 0.833281 0.894455 0.743281 0.807352 0.819523 0.667161 0.733174 0.611680 0.664679 0.935337 0.905053 0.707235 0.840973 0.784249 0.810842 0.760040 0.730732 0.804439 0.923357 0.801393 0.692016 0.941811 0.789940 0.987133 0.880367 0.786497 0.663951 0.908600 0.971410 0.850440 0.906568
0.904758 0.879047 0.812599 0.825465 0.967383 0.984256 0.795452 0.773344 0.941990 0.805061 0.902364 0.913676 0.962105 0.909834 0.945926 0.930803 0.889902 0.888781 0.761501 0.757425 0.961171 0.910683 0.782123 0.865008 0.896722 0.816233 0.972502 0.827876 0.935576 0.890397 0.829543 0.702438 0.835472 0.761292 0.746945 0.000000 0.857787 0.808460 0.847107 0.920464 0.948401 0.998551 0.780537 0.845200 0.896419 0.951410 0.972946 0.882914 0.895543 0.871086 0.988077 0.995213 0.935843 0.922609 0.932385 0.925432 0.834860 0.905982 0.906242 0.940978 0.868370 0.942206 0.864551 0.886047 0.887500 0.810839 0.749289 0.787934 0.834307 0.861747 0.723187 0.927414 0.928343 0.898492 0.884646 0.972693 0.953981 0.855617 0.995854 0.977612 0.844074 0.879824 0.739221 0.842654 0.934202 0.838999 0.843421 0.992708 0.967499 0.964520 0.945047 0.984249 0.970754 0.947853 0.856805 0.896898 0.837151 0.969087 0.878763 0.809609 0.866999 0.921031 0.993441 0.813030 0.943231 0.892305 0.684690 0.860070 0.965617 0.952017 0.747609 0.831046 0.946735 0.871924 0.838864 0.853590
0.614688 0.631303 0.748745 0.614273 0.878814 0.697283 0.664636 0.602937 0.929814 0.629940 0.786251 0.599038 0.656130 0.783395 0.699525 0.640832 0.685577 0.651830 0.660087 0.645962 0.806181 0.938707 0.674521 0.807931 0.888286 0.885982 0.988519 0.909422 0.805373 0.624908 0.688373 0.818349 0.581526 0.598795 0.824690 0.857787 0.000000 0.573345 0.992369 0.974703 0.718262 0.804325 0.636656 0.611346 0.761014 0.739127 0.856014 0.729599 0.954157 0.922528 0.863814 0.911614 0.957614 0.986936 0.982033 0.968075 0.627617 0.640027 0.742659 0.842369 0.656658 0.668043 0.631971 0.603242 0.813373 0.678442 0.775641 0.727838 0.795620 0.757647 0.520408 0.614449 0.829282 0.855215 0.870826 0.985931 0.739661 0.658376 0.675454 0.880112 0.652841 0.676676 0.839871 0.619014 0.809910 0.822826 0.889116 0.923442 0.926898 0.965367 0.763560 0.715917 0.776555 0.714086 0.774203 0.950650 0.696296 0.710584 0.663216 0.680204 0.834650 0.744742 0.776854 0.733407 0.598073 0.658325 0.961150 0.746905 0.697840 0.835218 0.751510 0.575384 0.720874 0.818236 0.802225 0.895244
0.581235 0.596883 0.809581 0.740554 0.947404 0.948283 0.740217 0.693285 0.967619 0.777145 0.764709 0.661099 0.779645 0.776208 0.797003 0.751278 0.686418 0.674119 0.700281 0.711127 0.904377 0.873942 0.811110 0.846682 0.980410 0.911831 0.969513 0.860312 0.873513 0.616859 0.770699 0.928442 0.678781 0.691658 0.912447 0.808460 0.573345 0.000000 0.990406 0.799207 0.850274 0.923370 0.637898 0.592271 0.744256 0.708757 0.887162 0.805138 0.778625 0.775743 0.661032 0.713010 0.771145 0.741610 0.917489 0.960901 0.600279 0.630449 0.699209 0.781422 0.659064 0.663637 0.643054 0.614094 0.892956 0.787900 0.855754 0.855147 0.694110 0.605449 0.622067 0.626880 0.853399 0.714671 0.811177 0.985074 0.800850 0.819538 0.792759 0.789368 0.765244 0.787007 0.830669 0.754977 0.875897 0.842289 0.957219 0.992284 0.862739 0.889487 0.922408 0.957298 0.962173 0.906927 0.980551 0.909276 0.834813 0.768440 0.727514 0.757455 0.801755 0.924403 0.786873 0.631631 0.736683 0.681492 0.756971 0.731510 0.714983 0.818327 0.797836 0.809105 0.672093 0.858351 0.870872 0.865282
