0.000000 0.346744 0.893033 0.706112 0.977341 0.833606 0.937050 0.857273 0.572911 0.777375 0.426630 0.442173 0.559282 0.462566 0.782355 0.849662 0.479456 0.352193 0.531211 0.380023 0.729994 0.979634 0.807354 0.681852 0.846529 0.917427 0.887581 0.881919 0.778429 0.673592 0.988863 0.822744 0.614912 0.694219 0.958592 0.968014 0.901972 0.915657 0.774859 0.900469 0.882461 0.851811 0.790405 0.912515 0.922081 0.958458 0.865336 0.722416 0.922584 0.869248 0.959822 0.972212 0.830534 0.677834 0.757571 0.783589 0.293872 0.315794 0.592145 0.589695 0.810127 0.899539 0.508686 0.513525 0.949891 0.958138 0.767467 0.841645 0.394232 0.553671 0.829319 0.832495 0.790628 0.731828 0.837519 0.768018 0.929262 0.866768 0.743914 0.593792 0.414582 0.440975 0.500729 0.425660 0.490836 0.534879 0.839347 0.780069 0.827225 0.523831 0.693976 0.605650 0.788735 0.692706 0.931004 0.901165 0.961765 0.955481 0.915156 0.910762 0.912242 0.889330 0.873957 0.702128 0.919901 0.709657 0.847297 0.900557 0.897071 0.718906 0.936344 0.855590 0.942448 0.778620 0.909641 0.793629
0.346744 0.000000 0.851544 0.580917 0.938878 0.870692 0.847912 0.702037 0.750984 0.910673 0.583430 0.501097 0.681598 0.570797 0.808642 0.788506 0.552897 0.467127 0.586259 0.446267 0.846946 0.896073 0.843555 0.738509 0.862163 0.850865 0.894584 0.903620 0.782939 0.740585 0.918339 0.875053 0.669969 0.629562 0.912266 0.989411 0.857205 0.851755 0.665905 0.977108 0.959140 0.830385 0.926638 0.872842 0.933499 0.936437 0.856816 0.732592 0.914410 0.838592 0.980904 0.900926 0.912517 0.769306 0.831602 0.765060 0.296568 0.278703 0.619870 0.644866 0.820710 0.999725 0.607674 0.565023 0.874629 0.968860 0.800302 0.820632 0.452411 0.481954 0.961719 0.881943 0.819962 0.710126 0.825297 0.743779 0.825726 0.853346 0.698053 0.622156 0.456475 0.535152 0.595619 0.507455 0.632120 0.663607 0.886882 0.934138 0.868785 0.590001 0.754958 0.669657 0.848585 0.758798 0.881005 0.976986 0.996398 0.971131 0.899318 0.960153 0.830941 0.840384 0.955047 0.780685 0.986557 0.774218 0.968569 0.983343 0.984970 0.729124 0.887899 0.892025 0.954753 0.782191 0.926902 0.784541
0.893033 0.851544 0.000000 0.508353 0.994081 0.787557 0.815504 0.752606 0.679140 0.953596 0.999079 0.893279 0.625259 0.900932 0.626881 0.543771 0.844550 0.915256 0.913022 0.864166 0.745919 0.945156 0.690730 0.681883 0.525111 0.556833 0.802841 0.920843 0.996412 0.959865 0.722330 0.704312 0.965385 0.929395 0.751232 0.837798 0.662638 0.815824 0.834678 0.767145 0.835300 0.855881 0.928930 0.963232 0.841820 0.868847 0.999799 0.981449 0.808286 0.910976 0.872963 0.967274 0.841978 0.862390 0.997732 0.829424 0.900826 0.882155 0.981617 0.886482 0.811642 0.644971 0.839695 0.904529 0.471204 0.539747 0.989752 0.917801 0.766644 0.861244 0.746362 0.829045 0.796485 0.821854 0.994938 0.971836 0.741639 0.823946 0.910102 0.834643 0.889399 0.976010 0.949123 0.983182 0.947737 0.771835 0.878077 0.705335 0.805247 0.913487 0.866086 0.902898 0.854914 0.906500 0.839361 0.827939 0.798324 0.931030 0.987783 0.911083 0.634931 0.933624 0.844694 0.851841 0.980100 0.878367 0.835825 0.935245 0.829766 0.972122 0.981946 0.818807 0.924032 0.863210 0.642020 0.985308
0.706112 0.580917 0.508353 0.000000 0.978592 0.960278 0.809436 0.494275 0.937924 0.983513 0.874036 0.610037 0.707923 0.663007 0.755655 0.545859 0.919480 0.817131 0.759900 0.775623 0.673049 0.822882 0.733449 0.541322 0.530815 0.538521 0.732424 0.986341 0.961514 0.910720 0.797668 0.733607 0.847416 0.813364 0.846718 0.888712 0.624580 0.702611 0.662509 0.860654 0.911281 0.736493 0.933869 0.920078 0.739107 0.822561 0.945808 0.980809 0.763996 0.879323 0.820446 0.887427 0.757403 0.750530 0.996452 0.996460 0.609436 0.589972 0.939734 0.857186 0.882127 0.697143 0.951463 0.838930 0.601521 0.643821 0.993852 0.987864 0.637934 0.718280 0.890397 0.885032 0.992062 0.995851 0.998462 0.988604 0.787323 0.950204 0.858922 0.950215 0.991120 0.922259 0.846575 0.831528 0.962539 0.694206 0.959798 0.831823 0.817612 0.707557 0.772190 0.674516 0.887546 0.817470 0.875186 0.812401 0.994929 0.829480 0.876770 0.999447 0.735423 0.824959 0.822528 0.971829 0.855604 0.777359 0.884653 0.969799 0.956930 0.879677 0.950652 0.751898 0.904071 0.778590 0.712867 0.865151
0.977341 0.938878 0.994081 0.978592 0.000000 0.918355 0.736776 0.868834 0.937578 0.830151 0.877709 0.801100 0.760116 0.844780 0.799599 0.855126 0.906368 0.892355 0.798792 0.994998 0.963067 0.977225 0.713883 0.939597 0.988517 0.978320 0.947655 0.896274 0.808898 0.812247 0.680599 0.873927 0.805991 0.760220 0.963067 0.744191 0.949644 0.887219 0.997881 0.973252 0.915515 0.889355 0.809520 0.763380 0.832094 0.842677 0.830742 0.841566 0.878356 0.905076 0.856110 0.858030 0.775990 0.773295 0.785811 0.897134 0.803271 0.922618 0.851763 0.929465 0.727576 0.768993 0.829032 0.858161 0.978495 0.875083 0.762232 0.696870 0.947319 0.825953 0.718942 0.766080 0.788500 0.725863 0.965804 0.955706 0.915666 0.719327 0.957475 0.973661 0.988121 0.890499 0.946723 0.983060 0.880249 0.898225 0.982115 0.880759 0.785588 0.927212 0.942186 0.877190 0.983860 0.894254 0.959435 0.844162 0.900858 0.951972 0.795940 0.684761 0.808040 0.694978 0.769510 0.842656 0.711688 0.674165 0.969157 0.939816 0.922645 0.957790 0.850569 0.823848 0.949872 0.874227 0.785622 0.858163
0.833606 0.870692 0.787557 0.960278 0.918355 0.000000 0.915587 0.916303 0.705203 0.861811 0.926530 0.905186 0.996399 0.824305 0.892930 0.832229 0.806009 0.798027 0.794551 0.874097 0.907921 0.873600 0.967054 0.959682 0.916468 0.819250 0.881543 0.753655 0.943032 0.981397 0.851224 0.980323 0.872730 0.948410 0.939386 0.930661 0.864705 0.921357 0.939506 0.774884 0.718124 0.788319 0.844087 0.881894 0.937825 0.911605 0.897134 0.892811 0.902847 0.883433 0.915680 0.939293 0.961632 0.972652 0.985487 0.794043 0.760297 0.822233 0.872599 0.978120 0.977097 0.763404 0.793371 0.863161 0.922024 0.787715 0.879077 0.952019 0.878314 0.917076 0.755431 0.730284 0.697421 0.795317 0.906905 0.795152 0.884270 0.757671 0.918459 0.920630 0.813653 0.812344 0.814914 0.763872 0.788381 0.834298 0.683336 0.908816 0.957550 0.763527 0.929231 0.917513 0.992082 0.833001 0.962518 0.959937 0.809087 0.914759 0.999297 0.940071 0.992467 0.911224 0.938410 0.785165 0.998833 0.946147 0.909021 0.822940 0.895078 0.861273 0.940714 0.984637 0.985030 0.965819 0.916414 0.790085
0.937050 0.847912 0.815504 0.809436 0.736776 0.915587 0.000000 0.316777 0.783822 0.410614 0.904876 0.630457 0.630775 0.819437 0.756592 0.887416 0.720186 0.785803 0.616040 0.959663 0.900846 0.975727 0.657206 0.809544 0.665443 0.838448 0.799757 0.632138 0.618432 0.684197 0.521713 0.805854 0.516945 0.434647 0.848359 0.867237 0.933586 0.786322 0.777440 0.845839 0.851379 0.918945 0.380563 0.377125 0.471609 0.495672 0.582360 0.604763 0.532258 0.521931 0.446951 0.472461 0.493332 0.496576 0.789525 0.711853 0.915002 0.796340 0.481593 0.625434 0.301954 0.437743 0.535207 0.497234 0.862334 0.950565 0.378986 0.421920 0.928167 0.968588 0.491520 0.530937 0.786947 0.735902 0.910235 0.731109 0.481221 0.788173 0.572841 0.853513 0.836056 0.804969 0.947519 0.861282 0.977389 0.798515 0.984988 0.772413 0.900863 0.984400 0.543478 0.580603 0.635548 0.726785 0.699328 0.773056 0.605365 0.718633 0.357000 0.382218 0.675410 0.591245 0.646646 0.645364 0.622812 0.668559 0.706993 0.635003 0.801643 0.797535 0.621489 0.533959 0.450213 0.725129 0.593426 0.941755
0.857273 0.702037 0.752606 0.494275 0.868834 0.916303 0.316777 0.000000 0.846834 0.513296 0.924117 0.540321 0.653632 0.714736 0.794736 0.703152 0.753096 0.769478 0.658410 0.922379 0.964926 0.905720 0.707051 0.972622 0.906642 0.966745 0.969238 0.766294 0.784748 0.778076 0.589395 0.809398 0.612482 0.504021 0.878710 0.917924 0.919275 0.995137 0.992907 0.905586 0.817908 0.826464 0.554209 0.489158 0.720739 0.711970 0.753835 0.764146 0.766055 0.718159 0.660414 0.675683 0.697192 0.702100 0.913416 0.818686 0.759917 0.676617 0.571961 0.684252 0.420944 0.413444 0.632801 0.534787 0.977736 0.863001 0.532864 0.574698 0.982292 0.867414 0.569227 0.591439 0.857105 0.840707 0.924006 0.811347 0.560754 0.830587 0.595101 0.911367 0.908063 0.852861 0.933402 0.920606 0.916691 0.942955 0.917220 0.705740 0.803389 0.934136 0.741071 0.852994 0.741798 0.885760 0.789109 0.861498 0.723448 0.712798 0.594926 0.543172 0.853412 0.832586 0.854259 0.719429 0.642078 0.748261 0.697373 0.680821 0.864305 0.782110 0.683570 0.779868 0.544433 0.698358 0.620780 0.960889
0.572911 0.750984 0.679140 0.937924 0.937578 0.705203 0.783822 0.846834 0.000000 0.667278 0.709989 0.777105 0.975201 0.617875 0.792502 0.869662 0.613783 0.584100 0.832181 0.666134 0.967405 0.880645 0.885423 0.765635 0.970385 0.870670 0.892296 0.970828 0.959233 0.822653 0.682884 0.925455 0.958639 0.958625 0.816803 0.796609 0.973286 0.897328 0.841502 0.919839 0.862036 0.970535 0.626587 0.854378 0.932391 0.990920 0.999302 0.885322 0.941369 0.935759 0.943511 0.953817 0.866244 0.821825 0.768540 0.752540 0.632406 0.668371 0.843488 0.910135 0.876959 0.690491 0.723152 0.754791 0.800405 0.821249 0.941445 0.997357 0.728827 0.603977 0.541725 0.593517 0.691771 0.728822 0.872911 0.791739 0.795309 0.656260 0.909542 0.868959 0.623208 0.613230 0.632497 0.551894 0.678271 0.643980 0.685103 0.592140 0.883127 0.625292 0.690377 0.695624 0.822080 0.746332 0.980716 0.802341 0.857342 0.918391 0.778265 0.709489 0.955038 0.834061 0.939213 0.764057 0.935606 0.987648 0.674371 0.812120 0.858015 0.869742 0.960929 0.960356 0.759385 0.909304 0.736161 0.732622
0.777375 0.910673 0.953596 0.983513 0.830151 0.861811 0.410614 0.513296 0.667278 0.000000 0.929391 0.885231 0.955904 0.891466 0.863029 0.957787 0.882618 0.954108 0.876207 0.792738 0.848523 0.987842 0.836884 0.638980 0.579739 0.759354 0.692322 0.718638 0.702391 0.828306 0.497653 0.786302 0.650775 0.596293 0.945344 0.953407 0.823518 0.707437 0.742145 0.810109 0.917136 0.903642 0.364095 0.426690 0.465332 0.485957 0.594013 0.728389 0.515049 0.585296 0.455340 0.491488 0.446579 0.482218 0.953752 0.865996 0.875280 0.957942 0.666183 0.864507 0.495282 0.527105 0.733107 0.680187 0.740300 0.769076 0.598179 0.635162 0.706799 0.772998 0.517592 0.558970 0.802405 0.705328 0.994777 0.664129 0.529296 0.735425 0.681594 0.987563 0.945731 0.491337 0.795139 0.574730 0.670549 0.515488 0.760580 0.560024 0.871598 0.689036 0.633470 0.612262 0.760607 0.811664 0.893861 0.892546 0.699841 0.811261 0.421805 0.519388 0.725310 0.701872 0.684017 0.775223 0.732068 0.841622 0.786836 0.712706 0.783950 0.873958 0.740256 0.594309 0.499623 0.875162 0.782394 0.858866
0.426630 0.583430 0.999079 0.874036 0.877709 0.926530 0.904876 0.924117 0.709989 0.929391 0.000000 0.512178 0.614958 0.501806 0.824270 0.918631 0.465935 0.391482 0.653404 0.450088 0.815409 0.957922 0.900295 0.926231 0.961673 0.991332 0.971208 0.885786 0.707822 0.539119 0.872121 0.806940 0.631471 0.741946 0.894716 0.988988 0.909542 0.967547 0.903739 0.934451 0.793303 0.804830 0.804289 0.994698 0.864648 0.936160 0.969059 0.879516 0.997559 0.980625 0.886503 0.900235 0.833746 0.740192 0.866515 0.917836 0.541818 0.522045 0.805068 0.828792 0.827200 0.996471 0.530737 0.509039 0.833701 0.888934 0.926621 0.973902 0.449849 0.618497 0.959949 0.997391 0.933448 0.955482 0.936015 0.840474 0.910461 0.833863 0.724750 0.754801 0.498071 0.626273 0.594665 0.559715 0.732022 0.792277 0.871668 0.885877 0.929124 0.776066 0.758950 0.695952 0.751549 0.845773 0.957283 0.818506 0.992062 0.987699 0.878239 0.874462 0.983447 0.989034 0.905503 0.694579 0.847324 0.631837 0.916926 0.977210 0.942765 0.835258 0.971576 0.914285 0.958698 0.927527 0.986467 0.820609
0.442173 0.501097 0.893279 0.610037 0.801100 0.905186 0.630457 0.540321 0.777105 0.885231 0.512178 0.000000 0.450820 0.369056 0.608023 0.621022 0.434942 0.351188 0.400106 0.461821 0.798181 0.895950 0.567651 0.768711 0.976223 0.964489 0.928531 0.760744 0.585129 0.479042 0.662381 0.618106 0.482541 0.486215 0.983073 0.981463 0.830972 0.912492 0.932359 0.995575 0.916381 0.893849 0.909447 0.672192 0.931354 0.839457 0.718268 0.665393 0.847124 0.870540 0.895444 0.880224 0.973213 0.900302 0.732393 0.740134 0.481402 0.450431 0.563316 0.686083 0.549934 0.741043 0.385262 0.347485 0.949359 0.993481 0.640806 0.684807 0.550370 0.726741 0.860107 0.821157 0.935771 0.951727 0.855097 0.952700 0.739745 0.880379 0.530049 0.713425 0.490836 0.682169 0.558693 0.606780 0.671784 0.737879 0.922895 0.955258 0.805863 0.701778 0.847820 0.701247 0.839225 0.744787 0.891183 0.830195 0.968391 0.877139 0.906209 0.872893 0.954796 0.994726 0.865302 0.588046 0.644925 0.560479 0.959433 0.907333 0.942919 0.686290 0.891252 0.966092 0.837506 0.817923 0.702124 0.801526
0.559282 0.681598 0.625259 0.707923 0.760116 0.996399 0.630775 0.653632 0.975201 0.955904 0.614958 0.450820 0.000000 0.490328 0.480424 0.565335 0.707463 0.578119 0.490803 0.597306 0.790777 0.889155 0.479099 0.718209 0.829695 0.888333 0.933340 0.701189 0.687425 0.628620 0.623295 0.607192 0.561060 0.573464 0.775241 0.986514 0.943637 0.954143 0.956707 0.959418 0.877062 0.977197 0.804170 0.691057 0.865025 0.811364 0.675701 0.634857 0.854941 0.809968 0.848197 0.787568 0.952065 0.987715 0.790734 0.829812 0.664956 0.643809 0.579075 0.582113 0.466940 0.660765 0.562540 0.574413 0.784175 0.794788 0.608084 0.569221 0.686410 0.820033 0.805817 0.806333 0.871357 0.904508 0.984783 0.976856 0.767043 0.806084 0.740789 0.616873 0.686768 0.759474 0.736122 0.687070 0.602548 0.631902 0.848919 0.987883 0.696742 0.691450 0.895959 0.874675 0.862723 0.844888 0.857127 0.845136 0.729834 0.889771 0.808321 0.760880 0.978070 0.805580 0.781445 0.693604 0.730203 0.632530 0.947589 0.969042 0.886477 0.773074 0.780702 0.981739 0.792794 0.723322 0.569450 0.990062
0.462566 0.570797 0.900932 0.663007 0.844780 0.824305 0.819437 0.714736 0.617875 0.891466 0.501806 0.369056 0.490328 0.000000 0.632990 0.599077 0.473271 0.352782 0.444544 0.432200 0.812150 0.987841 0.632371 0.641873 0.861529 0.963752 0.958396 0.775902 0.641749 0.419304 0.811537 0.686991 0.544236 0.588170 0.955826 0.857926 0.803017 0.826137 0.812889 0.895853 0.992510 0.920733 0.920276 0.840739 0.977753 0.952748 0.860490 0.759008 0.978258 0.960051 0.986434 0.988424 0.839054 0.847281 0.792176 0.763778 0.516490 0.503689 0.710643 0.810155 0.677304 0.791831 0.487515 0.468439 0.972009 0.858545 0.757227 0.783604 0.573837 0.663712 0.996144 0.966588 0.899975 0.968394 0.905309 0.893208 0.924068 0.903893 0.709430 0.697608 0.489143 0.590570 0.445333 0.459773 0.623921 0.542970 0.775852 0.807423 0.658830 0.627430 0.686917 0.570122 0.700294 0.635227 0.900299 0.851228 0.944480 0.902120 0.905512 0.964572 0.887702 0.942555 0.965059 0.629443 0.805231 0.697923 0.894359 0.961667 0.959339 0.851176 0.961717 0.999795 0.975522 0.860414 0.834896 0.792669
0.782355 0.808642 0.626881 0.755655 0.799599 0.892930 0.756592 0.794736 0.792502 0.863029 0.824270 0.608023 0.480424 0.632990 0.000000 0.419619 0.797638 0.759556 0.565147 0.713635 0.776919 0.985214 0.433350 0.725080 0.862614 0.973020 0.958956 0.807090 0.555112 0.523755 0.469562 0.551838 0.574758 0.606679 0.760045 0.943692 0.764060 0.973139 0.972897 0.869010 0.947445 0.926925 0.710538 0.623761 0.847475 0.809740 0.650729 0.604063 0.863447 0.881475 0.852751 0.767576 0.970252 0.989012 0.846037 0.875832 0.847219 0.832381 0.787794 0.850791 0.573506 0.663852 0.712131 0.703009 0.773358 0.799209 0.771050 0.707165 0.850724 0.964567 0.677390 0.733652 0.728199 0.833980 0.937167 0.949190 0.702821 0.638642 0.763885 0.696598 0.751565 0.915781 0.753670 0.886170 0.706641 0.760582 0.975511 0.907030 0.863446 0.922828 0.821085 0.798103 0.656123 0.717540 0.887650 0.987359 0.959161 0.965720 0.878202 0.790955 0.804733 0.891834 0.911851 0.835672 0.863052 0.569006 0.939619 0.942814 0.809377 0.828811 0.943937 0.983321 0.928306 0.817869 0.538439 0.917392
0.849662 0.788506 0.543771 0.545859 0.855126 0.832229 0.887416 0.703152 0.869662 0.957787 0.918631 0.621022 0.565335 0.599077 0.419619 0.000000 0.903586 0.851896 0.719441 0.743188 0.765713 0.978260 0.493805 0.573400 0.617128 0.776101 0.878858 0.902610 0.778414 0.662060 0.544203 0.572644 0.781063 0.730518 0.870277 0.995013 0.645495 0.765024 0.714025 0.827540 0.790117 0.894576 0.868667 0.816900 0.897452 0.948907 0.867833 0.873868 0.849762 0.857899 0.907453 0.992228 0.860308 0.866314 0.994488 0.905741 0.854896 0.870231 0.930441 0.976542 0.709903 0.581013 0.949083 0.859387 0.591677 0.547893 0.950332 0.839811 0.846442 0.872631 0.688692 0.806989 0.631814 0.850419 0.982542 0.987000 0.841136 0.717148 0.872962 0.775739 0.939954 0.952491 0.732046 0.877530 0.869649 0.671529 0.938613 0.842257 0.786039 0.857348 0.636922 0.578810 0.581118 0.590010 0.950437 0.927779 0.934597 0.982118 0.894631 0.944321 0.652570 0.942006 0.789496 0.993847 0.960550 0.752139 0.945687 0.901341 0.832719 0.908629 0.920034 0.814005 0.995493 0.934590 0.624399 0.999502
0.479456 0.552897 0.844550 0.919480 0.906368 0.806009 0.720186 0.753096 0.613783 0.882618 0.465935 0.434942 0.707463 0.473271 0.797638 0.903586 0.000000 0.273942 0.507560 0.466887 0.915155 0.905076 0.848335 0.967273 0.755183 0.693747 0.905471 0.792056 0.467505 0.361938 0.804192 0.796049 0.437795 0.519590 0.876339 0.875953 0.890003 0.974097 0.963972 0.908644 0.809434 0.825623 0.971081 0.675132 0.810273 0.711351 0.719498 0.621458 0.687824 0.705616 0.752922 0.748140 0.857173 0.938483 0.797280 0.671512 0.456756 0.431245 0.577607 0.819738 0.653978 0.989275 0.308131 0.293337 0.646726 0.663459 0.626526 0.747771 0.577517 0.647813 0.942649 0.993856 0.976779 0.988473 0.799712 0.970105 0.821868 0.952483 0.507518 0.746482 0.336507 0.697360 0.528237 0.656648 0.722839 0.871836 0.904553 0.881567 0.977413 0.803053 0.893055 0.776799 0.823928 0.778025 0.884329 0.692412 0.962549 0.880422 0.869009 0.916336 0.908725 0.994834 0.760341 0.480070 0.779182 0.668173 0.968083 0.876558 0.939146 0.774020 0.984785 0.800550 0.878996 0.911570 0.969140 0.806719
0.352193 0.467127 0.915256 0.817131 0.892355 0.798027 0.785803 0.769478 0.584100 0.954108 0.391482 0.351188 0.578119 0.352782 0.759556 0.851896 0.273942 0.000000 0.423936 0.380416 0.899096 0.906836 0.788010 0.854013 0.905302 0.850050 0.963637 0.856683 0.537263 0.411095 0.891469 0.771241 0.461136 0.519850 0.912067 0.905965 0.908002 0.934617 0.928112 0.905846 0.849479 0.793853 0.920792 0.791864 0.941160 0.850448 0.805759 0.691201 0.815279 0.839134 0.913123 0.903494 0.974703 0.886441 0.799707 0.683093 0.385626 0.368319 0.562399 0.730991 0.681595 0.978519 0.325968 0.323540 0.798374 0.839511 0.679547 0.750891 0.468369 0.573575 0.981764 0.956779 0.991267 0.949005 0.814138 0.890559 0.952865 0.978805 0.521421 0.681699 0.297853 0.519585 0.492020 0.458305 0.600654 0.705703 0.807748 0.773516 0.889650 0.669711 0.810541 0.664259 0.776484 0.722582 0.867903 0.791225 0.946732 0.849267 0.970530 0.996916 0.995989 0.955732 0.853570 0.533602 0.768027 0.621388 0.890486 0.940959 0.949657 0.783391 0.981204 0.909368 0.959744 0.827477 0.929655 0.791216
0.531211 0.586259 0.913022 0.759900 0.798792 0.794551 0.616040 0.658410 0.832181 0.876207 0.653404 0.400106 0.490803 0.444544 0.565147 0.719441 0.507560 0.423936 0.000000 0.476260 0.857353 0.928964 0.434219 0.763992 0.938273 0.840276 0.997476 0.684475 0.517924 0.496620 0.600973 0.611019 0.381109 0.449443 0.924393 0.901435 0.894824 0.886890 0.964902 0.935013 0.967276 0.959632 0.707966 0.559830 0.704086 0.613208 0.525215 0.463199 0.649197 0.657548 0.707710 0.664693 0.884681 0.942310 0.784066 0.642240 0.564585 0.544682 0.473398 0.585501 0.487586 0.777367 0.384346 0.401015 0.985101 0.978157 0.505562 0.489736 0.691191 0.815425 0.861373 0.905857 0.978053 0.985422 0.845585 0.991460 0.801249 0.949466 0.581582 0.733981 0.505853 0.711119 0.542125 0.600599 0.509726 0.669657 0.770823 0.842313 0.800442 0.641738 0.937973 0.839229 0.860613 0.759301 0.723162 0.766664 0.937809 0.859177 0.748589 0.721952 0.972804 0.965372 0.797898 0.565963 0.714519 0.532133 0.963284 0.998589 0.878040 0.764900 0.846028 0.801593 0.776396 0.736073 0.740274 0.928028
0.380023 0.446267 0.864166 0.775623 0.994998 0.874097 0.959663 0.922379 0.666134 0.792738 0.450088 0.461821 0.597306 0.432200 0.713635 0.743188 0.466887 0.380416 0.476260 0.000000 0.800168 0.893668 0.694107 0.645870 0.843462 0.932422 0.792285 0.844604 0.623717 0.531221 0.835019 0.767102 0.615680 0.671101 0.996366 0.987398 0.802781 0.785688 0.787647 0.849459 0.875430 0.816074 0.841046 0.931151 0.904945 0.975636 0.838485 0.735393 0.963458 0.937866 0.915078 0.962641 0.768879 0.651783 0.790513 0.813784 0.430988 0.435588 0.752204 0.753374 0.844383 0.987342 0.570259 0.559437 0.894456 0.966315 0.847073 0.833301 0.424459 0.538077 0.887545 0.821268 0.940146 0.951636 0.785809 0.786323 0.918094 0.964523 0.758325 0.694394 0.428892 0.457483 0.492016 0.406791 0.497662 0.541476 0.897522 0.763342 0.845970 0.581407 0.657259 0.559630 0.650600 0.610213 0.858553 0.830756 0.900955 0.996696 0.824216 0.858282 0.783923 0.817595 0.976636 0.778769 0.926274 0.693720 0.856327 0.882082 0.909225 0.817662 0.995824 0.894829 0.916343 0.918029 0.988518 0.781908
0.729994 0.846946 0.745919 0.673049 0.963067 0.907921 0.900846 0.964926 0.967405 0.848523 0.815409 0.798181 0.790777 0.812150 0.776919 0.765713 0.915155 0.899096 0.857353 0.800168 0.000000 0.970267 0.769992 0.727705 0.670749 0.807596 0.915989 0.914633 0.929500 0.934619 0.916105 0.730999 0.892018 0.908893 0.972616 0.820292 0.812944 0.794173 0.789351 0.808652 0.888420 0.791293 0.861042 0.951333 0.844925 0.899522 0.966534 0.910607 0.879078 0.924450 0.846935 0.890848 0.806316 0.724367 0.949405 0.894244 0.745246 0.798406 0.951572 0.922856 0.980914 0.994218 0.927601 0.926604 0.725619 0.836106 0.956473 0.856725 0.701108 0.922755 0.891343 0.924942 0.919050 0.966862 0.888450 0.922466 0.911667 0.814341 0.940853 0.905084 0.929952 0.870167 0.762409 0.882654 0.809239 0.717718 0.882839 0.981333 0.858291 0.842845 0.758656 0.657687 0.780345 0.764037 0.936314 0.924394 0.990978 0.893458 0.892400 0.908004 0.751865 0.765682 0.921870 0.993555 0.982062 0.876371 0.960175 0.851568 0.933733 0.879914 0.870035 0.684674 0.844656 0.801235 0.708440 0.871878
0.979634 0.896073 0.945156 0.822882 0.977225 0.873600 0.975727 0.905720 0.880645 0.987842 0.957922 0.895950 0.889155 0.987841 0.985214 0.978260 0.905076 0.906836 0.928964 0.893668 0.970267 0.000000 0.837305 0.969869 0.982565 0.965771 0.964226 0.926165 0.743617 0.889264 0.978102 0.924426 0.950278 0.856726 0.850479 0.849793 0.923248 0.981994 0.872154 0.886326 0.835337 0.992964 0.965332 0.999970 0.950633 0.927424 0.856439 0.900723 0.956014 0.993065 0.993867 0.998358 0.984192 0.957480 0.965103 0.982721 0.937396 0.895186 0.993366 0.953801 0.962465 0.990898 0.943369 0.927391 0.981310 0.976730 0.905352 0.951744 0.946199 0.926008 0.884280 0.985644 0.842111 0.801286 0.948672 0.983866 0.993677 0.960763 0.998984 0.973424 0.927245 0.997769 0.887682 0.973522 0.978877 0.988976 0.940999 0.920446 0.966137 0.977116 0.971600 0.983724 0.892928 0.973695 0.965240 0.901974 0.929505 0.929091 0.919234 0.909257 0.921287 0.939013 0.989019 0.930151 0.967575 0.973739 0.923526 0.914394 0.980048 0.936915 0.990228 0.922717 0.961834 0.970485 0.886783 0.978516
0.807354 0.843555 0.690730 0.733449 0.713883 0.967054 0.657206 0.707051 0.885423 0.836884 0.900295 0.567651 0.479099 0.632371 0.433350 0.493805 0.848335 0.788010 0.434219 0.694107 0.769992 0.837305 0.000000 0.625979 0.832681 0.964420 0.939591 0.698372 0.602311 0.649396 0.422813 0.428906 0.556729 0.591747 0.861842 0.993145 0.900570 0.934947 0.969000 0.964171 0.857387 0.987792 0.639548 0.565412 0.754912 0.682987 0.489701 0.541537 0.772125 0.795036 0.802172 0.724036 0.957177 0.950630 0.804659 0.793720 0.906172 0.888399 0.697098 0.734565 0.539639 0.619449 0.712005 0.701678 0.686589 0.764126 0.605811 0.539873 0.898314 0.974870 0.706073 0.796203 0.746387 0.861615 0.941542 0.943826 0.698935 0.794080 0.813251 0.799865 0.862581 0.942922 0.670712 0.823234 0.572213 0.652740 0.965586 0.900781 0.803996 0.675221 0.893204 0.858450 0.796766 0.792169 0.764469 0.980983 0.928684 0.909526 0.773043 0.673629 0.978509 0.894247 0.907890 0.827124 0.805289 0.591645 0.945601 0.958201 0.877995 0.852430 0.837979 0.917836 0.766133 0.854880 0.507285 0.974455
0.681852 0.738509 0.681883 0.541322 0.939597 0.959682 0.809544 0.972622 0.765635 0.638980 0.926231 0.768711 0.718209 0.641873 0.725080 0.573400 0.967273 0.854013 0.763992 0.645870 0.727705 0.969869 0.625979 0.000000 0.414854 0.590157 0.637482 0.951268 0.961362 0.959617 0.985662 0.736385 0.994216 0.997811 0.831382 0.955662 0.777272 0.707392 0.593901 0.760547 0.874072 0.913760 0.750756 0.891695 0.698309 0.792413 0.976486 0.958881 0.735260 0.810485 0.685871 0.783737 0.591381 0.567944 0.939954 0.963447 0.755772 0.795307 0.975698 0.849339 0.905181 0.933355 0.927099 0.937364 0.482074 0.525248 0.945643 0.969774 0.684880 0.747951 0.845145 0.773758 0.909212 0.920643 0.944858 0.826982 0.955610 0.915428 0.891448 0.895352 0.985593 0.704300 0.697822 0.644076 0.613201 0.337487 0.874371 0.760529 0.715895 0.480195 0.537959 0.490830 0.640930 0.605670 0.923545 0.867403 0.846194 0.969424 0.671330 0.795196 0.617933 0.714813 0.768066 0.925561 0.945863 0.872346 0.738441 0.664831 0.960867 0.870610 0.989391 0.624704 0.788671 0.991071 0.845426 0.842566
0.846529 0.862163 0.525111 0.530815 0.988517 0.916468 0.665443 0.906642 0.970385 0.579739 0.961673 0.976223 0.829695 0.861529 0.862614 0.617128 0.755183 0.905302 0.938273 0.843462 0.670749 0.982565 0.832681 0.414854 0.000000 0.372531 0.601947 0.784528 0.707977 0.832594 0.996024 0.794593 0.757150 0.759197 0.919410 0.829263 0.722655 0.646243 0.585449 0.746177 0.901897 0.882680 0.609021 0.663575 0.455841 0.528383 0.750698 0.780043 0.452905 0.561739 0.466861 0.561032 0.475450 0.458121 0.847700 0.729149 0.881883 0.937199 0.712540 0.996203 0.724260 0.993269 0.642205 0.699886 0.398561 0.485779 0.674583 0.769190 0.679418 0.859510 0.902633 0.822237 0.995340 0.956615 0.984990 0.774601 0.924255 0.998878 0.654575 0.968546 0.762847 0.861266 0.898839 0.820204 0.877061 0.493464 0.968395 0.995036 0.796941 0.692208 0.500548 0.513938 0.612702 0.732027 0.970592 0.751612 0.890780 0.857071 0.535396 0.688079 0.536266 0.720576 0.692413 0.733442 0.814385 0.972611 0.910299 0.669396 0.999135 0.968677 0.910486 0.422498 0.752376 0.926851 0.874441 0.926102
0.917427 0.850865 0.556833 0.538521 0.978320 0.819250 0.838448 0.966745 0.870670 0.759354 0.991332 0.964489 0.888333 0.963752 0.973020 0.776101 0.693747 0.850050 0.840276 0.932422 0.807596 0.965771 0.964420 0.590157 0.372531 0.000000 0.700110 0.808641 0.729936 0.756164 0.955158 0.974273 0.731269 0.802188 0.897419 0.794387 0.797528 0.643526 0.625923 0.982640 0.978813 0.763410 0.745165 0.714267 0.566084 0.590620 0.723308 0.714329 0.573570 0.691263 0.568021 0.635433 0.625109 0.596667 0.876754 0.798910 0.962628 0.928081 0.703263 0.991773 0.769143 0.893817 0.637749 0.703218 0.464394 0.552501 0.681751 0.757743 0.734793 0.855533 0.986303 0.923822 0.977687 0.985050 0.973318 0.911806 0.997301 0.974768 0.709444 0.961593 0.761972 0.934601 0.928973 0.899535 0.992367 0.695185 0.947818 0.970587 0.780949 0.783409 0.738799 0.769825 0.874233 0.959469 0.968250 0.795675 0.941780 0.897962 0.725296 0.733940 0.669883 0.892383 0.768380 0.738048 0.978445 0.969479 0.998813 0.876024 0.944691 0.991906 0.948703 0.618558 0.939569 0.874161 0.919011 0.966121
0.887581 0.894584 0.802841 0.732424 0.947655 0.881543 0.799757 0.969238 0.892296 0.692322 0.971208 0.928531 0.933340 0.958396 0.958956 0.878858 0.905471 0.963637 0.997476 0.792285 0.915989 0.964226 0.939591 0.637482 0.601947 0.700110 0.000000 0.697746 0.858448 0.911937 0.938310 0.955591 0.816737 0.880476 0.988350 0.985936 0.708178 0.757760 0.782426 0.815333 0.962669 0.984111 0.744131 0.868622 0.711853 0.778380 0.913225 0.981710 0.774649 0.848355 0.711475 0.795781 0.684775 0.678289 0.946786 0.929032 0.907421 0.915414 0.856514 0.952924 0.817603 0.925114 0.824988 0.885359 0.713803 0.760922 0.849145 0.867064 0.863081 0.846590 0.842098 0.888803 0.896615 0.960761 0.857685 0.858172 0.964142 0.969287 0.793677 0.887167 0.835990 0.884041 0.900917 0.782780 0.891856 0.646108 0.911078 0.882808 0.858083 0.690217 0.733643 0.804710 0.790732 0.902826 0.908296 0.921182 0.955127 0.993656 0.716898 0.817128 0.807455 0.807699 0.948299 0.851771 0.977667 0.978103 0.853627 0.807691 0.905219 0.903771 0.901032 0.710668 0.900377 0.879809 0.996743 0.981509
0.881919 0.903620 0.920843 0.986341 0.896274 0.753655 0.632138 0.766294 0.970828 0.718638 0.885786 0.760744 0.701189 0.775902 0.807090 0.902610 0.792056 0.856683 0.684475 0.844604 0.914633 0.926165 0.698372 0.951268 0.784528 0.808641 0.697746 0.000000 0.781249 0.785190 0.761538 0.810900 0.646470 0.707707 0.863919 0.952077 0.882378 0.752846 0.890834 0.754140 0.935016 0.827698 0.696260 0.717706 0.662518 0.633219 0.636651 0.698310 0.649338 0.620604 0.647939 0.631406 0.757331 0.758533 0.809122 0.769079 0.884906 0.899220 0.618141 0.700892 0.562905 0.782917 0.650151 0.723683 0.967525 0.913432 0.597595 0.635233 0.974504 0.915427 0.897366 0.946902 0.970082 0.993979 0.935024 0.865513 0.729575 0.921663 0.845374 0.749038 0.822398 0.994831 0.841522 0.934856 0.829186 0.979939 0.864779 0.892352 0.986133 0.989835 0.860941 0.872921 0.855990 0.959548 0.932741 0.993853 0.824286 0.937326 0.679989 0.726898 0.909428 0.816007 0.925227 0.781728 0.872103 0.929249 0.968059 0.972380 0.854592 0.942840 0.931136 0.801376 0.735215 0.974698 0.884935 0.886386
0.778429 0.782939 0.996412 0.961514 0.808898 0.943032 0.618432 0.784748 0.959233 0.702391 0.707822 0.585129 0.687425 0.641749 0.555112 0.778414 0.467505 0.537263 0.517924 0.623717 0.929500 0.743617 0.602311 0.961362 0.707977 0.729936 0.858448 0.781249 0.000000 0.316785 0.555192 0.655155 0.421475 0.380646 0.959602 0.914907 0.914534 0.964544 0.904497 0.956694 0.943985 0.895068 0.635061 0.488121 0.594032 0.553065 0.534156 0.478424 0.549165 0.617062 0.572555 0.576664 0.680188 0.722633 0.774335 0.723573 0.778646 0.754811 0.683885 0.915962 0.535155 0.728263 0.467097 0.443655 0.812987 0.823098 0.618688 0.644517 0.842706 0.907835 0.670824 0.820120 0.711151 0.703150 0.868652 0.943818 0.686890 0.709958 0.541587 0.741693 0.514934 0.958639 0.617912 0.900172 0.801872 0.986787 0.973202 0.961459 0.903706 0.973799 0.984957 0.954517 0.798476 0.833587 0.790729 0.746337 0.901774 0.930670 0.696308 0.752741 0.895369 0.861789 0.723024 0.669241 0.749516 0.555694 0.909227 0.862763 0.860734 0.828521 0.992419 0.668717 0.735361 0.779749 0.784559 0.989990
0.673592 0.740585 0.959865 0.910720 0.812247 0.981397 0.684197 0.778076 0.822653 0.828306 0.539119 0.479042 0.628620 0.419304 0.523755 0.662060 0.361938 0.411095 0.496620 0.531221 0.934619 0.889264 0.649396 0.959617 0.832594 0.756164 0.911937 0.785190 0.316785 0.000000 0.606364 0.643016 0.426708 0.455769 0.990868 0.822700 0.769068 0.931362 0.949104 0.865256 0.928784 0.874384 0.840229 0.619351 0.799912 0.738504 0.690264 0.625682 0.746993 0.797969 0.771739 0.747173 0.876619 0.871122 0.789389 0.738691 0.692697 0.660521 0.724741 0.968205 0.554430 0.732191 0.434563 0.385736 0.771216 0.894207 0.699055 0.735530 0.710392 0.810598 0.760012 0.852439 0.678897 0.696876 0.854185 0.959170 0.738170 0.714113 0.563776 0.715370 0.466294 0.858985 0.559804 0.730934 0.826709 0.904546 0.928555 0.953199 0.906430 0.926897 0.820794 0.769899 0.680673 0.735792 0.876038 0.776041 0.999121 0.879978 0.882858 0.870920 0.987782 0.924657 0.857681 0.623048 0.767575 0.554788 0.961671 0.925521 0.881705 0.846649 0.915880 0.773301 0.874898 0.914633 0.819887 0.951496
0.988863 0.918339 0.722330 0.797668 0.680599 0.851224 0.521713 0.589395 0.682884 0.497653 0.872121 0.662381 0.623295 0.811537 0.469562 0.544203 0.804192 0.891469 0.600973 0.835019 0.916105 0.978102 0.422813 0.985662 0.996024 0.955158 0.938310 0.761538 0.555192 0.606364 0.000000 0.483562 0.493454 0.515247 0.890478 0.935060 0.896181 0.917886 0.930620 0.976841 0.898476 0.902021 0.473199 0.456216 0.661757 0.614094 0.532669 0.565110 0.716994 0.743072 0.645300 0.624745 0.706035 0.732937 0.902759 0.853143 0.983538 0.947356 0.738652 0.854593 0.455173 0.474440 0.699917 0.640088 0.896757 0.914822 0.637902 0.538178 0.965224 0.924378 0.504448 0.609754 0.611559 0.696797 0.934832 0.823730 0.584497 0.586150 0.678933 0.888729 0.930199 0.763281 0.858645 0.881053 0.937532 0.979146 0.817289 0.724280 0.912944 0.981161 0.973820 0.960737 0.872463 0.940952 0.770554 0.860454 0.828948 0.887394 0.635295 0.562105 0.944054 0.779370 0.780026 0.805320 0.818035 0.595525 0.799641 0.859453 0.728684 0.913484 0.763734 0.796772 0.643909 0.838958 0.533031 0.902664
0.822744 0.875053 0.704312 0.733607 0.873927 0.980323 0.805854 0.809398 0.925455 0.786302 0.806940 0.618106 0.607192 0.686991 0.551838 0.572644 0.796049 0.771241 0.611019 0.767102 0.730999 0.924426 0.428906 0.736385 0.794593 0.974273 0.955591 0.810900 0.655155 0.643016 0.483562 0.000000 0.540100 0.683289 0.999746 0.886043 0.938614 0.952571 0.979608 0.901080 0.971699 0.817569 0.801279 0.683156 0.870507 0.794010 0.558568 0.696183 0.846692 0.913622 0.858852 0.815936 0.997389 0.971237 0.919164 0.892414 0.803853 0.845706 0.770820 0.838392 0.677578 0.719228 0.721318 0.696615 0.874953 0.938773 0.783458 0.772042 0.769407 0.947966 0.796046 0.762278 0.794276 0.843915 0.965926 0.983008 0.734578 0.739700 0.767569 0.859987 0.833965 0.966688 0.706108 0.909568 0.817046 0.831562 0.797547 0.862072 0.946858 0.829287 0.782590 0.729073 0.668478 0.749285 0.888655 0.999296 0.902971 0.861160 0.868416 0.868800 0.894985 0.987790 0.912383 0.796640 0.913873 0.636206 0.870302 0.971584 0.923226 0.914568 0.948999 0.951072 0.784252 0.885961 0.626414 0.925922
0.614912 0.669969 0.965385 0.847416 0.805991 0.872730 0.516945 0.612482 0.958639 0.650775 0.631471 0.482541 0.561060 0.544236 0.574758 0.781063 0.437795 0.461136 0.381109 0.615680 0.892018 0.950278 0.556729 0.994216 0.757150 0.731269 0.816737 0.646470 0.421475 0.426708 0.493454 0.540100 0.000000 0.363733 0.896335 0.934822 0.945168 0.871586 0.861998 0.976646 0.993937 0.841851 0.652728 0.450139 0.567223 0.496307 0.512965 0.476475 0.531025 0.544854 0.520273 0.515486 0.677077 0.721118 0.797114 0.629597 0.598688 0.595682 0.471497 0.710281 0.407183 0.726158 0.326400 0.348307 0.829530 0.800029 0.458627 0.538173 0.774371 0.880236 0.745585 0.788199 0.887195 0.901656 0.826767 0.991298 0.737801 0.769465 0.493996 0.722752 0.509927 0.898720 0.597402 0.771387 0.737594 0.920456 0.967296 0.977155 0.924798 0.837537 0.951981 0.987520 0.934272 0.857015 0.790394 0.796786 0.924738 0.791209 0.603444 0.619200 0.879632 0.904480 0.716204 0.535807 0.724472 0.557491 0.988546 0.849684 0.915033 0.837129 0.785648 0.718802 0.698391 0.654005 0.696801 0.987026
0.694219 0.629562 0.929395 0.813364 0.760220 0.948410 0.434647 0.504021 0.958625 0.596293 0.741946 0.486215 0.573464 0.588170 0.606679 0.730518 0.519590 0.519850 0.449443 0.671101 0.908893 0.856726 0.591747 0.997811 0.759197 0.802188 0.880476 0.707707 0.380646 0.455769 0.515247 0.683289 0.363733 0.000000 0.914829 0.804374 0.939972 0.961850 0.989730 0.958420 0.897450 0.846566 0.550091 0.361359 0.525131 0.470601 0.488566 0.401816 0.506223 0.530652 0.498970 0.483962 0.611417 0.668610 0.702714 0.583934 0.686390 0.645463 0.473861 0.697081 0.378191 0.583143 0.406165 0.389124 0.931292 0.925830 0.452421 0.461145 0.889653 0.874448 0.722264 0.783041 0.858836 0.822049 0.880277 0.904958 0.619042 0.718472 0.472905 0.681078 0.598862 0.979742 0.669236 0.857713 0.846905 0.948037 0.962151 0.903476 0.842938 0.867141 0.931308 0.974663 0.977241 0.859585 0.744548 0.731947 0.843530 0.771606 0.586833 0.567618 0.867396 0.823342 0.685287 0.627940 0.735119 0.559072 0.814176 0.884354 0.890299 0.764892 0.809060 0.702593 0.688354 0.654659 0.618772 0.967299
0.958592 0.912266 0.751232 0.846718 0.963067 0.939386 0.848359 0.878710 0.816803 0.945344 0.894716 0.983073 0.775241 0.955826 0.760045 0.870277 0.876339 0.912067 0.924393 0.996366 0.972616 0.850479 0.861842 0.831382 0.919410 0.897419 0.988350 0.863919 0.959602 0.990868 0.890478 0.999746 0.896335 0.914829 0.000000 0.966534 0.876335 0.810276 0.963401 0.816258 0.686618 0.950664 0.834328 0.868919 0.830234 0.838291 0.853440 0.801143 0.898931 0.774600 0.801611 0.778590 0.853381 0.891699 0.863449 0.808410 0.956736 0.957366 0.877606 0.774523 0.790134 0.775215 0.989654 0.946536 0.769515 0.854826 0.836373 0.801963 0.887684 0.888847 0.886582 0.929199 0.866350 0.977777 0.906346 0.901741 0.692449 0.986483 0.977031 0.887644 0.959102 0.967159 0.938371 0.995818 0.877962 0.872842 0.836518 0.930333 0.899886 0.849602 0.986792 0.948104 0.959389 0.868663 0.947797 0.855291 0.890801 0.948959 0.897883 0.856191 0.822776 0.992823 0.970196 0.977638 0.993511 0.941296 0.962210 0.879657 0.984076 0.999390 0.901159 0.902869 0.809518 0.865083 0.815322 0.972111
0.968014 0.989411 0.837798 0.888712 0.744191 0.930661 0.867237 0.917924 0.796609 0.953407 0.988988 0.981463 0.986514 0.857926 0.943692 0.995013 0.875953 0.905965 0.901435 0.987398 0.820292 0.849793 0.993145 0.955662 0.829263 0.794387 0.985936 0.952077 0.914907 0.822700 0.935060 0.886043 0.934822 0.804374 0.966534 0.000000 0.900043 0.951694 0.938790 0.933004 0.756121 0.946633 0.935542 0.894975 0.808087 0.859477 0.903638 0.810286 0.884633 0.866789 0.808434 0.844324 0.768100 0.748974 0.880891 0.833486 0.911282 0.997267 0.807600 0.981221 0.834007 0.930824 0.835393 0.858066 0.831274 0.969153 0.778761 0.740976 0.857575 0.976730 0.990799 0.991792 0.990340 0.962674 0.886541 0.951768 0.964081 0.995925 0.918857 0.999410 0.967287 0.902959 0.926466 0.954610 0.982913 0.925308 0.853594 0.861055 0.988403 0.878447 0.937286 0.876641 0.905417 0.980420 0.996823 0.820373 0.977001 0.776746 0.869115 0.776283 0.851650 0.912987 0.838023 0.763218 0.938084 0.939283 0.929070 0.935840 0.933034 0.931821 0.916025 0.731859 0.990308 0.977860 0.999404 0.880173
0.901972 0.857205 0.662638 0.624580 0.949644 0.864705 0.933586 0.919275 0.973286 0.823518 0.909542 0.830972 0.943637 0.803017 0.764060 0.645495 0.890003 0.908002 0.894824 0.802781 0.812944 0.923248 0.900570 0.777272 0.722655 0.797528 0.708178 0.882378 0.914534 0.769068 0.896181 0.938614 0.945168 0.939972 0.876335 0.900043 0.000000 0.723114 0.704367 0.791096 0.971306 0.973553 0.868421 0.960354 0.708833 0.764406 0.868715 0.968219 0.718562 0.753316 0.732914 0.817388 0.740658 0.777995 0.947680 0.908481 0.884041 0.867893 0.821267 0.814301 0.947683 0.916310 0.906773 0.991132 0.751112 0.719467 0.783324 0.898445 0.785267 0.888964 0.963809 0.887284 0.812768 0.923045 0.971452 0.950665 0.968535 0.911155 0.970039 0.984941 0.975884 0.962062 0.848687 0.931890 0.994301 0.770609 0.978289 0.947672 0.859433 0.937715 0.721536 0.704982 0.670018 0.764815 0.962034 0.867451 0.832291 0.972714 0.742793 0.908006 0.720808 0.894568 0.857401 0.991461 0.858026 0.813440 0.912897 0.955961 0.785801 0.943789 0.724388 0.873032 0.865425 0.977835 0.896007 0.972803
0.915657 0.851755 0.815824 0.702611 0.887219 0.921357 0.786322 0.995137 0.897328 0.707437 0.967547 0.912492 0.954143 0.826137 0.973139 0.765024 0.974097 0.934617 0.886890 0.785688 0.794173 0.981994 0.934947 0.707392 0.646243 0.643526 0.757760 0.752846 0.964544 0.931362 0.917886 0.952571 0.871586 0.961850 0.810276 0.951694 0.723114 0.000000 0.741318 0.925590 0.898713 0.701930 0.699520 0.789282 0.609436 0.618369 0.712046 0.730331 0.655055 0.626496 0.658140 0.627334 0.662902 0.674780 0.866241 0.798009 0.846258 0.864989 0.660929 0.779540 0.751056 0.946624 0.847039 0.929492 0.762931 0.692031 0.642691 0.689121 0.715873 0.715908 0.900866 0.856326 0.876532 0.932657 0.913071 0.838944 0.890269 0.927273 0.974429 0.988486 0.986683 0.780544 0.804132 0.798199 0.957511 0.796014 0.817173 0.955813 0.752817 0.855133 0.726608 0.634378 0.754657 0.809536 0.955213 0.993894 0.829848 0.991138 0.654427 0.657653 0.770084 0.727988 0.673184 0.838627 0.875124 0.970181 0.985967 0.906896 0.890017 0.966531 0.802233 0.666616 0.731586 0.961732 0.873563 0.794180
