0.000000 0.213700 0.464906 0.541687 0.986461 0.755353 0.480771 0.417865 0.977682 0.647689 0.332848 0.252971 0.312200 0.387283 0.439981 0.426502 0.264073 0.214222 0.316232 0.271622 0.685198 0.852684 0.440467 0.530497 0.667102 0.644435 0.901843 0.943693 0.244382 0.250605 0.410277 0.429965 0.337569 0.301541 0.629481 0.808327 0.485477 0.689480 0.706563 0.728465 0.725495 0.758400 0.493218 0.425655 0.507725 0.432124 0.432734 0.363338 0.698504 0.574308 0.624559 0.648343 0.702957 0.857006 0.601325 0.769750 0.294519 0.291837 0.388171 0.330360 0.262463 0.331817 0.210586 0.226002 0.470349 0.432000 0.474717 0.360047 0.391186 0.307123 0.526234 0.538971 0.419925 0.477745 0.784108 0.722878 0.496647 0.497612 0.450594 0.390064 0.224656 0.235502 0.401676 0.463648 0.451746 0.447956 0.853753 0.973643 0.871019 0.553849 0.906493 0.955645 0.819702 0.995685 0.508651 0.675552 0.562430 0.717046 0.520115 0.534272 0.752649 0.710412 0.512386 0.609001 0.476473 0.527585 0.847789 0.862751 0.905786 0.664251 0.761517 0.533672 0.649188 0.694691 0.690216 0.952199
0.213700 0.000000 0.624632 0.646467 0.888705 0.857060 0.590104 0.470375 0.959287 0.648570 0.423182 0.304244 0.480773 0.480956 0.552660 0.493207 0.199072 0.237920 0.405853 0.342634 0.740847 0.866675 0.529830 0.648658 0.813885 0.777270 0.797903 0.948537 0.276502 0.291735 0.492375 0.576707 0.419735 0.369548 0.709657 0.687636 0.626888 0.625498 0.803318 0.821013 0.802030 0.614931 0.504641 0.465215 0.509507 0.462647 0.494945 0.404973 0.583267 0.542586 0.575918 0.620368 0.708408 0.796315 0.727632 0.869157 0.207468 0.187383 0.364782 0.353111 0.375178 0.388383 0.194384 0.158153 0.662270 0.575385 0.529910 0.394724 0.445856 0.275474 0.493959 0.477814 0.451399 0.508034 0.857921 0.685934 0.522403 0.377024 0.443317 0.508978 0.213294 0.362589 0.395565 0.447948 0.568077 0.602211 0.791380 0.834413 0.920184 0.648618 0.877133 0.917732 0.793463 0.998974 0.509078 0.748023 0.613000 0.573158 0.520878 0.503579 0.767373 0.739695 0.468444 0.602622 0.449992 0.477904 0.741388 0.788934 0.931165 0.731644 0.683241 0.544207 0.695027 0.746928 0.703566 0.935645
0.464906 0.624632 0.000000 0.209858 0.978299 0.627892 0.182771 0.249200 0.510737 0.411874 0.463645 0.508383 0.334889 0.572471 0.484695 0.521044 0.669248 0.558175 0.425408 0.496218 0.741432 0.840556 0.329573 0.372786 0.637073 0.401181 0.994897 0.842090 0.633163 0.539388 0.288185 0.422645 0.332325 0.350478 0.527409 0.755735 0.603819 0.796166 0.553809 0.714219 0.955903 0.959270 0.311831 0.336176 0.297117 0.294547 0.341828 0.372001 0.521591 0.434079 0.463855 0.425266 0.469473 0.640764 0.635206 0.552377 0.766219 0.765494 0.392603 0.389956 0.289047 0.351165 0.558279 0.606458 0.299266 0.263510 0.251061 0.283121 0.819366 0.621611 0.439773 0.450122 0.540198 0.535362 0.807809 0.753984 0.466782 0.683812 0.486820 0.453258 0.579779 0.510470 0.717284 0.769786 0.623770 0.509338 0.892384 0.958563 0.786783 0.618537 0.559614 0.676286 0.582721 0.665214 0.551602 0.649604 0.332761 0.781631 0.377883 0.390180 0.584684 0.528997 0.529929 0.590792 0.404567 0.467092 0.638143 0.662277 0.780353 0.819261 0.646452 0.468247 0.447676 0.662048 0.566811 0.829539
0.541687 0.646467 0.209858 0.000000 0.872370 0.627173 0.239795 0.228873 0.504311 0.411946 0.552393 0.541437 0.369884 0.495691 0.456644 0.455174 0.719634 0.608879 0.424798 0.524305 0.672631 0.796712 0.311527 0.334131 0.745085 0.446731 0.962296 0.888479 0.606714 0.573388 0.321999 0.460011 0.340517 0.355953 0.606118 0.731818 0.650383 0.867984 0.697967 0.808446 0.985154 0.890953 0.304920 0.351491 0.362450 0.344233 0.382049 0.422463 0.531492 0.433591 0.498596 0.420416 0.494198 0.607245 0.702608 0.630700 0.797537 0.787423 0.379837 0.426404 0.370561 0.371747 0.607781 0.642030 0.353671 0.267108 0.311523 0.335328 0.930204 0.662253 0.398611 0.410711 0.601315 0.566956 0.836907 0.677505 0.439188 0.610822 0.509432 0.546372 0.653685 0.568727 0.749535 0.732993 0.663730 0.484332 0.963970 0.990027 0.802479 0.599061 0.483668 0.584007 0.512714 0.602796 0.610448 0.612378 0.413288 0.701172 0.373569 0.341081 0.533602 0.590650 0.547210 0.521484 0.400709 0.522854 0.675376 0.674626 0.807634 0.840914 0.697718 0.435745 0.417391 0.560786 0.551914 0.785884
0.986461 0.888705 0.978299 0.872370 0.000000 0.799816 0.885747 0.849414 0.961609 0.977827 0.966953 0.898733 0.844369 0.972096 0.882006 0.791846 0.925370 0.998716 0.962491 0.926000 0.929312 0.882783 0.774575 0.822858 0.935012 0.990562 0.896246 0.943770 0.940833 0.967204 0.906294 0.933636 0.916027 0.943818 0.924796 0.984125 0.879516 0.992076 0.962594 0.858137 0.955445 0.917660 0.870734 0.886835 0.813232 0.814252 0.939416 0.856385 0.760069 0.732471 0.806851 0.765960 0.826461 0.695308 0.922238 0.864630 0.985454 0.934946 0.809887 0.810247 0.804302 0.790596 0.848098 0.868325 0.909070 0.819396 0.858954 0.862417 0.983899 0.978918 0.753065 0.767826 0.894619 0.915804 0.983778 0.888238 0.885828 0.987358 0.883635 0.944217 0.811635 0.903085 0.902028 0.973544 0.853148 0.859846 0.972280 0.907313 0.969779 0.977492 0.838155 0.862271 0.812182 0.972332 0.859059 0.977212 0.899899 0.735094 0.865656 0.781378 0.941764 0.993845 0.932605 0.852105 0.813084 0.881506 0.781108 0.955925 0.711780 0.883468 0.954358 0.777135 0.800224 0.843857 0.937739 0.951310
0.755353 0.857060 0.627892 0.627173 0.799816 0.000000 0.572897 0.690721 0.640268 0.712370 0.740038 0.623939 0.542586 0.773131 0.659100 0.503371 0.901342 0.852356 0.717807 0.795044 0.843982 0.743356 0.590070 0.663227 0.845516 0.619854 0.861944 0.604708 0.815474 0.839238 0.701171 0.740691 0.661156 0.642396 0.725078 0.987572 0.980351 0.840654 0.909460 0.893856 0.985779 0.907270 0.648215 0.611657 0.702888 0.697354 0.760408 0.685162 0.921609 0.710231 0.751260 0.644198 0.666790 0.696997 0.837401 0.782743 0.958732 0.997088 0.793883 0.716932 0.635530 0.683846 0.793285 0.845878 0.645382 0.599581 0.666539 0.682609 0.880322 0.772293 0.738744 0.633234 0.740573 0.690085 0.822880 0.838637 0.675123 0.831881 0.824445 0.595182 0.760986 0.671512 0.962311 0.897352 0.710889 0.601512 0.855651 0.876098 0.902305 0.716449 0.664888 0.753224 0.689376 0.750372 0.682342 0.672449 0.677072 0.937669 0.702755 0.664861 0.883776 0.724229 0.867350 0.699020 0.573034 0.742759 0.835630 0.891580 0.941895 0.939186 0.939395 0.716851 0.629741 0.758828 0.705709 0.974337
0.480771 0.590104 0.182771 0.239795 0.885747 0.572897 0.000000 0.187835 0.431616 0.271603 0.493534 0.559744 0.412130 0.658231 0.568124 0.547248 0.590209 0.513517 0.369662 0.468686 0.767790 0.790270 0.329905 0.472148 0.779355 0.499556 0.936566 0.883454 0.623533 0.549441 0.323830 0.448673 0.289987 0.278818 0.532090 0.638007 0.641971 0.812508 0.755913 0.752650 0.936704 0.885441 0.190473 0.211575 0.197866 0.197627 0.317393 0.306393 0.415411 0.353870 0.373538 0.342086 0.387203 0.536148 0.671692 0.569026 0.655632 0.675857 0.306637 0.369194 0.330784 0.397450 0.487965 0.552329 0.390965 0.329352 0.164222 0.229871 0.862150 0.620601 0.321075 0.300554 0.615656 0.518580 0.848048 0.679646 0.329106 0.601475 0.449588 0.449230 0.537593 0.530522 0.766432 0.793550 0.679316 0.609719 0.974305 0.847653 0.805939 0.749932 0.378422 0.451438 0.399012 0.468929 0.525398 0.575671 0.308424 0.698855 0.228566 0.254634 0.456929 0.415265 0.437598 0.466609 0.304152 0.358093 0.527169 0.565552 0.737335 0.851399 0.575373 0.362485 0.356721 0.601939 0.478903 0.790871
0.417865 0.470375 0.249200 0.228873 0.849414 0.690721 0.187835 0.000000 0.469424 0.258924 0.450914 0.481015 0.409878 0.542631 0.548192 0.528292 0.525780 0.461517 0.374790 0.373969 0.751725 0.801599 0.358405 0.456609 0.892234 0.608495 0.799033 0.857103 0.536813 0.489553 0.380857 0.463839 0.313999 0.295144 0.608285 0.607654 0.653736 0.807135 0.826766 0.862573 0.869404 0.770489 0.282776 0.328111 0.291176 0.302693 0.401619 0.379687 0.458129 0.412960 0.462065 0.429924 0.513982 0.599384 0.745498 0.675764 0.557517 0.547138 0.269677 0.342010 0.331849 0.306335 0.440167 0.441479 0.459601 0.339753 0.237407 0.274629 0.833871 0.536403 0.328254 0.349979 0.651206 0.598575 0.878171 0.709977 0.401947 0.545793 0.452412 0.571104 0.492658 0.505758 0.710624 0.708808 0.719994 0.613683 0.997274 0.894625 0.797449 0.670611 0.396651 0.471922 0.372957 0.517661 0.491657 0.626079 0.362806 0.586196 0.234029 0.250887 0.401822 0.498087 0.379136 0.444831 0.324115 0.380601 0.555993 0.589266 0.783033 0.770350 0.618842 0.342975 0.384836 0.577408 0.533475 0.806996
0.977682 0.959287 0.510737 0.504311 0.961609 0.640268 0.431616 0.469424 0.000000 0.418907 0.954480 0.985259 0.826318 0.993459 0.926677 0.903276 0.977177 0.995928 0.853639 0.870699 0.938783 0.806573 0.694591 0.789638 0.975808 0.715360 0.932239 0.943165 0.913797 0.934081 0.684459 0.805516 0.735374 0.686243 0.742129 0.704549 0.957794 0.867319 0.981264 0.914372 0.900150 0.918308 0.498489 0.571975 0.490390 0.552744 0.694625 0.703805 0.551585 0.544544 0.523350 0.521790 0.493391 0.560719 0.993133 0.795412 0.963992 0.950133 0.575627 0.697030 0.755153 0.745136 0.945035 0.958256 0.723805 0.658737 0.472882 0.624909 0.790779 0.898696 0.618214 0.587362 0.988435 0.897151 0.986417 0.873834 0.686762 0.786676 0.838008 0.865165 0.976986 0.917072 0.908794 0.828527 0.919647 0.955535 0.868977 0.909507 0.776142 0.912195 0.384628 0.445028 0.407962 0.392451 0.720299 0.832280 0.576183 0.756921 0.488667 0.518675 0.591263 0.542649 0.681546 0.602783 0.583023 0.626315 0.516419 0.557099 0.943250 0.884811 0.732301 0.536036 0.551271 0.813670 0.557857 0.783124
0.647689 0.648570 0.411874 0.411946 0.977827 0.712370 0.271603 0.258924 0.418907 0.000000 0.590547 0.663713 0.660667 0.815839 0.763390 0.733219 0.592001 0.567417 0.488790 0.464179 0.954222 0.858899 0.548511 0.678382 0.917650 0.760392 0.864461 0.849542 0.696377 0.601823 0.571348 0.540017 0.474051 0.402051 0.781105 0.596622 0.867770 0.902405 0.895157 0.950483 0.925570 0.750245 0.336346 0.354551 0.376967 0.406131 0.527059 0.466635 0.419371 0.469780 0.545963 0.520262 0.553628 0.664542 0.850840 0.760349 0.640382 0.680088 0.441786 0.558354 0.617481 0.596124 0.636237 0.629130 0.719836 0.579929 0.392323 0.482591 0.932144 0.659570 0.441132 0.430364 0.850595 0.676361 0.878822 0.727202 0.505061 0.560278 0.554854 0.589458 0.648352 0.673274 0.892945 0.825899 0.959385 0.883114 0.935997 0.921405 0.901150 0.843530 0.369214 0.383489 0.431577 0.477876 0.543306 0.598144 0.399892 0.649260 0.251907 0.252160 0.426296 0.412805 0.439242 0.458017 0.502167 0.430352 0.587909 0.574303 0.860999 0.915646 0.641181 0.421094 0.410025 0.772236 0.629563 0.772497
0.332848 0.423182 0.463645 0.552393 0.966953 0.740038 0.493534 0.450914 0.954480 0.590547 0.000000 0.404742 0.464031 0.537624 0.649986 0.627125 0.474769 0.294820 0.291499 0.238786 0.814820 0.885120 0.684764 0.645401 0.876654 0.734183 0.991278 0.930751 0.410477 0.359876 0.576300 0.533936 0.500253 0.412809 0.850230 0.918906 0.701505 0.863894 0.798642 0.777417 0.853281 0.929286 0.579767 0.527326 0.621580 0.557143 0.584922 0.561961 0.785983 0.724344 0.805432 0.810521 0.858044 0.959370 0.854006 0.916833 0.436000 0.427716 0.586826 0.539825 0.490110 0.554578 0.397680 0.458979 0.696078 0.608358 0.606746 0.493304 0.602944 0.615048 0.702095 0.645134 0.606598 0.599591 0.854972 0.730302 0.552307 0.530297 0.572394 0.458052 0.444737 0.365760 0.684015 0.661170 0.779184 0.719211 0.875061 0.984904 0.984864 0.769338 0.849966 0.876711 0.873295 0.887117 0.673180 0.635553 0.673873 0.950216 0.572876 0.553501 0.715531 0.637448 0.562512 0.588213 0.597989 0.688857 0.869135 0.900167 0.983549 0.836958 0.767086 0.596889 0.659683 0.743104 0.795589 0.955738
0.252971 0.304244 0.508383 0.541437 0.898733 0.623939 0.559744 0.481015 0.985259 0.663713 0.404742 0.000000 0.278421 0.344499 0.330666 0.251772 0.360623 0.284986 0.401057 0.379619 0.663274 0.804766 0.382376 0.417720 0.688507 0.622394 0.994725 0.899269 0.279922 0.258311 0.462792 0.463141 0.375051 0.359074 0.727398 0.952686 0.625934 0.800148 0.759501 0.892062 0.863062 0.835189 0.570232 0.508133 0.622088 0.529736 0.535437 0.412712 0.776993 0.570026 0.668055 0.613950 0.731624 0.751997 0.727515 0.823198 0.478696 0.437046 0.527429 0.423480 0.291023 0.334482 0.281022 0.290349 0.504779 0.403417 0.588803 0.465632 0.576746 0.386077 0.584876 0.550844 0.348314 0.375965 0.692978 0.654717 0.599307 0.433812 0.489487 0.439674 0.302965 0.247708 0.431167 0.484706 0.413910 0.384375 0.817031 0.893566 0.902178 0.546198 0.922489 0.995196 0.868723 0.891255 0.577415 0.692433 0.609343 0.736783 0.635497 0.559919 0.808957 0.753309 0.610524 0.758694 0.452507 0.502504 0.872365 0.968166 0.994844 0.681068 0.879019 0.598652 0.676644 0.727910 0.730690 0.965781
0.312200 0.480773 0.334889 0.369884 0.844369 0.542586 0.412130 0.409878 0.826318 0.660667 0.464031 0.278421 0.000000 0.350110 0.297437 0.277772 0.557077 0.473032 0.410990 0.475038 0.684617 0.841494 0.288880 0.310379 0.608676 0.475537 0.954373 0.974433 0.435852 0.415871 0.433263 0.511841 0.374199 0.424262 0.639751 0.899047 0.626579 0.834884 0.632830 0.812532 0.832692 0.981013 0.465983 0.449993 0.525118 0.443442 0.445589 0.397044 0.764235 0.462410 0.586814 0.525457 0.627477 0.691660 0.569089 0.638879 0.678573 0.615927 0.451469 0.381053 0.214276 0.287516 0.401667 0.464093 0.268188 0.251667 0.465102 0.388820 0.616450 0.483624 0.567050 0.520530 0.383092 0.459865 0.786364 0.640664 0.542199 0.626034 0.515510 0.485178 0.414490 0.284766 0.522169 0.586844 0.366112 0.269165 0.970706 0.785618 0.739280 0.493647 0.791907 0.882651 0.753210 0.950203 0.596101 0.686445 0.537049 0.754964 0.585293 0.525843 0.746653 0.704640 0.655637 0.762102 0.431265 0.544192 0.878267 0.938446 0.750330 0.726651 0.842090 0.548516 0.564637 0.620764 0.671970 0.827905
0.387283 0.480956 0.572471 0.495691 0.972096 0.773131 0.658231 0.542631 0.993459 0.815839 0.537624 0.344499 0.350110 0.000000 0.267102 0.297557 0.613137 0.454789 0.436963 0.467926 0.660272 0.758721 0.417566 0.368724 0.646212 0.578798 0.959125 0.938933 0.355060 0.389031 0.494029 0.532758 0.441926 0.485678 0.829821 0.993538 0.662822 0.934375 0.770206 0.778929 0.906119 0.822802 0.645721 0.632377 0.792554 0.676864 0.551098 0.622060 0.945468 0.802406 0.874967 0.788886 0.871862 0.962338 0.638526 0.852636 0.652069 0.636441 0.636224 0.611982 0.435238 0.446833 0.500560 0.504583 0.454180 0.412205 0.665758 0.595320 0.663163 0.503538 0.667118 0.695657 0.452636 0.575664 0.858177 0.661880 0.621879 0.619831 0.609331 0.538477 0.504342 0.353378 0.443336 0.388274 0.414743 0.314646 0.995296 0.815012 0.849414 0.470260 0.935164 0.972013 0.881952 0.920649 0.631723 0.746891 0.727896 0.702615 0.741858 0.658446 0.789410 0.862074 0.746009 0.845084 0.598291 0.678698 0.979245 0.965178 0.965448 0.726420 0.924378 0.696516 0.721462 0.731801 0.773621 0.936815
0.439981 0.552660 0.484695 0.456644 0.882006 0.659100 0.568124 0.548192 0.926677 0.763390 0.649986 0.330666 0.297437 0.267102 0.000000 0.241065 0.604712 0.525861 0.493345 0.577110 0.699784 0.766155 0.243041 0.296706 0.519521 0.518399 0.963499 0.901468 0.444472 0.429256 0.371630 0.405276 0.364649 0.452331 0.679703 0.986095 0.685501 0.953859 0.719238 0.932283 0.900920 0.962585 0.564415 0.568809 0.678898 0.583966 0.490843 0.524017 0.855871 0.716862 0.813837 0.703133 0.814756 0.913927 0.577353 0.693357 0.771578 0.756906 0.625782 0.618036 0.384856 0.458641 0.529279 0.571051 0.379204 0.383799 0.589543 0.551578 0.680394 0.566219 0.591243 0.658182 0.398301 0.520823 0.780939 0.706322 0.602274 0.643631 0.518154 0.573436 0.466991 0.384055 0.431247 0.493560 0.344483 0.268612 0.992290 0.827850 0.943593 0.569666 0.939230 0.928578 0.921891 0.856015 0.660173 0.742723 0.629681 0.712239 0.734877 0.654272 0.899260 0.883781 0.829198 0.906594 0.509011 0.615634 0.989017 0.936736 0.861658 0.717387 0.916494 0.686888 0.678829 0.772626 0.737062 0.976035
0.426502 0.493207 0.521044 0.455174 0.791846 0.503371 0.547248 0.528292 0.903276 0.733219 0.627125 0.251772 0.277772 0.297557 0.241065 0.000000 0.549814 0.472654 0.438596 0.547282 0.670732 0.660864 0.251198 0.285593 0.562293 0.532157 0.937275 0.815501 0.393652 0.396270 0.450758 0.461851 0.353544 0.422469 0.730545 0.975501 0.720065 0.905687 0.779857 0.897409 0.920781 0.873381 0.481778 0.467015 0.636624 0.531878 0.510233 0.454077 0.799715 0.595741 0.667156 0.562499 0.670372 0.693583 0.634172 0.726381 0.704296 0.671662 0.571067 0.553800 0.361182 0.427040 0.446073 0.472809 0.391291 0.358007 0.561689 0.521961 0.691915 0.473392 0.511814 0.532597 0.364896 0.411918 0.697402 0.637890 0.550036 0.586737 0.531147 0.506188 0.432098 0.343343 0.522213 0.535181 0.339829 0.261813 0.852115 0.886439 0.913940 0.590587 0.808272 0.891888 0.786301 0.981102 0.603405 0.663248 0.612804 0.679955 0.669781 0.566714 0.847287 0.738739 0.729767 0.824571 0.442838 0.554879 0.896508 0.984906 0.943094 0.714725 0.852399 0.584331 0.578727 0.687106 0.686101 0.913029
0.264073 0.199072 0.669248 0.719634 0.925370 0.901342 0.590209 0.525780 0.977177 0.592001 0.474769 0.360623 0.557077 0.613137 0.604712 0.549814 0.000000 0.199701 0.382359 0.360770 0.732594 0.806004 0.567117 0.705858 0.778649 0.801443 0.888633 0.906104 0.294843 0.305150 0.539381 0.484623 0.415398 0.372693 0.802975 0.752297 0.664808 0.684074 0.884699 0.806318 0.805849 0.592233 0.487888 0.448707 0.539841 0.481235 0.521963 0.409419 0.625206 0.599429 0.632803 0.690885 0.758191 0.858068 0.783100 0.921224 0.178002 0.233283 0.393412 0.468737 0.477342 0.546228 0.208904 0.226707 0.728505 0.687982 0.570140 0.480993 0.465203 0.367642 0.537674 0.513244 0.507216 0.521562 0.814807 0.679107 0.521711 0.409522 0.395711 0.500732 0.212821 0.397896 0.460147 0.523877 0.609221 0.685196 0.792926 0.794980 0.983055 0.795580 0.884478 0.910249 0.848536 0.980659 0.601314 0.731866 0.628274 0.622767 0.521316 0.492359 0.852054 0.733042 0.463051 0.557257 0.513865 0.515947 0.813013 0.826066 0.927775 0.663877 0.739069 0.557951 0.692249 0.777800 0.707863 0.928108
0.214222 0.237920 0.558175 0.608879 0.998716 0.852356 0.513517 0.461517 0.995928 0.567417 0.294820 0.284986 0.473032 0.454789 0.525861 0.472654 0.199701 0.000000 0.263622 0.222985 0.747164 0.780983 0.538452 0.610301 0.774478 0.693490 0.964462 0.897774 0.215721 0.198032 0.501647 0.424178 0.367109 0.280055 0.775474 0.881242 0.615209 0.735969 0.802969 0.720296 0.829228 0.689664 0.465677 0.398058 0.567437 0.464053 0.525263 0.404126 0.644364 0.608439 0.678382 0.706515 0.751009 0.875335 0.780511 0.898026 0.213557 0.231139 0.434373 0.464750 0.424707 0.519667 0.191490 0.223313 0.681169 0.607772 0.560965 0.433340 0.494549 0.424465 0.533129 0.532847 0.495457 0.467736 0.808522 0.623060 0.491311 0.399616 0.408146 0.368264 0.238486 0.268082 0.454618 0.493699 0.583829 0.608071 0.778332 0.881669 0.969673 0.722697 0.852604 0.865743 0.841707 0.952127 0.557531 0.679341 0.637805 0.715938 0.495760 0.459617 0.757891 0.647778 0.464165 0.545621 0.492212 0.520121 0.854205 0.865461 0.984818 0.716669 0.773620 0.532600 0.631815 0.741075 0.736926 0.974951
0.316232 0.405853 0.425408 0.424798 0.962491 0.717807 0.369662 0.374790 0.853639 0.488790 0.291499 0.401057 0.410990 0.436963 0.493345 0.438596 0.382359 0.263622 0.000000 0.266668 0.729936 0.719691 0.475441 0.487770 0.738937 0.646221 0.942927 0.930141 0.309764 0.289418 0.446602 0.372193 0.334745 0.282581 0.815626 0.779593 0.624149 0.893589 0.786663 0.765616 0.956319 0.768831 0.355591 0.339253 0.496096 0.419325 0.416139 0.403098 0.612426 0.606259 0.713211 0.695178 0.744940 0.891691 0.825468 0.840349 0.407463 0.457122 0.446197 0.522873 0.459807 0.580372 0.348935 0.456814 0.580105 0.530540 0.479391 0.474213 0.604845 0.517777 0.482156 0.485536 0.571368 0.535768 0.782016 0.599345 0.424420 0.485414 0.502994 0.385903 0.404874 0.371892 0.697503 0.590083 0.672487 0.623485 0.905724 0.936489 0.972503 0.800099 0.704530 0.729191 0.747607 0.776011 0.601215 0.559273 0.568591 0.712618 0.425960 0.374909 0.642763 0.553284 0.495476 0.494507 0.493907 0.574975 0.869770 0.851964 0.876057 0.847843 0.722682 0.476934 0.472748 0.695611 0.660619 0.844191
0.271622 0.342634 0.496218 0.524305 0.926000 0.795044 0.468686 0.373969 0.870699 0.464179 0.238786 0.379619 0.475038 0.467926 0.577110 0.547282 0.360770 0.222985 0.266668 0.000000 0.770351 0.797409 0.572336 0.613833 0.864921 0.730880 0.867827 0.921047 0.315326 0.276231 0.510664 0.400594 0.404069 0.297841 0.736035 0.808334 0.645220 0.802286 0.772043 0.813542 0.858461 0.815455 0.488260 0.432440 0.559057 0.499070 0.515012 0.433889 0.649900 0.646677 0.762227 0.767662 0.782861 0.963506 0.822365 0.865298 0.341746 0.345949 0.465696 0.506763 0.475304 0.519750 0.335365 0.360775 0.690156 0.598531 0.563299 0.487885 0.573447 0.458894 0.618222 0.582810 0.602388 0.595943 0.768528 0.684189 0.529769 0.521747 0.520503 0.419872 0.397438 0.333186 0.597759 0.587177 0.751977 0.691690 0.879204 0.928218 0.937401 0.687052 0.809917 0.817313 0.825054 0.881258 0.577997 0.660049 0.594739 0.728664 0.480660 0.456764 0.617182 0.576226 0.496832 0.506139 0.552620 0.591997 0.886621 0.869729 0.914369 0.774142 0.660160 0.552148 0.598567 0.761344 0.712260 0.905136
0.685198 0.740847 0.741432 0.672631 0.929312 0.843982 0.767790 0.751725 0.938783 0.954222 0.814820 0.663274 0.684617 0.660272 0.699784 0.670732 0.732594 0.747164 0.729936 0.770351 0.000000 0.785011 0.629442 0.651492 0.739882 0.776221 0.927041 0.892951 0.755121 0.715718 0.653677 0.756059 0.654164 0.646717 0.746705 0.972179 0.676969 0.862204 0.768136 0.844463 0.845632 0.965454 0.751205 0.777416 0.760713 0.718706 0.614095 0.696975 0.910749 0.816956 0.847295 0.826435 0.855910 0.961491 0.833904 0.837363 0.790570 0.797580 0.729698 0.665989 0.634328 0.672388 0.648205 0.716788 0.671564 0.652537 0.733414 0.696897 0.882800 0.733372 0.797374 0.771590 0.678890 0.767831 0.773689 0.746513 0.813993 0.768832 0.800538 0.779568 0.738434 0.692837 0.661602 0.654303 0.694442 0.664562 0.964250 0.814234 0.892013 0.729569 0.982627 0.960664 0.894228 0.910130 0.910542 0.709689 0.797414 0.899033 0.870330 0.726778 0.993621 0.989426 0.708258 0.810383 0.805952 0.736925 0.979711 0.910565 0.957360 0.895123 0.996814 0.891541 0.908424 0.775202 0.779204 0.872479
0.852684 0.866675 0.840556 0.796712 0.882783 0.743356 0.790270 0.801599 0.806573 0.858899 0.885120 0.804766 0.841494 0.758721 0.766155 0.660864 0.806004 0.780983 0.719691 0.797409 0.785011 0.000000 0.774632 0.742745 0.897203 0.847468 0.896342 0.750349 0.773972 0.839439 0.758108 0.691868 0.733598 0.729771 0.835847 0.959270 0.946845 0.785566 0.926005 0.924203 0.957176 0.940852 0.746372 0.754505 0.828645 0.776982 0.854517 0.819975 0.899032 0.873666 0.904412 0.860463 0.892328 0.898733 0.995238 0.967974 0.892078 0.893767 0.841550 0.892742 0.890078 0.967611 0.805258 0.876586 0.903574 0.851564 0.810426 0.839240 0.976843 0.879673 0.767606 0.779089 0.839235 0.795229 0.999308 0.970320 0.860570 0.763116 0.924031 0.765885 0.880351 0.883893 0.897294 0.972518 0.923001 0.842424 0.915869 0.987233 0.995986 0.982053 0.803963 0.884330 0.874713 0.868155 0.857429 0.811361 0.940493 0.898874 0.829464 0.749486 0.888946 0.843477 0.837012 0.653704 0.783334 0.863799 0.996797 0.999310 0.931043 0.865948 0.866033 0.925992 0.811947 0.797431 0.893663 0.978394
0.440467 0.529830 0.329573 0.311527 0.774575 0.590070 0.329905 0.358405 0.694591 0.548511 0.684764 0.382376 0.288880 0.417566 0.243041 0.251198 0.567117 0.538452 0.475441 0.572336 0.629442 0.774632 0.000000 0.256947 0.523197 0.450153 0.944575 0.961420 0.507783 0.457553 0.263465 0.394038 0.250457 0.348606 0.503439 0.784733 0.563557 0.853517 0.670393 0.856814 0.904540 0.914647 0.342484 0.364651 0.382439 0.343995 0.347485 0.346962 0.601623 0.470885 0.514194 0.428897 0.522998 0.645869 0.495730 0.570677 0.724436 0.710502 0.402139 0.424369 0.264501 0.323626 0.459595 0.476365 0.273965 0.279515 0.313874 0.329237 0.731046 0.479361 0.343616 0.382799 0.406202 0.447092 0.753592 0.690768 0.400145 0.622481 0.429894 0.537114 0.433809 0.417581 0.477911 0.540629 0.366515 0.310632 0.958754 0.998543 0.803990 0.578572 0.654699 0.793732 0.614189 0.915595 0.515867 0.642845 0.406827 0.602708 0.493100 0.440370 0.749085 0.709844 0.594372 0.726412 0.318141 0.386309 0.695632 0.834585 0.747356 0.716280 0.677566 0.498551 0.520792 0.643734 0.548865 0.853936
0.530497 0.648658 0.372786 0.334131 0.822858 0.663227 0.472148 0.456609 0.789638 0.678382 0.645401 0.417720 0.310379 0.368724 0.296706 0.285593 0.705858 0.610301 0.487770 0.613833 0.651492 0.742745 0.256947 0.000000 0.547680 0.485502 0.927151 0.874431 0.538970 0.467721 0.383649 0.449012 0.413749 0.428143 0.681394 0.972862 0.690751 0.925855 0.659335 0.868494 0.959320 0.977236 0.510766 0.529566 0.603547 0.528711 0.481882 0.501955 0.754508 0.629348 0.694874 0.602049 0.720145 0.770157 0.627716 0.612065 0.857793 0.842601 0.598795 0.579281 0.374782 0.448524 0.601494 0.621887 0.362295 0.314401 0.509847 0.510485 0.822254 0.621490 0.556200 0.579409 0.426867 0.529106 0.830288 0.732162 0.566708 0.687296 0.578181 0.550147 0.545399 0.458625 0.626031 0.591362 0.459709 0.360864 0.932317 0.878377 0.843234 0.627971 0.757093 0.876310 0.763678 0.995032 0.589156 0.782475 0.546117 0.652139 0.662344 0.576897 0.762700 0.869107 0.727438 0.849316 0.558376 0.624975 0.824666 0.892712 0.762924 0.736459 0.814465 0.615645 0.586052 0.632798 0.718761 0.920154
0.667102 0.813885 0.637073 0.745085 0.935012 0.845516 0.779355 0.892234 0.975808 0.917650 0.876654 0.688507 0.608676 0.646212 0.519521 0.562293 0.778649 0.774478 0.738937 0.864921 0.739882 0.897203 0.523197 0.547680 0.000000 0.448819 0.781169 0.917962 0.713038 0.681390 0.466099 0.533014 0.632773 0.725379 0.622528 0.919057 0.631372 0.836244 0.629061 0.807411 0.958134 0.926657 0.720399 0.712307 0.769711 0.714441 0.645043 0.661615 0.944935 0.898533 0.822647 0.802875 0.855331 0.993851 0.676026 0.796985 0.909369 0.930642 0.764749 0.744613 0.607297 0.752553 0.729151 0.798216 0.484725 0.623039 0.683727 0.727787 0.739766 0.707303 0.839084 0.888007 0.465458 0.648858 0.718567 0.974068 0.769687 0.895888 0.720742 0.670690 0.713379 0.707015 0.601336 0.779759 0.510636 0.480689 0.854945 0.964099 0.997600 0.787209 0.801087 0.698475 0.828813 0.747931 0.818243 0.879998 0.735747 0.969227 0.971992 0.980391 0.771772 0.988032 0.963816 0.921449 0.776898 0.830284 0.963825 0.975181 0.894074 0.791492 0.910902 0.868024 0.915380 0.869677 0.703944 0.914850
0.644435 0.777270 0.401181 0.446731 0.990562 0.619854 0.499556 0.608495 0.715360 0.760392 0.734183 0.622394 0.475537 0.578798 0.518399 0.532157 0.801443 0.693490 0.646221 0.730880 0.776221 0.847468 0.450153 0.485502 0.448819 0.000000 0.880511 0.989856 0.716218 0.631339 0.339141 0.490480 0.458292 0.511259 0.579437 0.887131 0.677800 0.887992 0.586116 0.554212 0.995883 0.917020 0.493436 0.451072 0.559835 0.510884 0.556341 0.516621 0.747572 0.602183 0.552729 0.513564 0.545580 0.664020 0.601258 0.674725 0.944127 0.886247 0.592064 0.598134 0.484125 0.569559 0.657086 0.735921 0.384272 0.410594 0.475104 0.477107 0.937340 0.730675 0.663141 0.530121 0.479546 0.469583 0.793280 0.829728 0.593805 0.840569 0.633073 0.527147 0.723745 0.592231 0.662083 0.736135 0.587639 0.448045 0.867724 0.919761 0.767594 0.620059 0.782697 0.937708 0.836100 0.834094 0.713088 0.845337 0.573035 0.828470 0.649636 0.650100 0.839296 0.693688 0.734920 0.747308 0.485402 0.714513 0.746030 0.792959 0.949440 0.746350 0.857653 0.708137 0.594001 0.789017 0.599730 0.828054
0.901843 0.797903 0.994897 0.962296 0.896246 0.861944 0.936566 0.799033 0.932239 0.864461 0.991278 0.994725 0.954373 0.959125 0.963499 0.937275 0.888633 0.964462 0.942927 0.867827 0.927041 0.896342 0.944575 0.927151 0.781169 0.880511 0.000000 0.799107 0.950345 0.873873 0.826999 0.953638 0.923146 0.873582 0.869912 0.667159 0.842912 0.858752 0.998718 0.843748 0.840680 0.934379 0.959730 0.952339 0.853044 0.920081 0.938277 0.932573 0.897329 0.920687 0.906689 0.934219 0.977213 0.932177 0.938655 0.944519 0.780639 0.789247 0.869882 0.868274 0.922437 0.884918 0.867725 0.795579 0.920637 0.953177 0.876843 0.850736 0.908165 0.818757 0.788698 0.832144 0.984546 0.883987 0.897618 0.945942 0.979841 0.856560 0.950006 0.884646 0.854336 0.961538 0.996381 0.857564 0.818683 0.821962 0.915769 0.859695 0.742123 0.946651 0.863336 0.948594 0.855489 0.995302 0.865983 0.995319 0.828635 0.643234 0.808343 0.872025 0.737903 0.954295 0.718758 0.811170 0.952341 0.806713 0.807892 0.864852 0.819669 0.936724 0.769142 0.918100 0.889978 0.918400 0.924299 0.896806
0.943693 0.948537 0.842090 0.888479 0.943770 0.604708 0.883454 0.857103 0.943165 0.849542 0.930751 0.899269 0.974433 0.938933 0.901468 0.815501 0.906104 0.897774 0.930141 0.921047 0.892951 0.750349 0.961420 0.874431 0.917962 0.989856 0.799107 0.000000 0.909476 0.962729 0.931724 0.965725 0.999787 0.988355 0.978669 0.840321 0.857319 0.903479 0.946525 0.952614 0.963699 0.986505 0.965782 0.990136 0.841577 0.924124 0.895558 0.960748 0.852149 0.955070 0.919523 0.960655 0.996005 0.998393 0.881834 0.791938 0.923097 0.904014 0.964150 0.972034 0.929874 0.889585 0.910855 0.940857 0.860620 0.827338 0.851146 0.886127 0.864282 0.978159 0.982462 0.932912 0.936004 0.965640 0.938667 0.922110 0.981528 0.906045 0.952088 0.890202 0.921382 0.955092 0.991811 0.985059 0.984675 0.930608 0.749842 0.978827 0.759927 0.949548 0.925872 0.885248 0.861239 0.935050 0.995023 0.776978 0.913518 0.928815 0.923646 0.977549 0.695204 0.969709 0.943394 0.906761 0.949852 0.946888 0.842579 0.688457 0.836415 0.981530 0.815770 0.907228 0.911016 0.986647 0.964423 0.950828
0.244382 0.276502 0.633163 0.606714 0.940833 0.815474 0.623533 0.536813 0.913797 0.696377 0.410477 0.279922 0.435852 0.355060 0.444472 0.393652 0.294843 0.215721 0.309764 0.315326 0.755121 0.773972 0.507783 0.538970 0.713038 0.716218 0.950345 0.909476 0.000000 0.216341 0.511069 0.446640 0.428799 0.344804 0.760670 0.899110 0.558382 0.770560 0.803674 0.807932 0.763438 0.759243 0.575011 0.521484 0.659862 0.572625 0.562197 0.474721 0.730342 0.701542 0.798355 0.790055 0.860034 0.968641 0.676811 0.837437 0.329380 0.351808 0.545622 0.512476 0.443137 0.500421 0.278414 0.294822 0.637277 0.560867 0.635632 0.533666 0.492656 0.392360 0.569372 0.613837 0.469468 0.517800 0.737094 0.723130 0.502224 0.443712 0.580409 0.455092 0.260495 0.271996 0.474489 0.401773 0.475332 0.507237 0.797247 0.987726 0.963894 0.562437 0.963078 0.963052 0.912707 0.950350 0.618396 0.745911 0.708000 0.727510 0.610944 0.557760 0.803450 0.783691 0.633214 0.643404 0.575377 0.621256 0.992791 0.971828 0.986824 0.649147 0.781011 0.568836 0.698923 0.695960 0.761321 0.965406
0.250605 0.291735 0.539388 0.573388 0.967204 0.839238 0.549441 0.489553 0.934081 0.601823 0.359876 0.258311 0.415871 0.389031 0.429256 0.396270 0.305150 0.198032 0.289418 0.276231 0.715718 0.839439 0.457553 0.467721 0.681390 0.631339 0.873873 0.962729 0.216341 0.000000 0.414691 0.390971 0.351810 0.264335 0.724922 0.814315 0.570965 0.740647 0.680624 0.870313 0.835382 0.804322 0.516267 0.428782 0.597187 0.499606 0.514875 0.404631 0.694095 0.616412 0.735697 0.706385 0.784242 0.903036 0.678040 0.826295 0.349681 0.338371 0.542527 0.496777 0.412195 0.471430 0.279448 0.274630 0.620434 0.544936 0.577768 0.473118 0.451281 0.379368 0.554793 0.562306 0.403491 0.382220 0.756681 0.631395 0.553219 0.462381 0.485158 0.426055 0.287535 0.251534 0.481038 0.374900 0.568671 0.557069 0.875702 0.971521 0.965014 0.639870 0.941640 0.990658 0.945070 0.899473 0.518893 0.701277 0.570408 0.663802 0.562497 0.507098 0.732386 0.698186 0.533059 0.663640 0.569091 0.555111 0.886916 0.939867 0.932527 0.675451 0.748615 0.569778 0.631408 0.764572 0.769482 0.920585
0.410277 0.492375 0.288185 0.321999 0.906294 0.701171 0.323830 0.380857 0.684459 0.571348 0.576300 0.462792 0.433263 0.494029 0.371630 0.450758 0.539381 0.501647 0.446602 0.510664 0.653677 0.758108 0.263465 0.383649 0.466099 0.339141 0.826999 0.931724 0.511069 0.414691 0.000000 0.299358 0.235774 0.288367 0.450580 0.679003 0.518327 0.690440 0.599006 0.785344 0.906625 0.864856 0.328206 0.303206 0.303785 0.286683 0.315785 0.312103 0.524363 0.500139 0.470526 0.441296 0.507606 0.706244 0.555815 0.621898 0.641078 0.639839 0.402626 0.394492 0.309075 0.384248 0.441772 0.476233 0.353347 0.349574 0.263423 0.287583 0.741621 0.481095 0.393434 0.385638 0.374684 0.375022 0.706463 0.756844 0.425251 0.585470 0.437022 0.464533 0.474340 0.504460 0.492065 0.557134 0.565662 0.479343 0.887719 0.901781 0.840628 0.584694 0.755831 0.917479 0.756642 0.913991 0.573667 0.693300 0.372848 0.684234 0.462918 0.477090 0.685150 0.660768 0.546106 0.592332 0.397459 0.456263 0.647574 0.720682 0.807360 0.721954 0.608621 0.556234 0.507271 0.642357 0.455408 0.899247
0.429965 0.576707 0.422645 0.460011 0.933636 0.740691 0.448673 0.463839 0.805516 0.540017 0.533936 0.463141 0.511841 0.532758 0.405276 0.461851 0.484623 0.424178 0.372193 0.400594 0.756059 0.691868 0.394038 0.449012 0.533014 0.490480 0.953638 0.965725 0.446640 0.390971 0.299358 0.000000 0.326861 0.366390 0.632919 0.813004 0.608468 0.859073 0.648958 0.822507 0.866176 0.810807 0.443042 0.430907 0.523792 0.517196 0.502728 0.441396 0.724508 0.774350 0.796663 0.768825 0.825966 0.984972 0.737826 0.774401 0.590823 0.668279 0.591158 0.666888 0.521234 0.633485 0.510033 0.562122 0.562173 0.550954 0.498727 0.531107 0.662085 0.568361 0.582105 0.554375 0.460880 0.503256 0.664665 0.877861 0.570969 0.581947 0.545604 0.507650 0.510355 0.462917 0.660618 0.657826 0.668352 0.591622 0.986332 0.996210 0.950745 0.738087 0.840964 0.946099 0.881243 0.971578 0.679831 0.732943 0.520429 0.767792 0.557982 0.523782 0.745245 0.704071 0.620371 0.582994 0.585068 0.625759 0.899397 0.859511 0.970807 0.725608 0.665422 0.598705 0.542935 0.742910 0.591381 0.869753
0.337569 0.419735 0.332325 0.340517 0.916027 0.661156 0.289987 0.313999 0.735374 0.474051 0.500253 0.375051 0.374199 0.441926 0.364649 0.353544 0.415398 0.367109 0.334745 0.404069 0.654164 0.733598 0.250457 0.413749 0.632773 0.458292 0.923146 0.999787 0.428799 0.351810 0.235774 0.326861 0.000000 0.244061 0.585346 0.657558 0.543456 0.740573 0.728186 0.779525 0.894505 0.770345 0.266396 0.241845 0.314833 0.268836 0.303853 0.291402 0.540011 0.456679 0.465343 0.423599 0.500557 0.655043 0.580267 0.586906 0.522379 0.498516 0.351729 0.366083 0.293773 0.341844 0.334880 0.389164 0.361479 0.335350 0.260536 0.265805 0.710673 0.418819 0.310308 0.324054 0.446390 0.386571 0.773767 0.674308 0.325198 0.537696 0.346322 0.444700 0.382851 0.384704 0.476838 0.544390 0.496508 0.427485 0.965422 0.884281 0.907516 0.650754 0.602731 0.723536 0.596810 0.816977 0.552797 0.584456 0.382965 0.611311 0.357309 0.341138 0.591703 0.533497 0.506939 0.550766 0.302604 0.341521 0.719194 0.677134 0.890344 0.685778 0.606337 0.478272 0.418266 0.648560 0.474920 0.860634
0.301541 0.369548 0.350478 0.355953 0.943818 0.642396 0.278818 0.295144 0.686243 0.402051 0.412809 0.359074 0.424262 0.485678 0.452331 0.422469 0.372693 0.280055 0.282581 0.297841 0.646717 0.729771 0.348606 0.428143 0.725379 0.511259 0.873582 0.988355 0.344804 0.264335 0.288367 0.366390 0.244061 0.000000 0.551972 0.738239 0.555598 0.714116 0.756630 0.773354 0.885837 0.842549 0.283230 0.226564 0.321318 0.263781 0.348082 0.296362 0.464117 0.429762 0.491113 0.460753 0.508150 0.694851 0.618777 0.634890 0.441682 0.454794 0.348424 0.379274 0.320047 0.399757 0.305335 0.353057 0.462438 0.391757 0.315418 0.279580 0.713534 0.419355 0.413078 0.396341 0.513323 0.436640 0.752007 0.622990 0.374166 0.506811 0.392249 0.359908 0.349786 0.346459 0.559884 0.494728 0.571796 0.545981 0.905498 0.821342 0.948912 0.695299 0.650676 0.699779 0.650969 0.771488 0.475991 0.633567 0.456183 0.623761 0.342792 0.331015 0.597306 0.556898 0.447438 0.457029 0.368345 0.413731 0.675589 0.688653 0.866522 0.732858 0.627129 0.409567 0.435304 0.650300 0.490818 0.873752
0.629481 0.709657 0.527409 0.606118 0.924796 0.725078 0.532090 0.608285 0.742129 0.781105 0.850230 0.727398 0.639751 0.829821 0.679703 0.730545 0.802975 0.775474 0.815626 0.736035 0.746705 0.835847 0.503439 0.681394 0.622528 0.579437 0.869912 0.978669 0.760670 0.724922 0.450580 0.632919 0.585346 0.551972 0.000000 0.763503 0.587831 0.691068 0.733919 0.805126 0.882143 0.882632 0.578936 0.582855 0.450709 0.514158 0.641898 0.565994 0.684352 0.577460 0.574588 0.546746 0.595168 0.721109 0.641246 0.651918 0.804427 0.755849 0.568868 0.507299 0.504416 0.568709 0.624238 0.619051 0.600353 0.608114 0.469611 0.466976 0.823538 0.665018 0.569210 0.596887 0.682068 0.652965 0.864257 0.957112 0.688876 0.782207 0.662923 0.711463 0.677527 0.757632 0.745852 0.891401 0.719710 0.715138 0.836273 0.772075 0.801022 0.771185 0.808044 0.934603 0.722743 0.868511 0.560969 0.829891 0.567995 0.775661 0.584176 0.691553 0.846721 0.856504 0.750326 0.727097 0.543751 0.551609 0.723079 0.704323 0.693319 0.756879 0.585596 0.658151 0.773056 0.793705 0.698004 0.812647
0.808327 0.687636 0.755735 0.731818 0.984125 0.987572 0.638007 0.607654 0.704549 0.596622 0.918906 0.952686 0.899047 0.993538 0.986095 0.975501 0.752297 0.881242 0.779593 0.808334 0.972179 0.959270 0.784733 0.972862 0.919057 0.887131 0.667159 0.840321 0.899110 0.814315 0.679003 0.813004 0.657558 0.738239 0.763503 0.000000 0.858230 0.572107 0.940672 0.920923 0.912786 0.840429 0.612390 0.620048 0.495175 0.616617 0.686441 0.670132 0.602399 0.618708 0.629900 0.637485 0.721480 0.739848 0.873424 0.891073 0.728792 0.708357 0.609704 0.675452 0.787435 0.696073 0.767061 0.697168 0.850450 0.837893 0.531775 0.588318 0.893176 0.668696 0.533195 0.490503 0.893773 0.818140 0.991159 0.971215 0.651991 0.700354 0.736595 0.975431 0.806278 0.947596 0.900465 0.865944 0.916514 0.963990 0.911162 0.852365 0.928603 0.922184 0.635566 0.677469 0.635391 0.695733 0.790360 0.749254 0.620898 0.631650 0.534944 0.573154 0.582751 0.568503 0.621254 0.650597 0.658779 0.644556 0.587214 0.692439 0.802377 0.935873 0.500667 0.693170 0.676284 0.727133 0.596331 0.726686
0.485477 0.626888 0.603819 0.650383 0.879516 0.980351 0.641971 0.653736 0.957794 0.867770 0.701505 0.625934 0.626579 0.662822 0.685501 0.720065 0.664808 0.615209 0.624149 0.645220 0.676969 0.946845 0.563557 0.690751 0.631372 0.677800 0.842912 0.857319 0.558382 0.570965 0.518327 0.608468 0.543456 0.555598 0.587831 0.858230 0.000000 0.772565 0.660602 0.775462 0.798909 0.915722 0.680229 0.645137 0.609767 0.611280 0.591301 0.570975 0.814868 0.728478 0.735116 0.758007 0.783538 0.936620 0.758912 0.812390 0.636086 0.669330 0.630069 0.576001 0.528102 0.568909 0.555093 0.578599 0.597484 0.622598 0.590843 0.531034 0.780615 0.627144 0.647355 0.743218 0.614558 0.627824 0.822103 0.919019 0.534258 0.757405 0.681428 0.781092 0.606570 0.651246 0.703584 0.760107 0.666943 0.690296 0.972263 0.803419 0.852078 0.722684 0.968285 0.988110 0.865222 0.989199 0.707171 0.748696 0.712164 0.879078 0.710091 0.700827 0.943182 0.894582 0.634764 0.727732 0.580487 0.651777 0.914238 0.827097 0.899413 0.761216 0.774122 0.648076 0.746580 0.886258 0.668159 0.831986
0.689480 0.625498 0.796166 0.867984 0.992076 0.840654 0.812508 0.807135 0.867319 0.902405 0.863894 0.800148 0.834884 0.934375 0.953859 0.905687 0.684074 0.735969 0.893589 0.802286 0.862204 0.785566 0.853517 0.925855 0.836244 0.887992 0.858752 0.903479 0.770560 0.740647 0.690440 0.859073 0.740573 0.714116 0.691068 0.572107 0.772565 0.000000 0.851107 0.963982 0.849838 0.962118 0.743872 0.690226 0.604102 0.604204 0.706353 0.712615 0.691424 0.582704 0.545418 0.604378 0.641162 0.657584 0.767363 0.785918 0.647347 0.604010 0.660771 0.598451 0.665456 0.694731 0.586462 0.586059 0.799005 0.808261 0.658815 0.595918 0.860085 0.658360 0.686226 0.719431 0.728070 0.705248 0.928316 0.963577 0.890565 0.667031 0.808702 0.915408 0.731938 0.876483 0.717599 0.906156 0.889184 0.889703 0.887782 0.935797 0.968608 0.928251 0.949787 0.957607 0.893277 0.973597 0.821517 0.858972 0.829965 0.820224 0.759788 0.805960 0.831021 0.759049 0.689902 0.791618 0.774847 0.684092 0.763016 0.789130 0.978863 0.881937 0.602428 0.780814 0.899105 0.831300 0.683524 0.821975
