0.000000 0.307192 0.979286 0.850623 0.926267 0.822823 0.971093 0.873987 0.864139 0.963452 0.536346 0.410341 0.499907 0.508886 0.711665 0.584315 0.411349 0.410953 0.424490 0.362688 0.962372 0.772650 0.802209 0.867402 0.859066 0.845569 0.817528 0.947282 0.562538 0.530625 0.986699 0.888194 0.772246 0.749420 0.954332 0.949585 0.767720 0.620174 0.920981 0.648976 0.836975 0.828688 0.771104 0.705841 0.932717 0.740644 0.557329 0.602342 0.692508 0.534819 0.700648 0.527081 0.820752 0.943580 0.836828 0.813451 0.376956 0.321474 0.588153 0.518067 0.762762 0.776369 0.620029 0.521914 0.934405 0.946132 0.928912 0.987882 0.382806 0.417602 0.947008 0.971179 0.822422 0.684198 0.801867 0.965550 0.805450 0.820259 0.638805 0.598271 0.346618 0.339741 0.504425 0.455469 0.614864 0.740253 0.857788 0.913247 0.878473 0.631283 0.867143 0.881979 0.786531 0.787301 0.981737 0.951592 0.958075 0.899513 0.810991 0.896901 0.842378 0.961412 0.645348 0.722784 0.982883 0.860727 0.964246 0.917669 0.855378 0.799983 0.892274 0.928831 0.953101 0.790665 0.785960 0.873111
0.307192 0.000000 0.970383 0.896255 0.865104 0.740205 0.887828 0.852023 0.886092 0.944323 0.582224 0.433739 0.616025 0.588943 0.874032 0.663140 0.413390 0.374053 0.415309 0.393503 0.874386 0.814383 0.876776 0.938915 0.931285 0.772209 0.846653 0.838252 0.577628 0.619872 0.971320 0.898657 0.797658 0.702978 0.936369 0.948751 0.877085 0.596844 0.977387 0.735513 0.917623 0.901987 0.637478 0.571478 0.780515 0.589835 0.559183 0.593136 0.554146 0.400156 0.548185 0.419344 0.671216 0.812564 0.878456 0.791458 0.258170 0.240498 0.568673 0.489577 0.800454 0.824438 0.626084 0.523982 0.889653 0.859537 0.960820 0.985791 0.547046 0.419493 0.959663 0.999233 0.987618 0.802076 0.898809 0.980790 0.752371 0.831359 0.589785 0.566365 0.343833 0.363810 0.598355 0.435508 0.662331 0.828006 0.936516 0.946731 0.914613 0.717135 0.939262 0.988474 0.916434 0.850082 0.902686 0.988242 0.988092 0.835180 0.802700 0.804434 0.940777 0.904702 0.575657 0.746061 0.979673 0.960667 0.947232 0.866670 0.984495 0.760379 0.726627 0.859617 0.797021 0.642808 0.803682 0.891961
0.979286 0.970383 0.000000 0.427252 0.905665 0.798439 0.488322 0.529250 0.482043 0.863767 0.889907 0.997287 0.816114 0.864227 0.951870 0.890340 0.863319 0.833720 0.840466 0.973651 0.902508 0.953676 0.677105 0.766786 0.673798 0.493238 0.847811 0.942572 0.942020 0.933861 0.623224 0.703451 0.616986 0.667373 0.748042 0.831221 0.776628 0.982023 0.935079 0.952782 0.973871 0.984798 0.708128 0.738565 0.735795 0.767077 0.663375 0.753944 0.861077 0.978506 0.971073 0.951690 0.885842 0.899392 0.966146 0.847096 0.973596 0.851909 0.891394 0.915416 0.490339 0.506448 0.918884 0.911317 0.417536 0.346417 0.565377 0.495385 0.993789 0.894587 0.739302 0.744966 0.744806 0.780142 0.898614 0.880567 0.782035 0.775504 0.889032 0.908035 0.813899 0.851551 0.991320 0.812125 0.842561 0.717900 0.981956 0.871582 0.921824 0.951670 0.678900 0.857972 0.762688 0.883337 0.865388 0.973973 0.860719 0.948926 0.695988 0.722345 0.712129 0.913335 0.999391 0.820606 0.719424 0.872389 0.880190 0.827497 0.752463 0.953814 0.804434 0.860890 0.779132 0.864113 0.755541 0.989558
0.850623 0.896255 0.427252 0.000000 0.956986 0.845722 0.531430 0.397480 0.500353 0.689694 0.896834 0.760504 0.693594 0.665821 0.800364 0.635283 0.994481 0.951539 0.685690 0.872719 0.965844 0.895288 0.464579 0.653493 0.758949 0.625194 0.855831 0.994445 0.974609 0.938820 0.575629 0.547964 0.604489 0.661922 0.761765 0.827576 0.763860 0.976697 0.917867 0.946468 0.933884 0.932319 0.532206 0.524057 0.691783 0.609049 0.531835 0.597048 0.965693 0.803951 0.730590 0.729677 0.733775 0.700319 0.959352 0.936222 0.935440 0.981899 0.738809 0.774550 0.503626 0.396972 0.981460 0.876378 0.547079 0.435446 0.575891 0.527225 0.924745 0.994648 0.653982 0.635918 0.777081 0.800754 0.915403 0.876135 0.663554 0.737292 0.890359 0.881607 0.984128 0.963784 0.899080 0.961492 0.838879 0.747526 0.935376 0.877761 0.744103 0.907101 0.631379 0.823250 0.729316 0.853203 0.879101 0.927856 0.761158 0.847645 0.554230 0.585259 0.588715 0.882423 0.923759 0.738939 0.590145 0.707933 0.883567 0.664074 0.660749 0.837182 0.721029 0.808619 0.716369 0.801565 0.627601 0.960731
0.926267 0.865104 0.905665 0.956986 0.000000 0.914145 0.983608 0.999103 0.937776 0.996075 0.930821 0.998804 0.952160 0.995440 0.892109 0.944636 0.958583 0.950603 0.998774 0.878371 0.982422 0.906839 0.900331 0.978551 0.860997 0.974914 0.908665 0.909254 0.971892 0.952213 0.842117 0.872789 0.942390 0.995222 0.879686 0.948275 0.972236 0.890013 0.938249 0.922422 0.920718 0.883406 0.885076 0.878836 0.825472 0.832097 0.962967 0.868445 0.795313 0.805270 0.789573 0.842277 0.878278 0.904285 0.860970 0.788786 0.877010 0.870602 0.999467 0.999286 0.890838 0.993591 0.917586 0.976864 0.917258 0.888665 0.940313 0.971023 0.892003 0.930937 0.955027 0.887832 0.987712 0.895729 0.924476 0.990442 0.915710 0.901672 0.805328 0.961968 0.947455 0.910330 0.940548 0.831715 0.983518 0.898021 0.962576 0.986693 0.841528 0.845144 0.889404 0.859353 0.852130 0.964764 0.841589 0.955214 0.967078 0.859165 0.914622 0.911002 0.956246 0.939350 0.878253 0.850718 0.984126 0.790524 0.915339 0.909918 0.919953 0.953488 0.904127 0.958131 0.989393 0.798570 0.945272 0.948925
0.822823 0.740205 0.798439 0.845722 0.914145 0.000000 0.958579 0.861016 0.785376 0.956011 0.716416 0.850914 0.942920 0.931596 0.846205 0.822090 0.662164 0.625791 0.727831 0.850995 0.859559 0.878377 0.880969 0.743318 0.805645 0.606006 0.866097 0.720806 0.733000 0.816086 0.928031 0.983918 0.935548 0.938265 0.860999 0.981430 0.859402 0.830093 0.814571 0.898861 0.994228 0.990484 0.932519 0.943259 0.929160 0.950267 0.937320 0.984370 0.978814 0.980713 0.946875 0.974570 0.819513 0.879299 0.742122 0.857740 0.598071 0.666408 0.845155 0.931942 0.892014 0.727506 0.697159 0.784308 0.790261 0.645002 0.837688 0.842968 0.912495 0.893241 0.741438 0.887470 0.802056 0.903680 0.863911 0.996624 0.935808 0.943936 0.847255 0.992167 0.772730 0.885814 0.783490 0.790793 0.840276 0.791988 0.936476 0.957551 0.964988 0.983909 0.716674 0.800214 0.753699 0.827722 0.971432 0.812197 0.654739 0.888408 0.890543 0.937293 0.884113 0.976210 0.818981 0.998147 0.912099 0.949329 0.787058 0.984527 0.941409 0.923684 0.913077 0.955035 0.887942 0.982376 0.978159 0.911090
0.971093 0.887828 0.488322 0.531430 0.983608 0.958579 0.000000 0.317977 0.531001 0.557589 0.786250 0.740125 0.949741 0.934368 0.836569 0.962216 0.873739 0.950343 0.718735 0.938046 0.979896 0.922995 0.817102 0.860135 0.894421 0.827633 0.621205 0.642272 0.809700 0.838420 0.469870 0.637823 0.416542 0.404046 0.766764 0.674362 0.893127 0.954928 0.875651 0.869843 0.895897 0.993800 0.463497 0.512601 0.376289 0.436101 0.599929 0.624520 0.748595 0.704885 0.605115 0.691737 0.614443 0.585719 0.985464 0.970556 0.934303 0.975159 0.529869 0.663790 0.322116 0.471078 0.690144 0.669207 0.852426 0.672484 0.291637 0.322771 0.883204 0.934465 0.695751 0.626431 0.774571 0.885465 0.978346 0.787118 0.618595 0.692597 0.856874 0.830990 0.898646 0.860553 0.924758 0.852454 0.875679 0.882476 0.853881 0.676062 0.842026 0.791088 0.628613 0.784692 0.666392 0.839009 0.794880 0.858032 0.815128 0.677520 0.441779 0.508099 0.435162 0.711488 0.686825 0.608183 0.648036 0.810909 0.796095 0.650804 0.825674 0.822732 0.622205 0.694749 0.601777 0.729967 0.644679 0.930017
0.873987 0.852023 0.529250 0.397480 0.999103 0.861016 0.317977 0.000000 0.506043 0.410730 0.755773 0.597494 0.819212 0.791126 0.974951 0.826094 0.857556 0.939029 0.639662 0.843082 0.878089 0.967582 0.730231 0.938441 0.891480 0.852751 0.710657 0.803464 0.811775 0.798745 0.490705 0.628785 0.449510 0.386758 0.854692 0.780535 0.731531 0.940391 0.943006 0.924345 0.928623 0.898483 0.400833 0.414318 0.446110 0.427639 0.478342 0.504118 0.735752 0.655291 0.556315 0.603579 0.615469 0.506603 0.922420 0.983841 0.936322 0.955095 0.530754 0.647849 0.347194 0.304814 0.735147 0.620815 0.878565 0.606320 0.414389 0.377155 0.993601 0.955380 0.557401 0.535643 0.754988 0.879029 0.949932 0.844031 0.610264 0.690665 0.801516 0.826169 0.881551 0.886544 0.950872 0.885552 0.866029 0.902818 0.879040 0.636255 0.913206 0.835069 0.597466 0.769279 0.688211 0.910296 0.841882 0.797455 0.708273 0.692865 0.408907 0.414180 0.399484 0.784289 0.649772 0.563737 0.552523 0.775394 0.865184 0.568505 0.759411 0.725853 0.628326 0.640728 0.567286 0.705304 0.669564 0.963498
0.864139 0.886092 0.482043 0.500353 0.937776 0.785376 0.531001 0.506043 0.000000 0.624823 0.976869 0.993583 0.991095 0.876984 0.917841 0.888565 0.858517 0.776406 0.876486 0.943630 0.931405 0.889201 0.708233 0.898264 0.877501 0.534644 0.825262 0.901952 0.957022 0.846319 0.609562 0.711805 0.621377 0.681562 0.675197 0.835332 0.737181 0.959819 0.889419 0.892610 0.876104 0.846354 0.558052 0.636036 0.562185 0.651302 0.658025 0.789206 0.919296 0.895212 0.772246 0.862985 0.731008 0.571122 0.930449 0.968566 0.911766 0.777809 0.866345 0.979014 0.559924 0.490220 0.895455 0.963592 0.625927 0.535900 0.467125 0.546849 0.852450 0.774126 0.581648 0.581353 0.686635 0.854131 0.988074 0.902645 0.685286 0.834747 0.961075 0.969254 0.778716 0.752971 0.917239 0.769578 0.926135 0.904743 0.927649 0.862035 0.911542 0.986757 0.469269 0.622458 0.568311 0.671883 0.797809 0.982164 0.644969 0.765528 0.489453 0.508178 0.595122 0.827860 0.849721 0.739094 0.645319 0.734515 0.797752 0.603861 0.832763 0.796626 0.773360 0.751691 0.625622 0.796765 0.895292 0.851168
0.963452 0.944323 0.863767 0.689694 0.996075 0.956011 0.557589 0.410730 0.624823 0.000000 0.714940 0.667362 0.912132 0.967277 0.847594 0.931026 0.856895 0.905351 0.731748 0.862365 0.732569 0.972042 0.982842 0.652846 0.683171 0.954417 0.749429 0.746532 0.733531 0.780475 0.582297 0.723416 0.602168 0.534865 0.861720 0.857010 0.679579 0.784665 0.995340 0.973513 0.915467 0.775843 0.502373 0.507754 0.506413 0.492825 0.702833 0.639606 0.604895 0.678103 0.653812 0.764497 0.694569 0.506621 0.930135 0.876920 0.979982 0.994195 0.649850 0.809980 0.632331 0.535498 0.768857 0.615435 0.804136 0.996538 0.611638 0.621975 0.972565 0.980817 0.513119 0.547768 0.728544 0.800859 0.992147 0.899627 0.600363 0.752999 0.783968 0.997227 0.890527 0.820967 0.842125 0.898984 0.659224 0.593069 0.743938 0.636009 0.866527 0.784428 0.694530 0.825031 0.796338 0.911948 0.932449 0.734653 0.650409 0.668087 0.465431 0.400432 0.499874 0.730887 0.552022 0.649692 0.656242 0.824087 0.940143 0.552568 0.899041 0.644714 0.756578 0.560380 0.612782 0.792319 0.947977 0.950055
0.536346 0.582224 0.889907 0.896834 0.930821 0.716416 0.786250 0.755773 0.976869 0.714940 0.000000 0.484395 0.807110 0.780739 0.934450 0.850977 0.392458 0.385327 0.446738 0.439657 0.890166 0.970992 0.890471 0.853177 0.995526 0.778520 0.922233 0.767847 0.372080 0.354477 0.651464 0.686543 0.587365 0.480857 0.967423 0.963220 0.894081 0.706681 0.998982 0.840143 0.907132 0.784262 0.861518 0.739309 0.895068 0.770411 0.682873 0.700001 0.851171 0.786310 0.951637 0.846842 0.973478 0.986147 0.975066 0.956552 0.542164 0.582771 0.588712 0.568105 0.651112 0.791787 0.399453 0.394439 0.809935 0.901705 0.854135 0.789135 0.533351 0.640057 0.860611 0.985335 0.676437 0.590728 0.856450 0.929024 0.780077 0.666159 0.680212 0.832188 0.551144 0.770110 0.684279 0.706171 0.982083 0.950410 0.811175 0.858401 0.870305 0.917760 0.713556 0.640477 0.589981 0.593866 0.996028 0.880941 0.928871 0.684321 0.846678 0.826316 0.971663 0.942279 0.631598 0.557282 0.988898 0.771657 0.899318 0.907349 0.906922 0.776697 0.924744 0.928533 0.799334 0.848606 0.797785 0.866292
0.410341 0.433739 0.997287 0.760504 0.998804 0.850914 0.740125 0.597494 0.993583 0.667362 0.484395 0.000000 0.541029 0.524233 0.799727 0.616407 0.376986 0.399785 0.409220 0.380201 0.897063 0.831396 0.773178 0.960560 0.975036 0.810508 0.992368 0.739610 0.477295 0.392030 0.690253 0.705620 0.558376 0.534051 0.923748 0.970932 0.730011 0.648431 0.971588 0.764789 0.766367 0.754356 0.623676 0.551331 0.750706 0.602464 0.532578 0.556846 0.631392 0.570140 0.591860 0.527760 0.739869 0.724078 0.896213 0.827886 0.525357 0.443075 0.547013 0.538538 0.588671 0.600081 0.435161 0.318539 0.750531 0.923615 0.851275 0.820070 0.520859 0.507930 0.757872 0.736491 0.777628 0.762526 0.903225 0.946289 0.712750 0.739219 0.558202 0.671911 0.354700 0.539620 0.658443 0.597048 0.891447 0.986207 0.970636 0.843089 0.968656 0.891104 0.968390 0.903329 0.874121 0.745787 0.964983 0.729155 0.889776 0.693907 0.693336 0.736678 0.830528 0.866989 0.561461 0.504875 0.759787 0.780423 0.960396 0.835777 0.824038 0.686749 0.823895 0.848098 0.837923 0.730497 0.775389 0.888862
0.499907 0.616025 0.816114 0.693594 0.952160 0.942920 0.949741 0.819212 0.991095 0.912132 0.807110 0.541029 0.000000 0.319685 0.407673 0.387862 0.673152 0.669887 0.636946 0.579571 0.802414 0.802165 0.504873 0.603565 0.754579 0.931843 0.862377 0.998745 0.773766 0.715215 0.868644 0.815167 0.721629 0.894120 0.847512 0.998688 0.849895 0.911178 0.966961 0.815339 0.833905 0.882332 0.844553 0.811349 0.953310 0.909239 0.629327 0.757015 0.976032 0.834324 0.794200 0.622356 0.832920 0.874144 0.940610 0.933326 0.707395 0.643241 0.811963 0.741344 0.659555 0.653485 0.787398 0.721447 0.766300 0.737509 0.951070 0.992042 0.599499 0.610545 0.848525 0.885884 0.788944 0.791877 0.787013 0.927853 0.862310 0.961402 0.807705 0.684015 0.615398 0.550649 0.587556 0.665649 0.511332 0.547746 0.769478 0.934149 0.741074 0.666641 0.945499 0.993255 0.955218 0.928228 0.967352 0.830563 0.889613 0.933102 0.915777 0.975088 0.915330 0.915226 0.989459 0.703551 0.847232 0.849381 0.978378 0.926184 0.753019 0.981170 0.916789 0.981379 0.995438 0.818079 0.729818 0.863667
0.508886 0.588943 0.864227 0.665821 0.995440 0.931596 0.934368 0.791126 0.876984 0.967277 0.780739 0.524233 0.319685 0.000000 0.399627 0.294357 0.611077 0.623698 0.581324 0.559105 0.883412 0.830238 0.426579 0.545274 0.724898 0.879325 0.940214 0.900538 0.737899 0.675359 0.823516 0.701132 0.654835 0.851511 0.879491 0.948108 0.787860 0.824202 0.908281 0.794341 0.815664 0.861404 0.761144 0.720542 0.972723 0.874683 0.588697 0.782737 0.943270 0.814536 0.708688 0.603269 0.682735 0.760801 0.936513 0.899987 0.651769 0.628458 0.849642 0.790592 0.666504 0.619842 0.777259 0.675744 0.830383 0.764992 0.991954 0.965236 0.632561 0.652223 0.764589 0.784352 0.769599 0.846864 0.801237 0.953440 0.842666 0.895832 0.676648 0.735243 0.575882 0.591975 0.517121 0.636357 0.508218 0.536837 0.766406 0.993891 0.730147 0.635810 0.889550 0.966932 0.986028 0.966752 0.964320 0.924744 0.870123 0.919759 0.852608 0.919032 0.956585 0.897299 0.897643 0.639951 0.878870 0.739603 0.904702 0.882667 0.842795 0.853850 0.873282 0.988134 0.947671 0.774481 0.744370 0.972409
0.711665 0.874032 0.951870 0.800364 0.892109 0.846205 0.836569 0.974951 0.917841 0.847594 0.934450 0.799727 0.407673 0.399627 0.000000 0.357439 0.779985 0.836198 0.826642 0.742736 0.863062 0.877534 0.466567 0.527735 0.662891 0.889479 0.771094 0.803281 0.884711 0.824119 0.908538 0.744962 0.865063 0.923398 0.942881 0.976808 0.866266 0.965976 0.877934 0.834563 0.794011 0.930205 0.982634 0.955043 0.778129 0.879924 0.732660 0.911689 0.834324 0.963157 0.964441 0.810984 0.943043 0.977402 0.905210 0.915149 0.868376 0.852238 0.982521 0.911055 0.882652 0.833241 0.945411 0.894976 0.740630 0.803237 0.845610 0.866129 0.654553 0.795389 0.827241 0.954207 0.847559 0.849251 0.865741 0.793959 0.945023 0.978247 0.826993 0.807156 0.815039 0.751552 0.574616 0.750568 0.516009 0.512656 0.842948 0.828111 0.665049 0.685607 0.975829 0.931234 0.862956 0.964318 0.950357 0.873878 0.878943 0.981574 0.944559 0.893087 0.806248 0.978616 0.884711 0.860107 0.865150 0.759210 0.876090 0.998903 0.765604 0.932482 0.937612 0.909519 0.877570 0.984993 0.832474 0.905787
0.584315 0.663140 0.890340 0.635283 0.944636 0.822090 0.962216 0.826094 0.888565 0.931026 0.850977 0.616407 0.387862 0.294357 0.357439 0.000000 0.723381 0.736960 0.701064 0.638998 0.954354 0.806686 0.410118 0.453902 0.688072 0.837110 0.889968 0.818543 0.830741 0.726894 0.839963 0.696552 0.755534 0.889839 0.995952 0.986361 0.860726 0.865941 0.837387 0.840340 0.849930 0.874934 0.783342 0.741775 0.968090 0.873061 0.565824 0.738424 0.982999 0.810896 0.722517 0.589209 0.745616 0.837132 0.850715 0.854145 0.740813 0.718545 0.849282 0.741179 0.754521 0.641940 0.900721 0.773938 0.754425 0.712893 0.974784 0.971765 0.689881 0.678734 0.824113 0.920320 0.874345 0.837042 0.824864 0.858521 0.920454 0.908763 0.706773 0.746175 0.676811 0.646213 0.511454 0.614260 0.511707 0.471362 0.820074 0.901911 0.657531 0.655020 0.941710 0.992606 0.939864 0.891292 0.965024 0.884125 0.870866 0.916688 0.951555 0.942661 0.929164 0.968525 0.997577 0.763787 0.851728 0.748945 0.894074 0.968030 0.799930 0.876106 0.895122 0.937595 0.974091 0.817548 0.698874 0.998166
0.411349 0.413390 0.863319 0.994481 0.958583 0.662164 0.873739 0.857556 0.858517 0.856895 0.392458 0.376986 0.673152 0.611077 0.779985 0.723381 0.000000 0.250915 0.403933 0.371862 0.832338 0.976897 0.860354 0.879430 0.964806 0.614795 0.946168 0.800609 0.331860 0.320067 0.824641 0.775114 0.652295 0.581599 0.855204 0.935175 0.930432 0.718621 0.926359 0.839000 0.908444 0.833041 0.792188 0.675198 0.888861 0.752170 0.660358 0.704056 0.707353 0.649645 0.762721 0.644044 0.877134 0.929624 0.991262 0.900096 0.407297 0.356433 0.527717 0.547040 0.751252 0.902435 0.335200 0.300991 0.684529 0.687206 0.981930 0.984193 0.481973 0.507112 0.937955 0.950851 0.802192 0.736060 0.887448 0.935281 0.776348 0.703411 0.467825 0.662551 0.311899 0.556167 0.558961 0.516835 0.904558 0.955463 0.902669 0.916714 0.952740 0.911847 0.705369 0.700232 0.635484 0.641225 0.873307 0.866574 0.899896 0.699730 0.863826 0.907020 0.964045 0.973201 0.594647 0.611645 0.985462 0.828442 0.959233 0.912162 0.894290 0.724597 0.886897 0.945196 0.872132 0.801281 0.730995 0.763482
0.410953 0.374053 0.833720 0.951539 0.950603 0.625791 0.950343 0.939029 0.776406 0.905351 0.385327 0.399785 0.669887 0.623698 0.836198 0.736960 0.250915 0.000000 0.397162 0.383876 0.856549 0.951044 0.845971 0.932039 0.922252 0.602396 0.909130 0.807060 0.346383 0.348124 0.886423 0.814415 0.703822 0.651016 0.846578 0.949716 0.987378 0.685629 0.891260 0.790730 0.890750 0.796822 0.875228 0.721063 0.976229 0.806023 0.747841 0.743146 0.764036 0.677500 0.809749 0.697495 0.896950 0.976414 0.933269 0.950896 0.350689 0.313199 0.597750 0.586500 0.838241 0.988980 0.347324 0.320855 0.686426 0.639496 0.919220 0.915361 0.472466 0.473412 0.957401 0.983539 0.867705 0.764693 0.853433 0.978719 0.873572 0.765380 0.504293 0.751382 0.335250 0.523869 0.519710 0.459690 0.873463 0.966751 0.947769 0.952641 0.971796 0.868920 0.692370 0.712000 0.624160 0.666661 0.929957 0.905645 0.867878 0.717441 0.927512 0.959779 0.870173 0.958372 0.598678 0.648573 0.985705 0.876866 0.925367 0.947501 0.979795 0.791152 0.871609 0.982239 0.877052 0.755971 0.814390 0.781825
0.424490 0.415309 0.840466 0.685690 0.998774 0.727831 0.718735 0.639662 0.876486 0.731748 0.446738 0.409220 0.636946 0.581324 0.826642 0.701064 0.403933 0.397162 0.000000 0.395035 0.933421 0.898904 0.702980 0.941176 0.915850 0.864441 0.935712 0.776359 0.470386 0.520612 0.743980 0.623869 0.533094 0.531398 0.964066 0.973205 0.734340 0.643246 0.974683 0.854892 0.791656 0.810637 0.587256 0.489767 0.757475 0.593706 0.501008 0.550124 0.703459 0.577453 0.704548 0.611604 0.836689 0.827310 0.962028 0.994447 0.377540 0.431801 0.559952 0.592045 0.629201 0.689782 0.507239 0.429767 0.924372 0.975162 0.861392 0.817763 0.546482 0.620102 0.807136 0.819163 0.822553 0.747846 0.935514 0.997278 0.701261 0.694056 0.597014 0.675920 0.483382 0.631311 0.598057 0.572219 0.835856 0.931657 0.928926 0.884580 0.965308 0.899678 0.935541 0.849277 0.839358 0.799520 0.848086 0.889353 0.966169 0.770001 0.656625 0.718028 0.921484 0.801278 0.541969 0.626845 0.848724 0.841236 0.888741 0.733661 0.962055 0.597729 0.743109 0.862899 0.762808 0.611679 0.733959 0.879716
0.362688 0.393503 0.973651 0.872719 0.878371 0.850995 0.938046 0.843082 0.943630 0.862365 0.439657 0.380201 0.579571 0.559105 0.742736 0.638998 0.371862 0.383876 0.395035 0.000000 0.939283 0.899812 0.813832 0.934998 0.880909 0.878773 0.858548 0.868386 0.457036 0.439019 0.874589 0.785668 0.685285 0.623719 0.935243 0.924619 0.727166 0.554887 0.951373 0.624686 0.787027 0.759163 0.750739 0.684671 0.892472 0.724568 0.564860 0.584472 0.685399 0.598053 0.752934 0.611188 0.863838 0.934332 0.907354 0.869579 0.437974 0.401721 0.712709 0.597862 0.779480 0.746372 0.593022 0.484611 0.850873 0.919560 0.943993 0.989276 0.408357 0.434321 0.890003 0.948687 0.795560 0.706084 0.860417 0.956032 0.786806 0.820059 0.637566 0.675737 0.419272 0.484074 0.601014 0.470157 0.732072 0.849402 0.957672 0.954706 0.918132 0.829350 0.835307 0.767640 0.696505 0.684367 0.888934 0.854819 0.950155 0.796936 0.839456 0.877145 0.963323 0.908369 0.648235 0.676064 0.951108 0.857408 0.894876 0.887563 0.891141 0.671052 0.926571 0.957982 0.941247 0.745352 0.831528 0.810663
0.962372 0.874386 0.902508 0.965844 0.982422 0.859559 0.979896 0.878089 0.931405 0.732569 0.890166 0.897063 0.802414 0.883412 0.863062 0.954354 0.832338 0.856549 0.933421 0.939283 0.000000 0.987153 0.843269 0.762244 0.807768 0.868928 0.934047 0.979819 0.866044 0.895464 0.971085 0.901136 0.996408 0.818471 0.963889 0.916356 0.867909 0.734900 0.919717 0.960987 0.999668 0.902850 0.850239 0.808283 0.897409 0.847534 0.868381 0.762020 0.822717 0.795239 0.882343 0.851031 0.902534 0.901833 0.899935 0.869558 0.790935 0.850036 0.788719 0.814884 0.998197 0.951066 0.914722 0.837780 0.893822 0.842032 0.971685 0.996717 0.869950 0.879082 0.996825 0.947136 0.988885 0.918538 0.966541 0.934811 0.939678 0.883679 0.827524 0.897763 0.886511 0.941923 0.921486 0.821313 0.811271 0.759462 0.963726 0.932096 0.914000 0.893646 0.923315 0.997991 0.922002 0.876825 0.920355 0.905414 0.922034 0.818674 0.872993 0.811323 0.914349 0.800280 0.810242 0.949531 0.943196 0.979959 0.875354 0.948188 0.962640 0.932432 0.740467 0.775121 0.861992 0.842854 0.984527 0.876903
0.772650 0.814383 0.953676 0.895288 0.906839 0.878377 0.922995 0.967582 0.889201 0.972042 0.970992 0.831396 0.802165 0.830238 0.877534 0.806686 0.976897 0.951044 0.898904 0.899812 0.987153 0.000000 0.899812 0.795825 0.951984 0.947919 0.770171 0.973872 0.933730 0.980983 0.894214 0.993244 0.950895 0.902278 0.927680 0.875137 0.952049 0.863803 0.865018 0.757809 0.991466 0.928357 0.935757 0.903570 0.953410 0.914442 0.894508 0.883317 0.959424 0.834903 0.839981 0.823660 0.889885 0.992601 0.901387 0.826349 0.863058 0.851744 0.942340 0.933646 0.984856 0.988857 0.996951 0.988775 0.944415 0.989655 0.797787 0.898622 0.888224 0.864532 0.821970 0.964384 0.806023 0.750742 0.778067 0.947348 0.933717 0.759802 0.964299 0.831148 0.869008 0.815109 0.802798 0.781459 0.854432 0.858191 0.778824 0.838908 0.852691 0.878697 0.968984 0.936652 0.971708 0.970494 0.977169 0.993321 0.833579 0.983644 0.971843 0.930737 0.967924 0.960437 0.956371 0.880352 0.951744 0.992398 0.869265 0.972984 0.974676 0.954188 0.952676 0.866955 0.888473 0.876018 0.963897 0.941874
0.802209 0.876776 0.677105 0.464579 0.900331 0.880969 0.817102 0.730231 0.708233 0.982842 0.890471 0.773178 0.504873 0.426579 0.466567 0.410118 0.860354 0.845971 0.702980 0.813832 0.843269 0.899812 0.000000 0.485238 0.710606 0.750867 0.987635 0.895959 0.865557 0.811497 0.696291 0.538875 0.629975 0.856073 0.952887 0.938376 0.885698 0.997739 0.981273 0.938044 0.893888 0.880293 0.754104 0.707190 0.997624 0.899583 0.674415 0.849685 0.833934 0.991863 0.863328 0.816325 0.807239 0.861876 0.949666 0.980693 0.862200 0.903381 0.892680 0.892611 0.647334 0.672554 0.864899 0.808440 0.592067 0.644787 0.822355 0.886213 0.839720 0.902433 0.756469 0.753873 0.730951 0.829526 0.837327 0.992937 0.821928 0.859381 0.793902 0.869968 0.878349 0.933058 0.638679 0.811301 0.621200 0.569755 0.960878 0.957305 0.693825 0.759471 0.828541 0.975456 0.983803 0.907055 0.896820 0.959444 0.886224 0.915078 0.833329 0.834122 0.917571 0.991653 0.951277 0.742882 0.731183 0.650799 0.872644 0.927860 0.802400 0.875743 0.912458 0.984570 0.882390 0.830364 0.646576 0.879554
0.867402 0.938915 0.766786 0.653493 0.978551 0.743318 0.860135 0.938441 0.898264 0.652846 0.853177 0.960560 0.603565 0.545274 0.527735 0.453902 0.879430 0.932039 0.941176 0.934998 0.762244 0.795825 0.485238 0.000000 0.499673 0.582036 0.791134 0.763631 0.854214 0.923121 0.987667 0.814629 0.960668 0.834727 0.936496 0.984197 0.964693 0.941815 0.735993 0.841030 0.900861 0.994356 0.996693 0.973857 0.811563 0.893397 0.804790 0.942692 0.783936 0.960680 0.994084 0.906920 0.919013 0.885454 0.918876 0.993446 0.955759 0.972957 0.835923 0.990240 0.951805 0.858159 0.779292 0.802328 0.510592 0.589959 0.912781 0.976724 0.879936 0.969954 0.971347 0.928922 0.973592 0.947678 0.825813 0.951100 0.981449 0.935580 0.977201 0.841208 0.989122 0.778247 0.661763 0.810871 0.445776 0.358131 0.743208 0.647794 0.521915 0.614249 0.961268 0.974561 0.995212 0.998197 0.944308 0.859792 0.890824 0.834126 0.897089 0.874870 0.824261 0.945960 0.722984 0.971116 0.931278 0.857127 0.984372 0.914965 0.933887 0.883373 0.966159 0.768063 0.879564 0.935579 0.816227 0.943934
0.859066 0.931285 0.673798 0.758949 0.860997 0.805645 0.894421 0.891480 0.877501 0.683171 0.995526 0.975036 0.754579 0.724898 0.662891 0.688072 0.964806 0.922252 0.915850 0.880909 0.807768 0.951984 0.710606 0.499673 0.000000 0.546791 0.771594 0.746083 0.924486 0.948320 0.890750 0.766886 0.916653 0.973581 0.879600 0.895205 0.814875 0.807791 0.697961 0.769364 0.830224 0.965791 0.963315 0.935287 0.837238 0.861514 0.836399 0.937065 0.802732 0.933944 0.840445 0.942047 0.887497 0.764351 0.850260 0.934991 0.898050 0.999797 0.850301 0.985916 0.956736 0.922539 0.792681 0.793935 0.558756 0.642808 0.956950 0.943458 0.714606 0.909813 0.926515 0.974902 0.819416 0.765206 0.928655 0.919692 0.984102 0.889914 0.992173 0.853843 0.955619 0.753199 0.728575 0.811848 0.533445 0.427313 0.804180 0.711850 0.668617 0.719492 0.917083 0.821820 0.866201 0.865983 0.974835 0.996058 0.946479 0.822503 0.883731 0.827932 0.804512 0.823143 0.825830 0.990711 0.975580 0.908571 0.913258 0.866275 0.936232 0.946510 0.908531 0.774203 0.899632 0.902490 0.884767 0.959319
0.845569 0.772209 0.493238 0.625194 0.974914 0.606006 0.827633 0.852751 0.534644 0.954417 0.778520 0.810508 0.931843 0.879325 0.889479 0.837110 0.614795 0.602396 0.864441 0.878773 0.868928 0.947919 0.750867 0.582036 0.546791 0.000000 0.930408 0.822654 0.699695 0.708227 0.802767 0.870544 0.850520 0.985843 0.657407 0.970761 0.764849 0.970327 0.693557 0.858435 0.948123 0.902511 0.873008 0.977081 0.867932 0.951855 0.845494 0.921821 0.852720 0.902248 0.993112 0.956098 0.876905 0.936873 0.845571 0.992704 0.767044 0.667215 0.810842 0.853796 0.781050 0.670697 0.593351 0.630749 0.442191 0.404283 0.733119 0.695171 0.914160 0.816462 0.802372 0.788937 0.777015 0.893268 0.930993 0.956381 0.954468 0.972118 0.800026 0.999715 0.730551 0.895022 0.962513 0.827525 0.719196 0.592865 0.825202 0.844850 0.791842 0.821538 0.688857 0.807580 0.717895 0.816094 0.892562 0.976269 0.743137 0.965861 0.837946 0.906571 0.877879 0.964175 0.821983 0.996040 0.857092 0.898999 0.857947 0.962661 0.935536 0.923078 0.968463 0.910061 0.996716 0.972957 0.990970 0.871397
0.817528 0.846653 0.847811 0.855831 0.908665 0.866097 0.621205 0.710657 0.825262 0.749429 0.922233 0.992368 0.862377 0.940214 0.771094 0.889968 0.946168 0.909130 0.935712 0.858548 0.934047 0.770171 0.987635 0.791134 0.771594 0.930408 0.000000 0.837105 0.998593 0.952706 0.760583 0.916836 0.760731 0.811033 0.933195 0.784817 0.915284 0.790962 0.859712 0.874788 0.886863 0.995022 0.803330 0.887082 0.701728 0.809888 0.978251 0.969989 0.920176 0.958579 0.864233 0.992988 0.818474 0.724787 0.984333 0.906195 0.818175 0.811893 0.869749 0.971057 0.744396 0.765226 0.961530 0.901040 0.949248 0.880050 0.601838 0.704644 0.791751 0.846791 0.736080 0.708229 0.860394 0.879929 0.993394 0.869989 0.932332 0.850268 0.946670 0.896882 0.924154 0.704338 0.766839 0.818323 0.773173 0.806466 0.917329 0.539046 0.842371 0.693514 0.751847 0.857794 0.778619 0.885817 0.899781 0.983382 0.923568 0.892459 0.784673 0.835976 0.688320 0.860314 0.979532 0.872131 0.815761 0.983037 0.874178 0.851379 0.921586 0.958385 0.894166 0.974080 0.803282 0.956749 0.896516 0.965459
0.947282 0.838252 0.942572 0.994445 0.909254 0.720806 0.642272 0.803464 0.901952 0.746532 0.767847 0.739610 0.998745 0.900538 0.803281 0.818543 0.800609 0.807060 0.776359 0.868386 0.979819 0.973872 0.895959 0.763631 0.746083 0.822654 0.837105 0.000000 0.681014 0.778441 0.823913 0.853989 0.752518 0.747787 0.847887 0.857227 0.908202 0.967051 0.878809 0.966232 0.999666 0.930337 0.780085 0.767305 0.641343 0.660585 0.845856 0.814807 0.698493 0.787915 0.745863 0.814113 0.856754 0.768091 0.985451 0.940695 0.861884 0.831694 0.661326 0.753342 0.708386 0.852606 0.634106 0.692252 0.805335 0.880613 0.680083 0.759176 0.946907 0.960586 0.888677 0.882289 0.898761 0.905321 0.830336 0.902166 0.766709 0.878582 0.824282 0.818394 0.782695 0.912884 0.946997 0.995176 0.875452 0.756240 0.840834 0.796948 0.876223 0.834821 0.936116 0.949088 0.906430 0.976910 0.904962 0.951581 0.829032 0.732119 0.746229 0.753185 0.802188 0.667280 0.640655 0.704180 0.811250 0.903752 0.962195 0.816807 0.921030 0.810906 0.908081 0.852274 0.807240 0.823658 0.942866 0.981630
0.562538 0.577628 0.942020 0.974609 0.971892 0.733000 0.809700 0.811775 0.957022 0.733531 0.372080 0.477295 0.773766 0.737899 0.884711 0.830741 0.331860 0.346383 0.470386 0.457036 0.866044 0.933730 0.865557 0.854214 0.924486 0.699695 0.998593 0.681014 0.000000 0.297480 0.705135 0.650274 0.582055 0.532757 0.871313 0.881627 0.976074 0.750734 0.909331 0.833042 0.942381 0.821240 0.841287 0.698799 0.829262 0.726377 0.700115 0.708475 0.718331 0.700221 0.821822 0.732363 0.941158 0.949225 0.914544 0.940973 0.557102 0.522833 0.539121 0.537328 0.694921 0.883999 0.359747 0.334181 0.708823 0.753315 0.868277 0.920825 0.553845 0.702644 0.899920 0.987397 0.708299 0.674580 0.869875 0.985407 0.827651 0.705130 0.574081 0.767538 0.440536 0.730269 0.634605 0.637370 0.994521 0.886962 0.829391 0.847497 0.843952 0.952819 0.723190 0.640218 0.596487 0.640934 0.917790 0.825744 0.972299 0.723878 0.854662 0.859525 0.962149 0.944917 0.581006 0.566548 0.915457 0.830069 0.989923 0.935586 0.936804 0.761223 0.922905 0.950227 0.830580 0.798153 0.755017 0.844024
0.530625 0.619872 0.933861 0.938820 0.952213 0.816086 0.838420 0.798745 0.846319 0.780475 0.354477 0.392030 0.715215 0.675359 0.824119 0.726894 0.320067 0.348124 0.520612 0.439019 0.895464 0.980983 0.811497 0.923121 0.948320 0.708227 0.952706 0.778441 0.297480 0.000000 0.633466 0.637275 0.595180 0.528270 0.906524 0.917599 0.977419 0.787822 0.958857 0.819938 0.966929 0.823191 0.897373 0.748843 0.928143 0.807309 0.694157 0.724466 0.810035 0.786979 0.886456 0.787614 0.977346 0.985465 0.953502 0.956085 0.634962 0.576091 0.560217 0.558452 0.683249 0.832893 0.332668 0.295798 0.681089 0.795164 0.884820 0.870896 0.510956 0.645897 0.883998 0.997608 0.719322 0.642305 0.814314 0.984791 0.853847 0.614094 0.553957 0.747099 0.413454 0.724609 0.614332 0.646612 0.959191 0.927747 0.818959 0.860770 0.836061 0.903495 0.654996 0.552025 0.519127 0.529324 0.964319 0.753886 0.932390 0.697756 0.942042 0.923496 0.967132 0.995037 0.648972 0.543802 0.890081 0.705751 0.955464 0.985303 0.850172 0.765694 0.999713 0.975634 0.961087 0.873347 0.677016 0.765311
0.986699 0.971320 0.623224 0.575629 0.842117 0.928031 0.469870 0.490705 0.609562 0.582297 0.651464 0.690253 0.868644 0.823516 0.908538 0.839963 0.824641 0.886423 0.743980 0.874589 0.971085 0.894214 0.696291 0.987667 0.890750 0.802767 0.760583 0.823913 0.705135 0.633466 0.000000 0.410198 0.415953 0.432206 0.833226 0.742965 0.838725 0.938777 0.915267 0.952242 0.925870 0.860840 0.662356 0.665546 0.622401 0.650194 0.670459 0.686962 0.943034 0.930486 0.827182 0.897935 0.798853 0.725001 0.934898 0.970193 0.965091 0.884741 0.714210 0.805616 0.434167 0.523880 0.692733 0.636848 0.959238 0.738603 0.476408 0.473770 0.915980 0.903741 0.646598 0.677431 0.656760 0.691601 0.867523 0.902336 0.696107 0.560051 0.799596 0.948410 0.882309 0.828711 0.896893 0.914384 0.863409 0.935223 0.822685 0.747182 0.951468 0.804875 0.869156 0.915750 0.985549 0.911899 0.988109 0.629771 0.833149 0.652825 0.678610 0.694405 0.517471 0.844850 0.874218 0.584775 0.624936 0.643769 0.790399 0.750559 0.797341 0.856231 0.840211 0.887054 0.796424 0.878518 0.714839 0.972544
0.888194 0.898657 0.703451 0.547964 0.872789 0.983918 0.637823 0.628785 0.711805 0.723416 0.686543 0.705620 0.815167 0.701132 0.744962 0.696552 0.775114 0.814415 0.623869 0.785668 0.901136 0.993244 0.538875 0.814629 0.766886 0.870544 0.916836 0.853989 0.650274 0.637275 0.410198 0.000000 0.491784 0.616683 0.877441 0.908606 0.856529 0.830441 0.927769 0.910812 0.940315 0.907973 0.642329 0.610455 0.737248 0.677974 0.643193 0.713764 0.911665 0.887688 0.799369 0.813533 0.825924 0.768980 0.961979 0.986897 0.857257 0.974865 0.759259 0.815410 0.612576 0.667867 0.725312 0.672617 0.916241 0.805815 0.682117 0.645291 0.825753 0.987876 0.745417 0.799004 0.791002 0.799217 0.915181 0.993672 0.749407 0.604722 0.752594 0.833978 0.816712 0.954235 0.737468 0.868768 0.959783 0.887563 0.931851 0.831058 0.972698 0.868217 0.940629 0.816350 0.913111 0.952483 0.998834 0.719489 0.879662 0.836484 0.725242 0.795781 0.715810 0.770912 0.806553 0.706642 0.671346 0.657671 0.833155 0.765457 0.784111 0.749005 0.846827 0.916662 0.769452 0.862201 0.608979 0.941447
0.772246 0.797658 0.616986 0.604489 0.942390 0.935548 0.416542 0.449510 0.621377 0.602168 0.587365 0.558376 0.721629 0.654835 0.865063 0.755534 0.652295 0.703822 0.533094 0.685285 0.996408 0.950895 0.629975 0.960668 0.916653 0.850520 0.760731 0.752518 0.582055 0.595180 0.415953 0.491784 0.000000 0.401806 0.853313 0.734829 0.711635 0.856450 0.931933 0.959240 0.883055 0.749749 0.526305 0.521066 0.510581 0.532754 0.513807 0.640567 0.762892 0.732844 0.660460 0.692551 0.687010 0.654388 0.939616 0.993689 0.792466 0.826613 0.597688 0.710142 0.370010 0.490545 0.575725 0.518917 0.913812 0.783460 0.479945 0.503885 0.807735 0.861639 0.615086 0.627018 0.581782 0.746956 0.831805 0.936184 0.717112 0.596480 0.705614 0.754666 0.671231 0.908850 0.753295 0.867698 0.905527 0.930190 0.896527 0.760292 0.999952 0.938358 0.817164 0.995608 0.960782 0.934039 0.795308 0.734002 0.800896 0.623750 0.532001 0.615567 0.667262 0.699036 0.706897 0.469505 0.726556 0.754254 0.949723 0.741452 0.854458 0.719823 0.673311 0.801244 0.664966 0.674168 0.608608 0.986912
0.749420 0.702978 0.667373 0.661922 0.995222 0.938265 0.404046 0.386758 0.681562 0.534865 0.480857 0.534051 0.894120 0.851511 0.923398 0.889839 0.581599 0.651016 0.531398 0.623719 0.818471 0.902278 0.856073 0.834727 0.973581 0.985843 0.811033 0.747787 0.532757 0.528270 0.432206 0.616683 0.401806 0.000000 0.864865 0.778597 0.814355 0.792796 0.916006 0.984375 0.932269 0.845752 0.520560 0.489484 0.515189 0.457558 0.488282 0.474221 0.703837 0.634881 0.670081 0.674147 0.781702 0.741181 0.994393 0.993536 0.728233 0.760744 0.440937 0.505464 0.400521 0.504803 0.512266 0.444018 0.948254 0.834246 0.472539 0.437332 0.805931 0.812460 0.764962 0.780869 0.745269 0.765001 0.911153 0.909493 0.682187 0.585701 0.650224 0.775107 0.671370 0.981591 0.857996 0.913324 0.856958 0.878428 0.749744 0.686988 0.867937 0.797369 0.975959 0.895908 0.926387 0.750907 0.858045 0.763962 0.879442 0.564672 0.594533 0.568650 0.548029 0.882294 0.575735 0.514001 0.696585 0.731397 0.928877 0.682885 0.905533 0.667772 0.727637 0.785299 0.648103 0.730688 0.655579 0.863349
0.954332 0.936369 0.748042 0.761765 0.879686 0.860999 0.766764 0.854692 0.675197 0.861720 0.967423 0.923748 0.847512 0.879491 0.942881 0.995952 0.855204 0.846578 0.964066 0.935243 0.963889 0.927680 0.952887 0.936496 0.879600 0.657407 0.933195 0.847887 0.871313 0.906524 0.833226 0.877441 0.853313 0.864865 0.000000 0.958365 0.960457 0.967957 0.848375 0.912112 0.989874 0.936970 0.805146 0.876215 0.760101 0.771404 0.801227 0.808596 0.911337 0.865654 0.915817 0.950200 0.843044 0.868958 0.745655 0.873463 0.932900 0.863523 0.928551 0.919623 0.843134 0.781918 0.904092 0.921896 0.738613 0.805260 0.659709 0.622077 0.964665 0.904991 0.880424 0.879232 0.882135 0.813793 0.872967 0.975618 0.907206 0.857834 0.967476 0.956259 0.928435 0.983184 0.950257 0.922131 0.925502 0.901293 0.974439 0.988379 0.824159 0.919249 0.802010 0.836858 0.797696 0.817223 0.903461 0.948741 0.732814 0.716263 0.776441 0.831171 0.930176 0.877988 0.841826 0.940260 0.891333 0.822218 0.800045 0.846534 0.894217 0.942481 0.907715 0.934632 0.722371 0.941307 0.851537 0.950494
0.949585 0.948751 0.831221 0.827576 0.948275 0.981430 0.674362 0.780535 0.835332 0.857010 0.963220 0.970932 0.998688 0.948108 0.976808 0.986361 0.935175 0.949716 0.973205 0.924619 0.916356 0.875137 0.938376 0.984197 0.895205 0.970761 0.784817 0.857227 0.881627 0.917599 0.742965 0.908606 0.734829 0.778597 0.958365 0.000000 0.918633 0.806589 0.836025 0.896165 0.895484 0.987909 0.781146 0.747708 0.694426 0.739750 0.840100 0.967772 0.818951 0.826741 0.815576 0.872349 0.730635 0.790851 0.947030 0.927611 0.994566 0.972250 0.771873 0.904672 0.736983 0.829900 0.883501 0.872503 0.942896 0.917277 0.668562 0.744399 0.844875 0.888446 0.843502 0.933262 0.999300 0.903020 0.937707 0.834360 0.791994 0.683832 0.898481 0.943209 0.923935 0.944403 0.961455 0.813318 0.963733 0.943337 0.783526 0.862147 0.877700 0.990280 0.818956 0.767339 0.864344 0.884498 0.904935 0.962833 0.966434 0.892060 0.830499 0.720519 0.763548 0.878659 0.880238 0.820803 0.881807 0.967552 0.879905 0.922244 0.976769 0.980365 0.785472 0.846746 0.909377 0.889987 0.811658 0.862145
0.767720 0.877085 0.776628 0.763860 0.972236 0.859402 0.893127 0.731531 0.737181 0.679579 0.894081 0.730011 0.849895 0.787860 0.866266 0.860726 0.930432 0.987378 0.734340 0.727166 0.867909 0.952049 0.885698 0.964693 0.814875 0.764849 0.915284 0.908202 0.976074 0.977419 0.838725 0.856529 0.711635 0.814355 0.960457 0.918633 0.000000 0.678872 0.839910 0.808473 0.588820 0.779816 0.639447 0.719274 0.789865 0.752837 0.669755 0.706185 0.786942 0.838186 0.822722 0.844907 0.847576 0.758985 0.745600 0.879444 0.856042 0.891427 0.996376 0.959515 0.825082 0.635162 0.887346 0.941321 0.932142 0.826573 0.924647 0.820534 0.697262 0.768426 0.698880 0.609957 0.750808 0.831018 0.944281 0.993761 0.714608 0.861200 0.950437 0.845134 0.897486 0.868720 0.902878 0.901862 0.858604 0.896903 0.885749 0.887061 0.896034 0.901698 0.814269 0.868808 0.924756 0.964613 0.987991 0.975856 0.739964 0.983139 0.684914 0.728422 0.870139 0.809647 0.859830 0.858883 0.894911 0.976429 0.890820 0.772103 0.835297 0.774461 0.863598 0.861422 0.974751 0.892136 0.931309 0.966332
0.620174 0.596844 0.982023 0.976697 0.890013 0.830093 0.954928 0.940391 0.959819 0.784665 0.706681 0.648431 0.911178 0.824202 0.965976 0.865941 0.718621 0.685629 0.643246 0.554887 0.734900 0.863803 0.997739 0.941815 0.807791 0.970327 0.790962 0.967051 0.750734 0.787822 0.938777 0.830441 0.856450 0.792796 0.967957 0.806589 0.678872 0.000000 0.803534 0.588615 0.767779 0.767513 0.787446 0.775290 0.903625 0.804692 0.665310 0.630399 0.702540 0.676576 0.816710 0.783726 0.890471 0.970161 0.802134 0.697526 0.562220 0.634973 0.937442 0.832781 0.980764 0.893675 0.895604 0.797271 0.882004 0.880060 0.836079 0.955650 0.611113 0.664447 0.970945 0.862941 0.945138 0.907426 0.877262 0.997544 0.947942 0.927702 0.832980 0.916556 0.641308 0.659479 0.757049 0.540492 0.871656 0.972216 0.975055 0.902059 0.956659 0.844126 0.921762 0.884646 0.821214 0.824080 0.935153 0.816609 0.924426 0.887985 0.889109 0.899479 0.966957 0.959685 0.647503 0.904402 0.980446 0.953849 0.938309 0.981476 0.877560 0.732594 0.841675 0.833842 0.997724 0.736977 0.993550 0.977909
