0.000000 0.158319 0.421346 0.493336 0.757703 0.842934 0.758914 0.692026 0.492287 0.595012 0.351414 0.267178 0.325291 0.330020 0.459313 0.652010 0.260831 0.231332 0.282175 0.222310 0.577274 0.980989 0.576720 0.388182 0.447322 0.655677 0.480886 0.754711 0.516393 0.511498 0.907721 0.649092 0.392402 0.480987 0.779228 0.865780 0.803121 0.865863 0.947937 0.839639 0.745615 0.725616 0.842589 0.723823 0.906742 0.894989 0.518198 0.561626 0.756689 0.672378 0.798467 0.707785 0.957122 0.629392 0.381178 0.440989 0.158117 0.167952 0.331941 0.303571 0.511393 0.678513 0.322869 0.326188 0.294091 0.436136 0.644848 0.818294 0.313278 0.367435 0.615873 0.511925 0.978984 0.919480 0.847382 0.923293 0.939002 0.831952 0.439950 0.339752 0.219314 0.221143 0.363383 0.228796 0.211806 0.195282 0.873627 0.498325 0.545842 0.272721 0.388974 0.516542 0.442174 0.505174 0.974201 0.923780 0.931309 0.924125 0.902079 0.943386 0.634028 0.850514 0.947662 0.688353 0.845953 0.737676 0.900674 0.989510 0.672886 0.837434 0.760647 0.976425 0.901722 0.906987 0.701425 0.631059
0.158319 0.000000 0.398408 0.421433 0.734485 0.835540 0.769576 0.654259 0.514847 0.639470 0.415381 0.286787 0.380226 0.333921 0.476341 0.623529 0.262295 0.250397 0.283019 0.223193 0.570876 0.967021 0.561151 0.380901 0.402783 0.598363 0.474118 0.762146 0.524888 0.523251 0.834078 0.612947 0.390137 0.431165 0.737799 0.875258 0.748838 0.803715 0.846296 0.854814 0.756113 0.664426 0.799974 0.676210 0.891412 0.894556 0.506696 0.561469 0.765218 0.664439 0.782745 0.686746 0.960991 0.655140 0.421493 0.447700 0.157857 0.158407 0.337253 0.323802 0.556322 0.677698 0.359785 0.330869 0.309471 0.466079 0.669913 0.837205 0.308478 0.347107 0.681900 0.520068 0.993518 0.950234 0.808219 0.918411 0.857753 0.858008 0.426762 0.350857 0.230963 0.257265 0.398741 0.252764 0.272014 0.219786 0.924773 0.567891 0.546358 0.295821 0.350915 0.462846 0.413031 0.445047 0.983980 0.965664 0.960133 0.948376 0.881133 0.932015 0.561671 0.827574 0.973927 0.724736 0.863453 0.712157 0.806123 0.970885 0.713768 0.820666 0.804319 0.992650 0.905628 0.896599 0.704359 0.602032
0.421346 0.398408 0.000000 0.244001 0.787431 0.979778 0.621274 0.478032 0.774006 0.826730 0.676651 0.494742 0.445186 0.501344 0.574157 0.594203 0.545521 0.523113 0.437770 0.489957 0.575451 0.982851 0.558759 0.429207 0.389458 0.505378 0.537282 0.899131 0.689713 0.709486 0.714310 0.566294 0.529134 0.528750 0.669216 0.885585 0.646857 0.774076 0.831640 0.681901 0.927096 0.637096 0.707379 0.631700 0.983039 0.865713 0.622447 0.649228 0.840057 0.677968 0.756684 0.690277 0.963345 0.876926 0.540171 0.596297 0.382766 0.387993 0.480382 0.452342 0.591764 0.595300 0.578966 0.546378 0.396318 0.450133 0.617355 0.753678 0.502565 0.476956 0.955276 0.816257 0.876786 0.862218 0.875334 0.755165 0.723459 0.914400 0.562345 0.538826 0.574421 0.566098 0.607992 0.581325 0.552251 0.401194 0.963490 0.904049 0.564296 0.488189 0.632400 0.732189 0.688903 0.649860 0.872442 0.932182 0.798957 0.816099 0.850589 0.735035 0.635370 0.989639 0.914751 0.776107 0.802069 0.673224 0.680095 0.983159 0.887744 0.815550 0.737512 0.928260 0.815195 0.765616 0.549903 0.744038
0.493336 0.421433 0.244001 0.000000 0.776112 0.928516 0.638480 0.392444 0.836084 0.931069 0.824120 0.554775 0.546603 0.500843 0.655710 0.545914 0.615015 0.617508 0.515869 0.618296 0.657058 0.959271 0.576082 0.430242 0.392029 0.451345 0.593004 0.895561 0.832306 0.786992 0.644674 0.523713 0.551338 0.534769 0.594179 0.900842 0.533308 0.691791 0.749898 0.647238 0.925197 0.609295 0.695513 0.627793 0.957825 0.890515 0.650536 0.678969 0.879214 0.692882 0.710608 0.622126 0.862535 0.993544 0.599579 0.608974 0.427668 0.427955 0.480451 0.430742 0.665333 0.571461 0.634250 0.554778 0.534405 0.465414 0.677073 0.746377 0.582902 0.431928 0.965116 0.850096 0.841859 0.847140 0.819116 0.818643 0.656084 0.910162 0.555971 0.576268 0.619716 0.653780 0.678241 0.604022 0.661420 0.436491 0.938797 0.948614 0.542509 0.525673 0.630806 0.710280 0.677200 0.615825 0.900169 0.980126 0.824611 0.767195 0.871308 0.731532 0.647574 0.983363 0.955839 0.740420 0.839309 0.659358 0.610572 0.887653 0.873066 0.806552 0.832455 0.952155 0.845560 0.772631 0.538764 0.764024
0.757703 0.734485 0.787431 0.776112 0.000000 0.687406 0.742149 0.877231 0.669210 0.632774 0.988370 0.979028 0.893398 0.984867 0.834557 0.811534 0.902707 0.888470 0.874348 0.737279 0.760056 0.956607 0.887351 0.955688 0.734477 0.786399 0.965183 0.997488 0.881138 0.924681 0.895163 0.996060 0.965810 0.936248 0.920885 0.727029 0.841216 0.798898 0.812508 0.950189 0.909237 0.826276 0.952887 0.978472 0.728030 0.848186 0.962602 0.925777 0.853558 0.877033 0.784900 0.809089 0.604048 0.545901 0.990412 0.995380 0.730200 0.780740 0.896155 0.837972 0.780878 0.774648 0.931325 0.978250 0.877973 0.927573 0.939324 0.851846 0.569128 0.633155 0.794732 0.728813 0.777651 0.717666 0.879810 0.894804 0.932336 0.816543 0.848087 0.888260 0.795856 0.750622 0.908516 0.776631 0.950908 0.869386 0.988667 0.954133 0.961528 0.839642 0.742790 0.712190 0.939802 0.776237 0.962322 0.978781 0.790552 0.934719 0.822188 0.858350 0.703604 0.635867 0.812711 0.967020 0.953021 0.915613 0.970401 0.897285 0.864637 0.901986 0.918310 0.814522 0.945438 0.852033 0.900414 0.812089
0.842934 0.835540 0.979778 0.928516 0.687406 0.000000 0.719259 0.671444 0.624766 0.657941 0.823772 0.922072 0.941563 0.963438 0.917397 0.800767 0.854215 0.849286 0.865617 0.806136 0.935002 0.931923 0.877536 0.975116 0.892491 0.937637 0.926475 0.887976 0.977597 0.979382 0.736166 0.853677 0.985450 0.896425 0.988477 0.903872 0.852762 0.770956 0.933429 0.773618 0.734934 0.780591 0.820947 0.802367 0.793870 0.891613 0.975722 0.999778 0.946035 0.903343 0.774519 0.774926 0.662299 0.584479 0.997474 0.916245 0.814405 0.842834 0.941017 0.982083 0.875941 0.738794 0.990123 0.988252 0.817402 0.897374 0.979971 0.832357 0.729849 0.912243 0.756087 0.710176 0.643292 0.734285 0.839515 0.865545 0.849717 0.714590 0.995118 0.947138 0.835094 0.747146 0.888710 0.770464 0.845856 0.887415 0.912963 0.923855 0.871180 0.897693 0.726846 0.884636 0.901867 0.968568 0.969532 0.873008 0.998833 0.990403 0.805983 0.792689 0.813250 0.797675 0.884786 0.960338 0.834220 0.847118 0.868235 0.839750 0.748770 0.882038 0.922465 0.934692 0.835207 0.821383 0.814482 0.848090
0.758914 0.769576 0.621274 0.638480 0.742149 0.719259 0.000000 0.237078 0.818956 0.544530 0.874109 0.589067 0.476652 0.638413 0.512987 0.574590 0.725404 0.749852 0.550572 0.818211 0.956014 0.988245 0.324804 0.716444 0.991405 0.995063 0.871075 0.971532 0.531858 0.632158 0.454638 0.512609 0.469280 0.384879 0.656594 0.942139 0.882605 0.921379 0.777808 0.868520 0.932651 0.891601 0.387694 0.421465 0.401629 0.407885 0.494111 0.546802 0.384091 0.330589 0.255601 0.278599 0.354090 0.460769 0.558266 0.512723 0.735367 0.725984 0.468293 0.533183 0.291885 0.292523 0.421451 0.413640 0.719890 0.580396 0.366603 0.368343 0.910377 0.873562 0.639741 0.783976 0.545771 0.500859 0.719188 0.554405 0.564537 0.650523 0.609712 0.673392 0.795247 0.963279 0.705659 0.912844 0.669075 0.692490 0.968082 0.928631 0.627380 0.751138 0.889824 0.773528 0.898702 0.891483 0.710303 0.792656 0.786372 0.889261 0.428726 0.375387 0.862917 0.523863 0.656563 0.685500 0.613324 0.551880 0.706427 0.833739 0.899566 0.863211 0.648907 0.578393 0.514194 0.746643 0.343173 0.954697
0.692026 0.654259 0.478032 0.392444 0.877231 0.671444 0.237078 0.000000 0.824017 0.623548 0.887230 0.533093 0.437740 0.540546 0.502709 0.407078 0.710655 0.732469 0.585977 0.813740 0.884721 0.944023 0.381093 0.560600 0.813718 0.815259 0.783350 0.956314 0.651119 0.687942 0.494861 0.516233 0.507066 0.410112 0.625491 0.970049 0.766473 0.807904 0.949381 0.806100 0.956705 0.791350 0.488127 0.501476 0.635726 0.610168 0.578715 0.661338 0.593044 0.471790 0.367444 0.338533 0.449058 0.543271 0.598177 0.600758 0.634459 0.622462 0.491503 0.509541 0.331117 0.257922 0.477561 0.416253 0.647153 0.426738 0.506283 0.500829 0.996315 0.714012 0.709652 0.857992 0.596956 0.576802 0.694715 0.625859 0.582247 0.723225 0.591012 0.656064 0.773664 0.917313 0.728734 0.858862 0.707739 0.607830 0.940906 0.991987 0.544472 0.741154 0.941127 0.988300 0.780490 0.732806 0.850521 0.933102 0.870051 0.906248 0.613855 0.502470 0.932396 0.677858 0.826977 0.772471 0.698630 0.648760 0.618959 0.845381 0.975950 0.840905 0.757221 0.799632 0.638412 0.760664 0.382366 0.909213
0.492287 0.514847 0.774006 0.836084 0.669210 0.624766 0.818956 0.824017 0.000000 0.506162 0.619373 0.653426 0.834126 0.614641 0.913771 0.983287 0.506787 0.487718 0.582884 0.473028 0.720884 0.838307 0.944111 0.658528 0.534483 0.644457 0.686255 0.897891 0.813888 0.732898 0.921103 0.857462 0.723028 0.783406 0.948096 0.969879 0.763944 0.860057 0.840325 0.988498 0.845536 0.982892 0.995149 0.877841 0.832869 0.993968 0.709566 0.683304 0.930607 0.907656 0.900508 0.962982 0.789456 0.580118 0.664059 0.617765 0.516482 0.530458 0.634483 0.685910 0.978368 0.879961 0.751088 0.719079 0.725057 0.853345 0.868466 0.992962 0.446063 0.550643 0.649499 0.646943 0.870775 0.848618 0.986623 0.994986 0.948512 0.739339 0.678156 0.596212 0.462503 0.409776 0.571779 0.380082 0.588903 0.539822 0.840244 0.592782 0.709614 0.473661 0.500985 0.650898 0.652173 0.738137 0.952026 0.836014 0.896594 0.880169 0.810101 0.978613 0.805724 0.805086 0.884685 0.691111 0.893572 0.848017 0.992586 0.998643 0.742797 0.839863 0.856090 0.936249 0.763912 0.992790 0.971205 0.729135
0.595012 0.639470 0.826730 0.931069 0.632774 0.657941 0.544530 0.623548 0.506162 0.000000 0.655839 0.872033 0.932253 0.865246 0.949818 0.803132 0.776789 0.696673 0.886505 0.618074 0.741383 0.966012 0.747554 0.749074 0.612459 0.764678 0.714418 0.740155 0.862749 0.987434 0.509524 0.737571 0.915564 0.801933 0.889475 0.915447 0.934950 0.870917 0.859532 0.931480 0.831812 0.934115 0.550805 0.672966 0.359943 0.478034 0.834337 0.869151 0.572255 0.617756 0.456113 0.536404 0.379719 0.288829 0.951752 0.999167 0.671326 0.673925 0.989456 0.898048 0.784566 0.635437 0.953469 0.944366 0.698689 0.835496 0.748543 0.583771 0.446320 0.658568 0.437258 0.524316 0.642168 0.586338 0.859524 0.758461 0.629225 0.565043 0.984336 0.832162 0.661278 0.458538 0.802998 0.531923 0.689193 0.633771 0.808740 0.591263 0.893876 0.652575 0.603423 0.602673 0.888012 0.922111 0.766242 0.973529 0.887422 0.877084 0.480165 0.588189 0.676585 0.584262 0.739628 0.910288 0.839294 0.866736 0.890670 0.862207 0.642195 0.936307 0.902246 0.699393 0.501568 0.886449 0.704403 0.730377
0.351414 0.415381 0.676651 0.824120 0.988370 0.823772 0.874109 0.887230 0.619373 0.655839 0.000000 0.331788 0.376051 0.374268 0.415565 0.667906 0.348732 0.280303 0.509362 0.372770 0.680543 0.916512 0.821741 0.559300 0.724502 0.913339 0.618734 0.723511 0.452840 0.426093 0.865804 0.901955 0.618523 0.670586 0.894137 0.921307 0.972964 0.918806 0.863778 0.968406 0.740712 0.996738 0.905188 0.977483 0.835034 0.925838 0.803214 0.856175 0.935271 0.903655 0.994591 0.965554 0.884618 0.599475 0.527149 0.648595 0.364650 0.370865 0.672220 0.660379 0.491886 0.645003 0.448985 0.470052 0.309875 0.443156 0.908083 0.964415 0.534864 0.728781 0.521845 0.575698 0.975858 0.919812 0.867816 0.943519 0.728794 0.837563 0.644424 0.539895 0.372408 0.350595 0.474132 0.388548 0.344478 0.421057 0.668741 0.572688 0.712963 0.587444 0.457609 0.546741 0.421180 0.687144 0.890943 0.963213 0.810952 0.759452 0.669406 0.809576 0.657472 0.866955 0.908421 0.951392 0.961994 0.961722 0.887583 0.879788 0.668261 0.906339 0.887852 0.949097 0.766267 0.922700 0.908049 0.667992
0.267178 0.286787 0.494742 0.554775 0.979028 0.922072 0.589067 0.533093 0.653426 0.872033 0.331788 0.000000 0.229366 0.211159 0.261741 0.401962 0.230026 0.223374 0.307615 0.307317 0.635922 0.993191 0.461321 0.379131 0.598165 0.774511 0.475001 0.794374 0.365307 0.350180 0.763839 0.592441 0.352430 0.363442 0.773855 0.913168 0.847755 0.962152 0.964145 0.831002 0.798519 0.858626 0.749626 0.671494 0.895658 0.765844 0.499107 0.572945 0.633484 0.568121 0.618786 0.558088 0.777465 0.893669 0.326035 0.423359 0.252224 0.239567 0.395319 0.409239 0.316199 0.439638 0.227931 0.205304 0.318191 0.355922 0.617732 0.742488 0.514730 0.514224 0.759691 0.667992 0.876609 0.872213 0.690005 0.773753 0.922073 0.951394 0.408824 0.325287 0.265521 0.333699 0.345899 0.348659 0.252117 0.280400 0.826227 0.571564 0.530593 0.439228 0.447910 0.581608 0.371497 0.489939 0.981932 0.979622 0.920178 0.850594 0.972234 0.900732 0.654373 0.993024 0.870474 0.704084 0.829900 0.731209 0.882021 0.964692 0.700709 0.825349 0.714395 0.912951 0.997656 0.957489 0.602164 0.686648
0.325291 0.380226 0.445186 0.546603 0.893398 0.941563 0.476652 0.437740 0.834126 0.932253 0.376051 0.229366 0.000000 0.280003 0.260345 0.376302 0.391702 0.345580 0.396886 0.446114 0.727122 0.999215 0.433895 0.356661 0.675097 0.806697 0.530489 0.882249 0.454494 0.454471 0.781297 0.603426 0.442433 0.430804 0.803028 0.937164 0.958772 0.968031 0.891150 0.842796 0.834567 0.888479 0.810019 0.754014 0.909642 0.806923 0.578961 0.671720 0.694484 0.588005 0.599878 0.528572 0.748615 0.988976 0.374961 0.494204 0.333826 0.326535 0.406461 0.388633 0.227835 0.366030 0.257361 0.284175 0.319902 0.293292 0.576594 0.675454 0.655397 0.610019 0.789223 0.732685 0.883875 0.899031 0.754548 0.807774 0.932741 0.936312 0.538747 0.401936 0.412441 0.468497 0.453826 0.478123 0.291967 0.284766 0.725544 0.612319 0.548392 0.478181 0.567189 0.707154 0.502195 0.582820 0.994419 0.994347 0.971286 0.839247 0.948745 0.859767 0.735191 0.863531 0.903261 0.837305 0.854989 0.790122 0.912289 0.913820 0.814038 0.906988 0.684501 0.958465 0.965370 0.957101 0.574991 0.770741
0.330020 0.333921 0.501344 0.500843 0.984867 0.963438 0.638413 0.540546 0.614641 0.865246 0.374268 0.211159 0.280003 0.000000 0.317053 0.338094 0.263091 0.236844 0.351616 0.361753 0.652460 0.961308 0.494429 0.298350 0.539058 0.637737 0.509031 0.882017 0.444880 0.320413 0.752767 0.548121 0.393548 0.377600 0.791161 0.968642 0.758559 0.876121 0.948848 0.804673 0.821698 0.853330 0.811833 0.724991 0.965404 0.838111 0.559773 0.613300 0.746123 0.616666 0.685453 0.600578 0.784786 0.953209 0.343919 0.420403 0.294468 0.279332 0.449280 0.451910 0.399406 0.422795 0.294256 0.261360 0.418544 0.302338 0.655119 0.729247 0.561882 0.510816 0.820495 0.706794 0.799706 0.803824 0.744395 0.753477 0.915562 0.967423 0.459536 0.351355 0.289641 0.342100 0.333948 0.306102 0.345824 0.283512 0.747117 0.538885 0.513838 0.458699 0.426089 0.533493 0.389005 0.491627 0.913700 0.973479 0.934740 0.900344 0.928906 0.891961 0.653328 0.999847 0.927512 0.738736 0.894447 0.722198 0.849861 0.974362 0.719894 0.937075 0.736989 0.949259 0.959674 0.960042 0.643275 0.705698
0.459313 0.476341 0.574157 0.655710 0.834557 0.917397 0.512987 0.502709 0.913771 0.949818 0.415565 0.261741 0.260345 0.317053 0.000000 0.337427 0.394030 0.370193 0.446346 0.478209 0.753964 0.871764 0.458720 0.425378 0.787738 0.892403 0.606330 0.860831 0.378922 0.342486 0.697219 0.645657 0.459618 0.390189 0.831523 0.939334 0.949248 0.928630 0.969233 0.816985 0.852703 0.922024 0.763435 0.718280 0.798510 0.742566 0.602989 0.658572 0.634540 0.576726 0.576059 0.531072 0.704873 0.949383 0.393205 0.501403 0.433539 0.423596 0.518957 0.566403 0.254867 0.356780 0.306009 0.304905 0.401941 0.391765 0.638963 0.722275 0.789293 0.776030 0.823369 0.784871 0.822373 0.856927 0.703203 0.714438 0.918209 0.950590 0.554117 0.511300 0.449751 0.560715 0.497036 0.549160 0.385207 0.440261 0.732973 0.714692 0.681418 0.612487 0.605067 0.651696 0.438375 0.508757 0.910442 0.998048 0.824777 0.791157 0.948356 0.882348 0.712663 0.961909 0.909413 0.830663 0.968630 0.792731 0.867732 0.811455 0.856202 0.956494 0.784884 0.934151 0.960540 0.953534 0.595303 0.794263
0.652010 0.623529 0.594203 0.545914 0.811534 0.800767 0.574590 0.407078 0.983287 0.803132 0.667906 0.401962 0.376302 0.338094 0.337427 0.000000 0.534792 0.557634 0.647520 0.717452 0.787560 0.930931 0.520035 0.445600 0.768178 0.798405 0.729022 0.964034 0.580302 0.469840 0.645414 0.568714 0.594926 0.481847 0.872591 0.972179 0.832510 0.914913 0.964615 0.733490 0.981405 0.900702 0.830282 0.798237 0.887429 0.832286 0.744810 0.776496 0.801513 0.674876 0.599221 0.516993 0.598937 0.750122 0.559719 0.706040 0.576814 0.555790 0.613987 0.669398 0.394898 0.357439 0.471493 0.431157 0.623123 0.392096 0.754221 0.697509 0.942307 0.732114 0.969562 0.943819 0.728285 0.795119 0.656199 0.734782 0.866894 0.948340 0.631474 0.552891 0.634232 0.742843 0.570306 0.727381 0.658217 0.563825 0.816998 0.924909 0.726835 0.780078 0.624626 0.629398 0.490677 0.495422 0.950293 0.882911 0.780785 0.866287 0.976991 0.868220 0.720768 0.890173 0.972842 0.913123 0.939072 0.862725 0.814298 0.889791 0.930442 0.987961 0.878213 0.990124 0.935911 0.960850 0.628878 0.813098
0.260831 0.262295 0.545521 0.615015 0.902707 0.854215 0.725404 0.710655 0.506787 0.776789 0.348732 0.230026 0.391702 0.263091 0.394030 0.534792 0.000000 0.182756 0.277904 0.254483 0.650849 0.929594 0.551615 0.452088 0.546802 0.746845 0.549031 0.755383 0.338175 0.304049 0.784043 0.623506 0.351701 0.380594 0.841843 0.932258 0.738918 0.923796 0.962291 0.831924 0.809553 0.803042 0.761442 0.638979 0.938557 0.758168 0.456331 0.491556 0.647363 0.581034 0.697516 0.641303 0.879667 0.796416 0.363774 0.389667 0.243966 0.233973 0.406915 0.443696 0.487493 0.597597 0.303262 0.274889 0.373996 0.473315 0.637029 0.741442 0.451928 0.512551 0.775107 0.599647 0.866720 0.909278 0.774596 0.768653 0.909019 0.956979 0.400087 0.356626 0.208409 0.282659 0.311486 0.290772 0.275781 0.296958 0.859884 0.495542 0.610220 0.399527 0.407010 0.539058 0.349320 0.479755 0.898201 0.937590 0.958759 0.890558 0.933659 0.903767 0.694950 0.893687 0.858656 0.663148 0.843507 0.683287 0.849507 0.993813 0.714401 0.883724 0.786457 0.824335 0.980441 0.999883 0.726538 0.716515
0.231332 0.250397 0.523113 0.617508 0.888470 0.849286 0.749852 0.732469 0.487718 0.696673 0.280303 0.223374 0.345580 0.236844 0.370193 0.557634 0.182756 0.000000 0.270078 0.217162 0.621490 0.994828 0.579402 0.403786 0.546038 0.724076 0.566038 0.742488 0.377168 0.330312 0.884294 0.655500 0.380482 0.412674 0.867447 0.942316 0.791738 0.921174 0.966297 0.834185 0.778612 0.802161 0.841003 0.722192 0.997365 0.846494 0.543271 0.573722 0.722141 0.643022 0.801140 0.730242 0.960844 0.720802 0.353371 0.406805 0.226537 0.219794 0.431744 0.468579 0.490073 0.614876 0.296399 0.288650 0.337367 0.437075 0.668609 0.794679 0.407186 0.479456 0.699656 0.581382 0.902711 0.944252 0.794468 0.814102 0.983381 0.892383 0.404246 0.331612 0.181374 0.217052 0.332982 0.227175 0.243755 0.276781 0.770881 0.466409 0.619537 0.383971 0.400706 0.491591 0.354437 0.486520 0.907001 0.940249 0.931090 0.918016 0.868840 0.934813 0.628485 0.855393 0.930894 0.735350 0.853260 0.729001 0.912793 0.967959 0.665863 0.907650 0.794979 0.922491 0.916902 0.934532 0.723888 0.700151
0.282175 0.283019 0.437770 0.515869 0.874348 0.865617 0.550572 0.585977 0.582884 0.886505 0.509362 0.307615 0.396886 0.351616 0.446346 0.647520 0.277904 0.270078 0.000000 0.264322 0.636257 0.910454 0.342780 0.455543 0.549274 0.741631 0.541239 0.900705 0.396327 0.442049 0.605163 0.484212 0.238498 0.314140 0.671859 0.962238 0.739985 0.947548 0.965176 0.838784 0.806905 0.760783 0.530883 0.438920 0.733228 0.541419 0.324264 0.334945 0.458848 0.374395 0.531857 0.478039 0.776835 0.927891 0.345034 0.289832 0.273080 0.278990 0.273119 0.327552 0.461416 0.601326 0.259002 0.255489 0.437575 0.573016 0.407655 0.562255 0.472155 0.471917 0.923274 0.734111 0.845542 0.839318 0.768740 0.727953 0.714303 0.962424 0.344347 0.324624 0.279068 0.360726 0.353953 0.337466 0.279568 0.305155 0.880028 0.577480 0.604775 0.348657 0.588910 0.753606 0.530559 0.565621 0.731471 0.814610 0.855904 0.872120 0.778702 0.639548 0.814329 0.989619 0.693691 0.576370 0.675200 0.504311 0.754085 0.954955 0.797097 0.719896 0.620492 0.772671 0.824551 0.760921 0.541828 0.755082
0.222310 0.223193 0.489957 0.618296 0.737279 0.806136 0.818211 0.813740 0.473028 0.618074 0.372770 0.307317 0.446114 0.361753 0.478209 0.717452 0.254483 0.217162 0.264322 0.000000 0.561789 0.940213 0.588065 0.489804 0.512215 0.675269 0.503217 0.800979 0.458403 0.452615 0.844657 0.709331 0.392729 0.462288 0.841242 0.969477 0.779861 0.829595 0.912971 0.877375 0.756968 0.755764 0.796395 0.683619 0.978083 0.844548 0.530834 0.545853 0.728980 0.661065 0.825029 0.765180 0.933931 0.628937 0.409590 0.442539 0.239556 0.238863 0.442381 0.454809 0.612911 0.753490 0.372329 0.367475 0.369760 0.565783 0.680765 0.852939 0.320811 0.422104 0.682534 0.564487 0.939062 0.988834 0.811338 0.878169 0.920776 0.881421 0.431645 0.383168 0.221344 0.227212 0.390237 0.248311 0.275646 0.303979 0.885811 0.524487 0.645981 0.344838 0.433234 0.567241 0.467969 0.511220 0.913232 0.820840 0.996736 0.966722 0.902255 0.943251 0.625359 0.797440 0.924673 0.701020 0.824400 0.706249 0.870385 0.975778 0.789189 0.845938 0.805502 0.931869 0.898963 0.887818 0.763616 0.674710
0.577274 0.570876 0.575451 0.657058 0.760056 0.935002 0.956014 0.884721 0.720884 0.741383 0.680543 0.635922 0.727122 0.652460 0.753964 0.787560 0.650849 0.621490 0.636257 0.561789 0.000000 0.984612 0.816210 0.721086 0.536543 0.566399 0.706031 0.996102 0.759228 0.779129 0.858750 0.649059 0.649994 0.695682 0.979946 0.894626 0.804454 0.743896 0.858831 0.806146 0.963256 0.768985 0.839697 0.767393 0.974721 0.922805 0.744593 0.672133 0.910335 0.814534 0.950270 0.889557 0.993636 0.764728 0.590958 0.753946 0.548686 0.569475 0.692888 0.652982 0.848539 0.833808 0.715214 0.696447 0.623140 0.734224 0.857751 0.985054 0.552120 0.670170 0.844294 0.747889 0.994673 0.974073 0.955839 0.860327 0.877963 0.981778 0.699790 0.575827 0.614384 0.593627 0.594542 0.637501 0.679985 0.621823 0.895653 0.925886 0.783129 0.674289 0.653883 0.720760 0.810091 0.817973 0.978978 0.895293 0.955061 0.988819 0.990480 0.938770 0.746347 0.858052 0.908819 0.718467 0.924250 0.730259 0.875404 0.974587 0.740069 0.761799 0.893492 0.914232 0.967090 0.590294 0.746246 0.660045
0.980989 0.967021 0.982851 0.959271 0.956607 0.931923 0.988245 0.944023 0.838307 0.966012 0.916512 0.993191 0.999215 0.961308 0.871764 0.930931 0.929594 0.994828 0.910454 0.940213 0.984612 0.000000 0.836313 0.960974 0.913621 0.908232 0.895144 0.931391 0.912197 0.975525 0.934496 0.941920 0.974149 0.906087 0.977788 0.969339 0.880566 0.992150 0.907338 0.902288 0.918077 0.901317 0.870651 0.871761 0.958348 0.895086 0.801302 0.842151 0.882433 0.909961 0.949144 0.928737 0.982498 0.977098 0.973467 0.955735 0.990448 0.998868 0.960959 0.971615 0.928259 0.912343 0.986508 0.971565 0.979823 0.862540 0.897372 0.965225 0.881045 0.925696 0.903566 0.970214 0.960554 0.952979 0.911451 0.943063 0.804744 0.853276 0.958453 0.883090 0.893804 0.958395 0.950122 0.995900 0.955761 0.960306 0.971873 0.901596 0.979893 0.885170 0.965431 0.878392 0.955921 0.997772 0.926207 0.826107 0.921824 0.979982 0.875148 0.928582 0.920043 0.986119 0.984425 0.958353 0.892176 0.871229 0.974579 0.928197 0.913130 0.751223 0.963227 0.937969 0.914543 0.962013 0.996178 0.860666
0.576720 0.561151 0.558759 0.576082 0.887351 0.877536 0.324804 0.381093 0.944111 0.747554 0.821741 0.461321 0.433895 0.494429 0.458720 0.520035 0.551615 0.579402 0.342780 0.588065 0.816210 0.836313 0.000000 0.522876 0.770242 0.841082 0.708756 0.912375 0.519916 0.587681 0.374861 0.373523 0.329282 0.327482 0.556744 0.963791 0.804769 0.983540 0.962446 0.857963 0.924034 0.806391 0.361669 0.345720 0.469355 0.360530 0.299169 0.362086 0.322724 0.248970 0.272551 0.227673 0.458414 0.620745 0.407648 0.373741 0.580062 0.549535 0.338464 0.418265 0.395800 0.478222 0.323450 0.313349 0.679095 0.668142 0.327724 0.400110 0.833342 0.651532 0.775509 0.975866 0.636219 0.642373 0.702407 0.623185 0.503976 0.860252 0.484163 0.488785 0.562126 0.722923 0.556604 0.675896 0.466722 0.498289 0.932304 0.730806 0.671351 0.527580 0.861409 0.986627 0.734316 0.650420 0.711902 0.886009 0.916882 0.860624 0.527241 0.462491 0.966709 0.718344 0.598541 0.600082 0.652552 0.454626 0.763592 0.978220 0.944374 0.689189 0.650294 0.683372 0.613415 0.753201 0.379251 0.870904
0.388182 0.380901 0.429207 0.430242 0.955688 0.975116 0.716444 0.560600 0.658528 0.749074 0.559300 0.379131 0.356661 0.298350 0.425378 0.445600 0.452088 0.403786 0.455543 0.489804 0.721086 0.960974 0.522876 0.000000 0.496537 0.583166 0.566207 0.837926 0.671057 0.563431 0.851183 0.577217 0.518808 0.532647 0.714290 0.949213 0.800107 0.845144 0.869514 0.859029 0.872306 0.767514 0.935039 0.829501 0.884043 0.972403 0.631971 0.703710 0.893299 0.718552 0.779225 0.656284 0.891691 0.918050 0.453760 0.536540 0.359305 0.333117 0.458081 0.462798 0.511801 0.562607 0.439706 0.426332 0.460035 0.369463 0.684472 0.795198 0.545164 0.470640 0.766879 0.716995 0.992079 0.991620 0.852468 0.950045 0.912399 0.795681 0.624667 0.527742 0.439656 0.442451 0.457304 0.394101 0.419777 0.283665 0.770950 0.582457 0.529163 0.425582 0.462270 0.514187 0.488560 0.514344 0.993865 0.944881 0.905250 0.973737 0.933626 0.918377 0.660029 0.958521 0.949594 0.820455 0.973575 0.778583 0.945006 0.824740 0.660443 0.910610 0.761348 0.887170 0.918804 0.942014 0.743831 0.682949
0.447322 0.402783 0.389458 0.392029 0.734477 0.892491 0.991405 0.813718 0.534483 0.612459 0.724502 0.598165 0.675097 0.539058 0.787738 0.768178 0.546802 0.546038 0.549274 0.512215 0.536543 0.913621 0.770242 0.496537 0.000000 0.260386 0.469434 0.817560 0.907637 0.835805 0.859695 0.647642 0.628525 0.677818 0.674712 0.927914 0.564831 0.700587 0.621701 0.787452 0.998283 0.640718 0.855289 0.739935 0.775768 0.970136 0.658099 0.664939 0.988326 0.826554 0.974909 0.873619 0.910310 0.715455 0.638770 0.647472 0.414912 0.397596 0.577954 0.493963 0.922522 0.882226 0.767872 0.684013 0.522318 0.604894 0.809475 0.961268 0.395821 0.459190 0.828444 0.649432 0.949890 0.991642 0.915284 0.984572 0.821919 0.923556 0.632147 0.590149 0.554614 0.488231 0.657961 0.451874 0.612133 0.419304 0.956517 0.802900 0.631019 0.429760 0.444268 0.589734 0.661862 0.672302 0.985516 0.996198 0.901151 0.896477 0.917899 0.906078 0.630318 0.774397 0.876598 0.711302 0.809360 0.666926 0.773907 0.889618 0.806821 0.788793 0.822268 0.891753 0.990974 0.809737 0.790953 0.712817
0.655677 0.598363 0.505378 0.451345 0.786399 0.937637 0.995063 0.815259 0.644457 0.764678 0.913339 0.774511 0.806697 0.637737 0.892403 0.798405 0.746845 0.724076 0.741631 0.675269 0.566399 0.908232 0.841082 0.583166 0.260386 0.000000 0.585338 0.870641 0.971464 0.902227 0.790811 0.679628 0.760926 0.707632 0.711359 0.949002 0.525800 0.564507 0.564148 0.815749 0.997270 0.532299 0.853805 0.765211 0.826623 0.954973 0.739744 0.749123 0.931107 0.878321 0.971348 0.884774 0.993043 0.890660 0.706273 0.705231 0.623226 0.585533 0.724743 0.621337 0.972066 0.859771 0.889689 0.817745 0.710839 0.672894 0.879390 0.951116 0.536576 0.523134 0.968633 0.781050 0.970680 0.918429 0.975174 0.984410 0.789900 0.976029 0.708967 0.698880 0.715670 0.664761 0.810850 0.585344 0.799697 0.576319 0.943689 0.877596 0.616957 0.544754 0.608585 0.726233 0.824244 0.746845 0.966447 0.947999 0.816527 0.848400 0.959832 0.889010 0.696962 0.887248 0.922868 0.755096 0.749156 0.716385 0.787784 0.988015 0.917206 0.818801 0.919105 0.941154 0.970135 0.758627 0.804177 0.804830
0.480886 0.474118 0.537282 0.593004 0.965183 0.926475 0.871075 0.783350 0.686255 0.714418 0.618734 0.475001 0.530489 0.509031 0.606330 0.729022 0.549031 0.566038 0.541239 0.503217 0.706031 0.895144 0.708756 0.566207 0.469434 0.585338 0.000000 0.755022 0.760185 0.710265 0.849842 0.791356 0.674943 0.639928 0.808905 0.892982 0.717535 0.944996 0.885523 0.792203 0.979174 0.901944 0.906334 0.810439 0.890981 0.987131 0.728510 0.711950 0.953945 0.846367 0.899927 0.811307 0.964620 0.809869 0.597896 0.653929 0.497435 0.486962 0.656010 0.567282 0.686216 0.750965 0.632662 0.599291 0.515151 0.535364 0.784246 0.908681 0.598358 0.661172 0.826013 0.763644 0.992746 0.949730 0.646285 0.979136 0.907375 0.936205 0.724921 0.608808 0.606523 0.510870 0.629569 0.537788 0.516267 0.424760 0.818800 0.730658 0.611317 0.531968 0.552936 0.772951 0.662677 0.790661 0.890214 0.901203 0.986888 0.983527 0.948613 0.998364 0.668423 0.982090 0.914430 0.732463 0.870625 0.760362 0.919270 0.872309 0.917321 0.929496 0.686983 0.979885 0.945440 0.971403 0.711604 0.887077
0.754711 0.762146 0.899131 0.895561 0.997488 0.887976 0.971532 0.956314 0.897891 0.740155 0.723511 0.794374 0.882249 0.882017 0.860831 0.964034 0.755383 0.742488 0.900705 0.800979 0.996102 0.931391 0.912375 0.837926 0.817560 0.870641 0.755022 0.000000 0.870516 0.842345 0.777833 0.861947 0.993033 0.975302 0.934937 0.938769 0.806671 0.862077 0.931615 0.828190 0.823605 0.774906 0.929371 0.978132 0.782793 0.800001 0.943757 0.958720 0.856142 0.864599 0.865890 0.883390 0.914964 0.795741 0.917912 0.990977 0.758916 0.731208 0.981417 0.942056 0.908970 0.877676 0.929028 0.853372 0.683190 0.696895 0.870933 0.845799 0.763170 0.792884 0.890919 0.925127 0.947650 0.963775 0.904537 0.907055 0.773120 0.934625 0.862495 0.949713 0.792635 0.721786 0.941023 0.776536 0.798321 0.785022 0.931197 0.821131 0.857547 0.796343 0.799851 0.761353 0.765833 0.976793 0.870795 0.936952 0.815904 0.946955 0.759488 0.869566 0.808916 0.849754 0.977018 0.957693 0.870504 0.974732 0.923220 0.957920 0.808201 0.869090 0.973889 0.941828 0.868603 0.985602 0.970116 0.879000
0.516393 0.524888 0.689713 0.832306 0.881138 0.977597 0.531858 0.651119 0.813888 0.862749 0.452840 0.365307 0.454494 0.444880 0.378922 0.580302 0.338175 0.377168 0.396327 0.458403 0.759228 0.912197 0.519916 0.671057 0.907637 0.971464 0.760185 0.870516 0.000000 0.248522 0.696810 0.636930 0.391683 0.359494 0.925396 0.999671 0.957027 0.983625 0.850468 0.859011 0.841663 0.853814 0.641043 0.600349 0.661495 0.592089 0.500196 0.523994 0.495343 0.515703 0.557335 0.583511 0.699165 0.935127 0.432628 0.486589 0.495053 0.491427 0.548458 0.639627 0.383443 0.468820 0.337310 0.337139 0.538323 0.609054 0.585514 0.660779 0.778851 0.745790 0.990484 0.890076 0.703957 0.689027 0.788180 0.737072 0.830932 0.823665 0.505145 0.502651 0.419978 0.588263 0.416278 0.606616 0.480308 0.603097 0.864695 0.692201 0.748782 0.663431 0.715146 0.817743 0.490195 0.649779 0.847253 0.888124 0.994260 0.933791 0.879757 0.807298 0.978996 0.901177 0.789252 0.771722 0.812085 0.677993 0.809363 0.930806 0.849786 0.877859 0.756599 0.740008 0.839337 0.877801 0.659079 0.860125
0.511498 0.523251 0.709486 0.786992 0.924681 0.979382 0.632158 0.687942 0.732898 0.987434 0.426093 0.350180 0.454471 0.320413 0.342486 0.469840 0.304049 0.330312 0.442049 0.452615 0.779129 0.975525 0.587681 0.563431 0.835805 0.902227 0.710265 0.842345 0.248522 0.000000 0.715009 0.660587 0.443677 0.374546 0.945843 0.932065 0.813818 0.917342 0.965551 0.882582 0.929441 0.846692 0.770382 0.680242 0.792190 0.701762 0.574906 0.582262 0.637753 0.608095 0.661921 0.639562 0.752893 0.971522 0.429754 0.466364 0.497520 0.479457 0.587142 0.687529 0.421222 0.466063 0.373543 0.352832 0.562616 0.507730 0.675363 0.706237 0.747390 0.716400 0.903178 0.838676 0.723011 0.716294 0.784990 0.677603 0.947809 0.923093 0.486309 0.431570 0.389668 0.536766 0.403289 0.515259 0.508188 0.553217 0.781992 0.641215 0.688244 0.642722 0.599175 0.659050 0.439229 0.581146 0.888162 0.914024 0.915614 0.919026 0.983241 0.893494 0.870883 0.979631 0.870063 0.796492 0.898202 0.720198 0.835801 0.998568 0.805507 0.981766 0.808443 0.798357 0.939168 0.930672 0.735288 0.928232
0.907721 0.834078 0.714310 0.644674 0.895163 0.736166 0.454638 0.494861 0.921103 0.509524 0.865804 0.763839 0.781297 0.752767 0.697219 0.645414 0.784043 0.884294 0.605163 0.844657 0.858750 0.934496 0.374861 0.851183 0.859695 0.790811 0.849842 0.777833 0.696810 0.715009 0.000000 0.393577 0.455930 0.382087 0.603211 0.838870 0.636409 0.887271 0.943307 0.832117 0.898753 0.819517 0.305834 0.295423 0.387851 0.312003 0.386291 0.384769 0.394049 0.319036 0.276654 0.280844 0.394385 0.456061 0.622393 0.532360 0.863516 0.845118 0.545794 0.645354 0.661556 0.588761 0.595786 0.563083 0.998436 0.943807 0.443333 0.399949 0.905078 0.864703 0.571026 0.752051 0.595300 0.564666 0.765303 0.571184 0.401391 0.608119 0.546932 0.693116 0.847610 0.916671 0.827835 0.977992 0.870308 0.841286 0.822687 0.965403 0.810802 0.802704 0.997796 0.866261 0.907271 0.765280 0.680763 0.846239 0.794089 0.783905 0.408282 0.380747 0.924167 0.685223 0.545201 0.618531 0.664782 0.469938 0.663373 0.850904 0.771603 0.736727 0.722151 0.584776 0.512194 0.700125 0.453643 0.907861
0.649092 0.612947 0.566294 0.523713 0.996060 0.853677 0.512609 0.516233 0.857462 0.737571 0.901955 0.592441 0.603426 0.548121 0.645657 0.568714 0.623506 0.655500 0.484212 0.709331 0.649059 0.941920 0.373523 0.577217 0.647642 0.679628 0.791356 0.861947 0.636930 0.660587 0.393577 0.000000 0.396086 0.404023 0.655767 0.996717 0.717745 0.819934 0.954581 0.746510 0.976411 0.791288 0.491909 0.423984 0.576486 0.454703 0.363746 0.389164 0.468891 0.376722 0.390635 0.349705 0.518594 0.695567 0.490754 0.477386 0.582035 0.585157 0.391228 0.457503 0.621320 0.582149 0.474423 0.464716 0.818726 0.765384 0.487465 0.467537 0.795212 0.655457 0.828236 0.948868 0.690051 0.711134 0.802514 0.696623 0.573986 0.876301 0.502035 0.488155 0.609335 0.785303 0.549030 0.728957 0.663803 0.617530 0.869005 0.924448 0.727445 0.594603 0.791864 0.868268 0.746276 0.697248 0.797413 0.943667 0.805238 0.801198 0.597817 0.520402 0.968747 0.798629 0.583260 0.539699 0.796227 0.445462 0.809821 0.932487 0.948683 0.751128 0.632706 0.758910 0.562580 0.670843 0.499135 0.910077
0.392402 0.390137 0.529134 0.551338 0.965810 0.985450 0.469280 0.507066 0.723028 0.915564 0.618523 0.352430 0.442433 0.393548 0.459618 0.594926 0.351701 0.380482 0.238498 0.392729 0.649994 0.974149 0.329282 0.518808 0.628525 0.760926 0.674943 0.993033 0.391683 0.443677 0.455930 0.396086 0.000000 0.268712 0.615637 0.966927 0.749598 0.889989 0.980585 0.822890 0.931194 0.754293 0.448540 0.374745 0.611408 0.445426 0.292362 0.311812 0.397813 0.325111 0.400363 0.363247 0.624349 0.872623 0.374013 0.308699 0.361219 0.363539 0.299353 0.352980 0.432866 0.505318 0.275832 0.254314 0.532709 0.608881 0.398742 0.500282 0.608559 0.518949 0.979307 0.842293 0.728552 0.727098 0.765146 0.643143 0.674388 0.831362 0.320166 0.364158 0.363185 0.516867 0.384087 0.442131 0.385809 0.397289 0.993710 0.642475 0.634713 0.449278 0.626349 0.815050 0.570450 0.573161 0.755303 0.878052 0.855794 0.931563 0.691886 0.564145 0.876347 0.894534 0.664631 0.552401 0.639473 0.481708 0.782249 0.924276 0.835978 0.712038 0.654321 0.700086 0.735449 0.691294 0.526140 0.847406
0.480987 0.431165 0.528750 0.534769 0.936248 0.896425 0.384879 0.410112 0.783406 0.801933 0.670586 0.363442 0.430804 0.377600 0.390189 0.481847 0.380594 0.412674 0.314140 0.462288 0.695682 0.906087 0.327482 0.532647 0.677818 0.707632 0.639928 0.975302 0.359494 0.374546 0.382087 0.404023 0.268712 0.000000 0.632651 0.874965 0.634785 0.827022 0.899539 0.851132 0.974009 0.702076 0.407078 0.335589 0.563992 0.438458 0.302416 0.346375 0.410920 0.327603 0.355982 0.324759 0.518718 0.740458 0.387636 0.323734 0.446802 0.440634 0.340777 0.452565 0.386384 0.390324 0.283081 0.242154 0.583688 0.555618 0.399040 0.471646 0.742972 0.605579 0.853352 0.960045 0.632445 0.631446 0.752221 0.636822 0.600432 0.741395 0.356945 0.388965 0.434040 0.629663 0.450057 0.547763 0.482529 0.471285 0.958858 0.731292 0.573609 0.507145 0.667267 0.810655 0.570183 0.547034 0.760254 0.824586 0.877088 0.901140 0.639148 0.518527 0.854856 0.820901 0.682610 0.595719 0.667279 0.469770 0.631373 0.938109 0.926779 0.731651 0.704650 0.673125 0.731942 0.723336 0.421462 0.957702
0.779228 0.737799 0.669216 0.594179 0.920885 0.988477 0.656594 0.625491 0.948096 0.889475 0.894137 0.773855 0.803028 0.791161 0.831523 0.872591 0.841843 0.867447 0.671859 0.841242 0.979946 0.977788 0.556744 0.714290 0.674712 0.711359 0.808905 0.934937 0.925396 0.945843 0.603211 0.655767 0.615637 0.632651 0.000000 0.962478 0.697307 0.959639 0.854368 0.809465 0.957757 0.751087 0.535216 0.518504 0.715286 0.637693 0.570094 0.581424 0.674331 0.557925 0.562674 0.575301 0.682130 0.782489 0.708459 0.578564 0.749764 0.744815 0.576707 0.578096 0.796566 0.763837 0.715452 0.682720 0.867494 0.856365 0.540665 0.609653 0.887313 0.745301 0.801375 0.998248 0.858603 0.751195 0.958462 0.806558 0.577263 0.748000 0.737999 0.765312 0.813729 0.891230 0.866255 0.803172 0.786332 0.705113 0.909492 0.958195 0.631193 0.653832 0.895371 0.980436 0.931611 0.805722 0.755618 0.984629 0.765279 0.809521 0.647352 0.566519 0.962603 0.923789 0.606022 0.635723 0.624777 0.687018 0.804501 0.972580 0.999519 0.721956 0.594282 0.698251 0.650349 0.806667 0.553057 0.981009
0.865780 0.875258 0.885585 0.900842 0.727029 0.903872 0.942139 0.970049 0.969879 0.915447 0.921307 0.913168 0.937164 0.968642 0.939334 0.972179 0.932258 0.942316 0.962238 0.969477 0.894626 0.969339 0.963791 0.949213 0.927914 0.949002 0.892982 0.938769 0.999671 0.932065 0.838870 0.996717 0.966927 0.874965 0.962478 0.000000 0.798862 0.905755 0.998702 0.890156 0.735691 0.873865 0.939675 0.896554 0.851161 0.911126 0.969320 0.867967 0.996984 0.956278 0.935739 0.949502 0.858057 0.765046 0.990689 0.893914 0.816713 0.841967 0.974811 0.882242 0.965786 0.987355 0.987460 0.958567 0.813295 0.943157 0.886160 0.827042 0.788670 0.934025 0.852654 0.750130 0.798008 0.872399 0.863229 0.944945 0.975024 0.818326 0.980473 0.975807 0.862907 0.868884 0.942490 0.925008 0.910622 0.964118 0.939688 0.978556 0.929450 0.999084 0.866301 0.816229 0.853862 0.846015 0.919401 0.702443 0.884640 0.668654 0.831091 0.796121 0.764967 0.800477 0.788607 0.763586 0.902820 0.834781 0.920714 0.985725 0.857268 0.928244 0.912653 0.857383 0.955698 0.902811 0.891636 0.709718
0.803121 0.748838 0.646857 0.533308 0.841216 0.852762 0.882605 0.766473 0.763944 0.934950 0.972964 0.847755 0.958772 0.758559 0.949248 0.832510 0.738918 0.791738 0.739985 0.779861 0.804454 0.880566 0.804769 0.800107 0.564831 0.525800 0.717535 0.806671 0.957027 0.813818 0.636409 0.717745 0.749598 0.634785 0.697307 0.798862 0.000000 0.623587 0.613927 0.779254 0.986047 0.724452 0.682692 0.600330 0.950345 0.844637 0.706292 0.637415 0.956284 0.807160 0.850654 0.799717 0.867962 0.889139 0.747127 0.680022 0.778060 0.765479 0.760647 0.801815 0.981622 0.896073 0.873883 0.779232 0.910153 0.815253 0.761772 0.784741 0.780069 0.628379 0.837637 0.808219 0.642970 0.694558 0.929481 0.806688 0.747896 0.865797 0.667855 0.772342 0.770698 0.806097 0.816589 0.774211 0.896303 0.735111 0.843242 0.916326 0.664073 0.712680 0.811662 0.833255 0.807415 0.791031 0.903934 0.838005 0.924441 0.773413 0.869505 0.745507 0.874223 0.981077 0.750674 0.579538 0.713316 0.568395 0.668939 0.807125 0.999822 0.856131 0.947548 0.876334 0.879395 0.783983 0.689680 0.946187
0.865863 0.803715 0.774076 0.691791 0.798898 0.770956 0.921379 0.807904 0.860057 0.870917 0.918806 0.962152 0.968031 0.876121 0.928630 0.914913 0.923796 0.921174 0.947548 0.829595 0.743896 0.992150 0.983540 0.845144 0.700587 0.564507 0.944996 0.862077 0.983625 0.917342 0.887271 0.819934 0.889989 0.827022 0.959639 0.905755 0.623587 0.000000 0.816376 0.963698 0.934377 0.557427 0.874651 0.841859 0.889181 0.916269 0.958591 0.950070 0.908425 0.973312 0.995633 0.991056 0.941885 0.991603 0.928543 0.912932 0.834885 0.813045 0.929550 0.885238 0.911123 0.890733 0.983476 0.897335 0.983371 0.815415 0.948218 0.967422 0.739575 0.584598 0.863323 0.979773 0.760531 0.767504 0.893683 0.965707 0.840402 0.932135 0.727156 0.802478 0.846630 0.822847 0.845909 0.858174 0.987575 0.886615 0.720898 0.964724 0.722446 0.806799 0.921488 0.842006 0.989131 0.871413 0.895303 0.856477 0.955569 0.812845 0.987576 0.891818 0.972066 0.984711 0.973166 0.828197 0.854966 0.703810 0.765122 0.737002 0.907257 0.929913 0.872588 0.899876 0.896268 0.676466 0.954871 0.827467
