0.000000 0.161534 0.658873 0.665433 0.679380 0.751729 0.932406 0.301112 0.813016 0.446843 0.224975 0.186953 0.322476 0.236177 0.606395 0.578394 0.240741 0.214274 0.256559 0.236138 0.919047 0.864242 0.784925 0.914590 0.515816 0.695767 0.945408 0.962826 0.248697 0.241137 0.791204 0.789165 0.538943 0.383013 0.645500 0.568310 0.989949 0.906197 0.915568 0.897993 0.639286 0.664332 0.752451 0.465458 0.751986 0.349795 0.510276 0.424703 0.172085 0.197336 0.225238 0.233840 0.290642 0.394803 0.539878 0.375805 0.233140 0.200391 0.286714 0.230035 0.500095 0.208600 0.256666 0.195894 0.417903 0.638129 0.743027 0.817610 0.452996 0.369813 0.787383 0.828735 0.437220 0.372852 0.753161 0.776172 0.395293 0.505226 0.491390 0.335470 0.236899 0.258038 0.466688 0.534540 0.814112 0.847455 0.699637 0.984883 0.984174 0.576655 0.967833 0.640181 0.611125 0.431441 0.985512 0.731791 0.790498 0.675052 0.558862 0.613539 0.671632 0.858310 0.420046 0.447167 0.648822 0.845433 0.922779 0.996379 0.799500 0.924143 0.890051 0.873453 0.466370 0.810541 0.809802 0.712946
0.161534 0.000000 0.595116 0.703995 0.665508 0.753215 0.998881 0.297446 0.781166 0.429608 0.251509 0.182085 0.394809 0.246095 0.634099 0.570494 0.235938 0.214145 0.251150 0.204580 0.945100 0.803342 0.794000 0.926682 0.517924 0.690020 0.998715 0.956810 0.230276 0.247785 0.790034 0.782631 0.561432 0.394118 0.634512 0.575831 0.988574 0.862257 0.992026 0.893527 0.660024 0.707546 0.806721 0.490407 0.791132 0.392545 0.550421 0.467287 0.173005 0.198092 0.227575 0.248659 0.313271 0.412592 0.539807 0.393756 0.209189 0.170374 0.373990 0.265985 0.589401 0.197780 0.299374 0.207735 0.353400 0.646065 0.676632 0.788563 0.441620 0.358759 0.801799 0.802915 0.378911 0.378713 0.706760 0.790481 0.400311 0.503224 0.498009 0.303550 0.225466 0.244148 0.516613 0.548871 0.814260 0.817861 0.704786 0.966961 0.932077 0.626269 0.998076 0.616369 0.584504 0.442012 0.947426 0.721504 0.823385 0.626339 0.600708 0.643526 0.679039 0.881991 0.461353 0.506734 0.683754 0.904960 0.929876 0.963191 0.792224 0.914302 0.891520 0.884530 0.516839 0.824481 0.893505 0.706207
0.658873 0.595116 0.000000 0.710120 0.717734 0.972540 0.401030 0.961889 0.577446 0.993708 0.741868 0.571837 0.896622 0.544347 0.947731 0.752355 0.735374 0.737818 0.622647 0.564056 0.997478 0.943115 0.727418 0.839521 0.537912 0.378711 0.814628 0.927376 0.739745 0.717853 0.726658 0.796037 0.795672 0.902339 0.419119 0.614475 0.801162 0.988743 0.822258 0.939294 0.977734 0.967601 0.655700 0.922681 0.640755 0.989493 0.989844 0.937260 0.702862 0.600345 0.762871 0.717269 0.764660 0.869352 0.857147 0.804280 0.645661 0.531089 0.823071 0.632873 0.760687 0.745812 0.778666 0.686416 0.281737 0.440796 0.393110 0.412494 0.564729 0.565294 0.917793 0.981672 0.765734 0.824067 0.977819 0.958627 0.803593 0.923217 0.920327 0.747013 0.747239 0.672785 0.852068 0.851895 0.838098 0.923404 0.764071 0.780151 0.734683 0.824843 0.575467 0.512229 0.336212 0.476953 0.803666 0.846998 0.846806 0.492026 0.828092 0.805341 0.940241 0.740652 0.927141 0.997657 0.846955 0.704201 0.989370 0.720682 0.987134 0.895143 0.652539 0.777081 0.931071 0.975417 0.733934 0.910724
0.665433 0.703995 0.710120 0.000000 0.988964 0.908807 0.659138 0.613720 0.967275 0.703435 0.708149 0.736058 0.707768 0.783706 0.822186 0.838906 0.692205 0.708389 0.798535 0.694712 0.998062 0.995191 0.906704 0.970819 0.953164 0.837054 0.909125 0.966817 0.726048 0.767231 0.862925 0.852440 0.605868 0.740187 0.950463 0.822991 0.959718 0.868818 0.739708 0.879336 0.890213 0.834233 0.826008 0.721665 0.735556 0.659555 0.839321 0.616942 0.680222 0.746989 0.672895 0.723890 0.706652 0.765782 0.711256 0.751679 0.652284 0.705968 0.628941 0.759993 0.574504 0.610474 0.760066 0.707860 0.868733 0.773897 0.857980 0.819220 0.695034 0.678262 0.947815 0.916547 0.832187 0.891939 0.783167 0.886133 0.824831 0.836025 0.664529 0.763633 0.721338 0.681318 0.609034 0.635326 0.679189 0.760364 0.956396 0.853432 0.790101 0.744253 0.875032 0.979996 0.912807 0.950320 0.862390 0.936576 0.715939 0.852762 0.702548 0.738080 0.945956 0.778563 0.784366 0.751447 0.632442 0.747151 0.905524 0.877275 0.945582 0.911516 0.918634 0.931277 0.672449 0.937854 0.953557 0.749830
0.679380 0.665508 0.717734 0.988964 0.000000 0.982669 0.981721 0.722138 0.954970 0.752277 0.666228 0.648801 0.743432 0.692804 0.953606 0.878546 0.644275 0.665766 0.586362 0.668607 0.968936 0.995875 0.755258 0.892674 0.875697 0.817297 0.960723 0.971271 0.719960 0.725092 0.976868 0.886277 0.885433 0.748303 0.877835 0.847779 0.905411 0.853694 0.873318 0.966462 0.907483 0.852399 0.970489 0.847186 0.869404 0.806886 0.957164 0.835440 0.758050 0.750930 0.760367 0.760351 0.770500 0.773119 0.702288 0.688255 0.694225 0.731765 0.786865 0.887930 0.906994 0.724670 0.742408 0.691915 0.631473 0.763544 0.884620 0.831219 0.736619 0.771484 0.712872 0.726058 0.758582 0.651640 0.888993 0.920220 0.611986 0.729469 0.813843 0.764440 0.680883 0.637821 0.832519 0.707887 0.875004 0.910852 0.995473 0.919196 0.868198 0.779918 0.919469 0.765175 0.777805 0.744013 0.978520 0.894714 0.903223 0.819150 0.831123 0.808871 0.867919 0.945944 0.751046 0.727882 0.943786 0.967783 0.996309 0.850230 0.953721 0.853653 0.850950 0.845534 0.889994 0.997479 0.970824 0.674070
0.751729 0.753215 0.972540 0.908807 0.982669 0.000000 0.831707 0.611176 0.833400 0.750793 0.793676 0.749408 0.722177 0.742039 0.766883 0.735967 0.851026 0.810104 0.819210 0.819503 0.917323 0.959168 0.851317 0.885666 0.776119 0.980411 0.959349 0.976013 0.748292 0.729044 0.790362 0.727710 0.697575 0.798394 0.937204 0.887559 0.910217 0.939523 0.822034 0.999241 0.982780 0.964967 0.653882 0.587814 0.833487 0.671343 0.748165 0.780659 0.713073 0.632038 0.670574 0.625901 0.743192 0.597488 0.985157 0.820323 0.846570 0.847832 0.783744 0.693051 0.823216 0.743075 0.731635 0.738679 0.829582 0.991078 0.937436 0.846321 0.851731 0.830974 0.767890 0.869995 0.868674 0.730313 0.832894 0.999040 0.627314 0.691132 0.804488 0.715366 0.760651 0.854846 0.856678 0.994582 0.854651 0.909351 0.909065 0.802863 0.884255 0.959137 0.759733 0.864345 0.868853 0.955261 0.927998 0.908838 0.898238 0.916442 0.727608 0.738482 0.666710 0.833750 0.788454 0.703773 0.697137 0.745345 0.749704 0.754657 0.760115 0.910337 0.936610 0.812699 0.802853 0.773023 0.859465 0.991354
0.932406 0.998881 0.401030 0.659138 0.981721 0.831707 0.000000 0.536018 0.596373 0.519723 0.775573 0.972224 0.665431 0.962211 0.756859 0.995970 0.789792 0.799097 0.879324 0.964265 0.998029 0.869095 0.945343 0.637722 0.866799 0.612123 0.708033 0.994103 0.847607 0.817738 0.516014 0.552569 0.455403 0.619396 0.624397 0.867531 0.833641 0.971729 0.765422 0.938963 0.939234 0.961228 0.279859 0.439390 0.307190 0.563423 0.598414 0.514496 0.893255 0.996498 0.830732 0.872343 0.875249 0.744522 0.884265 0.894966 0.938242 0.865306 0.775950 0.944703 0.386520 0.844103 0.733102 0.829007 0.620930 0.636767 0.325657 0.289337 0.681657 0.805367 0.661168 0.631165 0.827967 0.812527 0.942962 0.944060 0.714554 0.746597 0.621098 0.853856 0.801810 0.938975 0.846087 0.865787 0.919636 0.754866 0.994827 0.647330 0.866542 0.975731 0.395232 0.523585 0.467635 0.637184 0.837771 0.902112 0.609765 0.576034 0.408361 0.390744 0.535653 0.568517 0.615644 0.610287 0.715650 0.536601 0.992611 0.565262 0.711715 0.994834 0.658797 0.454087 0.614421 0.785410 0.574031 0.991939
0.301112 0.297446 0.961889 0.613720 0.722138 0.611176 0.536018 0.000000 0.951548 0.273492 0.278507 0.308745 0.331400 0.370623 0.542253 0.594443 0.290085 0.282787 0.348577 0.370955 0.972821 0.945570 0.886066 0.751345 0.633300 0.944630 0.855273 0.979365 0.298109 0.293648 0.563995 0.587740 0.375867 0.304865 0.843983 0.697936 0.940874 0.920199 0.895033 0.985382 0.760651 0.793829 0.446699 0.274261 0.470652 0.254013 0.454773 0.334705 0.280984 0.326310 0.288168 0.306360 0.392833 0.363446 0.641154 0.524465 0.355311 0.412597 0.379420 0.428361 0.362234 0.259013 0.264808 0.263803 0.657973 0.914463 0.882504 0.790129 0.760672 0.599312 0.573419 0.643329 0.405993 0.386548 0.694986 0.826934 0.347944 0.430807 0.403508 0.396968 0.277072 0.359714 0.486582 0.605907 0.855673 0.987674 0.712647 0.816395 0.955714 0.743401 0.680157 0.987521 0.957351 0.763763 0.892429 0.708006 0.677261 0.886589 0.355780 0.384916 0.473694 0.671118 0.386301 0.388405 0.603735 0.591463 0.905730 0.808938 0.663540 0.906961 0.824449 0.582443 0.418950 0.686513 0.634759 0.782761
0.813016 0.781166 0.577446 0.967275 0.954970 0.833400 0.596373 0.951548 0.000000 0.886883 0.860331 0.781052 0.923177 0.719312 0.932235 0.881995 0.890067 0.844084 0.839193 0.758557 0.878723 0.927107 0.988596 0.746311 0.776260 0.667339 0.857804 0.986476 0.864215 0.910284 0.669070 0.721834 0.914395 0.947487 0.668261 0.860911 0.892294 0.929520 0.931196 0.996634 0.837954 0.951137 0.651833 0.807493 0.659043 0.869804 0.932268 0.825811 0.904047 0.866567 0.996920 0.995194 0.976567 0.892898 0.934446 0.957530 0.776287 0.701967 0.814489 0.801438 0.862012 0.971655 0.892222 0.843806 0.620664 0.604408 0.628787 0.615027 0.672900 0.747901 0.932987 0.866719 0.840251 0.927434 0.958831 0.873334 0.922828 0.931277 0.957837 0.863461 0.892277 0.808333 0.815939 0.767413 0.923699 0.827355 0.744403 0.724362 0.872405 0.936211 0.645319 0.577394 0.593907 0.610577 0.885932 0.941932 0.978823 0.837731 0.759569 0.795398 0.750544 0.852960 0.966662 0.925177 0.846730 0.727445 0.988782 0.717396 0.896020 0.894823 0.860259 0.805526 0.839460 0.888423 0.782491 0.848824
0.446843 0.429608 0.993708 0.703435 0.752277 0.750793 0.519723 0.273492 0.886883 0.000000 0.355119 0.396237 0.398864 0.476580 0.509025 0.623521 0.296709 0.305066 0.431938 0.495120 0.868435 0.897397 0.961015 0.855912 0.769673 0.943607 0.798422 0.995135 0.347994 0.310354 0.477400 0.542987 0.365017 0.359696 0.878242 0.851605 0.775636 0.856240 0.975287 0.917725 0.794116 0.806400 0.447675 0.310832 0.435079 0.297387 0.479816 0.355909 0.409238 0.551071 0.472497 0.535718 0.578333 0.611712 0.702662 0.596978 0.409503 0.537855 0.443123 0.643826 0.385699 0.389208 0.336045 0.308835 0.787832 0.919007 0.811774 0.734231 0.803352 0.705310 0.558205 0.464787 0.509841 0.532119 0.789831 0.900305 0.509968 0.490765 0.412926 0.421978 0.282727 0.367434 0.493260 0.532282 0.772142 0.946407 0.856197 0.953754 0.979982 0.687951 0.794994 0.882273 0.897760 0.758843 0.991665 0.776124 0.616187 0.948693 0.437803 0.397848 0.587131 0.784913 0.469260 0.467759 0.692986 0.720229 0.945119 0.840615 0.645010 0.949541 0.891315 0.550965 0.539209 0.773978 0.726447 0.754628
0.224975 0.251509 0.741868 0.708149 0.666228 0.793676 0.775573 0.278507 0.860331 0.355119 0.000000 0.212388 0.262809 0.250529 0.492736 0.508891 0.195326 0.192166 0.228032 0.290060 0.974566 0.955307 0.868467 0.854074 0.524049 0.719343 0.988227 0.976272 0.223536 0.195351 0.748465 0.743244 0.418407 0.349312 0.710055 0.699041 0.943296 0.935699 0.980613 0.811421 0.661403 0.679081 0.636150 0.428596 0.689263 0.344703 0.501618 0.428912 0.267115 0.312061 0.324826 0.337851 0.409805 0.446959 0.570241 0.506743 0.304394 0.309415 0.296288 0.367763 0.407839 0.261803 0.203655 0.188468 0.495033 0.700147 0.932510 0.978386 0.617420 0.523949 0.750399 0.673719 0.378710 0.366867 0.756901 0.814408 0.416748 0.461602 0.369899 0.371349 0.234225 0.267815 0.521981 0.555716 0.834156 0.886833 0.663321 0.989719 0.953882 0.623339 0.891551 0.718431 0.676869 0.486574 0.942658 0.705431 0.704726 0.699187 0.516148 0.550009 0.612331 0.790040 0.443923 0.406520 0.690340 0.808945 0.983636 0.966846 0.725079 0.817746 0.919179 0.791007 0.510978 0.730934 0.744417 0.742605
0.186953 0.182085 0.571837 0.736058 0.648801 0.749408 0.972224 0.308745 0.781052 0.396237 0.212388 0.000000 0.288589 0.166956 0.507296 0.438454 0.204532 0.193006 0.233941 0.212965 0.973861 0.845746 0.891486 0.993399 0.460753 0.595718 0.977392 0.994024 0.244560 0.210619 0.825909 0.823402 0.540147 0.380027 0.567664 0.591790 0.964855 0.950765 0.984394 0.853430 0.711088 0.743195 0.770158 0.480301 0.805598 0.386983 0.557872 0.485069 0.222189 0.246793 0.310038 0.311542 0.391092 0.478290 0.622213 0.479428 0.236649 0.209717 0.356191 0.297255 0.559131 0.228120 0.221504 0.171284 0.374112 0.655497 0.750363 0.805081 0.489099 0.413108 0.690757 0.702592 0.406222 0.414153 0.745833 0.804895 0.391382 0.457912 0.459895 0.332599 0.235337 0.221323 0.466142 0.561513 0.830779 0.778621 0.696323 0.876417 0.911364 0.629727 0.959589 0.574450 0.525350 0.400862 0.925445 0.676366 0.837574 0.653568 0.585345 0.654356 0.694698 0.902521 0.485442 0.505618 0.735649 0.902546 0.982689 0.941999 0.754391 0.848749 0.863528 0.866769 0.520019 0.812687 0.828214 0.700466
0.322476 0.394809 0.896622 0.707768 0.743432 0.722177 0.665431 0.331400 0.923177 0.398864 0.262809 0.288589 0.000000 0.315661 0.378587 0.430959 0.311515 0.299867 0.353694 0.481545 0.949602 0.960219 0.988706 0.900088 0.586829 0.745743 0.973460 0.991089 0.341179 0.263701 0.691958 0.753294 0.422997 0.398174 0.750846 0.742557 0.959141 0.871475 0.940600 0.982020 0.781447 0.792388 0.531976 0.365826 0.676293 0.385708 0.491649 0.444274 0.390000 0.391671 0.408879 0.401235 0.468767 0.485148 0.705240 0.603064 0.387387 0.437075 0.270939 0.374177 0.356286 0.401459 0.200777 0.245020 0.694365 0.786019 0.878651 0.907630 0.812834 0.649674 0.651910 0.648462 0.538868 0.524205 0.839269 0.787066 0.431265 0.424768 0.429725 0.468977 0.367314 0.405549 0.527664 0.647092 0.909135 0.966246 0.724135 0.945516 0.960575 0.692819 0.812951 0.801350 0.815612 0.593693 0.983987 0.680286 0.684753 0.819197 0.456072 0.514358 0.551143 0.785675 0.399676 0.439168 0.607330 0.653478 0.973676 0.879319 0.656851 0.834283 0.969999 0.744217 0.483387 0.711462 0.624451 0.710108
0.236177 0.246095 0.544347 0.783706 0.692804 0.742039 0.962211 0.370623 0.719312 0.476580 0.250529 0.166956 0.315661 0.000000 0.504773 0.379363 0.275438 0.256529 0.279395 0.289794 0.999271 0.863753 0.929792 0.914318 0.469795 0.575617 0.957613 0.977819 0.281816 0.242902 0.856717 0.896256 0.589990 0.414012 0.575654 0.589909 0.987823 0.981442 0.936882 0.855642 0.747118 0.711177 0.806764 0.536556 0.885642 0.432135 0.613401 0.557236 0.293076 0.280281 0.372201 0.352660 0.450514 0.522947 0.721224 0.573052 0.309293 0.260479 0.366277 0.304542 0.595364 0.287425 0.239832 0.208970 0.385939 0.667179 0.748949 0.769653 0.545885 0.468800 0.721497 0.760274 0.488152 0.458373 0.732015 0.763249 0.476368 0.516185 0.490632 0.406386 0.305889 0.269038 0.518506 0.582167 0.839498 0.744948 0.661072 0.879174 0.879082 0.669288 0.894510 0.538601 0.488627 0.358397 0.960458 0.725368 0.949289 0.612502 0.659620 0.701402 0.753115 0.919464 0.547990 0.514471 0.718437 0.889717 0.977492 0.887177 0.771031 0.851370 0.894463 0.939796 0.575510 0.845517 0.886533 0.750092
0.606395 0.634099 0.947731 0.822186 0.953606 0.766883 0.756859 0.542253 0.932235 0.509025 0.492736 0.507296 0.378587 0.504773 0.000000 0.370077 0.523347 0.523777 0.583643 0.678816 0.998312 0.976601 0.710011 0.950453 0.717589 0.876122 0.996845 0.971974 0.534398 0.429830 0.578918 0.699869 0.495542 0.506574 0.905929 0.805192 0.882299 0.825004 0.967888 0.940312 0.965634 0.943466 0.585264 0.476329 0.751433 0.498885 0.699239 0.565112 0.628955 0.649135 0.720435 0.685920 0.783030 0.795901 0.969829 0.893903 0.562690 0.605829 0.536403 0.582092 0.530244 0.540606 0.353645 0.437174 0.943806 0.973543 0.791930 0.782416 0.997641 0.878879 0.679053 0.636920 0.792119 0.869122 0.903262 0.889141 0.636455 0.624276 0.566839 0.643478 0.566509 0.566111 0.606107 0.841948 0.775594 0.706138 0.830958 0.969410 0.957907 0.770024 0.937824 0.807383 0.809369 0.714779 0.918836 0.782150 0.828083 0.817327 0.680017 0.677032 0.688232 0.899137 0.722187 0.644480 0.765335 0.779205 0.916096 0.916550 0.740549 0.954971 0.949981 0.844322 0.750388 0.832456 0.645635 0.833300
0.578394 0.570494 0.752355 0.838906 0.878546 0.735967 0.995970 0.594443 0.881995 0.623521 0.508891 0.438454 0.430959 0.379363 0.370077 0.000000 0.532193 0.555392 0.551216 0.635188 0.967069 0.860228 0.783772 0.763379 0.661331 0.689114 0.934769 0.984760 0.562575 0.442605 0.755608 0.861216 0.654730 0.639246 0.753145 0.771586 0.947070 0.807711 0.991971 0.904216 0.963404 0.951223 0.772897 0.605969 0.997729 0.655131 0.756986 0.671650 0.627303 0.607135 0.706097 0.690918 0.834095 0.871020 0.947250 0.982136 0.536435 0.564062 0.555783 0.531538 0.724290 0.586327 0.421908 0.428002 0.749745 0.882370 0.937869 0.958403 0.838759 0.693301 0.698766 0.711041 0.802073 0.781918 0.814674 0.838249 0.716644 0.546662 0.634512 0.596651 0.561912 0.504792 0.685160 0.798211 0.764770 0.590887 0.758751 0.843662 0.986780 0.818440 0.818206 0.622776 0.593776 0.567312 0.959953 0.775978 0.893317 0.694477 0.851965 0.863567 0.789213 0.984596 0.727912 0.658307 0.796222 0.758391 0.994361 0.874385 0.773894 0.874357 0.907342 0.979242 0.751478 0.853026 0.791957 0.819946
0.240741 0.235938 0.735374 0.692205 0.644275 0.851026 0.789792 0.290085 0.890067 0.296709 0.195326 0.204532 0.311515 0.275438 0.523347 0.532193 0.000000 0.153394 0.239281 0.270300 0.890370 0.867849 0.900850 0.849413 0.535445 0.695656 0.876471 0.960491 0.227254 0.184764 0.708701 0.705174 0.407479 0.298451 0.701145 0.728264 0.847435 0.840328 0.995730 0.807052 0.695228 0.713067 0.630213 0.394570 0.635350 0.336207 0.473396 0.376477 0.257220 0.376220 0.352019 0.405283 0.447849 0.535461 0.527231 0.472111 0.242637 0.307872 0.346825 0.442262 0.459141 0.273959 0.218401 0.171690 0.492325 0.722013 0.910911 0.982328 0.579639 0.537504 0.678598 0.590428 0.364537 0.384092 0.767981 0.867356 0.403180 0.472501 0.397563 0.330328 0.188072 0.221988 0.473262 0.478599 0.743726 0.821499 0.715279 0.943151 0.929884 0.589132 0.996673 0.639619 0.639259 0.454831 0.888910 0.697829 0.775268 0.741703 0.486688 0.533673 0.689861 0.855612 0.429749 0.465695 0.750059 0.850834 0.903692 0.976218 0.742635 0.817693 0.961586 0.738012 0.494217 0.828634 0.792071 0.696178
0.214274 0.214145 0.737818 0.708389 0.665766 0.810104 0.799097 0.282787 0.844084 0.305066 0.192166 0.193006 0.299867 0.256529 0.523777 0.555392 0.153394 0.000000 0.220154 0.254887 0.881742 0.849331 0.870645 0.851643 0.526920 0.694454 0.859151 0.972465 0.190816 0.175635 0.719156 0.681101 0.387307 0.308826 0.725860 0.683678 0.881547 0.841700 0.998973 0.811808 0.598030 0.716475 0.626874 0.398653 0.639700 0.324152 0.502908 0.368917 0.238464 0.343985 0.325813 0.369884 0.419852 0.492322 0.507566 0.457069 0.238854 0.272320 0.336136 0.406867 0.428243 0.261525 0.206679 0.166877 0.475339 0.690722 0.896733 0.970887 0.567892 0.525620 0.691160 0.618358 0.334553 0.364700 0.764189 0.770848 0.376520 0.450121 0.387829 0.305113 0.191311 0.224960 0.466739 0.515467 0.779023 0.866998 0.710647 0.947960 0.912056 0.638424 0.960365 0.646538 0.631520 0.454609 0.907096 0.701061 0.755736 0.753411 0.485568 0.518733 0.662975 0.826378 0.415250 0.433668 0.679516 0.870830 0.964127 0.964135 0.770828 0.877253 0.995310 0.769170 0.471436 0.810848 0.787491 0.736112
0.256559 0.251150 0.622647 0.798535 0.586362 0.819210 0.879324 0.348577 0.839193 0.431938 0.228032 0.233941 0.353694 0.279395 0.583643 0.551216 0.239281 0.220154 0.000000 0.260877 0.927374 0.928219 0.863154 0.897638 0.510917 0.598748 0.961296 0.981345 0.254665 0.234353 0.797769 0.792972 0.454105 0.375455 0.662373 0.677781 0.992098 0.907076 0.963601 0.934040 0.662929 0.779362 0.745384 0.520049 0.761104 0.457207 0.555757 0.454127 0.313634 0.349784 0.397495 0.409509 0.495594 0.551741 0.531075 0.500687 0.273508 0.307891 0.373116 0.433583 0.568819 0.312139 0.272673 0.249366 0.412063 0.578519 0.800670 0.866655 0.547941 0.495263 0.712618 0.709971 0.396286 0.383415 0.798249 0.840237 0.361479 0.571053 0.439122 0.338397 0.255776 0.270208 0.547531 0.487323 0.855142 0.927935 0.709357 0.895098 0.879444 0.652999 0.988390 0.602551 0.602284 0.443975 0.814507 0.683418 0.825849 0.658726 0.630182 0.681938 0.695258 0.906347 0.473534 0.497764 0.761685 0.874738 0.948680 0.901742 0.757423 0.947561 0.842771 0.852419 0.570596 0.837128 0.925411 0.692839
0.236138 0.204580 0.564056 0.694712 0.668607 0.819503 0.964265 0.370955 0.758557 0.495120 0.290060 0.212965 0.481545 0.289794 0.678816 0.635188 0.270300 0.254887 0.260877 0.000000 0.953440 0.857439 0.854560 0.949500 0.582043 0.657602 0.964708 0.960377 0.282252 0.298478 0.913292 0.813589 0.618232 0.428208 0.617532 0.576478 0.988750 0.796798 0.996986 0.801519 0.669924 0.722449 0.919588 0.634455 0.892899 0.502146 0.662625 0.532389 0.265585 0.293402 0.366155 0.384515 0.457003 0.558474 0.556895 0.456204 0.255879 0.224855 0.460771 0.397791 0.714585 0.258259 0.377257 0.299845 0.367923 0.635295 0.610005 0.727343 0.394591 0.351079 0.826235 0.834141 0.403970 0.447252 0.737882 0.830444 0.416997 0.600460 0.512946 0.358746 0.253137 0.222128 0.435656 0.497483 0.775782 0.780378 0.686701 0.817888 0.835860 0.682730 0.880945 0.570002 0.556782 0.440460 0.877291 0.738752 0.897169 0.666215 0.709649 0.769610 0.829525 0.961039 0.592659 0.660585 0.775709 0.992267 0.932248 0.893734 0.880503 0.899221 0.919834 0.913993 0.621264 0.802392 0.940447 0.683778
0.919047 0.945100 0.997478 0.998062 0.968936 0.917323 0.998029 0.972821 0.878723 0.868435 0.974566 0.973861 0.949602 0.999271 0.998312 0.967069 0.890370 0.881742 0.927374 0.953440 0.000000 0.868314 0.956313 0.954402 0.869295 0.854180 0.827831 0.999600 0.925530 0.907508 0.909350 0.899869 0.945711 0.947049 0.938139 0.929149 0.766729 0.846892 0.809847 0.787155 0.723309 0.887652 0.907867 0.877959 0.855435 0.855411 0.826935 0.831318 0.861014 0.985416 0.940365 0.998910 0.984975 0.908133 0.854463 0.837522 0.902428 0.958651 0.942390 0.996496 0.934347 0.935549 0.960207 0.919354 0.980053 0.903631 0.916380 0.983611 0.871129 0.919207 0.996085 0.913093 0.888049 0.866307 0.867486 0.887126 0.974213 0.895849 0.973308 0.850715 0.836959 0.856930 0.856140 0.865112 0.829093 0.926709 0.904386 0.973219 0.986980 0.906883 0.814131 0.921084 0.917973 0.923469 0.947574 0.945976 0.960256 0.907533 0.906728 0.929044 0.991928 0.910630 0.902542 0.844518 0.981885 0.972460 0.870484 0.934387 0.945293 0.852602 0.974692 0.985043 0.952454 0.916770 0.928106 0.986804
0.864242 0.803342 0.943115 0.995191 0.995875 0.959168 0.869095 0.945570 0.927107 0.897397 0.955307 0.845746 0.960219 0.863753 0.976601 0.860228 0.867849 0.849331 0.928219 0.857439 0.868314 0.000000 0.944271 0.951388 0.993178 0.932391 0.848457 0.929500 0.910118 0.899732 0.961956 0.983898 0.997397 0.950714 0.910891 0.925469 0.880431 0.637957 0.909334 0.928160 0.838604 0.867541 0.985268 0.951965 0.996549 0.935969 0.900913 0.948072 0.821067 0.902256 0.866407 0.922690 0.975016 0.973991 0.930331 0.974323 0.904317 0.848231 0.999867 0.857718 0.989915 0.855735 0.933204 0.854438 0.887229 0.982971 0.884131 0.935515 0.926241 0.938968 0.938053 0.999183 0.919008 0.880405 0.918769 0.954956 0.928606 0.948909 0.890179 0.858983 0.842738 0.783461 0.935674 0.840557 0.833644 0.819518 0.805899 0.923986 0.954490 0.793103 0.902430 0.766942 0.834989 0.878929 0.985114 0.903183 0.985497 0.878158 0.976413 0.983244 0.912231 0.915460 0.973148 0.958665 0.894451 0.961282 0.879618 0.809638 0.881158 0.893048 0.996732 0.921327 0.949191 0.800961 0.951246 0.927311
0.784925 0.794000 0.727418 0.906704 0.755258 0.851317 0.945343 0.886066 0.988596 0.961015 0.868467 0.891486 0.988706 0.929792 0.710011 0.783772 0.900850 0.870645 0.863154 0.854560 0.956313 0.944271 0.000000 0.509767 0.853005 0.899859 0.998925 0.818800 0.955817 0.972731 0.821975 0.973593 0.893288 0.953604 0.885159 0.851270 0.796081 0.756210 0.846622 0.971735 0.844446 0.899828 0.951754 0.859309 0.884081 0.856108 0.903087 0.847488 0.779757 0.719891 0.626665 0.625473 0.583154 0.542530 0.611324 0.619046 0.905838 0.864609 0.915043 0.840977 0.935918 0.838798 0.966050 0.868896 0.666505 0.862681 0.903479 0.941577 0.829512 0.773338 0.973577 0.941809 0.728360 0.667561 0.925129 0.942975 0.681186 0.864516 0.891015 0.836997 0.866276 0.976606 0.870717 0.976086 0.634866 0.580653 0.830506 0.728980 0.970449 0.921515 0.776465 0.786187 0.997138 0.924644 0.950375 0.835243 0.970819 0.999703 0.721208 0.728137 0.686980 0.730356 0.731792 0.726466 0.944860 0.984610 0.811383 0.706539 0.989826 0.887231 0.957572 0.836819 0.750370 0.860884 0.923487 0.933363
0.914590 0.926682 0.839521 0.970819 0.892674 0.885666 0.637722 0.751345 0.746311 0.855912 0.854074 0.993399 0.900088 0.914318 0.950453 0.763379 0.849413 0.851643 0.897638 0.949500 0.954402 0.951388 0.509767 0.000000 0.990704 0.835982 0.901020 0.912220 0.891952 0.917632 0.856185 0.714175 0.829759 0.764227 0.890058 0.934945 0.995519 0.776257 0.792993 0.997024 0.832427 0.877603 0.677015 0.692288 0.633587 0.773891 0.739311 0.765351 0.876397 0.892542 0.761445 0.779244 0.762248 0.657334 0.641504 0.749706 0.894068 0.993026 0.887870 0.991994 0.734301 0.878447 0.877849 0.905342 0.995434 0.920878 0.712924 0.613693 0.894209 0.953293 0.881263 0.831801 0.676240 0.753131 0.832991 0.914441 0.637587 0.757819 0.732592 0.952845 0.880418 0.982378 0.932956 0.923112 0.773382 0.547611 0.914912 0.581761 0.948177 0.960233 0.547579 0.586231 0.650063 0.714280 0.877930 0.939965 0.777265 0.836652 0.530719 0.618042 0.646565 0.646246 0.752087 0.781789 0.900178 0.850186 0.998686 0.607864 0.899903 0.919960 0.839580 0.737399 0.736008 0.894417 0.693480 0.971666
0.515816 0.517924 0.537912 0.953164 0.875697 0.776119 0.866799 0.633300 0.776260 0.769673 0.524049 0.460753 0.586829 0.469795 0.717589 0.661331 0.535445 0.526920 0.510917 0.582043 0.869295 0.993178 0.853005 0.990704 0.000000 0.450180 0.842280 0.971959 0.586638 0.517054 0.921731 0.978470 0.804679 0.714422 0.615943 0.739597 0.847292 0.819304 0.953027 0.965435 0.734640 0.961060 0.883563 0.725508 0.962835 0.714199 0.590911 0.766092 0.516936 0.513971 0.588553 0.554684 0.611471 0.626992 0.721741 0.724972 0.600564 0.541264 0.571183 0.497427 0.740453 0.596547 0.474661 0.484581 0.423559 0.569329 0.799570 0.787661 0.783548 0.705823 0.871483 0.970791 0.559841 0.567729 0.901262 0.790003 0.634419 0.679626 0.825109 0.616927 0.607230 0.646308 0.813346 0.956680 0.856865 0.985395 0.753303 0.871692 0.727592 0.790627 0.946840 0.796494 0.647035 0.561094 0.969685 0.820002 0.977762 0.693079 0.707733 0.853694 0.796697 0.985717 0.684928 0.664783 0.996681 0.987272 0.970318 0.924855 0.882654 0.803537 0.786114 0.963507 0.725403 0.871466 0.936493 0.921217
0.695767 0.690020 0.378711 0.837054 0.817297 0.980411 0.612123 0.944630 0.667339 0.943607 0.719343 0.595718 0.745743 0.575617 0.876122 0.689114 0.695656 0.694454 0.598748 0.657602 0.854180 0.932391 0.899859 0.835982 0.450180 0.000000 0.923241 0.984638 0.781518 0.691480 0.673710 0.737065 0.918667 0.941923 0.493143 0.695160 0.853731 0.929281 0.871407 0.948662 0.873222 0.892714 0.771443 0.957657 0.713659 0.975617 0.819284 0.972804 0.770283 0.742118 0.850172 0.850845 0.891514 0.952429 0.801878 0.796788 0.666571 0.648636 0.715075 0.710985 0.952822 0.855656 0.723636 0.679831 0.456410 0.429069 0.615681 0.564291 0.682551 0.706207 0.987077 0.875134 0.723760 0.771774 0.916223 0.969778 0.828722 0.897886 0.841118 0.817925 0.788679 0.710930 0.806852 0.863626 0.819851 0.980440 0.728352 0.763441 0.810286 0.833117 0.563244 0.554621 0.419012 0.503688 0.793625 0.798247 0.937574 0.581725 0.947962 0.875481 0.889480 0.697416 0.890926 0.910377 0.944114 0.808354 0.929751 0.659517 0.975750 0.827459 0.738055 0.772851 0.959820 0.890782 0.850289 0.812802
0.945408 0.998715 0.814628 0.909125 0.960723 0.959349 0.708033 0.855273 0.857804 0.798422 0.988227 0.977392 0.973460 0.957613 0.996845 0.934769 0.876471 0.859151 0.961296 0.964708 0.827831 0.848457 0.998925 0.901020 0.842280 0.923241 0.000000 0.902574 0.914011 0.940137 0.897868 0.743285 0.778830 0.848160 0.660673 0.905621 0.927420 0.980266 0.932247 0.932422 0.871627 0.990321 0.698797 0.809668 0.689347 0.844598 0.852935 0.758735 0.955414 0.862532 0.962066 0.961456 0.997723 0.954470 0.807703 0.975393 0.955403 0.868851 0.993043 0.842800 0.766709 0.972180 0.891759 0.918433 0.977195 0.937301 0.699569 0.674680 0.831521 0.732274 0.847254 0.838288 0.816749 0.878431 0.998133 0.936292 0.872820 0.990369 0.980550 0.887414 0.895284 0.968371 0.924939 0.940677 0.992353 0.884609 0.983995 0.851233 0.833327 0.972895 0.813251 0.810570 0.820426 0.917062 0.925178 0.884711 0.980434 0.797183 0.703866 0.738313 0.825281 0.799009 0.876653 0.811434 0.933740 0.951281 0.999645 0.824803 0.884263 0.935177 0.839270 0.809307 0.784403 0.830757 0.935909 0.747708
0.962826 0.956810 0.927376 0.966817 0.971271 0.976013 0.994103 0.979365 0.986476 0.995135 0.976272 0.994024 0.991089 0.977819 0.971974 0.984760 0.960491 0.972465 0.981345 0.960377 0.999600 0.929500 0.818800 0.912220 0.971959 0.984638 0.902574 0.000000 0.946588 0.937409 0.956384 0.842709 0.999156 0.930338 0.993207 0.772706 0.889234 0.974296 0.905902 0.983075 0.876683 0.923246 0.973803 0.887689 0.923739 0.975857 0.974510 0.997859 0.912767 0.975101 0.929668 0.955273 0.905489 0.928859 0.960070 0.863773 0.987037 0.991645 0.962314 0.996230 0.981164 0.989446 0.958345 0.958260 0.944125 0.928684 0.888505 0.930613 0.973396 0.964111 0.988211 0.978814 0.893420 0.998357 0.994448 0.930167 0.956187 0.818110 0.997135 0.898474 0.955588 0.991326 0.917221 0.945501 0.931803 0.987310 0.917819 0.957508 0.888019 0.678619 0.993987 0.942118 0.960479 0.944358 0.942714 0.722164 0.984593 0.843752 0.784084 0.863475 0.854210 0.919384 0.863168 0.961227 0.949238 0.968363 0.880293 0.966931 0.928135 0.893533 0.914813 0.969843 0.866354 0.963686 0.951720 0.943793
0.248697 0.230276 0.739745 0.726048 0.719960 0.748292 0.847607 0.298109 0.864215 0.347994 0.223536 0.244560 0.341179 0.281816 0.534398 0.562575 0.227254 0.190816 0.254665 0.282252 0.925530 0.910118 0.955817 0.891952 0.586638 0.781518 0.914011 0.946588 0.000000 0.193064 0.673055 0.602861 0.399186 0.316778 0.737820 0.706278 0.899055 0.869008 0.948930 0.789874 0.627847 0.678499 0.656519 0.447583 0.673713 0.320886 0.528740 0.423489 0.253909 0.307307 0.320400 0.348833 0.413280 0.473784 0.588529 0.468919 0.292306 0.280355 0.333346 0.391313 0.465526 0.252305 0.238443 0.213137 0.492679 0.712043 0.866974 0.939780 0.619195 0.522169 0.739231 0.737280 0.352810 0.414781 0.717180 0.789684 0.414792 0.471090 0.385284 0.309957 0.224422 0.259212 0.471860 0.537616 0.734630 0.853886 0.767080 0.935628 0.910120 0.652323 0.912530 0.651993 0.698343 0.476892 0.876741 0.711668 0.761715 0.707577 0.542364 0.601150 0.669220 0.804559 0.458408 0.464091 0.625183 0.860175 0.977737 0.989037 0.769845 0.994244 0.985335 0.824275 0.504674 0.767768 0.896013 0.751923
0.241137 0.247785 0.717853 0.767231 0.725092 0.729044 0.817738 0.293648 0.910284 0.310354 0.195351 0.210619 0.263701 0.242902 0.429830 0.442605 0.184764 0.175635 0.234353 0.298478 0.907508 0.899732 0.972731 0.917632 0.517054 0.691480 0.940137 0.937409 0.193064 0.000000 0.628961 0.652445 0.394268 0.301073 0.683735 0.680455 0.864122 0.930096 0.981837 0.837176 0.626259 0.707078 0.587304 0.370604 0.658074 0.316178 0.466581 0.386711 0.253701 0.330070 0.353083 0.372442 0.444717 0.514905 0.615731 0.547792 0.272809 0.290992 0.314180 0.372951 0.448045 0.268200 0.190304 0.161797 0.503007 0.688028 0.887387 0.973956 0.656312 0.539644 0.694222 0.638160 0.401113 0.419798 0.821955 0.821960 0.406225 0.453129 0.391501 0.332729 0.206805 0.257169 0.491075 0.536167 0.790893 0.841221 0.704912 0.991702 0.924454 0.659736 0.993203 0.613840 0.626184 0.415808 0.888284 0.719166 0.749263 0.646950 0.554636 0.596006 0.624766 0.849000 0.457997 0.432741 0.690740 0.843558 0.997528 0.992463 0.674615 0.878036 0.973821 0.755159 0.515404 0.763698 0.792711 0.739345
0.791204 0.790034 0.726658 0.862925 0.976868 0.790362 0.516014 0.563995 0.669070 0.477400 0.748465 0.825909 0.691958 0.856717 0.578918 0.755608 0.708701 0.719156 0.797769 0.913292 0.909350 0.961956 0.821975 0.856185 0.921731 0.673710 0.897868 0.956384 0.673055 0.628961 0.000000 0.402682 0.495040 0.546596 0.828657 0.978186 0.760853 0.992959 0.911245 0.993341 0.966348 0.981011 0.362162 0.393547 0.414850 0.432178 0.681187 0.514010 0.714841 0.838703 0.780006 0.779217 0.806180 0.798024 0.985952 0.917030 0.752283 0.857297 0.823521 0.843572 0.588350 0.684348 0.642503 0.689295 0.882174 0.762492 0.721827 0.508069 0.805324 0.933234 0.677426 0.668856 0.909169 0.824534 0.820591 0.915413 0.676965 0.648214 0.728208 0.708535 0.664548 0.804988 0.850307 0.889765 0.766005 0.935536 0.990245 0.683504 0.899097 0.854533 0.697925 0.923602 0.825190 0.984916 0.848680 0.938090 0.821532 0.992660 0.635894 0.596446 0.569383 0.715933 0.664476 0.681062 0.695198 0.702601 0.914847 0.809857 0.744740 0.850730 0.729310 0.615092 0.653042 0.915228 0.686315 0.958076
0.789165 0.782631 0.796037 0.852440 0.886277 0.727710 0.552569 0.587740 0.721834 0.542987 0.743244 0.823402 0.753294 0.896256 0.699869 0.861216 0.705174 0.681101 0.792972 0.813589 0.899869 0.983898 0.973593 0.714175 0.978470 0.737065 0.743285 0.842709 0.602861 0.652445 0.402682 0.000000 0.469638 0.530392 0.826490 0.919515 0.753481 0.873299 0.793410 0.888613 0.891296 0.990162 0.442372 0.470415 0.464519 0.488941 0.664869 0.480335 0.715029 0.818707 0.753791 0.779819 0.841023 0.775182 0.866040 0.822546 0.737508 0.865770 0.844186 0.869622 0.653943 0.682909 0.686964 0.714542 0.956797 0.835398 0.819523 0.589130 0.840012 0.946572 0.565505 0.665460 0.796860 0.872123 0.818451 0.903844 0.651013 0.681385 0.670530 0.663522 0.654418 0.790435 0.799374 0.933560 0.821221 0.971101 0.948059 0.689862 0.927371 0.924817 0.711499 0.924673 0.797711 0.987942 0.968082 0.988405 0.776635 0.942654 0.654515 0.675678 0.667758 0.795368 0.676403 0.750309 0.698187 0.888643 0.968231 0.799287 0.762027 0.790683 0.675447 0.584496 0.738095 0.824067 0.789606 0.947961
0.538943 0.561432 0.795672 0.605868 0.885433 0.697575 0.455403 0.375867 0.914395 0.365017 0.418407 0.540147 0.422997 0.589990 0.495542 0.654730 0.407479 0.387307 0.454105 0.618232 0.945711 0.997397 0.893288 0.829759 0.804679 0.918667 0.778830 0.999156 0.399186 0.394268 0.495040 0.469638 0.000000 0.375252 0.925452 0.984574 0.701776 0.896529 0.868565 0.864224 0.794787 0.860612 0.403468 0.353814 0.431183 0.356041 0.600631 0.376341 0.534052 0.653619 0.599205 0.625208 0.688478 0.655931 0.735995 0.734762 0.509987 0.637540 0.524021 0.708870 0.379178 0.496108 0.379281 0.416980 0.929274 0.973993 0.707870 0.618883 0.968483 0.819551 0.672341 0.586749 0.611143 0.600416 0.813129 0.918116 0.528738 0.545186 0.451420 0.442827 0.413487 0.529147 0.608128 0.598439 0.719189 0.895435 0.961541 0.948766 0.980153 0.727717 0.763177 0.927990 0.972433 0.805041 0.908401 0.832648 0.714446 0.910686 0.509720 0.512074 0.642925 0.713404 0.513407 0.491828 0.581941 0.709260 0.981686 0.815198 0.674971 0.947308 0.884707 0.612792 0.541224 0.704376 0.751339 0.850319
0.383013 0.394118 0.902339 0.740187 0.748303 0.798394 0.619396 0.304865 0.947487 0.359696 0.349312 0.380027 0.398174 0.414012 0.506574 0.639246 0.298451 0.308826 0.375455 0.428208 0.947049 0.950714 0.953604 0.764227 0.714422 0.941923 0.848160 0.930338 0.316778 0.301073 0.546596 0.530392 0.375252 0.000000 0.904718 0.812398 0.815104 0.837788 0.927822 0.915007 0.785372 0.796348 0.477520 0.317774 0.484307 0.312372 0.495591 0.396397 0.375466 0.473102 0.468698 0.486602 0.555136 0.584703 0.739323 0.635741 0.401311 0.453321 0.455620 0.551933 0.446009 0.355463 0.276584 0.306699 0.672340 0.912371 0.910883 0.771767 0.823712 0.723312 0.574420 0.616570 0.515065 0.562573 0.777824 0.913890 0.367897 0.550291 0.423763 0.416639 0.328891 0.403321 0.533514 0.556744 0.751744 0.881989 0.808400 0.855868 0.957650 0.711690 0.863796 0.795182 0.843061 0.663078 0.994478 0.681004 0.811284 0.940603 0.464825 0.541865 0.641111 0.761787 0.459400 0.511552 0.714389 0.817381 0.913408 0.879110 0.672513 0.986616 0.900529 0.634859 0.545375 0.844847 0.770631 0.834235
0.645500 0.634512 0.419119 0.950463 0.877835 0.937204 0.624397 0.843983 0.668261 0.878242 0.710055 0.567664 0.750846 0.575654 0.905929 0.753145 0.701145 0.725860 0.662373 0.617532 0.938139 0.910891 0.885159 0.890058 0.615943 0.493143 0.660673 0.993207 0.737820 0.683735 0.828657 0.826490 0.925452 0.904718 0.000000 0.781408 0.791831 0.957598 0.988665 0.863703 0.934139 0.931953 0.792971 0.972015 0.806258 0.888936 0.916018 0.947437 0.669109 0.618906 0.767941 0.740242 0.781990 0.881873 0.924308 0.838566 0.662436 0.555148 0.783009 0.616821 0.919243 0.725744 0.732834 0.656550 0.507314 0.578216 0.529488 0.550802 0.662947 0.559384 0.798352 0.928650 0.736003 0.879434 0.979205 0.949524 0.895298 0.891643 0.846579 0.790605 0.736525 0.704917 0.693509 0.823051 0.883678 0.980653 0.769040 0.786726 0.889208 0.834677 0.675724 0.561911 0.551747 0.490562 0.844564 0.816669 0.951469 0.608041 0.937178 0.824546 0.953971 0.765054 0.922798 0.944870 0.802170 0.857939 0.896914 0.771233 0.915423 0.956812 0.833535 0.870704 0.938026 0.854700 0.777489 0.726750
0.568310 0.575831 0.614475 0.822991 0.847779 0.887559 0.867531 0.697936 0.860911 0.851605 0.699041 0.591790 0.742557 0.589909 0.805192 0.771586 0.728264 0.683678 0.677781 0.576478 0.929149 0.925469 0.851270 0.934945 0.739597 0.695160 0.905621 0.772706 0.706278 0.680455 0.978186 0.919515 0.984574 0.812398 0.781408 0.000000 0.692923 0.992123 0.973606 0.960842 0.907684 0.959903 0.964197 0.867785 0.991013 0.728276 0.845429 0.756927 0.622255 0.526541 0.585063 0.548374 0.583698 0.649641 0.707141 0.672977 0.564747 0.526722 0.645813 0.530362 0.859324 0.583549 0.710595 0.649722 0.651054 0.790058 0.677708 0.771476 0.614856 0.549908 0.931333 0.982324 0.743449 0.828528 0.939791 0.897791 0.653486 0.892415 0.775816 0.774790 0.729131 0.696798 0.724201 0.846926 0.983323 0.873548 0.635324 0.955413 0.918716 0.883314 0.879410 0.754562 0.621110 0.653121 0.828822 0.988997 0.962096 0.661926 0.908651 0.937063 0.899863 0.986985 0.785449 0.771661 0.840044 0.970164 0.920654 0.922034 0.945997 0.987535 0.990608 0.887906 0.836403 0.982066 0.883166 0.871673
0.989949 0.988574 0.801162 0.959718 0.905411 0.910217 0.833641 0.940874 0.892294 0.775636 0.943296 0.964855 0.959141 0.987823 0.882299 0.947070 0.847435 0.881547 0.992098 0.988750 0.766729 0.880431 0.796081 0.995519 0.847292 0.853731 0.927420 0.889234 0.899055 0.864122 0.760853 0.753481 0.701776 0.815104 0.791831 0.692923 0.000000 0.799653 0.983994 0.724944 0.957345 0.797100 0.849199 0.839679 0.720794 0.867775 0.970088 0.983955 0.963025 0.879381 0.946569 0.895424 0.890885 0.884235 0.924855 0.973151 0.954854 0.997919 0.954589 0.847476 0.907711 0.944755 0.949309 0.923098 0.892305 0.831414 0.882087 0.864096 0.972878 0.999945 0.929696 0.760419 0.959728 0.949746 0.909409 0.861137 0.938566 0.756865 0.920675 0.863395 0.830603 0.834407 0.827833 0.803655 0.709910 0.827604 0.770932 0.863848 0.972065 0.827454 0.911875 0.889840 0.906451 0.944291 0.937268 0.878809 0.916733 0.896689 0.952971 0.916203 0.965698 0.879508 0.966944 0.916615 0.911185 0.992387 0.828005 0.917508 0.844105 0.941157 0.990866 0.827202 0.896325 0.912016 0.996907 0.874613
0.906197 0.862257 0.988743 0.868818 0.853694 0.939523 0.971729 0.920199 0.929520 0.856240 0.935699 0.950765 0.871475 0.981442 0.825004 0.807711 0.840328 0.841700 0.907076 0.796798 0.846892 0.637957 0.756210 0.776257 0.819304 0.929281 0.980266 0.974296 0.869008 0.930096 0.992959 0.873299 0.896529 0.837788 0.957598 0.992123 0.799653 0.000000 0.910904 0.799421 0.654204 0.793254 0.988483 0.982382 0.753412 0.828758 0.961349 0.921516 0.855730 0.969183 0.888740 0.959145 0.908416 0.947599 0.845783 0.792913 0.883700 0.878480 0.950118 0.895584 0.954870 0.828941 0.951166 0.906436 0.916602 0.979431 0.942541 0.965704 0.820981 0.820861 0.992797 0.907489 0.730139 0.796646 0.970650 0.979675 0.838578 0.991269 0.905631 0.811397 0.760199 0.770023 0.822632 0.588670 0.785879 0.963659 0.984843 0.870782 0.965522 0.721085 0.923450 0.857560 0.930013 0.998130 0.945713 0.790473 0.878737 0.938866 0.988048 0.889812 0.948167 0.992817 0.958735 0.932138 0.991156 0.962480 0.991822 0.941137 0.854683 0.981344 0.935276 0.827844 0.986474 0.979094 0.931005 0.808716
