0.000000 0.562580 0.657980 0.664997 0.973380 0.952042 0.557420 0.510794 0.833348 0.656318 0.622417 0.620296 0.613945 0.841792 0.965636 0.957908 0.555431 0.525849 0.576643 0.708276 0.825348 0.899187 0.945449 0.799873 0.955580 0.865023 0.845440 0.996547 0.809844 0.733845 0.957928 0.913660 0.601415 0.550363 0.800042 0.854320 0.972783 0.827238 0.774073 0.857219 0.865159 0.907933 0.660116 0.648136 0.754922 0.621626 0.620239 0.704204 0.734040 0.970583 0.983316 0.807785 0.828942 0.856914 0.756554 0.804992 0.532676 0.727245 0.652382 0.839773 0.456437 0.513263 0.483586 0.493557 0.799099 0.715827 0.760710 0.796780 0.854728 0.748119 0.953651 0.934153 0.985943 0.949572 0.995454 0.905948 0.745283 0.739871 0.826726 0.990370 0.577061 0.589578 0.995777 0.772944 0.785314 0.835972 0.920370 0.928297 0.806201 0.725077 0.800039 0.946129 0.825724 0.982982 0.883566 0.795435 0.814799 0.980284 0.661796 0.652606 0.786720 0.972866 0.836971 0.770668 0.888415 0.822399 0.924127 0.964043 0.829647 0.937151 0.846118 0.807336 0.865489 0.778040 0.964959 0.940137
0.562580 0.000000 0.941065 0.840084 0.911908 0.949847 0.903546 0.688839 0.999346 0.847223 0.841635 0.583833 0.732909 0.687928 0.893392 0.785195 0.556948 0.585761 0.718524 0.798377 0.998115 0.956227 0.978818 0.906557 0.996521 0.953772 0.990681 0.857272 0.746370 0.640278 0.974224 0.997818 0.642493 0.720407 0.871221 0.901513 0.954196 0.896844 0.899878 0.944022 0.933451 0.944394 0.752940 0.669568 0.743535 0.684646 0.779528 0.709255 0.708735 0.887077 0.982152 0.938818 0.996585 0.995155 0.840878 0.974389 0.581432 0.581001 0.743980 0.819975 0.691224 0.585017 0.650166 0.548617 0.934040 0.829477 0.962678 0.915580 0.823794 0.681403 0.924425 0.873357 0.897341 0.961412 0.985507 0.885549 0.893075 0.832941 0.828394 0.979748 0.652150 0.718224 0.961098 0.783596 0.963744 0.945487 0.963310 0.952623 0.910541 0.842435 0.957940 0.848511 0.976938 0.785291 0.841577 0.839244 0.877695 0.967753 0.787165 0.818185 0.896992 0.936632 0.849275 0.811181 0.938295 0.870345 0.933779 0.941514 0.990921 0.887020 0.999505 0.860651 0.887929 0.899952 0.837944 0.995435
0.657980 0.941065 0.000000 0.456656 0.893363 0.972638 0.350856 0.487808 0.704334 0.579196 0.736435 0.967133 0.885260 0.838331 0.805978 0.679306 0.870251 0.743434 0.732154 0.812081 0.817273 0.979815 0.886105 0.950702 0.851821 0.893418 0.894108 0.898061 0.990142 0.989760 0.879547 0.983801 0.591790 0.579212 0.756674 0.859615 0.950045 0.916242 0.840061 0.783713 0.868483 0.810035 0.679234 0.752882 0.764201 0.760949 0.701768 0.750546 0.957321 0.994489 0.918240 0.931842 0.833290 0.796978 0.774236 0.721676 0.810679 0.974191 0.623770 0.788317 0.489718 0.700779 0.675436 0.742494 0.537013 0.606536 0.500258 0.561906 0.959105 0.880254 0.984060 0.902681 0.954473 0.958744 0.884363 0.987332 0.743720 0.927546 0.963321 0.990452 0.658987 0.602315 0.998538 0.779394 0.617975 0.741000 0.868112 0.927170 0.791682 0.711944 0.578158 0.653973 0.521945 0.672049 0.823922 0.740519 0.696981 0.847559 0.544688 0.566179 0.753792 0.918646 0.828921 0.770919 0.799781 0.584432 0.897645 0.830934 0.838324 0.927251 0.733148 0.744825 0.803651 0.854274 0.958877 0.980916
0.664997 0.840084 0.456656 0.000000 0.994739 0.922019 0.511678 0.416392 0.896904 0.692923 0.691200 0.835978 0.984854 0.914265 0.672201 0.723769 0.941497 0.739061 0.823261 0.809858 0.797131 0.939798 0.964021 0.993066 0.778149 0.775443 0.980613 0.995830 0.922878 0.978372 0.858871 0.909786 0.657688 0.520936 0.694345 0.777402 0.899844 0.930311 0.712959 0.709049 0.827001 0.817975 0.616814 0.635421 0.753942 0.708285 0.649048 0.630654 0.900740 0.932976 0.909963 0.885036 0.763953 0.781091 0.878665 0.708289 0.910112 0.946547 0.683226 0.762159 0.614017 0.618801 0.743187 0.758606 0.559407 0.450481 0.417663 0.439042 0.769518 0.830581 0.803884 0.708928 0.995725 0.983476 0.950420 0.992362 0.737914 0.862185 0.897619 0.964173 0.692509 0.647283 0.926339 0.858920 0.775389 0.725740 0.826763 0.764104 0.946282 0.626127 0.701766 0.815716 0.574492 0.772481 0.801447 0.690525 0.702797 0.902226 0.548685 0.702255 0.728163 0.920880 0.773089 0.710021 0.800286 0.654846 0.863681 0.859581 0.778788 0.892746 0.728792 0.791853 0.972467 0.843978 0.987599 0.921916
0.973380 0.911908 0.893363 0.994739 0.000000 0.974794 0.868340 0.923974 0.773419 0.994249 0.789242 0.802140 0.926764 0.960303 0.666163 0.917542 0.869030 0.879989 0.814218 0.862375 0.885341 0.910934 0.572785 0.680996 0.878459 0.997268 0.921352 0.880252 0.881052 0.829362 0.798081 0.830267 0.994832 0.967861 0.908747 0.977355 0.915112 0.849765 0.943231 0.947152 0.996556 0.896666 0.798237 0.785403 0.973513 0.910310 0.988995 0.916088 0.988175 0.885179 0.873863 0.760437 0.785368 0.772383 0.948132 0.971220 0.853437 0.788074 0.891294 0.928670 0.899514 0.927958 0.847935 0.986597 0.686329 0.922036 0.907949 0.895408 0.900423 0.989743 0.997834 0.951119 0.709424 0.853552 0.958508 0.991140 0.927479 0.834487 0.878263 0.902915 0.828812 0.763954 0.674129 0.699537 0.600861 0.620641 0.779259 0.684910 0.782359 0.755458 0.948835 0.914459 0.971640 0.949501 0.975454 0.973070 0.941221 0.801441 0.963755 0.894631 0.968135 0.862528 0.745392 0.881794 0.914706 0.951381 0.915783 0.930256 0.858738 0.876284 0.976439 0.959944 0.977687 0.949335 0.990788 0.857049
0.952042 0.949847 0.972638 0.922019 0.974794 0.000000 0.995914 0.916470 0.990255 0.957275 0.965196 0.909771 0.863411 0.924832 0.916906 0.801950 0.892802 0.985586 0.981907 0.855906 0.862547 0.865876 0.903251 0.940383 0.888375 0.847317 0.871991 0.861799 0.931778 0.971389 0.979975 0.915876 0.921714 0.901242 0.848858 0.946764 0.929074 0.868784 0.873959 0.932386 0.846387 0.935830 0.984026 0.929866 0.878711 0.865215 0.938959 0.966654 0.952490 0.913341 0.928625 0.793563 0.958086 0.960327 0.962456 0.940286 0.940097 0.883399 0.973391 0.888301 0.979988 0.969988 0.879760 0.836264 0.896611 0.919594 0.952694 0.973720 0.865906 0.792634 0.851567 0.748026 0.985582 0.920327 0.987936 0.840468 0.908315 0.886515 0.957061 0.892469 0.936544 0.938210 0.841866 0.878338 0.916875 0.952551 0.977666 0.829475 0.976745 0.997794 0.955300 0.976067 0.889364 0.928893 0.966628 0.845772 0.915701 0.939094 0.987220 0.965718 0.960208 0.871941 0.945757 0.981198 0.985100 0.897504 0.853534 0.821658 0.992893 0.948116 0.822575 0.975451 0.935879 0.980655 0.857719 0.794920
0.557420 0.903546 0.350856 0.511678 0.868340 0.995914 0.000000 0.501866 0.640048 0.553681 0.735452 0.912072 0.738091 0.886040 0.875115 0.701426 0.785372 0.647319 0.634497 0.721489 0.860418 0.953215 0.879070 0.918212 0.935485 0.927627 0.853932 0.817140 0.980139 0.895937 0.909941 0.906898 0.559036 0.573069 0.756551 0.875810 0.978226 0.859413 0.829991 0.895110 0.843358 0.878611 0.709672 0.766699 0.799190 0.715912 0.751643 0.753356 0.930703 0.934431 0.925404 0.936750 0.790880 0.792068 0.792979 0.744106 0.744072 0.930460 0.596212 0.773654 0.377373 0.645722 0.526615 0.634090 0.567434 0.640340 0.573801 0.648185 0.988098 0.893250 0.955248 0.993992 0.972874 0.946960 0.906103 0.980242 0.760897 0.960883 0.906633 0.966184 0.582569 0.526401 0.951959 0.748234 0.559419 0.760812 0.908887 0.953097 0.756789 0.731432 0.561558 0.639181 0.572569 0.739933 0.811185 0.795698 0.695838 0.900335 0.542314 0.559775 0.808017 0.876316 0.864422 0.746799 0.855463 0.654573 0.936311 0.882781 0.788438 0.909452 0.715179 0.770607 0.856901 0.864091 0.928713 0.963400
0.510794 0.688839 0.487808 0.416392 0.923974 0.916470 0.501866 0.000000 0.882589 0.533353 0.548539 0.576841 0.799161 0.981868 0.686976 0.765318 0.778647 0.662627 0.720862 0.661627 0.856362 0.978579 0.860679 0.756737 0.970881 0.982037 0.846544 0.888080 0.930185 0.850672 0.998967 0.836088 0.644093 0.446657 0.766456 0.841352 0.955630 0.905949 0.694115 0.690186 0.890559 0.888306 0.598028 0.642151 0.842955 0.729400 0.644103 0.638373 0.963612 0.856521 0.904817 0.739602 0.612564 0.587233 0.787467 0.761880 0.822604 0.885209 0.497214 0.589458 0.466806 0.384484 0.652946 0.549560 0.750585 0.468483 0.550650 0.488494 0.972501 0.717345 0.908135 0.795669 0.932767 0.976204 0.985849 0.922316 0.611854 0.790062 0.878444 0.991485 0.704082 0.694649 0.779584 0.914569 0.927091 0.925301 0.760242 0.634269 0.856415 0.656645 0.803324 0.983073 0.676172 0.999217 0.846998 0.764014 0.643137 0.855354 0.521844 0.689603 0.656659 0.978797 0.703888 0.741875 0.871142 0.647561 0.941076 0.891809 0.796043 0.872725 0.696023 0.841533 0.937590 0.817356 0.977639 0.943917
0.833348 0.999346 0.704334 0.896904 0.773419 0.990255 0.640048 0.882589 0.000000 0.653543 0.944069 0.915935 0.796073 0.862155 0.874296 0.886663 0.873597 0.867889 0.850888 0.909477 0.970410 0.966527 0.700401 0.988476 0.902631 0.943946 0.906847 0.880655 0.824470 0.918603 0.916641 0.996496 0.837388 0.942307 0.931794 0.875330 0.968577 0.810442 0.899725 0.800929 0.901124 0.956965 0.892870 0.842908 0.993822 0.977543 0.962976 0.904312 0.941253 0.977402 0.972712 0.944130 0.885117 0.928454 0.991008 0.935534 0.799149 0.857049 0.909940 0.961306 0.641289 0.897485 0.637913 0.710863 0.696611 0.989913 0.942714 0.871469 0.808520 0.913261 0.858738 0.815821 0.988800 0.859687 0.878953 0.937712 0.950283 0.967854 0.817048 0.929851 0.735710 0.728384 0.722434 0.741200 0.619574 0.761505 0.859881 0.814634 0.826964 0.741970 0.837680 0.825641 0.827410 0.874610 0.957023 0.914526 0.840052 0.998377 0.923927 0.696988 0.944299 0.939943 0.973736 0.883734 0.831214 0.911947 0.989608 0.991756 0.888853 0.899552 0.866197 0.994864 0.980323 0.893449 0.940480 0.829934
0.656318 0.847223 0.579196 0.692923 0.994249 0.957275 0.553681 0.533353 0.653543 0.000000 0.618879 0.801288 0.837295 0.848088 0.798185 0.720056 0.818790 0.733276 0.628457 0.600606 0.828390 0.990999 0.928258 0.787510 0.803288 0.833848 0.721885 0.738850 0.881992 0.958188 0.947494 0.906753 0.672688 0.621162 0.814635 0.922022 0.941511 0.824108 0.942436 0.964552 0.998614 0.962099 0.874170 0.893767 0.958785 0.872741 0.792847 0.950599 0.986322 0.982930 0.926233 0.955299 0.710823 0.678629 0.831415 0.886400 0.821751 0.810487 0.557099 0.600345 0.539877 0.612987 0.598647 0.512126 0.916756 0.794420 0.709011 0.729792 0.774349 0.830161 0.883909 0.967817 0.963334 0.973208 0.831750 0.979738 0.796910 0.932031 0.927006 0.944706 0.721964 0.720761 0.869552 0.913823 0.836408 0.954915 0.809491 0.858816 0.804351 0.683713 0.744033 0.900045 0.681780 0.999507 0.924549 0.668320 0.561562 0.947484 0.636363 0.650115 0.765888 0.988734 0.657224 0.735850 0.723051 0.681127 0.960487 0.863223 0.826265 0.813454 0.777409 0.891082 0.978078 0.863320 0.914867 0.897400
0.622417 0.841635 0.736435 0.691200 0.789242 0.965196 0.735452 0.548539 0.944069 0.618879 0.000000 0.557506 0.762812 0.989253 0.656549 0.789131 0.778712 0.797006 0.768377 0.690845 0.785499 0.981194 0.660437 0.653053 0.890808 0.973914 0.766581 0.949784 0.923289 0.984860 0.789368 0.744321 0.841240 0.562250 0.846340 0.910255 0.954651 0.862782 0.800796 0.867995 0.842678 0.928205 0.729037 0.732267 0.990319 0.796688 0.742065 0.879822 0.982528 0.813734 0.752164 0.580075 0.607729 0.560953 0.848884 0.741011 0.913070 0.989373 0.711316 0.809710 0.685639 0.565634 0.727327 0.642789 0.941210 0.778539 0.762489 0.751404 0.788232 0.733420 0.885417 0.978889 0.843383 0.839279 0.999360 0.963873 0.649320 0.740885 0.892277 0.996741 0.819337 0.865813 0.740528 0.941396 0.871732 0.886793 0.716460 0.676983 0.874279 0.811037 0.864980 0.879562 0.785364 0.948786 0.950262 0.760724 0.735372 0.841215 0.768784 0.888989 0.722020 0.988128 0.687790 0.782772 0.958548 0.874092 0.968402 0.992715 0.878794 0.904695 0.878119 0.886854 0.918603 0.867934 0.916399 0.829676
0.620296 0.583833 0.967133 0.835978 0.802140 0.909771 0.912072 0.576841 0.915935 0.801288 0.557506 0.000000 0.623826 0.678623 0.849182 0.929172 0.716028 0.707087 0.768192 0.713080 0.977155 0.852432 0.653271 0.671157 0.854617 0.900324 0.891530 0.972086 0.885211 0.766136 0.764047 0.791889 0.892578 0.685451 0.884186 0.910187 0.996288 0.846785 0.809503 0.840179 0.954293 0.984608 0.717847 0.690774 0.973671 0.811074 0.809572 0.796465 0.931944 0.830378 0.788188 0.698158 0.703978 0.692368 0.763429 0.901572 0.795795 0.756090 0.673378 0.756976 0.675593 0.491729 0.721217 0.587170 0.914287 0.787766 0.978624 0.892521 0.830240 0.632473 0.926940 0.877408 0.890160 0.836975 0.961032 0.824350 0.685922 0.735601 0.842228 0.992015 0.820984 0.890813 0.803739 0.981889 0.799338 0.856170 0.903129 0.676848 0.873489 0.891722 0.888152 0.712904 0.966619 0.689794 0.933107 0.965431 0.849978 0.871864 0.839654 0.953609 0.803782 0.958177 0.804888 0.960450 0.929295 0.885766 0.962116 0.996984 0.934255 0.957338 0.916963 0.947147 0.995636 0.858388 0.984396 0.903156
0.613945 0.732909 0.885260 0.984854 0.926764 0.863411 0.738091 0.799161 0.796073 0.837295 0.762812 0.623826 0.000000 0.626866 0.728910 0.765357 0.722950 0.667118 0.698252 0.783973 0.978629 0.857830 0.944422 0.834355 0.862267 0.837775 0.833097 0.952041 0.766201 0.661071 0.915804 0.909438 0.883998 0.791502 0.936820 0.921150 0.949317 0.764312 0.952509 0.964039 0.897866 0.871798 0.881039 0.908339 0.994401 0.839828 0.779938 0.855853 0.919546 0.935736 0.876916 0.880208 0.884988 0.862254 0.813555 0.813369 0.685701 0.700422 0.756503 0.840618 0.558475 0.630382 0.626229 0.617766 0.954951 0.935119 0.856283 0.898503 0.817051 0.807889 0.764649 0.944809 0.992895 0.798431 0.964229 0.680916 0.887408 0.934863 0.875829 0.942570 0.766277 0.719298 0.894223 0.780050 0.837167 0.989497 0.838381 0.965872 0.720879 0.967714 0.971278 0.864271 0.896730 0.773260 0.995008 0.988548 0.991292 0.970251 0.896259 0.865377 0.996779 0.967164 0.981618 0.947508 0.964973 0.921821 0.822655 0.876676 0.964271 0.999130 0.967584 0.948454 0.908880 0.893591 0.968649 0.991439
0.841792 0.687928 0.838331 0.914265 0.960303 0.924832 0.886040 0.981868 0.862155 0.848088 0.989253 0.678623 0.626866 0.000000 0.643263 0.510418 0.788813 0.759457 0.855151 0.861039 0.905837 0.885373 0.973710 0.945552 0.938267 0.956125 0.926305 0.906927 0.831616 0.600006 0.859486 0.791502 0.964331 0.923471 0.873393 0.936967 0.965823 0.974367 0.877158 0.893548 0.986824 0.850992 0.872759 0.823611 0.930558 0.841817 0.752306 0.762767 0.883432 0.976722 0.957583 0.983189 0.938733 0.930229 0.861738 0.804575 0.831697 0.783466 0.939564 0.992513 0.907541 0.800478 0.858608 0.834220 0.984065 0.895541 0.850640 0.915605 0.943560 0.791845 0.959982 0.743275 0.929229 0.986322 0.861453 0.776347 0.997810 0.869749 0.849872 0.788519 0.877198 0.803022 0.751139 0.743887 0.984048 0.877661 0.886578 0.894433 0.940158 0.987783 0.787404 0.755787 0.710727 0.721899 0.970675 0.975370 0.824631 0.927483 0.926874 0.936137 0.990837 0.916028 0.889556 0.868896 0.837691 0.914115 0.876649 0.893354 0.873709 0.991520 0.908774 0.953291 0.969501 0.940227 0.872642 0.956731
0.965636 0.893392 0.805978 0.672201 0.666163 0.916906 0.875115 0.686976 0.874296 0.798185 0.656549 0.849182 0.728910 0.643263 0.000000 0.517096 0.858590 0.827149 0.934688 0.936225 0.912422 0.892001 0.596300 0.687868 0.931179 0.985894 0.886036 0.961313 0.764693 0.654286 0.717938 0.647417 0.959305 0.803759 0.946648 0.926173 0.982742 0.927789 0.849985 0.912238 0.942110 0.807669 0.749726 0.817652 0.991557 0.963071 0.995756 0.971557 0.896895 0.774615 0.960319 0.765742 0.656770 0.642762 0.992432 0.969911 0.773699 0.745524 0.777138 0.825721 0.977625 0.844196 0.905050 0.978766 0.875231 0.884774 0.659449 0.694369 0.969299 0.910644 0.983009 0.994326 0.795581 0.902553 0.986735 0.832011 0.802545 0.897099 0.844721 0.925558 0.865013 0.800018 0.563981 0.639413 0.702638 0.738780 0.611634 0.527738 0.903059 0.993625 0.813312 0.892738 0.646447 0.804627 0.937278 0.891876 0.757009 0.881557 0.785919 0.921242 0.751023 0.872515 0.641039 0.752687 0.925178 0.835383 0.796560 0.808541 0.965645 0.929482 0.781779 0.976335 0.924100 0.921158 0.893223 0.881904
0.957908 0.785195 0.679306 0.723769 0.917542 0.801950 0.701426 0.765318 0.886663 0.720056 0.789131 0.929172 0.765357 0.510418 0.517096 0.000000 0.928269 0.924022 0.986638 0.928709 0.948614 0.961171 0.880418 0.773936 0.916031 0.926765 0.844703 0.834556 0.882479 0.681109 0.818894 0.716223 0.953157 0.874002 0.843582 0.984124 0.935886 0.911856 0.969618 0.951110 0.996622 0.822674 0.886219 0.935220 0.929373 0.945520 0.945002 0.888929 0.902069 0.913997 0.930191 0.918243 0.746820 0.739056 0.954484 0.928206 0.879252 0.793731 0.794577 0.878661 0.853024 0.925745 0.926313 0.914262 0.982190 0.973054 0.700725 0.797113 0.898641 0.998473 0.925919 0.821724 0.821603 0.961565 0.983215 0.801532 0.897780 0.911945 0.902008 0.779442 0.934848 0.994303 0.725912 0.846538 0.956450 0.899048 0.722853 0.747056 0.944716 0.906677 0.709097 0.739173 0.583936 0.763908 0.889550 0.862311 0.695276 0.822472 0.788744 0.811251 0.882821 0.872258 0.734738 0.787473 0.906350 0.895185 0.857516 0.778341 0.886617 0.976496 0.698733 0.880663 0.890199 0.974221 0.824606 0.973493
0.555431 0.556948 0.870251 0.941497 0.869030 0.892802 0.785372 0.778647 0.873597 0.818790 0.778712 0.716028 0.722950 0.788813 0.858590 0.928269 0.000000 0.563118 0.634638 0.679865 0.957989 0.931665 0.918699 0.956390 0.944592 0.979302 0.994223 0.929302 0.725270 0.681369 0.996748 0.967070 0.712511 0.779519 0.800859 0.859505 0.880594 0.784983 0.940280 0.896878 0.970390 0.955689 0.898071 0.784223 0.801482 0.708898 0.836130 0.823326 0.773114 0.853444 0.990599 0.980946 0.972807 0.957569 0.750565 0.875654 0.591871 0.654613 0.833018 0.964629 0.638672 0.664765 0.529513 0.532673 0.883992 0.869013 0.998259 0.992801 0.747139 0.693192 0.978939 0.968269 0.944632 0.971544 0.986803 0.924868 0.863752 0.938510 0.829944 0.978054 0.532879 0.600592 0.844837 0.681480 0.777237 0.831000 0.936786 0.868255 0.842956 0.825666 0.881319 0.979020 0.990366 0.865841 0.902649 0.818238 0.830688 0.984190 0.836144 0.770697 0.965709 0.855197 0.912809 0.913101 0.906810 0.995388 0.937054 0.977588 0.964294 0.941772 0.912419 0.846362 0.783900 0.927026 0.940754 0.955537
0.525849 0.585761 0.743434 0.739061 0.879989 0.985586 0.647319 0.662627 0.867889 0.733276 0.797006 0.707087 0.667118 0.759457 0.827149 0.924022 0.563118 0.000000 0.605280 0.668832 0.908541 0.833323 0.833007 0.988796 0.875816 0.947293 0.974817 0.976712 0.704618 0.555125 0.857931 0.904568 0.583613 0.621850 0.774130 0.764751 0.901474 0.827294 0.869379 0.867809 0.870749 0.986814 0.764701 0.698295 0.750923 0.670665 0.657057 0.729034 0.788568 0.883962 0.998168 0.970703 0.975948 0.991333 0.640947 0.757853 0.510193 0.689651 0.767243 0.861186 0.519872 0.579835 0.450546 0.520080 0.736620 0.698960 0.810261 0.830513 0.957270 0.752981 0.889871 0.948239 0.824580 0.988407 0.980523 0.933452 0.886622 0.914902 0.767637 0.902243 0.426513 0.448053 0.816316 0.613815 0.684704 0.712389 0.906436 0.895076 0.782323 0.656733 0.876879 0.953485 0.953046 0.872199 0.822807 0.775898 0.897669 0.999159 0.788920 0.735972 0.950195 0.880333 0.986101 0.910112 0.881131 0.793849 0.957994 0.884501 0.832298 0.871706 0.897249 0.842861 0.854917 0.847331 0.923427 0.974257
0.576643 0.718524 0.732154 0.823261 0.814218 0.981907 0.634497 0.720862 0.850888 0.628457 0.768377 0.768192 0.698252 0.855151 0.934688 0.986638 0.634638 0.605280 0.000000 0.625845 0.922616 0.852948 0.827243 0.932909 0.957005 0.962494 0.942014 0.955635 0.703809 0.697271 0.863375 0.918788 0.652185 0.676920 0.766594 0.857607 0.996105 0.739971 0.948299 0.940872 0.962905 0.995064 0.949817 0.869014 0.974418 0.805783 0.815873 0.867289 0.990003 0.992089 0.940635 0.993340 0.860386 0.932939 0.728641 0.810864 0.674592 0.761539 0.816436 0.882016 0.568918 0.679699 0.486091 0.599669 0.844151 0.793692 0.870660 0.889041 0.811019 0.855871 0.829347 0.991934 0.798424 0.914245 0.977051 0.897308 0.903475 0.810789 0.863752 0.932677 0.585713 0.594538 0.887402 0.750229 0.687648 0.818546 0.931234 0.894541 0.775152 0.787090 0.845585 0.962152 0.906077 0.866852 0.919629 0.826527 0.775415 0.986870 0.788017 0.713603 0.893153 0.837928 0.869316 0.972041 0.928857 0.809722 0.971738 0.916941 0.963477 0.956276 0.870931 0.885240 0.850339 0.853728 0.992594 0.888284
0.708276 0.798377 0.812081 0.809858 0.862375 0.855906 0.721489 0.661627 0.909477 0.600606 0.690845 0.713080 0.783973 0.861039 0.936225 0.928709 0.679865 0.668832 0.625845 0.000000 0.926880 0.883685 0.962093 0.851664 0.830147 0.812383 0.864841 0.691468 0.843824 0.779696 0.961230 0.883130 0.769233 0.694165 0.812265 0.987845 0.959471 0.850763 0.911794 0.939374 0.928706 0.932726 0.890649 0.842426 0.992027 0.842289 0.883761 0.785408 0.950044 0.903409 0.986475 0.954234 0.780539 0.745372 0.948551 0.835886 0.781554 0.682026 0.604002 0.608271 0.657260 0.611905 0.666756 0.612656 0.996001 0.778936 0.848098 0.809367 0.848921 0.738766 0.981815 0.998735 0.877494 0.898504 0.845707 0.980484 0.801686 0.988738 0.850818 0.990150 0.720580 0.727843 0.947569 0.871293 0.907992 0.955949 0.867642 0.925756 0.816434 0.782212 0.915422 0.955458 0.928136 0.834699 0.957026 0.833365 0.745746 0.879420 0.781643 0.831427 0.759458 0.888680 0.798177 0.880311 0.900362 0.895980 0.964504 0.966803 0.874901 0.906851 0.735134 0.971548 0.961332 0.982258 0.973087 0.954203
0.825348 0.998115 0.817273 0.797131 0.885341 0.862547 0.860418 0.856362 0.970410 0.828390 0.785499 0.977155 0.978629 0.905837 0.912422 0.948614 0.957989 0.908541 0.922616 0.926880 0.000000 0.986647 0.987227 0.982377 0.888285 0.895924 0.876964 0.960244 0.896130 0.891034 0.967282 0.940497 0.890613 0.828779 0.919736 0.951162 0.826214 0.988786 0.950799 0.990557 0.975411 0.947885 0.833425 0.836935 0.905214 0.939964 0.777197 0.962099 0.911926 0.972806 0.964935 0.872329 0.820119 0.886818 0.856556 0.980298 0.908432 0.898059 0.867849 0.921370 0.926509 0.960185 0.947657 0.993156 0.889143 0.853397 0.739456 0.820444 0.984016 0.886482 0.978342 0.933011 0.959832 0.956300 0.968814 0.981215 0.895224 0.875277 0.957314 0.991390 0.953332 0.976023 0.845985 0.921993 0.942251 0.914849 0.998502 0.984140 0.949447 0.896338 0.873316 0.980175 0.850478 0.898964 0.915110 0.801664 0.836868 0.928351 0.931676 0.948628 0.812803 0.899236 0.891795 0.906444 0.909139 0.927174 0.939319 0.962159 0.840597 0.938983 0.947716 0.859856 0.851091 0.874723 0.938027 0.865612
0.899187 0.956227 0.979815 0.939798 0.910934 0.865876 0.953215 0.978579 0.966527 0.990999 0.981194 0.852432 0.857830 0.885373 0.892001 0.961171 0.931665 0.833323 0.852948 0.883685 0.986647 0.000000 0.993177 0.960942 0.980021 0.973636 0.939417 0.888750 0.954269 0.938403 0.990769 0.899943 0.969451 0.995204 0.960123 0.970771 0.998273 0.969836 0.988923 0.963643 0.939009 0.808521 0.950393 0.873887 0.936476 0.865641 0.994348 0.920260 0.986453 0.975803 0.911401 0.963278 0.952074 0.998698 0.826764 0.989318 0.781863 0.856824 0.991724 0.939853 0.896709 0.950073 0.857422 0.883659 0.971938 0.952298 0.959123 0.937843 0.993570 0.912283 0.981499 0.899189 0.856771 0.979488 0.960490 0.948169 0.906112 0.991068 0.931370 0.976966 0.931623 0.927887 0.874762 0.876885 0.951855 0.982960 0.782455 0.905866 0.945138 0.957946 0.956746 0.980053 0.877470 0.901613 0.994684 0.973778 0.969089 0.835254 0.958495 0.978106 0.951061 0.784269 0.987928 0.928498 0.963265 0.913615 0.953084 0.936782 0.923624 0.848484 0.921129 0.913557 0.991025 0.915498 0.953660 0.942626
0.945449 0.978818 0.886105 0.964021 0.572785 0.903251 0.879070 0.860679 0.700401 0.928258 0.660437 0.653271 0.944422 0.973710 0.596300 0.880418 0.918699 0.833007 0.827243 0.962093 0.987227 0.993177 0.000000 0.472770 0.782258 0.913046 0.858265 0.972986 0.890349 0.790113 0.547032 0.617955 0.833192 0.947748 0.847228 0.921816 0.891721 0.929209 0.818393 0.894707 0.880666 0.953095 0.801494 0.809629 0.942509 0.989356 0.948549 0.970154 0.902385 0.744915 0.716248 0.558680 0.698992 0.652384 0.973220 0.944917 0.809171 0.858998 0.882383 0.931276 0.955283 0.833717 0.821707 0.976401 0.595213 0.893143 0.976419 0.986633 0.862379 0.905408 0.884447 0.935714 0.658776 0.780822 0.881139 0.962000 0.833042 0.855472 0.833752 0.965229 0.728141 0.651097 0.531380 0.583397 0.431832 0.554855 0.753650 0.505475 0.918589 0.736985 0.965212 0.842650 0.990735 0.957084 0.960707 0.876030 0.917737 0.858714 0.984989 0.837103 0.862354 0.898128 0.766940 0.889792 0.747371 0.899725 0.951236 0.942201 0.888902 0.992042 0.996076 0.984369 0.996853 0.976523 0.900331 0.802055
0.799873 0.906557 0.950702 0.993066 0.680996 0.940383 0.918212 0.756737 0.988476 0.787510 0.653053 0.671157 0.834355 0.945552 0.687868 0.773936 0.956390 0.988796 0.932909 0.851664 0.982377 0.960942 0.472770 0.000000 0.747718 0.771555 0.699099 0.882399 0.999660 0.872973 0.605584 0.618967 0.992285 0.889342 0.940582 0.901283 0.957493 0.793936 0.907482 0.932604 0.890622 0.948213 0.819329 0.835815 0.994239 0.928172 0.984493 0.976848 0.997017 0.884762 0.741863 0.701665 0.785871 0.674101 0.955619 0.954234 0.976295 0.892211 0.692712 0.753303 0.806371 0.736177 0.993462 0.794011 0.669903 0.857734 0.988006 0.965438 0.731236 0.888839 0.897436 0.889734 0.691483 0.807459 0.966543 0.987999 0.775293 0.897236 0.917475 0.852185 0.925694 0.829940 0.626520 0.784212 0.592708 0.539333 0.793529 0.570893 0.888397 0.966179 0.876258 0.963785 0.839966 0.954215 0.952494 0.990269 0.934839 0.840129 0.837290 0.940282 0.858173 0.810673 0.638894 0.825672 0.889464 0.986837 0.926880 0.998085 0.981351 0.915083 0.850760 0.879356 0.993292 0.903905 0.923668 0.932432
0.955580 0.996521 0.851821 0.778149 0.878459 0.888375 0.935485 0.970881 0.902631 0.803288 0.890808 0.854617 0.862267 0.938267 0.931179 0.916031 0.944592 0.875816 0.957005 0.830147 0.888285 0.980021 0.782258 0.747718 0.000000 0.583703 0.801965 0.752088 0.890529 0.973956 0.691867 0.732899 0.834286 0.949580 0.872053 0.765970 0.859523 0.755477 0.898715 0.893765 0.875834 0.789073 0.705458 0.736381 0.652890 0.731658 0.785702 0.783198 0.765340 0.865615 0.778860 0.957716 0.809302 0.742591 0.996241 0.772772 0.857039 0.867689 0.786100 0.690523 0.958182 0.884503 0.994532 0.814962 0.683054 0.813642 0.775182 0.799622 0.697035 0.952472 0.763673 0.810419 0.897013 0.911205 0.868722 0.906268 0.957219 0.934476 0.815489 0.872210 0.793627 0.794223 0.736498 0.756705 0.740847 0.613044 0.913035 0.818036 0.971335 0.901684 0.823075 0.853518 0.846809 0.750041 0.828703 0.845557 0.980756 0.928570 0.955994 0.974019 0.923469 0.913962 0.889497 0.989811 0.996707 0.908787 0.800900 0.982439 0.989570 0.964303 0.999771 0.880631 0.929301 0.992131 0.899288 0.888198
0.865023 0.953772 0.893418 0.775443 0.997268 0.847317 0.927627 0.982037 0.943946 0.833848 0.973914 0.900324 0.837775 0.956125 0.985894 0.926765 0.979302 0.947293 0.962494 0.812383 0.895924 0.973636 0.913046 0.771555 0.583703 0.000000 0.863632 0.683855 0.955545 0.974551 0.769059 0.925028 0.855986 0.929868 0.926628 0.720149 0.788593 0.846228 0.830791 0.913734 0.900714 0.729020 0.813003 0.805976 0.881103 0.871813 0.881665 0.851069 0.825733 0.964785 0.897888 0.870745 0.899826 0.789255 0.892304 0.844504 0.936636 0.795313 0.773990 0.696781 0.943839 0.925809 0.999656 0.827890 0.691672 0.838283 0.773620 0.871685 0.801920 0.938394 0.750182 0.784978 0.891614 0.908436 0.823139 0.887065 0.856131 0.772514 0.926435 0.937638 0.880419 0.905588 0.861122 0.871086 0.849211 0.653453 0.904101 0.920120 0.926817 0.848715 0.808929 0.800077 0.832521 0.736991 0.797944 0.884799 0.936645 0.997449 0.935426 0.948798 0.904776 0.933787 0.974437 0.932913 0.862928 0.904963 0.841101 0.993925 0.990121 0.951324 0.909640 0.915634 0.911178 0.949172 0.886636 0.814673
0.845440 0.990681 0.894108 0.980613 0.921352 0.871991 0.853932 0.846544 0.906847 0.721885 0.766581 0.891530 0.833097 0.926305 0.886036 0.844703 0.994223 0.974817 0.942014 0.864841 0.876964 0.939417 0.858265 0.699099 0.801965 0.863632 0.000000 0.875859 0.885091 0.863405 0.960789 0.802978 0.884074 0.834621 0.820069 0.869402 0.879987 0.953602 0.960032 0.970439 0.910030 0.982610 0.818220 0.904308 0.864811 0.845262 0.949372 0.947605 0.881530 0.887509 0.984382 0.998505 0.900902 0.854443 0.920401 0.894803 0.862040 0.836872 0.730514 0.802048 0.845661 0.906216 0.910968 0.765696 0.853077 0.875525 0.940298 0.928480 0.683807 0.904839 0.942271 0.896001 0.814836 0.875069 0.961015 0.977088 0.950632 0.998613 0.916172 0.809332 0.973023 0.917814 0.840644 0.927146 0.937734 0.762358 0.951051 0.887440 0.830019 0.985661 0.857562 0.965006 0.825090 0.966814 0.953092 0.890383 0.840952 0.818279 0.813127 0.860870 0.878663 0.815794 0.683154 0.829708 0.845297 0.930056 0.956894 0.856307 0.907472 0.992796 0.838406 0.851200 0.903487 0.893034 0.939975 0.930705
0.996547 0.857272 0.898061 0.995830 0.880252 0.861799 0.817140 0.888080 0.880655 0.738850 0.949784 0.972086 0.952041 0.906927 0.961313 0.834556 0.929302 0.976712 0.955635 0.691468 0.960244 0.888750 0.972986 0.882399 0.752088 0.683855 0.875859 0.000000 0.927123 0.996051 0.937235 0.931901 0.963231 0.974854 0.994446 0.892283 0.944425 0.930077 0.981331 0.934846 0.988835 0.965742 0.950162 0.926512 0.924230 0.975453 0.975578 0.976772 0.985617 0.907204 0.930223 0.877074 0.849319 0.831516 0.984035 0.985875 0.948844 0.886202 0.738171 0.762200 0.808858 0.907637 0.926058 0.851770 0.929594 0.990695 0.986583 0.942525 0.989576 0.944323 0.925376 0.854982 0.915680 0.953174 0.846847 0.979888 0.935558 0.852569 0.947446 0.833143 0.973985 0.965666 0.960701 0.989455 0.951959 0.849248 0.973610 0.986752 0.880159 0.913958 0.921838 0.909568 0.938441 0.990763 0.966485 0.983177 0.794024 0.929006 0.911085 0.916525 0.987423 0.945216 0.998222 0.933999 0.972072 0.973429 0.934145 0.908817 0.802458 0.949455 0.841784 0.991170 0.979884 0.976776 0.918047 0.951089
0.809844 0.746370 0.990142 0.922878 0.881052 0.931778 0.980139 0.930185 0.824470 0.881992 0.923289 0.885211 0.766201 0.831616 0.764693 0.882479 0.725270 0.704618 0.703809 0.843824 0.896130 0.954269 0.890349 0.999660 0.890529 0.955545 0.885091 0.927123 0.000000 0.590815 0.968882 0.837020 0.865934 0.862076 0.985910 0.960384 0.995196 0.749480 0.937416 0.903668 0.907058 0.962626 0.855899 0.945783 0.873864 0.957764 0.934576 0.909580 0.915548 0.849216 0.749397 0.909556 0.906208 0.971842 0.893630 0.790161 0.781754 0.840876 0.946661 0.958017 0.833966 0.711567 0.737076 0.745881 0.995168 0.944212 0.825414 0.865300 0.905591 0.895177 0.929942 0.923086 0.789342 0.807755 0.924351 0.869808 0.906062 0.871049 0.888461 0.943509 0.775496 0.820436 0.834142 0.777490 0.936810 0.903574 0.936756 0.885316 0.901127 0.860197 0.906718 0.756984 0.819687 0.702251 0.945206 0.883506 0.952792 0.973426 0.972097 0.933965 0.856164 0.822716 0.995646 0.943116 0.939216 0.934219 0.891943 0.891009 0.854392 0.960621 0.940203 0.978570 0.801124 0.964771 0.965466 0.780204
0.733845 0.640278 0.989760 0.978372 0.829362 0.971389 0.895937 0.850672 0.918603 0.958188 0.984860 0.766136 0.661071 0.600006 0.654286 0.681109 0.681369 0.555125 0.697271 0.779696 0.891034 0.938403 0.790113 0.872973 0.973956 0.974551 0.863405 0.996051 0.590815 0.000000 0.801546 0.764230 0.752233 0.791323 0.896059 0.834394 0.936725 0.912588 0.941892 0.948851 0.998495 0.914107 0.946682 0.922691 0.979945 0.898714 0.754535 0.817433 0.850356 0.924103 0.973704 0.944340 0.907753 0.915580 0.752888 0.790942 0.673243 0.702050 0.926773 0.911121 0.732093 0.679005 0.652825 0.684982 0.850779 0.765205 0.915557 0.990969 0.975889 0.920147 0.939528 0.856612 0.777455 0.833949 0.935240 0.882671 0.968938 0.901789 0.746546 0.733742 0.685757 0.613971 0.715162 0.649310 0.770597 0.772129 0.785000 0.854247 0.837145 0.822893 0.832650 0.753980 0.777040 0.727020 0.890001 0.997937 0.974995 0.917345 0.912047 0.962591 0.882508 0.880004 0.854145 0.981168 0.954082 0.861214 0.978931 0.904880 0.993412 0.970627 0.960827 0.999719 0.868074 0.979399 0.937677 0.907006
0.957928 0.974224 0.879547 0.858871 0.798081 0.979975 0.909941 0.998967 0.916641 0.947494 0.789368 0.764047 0.915804 0.859486 0.717938 0.818894 0.996748 0.857931 0.863375 0.961230 0.967282 0.990769 0.547032 0.605584 0.691867 0.769059 0.960789 0.937235 0.968882 0.801546 0.000000 0.564214 0.690805 0.926618 0.767766 0.864906 0.937537 0.752745 0.977020 0.892107 0.973903 0.887378 0.907372 0.905869 0.718853 0.777398 0.758965 0.708543 0.712834 0.714888 0.657580 0.649177 0.772211 0.677189 0.968950 0.820384 0.843699 0.903433 0.890700 0.935995 0.996721 0.923187 0.893261 0.989351 0.750994 0.841122 0.815261 0.777306 0.762152 0.944935 0.683993 0.774857 0.745727 0.712064 0.969491 0.996747 0.959880 0.949780 0.854336 0.941180 0.801371 0.751029 0.672178 0.706740 0.619126 0.621546 0.903106 0.708612 0.941574 0.904268 0.878461 0.849070 0.884976 0.852565 0.964904 0.870924 0.894978 0.998664 0.829441 0.833688 0.964781 0.918605 0.872718 0.944909 0.894591 0.867606 0.973616 0.890312 0.910304 0.964133 0.920609 0.906191 0.931472 0.958483 0.954519 0.869457
0.913660 0.997818 0.983801 0.909786 0.830267 0.915876 0.906898 0.836088 0.996496 0.906753 0.744321 0.791889 0.909438 0.791502 0.647417 0.716223 0.967070 0.904568 0.918788 0.883130 0.940497 0.899943 0.617955 0.618967 0.732899 0.925028 0.802978 0.931901 0.837020 0.764230 0.564214 0.000000 0.862177 0.997426 0.916373 0.795416 0.991701 0.861623 0.919278 0.887898 0.948469 0.970198 0.929770 0.976816 0.864965 0.971027 0.872357 0.881895 0.985999 0.967659 0.873441 0.739891 0.728572 0.712386 0.898912 0.837322 0.908498 0.964160 0.716303 0.866647 0.911717 0.846859 0.969439 0.938349 0.824301 0.900886 0.968239 0.924732 0.776287 0.894396 0.929262 0.901208 0.746590 0.703748 0.998251 0.924033 0.894964 0.991543 0.860450 0.791193 0.946736 0.804990 0.616243 0.720761 0.709705 0.699795 0.725577 0.599848 0.908478 0.920006 0.881901 0.952056 0.800839 0.976516 0.934957 0.890267 0.916534 0.985118 0.955285 0.972649 0.884402 0.828848 0.760336 0.839982 0.901407 0.944567 0.961055 0.920843 0.872582 0.900825 0.972958 0.950019 0.907709 0.901938 0.989974 0.808419
0.601415 0.642493 0.591790 0.657688 0.994832 0.921714 0.559036 0.644093 0.837388 0.672688 0.841240 0.892578 0.883998 0.964331 0.959305 0.953157 0.712511 0.583613 0.652185 0.769233 0.890613 0.969451 0.833192 0.992285 0.834286 0.855986 0.884074 0.963231 0.865934 0.752233 0.690805 0.862177 0.000000 0.570745 0.733420 0.815951 0.967628 0.988111 0.970685 0.916668 0.824335 0.883868 0.676489 0.610695 0.632516 0.573564 0.777593 0.637858 0.704109 0.794635 0.882960 0.951623 0.979124 0.974985 0.801079 0.898377 0.602093 0.744504 0.726771 0.842037 0.579471 0.710671 0.572263 0.638265 0.741983 0.748333 0.654903 0.669389 0.947268 0.890601 0.876687 0.975988 0.945154 0.914025 0.916291 0.995090 0.822066 0.837550 0.863359 0.938953 0.555094 0.567111 0.865037 0.710060 0.669545 0.779865 0.976927 0.909814 0.857515 0.807820 0.720431 0.826613 0.722457 0.893262 0.731258 0.733349 0.746761 0.898742 0.592695 0.641087 0.865654 0.971176 0.898394 0.748836 0.950969 0.732554 0.869068 0.808357 0.871479 0.813152 0.814637 0.696752 0.787551 0.885345 0.996834 0.930594
0.550363 0.720407 0.579212 0.520936 0.967861 0.901242 0.573069 0.446657 0.942307 0.621162 0.562250 0.685451 0.791502 0.923471 0.803759 0.874002 0.779519 0.621850 0.676920 0.694165 0.828779 0.995204 0.947748 0.889342 0.949580 0.929868 0.834621 0.974854 0.862076 0.791323 0.926618 0.997426 0.570745 0.000000 0.753852 0.770633 0.890061 0.995656 0.774044 0.690084 0.865032 0.933487 0.649022 0.665225 0.832490 0.700846 0.644401 0.649373 0.922860 0.934270 0.953353 0.834052 0.672549 0.675927 0.774521 0.684774 0.760893 0.868050 0.661309 0.667507 0.564802 0.482953 0.613670 0.553130 0.810719 0.534324 0.549676 0.513776 0.977179 0.680432 0.992922 0.834220 0.946388 0.980309 0.984818 0.929004 0.775243 0.763691 0.860949 0.951561 0.662521 0.650124 0.881055 0.867348 0.829057 0.841341 0.897406 0.839980 0.841546 0.700994 0.827810 0.979726 0.755599 0.991652 0.892074 0.743051 0.702185 0.937484 0.563828 0.667197 0.713844 0.972559 0.753613 0.808683 0.874883 0.719515 0.921494 0.880349 0.880693 0.816274 0.746558 0.772655 0.837661 0.915232 0.968401 0.968792
0.800042 0.871221 0.756674 0.694345 0.908747 0.848858 0.756551 0.766456 0.931794 0.814635 0.846340 0.884186 0.936820 0.873393 0.946648 0.843582 0.800859 0.774130 0.766594 0.812265 0.919736 0.960123 0.847228 0.940582 0.872053 0.926628 0.820069 0.994446 0.985910 0.896059 0.767766 0.916373 0.733420 0.753852 0.000000 0.910440 0.908423 0.890142 0.992957 0.874828 0.985758 0.892819 0.775639 0.806905 0.688355 0.689581 0.814171 0.759787 0.805807 0.887539 0.857992 0.883297 0.973398 0.914898 0.846593 0.708900 0.878652 0.908688 0.953323 0.922162 0.769481 0.830509 0.743485 0.731905 0.814949 0.864538 0.761314 0.775230 0.952580 0.820479 0.830895 0.768013 0.915983 0.966837 0.975901 0.956930 0.951642 0.919433 0.755905 0.956189 0.671725 0.669949 0.853874 0.675029 0.768569 0.768613 0.897509 0.908675 0.974451 0.804866 0.760245 0.814935 0.694252 0.895583 0.882755 0.762766 0.755703 0.894403 0.722513 0.767860 0.999192 0.871258 0.845895 0.874889 0.984598 0.806440 0.957908 0.710089 0.880303 0.983027 0.839848 0.836217 0.955885 0.911632 0.798805 0.928497
0.854320 0.901513 0.859615 0.777402 0.977355 0.946764 0.875810 0.841352 0.875330 0.922022 0.910255 0.910187 0.921150 0.936967 0.926173 0.984124 0.859505 0.764751 0.857607 0.987845 0.951162 0.970771 0.921816 0.901283 0.765970 0.720149 0.869402 0.892283 0.960384 0.834394 0.864906 0.795416 0.815951 0.770633 0.910440 0.000000 0.798969 0.992935 0.915157 0.732033 0.961689 0.892737 0.852447 0.870467 0.897217 0.915842 0.865869 0.850686 0.953877 0.964458 0.919558 0.984656 0.971068 0.968242 0.800389 0.828451 0.850495 0.988005 0.990866 0.986567 0.878831 0.885303 0.884364 0.964646 0.735059 0.725713 0.757845 0.723473 0.812049 0.986761 0.764052 0.875486 0.878142 0.889853 0.852481 0.985320 0.884327 0.872197 0.947743 0.875642 0.828487 0.810143 0.997776 0.962494 0.875014 0.827976 0.966733 0.976372 0.928194 0.781703 0.984810 0.998726 0.934416 0.938693 0.737160 0.997037 0.992721 0.973348 0.855687 0.919165 0.947838 0.894344 0.923758 0.945997 0.990593 0.880924 0.835579 0.994042 0.886078 0.950102 0.953318 0.917386 0.924524 0.947916 0.829416 0.927158
0.972783 0.954196 0.950045 0.899844 0.915112 0.929074 0.978226 0.955630 0.968577 0.941511 0.954651 0.996288 0.949317 0.965823 0.982742 0.935886 0.880594 0.901474 0.996105 0.959471 0.826214 0.998273 0.891721 0.957493 0.859523 0.788593 0.879987 0.944425 0.995196 0.936725 0.937537 0.991701 0.967628 0.890061 0.908423 0.798969 0.000000 0.900686 0.993714 0.949392 0.936949 0.832039 0.941259 0.943957 0.956293 0.972135 0.964599 0.899822 0.954410 0.990368 0.953882 0.999412 0.940115 0.940398 0.862149 0.981207 0.884634 0.968813 0.987592 0.989285 0.985017 0.959795 0.987804 0.973584 0.827289 0.875958 0.929271 0.873959 0.961216 0.991875 0.856632 0.852404 0.939249 0.863870 0.877931 0.899614 0.941925 0.867215 0.804433 0.920158 0.918055 0.996346 0.932627 0.901611 0.923913 0.900259 0.980025 0.987962 0.961412 0.876351 0.930268 0.967461 0.889591 0.969261 0.988866 0.942339 0.898987 0.982959 0.928698 0.943297 0.953597 0.930732 0.830663 0.913882 0.938230 0.836294 0.949646 0.965661 0.967662 0.979564 0.997368 0.892207 0.902231 0.813590 0.796739 0.966507
0.827238 0.896844 0.916242 0.930311 0.849765 0.868784 0.859413 0.905949 0.810442 0.824108 0.862782 0.846785 0.764312 0.974367 0.927789 0.911856 0.784983 0.827294 0.739971 0.850763 0.988786 0.969836 0.929209 0.793936 0.755477 0.846228 0.953602 0.930077 0.749480 0.912588 0.752745 0.861623 0.988111 0.995656 0.890142 0.992935 0.900686 0.000000 0.964998 0.996539 0.996215 0.838137 0.801883 0.798090 0.739572 0.742916 0.899142 0.797875 0.767374 0.805116 0.663394 0.788578 0.911550 0.835378 0.979973 0.971089 0.921256 0.825447 0.885320 0.927293 0.727535 0.821861 0.808876 0.814874 0.977482 0.968725 0.822335 0.749294 0.809356 0.944188 0.770319 0.817956 0.925986 0.854317 0.942391 0.936969 0.942561 0.979667 0.956457 0.974050 0.909507 0.931273 0.909273 0.984744 0.978140 0.944982 0.951961 0.920770 0.809537 0.864516 0.949984 0.884974 0.877961 0.799093 0.889664 0.985543 0.999065 0.911922 0.975883 0.996654 0.899206 0.892003 0.903006 0.870380 0.968217 0.918207 0.982870 0.867575 0.994050 0.963822 0.998826 0.980680 0.951895 0.899026 0.990127 0.907061
