0.000000 0.259564 0.682508 0.646284 0.921007 0.738324 0.585560 0.608687 0.855591 0.616434 0.374127 0.382550 0.423506 0.393031 0.660065 0.633893 0.371674 0.238332 0.341808 0.282568 0.669832 0.937259 0.813576 0.634292 0.708474 0.870731 0.810544 0.828114 0.694334 0.620308 0.818279 0.864801 0.512733 0.466835 0.813099 0.734610 0.724137 0.633530 0.762027 0.722975 0.730347 0.828624 0.636383 0.583416 0.874728 0.820876 0.491399 0.638036 0.886915 0.755719 0.973218 0.818159 0.815469 0.542131 0.489675 0.699128 0.249686 0.267966 0.391321 0.452302 0.586831 0.897339 0.504395 0.525684 0.691401 0.584908 0.594500 0.665340 0.343883 0.418952 0.835387 0.987102 0.852125 0.917038 0.788789 0.865428 0.795004 0.955080 0.684198 0.501895 0.273601 0.230418 0.588395 0.385032 0.438954 0.463204 0.611943 0.660050 0.585917 0.451119 0.718484 0.818602 0.604587 0.780547 0.743250 0.983859 0.675356 0.897415 0.700282 0.754812 0.819498 0.869749 0.773933 0.671247 0.815086 0.831284 0.896675 0.868042 0.920304 0.839780 0.914592 0.866281 0.890449 0.927563 0.952175 0.894375
0.259564 0.000000 0.536180 0.487018 0.810647 0.734977 0.506753 0.527344 0.969981 0.637409 0.525071 0.421333 0.366601 0.359463 0.542959 0.504170 0.383973 0.269372 0.344503 0.272754 0.648421 0.885225 0.616426 0.510611 0.608128 0.768828 0.738409 0.842750 0.684501 0.614880 0.909902 0.810716 0.472173 0.487430 0.753488 0.824068 0.719612 0.609660 0.701874 0.702190 0.758943 0.820336 0.513790 0.497553 0.811541 0.760951 0.418307 0.543635 0.877297 0.679623 0.852838 0.681564 0.930909 0.606178 0.505553 0.734842 0.228783 0.198243 0.336465 0.344179 0.478746 0.748484 0.495206 0.480461 0.557167 0.471350 0.490906 0.556026 0.397697 0.427882 0.760584 0.869258 0.956661 0.811783 0.836145 0.992283 0.746024 0.922291 0.563795 0.532290 0.308781 0.270344 0.515163 0.444950 0.333218 0.355624 0.624559 0.545566 0.536884 0.382161 0.708007 0.807422 0.535236 0.768650 0.638052 0.974968 0.668045 0.905563 0.706663 0.728988 0.791628 0.927498 0.781146 0.725845 0.700740 0.688536 0.988420 0.971090 0.865291 0.813298 0.786772 0.793345 0.864185 0.881299 0.731376 0.957717
0.682508 0.536180 0.000000 0.259499 0.613413 0.736788 0.343848 0.383118 0.691214 0.772280 0.953245 0.629068 0.442133 0.655249 0.515355 0.561922 0.825711 0.775052 0.673347 0.575174 0.649816 0.937108 0.350297 0.354761 0.353997 0.410305 0.650313 0.802979 0.990132 0.972684 0.727448 0.893353 0.509542 0.677645 0.658310 0.736729 0.506391 0.515618 0.714765 0.780610 0.824280 0.786261 0.779602 0.803817 0.859606 0.968622 0.734399 0.880129 0.837960 0.982250 0.904707 0.932926 0.928773 0.779161 0.571779 0.881596 0.671723 0.610248 0.712343 0.692359 0.323475 0.406055 0.929018 0.788667 0.236508 0.253795 0.442978 0.491343 0.578468 0.680651 0.585146 0.615575 0.796255 0.797650 0.955350 0.816123 0.820192 0.807599 0.822915 0.889911 0.769329 0.694368 0.835446 0.791144 0.340359 0.331982 0.729177 0.744897 0.614082 0.493951 0.745715 0.960536 0.617849 0.812566 0.726794 0.938279 0.748714 0.910394 0.955356 0.869316 0.956274 0.991796 0.901019 0.876248 0.650771 0.736254 0.900352 0.974762 0.804731 0.858844 0.780631 0.857028 0.983284 0.874655 0.822599 0.840629
0.646284 0.487018 0.259499 0.000000 0.597742 0.691058 0.368514 0.341889 0.782170 0.771934 0.939385 0.534157 0.425943 0.565827 0.489155 0.513672 0.803011 0.651116 0.568006 0.468436 0.672089 0.934185 0.309278 0.292658 0.395621 0.529555 0.568717 0.881222 0.916114 0.953770 0.830709 0.826641 0.541052 0.661791 0.650803 0.731643 0.568204 0.530153 0.697069 0.769882 0.843713 0.737479 0.714466 0.755374 0.844788 0.922798 0.733988 0.774704 0.899050 0.981034 0.911429 0.942216 0.914730 0.718933 0.567726 0.829332 0.614970 0.540694 0.688161 0.664431 0.397681 0.496162 0.891977 0.729858 0.257179 0.297936 0.390243 0.471431 0.603073 0.707752 0.546323 0.571450 0.833721 0.784828 0.986437 0.793099 0.740832 0.759619 0.750440 0.811202 0.667757 0.621357 0.810070 0.718016 0.296320 0.319865 0.636004 0.670325 0.584278 0.456516 0.634486 0.859305 0.483830 0.713249 0.700095 0.832204 0.694417 0.880310 0.854459 0.744268 0.953847 0.995436 0.950757 0.943091 0.557657 0.580998 0.910025 0.881684 0.782973 0.760023 0.768867 0.749429 0.981694 0.921776 0.812521 0.861169
0.921007 0.810647 0.613413 0.597742 0.000000 0.875490 0.673669 0.666064 0.806867 0.902043 0.968081 0.818800 0.658852 0.898862 0.683844 0.752515 0.990221 0.937472 0.864531 0.805016 0.822013 0.882987 0.540789 0.571342 0.569367 0.622006 0.622391 0.899559 0.976121 0.918792 0.767930 0.894329 0.791358 0.815922 0.892736 0.781841 0.751775 0.838697 0.925210 0.950451 0.891031 0.929028 0.884002 0.938597 0.960914 0.917529 0.958425 0.944385 0.821678 0.902986 0.873556 0.943116 0.997031 0.851842 0.886415 0.977059 0.862426 0.825530 0.978511 0.859273 0.660097 0.682780 0.966272 0.882555 0.571157 0.600044 0.756090 0.741563 0.757763 0.751226 0.771239 0.828830 0.812271 0.923661 0.928963 0.909082 0.996615 0.924366 0.988223 0.815094 0.906646 0.914135 0.862714 0.973609 0.663427 0.648974 0.871600 0.784569 0.967531 0.776917 0.894129 0.959835 0.731073 0.920608 0.854535 0.994909 0.894653 0.896669 0.922882 0.947255 0.923049 0.997840 0.964312 0.958854 0.847681 0.780604 0.952469 0.931688 0.928047 0.899038 0.918726 0.956079 0.936264 0.764442 0.946298 0.840444
0.738324 0.734977 0.736788 0.691058 0.875490 0.000000 0.618890 0.675890 0.990888 0.955713 0.708660 0.705950 0.841804 0.806326 0.816721 0.848137 0.847936 0.716255 0.681219 0.748584 0.709213 0.924480 0.804095 0.748466 0.902089 0.859587 0.905823 0.912733 0.790952 0.765045 0.935551 0.873969 0.744119 0.683447 0.751948 0.631272 0.944822 0.884703 0.869560 0.837035 0.865861 0.860155 0.793197 0.845597 0.837879 0.913643 0.884341 0.937042 0.973211 0.909163 0.882729 0.867390 0.897440 0.690327 0.776179 0.853121 0.770048 0.795495 0.782405 0.782877 0.748662 0.836679 0.868722 0.889174 0.729111 0.693311 0.581418 0.687531 0.799453 0.925792 0.708843 0.897273 0.907888 0.956578 0.810849 0.969420 0.919385 0.937127 0.891859 0.898732 0.757446 0.719175 0.943320 0.829922 0.701737 0.705173 0.804507 0.899000 0.854108 0.821880 0.759615 0.846211 0.675021 0.747566 0.786898 0.992093 0.588393 0.772994 0.722646 0.719220 0.994587 0.892222 0.975810 0.996729 0.727883 0.633508 0.988405 0.865775 0.988036 0.698648 0.930285 0.829094 0.786309 0.980921 0.945838 0.819374
0.585560 0.506753 0.343848 0.368514 0.673669 0.618890 0.000000 0.235067 0.684963 0.991964 0.749212 0.601707 0.484151 0.623578 0.478230 0.611083 0.629151 0.592723 0.504351 0.502526 0.820487 0.933973 0.475292 0.515998 0.587417 0.573297 0.818086 0.927442 0.775660 0.878245 0.770702 0.676521 0.360281 0.438230 0.587579 0.764545 0.546422 0.601254 0.727743 0.871175 0.797639 0.729379 0.464486 0.503130 0.574775 0.644381 0.537479 0.592539 0.858122 0.790852 0.892998 0.762297 0.828393 0.903770 0.452127 0.593712 0.559272 0.508280 0.528334 0.619231 0.339642 0.478845 0.675793 0.584493 0.397257 0.384668 0.300299 0.322246 0.622304 0.703131 0.439287 0.596220 0.836153 0.757647 0.981255 0.797490 0.625763 0.731791 0.625612 0.796848 0.563184 0.550961 0.690400 0.618651 0.368648 0.434574 0.708031 0.661746 0.632472 0.528718 0.512035 0.765576 0.462860 0.697894 0.610049 0.824084 0.502691 0.773098 0.591781 0.512616 0.893412 0.803927 0.864177 0.894169 0.468009 0.590425 0.844855 0.814735 0.718346 0.699722 0.705755 0.643913 0.730015 0.952211 0.804368 0.897097
0.608687 0.527344 0.383118 0.341889 0.666064 0.675890 0.235067 0.000000 0.734282 0.951524 0.800615 0.580971 0.533991 0.592361 0.556428 0.631579 0.722384 0.630803 0.550894 0.496726 0.789755 0.843719 0.552935 0.516187 0.603320 0.586807 0.777852 0.982452 0.896155 0.947903 0.916376 0.744725 0.477068 0.500681 0.597940 0.751598 0.551054 0.596387 0.777971 0.826107 0.809114 0.705369 0.594408 0.613582 0.664175 0.728200 0.579143 0.642451 0.901931 0.846450 0.933511 0.802125 0.867563 0.886362 0.408271 0.619174 0.600323 0.525834 0.581504 0.672438 0.408055 0.478212 0.785784 0.654955 0.444530 0.391928 0.361198 0.381428 0.660470 0.707952 0.519593 0.607876 0.903587 0.831760 0.941148 0.806641 0.701060 0.817335 0.712998 0.815790 0.589905 0.550526 0.690187 0.604433 0.414410 0.467239 0.657503 0.621224 0.683282 0.531769 0.471287 0.772852 0.439866 0.675414 0.704767 0.804214 0.557323 0.819063 0.605264 0.535954 0.848215 0.794288 0.818378 0.973127 0.525555 0.664388 0.912104 0.811731 0.740923 0.814889 0.776485 0.697278 0.847413 0.983509 0.838903 0.976168
0.855591 0.969981 0.691214 0.782170 0.806867 0.990888 0.684963 0.734282 0.000000 0.750327 0.845120 0.868992 0.978800 0.845119 0.899987 0.926239 0.995394 0.847452 0.948032 0.944381 0.971150 0.930456 0.782109 0.888245 0.745067 0.574402 0.956453 0.941644 0.973127 0.891771 0.597636 0.827112 0.642135 0.870002 0.717962 0.924246 0.815607 0.863732 0.934876 0.893586 0.970395 0.724379 0.798059 0.863941 0.638351 0.778474 0.865476 0.895250 0.857001 0.834459 0.750612 0.819308 0.752987 0.790692 0.710278 0.754828 0.946667 0.932952 0.944080 0.943219 0.695014 0.699135 0.953579 0.899639 0.752951 0.840826 0.692685 0.602579 0.945598 0.987962 0.773466 0.779167 0.732957 0.767219 0.933863 0.946838 0.810231 0.836554 0.917049 0.808380 0.905980 0.830355 0.911444 0.941745 0.838390 0.876369 0.994044 0.754991 0.923954 0.843670 0.837742 0.927067 0.904617 0.991117 0.804842 0.883557 0.947855 0.842547 0.841002 0.843723 0.842612 0.958948 0.979334 0.944040 0.812597 0.802758 0.827368 0.884456 0.873343 0.953864 0.698458 0.684641 0.882582 0.955985 0.847573 0.950082
0.616434 0.637409 0.772280 0.771934 0.902043 0.955713 0.991964 0.951524 0.750327 0.000000 0.881275 0.688121 0.503051 0.550556 0.767400 0.624622 0.833999 0.710603 0.665352 0.670702 0.819192 0.921564 0.776384 0.608118 0.752135 0.969522 0.675730 0.830136 0.949452 0.979187 0.833360 0.834216 0.963321 0.959933 0.839595 0.900964 0.875156 0.950662 0.950788 0.833534 0.882887 0.839960 0.828559 0.916729 0.550514 0.607367 0.942698 0.873775 0.558808 0.782063 0.665974 0.922974 0.640231 0.594463 0.969712 0.786736 0.659755 0.639191 0.946275 0.809306 0.883127 0.935792 0.985571 0.967738 0.726685 0.675301 0.971891 0.858478 0.676779 0.731478 0.993945 0.855262 0.651683 0.817155 0.953710 0.915718 0.857748 0.855497 0.971265 0.689608 0.753196 0.629395 0.880417 0.761457 0.654990 0.637109 0.823924 0.926132 0.872217 0.726955 0.907002 0.915159 0.937160 0.946332 0.992064 0.912051 0.901527 0.787724 0.727152 0.800900 0.698472 0.948610 0.780819 0.880035 0.859204 0.888897 0.927821 0.725274 0.914584 0.945802 0.852231 0.838331 0.786400 0.972359 0.992128 0.930940
0.374127 0.525071 0.953245 0.939385 0.968081 0.708660 0.749212 0.800615 0.845120 0.881275 0.000000 0.563088 0.751072 0.634558 0.927058 0.897835 0.500509 0.385297 0.517674 0.495216 0.832454 0.904505 0.902325 0.932091 0.957175 0.907900 0.974087 0.969644 0.616923 0.470014 0.764428 0.799206 0.645217 0.484691 0.859007 0.784611 0.919869 0.879420 0.811970 0.816587 0.740328 0.891484 0.693528 0.648712 0.829312 0.800256 0.621718 0.769374 0.740476 0.783840 0.991199 0.914209 0.859425 0.697769 0.638542 0.719077 0.449049 0.532274 0.539943 0.626177 0.844710 0.874989 0.489729 0.631588 0.984902 0.904294 0.677989 0.746186 0.585681 0.612991 0.949346 0.925246 0.898480 0.937070 0.834755 0.879404 0.829808 0.929518 0.719416 0.618399 0.380878 0.420585 0.735132 0.533865 0.783257 0.810420 0.733797 0.792594 0.774773 0.764228 0.723451 0.729080 0.651922 0.733544 0.756662 0.975981 0.631643 0.774664 0.613865 0.711988 0.979974 0.768179 0.754172 0.629643 0.953254 0.890507 0.809305 0.864913 0.884989 0.824207 0.975402 0.830610 0.814790 0.932566 0.961722 0.858700
0.382550 0.421333 0.629068 0.534157 0.818800 0.705950 0.601707 0.580971 0.868992 0.688121 0.563088 0.000000 0.495340 0.436090 0.590459 0.542342 0.619815 0.375810 0.453269 0.352854 0.654336 0.892702 0.671072 0.506370 0.629830 0.853376 0.699501 0.978362 0.748613 0.648079 0.848465 0.848993 0.632113 0.522502 0.719387 0.711401 0.658962 0.566266 0.755379 0.662877 0.846774 0.873462 0.752603 0.773867 0.964799 0.973185 0.684101 0.755511 0.972047 0.990343 0.839011 0.964005 0.741205 0.477302 0.586030 0.828373 0.408051 0.422927 0.628240 0.648135 0.557725 0.680954 0.684903 0.571279 0.604753 0.514199 0.632251 0.632733 0.501797 0.552458 0.822469 0.834218 0.967665 0.887494 0.985223 0.908861 0.943871 0.972247 0.737516 0.533701 0.420612 0.382498 0.728067 0.516026 0.464185 0.443069 0.553268 0.712269 0.646476 0.478119 0.768653 0.870890 0.594059 0.873122 0.841311 0.853831 0.679460 0.848968 0.790745 0.811392 0.913216 0.959270 0.820021 0.840317 0.703237 0.721204 0.826976 0.926545 0.854623 0.837267 0.912499 0.881523 0.914596 0.936733 0.928078 0.884116
0.423506 0.366601 0.442133 0.425943 0.658852 0.841804 0.484151 0.533991 0.978800 0.503051 0.751072 0.495340 0.000000 0.337351 0.340533 0.339488 0.515110 0.461514 0.376598 0.382932 0.702584 0.855361 0.365899 0.340511 0.538469 0.767528 0.621168 0.827941 0.780131 0.803008 0.947379 0.849672 0.550171 0.652582 0.947143 0.817155 0.650687 0.716795 0.862022 0.828688 0.768853 0.974773 0.685757 0.644287 0.969480 0.997517 0.615143 0.726285 0.812998 0.907007 0.932587 0.757388 0.923850 0.743601 0.706365 0.863805 0.393168 0.358469 0.599528 0.516561 0.445400 0.664080 0.662039 0.576513 0.405432 0.392776 0.630955 0.742089 0.525880 0.549168 0.591934 0.793478 0.986136 0.848533 0.879276 0.825702 0.756162 0.840425 0.705231 0.497115 0.478570 0.414844 0.670368 0.583790 0.303114 0.363235 0.544786 0.613104 0.649940 0.497039 0.719326 0.701983 0.605617 0.733527 0.759890 0.994973 0.739899 0.975746 0.857933 0.742233 0.861199 0.881052 0.910168 0.891421 0.730451 0.758602 0.959119 0.924930 0.850203 0.867228 0.848417 0.822676 0.897174 0.956743 0.831128 0.902585
0.393031 0.359463 0.655249 0.565827 0.898862 0.806326 0.623578 0.592361 0.845119 0.550556 0.634558 0.436090 0.337351 0.000000 0.428124 0.339259 0.495723 0.366425 0.358494 0.428093 0.811591 0.758011 0.612840 0.467799 0.774824 0.939315 0.682633 0.952471 0.717143 0.657435 0.777875 0.805267 0.683981 0.645788 0.909066 0.773189 0.928358 0.772563 0.897339 0.816675 0.960611 0.990637 0.695965 0.633495 0.994703 0.889412 0.568862 0.729100 0.946598 0.874551 0.997796 0.756431 0.948304 0.659649 0.730390 0.767452 0.338255 0.357229 0.558717 0.522169 0.577397 0.793946 0.683063 0.615588 0.618596 0.534667 0.700338 0.794288 0.699612 0.649841 0.882272 0.965576 0.879879 0.895189 0.828706 0.955616 0.879120 0.972517 0.653888 0.457786 0.415031 0.365055 0.582313 0.472073 0.435939 0.456878 0.599800 0.612640 0.688604 0.570289 0.727480 0.748740 0.660329 0.774833 0.835917 0.947282 0.790722 0.853849 0.783299 0.680183 0.883858 0.855524 0.830374 0.831176 0.782967 0.811998 0.988218 0.842619 0.807288 0.853934 0.830380 0.798088 0.869444 0.864558 0.830166 0.910614
0.660065 0.542959 0.515355 0.489155 0.683844 0.816721 0.478230 0.556428 0.899987 0.767400 0.927058 0.590459 0.340533 0.428124 0.000000 0.269289 0.626301 0.590165 0.509088 0.586874 0.784282 0.844673 0.366379 0.390061 0.605859 0.808568 0.710563 0.869533 0.640339 0.781165 0.793593 0.667630 0.561229 0.620895 0.885451 0.802862 0.756843 0.720991 0.897515 0.960740 0.860280 0.925702 0.596324 0.614052 0.829126 0.818542 0.593811 0.661619 0.952017 0.896918 0.955539 0.758741 0.873820 0.846089 0.796541 0.857787 0.508246 0.507732 0.635926 0.586678 0.408968 0.542231 0.675830 0.551757 0.452763 0.462491 0.665274 0.675032 0.771092 0.725645 0.655111 0.865771 0.912698 0.747265 0.926999 0.776902 0.763186 0.678215 0.626441 0.522946 0.585578 0.586505 0.635556 0.669038 0.390129 0.447575 0.674318 0.568331 0.700864 0.602283 0.856366 0.839770 0.773771 0.880109 0.756067 0.998437 0.699219 0.941430 0.837048 0.656217 0.972111 0.898538 0.883565 0.910105 0.637310 0.691727 0.909089 0.912331 0.782080 0.893134 0.806405 0.778942 0.781029 0.898163 0.787634 0.934474
0.633893 0.504170 0.561922 0.513672 0.752515 0.848137 0.611083 0.631579 0.926239 0.624622 0.897835 0.542342 0.339488 0.339259 0.269289 0.000000 0.629250 0.555752 0.537608 0.549606 0.768737 0.801792 0.376735 0.349560 0.591574 0.827239 0.684973 0.842968 0.726411 0.774970 0.878877 0.755322 0.639482 0.680293 0.898199 0.802579 0.780115 0.787489 0.892133 0.885801 0.869813 0.993168 0.685580 0.663753 0.971508 0.958397 0.618981 0.753316 0.821409 0.965414 0.923062 0.886577 0.990297 0.693031 0.842154 0.887496 0.464152 0.460978 0.683251 0.582071 0.465555 0.598894 0.762049 0.586649 0.483498 0.470303 0.757123 0.826333 0.755885 0.652328 0.779576 0.905776 0.964981 0.744775 0.978668 0.702404 0.881018 0.761277 0.652425 0.556483 0.562682 0.534451 0.606231 0.587142 0.368451 0.388686 0.689887 0.622039 0.625821 0.548897 0.899656 0.878803 0.780317 0.940745 0.893260 0.944482 0.817454 0.965046 0.944155 0.775211 0.872102 0.949937 0.901629 0.988758 0.715201 0.709945 0.935167 0.938787 0.785488 0.976012 0.905902 0.798776 0.831661 0.905817 0.743843 0.957490
0.371674 0.383973 0.825711 0.803011 0.990221 0.847936 0.629151 0.722384 0.995394 0.833999 0.500509 0.619815 0.515110 0.495723 0.626301 0.629250 0.000000 0.315618 0.369927 0.426491 0.876178 0.917762 0.839795 0.773675 0.881437 0.998775 0.904303 0.824809 0.489542 0.498441 0.986592 0.654133 0.483107 0.477197 0.882563 0.962633 0.818815 0.806236 0.863373 0.763439 0.719790 0.827596 0.417992 0.340050 0.737257 0.607879 0.416442 0.458089 0.703013 0.596703 0.709128 0.591773 0.904173 0.827729 0.575738 0.606481 0.286167 0.334912 0.368267 0.339174 0.704057 0.984727 0.322890 0.388982 0.893437 0.826409 0.653559 0.680446 0.514866 0.535088 0.770346 0.942673 0.988581 0.812916 0.807916 0.908923 0.631700 0.808977 0.485042 0.538848 0.266149 0.313657 0.473655 0.412324 0.584087 0.666453 0.793860 0.549427 0.633783 0.590062 0.761513 0.707566 0.753151 0.860539 0.672670 0.917328 0.707606 0.822995 0.568779 0.663053 0.880268 0.789899 0.598719 0.484854 0.763610 0.775464 0.974890 0.991928 0.908843 0.813940 0.786453 0.712108 0.698589 0.905990 0.744485 0.983162
0.238332 0.269372 0.775052 0.651116 0.937472 0.716255 0.592723 0.630803 0.847452 0.710603 0.385297 0.375810 0.461514 0.366425 0.590165 0.555752 0.315618 0.000000 0.310117 0.277423 0.767415 0.917384 0.784286 0.628708 0.808071 0.979426 0.865899 0.919927 0.549865 0.472504 0.833305 0.726880 0.508369 0.419207 0.774532 0.776853 0.819096 0.704515 0.762290 0.732872 0.750108 0.819395 0.485420 0.457753 0.808912 0.718721 0.449465 0.511497 0.785427 0.678974 0.890560 0.757003 0.867986 0.569140 0.534011 0.626157 0.214679 0.242654 0.328423 0.369537 0.650953 0.963560 0.403677 0.406869 0.765444 0.693058 0.562484 0.639515 0.454843 0.456855 0.798461 0.923869 0.923679 0.824442 0.794406 0.937404 0.769003 0.884124 0.507189 0.405400 0.216375 0.215966 0.505650 0.373777 0.464608 0.512274 0.640038 0.603802 0.556476 0.469324 0.684670 0.701422 0.568783 0.740564 0.690572 0.895127 0.584239 0.773484 0.602296 0.635005 0.898009 0.891280 0.618489 0.579491 0.690500 0.678548 0.974127 0.942106 0.893771 0.744923 0.863863 0.779379 0.798562 0.868691 0.804615 0.935442
0.341808 0.344503 0.673347 0.568006 0.864531 0.681219 0.504351 0.550894 0.948032 0.665352 0.517674 0.453269 0.376598 0.358494 0.509088 0.537608 0.369927 0.310117 0.000000 0.328354 0.801421 0.851695 0.672118 0.561620 0.794553 0.955350 0.714193 0.988755 0.596047 0.614515 0.894780 0.676316 0.536765 0.513988 0.811632 0.897685 0.801919 0.744856 0.749533 0.719341 0.710588 0.895639 0.555645 0.539599 0.855829 0.829624 0.497352 0.557265 0.907175 0.791886 0.995183 0.749108 0.910629 0.699172 0.564045 0.659303 0.308501 0.344419 0.464772 0.459841 0.604167 0.882231 0.491289 0.551126 0.679624 0.588424 0.518868 0.608871 0.537393 0.673191 0.605872 0.849919 0.960904 0.941806 0.881714 0.952801 0.725501 0.895742 0.576490 0.465856 0.322364 0.300893 0.658531 0.471854 0.454552 0.529932 0.641023 0.567296 0.666208 0.604341 0.638455 0.633982 0.537494 0.686045 0.712132 0.838461 0.534351 0.834601 0.602950 0.535009 0.907596 0.739098 0.708553 0.693322 0.665357 0.658332 0.930128 0.957011 0.846567 0.664286 0.823480 0.692284 0.766767 0.941772 0.797248 0.825566
0.282568 0.272754 0.575174 0.468436 0.805016 0.748584 0.502526 0.496726 0.944381 0.670702 0.495216 0.352854 0.382932 0.428093 0.586874 0.549606 0.426491 0.277423 0.328354 0.000000 0.695420 0.926352 0.643715 0.510099 0.638427 0.807280 0.701145 0.927392 0.706821 0.635942 0.932545 0.800083 0.490104 0.491503 0.792746 0.806113 0.641478 0.575640 0.698647 0.687594 0.744833 0.767430 0.559763 0.548435 0.917647 0.896750 0.500346 0.596670 0.958121 0.758451 0.999785 0.798742 0.861559 0.598995 0.475098 0.686191 0.275626 0.264157 0.421131 0.460518 0.565783 0.808017 0.550964 0.492365 0.601855 0.526521 0.497916 0.581253 0.335713 0.436932 0.632506 0.727034 0.965123 0.859737 0.870185 0.978419 0.643321 0.864841 0.610973 0.527604 0.289871 0.257897 0.608221 0.421151 0.380292 0.422744 0.565463 0.640661 0.557057 0.406782 0.619773 0.681031 0.474469 0.669260 0.709273 0.860696 0.575292 0.866791 0.676875 0.639075 0.977619 0.873306 0.675943 0.735815 0.641413 0.648940 0.903597 0.968345 0.842169 0.778676 0.848097 0.786491 0.906605 0.908668 0.837028 0.916138
0.669832 0.648421 0.649816 0.672089 0.822013 0.709213 0.820487 0.789755 0.971150 0.819192 0.832454 0.654336 0.702584 0.811591 0.784282 0.768737 0.876178 0.767415 0.801421 0.695420 0.000000 0.937876 0.768467 0.648642 0.643114 0.765736 0.832818 0.636822 0.943600 0.899785 0.871707 0.953327 0.760725 0.739170 0.719192 0.686489 0.791139 0.708239 0.674708 0.814332 0.886288 0.914768 0.970644 0.920265 0.961227 0.987760 0.873057 0.911495 0.931029 0.953235 0.878943 0.880991 0.725774 0.595983 0.741400 0.868711 0.719917 0.706038 0.754224 0.789202 0.553117 0.614384 0.907214 0.807370 0.602515 0.554250 0.783777 0.828766 0.671563 0.720607 0.924710 0.998972 0.942610 0.945923 0.897685 0.998332 0.914326 0.964704 0.929175 0.815356 0.776975 0.716915 0.787621 0.842490 0.610923 0.545723 0.717188 0.850467 0.718757 0.644558 0.904595 0.752806 0.949651 0.870668 0.917046 0.946391 0.873530 0.916688 0.909921 0.926758 0.828053 0.906872 0.982537 0.867340 0.968156 0.918175 0.882297 0.928887 0.992915 0.877773 0.963434 0.894024 0.961310 0.937688 0.961994 0.996545
0.937259 0.885225 0.937108 0.934185 0.882987 0.924480 0.933973 0.843719 0.930456 0.921564 0.904505 0.892702 0.855361 0.758011 0.844673 0.801792 0.917762 0.917384 0.851695 0.926352 0.937876 0.000000 0.952250 0.902517 0.911260 0.954661 0.957680 0.915444 0.976205 0.964868 0.869186 0.923265 0.909231 0.961486 0.984953 0.928777 0.980711 0.960291 0.879017 0.957891 0.942115 0.969263 0.948045 0.930732 0.976639 0.932519 0.872905 0.923552 0.929056 0.831661 0.829226 0.723272 0.720677 0.876670 0.911940 0.907231 0.892212 0.831118 0.883771 0.785127 0.885044 0.871894 0.889022 0.822227 0.988614 0.979618 0.937495 0.974785 0.884079 0.942211 0.947298 0.967843 0.996194 0.810532 0.933956 0.970806 0.968802 0.931789 0.970962 0.818956 0.898353 0.842744 0.900437 0.851658 0.942895 0.963281 0.880885 0.765218 0.985685 0.999268 0.886327 0.809251 0.962863 0.938410 0.775660 0.938488 0.756069 0.965605 0.846701 0.804087 0.816356 0.720878 0.981370 0.895225 0.916698 0.991581 0.957935 0.878519 0.909877 0.900683 0.839748 0.883414 0.895024 0.863247 0.750083 0.964962
0.813576 0.616426 0.350297 0.309278 0.540789 0.804095 0.475292 0.552935 0.782109 0.776384 0.902325 0.671072 0.365899 0.612840 0.366379 0.376735 0.839795 0.784286 0.672118 0.643715 0.768467 0.952250 0.000000 0.267473 0.406349 0.577847 0.566473 0.851512 0.906487 0.982417 0.691900 0.835440 0.626724 0.777131 0.769013 0.817875 0.619244 0.669851 0.818137 0.909676 0.883115 0.924209 0.740270 0.798518 0.955832 0.988882 0.810555 0.856163 0.767291 0.937129 0.880852 0.939880 0.971525 0.819395 0.850798 0.951586 0.705420 0.651405 0.840427 0.740757 0.422359 0.477202 0.919232 0.718358 0.267495 0.365657 0.565420 0.650593 0.740039 0.756209 0.559165 0.623295 0.756799 0.729893 0.971449 0.674759 0.809788 0.718784 0.753563 0.813684 0.804036 0.771989 0.797980 0.847938 0.327230 0.358651 0.700823 0.702726 0.621626 0.547101 0.801985 0.886644 0.659115 0.818029 0.758235 0.971772 0.815715 0.940912 0.966394 0.801780 0.861199 0.961124 0.968411 0.867231 0.625597 0.623949 0.870186 0.954842 0.838507 0.838119 0.789591 0.785845 0.911427 0.943503 0.779401 0.891350
0.634292 0.510611 0.354761 0.292658 0.571342 0.748466 0.515998 0.516187 0.888245 0.608118 0.932091 0.506370 0.340511 0.467799 0.390061 0.349560 0.773675 0.628708 0.561620 0.510099 0.648642 0.902517 0.267473 0.000000 0.378916 0.605958 0.500407 0.812785 0.875581 0.926880 0.829563 0.831694 0.614406 0.702301 0.754754 0.729713 0.664913 0.613358 0.739821 0.848306 0.852302 0.880654 0.831749 0.843236 0.946426 0.908498 0.772643 0.869558 0.719337 0.890534 0.743441 0.945947 0.797528 0.591655 0.709941 0.910147 0.566665 0.538649 0.788916 0.696554 0.444566 0.557003 0.892254 0.726188 0.300301 0.334567 0.617413 0.672262 0.606399 0.714343 0.657170 0.746637 0.914619 0.804046 0.971561 0.853595 0.869962 0.783911 0.739184 0.657665 0.656432 0.590908 0.743296 0.661810 0.279856 0.279823 0.675598 0.692143 0.524576 0.453929 0.855653 0.946700 0.647504 0.874722 0.803466 0.923675 0.787744 0.939358 0.959833 0.856939 0.880032 0.980760 0.997074 0.880251 0.672914 0.695078 0.977437 0.952781 0.945063 0.925128 0.874596 0.838182 0.994931 0.912629 0.877448 0.896877
0.708474 0.608128 0.353997 0.395621 0.569367 0.902089 0.587417 0.603320 0.745067 0.752135 0.957175 0.629830 0.538469 0.774824 0.605859 0.591574 0.881437 0.808071 0.794553 0.638427 0.643114 0.911260 0.406349 0.378916 0.000000 0.358254 0.541192 0.777088 0.918871 0.864546 0.631953 0.867749 0.559057 0.732809 0.687185 0.719679 0.455489 0.534665 0.740836 0.770471 0.750863 0.839028 0.886028 0.906338 0.991393 0.902631 0.809995 0.914316 0.740277 0.835769 0.780708 0.859491 0.734861 0.591737 0.652579 0.950628 0.703102 0.672853 0.851280 0.790271 0.443275 0.487445 0.951282 0.828594 0.314367 0.349858 0.664310 0.638212 0.494672 0.567241 0.794129 0.653406 0.835057 0.762296 0.979493 0.923642 0.955614 0.831041 0.879356 0.866744 0.826628 0.736513 0.770435 0.770276 0.359294 0.323799 0.794402 0.802961 0.529329 0.410667 0.963227 0.794308 0.746517 0.954560 0.794704 0.912284 0.965641 0.964139 0.900124 0.880805 0.821180 0.835103 0.918423 0.835739 0.745376 0.788241 0.932587 0.949499 0.893234 0.984199 0.929410 0.978273 0.889708 0.781153 0.931772 0.909950
0.870731 0.768828 0.410305 0.529555 0.622006 0.859587 0.573297 0.586807 0.574402 0.969522 0.907900 0.853376 0.767528 0.939315 0.808568 0.827239 0.998775 0.979426 0.955350 0.807280 0.765736 0.954661 0.577847 0.605958 0.358254 0.000000 0.715924 0.778643 0.816019 0.785372 0.577790 0.868717 0.616992 0.781042 0.700780 0.645520 0.551466 0.636595 0.704413 0.736049 0.945215 0.783227 0.875161 0.917269 0.872886 0.962657 0.816042 0.971331 0.855074 0.934771 0.957543 0.995814 0.966022 0.824258 0.599284 0.903852 0.870279 0.830987 0.869095 0.873617 0.511972 0.536110 0.857188 0.986741 0.423152 0.456185 0.600480 0.586797 0.620688 0.685091 0.842492 0.664439 0.766490 0.812986 0.947034 0.958902 0.988034 0.989167 0.983364 0.931480 0.990724 0.943790 0.814451 0.954822 0.529613 0.470864 0.921352 0.899981 0.640032 0.564410 0.894715 0.770945 0.843387 0.930084 0.820725 0.924105 0.958249 0.984835 0.922958 0.923787 0.968234 0.865047 0.863113 0.786967 0.813654 0.787028 0.931263 0.919940 0.860031 0.899045 0.818105 0.998124 0.865580 0.839109 0.945813 0.886941
0.810544 0.738409 0.650313 0.568717 0.622391 0.905823 0.818086 0.777852 0.956453 0.675730 0.974087 0.699501 0.621168 0.682633 0.710563 0.684973 0.904303 0.865899 0.714193 0.701145 0.832818 0.957680 0.566473 0.500407 0.541192 0.715924 0.000000 0.878401 0.897578 0.870792 0.991886 0.950546 0.920663 0.989491 0.919190 0.856742 0.856833 0.724803 0.810789 0.934019 0.951834 0.938645 0.960667 0.943045 0.713798 0.727673 0.901786 0.948921 0.623905 0.803073 0.711163 0.914889 0.742384 0.732580 0.930785 0.898243 0.794502 0.802423 0.986034 0.847632 0.784390 0.807841 0.978475 0.980627 0.581339 0.585337 0.862874 0.861613 0.755238 0.801599 0.878368 0.935824 0.957115 0.984861 0.959404 0.956711 0.901950 0.927496 0.871021 0.865914 0.915786 0.801045 0.931763 0.962218 0.624405 0.591447 0.775944 0.826554 0.869579 0.676307 0.890538 0.919038 0.750932 0.858252 0.935947 0.914815 0.983958 0.965383 0.929634 0.991499 0.879242 0.987691 0.933866 0.922170 0.845064 0.859770 0.996798 0.959214 0.944602 0.902596 0.852612 0.962782 0.946379 0.813103 0.978668 0.859772
0.828114 0.842750 0.802979 0.881222 0.899559 0.912733 0.927442 0.982452 0.941644 0.830136 0.969644 0.978362 0.827941 0.952471 0.869533 0.842968 0.824809 0.919927 0.988755 0.927392 0.636822 0.915444 0.851512 0.812785 0.777088 0.778643 0.878401 0.000000 0.945489 0.971422 0.798484 0.970836 0.871125 0.980715 0.991166 0.739185 0.855534 0.967987 0.929334 0.984819 0.977320 0.842328 0.905557 0.866414 0.930123 0.977640 0.936404 0.993516 0.892384 0.965616 0.968912 0.954004 0.911825 0.796926 0.933148 0.806061 0.847006 0.847723 0.878232 0.835899 0.868800 0.937636 0.987024 0.970902 0.810642 0.817944 0.981436 0.936004 0.773172 0.718255 0.876756 0.904015 0.979481 0.923027 0.990738 0.906696 0.858889 0.989482 0.968533 0.967735 0.913771 0.900326 0.891307 0.986682 0.799274 0.771246 0.927214 0.893911 0.895650 0.744512 0.881718 0.849629 0.879733 0.813777 0.879504 0.741593 0.929633 0.870663 0.849641 0.811478 0.721352 0.884281 0.931299 0.923244 0.958601 0.876645 0.952079 0.985325 0.915423 0.797804 0.875567 0.896300 0.977217 0.967963 0.925258 0.947392
0.694334 0.684501 0.990132 0.916114 0.976121 0.790952 0.775660 0.896155 0.973127 0.949452 0.616923 0.748613 0.780131 0.717143 0.640339 0.726411 0.489542 0.549865 0.596047 0.706821 0.943600 0.976205 0.906487 0.875581 0.918871 0.816019 0.897578 0.945489 0.000000 0.339070 0.895101 0.461483 0.632102 0.537585 0.904456 0.984771 0.932436 0.986500 0.890700 0.993708 0.852282 0.922282 0.498695 0.481543 0.624199 0.579696 0.622511 0.528695 0.713618 0.703830 0.743929 0.762098 0.832272 0.941369 0.806775 0.736126 0.543013 0.656610 0.538537 0.637934 0.787612 0.964477 0.417049 0.496244 0.974332 0.978617 0.711278 0.753845 0.862403 0.982100 0.833199 0.999614 0.931409 0.728018 0.949619 0.971724 0.779553 0.680908 0.527511 0.579284 0.487662 0.638871 0.650983 0.617823 0.801437 0.888997 0.800056 0.730399 0.863618 0.918327 0.983161 0.851788 0.933463 0.979666 0.637421 0.863137 0.596214 0.986292 0.692712 0.677376 0.980493 0.855408 0.727456 0.532303 0.734597 0.743338 0.932757 0.905244 0.848543 0.841436 0.811680 0.690720 0.694128 0.894064 0.800984 0.980521
0.620308 0.614880 0.972684 0.953770 0.918792 0.765045 0.878245 0.947903 0.891771 0.979187 0.470014 0.648079 0.803008 0.657435 0.781165 0.774970 0.498441 0.472504 0.614515 0.635942 0.899785 0.964868 0.982417 0.926880 0.864546 0.785372 0.870792 0.971422 0.339070 0.000000 0.931854 0.637127 0.732222 0.575478 0.868817 0.909855 0.993099 0.953937 0.937545 0.852452 0.855631 0.990365 0.586290 0.553028 0.718058 0.674083 0.689197 0.652692 0.701604 0.733499 0.802081 0.841645 0.935852 0.793437 0.866969 0.773834 0.523192 0.621389 0.537757 0.564140 0.844829 0.940162 0.459587 0.491994 0.928778 0.992842 0.727826 0.802618 0.819849 0.869985 0.943274 0.953147 0.894669 0.741585 0.949677 0.952095 0.896785 0.746055 0.552520 0.561510 0.453501 0.573923 0.649434 0.598570 0.852900 0.919126 0.769011 0.682926 0.867077 0.899949 0.959004 0.838603 0.916443 0.960883 0.712033 0.838318 0.683516 0.874979 0.704497 0.752154 0.948337 0.992681 0.694759 0.561730 0.873682 0.723008 0.843275 0.872226 0.888607 0.873357 0.854171 0.797396 0.800181 0.900394 0.852507 0.943453
0.818279 0.909902 0.727448 0.830709 0.767930 0.935551 0.770702 0.916376 0.597636 0.833360 0.764428 0.848465 0.947379 0.777875 0.793593 0.878877 0.986592 0.833305 0.894780 0.932545 0.871707 0.869186 0.691900 0.829563 0.631953 0.577790 0.991886 0.798484 0.895101 0.931854 0.000000 0.583870 0.634028 0.856152 0.768390 0.998829 0.671510 0.887863 0.699994 0.963657 0.871997 0.863180 0.753659 0.781052 0.749416 0.807009 0.917383 0.908713 0.986314 0.948366 0.874584 0.951940 0.838157 0.914128 0.882829 0.945691 0.953826 0.932748 0.951868 0.954227 0.691909 0.681697 0.978558 0.832927 0.746679 0.845996 0.843632 0.735006 0.886577 0.990496 0.843970 0.788528 0.653692 0.727605 0.836979 0.827794 0.837443 0.610506 0.873045 0.950504 0.945606 0.864175 0.852466 0.978418 0.816624 0.826734 0.878176 0.973343 0.807609 0.861227 0.753843 0.695415 0.800141 0.698976 0.867991 0.952472 0.990815 0.880913 0.899693 0.911018 0.970910 0.880100 0.954635 0.907997 0.862074 0.841151 0.850775 0.936463 0.906691 0.970752 0.894836 0.975686 0.915184 0.939347 0.946741 0.982245
0.864801 0.810716 0.893353 0.826641 0.894329 0.873969 0.676521 0.744725 0.827112 0.834216 0.799206 0.848993 0.849672 0.805267 0.667630 0.755322 0.654133 0.726880 0.676316 0.800083 0.953327 0.923265 0.835440 0.831694 0.867749 0.868717 0.950546 0.970836 0.461483 0.637127 0.583870 0.000000 0.574832 0.527771 0.781361 0.974287 0.750897 0.875766 0.758357 0.919604 0.848806 0.936638 0.525221 0.495066 0.623372 0.613348 0.641110 0.610267 0.794692 0.762703 0.821653 0.812418 0.855555 0.971028 0.685063 0.701776 0.676892 0.778678 0.631841 0.701032 0.711945 0.866522 0.662201 0.611169 0.912368 0.882710 0.682501 0.669800 0.867256 0.979261 0.845242 0.904518 0.813594 0.712753 0.975297 0.977693 0.784001 0.672802 0.588569 0.696175 0.617961 0.749410 0.632675 0.647404 0.761862 0.833347 0.926974 0.724752 0.775491 0.836721 0.994107 0.958313 0.971600 0.969258 0.765197 0.900948 0.748688 0.946927 0.729550 0.701292 0.887567 0.876207 0.696437 0.765640 0.695924 0.705719 0.944875 0.934787 0.796713 0.813221 0.823199 0.782737 0.739389 0.975174 0.844583 0.998998
0.512733 0.472173 0.509542 0.541052 0.791358 0.744119 0.360281 0.477068 0.642135 0.963321 0.645217 0.632113 0.550171 0.683981 0.561229 0.639482 0.483107 0.508369 0.536765 0.490104 0.760725 0.909231 0.626724 0.614406 0.559057 0.616992 0.920663 0.871125 0.632102 0.732222 0.634028 0.574832 0.000000 0.372986 0.577199 0.838322 0.561603 0.623010 0.697953 0.812593 0.700937 0.628361 0.383825 0.424122 0.544686 0.604148 0.461965 0.517756 0.783189 0.711030 0.809870 0.758552 0.938125 0.815751 0.448176 0.595540 0.466083 0.466258 0.413604 0.544155 0.397890 0.664504 0.504954 0.468869 0.546527 0.549910 0.384988 0.402035 0.497088 0.575497 0.588850 0.715877 0.830214 0.669808 0.827897 0.857615 0.612539 0.744061 0.549366 0.672097 0.466807 0.520111 0.580311 0.530191 0.410961 0.464360 0.777464 0.625732 0.532789 0.493810 0.758325 0.920221 0.664408 0.874141 0.689873 0.979809 0.649687 0.877179 0.676939 0.715631 0.975921 0.867626 0.811535 0.737925 0.587660 0.618716 0.914432 0.978936 0.874320 0.825447 0.845188 0.751759 0.702411 0.906528 0.811734 0.997192
0.466835 0.487430 0.677645 0.661791 0.815922 0.683447 0.438230 0.500681 0.870002 0.959933 0.484691 0.522502 0.652582 0.645788 0.620895 0.680293 0.477197 0.419207 0.513988 0.491503 0.739170 0.961486 0.777131 0.702301 0.732809 0.781042 0.989491 0.980715 0.537585 0.575478 0.856152 0.527771 0.372986 0.000000 0.578422 0.792083 0.644495 0.652222 0.754084 0.819241 0.641441 0.703381 0.491141 0.465422 0.543566 0.590161 0.446431 0.546404 0.702167 0.737647 0.833399 0.843714 0.992106 0.715374 0.414661 0.542318 0.431372 0.434343 0.414579 0.508416 0.459896 0.671963 0.447658 0.393935 0.707987 0.636909 0.470132 0.445939 0.526450 0.608598 0.769306 0.817734 0.906941 0.675213 0.893842 0.993873 0.849995 0.768098 0.684936 0.641175 0.361792 0.429452 0.484822 0.428805 0.498641 0.547666 0.670634 0.617126 0.544417 0.601871 0.824447 0.982500 0.727835 0.937115 0.759227 0.925848 0.555905 0.902205 0.606420 0.726397 0.928002 0.893814 0.748697 0.670057 0.629050 0.657913 0.997319 0.992397 0.878849 0.787838 0.850976 0.781087 0.772409 0.971694 0.870869 0.980544
0.813099 0.753488 0.658310 0.650803 0.892736 0.751948 0.587579 0.597940 0.717962 0.839595 0.859007 0.719387 0.947143 0.909066 0.885451 0.898199 0.882563 0.774532 0.811632 0.792746 0.719192 0.984953 0.769013 0.754754 0.687185 0.700780 0.919190 0.991166 0.904456 0.868817 0.768390 0.781361 0.577199 0.578422 0.000000 0.865591 0.788863 0.616752 0.567119 0.769989 0.995338 0.698490 0.752941 0.772801 0.654576 0.779136 0.754363 0.885507 0.873730 0.998614 0.991547 0.899737 0.901367 0.730799 0.562121 0.652898 0.808257 0.807625 0.694700 0.824827 0.574528 0.602374 0.825415 0.682467 0.649396 0.637519 0.468528 0.468108 0.768592 0.891750 0.796578 0.787791 0.805859 0.880891 0.986887 0.929475 0.895598 0.896418 0.785723 0.928345 0.777290 0.774278 0.709486 0.811445 0.656483 0.608390 0.990270 0.792262 0.636436 0.647385 0.948053 0.787377 0.779296 0.954717 0.802794 0.865312 0.735071 0.662603 0.823464 0.855028 0.975007 0.867788 0.939740 0.978736 0.754600 0.781000 0.866271 0.987728 0.940394 0.926059 0.915390 0.766862 0.911833 0.896254 0.895311 0.948872
0.734610 0.824068 0.736729 0.731643 0.781841 0.631272 0.764545 0.751598 0.924246 0.900964 0.784611 0.711401 0.817155 0.773189 0.802862 0.802579 0.962633 0.776853 0.897685 0.806113 0.686489 0.928777 0.817875 0.729713 0.719679 0.645520 0.856742 0.739185 0.984771 0.909855 0.998829 0.974287 0.838322 0.792083 0.865591 0.000000 0.860690 0.782144 0.923597 0.906238 0.906509 0.912109 0.985045 0.937338 0.936707 0.943350 0.947564 0.808911 0.825097 0.815245 0.783234 0.808375 0.751733 0.630005 0.770415 0.995612 0.813677 0.837151 0.898819 0.888972 0.767279 0.840534 0.878547 0.984281 0.652007 0.657847 0.810858 0.857830 0.769966 0.691472 0.992659 0.981227 0.848492 0.949842 0.960893 0.993246 0.895946 0.894612 0.992181 0.793713 0.847666 0.818617 0.876126 0.905795 0.690851 0.644518 0.914274 0.947985 0.799031 0.791556 0.869906 0.905025 0.931140 0.987229 0.936149 0.965120 0.946695 0.929823 0.919260 0.980613 0.955407 0.934399 0.990594 0.847849 0.900506 0.895441 0.976635 0.837630 0.970102 0.895891 0.986426 0.911690 0.869094 0.781240 0.828909 0.871700
0.724137 0.719612 0.506391 0.568204 0.751775 0.944822 0.546422 0.551054 0.815607 0.875156 0.919869 0.658962 0.650687 0.928358 0.756843 0.780115 0.818815 0.819096 0.801919 0.641478 0.791139 0.980711 0.619244 0.664913 0.455489 0.551466 0.856833 0.855534 0.932436 0.993099 0.671510 0.750897 0.561603 0.644495 0.788863 0.860690 0.000000 0.567016 0.786460 0.795878 0.714718 0.837747 0.813415 0.797899 0.839771 0.940662 0.760937 0.782556 0.967000 0.987834 0.919861 0.985726 0.921622 0.830622 0.522577 0.868733 0.737790 0.688910 0.764196 0.846871 0.535103 0.623010 0.891403 0.721231 0.580093 0.564270 0.639881 0.634304 0.535570 0.654830 0.688140 0.543852 0.919510 0.733930 0.984230 0.922121 0.861847 0.848234 0.857665 0.950181 0.721997 0.687253 0.783453 0.689523 0.558289 0.584959 0.824277 0.795619 0.725927 0.597461 0.869481 0.953475 0.770242 0.946471 0.808555 0.963303 0.782021 0.828422 0.890576 0.955930 0.972404 0.930919 0.931708 0.938041 0.757197 0.827629 0.923961 0.947068 0.836684 0.855020 0.987459 0.947044 0.986419 0.888613 0.978810 0.901653
0.633530 0.609660 0.515618 0.530153 0.838697 0.884703 0.601254 0.596387 0.863732 0.950662 0.879420 0.566266 0.716795 0.772563 0.720991 0.787489 0.806236 0.704515 0.744856 0.575640 0.708239 0.960291 0.669851 0.613358 0.534665 0.636595 0.724803 0.967987 0.986500 0.953937 0.887863 0.875766 0.623010 0.652222 0.616752 0.782144 0.567016 0.000000 0.625321 0.700889 0.874588 0.653971 0.822870 0.869750 0.823601 0.908273 0.701863 0.821098 0.942912 0.884614 0.996486 0.971484 0.805186 0.685915 0.555649 0.761489 0.690683 0.635618 0.712689 0.784622 0.555894 0.598673 0.877218 0.700050 0.577050 0.560360 0.627467 0.549255 0.556908 0.666466 0.787561 0.678833 0.843380 0.841459 0.978893 0.981906 0.766322 0.967536 0.820984 0.846372 0.707837 0.673371 0.831875 0.755953 0.566505 0.544459 0.779545 0.795060 0.658909 0.509596 0.824111 0.895638 0.702373 0.884394 0.987672 0.882612 0.824830 0.859595 0.785430 0.857044 0.980025 0.947022 0.824376 0.934147 0.681793 0.795422 0.910596 0.983333 0.959508 0.878759 0.816522 0.908985 0.844804 0.874354 0.971014 0.970505
