0.000000 0.211141 0.520344 0.520344 0.875519 0.693268 0.450349 0.549293 0.933028 0.522193 0.393247 0.381287 0.298808 0.335382 0.560411 0.559391 0.309369 0.223105 0.274814 0.245522 0.604404 0.956620 0.709140 0.524390 0.560745 0.698114 0.757215 0.734952 0.706900 0.676464 0.902250 0.959670 0.406088 0.339293 0.537519 0.777574 0.524756 0.544823 0.619370 0.588296 0.594020 0.885223 0.601242 0.532942 0.833045 0.748915 0.417070 0.480828 0.834989 0.617625 0.848507 0.671565 0.858625 0.589486 0.358269 0.481028 0.226264 0.221099 0.259185 0.313530 0.428836 0.764820 0.364852 0.403640 0.500188 0.468520 0.413099 0.540736 0.266279 0.309913 0.766965 0.908138 0.909026 0.764810 0.788890 0.931500 0.693507 0.945331 0.581530 0.438164 0.243967 0.194234 0.486800 0.310312 0.320406 0.346112 0.556278 0.544990 0.433117 0.359876 0.933552 0.871646 0.750778 0.717208 0.697252 0.974090 0.533729 0.840426 0.819841 0.848586 0.612885 0.898205 0.802636 0.742664 0.709344 0.680557 0.948743 0.831146 0.944011 0.784671 0.968602 0.896078 0.920886 0.882995 0.819875 0.911582
0.211141 0.000000 0.443653 0.412269 0.820419 0.706062 0.414793 0.478336 0.882821 0.560452 0.498167 0.388518 0.287092 0.317043 0.477651 0.459379 0.297536 0.231722 0.268152 0.223484 0.594153 0.902604 0.569271 0.446426 0.505383 0.653075 0.701834 0.759557 0.657047 0.621791 0.982919 0.858438 0.372461 0.358118 0.537192 0.849757 0.529651 0.503583 0.574598 0.575718 0.614313 0.826873 0.456450 0.439128 0.752233 0.691040 0.338685 0.406286 0.785359 0.564273 0.753961 0.581435 0.933458 0.616754 0.373519 0.520657 0.192833 0.166469 0.255363 0.267757 0.390615 0.667143 0.362323 0.363680 0.451439 0.399140 0.359569 0.437145 0.319589 0.348453 0.698087 0.772663 0.881670 0.718699 0.854449 0.949491 0.657769 0.842850 0.455443 0.470574 0.251413 0.220727 0.427933 0.356737 0.275808 0.296734 0.560256 0.474894 0.422569 0.311206 0.877243 0.847443 0.655839 0.724161 0.612154 0.967589 0.542204 0.866623 0.763224 0.800628 0.629597 0.935423 0.762773 0.765631 0.623843 0.573483 0.907523 0.943728 0.868473 0.769071 0.913058 0.837741 0.898586 0.847761 0.643196 0.940639
0.520344 0.443653 0.000000 0.223613 0.636260 0.667392 0.249510 0.345962 0.541955 0.763417 0.851450 0.568100 0.370741 0.612292 0.479275 0.549706 0.660717 0.657574 0.521114 0.453183 0.588287 0.978238 0.349458 0.332184 0.295728 0.339225 0.646492 0.724322 0.964828 0.987188 0.652989 0.937801 0.379706 0.476079 0.382753 0.790717 0.331925 0.401616 0.538849 0.601231 0.646769 0.768286 0.677751 0.706751 0.751845 0.843531 0.616077 0.636378 0.978685 0.824759 0.950087 0.791901 0.951022 0.776806 0.385656 0.589463 0.575962 0.501559 0.477609 0.500606 0.255867 0.353558 0.705743 0.596261 0.193895 0.226404 0.270559 0.324643 0.422809 0.511296 0.523219 0.519448 0.616680 0.661427 0.958893 0.779380 0.694332 0.718765 0.667514 0.811159 0.632810 0.550383 0.698247 0.622487 0.277501 0.277580 0.659057 0.643994 0.447463 0.385140 0.931689 0.997965 0.733606 0.760025 0.672686 0.901455 0.550625 0.813420 0.960973 0.914424 0.746363 0.979921 0.965702 0.866174 0.537979 0.563966 0.802655 0.977861 0.822767 0.781031 0.911991 0.865866 0.975641 0.939887 0.735006 0.840299
0.520344 0.412269 0.223613 0.000000 0.627456 0.660995 0.284589 0.298498 0.661918 0.727070 0.881257 0.483010 0.363452 0.521148 0.433941 0.497700 0.665635 0.572628 0.446675 0.368952 0.633005 0.974640 0.298097 0.260784 0.327415 0.447964 0.529484 0.808761 0.884906 0.945633 0.752767 0.838960 0.427964 0.494977 0.440571 0.759605 0.408996 0.388953 0.527633 0.627760 0.690310 0.720391 0.632392 0.681149 0.771230 0.845050 0.629137 0.596205 0.992760 0.830499 0.975737 0.818149 0.914558 0.715474 0.408547 0.584079 0.536190 0.461682 0.523067 0.514552 0.343515 0.440786 0.719535 0.585654 0.223643 0.257561 0.273849 0.330826 0.482318 0.584390 0.473688 0.468850 0.721752 0.719133 0.950980 0.796163 0.653640 0.681737 0.605658 0.721886 0.564425 0.512430 0.697801 0.590401 0.261758 0.281759 0.595669 0.604317 0.470060 0.373848 0.800470 0.905225 0.596438 0.671040 0.676513 0.822770 0.535520 0.851094 0.862493 0.799423 0.770935 0.998418 0.910190 0.904567 0.461689 0.465264 0.827987 0.891398 0.807724 0.714700 0.900932 0.794402 0.965049 0.942930 0.754518 0.827534
0.875519 0.820419 0.636260 0.627456 0.000000 0.903925 0.682308 0.669331 0.809583 0.943360 0.927449 0.802443 0.700864 0.918811 0.747737 0.778342 0.923541 0.919446 0.847239 0.782409 0.845694 0.848014 0.554274 0.605674 0.579191 0.605014 0.692601 0.894622 0.972310 0.962175 0.718918 0.954164 0.800734 0.789220 0.821794 0.844428 0.645724 0.771124 0.894201 0.814816 0.851187 0.976608 0.846038 0.921504 0.990126 0.951365 0.952901 0.849902 0.884995 0.941278 0.892414 0.946596 0.991580 0.830082 0.830540 0.929187 0.855877 0.828352 0.922541 0.879745 0.693336 0.679323 0.948967 0.833188 0.618332 0.621420 0.718770 0.682332 0.711601 0.748611 0.759483 0.678661 0.755733 0.900088 0.994833 0.892847 0.980718 0.909720 0.982173 0.860195 0.862154 0.895920 0.839269 0.933245 0.691747 0.683803 0.828509 0.780251 0.908782 0.746865 0.949863 0.971828 0.761605 0.949952 0.848783 0.996216 0.872983 0.921257 0.914315 0.962451 0.979618 0.945131 0.950025 0.969707 0.848770 0.740888 0.983685 0.936539 0.869192 0.876042 0.988109 0.950285 0.901091 0.786387 0.931791 0.845072
0.693268 0.706062 0.667392 0.660995 0.903925 0.000000 0.645025 0.682535 0.958282 0.866919 0.662342 0.640912 0.778978 0.791345 0.816218 0.819405 0.840983 0.708297 0.680409 0.728267 0.660718 0.886779 0.810479 0.738803 0.862953 0.844901 0.901762 0.837383 0.802126 0.760453 0.875145 0.984479 0.797132 0.704834 0.805406 0.611934 0.850568 0.840745 0.896597 0.804487 0.800036 0.925323 0.860843 0.903711 0.867888 0.960413 0.899523 0.923367 0.992228 0.912953 0.854212 0.871287 0.861147 0.655729 0.774438 0.837805 0.760671 0.763382 0.784146 0.781576 0.716706 0.794024 0.906282 0.924677 0.687511 0.624800 0.613879 0.698554 0.747573 0.874215 0.752673 0.903239 0.881614 0.892314 0.758104 0.981776 0.935652 0.975811 0.904582 0.903589 0.747033 0.697296 0.969190 0.802201 0.708148 0.700924 0.728153 0.922416 0.839758 0.785605 0.804046 0.856844 0.686206 0.735852 0.798890 0.979048 0.620313 0.800666 0.765247 0.795185 0.966505 0.963547 0.952044 0.920966 0.754645 0.678198 0.993675 0.958481 0.968245 0.715765 0.986131 0.913331 0.913162 0.996705 0.943729 0.769611
0.450349 0.414793 0.249510 0.284589 0.682308 0.645025 0.000000 0.216794 0.607195 0.828215 0.727792 0.550238 0.340605 0.500469 0.398696 0.527594 0.548611 0.533113 0.402169 0.401354 0.734694 0.926080 0.413827 0.410307 0.461569 0.476875 0.735945 0.829503 0.804887 0.916225 0.741708 0.787582 0.310715 0.358400 0.451685 0.791056 0.396983 0.480725 0.598309 0.733000 0.682423 0.776116 0.469818 0.485829 0.577991 0.630087 0.485741 0.484068 0.842188 0.691996 0.829283 0.653159 0.850673 0.879448 0.363304 0.455086 0.481802 0.418754 0.424067 0.502005 0.271879 0.420952 0.582554 0.506120 0.281592 0.282725 0.235249 0.278110 0.494717 0.571915 0.420962 0.549665 0.740852 0.700241 0.999965 0.773460 0.572249 0.699637 0.564516 0.710230 0.494668 0.459429 0.596499 0.500372 0.281973 0.341331 0.599443 0.595216 0.512535 0.435709 0.709109 0.811289 0.590185 0.652557 0.650400 0.841770 0.426324 0.796151 0.702216 0.632140 0.867618 0.808838 0.944552 0.983245 0.438293 0.545380 0.791948 0.887882 0.720326 0.688509 0.856148 0.722197 0.829033 0.901904 0.743260 0.867903
0.549293 0.478336 0.345962 0.298498 0.669331 0.682535 0.216794 0.000000 0.687234 0.875744 0.786563 0.549633 0.473630 0.522864 0.505483 0.585276 0.654870 0.589405 0.487043 0.435739 0.760429 0.858091 0.498273 0.452057 0.537499 0.525648 0.726626 0.915863 0.896341 0.948965 0.875486 0.787889 0.444580 0.443473 0.501141 0.747506 0.479847 0.499291 0.676266 0.720965 0.766983 0.688612 0.552702 0.571182 0.636853 0.701851 0.544435 0.569780 0.870247 0.779227 0.885674 0.733182 0.861581 0.872748 0.355120 0.512431 0.554753 0.487029 0.543525 0.609331 0.395777 0.445078 0.719036 0.579700 0.393968 0.337862 0.321753 0.320965 0.605447 0.653146 0.468362 0.531177 0.855423 0.803636 0.968801 0.802908 0.654927 0.784502 0.643894 0.762735 0.536171 0.506295 0.646393 0.546289 0.389600 0.428042 0.603453 0.594210 0.616333 0.483145 0.578193 0.788877 0.502761 0.644443 0.719978 0.823869 0.489432 0.812265 0.633237 0.573145 0.993024 0.792998 0.824588 0.967798 0.483592 0.613358 0.869179 0.849123 0.727206 0.801632 0.889133 0.743640 0.911730 0.954346 0.805367 0.928806
0.933028 0.882821 0.541955 0.661918 0.809583 0.958282 0.607195 0.687234 0.000000 0.907452 0.854788 0.970782 0.781993 0.972100 0.847605 0.983608 0.947056 0.903364 0.923298 0.898612 0.909981 0.988962 0.705650 0.757615 0.616744 0.482461 0.867590 0.974172 0.902695 0.798638 0.602371 0.987435 0.605533 0.827228 0.643129 0.885630 0.644473 0.710437 0.775032 0.813133 0.936202 0.824741 0.869526 0.901030 0.670275 0.806634 0.849479 0.826954 0.886895 0.767806 0.747500 0.762357 0.768437 0.834907 0.622415 0.679086 0.976459 0.927200 0.836905 0.950869 0.575692 0.590272 0.924792 0.886075 0.596848 0.678537 0.640880 0.559728 0.774766 0.899667 0.730619 0.705778 0.697394 0.774522 0.954958 0.901359 0.786382 0.861071 0.919451 0.881797 0.977659 0.972387 0.852416 0.912770 0.701669 0.730415 0.913063 0.718006 0.787234 0.713804 0.947553 0.868801 0.954463 0.977585 0.846823 0.880164 0.915155 0.911294 0.960112 0.962223 0.999062 0.942288 0.835072 0.944502 0.826454 0.827475 0.851947 0.995660 0.888680 0.926830 0.809979 0.749272 0.952591 0.931120 0.841066 0.979174
0.522193 0.560452 0.763417 0.727070 0.943360 0.866919 0.828215 0.875744 0.907452 0.000000 0.790554 0.624902 0.507829 0.536814 0.751325 0.630291 0.642016 0.564229 0.521677 0.529161 0.807368 0.985136 0.762448 0.590899 0.697635 0.865781 0.697440 0.808400 0.947214 0.880813 0.956478 0.886879 0.750230 0.789410 0.805554 0.936625 0.697008 0.913537 0.712029 0.619076 0.741287 0.980314 0.995499 0.923489 0.660360 0.743424 0.793616 0.896593 0.702234 0.947514 0.788198 0.984091 0.634775 0.543578 0.722193 0.892352 0.552459 0.549896 0.712722 0.647816 0.810597 0.969498 0.726772 0.792198 0.711381 0.697617 0.776173 0.920322 0.547758 0.608856 0.871791 0.963274 0.818205 0.908202 0.948982 0.926173 0.998736 0.974419 0.749202 0.643035 0.583297 0.493378 0.723030 0.611511 0.577146 0.575770 0.832661 0.808284 0.685945 0.600086 0.818204 0.928086 0.999800 0.916373 0.900139 0.951258 0.873302 0.924654 0.796325 0.852884 0.564003 0.955663 0.958593 0.956941 0.993016 0.893066 0.993308 0.785514 0.867713 0.946006 0.802574 0.935010 0.875867 0.992849 0.916903 0.888669
0.393247 0.498167 0.851450 0.881257 0.927449 0.662342 0.727792 0.786563 0.854788 0.790554 0.000000 0.523521 0.675281 0.608492 0.878932 0.846629 0.508760 0.377749 0.517365 0.509047 0.776930 0.916025 0.930859 0.888045 0.971779 0.962900 0.992883 0.965375 0.621132 0.481443 0.722962 0.862237 0.661832 0.481830 0.852905 0.773295 0.859543 0.862653 0.831056 0.804310 0.677028 0.975085 0.714613 0.668167 0.849331 0.812866 0.605923 0.741242 0.750426 0.767230 0.988440 0.883645 0.849633 0.686945 0.643232 0.708389 0.440882 0.512181 0.552000 0.599206 0.769423 0.944294 0.485982 0.628805 0.913241 0.816401 0.670986 0.733101 0.562723 0.578039 0.973417 0.872396 0.967161 0.849664 0.817900 0.894383 0.827808 0.914722 0.715114 0.577154 0.383385 0.418875 0.748098 0.541588 0.748175 0.760969 0.676494 0.774701 0.755096 0.732918 0.790434 0.741418 0.662147 0.700007 0.735148 0.977225 0.619645 0.770981 0.659086 0.767627 0.939025 0.817262 0.785543 0.690557 0.927437 0.887323 0.866226 0.793613 0.880327 0.825291 0.998826 0.883897 0.863639 0.914646 0.975135 0.847007
0.381287 0.388518 0.568100 0.483010 0.802443 0.640912 0.550238 0.549633 0.970782 0.624902 0.523521 0.000000 0.439658 0.404346 0.515997 0.475192 0.563704 0.333513 0.421448 0.347849 0.598348 0.889530 0.628352 0.465614 0.588863 0.797850 0.661270 0.905836 0.716570 0.632767 0.862536 0.855509 0.559308 0.444324 0.618193 0.689741 0.611229 0.549307 0.716949 0.624999 0.763931 0.885803 0.704278 0.719101 0.931538 0.926333 0.614805 0.684601 0.992428 0.909550 0.903021 0.955362 0.744222 0.479019 0.525269 0.716116 0.372514 0.388625 0.561577 0.567422 0.506422 0.633909 0.584958 0.488098 0.535446 0.455224 0.553341 0.554039 0.483257 0.498454 0.802301 0.838122 0.926974 0.791406 0.949932 0.960393 0.876400 0.924540 0.664338 0.484119 0.381321 0.355087 0.672595 0.476616 0.442687 0.405732 0.511479 0.648212 0.588223 0.445783 0.837225 0.873082 0.631014 0.827917 0.784359 0.847821 0.611289 0.787409 0.811664 0.826888 0.826285 0.964039 0.805871 0.838047 0.645416 0.621167 0.908444 0.902263 0.853406 0.807330 0.946700 0.891837 0.899897 0.908921 0.844784 0.887312
0.298808 0.287092 0.370741 0.363452 0.700864 0.778978 0.340605 0.473630 0.781993 0.507829 0.675281 0.439658 0.000000 0.327286 0.320808 0.347196 0.357253 0.364386 0.260978 0.268294 0.651748 0.910626 0.358476 0.318118 0.443034 0.616243 0.639006 0.750884 0.730231 0.774136 0.843968 0.892517 0.380163 0.421035 0.567534 0.875199 0.408276 0.540871 0.614047 0.608331 0.580093 0.932112 0.561209 0.530519 0.898957 0.846014 0.482335 0.484164 0.988153 0.699625 0.900909 0.629935 0.953019 0.741895 0.451436 0.511114 0.321147 0.276379 0.369181 0.352469 0.345312 0.574602 0.428860 0.373076 0.333452 0.355270 0.393107 0.520424 0.360220 0.402359 0.506486 0.621873 0.759193 0.722655 0.901019 0.784895 0.616764 0.728697 0.517278 0.447773 0.350660 0.296010 0.523054 0.423230 0.233182 0.288958 0.520523 0.500602 0.441317 0.360056 0.918479 0.769750 0.744038 0.693294 0.687232 0.973526 0.532475 0.912083 0.874616 0.784933 0.642076 0.910943 0.799409 0.886424 0.605185 0.560298 0.864986 0.923767 0.884515 0.767960 0.981709 0.816481 0.893008 0.918450 0.716455 0.907105
0.335382 0.317043 0.612292 0.521148 0.918811 0.791345 0.500469 0.522864 0.972100 0.536814 0.608492 0.404346 0.327286 0.000000 0.394593 0.334392 0.371962 0.296443 0.262479 0.329325 0.797527 0.820052 0.581746 0.429900 0.678042 0.807196 0.672088 0.932580 0.656427 0.613798 0.895044 0.780798 0.536044 0.466946 0.636517 0.833213 0.717941 0.595461 0.672158 0.639422 0.833198 0.910347 0.557025 0.519887 0.887108 0.770354 0.460440 0.541242 0.921652 0.732787 0.884251 0.663014 0.962752 0.644587 0.543429 0.518293 0.278727 0.316549 0.440265 0.441559 0.528847 0.734263 0.510496 0.448073 0.576529 0.515385 0.529679 0.618639 0.575202 0.574153 0.757077 0.843017 0.988514 0.865987 0.872585 0.977949 0.775391 0.875210 0.494713 0.401334 0.312510 0.294651 0.468281 0.379387 0.385071 0.411661 0.579754 0.534047 0.553661 0.478954 0.860647 0.789365 0.747774 0.745811 0.811264 0.916156 0.615267 0.783429 0.756946 0.677482 0.727855 0.840193 0.703529 0.825936 0.667121 0.664459 0.967597 0.879099 0.834348 0.776347 0.929946 0.770566 0.841905 0.851362 0.779898 0.907251
0.560411 0.477651 0.479275 0.433941 0.747737 0.816218 0.398696 0.505483 0.847605 0.751325 0.878932 0.515997 0.320808 0.394593 0.000000 0.246450 0.522760 0.508904 0.414998 0.462514 0.736950 0.848018 0.340392 0.357152 0.552583 0.720005 0.702733 0.812278 0.618199 0.739667 0.723119 0.695817 0.471256 0.495634 0.678510 0.824908 0.596950 0.555898 0.692731 0.876981 0.777528 0.864774 0.500040 0.532769 0.741630 0.730344 0.533568 0.531887 0.926969 0.781440 0.882581 0.703221 0.854723 0.809904 0.634216 0.647870 0.453059 0.445876 0.550159 0.536703 0.390042 0.483801 0.553091 0.417353 0.425189 0.430614 0.540201 0.539378 0.655753 0.659912 0.557084 0.697532 0.821977 0.716402 0.887225 0.712973 0.666334 0.620940 0.501134 0.502618 0.477979 0.492485 0.569073 0.549621 0.368082 0.410402 0.629409 0.533266 0.575781 0.504141 0.932224 0.868186 0.826381 0.862078 0.758710 0.993942 0.579118 0.888432 0.814052 0.653298 0.842281 0.897147 0.810146 0.943524 0.579965 0.594325 0.911037 0.931675 0.771128 0.833316 0.909360 0.766765 0.808003 0.855047 0.750734 0.880308
0.559391 0.459379 0.549706 0.497700 0.778342 0.819405 0.527594 0.585276 0.983608 0.630291 0.846629 0.475192 0.347196 0.334392 0.246450 0.000000 0.519215 0.478805 0.442708 0.457505 0.734341 0.821887 0.370628 0.339118 0.547694 0.754408 0.686374 0.831798 0.671164 0.729997 0.789482 0.722546 0.529530 0.534151 0.697517 0.865047 0.623970 0.636879 0.704484 0.747754 0.742928 0.957544 0.559847 0.575684 0.938121 0.862629 0.526730 0.590811 0.927821 0.920130 0.993815 0.835953 0.993398 0.652390 0.688165 0.686405 0.408396 0.417425 0.587098 0.533030 0.455415 0.543931 0.621209 0.444864 0.489396 0.457566 0.636033 0.670119 0.640291 0.604558 0.689891 0.743502 0.868483 0.725114 0.933361 0.684500 0.803354 0.686504 0.516060 0.508511 0.458499 0.452321 0.525779 0.499460 0.370195 0.374673 0.666625 0.573111 0.525386 0.473430 0.991590 0.919463 0.824746 0.934102 0.864205 0.988072 0.680814 0.907902 0.900674 0.765329 0.784870 0.954120 0.766599 0.987465 0.623812 0.578898 0.934643 0.964212 0.801298 0.903405 0.971191 0.772122 0.792917 0.893290 0.719923 0.938186
0.309369 0.297536 0.660717 0.665635 0.923541 0.840983 0.548611 0.654870 0.947056 0.642016 0.508760 0.563704 0.357253 0.371962 0.522760 0.519215 0.000000 0.297852 0.303652 0.372666 0.785776 0.865397 0.710362 0.616228 0.728799 0.860341 0.796820 0.728162 0.522450 0.549989 0.983953 0.759070 0.462563 0.455449 0.755618 0.954078 0.682217 0.722657 0.779678 0.693694 0.667634 0.931466 0.430819 0.331763 0.785212 0.634779 0.388913 0.415069 0.743466 0.546945 0.687054 0.516377 0.905175 0.815015 0.508858 0.546593 0.247149 0.276535 0.360166 0.301317 0.567056 0.871343 0.290466 0.348223 0.693188 0.650289 0.580996 0.639920 0.448573 0.475022 0.719551 0.886491 0.948093 0.783294 0.814249 0.901057 0.615269 0.799891 0.466450 0.420806 0.240568 0.276026 0.438099 0.366292 0.467884 0.523342 0.705950 0.499190 0.542105 0.497311 0.888018 0.732521 0.810007 0.808849 0.654005 0.892172 0.666361 0.855955 0.695125 0.765520 0.733586 0.798172 0.671402 0.571804 0.744596 0.737029 0.922158 0.892132 0.910050 0.804060 0.932535 0.824306 0.791103 0.883298 0.687191 0.920590
0.223105 0.231722 0.657574 0.572628 0.919446 0.708297 0.533113 0.589405 0.903364 0.564229 0.377749 0.333513 0.364386 0.296443 0.508904 0.478805 0.297852 0.000000 0.270856 0.248021 0.695564 0.906260 0.730628 0.549485 0.703726 0.881018 0.796678 0.863517 0.566699 0.495798 0.841589 0.785508 0.461882 0.361876 0.694022 0.789297 0.698236 0.615078 0.680059 0.675005 0.653414 0.870977 0.473595 0.442766 0.810944 0.703223 0.402212 0.454371 0.778410 0.625537 0.857660 0.692654 0.850657 0.549146 0.484632 0.547825 0.182433 0.212462 0.331080 0.351136 0.567298 0.879963 0.353861 0.366229 0.646892 0.588377 0.509383 0.589837 0.403815 0.419539 0.775429 0.911740 0.992096 0.775800 0.794559 0.953736 0.730624 0.864261 0.463538 0.344244 0.191023 0.191638 0.467128 0.336069 0.415467 0.446164 0.564810 0.558821 0.507901 0.426006 0.795151 0.731328 0.623104 0.695856 0.705001 0.886938 0.526987 0.787764 0.663975 0.701566 0.793477 0.899973 0.647946 0.649824 0.643980 0.643875 0.975461 0.893444 0.902873 0.725516 0.922314 0.812613 0.856809 0.845709 0.774706 0.920145
0.274814 0.268152 0.521114 0.446675 0.847239 0.680409 0.402169 0.487043 0.923298 0.521677 0.517365 0.421448 0.260978 0.262479 0.414998 0.442708 0.303652 0.270856 0.000000 0.262966 0.758416 0.878341 0.563275 0.448109 0.649128 0.785618 0.663179 0.888644 0.597607 0.618347 0.929828 0.786602 0.467530 0.419124 0.614300 0.865708 0.625565 0.622753 0.639224 0.578657 0.646723 0.919339 0.532354 0.488882 0.848112 0.795338 0.439834 0.470854 0.892115 0.689911 0.906811 0.636282 0.937558 0.703826 0.440137 0.481006 0.261327 0.279141 0.368760 0.358917 0.477177 0.777180 0.401726 0.450944 0.505969 0.464342 0.391012 0.528405 0.449630 0.541100 0.561593 0.773933 0.897641 0.832847 0.899107 0.915975 0.652277 0.840448 0.482873 0.410062 0.271096 0.252648 0.574754 0.386563 0.345966 0.410108 0.582074 0.484161 0.534718 0.489270 0.785328 0.665586 0.647498 0.630740 0.696133 0.896585 0.457151 0.811177 0.711490 0.613251 0.708369 0.786339 0.749110 0.761418 0.606455 0.579174 0.954375 0.949361 0.839614 0.654557 0.959124 0.749084 0.868541 0.903035 0.691060 0.817620
0.245522 0.223484 0.453183 0.368952 0.782409 0.728267 0.401354 0.435739 0.898612 0.529161 0.509047 0.347849 0.268294 0.329325 0.462514 0.457505 0.372666 0.248021 0.262966 0.000000 0.635981 0.948145 0.552851 0.402210 0.513747 0.675521 0.610752 0.840201 0.716287 0.673465 0.994515 0.844953 0.390927 0.377650 0.600189 0.796483 0.521823 0.485518 0.579402 0.598304 0.647629 0.792211 0.523151 0.493769 0.897314 0.848450 0.426612 0.496644 0.945375 0.657877 0.904638 0.669006 0.873113 0.617293 0.380411 0.524639 0.230620 0.221125 0.337423 0.353686 0.450710 0.717506 0.436389 0.397219 0.450633 0.420978 0.379145 0.500877 0.303853 0.363255 0.581629 0.708868 0.903271 0.773767 0.862959 0.957502 0.570848 0.794997 0.521411 0.447100 0.257057 0.222940 0.514907 0.351880 0.291378 0.329018 0.504829 0.551260 0.463797 0.350537 0.783739 0.720713 0.593689 0.608161 0.712203 0.876036 0.463603 0.859712 0.758720 0.711318 0.770947 0.857643 0.730537 0.807675 0.558618 0.557074 0.962283 0.999448 0.860911 0.755178 0.945044 0.817193 0.952101 0.876819 0.751006 0.908769
0.604404 0.594153 0.588287 0.633005 0.845694 0.660718 0.734694 0.760429 0.909981 0.807368 0.776930 0.598348 0.651748 0.797527 0.736950 0.734341 0.785776 0.695564 0.758416 0.635981 0.000000 0.977061 0.757969 0.641577 0.608338 0.708007 0.860214 0.599829 0.896937 0.848692 0.857039 0.976159 0.661195 0.609050 0.602050 0.676299 0.672531 0.625924 0.609697 0.719859 0.756008 0.904625 0.924882 0.864689 0.894237 0.937234 0.775597 0.979773 0.993210 0.949910 0.957773 0.948893 0.721828 0.582009 0.626403 0.930737 0.662949 0.637146 0.635635 0.686585 0.512235 0.564785 0.784580 0.713604 0.559081 0.515223 0.667693 0.714243 0.592330 0.629128 0.915633 0.958456 0.806300 0.943459 0.882111 0.947043 0.838573 0.901760 0.954392 0.795500 0.700936 0.639122 0.709751 0.751762 0.575372 0.511673 0.715698 0.758952 0.635014 0.575195 0.846761 0.725259 0.994942 0.905963 0.850835 0.933846 0.794659 0.965134 0.885715 0.911027 0.749671 0.831857 0.969893 0.898295 0.962987 0.831826 0.953244 0.905233 0.974499 0.921493 0.957435 0.927733 0.923742 0.934068 0.864220 0.955449
0.956620 0.902604 0.978238 0.974640 0.848014 0.886779 0.926080 0.858091 0.988962 0.985136 0.916025 0.889530 0.910626 0.820052 0.848018 0.821887 0.865397 0.906260 0.878341 0.948145 0.977061 0.000000 0.979626 0.953078 0.885213 0.948093 0.980661 0.906311 0.949581 0.976888 0.881748 0.990540 0.973052 0.979373 0.953423 0.921672 0.994429 0.964261 0.875095 0.950975 0.997225 0.995667 0.876814 0.875875 0.958288 0.865656 0.803328 0.901511 0.825462 0.792786 0.767478 0.728115 0.695602 0.851059 0.862834 0.809987 0.894321 0.843362 0.869391 0.787969 0.912262 0.881343 0.809167 0.769690 0.944731 0.978384 0.976404 0.945650 0.901652 0.956006 0.948539 0.915885 0.945056 0.815406 0.941121 0.956312 0.941258 0.984704 0.886972 0.809141 0.877706 0.844490 0.858595 0.854494 0.972605 0.983223 0.964538 0.718667 0.988089 0.983998 0.889318 0.804428 0.987265 0.953077 0.866311 0.936169 0.756068 0.895353 0.815620 0.756177 0.843891 0.741575 0.859410 0.777390 0.888897 0.932330 0.971497 0.835256 0.940538 0.863518 0.824977 0.859733 0.824859 0.905757 0.663270 0.989965
0.709140 0.569271 0.349458 0.298097 0.554274 0.810479 0.413827 0.498273 0.705650 0.762448 0.930859 0.628352 0.358476 0.581746 0.340392 0.370628 0.710362 0.730628 0.563275 0.552851 0.757969 0.979626 0.000000 0.239630 0.354345 0.509021 0.541694 0.828092 0.847237 0.957618 0.583260 0.809990 0.531797 0.652479 0.587760 0.875950 0.465254 0.520532 0.659407 0.766108 0.766750 0.870216 0.641425 0.725664 0.881893 0.950868 0.724813 0.694460 0.842881 0.950486 0.956900 0.860057 0.961020 0.803091 0.694009 0.753906 0.644776 0.604078 0.721864 0.663909 0.420068 0.442262 0.796201 0.598293 0.282047 0.343521 0.470466 0.511956 0.639367 0.703566 0.464823 0.429719 0.706395 0.750434 0.891069 0.699279 0.750941 0.639031 0.631709 0.742958 0.711740 0.691817 0.698285 0.747645 0.323405 0.347605 0.667943 0.658412 0.535239 0.477005 0.919353 0.921883 0.734953 0.809152 0.733977 0.953981 0.698701 0.929116 0.953978 0.831326 0.740860 0.969499 0.951614 0.863061 0.554021 0.517118 0.873660 0.934932 0.839111 0.789943 0.913271 0.824850 0.930609 0.940209 0.742897 0.851954
0.524390 0.446426 0.332184 0.260784 0.605674 0.738803 0.410307 0.452057 0.757615 0.590899 0.888045 0.465614 0.318118 0.429900 0.357152 0.339118 0.616228 0.549485 0.448109 0.402210 0.641577 0.953078 0.239630 0.000000 0.321003 0.506084 0.494988 0.768487 0.807542 0.879533 0.721866 0.827716 0.481372 0.530251 0.501519 0.771157 0.476806 0.450787 0.551242 0.661656 0.726040 0.805305 0.716018 0.736352 0.957803 0.991977 0.661141 0.675852 0.830763 0.950476 0.865371 0.931797 0.809220 0.585797 0.515339 0.636192 0.493055 0.471960 0.613692 0.572304 0.406127 0.508799 0.715215 0.559163 0.283044 0.312700 0.453596 0.502197 0.497562 0.616994 0.550175 0.550298 0.796049 0.769613 0.969707 0.852667 0.767300 0.684753 0.574723 0.597060 0.540485 0.495749 0.617386 0.540244 0.250340 0.251542 0.650250 0.610420 0.406912 0.364066 0.982966 0.979734 0.748807 0.844530 0.762799 0.920767 0.631756 0.880716 0.952674 0.875020 0.708102 0.978458 0.907399 0.892552 0.578498 0.552528 0.933718 0.959868 0.951097 0.859754 0.999666 0.846199 0.969956 0.928696 0.795802 0.877599
0.560745 0.505383 0.295728 0.327415 0.579191 0.862953 0.461569 0.537499 0.616744 0.697635 0.971779 0.588863 0.443034 0.678042 0.552583 0.547694 0.728799 0.703726 0.649128 0.513747 0.608338 0.885213 0.354345 0.321003 0.000000 0.286827 0.532451 0.703895 0.946711 0.884992 0.579431 0.945181 0.456211 0.573417 0.437512 0.748021 0.330557 0.426951 0.580237 0.592719 0.662696 0.818623 0.805933 0.807883 0.940439 0.999380 0.716506 0.720462 0.819821 0.984565 0.912906 0.977333 0.784171 0.605824 0.480733 0.691897 0.612611 0.564649 0.624054 0.609389 0.365042 0.435413 0.858532 0.657104 0.243400 0.297785 0.476923 0.504688 0.398652 0.456472 0.701438 0.543167 0.691201 0.675078 0.975719 0.890356 0.836963 0.758102 0.746208 0.794147 0.699586 0.609754 0.655411 0.622736 0.286911 0.259197 0.731234 0.695835 0.397755 0.326197 0.908266 0.787038 0.844680 0.973898 0.756526 0.921786 0.786043 0.959297 0.867760 0.857296 0.637947 0.835049 0.942003 0.826295 0.657346 0.645745 0.841735 0.911921 0.894987 0.916714 0.944985 0.986169 0.858066 0.850337 0.829596 0.900118
0.698114 0.653075 0.339225 0.447964 0.605014 0.844901 0.476875 0.525648 0.482461 0.865781 0.962900 0.797850 0.616243 0.807196 0.720005 0.754408 0.860341 0.881018 0.785618 0.675521 0.708007 0.948093 0.509021 0.506084 0.286827 0.000000 0.659083 0.723726 0.834978 0.774486 0.530527 0.928321 0.523908 0.648884 0.516092 0.696762 0.418609 0.532402 0.584108 0.610116 0.825457 0.798328 0.828163 0.850305 0.840617 0.910001 0.728434 0.789883 0.885322 0.928023 0.952573 0.863702 0.971854 0.818160 0.481037 0.719164 0.761293 0.708412 0.673180 0.699092 0.426119 0.483872 0.982943 0.848728 0.332962 0.375029 0.471237 0.496095 0.509558 0.571144 0.762700 0.585256 0.676714 0.755264 0.965307 0.955365 0.902252 0.920878 0.885590 0.953056 0.872922 0.802956 0.696371 0.799216 0.423250 0.386293 0.821958 0.797737 0.522567 0.477408 0.958388 0.761012 0.930129 0.999978 0.805813 0.918819 0.882195 0.971962 0.871032 0.866519 0.772046 0.888234 0.835365 0.762328 0.735942 0.688684 0.864944 0.894937 0.861744 0.857713 0.947703 0.973507 0.824489 0.892245 0.871333 0.875471
0.757215 0.701834 0.646492 0.529484 0.692601 0.901762 0.735945 0.726626 0.867590 0.697440 0.992883 0.661270 0.639006 0.672088 0.702733 0.686374 0.796820 0.796678 0.663179 0.610752 0.860214 0.980661 0.541694 0.494988 0.532451 0.659083 0.000000 0.828045 0.944090 0.945114 0.928143 0.940070 0.829265 0.885481 0.740393 0.814515 0.753779 0.601684 0.677776 0.788153 0.919205 0.945180 0.955407 0.970688 0.769696 0.788868 0.839958 0.955516 0.700655 0.895278 0.785769 0.971250 0.751310 0.717513 0.779470 0.880539 0.749653 0.758843 0.893326 0.773953 0.767161 0.788088 0.907643 0.855381 0.584571 0.599688 0.729254 0.742642 0.719649 0.753969 0.789585 0.790045 0.878903 0.961928 0.993078 0.905535 0.802729 0.991584 0.718662 0.885395 0.825405 0.737270 0.866533 0.863506 0.608977 0.585133 0.785133 0.782664 0.777330 0.610033 0.905307 0.914043 0.794900 0.835836 0.916645 0.952420 0.878744 0.883224 0.975333 0.953457 0.785903 0.995270 0.985581 0.935051 0.782742 0.765630 0.956718 0.956069 0.921108 0.867149 0.922117 0.928175 0.899578 0.821049 0.949074 0.832782
0.734952 0.759557 0.724322 0.808761 0.894622 0.837383 0.829503 0.915863 0.974172 0.808400 0.965375 0.905836 0.750884 0.932580 0.812278 0.831798 0.728162 0.863517 0.888644 0.840201 0.599829 0.906311 0.828092 0.768487 0.703895 0.723726 0.828045 0.000000 0.903522 0.970380 0.760960 0.985086 0.795356 0.896027 0.849990 0.731572 0.729115 0.883476 0.848556 0.914362 0.841229 0.870560 0.858576 0.829463 0.962599 0.949771 0.853776 0.859423 0.940608 0.933048 0.960450 0.956413 0.900421 0.804219 0.797193 0.985778 0.789004 0.771578 0.745972 0.690183 0.762447 0.863095 0.891613 0.874149 0.735630 0.747656 0.854303 0.948166 0.685852 0.638153 0.821634 0.965135 0.935334 0.974738 0.987508 0.910046 0.814612 0.934211 0.926672 0.928407 0.841954 0.808028 0.838360 0.919317 0.733104 0.712926 0.962588 0.947813 0.800972 0.668527 0.802512 0.827405 0.842816 0.866911 0.801752 0.753005 0.943948 0.870542 0.856796 0.758935 0.662971 0.859483 0.952878 0.890397 0.958407 0.954001 0.867808 0.988742 0.904552 0.829435 0.799613 0.820148 0.973092 0.962063 0.976608 0.884954
0.706900 0.657047 0.964828 0.884906 0.972310 0.802126 0.804887 0.896341 0.902695 0.947214 0.621132 0.716570 0.730231 0.656427 0.618199 0.671164 0.522450 0.566699 0.597607 0.716287 0.896937 0.949581 0.847237 0.807542 0.946711 0.834978 0.944090 0.903522 0.000000 0.327120 0.944139 0.501666 0.732313 0.638507 0.973107 0.985565 0.956030 0.992763 0.910019 0.984189 0.927009 0.972721 0.521129 0.504280 0.679544 0.633606 0.682937 0.580200 0.780267 0.739398 0.799210 0.779857 0.810611 0.920711 0.866333 0.849667 0.554543 0.661498 0.671784 0.710068 0.784055 0.994480 0.485763 0.530387 0.969112 0.898114 0.794794 0.808057 0.875327 0.987653 0.823646 0.999665 0.995771 0.778812 0.952333 0.992453 0.832522 0.735510 0.586156 0.509694 0.497641 0.658187 0.720944 0.654787 0.809502 0.855182 0.746996 0.776540 0.883918 0.912184 0.987934 0.845287 0.898101 0.971131 0.646141 0.824501 0.652652 0.905331 0.740254 0.711988 0.971370 0.854093 0.781291 0.592659 0.784567 0.792396 0.881005 0.987582 0.825496 0.861103 0.893127 0.778126 0.748158 0.874567 0.849097 0.891305
0.676464 0.621791 0.987188 0.945633 0.962175 0.760453 0.916225 0.948965 0.798638 0.880813 0.481443 0.632767 0.774136 0.613798 0.739667 0.729997 0.549989 0.495798 0.618347 0.673465 0.848692 0.976888 0.957618 0.879533 0.884992 0.774486 0.945114 0.970380 0.327120 0.000000 0.896830 0.599985 0.788983 0.649342 0.966517 0.907092 0.940009 0.978855 0.965015 0.933395 0.886076 0.920743 0.596092 0.572593 0.764552 0.723507 0.720122 0.708937 0.755734 0.777347 0.852963 0.857365 0.955235 0.770385 0.944666 0.903464 0.533218 0.647093 0.684318 0.648699 0.861417 0.947615 0.510598 0.533331 0.952915 0.958342 0.825894 0.856369 0.865678 0.927574 0.945119 0.895888 0.985051 0.810895 0.936627 0.993756 0.952672 0.777705 0.602586 0.478285 0.482702 0.612137 0.697828 0.656400 0.877024 0.912759 0.724622 0.724717 0.925636 0.932925 0.958071 0.833170 0.880256 0.958715 0.736013 0.836975 0.722932 0.947218 0.712975 0.777530 0.916545 0.953765 0.733983 0.603251 0.902190 0.758217 0.803205 0.822675 0.893867 0.894533 0.873132 0.861859 0.804653 0.904766 0.915124 0.881337
0.902250 0.982919 0.652989 0.752767 0.718918 0.875145 0.741708 0.875486 0.602371 0.956478 0.722962 0.862536 0.843968 0.895044 0.723119 0.789482 0.983953 0.841589 0.929828 0.994515 0.857039 0.881748 0.583260 0.721866 0.579431 0.530527 0.928143 0.760960 0.944139 0.896830 0.000000 0.641382 0.660171 0.887475 0.779631 0.965323 0.674683 0.833599 0.680285 0.921533 0.931910 0.897476 0.783157 0.782072 0.801145 0.849924 0.938792 0.936577 0.909589 0.957004 0.891372 0.916023 0.816384 0.923689 0.876936 0.959581 0.986027 0.986496 0.948280 0.933598 0.667388 0.644024 0.982741 0.842839 0.654114 0.746681 0.839870 0.763140 0.873321 0.965887 0.813552 0.759781 0.692066 0.767803 0.804873 0.830321 0.844386 0.613328 0.889230 0.989923 0.958486 0.900590 0.846694 0.984858 0.752191 0.750939 0.911382 0.950613 0.791869 0.822370 0.746520 0.686546 0.782267 0.719455 0.907860 0.885812 0.971462 0.801540 0.802785 0.863001 0.954514 0.865372 0.829103 0.838417 0.878732 0.875571 0.831403 0.973813 0.886815 0.946515 0.962563 0.989003 0.975805 0.947724 0.932644 0.948319
0.959670 0.858438 0.937801 0.838960 0.954164 0.984479 0.787582 0.787889 0.987435 0.886879 0.862237 0.855509 0.892517 0.780798 0.695817 0.722546 0.759070 0.785508 0.786602 0.844953 0.976159 0.990540 0.809990 0.827716 0.945181 0.928321 0.940070 0.985086 0.501666 0.599985 0.641382 0.000000 0.721695 0.699716 0.976051 0.899696 0.898896 0.899928 0.812013 0.983619 0.958929 0.962502 0.583646 0.525974 0.688125 0.685363 0.762639 0.809017 0.866669 0.867379 0.916950 0.902674 0.833336 0.952410 0.818671 0.860558 0.746166 0.845799 0.886530 0.900885 0.831640 0.904153 0.827018 0.721494 0.953539 0.885464 0.853322 0.796228 0.989192 0.875003 0.869860 0.915658 0.960274 0.828101 0.985389 0.974158 0.840933 0.752383 0.665440 0.757637 0.674361 0.835683 0.754615 0.720530 0.869121 0.891669 0.950702 0.821461 0.887812 0.903472 0.875196 0.978673 0.925011 0.926167 0.862905 0.991151 0.915799 0.845154 0.756394 0.675992 0.812173 0.873891 0.768186 0.818013 0.826339 0.843977 0.954010 0.935784 0.735332 0.869319 0.845230 0.808866 0.859526 0.967895 0.889334 0.923787
0.406088 0.372461 0.379706 0.427964 0.800734 0.797132 0.310715 0.444580 0.605533 0.750230 0.661832 0.559308 0.380163 0.536044 0.471256 0.529530 0.462563 0.461882 0.467530 0.390927 0.661195 0.973052 0.531797 0.481372 0.456211 0.523908 0.829265 0.795356 0.732313 0.788983 0.660171 0.721695 0.000000 0.342818 0.509105 0.843205 0.456352 0.497340 0.561209 0.733631 0.639287 0.715994 0.426304 0.428369 0.584738 0.616591 0.438490 0.501276 0.818758 0.651655 0.794522 0.689612 0.951560 0.776058 0.392588 0.514885 0.408437 0.375220 0.402902 0.505624 0.328373 0.575369 0.469280 0.447873 0.396832 0.401938 0.355593 0.379261 0.419334 0.518540 0.566352 0.679138 0.775587 0.681845 0.827393 0.795797 0.574234 0.750917 0.529286 0.605124 0.418278 0.435976 0.520022 0.429809 0.325638 0.348107 0.700677 0.562944 0.445640 0.408085 0.866106 0.957335 0.737159 0.825413 0.741686 0.990250 0.631457 0.930418 0.819571 0.812411 0.810644 0.874057 0.944584 0.824225 0.597060 0.620274 0.901892 0.899399 0.897969 0.800178 0.933399 0.783673 0.836143 0.880032 0.760619 0.965825
0.339293 0.358118 0.476079 0.494977 0.789220 0.704834 0.358400 0.443473 0.827228 0.789410 0.481830 0.444324 0.421035 0.466946 0.495634 0.534151 0.455449 0.361876 0.419124 0.377650 0.609050 0.979373 0.652479 0.530251 0.573417 0.648884 0.885481 0.896027 0.638507 0.649342 0.887475 0.699716 0.342818 0.000000 0.504540 0.776628 0.513885 0.536510 0.637458 0.729641 0.575654 0.812955 0.550618 0.475783 0.598232 0.612809 0.424741 0.502611 0.759488 0.672451 0.816981 0.740342 0.997214 0.677272 0.363267 0.476760 0.355179 0.321785 0.363714 0.427925 0.330483 0.559568 0.414896 0.365293 0.481821 0.442093 0.401357 0.434904 0.416475 0.493599 0.740494 0.829405 0.822837 0.619210 0.871688 0.938141 0.797484 0.780878 0.675353 0.558353 0.313837 0.338121 0.439909 0.330018 0.357827 0.389264 0.535498 0.551574 0.443925 0.488157 0.943802 0.990080 0.789040 0.856214 0.810841 0.952780 0.510531 0.959289 0.755576 0.842303 0.870829 0.900200 0.921496 0.808316 0.614015 0.658533 0.941020 0.854960 0.874607 0.776401 0.950085 0.833014 0.920802 0.965245 0.820981 0.935546
0.537519 0.537192 0.382753 0.440571 0.821794 0.805406 0.451685 0.501141 0.643129 0.805554 0.852905 0.618193 0.567534 0.636517 0.678510 0.697517 0.755618 0.694022 0.614300 0.600189 0.602050 0.953423 0.587760 0.501519 0.437512 0.516092 0.740393 0.849990 0.973107 0.966517 0.779631 0.976051 0.509105 0.504540 0.000000 0.873032 0.512520 0.457017 0.477317 0.650276 0.819433 0.876832 0.843407 0.789330 0.761096 0.847969 0.669605 0.740052 0.996225 0.877955 0.946114 0.893687 0.866174 0.711495 0.445309 0.532676 0.651571 0.596556 0.507590 0.595533 0.354844 0.468720 0.746407 0.639363 0.354167 0.365979 0.372073 0.453775 0.541148 0.660486 0.744850 0.741631 0.729809 0.818537 0.937551 0.927624 0.858842 0.872806 0.744690 0.726316 0.680547 0.603426 0.579775 0.624404 0.399172 0.378519 0.803743 0.669009 0.481761 0.474594 0.849979 0.763231 0.908459 0.934455 0.823865 0.920527 0.666309 0.800388 0.950124 0.942118 0.690304 0.858746 0.836589 0.883935 0.721314 0.790939 0.794746 0.847285 0.933289 0.922292 0.908683 0.926396 0.847472 0.935787 0.800886 0.981486
0.777574 0.849757 0.790717 0.759605 0.844428 0.611934 0.791056 0.747506 0.885630 0.936625 0.773295 0.689741 0.875199 0.833213 0.824908 0.865047 0.954078 0.789297 0.865708 0.796483 0.676299 0.921672 0.875950 0.771157 0.748021 0.696762 0.814515 0.731572 0.985565 0.907092 0.965323 0.899696 0.843205 0.776628 0.873032 0.000000 0.860324 0.732027 0.870060 0.926185 0.949685 0.876205 0.998691 0.946902 0.950583 0.927145 0.949796 0.844352 0.854589 0.831123 0.779047 0.806928 0.703755 0.617799 0.763573 0.963422 0.830991 0.866042 0.936514 0.896573 0.825118 0.851253 0.888928 0.988369 0.735432 0.699024 0.840943 0.826281 0.807456 0.760142 0.946336 0.945625 0.906911 0.975101 0.919975 0.984124 0.892406 0.894483 0.957414 0.776425 0.846271 0.826523 0.912532 0.913647 0.778049 0.726393 0.918942 0.875963 0.845716 0.817167 0.875737 0.882378 0.931082 0.992790 0.960384 0.983259 0.899338 0.968078 0.999974 0.963370 0.980706 0.959352 0.962767 0.781040 0.881850 0.912629 0.988778 0.852824 0.973278 0.907880 0.972734 0.851369 0.803487 0.754555 0.760097 0.775644
0.524756 0.529651 0.331925 0.408996 0.645724 0.850568 0.396983 0.479847 0.644473 0.697008 0.859543 0.611229 0.408276 0.717941 0.596950 0.623970 0.682217 0.698236 0.625565 0.521823 0.672531 0.994429 0.465254 0.476806 0.330557 0.418609 0.753779 0.729115 0.956030 0.940009 0.674683 0.898896 0.456352 0.513885 0.512520 0.860324 0.000000 0.529403 0.665662 0.661027 0.632917 0.947972 0.785198 0.720815 0.847399 0.884617 0.661204 0.618221 0.942621 0.816915 0.957097 0.810184 0.976765 0.840877 0.396712 0.671856 0.609474 0.520208 0.505617 0.570480 0.340811 0.510130 0.701861 0.568707 0.336111 0.380091 0.440516 0.535243 0.401548 0.455690 0.639734 0.566012 0.727154 0.605497 0.944597 0.879630 0.756923 0.789654 0.774455 0.779271 0.615385 0.540950 0.644305 0.543394 0.354683 0.371561 0.714464 0.627621 0.516479 0.451981 0.947665 0.946654 0.867271 0.837137 0.726392 0.965401 0.635739 0.906430 0.957903 0.968870 0.705476 0.936702 0.981348 0.912169 0.666557 0.658774 0.895193 0.853853 0.869712 0.798089 0.895235 0.977239 0.972250 0.971759 0.822011 0.917222
0.544823 0.503583 0.401616 0.388953 0.771124 0.840745 0.480725 0.499291 0.710437 0.913537 0.862653 0.549307 0.540871 0.595461 0.555898 0.636879 0.722657 0.615078 0.622753 0.485518 0.625924 0.964261 0.520532 0.450787 0.426951 0.532402 0.601684 0.883476 0.992763 0.978855 0.833599 0.899928 0.497340 0.536510 0.457017 0.732027 0.529403 0.000000 0.540034 0.623296 0.848103 0.630866 0.760776 0.767474 0.801771 0.851936 0.618764 0.726995 0.955061 0.789650 0.911780 0.820512 0.832535 0.687455 0.470875 0.646233 0.584215 0.530252 0.576557 0.623383 0.441351 0.535024 0.742920 0.568834 0.405276 0.434412 0.481113 0.482603 0.515589 0.550740 0.706963 0.689610 0.754372 0.752837 0.950825 0.976104 0.660838 0.896253 0.746215 0.747490 0.628959 0.584329 0.709600 0.641030 0.418286 0.402795 0.675657 0.672970 0.551760 0.440841 0.902368 0.915467 0.749790 0.791715 0.972966 0.895866 0.692485 0.805631 0.841875 0.860613 0.827329 0.977802 0.897237 0.963272 0.591944 0.668875 0.776434 0.997127 0.946487 0.847675 0.879101 0.883800 0.856942 0.944053 0.860489 0.974246
