0.000000 0.166296 0.325935 0.306245 0.624432 0.551865 0.246138 0.201460 0.396800 0.316328 0.144296 0.139809 0.133382 0.225513 0.215700 0.257222 0.157153 0.151402 0.149400 0.162634 0.514919 0.866715 0.330036 0.542454 0.772938 0.749591 0.895114 0.858275 0.204689 0.190042 0.289987 0.394119 0.156216 0.167814 0.501225 0.659393 0.373831 0.415098 0.739629 0.616958 0.627911 0.535243 0.240354 0.216500 0.262926 0.199308 0.233227 0.237262 0.715908 0.377099 0.456971 0.353244 0.498664 0.543208 0.486202 0.523023 0.178831 0.161866 0.182837 0.197684 0.128235 0.179931 0.131835 0.135879 0.392290 0.295400 0.280014 0.293534 0.314296 0.212862 0.272909 0.249321 0.434941 0.425879 0.631627 0.588848 0.365778 0.284928 0.194416 0.217745 0.148954 0.207778 0.459827 0.343909 0.265684 0.492472 0.972872 0.790352 0.415718 0.520740 0.569121 0.668015 0.582287 0.748525 0.491091 0.511690 0.324275 0.551102 0.238767 0.251561 0.515333 0.560671 0.249780 0.299890 0.287791 0.277949 0.705180 0.578347 0.638642 0.432984 0.606524 0.346502 0.347010 0.453032 0.426559 0.972194
0.166296 0.000000 0.490415 0.410107 0.644116 0.583092 0.363197 0.247274 0.448991 0.350550 0.232133 0.132837 0.162307 0.157423 0.196478 0.211699 0.146996 0.125142 0.176730 0.165169 0.537369 0.854438 0.328279 0.489650 0.751380 0.847068 0.924433 0.881994 0.158172 0.173648 0.348535 0.420379 0.216732 0.230318 0.582654 0.649367 0.386912 0.449580 0.830363 0.667761 0.659468 0.462877 0.254018 0.225117 0.276819 0.226868 0.297910 0.240277 0.689048 0.423006 0.508963 0.411669 0.584400 0.652887 0.633134 0.651333 0.109008 0.099860 0.264531 0.276398 0.216044 0.226644 0.156456 0.126835 0.544186 0.437835 0.409158 0.385980 0.364008 0.259076 0.251958 0.258722 0.540294 0.551025 0.690043 0.578907 0.307469 0.268148 0.253883 0.218659 0.156990 0.221512 0.391703 0.331606 0.330374 0.487879 0.895221 0.813580 0.522801 0.565327 0.649079 0.701181 0.663832 0.836565 0.455517 0.511223 0.367947 0.462525 0.274871 0.250964 0.560045 0.689926 0.287566 0.268294 0.335226 0.288250 0.765022 0.596777 0.605975 0.454242 0.539812 0.347317 0.434744 0.384058 0.456006 0.872085
0.325935 0.490415 0.000000 0.141872 0.622128 0.562444 0.142310 0.228947 0.423828 0.348200 0.316142 0.375109 0.327632 0.455586 0.412075 0.390747 0.414098 0.388521 0.258053 0.334270 0.458447 0.854857 0.278972 0.475966 0.558770 0.421883 0.976183 0.819418 0.440970 0.339291 0.218548 0.362024 0.234899 0.249201 0.398537 0.658924 0.408306 0.469991 0.585912 0.612258 0.732869 0.695359 0.309823 0.318359 0.517793 0.441937 0.384926 0.329393 0.928362 0.633006 0.718925 0.609962 0.633392 0.541551 0.491196 0.619534 0.511120 0.501980 0.312185 0.352051 0.250023 0.350077 0.330930 0.376953 0.195811 0.181198 0.193586 0.225412 0.470583 0.302473 0.364723 0.384988 0.447683 0.454064 0.505312 0.803028 0.496274 0.462377 0.323450 0.416860 0.325421 0.279959 0.579783 0.358584 0.314331 0.465024 0.944296 0.911273 0.401688 0.515104 0.561384 0.613666 0.557819 0.687920 0.618295 0.618825 0.464547 0.711438 0.480422 0.429338 0.559512 0.386987 0.425366 0.355583 0.404517 0.399226 0.742560 0.663830 0.632157 0.463169 0.682490 0.607635 0.474426 0.598333 0.579077 0.949903
0.306245 0.410107 0.141872 0.000000 0.644142 0.468489 0.154236 0.155695 0.421770 0.259127 0.349046 0.291800 0.266774 0.326661 0.301334 0.267237 0.355741 0.320638 0.222699 0.282023 0.415756 0.796380 0.183039 0.356324 0.526764 0.421147 0.989294 0.913978 0.360351 0.266325 0.181293 0.279149 0.189377 0.195552 0.367515 0.618796 0.327257 0.459699 0.534179 0.570827 0.720497 0.574305 0.258698 0.277695 0.462144 0.402657 0.338938 0.272440 0.980581 0.598701 0.702225 0.584990 0.620442 0.562425 0.483908 0.608671 0.439922 0.419889 0.316651 0.364409 0.253054 0.306576 0.281209 0.290601 0.211327 0.185263 0.195449 0.204244 0.517153 0.300103 0.265687 0.339154 0.511655 0.584776 0.491359 0.727233 0.418452 0.394546 0.273523 0.378150 0.236805 0.193703 0.455524 0.259708 0.258589 0.351344 0.935423 0.948384 0.377053 0.436360 0.520244 0.547778 0.490420 0.656370 0.564711 0.506705 0.411316 0.629852 0.416027 0.319821 0.504611 0.403408 0.335164 0.299546 0.334268 0.325741 0.801852 0.620188 0.650911 0.420321 0.629960 0.494766 0.439068 0.486329 0.577993 0.948348
0.624432 0.644116 0.622128 0.644142 0.000000 0.797521 0.600938 0.582932 0.729486 0.648742 0.742006 0.679522 0.609422 0.673840 0.633384 0.651725 0.705582 0.667996 0.591689 0.714319 0.685973 0.892568 0.632392 0.710585 0.904924 0.964051 0.899958 0.782101 0.646594 0.703345 0.749084 0.824021 0.588258 0.655517 0.687683 0.826743 0.735820 0.647358 0.879370 0.809381 0.925486 0.597587 0.522078 0.558184 0.521275 0.551261 0.644896 0.605709 0.724101 0.658440 0.609276 0.595961 0.673900 0.642176 0.731878 0.804579 0.640566 0.683659 0.613263 0.608212 0.544372 0.550746 0.621644 0.622469 0.597604 0.586218 0.604453 0.596929 0.706802 0.707908 0.616648 0.672845 0.858962 0.863811 0.863688 0.979352 0.742373 0.746195 0.758418 0.783670 0.669296 0.690733 0.672783 0.642096 0.601990 0.623102 0.985338 0.824794 0.836775 0.678940 0.676799 0.705587 0.698966 0.770101 0.889059 0.812777 0.694923 0.831660 0.611232 0.563702 0.641141 0.661131 0.561415 0.580001 0.523177 0.681727 0.746630 0.663497 0.804724 0.911346 0.639201 0.638418 0.690372 0.746035 0.698458 0.953507
0.551865 0.583092 0.562444 0.468489 0.797521 0.000000 0.448708 0.411366 0.577616 0.410078 0.595119 0.520083 0.523530 0.598236 0.578101 0.562193 0.597365 0.552509 0.548272 0.540952 0.745718 0.894266 0.523839 0.718979 0.897592 0.616496 0.986143 0.760507 0.601379 0.587320 0.565424 0.628013 0.524037 0.517366 0.599710 0.829941 0.572881 0.822360 0.805909 0.808662 0.814587 0.581306 0.441161 0.557038 0.510658 0.539941 0.475337 0.559430 0.875090 0.743920 0.703318 0.669556 0.710741 0.736021 0.737593 0.696821 0.613376 0.623420 0.599999 0.649779 0.542537 0.564606 0.522736 0.535261 0.579151 0.509252 0.457771 0.456720 0.781840 0.644801 0.437017 0.476303 0.766710 0.810584 0.755827 0.792581 0.581802 0.548328 0.563716 0.670850 0.495789 0.529304 0.773342 0.588235 0.542166 0.716325 0.883163 0.769259 0.719338 0.732103 0.413255 0.467665 0.375099 0.591062 0.730839 0.717997 0.491912 0.757502 0.435702 0.424102 0.494593 0.493849 0.589530 0.500541 0.524567 0.489337 0.923761 0.561509 0.814010 0.617699 0.738707 0.486540 0.457769 0.712109 0.629445 0.975899
0.246138 0.363197 0.142310 0.154236 0.600938 0.448708 0.000000 0.132338 0.381794 0.222268 0.276119 0.282057 0.260993 0.371890 0.347895 0.331488 0.300697 0.274400 0.171203 0.264213 0.487519 0.855794 0.261839 0.516763 0.705751 0.571054 0.886176 0.786484 0.348421 0.267511 0.246038 0.355988 0.182054 0.173575 0.399950 0.631162 0.386123 0.459461 0.595635 0.592655 0.695976 0.555533 0.212339 0.204236 0.337296 0.284565 0.315414 0.246214 0.974996 0.584394 0.616963 0.521234 0.578600 0.501399 0.486150 0.640900 0.357527 0.366460 0.230125 0.303103 0.169888 0.280343 0.224904 0.266406 0.253162 0.173916 0.137165 0.140361 0.448113 0.285730 0.277289 0.257117 0.446501 0.461693 0.502725 0.723634 0.414356 0.348662 0.284435 0.366284 0.224086 0.225661 0.547893 0.336871 0.302927 0.481454 0.983013 0.810406 0.396146 0.573003 0.469222 0.500764 0.452689 0.605167 0.577808 0.511152 0.358791 0.594996 0.315552 0.274937 0.463574 0.317302 0.332800 0.269842 0.317138 0.300818 0.737046 0.569050 0.555206 0.379875 0.548817 0.421565 0.325028 0.478450 0.512370 0.916509
0.201460 0.247274 0.228947 0.155695 0.582932 0.411366 0.132338 0.000000 0.355180 0.163153 0.274032 0.176374 0.179287 0.222571 0.227474 0.218431 0.220762 0.198878 0.161319 0.203550 0.463320 0.793924 0.209057 0.432132 0.702073 0.613264 0.887545 0.892689 0.253024 0.197566 0.244612 0.332807 0.148279 0.144003 0.385476 0.568577 0.355751 0.412972 0.670593 0.566688 0.627225 0.496007 0.180211 0.193668 0.261056 0.241039 0.276758 0.225020 0.835473 0.486291 0.527634 0.426658 0.520690 0.497946 0.511291 0.608628 0.276221 0.265555 0.245373 0.288560 0.167393 0.193024 0.177425 0.157770 0.304077 0.216154 0.174416 0.185279 0.469454 0.258904 0.227307 0.255629 0.486886 0.559575 0.561180 0.653523 0.323492 0.257512 0.213803 0.334859 0.157215 0.174789 0.416584 0.277567 0.250398 0.407892 0.969770 0.830520 0.422954 0.476483 0.382174 0.430574 0.377338 0.565038 0.476381 0.412225 0.286266 0.501376 0.220812 0.173158 0.379728 0.383232 0.250631 0.211161 0.238611 0.252846 0.725318 0.482773 0.579584 0.371904 0.516574 0.330225 0.303039 0.391431 0.477163 0.952876
0.396800 0.448991 0.423828 0.421770 0.729486 0.577616 0.381794 0.355180 0.000000 0.352285 0.406354 0.395346 0.409192 0.509262 0.491386 0.480388 0.455631 0.447225 0.424686 0.385137 0.695080 0.967748 0.494160 0.734838 0.739302 0.727833 0.906399 0.812376 0.450963 0.444888 0.437866 0.596873 0.390844 0.395441 0.560661 0.739281 0.482021 0.555088 0.834099 0.705919 0.742179 0.756526 0.436788 0.426969 0.451877 0.431682 0.442335 0.465357 0.895234 0.599738 0.629643 0.543456 0.641466 0.652958 0.648215 0.684092 0.467988 0.465214 0.439139 0.445587 0.354327 0.344501 0.440447 0.439473 0.442637 0.392636 0.421788 0.422241 0.425058 0.437131 0.437092 0.478466 0.386174 0.411249 0.711457 0.636371 0.474366 0.423121 0.519224 0.504818 0.439349 0.479288 0.710515 0.571386 0.534075 0.699340 0.893665 0.630139 0.649366 0.702011 0.540146 0.544999 0.540225 0.581354 0.623240 0.566130 0.588272 0.811447 0.382584 0.426641 0.530927 0.488396 0.521159 0.414024 0.482133 0.508943 0.768398 0.592189 0.731682 0.550885 0.534367 0.556160 0.420802 0.642396 0.592425 0.877031
0.316328 0.350550 0.348200 0.259127 0.648742 0.410078 0.222268 0.163153 0.352285 0.000000 0.344694 0.272839 0.302796 0.345842 0.337088 0.338949 0.297977 0.294772 0.280737 0.316757 0.595913 0.759135 0.340619 0.571163 0.831603 0.644497 0.842111 0.894475 0.341506 0.285826 0.360715 0.430578 0.256167 0.254747 0.388959 0.637081 0.441610 0.525342 0.713473 0.589378 0.750351 0.483380 0.292082 0.315442 0.340296 0.347730 0.440264 0.343355 0.898067 0.589550 0.607921 0.511037 0.584952 0.564558 0.606399 0.623243 0.379675 0.398882 0.372748 0.418006 0.279215 0.283889 0.304149 0.279661 0.398913 0.278331 0.271622 0.287597 0.498198 0.339432 0.323982 0.331851 0.428365 0.510538 0.623713 0.543387 0.386063 0.275641 0.339852 0.428743 0.245993 0.284678 0.540390 0.375470 0.421659 0.579685 0.992459 0.760226 0.549955 0.622406 0.392068 0.401237 0.371424 0.521280 0.554827 0.427355 0.379631 0.564203 0.236503 0.217524 0.425229 0.384930 0.366162 0.268603 0.349118 0.351459 0.721968 0.479731 0.683163 0.430145 0.527361 0.389671 0.338594 0.436119 0.525323 0.958764
0.144296 0.232133 0.316142 0.349046 0.742006 0.595119 0.276119 0.274032 0.406354 0.344694 0.000000 0.156877 0.175270 0.269440 0.265277 0.267715 0.164716 0.162576 0.177603 0.162203 0.547562 0.922736 0.366958 0.517671 0.745591 0.696522 0.918809 0.835908 0.208258 0.168927 0.298738 0.363222 0.209858 0.199259 0.549249 0.693754 0.442472 0.479810 0.759253 0.650191 0.588376 0.614134 0.324643 0.279126 0.423850 0.315305 0.334645 0.327262 0.922257 0.542430 0.621074 0.522844 0.613245 0.691366 0.589066 0.637593 0.213297 0.221240 0.263690 0.295801 0.162423 0.223586 0.170037 0.188369 0.425125 0.284387 0.325660 0.371767 0.265803 0.225271 0.346746 0.300408 0.342686 0.325710 0.682760 0.559837 0.384957 0.298678 0.219846 0.203162 0.190077 0.234621 0.477624 0.374734 0.367664 0.571002 0.990477 0.771881 0.468984 0.632369 0.693177 0.796018 0.724762 0.877680 0.578013 0.575026 0.431460 0.620269 0.363136 0.350021 0.588816 0.596691 0.360600 0.337288 0.401294 0.345736 0.752501 0.744755 0.662638 0.441913 0.689164 0.466179 0.434906 0.488859 0.483699 0.959149
0.139809 0.132837 0.375109 0.291800 0.679522 0.520083 0.282057 0.176374 0.395346 0.272839 0.156877 0.000000 0.110171 0.123004 0.138933 0.144490 0.116002 0.093704 0.138881 0.127695 0.513710 0.830853 0.258241 0.412676 0.718630 0.736938 0.934147 0.949808 0.125266 0.109951 0.271848 0.318741 0.146955 0.168237 0.549128 0.661741 0.360695 0.455705 0.764989 0.592179 0.598022 0.487861 0.259374 0.231716 0.324040 0.252248 0.280325 0.259102 0.779585 0.471928 0.556850 0.448220 0.586432 0.639492 0.580206 0.648052 0.145649 0.135080 0.262539 0.278209 0.163824 0.162996 0.115251 0.088074 0.453234 0.308772 0.342619 0.349713 0.352079 0.214489 0.249659 0.241616 0.465372 0.516195 0.660281 0.557917 0.291405 0.215609 0.170129 0.204652 0.119091 0.161154 0.332697 0.253041 0.278790 0.426110 0.984874 0.854986 0.447573 0.541003 0.611103 0.682224 0.619909 0.819972 0.447993 0.464572 0.358373 0.483305 0.270989 0.235613 0.521748 0.591475 0.266896 0.257422 0.292674 0.295348 0.768608 0.620912 0.645575 0.389703 0.601481 0.354285 0.384758 0.374829 0.457521 0.938264
0.133382 0.162307 0.327632 0.266774 0.609422 0.523530 0.260993 0.179287 0.409192 0.302796 0.175270 0.110171 0.000000 0.128210 0.113105 0.137794 0.156863 0.133658 0.153517 0.173911 0.444861 0.865299 0.204286 0.355238 0.653457 0.687570 0.962605 0.913972 0.168131 0.140117 0.235597 0.330089 0.154840 0.181901 0.527179 0.674125 0.310456 0.398076 0.709342 0.631694 0.603199 0.480676 0.248188 0.228546 0.324632 0.253993 0.260324 0.251008 0.786116 0.454022 0.538047 0.424931 0.585418 0.601277 0.558396 0.628862 0.178834 0.160372 0.255335 0.276655 0.138863 0.161307 0.109162 0.103536 0.356775 0.285842 0.325340 0.340404 0.411780 0.266837 0.249503 0.271848 0.492698 0.515127 0.647487 0.595308 0.364873 0.253990 0.186879 0.239245 0.134353 0.176093 0.323886 0.255068 0.200895 0.350977 0.995188 0.919522 0.412489 0.460834 0.616093 0.681028 0.617847 0.819641 0.453625 0.470660 0.351319 0.507972 0.303992 0.270143 0.568382 0.581120 0.261004 0.273980 0.303992 0.277748 0.731847 0.606296 0.618358 0.419950 0.630385 0.389243 0.405688 0.419538 0.449641 0.990572
0.225513 0.157423 0.455586 0.326661 0.673840 0.598236 0.371890 0.222571 0.509262 0.345842 0.269440 0.123004 0.128210 0.000000 0.114124 0.113610 0.182311 0.151343 0.209343 0.204821 0.474150 0.817697 0.212318 0.304261 0.648991 0.731901 0.964119 0.977870 0.145421 0.139070 0.266269 0.314195 0.186820 0.223377 0.548242 0.661545 0.374902 0.463713 0.749321 0.593922 0.646160 0.470915 0.299170 0.276945 0.379560 0.309685 0.309824 0.275473 0.758133 0.504047 0.588128 0.490963 0.598345 0.663583 0.605893 0.672829 0.190777 0.171419 0.322223 0.346611 0.228046 0.207231 0.151679 0.109877 0.465113 0.367434 0.406264 0.408907 0.474846 0.311667 0.291547 0.347189 0.586488 0.689904 0.731118 0.616994 0.328686 0.247196 0.217921 0.275064 0.163477 0.182733 0.239913 0.244536 0.238572 0.306335 0.972171 0.985905 0.474337 0.473368 0.693110 0.741891 0.699224 0.910963 0.442935 0.473885 0.399831 0.442623 0.374331 0.297225 0.596788 0.683793 0.276260 0.292350 0.337535 0.318916 0.806147 0.641156 0.646682 0.443120 0.634962 0.412556 0.463721 0.397825 0.495583 0.989322
0.215700 0.196478 0.412075 0.301334 0.633384 0.578101 0.347895 0.227474 0.491386 0.337088 0.265277 0.138933 0.113105 0.114124 0.000000 0.136363 0.204156 0.174579 0.227111 0.236982 0.427238 0.814762 0.213222 0.335172 0.617151 0.688508 0.964400 0.981271 0.193993 0.162972 0.271553 0.339712 0.202201 0.235539 0.542646 0.709967 0.331598 0.443588 0.752635 0.586036 0.637028 0.499055 0.303763 0.270266 0.375944 0.303913 0.316830 0.271077 0.760357 0.481394 0.570119 0.445082 0.593067 0.613863 0.555829 0.628575 0.224083 0.194856 0.322661 0.331141 0.214762 0.190403 0.167530 0.134582 0.395235 0.333122 0.406115 0.411650 0.482279 0.319259 0.299230 0.323664 0.557991 0.654037 0.714798 0.628186 0.364848 0.277726 0.210851 0.281040 0.172140 0.190842 0.306645 0.254425 0.219181 0.311569 0.930498 0.968860 0.426044 0.411113 0.663483 0.705327 0.660799 0.867742 0.453496 0.435661 0.386143 0.500759 0.354139 0.294089 0.603979 0.641498 0.284649 0.290236 0.316499 0.316577 0.741469 0.613695 0.659133 0.457083 0.664598 0.407427 0.446195 0.398364 0.498910 0.981238
0.257222 0.211699 0.390747 0.267237 0.651725 0.562193 0.331488 0.218431 0.480388 0.338949 0.267715 0.144490 0.137794 0.113610 0.136363 0.000000 0.192887 0.154000 0.198518 0.203598 0.463708 0.844348 0.160440 0.256195 0.590217 0.660483 0.989577 0.957016 0.165546 0.129318 0.240187 0.276751 0.188178 0.212339 0.565418 0.697863 0.324626 0.467356 0.678726 0.584109 0.651033 0.460314 0.278628 0.256562 0.437967 0.353401 0.330046 0.287322 0.886118 0.573704 0.667264 0.567053 0.667063 0.712658 0.660994 0.717187 0.212706 0.205474 0.352429 0.389140 0.225890 0.208077 0.168819 0.131763 0.399382 0.298285 0.378627 0.379179 0.467705 0.319653 0.261084 0.311495 0.562146 0.658396 0.690848 0.619800 0.357593 0.245350 0.211015 0.257613 0.157628 0.164270 0.241750 0.216197 0.242548 0.280863 0.964553 0.933538 0.463212 0.450292 0.689510 0.716664 0.695562 0.886855 0.496403 0.450795 0.443355 0.502157 0.405742 0.309019 0.613263 0.622926 0.275578 0.263468 0.333676 0.310602 0.787861 0.710493 0.636841 0.426473 0.680209 0.444215 0.471246 0.414268 0.531222 0.977700
0.157153 0.146996 0.414098 0.355741 0.705582 0.597365 0.300697 0.220762 0.455631 0.297977 0.164716 0.116002 0.156863 0.182311 0.204156 0.192887 0.000000 0.094731 0.151069 0.138994 0.540515 0.816343 0.329266 0.480652 0.768446 0.780313 0.935695 0.857414 0.132847 0.116906 0.320561 0.341239 0.186935 0.156000 0.563736 0.674072 0.387669 0.476654 0.776262 0.609969 0.590193 0.496616 0.282809 0.221376 0.348821 0.271125 0.311779 0.277518 0.841282 0.518704 0.629002 0.500008 0.660806 0.702868 0.645728 0.682296 0.132372 0.135901 0.259335 0.290334 0.189471 0.202429 0.138430 0.123422 0.499603 0.331406 0.357490 0.344257 0.318104 0.213118 0.294531 0.281503 0.422659 0.452664 0.671064 0.521350 0.324112 0.251998 0.170117 0.169886 0.118236 0.170496 0.398898 0.292943 0.351901 0.497856 0.964848 0.857039 0.498471 0.608461 0.682662 0.726514 0.688183 0.824846 0.447620 0.486975 0.378845 0.471110 0.313076 0.248511 0.604834 0.616010 0.286050 0.256967 0.343636 0.295736 0.784537 0.647818 0.656289 0.403628 0.562177 0.354608 0.435348 0.337913 0.528448 0.852612
0.151402 0.125142 0.388521 0.320638 0.667996 0.552509 0.274400 0.198878 0.447225 0.294772 0.162576 0.093704 0.133658 0.151343 0.174579 0.154000 0.094731 0.000000 0.122271 0.115516 0.497652 0.854104 0.281069 0.432576 0.741462 0.778903 0.928346 0.875514 0.116535 0.095307 0.301706 0.323975 0.159239 0.153538 0.548423 0.691273 0.378578 0.462700 0.770485 0.619375 0.626327 0.464173 0.246443 0.194494 0.342133 0.252999 0.301772 0.244706 0.849197 0.513415 0.622732 0.503426 0.631640 0.687683 0.617082 0.693732 0.109013 0.119181 0.266523 0.293677 0.173924 0.198974 0.111262 0.099823 0.474505 0.325386 0.344590 0.339536 0.327809 0.229055 0.255371 0.237042 0.458533 0.492363 0.642941 0.591342 0.298503 0.210796 0.161612 0.174941 0.101242 0.145556 0.343836 0.258514 0.314359 0.457146 0.985470 0.864693 0.492812 0.595923 0.645905 0.691615 0.652121 0.826213 0.471343 0.475468 0.379497 0.492140 0.305493 0.237602 0.586413 0.600960 0.268315 0.244636 0.306260 0.292451 0.771006 0.679452 0.628829 0.387139 0.565637 0.339987 0.391433 0.363275 0.469833 0.903784
0.149400 0.176730 0.258053 0.222699 0.591689 0.548272 0.171203 0.161319 0.424686 0.280737 0.177603 0.138881 0.153517 0.209343 0.227111 0.198518 0.151069 0.122271 0.000000 0.129467 0.490979 0.872509 0.237995 0.417464 0.657788 0.680322 0.899718 0.780230 0.172003 0.141280 0.225380 0.280723 0.134632 0.129504 0.470758 0.616906 0.369914 0.434935 0.650483 0.583037 0.684320 0.473386 0.203833 0.179288 0.338949 0.264380 0.284225 0.201800 0.906179 0.522507 0.626698 0.506157 0.623029 0.614821 0.574051 0.721196 0.180246 0.193802 0.225593 0.264150 0.139802 0.219516 0.120328 0.140052 0.374345 0.242988 0.251448 0.246208 0.324074 0.212466 0.208339 0.219789 0.452054 0.465743 0.571373 0.627349 0.337136 0.261667 0.197681 0.209883 0.122873 0.145398 0.373188 0.248356 0.284497 0.423802 0.989065 0.837452 0.449780 0.586918 0.628966 0.684958 0.631664 0.807239 0.509475 0.510259 0.352633 0.493098 0.324285 0.252388 0.558459 0.510984 0.288966 0.244125 0.313592 0.282797 0.700666 0.643455 0.571835 0.377387 0.554231 0.379621 0.403649 0.428968 0.462595 0.919381
0.162634 0.165169 0.334270 0.282023 0.714319 0.540952 0.264213 0.203550 0.385137 0.316757 0.162203 0.127695 0.173911 0.204821 0.236982 0.203598 0.138994 0.115516 0.129467 0.000000 0.489154 0.872882 0.292588 0.431939 0.671201 0.693458 0.918069 0.861239 0.169308 0.131176 0.253620 0.276245 0.176084 0.152199 0.538712 0.639970 0.389541 0.471497 0.758420 0.619416 0.599656 0.566363 0.248914 0.218893 0.388314 0.291302 0.303477 0.269512 0.920194 0.537902 0.668969 0.550927 0.663269 0.703190 0.620475 0.699355 0.173593 0.178125 0.276990 0.301114 0.198815 0.230353 0.154940 0.151362 0.467948 0.323948 0.321986 0.323571 0.295702 0.223316 0.233006 0.251152 0.400078 0.421139 0.653737 0.602374 0.337880 0.247295 0.185935 0.166184 0.135152 0.161076 0.422903 0.300561 0.359746 0.490630 0.972110 0.816564 0.467613 0.639039 0.657932 0.729769 0.671720 0.843147 0.476955 0.552580 0.410425 0.576347 0.351572 0.292002 0.571720 0.586837 0.325037 0.278642 0.359539 0.292299 0.758510 0.680158 0.605210 0.387910 0.572402 0.396299 0.431142 0.411272 0.471821 0.926889
0.514919 0.537369 0.458447 0.415756 0.685973 0.745718 0.487519 0.463320 0.695080 0.595913 0.547562 0.513710 0.444861 0.474150 0.427238 0.463708 0.540515 0.497652 0.490979 0.489154 0.000000 0.782614 0.422904 0.483996 0.485977 0.650547 0.978429 0.966481 0.546033 0.472034 0.457180 0.585238 0.487571 0.466584 0.663366 0.864903 0.521672 0.557890 0.665012 0.715322 0.701273 0.656495 0.515461 0.499202 0.655916 0.575409 0.523713 0.492949 0.926733 0.623677 0.761326 0.688482 0.784194 0.667271 0.528029 0.720948 0.584112 0.534003 0.533000 0.535488 0.511905 0.526878 0.483800 0.481355 0.488491 0.555436 0.548640 0.556138 0.672647 0.596458 0.528223 0.522748 0.625465 0.770139 0.750674 0.905405 0.585139 0.543193 0.460909 0.553414 0.482055 0.437460 0.586041 0.511050 0.444105 0.541679 0.940725 0.955579 0.645928 0.534719 0.724601 0.754180 0.697791 0.884854 0.658587 0.539341 0.613374 0.747359 0.671045 0.577284 0.772233 0.713641 0.501639 0.528009 0.504021 0.468728 0.839613 0.802156 0.530990 0.602501 0.779394 0.724645 0.555278 0.638520 0.676700 0.889557
0.866715 0.854438 0.854857 0.796380 0.892568 0.894266 0.855794 0.793924 0.967748 0.759135 0.922736 0.830853 0.865299 0.817697 0.814762 0.844348 0.816343 0.854104 0.872509 0.872882 0.782614 0.000000 0.815432 0.870335 0.988920 0.915696 0.851477 0.957269 0.803776 0.789862 0.833176 0.855298 0.830585 0.796633 0.878023 0.801959 0.789470 0.742393 0.887310 0.700442 0.838431 0.824792 0.775456 0.777245 0.841745 0.847916 0.893267 0.880088 0.857474 0.873676 0.896322 0.805450 0.812000 0.766585 0.855320 0.866384 0.894293 0.892117 0.821281 0.899965 0.912887 0.884627 0.878292 0.844289 0.909631 0.881990 0.844854 0.851107 0.960811 0.770357 0.800003 0.831273 0.850995 0.946895 0.824713 0.679479 0.888076 0.848142 0.798482 0.813876 0.817771 0.820743 0.793322 0.791058 0.862835 0.862663 0.856857 0.885037 0.748099 0.893966 0.952898 0.925171 0.934269 0.883497 0.863936 0.705903 0.909696 0.817747 0.816342 0.797304 0.817378 0.780405 0.799891 0.681432 0.804476 0.780487 0.997867 0.867476 0.885397 0.792239 0.920705 0.876474 0.874504 0.772891 0.872308 0.967569
0.330036 0.328279 0.278972 0.183039 0.632392 0.523839 0.261839 0.209057 0.494160 0.340619 0.366958 0.258241 0.204286 0.212318 0.213222 0.160440 0.329266 0.281069 0.237995 0.292588 0.422904 0.815432 0.000000 0.204152 0.499019 0.510280 0.975604 0.938634 0.295968 0.247866 0.177957 0.231039 0.209893 0.250205 0.497246 0.611811 0.295926 0.466630 0.618406 0.627847 0.759011 0.472839 0.289558 0.316952 0.503504 0.439093 0.379730 0.317647 0.982038 0.664651 0.748051 0.635475 0.680366 0.644029 0.606848 0.744298 0.362928 0.359217 0.402609 0.452287 0.271335 0.312758 0.235640 0.239769 0.266562 0.253617 0.329497 0.340184 0.592991 0.399529 0.232532 0.346518 0.609054 0.694399 0.655756 0.779058 0.416849 0.329002 0.303941 0.367849 0.215780 0.194030 0.320442 0.222098 0.184790 0.217026 0.947386 0.905631 0.404180 0.435582 0.640226 0.654986 0.614904 0.828116 0.544754 0.455565 0.446059 0.561786 0.466317 0.350170 0.585724 0.554521 0.347335 0.317239 0.412589 0.316022 0.843062 0.641649 0.637284 0.483716 0.715270 0.508424 0.489667 0.533112 0.528219 0.967507
0.542454 0.489650 0.475966 0.356324 0.710585 0.718979 0.516763 0.432132 0.734838 0.571163 0.517671 0.412676 0.355238 0.304261 0.335172 0.256195 0.480652 0.432576 0.417464 0.431939 0.483996 0.870335 0.204152 0.000000 0.408570 0.600875 0.996818 0.972341 0.394116 0.356607 0.338300 0.280505 0.388591 0.425619 0.665531 0.720460 0.450670 0.615416 0.650367 0.770190 0.857122 0.637255 0.526488 0.545875 0.781728 0.714473 0.582334 0.530366 0.857775 0.885489 0.969181 0.883094 0.919552 0.904708 0.782583 0.912165 0.509733 0.509493 0.648528 0.684505 0.494531 0.500440 0.399568 0.394426 0.465241 0.448050 0.569441 0.615488 0.732049 0.564244 0.419841 0.567433 0.743207 0.844553 0.811448 0.833070 0.583862 0.494119 0.442770 0.466530 0.378078 0.320253 0.339855 0.311244 0.347028 0.241478 0.879193 0.720060 0.540332 0.503305 0.888321 0.917873 0.867926 0.920799 0.689192 0.584583 0.685250 0.616364 0.744743 0.580052 0.745744 0.799544 0.553791 0.504239 0.584200 0.529141 0.996853 0.881578 0.699107 0.649633 0.847079 0.695925 0.767354 0.592086 0.727041 0.962684
0.772938 0.751380 0.558770 0.526764 0.904924 0.897592 0.705751 0.702073 0.739302 0.831603 0.745591 0.718630 0.653457 0.648991 0.617151 0.590217 0.768446 0.741462 0.657788 0.671201 0.485977 0.988920 0.499019 0.408570 0.000000 0.465257 0.812783 0.990057 0.699985 0.655129 0.463483 0.571873 0.671763 0.680421 0.725230 0.910336 0.650404 0.815080 0.630247 0.902148 0.847140 0.909191 0.756154 0.777696 0.996364 0.934425 0.704284 0.692331 0.755312 0.934591 0.868662 0.983688 0.935430 0.987533 0.784586 0.957019 0.819487 0.763237 0.821433 0.778060 0.761375 0.779936 0.743285 0.733847 0.577643 0.667575 0.776660 0.772403 0.767116 0.779153 0.642925 0.723458 0.667393 0.827992 0.829288 0.980108 0.784040 0.781250 0.685424 0.667828 0.676083 0.584413 0.689005 0.615165 0.623884 0.538081 0.995397 0.912537 0.757104 0.642815 0.979412 0.987199 0.939507 0.926282 0.829212 0.791083 0.864094 0.890528 0.972075 0.902272 0.983247 0.929367 0.880372 0.750444 0.794274 0.750424 0.961365 0.978703 0.753019 0.760251 0.908910 0.975461 0.986169 0.824750 0.910919 0.866085
0.749591 0.847068 0.421883 0.421147 0.964051 0.616496 0.571054 0.613264 0.727833 0.644497 0.696522 0.736938 0.687570 0.731901 0.688508 0.660483 0.780313 0.778903 0.680322 0.693458 0.650547 0.915696 0.510280 0.600875 0.465257 0.000000 0.710629 0.872779 0.745890 0.689488 0.419272 0.534956 0.606662 0.608836 0.462159 0.787370 0.623665 0.898890 0.601956 0.745302 0.918599 0.841143 0.658199 0.699088 0.884154 0.810253 0.593153 0.620551 0.865175 0.840854 0.981577 0.850793 0.814598 0.849227 0.652911 0.681063 0.901878 0.857597 0.660811 0.665668 0.669487 0.711853 0.737174 0.761345 0.420022 0.459667 0.535614 0.530966 0.788791 0.693354 0.674108 0.731054 0.673453 0.775479 0.618619 0.958100 0.792884 0.800082 0.671760 0.687863 0.649005 0.576442 0.757875 0.639014 0.554608 0.563983 0.993007 0.858734 0.551320 0.581902 0.886840 0.913365 0.800034 0.980692 0.763149 0.876267 0.731734 0.952566 0.870332 0.770277 0.863077 0.748089 0.772223 0.700679 0.814499 0.696126 0.868502 0.907537 0.911190 0.751738 0.931635 0.890930 0.851843 0.856819 0.718143 0.977753
0.895114 0.924433 0.976183 0.989294 0.899958 0.986143 0.886176 0.887545 0.906399 0.842111 0.918809 0.934147 0.962605 0.964119 0.964400 0.989577 0.935695 0.928346 0.899718 0.918069 0.978429 0.851477 0.975604 0.996818 0.812783 0.710629 0.000000 0.868643 0.988113 0.975083 0.909360 0.936370 0.933381 0.957858 0.895122 0.946320 0.945540 0.890453 0.931947 0.853462 0.949989 0.994480 0.993407 0.961034 0.918409 0.935615 0.945669 0.998240 0.979090 0.996680 0.892600 0.993107 0.940505 0.989405 0.951428 0.985235 0.940759 0.994454 0.966337 0.997541 0.888534 0.875419 0.903988 0.904150 0.982454 0.953662 0.926980 0.962600 0.912969 0.969355 0.926544 0.957990 0.991038 0.932712 0.952598 0.910897 0.991541 0.843659 0.971960 0.914285 0.942502 0.940599 0.990743 0.991813 0.993594 0.966259 0.863443 0.834935 0.829940 0.872750 0.757431 0.827729 0.786163 0.804258 0.960600 0.925450 0.910203 0.964198 0.826586 0.882535 0.894234 0.961445 0.902667 0.966106 0.811713 0.979963 0.960038 0.898688 0.860129 0.883552 0.851290 0.913791 0.827913 0.974968 0.986163 0.949347
0.858275 0.881994 0.819418 0.913978 0.782101 0.760507 0.786484 0.892689 0.812376 0.894475 0.835908 0.949808 0.913972 0.977870 0.981271 0.957016 0.857414 0.875514 0.780230 0.861239 0.966481 0.957269 0.938634 0.972341 0.990057 0.872779 0.868643 0.000000 0.909402 0.885985 0.923610 0.919590 0.912187 0.824158 0.914594 0.889732 0.839131 0.801561 0.750222 0.955498 0.901011 0.874381 0.815643 0.789108 0.837802 0.817832 0.981310 0.796897 0.931417 0.856079 0.939126 0.877899 0.943420 0.818182 0.960693 0.907312 0.835480 0.896583 0.888931 0.914484 0.806225 0.889758 0.909320 0.936725 0.853881 0.856185 0.817706 0.848423 0.841934 0.851527 0.860725 0.816790 0.702967 0.655876 0.935615 0.975214 0.920563 0.919315 0.948558 0.854605 0.906268 0.936850 0.982924 0.917661 0.965666 0.997871 0.989591 0.994073 0.952123 0.997981 0.917976 0.912591 0.968212 0.857938 0.892924 0.944176 0.952548 0.966595 0.866662 0.916063 0.809672 0.830497 0.868164 0.866517 0.896756 0.890081 0.823273 0.964035 0.943203 0.933655 0.711466 0.970514 0.936816 0.999362 0.945172 0.979392
0.204689 0.158172 0.440970 0.360351 0.646594 0.601379 0.348421 0.253024 0.450963 0.341506 0.208258 0.125266 0.168131 0.145421 0.193993 0.165546 0.132847 0.116535 0.172003 0.169308 0.546033 0.803776 0.295968 0.394116 0.699985 0.745890 0.988113 0.909402 0.000000 0.119104 0.298984 0.304429 0.171482 0.173783 0.568007 0.683853 0.412715 0.538210 0.742538 0.597263 0.695202 0.471729 0.302278 0.249601 0.391791 0.300692 0.292527 0.255487 0.814469 0.525931 0.626505 0.502855 0.632876 0.702678 0.605435 0.673055 0.151939 0.160875 0.287089 0.318729 0.207349 0.206305 0.140645 0.128064 0.493347 0.336284 0.367194 0.366413 0.332613 0.219287 0.317271 0.336165 0.474314 0.539092 0.689514 0.573875 0.352320 0.248466 0.191564 0.197600 0.126585 0.169899 0.325211 0.245521 0.307656 0.398091 0.950722 0.952950 0.516532 0.541414 0.744259 0.781479 0.734586 0.926066 0.475041 0.514772 0.439771 0.473740 0.377642 0.288971 0.594734 0.618658 0.287258 0.263764 0.336899 0.328941 0.806892 0.768282 0.720070 0.445689 0.573879 0.414823 0.490226 0.344838 0.497892 0.913604
0.190042 0.173648 0.339291 0.266325 0.703345 0.587320 0.267511 0.197566 0.444888 0.285826 0.168927 0.109951 0.140117 0.139070 0.162972 0.129318 0.116906 0.095307 0.141280 0.131176 0.472034 0.789862 0.247866 0.356607 0.655129 0.689488 0.975083 0.885985 0.119104 0.000000 0.245528 0.254562 0.156805 0.142776 0.521672 0.691177 0.349254 0.468642 0.737040 0.602198 0.636146 0.517028 0.259452 0.202434 0.402776 0.295538 0.320973 0.240006 0.912606 0.541007 0.657890 0.538437 0.638655 0.679036 0.607166 0.665156 0.161058 0.170407 0.279055 0.319898 0.183577 0.196189 0.135851 0.117356 0.424073 0.277919 0.328815 0.329236 0.343750 0.225673 0.291733 0.285017 0.419311 0.477161 0.610829 0.548452 0.343366 0.220267 0.149758 0.177396 0.114822 0.134679 0.323428 0.230718 0.311359 0.406560 0.958666 0.955473 0.455938 0.569549 0.700426 0.737896 0.712914 0.869136 0.475812 0.487292 0.428753 0.486652 0.369004 0.269872 0.596817 0.586202 0.290247 0.228148 0.326785 0.289690 0.769721 0.726850 0.638139 0.349502 0.594884 0.393232 0.439452 0.371072 0.518198 0.948830
0.289987 0.348535 0.218548 0.181293 0.749084 0.565424 0.246038 0.244612 0.437866 0.360715 0.298738 0.271848 0.235597 0.266269 0.271553 0.240187 0.320561 0.301706 0.225380 0.253620 0.457180 0.833176 0.177957 0.338300 0.463483 0.419272 0.909360 0.923610 0.298984 0.245528 0.000000 0.221117 0.196322 0.224180 0.462452 0.654858 0.345997 0.521767 0.556486 0.598921 0.725695 0.621561 0.311180 0.304503 0.507788 0.435281 0.355109 0.308211 0.976584 0.641026 0.750079 0.625522 0.646647 0.648747 0.534761 0.648672 0.386464 0.370521 0.332850 0.373811 0.254084 0.322599 0.265320 0.284963 0.296198 0.248024 0.289238 0.307568 0.445049 0.322767 0.291119 0.349660 0.455624 0.540590 0.601357 0.708462 0.458803 0.355270 0.299137 0.303418 0.243914 0.219284 0.405994 0.292134 0.262073 0.358385 0.928765 0.949035 0.352315 0.508446 0.740097 0.775426 0.718124 0.885280 0.550416 0.581054 0.410795 0.626789 0.508851 0.437519 0.656149 0.538845 0.423160 0.371188 0.470922 0.326746 0.715128 0.695498 0.678721 0.471023 0.717974 0.575711 0.539335 0.531995 0.567886 0.992877
0.394119 0.420379 0.362024 0.279149 0.824021 0.628013 0.355988 0.332807 0.596873 0.430578 0.363222 0.318741 0.330089 0.314195 0.339712 0.276751 0.341239 0.323975 0.280723 0.276245 0.585238 0.855298 0.231039 0.280505 0.571873 0.534956 0.936370 0.919590 0.304429 0.254562 0.221117 0.000000 0.285383 0.258689 0.620126 0.669371 0.465050 0.698668 0.655955 0.676883 0.842394 0.652941 0.404674 0.407026 0.641839 0.560122 0.490435 0.376895 0.836380 0.806679 0.908781 0.805387 0.788289 0.802157 0.682868 0.812344 0.412231 0.441994 0.464413 0.531407 0.365424 0.426591 0.297397 0.330687 0.442047 0.321334 0.387498 0.413636 0.544830 0.392671 0.407334 0.463930 0.548839 0.621409 0.648063 0.710333 0.540206 0.384808 0.289224 0.335066 0.256068 0.222305 0.391141 0.240917 0.349712 0.327843 0.878896 0.856085 0.430776 0.596494 0.863914 0.915171 0.836539 0.941976 0.647518 0.589994 0.565308 0.613614 0.633139 0.476854 0.708694 0.660180 0.509182 0.419365 0.578418 0.438371 0.839081 0.884611 0.728729 0.505311 0.761069 0.625254 0.675800 0.569478 0.638379 0.991173
0.156216 0.216732 0.234899 0.189377 0.588258 0.524037 0.182054 0.148279 0.390844 0.256167 0.209858 0.146955 0.154840 0.186820 0.202201 0.188178 0.186935 0.159239 0.134632 0.176084 0.487571 0.830585 0.209893 0.388591 0.671763 0.606662 0.933381 0.912187 0.171482 0.156805 0.196322 0.285383 0.000000 0.127901 0.411219 0.608564 0.336867 0.439045 0.652166 0.538731 0.716273 0.500379 0.231122 0.210848 0.333529 0.257735 0.276482 0.237906 0.836535 0.514212 0.583671 0.477579 0.579027 0.566484 0.477469 0.568196 0.234360 0.221326 0.203370 0.255524 0.135413 0.196630 0.133308 0.143362 0.305004 0.205852 0.222677 0.217633 0.361734 0.194861 0.244341 0.257068 0.453247 0.533991 0.568970 0.705239 0.332835 0.244925 0.178989 0.229085 0.125999 0.134929 0.373987 0.234232 0.209077 0.339301 0.940987 0.940472 0.365199 0.488610 0.591066 0.622632 0.577037 0.756788 0.466677 0.504323 0.378396 0.540162 0.304319 0.249533 0.528641 0.427729 0.257084 0.233075 0.287939 0.305317 0.754857 0.622642 0.662559 0.419267 0.589766 0.367374 0.414606 0.385387 0.476079 0.979326
0.167814 0.230318 0.249201 0.195552 0.655517 0.517366 0.173575 0.144003 0.395441 0.254747 0.199259 0.168237 0.181901 0.223377 0.235539 0.212339 0.156000 0.153538 0.129504 0.152199 0.466584 0.796633 0.250205 0.425619 0.680421 0.608836 0.957858 0.824158 0.173783 0.142776 0.224180 0.258689 0.127901 0.000000 0.381142 0.600068 0.339131 0.431932 0.604292 0.524093 0.691825 0.505331 0.218494 0.184966 0.326510 0.260426 0.269828 0.217494 0.886595 0.511711 0.610470 0.487189 0.560795 0.584205 0.481377 0.590531 0.221516 0.221284 0.198727 0.255479 0.143123 0.195528 0.136783 0.154853 0.305191 0.191603 0.179019 0.193730 0.351370 0.190672 0.269330 0.275060 0.424810 0.501549 0.601379 0.617479 0.342382 0.261621 0.165435 0.215124 0.113935 0.129004 0.384904 0.232107 0.246334 0.378611 0.992681 0.886266 0.390902 0.500233 0.578836 0.640913 0.574722 0.746365 0.473534 0.468403 0.360123 0.490081 0.319003 0.239101 0.507009 0.458306 0.240311 0.203172 0.294526 0.246916 0.758028 0.617362 0.664105 0.407271 0.548350 0.347120 0.380015 0.358774 0.491732 0.954672
0.501225 0.582654 0.398537 0.367515 0.687683 0.599710 0.399950 0.385476 0.560661 0.388959 0.549249 0.549128 0.527179 0.548242 0.542646 0.565418 0.563736 0.548423 0.470758 0.538712 0.663366 0.878023 0.497246 0.665531 0.725230 0.462159 0.895122 0.914594 0.568007 0.521672 0.462452 0.620126 0.411219 0.381142 0.000000 0.520388 0.534842 0.599647 0.705516 0.667316 0.871589 0.643865 0.470268 0.499708 0.519345 0.509886 0.539023 0.463462 0.905030 0.632408 0.701923 0.594588 0.567726 0.651576 0.552176 0.546250 0.611230 0.606496 0.443602 0.463349 0.434656 0.467975 0.513283 0.515625 0.366316 0.370418 0.336963 0.364804 0.574236 0.528247 0.510021 0.583536 0.569259 0.702908 0.665632 0.806242 0.561667 0.562485 0.537729 0.625808 0.445731 0.421335 0.598271 0.530216 0.442990 0.550109 0.977342 0.903359 0.581603 0.599250 0.585992 0.618538 0.549514 0.634536 0.756725 0.721839 0.481107 0.641646 0.495058 0.447167 0.584888 0.604439 0.465849 0.451544 0.464972 0.492231 0.748775 0.567137 0.902416 0.692723 0.686107 0.440824 0.588867 0.668672 0.604135 0.988063
0.659393 0.649367 0.658924 0.618796 0.826743 0.829941 0.631162 0.568577 0.739281 0.637081 0.693754 0.661741 0.674125 0.661545 0.709967 0.697863 0.674072 0.691273 0.616906 0.639970 0.864903 0.801959 0.611811 0.720460 0.910336 0.787370 0.946320 0.889732 0.683853 0.691177 0.654858 0.669371 0.608564 0.600068 0.520388 0.000000 0.670582 0.505362 0.875244 0.805012 0.972050 0.769909 0.616292 0.686220 0.699379 0.715988 0.770276 0.638386 0.965812 0.816137 0.803804 0.730260 0.799675 0.793269 0.924915 0.910399 0.672865 0.677386 0.652054 0.660056 0.630703 0.651072 0.628444 0.624422 0.702612 0.667863 0.580859 0.587041 0.812618 0.669178 0.636731 0.810659 0.856669 0.884434 0.826769 0.772770 0.726069 0.741491 0.703099 0.704382 0.624913 0.642855 0.704464 0.712169 0.631344 0.666196 0.874512 0.917862 0.677840 0.694480 0.789988 0.845659 0.808789 0.845037 0.811949 0.708139 0.622063 0.705008 0.656027 0.649561 0.618042 0.700130 0.632069 0.602950 0.733811 0.615916 0.722526 0.674070 0.867126 0.865481 0.697714 0.704739 0.779703 0.768229 0.623938 0.971134
0.373831 0.386912 0.408306 0.327257 0.735820 0.572881 0.386123 0.355751 0.482021 0.441610 0.442472 0.360695 0.310456 0.374902 0.331598 0.324626 0.387669 0.378578 0.369914 0.389541 0.521672 0.789470 0.295926 0.450670 0.650404 0.623665 0.945540 0.839131 0.412715 0.349254 0.345997 0.465050 0.336867 0.339131 0.534842 0.670582 0.000000 0.419081 0.682420 0.678274 0.723299 0.515083 0.391049 0.384048 0.466996 0.420135 0.450998 0.382042 0.829531 0.562016 0.642317 0.545635 0.699120 0.670187 0.612567 0.598677 0.407213 0.399134 0.398508 0.456316 0.353202 0.371817 0.353535 0.348688 0.382532 0.407564 0.404126 0.419216 0.612599 0.443002 0.319256 0.399160 0.696799 0.704441 0.649435 0.657604 0.446589 0.423100 0.394108 0.434046 0.333160 0.326221 0.491332 0.311862 0.296612 0.394766 0.987802 0.930484 0.455890 0.474394 0.639614 0.661949 0.616978 0.727406 0.477524 0.615069 0.422355 0.558370 0.437287 0.403664 0.596010 0.568325 0.331218 0.414675 0.403420 0.317822 0.845756 0.599217 0.709864 0.619154 0.741771 0.531639 0.541170 0.580109 0.515225 0.874874
0.415098 0.449580 0.469991 0.459699 0.647358 0.822360 0.459461 0.412972 0.555088 0.525342 0.479810 0.455705 0.398076 0.463713 0.443588 0.467356 0.476654 0.462700 0.434935 0.471497 0.557890 0.742393 0.466630 0.615416 0.815080 0.898890 0.890453 0.801561 0.538210 0.468642 0.521767 0.698668 0.439045 0.431932 0.599647 0.505362 0.419081 0.000000 0.706111 0.606318 0.801715 0.654394 0.379643 0.406262 0.479941 0.440938 0.523735 0.463865 0.748533 0.533404 0.547705 0.508985 0.657896 0.581865 0.657346 0.669965 0.460249 0.470362 0.440412 0.454679 0.382469 0.412667 0.401198 0.406735 0.440066 0.490037 0.458905 0.494195 0.676081 0.490190 0.467668 0.573692 0.743797 0.731266 0.889874 0.731759 0.500729 0.547582 0.494068 0.522388 0.463666 0.489118 0.549945 0.515473 0.434588 0.566626 0.891785 0.896469 0.519974 0.576775 0.593766 0.643360 0.687968 0.698547 0.553802 0.447068 0.501347 0.591369 0.442087 0.467828 0.611414 0.619484 0.366736 0.381600 0.448255 0.401114 0.703450 0.515244 0.587441 0.565283 0.653451 0.586495 0.552997 0.612063 0.467847 0.939623
