0.000000 0.201650 0.601135 0.728730 0.760759 0.870074 0.872536 0.442104 0.736760 0.618950 0.304441 0.243806 0.384482 0.272114 0.699393 0.624699 0.322392 0.300136 0.334872 0.264337 0.982933 0.797904 0.835200 0.976736 0.660372 0.695975 0.939742 0.979104 0.315975 0.357044 0.997512 0.960943 0.690915 0.459041 0.646442 0.659954 0.934022 0.934380 0.946771 0.901418 0.689340 0.740753 0.983767 0.598486 0.936442 0.472362 0.673052 0.599980 0.214876 0.252858 0.237555 0.255411 0.301287 0.389208 0.610541 0.421695 0.294057 0.243368 0.355073 0.260684 0.635143 0.307381 0.368436 0.279825 0.451259 0.732299 0.596089 0.676918 0.443082 0.448237 0.946400 0.976694 0.475209 0.471548 0.880290 0.792852 0.451695 0.654078 0.650323 0.500859 0.333808 0.332563 0.567742 0.719663 0.724316 0.741909 0.709674 0.916481 0.946074 0.673589 0.898011 0.458003 0.542933 0.402010 0.906371 0.827479 0.872324 0.603175 0.666380 0.730590 0.780587 0.971539 0.542102 0.550736 0.856537 0.917722 0.997423 0.917963 0.917569 0.977041 0.837764 0.978333 0.510450 0.965850 0.938933 0.761814
0.201650 0.000000 0.598545 0.739801 0.713945 0.837555 0.852425 0.415675 0.739068 0.549312 0.328347 0.246792 0.452437 0.288346 0.706193 0.610733 0.286346 0.258939 0.281774 0.229277 0.996712 0.767975 0.876078 0.995059 0.696242 0.743568 0.969105 0.990320 0.287870 0.317931 0.912642 0.917995 0.627138 0.446272 0.651468 0.652858 0.989446 0.876966 0.932975 0.866818 0.709176 0.763673 0.966461 0.567080 0.923789 0.458051 0.639297 0.558427 0.214074 0.226587 0.224350 0.243459 0.312569 0.368319 0.573248 0.409392 0.241992 0.199794 0.426805 0.308557 0.718476 0.326020 0.372324 0.261156 0.409885 0.713638 0.553066 0.689434 0.432025 0.401586 0.954357 0.894717 0.410096 0.432579 0.776754 0.812479 0.431220 0.605077 0.595983 0.389065 0.253760 0.265974 0.561472 0.637426 0.753873 0.719863 0.692961 0.854573 0.944237 0.694766 0.893669 0.481188 0.530525 0.420259 0.900537 0.789367 0.899454 0.590541 0.679477 0.726475 0.764364 0.960889 0.529274 0.555232 0.809360 0.944406 0.992415 0.840144 0.898051 0.944474 0.836693 0.996538 0.549507 0.907492 0.999194 0.740202
0.601135 0.598545 0.000000 0.673235 0.724783 0.914820 0.480409 0.845643 0.674361 0.899913 0.635116 0.512173 0.808999 0.526796 0.988901 0.750910 0.700586 0.728077 0.631279 0.557360 0.933673 0.991753 0.604114 0.997745 0.525179 0.369153 0.948201 0.970739 0.653426 0.656812 0.618671 0.725761 0.794534 0.873517 0.472043 0.617087 0.727840 0.890316 0.783091 0.997412 0.964919 0.980795 0.597566 0.945546 0.681356 0.938463 0.935230 0.904185 0.665650 0.591844 0.709641 0.702002 0.767206 0.852674 0.889961 0.773213 0.616544 0.566271 0.698196 0.574788 0.932873 0.649426 0.701700 0.620570 0.294639 0.498145 0.407908 0.444187 0.634696 0.604901 0.907086 0.938737 0.779223 0.803944 0.973990 0.952367 0.735504 0.965626 0.941742 0.825895 0.735923 0.716054 0.926614 0.934047 0.744968 0.897233 0.792882 0.886727 0.806045 0.909047 0.544408 0.440565 0.376948 0.533773 0.777619 0.829545 0.833202 0.505954 0.844961 0.804212 0.998866 0.698845 0.935869 0.975945 0.825096 0.645427 0.860579 0.762127 0.984042 0.873416 0.697655 0.874749 0.996779 0.972671 0.698318 0.881917
0.728730 0.739801 0.673235 0.000000 0.993237 0.969443 0.709289 0.723658 0.992238 0.832281 0.810458 0.823219 0.746259 0.815568 0.831830 0.895807 0.745816 0.746712 0.809127 0.749097 0.988291 0.882644 0.791478 0.864497 0.860229 0.779200 0.986939 0.931231 0.840022 0.847978 0.879380 0.896573 0.635229 0.770822 0.947059 0.959709 0.963572 0.779258 0.813082 0.892390 0.874059 0.852986 0.879537 0.765232 0.814910 0.745985 0.826356 0.601705 0.749664 0.772230 0.686277 0.705214 0.658374 0.713160 0.761332 0.738961 0.719166 0.741032 0.703640 0.826391 0.707225 0.774605 0.856762 0.787034 0.802275 0.742508 0.869775 0.851003 0.728808 0.716058 0.975056 0.901150 0.874988 0.950538 0.870379 0.893106 0.892732 0.888271 0.735319 0.735647 0.763007 0.701353 0.618260 0.678450 0.595853 0.635597 0.955157 0.758931 0.782741 0.788715 0.859419 0.997555 0.895492 0.946501 0.896057 0.919442 0.677834 0.865994 0.737814 0.713836 0.984696 0.774939 0.768869 0.745784 0.685036 0.761091 0.822238 0.894270 0.962025 0.954868 0.916030 0.985236 0.725214 0.959175 0.958133 0.820420
0.760759 0.713945 0.724783 0.993237 0.000000 0.874190 0.856112 0.856472 0.806402 0.887434 0.776477 0.756519 0.914576 0.757265 0.967128 0.942105 0.714588 0.723133 0.630280 0.709299 0.953829 0.931454 0.873272 0.976718 0.987128 0.925383 0.984912 0.888428 0.810181 0.830509 0.995449 0.989024 0.951984 0.852351 0.830554 0.895338 0.980393 0.831801 0.853792 0.965279 0.927915 0.850360 0.876341 0.956178 0.949359 0.870428 0.864647 0.885190 0.784831 0.801294 0.833783 0.824004 0.846077 0.847796 0.753720 0.801301 0.771968 0.760499 0.929382 0.999118 0.919729 0.828885 0.833591 0.779038 0.665057 0.761585 0.783012 0.753197 0.713941 0.790354 0.729450 0.815965 0.801837 0.728837 0.902565 0.955948 0.715361 0.872084 0.903269 0.798312 0.717138 0.627887 0.852473 0.684940 0.976080 0.982265 0.958927 0.760673 0.895090 0.795602 0.792086 0.678544 0.721096 0.729565 0.902696 0.968704 0.988300 0.822914 0.987161 0.964048 0.993093 0.919468 0.878529 0.876859 0.887964 0.836848 0.983087 0.707324 0.847230 0.893135 0.829080 0.898041 0.993078 0.944496 0.884501 0.855695
0.870074 0.837555 0.914820 0.969443 0.874190 0.000000 0.980244 0.696733 0.904739 0.836113 0.882258 0.796459 0.830635 0.819351 0.886543 0.812132 0.956788 0.954975 0.989481 0.872970 0.816662 0.904902 0.870911 0.908855 0.797118 0.946217 0.941641 0.900075 0.803838 0.810208 0.940766 0.908679 0.886906 0.861259 0.914181 0.923669 0.901155 0.979343 0.927729 0.949656 0.926925 0.893746 0.851118 0.742431 0.979510 0.832807 0.923431 0.955552 0.842519 0.771817 0.827820 0.790875 0.923717 0.771034 0.875332 0.982938 0.911375 0.896754 0.930072 0.757057 0.931022 0.759402 0.853058 0.848008 0.829046 0.879827 0.921837 0.952793 0.851888 0.948230 0.953767 0.999163 0.992852 0.925136 0.870316 0.991874 0.766834 0.874152 0.966164 0.954378 0.922749 0.935567 0.946285 0.871521 0.889265 0.978586 0.963533 0.881153 0.804009 0.809248 0.886078 0.990649 0.919429 0.945380 0.953144 0.980778 0.921336 0.875048 0.909086 0.938529 0.819848 0.935039 0.990589 0.892996 0.871181 0.964604 0.912723 0.767417 0.792070 0.835515 0.914685 0.945242 0.986512 0.930885 0.983597 0.975304
0.872536 0.852425 0.480409 0.709289 0.856112 0.980244 0.000000 0.606551 0.529685 0.577779 0.854324 0.944253 0.848145 0.790669 0.966973 0.854512 0.895929 0.954054 0.925220 0.862811 0.823393 0.933265 0.986360 0.644739 0.962788 0.769629 0.640921 0.847001 0.930811 0.899104 0.694248 0.735262 0.604843 0.722561 0.685497 0.781439 0.910304 0.968479 0.929735 0.956627 0.921835 0.846706 0.381887 0.576687 0.372773 0.714977 0.757393 0.683371 0.910340 0.766629 0.924405 0.853637 0.857404 0.973939 0.939796 0.905623 0.938776 0.752795 0.972359 0.816792 0.467852 0.869170 0.873769 0.971027 0.639168 0.495183 0.390880 0.306828 0.622358 0.678283 0.948112 0.773114 0.989746 0.951240 0.996361 0.997469 0.972868 0.997802 0.834141 0.917096 0.996719 0.906679 0.990112 0.993576 0.930851 0.820528 0.935422 0.733515 0.973701 0.811685 0.465446 0.547426 0.491806 0.571495 0.858869 0.975882 0.678068 0.521248 0.484587 0.504640 0.630659 0.582479 0.824016 0.791912 0.902504 0.699991 0.826984 0.593477 0.812932 0.961554 0.607842 0.555090 0.700726 0.992843 0.724137 0.949229
0.442104 0.415675 0.845643 0.723658 0.856472 0.696733 0.606551 0.000000 0.841748 0.318166 0.294777 0.340651 0.450732 0.499955 0.806211 0.726756 0.359243 0.420125 0.517851 0.455944 0.776950 0.906186 0.715130 0.676879 0.500698 0.745368 0.748382 0.865239 0.332157 0.325664 0.869119 0.885585 0.565355 0.391655 0.785976 0.781962 0.894889 0.989895 0.905063 0.986225 0.960226 0.972419 0.651496 0.398391 0.584581 0.369818 0.645808 0.531851 0.425238 0.498615 0.427985 0.491166 0.598574 0.530207 0.818560 0.661140 0.439739 0.509826 0.486462 0.501290 0.387048 0.265536 0.343293 0.341578 0.614110 0.914315 0.971001 0.858851 0.846664 0.728263 0.983414 0.827741 0.593053 0.583891 0.729572 0.879125 0.509932 0.705957 0.642229 0.660149 0.449529 0.519579 0.709720 0.817259 0.940509 0.967754 0.783632 0.882085 0.880833 0.980669 0.809600 0.854820 0.900393 0.840007 0.960892 0.764440 0.770086 0.907954 0.417720 0.510226 0.533894 0.703887 0.587401 0.501982 0.832750 0.854406 0.955570 0.873993 0.804138 0.916125 0.807055 0.661806 0.449687 0.919164 0.855367 0.761463
0.736760 0.739068 0.674361 0.992238 0.806402 0.904739 0.529685 0.841748 0.000000 0.777315 0.886716 0.803600 0.888206 0.666676 0.971819 0.821726 0.879220 0.797088 0.740475 0.761717 0.949480 0.892018 0.890980 0.663252 0.999996 0.780454 0.755224 0.836679 0.917006 0.944686 0.705069 0.751797 0.988542 0.993972 0.711755 0.903785 0.959427 0.991955 0.923034 0.899837 0.746744 0.861596 0.635679 0.809427 0.622885 0.858327 0.985610 0.877246 0.816698 0.756369 0.878713 0.864705 0.852624 0.948055 0.795042 0.927711 0.796266 0.700871 0.774116 0.787487 0.794450 0.944900 0.899464 0.837978 0.695614 0.559981 0.634795 0.570511 0.670700 0.703560 0.992807 0.934284 0.780693 0.815650 0.951042 0.902467 0.983604 0.942843 0.911878 0.734277 0.836466 0.784296 0.799621 0.807406 0.910792 0.794301 0.745262 0.702606 0.998418 0.778555 0.659695 0.556717 0.571408 0.543369 0.808869 0.914083 0.918813 0.754105 0.755548 0.778995 0.696872 0.775825 0.930235 0.978602 0.853877 0.768036 0.871769 0.608256 0.932597 0.856264 0.660839 0.814105 0.849431 0.807364 0.806997 0.969720
0.618950 0.549312 0.899913 0.832281 0.887434 0.836113 0.577779 0.318166 0.777315 0.000000 0.391913 0.445820 0.529919 0.631765 0.795776 0.783503 0.373800 0.429321 0.622652 0.616768 0.887360 0.853337 0.745425 0.659283 0.600773 0.765270 0.659820 0.861558 0.403949 0.356023 0.774086 0.796630 0.548798 0.456742 0.823440 0.902065 0.933202 0.915739 0.891551 0.858663 0.943662 0.950388 0.563214 0.358030 0.489480 0.366195 0.660569 0.530959 0.552525 0.715285 0.572079 0.690801 0.729283 0.719393 0.787193 0.699118 0.517114 0.646986 0.596253 0.716466 0.407264 0.409307 0.419090 0.381973 0.702451 0.935307 0.908149 0.770683 0.905792 0.855205 0.878239 0.564373 0.601534 0.668555 0.824259 0.875351 0.629115 0.662031 0.641951 0.662410 0.469403 0.563102 0.738837 0.733316 0.988319 0.915352 0.895255 0.952396 0.817467 0.980594 0.838066 0.862535 0.855207 0.876951 0.953530 0.796245 0.754882 0.989355 0.402520 0.410540 0.614691 0.703017 0.606497 0.507501 0.891514 0.958743 0.790467 0.818740 0.732521 0.926776 0.879556 0.596953 0.545091 0.985073 0.882280 0.776938
0.304441 0.328347 0.635116 0.810458 0.776477 0.882258 0.854324 0.294777 0.886716 0.391913 0.000000 0.241028 0.328053 0.339443 0.681733 0.603886 0.254168 0.285399 0.359761 0.348775 0.823194 0.927012 0.708577 0.768086 0.480655 0.602198 0.863769 0.927427 0.247381 0.244219 0.999343 0.991659 0.564858 0.397759 0.668157 0.743048 0.913371 0.993550 0.838579 0.839016 0.826830 0.815395 0.794005 0.496086 0.762367 0.396001 0.682263 0.579497 0.343186 0.420953 0.385042 0.437382 0.511006 0.516850 0.672698 0.618936 0.352106 0.378709 0.333900 0.410363 0.429812 0.279572 0.241901 0.226865 0.455236 0.794485 0.826160 0.918777 0.676770 0.637057 0.941005 0.829496 0.461863 0.485587 0.836961 0.845183 0.490865 0.614609 0.537413 0.573052 0.342724 0.398719 0.694936 0.725453 0.919745 0.968028 0.705813 0.980723 0.913422 0.812642 0.997242 0.600022 0.635075 0.554547 0.910805 0.742738 0.794824 0.724671 0.509506 0.608426 0.639328 0.812447 0.550875 0.451863 0.884768 0.979365 0.948310 0.975780 0.798715 0.810153 0.950319 0.855984 0.498299 0.891343 0.868553 0.732745
0.243806 0.246792 0.512173 0.823219 0.756519 0.796459 0.944253 0.340651 0.803600 0.445820 0.241028 0.000000 0.326390 0.233510 0.671064 0.527883 0.263207 0.278562 0.338629 0.267236 0.892756 0.803120 0.756065 0.929842 0.487715 0.541730 0.931738 0.940446 0.274657 0.259468 0.941024 0.937309 0.667625 0.426062 0.562766 0.652529 0.903898 0.983709 0.856520 0.878850 0.810998 0.866565 0.931757 0.544325 0.890863 0.436460 0.719356 0.625936 0.285043 0.327416 0.333846 0.365720 0.446844 0.506535 0.712823 0.548369 0.290616 0.283173 0.380140 0.321302 0.568558 0.257951 0.268130 0.206816 0.368057 0.767532 0.659378 0.747682 0.540978 0.523760 0.959866 0.820531 0.471231 0.519529 0.806095 0.806321 0.424472 0.592529 0.652845 0.519676 0.334869 0.335387 0.619612 0.732138 0.888315 0.847929 0.706046 0.854161 0.876856 0.804921 0.875625 0.454333 0.491173 0.458332 0.886618 0.720577 0.911789 0.659394 0.599074 0.705052 0.721701 0.937192 0.579625 0.564814 0.926225 0.912707 0.950493 0.934965 0.820366 0.863176 0.880520 0.914794 0.498279 0.920660 0.948700 0.728245
0.384482 0.452437 0.808999 0.746259 0.914576 0.830635 0.848145 0.450732 0.888206 0.529919 0.328053 0.326390 0.000000 0.363431 0.477231 0.458541 0.383306 0.401985 0.467057 0.512480 0.858450 0.852213 0.995562 0.997215 0.637439 0.718620 0.976844 0.971788 0.387012 0.354932 0.900028 0.946191 0.587571 0.475410 0.709237 0.803258 0.953653 0.860588 0.908512 0.988175 0.841172 0.891559 0.732670 0.494990 0.868087 0.523758 0.683286 0.644584 0.457966 0.499108 0.499812 0.508099 0.573886 0.600618 0.832398 0.749245 0.454085 0.483346 0.379479 0.415669 0.468165 0.436204 0.290604 0.319831 0.694463 0.920342 0.981013 0.983874 0.803625 0.757968 0.955660 0.806788 0.609998 0.704846 0.967900 0.779056 0.544754 0.574671 0.648232 0.692843 0.502922 0.486527 0.637085 0.827647 0.796022 0.792545 0.756871 0.921964 0.988776 0.801402 0.967531 0.593644 0.720774 0.553900 0.885061 0.806453 0.769664 0.770300 0.548767 0.694291 0.645901 0.889743 0.552699 0.613597 0.844488 0.887461 0.851254 0.932897 0.739224 0.934796 0.906158 0.934419 0.511650 0.945190 0.756212 0.720390
0.272114 0.288346 0.526796 0.815568 0.757265 0.819351 0.790669 0.499955 0.666676 0.631765 0.339443 0.233510 0.363431 0.000000 0.584692 0.425777 0.344576 0.324902 0.342595 0.323909 0.950010 0.756853 0.951543 0.851600 0.640022 0.622695 0.944731 0.986452 0.367630 0.349371 0.976779 0.887689 0.721144 0.487016 0.567049 0.684877 0.919757 0.971664 0.829754 0.854935 0.789911 0.782471 0.984454 0.631251 0.958606 0.527528 0.743833 0.679957 0.327256 0.316239 0.377063 0.355398 0.454710 0.497658 0.758145 0.640913 0.375073 0.303246 0.444229 0.346158 0.722677 0.396457 0.327425 0.278196 0.426100 0.748176 0.632518 0.675018 0.548358 0.545545 0.915129 0.872311 0.519219 0.527731 0.826937 0.778405 0.515856 0.590816 0.618602 0.527059 0.388861 0.330886 0.596683 0.741919 0.795764 0.661891 0.673739 0.793105 0.906573 0.730779 0.786435 0.396787 0.437192 0.344748 0.871767 0.820189 0.986216 0.575556 0.729124 0.809310 0.844528 0.999559 0.632630 0.615012 0.896874 0.935600 0.941642 0.807245 0.839915 0.883494 0.835933 0.948141 0.593423 0.967768 0.951969 0.816481
0.699393 0.706193 0.988901 0.831830 0.967128 0.886543 0.966973 0.806211 0.971819 0.795776 0.681733 0.671064 0.477231 0.584692 0.000000 0.414965 0.663264 0.627252 0.668284 0.754752 0.945726 0.943798 0.623118 0.804691 0.995855 0.977507 0.901700 0.993418 0.704239 0.640054 0.680325 0.838744 0.602194 0.655618 0.956438 0.922902 0.868412 0.864210 0.932312 0.905748 0.909591 0.966222 0.665316 0.573868 0.936239 0.651578 0.799904 0.694575 0.714011 0.707133 0.765276 0.693985 0.772605 0.746341 0.950926 0.950686 0.703807 0.678595 0.721256 0.660841 0.776543 0.761168 0.540855 0.601198 0.964970 0.889617 0.822271 0.863711 0.984423 0.946963 0.776474 0.715240 0.763771 0.943248 0.975504 0.870227 0.689092 0.677084 0.667184 0.763258 0.706142 0.654303 0.650277 0.987777 0.697384 0.549526 0.797865 0.863678 0.938248 0.788496 0.958823 0.811329 0.813360 0.711210 0.973807 0.909374 0.919778 0.760751 0.773329 0.746726 0.761610 0.941577 0.831587 0.779723 0.881015 0.869803 0.805670 0.988311 0.859565 0.992211 0.852803 0.988254 0.821944 0.919036 0.644919 0.934218
0.624699 0.610733 0.750910 0.895807 0.942105 0.812132 0.854512 0.726756 0.821726 0.783503 0.603886 0.527883 0.458541 0.425777 0.414965 0.000000 0.611555 0.618769 0.614380 0.680996 0.964233 0.794401 0.817825 0.757885 0.824665 0.799814 0.938719 0.979221 0.649947 0.556706 0.885372 0.989213 0.738478 0.723431 0.771117 0.839727 0.957594 0.820461 0.962299 0.944497 0.945281 0.988089 0.864523 0.655325 0.864028 0.752520 0.845432 0.768678 0.673501 0.638795 0.720214 0.692011 0.838149 0.853520 0.949532 0.939342 0.608158 0.615513 0.644549 0.560999 0.852564 0.705106 0.510418 0.499779 0.784430 0.921363 0.901425 0.893459 0.841481 0.755856 0.810819 0.794334 0.782739 0.828719 0.938074 0.803265 0.747325 0.596246 0.734678 0.701184 0.636578 0.561321 0.744254 0.913107 0.773414 0.559189 0.739507 0.820181 0.956167 0.857069 0.751306 0.587434 0.588434 0.573959 0.997254 0.849766 0.968019 0.646908 0.934515 0.947133 0.810092 0.967712 0.798522 0.728912 0.910412 0.802266 0.987029 0.850974 0.822195 0.881234 0.850569 0.940702 0.773510 0.918385 0.793499 0.871859
0.322392 0.286346 0.700586 0.745816 0.714588 0.956788 0.895929 0.359243 0.879220 0.373800 0.254168 0.263207 0.383306 0.344576 0.663264 0.611555 0.000000 0.198509 0.309094 0.314647 0.996299 0.829516 0.858727 0.831646 0.609202 0.690127 0.851903 0.999480 0.275162 0.232093 0.861507 0.872163 0.493326 0.340579 0.673400 0.786696 0.931612 0.865831 0.915931 0.777560 0.809985 0.798148 0.739710 0.430285 0.716310 0.370673 0.579858 0.446728 0.313418 0.443059 0.381814 0.454872 0.497966 0.552743 0.569729 0.531813 0.277251 0.341360 0.421310 0.504406 0.551581 0.362392 0.259240 0.208450 0.490381 0.796390 0.799761 0.919092 0.605825 0.602932 0.860516 0.691013 0.406527 0.448279 0.800862 0.863984 0.462071 0.577022 0.504574 0.437758 0.234865 0.275077 0.571057 0.573194 0.766784 0.802686 0.726501 0.861928 0.879604 0.721285 0.901308 0.537461 0.596115 0.480190 0.831554 0.746085 0.853994 0.751955 0.474929 0.571522 0.747978 0.852276 0.468572 0.492106 0.888722 0.966509 0.768432 0.953826 0.830704 0.814305 0.961592 0.808800 0.498915 0.955671 0.880708 0.728135
0.300136 0.258939 0.728077 0.746712 0.723133 0.954975 0.954054 0.420125 0.797088 0.429321 0.285399 0.278562 0.401985 0.324902 0.627252 0.618769 0.198509 0.000000 0.267277 0.293368 0.968128 0.781461 0.933133 0.910022 0.679150 0.736541 0.878687 0.932004 0.263778 0.246719 0.842829 0.802305 0.457606 0.368571 0.702531 0.771567 0.912268 0.863391 0.902288 0.724693 0.679230 0.754174 0.761431 0.463672 0.754376 0.388843 0.601622 0.444315 0.299819 0.406151 0.366213 0.414895 0.464035 0.500171 0.530405 0.506935 0.283407 0.299046 0.448015 0.488426 0.598304 0.411572 0.278015 0.228532 0.502666 0.736008 0.757425 0.868797 0.566261 0.570439 0.856739 0.715464 0.361688 0.417371 0.846888 0.794635 0.457570 0.536036 0.456623 0.362970 0.225525 0.254706 0.519924 0.592675 0.752643 0.767173 0.720610 0.812974 0.888712 0.733270 0.909915 0.518061 0.556739 0.426181 0.846545 0.760369 0.863274 0.740068 0.535271 0.600265 0.782345 0.868852 0.485587 0.471610 0.817260 0.942533 0.840421 0.904257 0.890355 0.877928 0.958045 0.907880 0.520236 0.950216 0.888425 0.778417
0.334872 0.281774 0.631279 0.809127 0.630280 0.989481 0.925220 0.517851 0.740475 0.622652 0.359761 0.338629 0.467057 0.342595 0.668284 0.614380 0.309094 0.267277 0.000000 0.290246 0.967463 0.842527 0.984310 0.996916 0.740813 0.730375 0.993404 0.955883 0.354399 0.348697 0.901033 0.919645 0.548542 0.448092 0.659811 0.781311 0.986037 0.871980 0.862152 0.895228 0.692358 0.828232 0.913982 0.639610 0.919972 0.576394 0.641975 0.561705 0.383507 0.402229 0.439540 0.431635 0.510040 0.539245 0.534964 0.561780 0.321614 0.323816 0.495442 0.507898 0.768704 0.485710 0.386442 0.338292 0.473936 0.637549 0.675981 0.752874 0.514225 0.544582 0.844165 0.823075 0.389290 0.448986 0.878129 0.867470 0.421109 0.668271 0.524128 0.418126 0.305925 0.293865 0.593711 0.574297 0.780640 0.780969 0.682427 0.741962 0.872749 0.714369 0.869124 0.488410 0.551328 0.414596 0.816139 0.756307 0.894349 0.614878 0.739659 0.822036 0.803512 0.975686 0.545637 0.583639 0.920438 0.978439 0.916230 0.777788 0.886377 0.944253 0.810788 0.956383 0.624366 0.940857 0.979836 0.728263
0.264337 0.229277 0.557360 0.749097 0.709299 0.872970 0.862811 0.455944 0.761717 0.616768 0.348775 0.267236 0.512480 0.323909 0.754752 0.680996 0.314647 0.293368 0.290246 0.000000 0.998732 0.826663 0.852654 0.968558 0.695983 0.685941 0.980209 0.951294 0.343727 0.377625 0.938184 0.965555 0.698648 0.470992 0.648866 0.651694 0.945681 0.831736 0.933524 0.808999 0.736545 0.798443 0.961160 0.683223 0.992740 0.560940 0.747406 0.607571 0.289374 0.300465 0.318402 0.340022 0.402334 0.448694 0.562747 0.426208 0.300322 0.260640 0.508681 0.417449 0.792844 0.369618 0.442872 0.346399 0.403478 0.700470 0.534723 0.666401 0.424415 0.399152 0.978260 0.909207 0.392814 0.453133 0.833662 0.817425 0.378787 0.647396 0.592917 0.426181 0.296726 0.289875 0.529951 0.634698 0.793298 0.779222 0.681847 0.782153 0.862493 0.768169 0.831406 0.507391 0.548516 0.459250 0.825849 0.781172 0.953821 0.641841 0.701686 0.786280 0.832942 0.983296 0.603521 0.666502 0.870308 0.845060 0.990584 0.861507 0.953736 0.904330 0.898509 0.980137 0.609514 0.883402 0.990624 0.710625
0.982933 0.996712 0.933673 0.988291 0.953829 0.816662 0.823393 0.776950 0.949480 0.887360 0.823194 0.892756 0.858450 0.950010 0.945726 0.964233 0.996299 0.968128 0.967463 0.998732 0.000000 0.822911 0.813926 0.845649 0.854443 0.929210 0.968452 0.970764 0.929231 0.915216 0.933617 0.942444 0.967270 0.939334 0.970432 0.862009 0.680565 0.836334 0.815260 0.845969 0.690513 0.875902 0.982368 0.974571 0.950371 0.949094 0.845187 0.954293 0.933525 0.942062 0.997778 0.971044 0.976069 0.886871 0.839394 0.860022 0.987269 0.989043 0.871631 0.934882 0.831627 0.881493 0.854581 0.922848 0.903751 0.942380 0.881778 0.898158 0.845550 0.948488 0.988964 0.970024 0.884551 0.902892 0.965607 0.881513 0.916378 0.953892 0.917167 0.911799 0.923263 0.883639 0.856527 0.939212 0.703343 0.837452 0.907211 0.892416 0.905725 0.843083 0.748188 0.907839 0.922859 0.868600 0.982074 0.914124 0.918318 0.984849 0.935107 0.931502 0.893587 0.768283 0.986544 0.967427 0.921638 0.967061 0.816827 0.855314 0.881799 0.790709 0.878059 0.837794 0.902862 0.812714 0.921216 0.984159
0.797904 0.767975 0.991753 0.882644 0.931454 0.904902 0.933265 0.906186 0.892018 0.853337 0.927012 0.803120 0.852213 0.756853 0.943798 0.794401 0.829516 0.781461 0.842527 0.826663 0.822911 0.000000 0.952472 0.839096 0.946598 0.906459 0.993284 0.957693 0.873724 0.861978 0.904531 0.909538 0.952823 0.892522 0.908600 0.907198 0.927271 0.633530 0.936706 0.773634 0.794062 0.805340 0.916396 0.857132 0.943844 0.846656 0.841560 0.848615 0.776577 0.838920 0.787368 0.831761 0.875395 0.906919 0.935043 0.833256 0.857330 0.811091 0.920158 0.830919 0.965160 0.879187 0.891651 0.811541 0.930396 0.997808 0.889221 0.957005 0.913250 0.902649 0.897515 0.847857 0.867472 0.789871 0.851123 0.988920 0.870782 0.763275 0.986256 0.752537 0.771878 0.719782 0.812289 0.838992 0.732613 0.767982 0.852937 0.869589 0.971899 0.786615 0.975774 0.718387 0.853501 0.844840 0.955094 0.859090 0.932777 0.941408 0.977760 0.888220 0.924557 0.982190 0.864318 0.936321 0.997310 0.964368 0.968285 0.777886 0.847962 0.819976 0.915317 0.922149 0.904342 0.853965 0.920697 0.992321
0.835200 0.876078 0.604114 0.791478 0.873272 0.870911 0.986360 0.715130 0.890980 0.745425 0.708577 0.756065 0.995562 0.951543 0.623118 0.817825 0.858727 0.933133 0.984310 0.852654 0.813926 0.952472 0.000000 0.461886 0.524850 0.606493 0.777277 0.988240 0.765918 0.790525 0.683074 0.856306 0.829159 0.877006 0.810006 0.755436 0.747472 0.939366 0.974250 0.994940 0.955148 0.961860 0.841726 0.959005 0.892313 0.851785 0.902788 0.972638 0.857939 0.909794 0.853784 0.950795 0.966386 0.998844 0.908956 0.830610 0.829859 0.908624 0.835918 0.854701 0.761088 0.613002 0.846351 0.796785 0.585813 0.907570 0.748616 0.876646 0.887767 0.869086 0.708862 0.937087 0.985945 0.896307 0.909455 0.995675 0.864961 0.875276 0.937712 0.937786 0.893605 0.985963 0.802890 0.943827 0.655532 0.561081 0.990006 0.762117 0.922867 0.877991 0.943786 0.877595 0.847617 0.969359 0.977098 0.853095 0.944963 0.998206 0.878638 0.944085 0.875556 0.916957 0.993873 0.840145 0.901086 0.745943 0.766837 0.781772 0.975662 0.972443 0.994274 0.837679 0.880513 0.926467 0.797064 0.916278
0.976736 0.995059 0.997745 0.864497 0.976718 0.908855 0.644739 0.676879 0.663252 0.659283 0.768086 0.929842 0.997215 0.851600 0.804691 0.757885 0.831646 0.910022 0.996916 0.968558 0.845649 0.839096 0.461886 0.000000 0.685086 0.893902 0.687348 0.947271 0.783161 0.787094 0.985392 0.802516 0.854685 0.756424 0.972864 0.918900 0.959560 0.927888 0.899707 0.946359 0.960794 0.897741 0.808078 0.766726 0.638028 0.758583 0.928379 0.899686 0.953168 0.950959 0.957347 0.939666 0.904631 0.988458 0.879647 0.918829 0.872113 0.971156 0.916601 0.944970 0.692004 0.752866 0.802979 0.866024 0.867211 0.968947 0.889605 0.719858 0.874945 0.947929 0.905826 0.957221 0.907793 0.919832 0.829599 0.984314 0.845811 0.980028 0.897740 0.940511 0.892953 0.959012 0.814017 0.967565 0.730665 0.514947 0.955052 0.650924 0.877366 0.861552 0.816861 0.822733 0.846701 0.796078 0.981588 0.935877 0.988365 0.873962 0.620402 0.807108 0.782928 0.754113 0.980683 0.825862 0.988495 0.952356 0.950289 0.698812 0.926889 0.980131 0.832765 0.755289 0.901189 0.917884 0.963405 0.912472
0.660372 0.696242 0.525179 0.860229 0.987128 0.797118 0.962788 0.500698 0.999996 0.600773 0.480655 0.487715 0.637439 0.640022 0.995855 0.824665 0.609202 0.679150 0.740813 0.695983 0.854443 0.946598 0.524850 0.685086 0.000000 0.366211 0.651344 0.835850 0.551205 0.500222 0.726180 0.829147 0.942000 0.727409 0.658081 0.763689 0.694478 0.777497 0.900437 0.909937 0.980846 0.887859 0.984745 0.769354 0.947809 0.719198 0.814773 0.907433 0.679858 0.735308 0.752249 0.803521 0.875537 0.892668 0.955657 0.872579 0.659469 0.707823 0.563756 0.585208 0.558573 0.493844 0.489627 0.526574 0.452600 0.776095 0.805872 0.887870 0.939435 0.863210 0.784685 0.917833 0.801140 0.763871 0.879580 0.859842 0.770828 0.909234 0.984165 0.903069 0.759151 0.835870 0.977189 0.944779 0.689361 0.705780 0.898571 0.779859 0.720185 0.886762 0.885297 0.738649 0.726796 0.785525 0.965473 0.833639 0.963657 0.851181 0.715525 0.896846 0.786035 0.978832 0.822380 0.743544 0.910290 0.866607 0.967622 0.951720 0.891162 0.825852 0.991339 0.868149 0.715929 0.985141 0.916892 0.845025
0.695975 0.743568 0.369153 0.779200 0.925383 0.946217 0.769629 0.745368 0.780454 0.765270 0.602198 0.541730 0.718620 0.622695 0.977507 0.799814 0.690127 0.736541 0.730375 0.685941 0.929210 0.906459 0.606493 0.893902 0.366211 0.000000 0.860876 0.928943 0.687248 0.631438 0.512218 0.625176 0.855403 0.878286 0.541019 0.742641 0.659974 0.869838 0.742564 0.966281 0.964021 0.995092 0.722295 0.998605 0.838167 0.948238 0.960218 0.918624 0.768930 0.809604 0.848988 0.926571 0.979423 0.939548 0.917344 0.877979 0.679295 0.722650 0.597057 0.673489 0.803089 0.657664 0.648224 0.634314 0.432226 0.585054 0.662524 0.658143 0.815087 0.814726 0.789032 0.987419 0.809415 0.836188 0.928647 0.948315 0.818500 0.988285 0.970951 0.965757 0.853308 0.834042 0.959143 0.988753 0.708193 0.723562 0.789680 0.933478 0.801270 0.928094 0.591528 0.527550 0.512295 0.679262 0.793730 0.805892 0.953322 0.681922 0.989479 0.940791 0.969099 0.740004 0.944065 0.943208 0.842389 0.722383 0.917171 0.829349 0.921140 0.788017 0.936172 0.960838 0.961914 0.878922 0.844129 0.828974
0.939742 0.969105 0.948201 0.986939 0.984912 0.941641 0.640921 0.748382 0.755224 0.659820 0.863769 0.931738 0.976844 0.944731 0.901700 0.938719 0.851903 0.878687 0.993404 0.980209 0.968452 0.993284 0.777277 0.687348 0.651344 0.860876 0.000000 0.743196 0.816156 0.840418 0.984215 0.812938 0.802363 0.812123 0.724887 0.999760 0.996499 0.896671 0.932563 0.923703 0.994817 0.916611 0.702051 0.786516 0.658192 0.806629 0.927076 0.831258 0.988109 0.803313 0.982791 0.852759 0.862512 0.908003 0.898891 0.997326 0.992587 0.857831 0.956080 0.901907 0.648323 0.833405 0.822124 0.868729 0.913655 0.914367 0.755300 0.677871 0.815666 0.737904 0.951764 0.913393 0.900014 0.894984 0.971279 0.944545 0.890027 0.908944 0.963311 0.992204 0.923650 0.985397 0.852147 0.968172 0.855273 0.728928 0.966984 0.769280 0.797150 0.836398 0.875832 0.894432 0.875497 0.902924 0.911697 0.896019 0.944716 0.788328 0.652119 0.711503 0.811843 0.765464 0.927700 0.775966 0.929964 0.952569 0.976333 0.808516 0.893325 0.943593 0.794063 0.767003 0.774700 0.745582 0.956605 0.886320
0.979104 0.990320 0.970739 0.931231 0.888428 0.900075 0.847001 0.865239 0.836679 0.861558 0.927427 0.940446 0.971788 0.986452 0.993418 0.979221 0.999480 0.932004 0.955883 0.951294 0.970764 0.957693 0.988240 0.947271 0.835850 0.928943 0.743196 0.000000 0.914176 0.872231 0.996840 0.829886 0.960921 0.991297 0.976947 0.708826 0.795616 0.967834 0.939301 0.987842 0.943275 0.848155 0.874924 0.977347 0.903480 0.889969 0.923096 0.868561 0.956609 0.991797 0.995410 0.984432 0.972243 0.992693 0.948465 0.865303 0.977618 0.990677 0.998279 0.975183 0.872982 0.895236 0.958286 0.957778 0.983615 0.939402 0.941503 0.925837 0.977192 0.968321 0.971787 0.923070 0.848644 0.958413 0.963115 0.962475 0.946987 0.943808 0.972038 0.995503 0.978416 0.948684 0.983246 0.963976 0.813835 0.851032 0.914535 0.845138 0.858573 0.681290 0.910539 0.967074 0.935035 0.980021 0.942636 0.806917 0.936145 0.992646 0.942342 0.943119 0.973822 0.948680 0.972126 0.865716 0.962861 0.947287 0.932386 0.862488 0.813679 0.896062 0.819079 0.990095 0.979627 0.973651 0.991165 0.996953
0.315975 0.287870 0.653426 0.840022 0.810181 0.803838 0.930811 0.332157 0.917006 0.403949 0.247381 0.274657 0.387012 0.367630 0.704239 0.649947 0.275162 0.263778 0.354399 0.343727 0.929231 0.873724 0.765918 0.783161 0.551205 0.687248 0.816156 0.914176 0.000000 0.237954 0.927526 0.838832 0.515421 0.358607 0.706777 0.750235 0.974557 0.947441 0.858512 0.822948 0.770760 0.809346 0.787721 0.481375 0.750110 0.362003 0.668497 0.536772 0.309171 0.372527 0.326013 0.385751 0.452803 0.450905 0.633215 0.528338 0.345458 0.342879 0.389360 0.421227 0.500428 0.286932 0.272476 0.244221 0.448191 0.793898 0.767110 0.887540 0.686558 0.626207 0.994800 0.858091 0.395822 0.482268 0.826496 0.788495 0.422304 0.604377 0.531506 0.468942 0.319317 0.379857 0.640618 0.696799 0.874417 0.937722 0.784234 0.948853 0.898802 0.811043 0.970470 0.579208 0.662751 0.547875 0.809419 0.742176 0.853756 0.733239 0.505611 0.643463 0.660955 0.788095 0.530855 0.468884 0.791645 0.944866 0.924530 0.976548 0.825520 0.991394 0.946326 0.859859 0.470872 0.929092 0.997575 0.760410
0.357044 0.317931 0.656812 0.847978 0.830509 0.810208 0.899104 0.325664 0.944686 0.356023 0.244219 0.259468 0.354932 0.349371 0.640054 0.556706 0.232093 0.246719 0.348697 0.377625 0.915216 0.861978 0.790525 0.787094 0.500222 0.631438 0.840418 0.872231 0.237954 0.000000 0.826455 0.847702 0.513937 0.352098 0.627079 0.722582 0.986200 0.965633 0.888396 0.795818 0.771392 0.827058 0.689183 0.389883 0.708030 0.336035 0.600641 0.481543 0.336130 0.420565 0.399904 0.443545 0.518659 0.545327 0.675710 0.646797 0.322779 0.344287 0.398841 0.435264 0.493279 0.323013 0.221187 0.189993 0.457565 0.774888 0.777333 0.933272 0.718590 0.643718 0.917488 0.742427 0.459399 0.516458 0.841156 0.821959 0.480163 0.565790 0.539323 0.479450 0.299366 0.372260 0.660387 0.660682 0.937821 0.920884 0.719754 0.961231 0.828419 0.851663 0.923772 0.545813 0.583064 0.492488 0.877563 0.723779 0.844901 0.706012 0.537051 0.665572 0.642191 0.787673 0.525025 0.431235 0.857597 0.968295 0.877815 0.988438 0.750573 0.848193 0.999863 0.825578 0.492282 0.900029 0.908423 0.770369
0.997512 0.912642 0.618671 0.879380 0.995449 0.940766 0.694248 0.869119 0.705069 0.774086 0.999343 0.941024 0.900028 0.976779 0.680325 0.885372 0.861507 0.842829 0.901033 0.938184 0.933617 0.904531 0.683074 0.985392 0.726180 0.512218 0.984215 0.996840 0.927526 0.826455 0.000000 0.455083 0.589438 0.720910 0.832391 0.881052 0.658057 0.916069 0.927075 0.946152 0.917203 0.976941 0.392793 0.488215 0.563931 0.605972 0.690849 0.573265 0.880750 0.944130 0.905251 0.848533 0.857655 0.783049 0.981312 0.980323 0.929046 0.953887 0.845538 0.979618 0.904040 0.999674 0.869658 0.891999 0.770601 0.728008 0.769864 0.565057 0.793064 0.862126 0.663083 0.720824 0.983686 0.923148 0.875912 0.935548 0.859965 0.713740 0.842157 0.748379 0.796236 0.885536 0.925552 0.951016 0.790468 0.748695 0.961481 0.799945 0.931835 0.868246 0.718741 0.829588 0.822872 0.992251 0.886246 0.969394 0.919889 0.970861 0.760448 0.733229 0.668769 0.695587 0.747943 0.801777 0.793766 0.720259 0.796734 0.897934 0.846938 0.846175 0.841484 0.764294 0.794472 0.988796 0.707604 0.845817
0.960943 0.917995 0.725761 0.896573 0.989024 0.908679 0.735262 0.885585 0.751797 0.796630 0.991659 0.937309 0.946191 0.887689 0.838744 0.989213 0.872163 0.802305 0.919645 0.965555 0.942444 0.909538 0.856306 0.802516 0.829147 0.625176 0.812938 0.829886 0.838832 0.847702 0.455083 0.000000 0.552016 0.723230 0.838783 0.972646 0.690103 0.857103 0.799487 0.743941 0.919428 0.973362 0.500292 0.577095 0.581794 0.642222 0.738954 0.557901 0.900656 0.951746 0.911025 0.897272 0.946669 0.809265 0.857844 0.932653 0.918324 0.969112 0.809475 0.935015 0.986798 0.991202 0.906828 0.920972 0.887460 0.847173 0.900176 0.657397 0.826997 0.994153 0.581849 0.735775 0.850514 0.965627 0.957904 0.900574 0.849858 0.784503 0.752280 0.681648 0.790972 0.899949 0.865298 0.936579 0.903500 0.846543 0.967579 0.829481 0.993412 0.983364 0.766961 0.817809 0.833137 0.968324 0.962534 0.935368 0.959200 0.893120 0.803970 0.876788 0.806057 0.775618 0.827312 0.870126 0.789931 0.946587 0.934409 0.938297 0.904254 0.819567 0.777956 0.782334 0.898448 0.950928 0.857267 0.879880
0.690915 0.627138 0.794534 0.635229 0.951984 0.886906 0.604843 0.565355 0.988542 0.548798 0.564858 0.667625 0.587571 0.721144 0.602194 0.738478 0.493326 0.457606 0.548542 0.698648 0.967270 0.952823 0.829159 0.854685 0.942000 0.855403 0.802363 0.960921 0.515421 0.513937 0.589438 0.552016 0.000000 0.438132 0.906402 0.911112 0.648940 0.883500 0.947980 0.797311 0.832510 0.920051 0.463670 0.421718 0.532007 0.458469 0.680220 0.500828 0.655150 0.775089 0.707085 0.725680 0.782920 0.699096 0.726124 0.866698 0.589923 0.672932 0.715228 0.820289 0.580597 0.664765 0.507232 0.531804 0.971044 0.877718 0.768916 0.683163 0.967216 0.902954 0.794421 0.704033 0.629868 0.707312 0.870533 0.954644 0.630693 0.652212 0.507720 0.543412 0.516227 0.604042 0.712076 0.691014 0.682486 0.765735 0.933614 0.922217 0.971657 0.822406 0.836167 0.896215 0.993378 0.817295 0.967484 0.897757 0.805008 0.922123 0.558557 0.581759 0.746918 0.684628 0.643336 0.539950 0.712777 0.845330 0.788718 0.900457 0.834146 0.999560 0.904486 0.792138 0.612496 0.823019 0.852026 0.873954
0.459041 0.446272 0.873517 0.770822 0.852351 0.861259 0.722561 0.391655 0.993972 0.456742 0.397759 0.426062 0.475410 0.487016 0.655618 0.723431 0.340579 0.368571 0.448092 0.470992 0.939334 0.892522 0.877006 0.756424 0.727409 0.878286 0.812123 0.991297 0.358607 0.352098 0.720910 0.723230 0.438132 0.000000 0.879308 0.879799 0.880169 0.847035 0.975638 0.825317 0.836456 0.879188 0.550092 0.344345 0.554253 0.349420 0.622842 0.492414 0.441829 0.551003 0.506653 0.540342 0.612382 0.594689 0.781920 0.676956 0.476305 0.512900 0.576298 0.595130 0.524127 0.415476 0.349115 0.362010 0.658749 0.958141 0.991862 0.813632 0.847692 0.811481 0.813668 0.675880 0.543760 0.650723 0.809634 0.901090 0.405145 0.649488 0.585034 0.564739 0.427278 0.498374 0.635338 0.705663 0.795859 0.838558 0.805772 0.931343 0.856465 0.849323 0.922261 0.706639 0.780788 0.667817 0.906739 0.734343 0.947663 0.947114 0.448595 0.621523 0.707012 0.755427 0.530692 0.589033 0.864617 0.998423 0.767758 0.952111 0.765040 0.963338 0.963298 0.715502 0.518363 0.984732 0.889172 0.865731
0.646442 0.651468 0.472043 0.947059 0.830554 0.914181 0.685497 0.785976 0.711755 0.823440 0.668157 0.562766 0.709237 0.567049 0.956438 0.771117 0.673400 0.702531 0.659811 0.648866 0.970432 0.908600 0.810006 0.972864 0.658081 0.541019 0.724887 0.976947 0.706777 0.627079 0.832391 0.838783 0.906402 0.879308 0.000000 0.810261 0.743154 0.917878 0.965528 0.830764 0.960078 0.933967 0.779026 0.918286 0.855853 0.829962 0.874906 0.894238 0.654523 0.602581 0.746384 0.724648 0.788447 0.880765 0.954492 0.821576 0.638711 0.570020 0.726204 0.629112 0.998967 0.734484 0.664923 0.608750 0.528422 0.603995 0.526035 0.578228 0.730617 0.587686 0.872538 0.929333 0.768939 0.870168 0.899746 0.994004 0.903039 0.882261 0.791205 0.775183 0.699893 0.698440 0.727897 0.843898 0.811079 0.931890 0.842338 0.828500 0.928284 0.897877 0.658004 0.530308 0.579282 0.542557 0.864576 0.766614 0.970284 0.660029 0.939763 0.795437 0.949995 0.810214 0.901603 0.901335 0.784912 0.838039 0.958971 0.789300 0.933460 0.901284 0.888820 0.912659 0.964250 0.858031 0.733351 0.834938
0.659954 0.652858 0.617087 0.959709 0.895338 0.923669 0.781439 0.781962 0.903785 0.902065 0.743048 0.652529 0.803258 0.684877 0.922902 0.839727 0.786696 0.771567 0.781311 0.651694 0.862009 0.907198 0.755436 0.918900 0.763689 0.742641 0.999760 0.708826 0.750235 0.722582 0.881052 0.972646 0.911112 0.879799 0.810261 0.000000 0.739009 0.958453 0.967140 0.920611 0.950471 0.996184 0.829574 0.955477 0.895791 0.799429 0.941400 0.890769 0.689205 0.595768 0.627792 0.614837 0.670482 0.666194 0.722307 0.758790 0.621527 0.600789 0.737776 0.582695 0.911805 0.638968 0.762298 0.701448 0.643074 0.831303 0.606979 0.722345 0.659530 0.638320 0.975719 0.929237 0.803611 0.896895 0.955585 0.822378 0.676641 0.972819 0.916873 0.934537 0.820058 0.768165 0.855900 0.901241 0.886539 0.936870 0.685973 0.919584 0.990559 0.963709 0.789293 0.709544 0.592602 0.687367 0.897914 0.926943 0.915718 0.632026 0.983193 0.922249 0.960571 0.952510 0.917615 0.831820 0.940092 0.919491 0.894479 0.911341 0.974611 0.983832 0.899660 0.866702 0.916222 0.864850 0.959269 0.885585
0.934022 0.989446 0.727840 0.963572 0.980393 0.901155 0.910304 0.894889 0.959427 0.933202 0.913371 0.903898 0.953653 0.919757 0.868412 0.957594 0.931612 0.912268 0.986037 0.945681 0.680565 0.927271 0.747472 0.959560 0.694478 0.659974 0.996499 0.795616 0.974557 0.986200 0.658057 0.690103 0.648940 0.880169 0.743154 0.739009 0.000000 0.772830 0.820732 0.695764 0.858410 0.792110 0.744542 0.788006 0.730053 0.868430 0.956241 0.954604 0.980839 0.903457 0.977906 0.968109 0.977361 0.984852 0.999721 0.950937 0.956871 0.971263 0.791461 0.790838 0.933215 0.885491 0.955738 0.996496 0.839136 0.863259 0.835839 0.833405 0.954393 0.994214 0.733382 0.727819 0.946991 0.894178 0.953998 0.975409 0.957777 0.694234 0.919814 0.800325 0.841195 0.842440 0.831718 0.745548 0.717936 0.774029 0.877911 0.841117 0.966608 0.765112 0.983853 0.955553 0.944829 0.963749 0.982205 0.915456 0.999877 0.861209 0.952853 0.875529 0.999732 0.974241 0.925108 0.855091 0.876975 0.914964 0.816773 0.926906 0.880806 0.997458 0.957093 0.885011 0.909048 0.877843 0.965430 0.975739
0.934380 0.876966 0.890316 0.779258 0.831801 0.979343 0.968479 0.989895 0.991955 0.915739 0.993550 0.983709 0.860588 0.971664 0.864210 0.820461 0.865831 0.863391 0.871980 0.831736 0.836334 0.633530 0.939366 0.927888 0.777497 0.869838 0.896671 0.967834 0.947441 0.965633 0.916069 0.857103 0.883500 0.847035 0.917878 0.958453 0.772830 0.000000 0.857287 0.771587 0.667129 0.840874 0.965090 0.995742 0.786960 0.861249 0.895998 0.890097 0.903627 0.971743 0.890378 0.929920 0.862484 0.908620 0.832571 0.730625 0.913151 0.891046 0.996618 0.864892 0.993467 0.920709 0.888191 0.950162 0.988294 0.904219 0.944613 0.930305 0.826333 0.840765 0.921549 0.815985 0.760805 0.800872 0.934894 0.954855 0.804324 0.931882 0.916901 0.776845 0.773617 0.766014 0.784301 0.606867 0.719228 0.809060 0.992027 0.780642 0.984147 0.695089 0.980010 0.878801 0.954924 0.992519 0.965010 0.816303 0.815412 0.879128 0.966419 0.872433 0.915327 0.979584 0.902039 0.889721 0.979448 0.969761 0.806107 0.881428 0.864803 0.906975 0.990728 0.890664 0.989875 0.992769 0.930095 0.828553
