0.000000 0.276330 0.607704 0.851063 0.800565 0.673152 0.804028 0.564946 0.829546 0.794644 0.505081 0.354141 0.721515 0.540336 0.998568 0.698867 0.496739 0.436914 0.549632 0.356862 0.711683 0.925183 0.725318 0.936860 0.716590 0.757926 0.989657 0.955184 0.432129 0.559881 0.864024 0.810577 0.840567 0.606741 0.854090 0.695491 0.789896 0.972494 0.962219 0.864079 0.917135 0.893839 0.977813 0.703664 0.938571 0.611179 0.833782 0.689585 0.300699 0.354974 0.336294 0.353666 0.437342 0.583143 0.710925 0.478873 0.416313 0.343274 0.321708 0.261827 0.776198 0.350241 0.521438 0.354168 0.731647 0.994831 0.737488 0.843382 0.549605 0.469242 0.902973 0.982720 0.738729 0.726937 0.878863 0.788887 0.542748 0.834798 0.927266 0.807569 0.469554 0.545982 0.827679 0.948866 0.941110 0.995373 0.765544 0.832064 0.993077 0.765750 0.901475 0.559791 0.704394 0.587531 0.898513 0.873738 0.791414 0.859994 0.771464 0.862895 0.670961 0.972136 0.630501 0.754660 0.795992 0.892701 0.817024 0.836681 0.968912 0.974947 0.942563 0.934826 0.613154 0.999431 0.917749 0.804797
0.276330 0.000000 0.587675 0.862592 0.757278 0.616220 0.723045 0.558043 0.762201 0.721908 0.569375 0.343725 0.798102 0.538995 0.998208 0.642286 0.459467 0.380033 0.495424 0.329904 0.697246 0.901892 0.747151 0.944386 0.743272 0.788443 0.994712 0.963218 0.420706 0.489613 0.968138 0.928337 0.780998 0.595225 0.836943 0.641550 0.818740 0.976619 0.937914 0.938614 0.966370 0.935033 0.994503 0.659174 0.884977 0.607933 0.781015 0.648603 0.328147 0.318082 0.334018 0.344053 0.468184 0.566880 0.644821 0.493369 0.336121 0.273706 0.400528 0.275501 0.880261 0.399351 0.501755 0.312043 0.681262 0.952151 0.659664 0.823406 0.557624 0.413573 0.948660 0.866822 0.702220 0.707144 0.792336 0.816884 0.514296 0.758255 0.861302 0.655131 0.359964 0.463515 0.836736 0.879734 0.977704 0.999088 0.704722 0.861246 0.904055 0.829755 0.844690 0.543020 0.644606 0.576164 0.853581 0.843953 0.805577 0.857432 0.817136 0.909086 0.642115 0.945414 0.617814 0.783081 0.792609 0.841079 0.811401 0.928970 0.964810 0.919488 0.931154 0.934838 0.690916 0.944304 0.949478 0.807549
0.607704 0.587675 0.000000 0.614490 0.648642 0.859957 0.457289 0.947950 0.675393 0.861978 0.717729 0.620091 0.806293 0.881283 0.621547 0.951376 0.765466 0.803064 0.834001 0.616367 0.792729 0.998801 0.482084 0.757146 0.596883 0.433610 0.906093 0.948340 0.658628 0.746991 0.603758 0.622376 0.721882 0.945550 0.633628 0.660613 0.796493 0.917473 0.919077 0.867152 0.970938 0.989513 0.653865 0.945213 0.649827 0.967574 0.979277 0.895931 0.624443 0.594659 0.715667 0.722812 0.800430 0.931169 0.760583 0.685513 0.571233 0.567849 0.617682 0.581026 0.746937 0.731595 0.868060 0.686739 0.341864 0.526075 0.502658 0.494985 0.602415 0.507158 0.947190 0.986551 0.804494 0.823654 0.992517 0.984720 0.749908 0.967757 0.875228 0.962128 0.828711 0.874978 0.868786 0.876823 0.570152 0.601126 0.769678 0.809548 0.761138 0.925935 0.557427 0.598960 0.531220 0.645709 0.966177 0.962127 0.948323 0.657867 0.930370 0.777719 0.998645 0.626432 0.903702 0.982810 0.878973 0.810786 0.861484 0.946791 0.995148 0.801785 0.747840 0.929282 0.962988 0.989545 0.737951 0.894040
0.851063 0.862592 0.614490 0.000000 0.845711 0.910201 0.672890 0.727773 0.936714 0.986723 0.931257 0.814714 0.589757 0.632739 0.586749 0.751921 0.833319 0.820565 0.783304 0.808283 0.973798 0.932735 0.619266 0.636006 0.876988 0.724301 0.846746 0.951876 0.968558 0.945626 0.908688 0.839653 0.651064 0.731266 0.892368 0.986200 0.868667 0.888008 0.991233 0.960919 0.898025 0.990653 0.965875 0.877935 0.882430 0.816425 0.967925 0.709584 0.942693 0.900544 0.796771 0.809271 0.776079 0.776678 0.951893 0.924966 0.918960 0.857835 0.834984 0.901188 0.598304 0.793826 0.858722 0.818297 0.575541 0.495403 0.841481 0.743353 0.904763 0.944402 0.856974 0.984563 0.932455 0.820848 0.850986 0.856083 0.939339 0.975824 0.720904 0.780677 0.786408 0.680806 0.605277 0.667236 0.516857 0.476817 0.837453 0.675807 0.687148 0.703461 0.795198 0.948839 0.953925 0.954004 0.997620 0.943755 0.897164 0.895234 0.917397 0.762631 0.960140 0.688180 0.965057 0.954079 0.790332 0.853936 0.883879 0.988365 0.962324 0.954697 0.852451 0.981216 0.955368 0.948611 0.848794 0.859908
0.800565 0.757278 0.648642 0.845711 0.000000 0.968834 0.643339 0.958910 0.655121 0.888084 0.894059 0.832801 0.835422 0.954723 0.774037 0.971321 0.738909 0.840648 0.802141 0.804047 0.753269 0.938031 0.682629 0.845432 0.998341 0.841524 0.955246 0.875417 0.904584 0.920194 0.922146 0.849565 0.898892 0.878620 0.858623 0.825506 0.876887 0.968220 0.931171 0.884802 0.912624 0.968696 0.864976 0.963597 0.802514 0.953492 0.973534 0.930999 0.809055 0.793141 0.833916 0.842574 0.850593 0.920863 0.642179 0.745505 0.785811 0.758110 0.782799 0.878473 0.770001 0.954920 0.960071 0.842038 0.670925 0.626121 0.739450 0.712688 0.783933 0.729259 0.821462 0.780013 0.949468 0.910362 0.989744 0.942712 0.795547 0.993363 0.915611 0.992321 0.894129 0.813936 0.926509 0.963778 0.658689 0.643507 0.744491 0.807241 0.793653 0.964088 0.702613 0.670102 0.734009 0.706490 0.893400 0.924140 0.896921 0.855616 0.987458 0.884591 0.966559 0.772752 0.869922 0.999449 0.810722 0.896652 0.985912 0.929819 0.907023 0.827507 0.841353 0.947595 0.920308 0.903407 0.935219 0.836345
0.673152 0.616220 0.859957 0.910201 0.968834 0.000000 0.983056 0.602161 0.936486 0.741199 0.765286 0.616860 0.764704 0.620910 0.793873 0.644919 0.825475 0.709784 0.727992 0.699917 0.841992 0.991553 0.993511 0.966474 0.749110 0.982854 0.996621 0.968036 0.601208 0.701686 0.878252 0.911472 0.799602 0.729954 0.901352 0.930618 0.883480 0.964381 0.928602 0.965266 0.884401 0.908142 0.860647 0.652821 0.979635 0.704522 0.869928 0.819918 0.644621 0.654604 0.685584 0.642985 0.859489 0.695735 0.959879 0.865603 0.770066 0.719618 0.787180 0.638197 0.825263 0.604547 0.684610 0.633592 0.915121 0.819656 0.958541 0.976408 0.986245 0.828827 0.949848 0.935077 0.805641 0.870828 0.745306 0.760363 0.725559 0.696984 0.926085 0.824282 0.713037 0.690179 0.840211 0.910320 0.917285 0.876455 0.896797 0.931253 0.856480 0.988819 0.914799 0.869363 0.951154 0.896646 0.886127 0.874883 0.862509 0.879455 0.821387 0.797296 0.670998 0.905745 0.914809 0.824368 0.832218 0.896984 0.985780 0.830000 0.889465 0.778026 0.899902 0.982910 0.983489 0.905173 0.949699 0.930566
0.804028 0.723045 0.457289 0.672890 0.643339 0.983056 0.000000 0.592718 0.420992 0.760964 0.841142 0.972780 0.599512 0.982977 0.637600 0.990421 0.936016 0.954684 0.998877 0.825658 0.940868 0.836369 0.698924 0.994743 0.927935 0.790019 0.847198 0.823936 0.991693 0.945724 0.805607 0.714270 0.646963 0.697694 0.739454 0.752285 0.947154 0.919382 0.922538 0.933426 0.771697 0.860196 0.552684 0.691331 0.412946 0.732378 0.925688 0.810158 0.779864 0.660451 0.796826 0.759896 0.762963 0.912219 0.669680 0.732297 0.777544 0.657179 0.874458 0.737908 0.417606 0.886809 0.781741 0.990274 0.534085 0.420812 0.393173 0.365698 0.628023 0.517991 0.939742 0.989854 0.963000 0.908686 0.934564 0.981138 0.921335 0.951360 0.809909 0.905000 0.959331 0.944735 0.872354 0.930394 0.637335 0.710659 0.786582 0.883993 0.859024 0.933743 0.429582 0.527597 0.526522 0.513597 0.964865 0.921373 0.952687 0.686962 0.652415 0.522854 0.775026 0.517514 0.958549 0.857923 0.842128 0.847775 0.830756 0.773899 0.882967 0.862587 0.653334 0.664019 0.817168 0.975142 0.733016 0.984791
0.564946 0.558043 0.947950 0.727773 0.958910 0.602161 0.592718 0.000000 0.678678 0.451591 0.387142 0.393685 0.513004 0.576806 0.768835 0.699158 0.443804 0.442441 0.605242 0.553769 0.659072 0.900437 0.897262 0.822848 0.521822 0.826042 0.831031 0.840546 0.418676 0.399323 0.940572 0.900936 0.618903 0.429240 0.948874 0.845999 0.737322 0.911636 0.833245 0.869614 0.785241 0.924097 0.676153 0.457567 0.615300 0.421219 0.810975 0.603284 0.584960 0.679952 0.608586 0.643198 0.796929 0.705384 0.982358 0.827500 0.623571 0.665428 0.577885 0.600782 0.410634 0.332972 0.328428 0.376563 0.955209 0.630109 0.857636 0.693768 0.982906 0.894258 0.940527 0.916309 0.767514 0.791895 0.745945 0.825746 0.649816 0.817283 0.732291 0.838125 0.506429 0.617280 0.806106 0.941732 0.860191 0.903064 0.919924 0.932900 0.930950 0.973136 0.715349 0.992409 0.968216 0.939034 0.921819 0.749811 0.808279 0.919042 0.540064 0.540268 0.469272 0.648117 0.751757 0.662253 0.776488 0.786123 0.942832 0.768893 0.885926 0.987308 0.643728 0.625548 0.612350 0.996812 0.772524 0.816128
0.829546 0.762201 0.675393 0.936714 0.655121 0.936486 0.420992 0.678678 0.000000 0.806101 0.895772 0.950276 0.749142 0.943381 0.715029 0.986482 0.994703 0.976723 0.910828 0.811528 0.958501 0.870465 0.820851 0.879132 0.872046 0.842770 0.884322 0.761108 0.993785 0.962506 0.741539 0.764412 0.842628 0.837854 0.842033 0.881363 0.971885 0.933894 0.888358 0.945324 0.725796 0.827180 0.617407 0.721332 0.504787 0.711199 0.991007 0.927157 0.851611 0.767807 0.873108 0.868126 0.858593 0.962430 0.589150 0.835214 0.864436 0.742355 0.832470 0.839503 0.590629 0.890131 0.834002 0.990198 0.685680 0.560807 0.540509 0.503823 0.705076 0.609782 0.989286 0.957994 0.865897 0.915154 0.974444 0.962729 0.945698 0.991976 0.962296 0.769036 0.939368 0.905691 0.938953 0.913638 0.745236 0.794582 0.758165 0.981560 0.952727 0.987747 0.583334 0.561153 0.641324 0.573253 0.948939 0.994944 0.994835 0.883152 0.711873 0.636554 0.758500 0.717188 0.848400 0.791398 0.790089 0.755773 0.843433 0.826125 0.930892 0.799954 0.746887 0.783829 0.858241 0.921264 0.739692 0.953901
0.794644 0.721908 0.861978 0.986723 0.888084 0.741199 0.760964 0.451591 0.806101 0.000000 0.521767 0.603699 0.902110 0.956561 0.907096 0.961545 0.510947 0.561611 0.934015 0.772569 0.643839 0.958991 0.611620 0.578773 0.595147 0.763448 0.635337 0.892760 0.527516 0.499102 0.916333 0.884783 0.731341 0.646331 0.929873 0.884084 0.918175 0.968859 0.926880 0.938353 0.894964 0.996075 0.639766 0.485974 0.588860 0.497451 0.800641 0.671627 0.697533 0.873893 0.770562 0.869977 0.969381 0.927183 0.891760 0.777001 0.664451 0.784630 0.695967 0.785674 0.669068 0.558040 0.532324 0.510049 0.815797 0.924034 0.858196 0.760541 0.981980 0.923011 0.901918 0.610993 0.780598 0.885750 0.827095 0.926693 0.767761 0.848791 0.848740 0.931705 0.688392 0.875864 0.951779 0.997377 0.765193 0.728353 0.821068 0.749065 0.780067 0.887633 0.861692 0.981742 0.958806 0.875884 0.855985 0.807499 0.756268 0.764828 0.491409 0.539893 0.589926 0.737673 0.762511 0.650353 0.975556 0.963354 0.939610 0.640966 0.838307 0.980009 0.724917 0.562792 0.735067 0.981196 0.916622 0.807920
0.505081 0.569375 0.717729 0.931257 0.894059 0.765286 0.841142 0.387142 0.895772 0.521767 0.000000 0.418855 0.652735 0.666558 0.980645 0.850695 0.410510 0.458602 0.636138 0.485740 0.543880 0.973372 0.580734 0.656909 0.469407 0.634020 0.807942 0.849694 0.347191 0.409008 0.844809 0.896974 0.752223 0.613813 0.830703 0.727879 0.720394 0.914622 0.858789 0.957394 0.933199 0.951149 0.880703 0.681873 0.826802 0.549597 0.937612 0.790603 0.535517 0.598920 0.585636 0.623498 0.711009 0.692835 0.899787 0.779007 0.569976 0.603950 0.469742 0.558781 0.626687 0.415757 0.348681 0.409923 0.641191 0.986931 0.921389 0.979861 0.860153 0.784869 0.776948 0.986629 0.735492 0.709279 0.817103 0.932591 0.670729 0.863590 0.797027 0.876619 0.597325 0.728737 0.937504 0.989767 0.855242 0.790163 0.769880 0.798152 0.895210 0.951824 0.935562 0.854742 0.891326 0.890263 0.898432 0.817023 0.822827 0.955929 0.587906 0.718840 0.607435 0.786077 0.804298 0.622406 0.926067 0.907064 0.825149 0.801428 0.926921 0.916690 0.856999 0.820699 0.633319 0.898235 0.952327 0.780011
0.354141 0.343725 0.620091 0.814714 0.832801 0.616860 0.972780 0.393685 0.950276 0.603699 0.418855 0.000000 0.538112 0.387883 0.873259 0.549763 0.400123 0.400555 0.472607 0.333262 0.681533 0.983089 0.775051 0.919786 0.529917 0.645733 0.917146 0.916496 0.363959 0.410755 0.788366 0.832937 0.794172 0.564678 0.781892 0.702720 0.704249 0.924120 0.835009 0.922976 0.930135 0.900126 0.973124 0.671890 0.980546 0.590684 0.885672 0.732381 0.449841 0.446838 0.409047 0.465760 0.579295 0.646624 0.791115 0.640187 0.447639 0.434922 0.408510 0.382947 0.615124 0.276802 0.374814 0.269789 0.719697 0.883426 0.779759 0.922739 0.667138 0.574084 0.890425 0.910376 0.741982 0.799184 0.792637 0.765338 0.549360 0.784527 0.867964 0.747368 0.422421 0.460623 0.783063 0.941928 0.963057 0.993238 0.867471 0.964140 0.884515 0.951328 0.960875 0.583669 0.650689 0.675974 0.988522 0.772667 0.893399 0.890385 0.723485 0.825830 0.633025 0.931658 0.721725 0.827284 0.885282 0.937136 0.881948 0.853211 0.897567 0.921558 0.894275 0.856504 0.640916 0.946801 0.913971 0.746551
0.721515 0.798102 0.806293 0.589757 0.835422 0.764704 0.599512 0.513004 0.749142 0.902110 0.652735 0.538112 0.000000 0.384337 0.482484 0.552820 0.682194 0.741307 0.564698 0.682670 0.863627 0.933353 0.723638 0.800144 0.777694 0.974149 0.888629 0.982457 0.678805 0.696619 0.951674 0.999162 0.729757 0.659254 0.944670 0.941244 0.719460 0.748483 0.787621 0.920705 0.788419 0.782256 0.987887 0.851105 0.933448 0.790139 0.994045 0.891483 0.880615 0.797222 0.688505 0.725872 0.750048 0.679746 0.861340 0.971763 0.918900 0.907406 0.780577 0.767694 0.427450 0.575755 0.546559 0.660403 0.790962 0.537815 0.908154 0.807480 0.918142 0.974154 0.755331 0.888854 0.995443 0.991192 0.846715 0.801582 0.811421 0.920252 0.873276 0.907716 0.740335 0.653483 0.683998 0.930441 0.591833 0.670315 0.859484 0.870970 0.851564 0.940436 0.721548 0.839422 0.976984 0.895998 0.804205 0.930703 0.936011 0.944486 0.809878 0.817027 0.737589 0.773013 0.922245 0.956004 0.820242 0.875952 0.969676 0.945524 0.925721 0.809414 0.837516 0.888727 0.768693 0.948268 0.846638 0.781065
0.540336 0.538995 0.881283 0.632739 0.954723 0.620910 0.982977 0.576806 0.943381 0.956561 0.666558 0.387883 0.384337 0.000000 0.600409 0.391738 0.633912 0.625767 0.475787 0.496675 0.817111 0.990932 0.847538 0.723976 0.770027 0.870691 0.827971 0.957810 0.614075 0.649081 0.858135 0.913740 0.826410 0.721998 0.855361 0.789322 0.668785 0.815206 0.744618 0.998177 0.851360 0.829651 0.827790 0.898876 0.803208 0.814478 0.995485 0.866235 0.690847 0.541029 0.484677 0.510108 0.585593 0.556456 0.947893 0.895953 0.728254 0.635703 0.644770 0.551352 0.630875 0.510032 0.567573 0.516728 0.979100 0.719712 0.765137 0.890481 0.834790 0.714189 0.779626 0.929463 0.951416 0.907243 0.804019 0.737604 0.780557 0.803395 0.815428 0.725821 0.564061 0.473022 0.674711 0.936572 0.701706 0.694049 0.980191 0.891462 0.934265 0.920565 0.998214 0.568718 0.610208 0.607368 0.847549 0.941467 0.926331 0.760044 0.989040 0.943119 0.815897 0.932624 0.886811 0.973509 0.830797 0.908335 0.908666 0.929195 0.937929 0.940709 0.919129 0.974882 0.856600 0.998208 0.908088 0.851553
0.998568 0.998208 0.621547 0.586749 0.774037 0.793873 0.637600 0.768835 0.715029 0.907096 0.980645 0.873259 0.482484 0.600409 0.000000 0.553437 0.971265 0.954009 0.772764 0.906349 0.967059 0.828576 0.460484 0.670237 0.896503 0.706161 0.748004 0.968833 0.977180 0.988764 0.808227 0.728086 0.695013 0.847853 0.803785 0.951306 0.904063 0.816319 0.854151 0.915936 0.797236 0.724251 0.923359 0.891001 0.945049 0.885952 0.962678 0.902562 0.936758 0.942398 0.892650 0.858338 0.896634 0.748906 0.788135 0.871259 0.898383 0.964683 0.919056 0.981552 0.642796 0.852329 0.842823 0.960749 0.551251 0.456594 0.748712 0.697562 0.811246 0.826423 0.863112 0.923393 0.938917 0.833359 0.846978 0.872416 0.961262 0.940841 0.797481 0.903830 0.918549 0.782461 0.648941 0.888243 0.496068 0.480063 0.818011 0.791992 0.784866 0.880980 0.640413 0.911615 0.890045 0.903999 0.894711 0.991038 0.884092 0.891241 0.978330 0.753515 0.897223 0.773453 0.834991 0.910623 0.812312 0.870503 0.972631 0.985493 0.989506 0.776695 0.961097 0.966859 0.951725 0.992279 0.706974 0.942748
0.698867 0.642286 0.951376 0.751921 0.971321 0.644919 0.990421 0.699158 0.986482 0.961545 0.850695 0.549763 0.552820 0.391738 0.553437 0.000000 0.795678 0.731546 0.569609 0.603821 0.965674 0.973891 0.738450 0.709031 0.961148 0.920396 0.817375 0.995207 0.784473 0.805342 0.980078 0.975915 0.834426 0.804405 0.979430 0.864087 0.919692 0.889831 0.889765 0.955278 0.886395 0.798911 0.922558 0.866421 0.823643 0.913132 0.998139 0.862732 0.833864 0.686146 0.688257 0.676190 0.823367 0.773844 0.947894 0.961667 0.739411 0.752892 0.894367 0.696992 0.800631 0.650159 0.744043 0.658685 0.898621 0.672761 0.877027 0.985177 0.803495 0.735906 0.997247 0.971812 0.896575 0.927854 0.875767 0.688984 0.818215 0.740171 0.793938 0.707305 0.598211 0.453785 0.619769 0.947724 0.621570 0.558024 0.994352 0.797035 0.943290 0.969154 0.986223 0.745489 0.704542 0.768814 0.916204 0.876129 0.891767 0.797464 0.907201 0.968009 0.800935 0.958601 0.978131 0.948688 0.885500 0.813038 0.832007 0.955579 0.981178 0.944362 0.966492 0.958075 0.937553 0.951031 0.807383 0.909384
0.496739 0.459467 0.765466 0.833319 0.738909 0.825475 0.936016 0.443804 0.994703 0.510947 0.410510 0.400123 0.682194 0.633912 0.971265 0.795678 0.000000 0.338761 0.544598 0.423738 0.615746 0.970442 0.684967 0.705661 0.596507 0.723576 0.793584 0.994202 0.401606 0.404901 0.942584 0.992446 0.627035 0.540327 0.866436 0.767475 0.825904 0.982000 0.905505 0.958686 0.896893 0.954697 0.853812 0.614220 0.890496 0.585099 0.738257 0.607662 0.506545 0.593028 0.498163 0.611739 0.681229 0.749271 0.681030 0.623327 0.437716 0.499057 0.422783 0.542281 0.672426 0.443132 0.369081 0.319427 0.767974 0.964715 0.876527 0.934722 0.802303 0.657611 0.958567 0.798088 0.759699 0.796516 0.747427 0.901565 0.663139 0.872546 0.792828 0.758688 0.417790 0.554432 0.911422 0.879641 0.985058 0.870446 0.735226 0.800241 0.824995 0.912864 0.931752 0.677360 0.783307 0.713565 0.979035 0.800186 0.853869 0.992333 0.527069 0.731895 0.622388 0.853838 0.620989 0.758244 0.900964 0.885125 0.997204 0.812624 0.985395 0.874294 0.789039 0.717706 0.657887 0.990942 0.884748 0.673097
0.436914 0.380033 0.803064 0.820565 0.840648 0.709784 0.954684 0.442441 0.976723 0.561611 0.458602 0.400555 0.741307 0.625767 0.954009 0.731546 0.338761 0.000000 0.461902 0.389705 0.619481 0.913605 0.784258 0.785113 0.662603 0.812872 0.800561 0.821075 0.370395 0.431231 0.979401 0.907947 0.540425 0.493282 0.958734 0.789185 0.889728 0.902057 0.888854 0.985080 0.972279 0.953888 0.774191 0.568127 0.840452 0.522804 0.736071 0.500885 0.479648 0.568901 0.526674 0.577966 0.713581 0.746331 0.656246 0.589569 0.396337 0.427484 0.419104 0.489984 0.686718 0.425621 0.381068 0.301226 0.830268 0.924932 0.939795 0.885303 0.721510 0.627017 0.946991 0.793568 0.604494 0.656757 0.766927 0.772254 0.579368 0.737411 0.660589 0.622358 0.323423 0.483222 0.802257 0.809162 0.960491 0.978160 0.738473 0.917247 0.826473 0.862824 0.995123 0.707611 0.807170 0.730201 0.912680 0.731697 0.786576 0.899237 0.561161 0.688063 0.613857 0.816715 0.652196 0.629275 0.756285 0.754474 0.852167 0.852702 0.997754 0.895387 0.723942 0.796231 0.632041 0.944732 0.795583 0.770325
0.549632 0.495424 0.834001 0.783304 0.802141 0.727992 0.998877 0.605242 0.910828 0.934015 0.636138 0.472607 0.564698 0.475787 0.772764 0.569609 0.544598 0.461902 0.000000 0.444406 0.765000 0.927134 0.954564 0.906428 0.774593 0.851143 0.954230 0.895104 0.546440 0.594487 0.939169 0.983553 0.654047 0.623625 0.880608 0.827944 0.715908 0.958876 0.770558 0.821469 0.968811 0.834846 0.955184 0.876669 0.881095 0.876556 0.854676 0.736017 0.727441 0.612314 0.632368 0.616493 0.730060 0.728473 0.743863 0.849231 0.570145 0.574594 0.585104 0.612171 0.775925 0.589566 0.531945 0.519346 0.892345 0.921002 0.823883 0.934467 0.743851 0.698670 0.987090 0.947105 0.753849 0.775653 0.860089 0.814224 0.621770 0.870337 0.801963 0.649874 0.537588 0.515530 0.778847 0.826215 0.847456 0.865771 0.852063 0.910938 0.900566 0.970530 0.985288 0.620263 0.724078 0.647750 0.930632 0.826526 0.966987 0.829343 0.929559 0.989317 0.746358 0.966094 0.737927 0.949650 0.840451 0.804492 0.884810 0.928758 0.975263 0.926561 0.933769 0.971835 0.822065 0.977191 0.986819 0.773109
0.356862 0.329904 0.616367 0.808283 0.804047 0.699917 0.825658 0.553769 0.811528 0.772569 0.485740 0.333262 0.682670 0.496675 0.906349 0.603821 0.423738 0.389705 0.444406 0.000000 0.684941 0.974126 0.824199 0.957836 0.691213 0.695388 0.987460 0.927283 0.445833 0.513484 0.801248 0.891229 0.798974 0.632144 0.845352 0.662991 0.770762 0.991702 0.903172 0.972521 0.993967 0.985023 0.900873 0.810731 0.809089 0.749802 0.935439 0.742260 0.429880 0.402582 0.439895 0.459656 0.580028 0.640225 0.732945 0.619886 0.416721 0.352476 0.430648 0.391097 0.847478 0.454078 0.513636 0.394610 0.693119 0.962379 0.686196 0.812754 0.596471 0.446003 0.930666 0.939814 0.684008 0.758620 0.830912 0.772455 0.519701 0.739608 0.839355 0.675571 0.445394 0.467261 0.791494 0.893003 0.977949 0.982101 0.693876 0.964531 0.851979 0.917635 0.809742 0.573676 0.621001 0.598233 0.973954 0.811208 0.908429 0.819215 0.809968 0.948151 0.701933 0.988340 0.695354 0.859489 0.815048 0.921316 0.857479 0.985497 0.956846 0.905704 0.927924 0.937489 0.741490 0.912731 0.909503 0.696240
0.711683 0.697246 0.792729 0.973798 0.753269 0.841992 0.940868 0.659072 0.958501 0.643839 0.543880 0.681533 0.863627 0.817111 0.967059 0.965674 0.615746 0.619481 0.765000 0.684941 0.000000 0.893927 0.789997 0.730883 0.779130 0.884715 0.970315 0.856843 0.636127 0.686854 0.973353 0.997078 0.748930 0.766779 0.922090 0.849257 0.761745 0.914525 0.780689 0.948244 0.868967 0.989633 0.899885 0.791762 0.878457 0.695723 0.995586 0.812581 0.736610 0.696532 0.735904 0.709166 0.748751 0.703496 0.940779 0.875227 0.717177 0.684438 0.618032 0.721376 0.819986 0.683637 0.632549 0.636804 0.815763 0.972675 0.977879 0.953673 0.949865 0.782612 0.952639 0.856754 0.808589 0.913716 0.816747 0.967963 0.753626 0.899681 0.840963 0.952504 0.771368 0.869748 0.997150 0.964274 0.840227 0.820858 0.753826 0.780948 0.792522 0.939507 0.826131 0.921372 0.923259 0.891150 0.865459 0.959906 0.828725 0.953871 0.700419 0.801958 0.804654 0.834621 0.844509 0.814632 0.859038 0.982846 0.992851 0.892304 0.924508 0.859793 0.903292 0.692085 0.835556 0.908935 0.946688 0.860573
0.925183 0.901892 0.998801 0.932735 0.938031 0.991553 0.836369 0.900437 0.870465 0.958991 0.973372 0.983089 0.933353 0.990932 0.828576 0.973891 0.970442 0.913605 0.927134 0.974126 0.893927 0.000000 0.860594 0.977874 0.898713 0.907014 0.909822 0.973190 0.979414 0.985211 0.969725 0.960416 0.894373 0.945889 0.932146 0.958034 0.910349 0.750364 0.956666 0.722777 0.858049 0.923516 0.965711 0.994613 0.903368 0.990880 0.970441 0.945766 0.912166 0.899540 0.861961 0.926538 0.902274 0.983412 0.950221 0.886326 0.940712 0.911466 0.986135 0.894677 0.831808 0.914759 0.983881 0.975118 0.873557 0.793107 0.823711 0.874881 0.985119 0.945323 0.970420 0.936879 0.999642 0.874251 0.921231 0.862752 0.974039 0.875578 0.854157 0.875331 0.940295 0.903905 0.981267 0.929127 0.915129 0.856804 0.813248 0.949751 0.993801 0.981756 0.869210 0.846950 0.888095 0.910686 0.980902 0.993564 0.937518 0.988944 0.997245 0.924084 0.994159 0.903788 0.958202 0.983167 0.858672 0.822233 0.986627 0.913213 0.979494 0.862437 0.965770 0.875972 0.951170 0.965875 0.950514 0.972242
0.725318 0.747151 0.482084 0.619266 0.682629 0.993511 0.698924 0.897262 0.820851 0.611620 0.580734 0.775051 0.723638 0.847538 0.460484 0.738450 0.684967 0.784258 0.954564 0.824199 0.789997 0.860594 0.000000 0.425721 0.631559 0.544403 0.711388 0.960627 0.631579 0.646915 0.784193 0.775548 0.833279 0.944516 0.729694 0.708996 0.899065 0.912806 0.882687 0.980060 0.840239 0.819722 0.991475 0.861193 0.991482 0.809290 0.921785 0.970519 0.643871 0.770711 0.796068 0.870293 0.888631 0.985979 0.731845 0.704746 0.641045 0.720898 0.653097 0.744447 0.862860 0.787045 0.741560 0.680209 0.377936 0.491555 0.702877 0.722406 0.793717 0.733178 0.983218 0.856758 0.880674 0.796861 0.948618 0.905519 0.791084 0.971431 0.944569 0.947414 0.855863 0.963509 0.626637 0.946513 0.416647 0.389704 0.718398 0.583746 0.793808 0.831762 0.713584 0.824670 0.808857 0.879154 0.809147 0.933724 0.861371 0.995978 0.807328 0.951607 0.915285 0.871885 0.818557 0.696341 0.815482 0.886502 0.877810 0.777311 0.944394 0.867674 0.902050 0.956588 0.803315 0.948123 0.788345 0.943352
0.936860 0.944386 0.757146 0.636006 0.845432 0.966474 0.994743 0.822848 0.879132 0.578773 0.656909 0.919786 0.800144 0.723976 0.670237 0.709031 0.705661 0.785113 0.906428 0.957836 0.730883 0.977874 0.425721 0.000000 0.665561 0.736344 0.675628 0.908074 0.698823 0.687276 0.970217 0.927392 0.943013 0.810398 0.911884 0.898608 0.992396 0.942345 0.859300 0.962336 0.940773 0.945663 0.771835 0.732066 0.740512 0.712427 0.905025 0.909239 0.808473 0.977521 0.997652 0.940546 0.883804 0.890235 0.911931 0.847740 0.768553 0.905528 0.815950 0.943683 0.983563 0.858985 0.701250 0.776509 0.639286 0.705786 0.954289 0.901338 0.956485 0.964521 0.882618 0.852775 0.819806 0.856297 0.923168 0.918568 0.790108 0.920398 0.960996 0.876614 0.919795 0.864718 0.681182 0.884840 0.566365 0.468439 0.797728 0.578738 0.726238 0.877684 0.986963 0.912355 0.904098 0.890877 0.826313 0.948777 0.902930 0.900351 0.594941 0.901903 0.802617 0.964679 0.929203 0.718055 0.969950 0.942930 0.986141 0.699718 0.936672 0.899230 0.973485 0.754713 0.864166 0.952810 0.976708 0.914152
0.716590 0.743272 0.596883 0.876988 0.998341 0.749110 0.927935 0.521822 0.872046 0.595147 0.469407 0.529917 0.777694 0.770027 0.896503 0.961148 0.596507 0.662603 0.774593 0.691213 0.779130 0.898713 0.631559 0.665561 0.000000 0.456479 0.636916 0.842683 0.498676 0.457565 0.738347 0.865626 0.933053 0.761653 0.787358 0.810506 0.716349 0.821785 0.911917 0.844191 0.898179 0.865422 0.981827 0.807620 0.902243 0.732790 0.915950 0.924651 0.703610 0.789642 0.773731 0.832281 0.897436 0.910917 0.968177 0.853757 0.728994 0.773636 0.626680 0.694915 0.682756 0.533686 0.498340 0.548174 0.561866 0.925989 0.845800 0.945123 0.974749 0.879986 0.709539 0.848175 0.787061 0.790684 0.859263 0.873485 0.777232 0.946801 0.922112 0.938979 0.724677 0.884862 0.925286 0.950331 0.773384 0.727732 0.993181 0.793698 0.785958 0.847098 0.943644 0.852747 0.811478 0.906267 0.938350 0.882302 0.961824 0.962198 0.732906 0.875083 0.812010 0.922357 0.863092 0.787786 0.960067 0.913728 0.909546 0.830834 0.897414 0.876304 0.935262 0.878421 0.713941 0.999966 0.867553 0.871874
0.757926 0.788443 0.433610 0.724301 0.841524 0.982854 0.790019 0.826042 0.842770 0.763448 0.634020 0.645733 0.974149 0.870691 0.706161 0.920396 0.723576 0.812872 0.851143 0.695388 0.884715 0.907014 0.544403 0.736344 0.456479 0.000000 0.800253 0.891328 0.664736 0.683246 0.430967 0.623988 0.777573 0.991453 0.661178 0.784322 0.689255 0.932499 0.829291 0.922054 0.968016 0.988559 0.657154 0.886731 0.837846 0.945695 0.929523 0.820621 0.790384 0.843334 0.858853 0.972652 0.998514 0.899759 0.907322 0.832197 0.738844 0.780768 0.651973 0.782867 0.967928 0.737275 0.779313 0.739786 0.456251 0.660551 0.666374 0.644018 0.806060 0.753537 0.739008 0.969232 0.810467 0.835071 0.953828 0.942850 0.811792 0.913411 0.910016 0.949584 0.936634 0.967273 0.873542 0.948064 0.651241 0.580549 0.850497 0.881162 0.806570 0.750060 0.625962 0.679160 0.616283 0.814704 0.859126 0.938167 0.984034 0.790068 0.982782 0.877488 0.926835 0.732585 0.953613 0.987413 0.880686 0.743982 0.941478 0.954500 0.974741 0.848755 0.934278 0.981637 0.970349 0.991427 0.722382 0.807527
0.989657 0.994712 0.906093 0.846746 0.955246 0.996621 0.847198 0.831031 0.884322 0.635337 0.807942 0.917146 0.888629 0.827971 0.748004 0.817375 0.793584 0.800561 0.954230 0.987460 0.970315 0.909822 0.711388 0.675628 0.636916 0.800253 0.000000 0.757736 0.764096 0.860014 0.926384 0.904983 0.815416 0.868183 0.751082 0.986835 0.963971 0.985720 0.982376 0.955347 0.987115 0.980814 0.716219 0.780281 0.698657 0.799427 0.843814 0.890822 0.932950 0.843677 0.992334 0.865929 0.858160 0.867208 0.826933 0.932845 0.938945 0.922561 0.871570 0.996951 0.816500 0.843723 0.818892 0.835002 0.840301 0.959471 0.820065 0.770374 0.955848 0.855579 0.959552 0.935654 0.752316 0.814919 0.990020 0.973586 0.862141 0.878492 0.895427 0.940043 0.921020 0.935656 0.808400 0.985604 0.811517 0.706651 0.970136 0.770927 0.794194 0.898092 0.962279 0.865735 0.893065 0.894261 0.962887 0.937718 0.971495 0.821860 0.639324 0.762774 0.792364 0.864271 0.871434 0.800930 0.948743 0.972186 0.949383 0.684949 0.855149 0.877079 0.869730 0.854526 0.787279 0.842224 0.935268 0.955215
0.955184 0.963218 0.948340 0.951876 0.875417 0.968036 0.823936 0.840546 0.761108 0.892760 0.849694 0.916496 0.982457 0.957810 0.968833 0.995207 0.994202 0.821075 0.895104 0.927283 0.856843 0.973190 0.960627 0.908074 0.842683 0.891328 0.757736 0.000000 0.857795 0.883626 0.944175 0.879301 0.910880 0.975647 0.991093 0.799821 0.824813 0.989232 0.960841 0.924935 0.911026 0.972563 0.796794 0.904080 0.791171 0.855568 0.912803 0.920324 0.952657 0.977524 0.969115 0.994719 0.967616 0.918280 0.943590 0.931605 0.890137 0.924714 0.951430 0.952839 0.864154 0.865401 0.908257 0.906766 0.957919 0.936979 0.922511 0.873668 0.904839 0.974346 0.897828 0.985891 0.749321 0.928637 0.868269 0.977674 0.906730 0.978005 0.945699 0.987937 0.983373 0.969242 0.978390 0.968261 0.987167 0.984821 0.918372 0.948865 0.884753 0.811908 0.820690 0.840045 0.890422 0.907004 0.947852 0.844101 0.917232 0.950117 0.987209 0.942561 0.968648 0.970435 0.963568 0.782165 0.884260 0.981871 0.955583 0.931015 0.724797 0.939092 0.867349 0.913476 0.869718 0.868482 0.959163 0.963620
0.432129 0.420706 0.658628 0.968558 0.904584 0.601208 0.991693 0.418676 0.993785 0.527516 0.347191 0.363959 0.678805 0.614075 0.977180 0.784473 0.401606 0.370395 0.546440 0.445833 0.636127 0.979414 0.631579 0.698823 0.498676 0.664736 0.764096 0.857795 0.000000 0.366223 0.915170 0.985682 0.670969 0.543427 0.830639 0.701524 0.736342 0.968974 0.872683 0.974604 0.991211 0.984615 0.835426 0.599498 0.875599 0.485120 0.758207 0.687459 0.447685 0.489610 0.462201 0.511504 0.624053 0.614554 0.747665 0.634759 0.473133 0.478915 0.394000 0.430616 0.649891 0.363582 0.326536 0.320722 0.663321 0.990185 0.864188 0.998288 0.830456 0.698299 0.894461 0.937673 0.619116 0.712867 0.820041 0.813565 0.516571 0.872725 0.779285 0.743126 0.505878 0.653719 0.943303 0.995924 0.881207 0.808814 0.761861 0.777863 0.853240 0.980448 0.963143 0.732479 0.846092 0.797157 0.998394 0.790157 0.823745 0.958803 0.596297 0.785465 0.533253 0.814669 0.702195 0.654127 0.863631 0.903193 0.878092 0.814500 0.841876 0.946574 0.827580 0.804346 0.626379 0.962186 0.998960 0.797148
0.559881 0.489613 0.746991 0.945626 0.920194 0.701686 0.945724 0.399323 0.962506 0.499102 0.409008 0.410755 0.696619 0.649081 0.988764 0.805342 0.404901 0.431231 0.594487 0.513484 0.686854 0.985211 0.646915 0.687276 0.457565 0.683246 0.860014 0.883626 0.366223 0.000000 0.986086 0.943703 0.731170 0.507562 0.769837 0.676049 0.808979 0.893649 0.923787 0.982170 0.975688 0.975446 0.833518 0.597947 0.866320 0.512845 0.741379 0.704224 0.541867 0.547781 0.528766 0.577543 0.697482 0.668417 0.831799 0.789179 0.526556 0.539011 0.546319 0.537749 0.682700 0.441782 0.331288 0.340677 0.626925 0.958888 0.773597 0.999763 0.958345 0.743225 0.919037 0.927898 0.783484 0.745974 0.820379 0.848304 0.673463 0.795731 0.812029 0.730718 0.502026 0.693857 0.980758 0.954014 0.817734 0.789879 0.786640 0.788229 0.780958 0.856060 0.986672 0.741381 0.814871 0.808866 0.951221 0.753636 0.898907 0.981489 0.663707 0.887581 0.578440 0.814157 0.708155 0.705383 0.922767 0.948228 0.821055 0.835737 0.888738 0.898776 0.794011 0.775827 0.591161 0.928143 0.960307 0.753727
0.864024 0.968138 0.603758 0.908688 0.922146 0.878252 0.805607 0.940572 0.741539 0.916333 0.844809 0.788366 0.951674 0.858135 0.808227 0.980078 0.942584 0.979401 0.939169 0.801248 0.973353 0.969725 0.784193 0.970217 0.738347 0.430967 0.926384 0.944175 0.915170 0.986086 0.000000 0.473839 0.718999 0.830276 0.801294 0.907201 0.768602 0.971646 0.899929 0.968115 0.985668 0.947261 0.501630 0.617353 0.700443 0.710070 0.724977 0.636618 0.981811 0.981204 0.990361 0.918419 0.972266 0.830893 0.969306 0.892058 0.986882 0.948739 0.726297 0.944403 0.998343 0.898313 0.978183 0.960870 0.716946 0.800072 0.821664 0.626635 0.701268 0.780942 0.712683 0.862577 0.851752 0.966011 0.860800 0.990798 0.950648 0.797378 0.865089 0.824384 0.928637 0.935293 0.998907 0.916699 0.915854 0.836170 0.971182 0.837868 0.967004 0.893791 0.701507 0.741434 0.698960 0.852335 0.869672 0.969636 0.951039 0.873539 0.860039 0.807602 0.739028 0.688687 0.894270 0.874842 0.934654 0.659499 0.994332 0.895082 0.985780 0.782868 0.760477 0.876372 0.982174 0.990269 0.702459 0.792037
0.810577 0.928337 0.622376 0.839653 0.849565 0.911472 0.714270 0.900936 0.764412 0.884783 0.896974 0.832937 0.999162 0.913740 0.728086 0.975915 0.992446 0.907947 0.983553 0.891229 0.997078 0.960416 0.775548 0.927392 0.865626 0.623988 0.904983 0.879301 0.985682 0.943703 0.473839 0.000000 0.632112 0.803080 0.785589 0.950058 0.920753 0.921264 0.866090 0.899520 0.913299 0.865296 0.568119 0.651772 0.693102 0.724292 0.706707 0.644460 0.929176 0.952984 0.984846 0.986585 0.947717 0.875677 0.954870 0.921127 0.952824 0.926108 0.784538 0.929583 0.910559 0.912352 0.918420 0.963236 0.721799 0.779751 0.830780 0.612457 0.707126 0.834287 0.776116 0.871116 0.999354 0.857962 0.902162 0.968958 0.976603 0.900353 0.783136 0.809510 0.960233 0.922491 0.938949 0.932465 0.920608 0.843646 0.940122 0.795086 0.939506 0.960455 0.725408 0.713066 0.778186 0.854975 0.879875 0.905374 0.902462 0.901504 0.837314 0.894813 0.811639 0.696169 0.962576 0.931407 0.884344 0.847130 0.932647 0.919705 0.965818 0.784080 0.744377 0.922416 0.961609 0.959618 0.777074 0.877152
0.840567 0.780998 0.721882 0.651064 0.898892 0.799602 0.646963 0.618903 0.842628 0.731341 0.752223 0.794172 0.729757 0.826410 0.695013 0.834426 0.627035 0.540425 0.654047 0.798974 0.748930 0.894373 0.833279 0.943013 0.933053 0.777573 0.815416 0.910880 0.670969 0.731170 0.718999 0.632112 0.000000 0.555732 0.729569 0.895522 0.926636 0.975599 0.970294 0.984870 0.927187 0.947529 0.540636 0.576650 0.662896 0.615096 0.730587 0.583470 0.854816 0.910417 0.833326 0.828260 0.924041 0.827340 0.818420 0.966518 0.750430 0.799752 0.757762 0.831866 0.619198 0.713368 0.619620 0.667266 0.736262 0.650066 0.700969 0.554670 0.937743 0.958176 0.958576 0.875185 0.784070 0.925857 0.846823 0.868741 0.821953 0.870630 0.617837 0.737276 0.654726 0.794878 0.857188 0.867623 0.729141 0.786829 0.937979 0.962142 0.979784 0.803372 0.691539 0.939420 0.827066 0.983679 0.925292 0.940860 0.951976 0.766135 0.574303 0.613803 0.717891 0.605652 0.861556 0.764944 0.770990 0.766633 0.971442 0.783262 0.995937 0.915170 0.718924 0.811797 0.800895 0.966405 0.782983 0.902653
0.606741 0.595225 0.945550 0.731266 0.878620 0.729954 0.697694 0.429240 0.837854 0.646331 0.613813 0.564678 0.659254 0.721998 0.847853 0.804405 0.540327 0.493282 0.623625 0.632144 0.766779 0.945889 0.944516 0.810398 0.761653 0.991453 0.868183 0.975647 0.543427 0.507562 0.830276 0.803080 0.555732 0.000000 0.881845 0.918361 0.919945 0.999598 0.983263 0.978135 0.930043 0.975161 0.582139 0.424462 0.665044 0.505631 0.647526 0.578376 0.646747 0.736868 0.654181 0.695385 0.822415 0.749509 0.878029 0.822244 0.635510 0.722104 0.641771 0.644796 0.571111 0.499489 0.440979 0.493398 0.973750 0.712335 0.842202 0.636336 0.979096 0.957393 0.924735 0.830353 0.790289 0.857314 0.833965 0.851774 0.576054 0.785551 0.727232 0.824379 0.564648 0.729649 0.799640 0.927690 0.842129 0.884000 0.975338 0.889434 0.914567 0.974687 0.727575 0.964243 0.934666 0.991526 0.959904 0.745837 0.850389 0.804082 0.515489 0.696318 0.625400 0.736735 0.642638 0.857632 0.799578 0.798966 0.984631 0.742301 0.887952 0.995601 0.706007 0.691456 0.609241 0.946610 0.714529 0.924421
0.854090 0.836943 0.633628 0.892368 0.858623 0.901352 0.739454 0.948874 0.842033 0.929873 0.830703 0.781892 0.944670 0.855361 0.803785 0.979430 0.866436 0.958734 0.880608 0.845352 0.922090 0.932146 0.729694 0.911884 0.787358 0.661178 0.751082 0.991093 0.830639 0.769837 0.801294 0.785589 0.729569 0.881845 0.000000 0.807193 0.688401 0.879345 0.992011 0.943883 0.989351 0.958676 0.707848 0.911835 0.763195 0.955893 0.984936 0.943678 0.819651 0.712893 0.822130 0.830229 0.840563 0.948826 0.987396 0.886489 0.815872 0.772900 0.861039 0.803215 0.837880 0.928792 0.865344 0.829254 0.642618 0.677374 0.545741 0.586424 0.878635 0.666046 0.978498 0.981928 0.991671 0.932201 0.975673 0.967194 0.886556 0.964196 0.992937 0.887803 0.928406 0.967159 0.957366 0.958665 0.701074 0.705458 0.968509 0.952234 0.958439 0.817088 0.712702 0.678115 0.741118 0.696938 0.962827 0.897186 0.977921 0.761665 0.882640 0.702704 0.923101 0.733970 0.987116 0.885137 0.837020 0.938790 0.933679 0.855720 0.938677 0.988445 0.952784 0.881024 0.882934 0.931042 0.589980 0.907412
0.695491 0.641550 0.660613 0.986200 0.825506 0.930618 0.752285 0.845999 0.881363 0.884084 0.727879 0.702720 0.941244 0.789322 0.951306 0.864087 0.767475 0.789185 0.827944 0.662991 0.849257 0.958034 0.708996 0.898608 0.810506 0.784322 0.986835 0.799821 0.701524 0.676049 0.907201 0.950058 0.895522 0.918361 0.807193 0.000000 0.753467 0.993873 0.935330 0.937014 0.948781 0.968807 0.852906 0.996668 0.829897 0.805119 0.971835 0.907665 0.665134 0.577500 0.602561 0.603718 0.674497 0.666145 0.765631 0.795124 0.637614 0.598547 0.729265 0.634798 0.973406 0.720369 0.753781 0.676069 0.636762 0.799211 0.578431 0.708326 0.770634 0.647789 0.975058 0.999198 0.924104 0.984698 0.996219 0.860044 0.760646 0.967118 0.928327 0.931159 0.825183 0.814732 0.958308 0.951801 0.774708 0.907113 0.710245 0.801737 0.977476 0.991495 0.755225 0.670734 0.604960 0.687954 0.848265 0.947610 0.999629 0.755301 0.945969 0.830557 0.958185 0.915649 0.899998 0.822489 0.980141 0.991513 0.793311 0.843473 0.980487 0.919956 0.917767 0.885337 0.964345 0.952389 0.959942 0.904472
0.789896 0.818740 0.796493 0.868667 0.876887 0.883480 0.947154 0.737322 0.971885 0.918175 0.720394 0.704249 0.719460 0.668785 0.904063 0.919692 0.825904 0.889728 0.715908 0.770762 0.761745 0.910349 0.899065 0.992396 0.716349 0.689255 0.963971 0.824813 0.736342 0.808979 0.768602 0.920753 0.926636 0.919945 0.688401 0.753467 0.000000 0.880615 0.738746 0.786075 0.899024 0.780968 0.830711 0.962387 0.908526 0.917967 0.986081 0.945830 0.858239 0.789256 0.782485 0.823927 0.793225 0.827375 0.948686 0.974283 0.877907 0.841041 0.723302 0.788512 0.780974 0.747444 0.747650 0.786105 0.852826 0.977657 0.817547 0.856558 0.973492 0.893059 0.736000 0.910797 0.948848 0.919447 0.989616 0.968774 0.781472 0.826993 0.971554 0.980816 0.897855 0.928692 0.972478 0.917857 0.978060 0.959217 0.975765 0.887479 0.864424 0.834205 0.994906 0.781145 0.895030 0.874830 0.934295 0.885839 0.950617 0.748662 0.935869 0.979958 0.971731 0.977266 0.941983 0.949919 0.979282 0.820725 0.940152 0.972232 0.881912 0.896709 0.941620 0.975057 0.994677 0.934756 0.903110 0.959695
0.972494 0.976619 0.917473 0.888008 0.968220 0.964381 0.919382 0.911636 0.933894 0.968859 0.914622 0.924120 0.748483 0.815206 0.816319 0.889831 0.982000 0.902057 0.958876 0.991702 0.914525 0.750364 0.912806 0.942345 0.821785 0.932499 0.985720 0.989232 0.968974 0.893649 0.971646 0.921264 0.975599 0.999598 0.879345 0.993873 0.880615 0.000000 0.880462 0.872057 0.757434 0.852621 0.981787 0.946698 0.924883 0.983272 0.958094 0.863041 0.990894 0.910075 0.917124 0.931078 0.936958 0.845197 0.829979 0.830435 0.884561 0.892417 0.868973 0.930427 0.934961 0.974175 0.875122 0.979527 0.907676 0.964022 0.884265 0.967858 0.761022 0.909811 0.847161 0.834930 0.812021 0.951971 0.965683 0.928930 0.901184 0.946489 0.946453 0.917212 0.972696 0.863920 0.940808 0.753849 0.971232 0.929841 0.824697 0.830264 0.987294 0.811969 0.866805 0.998634 0.997492 0.913551 0.885291 0.787797 0.655995 0.730277 0.970991 0.882653 0.941099 0.897257 0.924744 0.745023 0.987414 0.814458 0.837313 0.984814 0.973135 0.926551 0.912545 0.878972 0.932511 0.994883 0.933180 0.949544
