0.000000 0.349145 0.842201 0.866674 0.782648 0.909725 0.652381 0.622094 0.782064 0.697973 0.377368 0.384111 0.476806 0.586492 0.633047 0.641389 0.447703 0.433255 0.458536 0.490764 0.883484 0.917057 0.853884 0.988794 0.789843 0.807679 0.891217 0.720008 0.589793 0.548404 0.732511 0.833952 0.438760 0.494354 0.974217 0.888498 0.673924 0.584082 0.893503 0.862561 0.861568 0.843015 0.582018 0.482771 0.575516 0.580458 0.625840 0.643728 0.847768 0.860003 0.679321 0.771283 0.906130 0.981380 0.826846 0.832954 0.333414 0.372567 0.487879 0.608223 0.419002 0.605509 0.340245 0.359602 0.976069 0.806240 0.739018 0.721852 0.411274 0.581986 0.535925 0.499121 0.770810 0.725505 0.982822 0.830753 0.845648 0.650208 0.660862 0.577966 0.484190 0.612825 0.820011 0.779395 0.803021 0.945623 0.860986 0.875959 0.930769 0.953199 0.875941 0.949929 0.977973 0.961021 0.945350 0.908747 0.667894 0.821141 0.422127 0.597777 0.797083 0.827920 0.545839 0.551638 0.665653 0.688002 0.742313 0.878049 0.781749 0.800265 0.747729 0.734425 0.630951 0.939758 0.639602 0.971531
0.349145 0.000000 0.938229 0.952524 0.808112 0.948382 0.826896 0.597352 0.746829 0.638139 0.472626 0.284987 0.486150 0.432039 0.560198 0.472250 0.331382 0.300274 0.473515 0.398488 0.878262 0.919680 0.795445 0.888029 0.898117 0.725987 0.964799 0.772868 0.458941 0.423329 0.797014 0.802717 0.535175 0.555613 0.914816 0.869556 0.682531 0.608238 0.778821 0.865800 0.800337 0.715426 0.620514 0.502257 0.644059 0.649341 0.784382 0.718409 0.884813 0.928598 0.805154 0.839699 0.963046 0.845304 0.882413 0.977220 0.244363 0.243925 0.713194 0.722293 0.556195 0.548513 0.411860 0.282314 0.882035 0.873979 0.984181 0.879992 0.461205 0.627431 0.434021 0.457954 0.768338 0.752504 0.948490 0.825208 0.661090 0.530483 0.709392 0.536314 0.413064 0.578169 0.680984 0.713806 0.990974 0.954437 0.889859 0.826745 0.920319 0.888122 0.921446 0.905280 0.951867 0.945984 0.927817 0.822997 0.738537 0.798998 0.442779 0.509306 0.776439 0.995854 0.609306 0.523739 0.726987 0.713523 0.746623 0.851786 0.831309 0.822889 0.686591 0.674318 0.680928 0.790554 0.693293 0.881033
0.842201 0.938229 0.000000 0.365214 0.699305 0.774271 0.294764 0.563798 0.752084 0.705770 0.723924 0.975059 0.711629 0.988489 0.842186 0.827616 0.886163 0.871883 0.610449 0.830473 0.720745 0.744954 0.537934 0.769503 0.694833 0.559992 0.896627 0.918391 0.930766 0.759778 0.476300 0.711641 0.555942 0.505733 0.631517 0.840634 0.824398 0.859231 0.658945 0.871974 0.974596 0.946778 0.496104 0.544331 0.771745 0.798348 0.614880 0.578129 0.712951 0.975734 0.926341 0.944852 0.907488 0.860476 0.785320 0.967959 0.978761 0.927072 0.559507 0.864325 0.576739 0.990990 0.697945 0.939551 0.365497 0.492833 0.298621 0.409228 0.875373 0.727326 0.791611 0.888592 0.837779 0.879263 0.649464 0.931462 0.828142 0.939598 0.708045 0.863584 0.818545 0.683920 0.947352 0.848558 0.489038 0.655016 0.976667 0.925816 0.716556 0.924868 0.771112 0.756481 0.783309 0.723335 0.998988 0.847999 0.806770 0.952400 0.874855 0.774663 0.990490 0.596159 0.790420 0.746503 0.691674 0.614336 0.976700 0.990409 0.853270 0.751515 0.808300 0.979189 0.849988 0.990594 0.792163 0.871042
0.866674 0.952524 0.365214 0.000000 0.809284 0.783013 0.317307 0.396536 0.936640 0.502956 0.840156 0.829183 0.798039 0.806272 0.794374 0.629410 0.806022 0.779059 0.540105 0.698916 0.670908 0.776522 0.388453 0.513298 0.763602 0.667731 0.941742 0.865446 0.879246 0.629915 0.436375 0.522928 0.511401 0.476243 0.731422 0.866452 0.687611 0.776743 0.657635 0.813804 0.962650 0.916575 0.452646 0.517512 0.936796 0.920847 0.759525 0.574870 0.619889 0.823315 0.861322 0.807075 0.924691 0.782621 0.860267 0.946116 0.884752 0.995264 0.732657 0.990567 0.723324 0.948083 0.632004 0.799569 0.552259 0.553651 0.441166 0.519802 0.955839 0.736510 0.662192 0.761953 0.781097 0.891845 0.713549 0.958775 0.784322 0.879166 0.630788 0.833202 0.658159 0.516585 0.825907 0.636861 0.576879 0.515773 0.898258 0.836677 0.896452 0.936302 0.746710 0.640908 0.790356 0.744892 0.985468 0.780853 0.855999 0.877642 0.903141 0.616658 0.877103 0.502441 0.686723 0.630942 0.683711 0.601291 0.978898 0.964256 0.820721 0.691525 0.831626 0.832312 0.810999 0.872034 0.872758 0.965431
0.782648 0.808112 0.699305 0.809284 0.000000 0.847092 0.730294 0.789621 0.728291 0.920262 0.773617 0.812602 0.663185 0.901455 0.711994 0.925310 0.878968 0.808025 0.741490 0.896249 0.838936 0.804847 0.830773 0.977305 0.933173 0.976362 0.888181 0.841400 0.780913 0.856794 0.854435 0.920184 0.672726 0.705119 0.849273 0.944624 0.914802 0.929414 0.900075 0.797963 0.947224 0.801297 0.683733 0.625977 0.532800 0.634722 0.771148 0.667840 0.958509 0.844024 0.973218 0.885404 0.995058 0.974832 0.955194 0.905601 0.851286 0.895239 0.658413 0.707686 0.594591 0.760960 0.814345 0.856330 0.585995 0.594172 0.673450 0.583549 0.687483 0.878130 0.869987 0.943807 0.887057 0.804183 0.914756 0.866497 0.795936 0.895610 0.875774 0.940357 0.863150 0.886076 0.891722 0.899679 0.772327 0.776572 0.947292 0.932851 0.774012 0.892324 0.849165 0.855200 0.854662 0.796848 0.976601 0.966207 0.889080 0.931875 0.733639 0.706294 0.985694 0.808818 0.811235 0.938392 0.682185 0.738143 0.884376 0.994477 0.875425 0.981661 0.810932 0.806153 0.894615 0.865465 0.701008 0.708873
0.909725 0.948382 0.774271 0.783013 0.847092 0.000000 0.756081 0.720307 0.802548 0.737119 0.931576 0.917097 0.797561 0.976494 0.972052 0.876122 0.982651 0.977672 0.907289 0.968607 0.754283 0.747701 0.800271 0.986146 0.853325 0.690784 0.986263 0.694022 0.998266 0.989436 0.750800 0.936951 0.851201 0.788861 0.707495 0.936254 0.794443 0.901693 0.798296 0.970523 0.954883 0.887306 0.803400 0.840712 0.802583 0.811336 0.729299 0.898940 0.960673 0.973961 0.977919 0.951303 0.939666 0.909616 0.915083 0.906838 0.975197 0.953828 0.795716 0.925648 0.761760 0.857942 0.870979 0.917035 0.777743 0.736453 0.729762 0.684332 0.970746 0.988253 0.816389 0.968861 0.927879 0.845380 0.930996 0.983201 0.905756 0.956419 0.954532 0.994110 0.870882 0.841149 0.904342 0.978363 0.833547 0.865106 0.846723 0.825040 0.950289 0.978718 0.648899 0.680299 0.573912 0.743760 0.946056 0.919777 0.801269 0.929271 0.807076 0.806782 0.812773 0.739045 0.824490 0.917513 0.842942 0.586920 0.991457 0.868096 0.939845 0.982379 0.954459 0.779054 0.863310 0.945158 0.836438 0.738837
0.652381 0.826896 0.294764 0.317307 0.730294 0.756081 0.000000 0.343660 0.747038 0.488905 0.615914 0.749299 0.612502 0.732059 0.716350 0.629152 0.670036 0.646072 0.387358 0.626516 0.701336 0.837091 0.399663 0.629981 0.838348 0.766948 0.906840 0.756924 0.744465 0.584495 0.415131 0.550750 0.397808 0.371509 0.697907 0.824569 0.742555 0.791621 0.708196 0.853253 0.968730 0.885182 0.363006 0.434988 0.741091 0.748626 0.560748 0.486655 0.671450 0.866326 0.969949 0.916780 0.892215 0.752759 0.803109 0.955378 0.721348 0.857892 0.548244 0.870749 0.499493 0.866812 0.451645 0.674276 0.526771 0.509565 0.322874 0.419411 0.782448 0.700536 0.588759 0.649527 0.688975 0.737144 0.773386 0.907203 0.795517 0.743265 0.594496 0.724394 0.550250 0.479326 0.844747 0.728462 0.448880 0.585974 0.978003 0.922692 0.838916 0.983793 0.664756 0.614930 0.733363 0.703489 0.971120 0.768209 0.688500 0.886917 0.659039 0.534136 0.850427 0.429781 0.579370 0.535029 0.600159 0.562594 0.886878 0.863850 0.778588 0.672480 0.732488 0.784248 0.674499 0.919257 0.735687 0.899383
0.622094 0.597352 0.563798 0.396536 0.789621 0.720307 0.343660 0.000000 0.736247 0.343354 0.701220 0.537250 0.614745 0.535924 0.692598 0.475382 0.576343 0.535653 0.413311 0.506964 0.687412 0.750507 0.442800 0.604929 0.931131 0.891365 0.857247 0.792448 0.623749 0.494353 0.497370 0.526818 0.432145 0.388857 0.744338 0.769138 0.669445 0.724421 0.871879 0.822598 0.996583 0.780531 0.373433 0.398818 0.683907 0.696164 0.661354 0.532412 0.823783 0.888233 0.903816 0.961773 0.857065 0.822589 0.916198 0.880551 0.582343 0.678376 0.618245 0.814373 0.552539 0.646013 0.444753 0.460310 0.815772 0.591521 0.504055 0.530736 0.759509 0.640865 0.477848 0.577487 0.719421 0.806188 0.837215 0.910425 0.712677 0.585734 0.581606 0.738040 0.446804 0.436408 0.682751 0.598086 0.691980 0.640439 0.910952 0.955077 0.979054 0.974246 0.559301 0.540894 0.668986 0.710300 0.898656 0.680891 0.620546 0.775517 0.522393 0.391652 0.612719 0.506187 0.518964 0.435242 0.566864 0.553407 0.783866 0.758358 0.731599 0.653918 0.662361 0.684295 0.585386 0.825228 0.740706 0.899921
0.782064 0.746829 0.752084 0.936640 0.728291 0.802548 0.747038 0.736247 0.000000 0.716428 0.679682 0.804347 0.674218 0.881762 0.842648 0.831812 0.734829 0.792094 0.769288 0.735263 0.936461 0.856001 0.915391 0.934597 0.916901 0.967390 0.892360 0.923865 0.750317 0.800150 0.783153 0.918023 0.781278 0.725160 0.833740 0.914783 0.949652 0.927093 0.992359 0.908219 0.901059 0.973342 0.679048 0.674268 0.612923 0.681742 0.629485 0.765308 0.936086 0.942629 0.997379 0.931145 0.988918 0.840637 0.958432 0.960331 0.779587 0.796081 0.640494 0.693064 0.634858 0.759202 0.800619 0.803299 0.814731 0.744437 0.711952 0.671944 0.727108 0.861802 0.809761 0.912860 0.871014 0.896780 0.874450 0.857525 0.820392 0.842836 0.961584 0.791726 0.827826 0.888121 0.979797 0.952448 0.989081 0.849416 0.720564 0.711089 0.921154 0.855127 0.872121 0.888502 0.926248 0.825487 0.858344 0.862700 0.854696 0.927748 0.699632 0.798941 0.932490 0.900894 0.879734 0.775048 0.791317 0.770756 0.945201 0.936696 0.863905 0.802808 0.667819 0.925920 0.901619 0.880532 0.752145 0.660862
0.697973 0.638139 0.705770 0.502956 0.920262 0.737119 0.488905 0.343354 0.716428 0.000000 0.748799 0.648106 0.748597 0.623455 0.750419 0.550519 0.605674 0.603622 0.482254 0.532055 0.726185 0.850439 0.513635 0.683010 0.936087 0.878974 0.804314 0.823060 0.723392 0.552119 0.548939 0.535448 0.580831 0.543514 0.754941 0.829862 0.701107 0.822611 0.955966 0.862122 0.949983 0.810929 0.492401 0.519903 0.813863 0.817392 0.736241 0.614545 0.773235 0.807543 0.980128 0.897004 0.977215 0.951601 0.939355 0.883183 0.611834 0.759671 0.801050 0.979240 0.723047 0.791202 0.573950 0.590835 0.920566 0.742199 0.650307 0.683726 0.789481 0.892958 0.463965 0.633903 0.664489 0.747380 0.863284 0.777026 0.764347 0.557790 0.679958 0.785489 0.497930 0.526462 0.741887 0.710522 0.844961 0.836004 0.922879 0.974414 0.807875 0.883069 0.631090 0.593531 0.696156 0.703494 0.912544 0.693726 0.684307 0.772902 0.568073 0.483557 0.790948 0.671351 0.650163 0.504743 0.782354 0.649496 0.819962 0.783701 0.832527 0.711633 0.701804 0.759607 0.731804 0.888165 0.786843 0.917463
0.377368 0.472626 0.723924 0.840156 0.773617 0.931576 0.615914 0.701220 0.679682 0.748799 0.000000 0.433475 0.404422 0.609272 0.579357 0.593174 0.407444 0.406473 0.425956 0.441314 0.822458 0.944666 0.814834 0.922448 0.904561 0.899954 0.922199 0.739456 0.537425 0.477778 0.734946 0.757557 0.504323 0.501948 0.984040 0.899168 0.852220 0.783301 0.933349 0.840043 0.852130 0.890794 0.579671 0.526581 0.715477 0.707778 0.608677 0.647268 0.884287 0.984992 0.954964 0.997223 0.967541 0.817395 0.975110 0.877141 0.409588 0.462122 0.583560 0.699938 0.452934 0.735145 0.394089 0.448448 0.880880 0.772852 0.698794 0.702731 0.444386 0.619658 0.591930 0.570348 0.670961 0.671240 0.964004 0.700399 0.803598 0.654322 0.583067 0.438844 0.489891 0.570830 0.835844 0.855454 0.776307 0.974067 0.787640 0.845558 0.894117 0.878592 0.991375 0.942370 0.910160 0.992005 0.899289 0.851013 0.704874 0.911639 0.497614 0.607809 0.868864 0.854860 0.583166 0.631624 0.692173 0.675573 0.817396 0.956744 0.826892 0.778477 0.850276 0.822450 0.804694 0.889502 0.577028 0.837255
0.384111 0.284987 0.975059 0.829183 0.812602 0.917097 0.749299 0.537250 0.804347 0.648106 0.433475 0.000000 0.433141 0.345348 0.461614 0.379084 0.319192 0.294783 0.434955 0.384863 0.844337 0.916745 0.723990 0.790388 0.936714 0.749098 0.933173 0.790464 0.410901 0.364994 0.754270 0.707845 0.454638 0.516630 0.846500 0.921418 0.666316 0.675348 0.817657 0.807988 0.750512 0.758069 0.587421 0.478935 0.712554 0.653917 0.743381 0.684137 0.958673 0.987083 0.836204 0.884093 0.991145 0.912264 0.924588 0.978083 0.293019 0.300215 0.700581 0.729078 0.548202 0.557782 0.351983 0.242493 0.876573 0.848048 0.909962 0.845047 0.546149 0.605189 0.496453 0.464335 0.741381 0.798470 0.961000 0.816456 0.654964 0.495912 0.589517 0.512542 0.381725 0.476117 0.602967 0.627415 0.899614 0.860618 0.918462 0.974181 0.987125 0.854990 0.939211 0.910741 0.930086 0.972922 0.941911 0.770719 0.751507 0.742420 0.470400 0.478047 0.753926 0.858433 0.561623 0.511637 0.639560 0.690329 0.811205 0.893769 0.759198 0.746206 0.758911 0.666116 0.705884 0.824921 0.694708 0.876863
0.476806 0.486150 0.711629 0.798039 0.663185 0.797561 0.612502 0.614745 0.674218 0.748597 0.404422 0.433141 0.000000 0.504109 0.369362 0.471593 0.500777 0.415933 0.511149 0.577680 0.776236 0.900459 0.677465 0.808897 0.984670 0.914042 0.982126 0.906876 0.487206 0.474023 0.698996 0.811250 0.476155 0.548440 0.998377 0.954885 0.741903 0.792630 0.917462 0.857679 0.854861 0.830282 0.528645 0.474990 0.594950 0.612871 0.612950 0.607467 0.942355 0.906616 0.908542 0.851979 0.964520 0.899323 0.968459 0.955223 0.488323 0.484993 0.601223 0.682459 0.420198 0.646030 0.405802 0.435738 0.774796 0.711704 0.738658 0.707216 0.617306 0.690831 0.624262 0.641925 0.796056 0.808139 0.937332 0.686514 0.807738 0.558558 0.574525 0.498719 0.504516 0.559673 0.751932 0.791006 0.682212 0.828982 0.814086 0.961498 0.782858 0.929135 0.966776 0.931984 0.997199 0.991113 0.903396 0.793072 0.711453 0.899322 0.558750 0.626218 0.919880 0.795885 0.628314 0.645808 0.637332 0.646505 0.844602 0.939891 0.732622 0.706084 0.849640 0.720657 0.768487 0.843081 0.684037 0.819982
0.586492 0.432039 0.988489 0.806272 0.901455 0.976494 0.732059 0.535924 0.881762 0.623455 0.609272 0.345348 0.504109 0.000000 0.417067 0.367380 0.409259 0.341363 0.475274 0.453369 0.882736 0.978058 0.615768 0.655339 0.936642 0.732847 0.896085 0.789279 0.446851 0.393922 0.746814 0.606511 0.532752 0.622191 0.839453 0.939568 0.823307 0.789532 0.798808 0.850056 0.931779 0.785242 0.571481 0.567342 0.796053 0.799180 0.786584 0.681254 0.910305 0.839097 0.961049 0.979991 0.963139 0.942549 0.891483 0.842859 0.392114 0.427840 0.876840 0.935768 0.756461 0.752609 0.411047 0.355541 0.877265 0.966470 0.970133 0.943385 0.692243 0.783474 0.578650 0.577582 0.684178 0.773736 0.944282 0.787517 0.645516 0.469938 0.577276 0.529665 0.394536 0.437366 0.522588 0.613536 0.792183 0.787608 0.983895 0.857982 0.985556 0.855340 0.928797 0.819592 0.948937 0.998014 0.982856 0.719971 0.772667 0.830863 0.553976 0.451908 0.826240 0.817555 0.552611 0.525898 0.757018 0.805630 0.852800 0.807812 0.767168 0.726763 0.786849 0.629028 0.791950 0.700818 0.816222 0.980936
0.633047 0.560198 0.842186 0.794374 0.711994 0.972052 0.716350 0.692598 0.842648 0.750419 0.579357 0.461614 0.369362 0.417067 0.000000 0.457649 0.518578 0.436519 0.540116 0.553484 0.681726 0.923059 0.623911 0.717678 0.940863 0.847763 0.900998 0.879768 0.468344 0.436960 0.742983 0.747572 0.560903 0.623695 0.874466 0.953258 0.775390 0.788545 0.818319 0.825706 0.910187 0.879129 0.590019 0.502887 0.751303 0.746619 0.716125 0.593444 0.892339 0.968752 0.948581 0.991891 0.968105 0.991844 0.943965 0.887321 0.532527 0.553579 0.827203 0.886702 0.661045 0.755678 0.504927 0.503708 0.808797 0.795815 0.894453 0.850748 0.728345 0.818191 0.666414 0.682818 0.784651 0.900654 0.946591 0.695588 0.733950 0.531002 0.559827 0.529916 0.504422 0.544836 0.692332 0.716755 0.693015 0.742783 0.960110 0.899331 0.840626 0.896921 0.992330 0.934985 0.915861 0.943219 0.959587 0.637816 0.848833 0.840916 0.655789 0.591804 0.948402 0.857951 0.692180 0.687345 0.729755 0.741645 0.967838 0.927835 0.688270 0.738844 0.827477 0.640095 0.862619 0.723010 0.825615 0.885277
0.641389 0.472250 0.827616 0.629410 0.925310 0.876122 0.629152 0.475382 0.831812 0.550519 0.593174 0.379084 0.471593 0.367380 0.457649 0.000000 0.424015 0.360813 0.458177 0.427915 0.764607 0.910785 0.470866 0.523502 0.917436 0.950206 0.977444 0.853417 0.453146 0.304200 0.673614 0.556062 0.491923 0.543375 0.925252 0.957301 0.688926 0.784066 0.959878 0.837936 0.867290 0.768097 0.506698 0.465409 0.865011 0.792438 0.755911 0.630607 0.803543 0.883871 0.949163 0.921438 0.973377 0.956000 0.829971 0.815140 0.445537 0.450496 0.815893 0.918271 0.662712 0.686307 0.432451 0.370568 0.969646 0.765818 0.872992 0.826124 0.741929 0.732678 0.497515 0.557636 0.722102 0.791987 0.960514 0.786761 0.620914 0.506236 0.586210 0.535920 0.414500 0.419847 0.597714 0.580161 0.792967 0.661665 0.962239 0.797764 0.983382 0.942497 0.928829 0.816045 0.962658 0.992209 0.903500 0.718940 0.860780 0.835351 0.654085 0.475217 0.891043 0.798264 0.570347 0.456541 0.648186 0.687066 0.999535 0.977495 0.772692 0.674743 0.845881 0.723189 0.766786 0.751035 0.793670 0.916835
0.447703 0.331382 0.886163 0.806022 0.878968 0.982651 0.670036 0.576343 0.734829 0.605674 0.407444 0.319192 0.500777 0.409259 0.518578 0.424015 0.000000 0.246200 0.373145 0.348989 0.844588 0.965636 0.663305 0.753280 0.984997 0.825450 0.977017 0.726692 0.388188 0.316279 0.679458 0.622157 0.466800 0.472568 0.901032 0.877925 0.734577 0.718458 0.845270 0.917364 0.792760 0.785002 0.545375 0.466844 0.788737 0.743879 0.684888 0.694985 0.887050 0.901392 0.986683 0.939443 0.860493 0.889662 0.872754 0.922742 0.259873 0.319337 0.752663 0.825802 0.601425 0.688538 0.350567 0.314083 0.963438 0.862005 0.855396 0.828098 0.500051 0.617593 0.444705 0.458965 0.658866 0.676879 0.964975 0.757864 0.700903 0.583792 0.546102 0.422184 0.318292 0.425973 0.619942 0.638727 0.828657 0.866745 0.916324 0.975402 0.996279 0.839432 0.972286 0.913786 0.915843 0.984053 0.874841 0.781463 0.727438 0.830563 0.598025 0.506159 0.890121 0.853618 0.607740 0.464116 0.743713 0.789895 0.810403 0.916563 0.826954 0.721755 0.707027 0.739653 0.719448 0.743827 0.747846 0.820496
0.433255 0.300274 0.871883 0.779059 0.808025 0.977672 0.646072 0.535653 0.792094 0.603622 0.406473 0.294783 0.415933 0.341363 0.436519 0.360813 0.246200 0.000000 0.333082 0.310298 0.824072 0.973550 0.602506 0.714219 0.961996 0.767480 0.985925 0.710806 0.327594 0.265817 0.698437 0.596521 0.417104 0.439817 0.921272 0.875710 0.703135 0.690139 0.831384 0.901218 0.815444 0.702210 0.507155 0.433069 0.748172 0.701594 0.729716 0.622324 0.877810 0.921263 0.997532 0.966776 0.910163 0.893692 0.912535 0.896883 0.240669 0.282050 0.752499 0.828591 0.565072 0.665689 0.311985 0.270243 0.982943 0.813953 0.832490 0.806612 0.481655 0.623927 0.434821 0.438451 0.675166 0.699297 0.936505 0.771574 0.653372 0.498901 0.492880 0.398437 0.261529 0.354826 0.514307 0.560727 0.755281 0.781235 0.990947 0.922694 0.993417 0.880485 0.944663 0.868534 0.943454 0.986733 0.946301 0.733727 0.711061 0.823285 0.536615 0.438063 0.827252 0.845569 0.543169 0.454000 0.697712 0.706949 0.830107 0.975432 0.801426 0.708958 0.702850 0.629631 0.721821 0.722280 0.702237 0.888989
0.458536 0.473515 0.610449 0.540105 0.741490 0.907289 0.387358 0.413311 0.769288 0.482254 0.425956 0.434955 0.511149 0.475274 0.540116 0.458177 0.373145 0.333082 0.000000 0.326922 0.805410 0.966068 0.440518 0.620692 0.981632 0.905280 0.932874 0.593701 0.472084 0.387297 0.574837 0.476318 0.362613 0.352311 0.941753 0.791161 0.724156 0.742107 0.978157 0.890658 0.991483 0.814978 0.421322 0.425377 0.798627 0.813429 0.656980 0.529216 0.712995 0.785010 0.913277 0.829535 0.919774 0.937388 0.971972 0.835004 0.377275 0.504013 0.700670 0.924540 0.545619 0.807616 0.286332 0.412575 0.810258 0.707061 0.604955 0.661942 0.583302 0.623860 0.376525 0.460614 0.641424 0.661642 0.876317 0.803222 0.687333 0.572173 0.520263 0.507376 0.321073 0.362045 0.603952 0.608012 0.577449 0.673966 0.945909 0.952236 0.958560 0.786937 0.782559 0.717954 0.921478 0.830774 0.950754 0.778782 0.678058 0.838024 0.531835 0.358647 0.864956 0.613389 0.491025 0.438654 0.680573 0.645759 0.853630 0.906489 0.796423 0.777387 0.727115 0.651073 0.720019 0.853292 0.669586 0.926192
0.490764 0.398488 0.830473 0.698916 0.896249 0.968607 0.626516 0.506964 0.735263 0.532055 0.441314 0.384863 0.577680 0.453369 0.553484 0.427915 0.348989 0.310298 0.326922 0.000000 0.819248 0.959655 0.602440 0.708001 0.938123 0.806437 0.937465 0.661755 0.451293 0.367103 0.692331 0.499447 0.493101 0.451066 0.912587 0.745527 0.695222 0.728686 0.856937 0.952620 0.822553 0.873786 0.510796 0.495711 0.884143 0.852441 0.791635 0.679244 0.762927 0.781772 0.901741 0.804596 0.842293 0.910052 0.902857 0.846036 0.346538 0.417251 0.823536 0.953410 0.678653 0.761070 0.372907 0.376556 0.982964 0.857126 0.793169 0.808319 0.516129 0.634471 0.394644 0.485003 0.614325 0.658333 0.980562 0.722883 0.725832 0.540455 0.520983 0.494041 0.352052 0.428226 0.616300 0.597263 0.840143 0.836894 0.959059 0.989876 0.842948 0.800130 0.877049 0.841712 0.977667 0.941608 0.951008 0.791653 0.765688 0.871940 0.560858 0.462873 0.833216 0.761222 0.578886 0.484594 0.758988 0.676186 0.889262 0.958541 0.794701 0.762455 0.705693 0.694288 0.767665 0.725921 0.673188 0.997620
0.883484 0.878262 0.720745 0.670908 0.838936 0.754283 0.701336 0.687412 0.936461 0.726185 0.822458 0.844337 0.776236 0.882736 0.681726 0.764607 0.844588 0.824072 0.805410 0.819248 0.000000 0.704224 0.739874 0.814481 0.753370 0.819156 0.911312 0.990577 0.902123 0.718455 0.750033 0.827559 0.764648 0.720861 0.950978 0.964139 0.826359 0.904757 0.993826 0.983792 0.973818 0.897198 0.737491 0.707379 0.898153 0.853971 0.811932 0.760354 0.914557 0.914226 0.970755 0.967227 0.988797 0.966854 0.764614 0.934566 0.905611 0.953927 0.831571 0.939313 0.771463 0.865044 0.822297 0.836251 0.751457 0.771521 0.765788 0.761513 0.915661 0.982321 0.830995 0.848309 0.816749 0.925254 0.855220 0.979430 0.967202 0.790498 0.778474 0.873763 0.786817 0.777333 0.974576 0.875378 0.834972 0.841113 0.982693 0.985639 0.943950 0.984861 0.809229 0.816351 0.753492 0.843770 0.939230 0.642910 0.965854 0.974603 0.878533 0.853478 0.909850 0.888999 0.774592 0.916410 0.846640 0.699380 0.958836 0.968222 0.759634 0.902935 0.871902 0.907595 0.839687 0.951321 0.922258 0.860048
0.917057 0.919680 0.744954 0.776522 0.804847 0.747701 0.837091 0.750507 0.856001 0.850439 0.944666 0.916745 0.900459 0.978058 0.923059 0.910785 0.965636 0.973550 0.966068 0.959655 0.704224 0.000000 0.833314 0.956686 0.781923 0.715076 0.702042 0.942658 0.951652 0.884744 0.764623 0.973971 0.892069 0.823422 0.916883 0.903151 0.923174 0.867040 0.879613 0.824736 0.947362 0.875539 0.777253 0.740980 0.744654 0.839522 0.857909 0.941023 0.921403 0.846943 0.923928 0.812651 0.878885 0.884494 0.836827 0.766888 0.988720 0.991374 0.831981 0.910056 0.907778 0.909250 0.989758 0.960414 0.791354 0.796262 0.786536 0.815724 0.918263 0.840215 0.808157 0.926199 0.940397 0.890547 0.762639 0.973831 0.875897 0.930856 0.857217 0.968941 0.945279 0.959040 0.945943 0.987338 0.934735 0.956869 0.934820 0.960537 0.782247 0.996851 0.781925 0.834875 0.819378 0.820969 0.841628 0.736810 0.947877 0.968869 0.833845 0.827473 0.862170 0.886820 0.911265 0.818884 0.819024 0.774536 0.952079 0.952917 0.991698 0.934320 0.837345 0.987849 0.909074 0.984823 0.909075 0.810366
0.853884 0.795445 0.537934 0.388453 0.830773 0.800271 0.399663 0.442800 0.915391 0.513635 0.814834 0.723990 0.677465 0.615768 0.623911 0.470866 0.663305 0.602506 0.440518 0.602440 0.739874 0.833314 0.000000 0.355649 0.758804 0.860947 0.951376 0.804307 0.723511 0.539509 0.487241 0.467151 0.536508 0.579466 0.947450 0.834241 0.724338 0.860891 0.816533 0.982221 0.927163 0.769113 0.464230 0.556415 0.934493 0.965858 0.809694 0.683958 0.582052 0.750817 0.755591 0.728135 0.942221 0.811455 0.913818 0.723578 0.717515 0.829232 0.956682 0.805615 0.807358 0.984922 0.583018 0.720595 0.623962 0.671294 0.668258 0.749236 0.999018 0.887037 0.450890 0.598995 0.774172 0.809042 0.802079 0.953802 0.674245 0.693604 0.692783 0.716714 0.562212 0.495763 0.695168 0.671615 0.497785 0.463339 0.811504 0.788480 0.952178 0.857947 0.745530 0.577812 0.812532 0.762948 0.939557 0.628324 0.868255 0.902856 0.783992 0.496096 0.967254 0.616143 0.762430 0.596119 0.799345 0.678283 0.965102 0.943834 0.842719 0.756546 0.828541 0.746024 0.772612 0.876452 0.890479 0.918456
0.988794 0.888029 0.769503 0.513298 0.977305 0.986146 0.629981 0.604929 0.934597 0.683010 0.922448 0.790388 0.808897 0.655339 0.717678 0.523502 0.753280 0.714219 0.620692 0.708001 0.814481 0.956686 0.355649 0.000000 0.706794 0.988347 0.971024 0.852826 0.773623 0.604481 0.690040 0.481097 0.731728 0.755997 0.925643 0.937102 0.799835 0.895994 0.855185 0.924584 0.915496 0.933713 0.705667 0.793117 0.818417 0.811317 0.993120 0.875663 0.557752 0.658945 0.700188 0.674203 0.921094 0.866168 0.852119 0.650731 0.799807 0.885048 0.826785 0.672057 0.970197 0.929212 0.717383 0.795312 0.867715 0.885700 0.918681 0.953755 0.916394 0.897624 0.648910 0.727974 0.722549 0.765016 0.911792 0.928773 0.785123 0.837145 0.736074 0.749137 0.675542 0.559423 0.755723 0.703938 0.667253 0.492831 0.839102 0.722615 0.990999 0.959331 0.930600 0.764988 0.978664 0.938478 0.864055 0.706671 0.996500 0.962326 0.954926 0.662308 0.956593 0.721836 0.872754 0.722989 0.812600 0.847632 0.831821 0.998307 0.911553 0.895403 0.951408 0.880445 0.919214 0.826959 0.869861 0.978108
0.789843 0.898117 0.694833 0.763602 0.933173 0.853325 0.838348 0.931131 0.916901 0.936087 0.904561 0.936714 0.984670 0.936642 0.940863 0.917436 0.984997 0.961996 0.981632 0.938123 0.753370 0.781923 0.758804 0.706794 0.000000 0.609841 0.718618 0.876661 0.967247 0.868267 0.769140 0.905511 0.987515 0.867431 0.831107 0.962190 0.931172 0.997025 0.723780 0.954072 0.929563 0.997390 0.905349 0.930417 0.916489 0.937925 0.963156 0.886877 0.762622 0.951694 0.791027 0.928404 0.880325 0.920265 0.937706 0.866933 0.905172 0.883245 0.958489 0.847112 0.989463 0.881810 0.943396 0.869074 0.657848 0.802997 0.865309 0.899787 0.918317 0.988521 0.976089 0.914773 0.853100 0.976563 0.839382 0.928705 0.852962 0.961528 0.973811 0.909409 0.965479 0.930932 0.969354 0.984792 0.930056 0.749193 0.905161 0.953043 0.958651 0.998282 0.942810 0.963515 0.934447 0.897751 0.950970 0.800518 0.837506 0.925594 0.874328 0.998639 0.912690 0.987290 0.834100 0.986704 0.924082 0.860894 0.895164 0.967650 0.959947 0.950206 0.791103 0.959760 0.903567 0.986622 0.930555 0.700112
0.807679 0.725987 0.559992 0.667731 0.976362 0.690784 0.766948 0.891365 0.967390 0.878974 0.899954 0.749098 0.914042 0.732847 0.847763 0.950206 0.825450 0.767480 0.905280 0.806437 0.819156 0.715076 0.860947 0.988347 0.609841 0.000000 0.696620 0.707316 0.788127 0.921139 0.725049 0.956464 0.980717 0.889530 0.583000 0.824596 0.940561 0.886589 0.691717 0.924073 0.982813 0.927910 0.862833 0.887817 0.966161 0.971571 0.755350 0.809587 0.858173 0.932167 0.914192 0.978144 0.926219 0.968628 0.862673 0.869491 0.732004 0.718573 0.803942 0.926765 0.920356 0.942657 0.863546 0.775611 0.556442 0.653501 0.645757 0.612924 0.895281 0.964490 0.901128 0.814608 0.933357 0.860600 0.710146 0.980388 0.948109 0.821727 0.984135 0.856154 0.886049 0.997765 0.903522 0.945810 0.836882 0.796330 0.896545 0.920729 0.834193 0.752708 0.985999 0.997074 0.865467 0.946032 0.926505 0.996769 0.942120 0.995372 0.802454 0.923257 0.870325 0.910993 0.957930 0.949886 0.979285 0.835062 0.988400 0.949162 0.992121 0.900875 0.995831 0.840891 0.920342 0.937783 0.947906 0.758570
0.891217 0.964799 0.896627 0.941742 0.888181 0.986263 0.906840 0.857247 0.892360 0.804314 0.922199 0.933173 0.982126 0.896085 0.900998 0.977444 0.977017 0.985925 0.932874 0.937465 0.911312 0.702042 0.951376 0.971024 0.718618 0.696620 0.000000 0.783492 0.987311 0.920764 0.789573 0.933025 0.995375 0.972301 0.983661 0.994051 0.995132 0.942009 0.940293 0.938013 0.977596 0.902599 0.929035 0.864656 0.976085 0.956600 0.937251 0.950730 0.912679 0.793501 0.947619 0.910876 0.997562 0.989948 0.970702 0.934411 0.958286 0.971499 0.988299 0.956319 0.962052 0.941890 0.893497 0.909343 0.711492 0.871461 0.995637 0.971460 0.989140 0.821744 0.957524 0.957827 0.932909 0.875638 0.826634 0.980865 0.947481 0.789596 0.910779 0.962350 0.914850 0.923003 0.916661 0.980823 0.981024 0.856491 0.915110 0.905490 0.871745 0.862756 0.724037 0.788984 0.755762 0.850234 0.920349 0.992377 0.805146 0.988835 0.742474 0.860476 0.960905 0.985399 0.872005 0.941739 0.828834 0.990187 0.985260 0.822209 0.948731 0.995288 0.954634 0.986855 0.917371 0.948987 0.998851 0.894324
0.720008 0.772868 0.918391 0.865446 0.841400 0.694022 0.756924 0.792448 0.923865 0.823060 0.739456 0.790464 0.906876 0.789279 0.879768 0.853417 0.726692 0.710806 0.593701 0.661755 0.990577 0.942658 0.804307 0.852826 0.876661 0.707316 0.783492 0.000000 0.750517 0.758143 0.990238 0.802561 0.775328 0.747785 0.989617 0.839961 0.909024 0.882149 0.900801 0.904247 0.992655 0.938487 0.767840 0.792540 0.947631 0.950333 0.972298 0.733319 0.826902 0.884667 0.896770 0.840098 0.897545 0.822646 0.996711 0.862095 0.672453 0.759950 0.957328 0.952914 0.826766 0.878834 0.759699 0.823836 0.997808 0.876215 0.881133 0.907159 0.730024 0.853710 0.733054 0.767177 0.633808 0.664771 0.931764 0.875696 0.899473 0.844201 0.785192 0.726843 0.748356 0.836248 0.845721 0.842158 0.858601 0.966582 0.826417 0.978823 0.898222 0.721161 0.934966 0.881763 0.946498 0.923856 0.972663 0.964113 0.930090 0.974598 0.765254 0.680850 0.980753 0.800258 0.813380 0.726679 0.822297 0.967358 0.963316 0.982226 0.985924 0.961314 0.761965 0.830926 0.893181 0.951364 0.908639 0.862929
0.589793 0.458941 0.930766 0.879246 0.780913 0.998266 0.744465 0.623749 0.750317 0.723392 0.537425 0.410901 0.487206 0.446851 0.468344 0.453146 0.388188 0.327594 0.472084 0.451293 0.902123 0.951652 0.723511 0.773623 0.967247 0.788127 0.987311 0.750517 0.000000 0.366230 0.803225 0.675464 0.510992 0.513753 0.953791 0.924907 0.850465 0.866098 0.896110 0.956393 0.851365 0.788534 0.547250 0.480597 0.711610 0.646838 0.659028 0.566237 0.947049 0.950844 0.960962 0.914928 0.960896 0.961369 0.997147 0.932684 0.400983 0.418301 0.773504 0.790002 0.594464 0.615125 0.450052 0.382089 0.961017 0.761782 0.819917 0.784629 0.559379 0.586401 0.650306 0.690240 0.736861 0.765507 0.941218 0.702590 0.755843 0.548643 0.564135 0.485613 0.377191 0.485589 0.564613 0.585323 0.782301 0.791842 0.882235 0.916502 0.943681 0.974645 0.987063 0.925583 0.914742 0.911528 0.837788 0.772121 0.799562 0.805842 0.619010 0.536327 0.830531 0.800201 0.643050 0.555836 0.720884 0.759084 0.933028 0.950066 0.838365 0.724904 0.663688 0.729777 0.815073 0.722202 0.810622 0.885638
0.548404 0.423329 0.759778 0.629915 0.856794 0.989436 0.584495 0.494353 0.800150 0.552119 0.477778 0.364994 0.474023 0.393922 0.436960 0.304200 0.316279 0.265817 0.387297 0.367103 0.718455 0.884744 0.539509 0.604481 0.868267 0.921139 0.920764 0.758143 0.366230 0.000000 0.598442 0.527852 0.449700 0.426204 0.948631 0.879927 0.676953 0.638510 0.921426 0.881904 0.801389 0.781890 0.419635 0.351819 0.780967 0.674811 0.682200 0.511472 0.845089 0.990676 0.984239 0.995066 0.999049 0.994997 0.893493 0.917982 0.338956 0.396778 0.749165 0.855224 0.568822 0.622976 0.392637 0.336024 0.878331 0.687513 0.781794 0.762742 0.593997 0.601428 0.500321 0.529930 0.612530 0.660838 0.840582 0.744340 0.698789 0.526749 0.460384 0.478348 0.343247 0.394662 0.511126 0.554147 0.766803 0.738269 0.989530 0.831046 0.908427 0.927916 0.991172 0.936491 0.847639 0.958663 0.962618 0.671761 0.820153 0.786012 0.647694 0.494398 0.838812 0.824341 0.612804 0.450243 0.663178 0.655106 0.857778 0.986134 0.715479 0.622523 0.685353 0.737760 0.714671 0.734892 0.762001 0.872561
0.732511 0.797014 0.476300 0.436375 0.854435 0.750800 0.415131 0.497370 0.783153 0.548939 0.734946 0.754270 0.698996 0.746814 0.742983 0.673614 0.679458 0.698437 0.574837 0.692331 0.750033 0.764623 0.487241 0.690040 0.769140 0.725049 0.789573 0.990238 0.803225 0.598442 0.000000 0.585377 0.486575 0.472704 0.742355 0.881860 0.751545 0.819772 0.767833 0.912148 0.967164 0.856369 0.484785 0.480361 0.783506 0.765855 0.699251 0.655171 0.753354 0.930899 0.964414 0.959336 0.882977 0.895991 0.883071 0.922123 0.739972 0.836670 0.679144 0.897542 0.620201 0.916334 0.608681 0.719001 0.623136 0.638701 0.529126 0.586732 0.885350 0.742929 0.644043 0.752941 0.761354 0.856940 0.818522 0.914604 0.801705 0.845416 0.739115 0.757352 0.662373 0.632335 0.828280 0.811887 0.683126 0.714064 0.902345 0.969700 0.775111 0.999791 0.855728 0.777101 0.918095 0.779195 0.956529 0.868937 0.758518 0.863827 0.805841 0.716458 0.831616 0.547357 0.792697 0.685473 0.896394 0.643906 0.886589 0.828445 0.943265 0.766653 0.726305 0.844200 0.772143 0.912422 0.816262 0.889584
0.833952 0.802717 0.711641 0.522928 0.920184 0.936951 0.550750 0.526818 0.918023 0.535448 0.757557 0.707845 0.811250 0.606511 0.747572 0.556062 0.622157 0.596521 0.476318 0.499447 0.827559 0.973971 0.467151 0.481097 0.905511 0.956464 0.933025 0.802561 0.675464 0.527852 0.585377 0.000000 0.599570 0.572186 0.966463 0.762024 0.840261 0.957733 0.992248 0.934360 0.953827 0.993622 0.599737 0.688520 0.886396 0.926048 0.917096 0.741880 0.552302 0.605950 0.749830 0.672362 0.907493 0.911425 0.958178 0.777051 0.678454 0.792832 0.984629 0.846541 0.887675 0.980198 0.560245 0.650448 0.923927 0.845623 0.784304 0.829115 0.917452 0.820143 0.615725 0.727922 0.714764 0.728608 0.880361 0.890026 0.867127 0.702972 0.581648 0.702751 0.513327 0.437995 0.672672 0.624603 0.719084 0.626583 0.918601 0.737299 0.940549 0.969636 0.932595 0.786068 0.969382 0.958372 0.943780 0.709935 0.817327 0.896304 0.899738 0.587594 0.903076 0.646743 0.790489 0.561371 0.885585 0.857904 0.963571 0.968475 0.869681 0.776089 0.766540 0.912605 0.953713 0.815095 0.867217 0.979071
0.438760 0.535175 0.555942 0.511401 0.672726 0.851201 0.397808 0.432145 0.781278 0.580831 0.504323 0.454638 0.476155 0.532752 0.560903 0.491923 0.466800 0.417104 0.362613 0.493101 0.764648 0.892069 0.536508 0.731728 0.987515 0.980717 0.995375 0.775328 0.510992 0.449700 0.486575 0.599570 0.000000 0.313790 0.823498 0.821625 0.636654 0.678784 0.916553 0.777209 0.883777 0.757231 0.431807 0.379999 0.654861 0.646410 0.671498 0.543053 0.848843 0.947894 0.969594 0.989385 0.951411 0.970960 0.835645 0.991832 0.469937 0.545406 0.524147 0.698436 0.419757 0.713203 0.329522 0.399105 0.736482 0.611364 0.504864 0.495686 0.606552 0.577953 0.514153 0.521702 0.799416 0.901924 0.871516 0.960101 0.694709 0.580768 0.567366 0.596021 0.398697 0.377838 0.670807 0.543667 0.597644 0.582385 0.980773 0.933560 0.808339 0.962461 0.822838 0.735985 0.881573 0.845185 0.958886 0.854540 0.760694 0.835075 0.583056 0.594800 0.844359 0.586688 0.525454 0.501236 0.568562 0.634418 0.858740 0.932186 0.872840 0.741091 0.679685 0.702300 0.749485 0.821854 0.680474 0.943404
0.494354 0.555613 0.505733 0.476243 0.705119 0.788861 0.371509 0.388857 0.725160 0.543514 0.501948 0.516630 0.548440 0.622191 0.623695 0.543375 0.472568 0.439817 0.352311 0.451066 0.720861 0.823422 0.579466 0.755997 0.867431 0.889530 0.972301 0.747785 0.513753 0.426204 0.472704 0.572186 0.313790 0.000000 0.704437 0.768786 0.655227 0.725263 0.787998 0.787497 0.899486 0.814237 0.397021 0.354118 0.657121 0.660338 0.583017 0.434879 0.823684 0.976207 0.997782 0.985635 0.945677 0.986118 0.810616 0.944805 0.488449 0.584925 0.519194 0.705633 0.434447 0.700015 0.363076 0.460613 0.676602 0.551512 0.416771 0.426413 0.572273 0.536868 0.514248 0.608296 0.728337 0.855262 0.860918 0.874720 0.754813 0.616266 0.469461 0.594251 0.370619 0.377029 0.698358 0.582917 0.625178 0.630450 0.942370 0.955448 0.843071 0.996505 0.742581 0.722649 0.824997 0.757098 0.926986 0.787859 0.658570 0.749234 0.576851 0.530739 0.775315 0.563177 0.544716 0.430966 0.564265 0.569048 0.838267 0.895145 0.872048 0.702126 0.579628 0.686669 0.668817 0.761741 0.633890 0.865372
0.974217 0.914816 0.631517 0.731422 0.849273 0.707495 0.697907 0.744338 0.833740 0.754941 0.984040 0.846500 0.998377 0.839453 0.874466 0.925252 0.901032 0.921272 0.941753 0.912587 0.950978 0.916883 0.947450 0.925643 0.831107 0.583000 0.983661 0.989617 0.953791 0.948631 0.742355 0.966463 0.823498 0.704437 0.000000 0.763200 0.872350 0.943865 0.616588 0.993816 0.947539 0.942123 0.786633 0.783291 0.684291 0.765663 0.877249 0.762959 0.952272 0.903762 0.954622 0.906150 0.768870 0.959237 0.750571 0.881453 0.928445 0.863035 0.647791 0.788513 0.717701 0.894945 0.971401 0.947504 0.638286 0.634978 0.498259 0.518161 0.959116 0.921969 0.971824 0.868802 0.997941 0.877146 0.897585 0.983901 0.959606 0.965107 0.974834 0.935552 0.958647 0.931037 0.998942 0.994735 0.839211 0.837530 0.909102 0.814788 0.895428 0.850013 0.754173 0.821820 0.670556 0.722572 0.994780 0.892704 0.726612 0.847434 0.890129 0.922918 0.842986 0.783867 0.841470 0.978375 0.864651 0.730039 0.877276 0.855642 0.918788 0.943295 0.823993 0.762151 0.956392 0.966326 0.882060 0.952470
0.888498 0.869556 0.840634 0.866452 0.944624 0.936254 0.824569 0.769138 0.914783 0.829862 0.899168 0.921418 0.954885 0.939568 0.953258 0.957301 0.877925 0.875710 0.791161 0.745527 0.964139 0.903151 0.834241 0.937102 0.962190 0.824596 0.994051 0.839961 0.924907 0.879927 0.881860 0.762024 0.821625 0.768786 0.763200 0.000000 0.877270 0.788561 0.925415 0.934764 0.952419 0.982605 0.770769 0.818196 0.849983 0.908243 0.976560 0.867277 0.936295 0.922144 0.976048 0.980684 0.938861 0.934222 0.924424 0.954464 0.829145 0.897506 0.901059 0.890036 0.844728 0.889267 0.885064 0.860842 0.868463 0.778767 0.762960 0.757100 0.798996 0.858588 0.737849 0.940161 0.993960 0.954804 0.882434 0.938430 0.993257 0.858603 0.993843 0.981710 0.827105 0.901128 0.731671 0.838945 0.974549 0.865913 0.890059 0.980584 0.934445 0.971960 0.953314 0.931780 0.997491 0.995958 0.918421 0.882756 0.853595 0.937268 0.864844 0.798726 0.873009 0.981968 0.998106 0.840716 0.967739 0.898822 0.681046 0.896161 0.907208 0.989670 0.772985 0.821598 0.943942 0.845527 0.812038 0.895630
0.673924 0.682531 0.824398 0.687611 0.914802 0.794443 0.742555 0.669445 0.949652 0.701107 0.852220 0.666316 0.741903 0.823307 0.775390 0.688926 0.734577 0.703135 0.724156 0.695222 0.826359 0.923174 0.724338 0.799835 0.931172 0.940561 0.995132 0.909024 0.850465 0.676953 0.751545 0.840261 0.636654 0.655227 0.872350 0.877270 0.000000 0.596133 0.952844 0.976653 0.757079 0.838306 0.705930 0.665061 0.871268 0.819314 0.951260 0.812056 0.991121 0.988437 0.926385 0.998812 0.906250 0.953846 0.969938 0.976339 0.670220 0.698826 0.820208 0.935935 0.725185 0.731393 0.686776 0.660251 0.880805 0.745036 0.854207 0.810211 0.826768 0.828655 0.582444 0.682437 0.885676 0.904541 0.972609 0.998598 0.803505 0.694507 0.726670 0.938906 0.710696 0.731779 0.823511 0.655484 0.882132 0.818082 0.870383 0.984353 0.983793 0.925312 0.874451 0.803462 0.898166 0.813410 0.796274 0.993236 0.747001 0.703632 0.740062 0.747450 0.934542 0.819272 0.820551 0.770630 0.671577 0.693741 0.967514 0.804439 0.773998 0.887858 0.789978 0.629311 0.787198 0.870641 0.824759 0.924478
0.584082 0.608238 0.859231 0.776743 0.929414 0.901693 0.791621 0.724421 0.927093 0.822611 0.783301 0.675348 0.792630 0.789532 0.788545 0.784066 0.718458 0.690139 0.742107 0.728686 0.904757 0.867040 0.860891 0.895994 0.997025 0.886589 0.942009 0.882149 0.866098 0.638510 0.819772 0.957733 0.678784 0.725263 0.943865 0.788561 0.596133 0.000000 0.942224 0.789381 0.857550 0.917342 0.645437 0.608150 0.736422 0.708704 0.924620 0.823881 0.789725 0.777720 0.685156 0.716054 0.817864 0.799428 0.955342 0.979011 0.629256 0.638160 0.717096 0.783828 0.665409 0.675515 0.684822 0.625438 0.896202 0.786351 0.896434 0.867327 0.702975 0.628304 0.640634 0.645078 0.926476 0.801098 0.838070 0.959334 0.821036 0.832169 0.830186 0.810527 0.793480 0.825646 0.803525 0.765720 0.916526 0.866788 0.956144 0.983875 0.856351 0.869655 0.987737 0.946681 0.878569 0.998544 0.952400 0.917617 0.871756 0.776831 0.722074 0.783728 0.814296 0.995348 0.829348 0.681379 0.771394 0.717679 0.791811 0.761501 0.708805 0.840528 0.802265 0.820046 0.716184 0.850991 0.880031 0.860956
