0.000000 0.269616 0.890515 0.728762 0.949384 0.945244 0.891211 0.823297 0.806737 0.760415 0.474665 0.403145 0.444317 0.423543 0.700231 0.645316 0.358157 0.288494 0.412237 0.319603 0.895276 0.736838 0.867079 0.714266 0.816192 0.926472 0.806518 0.853163 0.739638 0.609453 0.709147 0.999722 0.803399 0.745913 0.984982 0.967039 0.747515 0.619437 0.831978 0.723602 0.767956 0.924354 0.833448 0.727701 0.960008 0.787787 0.647616 0.655572 0.722176 0.537528 0.705153 0.570489 0.902097 0.883798 0.535537 0.670287 0.285951 0.281107 0.471216 0.449937 0.824287 0.964927 0.531330 0.486076 0.842419 0.900742 0.921189 0.954020 0.336362 0.426006 0.978289 0.802432 0.766886 0.971828 0.821730 0.733470 0.817973 0.905089 0.713905 0.567764 0.306124 0.281648 0.508029 0.360606 0.527526 0.583921 0.622835 0.691338 0.683478 0.544373 0.991272 0.986121 0.950020 0.914688 0.795051 0.943692 0.769900 0.958280 0.871553 0.961218 0.792197 0.989802 0.892025 0.925514 0.921933 0.956062 0.959149 0.895377 0.935682 0.805624 0.992010 0.997004 0.958907 0.852772 0.939559 0.941128
0.269616 0.000000 0.805265 0.635798 0.921395 0.998000 0.827941 0.777206 0.848573 0.786832 0.577132 0.415823 0.412662 0.378192 0.614576 0.532230 0.363104 0.302168 0.422268 0.307161 0.886118 0.733080 0.728127 0.629442 0.742661 0.991411 0.743182 0.874573 0.701218 0.590904 0.768403 0.951609 0.784992 0.727276 0.936338 0.978901 0.796106 0.585029 0.793123 0.677924 0.819493 0.969624 0.760614 0.678730 0.910924 0.743402 0.596081 0.592768 0.685495 0.477246 0.614187 0.473141 0.766712 0.933275 0.538495 0.675571 0.247939 0.210581 0.450201 0.358196 0.743350 0.871407 0.529445 0.441511 0.760538 0.815139 0.839867 0.884713 0.422689 0.434054 0.989624 0.814300 0.771900 0.986203 0.836260 0.830993 0.804798 0.966078 0.648273 0.628030 0.315665 0.307125 0.474068 0.383548 0.432365 0.485709 0.649347 0.578529 0.682251 0.515612 0.997179 0.998773 0.905260 0.945804 0.724932 0.998904 0.785487 0.961779 0.891385 0.930020 0.801481 0.966352 0.890273 0.929318 0.860506 0.854396 0.954260 0.940449 0.884908 0.790148 0.895100 0.952101 0.911894 0.804562 0.762295 0.936279
0.890515 0.805265 0.000000 0.305724 0.633868 0.806327 0.351816 0.415302 0.524133 0.917327 0.996520 0.906747 0.606038 0.815706 0.669925 0.744902 0.937641 0.910016 0.797094 0.865063 0.799915 0.958116 0.463111 0.555473 0.479130 0.425033 0.899279 0.888397 0.871205 0.817049 0.635049 0.820114 0.583781 0.673603 0.676095 0.839527 0.559330 0.757952 0.832070 0.998207 0.838207 0.870594 0.763264 0.760732 0.747901 0.808607 0.769978 0.841648 0.907698 0.998145 0.951925 0.912053 0.849483 0.893915 0.725435 0.988542 0.900000 0.922035 0.775645 0.888559 0.339660 0.451097 0.890972 0.997591 0.315487 0.250207 0.475364 0.499744 0.823340 0.973511 0.583842 0.593918 0.703640 0.730372 0.966587 0.791419 0.798533 0.690235 0.995165 0.960963 0.946466 0.971093 0.971963 0.987640 0.542719 0.465399 0.830982 0.905210 0.768384 0.733006 0.649757 0.906573 0.589804 0.806979 0.777001 0.976940 0.774143 0.935129 0.809401 0.778741 0.746439 0.975875 0.821556 0.968359 0.612641 0.770776 0.880744 0.848157 0.679169 0.869473 0.785419 0.821885 0.894850 0.985638 0.841756 0.891955
0.728762 0.635798 0.305724 0.000000 0.615105 0.911170 0.498055 0.412427 0.641690 0.946213 0.948391 0.685741 0.487979 0.635537 0.551437 0.549981 0.927136 0.891920 0.613232 0.638430 0.898163 0.855394 0.353091 0.409109 0.494674 0.578099 0.709050 0.937677 0.996000 0.990856 0.794158 0.801944 0.691766 0.733830 0.683054 0.901857 0.572043 0.683648 0.786533 0.867228 0.866765 0.867067 0.764323 0.739227 0.821623 0.785808 0.751674 0.730183 0.999068 0.853440 0.872965 0.782672 0.824306 0.830206 0.702832 0.940332 0.757189 0.738827 0.692083 0.764460 0.455005 0.493260 0.965388 0.829857 0.321011 0.348059 0.536963 0.613253 0.676643 0.879284 0.582565 0.664254 0.814542 0.825321 0.976052 0.816424 0.749189 0.736398 0.868680 0.920452 0.860942 0.832378 0.842910 0.822722 0.467775 0.415782 0.694339 0.812671 0.674708 0.659963 0.695355 0.898854 0.645624 0.793864 0.724159 0.933328 0.727130 0.862565 0.814256 0.739157 0.860144 0.997352 0.894291 0.911229 0.572434 0.652037 0.961049 0.813734 0.634934 0.733501 0.810521 0.764043 0.905826 0.952202 0.792168 0.901902
0.949384 0.921395 0.633868 0.615105 0.000000 0.945764 0.759180 0.785523 0.784477 0.964587 0.925735 0.903074 0.754795 0.967441 0.745938 0.856713 0.857025 0.910144 0.971172 0.922820 0.920369 0.980476 0.563909 0.617560 0.613975 0.657928 0.681497 0.924465 0.908705 0.861275 0.825694 0.960891 0.913919 0.989765 0.917191 0.857756 0.839622 0.903486 0.925702 0.935268 0.910546 0.930692 0.991738 0.960746 0.941546 0.909802 0.911134 0.951594 0.811867 0.904572 0.912410 0.965879 0.904560 0.987288 0.999943 0.976242 0.977140 0.971698 0.946388 0.982743 0.751001 0.799429 0.905392 0.964083 0.583326 0.662980 0.793698 0.837279 0.884680 0.914346 0.791052 0.933328 0.851996 0.959622 0.999333 0.942421 0.917231 0.986870 0.857193 0.988483 0.924325 0.923070 0.899480 0.949052 0.734130 0.668760 0.857525 0.843816 0.913993 0.858856 0.939107 0.981049 0.829612 0.947078 0.873973 0.965232 0.945779 0.873270 0.974828 0.998201 0.958652 0.936265 0.820112 0.817485 0.871696 0.809565 0.988736 0.928231 0.998859 0.942820 0.856199 0.996764 0.881436 0.865146 0.982973 0.898881
0.945244 0.998000 0.806327 0.911170 0.945764 0.000000 0.582508 0.605169 0.785012 0.686652 0.813333 0.981716 0.939349 0.911878 0.912382 0.938677 0.981138 0.927057 0.896163 0.972983 0.930529 0.924648 0.966550 0.885679 0.905381 0.830218 0.727388 0.961132 0.844506 0.848681 0.788349 0.812190 0.625535 0.548444 0.953572 0.813949 0.885948 0.973297 0.993346 0.933955 0.911942 0.897775 0.635218 0.675820 0.583462 0.672206 0.784090 0.749633 0.734778 0.871474 0.800897 0.900752 0.764212 0.861394 0.870226 0.885612 0.968411 0.927463 0.766618 0.806694 0.688364 0.734310 0.870172 0.930433 0.979760 0.755967 0.563993 0.606189 0.892642 0.917401 0.696153 0.772189 0.721287 0.767052 0.977652 0.843886 0.840156 0.761954 0.933444 0.956134 0.967876 0.979409 0.834551 0.939487 0.958027 0.971968 0.830814 0.980867 0.820420 0.776315 0.693444 0.793210 0.728188 0.919347 0.870359 0.974758 0.684086 0.905950 0.597937 0.627275 0.677777 0.865987 0.934966 0.750421 0.819503 0.773876 0.955208 0.856259 0.921962 0.832343 0.811139 0.697994 0.711120 0.812835 0.822746 0.923625
0.891211 0.827941 0.351816 0.498055 0.759180 0.582508 0.000000 0.306093 0.499538 0.660982 0.833616 0.890041 0.710465 0.841082 0.747369 0.873482 0.886498 0.992045 0.654624 0.816283 0.892979 0.976158 0.646733 0.817849 0.812974 0.548075 0.849814 0.980254 0.844350 0.978962 0.583814 0.608947 0.351603 0.450273 0.720720 0.818751 0.627012 0.868313 0.901410 0.917994 0.906504 0.819072 0.435838 0.475691 0.419076 0.482857 0.535647 0.590394 0.731235 0.738295 0.667079 0.680030 0.540351 0.591437 0.650930 0.766864 0.877474 0.924900 0.585559 0.770713 0.323964 0.461337 0.815577 0.812753 0.587846 0.404666 0.299654 0.295601 0.964948 0.947888 0.461830 0.553685 0.597365 0.644587 0.961209 0.711303 0.570904 0.597245 0.798886 0.899603 0.893952 0.910136 0.977602 0.984687 0.686144 0.687189 0.979042 0.916521 0.914973 0.922940 0.449031 0.697023 0.497668 0.740301 0.676049 0.891717 0.544637 0.812783 0.476413 0.462143 0.556272 0.766000 0.859168 0.751684 0.486565 0.645939 0.761927 0.701033 0.682842 0.759246 0.686051 0.636761 0.595049 0.793369 0.748553 0.868657
0.823297 0.777206 0.415302 0.412427 0.785523 0.605169 0.306093 0.000000 0.524809 0.568814 0.809000 0.705936 0.689002 0.754008 0.774902 0.739317 0.893909 0.978630 0.614596 0.706663 0.994603 0.883591 0.681617 0.821867 0.825870 0.620663 0.933369 0.979013 0.873791 0.899595 0.609030 0.579303 0.455944 0.415363 0.775112 0.927955 0.507135 0.754742 0.888833 0.951310 0.849758 0.788259 0.403222 0.424415 0.491341 0.466684 0.462113 0.459156 0.704237 0.632524 0.583308 0.578541 0.586332 0.525044 0.663286 0.815557 0.865051 0.894831 0.534892 0.682230 0.379680 0.319440 0.913814 0.734976 0.675433 0.392446 0.436860 0.354133 0.855369 0.945188 0.489187 0.524288 0.654358 0.693875 0.916629 0.776123 0.590182 0.570638 0.845958 0.825130 0.851146 0.904867 0.982727 0.946158 0.808548 0.742797 0.950203 0.993375 0.933286 0.963647 0.495094 0.727875 0.620603 0.839279 0.763405 0.841113 0.593989 0.826054 0.472183 0.430805 0.503170 0.789904 0.777320 0.736984 0.467767 0.679486 0.878089 0.646068 0.653805 0.721825 0.698850 0.608495 0.651557 0.718403 0.670206 0.904060
0.806737 0.848573 0.524133 0.641690 0.784477 0.785012 0.499538 0.524809 0.000000 0.574742 0.926152 0.796917 0.970366 0.854936 0.935042 0.938168 0.848232 0.675894 0.982748 0.848807 0.964647 0.881112 0.786315 0.978544 0.801648 0.493471 0.872000 0.982417 0.990337 0.806690 0.458830 0.629078 0.541680 0.675231 0.690903 0.995546 0.772596 0.970112 0.987001 0.945783 0.992704 0.738558 0.607889 0.669196 0.572637 0.654997 0.746875 0.781137 0.922324 0.920682 0.793286 0.892389 0.734512 0.628309 0.881150 0.919946 0.840887 0.728438 0.830011 0.944133 0.530885 0.552775 0.906833 0.931818 0.724482 0.586223 0.527881 0.469518 0.931302 0.800001 0.628364 0.568286 0.536197 0.621264 0.931647 0.885529 0.764387 0.650851 0.984047 0.836493 0.737090 0.680356 0.898572 0.732136 0.970515 0.922592 0.898018 0.995242 0.968905 0.960966 0.559206 0.872618 0.676405 0.862446 0.857952 0.899316 0.823913 0.835666 0.604223 0.614773 0.558673 0.952776 0.882027 0.772404 0.639263 0.731179 0.811217 0.678755 0.726566 0.929760 0.670988 0.632563 0.678997 0.824135 0.803934 0.965603
0.760415 0.786832 0.917327 0.946213 0.964587 0.686652 0.660982 0.568814 0.574742 0.000000 0.907982 0.982429 0.692863 0.750971 0.828391 0.841179 0.929603 0.717760 0.960255 0.906289 0.849710 0.894409 0.885791 0.663897 0.818387 0.832133 0.671536 0.887684 0.811742 0.854529 0.523576 0.549963 0.655521 0.530866 0.791668 0.966220 0.833775 0.883971 0.976384 0.963572 0.946182 0.764622 0.438804 0.536272 0.422711 0.444465 0.662676 0.578949 0.553130 0.689440 0.577776 0.776851 0.640433 0.476378 0.973682 0.851126 0.768930 0.697896 0.776271 0.903827 0.727318 0.526376 0.984599 0.844608 0.824258 0.879717 0.664028 0.490414 0.798400 0.820030 0.742699 0.628720 0.528115 0.662927 0.961685 0.815081 0.674495 0.603916 0.955844 0.953203 0.865734 0.687460 0.798132 0.749380 0.664149 0.724774 0.701570 0.791437 0.938144 0.673760 0.685946 0.923695 0.900634 0.907579 0.971873 0.792228 0.753133 0.698353 0.502205 0.509170 0.456667 0.796986 0.589156 0.556387 0.633388 0.739711 0.912297 0.583978 0.801517 0.803815 0.672571 0.636740 0.611122 0.799103 0.761578 0.846138
0.474665 0.577132 0.996520 0.948391 0.925735 0.813333 0.833616 0.809000 0.926152 0.907982 0.000000 0.651453 0.818986 0.702383 0.981674 0.982640 0.517333 0.480374 0.565210 0.547860 0.953377 0.996404 0.807676 0.898394 0.777648 0.813390 0.929314 0.992673 0.639253 0.492524 0.857433 0.819831 0.746384 0.595551 0.962733 0.874473 0.920268 0.845844 0.877659 0.916989 0.813790 0.919334 0.699927 0.640589 0.785570 0.677225 0.651612 0.707902 0.631268 0.597684 0.730194 0.679861 0.885167 0.964139 0.731591 0.774570 0.550470 0.633713 0.534022 0.542782 0.929397 0.973680 0.514389 0.630765 0.854111 0.967755 0.768272 0.789454 0.688202 0.724604 0.968447 0.871978 0.957351 0.913637 0.852136 0.846047 0.766340 0.998611 0.760103 0.698962 0.499364 0.534469 0.800991 0.664917 0.949556 0.989135 0.824950 0.892698 0.898810 0.940016 0.810029 0.762511 0.840265 0.800686 0.798511 0.930508 0.662214 0.797073 0.695522 0.766826 0.896690 0.802481 0.755030 0.649929 0.988404 0.909681 0.982525 0.975347 0.914711 0.821764 0.914071 0.891419 0.776248 0.839701 0.999046 0.909607
0.403145 0.415823 0.906747 0.685741 0.903074 0.981716 0.890041 0.705936 0.796917 0.982429 0.651453 0.000000 0.514332 0.508044 0.678364 0.548701 0.550480 0.460800 0.525745 0.340767 0.973195 0.677102 0.811544 0.726788 0.836247 0.901224 0.771824 0.984927 0.681310 0.497440 0.862992 0.954382 0.855733 0.692347 0.978889 0.997619 0.648713 0.520183 0.865102 0.673860 0.865475 0.983433 0.811438 0.743782 0.927714 0.758131 0.700252 0.593176 0.676541 0.557674 0.676204 0.592236 0.846481 0.982670 0.672830 0.803077 0.497588 0.406695 0.622787 0.480333 0.770561 0.722837 0.640905 0.396027 0.876108 0.856158 0.973527 0.913919 0.497223 0.495238 0.994353 0.888963 0.852805 0.928458 0.993911 0.858845 0.885237 0.975090 0.781836 0.547416 0.395049 0.446197 0.657607 0.489574 0.691200 0.684147 0.665830 0.788251 0.873249 0.756894 0.914729 0.941620 0.900301 0.837297 0.887673 0.905732 0.747779 0.906035 0.945082 0.926727 0.997196 0.951056 0.893163 0.902188 0.856189 0.880938 0.856825 0.938238 0.853965 0.768629 0.949054 0.960284 0.965920 0.776833 0.901166 0.991500
0.444317 0.412662 0.606038 0.487979 0.754795 0.939349 0.710465 0.689002 0.970366 0.692863 0.818986 0.514332 0.000000 0.304535 0.380318 0.372175 0.572372 0.526335 0.419855 0.451023 0.919329 0.688010 0.441460 0.380351 0.641902 0.921083 0.667800 0.923874 0.866650 0.820716 0.877189 0.992695 0.815979 0.848778 0.932487 0.970813 0.742395 0.761230 0.934980 0.895325 0.836087 0.958722 0.894171 0.794748 0.950889 0.928020 0.732562 0.769292 0.998026 0.773691 0.874411 0.632456 0.828112 0.978551 0.757454 0.799178 0.450234 0.412391 0.686561 0.584211 0.634123 0.764569 0.766808 0.632010 0.514555 0.614676 0.881757 0.950733 0.587546 0.625381 0.778732 0.981467 0.886762 0.946951 0.919047 0.960555 0.835387 0.942977 0.786127 0.596922 0.537356 0.469624 0.597588 0.526250 0.366797 0.428610 0.542550 0.633467 0.752722 0.572584 0.889440 0.845909 0.826195 0.846664 0.854558 0.999923 0.801060 0.983244 0.952756 0.864485 0.911010 0.963853 0.952766 0.898233 0.821540 0.871798 0.954434 0.947179 0.823158 0.884108 0.923077 0.899268 0.955874 0.873992 0.907258 0.964634
0.423543 0.378192 0.815706 0.635537 0.967441 0.911878 0.841082 0.754008 0.854936 0.750971 0.702383 0.508044 0.304535 0.000000 0.437932 0.356130 0.470063 0.413740 0.395704 0.458821 0.990326 0.656334 0.619151 0.527079 0.887419 0.891627 0.723508 0.973136 0.696909 0.622496 0.769608 0.894094 0.857296 0.809238 0.904605 0.958169 0.904165 0.782000 0.984995 0.873055 0.981322 0.913993 0.799439 0.687456 0.999830 0.811977 0.651628 0.690726 0.868729 0.627552 0.737655 0.518749 0.774327 0.950981 0.826326 0.782110 0.365370 0.369024 0.582420 0.478188 0.741324 0.858945 0.645440 0.543597 0.750783 0.778949 0.951767 0.991951 0.688868 0.648207 0.994722 0.832335 0.872525 0.968040 0.816681 0.959296 0.865558 0.954921 0.651696 0.505232 0.438363 0.421210 0.521668 0.502506 0.522647 0.565391 0.618195 0.660410 0.787334 0.674643 0.937912 0.847058 0.962705 0.883287 0.843015 0.912810 0.839385 0.942469 0.888130 0.824644 0.887182 0.945366 0.919983 0.938233 0.873521 0.901004 0.967771 0.876378 0.847112 0.841849 0.866156 0.880645 0.927610 0.769283 0.769050 0.981410
0.700231 0.614576 0.669925 0.551437 0.745938 0.912382 0.747369 0.774902 0.935042 0.828391 0.981674 0.678364 0.380318 0.437932 0.000000 0.311539 0.679236 0.679204 0.583949 0.711105 0.975258 0.764801 0.387587 0.396474 0.655794 0.948556 0.697176 0.919041 0.768713 0.849052 0.964598 0.804437 0.844837 0.872332 0.918506 0.945187 0.845575 0.759790 0.958448 0.973774 0.957619 0.977367 0.856223 0.807939 0.969774 0.877875 0.778774 0.796379 0.988839 0.837684 0.884216 0.696151 0.723955 0.903177 0.867193 0.843686 0.566374 0.575695 0.723777 0.687870 0.641145 0.732203 0.796479 0.659027 0.511420 0.660157 0.911917 0.924375 0.793326 0.823798 0.801285 0.942710 0.963381 0.851878 0.917771 0.898746 0.895522 0.783980 0.698591 0.653004 0.686382 0.679403 0.596920 0.647383 0.434463 0.479778 0.683262 0.609529 0.737103 0.650378 0.997316 0.979419 0.992034 0.947346 0.852045 0.902433 0.812509 0.956281 0.956267 0.830263 0.881004 0.987088 0.972768 0.876851 0.733158 0.786787 0.906649 0.942081 0.787648 0.897324 0.872289 0.865982 0.860689 0.908306 0.832291 0.952257
0.645316 0.532230 0.744902 0.549981 0.856713 0.938677 0.873482 0.739317 0.938168 0.841179 0.982640 0.548701 0.372175 0.356130 0.311539 0.000000 0.655111 0.637503 0.606808 0.624705 0.975627 0.669785 0.416206 0.405305 0.700367 0.986162 0.695902 0.858374 0.783152 0.751498 0.983084 0.857215 0.916680 0.866865 0.998732 0.980025 0.811148 0.716064 0.930669 0.891132 0.966290 0.907559 0.852971 0.752238 0.941191 0.870152 0.722244 0.744972 0.987700 0.770194 0.802339 0.643934 0.743035 0.948062 0.912198 0.870006 0.534181 0.498218 0.708324 0.587162 0.681310 0.682573 0.857689 0.575201 0.605287 0.697045 0.966881 0.961459 0.742320 0.718475 0.913629 0.913737 0.897186 0.882846 0.984739 0.871815 0.928247 0.792889 0.714523 0.670213 0.621684 0.633602 0.566673 0.550764 0.478016 0.486675 0.701182 0.698266 0.714076 0.657101 0.921029 0.962820 0.893154 0.903370 0.911755 0.944665 0.906197 0.968544 0.977181 0.885167 0.908036 0.904817 0.967807 0.857079 0.780642 0.809660 0.936108 0.952757 0.770141 0.909408 0.893444 0.862353 0.893101 0.792711 0.743439 0.957824
0.358157 0.363104 0.937641 0.927136 0.857025 0.981138 0.886498 0.893909 0.848232 0.929603 0.517333 0.550480 0.572372 0.470063 0.679236 0.655111 0.000000 0.292716 0.442661 0.401486 0.991665 0.768769 0.950182 0.852765 0.965075 0.793958 0.942231 0.914170 0.518788 0.469721 0.804399 0.850477 0.732498 0.673999 0.985666 0.955169 0.912729 0.723345 0.905851 0.747241 0.799826 0.900164 0.687210 0.561410 0.812872 0.631192 0.544807 0.557816 0.525309 0.436433 0.541671 0.441297 0.677208 0.927229 0.579189 0.492297 0.287506 0.311476 0.438236 0.361757 0.906595 0.972863 0.347818 0.374314 0.927825 0.874873 0.922886 0.929642 0.545875 0.530895 0.975744 0.783629 0.813501 0.940947 0.842217 0.903516 0.727764 0.920790 0.555543 0.596235 0.248510 0.294082 0.439728 0.373871 0.651055 0.775697 0.751025 0.586696 0.739632 0.685688 0.990864 0.902260 0.980949 0.975695 0.728189 0.948841 0.726742 0.821467 0.739514 0.829761 0.857054 0.889806 0.629613 0.747745 0.866319 0.897049 0.979253 0.953119 0.943797 0.793989 0.857725 0.843997 0.780995 0.816343 0.790565 0.910769
0.288494 0.302168 0.910016 0.891920 0.910144 0.927057 0.992045 0.978630 0.675894 0.717760 0.480374 0.460800 0.526335 0.413740 0.679204 0.637503 0.292716 0.000000 0.455255 0.368996 0.974568 0.748067 0.928246 0.748561 0.995169 0.757594 0.818574 0.930516 0.614631 0.485782 0.621742 0.968113 0.877647 0.821164 0.996069 0.967552 0.978574 0.705941 0.869762 0.740958 0.852086 0.944434 0.874842 0.775020 0.996626 0.823995 0.716114 0.708498 0.679545 0.533298 0.707941 0.574715 0.864779 0.868492 0.628918 0.620967 0.262512 0.253377 0.520325 0.428849 0.994337 0.826045 0.403538 0.422851 0.988907 0.859318 0.971288 0.931543 0.505152 0.475625 0.917988 0.666596 0.717662 0.927156 0.778218 0.789446 0.861230 0.883318 0.583037 0.588360 0.260861 0.256314 0.459952 0.352478 0.583058 0.701498 0.616276 0.580176 0.716065 0.600555 0.913481 0.923255 0.978834 0.919415 0.756505 0.983360 0.763539 0.836438 0.934531 0.976578 0.723054 0.996756 0.853772 0.881768 0.986517 0.895615 0.993266 0.845166 0.966520 0.833739 0.973651 0.964846 0.929464 0.836721 0.902303 0.982482
0.412237 0.422268 0.797094 0.613232 0.971172 0.896163 0.654624 0.614596 0.982748 0.960255 0.565210 0.525745 0.419855 0.395704 0.583949 0.606808 0.442661 0.455255 0.000000 0.412653 0.996299 0.668066 0.755000 0.713197 0.998701 0.909766 0.868572 0.922987 0.654808 0.621298 0.868668 0.764924 0.685205 0.662649 0.973906 0.903470 0.776499 0.812244 0.883248 0.860076 0.711984 0.943215 0.621300 0.561812 0.770833 0.639332 0.531163 0.500979 0.655108 0.527487 0.651154 0.485263 0.706735 0.788018 0.699267 0.675614 0.422684 0.455773 0.482744 0.463217 0.698946 0.826306 0.527124 0.550131 0.844341 0.798812 0.713617 0.765057 0.648607 0.773840 0.690643 0.965350 0.973210 0.950252 0.867679 0.957251 0.671048 0.827028 0.661288 0.532054 0.436467 0.430996 0.653216 0.575068 0.625339 0.729100 0.655854 0.654341 0.832693 0.833036 0.739456 0.684243 0.732970 0.729868 0.732923 0.882136 0.513552 0.853721 0.605198 0.601452 0.930541 0.776900 0.734241 0.829250 0.687576 0.719730 0.962199 0.860260 0.793444 0.626009 0.829101 0.764838 0.736414 0.722036 0.797547 0.949816
0.319603 0.307161 0.865063 0.638430 0.922820 0.972983 0.816283 0.706663 0.848807 0.906289 0.547860 0.340767 0.451023 0.458821 0.711105 0.624705 0.401486 0.368996 0.412653 0.000000 0.941249 0.744654 0.815754 0.716092 0.852056 0.949796 0.761463 0.976052 0.687666 0.568191 0.792257 0.954457 0.780366 0.701139 0.962853 0.956727 0.700647 0.554878 0.811844 0.634052 0.796407 0.904796 0.756971 0.678057 0.908054 0.744445 0.605494 0.591791 0.635959 0.447059 0.625237 0.474664 0.767910 0.901651 0.541750 0.637383 0.371726 0.307125 0.492160 0.429732 0.806150 0.857669 0.566489 0.420928 0.864585 0.887501 0.843731 0.882008 0.426571 0.471239 0.894991 0.927493 0.815386 0.977051 0.870105 0.879932 0.715278 0.984410 0.707467 0.621177 0.316581 0.345142 0.599905 0.422963 0.564843 0.644467 0.664083 0.712021 0.752155 0.653379 0.899077 0.878350 0.879267 0.899292 0.834313 0.876036 0.668195 0.923335 0.831238 0.813931 0.993745 0.889047 0.761560 0.895508 0.804641 0.827327 0.943116 0.939239 0.858567 0.686867 0.957937 0.935803 0.948642 0.808299 0.850668 0.934793
0.895276 0.886118 0.799915 0.898163 0.920369 0.930529 0.892979 0.994603 0.964647 0.849710 0.953377 0.973195 0.919329 0.990326 0.975258 0.975627 0.991665 0.974568 0.996299 0.941249 0.000000 0.988142 0.960029 0.857305 0.804681 0.861873 0.986389 0.823739 0.976312 0.979561 0.921127 0.963560 0.823749 0.898262 0.820556 0.792392 0.994885 0.979883 0.872181 0.952280 0.998147 0.990157 0.913253 0.959107 0.927536 0.999041 0.974999 0.829938 0.994295 0.899769 0.944744 0.873650 0.875509 0.696707 0.812854 0.809164 0.938942 0.884921 0.898412 0.963608 0.706572 0.906842 0.903927 0.973348 0.761496 0.767475 0.853480 0.924058 0.937127 0.947581 0.985428 0.855945 0.964622 0.931911 0.795974 0.978500 0.982778 0.923362 0.834481 0.968586 0.903461 0.861341 0.880798 0.937033 0.736017 0.692435 0.898151 0.880973 0.863424 0.832791 0.857244 0.706352 0.947978 0.852027 0.997204 0.847637 0.946315 0.784968 0.888672 0.798310 0.854995 0.977248 0.837893 0.881419 0.791961 0.942293 0.972315 0.970637 0.989735 0.849683 0.836704 0.833038 0.942292 0.860355 0.988448 0.949060
0.736838 0.733080 0.958116 0.855394 0.980476 0.924648 0.976158 0.883591 0.881112 0.894409 0.996404 0.677102 0.688010 0.656334 0.764801 0.669785 0.768769 0.748067 0.668066 0.744654 0.988142 0.000000 0.831073 0.775331 0.999007 0.913802 0.846842 0.924082 0.915177 0.890440 0.880576 0.981608 0.973633 0.991176 0.910515 0.885550 0.848935 0.879642 0.880480 0.779772 0.946930 0.963863 0.913192 0.859628 0.929017 0.943924 0.856129 0.837420 0.926933 0.786677 0.825059 0.719840 0.790425 0.913831 0.814921 0.843404 0.700403 0.662477 0.850610 0.708718 0.877638 0.902137 0.772712 0.691294 0.969938 0.968875 0.877597 0.912801 0.852203 0.827502 0.996707 0.944592 0.933965 0.949534 0.885352 0.927456 0.901089 0.954941 0.909857 0.703126 0.705303 0.647567 0.737417 0.674483 0.827825 0.828239 0.725730 0.749910 0.872080 0.900411 0.983581 0.877221 0.944396 0.990886 0.899917 0.987556 0.703682 0.948725 0.914193 0.877618 0.983963 0.823336 0.952089 0.941870 0.857374 0.975725 0.777645 0.958721 0.869729 0.814356 0.868970 0.870301 0.989355 0.825589 0.753993 0.939813
0.867079 0.728127 0.463111 0.353091 0.563909 0.966550 0.646733 0.681617 0.786315 0.885791 0.807676 0.811544 0.441460 0.619151 0.387587 0.416206 0.950182 0.928246 0.755000 0.815754 0.960029 0.831073 0.000000 0.298937 0.475646 0.679010 0.610852 0.928975 0.983411 0.932176 0.852260 0.901782 0.871005 0.945749 0.812970 0.935469 0.734283 0.786880 0.947026 0.989682 0.981930 0.975514 0.932839 0.921408 0.993867 0.971276 0.933313 0.925275 0.838184 0.981319 0.997404 0.879142 0.793327 0.913104 0.914933 0.934793 0.821165 0.754522 0.919500 0.869876 0.556680 0.639063 0.939778 0.841747 0.300008 0.492182 0.751048 0.856484 0.829340 0.913063 0.703436 0.827997 0.867942 0.877678 0.924487 0.747263 0.904785 0.824197 0.856406 0.960562 0.923003 0.915174 0.739027 0.822745 0.378165 0.385700 0.688922 0.733027 0.698973 0.617314 0.890337 0.994292 0.817461 0.877642 0.793487 0.972697 0.883658 0.940203 0.995709 0.873884 0.941860 0.888525 0.815349 0.695516 0.704945 0.705234 0.906017 0.951477 0.738909 0.851511 0.882733 0.819087 0.945978 0.971606 0.863334 0.974155
0.714266 0.629442 0.555473 0.409109 0.617560 0.885679 0.817849 0.821867 0.978544 0.663897 0.898394 0.726788 0.380351 0.527079 0.396474 0.405305 0.852765 0.748561 0.713197 0.716092 0.857305 0.775331 0.298937 0.000000 0.457882 0.779673 0.488382 0.828686 0.970886 0.987815 0.999186 0.996473 0.933678 0.966150 0.911233 0.912440 0.822711 0.769533 0.867481 0.958256 0.914004 0.998419 0.886002 0.967559 0.808517 0.881383 0.976951 0.994824 0.763308 0.966854 0.874604 0.940169 0.972982 0.869499 0.854798 0.972339 0.702635 0.618533 0.933766 0.837568 0.713037 0.828152 0.984754 0.830260 0.375068 0.605973 0.944530 0.955722 0.684211 0.835089 0.808191 0.941425 0.962364 0.994038 0.991143 0.905684 0.972187 0.918349 0.820740 0.870576 0.789286 0.713094 0.700589 0.650007 0.351199 0.359654 0.601166 0.680673 0.629798 0.522295 0.925006 0.911176 0.952951 0.966013 0.843991 0.894676 0.938268 0.945629 0.850648 0.934126 0.795248 0.912834 0.706362 0.657892 0.834665 0.865888 0.969295 0.900374 0.942776 0.996430 0.993293 0.998144 0.897369 0.936633 0.961282 0.967920
0.816192 0.742661 0.479130 0.494674 0.613975 0.905381 0.812974 0.825870 0.801648 0.818387 0.777648 0.836247 0.641902 0.887419 0.655794 0.700367 0.965075 0.995169 0.998701 0.852056 0.804681 0.999007 0.475646 0.457882 0.000000 0.460876 0.597458 0.770507 0.794581 0.747472 0.780225 0.978602 0.873229 0.996516 0.779575 0.861218 0.607376 0.624185 0.802147 0.879682 0.882124 0.955327 0.867475 0.908171 0.898292 0.883668 0.968422 0.951053 0.774884 0.902022 0.879840 0.939907 0.907579 0.774894 0.750999 0.984094 0.871435 0.802447 0.983343 0.949506 0.648239 0.707164 0.778746 0.981010 0.359131 0.533508 0.896186 0.916798 0.597122 0.709682 0.942308 0.880839 0.989808 0.901719 0.918453 0.909207 0.926010 0.975718 0.978902 0.908034 0.986133 0.918793 0.792954 0.812457 0.441991 0.376869 0.792106 0.837834 0.685277 0.487889 0.887485 0.648349 0.985656 0.873371 0.856911 0.932385 0.889774 0.875165 0.773605 0.759127 0.823305 0.746781 0.683735 0.650527 0.893147 0.938071 0.950306 0.907415 0.885385 0.945025 0.971741 0.886113 0.836052 0.795291 0.978121 0.983585
0.926472 0.991411 0.425033 0.578099 0.657928 0.830218 0.548075 0.620663 0.493471 0.832133 0.813390 0.901224 0.921083 0.891627 0.948556 0.986162 0.793958 0.757594 0.909766 0.949796 0.861873 0.913802 0.679010 0.779673 0.460876 0.000000 0.956737 0.825500 0.767084 0.690890 0.494847 0.819578 0.624648 0.756420 0.750733 0.745685 0.590003 0.838657 0.773620 0.895716 0.957715 0.753425 0.829318 0.860297 0.762013 0.840591 0.864719 0.948499 0.917572 0.951523 0.941912 0.993501 0.883710 0.954882 0.740033 0.990932 0.907246 0.908081 0.925835 0.956687 0.520193 0.596538 0.738869 0.859630 0.506298 0.463476 0.593779 0.568743 0.850717 0.927909 0.774992 0.633765 0.677032 0.719040 0.972296 0.919088 0.929154 0.858449 0.891704 0.808275 0.784658 0.802288 0.982672 0.847608 0.698532 0.609800 0.996702 0.979417 0.798652 0.769172 0.806255 0.842995 0.798699 0.943762 0.864821 0.912425 0.961059 0.966877 0.904738 0.967026 0.809044 0.939535 0.808949 0.903734 0.761615 0.812531 0.892381 0.924314 0.842655 0.912451 0.749707 0.968573 0.934598 0.922559 0.944640 0.941071
0.806518 0.743182 0.899279 0.709050 0.681497 0.727388 0.849814 0.933369 0.872000 0.671536 0.929314 0.771824 0.667800 0.723508 0.697176 0.695902 0.942231 0.818574 0.868572 0.761463 0.986389 0.846842 0.610852 0.488382 0.597458 0.956737 0.000000 0.926837 0.860469 0.885829 0.764782 0.873619 0.723481 0.731170 0.941568 0.968624 0.926510 0.720505 0.872314 0.985817 0.982773 0.835938 0.699846 0.751140 0.578779 0.673040 0.867365 0.859330 0.717655 0.932901 0.779602 0.993348 0.821053 0.830621 0.975647 0.936113 0.815972 0.718839 0.887307 0.914145 0.930272 0.932460 0.944958 0.943627 0.677459 0.908319 0.798267 0.773520 0.710616 0.756513 0.924312 0.786596 0.787145 0.800063 0.974252 0.877331 0.954863 0.741114 0.912923 0.973822 0.922249 0.821747 0.784380 0.834878 0.642901 0.644576 0.646377 0.760052 0.875709 0.663378 0.820324 0.883632 0.943296 0.932454 0.986988 0.977733 0.922120 0.949973 0.736885 0.791316 0.716959 0.868940 0.745472 0.669968 0.982428 0.974196 0.901595 0.903294 0.990644 0.951217 0.989825 0.911061 0.797588 0.811502 0.898991 0.977963
0.853163 0.874573 0.888397 0.937677 0.924465 0.961132 0.980254 0.979013 0.982417 0.887684 0.992673 0.984927 0.923874 0.973136 0.919041 0.858374 0.914170 0.930516 0.922987 0.976052 0.823739 0.924082 0.928975 0.828686 0.770507 0.825500 0.926837 0.000000 0.914514 0.879148 0.918732 0.913349 0.991706 0.997211 0.927991 0.856872 0.807327 0.857151 0.838365 0.993868 0.964041 0.836519 0.976632 0.964528 0.918458 0.985216 0.989238 0.991116 0.908961 0.970841 0.948160 0.945745 0.926557 0.747478 0.817606 0.991724 0.826665 0.857818 0.912284 0.946120 0.938855 0.973981 0.888166 0.976299 0.840612 0.880885 0.933795 0.923255 0.787931 0.748938 0.979754 0.859322 0.857920 0.933386 0.967417 0.950558 0.979706 0.916460 0.881011 0.879681 0.948985 0.948397 0.822507 0.895059 0.810503 0.756289 0.948571 0.996570 0.905473 0.763075 0.838534 0.727661 0.842522 0.732481 0.954360 0.867934 0.913796 0.891458 0.902857 0.821063 0.742974 0.779432 0.825093 0.779869 0.901616 0.792221 0.986279 0.935742 0.833279 0.793670 0.936143 0.990571 0.904685 0.956708 0.911573 0.886282
0.739638 0.701218 0.871205 0.996000 0.908705 0.844506 0.844350 0.873791 0.990337 0.811742 0.639253 0.681310 0.866650 0.696909 0.768713 0.783152 0.518788 0.614631 0.654808 0.687666 0.976312 0.915177 0.983411 0.970886 0.794581 0.767084 0.860469 0.914514 0.000000 0.329414 0.945927 0.552160 0.677144 0.628386 0.959072 0.934857 0.975418 0.971545 0.963464 0.915029 0.960364 0.976809 0.604292 0.573270 0.601617 0.520918 0.618430 0.587937 0.471164 0.519495 0.546639 0.593741 0.599246 0.793279 0.841739 0.692117 0.640982 0.685879 0.571511 0.546884 0.832367 0.936719 0.453534 0.478199 0.803418 0.881211 0.808138 0.824026 0.943200 0.995536 0.959553 0.810192 0.961191 0.823546 0.895448 0.986130 0.836910 0.748592 0.587391 0.626191 0.497116 0.674605 0.700908 0.668558 0.903908 0.982288 0.982012 0.830520 0.967214 0.960078 0.994604 0.977187 0.881633 0.882664 0.749380 0.867408 0.645020 0.979755 0.720007 0.742282 0.894786 0.892451 0.634788 0.626409 0.851595 0.860289 0.991721 0.921411 0.885774 0.876553 0.821258 0.786000 0.681442 0.762088 0.761249 0.968892
0.609453 0.590904 0.817049 0.990856 0.861275 0.848681 0.978962 0.899595 0.806690 0.854529 0.492524 0.497440 0.820716 0.622496 0.849052 0.751498 0.469721 0.485782 0.621298 0.568191 0.979561 0.890440 0.932176 0.987815 0.747472 0.690890 0.885829 0.879148 0.329414 0.000000 0.900186 0.737427 0.796480 0.611398 0.940843 0.982075 0.974189 0.846883 0.982912 0.760037 0.893933 0.997440 0.666807 0.601500 0.705660 0.584465 0.638743 0.584780 0.442937 0.494653 0.554691 0.599725 0.733023 0.949992 0.850466 0.680813 0.581010 0.586983 0.560741 0.464338 0.923093 0.938255 0.451980 0.392323 0.749990 0.815510 0.901874 0.892695 0.835832 0.795022 0.891390 0.794881 0.970853 0.864863 0.946365 0.951106 0.922348 0.824477 0.582548 0.560902 0.389094 0.572901 0.678174 0.592214 0.963358 0.948960 0.901428 0.767512 0.979756 0.973982 0.918481 0.993935 0.827716 0.849812 0.815204 0.934584 0.713015 0.882046 0.786101 0.810411 0.935206 0.955342 0.653761 0.656001 0.930708 0.838360 0.903587 0.931687 0.914974 0.809944 0.888471 0.865127 0.833964 0.786624 0.764438 0.986075
0.709147 0.768403 0.635049 0.794158 0.825694 0.788349 0.583814 0.609030 0.458830 0.523576 0.857433 0.862992 0.877189 0.769608 0.964598 0.983084 0.804399 0.621742 0.868668 0.792257 0.921127 0.880576 0.852260 0.999186 0.780225 0.494847 0.764782 0.918732 0.945927 0.900186 0.000000 0.515598 0.541331 0.635659 0.726268 0.903418 0.687707 0.971604 0.757299 0.893396 0.991598 0.855986 0.603248 0.654624 0.527191 0.592850 0.730398 0.778629 0.820726 0.900940 0.755877 0.920839 0.677498 0.698678 0.924616 0.948706 0.777625 0.696851 0.899787 0.983500 0.531130 0.488990 0.849245 0.984508 0.838839 0.675722 0.682174 0.503057 0.873354 0.783924 0.827389 0.688252 0.570512 0.611756 0.929060 0.852789 0.822520 0.530267 0.984908 0.922289 0.775659 0.653029 0.957367 0.809480 0.976732 0.953424 0.740097 0.883465 0.937920 0.915852 0.925470 0.807457 0.966718 0.742215 0.942664 0.867775 0.916030 0.976022 0.776549 0.791473 0.540445 0.990775 0.910333 0.925417 0.758654 0.824229 0.845387 0.786806 0.790289 0.965353 0.778676 0.841592 0.725356 0.854709 0.885983 0.926285
0.999722 0.951609 0.820114 0.801944 0.960891 0.812190 0.608947 0.579303 0.629078 0.549963 0.819831 0.954382 0.992695 0.894094 0.804437 0.857215 0.850477 0.968113 0.764924 0.954457 0.963560 0.981608 0.901782 0.996473 0.978602 0.819578 0.873619 0.913349 0.552160 0.737427 0.515598 0.000000 0.546133 0.531615 0.844493 0.983260 0.778667 0.957865 0.861946 0.968669 0.995714 0.931263 0.435526 0.432818 0.485013 0.431508 0.530634 0.559203 0.614238 0.641686 0.566268 0.629171 0.571893 0.586319 0.817349 0.834215 0.897025 0.984882 0.573834 0.688757 0.594661 0.638699 0.800956 0.727400 0.989533 0.796118 0.642977 0.576495 0.917789 0.834398 0.821239 0.856896 0.658255 0.656363 0.944432 0.918669 0.689116 0.570479 0.708160 0.706060 0.869082 0.997034 0.841814 0.913164 0.973170 0.982147 0.959863 0.961137 0.899134 0.863900 0.811344 0.993903 0.990627 0.995514 0.829209 0.922450 0.699750 0.978282 0.533315 0.600738 0.567759 0.747519 0.650407 0.737765 0.651056 0.771565 0.848492 0.767624 0.664916 0.829743 0.820334 0.758249 0.546034 0.857823 0.727704 0.958824
0.803399 0.784992 0.583781 0.691766 0.913919 0.625535 0.351603 0.455944 0.541680 0.655521 0.746384 0.855733 0.815979 0.857296 0.844837 0.916680 0.732498 0.877647 0.685205 0.780366 0.823749 0.973633 0.871005 0.933678 0.873229 0.624648 0.723481 0.991706 0.677144 0.796480 0.541331 0.546133 0.000000 0.373015 0.780613 0.826683 0.691218 0.829286 0.896977 0.972750 0.899784 0.672674 0.399961 0.423952 0.338004 0.394414 0.439067 0.552093 0.557218 0.604860 0.522196 0.629579 0.585813 0.719395 0.587188 0.689512 0.791089 0.849674 0.474120 0.686899 0.388969 0.576663 0.644616 0.680889 0.803592 0.612495 0.405315 0.364160 0.876764 0.943096 0.683349 0.768424 0.697791 0.666874 0.820783 0.866760 0.611974 0.639996 0.752440 0.808001 0.750020 0.836030 0.859104 0.841216 0.749303 0.756302 0.964255 0.855902 0.852728 0.895577 0.668520 0.912729 0.774752 0.993184 0.704954 0.900555 0.660735 0.846895 0.516773 0.600933 0.645640 0.793878 0.786303 0.646317 0.607925 0.719808 0.855991 0.888153 0.820174 0.828530 0.690777 0.705521 0.619948 0.698808 0.745708 0.900093
0.745913 0.727276 0.673603 0.733830 0.989765 0.548444 0.450273 0.415363 0.675231 0.530866 0.595551 0.692347 0.848778 0.809238 0.872332 0.866865 0.673999 0.821164 0.662649 0.701139 0.898262 0.991176 0.945749 0.966150 0.996516 0.756420 0.731170 0.997211 0.628386 0.611398 0.635659 0.531615 0.373015 0.000000 0.752870 0.886464 0.646731 0.749397 0.902184 0.966910 0.745045 0.715970 0.389268 0.384802 0.367052 0.359608 0.388874 0.458857 0.504007 0.532450 0.474556 0.578932 0.588990 0.684825 0.609094 0.691805 0.732859 0.804410 0.407190 0.510189 0.438088 0.485494 0.593572 0.535210 0.922868 0.649654 0.486637 0.399707 0.825541 0.877724 0.753281 0.761786 0.684133 0.607877 0.863683 0.940225 0.719791 0.605132 0.803366 0.759724 0.672334 0.791622 0.815890 0.819289 0.866537 0.857808 0.968654 0.919163 0.850453 0.962964 0.771075 0.941707 0.883737 0.927413 0.797934 0.938641 0.580696 0.885032 0.519811 0.605511 0.563824 0.879457 0.696627 0.577265 0.626410 0.674213 0.905667 0.778405 0.858102 0.743991 0.712289 0.731201 0.585655 0.762361 0.815067 0.945301
0.984982 0.936338 0.676095 0.683054 0.917191 0.953572 0.720720 0.775112 0.690903 0.791668 0.962733 0.978889 0.932487 0.904605 0.918506 0.998732 0.985666 0.996069 0.973906 0.962853 0.820556 0.910515 0.812970 0.911233 0.779575 0.750733 0.941568 0.927991 0.959072 0.940843 0.726268 0.844493 0.780613 0.752870 0.000000 0.933800 0.884857 0.823230 0.728225 0.968607 0.977578 0.905586 0.850133 0.869372 0.734810 0.793850 0.868510 0.911605 0.912619 0.947147 0.932768 0.950529 0.926946 0.944470 0.775175 0.919081 0.986221 0.968579 0.796008 0.959293 0.724158 0.694373 0.979101 0.877559 0.711084 0.754914 0.640683 0.666054 0.875411 0.926411 0.796598 0.809922 0.823304 0.792574 0.985233 0.997220 0.924726 0.755596 0.943102 0.885633 0.966848 0.975556 0.867974 0.925503 0.847449 0.794129 0.955669 0.970958 0.726505 0.772448 0.973621 0.872357 0.863203 0.935407 0.846384 0.989844 0.832128 0.689920 0.869380 0.963570 0.903308 0.841208 0.949009 0.992555 0.775803 0.863427 0.651679 0.849259 0.800421 0.922283 0.954863 0.937159 0.759696 0.948509 0.884401 0.960686
0.967039 0.978901 0.839527 0.901857 0.857756 0.813949 0.818751 0.927955 0.995546 0.966220 0.874473 0.997619 0.970813 0.958169 0.945187 0.980025 0.955169 0.967552 0.903470 0.956727 0.792392 0.885550 0.935469 0.912440 0.861218 0.745685 0.968624 0.856872 0.934857 0.982075 0.903418 0.983260 0.826683 0.886464 0.933800 0.000000 0.965989 0.994009 0.903536 0.961817 0.778848 0.983907 0.949620 0.975598 0.977000 0.995454 0.999668 0.800678 0.929986 0.911467 0.927497 0.904012 0.936651 0.860829 0.920476 0.889179 0.973057 0.992457 0.997450 0.986935 0.870429 0.969575 0.915579 0.910377 0.799930 0.831060 0.872188 0.935203 0.959642 0.907754 0.963524 0.896847 0.836047 0.949290 0.952046 0.918616 0.859455 0.911252 0.937367 0.993810 0.978207 0.983826 0.998053 0.933374 0.858942 0.825761 0.963945 0.869543 0.912605 0.981408 0.929664 0.929617 0.918112 0.965947 0.926159 0.825285 0.922874 0.996429 0.892977 0.876044 0.956282 0.964931 0.793918 0.952246 0.959219 0.945551 0.893958 0.858564 0.956651 0.983434 0.922354 0.905747 0.900896 0.859287 0.902180 0.760332
0.747515 0.796106 0.559330 0.572043 0.839622 0.885948 0.627012 0.507135 0.772596 0.833775 0.920268 0.648713 0.742395 0.904165 0.845575 0.811148 0.912729 0.978574 0.776499 0.700647 0.994885 0.848935 0.734283 0.822711 0.607376 0.590003 0.926510 0.807327 0.975418 0.974189 0.687707 0.778667 0.691218 0.646731 0.884857 0.965989 0.000000 0.580381 0.801888 0.841847 0.722936 0.766124 0.754486 0.747044 0.779814 0.764886 0.708459 0.691691 0.894555 0.860081 0.842107 0.859096 0.852852 0.895544 0.572039 0.832063 0.839733 0.844898 0.755706 0.850912 0.556276 0.543370 0.955128 0.780762 0.699569 0.576733 0.745668 0.653870 0.626899 0.749523 0.749783 0.663792 0.884234 0.839375 0.904200 0.966427 0.791036 0.828021 0.995263 0.975808 0.848935 0.843484 0.824554 0.761476 0.756744 0.708199 0.835284 0.931275 0.889592 0.811637 0.921517 0.890669 0.929681 0.910753 0.840855 0.941149 0.710000 0.950300 0.803093 0.833841 0.791598 0.975576 0.944741 0.901656 0.719997 0.839255 0.900319 0.886723 0.766182 0.781649 0.934886 0.873397 0.962697 0.983553 0.987390 0.879563
0.619437 0.585029 0.757952 0.683648 0.903486 0.973297 0.868313 0.754742 0.970112 0.883971 0.845844 0.520183 0.761230 0.782000 0.759790 0.716064 0.723345 0.705941 0.812244 0.554878 0.979883 0.879642 0.786880 0.769533 0.624185 0.838657 0.720505 0.857151 0.971545 0.846883 0.971604 0.957865 0.829286 0.749397 0.823230 0.994009 0.580381 0.000000 0.723516 0.727970 0.846093 0.780001 0.883439 0.901172 0.922020 0.869260 0.758658 0.726015 0.789229 0.686324 0.794769 0.761644 0.931775 0.952596 0.573467 0.716848 0.681152 0.601901 0.737687 0.691486 0.767272 0.725915 0.874691 0.605399 0.780330 0.809798 0.921123 0.850973 0.523284 0.557511 0.942877 0.980710 0.942599 0.996846 0.965690 0.927207 0.834967 0.994519 0.913842 0.924896 0.664536 0.691130 0.785692 0.647850 0.708821 0.663960 0.791271 0.806764 0.769567 0.644193 0.919132 0.784566 0.945149 0.914999 0.994851 0.864081 0.926964 0.867362 0.946074 0.971998 0.999018 0.871226 0.905074 0.967280 0.815432 0.943758 0.968688 0.956475 0.961990 0.806836 0.885645 0.919676 0.881218 0.950953 0.976260 0.944375
