0.000000 0.437662 0.878232 0.807832 0.885559 0.936386 0.969031 0.928713 0.877059 0.838501 0.501902 0.516120 0.844793 0.951303 0.961789 0.802451 0.464927 0.454504 0.700784 0.604512 0.899786 0.975743 0.889569 0.822123 0.877604 0.826270 0.894224 0.970091 0.711380 0.526529 0.864323 0.995017 0.769553 0.745631 0.946803 0.959456 0.975929 0.944527 0.839419 0.998078 0.977431 0.828551 0.827454 0.887308 0.977262 0.999527 0.904827 0.900239 0.809042 0.858156 0.892340 0.864293 0.952324 0.750005 0.797544 0.701812 0.401632 0.428491 0.615735 0.672818 0.586434 0.621797 0.475237 0.435221 0.836152 0.977450 0.952790 0.999824 0.636344 0.654824 0.959748 0.792083 0.918160 0.843023 0.889333 0.988522 0.779774 0.908967 0.724519 0.804775 0.353572 0.398931 0.702290 0.540578 0.748811 0.978087 0.854359 0.807749 0.804491 0.835890 0.781823 0.666927 0.773464 0.690047 0.904689 0.979056 0.789383 0.846250 0.956807 0.914109 0.924047 0.985818 0.809365 0.824503 0.907678 0.981888 0.958831 0.947239 0.864319 0.803342 0.935015 0.971253 0.785022 0.996721 0.942595 0.790835
0.437662 0.000000 0.908975 0.921523 0.985048 0.977885 0.843124 0.934443 0.710158 0.653604 0.683300 0.500745 0.990687 0.948064 0.866735 0.795439 0.490398 0.483071 0.895219 0.670351 0.904120 0.964996 0.790460 0.842370 0.957626 0.988697 0.941358 0.886683 0.875450 0.711978 0.795450 0.857657 0.863932 0.892697 0.961750 0.942137 0.853594 0.983195 0.968692 0.858841 0.881388 0.839044 0.853343 0.895523 0.806433 0.854846 0.832656 0.995283 0.932214 0.942568 0.992617 0.988165 0.753183 0.573366 0.747739 0.738445 0.435706 0.404637 0.754183 0.775448 0.793795 0.751102 0.623382 0.582656 0.919983 0.889010 0.967280 0.935573 0.569085 0.637864 0.954879 0.744003 0.933359 0.851641 0.950240 0.988772 0.815864 0.977873 0.811522 0.712850 0.461502 0.409365 0.763352 0.491548 0.792511 0.884269 0.828988 0.883405 0.819699 0.825615 0.674509 0.638493 0.820241 0.714132 0.995366 0.934665 0.871730 0.913121 0.800161 0.756696 0.862908 0.813393 0.984222 0.980579 0.935236 0.989300 0.923929 0.906041 0.837995 0.793041 0.866322 0.904980 0.722241 0.958159 0.920461 0.926133
0.878232 0.908975 0.000000 0.407645 0.981993 0.621776 0.474745 0.436607 0.755471 0.972013 0.936856 0.934745 0.722003 0.655222 0.811759 0.614845 0.784901 0.746833 0.786567 0.963878 0.887250 0.961357 0.758873 0.516371 0.541778 0.607449 0.870779 0.886737 0.934535 0.892216 0.737952 0.843308 0.851873 0.748640 0.908376 0.997071 0.783993 0.810363 0.694121 0.826792 0.948269 0.927696 0.533104 0.754704 0.992577 0.911039 0.705998 0.712828 0.794918 0.877036 0.998653 0.880910 0.913250 0.869848 0.881384 0.951550 0.761945 0.768131 0.961634 0.897071 0.824907 0.779156 0.703637 0.634787 0.454059 0.490567 0.588968 0.710736 0.859628 0.886173 0.815184 0.850150 0.824691 0.844773 0.793705 0.811806 0.717877 0.819018 0.986312 0.931800 0.758947 0.894075 0.849085 0.926779 0.752683 0.430724 0.870373 0.812355 0.759849 0.923386 0.491581 0.485461 0.475221 0.451142 0.992440 0.665306 0.866105 0.989835 0.860357 0.713521 0.644569 0.735357 0.868998 0.926158 0.675823 0.731843 0.826059 0.750216 0.971599 0.849561 0.791659 0.808956 0.717028 0.888615 0.851277 0.982644
0.807832 0.921523 0.407645 0.000000 0.842491 0.677062 0.607804 0.343113 0.875340 0.958182 0.905403 0.960958 0.926547 0.829126 0.938148 0.758258 0.707493 0.703410 0.956159 0.966214 0.809700 0.989376 0.958470 0.633837 0.521544 0.473056 0.910077 0.850673 0.704965 0.736137 0.808434 0.859196 0.951939 0.825880 0.996934 0.960151 0.756095 0.755448 0.591596 0.682487 0.898499 0.981787 0.449079 0.646078 0.885402 0.894669 0.647568 0.649562 0.741939 0.868634 0.925066 0.860700 0.853000 0.841520 0.888546 0.846895 0.721689 0.735369 0.978622 0.966815 0.956914 0.953107 0.612404 0.531301 0.599110 0.461363 0.549869 0.594953 0.914927 0.929636 0.742202 0.818427 0.896366 0.858455 0.899207 0.907851 0.642453 0.728016 0.999895 0.980688 0.664762 0.804384 0.933378 0.819564 0.981759 0.496554 0.997924 0.634566 0.846166 0.964466 0.513748 0.519505 0.430509 0.468179 0.937797 0.717106 0.872636 0.850154 0.953833 0.815953 0.656805 0.790509 0.929190 0.874367 0.672442 0.654277 0.797066 0.688974 0.910728 0.907851 0.836388 0.931919 0.649177 0.816162 0.853940 0.879120
0.885559 0.985048 0.981993 0.842491 0.000000 0.931888 0.849052 0.881531 0.721544 0.866656 0.861969 0.828949 0.638519 0.719822 0.669558 0.695293 0.903816 0.918185 0.770875 0.925858 0.796911 0.977894 0.585911 0.766259 0.902758 0.787191 0.873076 0.880370 0.784135 0.862189 0.920031 0.968735 0.869581 0.978902 0.910738 0.955341 0.789259 0.889387 0.836226 0.765846 0.960282 0.819728 0.930583 0.791338 0.836729 0.934474 0.930074 0.965773 0.971537 0.985953 0.888955 0.981114 0.937092 0.856105 0.855486 0.969886 0.989586 0.927723 0.932627 0.769549 0.730338 0.730415 0.929371 0.893206 0.723375 0.982047 0.879368 0.793256 0.860584 0.846940 0.898512 0.821339 0.982592 0.972785 0.899171 0.950786 0.843219 0.990535 0.955199 0.908312 0.974764 0.908202 0.717680 0.980624 0.529623 0.942057 0.767742 0.745581 0.921533 0.830602 0.920536 0.835968 0.898589 0.883156 0.933047 0.932596 0.886567 0.669245 0.896657 0.764415 0.883977 0.882304 0.896531 0.963176 0.993441 0.865223 0.909835 0.852054 0.992013 0.877842 0.806882 0.828480 0.970470 0.969509 0.911259 0.913192
0.936386 0.977885 0.621776 0.677062 0.931888 0.000000 0.796122 0.742078 0.942825 0.878162 0.936409 0.873312 0.840346 0.730885 0.880762 0.731098 0.817426 0.888641 0.981314 0.991194 0.753345 0.963697 0.911264 0.712976 0.522813 0.510294 0.906764 0.658855 0.892323 0.808922 0.878597 0.930870 0.823199 0.775022 0.649706 0.854540 0.861804 0.876334 0.728140 0.645757 0.769253 0.977928 0.709450 0.870586 0.993503 0.996031 0.782183 0.860871 0.754194 0.746729 0.981181 0.884193 0.902956 0.829629 0.872879 0.781426 0.866542 0.916236 0.903631 0.973585 0.835699 0.768770 0.807400 0.814157 0.539843 0.528689 0.563345 0.604769 0.885473 0.935385 0.883155 0.847519 0.996786 0.949274 0.767248 0.994793 0.894210 0.749364 0.857998 0.997422 0.829823 0.978507 0.902807 0.976807 0.757858 0.518536 0.794845 0.887570 0.867294 0.781165 0.648051 0.745625 0.602704 0.696139 0.892994 0.679048 0.871243 0.995753 0.902439 0.795884 0.701213 0.906155 0.927837 0.973551 0.740771 0.714299 0.876690 0.966157 0.945871 0.920419 0.934045 0.836441 0.820819 0.927747 0.897010 0.817679
0.969031 0.843124 0.474745 0.607804 0.849052 0.796122 0.000000 0.463874 0.564965 0.636204 0.846578 0.952816 0.447839 0.495064 0.558212 0.522361 0.946487 0.940491 0.470598 0.772247 0.993007 0.905112 0.557752 0.619893 0.857676 0.950020 0.987996 0.984822 0.762985 0.796886 0.626949 0.583740 0.652294 0.619068 0.972644 0.930522 0.951219 0.991874 0.998368 0.939831 0.985316 0.973042 0.610395 0.693466 0.703090 0.697898 0.809544 0.643854 0.912770 0.837825 0.950073 0.857700 0.879899 0.890893 0.961766 0.934289 0.808501 0.703635 0.992527 0.846897 0.629644 0.765150 0.948475 0.828491 0.621218 0.799433 0.728054 0.910957 0.721672 0.805369 0.672740 0.695005 0.666530 0.717435 0.943429 0.793247 0.623173 0.756603 0.974832 0.982565 0.857556 0.879152 0.866650 0.877955 0.702163 0.693154 0.946177 0.951440 0.760775 0.905381 0.429956 0.437756 0.545689 0.517059 0.953168 0.880206 0.888975 0.915584 0.610567 0.495936 0.707087 0.513289 0.969838 0.787925 0.817023 0.936221 0.885128 0.662555 0.941351 0.945681 0.778589 0.697556 0.681335 0.848070 0.964510 0.796657
0.928713 0.934443 0.436607 0.343113 0.881531 0.742078 0.463874 0.000000 0.784257 0.873920 0.889483 0.922794 0.790041 0.726986 0.946601 0.730143 0.853852 0.824735 0.735715 0.883883 0.833938 0.966966 0.971935 0.684242 0.655979 0.606666 0.998024 0.922895 0.920147 0.979481 0.758379 0.731267 0.893857 0.662873 0.921091 0.963073 0.808580 0.828698 0.718940 0.805793 0.943990 0.964522 0.485739 0.603215 0.994547 0.782808 0.660650 0.586186 0.925160 0.953095 0.851166 0.796978 0.922159 0.880334 0.804182 0.768642 0.796934 0.786166 0.850455 0.895975 0.859940 0.820369 0.798113 0.688663 0.676834 0.545508 0.544847 0.659429 0.904148 0.988903 0.760938 0.724583 0.757420 0.810692 0.919339 0.923509 0.595465 0.713946 0.982148 0.981132 0.798615 0.890873 0.984788 0.832354 0.987752 0.557132 0.934294 0.695488 0.865755 0.912566 0.447198 0.517031 0.416578 0.518145 0.984351 0.777771 0.807603 0.866935 0.803543 0.731552 0.588005 0.666264 0.930588 0.780345 0.738169 0.708118 0.827146 0.606757 0.922590 0.926057 0.795662 0.795089 0.682309 0.776511 0.916749 0.917063
0.877059 0.710158 0.755471 0.875340 0.721544 0.942825 0.564965 0.784257 0.000000 0.464792 0.913787 0.922004 0.620094 0.660768 0.571331 0.544301 0.940158 0.873855 0.593798 0.945848 0.929308 0.977418 0.492059 0.628614 0.931475 0.843819 0.882885 0.827506 0.809985 0.832305 0.697158 0.749445 0.881762 0.875657 0.983936 0.869101 0.812656 0.864479 0.800258 0.756433 0.924436 0.940093 0.955494 0.983776 0.817503 0.897947 0.867013 0.998950 0.885861 0.826803 0.854736 0.971736 0.748569 0.702312 0.784232 0.849092 0.727891 0.690470 0.794288 0.717725 0.860998 0.858603 0.937521 0.893625 0.750132 0.927715 0.932860 0.786960 0.594156 0.723383 0.779403 0.851762 0.847615 0.951134 0.817547 0.964587 0.888507 0.880686 0.965617 0.854259 0.857026 0.826627 0.935176 0.761884 0.782334 0.997880 0.928520 0.794858 0.949441 0.955675 0.677641 0.549536 0.911041 0.672811 0.943847 0.943443 0.911270 0.778262 0.801128 0.667853 0.983482 0.666778 0.965372 0.979576 0.926688 0.963852 0.947271 0.833288 0.962764 0.891928 0.910285 0.854629 0.735308 0.863109 0.944169 0.978818
0.838501 0.653604 0.972013 0.958182 0.866656 0.878162 0.636204 0.873920 0.464792 0.000000 0.935275 0.791195 0.729272 0.818821 0.632672 0.711811 0.958978 0.871642 0.642269 0.979433 0.899031 0.975443 0.565622 0.885966 0.744164 0.718998 0.994518 0.727867 0.731903 0.737754 0.619311 0.605844 0.938439 0.884883 0.788505 0.920857 0.831106 0.856702 0.734767 0.581221 0.888116 0.907484 0.961995 0.933039 0.712687 0.780957 0.745420 0.994105 0.660809 0.628146 0.948176 0.955656 0.608114 0.544450 0.848945 0.769195 0.768897 0.708003 0.809815 0.857657 0.931068 0.955234 0.982073 0.996278 0.972935 0.655284 0.794369 0.645411 0.665367 0.791721 0.864096 0.699802 0.719761 0.827185 0.993423 0.972319 0.786394 0.949051 0.983414 0.917120 0.915021 0.768530 0.983922 0.669957 0.977729 0.715842 0.922560 0.776393 0.988801 0.957426 0.775818 0.641708 0.989591 0.742791 0.986693 0.961697 0.853731 0.878788 0.769601 0.664120 0.994107 0.655211 0.933515 0.990518 0.867592 0.827765 0.961369 0.787819 0.860266 0.851919 0.893490 0.857209 0.747555 0.898861 0.822213 0.920417
0.501902 0.683300 0.936856 0.905403 0.861969 0.936409 0.846578 0.889483 0.913787 0.935275 0.000000 0.552994 0.686998 0.781733 0.869639 0.962340 0.571443 0.532383 0.601930 0.545322 0.970894 0.983071 0.995152 0.936962 0.888201 0.899836 0.853063 0.947345 0.585186 0.492493 0.965737 0.869614 0.667347 0.634185 0.899267 0.962387 0.913445 0.971562 0.794161 0.973372 0.949628 0.805662 0.916231 0.984376 0.895178 0.882699 0.992211 0.858906 0.751615 0.793815 0.866051 0.835554 0.986311 0.863308 0.928740 0.642863 0.628720 0.636666 0.596203 0.745117 0.580059 0.645080 0.532504 0.523738 0.917548 0.964023 0.843701 0.966309 0.895687 0.775881 0.922173 0.894265 0.892259 0.883521 0.857372 0.941736 0.956533 0.972644 0.770323 0.778878 0.543107 0.560826 0.781318 0.676121 0.842641 0.957905 0.973892 0.866859 0.937271 0.812824 0.986192 0.859656 0.962612 0.829499 0.877918 0.935634 0.824599 0.983275 0.908078 0.964137 0.913001 0.920119 0.773903 0.802259 0.877944 0.996180 0.897154 0.913832 0.981149 0.854404 0.993498 0.937873 0.895857 0.906312 0.931474 0.829218
0.516120 0.500745 0.934745 0.960958 0.828949 0.873312 0.952816 0.922794 0.922004 0.791195 0.552994 0.000000 0.781157 0.774262 0.980121 0.997872 0.588530 0.590967 0.756232 0.632691 0.862209 0.945773 0.974865 0.967153 0.939263 0.995433 0.894710 0.998858 0.726749 0.670528 0.904340 0.864481 0.719041 0.748722 0.875476 0.992113 0.842673 0.996811 0.945747 0.951190 0.956360 0.886518 0.904061 0.880146 0.944583 0.888881 0.891370 0.962930 0.961053 0.984342 0.924340 0.890229 0.807726 0.698098 0.836324 0.660244 0.560059 0.576524 0.675717 0.804505 0.596086 0.486836 0.597414 0.598709 0.964257 0.794012 0.787357 0.870120 0.783518 0.773555 0.995409 0.770994 0.869885 0.898475 0.860245 0.979319 0.861651 0.974266 0.831494 0.778839 0.574096 0.469654 0.652260 0.630767 0.689997 0.770031 0.872935 0.843118 0.873636 0.763390 0.934372 0.791899 0.990733 0.872790 0.917279 0.995612 0.761910 0.993726 0.945495 0.953560 0.944928 0.965704 0.927947 0.917991 0.944773 0.972333 0.855566 0.999407 0.903179 0.913567 0.897693 0.946546 0.787643 0.985699 0.880632 0.897133
0.844793 0.990687 0.722003 0.926547 0.638519 0.840346 0.447839 0.790041 0.620094 0.729272 0.686998 0.781157 0.000000 0.424291 0.402632 0.453540 0.841187 0.792768 0.442572 0.631698 0.905419 0.870575 0.458339 0.602991 0.941879 0.860765 0.989955 0.977583 0.578471 0.669506 0.731310 0.683036 0.565694 0.642561 0.930764 0.995927 0.850018 0.957696 0.885989 0.864894 0.972846 0.997456 0.836278 0.873011 0.638086 0.786417 0.911789 0.822028 0.876880 0.899045 0.998236 0.889538 0.847504 0.906710 0.911537 0.909289 0.991111 0.900577 0.990476 0.711671 0.476340 0.661677 0.819260 0.879625 0.617769 0.920973 0.889675 0.973746 0.765392 0.795505 0.744512 0.924593 0.801884 0.836071 0.983753 0.831047 0.773268 0.844468 0.895107 0.944987 0.957775 0.942045 0.693458 0.892493 0.504906 0.773048 0.806967 0.730948 0.778674 0.856448 0.700362 0.698903 0.804503 0.773005 0.992959 0.985285 0.979503 0.796797 0.680753 0.558968 0.865472 0.617157 0.948363 0.848776 0.836617 0.961226 0.970852 0.883641 0.928166 0.937362 0.988300 0.746209 0.810027 0.885105 0.919147 0.794285
0.951303 0.948064 0.655222 0.829126 0.719822 0.730885 0.495064 0.726986 0.660768 0.818821 0.781733 0.774262 0.424291 0.000000 0.541489 0.495091 0.980814 0.959557 0.571514 0.752558 0.999511 0.847003 0.577892 0.566731 0.874309 0.934896 0.988789 0.950667 0.686624 0.900971 0.744168 0.722111 0.589501 0.609614 0.741688 0.905878 0.931867 0.989947 0.961088 0.980087 0.980346 0.957581 0.724675 0.772644 0.639889 0.703575 0.732769 0.711832 0.912630 0.859126 0.847010 0.720680 0.819633 0.835449 0.982080 0.852038 0.952850 0.829317 0.889330 0.806287 0.517042 0.624623 0.863367 0.964629 0.611523 0.779062 0.707698 0.821937 0.689673 0.779154 0.769414 0.888619 0.929435 0.818689 0.931437 0.775126 0.751872 0.820493 0.917891 0.948671 0.932499 0.997357 0.671845 0.949520 0.543586 0.631534 0.929548 0.778435 0.744043 0.728981 0.611127 0.675358 0.676340 0.716978 0.929852 0.967632 0.936600 0.857302 0.662360 0.581009 0.824753 0.715288 0.994545 0.944229 0.883782 0.974144 0.977734 0.859030 0.991611 0.933309 0.953519 0.772896 0.800859 0.838197 0.893286 0.915714
0.961789 0.866735 0.811759 0.938148 0.669558 0.880762 0.558212 0.946601 0.571331 0.632672 0.869639 0.980121 0.402632 0.541489 0.000000 0.423447 0.923070 0.887430 0.628870 0.845024 0.912936 0.896678 0.383216 0.671970 0.985650 0.825961 0.895080 0.982001 0.596701 0.743910 0.655014 0.691734 0.609725 0.810223 0.881211 0.952406 0.849498 0.851959 0.785224 0.756779 0.932123 0.939168 0.919212 0.923630 0.657901 0.834680 0.958729 0.963618 0.876785 0.951353 0.877168 0.975514 0.785192 0.789050 0.884978 0.865067 0.855865 0.807923 0.800075 0.549197 0.660410 0.832713 0.941865 0.942582 0.629132 0.916435 0.951493 0.814286 0.585087 0.669066 0.850399 0.900737 0.840615 0.878518 0.985425 0.820736 0.812414 0.835008 0.981785 0.976929 0.928673 0.873223 0.731157 0.965638 0.607114 0.905659 0.803713 0.760689 0.885050 0.972145 0.789642 0.704992 0.929344 0.802633 0.964424 0.924309 0.851031 0.725884 0.715501 0.618906 0.961499 0.741730 0.905713 0.996361 0.925533 0.883602 0.949250 0.921269 0.962846 0.905985 0.995864 0.720394 0.822058 0.892417 0.985296 0.832950
0.802451 0.795439 0.614845 0.758258 0.695293 0.731098 0.522361 0.730143 0.544301 0.711811 0.962340 0.997872 0.453540 0.495091 0.423447 0.000000 0.873548 0.928551 0.701111 0.909598 0.936144 0.925785 0.444640 0.453970 0.736416 0.900219 0.821107 0.918411 0.800142 0.988394 0.634677 0.751085 0.739069 0.850312 0.862110 0.980852 0.980696 0.952627 0.949587 0.943499 0.964598 0.970867 0.690652 0.803653 0.797313 0.859674 0.905942 0.895720 0.958669 0.919525 0.887724 0.965758 0.856301 0.844997 0.881664 0.948160 0.714668 0.681279 0.756217 0.569740 0.809697 0.847331 0.830658 0.793003 0.449713 0.827482 0.898458 0.971923 0.572625 0.645218 0.743702 0.872216 0.899739 0.796807 0.938295 0.801218 0.731467 0.784795 0.997648 0.969402 0.704224 0.785874 0.788622 0.924974 0.641080 0.695806 0.868123 0.924995 0.895419 0.867326 0.599598 0.510449 0.688157 0.537092 0.975848 0.910186 0.868969 0.692501 0.766333 0.588751 0.870937 0.710726 0.814612 0.982463 0.793804 0.966386 0.912776 0.869518 0.956748 0.856961 0.964760 0.768110 0.685572 0.787841 0.869459 0.968750
0.464927 0.490398 0.784901 0.707493 0.903816 0.817426 0.946487 0.853852 0.940158 0.958978 0.571443 0.588530 0.841187 0.980814 0.923070 0.873548 0.000000 0.379109 0.719014 0.642873 0.811212 0.992491 0.943720 0.754257 0.728981 0.691782 0.919010 0.940699 0.602916 0.456766 0.963096 0.968885 0.727615 0.775297 0.965277 0.908770 0.992502 0.916508 0.749971 0.924889 0.992387 0.864363 0.740942 0.910680 0.937731 0.960068 0.983124 0.953248 0.816185 0.810114 0.929232 0.953588 0.970583 0.873894 0.883941 0.804549 0.458564 0.485548 0.735166 0.883423 0.686393 0.766175 0.418263 0.415259 0.773733 0.817971 0.873667 0.898678 0.782120 0.769262 0.960107 0.837615 0.937999 0.877790 0.913164 0.923416 0.844876 0.947739 0.686321 0.700668 0.410757 0.519445 0.733607 0.615966 0.828320 0.893458 0.890980 0.763182 0.854328 0.884001 0.725241 0.678821 0.672840 0.617252 0.976452 0.838765 0.898421 0.944620 0.970062 0.877180 0.789454 0.980793 0.806538 0.833613 0.888304 0.883813 0.881697 0.893923 0.907373 0.927487 0.945483 0.901317 0.803913 0.914105 0.957029 0.740954
0.454504 0.483071 0.746833 0.703410 0.918185 0.888641 0.940491 0.824735 0.873855 0.871642 0.532383 0.590967 0.792768 0.959557 0.887430 0.928551 0.379109 0.000000 0.737724 0.581212 0.829660 0.891297 0.998016 0.799201 0.840408 0.712830 0.943613 0.926857 0.580531 0.505978 0.939106 0.975394 0.686540 0.844498 0.999279 0.975126 0.984830 0.867879 0.788138 0.945007 0.950385 0.815197 0.752800 0.907330 0.973648 0.981249 0.956167 0.987425 0.846600 0.891552 0.999312 0.986584 0.947049 0.814723 0.904721 0.770235 0.453546 0.468938 0.735106 0.880646 0.699817 0.791987 0.434125 0.420809 0.840574 0.824501 0.914496 0.917886 0.731210 0.806441 0.966259 0.820978 0.932003 0.920551 0.986968 0.982635 0.886947 0.956944 0.695402 0.724363 0.449612 0.484315 0.724832 0.501279 0.774228 0.941593 0.867140 0.739417 0.871900 0.884516 0.695615 0.680374 0.703227 0.637529 0.974529 0.776972 0.878288 0.989357 0.973752 0.863175 0.776120 0.950045 0.917764 0.876737 0.939157 0.885048 0.835592 0.882699 0.912245 0.921724 0.880494 0.933613 0.748698 0.925538 0.933986 0.788690
0.700784 0.895219 0.786567 0.956159 0.770875 0.981314 0.470598 0.735715 0.593798 0.642269 0.601930 0.756232 0.442572 0.571514 0.628870 0.701111 0.719014 0.737724 0.000000 0.561004 0.855526 0.878322 0.594903 0.792176 0.838586 0.737093 0.972747 0.855667 0.571465 0.508301 0.775577 0.730285 0.663328 0.607190 0.852678 0.896233 0.793701 0.896619 0.754008 0.822246 0.974927 0.986614 0.983731 0.941627 0.776166 0.838969 0.967849 0.803342 0.771003 0.698085 0.983033 0.887217 0.879975 0.952748 0.994730 0.910549 0.851213 0.959359 0.895012 0.995817 0.510154 0.620953 0.714403 0.781829 0.862789 0.972463 0.950538 0.859447 0.995642 0.943565 0.768786 0.927738 0.691147 0.877290 0.884564 0.919803 0.848051 0.985657 0.885920 0.907741 0.758030 0.763801 0.763576 0.934375 0.610523 0.919316 0.967938 0.704733 0.737598 0.856995 0.733363 0.749695 0.881439 0.848554 0.981752 0.896844 0.892315 0.880028 0.771372 0.678941 0.897043 0.621762 0.944171 0.838646 0.999404 0.943911 0.981181 0.835389 0.930166 0.959164 0.910476 0.738832 0.910457 0.910134 0.977553 0.754472
0.604512 0.670351 0.963878 0.966214 0.925858 0.991194 0.772247 0.883883 0.945848 0.979433 0.545322 0.632691 0.631698 0.752558 0.845024 0.909598 0.642873 0.581212 0.561004 0.000000 0.786813 0.801506 0.865693 0.935201 0.934638 0.832992 0.978130 0.927749 0.691628 0.537629 0.948351 0.967077 0.834212 0.763006 0.798100 0.939026 0.920610 0.953508 0.890389 0.936739 0.969846 0.927096 0.907705 0.957146 0.954780 0.960037 0.976819 0.925750 0.978816 0.985491 0.929548 0.936093 0.780481 0.772917 0.956964 0.723767 0.656926 0.709162 0.820500 0.913952 0.658630 0.707780 0.678454 0.733739 0.939272 0.947142 0.989768 0.908509 0.869187 0.872994 0.779491 0.961692 0.818573 0.972279 0.934259 0.954831 0.911763 0.923707 0.812726 0.808337 0.639598 0.584120 0.677045 0.663894 0.684828 0.886712 0.796473 0.742192 0.698752 0.812086 0.947436 0.966667 0.989140 0.958518 0.959666 0.882687 0.902997 0.965254 0.957900 0.980669 0.993091 0.866598 0.954092 0.892286 0.973355 0.953180 0.994038 0.942947 0.924720 0.862617 0.976462 0.919317 0.948326 0.984405 0.982341 0.826156
0.899786 0.904120 0.887250 0.809700 0.796911 0.753345 0.993007 0.833938 0.929308 0.899031 0.970894 0.862209 0.905419 0.999511 0.912936 0.936144 0.811212 0.829660 0.855526 0.786813 0.000000 0.895446 0.772096 0.939604 0.724626 0.677982 0.953136 0.784910 0.891647 0.803838 0.847479 0.936817 0.989227 0.909152 0.987495 0.934075 0.911751 0.802213 0.803701 0.611588 0.907816 0.893319 0.734594 0.725816 0.912887 0.785006 0.818670 0.844110 0.983564 0.918106 0.868850 0.930003 0.982318 0.909968 0.878829 0.948329 0.941823 0.975875 0.917125 0.987241 0.934776 0.884988 0.921392 0.865203 0.950803 0.863237 0.785821 0.721885 0.953769 0.843537 0.906444 0.976441 0.781465 0.904700 0.995896 0.899191 0.929158 0.915679 0.968834 0.957707 0.891834 0.868164 0.860719 0.962914 0.801112 0.826125 0.932172 0.735741 0.987181 0.951603 0.810337 0.975914 0.783569 0.932214 0.851585 0.810968 0.914464 0.982036 0.935826 0.929183 0.729765 0.888188 0.965045 0.862399 0.882018 0.848868 0.963785 0.936609 0.935317 0.937465 0.919146 0.995495 0.897303 0.871580 0.922832 0.930416
0.975743 0.964996 0.961357 0.989376 0.977894 0.963697 0.905112 0.966966 0.977418 0.975443 0.983071 0.945773 0.870575 0.847003 0.896678 0.925785 0.992491 0.891297 0.878322 0.801506 0.895446 0.000000 0.939844 0.909309 0.969873 0.938678 0.961447 0.995002 0.888554 0.983312 0.976110 0.917395 0.854666 0.876638 0.965257 0.953700 0.994732 0.826846 0.989927 0.900370 0.944465 0.904461 0.935274 0.946458 0.939261 0.902111 0.927751 0.892521 0.965303 0.936057 0.955316 0.963111 0.918224 0.955476 0.953029 0.893174 0.974560 0.974390 0.965599 0.973621 0.990173 0.917878 0.957164 0.967326 0.938889 0.974321 0.958268 0.950327 0.944038 0.911050 0.779946 0.967355 0.980762 0.959777 0.992841 0.874913 0.895117 0.998389 0.954729 0.890347 0.976111 0.980728 0.915503 0.966639 0.827843 0.982542 0.908585 0.773277 0.738586 0.819358 0.993106 0.939908 0.969756 0.887688 0.774683 0.829149 0.945060 0.968324 0.976311 0.911762 0.948443 0.897892 0.976710 0.995393 0.887915 0.937436 0.930586 0.939283 0.984632 0.954065 0.989393 0.889175 0.893328 0.934967 0.976184 0.932795
0.889569 0.790460 0.758873 0.958470 0.585911 0.911264 0.557752 0.971935 0.492059 0.565622 0.995152 0.974865 0.458339 0.577892 0.383216 0.444640 0.943720 0.998016 0.594903 0.865693 0.772096 0.939844 0.000000 0.580020 0.998577 0.764423 0.837235 0.917879 0.689708 0.821496 0.710638 0.766591 0.725307 0.947440 0.915797 0.946454 0.804626 0.882924 0.796611 0.647780 0.916819 0.859179 0.983380 0.945757 0.738098 0.962800 0.880537 0.957740 0.922716 0.945895 0.782487 0.986899 0.778627 0.718854 0.792216 0.796965 0.800893 0.738906 0.710926 0.593006 0.714683 0.816780 0.944582 0.963404 0.587757 0.927559 0.881213 0.713812 0.678445 0.644998 0.838155 0.881736 0.808586 0.826299 0.968775 0.874083 0.851220 0.910639 0.998614 0.910088 0.879647 0.877257 0.724210 0.938385 0.518764 0.920661 0.833886 0.648424 0.842009 0.900203 0.762227 0.591017 0.926808 0.679622 0.990061 0.994728 0.874535 0.700372 0.785737 0.603630 0.961436 0.682939 0.769492 0.907439 0.968262 0.858968 0.943077 0.942564 0.989803 0.902051 0.957335 0.802035 0.794476 0.990788 0.975356 0.965819
0.822123 0.842370 0.516371 0.633837 0.766259 0.712976 0.619893 0.684242 0.628614 0.885966 0.936962 0.967153 0.602991 0.566731 0.671970 0.453970 0.754257 0.799201 0.792176 0.935201 0.939604 0.909309 0.580020 0.000000 0.617982 0.787566 0.756536 0.940362 0.979052 0.869165 0.798472 0.884187 0.858370 0.864219 0.827284 0.953972 0.990346 0.795828 0.839983 0.979454 0.871432 0.926702 0.696778 0.914122 0.949158 0.992292 0.861900 0.896972 0.787048 0.823679 0.911546 0.911369 0.974334 0.947878 0.923041 0.985622 0.706066 0.725856 0.847691 0.738086 0.846565 0.765186 0.767944 0.713994 0.418357 0.620017 0.752600 0.872004 0.754967 0.729570 0.737032 0.945115 0.967406 0.941208 0.847518 0.858349 0.796935 0.751432 0.960663 0.804528 0.686253 0.829140 0.771666 0.922786 0.608740 0.541729 0.788783 0.947082 0.800062 0.896861 0.637461 0.591672 0.654155 0.534093 0.940671 0.783520 0.908754 0.881894 0.887198 0.689329 0.818943 0.763071 0.656237 0.992778 0.731134 0.759913 0.909945 0.885689 0.957397 0.963058 0.956763 0.876739 0.724641 0.924289 0.852456 0.856952
0.877604 0.957626 0.541778 0.521544 0.902758 0.522813 0.857676 0.655979 0.931475 0.744164 0.888201 0.939263 0.941879 0.874309 0.985650 0.736416 0.728981 0.840408 0.838586 0.934638 0.724626 0.969873 0.998577 0.617982 0.000000 0.454514 0.762693 0.733838 0.736341 0.682333 0.853006 0.871323 0.914880 0.892371 0.746125 0.849919 0.678277 0.651466 0.523349 0.626665 0.829230 0.914988 0.579069 0.806052 0.862485 0.975313 0.649054 0.857995 0.659780 0.637004 0.966724 0.872429 0.785737 0.752933 0.812297 0.824603 0.818037 0.904214 0.996907 0.977884 0.980763 0.865418 0.689953 0.692988 0.500876 0.435309 0.560111 0.561167 0.941837 0.966157 0.913724 0.993539 0.949779 0.978927 0.947481 0.957015 0.811227 0.692911 0.933260 0.937605 0.756945 0.919032 0.948486 0.911480 0.873103 0.428386 0.762460 0.703594 0.818677 0.907682 0.730007 0.773250 0.561832 0.645425 0.938616 0.667251 0.908775 0.903990 0.997091 0.866018 0.658070 0.973910 0.814252 0.978290 0.641279 0.596023 0.986430 0.916029 0.932068 0.882862 0.937363 0.977137 0.816842 0.871368 0.764788 0.750507
0.826270 0.988697 0.607449 0.473056 0.787191 0.510294 0.950020 0.606666 0.843819 0.718998 0.899836 0.995433 0.860765 0.934896 0.825961 0.900219 0.691782 0.712830 0.737093 0.832992 0.677982 0.938678 0.764423 0.787566 0.454514 0.000000 0.937986 0.624249 0.654572 0.567997 0.953402 0.981589 0.960550 0.868110 0.788757 0.856179 0.702685 0.764810 0.528380 0.535618 0.851812 0.967864 0.529140 0.694833 0.832983 0.965844 0.643576 0.808292 0.705141 0.727260 0.844082 0.797961 0.844099 0.800939 0.773794 0.764013 0.795427 0.899042 0.851470 0.878082 0.896727 0.965195 0.641387 0.649217 0.663798 0.438150 0.482121 0.465719 0.965303 0.969045 0.936308 0.996853 0.908806 0.910295 0.896306 0.968224 0.795057 0.728791 0.921769 0.984029 0.709762 0.866112 0.926820 0.956287 0.899112 0.507494 0.979764 0.557519 0.994882 0.858196 0.704317 0.800554 0.555633 0.687203 0.953871 0.701521 0.848834 0.801656 0.985469 0.987598 0.665869 0.930682 0.990314 0.991585 0.696001 0.601808 0.937825 0.920768 0.965569 0.925187 0.904491 0.999828 0.817105 0.885348 0.855695 0.737532
0.894224 0.941358 0.870779 0.910077 0.873076 0.906764 0.987996 0.998024 0.882885 0.994518 0.853063 0.894710 0.989955 0.988789 0.895080 0.821107 0.919010 0.943613 0.972747 0.978130 0.953136 0.961447 0.837235 0.756536 0.762693 0.937986 0.000000 0.914691 0.939530 0.859829 0.927925 0.852549 0.930664 0.902545 0.966181 0.819743 0.864816 0.850786 0.864818 0.970549 0.974945 0.885745 0.972619 0.841227 0.808232 0.788572 0.999258 0.917955 0.747110 0.721781 0.777570 0.863199 0.899860 0.944032 0.977239 0.893165 0.845066 0.917833 0.835384 0.830378 0.902332 0.980886 0.842008 0.826407 0.693573 0.828425 0.973057 0.953695 0.997744 0.886154 0.988081 0.947468 0.942698 0.853598 0.974103 0.941067 0.894966 0.971577 0.903040 0.923434 0.904860 0.947695 0.784539 0.903737 0.795378 0.799523 0.739517 0.944919 0.835005 0.994966 0.998203 0.860314 0.960494 0.883597 0.969155 0.920039 0.967242 0.976926 0.908551 0.930344 0.919606 0.922248 0.707946 0.797663 0.910284 0.852034 0.940468 0.946030 0.987205 0.967447 0.921342 0.947262 0.947880 0.896740 0.846639 0.779179
0.970091 0.886683 0.886737 0.850673 0.880370 0.658855 0.984822 0.922895 0.827506 0.727867 0.947345 0.998858 0.977583 0.950667 0.982001 0.918411 0.940699 0.926857 0.855667 0.927749 0.784910 0.995002 0.917879 0.940362 0.733838 0.624249 0.914691 0.000000 0.911812 0.794180 0.956312 0.967720 0.863979 0.954670 0.708530 0.943172 0.965680 0.985461 0.722737 0.697021 0.810700 0.843916 0.761379 0.844767 0.976597 0.988320 0.809545 0.867009 0.869883 0.808086 0.939335 0.908068 0.906426 0.829713 0.815647 0.831472 0.977684 0.940066 0.870991 0.989781 0.950915 0.975506 0.957421 0.978420 0.785105 0.751172 0.741034 0.705455 0.999995 0.977410 0.948917 0.885120 0.839780 0.931759 0.896484 0.980084 0.887648 0.846596 0.887874 0.914378 0.962196 0.986114 0.985036 0.853342 0.968074 0.710991 0.996795 0.807197 0.900095 0.870656 0.917847 0.992515 0.841442 0.928583 0.954981 0.916836 0.949821 0.919714 0.943150 0.951531 0.997685 0.854288 0.998922 0.952004 0.795797 0.759939 0.923168 0.973625 0.896451 0.897689 0.945112 0.937927 0.978229 0.950786 0.947893 0.913810
0.711380 0.875450 0.934535 0.704965 0.784135 0.892323 0.762985 0.920147 0.809985 0.731903 0.585186 0.726749 0.578471 0.686624 0.596701 0.800142 0.602916 0.580531 0.571465 0.691628 0.891647 0.888554 0.689708 0.979052 0.736341 0.654572 0.939530 0.911812 0.000000 0.451698 0.888208 0.785224 0.592259 0.687473 0.988580 0.875477 0.897284 0.772197 0.647864 0.719769 0.948193 0.920770 0.854134 0.994325 0.684894 0.801195 0.909638 0.931062 0.644073 0.708932 0.977235 0.990031 0.801302 0.860451 0.988425 0.993658 0.732661 0.841797 0.911544 0.922653 0.637811 0.799356 0.529101 0.554242 0.927427 0.700984 0.896182 0.772662 0.926288 0.949137 0.968773 0.912666 0.791451 0.961198 0.989266 0.842513 0.966605 0.870150 0.763732 0.829244 0.638587 0.740847 0.676120 0.834082 0.726919 0.885467 0.993413 0.623136 0.924258 0.865280 0.983613 0.958168 0.844683 0.898227 0.992018 0.784360 0.942622 0.755032 0.777806 0.887155 0.900300 0.874116 0.881805 0.833033 0.817936 0.693976 0.915440 0.976947 0.861093 0.941844 0.998472 0.767279 0.926402 0.865715 0.926498 0.734235
0.526529 0.711978 0.892216 0.736137 0.862189 0.808922 0.796886 0.979481 0.832305 0.737754 0.492493 0.670528 0.669506 0.900971 0.743910 0.988394 0.456766 0.505978 0.508301 0.537629 0.803838 0.983312 0.821496 0.869165 0.682333 0.567997 0.859829 0.794180 0.451698 0.000000 0.940773 0.821951 0.731471 0.745909 0.752673 0.824023 0.908448 0.822908 0.596031 0.719055 0.965997 0.916915 0.744078 0.889008 0.875918 0.943532 0.844612 0.994321 0.696764 0.729772 0.920967 0.926817 0.946399 0.934530 0.989059 0.915324 0.588876 0.661052 0.856140 0.885282 0.638374 0.776098 0.525411 0.510989 0.807862 0.712888 0.832721 0.706591 0.868231 0.803177 0.941758 0.999656 0.704460 0.982181 0.965418 0.935916 0.887233 0.890785 0.733471 0.771792 0.471267 0.577080 0.750432 0.761419 0.791210 0.819265 0.920157 0.686912 0.831492 0.980106 0.902174 0.882209 0.767185 0.801140 0.923555 0.847304 0.962501 0.926610 0.886740 0.952819 0.870296 0.783188 0.841850 0.766534 0.828253 0.768494 0.917125 0.972598 0.955706 0.925475 0.961720 0.852099 0.888238 0.943338 0.918295 0.680888
0.864323 0.795450 0.737952 0.808434 0.920031 0.878597 0.626949 0.758379 0.697158 0.619311 0.965737 0.904340 0.731310 0.744168 0.655014 0.634677 0.963096 0.939106 0.775577 0.948351 0.847479 0.976110 0.710638 0.798472 0.853006 0.953402 0.927925 0.956312 0.888208 0.940773 0.000000 0.647993 0.729276 0.750927 0.993595 0.804795 0.918922 0.911098 0.979959 0.979763 0.977923 0.910397 0.759044 0.793961 0.742300 0.728669 0.996674 0.877313 0.846729 0.782932 0.889908 0.796192 0.692081 0.758216 0.934902 0.944266 0.766702 0.783016 0.913873 0.878996 0.928616 0.989249 0.947792 0.929486 0.818890 0.945784 0.840506 0.976059 0.670815 0.760445 0.856049 0.791832 0.907369 0.821416 0.925314 0.835247 0.681574 0.827165 0.964636 0.894337 0.863920 0.738028 0.948085 0.887570 0.956909 0.925243 0.973953 0.970576 0.882879 0.940878 0.724285 0.666046 0.765382 0.715532 0.978289 0.897777 0.951343 0.926944 0.793960 0.661865 0.807400 0.711146 0.966626 0.998775 0.819519 0.872487 0.949117 0.814440 0.983685 0.904692 0.931841 0.867683 0.782661 0.772364 0.956821 0.921604
0.995017 0.857657 0.843308 0.859196 0.968735 0.930870 0.583740 0.731267 0.749445 0.605844 0.869614 0.864481 0.683036 0.722111 0.691734 0.751085 0.968885 0.975394 0.730285 0.967077 0.936817 0.917395 0.766591 0.884187 0.871323 0.981589 0.852549 0.967720 0.785224 0.821951 0.647993 0.000000 0.720315 0.715994 0.961312 0.898928 0.977114 0.903858 0.921579 0.797537 0.926097 0.923791 0.755445 0.699705 0.666495 0.641912 0.931504 0.747883 0.747547 0.678826 0.764450 0.768400 0.619012 0.699324 0.962761 0.935374 0.805555 0.750148 0.973096 0.985376 0.812586 0.958229 0.970965 0.989617 0.965949 0.884335 0.878619 0.995745 0.725183 0.824050 0.777210 0.629696 0.772969 0.709742 0.957343 0.775223 0.722407 0.806002 0.891557 0.903187 0.909096 0.759132 0.972271 0.846803 0.997679 0.943805 0.836129 0.981989 0.975067 0.992353 0.695645 0.728326 0.766609 0.822062 0.954253 0.980820 0.952707 0.898340 0.583357 0.623519 0.879414 0.662457 0.722717 0.798624 0.890586 0.952137 0.808482 0.745739 0.953223 0.990770 0.864778 0.824005 0.756596 0.845508 0.923829 0.813175
0.769553 0.863932 0.851873 0.951939 0.869581 0.823199 0.652294 0.893857 0.881762 0.938439 0.667347 0.719041 0.565694 0.589501 0.609725 0.739069 0.727615 0.686540 0.663328 0.834212 0.989227 0.854666 0.725307 0.858370 0.914880 0.960550 0.930664 0.863979 0.592259 0.731471 0.729276 0.720315 0.000000 0.593812 0.722986 0.940180 0.987032 0.995865 0.903441 0.980577 0.898522 0.868591 0.846372 0.797399 0.627961 0.733623 0.779065 0.853457 0.838601 0.818338 0.723236 0.686955 0.747637 0.924458 0.917834 0.758405 0.848926 0.916323 0.742049 0.980371 0.512158 0.678510 0.656589 0.684226 0.839843 0.941833 0.701066 0.822119 0.860079 0.907354 0.929793 0.917472 0.858922 0.941659 0.979203 0.803346 0.932368 0.861188 0.862159 0.851492 0.817790 0.850403 0.787053 0.737400 0.672571 0.798568 0.944049 0.812731 0.880405 0.874423 0.796103 0.945925 0.821194 0.979621 0.972927 0.960113 0.703497 0.973352 0.660454 0.653585 0.774583 0.809000 0.790658 0.855345 0.864781 0.898329 0.926475 0.975910 0.921358 0.907158 0.825355 0.812863 0.942351 0.832554 0.844773 0.760030
0.745631 0.892697 0.748640 0.825880 0.978902 0.775022 0.619068 0.662873 0.875657 0.884883 0.634185 0.748722 0.642561 0.609614 0.810223 0.850312 0.775297 0.844498 0.607190 0.763006 0.909152 0.876638 0.947440 0.864219 0.892371 0.868110 0.902545 0.954670 0.687473 0.745909 0.750927 0.715994 0.593812 0.000000 0.881568 0.917699 0.990090 0.938151 0.973556 0.916797 0.878013 0.878708 0.716397 0.682960 0.676075 0.601511 0.738005 0.624303 0.769966 0.746746 0.648632 0.663202 0.851906 0.982634 0.751262 0.693544 0.889865 0.948192 0.644990 0.822426 0.532584 0.633260 0.748223 0.823244 0.904501 0.817645 0.618058 0.684506 0.873808 0.937870 0.839599 0.814717 0.938833 0.900913 0.812406 0.848660 0.750488 0.829167 0.875460 0.713622 0.819392 0.878880 0.895990 0.922655 0.845877 0.737648 0.928719 0.999696 0.852723 0.811978 0.655964 0.883881 0.676397 0.913273 0.978397 0.883679 0.862338 0.838856 0.672801 0.695031 0.638711 0.722686 0.703942 0.751973 0.896645 0.787729 0.943221 0.832314 0.977106 0.913578 0.737733 0.634625 0.874974 0.684299 0.914180 0.845481
0.946803 0.961750 0.908376 0.996934 0.910738 0.649706 0.972644 0.921091 0.983936 0.788505 0.899267 0.875476 0.930764 0.741688 0.881211 0.862110 0.965277 0.999279 0.852678 0.798100 0.987495 0.965257 0.915797 0.827284 0.746125 0.788757 0.966181 0.708530 0.988580 0.752673 0.993595 0.961312 0.722986 0.881568 0.000000 0.760512 0.888870 0.990624 0.762091 0.870014 0.864443 0.993759 0.851265 0.921264 0.826617 0.943222 0.780572 0.944914 0.833080 0.886683 0.825786 0.780112 0.844668 0.903295 0.873625 0.863204 0.912400 0.935118 0.944566 0.885599 0.842862 0.838007 0.952173 0.980721 0.781462 0.768774 0.697524 0.641537 0.820512 0.833508 0.977120 0.910548 0.799129 0.981172 0.948675 0.933422 0.977652 0.711647 0.989204 0.916994 0.853262 0.923700 0.973018 0.952824 0.846760 0.755334 0.949280 0.983480 0.967388 0.931682 0.884177 0.968130 0.862250 0.993549 0.908172 0.936019 0.910822 0.997940 0.853928 0.896889 0.958949 0.986583 0.969352 0.961260 0.897921 0.826228 0.922787 0.988712 0.889788 0.981251 0.910999 0.997829 0.960401 0.903109 0.852478 0.926278
0.959456 0.942137 0.997071 0.960151 0.955341 0.854540 0.930522 0.963073 0.869101 0.920857 0.962387 0.992113 0.995927 0.905878 0.952406 0.980852 0.908770 0.975126 0.896233 0.939026 0.934075 0.953700 0.946454 0.953972 0.849919 0.856179 0.819743 0.943172 0.875477 0.824023 0.804795 0.898928 0.940180 0.917699 0.760512 0.000000 0.847420 0.875857 0.809649 0.923573 0.778694 0.955274 0.923514 0.963744 0.964695 0.997425 0.925803 0.914668 0.888026 0.949036 0.839700 0.853957 0.944325 0.958208 0.934739 0.854106 0.871255 0.916808 0.897013 0.899440 0.958304 0.974374 0.982322 0.979745 0.948567 0.890359 0.789739 0.752860 0.937851 0.955873 0.900923 0.944805 0.884062 0.866789 0.939814 0.922378 0.850400 0.960088 0.994540 0.842472 0.861913 0.873406 0.940456 0.966009 0.976977 0.909492 0.985138 0.967431 0.893278 0.947830 0.942941 0.957960 0.843477 0.998947 0.969720 0.935895 0.902969 0.842912 0.887910 0.891048 0.945622 0.965118 0.962513 0.800759 0.816582 0.780835 0.985203 0.971033 0.911132 0.970505 0.964077 0.967581 0.929701 0.879529 0.858556 0.823976
0.975929 0.853594 0.783993 0.756095 0.789259 0.861804 0.951219 0.808580 0.812656 0.831106 0.913445 0.842673 0.850018 0.931867 0.849498 0.980696 0.992502 0.984830 0.793701 0.920610 0.911751 0.994732 0.804626 0.990346 0.678277 0.702685 0.864816 0.965680 0.897284 0.908448 0.918922 0.977114 0.987032 0.990090 0.888870 0.847420 0.000000 0.848108 0.630912 0.848229 0.865430 0.933343 0.808033 0.869847 0.875501 0.999900 0.715308 0.859774 0.909883 0.884870 0.895983 0.955761 0.926259 0.776037 0.713848 0.884708 0.906537 0.869267 0.925979 0.876927 0.914727 0.976088 0.941753 0.928542 0.938675 0.779482 0.769030 0.749298 0.878704 0.920067 0.906338 0.989682 0.876013 0.965388 0.992006 0.889127 0.930707 0.914463 0.879173 0.968666 0.984113 0.930576 0.908863 0.937166 0.927366 0.797481 0.900658 0.817768 0.937949 0.982206 0.982177 0.992197 0.849095 0.891185 0.941659 0.850085 0.900476 0.823064 0.933372 0.997989 0.865677 0.915880 0.968137 0.940877 0.746355 0.817960 0.989519 0.880945 0.997802 0.938583 0.983609 0.991927 0.960374 0.860915 0.787391 0.953279
0.944527 0.983195 0.810363 0.755448 0.889387 0.876334 0.991874 0.828698 0.864479 0.856702 0.971562 0.996811 0.957696 0.989947 0.851959 0.952627 0.916508 0.867879 0.896619 0.953508 0.802213 0.826846 0.882924 0.795828 0.651466 0.764810 0.850786 0.985461 0.772197 0.822908 0.911098 0.903858 0.995865 0.938151 0.990624 0.875857 0.848108 0.000000 0.766081 0.733595 0.965351 0.968104 0.808202 0.968170 0.872614 0.998282 0.819659 0.972893 0.775040 0.756876 0.943663 0.922292 0.835117 0.866339 0.961159 0.908236 0.946034 0.977753 0.991916 0.934218 0.947578 0.964641 0.873843 0.822867 0.815431 0.721631 0.771420 0.798551 0.959766 0.923516 0.891847 0.919822 0.886022 0.950583 0.991967 0.892663 0.908848 0.854698 0.922986 0.906678 0.886240 0.916839 0.942749 0.925625 0.991744 0.744119 0.885276 0.917796 0.712187 0.879075 0.911320 0.934987 0.796613 0.786221 0.926261 0.826488 0.888899 0.832571 0.929307 0.959070 0.698463 0.991409 0.942708 0.987843 0.711970 0.683953 0.929307 0.952100 0.996231 0.913160 0.861175 0.973561 0.890701 0.972772 0.861376 0.856343
