0.000000 0.392222 0.923442 0.964341 0.997680 0.663032 0.581504 0.523537 0.831986 0.674480 0.554457 0.396171 0.518502 0.522577 0.616463 0.579847 0.444686 0.453677 0.561909 0.670810 0.858526 0.828179 0.667008 0.801464 0.713769 0.743720 0.853891 0.977643 0.544949 0.517422 0.669626 0.851939 0.514955 0.540015 0.886095 0.805386 0.798855 0.881007 0.799132 0.944284 0.930549 0.994699 0.499637 0.463884 0.495713 0.494036 0.530983 0.538190 0.460868 0.464608 0.510006 0.605914 0.668229 0.808912 0.565673 0.655326 0.485358 0.426826 0.430124 0.484215 0.461950 0.542119 0.465475 0.378894 0.923536 0.901122 0.581127 0.625283 0.689783 0.549247 0.823010 0.718325 0.895226 0.965319 0.990184 0.937941 0.590965 0.695530 0.670984 0.714170 0.384339 0.487810 0.605781 0.693138 0.413320 0.526743 0.766674 0.994350 0.656955 0.768165 0.674093 0.971111 0.794932 0.871483 0.748821 0.887762 0.819357 0.961067 0.447285 0.540272 0.717977 0.653077 0.462259 0.795882 0.599010 0.827384 0.926690 0.807149 0.842700 0.760028 0.806381 0.748773 0.673631 0.746068 0.809416 0.876837
0.392222 0.000000 0.893647 0.835647 0.940522 0.789466 0.768064 0.652235 0.895131 0.786464 0.760674 0.620872 0.743732 0.701783 0.793416 0.799061 0.545036 0.606671 0.716324 0.634266 0.973231 0.796529 0.795091 0.789025 0.988133 0.895364 0.960879 0.862660 0.689152 0.665930 0.776398 0.995505 0.732571 0.652396 0.890590 0.820247 0.915701 0.981841 0.768411 0.928719 0.834840 0.938997 0.549585 0.572436 0.643996 0.625749 0.606201 0.665908 0.522783 0.459141 0.509475 0.534033 0.659956 0.699581 0.634267 0.656344 0.394551 0.355922 0.544486 0.460055 0.704413 0.672629 0.686542 0.602057 0.991729 0.896907 0.627282 0.707795 0.554851 0.482228 0.916648 0.660614 0.895914 0.907616 0.934594 0.996441 0.717448 0.777988 0.713267 0.731210 0.590342 0.635355 0.660358 0.829679 0.610828 0.664053 0.813604 0.910609 0.724852 0.776809 0.713161 0.925073 0.765253 0.989604 0.881433 0.827333 0.711015 0.867518 0.568448 0.547200 0.853494 0.743724 0.657085 0.803629 0.673955 0.884793 0.934279 0.865928 0.950267 0.728784 0.967024 0.765149 0.719641 0.687294 0.830352 0.839554
0.923442 0.893647 0.000000 0.732969 0.972481 0.905666 0.641549 0.712387 0.806983 0.888542 0.953170 0.967927 0.982949 0.867315 0.983497 0.829399 0.793103 0.871076 0.844326 0.842512 0.996654 0.871078 0.961292 0.884720 0.652332 0.712473 0.906089 0.924566 0.801741 0.900061 0.743995 0.776812 0.878773 0.738696 0.849615 0.969176 0.902769 0.971051 0.848027 0.951723 0.898547 0.811904 0.936939 0.969352 0.841513 0.877210 0.691592 0.954180 0.831996 0.841650 0.899958 0.738816 0.796160 0.740741 0.870850 0.900690 0.751472 0.852340 0.754871 0.941326 0.825868 0.986483 0.815264 0.918717 0.600451 0.665480 0.740626 0.759305 0.905635 0.783026 0.977574 0.979226 0.873958 0.867849 0.898203 0.978520 0.827007 0.890280 0.871812 0.995585 0.903739 0.692526 0.969834 0.991810 0.865176 0.849964 0.750243 0.959314 0.824488 0.878974 0.921772 0.832342 0.857631 0.922441 0.869787 0.983802 0.797983 0.971713 0.929652 0.956695 0.891353 0.959683 0.923724 0.979243 0.920418 0.996507 0.671360 0.975939 0.988010 0.906297 0.933979 0.903714 0.902742 0.991030 0.923441 0.948277
0.964341 0.835647 0.732969 0.000000 0.954268 0.734553 0.958451 0.835555 0.924499 0.899329 0.831916 0.860336 0.739964 0.750873 0.862461 0.976657 0.896482 0.961059 0.886074 0.872602 0.956310 0.908582 0.791997 0.762549 0.631468 0.737749 0.927160 0.988318 0.962604 0.949694 0.919523 0.774106 0.955177 0.868663 0.855349 0.916381 0.960971 0.786328 0.842886 0.967141 0.875356 0.996672 0.875111 0.859933 0.980396 0.971465 0.857351 0.933189 0.993169 0.793150 0.805970 0.748172 0.805080 0.755355 0.837014 0.830690 0.777173 0.773807 0.839340 0.652170 0.951647 0.956878 0.986468 0.974677 0.635153 0.553065 0.538066 0.594898 0.757454 0.741030 0.737784 0.786770 0.760044 0.769501 0.943123 0.938914 0.844432 0.816922 0.967217 0.996699 0.960401 0.936181 0.921819 0.897663 0.983884 0.675238 0.890395 0.984590 0.859766 0.792947 0.644128 0.664686 0.598955 0.641457 0.996765 0.947266 0.950800 0.870332 0.822558 0.774235 0.977584 0.917717 0.839813 0.948179 0.815301 0.929423 0.974190 0.914292 0.929109 0.938303 0.836672 0.866561 0.972324 0.906312 0.869275 0.981198
0.997680 0.940522 0.972481 0.954268 0.000000 0.676982 0.758561 0.771028 0.677335 0.714558 0.787921 0.844519 0.636044 0.808479 0.642765 0.790130 0.873738 0.972494 0.745142 0.865142 0.812852 0.960899 0.716497 0.973814 0.721829 0.652237 0.963655 0.777642 0.755673 0.729527 0.901101 0.983387 0.824160 0.864994 0.975109 0.990605 0.953186 0.881419 0.980321 0.971837 0.914931 0.880801 0.958841 0.864932 0.741329 0.793462 0.973004 0.908365 0.837516 0.978180 0.820431 0.895624 0.749090 0.848557 0.980116 0.811262 0.863965 0.988148 0.904701 0.940295 0.729927 0.739214 0.804097 0.776786 0.760343 0.799698 0.980782 0.937651 0.953310 0.931110 0.755212 0.812262 0.850330 0.954648 0.859281 0.983374 0.783549 0.813567 0.806166 0.913144 0.874107 0.920943 0.823563 0.842397 0.761937 0.997002 0.936606 0.849248 0.856082 0.930601 0.775776 0.803711 0.855061 0.964904 0.940855 0.841966 0.843898 0.844695 0.850954 0.832997 0.811033 0.891821 0.963197 0.995889 0.860646 0.999030 0.802586 0.891321 0.803653 0.823109 0.734797 0.720260 0.950364 0.929406 0.972487 0.980584
0.663032 0.789466 0.905666 0.734553 0.676982 0.000000 0.554675 0.462736 0.692699 0.515488 0.726131 0.696043 0.726277 0.788492 0.662004 0.676659 0.616321 0.641009 0.544937 0.721200 0.788626 0.992267 0.611742 0.804881 0.793772 0.900909 0.849399 0.896735 0.609960 0.669769 0.621925 0.822977 0.587706 0.581223 0.793312 0.995426 0.826419 0.973087 0.946900 0.936796 0.985585 0.932821 0.592406 0.548293 0.471089 0.496458 0.665692 0.566415 0.549331 0.573721 0.500134 0.645878 0.594806 0.685355 0.711996 0.559182 0.861769 0.773818 0.665063 0.621045 0.538182 0.571560 0.653667 0.578359 0.925284 0.846089 0.583137 0.610167 0.911577 0.741767 0.714882 0.855765 0.919502 0.943836 0.929640 0.978693 0.572341 0.703602 0.826556 0.600580 0.566598 0.583151 0.833317 0.852016 0.577937 0.629933 0.884841 0.933741 0.813918 0.894533 0.509575 0.696551 0.548285 0.986663 0.866561 0.919860 0.819638 0.867916 0.470846 0.592880 0.661595 0.647445 0.587528 0.873899 0.788566 0.938269 0.966883 0.893271 0.839531 0.953991 0.802210 0.671631 0.786219 0.853740 0.872214 0.869379
0.581504 0.768064 0.641549 0.958451 0.758561 0.554675 0.000000 0.242542 0.629763 0.326160 0.436633 0.518455 0.446550 0.637904 0.550595 0.846604 0.422217 0.517792 0.415375 0.628269 0.853419 0.868542 0.909388 0.747716 0.616775 0.784067 0.576146 0.947101 0.362257 0.463165 0.507819 0.720597 0.400693 0.368126 0.941349 0.983842 0.840072 0.739498 0.883583 0.955326 0.865370 0.982410 0.456741 0.407477 0.489173 0.460294 0.461020 0.482201 0.592241 0.812833 0.655777 0.990266 0.926304 0.880171 0.713849 0.645199 0.761252 0.818100 0.449661 0.717674 0.238777 0.438666 0.343363 0.381655 0.825997 0.868485 0.659398 0.590104 0.980102 0.764259 0.872683 0.995306 0.908566 0.990556 0.963436 0.963564 0.499004 0.848333 0.661028 0.659720 0.423951 0.424120 0.793783 0.823660 0.556740 0.847613 0.837269 0.815586 0.986199 0.827678 0.696582 0.982463 0.848399 0.664133 0.897134 0.900717 0.747950 0.894801 0.521525 0.587468 0.504747 0.800739 0.543953 0.808202 0.661654 0.894942 0.814814 0.926463 0.768235 0.762113 0.723130 0.816131 0.737001 0.834929 0.900567 0.919578
0.523537 0.652235 0.712387 0.835555 0.771028 0.462736 0.242542 0.000000 0.556350 0.291352 0.503184 0.487005 0.474426 0.581349 0.519575 0.745759 0.445252 0.498907 0.378194 0.588896 0.840874 0.883585 0.744189 0.903231 0.662112 0.830139 0.628693 0.956065 0.368558 0.456605 0.495839 0.744998 0.368972 0.387339 0.895755 0.900533 0.813449 0.840640 0.959483 0.975873 0.907107 0.994236 0.437234 0.367695 0.393259 0.383172 0.458589 0.459500 0.457848 0.666036 0.573413 0.830277 0.770131 0.981723 0.600168 0.605998 0.688864 0.695963 0.450089 0.592026 0.272490 0.359588 0.394026 0.375574 0.833643 0.816911 0.582518 0.518028 0.910338 0.608319 0.718364 0.836253 0.920307 0.975927 0.994961 0.992300 0.470567 0.789288 0.734632 0.617319 0.414474 0.468567 0.734097 0.834679 0.490548 0.782801 0.823002 0.865120 0.862054 0.954849 0.581301 0.838361 0.696719 0.830656 0.860265 0.945615 0.680613 0.893133 0.373851 0.496576 0.476938 0.699735 0.483415 0.722269 0.606699 0.896607 0.821918 0.935575 0.841663 0.800349 0.658347 0.776935 0.716738 0.768535 0.899314 0.886136
0.831986 0.895131 0.806983 0.924499 0.677335 0.692699 0.629763 0.556350 0.000000 0.500756 0.771923 0.774089 0.644744 0.786664 0.771095 0.827459 0.890572 0.939112 0.661180 0.883804 0.657386 0.961303 0.808141 0.882195 0.927921 0.897444 0.917856 0.937070 0.747778 0.789067 0.772086 0.975758 0.802454 0.795413 0.941379 0.927156 0.909319 0.933508 0.909919 0.900460 0.769588 0.983527 0.796638 0.792614 0.734933 0.787023 0.836920 0.818892 0.762325 0.927721 0.937503 0.954868 0.868443 0.954635 0.714148 0.799255 0.957505 0.854941 0.885071 0.908542 0.650598 0.467471 0.855145 0.784512 0.954582 0.839819 0.948684 0.980456 0.769213 0.720539 0.669231 0.892806 0.970007 0.936247 0.954476 0.910913 0.761164 0.825391 0.863802 0.955793 0.846368 0.888633 0.809388 0.971560 0.680667 0.964844 0.839691 0.952259 0.840011 0.975428 0.727298 0.778371 0.859014 0.923376 0.938877 0.974695 0.836508 0.803452 0.714493 0.828867 0.745910 0.781147 0.930323 0.958480 0.943253 0.968700 0.830691 0.783627 0.910372 0.829382 0.787535 0.982970 0.909021 0.911652 0.806191 0.984130
0.674480 0.786464 0.888542 0.899329 0.714558 0.515488 0.326160 0.291352 0.500756 0.000000 0.593117 0.562744 0.494541 0.590728 0.528372 0.777801 0.594859 0.601090 0.423354 0.620657 0.816645 0.962744 0.775541 0.773302 0.614619 0.831683 0.669430 0.891090 0.443733 0.539968 0.485589 0.840168 0.464685 0.458048 0.951215 0.957845 0.744548 0.879045 0.956447 0.895990 0.845370 0.929122 0.458077 0.399440 0.357917 0.383221 0.548689 0.541418 0.437707 0.714669 0.628454 0.877415 0.766667 0.950710 0.718612 0.652750 0.869798 0.852348 0.643838 0.724074 0.359772 0.337579 0.546558 0.498037 0.706810 0.941950 0.766165 0.675931 0.956222 0.729616 0.685811 0.844334 0.987864 0.956269 0.964156 0.877382 0.537400 0.853566 0.859691 0.716283 0.546907 0.655768 0.815310 0.887726 0.609156 0.950316 0.873893 0.812691 0.946903 0.915986 0.525418 0.738879 0.639137 0.933889 0.922014 0.840220 0.811906 0.811002 0.396630 0.493660 0.546754 0.695069 0.576873 0.786456 0.752222 0.970354 0.836540 0.961877 0.794512 0.763422 0.678670 0.734231 0.764414 0.812761 0.830863 0.896952
0.554457 0.760674 0.953170 0.831916 0.787921 0.726131 0.436633 0.503184 0.771923 0.593117 0.000000 0.389385 0.373624 0.468733 0.501509 0.704542 0.532506 0.531123 0.519749 0.726303 0.956696 0.815112 0.914215 0.861409 0.475824 0.654975 0.637396 0.836749 0.438882 0.432451 0.724507 0.826761 0.449970 0.453303 0.983601 0.947888 0.858968 0.722445 0.776528 0.831531 0.959051 0.908343 0.593413 0.511250 0.558052 0.516335 0.625946 0.554149 0.611366 0.842861 0.689136 0.986074 0.989013 0.870386 0.772027 0.791336 0.823199 0.857723 0.568082 0.842843 0.327543 0.503800 0.375839 0.400679 0.682941 0.996712 0.816561 0.791192 0.964681 0.826268 0.964924 0.995880 0.982175 0.854408 0.912018 0.864845 0.692232 0.760337 0.693051 0.644983 0.409625 0.457123 0.665327 0.636443 0.577478 0.802202 0.845138 0.948957 0.755415 0.928489 0.895213 0.761014 0.973389 0.557824 0.917527 0.986623 0.841928 0.951185 0.625597 0.822936 0.513022 0.897377 0.586118 0.783415 0.752869 0.958654 0.962924 0.745837 0.761095 0.794329 0.837868 0.892622 0.737379 0.869004 0.958357 0.990331
0.396171 0.620872 0.967927 0.860336 0.844519 0.696043 0.518455 0.487005 0.774089 0.562744 0.389385 0.000000 0.328337 0.324507 0.423392 0.469071 0.489336 0.420627 0.458184 0.636171 0.815393 0.863332 0.684952 0.897603 0.473901 0.648626 0.769576 0.863647 0.417296 0.381059 0.561299 0.749825 0.398361 0.458241 0.977527 0.931452 0.828673 0.884999 0.817897 0.945000 0.983362 0.952447 0.582518 0.467461 0.415296 0.420074 0.628953 0.602858 0.440126 0.640829 0.669666 0.826665 0.808141 0.948712 0.711061 0.752534 0.718957 0.714863 0.617299 0.798489 0.376926 0.423157 0.450363 0.344201 0.687615 0.937019 0.769551 0.763391 0.875504 0.626594 0.815015 0.774039 0.958741 0.978340 0.898229 0.967612 0.659360 0.817749 0.684242 0.563976 0.338910 0.456875 0.519568 0.623810 0.442239 0.663977 0.833946 0.942475 0.645489 0.909663 0.850005 0.889256 0.978048 0.750910 0.908032 0.944235 0.910255 0.955278 0.518514 0.606047 0.632877 0.736005 0.473261 0.657473 0.732489 0.918460 0.944029 0.884123 0.826483 0.786378 0.833418 0.738832 0.706990 0.710268 0.959434 0.972254
0.518502 0.743732 0.982949 0.739964 0.636044 0.726277 0.446550 0.474426 0.644744 0.494541 0.373624 0.328337 0.000000 0.300057 0.323265 0.527671 0.557896 0.568670 0.489019 0.671364 0.793846 0.918572 0.695836 0.951445 0.412633 0.516829 0.740864 0.892859 0.376596 0.344224 0.612946 0.786859 0.395107 0.492382 0.981804 0.950655 0.893201 0.700730 0.811713 0.876577 0.902207 0.902469 0.632379 0.529643 0.453504 0.439105 0.642680 0.585270 0.519193 0.799653 0.738496 0.967881 0.889720 0.854265 0.809691 0.748217 0.864395 0.781609 0.643181 0.899098 0.295244 0.388801 0.427175 0.340760 0.633990 0.880453 0.897909 0.814168 0.973618 0.721483 0.777139 0.873796 0.983000 0.932269 0.942620 0.883268 0.621991 0.818547 0.789125 0.681459 0.415916 0.533822 0.497275 0.641485 0.456208 0.812439 0.886446 0.926283 0.719138 0.962205 0.927162 0.871187 0.915246 0.645158 0.933241 0.913515 0.828842 0.932059 0.579774 0.691911 0.587894 0.786566 0.563943 0.708353 0.868056 0.871882 0.944635 0.900327 0.727584 0.846327 0.751360 0.791129 0.773493 0.753527 0.912998 0.996434
0.522577 0.701783 0.867315 0.750873 0.808479 0.788492 0.637904 0.581349 0.786664 0.590728 0.468733 0.324507 0.300057 0.000000 0.331834 0.429126 0.631172 0.532539 0.573308 0.581149 0.872757 0.950700 0.611635 0.893470 0.457369 0.638010 0.768473 0.977733 0.464004 0.413269 0.680636 0.791361 0.470983 0.563995 0.953467 0.976586 0.844884 0.833691 0.898747 0.924291 0.946953 0.829176 0.676739 0.528753 0.444829 0.434999 0.660612 0.663301 0.447633 0.705035 0.723352 0.833719 0.846725 0.969846 0.795480 0.815202 0.899425 0.731426 0.802894 0.892820 0.447024 0.418158 0.549610 0.417302 0.667770 0.877327 0.898464 0.861444 0.960182 0.679153 0.744634 0.749527 0.957762 0.959928 0.886328 0.996645 0.694882 0.921648 0.792392 0.597411 0.474105 0.575806 0.448908 0.672989 0.451967 0.773408 0.952724 0.898806 0.633079 0.853086 0.906859 0.946708 0.996340 0.765560 0.859980 0.958017 0.882092 0.967274 0.567442 0.701288 0.653467 0.753358 0.594527 0.684713 0.777290 0.944953 0.987518 0.894481 0.779797 0.854703 0.783209 0.859861 0.772251 0.701067 0.951889 0.923654
0.616463 0.793416 0.983497 0.862461 0.642765 0.662004 0.550595 0.519575 0.771095 0.528372 0.501509 0.423392 0.323265 0.331834 0.000000 0.422308 0.634020 0.554408 0.582634 0.608990 0.876525 0.912513 0.492407 0.858097 0.478468 0.552391 0.782403 0.904929 0.420406 0.374606 0.666315 0.758320 0.413453 0.530386 0.967961 0.965437 0.854867 0.817232 0.917900 0.879408 0.998825 0.897432 0.695880 0.586769 0.433700 0.430522 0.678920 0.625633 0.460703 0.685896 0.647687 0.800995 0.772943 0.955464 0.863328 0.769885 0.992365 0.775453 0.773279 0.917435 0.428976 0.519975 0.493460 0.417784 0.673656 0.776220 0.850675 0.831120 0.920866 0.688646 0.677479 0.751646 0.996933 0.992881 0.855151 0.969679 0.661049 0.980437 0.825522 0.657288 0.507697 0.602962 0.463626 0.583906 0.421346 0.719030 0.999942 0.857168 0.662876 0.872839 0.884072 0.992838 0.948493 0.774106 0.933205 0.968208 0.948652 0.941606 0.550294 0.658279 0.644536 0.836960 0.588918 0.698833 0.851301 0.860314 0.931957 0.873189 0.941341 0.970206 0.782099 0.689747 0.891594 0.785859 0.907914 0.953703
0.579847 0.799061 0.829399 0.976657 0.790130 0.676659 0.846604 0.745759 0.827459 0.777801 0.704542 0.469071 0.527671 0.429126 0.422308 0.000000 0.746816 0.639225 0.683794 0.720635 0.820732 0.913287 0.342944 0.551442 0.670392 0.635900 0.976695 0.867948 0.673126 0.501525 0.768492 0.701977 0.632468 0.728080 0.920145 0.917134 0.899789 0.928367 0.999386 0.882819 0.820512 0.824709 0.886218 0.710046 0.571380 0.600955 0.895081 0.713704 0.580403 0.622025 0.681049 0.642951 0.666801 0.823980 0.828043 0.810195 0.991696 0.747936 0.882582 0.849315 0.656517 0.688985 0.692725 0.561885 0.901246 0.877868 0.799173 0.889401 0.954677 0.708280 0.645570 0.738850 0.896467 0.909918 0.847994 0.960369 0.813858 0.928985 0.904300 0.705043 0.630066 0.669913 0.403320 0.690539 0.399607 0.511478 0.922995 0.713070 0.514739 0.598480 0.829176 0.866324 0.840000 0.973995 0.872653 0.997101 0.963747 0.980409 0.617329 0.692381 0.875143 0.762590 0.605694 0.942306 0.811706 0.819710 0.939328 0.877831 0.989219 0.946982 0.812459 0.753497 0.865583 0.789473 0.842522 0.976426
0.444686 0.545036 0.793103 0.896482 0.873738 0.616321 0.422217 0.445252 0.890572 0.594859 0.532506 0.489336 0.557896 0.631172 0.634020 0.746816 0.000000 0.370680 0.512290 0.635766 0.929311 0.814226 0.863869 0.997192 0.668362 0.704275 0.706440 0.905803 0.374870 0.424398 0.555252 0.682671 0.464205 0.394138 0.835460 0.937371 0.861621 0.802196 0.874315 0.959719 0.986523 0.796168 0.543740 0.486208 0.562786 0.516344 0.462213 0.494738 0.618814 0.671356 0.573921 0.835354 0.848649 0.988452 0.612127 0.628407 0.554493 0.611257 0.391660 0.535047 0.396262 0.603110 0.324471 0.329303 0.813458 0.929780 0.502400 0.534690 0.899721 0.700716 0.929311 0.865063 0.817288 0.985211 0.979043 0.985297 0.539075 0.739522 0.522936 0.746738 0.364640 0.417682 0.707649 0.696481 0.613937 0.688752 0.855670 0.949610 0.869667 0.989182 0.712219 0.905882 0.857695 0.742190 0.917920 0.849824 0.788594 0.910845 0.546256 0.559332 0.584190 0.754074 0.519861 0.788640 0.684208 0.693289 0.989523 0.913680 0.802832 0.667956 0.875260 0.743510 0.625582 0.735345 0.886247 0.789762
0.453677 0.606671 0.871076 0.961059 0.972494 0.641009 0.517792 0.498907 0.939112 0.601090 0.531123 0.420627 0.568670 0.532539 0.554408 0.639225 0.370680 0.000000 0.492907 0.517038 0.968620 0.910381 0.764683 0.877908 0.655971 0.821193 0.713093 0.997471 0.378974 0.364531 0.523435 0.597380 0.431740 0.441671 0.955067 0.859612 0.877196 0.932529 0.885327 0.927535 0.918960 0.873891 0.495928 0.475493 0.519899 0.423987 0.521173 0.505972 0.502381 0.569522 0.500014 0.753570 0.843583 0.935368 0.699375 0.646114 0.618315 0.640922 0.492328 0.600982 0.460971 0.612851 0.367877 0.345111 0.775285 0.977388 0.499702 0.545572 0.895266 0.672169 0.878535 0.807735 0.791445 0.913252 0.990813 0.954596 0.729061 0.856772 0.470218 0.572639 0.307549 0.419126 0.678777 0.604235 0.585930 0.618399 0.852796 0.952662 0.846726 0.975596 0.794760 0.855730 0.857539 0.700588 0.791183 0.972563 0.889354 0.928902 0.521666 0.563263 0.660263 0.808130 0.390632 0.730102 0.640794 0.765081 0.909456 0.765831 0.871790 0.748511 0.831595 0.768048 0.663877 0.781177 0.983948 0.875815
0.561909 0.716324 0.844326 0.886074 0.745142 0.544937 0.415375 0.378194 0.661180 0.423354 0.519749 0.458184 0.489019 0.573308 0.582634 0.683794 0.512290 0.492907 0.000000 0.486102 0.715036 0.864548 0.745530 0.970253 0.627820 0.841927 0.688361 0.921880 0.406137 0.466567 0.527785 0.661117 0.472017 0.426813 0.947949 0.927900 0.810415 0.886044 0.937277 0.890686 0.954132 0.877998 0.459029 0.368842 0.429579 0.420782 0.559975 0.514532 0.556895 0.685136 0.650678 0.863081 0.846871 0.995042 0.702613 0.670723 0.736210 0.794170 0.562271 0.685826 0.388733 0.407103 0.488554 0.454133 0.811337 0.780778 0.599288 0.586215 0.848710 0.735845 0.720695 0.778195 0.811962 0.865991 0.999966 0.973491 0.613856 0.726483 0.752796 0.650754 0.475037 0.473544 0.682237 0.719112 0.559338 0.801720 0.821009 0.973306 0.773590 0.985383 0.591833 0.963342 0.757824 0.844295 0.886507 0.977138 0.840544 0.990622 0.459320 0.561838 0.633240 0.718336 0.432437 0.759486 0.744823 0.957175 0.966652 0.856237 0.716230 0.812848 0.739313 0.685298 0.703527 0.739618 0.821413 0.889940
0.670810 0.634266 0.842512 0.872602 0.865142 0.721200 0.628269 0.588896 0.883804 0.620657 0.726303 0.636171 0.671364 0.581149 0.608990 0.720635 0.635766 0.517038 0.486102 0.000000 0.996623 0.898391 0.725371 0.858585 0.804120 0.992553 0.857516 0.893901 0.535089 0.560619 0.663490 0.694865 0.563935 0.596332 0.996232 0.877017 0.951918 0.974379 0.998381 0.931513 0.986715 0.940709 0.633912 0.543729 0.571887 0.531308 0.547442 0.635372 0.595066 0.647389 0.618043 0.764201 0.878925 0.934933 0.708456 0.715303 0.725731 0.652229 0.660810 0.707679 0.603598 0.605255 0.590961 0.538901 0.906409 0.806414 0.595525 0.602134 0.779042 0.650339 0.791292 0.822949 0.916662 0.749297 0.936483 0.993424 0.688159 0.968950 0.669938 0.552849 0.602062 0.553078 0.721510 0.710995 0.585114 0.739923 0.910327 0.868398 0.780909 0.970979 0.740169 0.968442 0.835372 0.857484 0.768683 0.944569 0.832668 0.849599 0.602957 0.618367 0.833319 0.894463 0.629394 0.668446 0.681708 0.959926 0.996867 0.877254 0.800594 0.886809 0.834000 0.729619 0.933712 0.805619 0.966330 0.872660
0.858526 0.973231 0.996654 0.956310 0.812852 0.788626 0.853419 0.840874 0.657386 0.816645 0.956696 0.815393 0.793846 0.872757 0.876525 0.820732 0.929311 0.968620 0.715036 0.996623 0.000000 0.954310 0.824507 0.904437 0.887978 0.869329 0.797267 0.985396 0.901153 0.949464 0.970960 0.976707 0.977569 0.898889 0.994868 0.990361 0.871549 0.876650 0.754753 0.974125 0.988250 0.990652 0.903496 0.868649 0.833469 0.851873 0.990598 0.811884 0.892484 0.943752 0.904695 0.921618 0.814635 0.855030 0.980807 0.865997 0.932459 0.999321 0.961747 0.892715 0.845638 0.761458 0.944711 0.889052 0.990283 0.940946 0.995687 0.954912 0.892440 0.803251 0.781096 0.833531 0.994375 0.951760 0.879410 0.943890 0.927166 0.879450 0.944137 0.957068 0.931254 0.881023 0.838359 0.931311 0.795052 0.967878 0.936066 0.890896 0.855628 0.869762 0.720308 0.818322 0.847142 0.930032 0.970368 0.909127 0.972544 0.930897 0.861301 0.842384 0.896075 0.717767 0.863809 0.955601 0.968206 0.899132 0.943097 0.985782 0.820145 0.903611 0.864960 0.874586 0.952090 0.859109 0.771788 0.925212
0.828179 0.796529 0.871078 0.908582 0.960899 0.992267 0.868542 0.883585 0.961303 0.962744 0.815112 0.863332 0.918572 0.950700 0.912513 0.913287 0.814226 0.910381 0.864548 0.898391 0.954310 0.000000 0.922340 0.789143 0.993086 0.931219 0.891906 0.951750 0.878476 0.942789 0.950235 0.989996 0.855662 0.871424 0.808259 0.796029 0.879115 0.972406 0.882595 0.850205 0.899283 0.865701 0.876709 0.891636 0.993115 0.966126 0.849583 0.910025 0.896307 0.991436 0.998124 0.918686 0.953234 0.934060 0.957425 0.978009 0.757974 0.867581 0.902007 0.888827 0.883127 0.883944 0.914464 0.925003 0.996378 0.989615 0.999693 0.943802 0.876833 0.959337 0.914060 0.882451 0.943449 0.940788 0.999637 0.977424 0.969011 0.915096 0.999636 0.979408 0.951848 0.905688 0.938172 0.911944 0.978001 0.934047 0.861870 0.780390 0.905584 0.909019 0.940881 0.866816 0.941911 0.889367 0.865655 0.921755 0.919851 0.891215 0.950695 0.991184 0.899441 0.950785 0.989012 0.985656 0.950810 0.926568 0.837642 0.939204 0.889863 0.881928 0.919767 0.966407 0.928905 0.955615 0.815434 0.850577
0.667008 0.795091 0.961292 0.791997 0.716497 0.611742 0.909388 0.744189 0.808141 0.775541 0.914215 0.684952 0.695836 0.611635 0.492407 0.342944 0.863869 0.764683 0.745530 0.725371 0.824507 0.922340 0.000000 0.483339 0.875021 0.796030 0.827272 0.918362 0.760882 0.641327 0.787604 0.722306 0.689923 0.852725 0.864600 0.908603 0.874118 0.943885 0.874450 0.913889 0.878870 0.889336 0.888605 0.770728 0.620846 0.661324 0.895873 0.814728 0.612567 0.583551 0.705859 0.586046 0.597795 0.707957 0.868264 0.787082 0.969372 0.704482 0.956760 0.820131 0.785429 0.762791 0.870071 0.743838 0.891949 0.984725 0.747235 0.849758 0.936716 0.601839 0.514386 0.682372 0.924792 0.993497 0.998320 0.957376 0.733470 0.930142 0.930390 0.733753 0.786245 0.779396 0.499171 0.778494 0.424140 0.490548 0.974121 0.674064 0.577699 0.472296 0.722335 0.665254 0.673358 0.802907 0.845976 0.985022 0.941189 0.971448 0.650959 0.659552 0.894691 0.744243 0.668900 0.930270 0.895611 0.894949 0.904657 0.891694 0.973619 0.810836 0.696169 0.708954 0.982034 0.862724 0.877060 0.988712
0.801464 0.789025 0.884720 0.762549 0.973814 0.804881 0.747716 0.903231 0.882195 0.773302 0.861409 0.897603 0.951445 0.893470 0.858097 0.551442 0.997192 0.877908 0.970253 0.858585 0.904437 0.789143 0.483339 0.000000 0.953035 0.952337 0.688506 0.942650 0.934608 0.937036 0.956194 0.832463 0.965481 0.910293 0.896562 0.806299 0.947987 0.834774 0.995143 0.949127 0.725108 0.940119 0.878499 0.954775 0.908240 0.927043 0.958223 0.952291 0.887705 0.645676 0.805710 0.590328 0.724783 0.683793 0.898841 0.878203 0.938040 0.751914 0.972179 0.848662 0.850977 0.866353 0.918471 0.959488 0.801944 0.926248 0.700204 0.875808 0.902946 0.605728 0.829077 0.758760 0.951693 0.890717 0.832549 0.996132 0.958787 0.954287 0.950993 0.813900 0.912739 0.864724 0.684112 0.917355 0.730413 0.487872 0.890166 0.629728 0.654899 0.565127 0.862054 0.863058 0.795489 0.789872 0.862659 0.900614 0.936963 0.992141 0.873632 0.817814 0.836458 0.843777 0.816120 0.897156 0.896554 0.834637 0.784124 0.795119 0.954674 0.769833 0.924590 0.789110 0.993712 0.828614 0.993816 0.898856
0.713769 0.988133 0.652332 0.631468 0.721829 0.793772 0.616775 0.662112 0.927921 0.614619 0.475824 0.473901 0.412633 0.457369 0.478468 0.670392 0.668362 0.655971 0.627820 0.804120 0.887978 0.993086 0.875021 0.953035 0.000000 0.488810 0.683546 0.949949 0.561668 0.553177 0.775306 0.886135 0.524511 0.657944 0.872725 0.965198 0.820169 0.765022 0.992620 0.865590 0.914368 0.892156 0.715401 0.605075 0.434192 0.451134 0.779273 0.690633 0.549421 0.791760 0.740175 0.919268 0.876770 0.939436 0.864272 0.886299 0.960603 0.937364 0.800146 0.991383 0.471799 0.548719 0.556774 0.475888 0.431467 0.738434 0.971161 0.895796 0.760698 0.936749 0.921947 0.993232 0.920008 0.905718 0.949202 0.940259 0.696487 0.883188 0.793091 0.668500 0.510460 0.729757 0.712933 0.696239 0.719339 0.965645 0.962672 0.964117 0.755665 0.937142 0.874157 0.913091 0.973676 0.658140 0.891192 0.991623 0.983776 0.922956 0.594103 0.772471 0.671102 0.816325 0.605872 0.721028 0.845092 0.863850 0.853500 0.945229 0.748535 0.921306 0.814823 0.781464 0.690133 0.802086 0.990365 0.955070
0.743720 0.895364 0.712473 0.737749 0.652237 0.900909 0.784067 0.830139 0.897444 0.831683 0.654975 0.648626 0.516829 0.638010 0.552391 0.635900 0.704275 0.821193 0.841927 0.992553 0.869329 0.931219 0.796030 0.952337 0.488810 0.000000 0.920283 0.814269 0.749769 0.668697 0.906360 0.952216 0.749370 0.854867 0.860750 0.920208 0.912997 0.829076 0.930740 0.950602 0.998892 0.896136 0.912475 0.835345 0.713001 0.717645 0.999988 0.820412 0.734876 0.856706 0.807539 0.871426 0.810312 0.967019 0.963035 0.911707 0.945523 0.923771 0.896902 0.985305 0.667463 0.748930 0.678521 0.613659 0.618171 0.593210 0.932643 0.921655 0.841043 0.992176 0.932476 0.989245 0.904583 0.840502 0.861453 0.926336 0.862688 0.826418 0.920223 0.906867 0.739166 0.892477 0.666894 0.754511 0.731970 0.890518 0.981586 0.928575 0.749852 0.908186 0.952376 0.999471 0.925938 0.786618 0.864820 0.921145 0.972417 0.938381 0.810639 0.766069 0.829900 0.979993 0.763289 0.857316 0.965454 0.848114 0.905415 0.992758 0.988329 0.946112 0.935230 0.769796 0.929170 0.990934 0.853682 0.994017
0.853891 0.960879 0.906089 0.927160 0.963655 0.849399 0.576146 0.628693 0.917856 0.669430 0.637396 0.769576 0.740864 0.768473 0.782403 0.976695 0.706440 0.713093 0.688361 0.857516 0.797267 0.891906 0.827272 0.688506 0.683546 0.920283 0.000000 0.933727 0.656337 0.723190 0.718307 0.876627 0.724499 0.604998 0.952087 0.884040 0.816236 0.715834 0.964109 0.914928 0.986272 0.866172 0.713921 0.672294 0.701996 0.693112 0.645494 0.740382 0.766542 0.888533 0.877037 0.888968 0.829022 0.817757 0.856896 0.923072 0.994386 0.921865 0.750792 0.919549 0.591474 0.741566 0.642051 0.679637 0.773406 0.986459 0.792397 0.681522 0.726907 0.858697 0.908943 0.950271 0.995646 0.992748 0.918767 0.984221 0.863932 0.992666 0.792372 0.853686 0.655257 0.731810 0.977503 0.946781 0.963301 0.943126 0.870320 0.753306 0.907658 0.742195 0.949426 0.865261 0.998775 0.694988 0.903986 0.969569 0.967542 0.961330 0.738476 0.853625 0.733405 0.994926 0.756854 0.902964 0.832023 0.914517 0.866000 0.933186 0.955108 0.752046 0.932425 0.988760 0.725038 0.914746 0.996016 0.861914
0.977643 0.862660 0.924566 0.988318 0.777642 0.896735 0.947101 0.956065 0.937070 0.891090 0.836749 0.863647 0.892859 0.977733 0.904929 0.867948 0.905803 0.997471 0.921880 0.893901 0.985396 0.951750 0.918362 0.942650 0.949949 0.814269 0.933727 0.000000 0.977619 0.924128 0.969499 0.964655 0.964605 0.943279 0.928644 0.861451 0.847076 0.807249 0.897417 0.961167 0.821425 0.991305 0.830631 0.890170 0.976430 0.915876 0.985704 0.930855 0.943798 0.938943 0.921730 0.898391 0.914113 0.935762 0.863834 0.993459 0.887110 0.891885 0.940134 0.831918 0.910334 0.917633 0.933827 0.923135 0.968334 0.883394 0.990085 0.964088 0.914404 0.826603 0.961161 0.879572 0.901191 0.880916 0.960629 0.911122 0.973852 0.912964 0.927902 0.892536 0.928125 0.876172 0.919761 0.965388 0.861363 0.788336 0.963119 0.950258 0.951996 0.915234 0.913853 0.910337 0.906051 0.927364 0.948155 0.985746 0.842603 0.954054 0.902201 0.884099 0.964638 0.972997 0.879462 0.953954 0.813951 0.928756 0.849697 0.973776 0.939132 0.964172 0.959591 0.966938 0.955005 0.851969 0.899386 0.978716
0.544949 0.689152 0.801741 0.962604 0.755673 0.609960 0.362257 0.368558 0.747778 0.443733 0.438882 0.417296 0.376596 0.464004 0.420406 0.673126 0.374870 0.378974 0.406137 0.535089 0.901153 0.878476 0.760882 0.934608 0.561668 0.749769 0.656337 0.977619 0.000000 0.302281 0.425676 0.635119 0.371699 0.325223 0.882015 0.990192 0.885954 0.767779 0.862753 0.823450 0.939946 0.977704 0.532008 0.443990 0.454972 0.375331 0.473931 0.491593 0.515078 0.682762 0.609811 0.912111 0.878481 0.942151 0.704823 0.600067 0.705979 0.740002 0.500306 0.729571 0.324358 0.486687 0.313173 0.320515 0.627106 0.970291 0.627624 0.604525 0.950326 0.729426 0.781633 0.807115 0.859610 0.964077 0.986048 0.909143 0.543905 0.912461 0.542636 0.592237 0.303437 0.367318 0.665326 0.617776 0.537751 0.777724 0.909143 0.944074 0.887134 0.980939 0.810001 0.860559 0.944018 0.647087 0.944722 0.935969 0.786457 0.900405 0.529434 0.620671 0.488612 0.733474 0.505114 0.675576 0.732535 0.830408 0.948458 0.789802 0.728849 0.749681 0.787094 0.708943 0.704360 0.677494 0.971462 0.807964
0.517422 0.665930 0.900061 0.949694 0.729527 0.669769 0.463165 0.456605 0.789067 0.539968 0.432451 0.381059 0.344224 0.413269 0.374606 0.501525 0.424398 0.364531 0.466567 0.560619 0.949464 0.942789 0.641327 0.937036 0.553177 0.668697 0.723190 0.924128 0.302281 0.000000 0.544800 0.586569 0.353172 0.365299 0.939858 0.971992 0.885326 0.811090 0.837526 0.774928 0.915044 0.937029 0.596041 0.500545 0.492194 0.422086 0.576704 0.550737 0.536766 0.685802 0.598606 0.857894 0.915790 0.919191 0.692236 0.621743 0.702048 0.710898 0.515128 0.737438 0.347642 0.525321 0.330815 0.293713 0.702177 0.941856 0.638434 0.596255 0.915135 0.692657 0.732509 0.898834 0.844709 0.886561 0.959992 0.907181 0.655913 0.817719 0.620427 0.595615 0.363566 0.435528 0.532474 0.597229 0.484647 0.687656 0.896463 0.825694 0.736806 0.946199 0.899365 0.801232 0.990940 0.612797 0.943867 0.937911 0.754647 0.964406 0.546074 0.628214 0.605306 0.809857 0.444332 0.785907 0.741081 0.737866 0.981609 0.850759 0.817410 0.802725 0.790530 0.735966 0.729184 0.714443 0.963365 0.900237
0.669626 0.776398 0.743995 0.919523 0.901101 0.621925 0.507819 0.495839 0.772086 0.485589 0.724507 0.561299 0.612946 0.680636 0.666315 0.768492 0.555252 0.523435 0.527785 0.663490 0.970960 0.950235 0.787604 0.956194 0.775306 0.906360 0.718307 0.969499 0.425676 0.544800 0.000000 0.599311 0.506547 0.502724 0.913044 0.995958 0.933109 0.864613 0.970423 0.948036 0.876361 0.973784 0.622287 0.567553 0.579752 0.561742 0.624963 0.629892 0.620516 0.732184 0.777455 0.948602 0.899336 0.915711 0.815897 0.673417 0.696501 0.787577 0.661937 0.849106 0.531238 0.613623 0.572082 0.512533 0.789109 0.985001 0.677600 0.671768 0.976869 0.809490 0.849062 0.750290 0.950843 0.950172 0.856391 0.805121 0.630440 0.946356 0.749213 0.675233 0.474877 0.583811 0.888983 0.822876 0.647397 0.825079 0.746418 0.860716 0.987374 0.980602 0.821665 0.954867 0.872060 0.852928 0.863161 0.905912 0.981673 0.935773 0.615604 0.557528 0.637380 0.691418 0.541499 0.831973 0.831636 0.880213 0.859171 0.987080 0.882535 0.814772 0.778186 0.793291 0.815862 0.783154 0.874996 0.825373
0.851939 0.995505 0.776812 0.774106 0.983387 0.822977 0.720597 0.744998 0.975758 0.840168 0.826761 0.749825 0.786859 0.791361 0.758320 0.701977 0.682671 0.597380 0.661117 0.694865 0.976707 0.989996 0.722306 0.832463 0.886135 0.952216 0.876627 0.964655 0.635119 0.586569 0.599311 0.000000 0.592701 0.649453 0.953081 0.819479 0.990982 0.963081 0.946738 0.770425 0.976441 0.967518 0.817689 0.744667 0.868252 0.737847 0.731537 0.741417 0.913247 0.888452 0.904407 0.965429 0.894247 0.809481 0.959606 0.806177 0.911785 0.978539 0.807018 0.927356 0.730095 0.902272 0.693920 0.697437 0.928591 0.825403 0.619450 0.625419 0.967837 0.887476 0.881732 0.889086 0.658238 0.842753 0.990273 0.987608 0.856869 0.928206 0.767662 0.768604 0.687252 0.588706 0.730537 0.730939 0.780813 0.670452 0.993301 0.795883 0.943456 0.802085 0.986444 0.841196 0.994241 0.815317 0.991106 0.882794 0.994170 0.965496 0.853592 0.808462 0.929933 0.984275 0.574918 0.983627 0.819637 0.793013 0.942762 0.784876 0.968609 0.938936 0.829204 0.949203 0.948990 0.978752 0.857535 0.971241
0.514955 0.732571 0.878773 0.955177 0.824160 0.587706 0.400693 0.368972 0.802454 0.464685 0.449970 0.398361 0.395107 0.470983 0.413453 0.632468 0.464205 0.431740 0.472017 0.563935 0.977569 0.855662 0.689923 0.965481 0.524511 0.749370 0.724499 0.964605 0.371699 0.353172 0.506547 0.592701 0.000000 0.406373 0.915503 0.967121 0.896114 0.853209 0.980881 0.918427 0.938596 0.975066 0.524485 0.421219 0.405552 0.366909 0.519673 0.506363 0.496632 0.685375 0.635132 0.873728 0.881836 0.894323 0.741720 0.692497 0.705140 0.715399 0.511247 0.745977 0.313940 0.469986 0.368805 0.313425 0.741597 0.920842 0.605064 0.510357 0.929757 0.636730 0.781130 0.861851 0.852744 0.883409 0.970954 0.823458 0.548375 0.793770 0.691531 0.549794 0.351559 0.457040 0.680873 0.630974 0.534427 0.684907 0.951778 0.961587 0.788062 0.943867 0.833777 0.892977 0.930166 0.670675 0.886907 0.949484 0.809858 0.955275 0.463233 0.602602 0.573453 0.808329 0.431841 0.630142 0.676935 0.846104 0.896717 0.866285 0.866993 0.875260 0.730367 0.737882 0.820402 0.860251 0.998743 0.970763
0.540015 0.652396 0.738696 0.868663 0.864994 0.581223 0.368126 0.387339 0.795413 0.458048 0.453303 0.458241 0.492382 0.563995 0.530386 0.728080 0.394138 0.441671 0.426813 0.596332 0.898889 0.871424 0.852725 0.910293 0.657944 0.854867 0.604998 0.943279 0.325223 0.365299 0.502724 0.649453 0.406373 0.000000 0.976795 0.904546 0.764446 0.841961 0.823657 0.800161 0.976001 0.916683 0.489820 0.374026 0.467430 0.399527 0.442222 0.528501 0.533966 0.669615 0.565983 0.865698 0.879639 0.949079 0.638166 0.621358 0.693107 0.787867 0.474616 0.693960 0.338320 0.536291 0.336067 0.355051 0.775163 0.938764 0.581278 0.505256 0.948910 0.735879 0.806411 0.805071 0.909306 0.930408 0.972122 0.912331 0.570392 0.821162 0.645104 0.656205 0.378359 0.389800 0.753128 0.664581 0.561080 0.693305 0.868851 0.942486 0.939488 0.920846 0.780865 0.876285 0.921486 0.616334 0.958042 0.937651 0.834637 0.998134 0.529052 0.608751 0.610182 0.749138 0.462154 0.825457 0.706224 0.845439 0.806193 0.753551 0.765160 0.757140 0.780476 0.771629 0.741117 0.803704 0.855544 0.883999
0.886095 0.890590 0.849615 0.855349 0.975109 0.793312 0.941349 0.895755 0.941379 0.951215 0.983601 0.977527 0.981804 0.953467 0.967961 0.920145 0.835460 0.955067 0.947949 0.996232 0.994868 0.808259 0.864600 0.896562 0.872725 0.860750 0.952087 0.928644 0.882015 0.939858 0.913044 0.953081 0.915503 0.976795 0.000000 0.895816 0.944076 0.895729 0.839468 0.981135 0.847584 0.866591 0.989089 0.967536 0.949282 0.957778 0.848173 0.925726 0.972663 0.876791 0.982429 0.992127 0.988304 0.956369 0.717002 0.886257 0.917560 0.836269 0.865014 0.810050 0.936973 0.981662 0.955610 0.958971 0.856542 0.859002 0.780045 0.865854 0.903607 0.901462 0.908071 0.791791 0.867958 0.919371 0.905970 0.889820 0.868395 0.915222 0.799971 0.899858 0.896248 0.886254 0.932780 0.994857 0.963553 0.854727 0.999028 0.960976 0.977156 0.998875 0.902464 0.946605 0.866143 0.902283 0.987919 0.945624 0.914276 0.832422 0.931567 0.924039 0.907654 0.853508 0.988368 0.938597 0.894086 0.984673 0.834531 0.994653 0.989631 0.801381 0.847014 0.937977 0.862285 0.930771 0.901816 0.991227
0.805386 0.820247 0.969176 0.916381 0.990605 0.995426 0.983842 0.900533 0.927156 0.957845 0.947888 0.931452 0.950655 0.976586 0.965437 0.917134 0.937371 0.859612 0.927900 0.877017 0.990361 0.796029 0.908603 0.806299 0.965198 0.920208 0.884040 0.861451 0.990192 0.971992 0.995958 0.819479 0.967121 0.904546 0.895816 0.000000 0.910394 0.913050 0.945334 0.995602 0.831603 0.993754 0.994550 0.982126 0.931486 0.996186 0.889447 0.912464 0.859435 0.857936 0.857294 0.796296 0.804281 0.825273 0.787747 0.855529 0.737790 0.633152 0.863408 0.711443 0.942841 0.939870 0.987818 0.937712 0.990183 0.931649 0.858273 0.943035 0.810367 0.632447 0.852722 0.878678 0.938313 0.983958 0.910177 0.875446 0.971280 0.944270 0.977338 0.919414 0.924906 0.958849 0.978838 0.974233 0.899611 0.984057 0.800480 0.888098 0.743749 0.943482 0.811208 0.838585 0.799457 0.738098 0.758847 0.931443 0.913691 0.909546 0.786998 0.771733 0.862870 0.927271 0.920450 0.909340 0.785479 0.899452 0.927757 0.911775 0.927744 0.977527 0.784640 0.951329 0.976063 0.807204 0.976838 0.817075
0.798855 0.915701 0.902769 0.960971 0.953186 0.826419 0.840072 0.813449 0.909319 0.744548 0.858968 0.828673 0.893201 0.844884 0.854867 0.899789 0.861621 0.877196 0.810415 0.951918 0.871549 0.879115 0.874118 0.947987 0.820169 0.912997 0.816236 0.847076 0.885954 0.885326 0.933109 0.990982 0.896114 0.764446 0.944076 0.910394 0.000000 0.907465 0.833796 0.866137 0.944767 0.854014 0.763989 0.743823 0.686429 0.712979 0.903035 0.902327 0.713794 0.794679 0.848411 0.834957 0.865424 0.802914 0.965702 0.902580 0.913828 0.927318 0.988668 0.929428 0.821426 0.790901 0.890406 0.840115 0.828375 0.856176 0.878735 0.906380 0.875583 0.920457 0.902925 0.850752 0.988734 0.967695 0.998103 0.888950 0.801089 0.950301 0.897406 0.925256 0.859206 0.906445 0.993915 0.969585 0.903462 0.935873 0.941010 0.783903 0.987016 0.993578 0.705459 0.790397 0.723916 0.980373 0.954225 0.930342 0.995365 0.959202 0.709290 0.895583 0.936451 0.817222 0.825080 0.951035 0.945436 0.986512 0.966894 0.869400 0.865157 0.825331 0.845700 0.897005 0.662422 0.897482 0.885655 0.866464
0.881007 0.981841 0.971051 0.786328 0.881419 0.973087 0.739498 0.840640 0.933508 0.879045 0.722445 0.884999 0.700730 0.833691 0.817232 0.928367 0.802196 0.932529 0.886044 0.974379 0.876650 0.972406 0.943885 0.834774 0.765022 0.829076 0.715834 0.807249 0.767779 0.811090 0.864613 0.963081 0.853209 0.841961 0.895729 0.913050 0.907465 0.000000 0.835712 0.875089 0.930573 0.858967 0.984564 0.907639 0.904454 0.913490 0.859510 0.902725 0.992684 0.972700 0.921555 0.826421 0.815308 0.799697 0.922876 0.866163 0.940439 0.938576 0.822170 0.936530 0.688996 0.898265 0.697850 0.755093 0.856521 0.954173 0.933980 0.899702 0.776886 0.867926 0.828090 0.988400 0.964411 0.824175 0.843765 0.983460 0.790102 0.875633 0.871897 0.942796 0.761050 0.812760 0.926033 0.980470 0.862697 0.998071 0.915906 0.957447 0.854825 0.955133 0.934303 0.860257 0.899161 0.733893 0.943484 0.891675 0.895926 0.915140 0.946090 0.964221 0.865043 0.895178 0.991193 0.995636 0.909935 0.904931 0.868226 0.946644 0.812211 0.915824 0.990606 0.962363 0.743442 0.929336 0.926125 0.962934
