0.000000 0.418802 0.974143 0.830404 0.860884 0.878746 0.804992 0.720097 0.964216 0.692948 0.544888 0.545869 0.921799 0.824516 0.944873 0.856811 0.487728 0.533196 0.585763 0.532716 0.925273 0.843059 0.987057 0.967973 0.989889 0.890786 0.986477 0.841912 0.672719 0.694155 0.837744 0.844750 0.507833 0.572248 0.931356 0.976352 0.731997 0.703934 0.962486 0.912029 0.777118 0.923150 0.765330 0.646363 0.721602 0.759595 0.817186 0.810576 0.821688 0.879684 0.852604 0.953780 0.940377 0.842284 0.858690 0.766612 0.410150 0.414219 0.599797 0.768126 0.732463 0.876402 0.478303 0.512227 0.816832 0.993895 0.732849 0.716166 0.482622 0.586505 0.673178 0.648923 0.722056 0.725794 0.916502 0.900240 0.730147 0.739388 0.738313 0.721177 0.497146 0.514534 0.907781 0.731910 0.986174 0.878078 0.908093 0.869513 0.822144 0.945698 0.763184 0.807245 0.821213 0.896760 0.953822 0.874044 0.723709 0.913120 0.452868 0.663809 0.821445 0.904387 0.630593 0.582588 0.743802 0.940878 0.911225 0.904918 0.924503 0.865609 0.686657 0.823171 0.812552 0.957068 0.950020 0.995941
0.418802 0.000000 0.814376 0.927502 0.930697 0.900210 0.945132 0.630452 0.918273 0.636984 0.651610 0.440717 0.937396 0.654666 0.962104 0.728388 0.415855 0.389636 0.577625 0.427713 0.929388 0.913699 0.997882 0.933216 0.959301 0.748902 0.966350 0.781284 0.569957 0.533922 0.902956 0.806804 0.561758 0.561953 0.997775 0.928213 0.749979 0.692964 0.871240 0.928241 0.803176 0.701649 0.767098 0.604688 0.778646 0.762152 0.944139 0.823176 0.888507 0.950231 0.982019 0.945639 0.730649 0.683325 0.913641 0.888539 0.320781 0.287539 0.830143 0.844524 0.867450 0.822420 0.524771 0.386067 0.709262 0.959871 0.945254 0.820522 0.552633 0.599987 0.545428 0.614864 0.760152 0.751706 0.979910 0.961693 0.669590 0.694078 0.741054 0.654238 0.413324 0.444541 0.839498 0.625942 0.875237 0.869308 0.920843 0.927127 0.682072 0.894609 0.774144 0.721682 0.829747 0.886180 0.920686 0.803877 0.799096 0.837821 0.498573 0.591320 0.732485 0.991553 0.641035 0.541122 0.816682 0.935096 0.973864 0.945411 0.927459 0.851030 0.668072 0.711642 0.733396 0.818323 0.983281 0.985411
0.974143 0.814376 0.000000 0.443718 0.800481 0.935370 0.348111 0.775363 0.616636 0.838887 0.805884 0.844103 0.641559 0.937290 0.674337 0.829225 0.976138 0.968142 0.718280 0.970223 0.842423 0.794656 0.520357 0.699610 0.457393 0.461793 0.874585 0.862505 0.988863 0.918125 0.493314 0.744810 0.673918 0.672937 0.658561 0.981005 0.845656 0.958883 0.634201 0.894839 0.886207 0.874507 0.614358 0.721087 0.806824 0.897747 0.617733 0.691936 0.780214 0.959356 0.989878 0.945287 0.774800 0.830387 0.822007 0.957449 0.896717 0.822911 0.658805 0.979606 0.609276 0.887188 0.806609 0.855342 0.381907 0.576837 0.410516 0.560319 0.957173 0.995653 0.885654 0.907499 0.854218 0.958664 0.703070 0.804903 0.745060 0.902966 0.812416 0.876564 0.965166 0.930541 0.999614 0.917222 0.522020 0.650681 0.890382 0.994968 0.741116 0.908351 0.915268 0.889328 0.872991 0.737969 0.988416 0.911673 0.964286 0.859330 0.999544 0.904296 0.780482 0.805548 0.962972 0.973127 0.790265 0.551435 0.953801 0.963199 0.933901 0.940592 0.927936 0.871801 0.992368 0.982439 0.861973 0.862279
0.830404 0.927502 0.443718 0.000000 0.884329 0.856708 0.346897 0.470611 0.675294 0.575055 0.840019 0.841328 0.663009 0.829031 0.717691 0.573833 0.829600 0.890136 0.586279 0.806389 0.874434 0.894004 0.460737 0.511193 0.604380 0.646801 0.961878 0.999306 0.917854 0.767177 0.483124 0.667162 0.644357 0.647692 0.764412 0.930332 0.614046 0.778744 0.700706 0.911425 0.820559 0.965840 0.564888 0.680910 0.966768 0.983621 0.716939 0.714484 0.729505 0.918216 0.996660 0.907813 0.792803 0.736253 0.909898 0.854761 0.886545 0.959212 0.725695 0.921548 0.667784 0.921931 0.616971 0.842451 0.616364 0.647170 0.566250 0.718274 0.906973 0.925192 0.612351 0.639371 0.634574 0.762426 0.749015 0.816571 0.600842 0.867210 0.733824 0.851289 0.802617 0.748332 0.967740 0.833443 0.652129 0.624620 0.920038 0.981986 0.919821 0.963960 0.704723 0.659127 0.747603 0.696902 0.919816 0.881065 0.876693 0.977582 0.873610 0.728460 0.983288 0.634818 0.768629 0.785827 0.769944 0.608409 0.981059 0.878119 0.840433 0.866142 0.911926 0.950632 0.956277 0.968872 0.995664 0.922078
0.860884 0.930697 0.800481 0.884329 0.000000 0.819400 0.852347 0.998485 0.777412 0.954241 0.774419 0.899083 0.745194 0.977786 0.740166 0.985371 0.930925 0.873065 0.860838 0.940405 0.923036 0.869084 0.880590 0.970155 0.759079 0.873596 0.837526 0.916799 0.840123 0.923320 0.893409 0.924183 0.748637 0.762068 0.850096 0.877881 0.883125 0.938943 0.853072 0.889945 0.847977 0.989628 0.931890 0.845782 0.744933 0.897484 0.882005 0.783574 0.892269 0.934465 0.853693 0.992026 0.949217 0.918410 0.957060 0.960866 0.952967 0.990262 0.851188 0.890100 0.703095 0.940950 0.943478 0.959019 0.706688 0.671332 0.758504 0.649483 0.813102 0.935381 0.994107 0.917505 0.959191 0.827959 0.969097 0.882770 0.893751 0.909046 0.888538 0.996783 0.886974 0.866578 0.961964 0.954736 0.768718 0.751406 0.871203 0.960206 0.860212 0.796129 0.964120 0.996934 0.933925 0.874915 0.942830 0.972686 0.931426 0.929243 0.913307 0.934395 0.868338 0.924991 0.971403 0.830470 0.727381 0.860126 0.934282 0.945196 0.895031 0.935624 0.849099 0.970024 0.970697 0.984417 0.944064 0.703195
0.878746 0.900210 0.935370 0.856708 0.819400 0.000000 0.867677 0.769225 0.867873 0.886650 0.890829 0.844972 0.806782 0.994496 0.991794 0.823409 0.987931 0.991467 0.940302 0.975113 0.904180 0.828661 0.948204 0.977400 0.870782 0.869726 0.939481 0.862783 0.965850 0.973836 0.871444 0.986834 0.887385 0.864600 0.735257 0.859910 0.830289 0.831116 0.872669 0.882083 0.992629 0.982727 0.939213 0.956155 0.938138 0.906574 0.967956 0.992339 0.910254 0.972960 0.943673 0.967602 0.969841 0.856383 0.971011 0.993615 0.954584 0.926797 0.796785 0.900823 0.688601 0.785598 0.877342 0.886343 0.955047 0.776106 0.866935 0.741952 0.952315 0.930568 0.884601 0.941018 0.955058 0.907447 0.971369 0.970598 0.944489 0.954455 0.985751 0.987438 0.879809 0.841293 0.927690 0.966151 0.990501 0.947530 0.955616 0.865038 0.988715 0.952483 0.799621 0.807935 0.713393 0.817935 0.999541 0.973659 0.865447 0.923871 0.854969 0.995440 0.839009 0.766914 0.871045 0.978741 0.947094 0.871522 0.977534 0.951283 0.988666 0.903907 0.857945 0.913019 0.953001 0.884699 0.931607 0.864571
0.804992 0.945132 0.348111 0.346897 0.852347 0.867677 0.000000 0.542076 0.654452 0.602439 0.700959 0.943622 0.664589 0.844793 0.639126 0.662800 0.751151 0.802251 0.499195 0.791907 0.834084 0.840566 0.429999 0.525580 0.531530 0.600799 0.984107 0.995411 0.830228 0.748672 0.444320 0.578533 0.541142 0.527951 0.688229 0.975655 0.757781 0.941562 0.674618 0.969041 0.883128 0.979303 0.526779 0.647936 0.830129 0.907159 0.598384 0.654307 0.728447 0.928200 0.960898 0.925244 0.839727 0.813134 0.900120 0.846161 0.834697 0.939623 0.683399 0.894417 0.648571 0.909790 0.549127 0.895137 0.567746 0.686710 0.427848 0.629902 0.832892 0.886562 0.678241 0.709175 0.634402 0.746928 0.760431 0.780038 0.634461 0.792950 0.642621 0.719666 0.751648 0.671320 0.932432 0.906718 0.513182 0.562673 0.907278 0.964995 0.949621 0.985115 0.740094 0.659654 0.741364 0.654052 0.922880 0.854399 0.874784 0.884159 0.820141 0.678730 0.882885 0.625107 0.793993 0.806688 0.761766 0.613976 0.976697 0.858254 0.913891 0.896045 0.818129 0.963068 0.911359 0.965342 0.914206 0.888329
0.720097 0.630452 0.775363 0.470611 0.998485 0.769225 0.542076 0.000000 0.847622 0.496843 0.847677 0.539172 0.680225 0.581571 0.853406 0.452848 0.694872 0.734108 0.572965 0.662090 0.941361 0.864303 0.652792 0.636539 0.847762 0.857325 0.911541 0.888289 0.735127 0.637708 0.644047 0.686730 0.650318 0.611329 0.841252 0.974387 0.662262 0.848340 0.850157 0.925520 0.889192 0.748386 0.692585 0.661223 0.982123 0.899412 0.850010 0.776090 0.828773 0.832888 0.999184 0.891433 0.953380 0.909834 0.966065 0.863593 0.652004 0.663571 0.746743 0.924486 0.708216 0.699769 0.514456 0.528337 0.988506 0.844522 0.775763 0.793885 0.759856 0.760981 0.520877 0.618549 0.615092 0.725460 0.828890 0.962240 0.622388 0.805784 0.700220 0.761421 0.611298 0.589208 0.874155 0.638193 0.973095 0.791872 0.947505 0.942669 0.871624 0.987505 0.566327 0.515223 0.638785 0.644104 0.905997 0.814177 0.751908 0.876417 0.714580 0.673197 0.725849 0.573906 0.679631 0.545271 0.825900 0.716015 0.993170 0.837006 0.806972 0.828264 0.773534 0.888882 0.811157 0.810878 0.960270 0.952502
0.964216 0.918273 0.616636 0.675294 0.777412 0.867873 0.654452 0.847622 0.000000 0.789824 0.934295 0.905157 0.774970 0.905346 0.770250 0.867267 0.982037 0.936024 0.915882 0.969588 0.903131 0.787225 0.782432 0.895455 0.752994 0.740957 0.994752 0.806972 0.997811 0.904622 0.802676 0.986026 0.898006 0.905883 0.714095 0.901572 0.847214 0.975655 0.798431 0.804469 0.857476 0.974926 0.853814 0.898547 0.801846 0.931486 0.669380 0.859072 0.967663 0.903179 0.874676 0.851101 0.734783 0.814339 0.845844 0.978053 0.921978 0.909172 0.618517 0.792510 0.663732 0.949381 0.910983 0.990994 0.635619 0.717852 0.661427 0.777791 0.875065 0.999160 0.849412 0.852558 0.997546 0.905941 0.907195 0.915738 0.754585 0.959363 0.913899 0.994470 0.973381 0.996455 0.865040 0.988272 0.785786 0.887948 0.841383 0.834800 0.745622 0.834286 0.737051 0.765368 0.720156 0.672615 0.913184 0.896164 0.942237 0.908401 0.928805 0.884071 0.924768 0.960041 0.901647 0.999754 0.801427 0.748516 0.909365 0.860223 0.936661 0.971897 0.851419 0.950177 0.820632 0.946652 0.883651 0.795516
0.692948 0.636984 0.838887 0.575055 0.954241 0.886650 0.602439 0.496843 0.789824 0.000000 0.814860 0.764708 0.924203 0.754929 0.898473 0.670676 0.655494 0.662311 0.544913 0.591283 0.980556 0.971451 0.715794 0.758666 0.918440 0.939278 0.965881 0.924099 0.777428 0.691076 0.642948 0.677872 0.693800 0.599961 0.778190 0.988549 0.624096 0.819346 0.941068 0.939861 0.912304 0.781818 0.592888 0.654900 0.850820 0.831262 0.796572 0.743692 0.981342 0.980473 0.939377 0.911144 0.939751 0.981910 0.991058 0.810081 0.616290 0.691774 0.784133 0.975183 0.863004 0.917649 0.587102 0.636231 0.957259 0.969812 0.769984 0.866754 0.796209 0.901444 0.495477 0.576190 0.688619 0.687544 0.870907 0.819984 0.605875 0.753961 0.722076 0.788326 0.565178 0.615882 0.911299 0.764310 0.963504 0.826503 0.896171 0.954601 0.704426 0.926442 0.529840 0.546372 0.640816 0.710215 0.937891 0.867758 0.803936 0.926808 0.652367 0.646214 0.894964 0.771300 0.586471 0.599503 0.924361 0.856275 0.970718 0.772773 0.854196 0.993339 0.851164 0.736070 0.822346 0.913186 0.999950 0.950313
0.544888 0.651610 0.805884 0.840019 0.774419 0.890829 0.700959 0.847677 0.934295 0.814860 0.000000 0.659947 0.754748 0.848235 0.841453 0.868905 0.567289 0.582921 0.580048 0.572049 0.867145 0.886005 0.965992 0.915433 0.920347 0.992174 0.897125 0.831315 0.658948 0.617304 0.803128 0.802722 0.606169 0.539208 0.972094 0.971305 0.966725 0.997047 0.892055 0.937670 0.927926 0.985695 0.800620 0.693686 0.792853 0.838328 0.774936 0.781342 0.970360 0.943931 0.907879 0.903154 0.858822 0.773064 0.980254 0.862177 0.599745 0.618434 0.725178 0.848404 0.734175 0.946786 0.570312 0.709719 0.983883 0.961082 0.683199 0.675611 0.566670 0.656599 0.796460 0.852016 0.700320 0.733205 0.932079 0.798780 0.840626 0.843677 0.674545 0.571570 0.601860 0.523095 0.977451 0.862400 0.887022 0.949275 0.791614 0.943517 0.925203 0.799112 0.940644 0.945328 0.965720 0.925992 0.856554 0.894626 0.854595 0.929938 0.653702 0.792560 0.981608 0.870979 0.778772 0.800980 0.807385 0.937610 0.902190 0.871919 0.961149 0.867427 0.859466 0.975828 0.923215 0.912181 0.924555 0.841755
0.545869 0.440717 0.844103 0.841328 0.899083 0.844972 0.943622 0.539172 0.905157 0.764708 0.659947 0.000000 0.775350 0.567886 0.938788 0.592579 0.576761 0.570636 0.652312 0.569207 0.973423 0.944383 0.989022 0.902355 0.903118 0.758770 0.932602 0.757201 0.643656 0.550758 0.981116 0.890165 0.664579 0.714639 0.862387 0.987742 0.792789 0.821886 0.938168 0.996148 0.835843 0.725969 0.927844 0.732198 0.954227 0.913000 0.981455 0.862063 0.956873 0.877534 0.939633 0.853695 0.817809 0.828299 0.951478 0.951383 0.487206 0.447861 0.848992 0.786904 0.803278 0.703979 0.511432 0.369353 0.675382 0.946730 0.976031 0.915700 0.616448 0.664832 0.657869 0.726031 0.724159 0.781308 0.945910 0.901682 0.834622 0.857961 0.791746 0.755598 0.520944 0.508043 0.853850 0.537530 0.799990 0.990322 0.867429 0.943293 0.831793 0.860034 0.812294 0.751520 0.874305 0.908650 0.994916 0.845685 0.833573 0.795724 0.700912 0.745499 0.699186 0.839566 0.767493 0.582237 0.855408 0.984205 0.991913 0.953063 0.824853 0.779152 0.771702 0.888341 0.855758 0.852910 0.946452 0.945306
0.921799 0.937396 0.641559 0.663009 0.745194 0.806782 0.664589 0.680225 0.774970 0.924203 0.754748 0.775350 0.000000 0.715815 0.597690 0.606889 0.925225 0.852021 0.822487 0.947957 0.757432 0.906448 0.755875 0.780143 0.778417 0.773064 0.914578 0.974457 0.820851 0.755233 0.777106 0.912245 0.682592 0.727879 0.894585 0.921835 0.861153 0.999664 0.846863 0.898165 0.996542 0.936325 0.814438 0.742068 0.891891 0.951007 0.802629 0.790032 0.775543 0.954918 0.853069 0.927408 0.988517 0.869337 0.884551 0.989885 0.967089 0.949505 0.769375 0.870778 0.620400 0.908069 0.706422 0.811604 0.704376 0.795986 0.745270 0.692618 0.939052 0.977701 0.895062 0.936679 0.944650 0.881684 0.837988 0.899628 0.879259 0.803527 0.860973 0.768873 0.855983 0.749747 0.907172 0.854096 0.785358 0.808485 0.886941 0.956793 0.764823 0.993960 0.922905 0.876886 0.878636 0.814887 0.981728 0.906720 0.957977 0.994905 0.989543 0.990549 0.972452 0.850083 0.892558 0.903506 0.791488 0.727418 0.973054 0.930511 0.837223 0.799690 0.923038 0.972977 0.997076 0.939399 0.946527 0.846747
0.824516 0.654666 0.937290 0.829031 0.977786 0.994496 0.844793 0.581571 0.905346 0.754929 0.848235 0.567886 0.715815 0.000000 0.672271 0.521178 0.642311 0.578761 0.620221 0.661936 0.978487 0.960586 0.761266 0.708456 0.965547 0.846253 0.993472 0.760566 0.621461 0.543400 0.836940 0.688586 0.735330 0.767016 0.819428 0.975866 0.936963 0.923475 0.964015 0.963861 0.936267 0.813274 0.728617 0.743737 0.993389 0.982425 0.957967 0.817089 0.889721 0.765404 0.833879 0.785271 0.866347 0.951273 0.962583 0.879865 0.636642 0.661351 0.909101 0.854766 0.883761 0.939938 0.568477 0.589181 0.840156 0.795309 0.913852 0.933705 0.885701 0.981983 0.744679 0.788109 0.810750 0.853868 0.987794 0.950491 0.812904 0.731187 0.724477 0.656903 0.601413 0.515428 0.650876 0.644337 0.940017 0.825024 0.947049 0.704001 0.841918 0.814485 0.889465 0.781009 0.998898 0.924890 0.938054 0.765167 0.961003 0.915311 0.820574 0.723485 0.834542 0.824344 0.728841 0.643381 0.999781 0.932906 0.963271 0.942265 0.851262 0.773039 0.891872 0.823926 0.869374 0.811914 0.973665 0.914540
0.944873 0.962104 0.674337 0.717691 0.740166 0.991794 0.639126 0.853406 0.770250 0.898473 0.841453 0.938788 0.597690 0.672271 0.000000 0.643859 0.797252 0.744406 0.655567 0.854558 0.706026 0.782607 0.560628 0.662989 0.624418 0.812886 0.808690 0.949808 0.649842 0.685996 0.730697 0.728191 0.676792 0.708864 0.953175 0.924660 0.929454 0.994932 0.791760 0.826616 0.958744 0.998837 0.555946 0.625046 0.752384 0.844954 0.689186 0.541938 0.926577 0.926944 0.910065 0.989738 0.945545 0.953964 0.954199 0.910037 0.883737 0.977439 0.938606 0.838648 0.882145 0.764017 0.692263 0.934858 0.617392 0.849387 0.763141 0.806012 0.961654 0.906463 0.905501 0.927734 0.921739 0.894683 0.968942 0.855940 0.781272 0.688255 0.691152 0.717160 0.766105 0.731306 0.769700 0.804657 0.566813 0.590374 0.943677 0.908515 0.868811 0.966910 0.960717 0.881119 0.981924 0.898836 0.865875 0.777111 0.926371 0.970844 0.915751 0.752252 0.838868 0.973876 0.900176 0.957807 0.861417 0.782929 0.992692 0.937384 0.902163 0.851418 0.808595 0.882342 0.948316 0.883997 0.846177 0.843642
0.856811 0.728388 0.829225 0.573833 0.985371 0.823409 0.662800 0.452848 0.867267 0.670676 0.868905 0.592579 0.606889 0.521178 0.643859 0.000000 0.712862 0.688588 0.613309 0.694708 0.863654 0.819012 0.568546 0.524410 0.783432 0.908444 0.996438 0.917219 0.678305 0.514587 0.740130 0.657638 0.741281 0.732854 0.983207 0.924618 0.747305 0.867177 0.871057 0.975075 0.909204 0.831728 0.702357 0.673545 0.947356 0.985335 0.884407 0.737972 0.800812 0.856185 0.897313 0.835787 0.995722 0.963544 0.913942 0.849194 0.730869 0.735383 0.961250 0.914256 0.852834 0.905484 0.558127 0.603005 0.968055 0.898216 0.958306 0.964424 0.913300 0.950587 0.610605 0.737814 0.758697 0.858193 0.853366 0.941981 0.761739 0.743497 0.789569 0.748361 0.647120 0.590446 0.766828 0.581766 0.859789 0.696335 0.953325 0.750180 0.949685 0.982735 0.791889 0.747486 0.888477 0.857450 0.998493 0.743278 0.940477 0.877290 0.882911 0.746550 0.875491 0.850443 0.795498 0.640033 0.855684 0.891063 0.997474 0.997371 0.862853 0.792097 0.866748 0.976383 0.859292 0.899830 0.984670 0.910511
0.487728 0.415855 0.976138 0.829600 0.930925 0.987931 0.751151 0.694872 0.982037 0.655494 0.567289 0.576761 0.925225 0.642311 0.797252 0.712862 0.000000 0.318090 0.433159 0.413428 0.869081 0.878568 0.815200 0.782467 0.926133 0.826066 0.901460 0.765567 0.453334 0.436845 0.772952 0.624460 0.495764 0.497888 0.997100 0.903328 0.826650 0.813134 0.987019 0.990968 0.756238 0.813568 0.582815 0.523236 0.768313 0.780691 0.814671 0.739100 0.993681 0.993634 0.893487 0.859539 0.745623 0.781532 0.928880 0.958905 0.313015 0.383499 0.860192 0.980580 0.913073 0.912530 0.440725 0.472948 0.859202 0.932906 0.765422 0.799618 0.601723 0.645648 0.586611 0.627684 0.714676 0.685666 0.864397 0.871092 0.693507 0.718238 0.593532 0.532118 0.341801 0.378466 0.722104 0.658898 0.905912 0.739113 0.929704 0.967485 0.794724 0.877761 0.849870 0.781382 0.905170 0.928463 0.941322 0.765939 0.831347 0.967632 0.635319 0.542396 0.862336 0.933388 0.643227 0.579205 0.811227 0.983952 0.960293 0.960300 0.991976 0.810631 0.650537 0.744528 0.712127 0.853261 0.918297 0.926839
0.533196 0.389636 0.968142 0.890136 0.873065 0.991467 0.802251 0.734108 0.936024 0.662311 0.582921 0.570636 0.852021 0.578761 0.744406 0.688588 0.318090 0.000000 0.450183 0.391215 0.894175 0.924339 0.802652 0.769150 0.925938 0.773700 0.821625 0.773207 0.401148 0.369917 0.815642 0.637494 0.501437 0.490285 0.972192 0.919615 0.837534 0.828971 0.892854 0.992429 0.840320 0.770104 0.578922 0.495151 0.727478 0.748604 0.839441 0.675797 0.997954 0.971841 0.845387 0.870360 0.718652 0.700087 0.886078 0.990927 0.312318 0.364796 0.937856 0.939393 0.953276 0.903808 0.452753 0.475349 0.863365 0.957313 0.811775 0.829581 0.633799 0.663006 0.636619 0.699533 0.750234 0.711022 0.919232 0.864906 0.686494 0.654706 0.600065 0.539742 0.318024 0.331067 0.635384 0.600565 0.878672 0.693015 0.992831 0.900380 0.725158 0.848968 0.919211 0.803270 0.966922 0.979151 0.956919 0.748455 0.866899 0.942567 0.630568 0.525789 0.878925 0.985299 0.641426 0.594979 0.833443 0.995480 0.999443 0.997743 0.983900 0.795112 0.655398 0.659348 0.713607 0.848266 0.933075 0.930179
0.585763 0.577625 0.718280 0.586279 0.860838 0.940302 0.499195 0.572965 0.915882 0.544913 0.580048 0.652312 0.822487 0.620221 0.655567 0.613309 0.433159 0.450183 0.000000 0.423244 0.924363 0.889317 0.543679 0.575008 0.731648 0.986962 0.954013 0.767175 0.549848 0.504715 0.607273 0.467263 0.460730 0.456008 0.928427 0.942840 0.761716 0.888576 0.906404 0.995487 0.898545 0.894351 0.542740 0.594899 0.884223 0.935319 0.780924 0.688359 0.773306 0.810086 0.756957 0.697377 0.778213 0.898025 0.942387 0.866954 0.475673 0.592355 0.927958 0.773926 0.922284 0.792886 0.405901 0.633862 0.927849 0.995925 0.665077 0.807501 0.688577 0.796909 0.485885 0.579407 0.618348 0.667979 0.880002 0.818059 0.614939 0.678481 0.555782 0.560585 0.440468 0.391092 0.725325 0.666918 0.691000 0.604280 0.888735 0.896916 0.749732 0.787350 0.739080 0.649646 0.805949 0.779163 0.895293 0.784952 0.824609 0.956332 0.631803 0.493545 0.999933 0.741395 0.664134 0.640313 0.832488 0.829205 0.996704 0.984308 0.993801 0.901337 0.780302 0.781504 0.832045 0.943974 0.937796 0.910148
0.532716 0.427713 0.970223 0.806389 0.940405 0.975113 0.791907 0.662090 0.969588 0.591283 0.572049 0.569207 0.947957 0.661936 0.854558 0.694708 0.413428 0.391215 0.423244 0.000000 0.968239 0.981791 0.839082 0.775860 0.993089 0.777087 0.899772 0.686069 0.513886 0.488298 0.848483 0.641825 0.595642 0.554043 0.927700 0.878080 0.764637 0.814138 0.925508 0.932570 0.875209 0.846142 0.691611 0.606791 0.932117 0.932072 0.909937 0.777271 0.892780 0.869700 0.768126 0.708438 0.680695 0.785858 0.842678 0.926028 0.397834 0.430156 0.974487 0.894079 0.995675 0.949982 0.487537 0.512608 0.806073 0.905611 0.858388 0.895263 0.593699 0.656500 0.514695 0.687171 0.657112 0.654522 0.973800 0.898189 0.671760 0.725224 0.631623 0.640577 0.385658 0.412994 0.776618 0.577630 0.995211 0.847056 0.970301 0.962895 0.639624 0.788324 0.804456 0.720902 0.909517 0.901209 0.940917 0.866020 0.891004 0.964815 0.632154 0.578996 0.882340 0.909758 0.662329 0.570385 0.899238 0.996770 0.947667 0.992059 0.929063 0.941326 0.717467 0.755759 0.877841 0.825103 0.982623 0.937753
0.925273 0.929388 0.842423 0.874434 0.923036 0.904180 0.834084 0.941361 0.903131 0.980556 0.867145 0.973423 0.757432 0.978487 0.706026 0.863654 0.869081 0.894175 0.924363 0.968239 0.000000 0.874389 0.868782 0.885346 0.766559 0.827871 0.774636 0.994004 0.963019 0.864627 0.937736 0.887664 0.833826 0.834417 0.963023 0.989345 0.961507 0.955542 0.902995 0.944510 0.981750 0.950273 0.871605 0.766206 0.875269 0.923716 0.831937 0.765182 0.956573 0.869253 0.927779 0.909887 0.959385 0.973441 0.838852 0.820533 0.898924 0.966562 0.868798 0.977246 0.753818 0.996920 0.826428 0.962068 0.781229 0.787573 0.820196 0.817635 0.992195 0.970393 0.933517 0.961526 0.853347 0.909160 0.880587 0.954818 0.920499 0.864657 0.992235 0.877655 0.898579 0.922351 0.998575 0.995157 0.802024 0.788916 0.937871 0.900342 0.904396 0.980346 0.973672 0.959019 0.923673 0.909194 0.913864 0.741708 0.855042 0.961514 0.933986 0.929465 0.953999 0.915200 0.850619 0.975039 0.903522 0.802644 0.983065 0.906892 0.916179 0.972993 0.731204 0.927524 0.955788 0.988922 0.864559 0.922405
0.843059 0.913699 0.794656 0.894004 0.869084 0.828661 0.840566 0.864303 0.787225 0.971451 0.886005 0.944383 0.906448 0.960586 0.782607 0.819012 0.878568 0.924339 0.889317 0.981791 0.874389 0.000000 0.837620 0.927239 0.769314 0.762704 0.877286 0.822035 0.830049 0.873224 0.841609 0.950681 0.887734 0.837925 0.892179 0.939231 0.950246 0.983952 0.822580 0.854681 0.861002 0.916570 0.795664 0.752670 0.757441 0.816237 0.810580 0.819043 0.880193 0.818429 0.878234 0.806308 0.864316 0.993526 0.845229 0.779616 0.885790 0.905773 0.747003 0.893245 0.836529 0.959142 0.882247 0.944924 0.829677 0.785584 0.806260 0.820442 0.834863 0.863989 0.906259 0.971774 0.915643 0.881619 0.809767 0.980575 0.877249 0.879547 0.805319 0.897641 0.901237 0.943884 0.828322 0.993910 0.909714 0.933227 0.995218 0.902164 0.882440 0.874377 0.907315 0.934344 0.910713 0.891452 0.844438 0.764715 0.897375 0.984763 0.786917 0.836813 0.963706 0.984031 0.842006 0.886938 0.792337 0.841700 0.959590 0.994651 0.923172 0.938073 0.770413 0.992538 0.841329 0.974960 0.844872 0.758773
0.987057 0.997882 0.520357 0.460737 0.880590 0.948204 0.429999 0.652792 0.782432 0.715794 0.965992 0.989022 0.755875 0.761266 0.560628 0.568546 0.815200 0.802652 0.543679 0.839082 0.868782 0.837620 0.000000 0.370566 0.552846 0.726665 0.906843 0.990582 0.825476 0.733488 0.510979 0.513343 0.669355 0.724134 0.896552 0.979411 0.793270 0.976149 0.739179 0.991990 0.973926 0.919465 0.557238 0.738375 0.946497 0.945071 0.795972 0.742827 0.666157 0.831344 0.809126 0.820388 0.957323 0.812873 0.903118 0.705653 0.897528 0.984976 0.933591 0.620550 0.949792 0.753316 0.695179 0.995797 0.564931 0.759465 0.713039 0.889624 0.904622 0.905436 0.603966 0.705809 0.856532 0.884887 0.820528 0.894315 0.649740 0.724622 0.780209 0.784989 0.808824 0.727516 0.766194 0.862386 0.486128 0.428719 0.777951 0.849962 0.969716 0.941212 0.849276 0.686331 0.862838 0.725400 0.881520 0.762116 0.987790 0.888035 0.958401 0.670950 0.813742 0.792677 0.943365 0.904495 0.876727 0.724511 0.981119 0.933513 0.978957 0.898750 0.923259 0.946890 0.886361 0.974006 0.949777 0.911763
0.967973 0.933216 0.699610 0.511193 0.970155 0.977400 0.525580 0.636539 0.895455 0.758666 0.915433 0.902355 0.780143 0.708456 0.662989 0.524410 0.782467 0.769150 0.575008 0.775860 0.885346 0.927239 0.370566 0.000000 0.635172 0.896501 0.978040 0.894072 0.763583 0.666617 0.644932 0.495705 0.733521 0.784786 0.931107 0.946363 0.801333 0.929141 0.777574 0.913399 0.961486 0.941976 0.633024 0.804384 0.922730 0.899306 0.848933 0.791015 0.686769 0.794703 0.814309 0.781866 0.955323 0.796380 0.885218 0.697053 0.847698 0.933750 0.859285 0.576444 0.972466 0.837911 0.673183 0.895893 0.795994 0.892395 0.873104 0.941183 0.902091 0.993721 0.672137 0.691388 0.747810 0.736248 0.916473 0.928018 0.712377 0.803654 0.802243 0.743915 0.759546 0.666471 0.816379 0.789293 0.574588 0.496627 0.855668 0.817240 0.970519 0.933494 0.869699 0.745928 0.963364 0.847167 0.817864 0.805730 0.972910 0.917635 0.976209 0.691972 0.989442 0.754168 0.890700 0.818622 0.851213 0.846875 0.888309 0.915161 0.938202 0.938559 0.945039 0.989314 0.912807 0.995195 0.902019 0.941835
0.989889 0.959301 0.457393 0.604380 0.759079 0.870782 0.531530 0.847762 0.752994 0.918440 0.920347 0.903118 0.778417 0.965547 0.624418 0.783432 0.926133 0.925938 0.731648 0.993089 0.766559 0.769314 0.552846 0.635172 0.000000 0.570291 0.793493 0.873313 0.887855 0.801858 0.570971 0.696749 0.683932 0.677140 0.739721 0.969714 0.858415 0.873256 0.690364 0.871742 0.876862 0.966722 0.660283 0.753794 0.801224 0.846807 0.702720 0.679980 0.863853 0.908545 0.982679 0.852877 0.860099 0.880576 0.894772 0.892197 0.975998 0.911919 0.853750 0.841112 0.729530 0.861064 0.837360 0.911237 0.486494 0.626728 0.642452 0.698161 0.961047 0.994447 0.920873 0.931753 0.917511 0.959865 0.842477 0.943126 0.706100 0.836140 0.809364 0.931453 0.967795 0.880138 0.923993 0.990603 0.527222 0.522786 0.791613 0.925646 0.831926 0.947577 0.953254 0.974943 0.998361 0.886592 0.860957 0.857011 0.882093 0.957146 0.987238 0.861376 0.871258 0.983901 0.993977 0.898088 0.783496 0.662834 0.879280 0.968796 0.965223 0.944463 0.842901 0.901797 0.970617 0.920120 0.933758 0.834304
0.890786 0.748902 0.461793 0.646801 0.873596 0.869726 0.600799 0.857325 0.740957 0.939278 0.992174 0.758770 0.773064 0.846253 0.812886 0.908444 0.826066 0.773700 0.986962 0.777087 0.827871 0.762704 0.726665 0.896501 0.570291 0.000000 0.810461 0.713760 0.814060 0.895551 0.663938 0.909009 0.894502 0.885185 0.661767 0.843292 0.873962 0.975724 0.687382 0.888136 0.871574 0.860570 0.810113 0.822645 0.819136 0.863020 0.689988 0.778611 0.935905 0.863050 0.867779 0.796001 0.754324 0.866838 0.905972 0.973569 0.774676 0.736277 0.706755 0.925449 0.654905 0.961840 0.958346 0.781022 0.500236 0.595794 0.622130 0.618489 0.921946 0.964663 0.995098 0.998722 0.964245 0.858031 0.769281 0.907724 0.935286 0.973923 0.990032 0.911332 0.806280 0.838020 0.937396 0.809465 0.703134 0.802713 0.904329 0.987099 0.760459 0.841750 0.992989 0.958323 0.935208 0.909817 0.996641 0.985568 0.932984 0.982846 0.879680 0.914210 0.833174 0.949068 0.997486 0.831706 0.943259 0.702952 0.878853 0.930941 0.900873 0.968822 0.975723 0.799081 0.967305 0.949579 0.931001 0.805655
0.986477 0.966350 0.874585 0.961878 0.837526 0.939481 0.984107 0.911541 0.994752 0.965881 0.897125 0.932602 0.914578 0.993472 0.808690 0.996438 0.901460 0.821625 0.954013 0.899772 0.774636 0.877286 0.906843 0.978040 0.793493 0.810461 0.000000 0.993448 0.883879 0.804816 0.835137 0.962069 0.945039 0.870345 0.972330 0.856382 0.893349 0.911030 0.905542 0.965176 0.974499 0.957142 0.867083 0.723896 0.808536 0.889092 0.995956 0.816060 0.946718 0.777196 0.958479 0.882309 0.938754 0.933889 0.909739 0.931728 0.915072 0.957521 0.994705 0.992453 0.943935 0.918064 0.985146 0.991340 0.772374 0.784306 0.877584 0.903329 0.973661 0.820026 0.995860 0.966167 0.994347 0.927796 0.852053 0.965453 0.987995 0.913952 0.910126 0.972512 0.931788 0.956060 0.828380 0.964333 0.962354 0.802145 0.927448 0.900991 0.883809 0.953259 0.819794 0.851564 0.801857 0.901041 0.975127 0.904097 0.839796 0.984028 0.862690 0.961479 0.995171 0.845778 0.991786 0.859595 0.982790 0.925494 0.885288 0.960322 0.900810 0.910004 0.935123 0.960638 0.898506 0.960546 0.832587 0.916600
0.841912 0.781284 0.862505 0.999306 0.916799 0.862783 0.995411 0.888289 0.806972 0.924099 0.831315 0.757201 0.974457 0.760566 0.949808 0.917219 0.765567 0.773207 0.767175 0.686069 0.994004 0.822035 0.990582 0.894072 0.873313 0.713760 0.993448 0.000000 0.777699 0.772067 0.895683 0.958115 0.937157 0.849226 0.862469 0.926277 0.928228 0.965489 0.964066 0.878393 0.923178 0.895265 0.988819 0.921660 0.973686 0.985181 0.903003 0.938817 0.951281 0.908435 0.855803 0.796427 0.816369 0.939333 0.968173 0.971117 0.776344 0.773053 0.830830 0.888602 0.885265 0.949894 0.900231 0.913711 0.839346 0.966678 0.934167 0.962446 0.752839 0.921069 0.859745 0.978251 0.697594 0.739775 0.963774 0.969691 0.967566 0.932716 0.919168 0.759495 0.806306 0.742946 0.859867 0.779892 0.953396 0.887411 0.955191 0.732870 0.861817 0.660024 0.997404 0.942723 0.898939 0.980676 0.934077 0.997371 0.945667 0.957290 0.869375 0.805656 0.924156 0.867298 0.991682 0.882314 0.972809 0.856661 0.975157 0.906872 0.992563 0.932083 0.935903 0.889971 0.936123 0.901804 0.978814 0.874681
0.672719 0.569957 0.988863 0.917854 0.840123 0.965850 0.830228 0.735127 0.997811 0.777428 0.658948 0.643656 0.820851 0.621461 0.649842 0.678305 0.453334 0.401148 0.549848 0.513886 0.963019 0.830049 0.825476 0.763583 0.887855 0.814060 0.883879 0.777699 0.000000 0.423239 0.822815 0.697304 0.588044 0.549820 0.989415 0.989491 0.874473 0.940003 0.970434 0.922527 0.814529 0.849926 0.606768 0.553533 0.709710 0.691503 0.808675 0.654753 0.951769 0.875298 0.902741 0.989062 0.886841 0.815427 0.950312 0.970923 0.495444 0.498857 0.944433 0.961576 0.941161 0.973893 0.582542 0.587037 0.910587 0.981404 0.818835 0.820529 0.675500 0.688146 0.801922 0.878534 0.786758 0.769881 0.889678 0.812861 0.746221 0.627025 0.592532 0.568435 0.425495 0.430111 0.615591 0.607621 0.862577 0.743753 0.900290 0.835984 0.820434 0.902988 0.951720 0.865599 0.995552 0.967919 0.918416 0.757538 0.898531 0.933985 0.690982 0.645661 0.840714 0.868377 0.784976 0.718233 0.832062 0.990851 0.961105 0.943191 0.946750 0.821059 0.691469 0.764092 0.739571 0.868311 0.971312 0.907837
0.694155 0.533922 0.918125 0.767177 0.923320 0.973836 0.748672 0.637708 0.904622 0.691076 0.617304 0.550758 0.755233 0.543400 0.685996 0.514587 0.436845 0.369917 0.504715 0.488298 0.864627 0.873224 0.733488 0.666617 0.801858 0.895551 0.804816 0.772067 0.423239 0.000000 0.733651 0.628776 0.594723 0.520266 0.933513 0.974536 0.858259 0.788142 0.966121 0.993257 0.900841 0.815992 0.551516 0.450530 0.838234 0.748735 0.810026 0.592349 0.955352 0.938755 0.862578 0.910813 0.861871 0.861787 0.888855 0.924382 0.456862 0.500608 0.958112 0.925603 0.887212 0.970951 0.531044 0.526196 0.961488 0.927529 0.875659 0.850871 0.724022 0.746609 0.679224 0.802888 0.720349 0.699196 0.859492 0.914585 0.768981 0.706391 0.608366 0.591944 0.446411 0.410391 0.597727 0.614625 0.908022 0.732169 0.977737 0.774379 0.876043 0.863857 0.992206 0.919539 0.878729 0.975562 0.988343 0.769975 0.970293 0.898511 0.808254 0.680192 0.896684 0.930137 0.757779 0.617533 0.846727 0.952266 0.973618 0.907234 0.899648 0.780663 0.751725 0.851998 0.728383 0.839911 0.965395 0.855602
0.837744 0.902956 0.493314 0.483124 0.893409 0.871444 0.444320 0.644047 0.802676 0.642948 0.803128 0.981116 0.777106 0.836940 0.730697 0.740130 0.772952 0.815642 0.607273 0.848483 0.937736 0.841609 0.510979 0.644932 0.570971 0.663938 0.835137 0.895683 0.822815 0.733651 0.000000 0.637111 0.591553 0.552071 0.690506 0.986496 0.783935 0.903852 0.670841 0.922021 0.884105 0.935041 0.561926 0.642564 0.782985 0.838223 0.707685 0.748271 0.872178 0.970864 0.985539 0.969087 0.868602 0.940819 0.882405 0.908369 0.873349 0.937114 0.767074 0.912987 0.741593 0.879600 0.703459 0.907868 0.633031 0.772605 0.592817 0.703782 0.944328 0.947470 0.700450 0.783609 0.872208 0.909624 0.822329 0.839036 0.696386 0.789798 0.751412 0.795330 0.811405 0.752793 0.843458 0.978085 0.669698 0.658795 0.932164 0.995292 0.910039 0.973473 0.852421 0.816784 0.889243 0.758937 0.947775 0.993863 0.876265 0.938260 0.888869 0.837910 0.976996 0.695292 0.892319 0.934090 0.912319 0.757565 0.985690 0.900826 0.982509 0.956523 0.969901 0.921556 0.873620 0.976312 0.947388 0.851819
0.844750 0.806804 0.744810 0.667162 0.924183 0.986834 0.578533 0.686730 0.986026 0.677872 0.802722 0.890165 0.912245 0.688586 0.728191 0.657638 0.624460 0.637494 0.467263 0.641825 0.887664 0.950681 0.513343 0.495705 0.696749 0.909009 0.962069 0.958115 0.697304 0.628776 0.637111 0.000000 0.626454 0.620516 0.997011 0.900527 0.869866 0.977153 0.936627 0.921228 0.967049 0.963540 0.551643 0.721161 0.942982 0.963749 0.839831 0.774711 0.783765 0.794647 0.814918 0.768168 0.905452 0.989386 0.923175 0.783722 0.671441 0.792342 0.906351 0.646275 0.939053 0.686478 0.579363 0.809981 0.883704 0.953541 0.808426 0.930190 0.967795 0.979879 0.648321 0.724441 0.808696 0.794099 0.956049 0.887922 0.699632 0.721707 0.674981 0.710414 0.649058 0.598053 0.745100 0.837395 0.665921 0.605794 0.869762 0.839621 0.785315 0.930765 0.861097 0.759646 0.903706 0.876374 0.887405 0.766929 0.907516 0.961202 0.845624 0.599399 0.988278 0.807464 0.839857 0.744984 0.974890 0.930577 0.929340 0.946429 0.983119 0.943429 0.808704 0.883166 0.900087 0.987764 0.919321 0.895014
0.507833 0.561758 0.673918 0.644357 0.748637 0.887385 0.541142 0.650318 0.898006 0.693800 0.606169 0.664579 0.682592 0.735330 0.676792 0.741281 0.495764 0.501437 0.460730 0.595642 0.833826 0.887734 0.669355 0.733521 0.683932 0.894502 0.945039 0.937157 0.588044 0.594723 0.591553 0.626454 0.000000 0.400455 0.782966 0.923723 0.711533 0.819195 0.934011 0.939308 0.794020 0.851501 0.563195 0.549141 0.694932 0.767503 0.750444 0.684958 0.896640 0.960808 0.894321 0.950974 0.896035 0.789090 0.937683 0.984918 0.524738 0.581637 0.724299 0.962581 0.675541 0.936878 0.466662 0.604589 0.846730 0.870030 0.555693 0.578937 0.718464 0.730180 0.654181 0.684380 0.794098 0.915576 0.893529 0.935919 0.656937 0.649214 0.629206 0.672317 0.530278 0.475809 0.799838 0.724600 0.687893 0.599948 0.983922 0.961961 0.906781 0.893659 0.851319 0.730287 0.801991 0.839032 0.969201 0.828800 0.916987 0.964827 0.656381 0.674743 0.982940 0.837437 0.748588 0.760660 0.718422 0.769607 0.983210 0.995170 0.958139 0.888941 0.695006 0.861301 0.859212 0.937621 0.924426 0.984964
0.572248 0.561953 0.672937 0.647692 0.762068 0.864600 0.527951 0.611329 0.905883 0.599961 0.539208 0.714639 0.727879 0.767016 0.708864 0.732854 0.497888 0.490285 0.456008 0.554043 0.834417 0.837925 0.724134 0.784786 0.677140 0.885185 0.870345 0.849226 0.549820 0.520266 0.552071 0.620516 0.400455 0.000000 0.729082 0.887060 0.693702 0.862983 0.872299 0.917047 0.852883 0.903930 0.513515 0.452201 0.605574 0.672422 0.695693 0.598531 0.963411 0.903576 0.949568 0.984417 0.879789 0.808514 0.928988 0.982510 0.517575 0.601236 0.705625 0.962201 0.689955 0.963650 0.495172 0.658212 0.848994 0.828723 0.522628 0.543438 0.642189 0.658829 0.630382 0.748620 0.690104 0.825068 0.892308 0.805880 0.642029 0.665342 0.554903 0.621934 0.497489 0.490891 0.778684 0.739143 0.746781 0.668126 0.979513 0.936181 0.873094 0.896947 0.779557 0.739585 0.815407 0.771520 0.974370 0.822186 0.857757 0.907227 0.593036 0.636571 0.993607 0.748497 0.740812 0.705115 0.710963 0.728862 0.996892 0.951566 0.977728 0.862448 0.648147 0.744099 0.688748 0.889966 0.909465 0.837108
0.931356 0.997775 0.658561 0.764412 0.850096 0.735257 0.688229 0.841252 0.714095 0.778190 0.972094 0.862387 0.894585 0.819428 0.953175 0.983207 0.997100 0.972192 0.928427 0.927700 0.963023 0.892179 0.896552 0.931107 0.739721 0.661767 0.972330 0.862469 0.989415 0.933513 0.690506 0.997011 0.782966 0.729082 0.000000 0.944012 0.744334 0.928425 0.785641 0.996934 0.904025 0.993789 0.816440 0.837727 0.659942 0.779836 0.806183 0.825929 0.987204 0.790214 0.844735 0.793878 0.770358 0.966278 0.726330 0.969666 0.995948 0.996965 0.580576 0.764681 0.560486 0.850879 0.924260 0.985599 0.648503 0.614533 0.542167 0.546511 0.892648 0.884388 0.970958 0.973152 0.960997 0.926829 0.885735 0.897396 0.864052 0.935608 0.938460 0.995413 0.957460 0.981695 0.982789 0.977821 0.789118 0.773137 0.963056 0.825504 0.887935 0.753762 0.830200 0.825379 0.685242 0.780406 0.859802 0.926133 0.747086 0.945728 0.871163 0.871623 0.884750 0.826442 0.882143 0.912668 0.799387 0.692788 0.912933 0.859268 0.982681 0.978399 0.852043 0.835242 0.926339 0.933557 0.909829 0.932037
0.976352 0.928213 0.981005 0.930332 0.877881 0.859910 0.975655 0.974387 0.901572 0.988549 0.971305 0.987742 0.921835 0.975866 0.924660 0.924618 0.903328 0.919615 0.942840 0.878080 0.989345 0.939231 0.979411 0.946363 0.969714 0.843292 0.856382 0.926277 0.989491 0.974536 0.986496 0.900527 0.923723 0.887060 0.944012 0.000000 0.869098 0.951185 0.964977 0.837763 0.993683 0.912986 0.992088 0.965103 0.979451 0.945571 0.844745 0.964102 0.870170 0.877321 0.892881 0.915574 0.823010 0.918766 0.871856 0.947620 0.879363 0.930181 0.946770 0.989889 0.971286 0.974146 0.960082 0.995039 0.967082 0.934061 0.920436 0.858352 0.953287 0.907050 0.855623 0.967401 0.951812 0.951925 0.939151 0.900125 0.981457 0.978903 0.826518 0.946533 0.923050 0.989860 0.843164 0.997608 0.934829 0.958178 0.876482 0.998581 0.964162 0.852090 0.874345 0.860296 0.914263 0.953003 0.947063 0.904375 0.974543 0.943646 0.960411 0.995299 0.901454 0.917590 0.864476 0.987544 0.955179 0.955860 0.953011 0.961667 0.866416 0.999359 0.900921 0.952291 0.984924 0.951819 0.946203 0.983935
0.731997 0.749979 0.845656 0.614046 0.883125 0.830289 0.757781 0.662262 0.847214 0.624096 0.966725 0.792789 0.861153 0.936963 0.929454 0.747305 0.826650 0.837534 0.761716 0.764637 0.961507 0.950246 0.793270 0.801333 0.858415 0.873962 0.893349 0.928228 0.874473 0.858259 0.783935 0.869866 0.711533 0.693702 0.744334 0.869098 0.000000 0.675810 0.938797 0.929311 0.792485 0.936637 0.793830 0.796988 0.930654 0.966157 0.969225 0.907974 0.965268 0.971809 0.851991 0.964442 0.967013 0.922096 0.998591 0.914564 0.748055 0.771251 0.808604 0.939177 0.741247 0.777388 0.751323 0.694774 0.917407 0.783047 0.831211 0.852560 0.794308 0.852566 0.611576 0.699890 0.775802 0.857484 0.800865 0.949045 0.773899 0.813529 0.803410 0.938782 0.761522 0.817409 0.869409 0.726917 0.958287 0.762419 0.978617 0.932075 0.989851 0.989127 0.791141 0.730647 0.772518 0.834300 0.896928 0.980626 0.848024 0.864625 0.759144 0.802991 0.933486 0.839341 0.867793 0.835010 0.709662 0.801046 0.967052 0.844463 0.877543 0.928931 0.819179 0.764761 0.942411 0.948797 0.946692 0.964740
0.703934 0.692964 0.958883 0.778744 0.938943 0.831116 0.941562 0.848340 0.975655 0.819346 0.997047 0.821886 0.999664 0.923475 0.994932 0.867177 0.813134 0.828971 0.888576 0.814138 0.955542 0.983952 0.976149 0.929141 0.873256 0.975724 0.911030 0.965489 0.940003 0.788142 0.903852 0.977153 0.819195 0.862983 0.928425 0.951185 0.675810 0.000000 0.930375 0.816094 0.880048 0.981392 0.785020 0.770659 0.918166 0.895717 0.933034 0.915836 0.841260 0.809474 0.765633 0.806192 0.885708 0.916327 0.928689 0.914647 0.759732 0.748427 0.811147 0.863971 0.817138 0.738300 0.835549 0.714625 0.954513 0.850406 0.967795 0.950378 0.775392 0.811603 0.766365 0.714098 0.870167 0.817512 0.856061 0.927094 0.821033 0.913187 0.925471 0.980071 0.886902 0.904813 0.950380 0.801416 0.965449 0.872892 0.969334 0.990972 0.934587 0.808970 0.953374 0.949425 0.891090 0.915615 0.997932 0.972397 0.982848 0.920793 0.863398 0.918692 0.894335 0.841912 0.905760 0.749397 0.813676 0.795941 0.887366 0.874891 0.805028 0.887304 0.886095 0.971456 0.899658 0.870621 0.893538 0.808764
