0.000000 0.268397 0.895546 0.730525 0.955865 0.984104 0.844306 0.795025 0.783831 0.759882 0.475016 0.406954 0.455797 0.414821 0.703720 0.645591 0.341816 0.283101 0.403395 0.318919 0.863723 0.751834 0.907530 0.735186 0.834803 0.936152 0.826031 0.880335 0.713899 0.603587 0.707660 0.968028 0.770292 0.716713 0.937377 0.916128 0.789864 0.627093 0.843389 0.712629 0.793547 0.941745 0.814896 0.709973 0.919346 0.765379 0.617853 0.641442 0.701670 0.565678 0.710876 0.586880 0.896251 0.834524 0.508119 0.632832 0.280339 0.277353 0.455307 0.441400 0.805053 0.964275 0.517756 0.494077 0.850038 0.878386 0.872546 0.907383 0.334811 0.436691 0.954075 0.785716 0.757984 0.963257 0.839851 0.722370 0.847030 0.910154 0.717647 0.526527 0.286616 0.268329 0.502259 0.350133 0.521986 0.573584 0.665253 0.682432 0.689576 0.539781 0.949934 0.988345 0.912623 0.924895 0.800648 0.984645 0.760164 0.940596 0.853439 0.927058 0.826663 0.982920 0.838696 0.884415 0.921266 0.969819 0.998290 0.889663 0.910088 0.811683 0.973130 0.968231 0.952579 0.890018 0.930430 0.947456
0.268397 0.000000 0.811326 0.632816 0.926316 0.966070 0.798265 0.760623 0.823433 0.783697 0.580639 0.415764 0.420343 0.372930 0.610165 0.520786 0.350413 0.300065 0.427741 0.304792 0.855557 0.735217 0.755544 0.637424 0.760003 0.990897 0.754969 0.888937 0.675988 0.577118 0.762336 0.936248 0.759381 0.713483 0.911246 0.977871 0.842033 0.588119 0.801774 0.685564 0.843545 0.973043 0.746485 0.668015 0.878564 0.726806 0.568711 0.586408 0.662969 0.495705 0.611595 0.481239 0.755784 0.893008 0.531408 0.657564 0.249087 0.207719 0.437259 0.352383 0.733877 0.871258 0.516036 0.445677 0.767362 0.804642 0.809619 0.856352 0.415110 0.438187 0.977470 0.800719 0.756667 0.992301 0.858377 0.828010 0.822063 0.982566 0.651218 0.594024 0.300715 0.298418 0.469232 0.377710 0.431842 0.478763 0.667284 0.584652 0.682749 0.508614 0.975741 0.999893 0.887380 0.953024 0.717812 0.966245 0.775676 0.937703 0.880563 0.907748 0.828449 0.986997 0.857368 0.899104 0.855614 0.865791 0.915368 0.932734 0.859901 0.794035 0.876197 0.923363 0.907880 0.827566 0.755098 0.962520
0.895546 0.811326 0.000000 0.301620 0.639483 0.790498 0.341307 0.422425 0.535764 0.922006 0.984342 0.921939 0.614424 0.821928 0.673142 0.751931 0.950683 0.908466 0.805409 0.866963 0.758426 0.974382 0.476574 0.560875 0.488143 0.425279 0.926929 0.906962 0.889930 0.825127 0.635477 0.814838 0.557341 0.676161 0.667019 0.803411 0.587981 0.768489 0.843536 0.991208 0.860641 0.888831 0.755354 0.757308 0.710734 0.794358 0.750495 0.839486 0.926638 0.993198 0.942699 0.909985 0.835284 0.915467 0.719986 0.973408 0.908918 0.924828 0.768800 0.887677 0.337079 0.450740 0.903534 0.996400 0.315913 0.258798 0.461677 0.486529 0.838116 0.991487 0.586538 0.599529 0.705848 0.718041 0.964899 0.786359 0.816841 0.675994 0.984238 0.989194 0.964806 0.953505 0.979969 0.985151 0.546278 0.464353 0.857203 0.909840 0.781268 0.740208 0.633000 0.901440 0.578512 0.806801 0.771875 0.964654 0.783628 0.930552 0.804265 0.774922 0.739140 0.955026 0.849683 0.994075 0.612174 0.784922 0.837705 0.862092 0.663730 0.872486 0.773149 0.808668 0.891682 0.969558 0.821397 0.856809
0.730525 0.632816 0.301620 0.000000 0.623825 0.864695 0.446927 0.410956 0.658902 0.955946 0.966267 0.714611 0.500923 0.642478 0.557862 0.573635 0.903303 0.892144 0.616733 0.631163 0.824394 0.898451 0.383169 0.432709 0.512638 0.568229 0.756747 0.969341 0.951397 0.998341 0.787951 0.783382 0.647906 0.719187 0.642088 0.843212 0.636781 0.710909 0.800224 0.859672 0.904855 0.905498 0.740700 0.728092 0.749702 0.750640 0.719457 0.716175 0.954061 0.855900 0.852236 0.777028 0.783799 0.861460 0.672394 0.898771 0.762882 0.738581 0.672900 0.753772 0.431188 0.492824 0.990045 0.836162 0.326005 0.350198 0.484818 0.564376 0.706339 0.910549 0.602850 0.677849 0.806493 0.790490 0.994815 0.817246 0.762824 0.709604 0.884934 0.864706 0.830645 0.803125 0.849152 0.822412 0.459744 0.413391 0.749623 0.809785 0.716621 0.670334 0.656024 0.887515 0.601388 0.782086 0.717675 0.901705 0.722383 0.863765 0.793980 0.721759 0.827425 0.958313 0.950223 0.957549 0.573282 0.676012 0.861846 0.810431 0.612449 0.742811 0.798111 0.753180 0.884139 0.991295 0.764746 0.887839
0.955865 0.926316 0.639483 0.623825 0.000000 0.946439 0.743641 0.782231 0.788889 0.962775 0.932458 0.905971 0.757809 0.966468 0.766203 0.869068 0.875192 0.916824 0.951736 0.934446 0.904299 0.954282 0.582059 0.627078 0.616607 0.650586 0.687404 0.957611 0.917630 0.855308 0.826895 0.936265 0.892032 0.969710 0.886522 0.838871 0.834945 0.910647 0.936337 0.979581 0.901313 0.889106 0.987832 0.971695 0.963714 0.923550 0.919884 0.965276 0.818711 0.897770 0.906599 0.962083 0.913040 0.976519 0.959239 0.987447 0.984980 0.970122 0.952700 0.987439 0.745038 0.805449 0.919245 0.962803 0.587456 0.662826 0.774413 0.815734 0.899639 0.925820 0.814208 0.942485 0.846086 0.958377 0.975422 0.956765 0.886714 0.964457 0.854201 0.964427 0.944550 0.940659 0.906393 0.959346 0.730679 0.667900 0.908693 0.822375 0.894854 0.871893 0.912461 0.977176 0.801473 0.951238 0.900820 0.967834 0.964031 0.854131 0.985822 0.990290 0.961302 0.953636 0.865832 0.845223 0.886117 0.818259 0.996157 0.943974 0.997672 0.943300 0.859106 0.991383 0.881926 0.843306 0.995913 0.920310
0.984104 0.966070 0.790498 0.864695 0.946439 0.000000 0.575867 0.576341 0.794951 0.685403 0.800467 0.958515 0.951172 0.957928 0.950449 0.980550 0.997423 0.972735 0.857096 0.975427 0.945374 0.957498 0.971694 0.909560 0.908143 0.827245 0.748092 0.940696 0.844258 0.833949 0.795223 0.808722 0.624778 0.538704 0.944317 0.795044 0.896804 0.996753 0.982531 0.924798 0.913793 0.845932 0.625034 0.660985 0.587081 0.671775 0.754885 0.741242 0.746977 0.892225 0.811558 0.913823 0.771225 0.934105 0.855477 0.875959 0.992284 0.961506 0.736995 0.769759 0.677546 0.717507 0.877237 0.925157 0.958848 0.722995 0.560511 0.603499 0.931748 0.938194 0.681101 0.779508 0.744830 0.802545 0.944899 0.849506 0.833947 0.752879 0.917717 0.944179 0.941380 0.970228 0.876264 0.991714 0.977044 0.995524 0.869048 0.982763 0.851017 0.825945 0.693624 0.800844 0.734102 0.934873 0.846662 0.933601 0.648046 0.849159 0.596007 0.608198 0.659316 0.870581 0.931356 0.751281 0.792453 0.754413 0.966037 0.838644 0.959756 0.827814 0.785001 0.652139 0.715932 0.817446 0.847895 0.872011
0.844306 0.798265 0.341307 0.446927 0.743641 0.575867 0.000000 0.273599 0.514863 0.660717 0.808309 0.855677 0.695731 0.788941 0.722286 0.822273 0.854831 0.952489 0.604049 0.776660 0.911737 0.948349 0.650603 0.789343 0.807276 0.541111 0.877977 0.978599 0.845681 0.968066 0.598037 0.590489 0.340966 0.425613 0.695999 0.787233 0.616719 0.838426 0.897009 0.949612 0.909240 0.793493 0.430582 0.455869 0.417451 0.481306 0.506890 0.574747 0.749352 0.774540 0.693830 0.704764 0.571262 0.704978 0.617040 0.735530 0.827426 0.885521 0.556571 0.735434 0.315765 0.448643 0.816848 0.808004 0.564806 0.367199 0.291965 0.288951 0.922996 0.968464 0.462650 0.570839 0.624495 0.695986 0.970590 0.732916 0.603246 0.620236 0.781677 0.873390 0.852481 0.850012 0.937267 0.917185 0.664691 0.648100 0.971229 0.895870 0.866775 0.877683 0.436780 0.714923 0.489731 0.768886 0.679103 0.856608 0.527699 0.769310 0.471542 0.438527 0.549532 0.763935 0.829607 0.736682 0.471859 0.626658 0.775522 0.701290 0.650431 0.750741 0.660112 0.589090 0.609401 0.813900 0.760640 0.830280
0.795025 0.760623 0.422425 0.410956 0.782231 0.576341 0.273599 0.000000 0.549437 0.581088 0.798804 0.714255 0.700697 0.731807 0.781993 0.747762 0.858583 0.979974 0.579014 0.686145 0.978120 0.910741 0.728743 0.850820 0.843380 0.610329 0.907676 0.992999 0.848532 0.897484 0.615941 0.555203 0.433379 0.393404 0.720680 0.878001 0.543721 0.765591 0.897639 0.919078 0.872577 0.813155 0.395000 0.414314 0.449490 0.450013 0.442806 0.447001 0.688850 0.667775 0.601711 0.605788 0.590129 0.633303 0.613141 0.754868 0.830962 0.871992 0.516050 0.661067 0.365235 0.331004 0.897680 0.742109 0.682395 0.380808 0.397725 0.320490 0.861888 0.955133 0.530443 0.559298 0.661758 0.706914 0.934663 0.808441 0.628022 0.595515 0.846838 0.776414 0.809389 0.848836 0.958971 0.902916 0.790595 0.728160 0.993365 0.962803 0.950576 0.948247 0.466795 0.740000 0.577718 0.851974 0.781714 0.803037 0.583272 0.817315 0.458908 0.412584 0.484144 0.764884 0.716656 0.696719 0.480019 0.692714 0.817851 0.638266 0.639138 0.734194 0.689922 0.593184 0.644830 0.771598 0.673835 0.917044
0.783831 0.823433 0.535764 0.658902 0.788889 0.794951 0.514863 0.549437 0.000000 0.574551 0.905394 0.774345 0.953597 0.831255 0.948149 0.914980 0.846754 0.654318 0.987794 0.826616 0.986692 0.864489 0.795738 0.998799 0.812703 0.503490 0.834329 0.962627 0.998800 0.811740 0.459208 0.639566 0.522537 0.701428 0.705827 0.977587 0.792278 0.952744 0.995870 0.952414 0.970235 0.760732 0.612819 0.678637 0.544063 0.650935 0.742413 0.791483 0.903402 0.916373 0.779504 0.882260 0.725702 0.631289 0.894269 0.933263 0.811361 0.710067 0.841997 0.924273 0.545930 0.557536 0.916335 0.924143 0.737444 0.609990 0.539802 0.480921 0.902809 0.774698 0.620352 0.563679 0.534631 0.602832 0.915332 0.869544 0.786385 0.637901 0.998161 0.845872 0.739712 0.681929 0.872271 0.717919 0.990570 0.933944 0.872577 0.981695 0.989646 0.984997 0.557131 0.865379 0.685948 0.861361 0.854862 0.915362 0.859114 0.845402 0.610230 0.633865 0.575732 0.938839 0.880315 0.756426 0.643483 0.743646 0.789847 0.705737 0.721913 0.928878 0.663582 0.629342 0.681232 0.821491 0.771757 0.927151
0.759882 0.783697 0.922006 0.955946 0.962775 0.685403 0.660717 0.581088 0.574551 0.000000 0.911788 0.973399 0.681740 0.747826 0.821013 0.821639 0.933768 0.719963 0.960672 0.906013 0.856263 0.879698 0.871175 0.635025 0.808671 0.832672 0.639878 0.879309 0.801589 0.852484 0.520434 0.555454 0.648222 0.544339 0.789923 0.975716 0.843018 0.889813 0.981244 0.968917 0.936741 0.774506 0.438988 0.540355 0.397872 0.438828 0.661788 0.580840 0.534386 0.691014 0.573330 0.776049 0.633045 0.507864 0.968423 0.849020 0.767464 0.696791 0.779368 0.907027 0.727881 0.527266 0.979162 0.846275 0.813509 0.885118 0.662990 0.491843 0.780918 0.808876 0.746195 0.631380 0.521165 0.651931 0.962410 0.815303 0.682153 0.605099 0.960113 0.962707 0.872508 0.703668 0.794343 0.753510 0.661256 0.721589 0.678972 0.794142 0.921014 0.666438 0.683873 0.921955 0.894901 0.908118 0.973719 0.795378 0.760821 0.705097 0.500799 0.518544 0.460038 0.787329 0.587060 0.545378 0.635745 0.742648 0.890264 0.578038 0.800781 0.805393 0.671090 0.637525 0.604573 0.805893 0.753212 0.834281
0.475016 0.580639 0.984342 0.966267 0.932458 0.800467 0.808309 0.798804 0.905394 0.911788 0.000000 0.653949 0.828428 0.701274 0.970309 0.999424 0.502030 0.482325 0.566665 0.556290 0.924572 0.974548 0.769386 0.864756 0.758651 0.813993 0.896281 0.963361 0.614815 0.484226 0.850648 0.801719 0.716086 0.588272 0.933202 0.835830 0.951301 0.855622 0.891031 0.892884 0.833714 0.949183 0.691567 0.631923 0.748528 0.660133 0.631758 0.698956 0.605367 0.609936 0.728480 0.682662 0.882095 0.993326 0.706771 0.748748 0.551453 0.631728 0.527951 0.546403 0.921650 0.968236 0.494104 0.632979 0.838299 0.975273 0.741999 0.763796 0.696870 0.736141 0.987610 0.859057 0.950299 0.913388 0.847328 0.839433 0.798242 0.997598 0.764983 0.663986 0.481305 0.525639 0.804900 0.659044 0.948644 0.995126 0.867160 0.882558 0.914856 0.946807 0.781867 0.762087 0.816503 0.805994 0.806875 0.946179 0.676397 0.799600 0.685879 0.755664 0.889893 0.776990 0.718261 0.615048 0.995066 0.925192 0.989943 0.996023 0.900898 0.822694 0.903624 0.878587 0.773759 0.863699 0.977602 0.893200
0.406954 0.415764 0.921939 0.714611 0.905971 0.958515 0.855677 0.714255 0.774345 0.973399 0.653949 0.000000 0.521904 0.519452 0.699652 0.571824 0.533101 0.467405 0.536587 0.353307 0.923366 0.710575 0.851377 0.764868 0.854901 0.902377 0.811319 0.980016 0.641683 0.487684 0.862174 0.935889 0.827627 0.684415 0.984145 0.965391 0.678195 0.534654 0.878464 0.657138 0.886352 0.963382 0.799439 0.738865 0.877151 0.731604 0.688783 0.580101 0.628855 0.552720 0.660461 0.584406 0.822493 0.978610 0.651813 0.767921 0.502506 0.407728 0.619825 0.485585 0.757930 0.732161 0.610533 0.390202 0.899501 0.867785 0.937301 0.878583 0.516419 0.506567 0.955637 0.869058 0.859446 0.953236 0.990874 0.844241 0.905107 0.976469 0.792614 0.502300 0.377975 0.446802 0.666736 0.501396 0.688561 0.692788 0.723955 0.774275 0.921273 0.778251 0.943327 0.944385 0.936197 0.840283 0.903724 0.896376 0.758528 0.931927 0.931144 0.919795 0.988431 0.979253 0.844693 0.862403 0.874466 0.907916 0.914702 0.929132 0.855604 0.776843 0.954307 0.974955 0.949916 0.806685 0.877410 0.959408
0.455797 0.420343 0.614424 0.500923 0.757809 0.951172 0.695731 0.700697 0.953597 0.681740 0.828428 0.521904 0.000000 0.317919 0.389909 0.371034 0.564255 0.540113 0.446972 0.469709 0.880292 0.705001 0.455730 0.383695 0.652461 0.923503 0.687685 0.949398 0.842863 0.815820 0.872905 0.998084 0.793843 0.849776 0.951881 0.944214 0.769711 0.777716 0.949193 0.883373 0.854111 0.920645 0.889763 0.795070 0.981406 0.914340 0.723881 0.766839 0.977488 0.773277 0.864634 0.626337 0.812776 0.980957 0.750351 0.784762 0.464117 0.419181 0.689106 0.595814 0.631866 0.773242 0.747210 0.633610 0.523114 0.628287 0.863299 0.932379 0.602743 0.638016 0.794966 0.970602 0.886122 0.929076 0.914094 0.961933 0.854960 0.938845 0.795948 0.567559 0.529712 0.479507 0.610088 0.541905 0.368034 0.434011 0.574858 0.631446 0.775092 0.588561 0.870944 0.840013 0.807575 0.841827 0.861958 0.996797 0.818428 0.967733 0.947524 0.864956 0.915206 0.941622 0.983004 0.923336 0.833129 0.892258 0.908893 0.928953 0.821127 0.890013 0.922962 0.904291 0.949744 0.892392 0.884561 0.958531
0.414821 0.372930 0.821928 0.642478 0.966468 0.957928 0.788941 0.731807 0.831255 0.747826 0.701274 0.519452 0.317919 0.000000 0.446815 0.357322 0.448340 0.403780 0.387057 0.451156 0.971602 0.679631 0.663663 0.551421 0.909655 0.902888 0.749422 0.998883 0.664629 0.616765 0.769685 0.863923 0.822433 0.775618 0.961913 0.905673 0.958589 0.798188 0.973498 0.854402 0.989674 0.890118 0.778694 0.670656 0.951692 0.784732 0.622258 0.673696 0.841610 0.650792 0.739288 0.533859 0.761441 0.990825 0.774502 0.732866 0.356773 0.363300 0.561972 0.466741 0.719934 0.862068 0.627059 0.550693 0.762408 0.763467 0.895804 0.953815 0.700858 0.663005 0.972950 0.811305 0.868503 0.967280 0.838916 0.977431 0.890162 0.952492 0.657585 0.458943 0.412628 0.398715 0.515328 0.488878 0.515240 0.559101 0.669900 0.649551 0.810190 0.671931 0.895900 0.848967 0.917624 0.889302 0.849784 0.957612 0.824519 0.931434 0.866429 0.794667 0.924265 0.914388 0.859092 0.892689 0.877289 0.919587 0.902346 0.876650 0.826358 0.851730 0.852345 0.860241 0.914851 0.812833 0.761020 0.976551
0.703720 0.610165 0.673142 0.557862 0.766203 0.950449 0.722286 0.781993 0.948149 0.821013 0.970309 0.699652 0.389909 0.446815 0.000000 0.311323 0.672337 0.680563 0.600486 0.702588 0.936270 0.784336 0.404658 0.404222 0.672939 0.948545 0.718649 0.923774 0.738946 0.841266 0.959857 0.804125 0.834273 0.867672 0.900328 0.920152 0.898971 0.779789 0.963703 0.961899 0.978021 0.968591 0.842559 0.807102 0.935422 0.860979 0.767080 0.793053 0.984026 0.838620 0.871328 0.696558 0.691875 0.923893 0.860885 0.827565 0.571787 0.577974 0.716548 0.679573 0.631427 0.737771 0.784511 0.662964 0.520327 0.670992 0.885297 0.900044 0.810369 0.837322 0.818602 0.927934 0.967128 0.828108 0.888607 0.903307 0.886833 0.764885 0.705757 0.627214 0.679606 0.674174 0.595082 0.656329 0.433921 0.489951 0.701558 0.618376 0.764060 0.653502 0.990500 0.972931 0.972423 0.939144 0.844804 0.932849 0.795261 0.951375 0.945667 0.823129 0.911749 0.995514 0.997962 0.896945 0.735611 0.802425 0.832030 0.922258 0.781630 0.911812 0.870049 0.865021 0.840191 0.929770 0.835009 0.942840
0.645591 0.520786 0.751931 0.573635 0.869068 0.980550 0.822273 0.747762 0.914980 0.821639 0.999424 0.571824 0.371034 0.357322 0.311323 0.000000 0.629096 0.636557 0.609955 0.620436 0.957895 0.712612 0.440573 0.428101 0.718875 0.989517 0.743180 0.886379 0.728426 0.740649 0.974249 0.836842 0.887836 0.852420 0.953539 0.940003 0.875532 0.748293 0.945267 0.879768 0.998721 0.846146 0.831438 0.743377 0.998815 0.835160 0.702944 0.727166 0.937572 0.760732 0.777047 0.629028 0.691004 0.955392 0.878148 0.822852 0.531157 0.491471 0.695724 0.576714 0.654345 0.688548 0.826190 0.567275 0.619625 0.708296 0.984941 0.992900 0.782561 0.740395 0.959108 0.885193 0.909525 0.832148 0.966848 0.880947 0.935050 0.776332 0.722714 0.610369 0.595218 0.618074 0.563435 0.557582 0.459739 0.489701 0.765401 0.680726 0.768874 0.672289 0.949750 0.969375 0.936471 0.913187 0.922267 0.968058 0.901919 0.995082 0.994559 0.873100 0.937022 0.936509 0.975282 0.895119 0.795567 0.840009 0.816637 0.960512 0.766664 0.929719 0.898346 0.877923 0.858980 0.828589 0.716083 0.908969
0.341816 0.350413 0.950683 0.903303 0.875192 0.997423 0.854831 0.858583 0.846754 0.933768 0.502030 0.533101 0.564255 0.448340 0.672337 0.629096 0.000000 0.279894 0.424055 0.394449 0.996935 0.763371 0.960484 0.845251 0.968857 0.814078 0.929227 0.922287 0.515747 0.475126 0.807394 0.826596 0.719957 0.647961 0.975872 0.976337 0.907501 0.710011 0.902175 0.737533 0.798535 0.896199 0.676921 0.547789 0.800581 0.622390 0.532972 0.544953 0.527673 0.464674 0.560637 0.462528 0.689281 0.981152 0.561470 0.474223 0.268185 0.300269 0.428571 0.355131 0.883518 0.984072 0.349724 0.376641 0.940839 0.914861 0.890518 0.898212 0.521719 0.521256 0.964560 0.777065 0.810842 0.960853 0.855429 0.885851 0.743591 0.937026 0.547564 0.580315 0.244178 0.292634 0.423825 0.358918 0.633289 0.754365 0.763053 0.573197 0.714695 0.665195 0.964761 0.911064 0.988205 0.985746 0.740502 0.979406 0.709093 0.808041 0.725928 0.802801 0.882316 0.882978 0.607734 0.732666 0.859469 0.887425 0.971556 0.964896 0.927450 0.793234 0.846970 0.823671 0.778521 0.839564 0.799609 0.892622
0.283101 0.300065 0.908466 0.892144 0.916824 0.972735 0.952489 0.979974 0.654318 0.719963 0.482325 0.467405 0.540113 0.403780 0.680563 0.636557 0.279894 0.000000 0.441234 0.362884 0.945528 0.762461 0.970217 0.770540 0.985940 0.771956 0.837550 0.953729 0.590515 0.482608 0.623647 0.997107 0.843835 0.785112 0.953092 0.914113 0.970319 0.714655 0.880083 0.733699 0.879503 0.955214 0.853193 0.754659 0.962334 0.800690 0.682334 0.692957 0.661280 0.566463 0.715890 0.595392 0.858683 0.813080 0.593607 0.585178 0.257025 0.250880 0.500636 0.418105 0.979607 0.831835 0.395500 0.434682 0.994940 0.893802 0.917220 0.985616 0.505605 0.487735 0.895013 0.652452 0.709020 0.916436 0.806389 0.777815 0.887083 0.892406 0.588685 0.547236 0.244127 0.242488 0.453123 0.340546 0.576716 0.688075 0.657052 0.577114 0.723073 0.592017 0.959395 0.926997 0.980737 0.930955 0.760933 0.970353 0.747479 0.815541 0.913791 0.937312 0.766784 0.976036 0.801168 0.841256 0.981872 0.908033 0.959611 0.845005 0.997998 0.841000 0.952179 0.999834 0.922344 0.876535 0.898455 0.994733
0.403395 0.427741 0.805409 0.616733 0.951736 0.857096 0.604049 0.579014 0.987794 0.960672 0.566665 0.536587 0.446972 0.387057 0.600486 0.609955 0.424055 0.441234 0.000000 0.414725 0.976319 0.694520 0.814488 0.745033 0.981778 0.933075 0.891271 0.887351 0.637665 0.627564 0.867762 0.724900 0.645847 0.619895 0.947845 0.980156 0.824618 0.820681 0.900734 0.819260 0.751862 0.969725 0.610646 0.545407 0.726456 0.621339 0.501589 0.491794 0.649275 0.586424 0.679880 0.529068 0.724773 0.902206 0.629421 0.617691 0.410391 0.451251 0.465293 0.457907 0.678369 0.826968 0.523932 0.570816 0.850784 0.761082 0.657260 0.708563 0.656935 0.791064 0.734650 0.992565 0.959051 0.977774 0.880251 0.985490 0.735291 0.847937 0.671287 0.487118 0.407712 0.398698 0.644170 0.541940 0.618243 0.706559 0.730429 0.639015 0.840665 0.818388 0.690423 0.707296 0.687792 0.761778 0.757225 0.838416 0.522801 0.834911 0.594108 0.571707 0.898407 0.749514 0.665550 0.776840 0.697156 0.739063 0.995934 0.875795 0.763275 0.642220 0.807164 0.729588 0.743499 0.786504 0.790676 0.939501
0.318919 0.304792 0.866963 0.631163 0.934446 0.975427 0.776660 0.686145 0.826616 0.906013 0.556290 0.353307 0.469709 0.451156 0.702588 0.620436 0.394449 0.362884 0.414725 0.000000 0.913492 0.749927 0.851157 0.731982 0.874956 0.955471 0.775339 0.973139 0.664965 0.560315 0.793850 0.936711 0.760650 0.682044 0.999660 0.994236 0.761482 0.565162 0.818671 0.661305 0.824331 0.892584 0.738836 0.667025 0.874512 0.728314 0.577568 0.587863 0.620283 0.481660 0.631189 0.498722 0.754912 0.973860 0.535562 0.618466 0.369357 0.307293 0.475621 0.415705 0.789494 0.855416 0.564514 0.436192 0.870834 0.866767 0.804431 0.845328 0.422741 0.481994 0.909473 0.911077 0.803757 0.968090 0.915682 0.874065 0.726625 0.992319 0.712466 0.590073 0.308602 0.332128 0.587049 0.414141 0.564528 0.638010 0.680284 0.721495 0.759542 0.638349 0.873924 0.880338 0.857446 0.908717 0.821070 0.830061 0.642765 0.884650 0.817650 0.786075 0.964057 0.870536 0.732157 0.866372 0.796172 0.837985 0.991108 0.925901 0.828826 0.700510 0.934625 0.898201 0.938566 0.840632 0.861955 0.961618
0.863723 0.855557 0.758426 0.824394 0.904299 0.945374 0.911737 0.978120 0.986692 0.856263 0.924572 0.923366 0.880292 0.971602 0.936270 0.957895 0.996935 0.945528 0.976319 0.913492 0.000000 0.955144 0.904549 0.777558 0.761155 0.846652 0.940740 0.777929 0.990471 0.976879 0.916556 0.968074 0.842667 0.888559 0.838757 0.818031 0.926044 0.973775 0.840778 0.966505 0.961056 0.925812 0.908487 0.967751 0.974884 0.981125 0.970726 0.829307 0.961438 0.891029 0.923773 0.861549 0.842170 0.687934 0.832563 0.789392 0.903636 0.856972 0.887012 0.942306 0.692081 0.877572 0.924114 0.958886 0.706783 0.727679 0.874387 0.944754 0.870470 0.902788 0.979471 0.866076 0.971528 0.889344 0.787108 0.978590 0.957586 0.909692 0.854288 0.997433 0.909090 0.858560 0.844103 0.907017 0.706757 0.653348 0.816057 0.874978 0.776020 0.782357 0.832739 0.685524 0.923538 0.835583 0.985242 0.848469 0.976106 0.813945 0.881187 0.804785 0.847704 0.943070 0.797212 0.839481 0.811363 0.983475 0.892620 0.991857 0.997502 0.860021 0.839177 0.849431 0.927670 0.883404 0.954714 0.954403
0.751834 0.735217 0.974382 0.898451 0.954282 0.957498 0.948349 0.910741 0.864489 0.879698 0.974548 0.710575 0.705001 0.679631 0.784336 0.712612 0.763371 0.762461 0.694520 0.749927 0.955144 0.000000 0.867063 0.820597 0.970933 0.909288 0.898917 0.905078 0.878226 0.888548 0.885870 0.982076 0.979686 0.985687 0.931112 0.898799 0.906451 0.920249 0.887170 0.791954 0.968471 0.922856 0.902034 0.866576 0.971403 0.923577 0.856946 0.834949 0.880336 0.771128 0.799188 0.706782 0.740266 0.901104 0.815753 0.823369 0.715441 0.671936 0.854500 0.710506 0.868546 0.919405 0.748417 0.691190 0.996436 0.999648 0.902925 0.936774 0.896013 0.851507 0.965947 0.925712 0.951521 0.995378 0.909395 0.931832 0.888748 0.970605 0.928091 0.669079 0.702447 0.655922 0.746356 0.701114 0.832184 0.855344 0.766075 0.749431 0.937005 0.927886 0.973631 0.862308 0.970429 0.971077 0.891491 0.998396 0.695389 0.974955 0.901917 0.880794 0.958121 0.791820 0.922595 0.915296 0.874404 0.989280 0.852665 0.976413 0.880233 0.831644 0.880165 0.896091 0.960862 0.848160 0.740056 0.974034
0.907530 0.755544 0.476574 0.383169 0.582059 0.971694 0.650603 0.728743 0.795738 0.871175 0.769386 0.851377 0.455730 0.663663 0.404658 0.440573 0.960484 0.970217 0.814488 0.851157 0.904549 0.867063 0.000000 0.307879 0.487376 0.689153 0.646979 0.949737 0.991824 0.932207 0.848224 0.916990 0.861376 0.978258 0.820932 0.921061 0.779017 0.822513 0.965935 0.980501 0.990296 0.927312 0.938233 0.943107 0.972300 0.964552 0.943579 0.941059 0.870432 0.996604 0.978807 0.863485 0.756486 0.875921 0.938549 0.945823 0.867507 0.784734 0.942785 0.899906 0.567488 0.655560 0.953663 0.851118 0.314260 0.537832 0.752811 0.858172 0.878374 0.946842 0.714633 0.831539 0.853564 0.828627 0.926988 0.730421 0.909733 0.801426 0.879997 0.946890 0.935757 0.943755 0.773343 0.870924 0.393654 0.413006 0.722634 0.750015 0.744929 0.655687 0.890877 0.993053 0.814973 0.858825 0.793633 0.959032 0.915801 0.974275 0.997531 0.900172 0.936841 0.905663 0.822990 0.705152 0.722974 0.733006 0.834908 0.966631 0.750935 0.864141 0.894872 0.846725 0.933788 0.961037 0.834532 0.975194
0.735186 0.637424 0.560875 0.432709 0.627078 0.909560 0.789343 0.850820 0.998799 0.635025 0.864756 0.764868 0.383695 0.551421 0.404222 0.428101 0.845251 0.770540 0.745033 0.731982 0.777558 0.820597 0.307879 0.000000 0.464213 0.778046 0.518034 0.853423 0.931232 0.988555 0.997305 0.995274 0.911806 0.955439 0.888966 0.877903 0.887412 0.807601 0.882858 0.956869 0.944854 0.940417 0.886978 0.954713 0.850777 0.895996 0.976928 0.999308 0.797313 0.974071 0.891449 0.930499 0.932639 0.889632 0.848610 0.952549 0.727138 0.630063 0.941553 0.850097 0.704515 0.846283 0.961441 0.836683 0.381814 0.633079 0.917169 0.979284 0.725882 0.867860 0.836570 0.920984 0.974485 0.945583 0.999209 0.902714 0.981454 0.897774 0.839970 0.831644 0.781032 0.718642 0.718631 0.678056 0.342438 0.368208 0.647888 0.677899 0.677178 0.544236 0.940247 0.918979 0.925824 0.948366 0.846908 0.899194 0.954781 0.910641 0.850697 0.924046 0.803780 0.940620 0.736804 0.677265 0.854721 0.903570 0.938421 0.887870 0.951823 0.981178 0.994467 0.970431 0.912597 0.903571 0.936408 0.986369
0.834803 0.760003 0.488143 0.512638 0.616607 0.908143 0.807276 0.843380 0.812703 0.808671 0.758651 0.854901 0.652461 0.909655 0.672939 0.718875 0.968857 0.985940 0.981778 0.874956 0.761155 0.970933 0.487376 0.464213 0.000000 0.461261 0.613341 0.795616 0.807918 0.745626 0.780237 0.982760 0.853711 0.996509 0.773106 0.837385 0.624196 0.636417 0.815746 0.868626 0.901243 0.995706 0.865376 0.902718 0.923040 0.891196 0.971754 0.947604 0.791474 0.903617 0.887984 0.944593 0.916643 0.795642 0.753699 0.975258 0.893653 0.816763 0.990545 0.966264 0.653013 0.717092 0.790246 0.988324 0.365444 0.554556 0.887035 0.907560 0.615549 0.726250 0.959024 0.886853 0.988225 0.881097 0.934099 0.911060 0.902696 0.971394 0.962744 0.927917 0.991810 0.924160 0.814180 0.831912 0.449528 0.385736 0.830902 0.839400 0.702926 0.509202 0.902371 0.648729 0.975381 0.874703 0.864905 0.940240 0.863413 0.854192 0.771592 0.755143 0.818567 0.761463 0.709367 0.668641 0.908058 0.961819 0.913151 0.879206 0.887466 0.937717 0.974424 0.874552 0.834082 0.778830 0.995975 0.984340
0.936152 0.990897 0.425279 0.568229 0.650586 0.827245 0.541111 0.610329 0.503490 0.832672 0.813993 0.902377 0.923503 0.902888 0.948545 0.989517 0.814078 0.771956 0.933075 0.955471 0.846652 0.909288 0.689153 0.778046 0.461261 0.000000 0.963792 0.845329 0.773887 0.697818 0.500212 0.806554 0.599699 0.747508 0.739036 0.713842 0.592547 0.834550 0.781921 0.876955 0.973708 0.764902 0.824078 0.849222 0.740811 0.831305 0.842841 0.940561 0.921024 0.939852 0.944497 0.996400 0.890628 0.986096 0.723969 0.970986 0.915155 0.916430 0.912352 0.964089 0.518893 0.593197 0.747852 0.858093 0.501160 0.457269 0.583657 0.559273 0.848076 0.932989 0.776503 0.639003 0.686732 0.729179 0.961168 0.919828 0.958428 0.860427 0.889875 0.833389 0.812692 0.836929 0.981796 0.871347 0.697069 0.596872 0.974443 0.986835 0.786349 0.766141 0.785860 0.840480 0.789358 0.932481 0.866322 0.905500 0.953034 0.978022 0.900085 0.953197 0.810962 0.953325 0.839437 0.926118 0.758909 0.815299 0.885991 0.948530 0.824383 0.907203 0.733671 0.946210 0.925562 0.910484 0.926060 0.908084
0.826031 0.754969 0.926929 0.756747 0.687404 0.748092 0.877977 0.907676 0.834329 0.639878 0.896281 0.811319 0.687685 0.749422 0.718649 0.743180 0.929227 0.837550 0.891271 0.775339 0.940740 0.898917 0.646979 0.518034 0.613341 0.963792 0.000000 0.964781 0.895195 0.884832 0.751121 0.878309 0.740405 0.723536 0.968963 0.988253 0.991291 0.754688 0.892327 0.997003 0.936867 0.761728 0.694545 0.734822 0.611514 0.680976 0.873056 0.852210 0.750412 0.933459 0.790223 0.999176 0.848133 0.838451 0.952935 0.963818 0.840814 0.729460 0.880958 0.925445 0.926511 0.901952 0.969777 0.955752 0.702858 0.938858 0.827266 0.799061 0.754981 0.786873 0.877132 0.754592 0.782158 0.830224 0.970722 0.869800 0.929629 0.749721 0.937439 0.981939 0.905937 0.814680 0.804742 0.856999 0.644199 0.657287 0.705167 0.755302 0.948546 0.689398 0.842216 0.888847 0.971366 0.917269 0.994996 0.967398 0.897026 0.918707 0.732733 0.783115 0.721642 0.900716 0.787408 0.698499 0.953676 0.977240 0.987213 0.878384 0.993656 0.969567 0.983180 0.888221 0.802915 0.765911 0.924904 0.965206
0.880335 0.888937 0.906962 0.969341 0.957611 0.940696 0.978599 0.992999 0.962627 0.879309 0.963361 0.980016 0.949398 0.998883 0.923774 0.886379 0.922287 0.953729 0.887351 0.973139 0.777929 0.905078 0.949737 0.853423 0.795616 0.845329 0.964781 0.000000 0.936326 0.893128 0.920444 0.892923 0.991782 0.972229 0.947037 0.841395 0.870465 0.884055 0.847396 0.957335 0.937043 0.835949 0.978383 0.980126 0.938391 0.988801 0.985106 0.975795 0.936387 0.981327 0.971868 0.955253 0.961039 0.776029 0.855921 0.989137 0.860966 0.877105 0.919719 0.951921 0.952082 0.987414 0.894231 0.966745 0.865614 0.915348 0.932358 0.919419 0.811410 0.766545 0.981803 0.853515 0.852300 0.959602 0.997749 0.967087 0.994665 0.958891 0.862585 0.889111 0.956981 0.957880 0.839829 0.923689 0.832930 0.782389 0.945513 0.970995 0.944550 0.780748 0.832160 0.740664 0.829704 0.742902 0.931119 0.881848 0.915951 0.900028 0.896684 0.811805 0.758753 0.788922 0.821151 0.785981 0.897918 0.762869 0.963913 0.934442 0.837028 0.779141 0.937267 0.992688 0.913701 0.956618 0.913595 0.912703
0.713899 0.675988 0.889930 0.951397 0.917630 0.844258 0.845681 0.848532 0.998800 0.801589 0.614815 0.641683 0.842863 0.664629 0.738946 0.728426 0.515747 0.590515 0.637665 0.664965 0.990471 0.878226 0.991824 0.931232 0.807918 0.773887 0.895195 0.936326 0.000000 0.319522 0.944036 0.552895 0.683723 0.619826 0.958819 0.944963 0.992934 0.941814 0.978687 0.923396 0.978152 0.935163 0.597511 0.561040 0.613516 0.521531 0.611705 0.578607 0.479992 0.525590 0.554393 0.598113 0.608843 0.829361 0.844971 0.698663 0.611783 0.663103 0.560093 0.529186 0.820929 0.918145 0.457747 0.462952 0.824837 0.911628 0.811899 0.827372 0.900776 0.978777 0.976106 0.813294 0.967352 0.846534 0.909326 0.980847 0.822544 0.755116 0.562437 0.635428 0.496695 0.668920 0.671714 0.645091 0.885664 0.994784 0.940022 0.824931 0.920528 0.993359 0.999640 0.983714 0.876414 0.872721 0.740396 0.883307 0.618699 0.950851 0.714656 0.729886 0.887592 0.906441 0.651146 0.637302 0.829930 0.829355 0.972162 0.899804 0.873138 0.865578 0.808925 0.762218 0.679792 0.750207 0.780297 0.958914
0.603587 0.577118 0.825127 0.998341 0.855308 0.833949 0.968066 0.897484 0.811740 0.852484 0.484226 0.487684 0.815820 0.616765 0.841266 0.740649 0.475126 0.482608 0.627564 0.560315 0.976879 0.888548 0.932207 0.988555 0.745626 0.697818 0.884832 0.893128 0.319522 0.000000 0.907582 0.742018 0.805887 0.614875 0.949430 0.989182 0.975365 0.843224 0.973181 0.783028 0.884179 0.986519 0.660681 0.602086 0.698950 0.580562 0.643549 0.582367 0.431012 0.496012 0.553855 0.603686 0.721659 0.960494 0.858790 0.683424 0.572094 0.581812 0.561835 0.459931 0.911890 0.934053 0.452921 0.387696 0.750718 0.824286 0.894903 0.886244 0.823894 0.784980 0.885621 0.791278 0.962174 0.857724 0.971733 0.942686 0.900539 0.823989 0.574609 0.563892 0.401136 0.584888 0.664634 0.596804 0.953782 0.948936 0.889352 0.767797 0.980498 0.985505 0.915824 0.994012 0.837214 0.854341 0.813226 0.952140 0.689974 0.876394 0.779290 0.806391 0.916981 0.959133 0.660819 0.659678 0.926128 0.829375 0.916220 0.961773 0.917170 0.814459 0.891405 0.867641 0.819661 0.790621 0.783404 0.991901
0.707660 0.762336 0.635477 0.787951 0.826895 0.795223 0.598037 0.615941 0.459208 0.520434 0.850648 0.862174 0.872905 0.769685 0.959857 0.974249 0.807394 0.623647 0.867762 0.793850 0.916556 0.885870 0.848224 0.997305 0.780237 0.500212 0.751121 0.920444 0.944036 0.907582 0.000000 0.527343 0.533147 0.651752 0.741402 0.893033 0.685014 0.968434 0.759233 0.895620 0.999957 0.850704 0.605740 0.657218 0.515999 0.593368 0.723287 0.783671 0.816018 0.902651 0.751687 0.917739 0.677772 0.718970 0.932447 0.959507 0.772136 0.696164 0.899870 0.981508 0.539718 0.483712 0.849552 0.985258 0.837660 0.680329 0.693623 0.516698 0.870768 0.777654 0.814906 0.684426 0.575600 0.612458 0.935663 0.842385 0.832386 0.523696 0.983020 0.924908 0.782763 0.669744 0.952817 0.815600 0.969551 0.950210 0.740095 0.875245 0.928380 0.915337 0.925925 0.807477 0.954538 0.734846 0.933700 0.873126 0.926566 0.965342 0.781712 0.797592 0.551494 0.988854 0.916475 0.922863 0.752431 0.822166 0.847684 0.800124 0.779999 0.969340 0.768002 0.827622 0.730674 0.848065 0.875385 0.884435
0.968028 0.936248 0.814838 0.783382 0.936265 0.808722 0.590489 0.555203 0.639566 0.555454 0.801719 0.935889 0.998084 0.863923 0.804125 0.836842 0.826596 0.997107 0.724900 0.936711 0.968074 0.982076 0.916990 0.995274 0.982760 0.806554 0.878309 0.892923 0.552895 0.742018 0.527343 0.000000 0.528059 0.512818 0.808684 0.953605 0.766468 0.944952 0.866759 0.985768 0.991250 0.944381 0.437383 0.423840 0.471197 0.429040 0.518252 0.547941 0.620887 0.672759 0.591725 0.650087 0.599355 0.670240 0.770728 0.795613 0.864567 0.989961 0.563499 0.680551 0.584021 0.635245 0.795075 0.728281 0.978029 0.764280 0.621404 0.557517 0.930346 0.839999 0.835780 0.868954 0.669745 0.686152 0.932326 0.938701 0.730292 0.607692 0.702599 0.683303 0.838027 0.953146 0.826659 0.873801 0.952781 0.952551 0.930047 0.931221 0.878139 0.885291 0.781821 0.984355 0.957645 0.979925 0.848548 0.906623 0.703947 0.967461 0.527823 0.584708 0.573063 0.737792 0.620164 0.715858 0.653048 0.766004 0.848498 0.778446 0.652860 0.824851 0.808074 0.737441 0.557129 0.884232 0.722621 0.960975
0.770292 0.759381 0.557341 0.647906 0.892032 0.624778 0.340966 0.433379 0.522537 0.648222 0.716086 0.827627 0.793843 0.822433 0.834273 0.887836 0.719957 0.843835 0.645847 0.760650 0.842667 0.979686 0.861376 0.911806 0.853711 0.599699 0.740405 0.991782 0.683723 0.805887 0.533147 0.528059 0.000000 0.355041 0.752757 0.827940 0.641244 0.804082 0.884036 0.946968 0.879315 0.663010 0.393266 0.408790 0.330929 0.388538 0.437886 0.533551 0.567915 0.622261 0.542976 0.644806 0.603998 0.772132 0.571778 0.663564 0.750074 0.824432 0.464764 0.669886 0.367776 0.560675 0.647213 0.672204 0.776560 0.578605 0.394094 0.351819 0.845831 0.923412 0.687348 0.771596 0.689018 0.685017 0.824424 0.890685 0.618443 0.675166 0.733540 0.802991 0.737114 0.815853 0.830707 0.808386 0.721011 0.730952 0.960337 0.825213 0.814895 0.868350 0.656986 0.923943 0.747621 0.998737 0.724155 0.887075 0.640993 0.841882 0.502275 0.582082 0.637172 0.796447 0.767688 0.642275 0.599792 0.693516 0.860529 0.863622 0.815568 0.822114 0.687305 0.695978 0.614222 0.712970 0.759705 0.932696
0.716713 0.713483 0.676161 0.719187 0.969710 0.538704 0.425613 0.393404 0.701428 0.544339 0.588272 0.684415 0.849776 0.775618 0.867672 0.852420 0.647961 0.785112 0.619895 0.682044 0.888559 0.985687 0.978258 0.955439 0.996509 0.747508 0.723536 0.972229 0.619826 0.614875 0.651752 0.512818 0.355041 0.000000 0.710433 0.838139 0.668655 0.745564 0.910604 0.928095 0.767167 0.732249 0.389514 0.376589 0.345254 0.356911 0.370572 0.451065 0.507446 0.579009 0.505529 0.609603 0.612021 0.790121 0.566329 0.649050 0.701282 0.780078 0.395295 0.500016 0.430666 0.490254 0.590669 0.547208 0.917202 0.619460 0.458801 0.378049 0.815428 0.879812 0.777482 0.786752 0.705905 0.645154 0.873533 0.962899 0.765309 0.634305 0.800162 0.719874 0.637360 0.740108 0.795426 0.772533 0.847279 0.827860 0.993128 0.892946 0.839223 0.990387 0.733540 0.952054 0.845404 0.911494 0.811894 0.901039 0.580110 0.861847 0.513629 0.579994 0.557473 0.859585 0.650899 0.549404 0.629025 0.679440 0.885674 0.788592 0.828753 0.747422 0.695472 0.698194 0.596902 0.805494 0.812665 0.931892
0.937377 0.911246 0.667019 0.642088 0.886522 0.944317 0.695999 0.720680 0.705827 0.789923 0.933202 0.984145 0.951881 0.961913 0.900328 0.953539 0.975872 0.953092 0.947845 0.999660 0.838757 0.931112 0.820932 0.888966 0.773106 0.739036 0.968963 0.947037 0.958819 0.949430 0.741402 0.808684 0.752757 0.710433 0.000000 0.897237 0.866572 0.794227 0.732834 0.923773 0.981013 0.899114 0.837326 0.835825 0.730565 0.785094 0.830979 0.884580 0.930923 0.979416 0.957754 0.935079 0.960360 0.974155 0.721438 0.873083 0.961387 0.991557 0.763036 0.925690 0.707300 0.681200 0.973066 0.872189 0.690015 0.705525 0.618236 0.643244 0.839499 0.943256 0.800247 0.822212 0.847578 0.845160 0.972159 0.985363 0.964954 0.786987 0.925265 0.921834 0.982837 0.959357 0.838924 0.996323 0.823538 0.751644 0.944761 0.939160 0.674127 0.740144 0.933135 0.862012 0.838945 0.963078 0.857127 0.960804 0.822416 0.665614 0.854985 0.918955 0.895880 0.853780 0.996955 0.980358 0.763245 0.846559 0.670375 0.866690 0.769064 0.907989 0.925627 0.887524 0.777965 0.930471 0.880579 0.934513
0.916128 0.977871 0.803411 0.843212 0.838871 0.795044 0.787233 0.878001 0.977587 0.975716 0.835830 0.965391 0.944214 0.905673 0.920152 0.940003 0.976337 0.914113 0.980156 0.994236 0.818031 0.898799 0.921061 0.877903 0.837385 0.713842 0.988253 0.841395 0.944963 0.989182 0.893033 0.953605 0.827940 0.838139 0.897237 0.000000 0.995258 0.976026 0.924071 0.978317 0.798945 0.982387 0.968736 0.945946 0.987083 0.995708 0.985248 0.830746 0.903404 0.893017 0.903649 0.884379 0.919760 0.814013 0.879764 0.934941 0.965070 0.968378 0.969027 0.943916 0.834746 0.946539 0.905417 0.921266 0.761854 0.778556 0.842711 0.904974 0.914158 0.876409 0.959486 0.892081 0.829349 0.978278 0.972510 0.946913 0.873119 0.886080 0.962230 0.988948 0.955700 0.943197 0.954332 0.988087 0.819622 0.790572 0.979578 0.904275 0.865249 0.934598 0.914860 0.916676 0.950230 0.956622 0.933718 0.864657 0.977339 0.976964 0.915319 0.919569 0.986543 0.955168 0.819791 0.951159 0.977323 0.975882 0.898348 0.899293 0.969745 0.978190 0.913264 0.927560 0.907968 0.845158 0.867258 0.781653
0.789864 0.842033 0.587981 0.636781 0.834945 0.896804 0.616719 0.543721 0.792278 0.843018 0.951301 0.678195 0.769711 0.958589 0.898971 0.875532 0.907501 0.970319 0.824618 0.761482 0.926044 0.906451 0.779017 0.887412 0.624196 0.592547 0.991291 0.870465 0.992934 0.975365 0.685014 0.766468 0.641244 0.668655 0.866572 0.995258 0.000000 0.609657 0.834930 0.797096 0.753393 0.863333 0.758447 0.757432 0.711297 0.742095 0.703898 0.693789 0.840711 0.848824 0.818448 0.840372 0.834395 0.860528 0.565872 0.816444 0.892026 0.880560 0.778962 0.899680 0.564908 0.560814 0.987522 0.789104 0.737374 0.617179 0.729429 0.634762 0.684699 0.792590 0.778155 0.664619 0.872735 0.791547 0.957051 0.958123 0.847642 0.827758 0.969215 0.935835 0.840686 0.864627 0.879504 0.805115 0.781469 0.732927 0.935452 0.927161 0.961381 0.876344 0.889572 0.895815 0.907304 0.913851 0.867169 0.973780 0.785005 0.885790 0.801425 0.856072 0.814931 0.983457 0.897697 0.946067 0.752871 0.886762 0.945799 0.949308 0.774676 0.783225 0.945437 0.902889 0.964107 0.989368 0.944167 0.860938
0.627093 0.588119 0.768489 0.710909 0.910647 0.996753 0.838426 0.765591 0.952744 0.889813 0.855622 0.534654 0.777716 0.798188 0.779789 0.748293 0.710011 0.714655 0.820681 0.565162 0.973775 0.920249 0.822513 0.807601 0.636417 0.834550 0.754688 0.884055 0.941814 0.843224 0.968434 0.944952 0.804082 0.745564 0.794227 0.976026 0.609657 0.000000 0.731659 0.718796 0.866416 0.820348 0.873267 0.900122 0.874308 0.847217 0.748175 0.717689 0.746547 0.681688 0.779404 0.755954 0.907371 0.951840 0.564783 0.690213 0.690506 0.606712 0.735641 0.696114 0.757297 0.734943 0.852419 0.604772 0.800214 0.823870 0.889791 0.820601 0.541861 0.570051 0.974763 0.996311 0.950214 0.975645 0.968158 0.917749 0.848701 0.999103 0.928510 0.890068 0.650806 0.688496 0.796840 0.660916 0.708928 0.673813 0.845312 0.799134 0.808373 0.661687 0.942589 0.785118 0.974941 0.920519 0.983200 0.854557 0.935988 0.888033 0.934608 0.967562 0.986255 0.894647 0.864051 0.999955 0.830183 0.972680 0.896441 0.949751 0.964524 0.816279 0.888404 0.931694 0.892298 0.980043 0.957512 0.961429
