0.000000 0.483827 0.820414 0.558043 0.918715 0.810894 0.673317 0.584985 0.856405 0.691749 0.517008 0.616237 0.942020 0.942475 0.928646 0.942660 0.456927 0.331136 0.510337 0.483664 0.938338 0.949545 0.901891 0.847403 0.922541 0.995173 0.922471 0.988377 0.680738 0.676715 0.888444 0.932935 0.502558 0.521933 0.760930 0.989094 0.594847 0.734903 0.913125 0.922114 0.729551 0.696010 0.912728 0.902601 0.867403 0.700338 0.583204 0.591041 0.704059 0.681039 0.810052 0.770604 0.866729 0.843594 0.582408 0.544919 0.390131 0.420666 0.373703 0.451389 0.622792 0.637875 0.471149 0.408856 0.874020 0.901842 0.676633 0.751659 0.596416 0.569667 0.887102 0.897892 0.893215 0.954782 0.952061 0.891768 0.985858 0.737138 0.816677 0.924479 0.410748 0.370807 0.756148 0.461308 0.649594 0.862124 0.982258 0.987765 0.787725 0.430315 0.783632 0.909208 0.878481 0.844766 0.722510 0.865713 0.626907 0.851039 0.661586 0.641549 0.843997 0.917160 0.451169 0.701405 0.737213 0.630446 0.915704 0.842130 0.991706 0.823904 0.980346 0.714572 0.751679 0.880921 0.857364 0.951211
0.483827 0.000000 0.754089 0.486258 0.898408 0.877603 0.721811 0.634719 0.939099 0.781572 0.726643 0.673677 0.959456 0.768810 0.956436 0.915946 0.583591 0.504764 0.487755 0.430924 0.944546 0.861789 0.843445 0.906393 0.981456 0.955510 0.922451 0.917375 0.769899 0.665941 0.757157 0.805749 0.608124 0.640963 0.828390 0.949944 0.746737 0.691414 0.871052 0.959580 0.773811 0.790245 0.800534 0.714663 0.781127 0.638328 0.701390 0.625153 0.645757 0.566643 0.650299 0.617779 0.687906 0.884690 0.750901 0.712510 0.400859 0.404498 0.521732 0.484030 0.832551 0.732145 0.766931 0.633494 0.981075 0.864713 0.725039 0.672559 0.578579 0.508481 0.703754 0.630240 0.743302 0.809209 0.947352 0.982420 0.774715 0.658379 0.970685 0.854787 0.679272 0.571657 0.749268 0.632400 0.727826 0.871790 0.961450 0.891393 0.841079 0.589333 0.692183 0.792732 0.754524 0.896959 0.774188 0.821829 0.533836 0.868066 0.686424 0.519013 0.811523 0.808760 0.566359 0.641827 0.644745 0.613664 0.894054 0.716137 0.946197 0.702478 0.969302 0.663366 0.647423 0.782827 0.799031 0.990547
0.820414 0.754089 0.000000 0.696811 0.930657 0.724687 0.677576 0.963702 0.751968 0.955852 0.941420 0.885938 0.908247 0.918398 0.968545 0.858130 0.922998 0.812690 0.881039 0.811050 0.938944 0.944619 0.916581 0.982126 0.811446 0.821671 0.905133 0.984273 0.970660 0.988437 0.828834 0.916533 0.752146 0.951768 0.772149 0.977127 0.638620 0.726207 0.968407 0.943047 0.841082 0.732573 0.946790 0.857245 0.877964 0.900734 0.940974 0.886173 0.873531 0.758094 0.738235 0.757044 0.737182 0.730366 0.929546 0.863286 0.703650 0.618130 0.717407 0.880456 0.996251 0.895495 0.992083 0.924329 0.752103 0.813976 0.687565 0.904851 0.718832 0.724489 0.903503 0.706053 0.955541 0.996833 0.855957 0.913598 0.863116 0.786216 0.902971 0.880765 0.987014 0.987276 0.756780 0.726511 0.863829 0.933398 0.843170 0.909056 0.827009 0.874214 0.810448 0.801625 0.747223 0.761720 0.826476 0.923757 0.795342 0.885168 0.858741 0.864688 0.931030 0.924333 0.849578 0.919304 0.794196 0.728845 0.862730 0.714566 0.910726 0.794055 0.893707 0.912960 0.771987 0.998821 0.863708 0.783590
0.558043 0.486258 0.696811 0.000000 0.921303 0.784238 0.703441 0.589663 0.962530 0.743852 0.719250 0.716954 0.939469 0.747792 0.920640 0.898793 0.708083 0.571072 0.512371 0.444155 0.971550 0.995637 0.777794 0.837480 0.885138 0.833750 0.979678 0.908488 0.676393 0.636761 0.680220 0.716842 0.592232 0.659148 0.873696 0.904906 0.730449 0.791154 0.987518 0.999341 0.809699 0.761494 0.817053 0.715218 0.805324 0.742440 0.714562 0.580458 0.781884 0.671269 0.729569 0.653956 0.725905 0.917421 0.767635 0.655665 0.505267 0.497306 0.608891 0.546709 0.838303 0.723240 0.715709 0.647963 0.968000 0.885871 0.653855 0.659265 0.721327 0.630953 0.678500 0.662937 0.774233 0.695232 0.981395 0.948053 0.687678 0.688241 0.921048 0.794138 0.751488 0.694785 0.679478 0.680366 0.709425 0.855155 0.951006 0.854150 0.836947 0.626110 0.600428 0.855152 0.667623 0.902786 0.784920 0.855186 0.593458 0.867076 0.653914 0.587966 0.713263 0.923526 0.560606 0.646520 0.586803 0.540513 0.978831 0.826514 0.889516 0.738513 0.935394 0.631978 0.707437 0.843875 0.689117 0.916830
0.918715 0.898408 0.930657 0.921303 0.000000 0.948162 0.932208 0.927313 0.838806 0.905039 0.926446 0.896894 0.742287 0.887094 0.772617 0.741711 0.922908 0.976834 0.943022 0.927217 0.743950 0.965947 0.725344 0.741390 0.920544 0.836596 0.812925 0.893367 0.919548 0.858736 0.911218 0.917188 0.970910 0.994272 0.981637 0.965382 0.941208 0.741143 0.927223 0.935629 0.902986 0.903486 0.747000 0.739726 0.978122 0.925797 0.758443 0.959526 0.866474 0.910853 0.852927 0.885389 0.981202 0.923697 0.882238 0.947729 0.927505 0.972063 0.854835 0.920756 0.895500 0.962117 0.946420 0.944139 0.918797 0.953394 0.935100 0.823069 0.993899 0.966838 0.924228 0.982695 0.955254 0.865471 0.903871 0.906086 0.868931 0.907946 0.749867 0.957906 0.913888 0.975651 0.772401 0.970635 0.741577 0.846228 0.847935 0.755449 0.959470 0.984561 0.898534 0.966681 0.858945 0.975363 0.916127 0.860063 0.969619 0.901769 0.987004 0.948907 0.982894 0.904261 0.986240 0.922522 0.865597 0.981151 0.985394 0.938598 0.906685 0.998761 0.996810 0.964542 0.925792 0.956010 0.894178 0.971153
0.810894 0.877603 0.724687 0.784238 0.948162 0.000000 0.918219 0.742232 0.955749 0.730911 0.835675 0.780428 0.997695 0.827953 0.838108 0.873840 0.855921 0.859556 0.890317 0.921400 0.981674 0.875241 0.935091 0.933059 0.857048 0.930464 0.991855 0.914560 0.841652 0.796870 0.908504 0.994826 0.854385 0.890807 0.885559 0.935852 0.933566 0.997431 0.965070 0.980172 0.980889 0.909132 0.924443 0.943938 0.933944 0.810390 0.801310 0.886477 0.911519 0.990790 0.908263 0.959224 0.968376 0.839874 0.889911 0.772842 0.938210 0.945550 0.856305 0.727351 0.776279 0.638474 0.799654 0.830332 0.793248 0.679047 0.862326 0.797032 0.870926 0.928230 0.858408 0.964634 0.951978 0.882702 0.960224 0.849475 0.945207 0.904438 0.915335 0.957628 0.775122 0.776936 0.926047 0.885835 0.984453 0.918536 0.897759 0.933857 0.918117 0.919085 0.874743 0.933759 0.947098 0.884616 0.981948 0.939754 0.897014 0.778939 0.830519 0.849979 0.855487 0.962134 0.845526 0.822976 0.859964 0.918733 0.888706 0.989235 0.958664 0.938733 0.932199 0.799246 0.922502 0.876201 0.858775 0.934189
0.673317 0.721811 0.677576 0.703441 0.932208 0.918219 0.000000 0.404438 0.756318 0.365447 0.579176 0.754129 0.788560 0.830357 0.638699 0.798881 0.610898 0.565769 0.664590 0.691045 0.838267 0.942508 0.963313 0.792347 0.607310 0.689818 0.698125 0.632938 0.632639 0.595255 0.801289 0.869820 0.646943 0.490172 0.978097 0.955808 0.850642 0.948433 0.846365 0.997073 0.861569 0.930883 0.942181 0.930812 0.476543 0.510178 0.885218 0.740100 0.687320 0.801313 0.861810 0.942754 0.811629 0.965954 0.940618 0.839604 0.806327 0.725564 0.641583 0.681915 0.503490 0.600463 0.622555 0.522526 0.584979 0.971687 0.630770 0.653510 0.875656 0.676313 0.782680 0.738324 0.994707 0.859105 0.754518 0.961437 0.902325 0.673645 0.880182 0.980508 0.737728 0.743627 0.956728 0.690744 0.970554 0.650862 0.863438 0.812223 0.803520 0.933822 0.523935 0.770909 0.594545 0.932137 0.736716 0.969658 0.732561 0.814321 0.467187 0.588448 0.701650 0.979984 0.630087 0.701594 0.824393 0.750123 0.892265 0.917057 0.946023 0.756193 0.992646 0.715279 0.607577 0.686816 0.909232 0.982166
0.584985 0.634719 0.963702 0.589663 0.927313 0.742232 0.404438 0.000000 0.872229 0.312467 0.404742 0.425463 0.923527 0.907871 0.667688 0.916246 0.529009 0.499990 0.589549 0.570937 0.826698 0.897096 0.885056 0.875623 0.557494 0.667809 0.686937 0.636471 0.486785 0.413709 0.849572 0.860249 0.636306 0.348367 0.942709 0.965637 0.984420 0.920348 0.879063 0.998326 0.816772 0.984796 0.960440 0.911000 0.602950 0.561981 0.799021 0.698318 0.744266 0.945004 0.960061 0.930447 0.933865 0.740208 0.816384 0.757836 0.745524 0.746757 0.642390 0.573158 0.371101 0.332574 0.439407 0.354245 0.510254 0.745295 0.698782 0.543729 0.997930 0.723751 0.852785 0.864684 0.874672 0.754104 0.827995 0.989180 0.907671 0.764934 0.957560 0.983904 0.611569 0.627842 0.995136 0.669408 0.984247 0.878547 0.778981 0.854273 0.913580 0.777731 0.636429 0.962620 0.795289 0.789518 0.735288 0.956226 0.692856 0.849301 0.507213 0.603922 0.600992 0.940601 0.555514 0.688872 0.853446 0.771601 0.885830 0.972238 0.907105 0.777126 0.878937 0.645690 0.700021 0.657831 0.931063 0.849589
0.856405 0.939099 0.751968 0.962530 0.838806 0.955749 0.756318 0.872229 0.000000 0.811763 0.980529 0.975510 0.970031 0.980258 0.971763 0.930834 0.990569 0.985117 0.890281 0.996702 0.955780 0.840131 0.879801 0.925013 0.913990 0.912586 0.976175 0.898502 0.958024 0.913429 0.959700 0.950007 0.883872 0.999644 0.953375 0.837426 0.980459 0.977727 0.953258 0.970695 0.994424 0.951684 0.839598 0.892270 0.858466 0.947583 0.928279 0.874467 0.994256 0.960477 0.858895 0.915364 0.832646 0.745012 0.928844 0.967739 0.994693 0.844190 0.973383 0.984658 0.887358 0.953559 0.921394 0.991108 0.909219 0.965918 0.804218 0.921894 0.993329 0.918236 0.927357 0.866513 0.978519 0.918926 0.930087 0.953758 0.764497 0.971308 0.974479 0.918902 0.912518 0.833331 0.909953 0.931586 0.957027 0.885740 0.982614 0.858301 0.976788 0.860296 0.754344 0.742967 0.808048 0.772527 0.920908 0.974207 0.821593 0.971107 0.886741 0.923685 0.957649 0.850175 0.999161 0.977822 0.887850 0.987345 0.968428 0.876854 0.882980 0.945768 0.934695 0.863815 0.844961 0.838554 0.898345 0.920791
0.691749 0.781572 0.955852 0.743852 0.905039 0.730911 0.365447 0.312467 0.811763 0.000000 0.510088 0.558839 0.871959 0.989897 0.597105 0.833995 0.592151 0.560982 0.676486 0.727079 0.874857 0.976337 0.810459 0.743591 0.437081 0.521834 0.671162 0.612967 0.591290 0.515418 0.955028 0.960491 0.738788 0.468795 0.999354 0.908735 0.947908 0.836992 0.817908 0.929539 0.849614 0.994842 0.971880 0.985045 0.543249 0.547317 0.819057 0.751679 0.715327 0.970152 0.970342 0.885725 0.956801 0.790075 0.883642 0.740011 0.883766 0.829872 0.660943 0.653037 0.404328 0.422688 0.515428 0.456813 0.431397 0.842287 0.700830 0.646545 0.975304 0.703425 0.856225 0.866483 0.997002 0.845176 0.753354 0.996628 0.917842 0.830388 0.887903 0.874079 0.642309 0.711773 0.852841 0.761938 0.896464 0.708563 0.725735 0.788738 0.803898 0.881691 0.661316 0.981665 0.795196 0.838306 0.766180 0.978721 0.781252 0.834775 0.506441 0.631939 0.665583 0.914522 0.613938 0.708808 0.906819 0.777752 0.963399 0.998541 0.950379 0.807206 0.915111 0.698184 0.744680 0.637971 0.903714 0.920646
0.517008 0.726643 0.941420 0.719250 0.926446 0.835675 0.579176 0.404742 0.980529 0.510088 0.000000 0.454057 0.922991 0.974712 0.696409 0.833732 0.448555 0.482729 0.657129 0.590430 0.960825 0.743680 0.785956 0.774783 0.757685 0.773818 0.824053 0.796980 0.550506 0.497875 0.897569 0.966864 0.634669 0.406871 0.846894 0.981159 0.894881 0.976652 0.947124 0.945403 0.761238 0.885284 0.933583 0.939597 0.786567 0.706993 0.820988 0.795042 0.795550 0.978986 0.864595 0.873893 0.822280 0.647175 0.797024 0.734890 0.692509 0.762719 0.602349 0.630550 0.434299 0.457004 0.375910 0.352474 0.616141 0.826718 0.694847 0.658067 0.945567 0.700561 0.973644 0.998528 0.928390 0.899118 0.914422 0.900770 0.920231 0.890453 0.884907 0.992492 0.511054 0.535159 0.911741 0.587069 0.923625 0.988512 0.857464 0.831293 0.997728 0.692086 0.810287 0.775484 0.958794 0.677570 0.676756 0.965625 0.784139 0.905595 0.707458 0.747478 0.707261 0.891021 0.534878 0.779095 0.969014 0.817796 0.739779 0.887000 0.810899 0.824582 0.962034 0.753259 0.835295 0.886781 0.952285 0.883120
0.616237 0.673677 0.885938 0.716954 0.896894 0.780428 0.754129 0.425463 0.975510 0.558839 0.454057 0.000000 0.716684 0.627648 0.975085 0.800540 0.564204 0.551417 0.583239 0.598237 0.879769 0.870491 0.946741 0.949880 0.698013 0.675435 0.896037 0.808861 0.527313 0.469538 0.941457 0.955881 0.759116 0.452603 0.864319 0.938140 0.912661 0.834932 0.981029 0.984958 0.802419 0.977537 0.996194 0.993241 0.885622 0.778879 0.716847 0.838385 0.905905 0.876234 0.816548 0.803835 0.722934 0.567669 0.703523 0.701289 0.719533 0.827565 0.790281 0.733343 0.443326 0.393932 0.416236 0.423477 0.705037 0.621808 0.860557 0.745035 0.994710 0.755673 0.985840 0.920250 0.840264 0.841551 0.910363 0.908419 0.997328 0.888729 0.980312 0.940369 0.538999 0.530132 0.887303 0.652005 0.802563 0.756398 0.863287 0.939658 0.866717 0.718543 0.996043 0.680855 0.914506 0.537227 0.705602 0.978005 0.774152 0.973158 0.832467 0.882440 0.738306 0.845632 0.682168 0.858568 0.963136 0.877850 0.724099 0.946503 0.852561 0.876272 0.897437 0.785241 0.863320 0.856066 0.931479 0.777679
0.942020 0.959456 0.908247 0.939469 0.742287 0.997695 0.788560 0.923527 0.970031 0.871959 0.922991 0.716684 0.000000 0.511594 0.523344 0.429950 0.927435 0.922954 0.990420 0.983912 0.792421 0.966458 0.716404 0.624587 0.968685 0.873613 0.684863 0.830163 0.956325 0.969871 0.743761 0.940362 0.873480 0.933803 0.945072 0.867912 0.907510 0.846168 0.906114 0.945173 0.900676 0.968081 0.864464 0.808285 0.763870 0.775235 0.951399 0.877844 0.829041 0.746066 0.808940 0.786064 0.791924 0.814333 0.714945 0.898849 0.897454 0.859728 0.681970 0.675049 0.913034 0.999638 0.868795 0.997954 0.777889 0.915129 0.777368 0.634876 0.973182 0.907808 0.885706 0.821909 0.953882 0.986823 0.939809 0.853642 0.947349 0.923972 0.803979 0.866821 0.973260 0.958022 0.762058 0.880124 0.557055 0.498033 0.900029 0.647257 0.733309 0.988857 0.749016 0.744778 0.866070 0.732442 0.872455 0.954173 0.976241 0.898344 0.812750 0.685994 0.783058 0.840008 0.935409 0.867736 0.994369 0.869909 0.776695 0.986196 0.983509 0.910139 0.838127 0.884128 0.830966 0.992195 0.928588 0.863642
0.942475 0.768810 0.918398 0.747792 0.887094 0.827953 0.830357 0.907871 0.980258 0.989897 0.974712 0.627648 0.511594 0.000000 0.535342 0.429880 0.991603 0.888168 0.684466 0.711109 0.932488 0.923302 0.631541 0.505436 0.953689 0.984949 0.668449 0.866996 0.734579 0.672686 0.895831 0.701860 0.910056 0.907322 0.883374 0.998985 0.822090 0.932999 0.991584 0.903386 0.898219 0.926328 0.926149 0.917117 0.951275 0.996607 0.816099 0.849559 0.986336 0.970745 0.984535 0.952470 0.986428 0.963696 0.859581 0.793318 0.839981 0.987820 0.835212 0.972231 0.951126 0.874283 0.808503 0.906305 0.847949 0.779936 0.980009 0.979988 0.973227 0.984262 0.878525 0.905290 0.777920 0.756544 0.971374 0.950468 0.808051 0.984447 0.870137 0.929539 0.858310 0.871949 0.741444 0.875201 0.625380 0.508319 0.989281 0.629001 0.839568 0.849587 0.948643 0.883492 0.969067 0.800750 0.843710 0.892169 0.909876 0.846510 0.985467 0.988844 0.933746 0.958056 0.937826 0.935642 0.905821 0.917018 0.798326 0.935584 0.927233 0.983900 0.854743 0.838132 0.957728 0.979215 0.848193 0.872599
0.928646 0.956436 0.968545 0.920640 0.772617 0.838108 0.638699 0.667688 0.971763 0.597105 0.696409 0.975085 0.523344 0.535342 0.000000 0.436077 0.793592 0.898301 0.890983 0.888851 0.968310 0.882261 0.497750 0.477435 0.732821 0.825410 0.536818 0.799116 0.936576 0.897161 0.957702 0.886141 0.923402 0.770099 0.940013 0.969338 0.953001 0.937065 0.863299 0.912158 0.983732 0.906806 0.898627 0.861898 0.681253 0.697307 0.941189 0.968560 0.796989 0.955411 0.982933 0.869707 0.830877 0.838423 0.955165 0.968892 0.949403 0.980395 0.713176 0.747581 0.724499 0.675941 0.885339 0.786629 0.520196 0.878785 0.781046 0.580346 0.754002 0.918258 0.918795 0.882164 0.920937 0.916744 0.901849 0.857105 0.896075 0.911398 0.775916 0.975774 0.921678 0.981317 0.619711 0.950092 0.495815 0.501665 0.791345 0.629813 0.706087 0.955308 0.848584 0.977668 0.987331 0.964093 0.922006 0.969754 0.950873 0.805601 0.809106 0.773304 0.765445 0.980875 0.903705 0.935622 0.897384 0.990465 0.972576 0.964580 0.947515 0.879632 0.974910 0.923896 0.899247 0.765798 0.807443 0.971525
0.942660 0.915946 0.858130 0.898793 0.741711 0.873840 0.798881 0.916246 0.930834 0.833995 0.833732 0.800540 0.429950 0.429880 0.436077 0.000000 0.896881 0.936696 0.854838 0.865807 0.943472 0.934745 0.438409 0.387129 0.895042 0.986213 0.630425 0.861301 0.908360 0.841221 0.920519 0.746759 0.931512 0.979993 0.987711 0.965995 0.871794 0.958499 0.932306 0.850667 0.983286 0.885663 0.933094 0.899349 0.790965 0.827855 0.989670 0.949984 0.745081 0.917273 0.996472 0.932683 0.922951 0.916089 0.927234 0.975257 0.971597 0.966663 0.684363 0.873581 0.981888 0.990700 0.969393 0.927049 0.676698 0.791639 0.892772 0.844776 0.943178 0.925016 0.884643 0.997783 0.737244 0.758794 0.932193 0.968061 0.882375 0.968140 0.824046 0.993382 0.962366 0.944735 0.635874 0.958663 0.541646 0.456512 0.841798 0.505369 0.806643 0.952835 0.955044 0.997546 0.988387 0.954238 0.924735 0.938835 0.977698 0.854787 0.862042 0.872716 0.887345 0.979922 0.937550 0.919677 0.849881 0.906937 0.898390 0.936699 0.960847 0.985939 0.815653 0.976336 0.948249 0.993248 0.815929 0.940313
0.456927 0.583591 0.922998 0.708083 0.922908 0.855921 0.610898 0.529009 0.990569 0.592151 0.448555 0.564204 0.927435 0.991603 0.793592 0.896881 0.000000 0.419227 0.583449 0.548982 0.955683 0.901675 0.862155 0.817064 0.806774 0.868196 0.820377 0.849810 0.654970 0.630707 0.901142 0.947526 0.626853 0.531530 0.817173 0.997620 0.810167 0.910998 0.811536 0.955105 0.710972 0.873290 0.997271 0.938674 0.803512 0.725032 0.745382 0.716069 0.729981 0.795953 0.884444 0.876844 0.976195 0.845522 0.690973 0.657849 0.553511 0.566421 0.472754 0.510164 0.546111 0.554972 0.477034 0.405079 0.742961 0.794604 0.666620 0.688156 0.757884 0.654345 0.867653 0.980563 0.832329 0.945208 0.846877 0.935503 0.990478 0.775781 0.892359 0.931278 0.482602 0.484051 0.928267 0.614424 0.823044 0.952888 0.944934 0.989118 0.832662 0.629612 0.829197 0.890495 0.924749 0.860758 0.706430 0.842108 0.674170 0.884252 0.626523 0.658697 0.782537 0.958851 0.518218 0.658414 0.823154 0.678288 0.943248 0.862434 0.956372 0.769798 0.990515 0.756339 0.789412 0.824715 0.936073 0.981858
0.331136 0.504764 0.812690 0.571072 0.976834 0.859556 0.565769 0.499990 0.985117 0.560982 0.482729 0.551417 0.922954 0.888168 0.898301 0.936696 0.419227 0.000000 0.507534 0.464515 0.939133 0.971628 0.917638 0.842606 0.821297 0.885478 0.933308 0.841894 0.599669 0.546142 0.871766 0.904181 0.519402 0.478053 0.776792 0.976326 0.676921 0.830338 0.925482 0.860370 0.763134 0.731604 0.859816 0.836461 0.731144 0.600866 0.582696 0.550705 0.642483 0.687631 0.782806 0.772131 0.843039 0.915188 0.704918 0.597522 0.402981 0.454457 0.390159 0.459269 0.567291 0.599908 0.441255 0.368618 0.746890 0.916794 0.593909 0.672747 0.649115 0.496287 0.891944 0.887442 0.875914 0.964006 0.860936 0.936972 0.931065 0.732033 0.809322 0.962458 0.341690 0.366370 0.786716 0.446504 0.712016 0.950466 0.940217 0.979568 0.857583 0.516769 0.790459 0.925257 0.838134 0.839198 0.693051 0.810471 0.659997 0.865726 0.596029 0.612524 0.757158 0.944578 0.414690 0.627243 0.775908 0.635903 0.999458 0.869247 0.937020 0.760246 0.990288 0.635230 0.720632 0.835516 0.929429 0.947004
0.510337 0.487755 0.881039 0.512371 0.943022 0.890317 0.664590 0.589549 0.890281 0.676486 0.657129 0.583239 0.990420 0.684466 0.890983 0.854838 0.583449 0.507534 0.000000 0.442908 0.870272 0.875301 0.761959 0.844503 0.890737 0.862605 0.930197 0.811309 0.615381 0.567478 0.746896 0.575768 0.630435 0.541726 0.855085 0.845907 0.922223 0.912626 0.752050 0.854269 0.748544 0.795829 0.891763 0.887498 0.697837 0.609169 0.675446 0.628515 0.651337 0.654487 0.827295 0.779201 0.719430 0.971243 0.697572 0.637555 0.572525 0.611057 0.695755 0.626592 0.719692 0.715353 0.567906 0.548532 0.848107 0.969915 0.837832 0.794910 0.715283 0.605492 0.649809 0.684727 0.746082 0.693776 0.998413 0.944514 0.795225 0.731782 0.981141 0.821125 0.626444 0.525067 0.693048 0.705632 0.622720 0.895870 0.940139 0.810833 0.937646 0.673058 0.678306 0.880511 0.686543 0.958834 0.645962 0.932447 0.726377 0.999535 0.628411 0.539475 0.811643 0.981230 0.573790 0.685529 0.715295 0.586180 0.933720 0.863958 0.974010 0.846379 0.891463 0.691416 0.626999 0.896230 0.872638 0.868117
0.483664 0.430924 0.811050 0.444155 0.927217 0.921400 0.691045 0.570937 0.996702 0.727079 0.590430 0.598237 0.983912 0.711109 0.888851 0.865807 0.548982 0.464515 0.442908 0.000000 0.979171 0.952512 0.799784 0.838818 0.972256 0.996552 0.992626 0.789612 0.536282 0.516916 0.638169 0.701897 0.541083 0.542289 0.843347 0.961038 0.760718 0.763779 0.933885 0.968321 0.680983 0.864385 0.886885 0.873870 0.790009 0.678722 0.649171 0.621945 0.719145 0.640059 0.734620 0.655303 0.735522 0.964518 0.834007 0.696314 0.477098 0.537945 0.579622 0.496588 0.743344 0.631999 0.593321 0.543763 0.911262 0.810959 0.681737 0.674779 0.720829 0.647678 0.679666 0.672227 0.685902 0.661004 0.973986 0.989493 0.842903 0.812261 0.919560 0.776883 0.639421 0.540046 0.674478 0.648329 0.680708 0.815149 0.967588 0.862279 0.878420 0.592342 0.700887 0.954015 0.803027 0.986720 0.716920 0.868031 0.662528 0.975778 0.622075 0.602756 0.684472 0.960904 0.572729 0.642734 0.687938 0.589026 0.980608 0.874159 0.922262 0.711976 0.973171 0.626194 0.636247 0.819493 0.787150 0.862112
0.938338 0.944546 0.938944 0.971550 0.743950 0.981674 0.838267 0.826698 0.955780 0.874857 0.960825 0.879769 0.792421 0.932488 0.968310 0.943472 0.955683 0.939133 0.870272 0.979171 0.000000 0.893937 0.782118 0.799623 0.834885 0.747918 0.989965 0.802233 0.906402 0.921004 0.962436 0.883215 0.910677 0.958175 0.929019 0.987200 0.907930 0.871331 0.832607 0.924034 0.958881 0.867593 0.839361 0.917967 0.806559 0.912221 0.771133 0.988293 0.917415 0.968159 0.871701 0.856394 0.969588 0.965102 0.813397 0.969822 0.800993 0.851836 0.773844 0.849037 0.913192 0.941960 0.910277 0.906375 0.882135 0.871564 0.829185 0.848851 0.903988 0.901957 0.911429 0.969060 0.886916 0.794907 0.937238 0.844381 0.999098 0.984904 0.840523 0.897313 0.909174 0.967580 0.959658 0.940356 0.885997 0.929556 0.982512 0.936195 0.808494 0.911714 0.817848 0.904918 0.739121 0.994088 0.859636 0.764854 0.974554 0.927931 0.787170 0.908238 0.942492 0.990046 0.976191 0.980009 0.869571 0.922477 0.905279 0.994802 0.931334 0.973070 0.936238 0.932169 0.967757 0.955807 0.885220 0.766803
0.949545 0.861789 0.944619 0.995637 0.965947 0.875241 0.942508 0.897096 0.840131 0.976337 0.743680 0.870491 0.966458 0.923302 0.882261 0.934745 0.901675 0.971628 0.875301 0.952512 0.893937 0.000000 0.976678 0.947120 0.990183 0.971511 0.977692 0.773260 0.792212 0.877968 0.951069 0.786126 0.990138 0.826280 0.961547 0.845600 0.827305 0.783296 0.985573 0.876122 0.849854 0.925479 0.971262 0.952014 0.861347 0.947366 0.976632 0.940053 0.994959 0.943205 0.826723 0.857923 0.905877 0.845717 0.984733 0.965410 0.884434 0.865431 0.901128 0.951096 0.886525 0.934365 0.776970 0.843126 0.831525 0.927322 0.935425 0.946053 0.851923 0.945835 0.950949 0.932065 0.933040 0.910193 0.960534 0.905972 0.891667 0.904448 0.900732 0.774380 0.988165 0.884029 0.908132 0.953875 0.962302 0.990310 0.954471 0.962622 0.890719 0.989136 0.978184 0.944222 0.940669 0.947030 0.869944 0.821648 0.927181 0.869926 0.991597 0.933185 0.899786 0.952561 0.981253 0.942707 0.857594 0.965404 0.768328 0.672318 0.999458 0.965291 0.890248 0.945929 0.936014 0.920443 0.855312 0.888399
0.901891 0.843445 0.916581 0.777794 0.725344 0.935091 0.963313 0.885056 0.879801 0.810459 0.785956 0.946741 0.716404 0.631541 0.497750 0.438409 0.862155 0.917638 0.761959 0.799784 0.782118 0.976678 0.000000 0.362531 0.795068 0.863723 0.698310 0.980122 0.910474 0.886943 0.697664 0.559343 0.875665 0.961961 0.941750 0.917311 0.961275 0.884500 0.870108 0.765984 0.943029 0.943924 0.953248 0.956359 0.982536 0.971097 0.853380 0.954669 0.914167 0.802887 0.796428 0.715254 0.605849 0.582568 0.958279 0.879689 0.944914 0.964646 0.711095 0.887795 0.843542 0.822274 0.888531 0.845208 0.642893 0.924024 0.966805 0.860592 0.849378 0.995707 0.668827 0.705304 0.668105 0.585698 0.924219 0.967496 0.826664 0.832178 0.758120 0.838875 0.795280 0.925290 0.603395 0.954356 0.604212 0.748543 0.697460 0.525790 0.993877 0.881040 0.745302 0.645913 0.713002 0.725256 0.926869 0.987027 0.963517 0.794060 0.959504 0.895110 0.938289 0.782002 0.952735 0.997030 0.726307 0.893465 0.921395 0.872304 0.888110 0.890241 0.881231 0.915734 0.805152 0.990900 0.805959 0.995167
0.847403 0.906393 0.982126 0.837480 0.741390 0.933059 0.792347 0.875623 0.925013 0.743591 0.774783 0.949880 0.624587 0.505436 0.477435 0.387129 0.817064 0.842606 0.844503 0.838818 0.799623 0.947120 0.362531 0.000000 0.730321 0.856183 0.640272 0.944960 0.937494 0.881586 0.766063 0.584131 0.924640 0.910109 0.982240 0.974730 0.894764 0.955467 0.996624 0.799573 0.951479 0.992639 0.977053 0.976145 0.856257 0.847028 0.890444 0.945074 0.775311 0.978341 0.944804 0.829403 0.809846 0.762663 0.970673 0.970496 0.964658 0.964837 0.653901 0.890902 0.871554 0.917790 0.850852 0.797891 0.594861 0.822310 0.890176 0.905785 0.991463 0.861946 0.808434 0.819518 0.677183 0.584529 0.851498 0.994839 0.812630 0.950346 0.734736 0.882673 0.782262 0.883680 0.677140 0.898974 0.613175 0.563441 0.765938 0.532510 0.861229 0.948707 0.964304 0.850308 0.903440 0.919470 0.941411 0.990170 0.965561 0.838144 0.868552 0.951952 0.944402 0.951349 0.851542 0.871780 0.792546 0.999226 0.973828 0.884672 0.940421 0.943699 0.773272 0.971133 0.914469 0.979040 0.749891 0.984208
0.922541 0.981456 0.811446 0.885138 0.920544 0.857048 0.607310 0.557494 0.913990 0.437081 0.757685 0.698013 0.968685 0.953689 0.732821 0.895042 0.806774 0.821297 0.890737 0.972256 0.834885 0.990183 0.795068 0.730321 0.000000 0.392838 0.685527 0.643021 0.736384 0.732439 0.844304 0.922385 0.961828 0.681497 0.910912 0.829461 0.797392 0.717572 0.815274 0.975583 0.961551 0.893072 0.797388 0.731078 0.754996 0.787211 0.980374 0.940308 0.893387 0.852343 0.796223 0.694753 0.819547 0.758634 0.983649 0.996361 0.823664 0.912588 0.951770 0.922878 0.507356 0.590075 0.678385 0.634648 0.442623 0.958256 0.962458 0.909427 0.924644 0.952067 0.923568 0.971630 0.947435 0.982393 0.802923 0.999496 0.903785 0.932498 0.977621 0.734191 0.788553 0.825417 0.738671 0.933397 0.830058 0.731658 0.757016 0.775169 0.733099 0.876823 0.881911 0.903470 0.973187 0.754613 0.989551 0.887987 0.971250 0.967480 0.720000 0.906843 0.875347 0.881850 0.850504 0.882431 0.870490 0.960888 0.951325 0.830743 0.920339 0.995671 0.967714 0.924942 0.942584 0.727285 0.700978 0.766761
0.995173 0.955510 0.821671 0.833750 0.836596 0.930464 0.689818 0.667809 0.912586 0.521834 0.773818 0.675435 0.873613 0.984949 0.825410 0.986213 0.868196 0.885478 0.862605 0.996552 0.747918 0.971511 0.863723 0.856183 0.392838 0.000000 0.731916 0.688850 0.821779 0.760057 0.717551 0.917951 0.999196 0.768318 0.889367 0.827841 0.804648 0.654758 0.822713 0.981912 0.962895 0.965078 0.753767 0.738284 0.794812 0.865694 0.984523 0.972655 0.941536 0.776369 0.711419 0.629841 0.805890 0.719908 0.937915 0.941790 0.844127 0.854086 0.957597 0.928057 0.613730 0.732164 0.722084 0.722359 0.540087 0.961254 0.863680 0.930579 0.980284 0.875013 0.883832 0.973705 0.894289 0.959123 0.892375 0.930176 0.951319 0.843426 0.974087 0.664941 0.841781 0.861112 0.850261 0.952380 0.959468 0.802234 0.819357 0.890048 0.752062 0.903997 0.932809 0.909007 0.978258 0.723475 0.948745 0.923250 0.964079 0.979627 0.848453 0.935071 0.952755 0.768829 0.923409 0.975839 0.892023 0.978641 0.863934 0.898342 0.941853 0.970491 0.996640 0.978352 0.970926 0.789197 0.781630 0.776443
0.922471 0.922451 0.905133 0.979678 0.812925 0.991855 0.698125 0.686937 0.976175 0.671162 0.824053 0.896037 0.684863 0.668449 0.536818 0.630425 0.820377 0.933308 0.930197 0.992626 0.989965 0.977692 0.698310 0.640272 0.685527 0.731916 0.000000 0.697361 0.967390 0.905719 0.939074 0.951359 0.968804 0.709246 0.922226 0.977534 0.940853 0.980352 0.947684 0.982704 0.976214 0.961103 0.903559 0.937390 0.697991 0.728320 0.970463 0.839172 0.805021 0.944478 0.941532 0.867915 0.895304 0.878375 0.988300 0.904282 0.991926 0.982190 0.850434 0.835222 0.819462 0.757475 0.951200 0.851199 0.600808 0.944592 0.938527 0.733890 0.944867 0.894494 0.966587 0.948109 0.956601 0.948616 0.948740 0.880954 0.911381 0.874052 0.954945 0.981442 0.983641 0.984706 0.686197 0.916598 0.695390 0.645005 0.862955 0.670194 0.917968 0.932217 0.831790 0.968880 0.921318 0.936968 0.940413 0.969838 0.852903 0.832268 0.778207 0.800821 0.806722 0.960829 0.882712 0.983298 0.893696 0.936878 0.867345 0.963783 0.937429 0.955829 0.955193 0.958017 0.872718 0.734803 0.850823 0.897650
0.988377 0.917375 0.984273 0.908488 0.893367 0.914560 0.632938 0.636471 0.898502 0.612967 0.796980 0.808861 0.830163 0.866996 0.799116 0.861301 0.849810 0.841894 0.811309 0.789612 0.802233 0.773260 0.980122 0.944960 0.643021 0.688850 0.697361 0.000000 0.776943 0.762151 0.913262 0.878020 0.982754 0.706234 0.961436 0.970001 0.822196 0.772223 0.842851 0.919908 0.984632 0.993223 0.988969 0.999663 0.649692 0.688570 0.971173 0.956672 0.841511 0.918617 0.995057 0.994905 0.938124 0.967605 0.877690 0.912569 0.877577 0.986392 0.930079 0.795348 0.715516 0.692710 0.866585 0.777097 0.664843 0.930235 0.932191 0.713952 0.818428 0.893512 0.947842 0.793120 0.874683 0.735593 0.901608 0.889044 0.972812 0.915944 0.994158 0.983879 0.994158 0.936388 0.946394 0.967066 0.815055 0.746144 0.937760 0.853817 0.770645 0.901945 0.803827 0.885889 0.891530 0.999941 0.860186 0.932285 0.882083 0.905479 0.703703 0.748293 0.727515 0.993662 0.973086 0.909832 0.981522 0.936351 0.809324 0.783577 0.982611 0.856358 0.988053 0.778620 0.745385 0.821723 0.831420 0.868816
0.680738 0.769899 0.970660 0.676393 0.919548 0.841652 0.632639 0.486785 0.958024 0.591290 0.550506 0.527313 0.956325 0.734579 0.936576 0.908360 0.654970 0.599669 0.615381 0.536282 0.906402 0.792212 0.910474 0.937494 0.736384 0.821779 0.967390 0.776943 0.000000 0.377688 0.702677 0.685314 0.680395 0.456815 0.937864 0.899246 0.895397 0.997760 0.842899 0.812543 0.914177 0.974087 0.965917 0.989449 0.777318 0.766303 0.802275 0.745269 0.890383 0.962165 0.995050 0.980624 0.976493 0.859356 0.938272 0.845678 0.768630 0.878028 0.822415 0.725228 0.567910 0.534794 0.512919 0.542831 0.679232 0.803655 0.705634 0.685131 0.966987 0.846448 0.839907 0.813943 0.758144 0.651214 0.819260 0.929569 0.895663 0.812840 0.937244 0.905282 0.696036 0.696330 0.915713 0.757435 0.905236 0.928954 0.891427 0.979904 0.921887 0.870370 0.787176 0.889550 0.935927 0.791470 0.659401 0.912521 0.823792 0.946276 0.686547 0.724948 0.598676 0.868831 0.698460 0.764163 0.952549 0.830640 0.928625 0.869880 0.942322 0.771958 0.794327 0.735380 0.737774 0.767262 0.943019 0.847397
0.676715 0.665941 0.988437 0.636761 0.858736 0.796870 0.595255 0.413709 0.913429 0.515418 0.497875 0.469538 0.969871 0.672686 0.897161 0.841221 0.630707 0.546142 0.567478 0.516916 0.921004 0.877968 0.886943 0.881586 0.732439 0.760057 0.905719 0.762151 0.377688 0.000000 0.663836 0.664023 0.570457 0.389383 0.844208 0.961633 0.883202 0.920694 0.876010 0.924238 0.848544 0.995208 0.988163 0.957541 0.717926 0.695522 0.841073 0.735464 0.878911 0.950825 0.998666 0.983897 0.991952 0.862193 0.961242 0.830055 0.701069 0.844678 0.798730 0.644083 0.505256 0.463791 0.487980 0.471401 0.652625 0.736191 0.666837 0.572175 0.992341 0.757311 0.846856 0.797837 0.652557 0.638229 0.931535 0.928113 0.890515 0.758372 0.964331 0.966661 0.630561 0.667148 0.826677 0.764543 0.902878 0.927595 0.911405 0.952755 0.909152 0.883830 0.731325 0.915870 0.879618 0.772947 0.696034 0.901324 0.750940 0.989373 0.688582 0.645980 0.628414 0.935453 0.681918 0.742690 0.859951 0.819937 0.938506 0.949791 0.944217 0.777518 0.864960 0.703879 0.728732 0.821001 0.976522 0.890127
0.888444 0.757157 0.828834 0.680220 0.911218 0.908504 0.801289 0.849572 0.959700 0.955028 0.897569 0.941457 0.743761 0.895831 0.957702 0.920519 0.901142 0.871766 0.746896 0.638169 0.962436 0.951069 0.697664 0.766063 0.844304 0.717551 0.939074 0.913262 0.702677 0.663836 0.000000 0.501356 0.711136 0.762024 0.941251 0.775659 0.956034 0.670761 0.833326 0.764884 0.940638 0.982375 0.893054 0.827741 0.844932 0.831276 0.970359 0.873184 0.972358 0.716023 0.671309 0.560861 0.623212 0.586258 0.748180 0.922607 0.782402 0.798775 0.901063 0.685300 0.967870 0.866109 0.933959 0.893456 0.989649 0.867815 0.675389 0.587695 0.980012 0.996646 0.621597 0.647652 0.595005 0.531001 0.830266 0.807914 0.881030 0.813790 0.920202 0.713860 0.973295 0.989340 0.858468 0.994793 0.942768 0.952202 0.968155 0.961470 0.876230 0.921484 0.608008 0.720762 0.724109 0.716781 0.831011 0.853833 0.951059 0.911408 0.737320 0.636884 0.760140 0.835237 0.857697 0.808187 0.723885 0.804857 0.798585 0.841671 0.922295 0.814263 0.896462 0.812685 0.703475 0.912312 0.770352 0.988752
0.932935 0.805749 0.916533 0.716842 0.917188 0.994826 0.869820 0.860249 0.950007 0.960491 0.966864 0.955881 0.940362 0.701860 0.886141 0.746759 0.947526 0.904181 0.575768 0.701897 0.883215 0.786126 0.559343 0.584131 0.922385 0.917951 0.951359 0.878020 0.685314 0.664023 0.501356 0.000000 0.726223 0.818648 0.854501 0.712491 0.839347 0.933591 0.803888 0.692983 0.971527 0.928573 0.856121 0.808431 0.731885 0.770310 0.962494 0.730875 0.890289 0.729758 0.792525 0.718491 0.644489 0.696714 0.937116 0.934620 0.870237 0.953912 0.895356 0.857325 0.989581 0.948941 0.941797 0.954075 0.982916 0.950000 0.953629 0.749757 0.988379 0.995766 0.603037 0.665757 0.610351 0.529243 0.967377 0.870558 0.750249 0.777959 0.914035 0.679666 0.947105 0.981481 0.797385 0.885332 0.844690 0.957060 0.880470 0.746096 0.801120 0.974724 0.671756 0.754474 0.731018 0.805555 0.843223 0.850559 0.941234 0.856903 0.786645 0.637414 0.772011 0.913010 0.880476 0.854602 0.779954 0.833783 0.953053 0.953011 0.892430 0.911031 0.815452 0.912746 0.664676 0.927783 0.818726 0.966202
0.502558 0.608124 0.752146 0.592232 0.970910 0.854385 0.646943 0.636306 0.883872 0.738788 0.634669 0.759116 0.873480 0.910056 0.923402 0.931512 0.626853 0.519402 0.630435 0.541083 0.910677 0.990138 0.875665 0.924640 0.961828 0.999196 0.968804 0.982754 0.680395 0.570457 0.711136 0.726223 0.000000 0.587143 0.813408 0.964819 0.718403 0.750339 0.912914 0.925880 0.841814 0.848802 0.946105 0.858745 0.842657 0.743358 0.699079 0.679601 0.828460 0.733199 0.775516 0.713840 0.806029 0.921782 0.842289 0.803827 0.506905 0.602931 0.590576 0.535357 0.695348 0.689651 0.666975 0.608546 0.920773 0.833005 0.635260 0.660237 0.749902 0.692246 0.838621 0.810214 0.729247 0.766305 0.947729 0.944265 0.841623 0.712727 0.803174 0.850586 0.631831 0.604160 0.769836 0.631615 0.781046 0.913466 0.976430 0.938290 0.994309 0.653692 0.628787 0.915389 0.796945 0.991726 0.909627 0.823770 0.602035 0.926445 0.711385 0.657454 0.763585 0.998409 0.658071 0.728841 0.695144 0.713906 0.922783 0.784080 0.863559 0.673720 0.948481 0.711269 0.644028 0.836787 0.819632 0.950007
0.521933 0.640963 0.951768 0.659148 0.994272 0.890807 0.490172 0.348367 0.999644 0.468795 0.406871 0.452603 0.933803 0.907322 0.770099 0.979993 0.531530 0.478053 0.541726 0.542289 0.958175 0.826280 0.961961 0.910109 0.681497 0.768318 0.709246 0.706234 0.456815 0.389383 0.762024 0.818648 0.587143 0.000000 0.829251 0.947041 0.931914 0.943367 0.895864 0.940069 0.808539 0.933713 0.938702 0.957187 0.696233 0.652936 0.832399 0.707357 0.796480 0.942165 0.958807 0.970869 0.950993 0.780861 0.800119 0.794946 0.665002 0.740967 0.652694 0.600679 0.424823 0.422559 0.418642 0.374144 0.601753 0.802541 0.692639 0.577727 0.907291 0.709510 0.905003 0.857749 0.818174 0.783972 0.948448 0.952590 0.978779 0.727002 0.971724 0.935282 0.585269 0.581467 0.881609 0.656377 0.920262 0.953201 0.953799 0.914676 0.955840 0.765779 0.701008 0.910164 0.842083 0.755443 0.654316 0.941589 0.792850 0.952846 0.618182 0.605993 0.645946 0.915087 0.571577 0.745595 0.873046 0.740278 0.928727 0.993087 0.924010 0.765040 0.874167 0.632635 0.737503 0.719490 0.941881 0.837400
0.760930 0.828390 0.772149 0.873696 0.981637 0.885559 0.978097 0.942709 0.953375 0.999354 0.846894 0.864319 0.945072 0.883374 0.940013 0.987711 0.817173 0.776792 0.855085 0.843347 0.929019 0.961547 0.941750 0.982240 0.910912 0.889367 0.922226 0.961436 0.937864 0.844208 0.941251 0.854501 0.813408 0.829251 0.000000 0.997255 0.899929 0.868167 0.856897 0.944179 0.767262 0.764718 0.974184 0.948392 0.983094 0.954856 0.967463 0.887435 0.917610 0.909518 0.912006 0.919724 0.990984 0.993485 0.917811 0.877670 0.761373 0.773836 0.833601 0.881040 0.950154 0.982953 0.805994 0.786327 0.856891 0.986121 0.826703 0.899717 0.849980 0.877512 0.981636 0.920962 0.937305 0.929212 0.912873 0.796080 0.944354 0.935907 0.963668 0.859279 0.839116 0.914158 0.817546 0.822306 0.894397 0.907829 0.799172 0.997420 0.916259 0.772960 0.920239 0.902868 0.956089 0.924931 0.882420 0.987777 0.998799 0.928812 0.940906 0.879182 0.947876 0.963522 0.884879 0.992385 0.867721 0.754394 0.952482 0.852206 0.992337 0.989994 0.886130 0.969569 0.989442 0.917398 0.999308 0.990090
0.989094 0.949944 0.977127 0.904906 0.965382 0.935852 0.955808 0.965637 0.837426 0.908735 0.981159 0.938140 0.867912 0.998985 0.969338 0.965995 0.997620 0.976326 0.845907 0.961038 0.987200 0.845600 0.917311 0.974730 0.829461 0.827841 0.977534 0.970001 0.899246 0.961633 0.775659 0.712491 0.964819 0.947041 0.997255 0.000000 0.965339 0.944510 0.867941 0.786638 0.929504 0.914709 0.748588 0.799251 0.771054 0.775625 0.973492 0.804069 0.830212 0.784428 0.877372 0.844836 0.798649 0.786551 0.951545 0.958841 0.951794 0.975391 0.982934 0.963154 0.886616 0.888846 0.984250 0.938473 0.975800 0.907466 0.932983 0.811922 0.907931 0.936331 0.890130 0.893459 0.973032 0.904679 0.939595 0.873282 0.935527 0.838146 0.891626 0.834643 0.925454 0.929385 0.925016 0.935559 0.997265 0.884394 0.944065 0.944588 0.786842 0.989671 0.832817 0.841422 0.801119 0.840629 0.882712 0.998455 0.959733 0.853915 0.887610 0.827601 0.862219 0.948536 0.881990 0.909809 0.949846 0.948037 0.992122 0.930765 0.999998 0.918075 0.949235 0.944133 0.867049 0.987450 0.908808 0.997418
0.594847 0.746737 0.638620 0.730449 0.941208 0.933566 0.850642 0.984420 0.980459 0.947908 0.894881 0.912661 0.907510 0.822090 0.953001 0.871794 0.810167 0.676921 0.922223 0.760718 0.907930 0.827305 0.961275 0.894764 0.797392 0.804648 0.940853 0.822196 0.895397 0.883202 0.956034 0.839347 0.718403 0.931914 0.899929 0.965339 0.000000 0.489907 0.832986 0.746766 0.782097 0.698109 0.839440 0.854439 0.989158 0.930110 0.798619 0.807705 0.803714 0.712880 0.636315 0.622786 0.756513 0.823351 0.709991 0.658661 0.568462 0.537472 0.590376 0.726418 0.950811 0.932430 0.936056 0.869954 0.856329 0.886469 0.739202 0.964637 0.577989 0.701021 0.927692 0.832104 0.971161 0.870760 0.933850 0.860536 0.957713 0.806351 0.796289 0.860067 0.743369 0.716565 0.804889 0.674586 0.698952 0.936267 0.946715 0.945292 0.806263 0.584330 0.796596 0.846401 0.771260 0.809677 0.942288 0.880453 0.701093 0.841807 0.822770 0.865858 0.951446 0.908542 0.646333 0.795067 0.703965 0.675436 0.843609 0.666666 0.919421 0.736434 0.935719 0.916728 0.898677 0.924740 0.760427 0.846892
0.734903 0.691414 0.726207 0.791154 0.741143 0.997431 0.948433 0.920348 0.977727 0.836992 0.976652 0.834932 0.846168 0.932999 0.937065 0.958499 0.910998 0.830338 0.912626 0.763779 0.871331 0.783296 0.884500 0.955467 0.717572 0.654758 0.980352 0.772223 0.997760 0.920694 0.670761 0.933591 0.750339 0.943367 0.868167 0.944510 0.489907 0.000000 0.981697 0.900746 0.838313 0.774368 0.856577 0.831586 0.965848 0.985288 0.873909 0.842786 0.904818 0.699186 0.616910 0.560027 0.686775 0.683064 0.923859 0.876034 0.594622 0.623817 0.732107 0.744255 0.851304 0.908995 0.912945 0.964792 0.782012 0.996349 0.754425 0.894795 0.707624 0.856129 0.790377 0.712129 0.945410 0.902678 0.810371 0.992875 0.955715 0.834775 0.853852 0.705837 0.931960 0.907938 0.921189 0.831662 0.874047 0.921794 0.917117 0.993133 0.835004 0.783315 0.832510 0.785151 0.711332 0.737457 0.925011 0.805552 0.741165 0.933206 0.874338 0.835748 0.973951 0.854125 0.859942 0.852419 0.693697 0.671391 0.735619 0.628662 0.993018 0.669272 0.939565 0.969693 0.879622 0.868003 0.727089 0.894660
