0.000000 0.291226 0.877243 0.795305 0.975210 0.905039 0.777056 0.810652 0.826000 0.730088 0.427108 0.435728 0.500841 0.413576 0.755360 0.714803 0.388052 0.288117 0.410211 0.346940 0.757938 0.784924 0.971189 0.740187 0.858796 0.987123 0.843595 0.916241 0.707866 0.636707 0.677825 0.958971 0.705044 0.699358 0.952585 0.785868 0.877983 0.681328 0.884419 0.747594 0.911469 0.889224 0.838906 0.764793 0.899409 0.817770 0.641258 0.763251 0.761156 0.686346 0.829912 0.729742 0.962691 0.701116 0.520579 0.620771 0.288119 0.306400 0.507804 0.516996 0.757181 0.988004 0.539057 0.572312 0.854244 0.827343 0.783277 0.863683 0.375533 0.495572 0.929536 0.753919 0.770735 0.925598 0.802546 0.764283 0.888122 0.806854 0.771900 0.583033 0.306172 0.268921 0.542665 0.362471 0.513822 0.559098 0.651109 0.667319 0.719442 0.547998 0.861247 0.969481 0.831809 0.880715 0.793889 0.978799 0.761712 0.917181 0.804058 0.881886 0.839858 0.919247 0.834797 0.846345 0.987951 0.972525 0.888273 0.798062 0.974684 0.927775 0.948422 0.922992 0.962997 0.883650 0.986183 0.950185
0.291226 0.000000 0.798420 0.697114 0.912801 0.886457 0.743960 0.791289 0.862194 0.749010 0.568104 0.472906 0.462211 0.389861 0.656535 0.590310 0.390535 0.311012 0.440221 0.337350 0.766084 0.738904 0.806007 0.654621 0.786360 0.954948 0.793377 0.933681 0.673868 0.613209 0.728737 0.927489 0.697314 0.709726 0.957044 0.891114 0.913216 0.657547 0.849810 0.712718 0.942684 0.916813 0.763518 0.711295 0.849655 0.768735 0.597616 0.688478 0.710982 0.593091 0.704413 0.591959 0.808885 0.794679 0.532103 0.636097 0.260702 0.222654 0.466958 0.408598 0.689916 0.931681 0.511278 0.513782 0.777153 0.770325 0.735784 0.826703 0.462745 0.484808 0.944425 0.770867 0.798977 0.971523 0.841534 0.904267 0.869029 0.887686 0.674340 0.640946 0.319650 0.303950 0.493473 0.396546 0.429357 0.481592 0.656297 0.554671 0.716662 0.525002 0.893740 0.980768 0.816869 0.914646 0.700086 0.997719 0.755432 0.941319 0.827354 0.874158 0.819472 0.965329 0.857695 0.882227 0.905470 0.872992 0.967777 0.842339 0.937960 0.880226 0.847519 0.858681 0.939093 0.827651 0.791183 0.977304
0.877243 0.798420 0.000000 0.275579 0.649013 0.771421 0.343539 0.417939 0.528640 0.924205 0.979616 0.890345 0.605352 0.800160 0.664562 0.730137 0.937876 0.919612 0.788715 0.845495 0.733903 0.976952 0.474487 0.554558 0.483850 0.417824 0.924607 0.922211 0.888972 0.827807 0.667874 0.808870 0.551660 0.668673 0.654804 0.776990 0.576218 0.757154 0.838213 0.969626 0.876235 0.870024 0.753401 0.766479 0.707708 0.805104 0.740473 0.853989 0.914684 0.960480 0.978830 0.948922 0.870475 0.981467 0.705661 0.952432 0.886411 0.926738 0.766926 0.905331 0.337495 0.432044 0.887497 0.975689 0.317004 0.269391 0.458367 0.485986 0.819322 0.990528 0.610816 0.597046 0.713870 0.724157 0.976213 0.780461 0.835778 0.691022 0.975893 0.991398 0.964100 0.941007 0.973755 0.972717 0.538591 0.467174 0.846077 0.908565 0.763958 0.730220 0.613744 0.905812 0.564615 0.802358 0.762447 0.947157 0.768615 0.902645 0.778444 0.757485 0.740027 0.940992 0.875907 0.981960 0.597608 0.776650 0.895003 0.876099 0.662922 0.866543 0.764197 0.785157 0.891746 0.973310 0.830389 0.839815
0.795305 0.697114 0.275579 0.000000 0.594552 0.795851 0.393354 0.424205 0.610431 0.972486 0.953298 0.789723 0.543258 0.665530 0.589158 0.629574 0.983290 0.937947 0.647849 0.693803 0.737917 0.931162 0.399597 0.445577 0.527519 0.515199 0.779303 0.991247 0.964480 0.938044 0.799641 0.771107 0.600037 0.720296 0.680685 0.752011 0.685297 0.778788 0.858620 0.909323 0.994631 0.865643 0.756851 0.772339 0.724590 0.787582 0.751283 0.816097 0.989140 0.970081 0.946825 0.896030 0.822893 0.968293 0.691803 0.911841 0.803031 0.809972 0.728380 0.835843 0.398220 0.518568 0.964169 0.937719 0.320116 0.330060 0.423743 0.540539 0.798245 0.996884 0.616934 0.673028 0.770162 0.813869 0.971776 0.734759 0.792612 0.761298 0.929554 0.944772 0.900910 0.841622 0.903540 0.873263 0.462751 0.428752 0.751412 0.796347 0.748480 0.682644 0.576779 0.862349 0.544298 0.736224 0.697006 0.914029 0.728711 0.866340 0.749979 0.695015 0.808845 0.904091 0.952525 0.974672 0.607139 0.678486 0.939995 0.861592 0.647009 0.814708 0.771273 0.717328 0.891320 0.993684 0.794254 0.797255
0.975210 0.912801 0.649013 0.594552 0.000000 0.935169 0.757858 0.788510 0.822507 0.947229 0.918848 0.911231 0.736003 0.951048 0.751908 0.841439 0.894129 0.925358 0.958676 0.941127 0.863873 0.947797 0.551426 0.609084 0.620114 0.649874 0.659137 0.914700 0.895497 0.849759 0.845269 0.939460 0.906368 0.980848 0.925653 0.825181 0.827663 0.899270 0.985562 0.995238 0.948068 0.911550 0.985356 0.970052 0.965418 0.942326 0.941217 0.966482 0.850015 0.910830 0.932645 0.966894 0.894034 0.968206 0.948986 0.974182 0.992356 0.947266 0.948274 0.960779 0.759830 0.800856 0.920399 0.991019 0.590970 0.687724 0.807190 0.828910 0.881205 0.898617 0.831507 0.951459 0.849652 0.980431 0.964281 0.981541 0.926004 0.995402 0.873303 0.961210 0.951253 0.948680 0.917855 0.948798 0.717720 0.690303 0.917168 0.819010 0.917638 0.857198 0.917794 0.978794 0.801367 0.940436 0.861779 0.961287 0.988417 0.883066 0.975316 0.999611 0.961549 0.972194 0.897367 0.834020 0.891405 0.820418 0.937014 0.903979 0.954963 0.897804 0.858220 0.933007 0.927776 0.830558 0.998353 0.880731
0.905039 0.886457 0.771421 0.795851 0.935169 0.000000 0.581145 0.535277 0.800734 0.701718 0.717172 0.805513 0.994661 0.914019 0.998851 0.921736 0.963499 0.960165 0.777813 0.873777 0.915372 0.960694 0.994481 0.988185 0.970773 0.807856 0.833038 0.926298 0.854252 0.786521 0.851520 0.810829 0.637063 0.523251 0.851618 0.744393 0.880266 0.913176 0.922298 0.954329 0.905450 0.809376 0.623370 0.673054 0.610721 0.680269 0.697502 0.731675 0.744190 0.898126 0.847840 0.948435 0.840642 0.932047 0.814473 0.827630 0.892494 0.984638 0.719788 0.749920 0.655959 0.638253 0.935911 0.889154 0.910499 0.670958 0.565024 0.583647 0.979123 0.992597 0.721029 0.790619 0.808697 0.811949 0.979075 0.925909 0.838330 0.759284 0.932817 0.894191 0.882501 0.897670 0.914443 0.936693 0.949533 0.891150 0.921998 0.993166 0.940292 0.913751 0.685165 0.835144 0.697199 0.935836 0.850513 0.884731 0.634686 0.748583 0.558038 0.582921 0.676539 0.871902 0.879979 0.785972 0.760294 0.724583 0.996746 0.833061 0.983597 0.783127 0.770834 0.656210 0.684792 0.825217 0.876402 0.840791
0.777056 0.743960 0.343539 0.393354 0.757858 0.581145 0.000000 0.245400 0.511791 0.662004 0.753358 0.768567 0.657416 0.737379 0.674538 0.756664 0.830002 0.913782 0.562401 0.698881 0.907476 0.952703 0.637215 0.763505 0.786648 0.549451 0.906321 0.984154 0.836398 0.935305 0.639387 0.580301 0.343855 0.407573 0.632253 0.771115 0.584841 0.785277 0.864372 0.995478 0.926804 0.790710 0.413438 0.447140 0.428732 0.488023 0.476284 0.538746 0.757703 0.769693 0.719724 0.713959 0.610843 0.802363 0.594734 0.707597 0.767642 0.850696 0.536194 0.727152 0.314043 0.394694 0.841092 0.782045 0.546439 0.358907 0.294716 0.297800 0.861238 0.993061 0.470809 0.568722 0.685242 0.697874 0.941773 0.741210 0.615555 0.622360 0.787401 0.833877 0.811952 0.815329 0.903193 0.874466 0.638587 0.617327 0.927911 0.903076 0.830888 0.836765 0.431712 0.731412 0.489273 0.770138 0.671610 0.822859 0.515111 0.739758 0.462685 0.422509 0.548183 0.733298 0.797372 0.746465 0.435456 0.611919 0.841827 0.698762 0.628706 0.723363 0.642988 0.566507 0.603734 0.808661 0.744744 0.827549
0.810652 0.791289 0.417939 0.424205 0.788510 0.535277 0.245400 0.000000 0.523288 0.595705 0.754883 0.715644 0.735672 0.719806 0.801601 0.773716 0.903992 0.984740 0.582433 0.693590 0.908354 0.941971 0.756284 0.841687 0.854361 0.580542 0.896840 0.965704 0.851261 0.915904 0.657183 0.542567 0.401089 0.386244 0.713960 0.797101 0.571826 0.799976 0.921934 0.938321 0.948589 0.785838 0.404196 0.446159 0.441114 0.485475 0.450204 0.497243 0.728660 0.748859 0.685243 0.703175 0.649038 0.788508 0.612121 0.751116 0.825212 0.913462 0.547390 0.723168 0.344748 0.334673 0.923203 0.798131 0.681548 0.365879 0.356885 0.311962 0.915753 0.997108 0.554167 0.563087 0.671376 0.729109 0.906061 0.769506 0.661506 0.646852 0.875396 0.807986 0.834602 0.854528 0.979617 0.912396 0.778573 0.709512 0.988319 0.953189 0.943495 0.923888 0.416358 0.735695 0.533800 0.828196 0.761046 0.784627 0.584441 0.799703 0.426445 0.392420 0.471909 0.715708 0.703536 0.694727 0.491477 0.688389 0.923167 0.681007 0.661871 0.778182 0.672976 0.561689 0.647936 0.763152 0.693100 0.857850
0.826000 0.862194 0.528640 0.610431 0.822507 0.800734 0.511791 0.523288 0.000000 0.571703 0.951212 0.838648 0.982244 0.879552 0.926395 0.958163 0.866291 0.692072 0.969356 0.881260 0.997597 0.860758 0.771200 0.965152 0.796577 0.510976 0.848915 0.937832 0.979599 0.849636 0.477096 0.623821 0.508706 0.677242 0.655969 0.971129 0.763489 0.987430 0.963153 0.981909 0.983874 0.757614 0.598294 0.653677 0.541137 0.635689 0.706415 0.740727 0.886598 0.892802 0.757843 0.854584 0.735485 0.692082 0.853016 0.911503 0.858431 0.735822 0.801758 0.939835 0.536906 0.520403 0.927864 0.957966 0.720549 0.605912 0.535663 0.471657 0.943037 0.790814 0.620916 0.559301 0.550290 0.595500 0.923180 0.900503 0.767317 0.630299 0.968538 0.878736 0.777533 0.721164 0.897313 0.758778 0.954240 0.900874 0.900201 0.988708 0.948095 0.962267 0.575306 0.880927 0.685805 0.875788 0.820091 0.886632 0.838162 0.830847 0.606002 0.630512 0.572305 0.940686 0.883361 0.767023 0.602654 0.722485 0.823152 0.687553 0.695848 0.885348 0.672221 0.628383 0.669200 0.814372 0.761005 0.932306
0.730088 0.749010 0.924205 0.972486 0.947229 0.701718 0.662004 0.595705 0.571703 0.000000 0.923072 0.948026 0.646283 0.748387 0.798716 0.781044 0.914335 0.708633 0.952255 0.886049 0.870625 0.870105 0.860706 0.640716 0.797837 0.826729 0.622583 0.861396 0.805071 0.858435 0.532132 0.551282 0.640286 0.560721 0.802673 0.981672 0.844497 0.909702 0.992795 0.955560 0.924635 0.767308 0.443793 0.541928 0.393128 0.440012 0.667936 0.567751 0.533884 0.696475 0.574764 0.785382 0.647152 0.573607 0.962077 0.854328 0.758142 0.661822 0.777813 0.923183 0.729745 0.538175 0.970983 0.851701 0.809133 0.890470 0.663976 0.503234 0.729414 0.780638 0.756033 0.630664 0.505322 0.657363 0.971066 0.793398 0.686720 0.612562 0.950835 0.951699 0.855556 0.693747 0.781622 0.739621 0.663163 0.732128 0.682782 0.802767 0.921253 0.675787 0.683344 0.921577 0.890547 0.909389 0.958819 0.806925 0.757317 0.732939 0.495942 0.533763 0.466214 0.790864 0.606265 0.555744 0.631308 0.747044 0.918087 0.580261 0.812955 0.792969 0.675387 0.633050 0.609836 0.809960 0.754902 0.822551
0.427108 0.568104 0.979616 0.953298 0.918848 0.717172 0.753358 0.754883 0.951212 0.923072 0.000000 0.550396 0.833332 0.638888 0.961415 0.993204 0.541928 0.477155 0.514700 0.499566 0.846043 0.997432 0.775796 0.944838 0.797364 0.896994 0.894379 0.896244 0.638849 0.472707 0.799400 0.791445 0.661930 0.548869 0.886253 0.773040 0.947128 0.872188 0.855049 0.827317 0.879476 0.866788 0.696450 0.658914 0.733087 0.692852 0.618963 0.759930 0.641575 0.705194 0.817927 0.797244 0.972232 0.848080 0.668776 0.696344 0.512840 0.637844 0.542741 0.621824 0.835535 0.985289 0.549583 0.667680 0.886733 0.926122 0.670904 0.715009 0.680799 0.736753 0.995023 0.894715 0.958886 0.946811 0.856671 0.848752 0.824148 0.930087 0.768030 0.629552 0.458964 0.501047 0.785024 0.624262 0.887519 0.902549 0.842205 0.880388 0.870236 0.891612 0.719672 0.788103 0.724912 0.816499 0.774846 0.978584 0.632693 0.743606 0.624341 0.691684 0.880401 0.753563 0.688896 0.666143 0.951418 0.879501 0.834397 0.963832 0.903912 0.808401 0.889581 0.805092 0.808925 0.847045 0.982394 0.905198
0.435728 0.472906 0.890345 0.789723 0.911231 0.805513 0.768567 0.715644 0.838648 0.948026 0.550396 0.000000 0.613883 0.476363 0.755664 0.644591 0.629761 0.469903 0.537112 0.380459 0.766824 0.774347 0.917795 0.727630 0.871736 0.994482 0.828064 0.920447 0.653999 0.525428 0.794094 0.894321 0.744458 0.634609 0.954003 0.771520 0.765355 0.600679 0.935579 0.659080 0.955925 0.958449 0.816170 0.822720 0.844083 0.813075 0.703891 0.748350 0.711514 0.743363 0.854713 0.807329 0.934090 0.749485 0.623829 0.732367 0.486471 0.476987 0.681208 0.614962 0.674175 0.753152 0.671157 0.508012 0.894375 0.764010 0.819591 0.800022 0.601181 0.585073 0.905232 0.827901 0.894515 0.914975 0.938447 0.908421 0.989965 0.910966 0.857927 0.569643 0.429286 0.452101 0.726422 0.525043 0.661278 0.631685 0.680612 0.752489 0.893344 0.745715 0.928088 0.953300 0.921310 0.895202 0.882945 0.885586 0.720848 0.850216 0.818135 0.839348 0.965792 0.921507 0.811645 0.869599 0.916031 0.894301 0.734477 0.823772 0.926118 0.890286 0.910690 0.887205 0.945536 0.816872 0.922061 0.896322
0.500841 0.462211 0.605352 0.543258 0.736003 0.994661 0.657416 0.735672 0.982244 0.646283 0.833332 0.613883 0.000000 0.352165 0.401358 0.403754 0.609021 0.576386 0.482139 0.530462 0.812966 0.726554 0.474065 0.408746 0.682488 0.893320 0.701870 0.956250 0.849521 0.874860 0.863439 0.992841 0.757883 0.864188 0.906378 0.873248 0.833172 0.848797 0.977660 0.929744 0.933737 0.949245 0.911158 0.839804 0.989244 0.960393 0.762312 0.866137 0.959255 0.867306 0.948388 0.713408 0.834252 0.952779 0.780736 0.798743 0.501446 0.453345 0.745383 0.655412 0.614575 0.823361 0.756875 0.703352 0.527762 0.617505 0.821793 0.924216 0.674058 0.699892 0.803682 0.942052 0.912406 0.960423 0.890198 0.880226 0.877069 0.992883 0.835547 0.617980 0.575647 0.512089 0.661213 0.590739 0.378897 0.467107 0.559765 0.620159 0.823871 0.619655 0.813945 0.814678 0.769858 0.797248 0.860944 0.960026 0.829794 0.953607 0.915632 0.851056 0.915161 0.880566 0.973542 0.945392 0.890890 0.910423 0.958603 0.876256 0.874181 0.983165 0.898307 0.883305 0.956715 0.913336 0.909098 0.965689
0.413576 0.389861 0.800160 0.665530 0.951048 0.914019 0.737379 0.719806 0.879552 0.748387 0.638888 0.476363 0.352165 0.000000 0.489372 0.361820 0.508629 0.416632 0.384234 0.452542 0.877694 0.703765 0.701639 0.534517 0.901833 0.970085 0.752836 0.959139 0.684762 0.631328 0.742471 0.861891 0.775116 0.745504 0.994242 0.789189 0.984004 0.824574 0.983995 0.838870 0.905196 0.958334 0.801506 0.725999 0.936163 0.830273 0.628662 0.775608 0.887002 0.769154 0.853164 0.683467 0.859780 0.818367 0.775122 0.714672 0.359666 0.397415 0.616237 0.548661 0.673009 0.853406 0.692495 0.614621 0.752986 0.704520 0.815397 0.894301 0.741483 0.711062 0.948037 0.818440 0.874691 0.994311 0.821341 0.976039 0.925102 0.969500 0.708205 0.489789 0.432348 0.401971 0.549356 0.491493 0.501979 0.525496 0.672642 0.662269 0.801732 0.662748 0.821504 0.854849 0.826447 0.871986 0.844463 0.994813 0.816870 0.862206 0.811195 0.744540 0.949515 0.882618 0.838324 0.890465 0.899976 0.895572 0.967256 0.819699 0.849177 0.913807 0.838293 0.820868 0.916132 0.801308 0.832394 0.950700
0.755360 0.656535 0.664562 0.589158 0.751908 0.998851 0.674538 0.801601 0.926395 0.798716 0.961415 0.755664 0.401358 0.489372 0.000000 0.323073 0.712058 0.710730 0.627854 0.757136 0.861372 0.787277 0.415056 0.430485 0.702551 0.923159 0.751325 0.956964 0.734841 0.876252 0.964727 0.799032 0.785654 0.867982 0.966618 0.862203 0.953250 0.855111 0.979199 0.884148 0.953922 0.994153 0.860412 0.831591 0.915050 0.881451 0.797789 0.865577 0.983589 0.914806 0.917330 0.767355 0.704552 0.988254 0.890494 0.857687 0.612753 0.608306 0.765874 0.734906 0.606284 0.782639 0.769875 0.703091 0.526386 0.671594 0.831681 0.890185 0.911326 0.899107 0.818227 0.931565 0.989360 0.860278 0.891324 0.839754 0.886256 0.816120 0.707016 0.660392 0.707473 0.698918 0.618752 0.685924 0.435827 0.520388 0.718636 0.595093 0.811806 0.672461 0.941287 0.948623 0.933543 0.916850 0.808787 0.941545 0.820192 0.983876 0.933348 0.809887 0.933678 0.946227 0.993023 0.926965 0.773279 0.806279 0.902175 0.964821 0.808702 0.982244 0.865565 0.857510 0.855354 0.906257 0.864990 0.980416
0.714803 0.590310 0.730137 0.629574 0.841439 0.921736 0.756664 0.773716 0.958163 0.781044 0.993204 0.644591 0.403754 0.361820 0.323073 0.000000 0.704528 0.676999 0.631359 0.695817 0.853217 0.709679 0.454770 0.423111 0.742123 0.946865 0.777028 0.925232 0.732495 0.795787 0.999183 0.821536 0.825028 0.849863 0.978992 0.833171 0.957487 0.853259 0.979365 0.924995 0.880309 0.900404 0.855099 0.796303 0.974269 0.885031 0.740325 0.866426 0.989906 0.905030 0.891470 0.771068 0.740439 0.913453 0.907085 0.817266 0.560638 0.549950 0.761462 0.667066 0.594584 0.732175 0.843078 0.659225 0.613979 0.662968 0.909752 0.966801 0.924069 0.830043 0.991656 0.865469 0.960184 0.867552 0.977742 0.767503 0.983251 0.853841 0.752005 0.663562 0.651942 0.646319 0.597606 0.593197 0.446860 0.482612 0.764208 0.649433 0.808608 0.681001 0.958671 0.991192 0.984583 0.947104 0.915180 0.943781 0.897317 0.995188 0.947612 0.830109 0.940172 0.997174 0.968613 0.900081 0.845528 0.841849 0.937369 0.869646 0.826768 0.955193 0.866735 0.816098 0.880065 0.820902 0.756493 0.972171
0.388052 0.390535 0.937876 0.983290 0.894129 0.963499 0.830002 0.903992 0.866291 0.914335 0.541928 0.629761 0.609021 0.508629 0.712058 0.704528 0.000000 0.312899 0.470019 0.456727 0.955149 0.770602 0.985343 0.896476 0.919216 0.827947 0.970881 0.928368 0.516152 0.514581 0.803544 0.827823 0.692102 0.674244 0.947412 0.982972 0.970505 0.783938 0.974802 0.797327 0.861655 0.870637 0.692203 0.573109 0.783649 0.642743 0.571372 0.604147 0.551554 0.511865 0.604048 0.523394 0.701388 0.980453 0.600084 0.495636 0.316886 0.324500 0.471219 0.385595 0.881909 0.911602 0.334618 0.405234 0.907837 0.906950 0.861119 0.906549 0.584833 0.564863 0.954202 0.757244 0.835136 0.992671 0.838604 0.961526 0.761738 0.987605 0.562486 0.628993 0.266072 0.326099 0.453360 0.400911 0.667787 0.801837 0.779615 0.559858 0.780412 0.703808 0.915564 0.882374 0.967529 0.954906 0.735394 0.942453 0.728571 0.850191 0.705744 0.799108 0.883036 0.837826 0.609944 0.695310 0.919155 0.911967 0.985137 0.912586 0.985869 0.867112 0.826513 0.803788 0.792687 0.840256 0.823091 0.929204
0.288117 0.311012 0.919612 0.937947 0.925358 0.960165 0.913782 0.984740 0.692072 0.708633 0.477155 0.469903 0.576386 0.416632 0.710730 0.676999 0.312899 0.000000 0.446355 0.369530 0.885977 0.758750 0.988870 0.771584 0.976295 0.828037 0.872774 0.994768 0.608497 0.502770 0.588472 0.991091 0.807625 0.772554 0.974143 0.847539 0.932552 0.770128 0.905206 0.745145 0.951129 0.912636 0.865255 0.793958 0.943153 0.838853 0.702780 0.773448 0.699693 0.652947 0.810435 0.706609 0.925714 0.730913 0.592467 0.568408 0.263665 0.267273 0.528162 0.475993 0.937955 0.806053 0.422012 0.483674 0.998125 0.941859 0.862251 0.988034 0.526438 0.507271 0.868391 0.654681 0.735537 0.895375 0.791914 0.825716 0.944432 0.824297 0.607114 0.560669 0.255118 0.250289 0.456543 0.346914 0.578643 0.675414 0.659463 0.566227 0.728325 0.589867 0.964004 0.914213 0.911944 0.906309 0.754296 0.958329 0.724704 0.800830 0.866101 0.896367 0.774380 0.941643 0.778587 0.853294 0.996789 0.905078 0.920368 0.774691 0.950646 0.888791 0.931611 0.933905 0.952068 0.863631 0.930386 0.981588
0.410211 0.440221 0.788715 0.647849 0.958676 0.777813 0.562401 0.582433 0.969356 0.952255 0.514700 0.537112 0.482139 0.384234 0.627854 0.631359 0.470019 0.446355 0.000000 0.419424 0.903065 0.734914 0.852987 0.736416 0.973486 0.977912 0.894911 0.851053 0.636444 0.643156 0.848384 0.706361 0.601586 0.600463 0.902687 0.913648 0.887156 0.848854 0.905528 0.824959 0.844587 0.931918 0.625993 0.588232 0.717406 0.669425 0.510908 0.563618 0.704575 0.684520 0.783086 0.640816 0.794414 0.959100 0.628090 0.600651 0.408971 0.478284 0.499154 0.523622 0.642792 0.835310 0.566713 0.629641 0.845673 0.712399 0.594601 0.667744 0.692937 0.852335 0.757871 0.984466 0.966233 0.993193 0.856714 0.959728 0.772912 0.915050 0.712741 0.517170 0.423920 0.404268 0.680804 0.550579 0.609776 0.680802 0.705140 0.644087 0.837965 0.817687 0.638211 0.711320 0.632805 0.739237 0.751092 0.837868 0.515885 0.799108 0.557075 0.541359 0.884691 0.713081 0.674896 0.765608 0.722617 0.731166 0.904598 0.929686 0.804971 0.699938 0.789246 0.687857 0.741868 0.794360 0.823832 0.852411
0.346940 0.337350 0.845495 0.693803 0.941127 0.873777 0.698881 0.693590 0.881260 0.886049 0.499566 0.380459 0.530462 0.452542 0.757136 0.695817 0.456727 0.369530 0.419424 0.000000 0.803139 0.788530 0.914434 0.737733 0.905635 0.982377 0.811324 0.904330 0.653725 0.588714 0.758073 0.908218 0.679463 0.647617 0.997520 0.866397 0.837519 0.630290 0.856303 0.702759 0.957299 0.839740 0.752448 0.716268 0.844838 0.786439 0.600229 0.704816 0.684468 0.609932 0.759770 0.643566 0.824755 0.876816 0.527855 0.595583 0.375098 0.345928 0.517653 0.508762 0.727615 0.898262 0.580302 0.519676 0.875938 0.805531 0.699938 0.792338 0.483734 0.548647 0.927752 0.889791 0.830195 0.934988 0.886696 0.945840 0.774917 0.902194 0.751868 0.646620 0.331405 0.338021 0.625475 0.428213 0.554736 0.617523 0.654529 0.699843 0.774488 0.640006 0.776891 0.860190 0.765459 0.866355 0.797637 0.825015 0.620071 0.867162 0.760659 0.730472 0.938255 0.793128 0.728050 0.842731 0.834625 0.831279 0.836346 0.987071 0.900421 0.795525 0.910035 0.824513 0.961559 0.831368 0.896392 0.949452
0.757938 0.766084 0.733903 0.737917 0.863873 0.915372 0.907476 0.908354 0.997597 0.870625 0.846043 0.766824 0.812966 0.877694 0.861372 0.853217 0.955149 0.885977 0.903065 0.803139 0.000000 0.930306 0.875413 0.718613 0.692773 0.831642 0.888617 0.740351 0.982230 0.981567 0.958217 0.972642 0.863732 0.848924 0.765960 0.799153 0.869140 0.883339 0.777930 0.882280 0.955824 0.926585 0.936573 0.975747 0.984164 0.984722 0.978199 0.844932 0.967205 0.904429 0.887272 0.840551 0.796534 0.646341 0.805210 0.848057 0.812524 0.798821 0.856039 0.905127 0.671118 0.777466 0.981918 0.926493 0.662373 0.678187 0.869970 0.927661 0.746300 0.814061 0.988627 0.888016 0.955940 0.912205 0.831969 0.978156 0.997802 0.927012 0.816522 0.949003 0.860432 0.799921 0.772615 0.833904 0.663856 0.583362 0.789607 0.883843 0.710922 0.709844 0.869278 0.675033 0.957936 0.838628 0.974520 0.911463 0.992336 0.913021 0.904812 0.858850 0.852329 0.945696 0.874984 0.814070 0.857495 0.988256 0.865459 0.986951 0.955744 0.873312 0.871482 0.895360 0.941232 0.909945 0.962169 0.928575
0.784924 0.738904 0.976952 0.931162 0.947797 0.960694 0.952703 0.941971 0.860758 0.870105 0.997432 0.774347 0.726554 0.703765 0.787277 0.709679 0.770602 0.758750 0.734914 0.788530 0.930306 0.000000 0.883994 0.831752 0.950130 0.903797 0.879600 0.921988 0.873022 0.917592 0.901034 0.967146 0.969114 0.968806 0.948553 0.954530 0.961556 0.923224 0.924685 0.833343 0.985294 0.886238 0.914635 0.892861 0.959247 0.950371 0.866136 0.854456 0.902193 0.782104 0.824374 0.716865 0.729879 0.914100 0.822404 0.853362 0.729152 0.668064 0.870880 0.700048 0.890820 0.950494 0.756709 0.689650 0.978772 0.991739 0.896822 0.939435 0.930497 0.891124 0.957699 0.868825 0.954020 0.991093 0.877069 0.924903 0.906078 0.969770 0.956898 0.708436 0.724859 0.668893 0.786589 0.724415 0.846316 0.881996 0.748393 0.738360 0.934998 0.947061 0.980821 0.852933 0.960340 0.944196 0.874779 0.964401 0.718265 0.974297 0.905871 0.902243 0.952311 0.782224 0.954620 0.895027 0.916478 0.966591 0.908028 0.964618 0.899941 0.879005 0.874845 0.922551 0.917849 0.870391 0.717580 0.863678
0.971189 0.806007 0.474487 0.399597 0.551426 0.994481 0.637215 0.756284 0.771200 0.860706 0.775796 0.917795 0.474065 0.701639 0.415056 0.454770 0.985343 0.988870 0.852987 0.914434 0.875413 0.883994 0.000000 0.342480 0.499791 0.673549 0.659883 0.951812 0.997867 0.881485 0.847036 0.924477 0.853013 0.996353 0.860408 0.877120 0.820261 0.866201 0.994467 0.931891 0.925072 0.933011 0.960686 0.982349 0.970001 0.997137 0.981825 0.982797 0.824731 0.924414 0.959349 0.934797 0.782998 0.931732 0.977961 0.960919 0.910598 0.836038 0.996445 0.952117 0.571948 0.684282 0.931741 0.915425 0.323483 0.549880 0.734391 0.860025 0.953559 0.992064 0.730514 0.835343 0.837033 0.837823 0.942069 0.673002 0.942746 0.833510 0.922080 0.987190 0.996905 0.982948 0.808316 0.912328 0.417174 0.453484 0.737073 0.748526 0.785028 0.684282 0.853561 0.976362 0.801143 0.832883 0.807122 0.938130 0.935744 0.984991 0.999062 0.897670 0.939521 0.925602 0.817695 0.721639 0.762857 0.748470 0.866140 0.990072 0.785734 0.931244 0.882066 0.831766 0.943297 0.959718 0.859709 0.924195
0.740187 0.654621 0.554558 0.445577 0.609084 0.988185 0.763505 0.841687 0.965152 0.640716 0.944838 0.727630 0.408746 0.534517 0.430485 0.423111 0.896476 0.771584 0.736416 0.737733 0.718613 0.831752 0.342480 0.000000 0.459724 0.730251 0.527106 0.880529 0.953580 0.972020 0.962152 0.998852 0.892316 0.983049 0.885926 0.785193 0.925918 0.827731 0.884624 0.940930 0.989058 0.983703 0.874166 0.906797 0.865528 0.860435 0.976966 0.904251 0.764482 0.872781 0.787784 0.940270 0.981526 0.762428 0.850442 0.924912 0.716770 0.665547 0.980084 0.911665 0.677887 0.837215 0.979829 0.907895 0.391191 0.599580 0.868580 0.977984 0.749290 0.901086 0.887371 0.926305 0.981154 0.955153 0.971158 0.900417 0.958626 0.954389 0.890566 0.865843 0.813276 0.716025 0.734083 0.676786 0.347162 0.359921 0.663914 0.683427 0.666382 0.539464 0.982522 0.927339 0.852165 0.925492 0.864460 0.936747 0.940442 0.990521 0.908566 0.976726 0.819983 0.952081 0.786262 0.676702 0.872578 0.892942 0.967424 0.826675 0.971927 0.921640 0.984532 0.979331 0.913853 0.925361 0.989616 0.928621
0.858796 0.786360 0.483850 0.527519 0.620114 0.970773 0.786648 0.854361 0.796577 0.797837 0.797364 0.871736 0.682488 0.901833 0.702551 0.742123 0.919216 0.976295 0.973486 0.905635 0.692773 0.950130 0.499791 0.459724 0.000000 0.426563 0.625431 0.828296 0.793779 0.716419 0.808632 0.988959 0.830692 0.994305 0.794344 0.771161 0.647825 0.661862 0.843711 0.875724 0.937143 0.961100 0.848634 0.864670 0.936803 0.863383 0.961635 0.866707 0.765538 0.819224 0.820997 0.854098 0.877055 0.739933 0.745647 0.974306 0.901030 0.849100 0.981013 0.979795 0.636109 0.733635 0.770375 0.949813 0.373551 0.547223 0.855999 0.883510 0.631688 0.755553 0.991286 0.893084 0.955774 0.895899 0.941585 0.922509 0.874355 0.988980 0.946533 0.883378 0.955004 0.931061 0.838719 0.846577 0.447062 0.399755 0.838316 0.827440 0.694652 0.519441 0.947535 0.656317 0.922505 0.892966 0.845327 0.933487 0.872115 0.892547 0.816875 0.782618 0.825929 0.783850 0.725580 0.657630 0.925817 0.958331 0.972900 0.840412 0.907420 0.895926 0.970345 0.894147 0.834513 0.779572 0.972521 0.965332
0.987123 0.954948 0.417824 0.515199 0.649874 0.807856 0.549451 0.580542 0.510976 0.826729 0.896994 0.994482 0.893320 0.970085 0.923159 0.946865 0.827947 0.828037 0.977912 0.982377 0.831642 0.903797 0.673549 0.730251 0.426563 0.000000 0.933177 0.855404 0.778638 0.729578 0.541225 0.807846 0.614289 0.728724 0.698622 0.676607 0.567998 0.777140 0.744807 0.850012 0.974301 0.778205 0.820878 0.852862 0.747004 0.832286 0.804155 0.923483 0.933792 0.939259 0.967379 0.982663 0.933818 0.946928 0.695133 0.948390 0.976257 0.946990 0.887894 0.984463 0.519003 0.545932 0.722404 0.868373 0.488738 0.453433 0.588192 0.550113 0.778172 0.895387 0.805877 0.635187 0.719299 0.707959 0.940558 0.974714 0.989366 0.858257 0.883842 0.848037 0.837241 0.886084 0.946081 0.926659 0.664473 0.562866 0.981920 0.999229 0.725859 0.724957 0.774288 0.837883 0.768575 0.935264 0.864647 0.856273 0.968283 0.954335 0.886880 0.931696 0.804279 0.929515 0.873041 0.906269 0.731837 0.798053 0.911455 0.963818 0.795513 0.887328 0.737194 0.932797 0.949558 0.942701 0.931839 0.882412
0.843595 0.793377 0.924607 0.779303 0.659137 0.833038 0.906321 0.896840 0.848915 0.622583 0.894379 0.828064 0.701870 0.752836 0.751325 0.777028 0.970881 0.872774 0.894911 0.811324 0.888617 0.879600 0.659883 0.527106 0.625431 0.933177 0.000000 0.972474 0.878504 0.855628 0.737905 0.861719 0.767958 0.727410 0.917243 0.948311 0.952084 0.788727 0.918799 0.985610 0.909259 0.827376 0.674476 0.700657 0.623644 0.662964 0.851377 0.757211 0.727170 0.858557 0.742554 0.918009 0.817472 0.778873 0.978967 0.967356 0.867011 0.761955 0.826544 0.978080 0.953158 0.880725 0.952054 0.990330 0.706122 0.921582 0.863946 0.817882 0.795497 0.819094 0.859323 0.760819 0.806776 0.787108 0.966968 0.890875 0.934727 0.699684 0.961572 0.987413 0.933880 0.828098 0.834493 0.882370 0.648406 0.666989 0.725342 0.764738 0.986567 0.711990 0.889311 0.897045 0.981620 0.905365 0.997947 0.972590 0.894475 0.939242 0.775205 0.813201 0.720549 0.924815 0.809914 0.710494 0.918777 0.981150 0.936590 0.850420 0.990929 0.999029 0.995858 0.897539 0.786568 0.763009 0.863472 0.983138
0.916241 0.933681 0.922211 0.991247 0.914700 0.926298 0.984154 0.965704 0.937832 0.861396 0.896244 0.920447 0.956250 0.959139 0.956964 0.925232 0.928368 0.994768 0.851053 0.904330 0.740351 0.921988 0.951812 0.880529 0.828296 0.855404 0.972474 0.000000 0.917893 0.861704 0.916079 0.864304 0.989962 0.936288 0.927356 0.845532 0.895609 0.932842 0.924389 0.914702 0.960118 0.816637 0.958304 0.990685 0.945519 0.992537 0.992577 0.942555 0.961489 0.977843 0.993524 0.943182 0.994171 0.812363 0.911178 0.919717 0.922691 0.896226 0.974455 0.955212 0.968733 0.969947 0.917032 0.963025 0.887066 0.959447 0.924803 0.895707 0.869829 0.779633 0.983174 0.873212 0.864119 0.915446 0.999983 0.979367 0.956855 0.955530 0.865773 0.849222 0.979293 0.986335 0.872509 0.967396 0.853309 0.842143 0.892190 0.977871 0.991729 0.811356 0.847888 0.772756 0.837199 0.759589 0.906260 0.892419 0.854586 0.868115 0.900586 0.800482 0.776893 0.818061 0.840416 0.822990 0.846725 0.755584 0.920141 0.945390 0.860734 0.751854 0.931252 0.938379 0.922092 0.976208 0.876370 0.926373
0.707866 0.673868 0.888972 0.964480 0.895497 0.854252 0.836398 0.851261 0.979599 0.805071 0.638849 0.653999 0.849521 0.684762 0.734841 0.732495 0.516152 0.608497 0.636444 0.653725 0.982230 0.873022 0.997867 0.953580 0.793779 0.778638 0.878504 0.917893 0.000000 0.315805 0.947360 0.545556 0.667348 0.624336 0.987253 0.963772 0.991673 0.953565 0.987673 0.906566 0.953862 0.914331 0.592081 0.555719 0.613269 0.532029 0.623675 0.566992 0.502671 0.528944 0.566260 0.598767 0.626695 0.850977 0.843698 0.680654 0.619282 0.661583 0.556285 0.544621 0.812769 0.919855 0.459020 0.446517 0.829310 0.930706 0.798270 0.828461 0.898930 0.991988 0.995020 0.811673 0.964256 0.861445 0.920002 0.978920 0.818718 0.772514 0.556598 0.609591 0.481277 0.681512 0.674857 0.654250 0.895968 0.997630 0.912012 0.842481 0.943257 0.976601 0.993573 0.990429 0.887880 0.870856 0.737432 0.868454 0.599444 0.967040 0.711339 0.723234 0.895272 0.872413 0.668042 0.638218 0.818660 0.829033 0.922140 0.899758 0.898540 0.861712 0.798325 0.730967 0.706148 0.775032 0.774550 0.983566
0.636707 0.613209 0.827807 0.938044 0.849759 0.786521 0.935305 0.915904 0.849636 0.858435 0.472707 0.525428 0.874860 0.631328 0.876252 0.795787 0.514581 0.502770 0.643156 0.588714 0.981567 0.917592 0.881485 0.972020 0.716419 0.729578 0.855628 0.861704 0.315805 0.000000 0.893068 0.724037 0.769617 0.611725 0.958916 0.927512 0.968256 0.893885 0.997038 0.796265 0.967429 0.954549 0.668402 0.633205 0.683391 0.615981 0.667562 0.645149 0.471476 0.566286 0.631650 0.689927 0.769522 0.959277 0.869501 0.663913 0.588858 0.623556 0.589747 0.512985 0.886202 0.963484 0.471023 0.425375 0.738546 0.863606 0.845484 0.862990 0.889202 0.844361 0.873215 0.766720 0.937964 0.871835 0.957573 0.999921 0.941630 0.877110 0.600086 0.589707 0.422103 0.607440 0.697227 0.622484 0.968756 0.957617 0.871283 0.769879 0.997085 0.971230 0.966261 0.988229 0.885293 0.874990 0.818946 0.928637 0.670814 0.870653 0.745115 0.778899 0.914472 0.914771 0.666882 0.646465 0.955820 0.832769 0.832512 0.908251 0.976019 0.877555 0.868354 0.813864 0.834542 0.804894 0.801702 0.959238
0.677825 0.728737 0.667874 0.799641 0.845269 0.851520 0.639387 0.657183 0.477096 0.532132 0.799400 0.794094 0.863439 0.742471 0.964727 0.999183 0.803544 0.588472 0.848384 0.758073 0.958217 0.901034 0.847036 0.962152 0.808632 0.541225 0.737905 0.916079 0.947360 0.893068 0.000000 0.542809 0.559498 0.702208 0.774182 0.963626 0.666721 0.979504 0.775326 0.910911 0.970169 0.843323 0.612530 0.648465 0.528517 0.586723 0.747837 0.755845 0.816483 0.874702 0.713789 0.872363 0.662372 0.684807 0.949119 0.962163 0.741492 0.671911 0.895985 0.986040 0.586283 0.508504 0.875210 0.978775 0.858170 0.735627 0.740391 0.565873 0.856398 0.761666 0.811953 0.693645 0.559580 0.628993 0.907496 0.809357 0.811540 0.508952 0.995391 0.930679 0.766361 0.644249 0.936210 0.782793 0.936417 0.996685 0.747841 0.859080 0.973424 0.871242 0.960183 0.806269 0.918117 0.727898 0.945519 0.936661 0.920349 0.988212 0.796410 0.831074 0.589927 0.992933 0.943488 0.924993 0.754945 0.842547 0.827689 0.773480 0.799058 0.991185 0.772831 0.837969 0.751882 0.890418 0.870364 0.922349
0.958971 0.927489 0.808870 0.771107 0.939460 0.810829 0.580301 0.542567 0.623821 0.551282 0.791445 0.894321 0.992841 0.861891 0.799032 0.821536 0.827823 0.991091 0.706361 0.908218 0.972642 0.967146 0.924477 0.998852 0.988959 0.807846 0.861719 0.864304 0.545556 0.724037 0.542809 0.000000 0.514901 0.510346 0.795655 0.954668 0.750012 0.945406 0.836011 0.994467 0.963132 0.945216 0.435858 0.414213 0.468932 0.430093 0.516541 0.519705 0.627396 0.671918 0.601064 0.655991 0.631930 0.734139 0.770604 0.776757 0.854513 0.992299 0.553755 0.685219 0.576381 0.620330 0.794954 0.717102 0.970452 0.758914 0.602938 0.560369 0.921932 0.831594 0.830642 0.847440 0.684998 0.683973 0.936057 0.926335 0.745276 0.629672 0.699569 0.652766 0.820112 0.942784 0.802073 0.850590 0.946592 0.935152 0.934823 0.930064 0.884194 0.899865 0.768379 0.985940 0.945940 0.972855 0.848759 0.884512 0.693673 0.970971 0.543963 0.577583 0.568911 0.745715 0.628157 0.711092 0.634181 0.758458 0.918600 0.800821 0.661272 0.824194 0.807965 0.703100 0.583552 0.857764 0.729106 0.988721
0.705044 0.697314 0.551660 0.600037 0.906368 0.637063 0.343855 0.401089 0.508706 0.640286 0.661930 0.744458 0.757883 0.775116 0.785654 0.825028 0.692102 0.807625 0.601586 0.679463 0.863732 0.969114 0.853013 0.892316 0.830692 0.614289 0.767958 0.989962 0.667348 0.769617 0.559498 0.514901 0.000000 0.340409 0.660887 0.821920 0.609996 0.735124 0.829535 0.901310 0.904554 0.672028 0.373707 0.394213 0.344430 0.396266 0.409372 0.482973 0.583186 0.603597 0.565062 0.637395 0.640218 0.838624 0.551195 0.622260 0.693306 0.786882 0.433004 0.654272 0.367474 0.503446 0.674435 0.636609 0.753256 0.557185 0.391102 0.352745 0.765092 0.889072 0.679508 0.774219 0.743312 0.671371 0.804646 0.899519 0.636575 0.674740 0.745896 0.759607 0.693421 0.783983 0.797719 0.764056 0.701882 0.698402 0.987364 0.841487 0.786403 0.845078 0.655734 0.939648 0.746142 0.996494 0.736069 0.870403 0.613912 0.810719 0.506342 0.561257 0.637968 0.777691 0.756369 0.646451 0.560651 0.678043 0.914947 0.863327 0.808548 0.808320 0.668938 0.656518 0.612570 0.716824 0.738077 0.938255
0.699358 0.709726 0.668673 0.720296 0.980848 0.523251 0.407573 0.386244 0.677242 0.560721 0.548869 0.634609 0.864188 0.745504 0.867982 0.849863 0.674244 0.772554 0.600463 0.647617 0.848924 0.968806 0.996353 0.983049 0.994305 0.728724 0.727410 0.936288 0.624336 0.611725 0.702208 0.510346 0.340409 0.000000 0.671891 0.784106 0.680423 0.750035 0.892830 0.925372 0.837154 0.721459 0.401506 0.404891 0.357619 0.400508 0.377617 0.479992 0.552384 0.641476 0.587965 0.689056 0.684226 0.920405 0.561471 0.630212 0.675331 0.792809 0.414104 0.550301 0.414431 0.477676 0.629877 0.573248 0.900686 0.589128 0.425740 0.377239 0.818453 0.891004 0.787383 0.784175 0.740757 0.663175 0.854190 0.943941 0.804035 0.689404 0.824832 0.718506 0.633070 0.729485 0.787418 0.753244 0.825004 0.785478 0.974483 0.891239 0.822563 0.969524 0.692297 0.954112 0.797190 0.926517 0.803890 0.863938 0.571772 0.834812 0.505342 0.553038 0.554880 0.818784 0.645016 0.566027 0.621110 0.671063 0.993033 0.833292 0.847265 0.775804 0.686860 0.651708 0.620817 0.791121 0.823016 0.912538
0.952585 0.957044 0.654804 0.680685 0.925653 0.851618 0.632253 0.713960 0.655969 0.802673 0.886253 0.954003 0.906378 0.994242 0.966618 0.978992 0.947412 0.974143 0.902687 0.997520 0.765960 0.948553 0.860408 0.885926 0.794344 0.698622 0.917243 0.927356 0.987253 0.958916 0.774182 0.795655 0.660887 0.671891 0.000000 0.845250 0.906091 0.855966 0.692144 0.906699 0.937487 0.811111 0.853636 0.854972 0.702500 0.819253 0.851060 0.977669 0.981741 0.897130 0.963907 0.828534 0.964969 0.858556 0.708570 0.808027 0.960912 0.952423 0.786672 0.962411 0.638137 0.698815 0.967445 0.950060 0.687122 0.657968 0.524209 0.593592 0.901919 0.863839 0.813739 0.804922 0.802607 0.887171 0.987478 0.971312 0.968679 0.900556 0.929741 0.915895 0.985271 0.948465 0.853869 0.990851 0.803287 0.717632 0.967028 0.939927 0.708318 0.771291 0.876007 0.857340 0.761796 0.975984 0.828949 0.940778 0.768779 0.674839 0.817467 0.857245 0.889333 0.895646 0.981729 0.968082 0.760365 0.815479 0.891775 0.933491 0.831807 0.946815 0.927912 0.801723 0.846935 0.945255 0.949001 0.948788
0.785868 0.891114 0.776990 0.752011 0.825181 0.744393 0.771115 0.797101 0.971129 0.981672 0.773040 0.771520 0.873248 0.789189 0.862203 0.833171 0.982972 0.847539 0.913648 0.866397 0.799153 0.954530 0.877120 0.785193 0.771161 0.676607 0.948311 0.845532 0.963772 0.927512 0.963626 0.954668 0.821920 0.784106 0.845250 0.000000 0.923360 0.906272 0.992034 0.893445 0.834364 0.926506 0.998447 0.929206 0.976270 0.975744 0.915810 0.843991 0.933046 0.894639 0.882327 0.853807 0.861194 0.725405 0.819946 0.991793 0.857892 0.906379 0.927415 0.920838 0.780453 0.843118 0.866375 0.956591 0.713499 0.713021 0.822130 0.869813 0.793696 0.777464 0.939939 0.937967 0.872618 0.981573 0.957698 0.999197 0.865072 0.890202 0.975790 0.896759 0.881673 0.862815 0.874969 0.923345 0.749384 0.692430 0.996023 0.908845 0.781773 0.842114 0.867472 0.902149 0.973206 0.950057 0.923577 0.959041 0.961998 0.871118 0.988758 0.993631 0.990391 0.960430 0.919754 0.899952 0.942987 0.971180 0.989876 0.904059 0.964456 0.890715 0.888875 0.981963 0.913820 0.880271 0.853111 0.826090
0.877983 0.913216 0.576218 0.685297 0.827663 0.880266 0.584841 0.571826 0.763489 0.844497 0.947128 0.765355 0.833172 0.984004 0.953250 0.957487 0.970505 0.932552 0.887156 0.837519 0.869140 0.961556 0.820261 0.925918 0.647825 0.567998 0.952084 0.895609 0.991673 0.968256 0.666721 0.750012 0.609996 0.680423 0.906091 0.923360 0.000000 0.654394 0.892142 0.907735 0.826175 0.885550 0.778805 0.791078 0.693529 0.772340 0.737048 0.745249 0.877069 0.919876 0.876461 0.912746 0.842263 0.901141 0.583130 0.858793 0.949036 0.947769 0.823376 0.961620 0.562826 0.607354 0.984454 0.853893 0.759086 0.630256 0.692567 0.626545 0.765085 0.863999 0.783084 0.667977 0.844530 0.783885 0.977502 0.905530 0.885151 0.865748 0.928768 0.968173 0.906209 0.909449 0.928951 0.849553 0.806016 0.771093 0.956111 0.902537 0.992574 0.897525 0.854265 0.917642 0.892675 0.940114 0.851240 0.983953 0.819835 0.852931 0.810732 0.865963 0.784965 0.959348 0.928209 0.973699 0.802737 0.909614 0.922835 0.994304 0.819016 0.869392 0.950120 0.900292 0.966113 0.996039 0.949338 0.933846
0.681328 0.657547 0.757154 0.778788 0.899270 0.913176 0.785277 0.799976 0.987430 0.909702 0.872188 0.600679 0.848797 0.824574 0.855111 0.853259 0.783938 0.770128 0.848854 0.630290 0.883339 0.923224 0.866201 0.827731 0.661862 0.777140 0.788727 0.932842 0.953565 0.893885 0.979504 0.945406 0.735124 0.750035 0.855966 0.906272 0.654394 0.000000 0.772450 0.723069 0.932876 0.720797 0.903608 0.951685 0.841415 0.880447 0.788207 0.832404 0.783002 0.789107 0.849845 0.872611 0.952658 0.857976 0.571553 0.676776 0.741832 0.667323 0.795322 0.786715 0.712596 0.787634 0.852373 0.674188 0.810806 0.799554 0.821863 0.788976 0.614134 0.635310 0.998873 0.995701 0.981075 0.966610 0.984051 0.988881 0.849270 0.905799 0.959391 0.959904 0.693218 0.718532 0.860242 0.706003 0.716236 0.686342 0.853184 0.790558 0.868443 0.700528 0.996663 0.784725 0.960899 0.936558 0.988072 0.886939 0.929817 0.898893 0.877959 0.941560 0.989883 0.934837 0.873336 0.981641 0.881236 0.978838 0.999983 0.885205 0.964176 0.874863 0.871037 0.895810 0.845278 0.999877 0.968601 0.905521
