0.000000 0.362678 0.894132 0.720290 0.996275 0.814806 0.865679 0.804966 0.584749 0.835726 0.449339 0.412660 0.562657 0.440471 0.754011 0.842909 0.456707 0.348669 0.481676 0.370946 0.731289 0.954890 0.746130 0.701454 0.903932 0.965378 0.897249 0.842042 0.692119 0.616627 0.939878 0.800243 0.569733 0.629348 0.996997 0.982682 0.915718 0.902220 0.785081 0.906728 0.873134 0.844138 0.849764 0.828803 0.999794 0.874131 0.799319 0.690108 0.836512 0.809319 0.985882 0.917869 0.861472 0.717570 0.712110 0.740588 0.304382 0.326949 0.594115 0.604361 0.751350 0.951717 0.478858 0.479907 0.978497 0.947054 0.720734 0.812097 0.402302 0.583813 0.882561 0.843721 0.836812 0.814306 0.788288 0.825667 0.857334 0.898197 0.709939 0.615893 0.419410 0.470926 0.480369 0.449133 0.500314 0.566609 0.892284 0.759095 0.815319 0.570411 0.728644 0.640121 0.795174 0.687404 0.899853 0.877638 0.959852 0.916948 0.971440 0.963902 0.971885 0.906194 0.860412 0.660029 0.881122 0.646074 0.872814 0.943057 0.943316 0.727404 0.942310 0.928172 0.958982 0.744944 0.904273 0.767929
0.362678 0.000000 0.845551 0.582012 0.974376 0.843884 0.760821 0.635883 0.762338 0.990525 0.620387 0.465178 0.689227 0.542360 0.780005 0.785324 0.536442 0.468144 0.531860 0.441876 0.847006 0.922463 0.766330 0.740450 0.917333 0.885979 0.903427 0.856401 0.699445 0.689352 0.828553 0.848839 0.621811 0.559453 0.944532 0.984025 0.855179 0.817328 0.676404 0.963835 0.945166 0.822098 0.981840 0.756875 0.965163 0.822554 0.775362 0.682555 0.801508 0.755414 0.899190 0.826498 0.967279 0.836729 0.782164 0.707330 0.308946 0.287458 0.628594 0.677021 0.756621 0.921861 0.582814 0.533828 0.890817 0.964626 0.742991 0.787645 0.468224 0.513695 0.965134 0.912242 0.861056 0.800170 0.775639 0.828784 0.731809 0.889960 0.657295 0.649514 0.454260 0.564319 0.570635 0.535890 0.625922 0.688269 0.937754 0.902634 0.839884 0.615833 0.815024 0.728872 0.872436 0.768611 0.845417 0.964981 0.994684 0.930732 0.976056 0.964220 0.894705 0.860424 0.940094 0.736779 0.924529 0.702955 0.931274 0.961591 0.964395 0.751697 0.892617 0.996154 0.933385 0.732736 0.929745 0.763419
0.894132 0.845551 0.000000 0.509689 0.997660 0.793334 0.801899 0.743544 0.682489 0.960552 0.985046 0.888909 0.632702 0.896120 0.630165 0.554159 0.848193 0.914618 0.913776 0.875821 0.749796 0.939625 0.670682 0.678093 0.521477 0.558307 0.808631 0.917546 0.989453 0.968278 0.705439 0.698231 0.969124 0.927414 0.757317 0.862311 0.665758 0.804054 0.836371 0.759522 0.842852 0.857959 0.906746 0.937324 0.844572 0.876794 0.981933 0.996919 0.813769 0.925788 0.886169 0.977956 0.859951 0.873012 0.994692 0.842690 0.900294 0.878685 0.981115 0.896780 0.808749 0.616438 0.838860 0.904484 0.484232 0.542361 0.998563 0.915101 0.777002 0.869416 0.731283 0.816357 0.802124 0.799994 0.994019 0.996018 0.725144 0.816612 0.917251 0.839546 0.896634 0.975814 0.952075 0.982301 0.938629 0.772215 0.876204 0.722739 0.800307 0.901032 0.891763 0.921844 0.872929 0.926678 0.844153 0.819723 0.792248 0.929284 0.996731 0.887427 0.645442 0.934323 0.850181 0.853947 0.996540 0.874442 0.826090 0.944680 0.829250 0.982641 0.979764 0.833494 0.922663 0.854475 0.657205 0.981841
0.720290 0.582012 0.509689 0.000000 0.990720 0.973551 0.801449 0.494216 0.937395 0.989531 0.924648 0.621961 0.723754 0.667212 0.768846 0.567687 0.956693 0.846196 0.767498 0.806723 0.671166 0.832642 0.711127 0.535335 0.525099 0.532034 0.735895 0.993008 0.942727 0.945502 0.783815 0.736070 0.852035 0.825115 0.835361 0.910214 0.609833 0.683157 0.668381 0.838054 0.922309 0.744437 0.961595 0.885655 0.739468 0.837555 0.955887 0.999780 0.772432 0.900221 0.843384 0.898448 0.790313 0.773528 0.996907 0.991875 0.616705 0.597082 0.959549 0.894915 0.886344 0.666987 0.978585 0.864450 0.593856 0.640217 0.985982 0.992042 0.664362 0.727545 0.870673 0.857807 0.993122 0.987938 0.988680 0.973822 0.770062 0.946297 0.862295 0.961061 0.987456 0.918767 0.844780 0.838099 0.944511 0.690852 0.970707 0.848494 0.790581 0.693332 0.815969 0.719445 0.924256 0.862891 0.874759 0.793917 0.990847 0.836454 0.900882 0.976743 0.744094 0.832675 0.826616 0.977891 0.833035 0.784994 0.869281 0.984486 0.958677 0.911746 0.950781 0.775125 0.907718 0.764810 0.735490 0.883815
0.996275 0.974376 0.997660 0.990720 0.000000 0.923798 0.762889 0.889460 0.933635 0.864571 0.877887 0.811525 0.752645 0.852722 0.813410 0.865329 0.932428 0.895764 0.816031 0.991149 0.969767 0.993710 0.734762 0.929038 0.957791 0.994008 0.950229 0.911022 0.851412 0.854448 0.702280 0.885734 0.830341 0.787661 0.981330 0.741814 0.940485 0.886668 0.974823 0.983569 0.929231 0.891137 0.834237 0.788162 0.867607 0.877657 0.853672 0.853049 0.915210 0.931094 0.884087 0.886519 0.794301 0.797386 0.810340 0.913657 0.832976 0.942692 0.844011 0.916084 0.750987 0.790904 0.854116 0.879434 0.963627 0.869230 0.777635 0.712656 0.959256 0.841164 0.735294 0.769729 0.819730 0.750120 0.982248 0.990817 0.937300 0.737862 0.972479 0.960881 0.996776 0.914805 0.952142 0.960962 0.874971 0.883152 0.967274 0.883988 0.782460 0.907899 0.957545 0.892126 0.979506 0.887371 0.979935 0.875752 0.892921 0.966953 0.818135 0.701571 0.825857 0.713019 0.772031 0.862379 0.723597 0.699019 0.966310 0.950951 0.943341 0.965535 0.853752 0.852354 0.975271 0.874999 0.791560 0.854072
0.814806 0.843884 0.793334 0.973551 0.923798 0.000000 0.922152 0.930033 0.706023 0.860312 0.929699 0.888334 0.990508 0.810589 0.905136 0.835859 0.810826 0.789990 0.800441 0.876606 0.923727 0.906171 0.961217 0.942888 0.929921 0.845939 0.871561 0.757859 0.958451 0.978848 0.858241 0.998267 0.886007 0.943447 0.952374 0.897742 0.854888 0.935987 0.939068 0.798827 0.720208 0.790637 0.847354 0.895587 0.922019 0.894729 0.863526 0.873334 0.875255 0.865421 0.901758 0.926628 0.972200 0.971698 0.981430 0.771748 0.741974 0.796632 0.853955 0.957019 0.981396 0.771118 0.805465 0.862641 0.920993 0.795604 0.870289 0.941743 0.875632 0.925855 0.762200 0.757420 0.692123 0.739352 0.951115 0.802189 0.902249 0.761401 0.900680 0.925896 0.797626 0.807043 0.831210 0.742968 0.782045 0.831387 0.714501 0.892898 0.934778 0.749497 0.948490 0.915592 0.992968 0.847905 0.987203 0.975601 0.833869 0.910487 0.996765 0.970418 0.993638 0.899508 0.945647 0.783334 0.973140 0.955484 0.927835 0.822852 0.889185 0.871571 0.933464 0.999763 0.978986 0.968664 0.909463 0.796092
0.865679 0.760821 0.801899 0.801449 0.762889 0.922152 0.000000 0.326563 0.763442 0.440803 0.843866 0.629574 0.593180 0.828629 0.762482 0.893556 0.723873 0.757494 0.623127 0.936859 0.906446 0.982942 0.708542 0.804355 0.689841 0.855545 0.793564 0.646379 0.653268 0.709943 0.550386 0.822399 0.542441 0.449145 0.837600 0.856363 0.921668 0.751386 0.834249 0.836330 0.876355 0.907451 0.415854 0.414864 0.516247 0.550544 0.609662 0.628948 0.586210 0.563902 0.495264 0.510831 0.542795 0.550764 0.835133 0.739335 0.831432 0.739990 0.429903 0.553365 0.311082 0.475664 0.539370 0.500235 0.860058 0.947204 0.387593 0.429752 0.970917 0.998130 0.515644 0.555414 0.822273 0.793740 0.910628 0.809184 0.508492 0.826383 0.580615 0.818944 0.818299 0.837708 0.957515 0.896586 0.970346 0.806290 0.990293 0.758670 0.919622 0.990780 0.595764 0.630196 0.679457 0.747049 0.725381 0.803087 0.580063 0.727246 0.388671 0.409472 0.684813 0.624337 0.635750 0.660410 0.645392 0.684009 0.706448 0.645985 0.823712 0.785049 0.622581 0.588102 0.478742 0.725324 0.576912 0.952484
0.804966 0.635883 0.743544 0.494216 0.889460 0.930033 0.326563 0.000000 0.830769 0.535391 0.880866 0.542078 0.632951 0.721773 0.800445 0.711669 0.757275 0.752022 0.662961 0.903968 0.956686 0.874528 0.743338 0.975285 0.925478 0.958022 0.966636 0.777748 0.807604 0.794094 0.605689 0.823154 0.637501 0.515174 0.878107 0.904636 0.927335 0.986023 0.940647 0.904429 0.846266 0.817256 0.580692 0.514353 0.765617 0.761112 0.772553 0.783933 0.816101 0.752847 0.702688 0.711913 0.738574 0.747456 0.951008 0.838483 0.695294 0.637902 0.542860 0.640910 0.431929 0.436140 0.640033 0.542937 0.981400 0.865627 0.542918 0.589653 0.950403 0.849381 0.584192 0.614524 0.883825 0.876147 0.916677 0.862535 0.575198 0.859347 0.604164 0.894213 0.898259 0.876670 0.938988 0.943860 0.914022 0.948361 0.914169 0.706542 0.812393 0.933172 0.779837 0.889152 0.778992 0.901164 0.811732 0.890173 0.710351 0.718157 0.623677 0.565255 0.854241 0.866123 0.849598 0.732322 0.655510 0.753600 0.695032 0.685379 0.877116 0.783755 0.693897 0.823379 0.577791 0.693265 0.617299 0.948113
0.584749 0.762338 0.682489 0.937395 0.933635 0.706023 0.763442 0.830769 0.000000 0.637384 0.744997 0.797596 0.982283 0.631328 0.781733 0.867589 0.662684 0.616242 0.840898 0.691390 0.978000 0.857764 0.877625 0.775555 0.974896 0.876460 0.884431 0.969043 0.970167 0.855354 0.662050 0.912912 0.954548 0.977518 0.839946 0.826662 0.990558 0.902970 0.846096 0.926115 0.868902 0.967033 0.603223 0.829392 0.915516 0.997148 0.971430 0.897704 0.950692 0.944196 0.936273 0.944363 0.864314 0.816110 0.770566 0.767619 0.639949 0.679313 0.866634 0.933798 0.864017 0.669683 0.748408 0.779045 0.821620 0.826505 0.953270 0.992866 0.740097 0.595273 0.529636 0.604441 0.686270 0.697738 0.918510 0.770778 0.776369 0.646169 0.925662 0.870185 0.635280 0.608329 0.625614 0.551508 0.686286 0.644158 0.670016 0.612322 0.865841 0.641249 0.689062 0.702838 0.838470 0.766743 0.968763 0.806538 0.844736 0.930985 0.767311 0.682996 0.968184 0.843329 0.947788 0.774915 0.919732 0.968354 0.672026 0.806821 0.852329 0.880174 0.969036 0.944177 0.755938 0.904410 0.741138 0.750436
0.835726 0.990525 0.960552 0.989531 0.864571 0.860312 0.440803 0.535391 0.637384 0.000000 0.992050 0.899495 0.924796 0.861654 0.878961 0.967722 0.895100 0.973049 0.900507 0.802922 0.853306 0.969826 0.914211 0.623964 0.604836 0.780031 0.679685 0.738654 0.755069 0.869582 0.534700 0.806175 0.681395 0.623965 0.919658 0.951862 0.812698 0.656502 0.796529 0.793748 0.940035 0.890980 0.403570 0.481535 0.522686 0.551690 0.636311 0.761968 0.581511 0.639613 0.508671 0.535799 0.491509 0.538716 0.979188 0.912562 0.953137 0.993614 0.611543 0.792636 0.515228 0.579295 0.741282 0.688982 0.740480 0.757778 0.618043 0.651767 0.738646 0.802320 0.547949 0.576779 0.848022 0.780268 0.980864 0.753292 0.569779 0.776729 0.697434 0.976447 0.955385 0.508957 0.769314 0.592173 0.649741 0.512344 0.778383 0.519687 0.843299 0.694672 0.692185 0.663147 0.799169 0.821592 0.930403 0.926842 0.672162 0.829716 0.460768 0.564503 0.745894 0.734715 0.670126 0.800896 0.764084 0.876918 0.790453 0.730985 0.813046 0.859809 0.733730 0.671782 0.524370 0.884633 0.763724 0.856745
0.449339 0.620387 0.985046 0.924648 0.877887 0.929699 0.843866 0.880866 0.744997 0.992050 0.000000 0.505762 0.624361 0.514729 0.790839 0.898603 0.416050 0.383789 0.618219 0.433516 0.841272 0.960549 0.881801 0.989056 0.956699 0.915347 0.990432 0.863108 0.602776 0.459804 0.820366 0.796308 0.609590 0.674664 0.830217 0.993677 0.982397 0.992884 0.907048 0.992354 0.804514 0.803377 0.829964 0.969460 0.907245 0.961850 0.916504 0.886742 0.969076 0.996602 0.893833 0.928297 0.820646 0.746146 0.836520 0.899644 0.567701 0.555756 0.779545 0.787522 0.770740 0.979552 0.483271 0.470115 0.771718 0.862173 0.895786 0.941140 0.458988 0.669193 0.989381 0.956073 0.863341 0.844632 0.851455 0.849805 0.869722 0.813911 0.703453 0.779491 0.542050 0.692621 0.611274 0.605129 0.791098 0.860308 0.959440 0.887726 0.975903 0.881832 0.745354 0.683461 0.715227 0.783701 0.935684 0.769471 0.989360 0.939504 0.896273 0.901391 0.919940 0.987265 0.894546 0.661386 0.860576 0.582088 0.921504 0.996168 0.999446 0.807608 0.985569 0.941050 0.977419 0.924256 0.955998 0.776524
0.412660 0.465178 0.888909 0.621961 0.811525 0.888334 0.629574 0.542078 0.797596 0.899495 0.505762 0.000000 0.445163 0.378201 0.610922 0.631495 0.451407 0.353681 0.395784 0.459967 0.792557 0.904052 0.577885 0.785841 0.982118 0.954595 0.933381 0.759577 0.578435 0.491899 0.658324 0.627729 0.492160 0.482909 0.974339 0.971024 0.844120 0.927357 0.896444 0.997353 0.893217 0.886132 0.923614 0.681684 0.956999 0.862564 0.719785 0.678397 0.869156 0.887922 0.921895 0.901542 0.946728 0.867299 0.748560 0.748219 0.442819 0.434879 0.550764 0.664437 0.547787 0.755925 0.395358 0.356378 0.940158 0.999735 0.641350 0.694104 0.535893 0.725533 0.860301 0.838889 0.941318 0.947525 0.842468 0.979003 0.735327 0.894717 0.535419 0.711720 0.494683 0.675459 0.559184 0.598140 0.686435 0.749743 0.942744 0.952390 0.809623 0.727232 0.829019 0.687185 0.821029 0.743106 0.898477 0.845619 0.962807 0.871409 0.921083 0.885534 0.936682 0.985352 0.860444 0.590722 0.653483 0.553672 0.971611 0.899641 0.938127 0.696355 0.901723 0.986012 0.864921 0.806126 0.700796 0.787667
0.562657 0.689227 0.632702 0.723754 0.752645 0.990508 0.593180 0.632951 0.982283 0.924796 0.624361 0.445163 0.000000 0.486944 0.472627 0.565368 0.696614 0.578956 0.473551 0.595788 0.794149 0.880229 0.446505 0.739804 0.858039 0.918962 0.939296 0.685794 0.648157 0.611111 0.589188 0.599139 0.543043 0.550033 0.801653 0.990068 0.957906 0.953420 0.958866 0.970042 0.882748 0.973139 0.774564 0.647284 0.823349 0.770504 0.648853 0.629490 0.818315 0.788765 0.827160 0.762472 0.946875 0.971823 0.772974 0.816106 0.669321 0.650459 0.581539 0.585444 0.443307 0.632813 0.555676 0.564906 0.810924 0.806494 0.592369 0.557443 0.688606 0.834455 0.785615 0.818687 0.847871 0.844166 0.957793 0.995644 0.742140 0.791227 0.728414 0.626667 0.694193 0.776603 0.731640 0.698292 0.619074 0.654481 0.879068 0.994642 0.700263 0.726630 0.901811 0.881337 0.859046 0.836548 0.844266 0.833925 0.734096 0.873304 0.784329 0.739266 0.994938 0.801175 0.778053 0.677339 0.728866 0.610793 0.955513 0.985362 0.865249 0.773960 0.787169 0.993533 0.785039 0.716768 0.570417 0.992755
0.440471 0.542360 0.896120 0.667212 0.852722 0.810589 0.828629 0.721773 0.631328 0.861654 0.514729 0.378201 0.486944 0.000000 0.640926 0.608991 0.504978 0.365711 0.444776 0.442290 0.802482 0.988604 0.638277 0.653657 0.857245 0.964620 0.957587 0.775930 0.647745 0.453114 0.816414 0.696895 0.550021 0.595037 0.952395 0.859150 0.803044 0.836081 0.786104 0.900214 0.975419 0.916610 0.900304 0.857323 0.945826 0.978933 0.872424 0.769382 0.992465 0.977312 0.962256 0.989276 0.820325 0.819530 0.806751 0.773588 0.485819 0.490583 0.707271 0.802751 0.682171 0.804655 0.505253 0.483942 0.970788 0.861180 0.761285 0.794329 0.565838 0.655956 0.991258 0.963067 0.911926 0.973866 0.912816 0.863713 0.927725 0.917782 0.718071 0.693975 0.490696 0.577272 0.440725 0.445806 0.631739 0.546956 0.781741 0.810482 0.651005 0.642601 0.675808 0.563117 0.699288 0.649726 0.903569 0.867662 0.945828 0.904263 0.887501 0.945944 0.894170 0.929836 0.967164 0.635869 0.811554 0.701363 0.902490 0.964586 0.961369 0.862243 0.965553 0.978668 0.952084 0.852495 0.834482 0.790291
0.754011 0.780005 0.630165 0.768846 0.813410 0.905136 0.762482 0.800445 0.781733 0.878961 0.790839 0.610922 0.472627 0.640926 0.000000 0.428131 0.785840 0.746004 0.560245 0.699782 0.771729 0.976036 0.443021 0.749841 0.868971 0.990887 0.961879 0.808641 0.546187 0.530843 0.469404 0.561915 0.581307 0.603643 0.775840 0.946455 0.784013 0.952812 0.940302 0.889541 0.966356 0.936036 0.727186 0.639163 0.871811 0.837337 0.659546 0.623793 0.894235 0.906319 0.884608 0.788294 0.995624 0.974998 0.862485 0.889601 0.814052 0.819370 0.769701 0.821213 0.573193 0.683504 0.703646 0.697625 0.797338 0.811692 0.775596 0.715630 0.829047 0.971046 0.686021 0.764236 0.731349 0.820357 0.926034 0.987090 0.709907 0.651622 0.769645 0.690982 0.754453 0.909550 0.752885 0.878622 0.725006 0.772640 0.963626 0.905845 0.872763 0.945579 0.791170 0.772266 0.638200 0.709106 0.892729 0.986836 0.957887 0.971381 0.900260 0.812027 0.819953 0.910577 0.908307 0.836289 0.876238 0.567145 0.940447 0.944284 0.806628 0.827576 0.951477 0.948544 0.952483 0.815276 0.535718 0.939500
0.842909 0.785324 0.554159 0.567687 0.865329 0.835859 0.893556 0.711669 0.867589 0.967722 0.898603 0.631495 0.565368 0.608991 0.428131 0.000000 0.896231 0.848959 0.716700 0.739889 0.760460 0.971093 0.493641 0.605382 0.626331 0.803940 0.877731 0.903056 0.765829 0.668522 0.547487 0.582164 0.776438 0.732855 0.876753 0.977618 0.663347 0.791740 0.702361 0.853456 0.795791 0.893249 0.885084 0.834545 0.865902 0.919067 0.885516 0.892709 0.809884 0.833433 0.880142 0.974903 0.836520 0.840645 0.998448 0.890033 0.846417 0.872182 0.927259 0.989019 0.711650 0.590496 0.936518 0.855889 0.617904 0.564218 0.957455 0.845054 0.837002 0.865647 0.700549 0.836983 0.628287 0.826758 0.990625 0.983003 0.857040 0.723561 0.881131 0.772961 0.947779 0.952694 0.727343 0.877529 0.885351 0.683910 0.942708 0.834213 0.789858 0.885441 0.614336 0.562097 0.577376 0.591294 0.943160 0.942537 0.926009 0.982755 0.873982 0.969556 0.659866 0.939078 0.791226 0.994681 0.982848 0.757663 0.959228 0.897560 0.830101 0.903452 0.921664 0.776565 0.986812 0.941089 0.620577 0.989242
0.456707 0.536442 0.848193 0.956693 0.932428 0.810826 0.723873 0.757275 0.662684 0.895100 0.416050 0.451407 0.696614 0.504978 0.785840 0.896231 0.000000 0.273254 0.507733 0.448734 0.924763 0.935956 0.889254 0.920241 0.731001 0.657406 0.898779 0.801081 0.435733 0.344626 0.808198 0.809642 0.466135 0.506851 0.836415 0.887418 0.958013 0.969663 0.987931 0.967228 0.802139 0.820227 0.985589 0.729086 0.849022 0.766861 0.727404 0.673356 0.735039 0.755875 0.818909 0.788886 0.932261 0.995663 0.817743 0.701562 0.433609 0.438311 0.550912 0.747801 0.646825 0.967141 0.303595 0.295996 0.617012 0.658245 0.643863 0.756812 0.554649 0.668997 0.957818 0.949257 0.948870 0.970001 0.752738 0.903103 0.830651 0.967868 0.525596 0.749895 0.382603 0.722977 0.558022 0.665033 0.781277 0.915274 0.966824 0.894202 0.973321 0.887168 0.830558 0.721910 0.762525 0.727135 0.896483 0.687542 0.969972 0.861904 0.915297 0.949369 0.877501 0.975162 0.762883 0.490759 0.819357 0.649519 0.964834 0.881446 0.920878 0.753629 0.970130 0.852060 0.909081 0.917251 0.939834 0.769089
0.348669 0.468144 0.914618 0.846196 0.895764 0.789990 0.757494 0.752022 0.616242 0.973049 0.383789 0.353681 0.578956 0.365711 0.746004 0.848959 0.273254 0.000000 0.406125 0.373581 0.902700 0.906909 0.786025 0.893977 0.863382 0.806200 0.955622 0.842488 0.483471 0.386132 0.863222 0.772774 0.454591 0.489312 0.878334 0.908808 0.944049 0.960313 0.909227 0.939199 0.838493 0.788872 0.924335 0.785211 0.928864 0.844152 0.785408 0.704904 0.805079 0.840337 0.922727 0.902053 0.952782 0.873827 0.794605 0.683013 0.379171 0.379767 0.553190 0.706770 0.654231 0.980751 0.315729 0.314584 0.769428 0.826019 0.668751 0.745537 0.464143 0.596832 0.997752 0.932518 0.958654 0.996620 0.776765 0.879471 0.926309 0.974217 0.518477 0.695310 0.325889 0.548558 0.497328 0.477354 0.639602 0.746539 0.862367 0.777328 0.908085 0.738422 0.793723 0.655048 0.751137 0.698781 0.858838 0.777050 0.947769 0.826446 0.968860 0.994348 0.952462 0.949255 0.846894 0.521022 0.777128 0.590093 0.901822 0.922891 0.981119 0.779697 0.991691 0.901791 0.968777 0.818604 0.913643 0.762676
0.481676 0.531860 0.913776 0.767498 0.816031 0.800441 0.623127 0.662961 0.840898 0.900507 0.618219 0.395784 0.473551 0.444776 0.560245 0.716700 0.507733 0.406125 0.000000 0.466977 0.865655 0.969802 0.451576 0.779969 0.949338 0.843091 0.993770 0.698876 0.527376 0.504101 0.611830 0.608674 0.398772 0.453999 0.943179 0.889310 0.928609 0.864552 0.933281 0.923603 0.977100 0.952792 0.738503 0.574800 0.726964 0.637017 0.522907 0.479237 0.666986 0.681285 0.743011 0.684749 0.925515 0.995372 0.799858 0.649854 0.512588 0.505455 0.440713 0.531522 0.492194 0.804373 0.391657 0.402478 0.992047 0.970965 0.514640 0.491174 0.661390 0.806840 0.882011 0.929413 0.970791 0.964131 0.815687 0.939194 0.816181 0.965418 0.578269 0.714191 0.497389 0.695927 0.556806 0.566299 0.529632 0.676570 0.799322 0.844403 0.839166 0.662496 0.900543 0.790148 0.824434 0.744048 0.749077 0.776827 0.921579 0.858434 0.782337 0.735174 0.975761 0.994807 0.793624 0.570305 0.733467 0.537147 0.963377 0.984915 0.887405 0.742931 0.858034 0.837774 0.792080 0.748773 0.734651 0.913255
0.370946 0.441876 0.875821 0.806723 0.991149 0.876606 0.936859 0.903968 0.691390 0.802922 0.433516 0.459967 0.595788 0.442290 0.699782 0.739889 0.448734 0.373581 0.466977 0.000000 0.815066 0.910968 0.698252 0.696568 0.881756 0.981879 0.811739 0.839949 0.579367 0.499446 0.816004 0.763978 0.614263 0.641726 0.955223 0.982650 0.855672 0.824135 0.775943 0.888472 0.872226 0.812547 0.833321 0.935855 0.899627 0.985853 0.816882 0.749760 0.966272 0.944558 0.896584 0.959876 0.746873 0.625380 0.785650 0.811639 0.421892 0.437863 0.727396 0.714653 0.818416 0.993819 0.547797 0.539414 0.946087 0.987225 0.837526 0.823642 0.419656 0.561838 0.896095 0.802607 0.910395 0.980638 0.742510 0.764647 0.902342 0.970167 0.746992 0.701105 0.450341 0.486647 0.508343 0.417218 0.544128 0.587484 0.949604 0.769610 0.883860 0.652739 0.641589 0.540541 0.627144 0.591974 0.861079 0.813070 0.909872 0.978190 0.814315 0.862201 0.824469 0.811032 0.988883 0.762461 0.932578 0.667813 0.864838 0.894435 0.888855 0.799291 0.993432 0.885695 0.915495 0.918032 0.970176 0.757489
0.731289 0.847006 0.749796 0.671166 0.969767 0.923727 0.906446 0.956686 0.978000 0.853306 0.841272 0.792557 0.794149 0.802482 0.771729 0.760460 0.924763 0.902700 0.865655 0.815066 0.000000 0.984493 0.747829 0.722431 0.658191 0.798005 0.920111 0.918524 0.940933 0.941685 0.909424 0.713400 0.891694 0.913108 0.969488 0.835149 0.822905 0.788223 0.806713 0.805062 0.903909 0.796396 0.866000 0.922266 0.849642 0.911558 0.948166 0.896526 0.894317 0.938041 0.858444 0.903805 0.821038 0.723150 0.934977 0.907109 0.750696 0.789224 0.952844 0.923593 0.981072 0.975335 0.939350 0.931590 0.732635 0.832801 0.958930 0.866221 0.709753 0.927875 0.892486 0.938694 0.921273 0.946433 0.905204 0.938935 0.908137 0.798360 0.951681 0.901462 0.922736 0.871065 0.771357 0.872928 0.805567 0.714866 0.882246 0.986899 0.871868 0.832895 0.777254 0.660010 0.794834 0.781837 0.944428 0.927306 0.999742 0.892761 0.896787 0.927914 0.741424 0.768683 0.921968 0.992180 0.975452 0.882911 0.961215 0.844569 0.927899 0.869381 0.871266 0.680896 0.861604 0.812956 0.717317 0.884300
0.954890 0.922463 0.939625 0.832642 0.993710 0.906171 0.982942 0.874528 0.857764 0.969826 0.960549 0.904052 0.880229 0.988604 0.976036 0.971093 0.935956 0.906909 0.969802 0.910968 0.984493 0.000000 0.860267 0.954094 0.964696 0.991204 0.964218 0.961074 0.808438 0.936212 0.970497 0.918263 0.979280 0.903405 0.865602 0.851190 0.911669 0.993172 0.861658 0.890984 0.857834 0.998787 0.984619 0.959451 0.996685 0.968252 0.878118 0.910619 0.991013 0.961157 0.972648 0.972181 0.996281 0.909718 0.948929 0.966427 0.954246 0.925895 0.993400 0.982836 0.998581 0.978531 0.976622 0.953632 0.991222 0.985092 0.934738 0.956358 0.936096 0.946626 0.927384 0.989793 0.867430 0.886989 0.963328 0.970892 0.938637 0.944856 0.991304 0.942799 0.909639 0.974562 0.910239 0.983170 0.973703 0.986004 0.916305 0.931516 0.996271 0.943737 0.949531 0.973633 0.886707 0.981153 0.998872 0.912253 0.941759 0.900544 0.961802 0.882052 0.977497 0.922911 0.980298 0.953928 0.997685 0.974939 0.901794 0.867501 0.978710 0.904361 0.987025 0.858978 0.968485 0.927401 0.891432 0.996197
0.746130 0.766330 0.670682 0.711127 0.734762 0.961217 0.708542 0.743338 0.877625 0.914211 0.881801 0.577885 0.446505 0.638277 0.443021 0.493641 0.889254 0.786025 0.451576 0.698252 0.747829 0.860267 0.000000 0.607386 0.766317 0.918300 0.931241 0.719950 0.670327 0.717432 0.456653 0.431722 0.586195 0.635758 0.825591 0.997965 0.885781 0.917953 0.917190 0.972006 0.872414 0.989157 0.689017 0.613743 0.833043 0.749253 0.525079 0.557349 0.847586 0.848023 0.863911 0.775827 0.994139 0.974745 0.851315 0.826711 0.837050 0.842029 0.671917 0.695475 0.574267 0.662481 0.746654 0.732962 0.660386 0.748561 0.629886 0.557019 0.868816 0.989010 0.742825 0.802013 0.796584 0.959892 0.978212 0.972392 0.745262 0.832448 0.838942 0.762906 0.844159 0.890391 0.668970 0.768606 0.557058 0.614359 0.930486 0.910795 0.800169 0.641636 0.846760 0.810414 0.778616 0.806919 0.791914 0.974305 0.915717 0.938690 0.826044 0.716088 0.937229 0.927924 0.910975 0.861166 0.828570 0.631276 0.940076 0.925794 0.917056 0.853294 0.836183 0.996565 0.802192 0.863104 0.498849 0.961365
0.701454 0.740450 0.678093 0.535335 0.929038 0.942888 0.804355 0.975285 0.775555 0.623964 0.989056 0.785841 0.739804 0.653657 0.749841 0.605382 0.920241 0.893977 0.779969 0.696568 0.722431 0.954094 0.607386 0.000000 0.406203 0.572010 0.643321 0.957238 0.926313 0.987908 0.978878 0.746942 0.985082 0.984138 0.809489 0.976105 0.744402 0.682445 0.601595 0.734952 0.891280 0.920024 0.776369 0.914215 0.692899 0.805080 0.978392 0.940485 0.740034 0.831395 0.709141 0.790156 0.635021 0.592998 0.947664 0.955806 0.764485 0.804835 0.950257 0.901605 0.895873 0.910412 0.892997 0.909209 0.470934 0.523802 0.951419 0.981450 0.718699 0.755721 0.867995 0.828596 0.884314 0.911560 0.977278 0.862242 0.974755 0.915149 0.885512 0.908804 0.981236 0.698174 0.698998 0.652837 0.603059 0.342002 0.860079 0.756878 0.679665 0.469451 0.599571 0.554255 0.703178 0.682056 0.924778 0.835283 0.854666 0.980077 0.696129 0.815686 0.627595 0.726760 0.773630 0.914247 0.981829 0.887127 0.774990 0.687984 0.954461 0.916381 0.992353 0.645920 0.781384 0.967236 0.871394 0.871524
0.903932 0.917333 0.521477 0.525099 0.957791 0.929921 0.689841 0.925478 0.974896 0.604836 0.956699 0.982118 0.858039 0.857245 0.868971 0.626331 0.731001 0.863382 0.949338 0.881756 0.658191 0.964696 0.766317 0.406203 0.000000 0.379436 0.594031 0.809072 0.721781 0.820506 0.962262 0.786889 0.782495 0.767570 0.903007 0.829469 0.683679 0.606299 0.618673 0.723968 0.897123 0.890137 0.664727 0.718335 0.483147 0.575913 0.768954 0.810826 0.482600 0.604600 0.516920 0.594306 0.535571 0.516230 0.873342 0.750744 0.938248 0.980354 0.662367 0.913554 0.737453 0.930699 0.631454 0.688504 0.383289 0.475817 0.694620 0.774327 0.725616 0.878300 0.946268 0.866826 0.984010 0.966502 0.954250 0.851648 0.964804 0.970698 0.654868 0.937120 0.750746 0.880265 0.878471 0.856081 0.858718 0.493312 0.984452 0.993947 0.739280 0.685298 0.569914 0.591042 0.680586 0.784599 0.994123 0.752873 0.875745 0.861648 0.586507 0.724105 0.552491 0.755764 0.688929 0.740762 0.852661 0.963306 0.927788 0.697110 0.979735 0.927689 0.920658 0.469460 0.770343 0.952709 0.891613 0.946077
0.965378 0.885979 0.558307 0.532034 0.994008 0.845939 0.855545 0.958022 0.876460 0.780031 0.915347 0.954595 0.918962 0.964620 0.990887 0.803940 0.657406 0.806200 0.843091 0.981879 0.798005 0.991204 0.918300 0.572010 0.379436 0.000000 0.701125 0.831868 0.715771 0.722374 0.984228 0.976303 0.744903 0.798358 0.867812 0.818475 0.747194 0.603201 0.656904 0.935127 0.986605 0.778800 0.808570 0.770998 0.597672 0.640339 0.741692 0.756560 0.612522 0.742291 0.629170 0.669950 0.700970 0.666496 0.888757 0.824211 0.997551 0.959807 0.663901 0.906816 0.773861 0.839078 0.616087 0.682879 0.444827 0.546964 0.706165 0.758658 0.789791 0.872102 0.971686 0.985786 0.994296 0.939514 0.933221 0.994031 0.965274 0.990305 0.711763 0.989042 0.766948 0.938528 0.945867 0.928212 0.959698 0.689484 0.977324 0.988085 0.720134 0.752754 0.824571 0.862667 0.950671 0.973136 0.948900 0.772609 0.949079 0.895644 0.786267 0.777430 0.687087 0.921188 0.772346 0.739268 0.974400 0.967503 0.970826 0.907968 0.941457 0.951082 0.942431 0.683289 0.946142 0.845564 0.948387 0.996855
0.897249 0.903427 0.808631 0.735895 0.950229 0.871561 0.793564 0.966636 0.884431 0.679685 0.990432 0.933381 0.939296 0.957587 0.961879 0.877731 0.898779 0.955622 0.993770 0.811739 0.920111 0.964218 0.931241 0.643321 0.594031 0.701125 0.000000 0.693315 0.848014 0.904487 0.932397 0.959429 0.817748 0.871831 0.982661 0.981201 0.713463 0.760100 0.797928 0.818817 0.976027 0.979452 0.736982 0.868943 0.694023 0.770354 0.910666 0.984899 0.766951 0.850129 0.710184 0.796602 0.694077 0.674059 0.939179 0.930538 0.919481 0.917537 0.850401 0.964016 0.812139 0.929307 0.821344 0.880083 0.718256 0.761468 0.845834 0.869865 0.873313 0.845716 0.837292 0.897243 0.896223 0.946199 0.874921 0.859243 0.956026 0.973996 0.794375 0.888798 0.837944 0.883773 0.903994 0.777815 0.890945 0.646146 0.903847 0.887818 0.860139 0.694168 0.745021 0.809618 0.808050 0.915370 0.907492 0.920372 0.953949 0.999852 0.711644 0.817686 0.796264 0.815729 0.945015 0.849704 0.983718 0.991326 0.851178 0.800899 0.911473 0.900839 0.898151 0.698490 0.912333 0.871383 0.999434 0.970854
0.842042 0.856401 0.917546 0.993008 0.911022 0.757859 0.646379 0.777748 0.969043 0.738654 0.863108 0.759577 0.685794 0.775930 0.808641 0.903056 0.801081 0.842488 0.698876 0.839949 0.918524 0.961074 0.719950 0.957238 0.809072 0.831868 0.693315 0.000000 0.813601 0.806027 0.782396 0.810979 0.668132 0.724874 0.864829 0.938543 0.871156 0.743595 0.914210 0.760326 0.941533 0.830386 0.721120 0.737815 0.679188 0.650894 0.641865 0.707639 0.661881 0.636714 0.670113 0.645879 0.783385 0.792753 0.827251 0.777562 0.842290 0.864658 0.593651 0.662273 0.576781 0.805260 0.666292 0.732694 0.965763 0.915119 0.608737 0.639608 0.952756 0.927726 0.919934 0.954826 0.991803 0.937387 0.949662 0.901954 0.749779 0.939042 0.848056 0.726768 0.808604 0.983680 0.854739 0.902905 0.830851 0.989628 0.869623 0.892001 0.960830 0.976873 0.886337 0.907857 0.880738 0.955484 0.961737 0.989025 0.808333 0.946198 0.704826 0.737977 0.926522 0.839566 0.923547 0.793756 0.882802 0.943701 0.968930 0.989867 0.873064 0.929195 0.937428 0.833236 0.747344 0.984987 0.884660 0.887222
0.692119 0.699445 0.989453 0.942727 0.851412 0.958451 0.653268 0.807604 0.970167 0.755069 0.602776 0.578435 0.648157 0.647745 0.546187 0.765829 0.435733 0.483471 0.527376 0.579367 0.940933 0.808438 0.670327 0.926313 0.721781 0.715771 0.848014 0.813601 0.000000 0.310567 0.598045 0.661298 0.452650 0.388417 0.992001 0.915061 0.982279 0.966131 0.963227 0.994831 0.933892 0.883074 0.723664 0.567021 0.670837 0.644537 0.558613 0.526958 0.625094 0.689867 0.664759 0.636429 0.777471 0.832441 0.810203 0.757757 0.692223 0.693786 0.612751 0.797580 0.549068 0.806291 0.445694 0.426011 0.768753 0.803673 0.646706 0.652897 0.775835 0.882181 0.727850 0.889077 0.718899 0.764452 0.823412 0.930838 0.739240 0.744296 0.544573 0.700438 0.505269 0.934182 0.641061 0.847533 0.838383 0.977172 0.996657 0.977417 0.981547 0.990597 0.884706 0.840688 0.714516 0.772986 0.833154 0.742008 0.884285 0.931541 0.783767 0.812141 0.908365 0.914583 0.718508 0.676913 0.805420 0.566798 0.933476 0.899889 0.879536 0.772464 0.992016 0.768751 0.766748 0.814376 0.759959 0.955292
0.616627 0.689352 0.968278 0.945502 0.854448 0.978848 0.709943 0.794094 0.855354 0.869582 0.459804 0.491899 0.611111 0.453114 0.530843 0.668522 0.344626 0.386132 0.504101 0.499446 0.941685 0.936212 0.717432 0.987908 0.820506 0.722374 0.904487 0.806027 0.310567 0.000000 0.638533 0.667921 0.465707 0.457643 0.947486 0.836945 0.848985 0.998080 0.986936 0.929609 0.909779 0.863527 0.916198 0.704394 0.875683 0.831828 0.715367 0.686477 0.829699 0.868663 0.865278 0.810755 0.971683 0.969185 0.825280 0.776766 0.632752 0.636014 0.672122 0.864386 0.564506 0.806448 0.417407 0.379995 0.728976 0.871680 0.722916 0.751788 0.662494 0.807656 0.803174 0.929258 0.681030 0.703296 0.805517 0.937572 0.771946 0.753009 0.582201 0.704983 0.493271 0.859318 0.589472 0.715329 0.876917 0.937361 0.980513 0.965911 0.970163 0.992632 0.739960 0.688944 0.615660 0.682846 0.902321 0.770388 0.989789 0.869537 0.956001 0.926745 0.965969 0.971969 0.853494 0.632174 0.819729 0.555380 0.976228 0.940829 0.880162 0.812122 0.903512 0.859366 0.916545 0.928786 0.797813 0.902952
0.939878 0.828553 0.705439 0.783815 0.702280 0.858241 0.550386 0.605689 0.662050 0.534700 0.820366 0.658324 0.589188 0.816414 0.469404 0.547487 0.808198 0.863222 0.611830 0.816004 0.909424 0.970497 0.456653 0.978878 0.962262 0.984228 0.932397 0.782396 0.598045 0.638533 0.000000 0.485438 0.527951 0.532180 0.884227 0.907614 0.906808 0.896776 0.994183 0.979681 0.928883 0.890549 0.508346 0.491095 0.724354 0.676460 0.545656 0.580228 0.781815 0.790183 0.701522 0.670434 0.755588 0.800595 0.953072 0.876431 0.900537 0.892351 0.689875 0.787707 0.471443 0.507317 0.710027 0.647253 0.897315 0.912076 0.652209 0.551461 0.993304 0.946778 0.523757 0.624171 0.647447 0.755728 0.920365 0.894374 0.604596 0.613834 0.686237 0.858126 0.909460 0.797107 0.871600 0.921144 0.936658 0.993433 0.814986 0.722343 0.934549 0.999977 0.979894 0.986376 0.834256 0.934881 0.810074 0.902680 0.801649 0.898252 0.680659 0.585277 0.957191 0.824176 0.771327 0.826080 0.824761 0.607201 0.789899 0.873849 0.750539 0.908160 0.773942 0.861599 0.683962 0.835716 0.525658 0.912501
0.800243 0.848839 0.698231 0.736070 0.885734 0.998267 0.822399 0.823154 0.912912 0.806175 0.796308 0.627729 0.599139 0.696895 0.561915 0.582164 0.809642 0.772774 0.608674 0.763978 0.713400 0.918263 0.431722 0.746942 0.786889 0.976303 0.959429 0.810979 0.661298 0.667921 0.485438 0.000000 0.544218 0.691477 0.990670 0.885086 0.930897 0.964179 0.987872 0.907833 0.992917 0.812122 0.817728 0.701509 0.900856 0.817918 0.576174 0.712186 0.879223 0.939229 0.886300 0.840217 0.976324 0.940233 0.943308 0.911370 0.771330 0.836625 0.766413 0.829825 0.685171 0.738773 0.728603 0.706374 0.873396 0.940729 0.790941 0.787328 0.755263 0.935168 0.803689 0.778067 0.809393 0.835907 0.952107 0.944488 0.744560 0.756408 0.781767 0.854863 0.835391 0.980224 0.696637 0.903081 0.821980 0.830114 0.809873 0.857608 0.933885 0.838850 0.759625 0.715928 0.663210 0.755439 0.889007 0.986113 0.905957 0.865832 0.885364 0.896390 0.899143 0.972851 0.912119 0.805212 0.923199 0.642500 0.875144 0.972692 0.926623 0.927969 0.951749 0.913413 0.811008 0.876587 0.623924 0.919216
0.569733 0.621811 0.969124 0.852035 0.830341 0.886007 0.542441 0.637501 0.954548 0.681395 0.609590 0.492160 0.543043 0.550021 0.581307 0.776438 0.466135 0.454591 0.398772 0.614263 0.891694 0.979280 0.586195 0.985082 0.782495 0.744903 0.817748 0.668132 0.452650 0.465707 0.527951 0.544218 0.000000 0.393984 0.890790 0.947839 0.928346 0.840287 0.882798 0.958969 0.997547 0.840739 0.702329 0.478833 0.596889 0.523876 0.542921 0.502759 0.558833 0.579500 0.556708 0.538620 0.721493 0.772302 0.819276 0.654173 0.549885 0.557157 0.450179 0.666031 0.429471 0.769593 0.348919 0.366456 0.826932 0.796352 0.482370 0.545626 0.746230 0.852490 0.788528 0.821703 0.907358 0.970728 0.843265 0.912304 0.788524 0.791399 0.503445 0.691947 0.500346 0.871897 0.604301 0.730639 0.749923 0.910561 0.952893 0.959289 0.954594 0.842071 0.994870 0.929692 0.902918 0.843054 0.810250 0.801651 0.920975 0.808331 0.645865 0.657219 0.911559 0.926607 0.720128 0.550373 0.770141 0.592119 0.988784 0.881904 0.940991 0.810986 0.786049 0.778490 0.708089 0.683890 0.688648 0.988007
0.629348 0.559453 0.927414 0.825115 0.787661 0.943447 0.449145 0.515174 0.977518 0.623965 0.674664 0.482909 0.550033 0.595037 0.603643 0.732855 0.506851 0.489312 0.453999 0.641726 0.913108 0.903405 0.635758 0.984138 0.767570 0.798358 0.871831 0.724874 0.388417 0.457643 0.532180 0.691477 0.393984 0.000000 0.940608 0.792748 0.979720 0.926656 0.933682 0.939080 0.924617 0.835933 0.594091 0.393874 0.560756 0.515465 0.496090 0.433203 0.543943 0.572205 0.554191 0.521251 0.675831 0.735940 0.733761 0.603104 0.615704 0.602011 0.430417 0.623393 0.386398 0.626000 0.404188 0.386280 0.903185 0.914908 0.467194 0.473774 0.843417 0.863749 0.747816 0.823277 0.870612 0.856972 0.839008 0.977068 0.637298 0.745500 0.477452 0.661217 0.593078 0.997892 0.685549 0.825592 0.867751 0.957061 0.994849 0.906232 0.886166 0.891550 0.989770 0.960600 0.919140 0.827954 0.777617 0.749967 0.826890 0.769425 0.634130 0.595789 0.861266 0.867912 0.680881 0.635220 0.756442 0.557445 0.817129 0.895575 0.897951 0.746207 0.828593 0.755371 0.725305 0.663475 0.612029 0.998759
0.996997 0.944532 0.757317 0.835361 0.981330 0.952374 0.837600 0.878107 0.839946 0.919658 0.830217 0.974339 0.801653 0.952395 0.775840 0.876753 0.836415 0.878334 0.943179 0.955223 0.969488 0.865602 0.825591 0.809489 0.903007 0.867812 0.982661 0.864829 0.992001 0.947486 0.884227 0.990670 0.890790 0.940608 0.000000 0.968059 0.910935 0.852832 0.994709 0.796292 0.673827 0.939742 0.793713 0.810547 0.771062 0.770214 0.846231 0.781181 0.840081 0.735483 0.746054 0.737905 0.805379 0.838118 0.843968 0.794492 0.997845 0.973767 0.918585 0.835328 0.803795 0.732179 0.969222 0.917571 0.748674 0.842326 0.837617 0.799357 0.854757 0.885329 0.875812 0.967961 0.860995 0.976740 0.879688 0.953543 0.694687 0.995449 0.978124 0.897657 0.961782 0.965578 0.938618 0.988910 0.860759 0.858818 0.817162 0.936405 0.879147 0.820371 0.963192 0.904701 0.912237 0.919568 0.941685 0.852215 0.896195 0.937652 0.861345 0.825519 0.805091 0.968481 0.979234 0.970853 0.992470 0.920172 0.962427 0.880209 0.974943 0.984680 0.893359 0.854339 0.782422 0.874215 0.840275 0.939924
0.982682 0.984025 0.862311 0.910214 0.741814 0.897742 0.856363 0.904636 0.826662 0.951862 0.993677 0.971024 0.990068 0.859150 0.946455 0.977618 0.887418 0.908808 0.889310 0.982650 0.835149 0.851190 0.997965 0.976105 0.829469 0.818475 0.981201 0.938543 0.915061 0.836945 0.907614 0.885086 0.947839 0.792748 0.968059 0.000000 0.885549 0.979891 0.907835 0.964405 0.803408 0.957555 0.905751 0.872403 0.788339 0.842651 0.880569 0.797322 0.869406 0.850778 0.794886 0.842893 0.759192 0.731910 0.896191 0.822286 0.937190 0.991310 0.808511 0.988293 0.825583 0.914982 0.846922 0.863180 0.853282 0.977439 0.764678 0.754259 0.863310 0.989303 0.974657 0.977930 0.995173 0.982269 0.871090 0.978726 0.918856 0.991380 0.917038 0.986516 0.960819 0.909752 0.922875 0.963085 0.968494 0.928306 0.882591 0.842276 0.960785 0.869684 0.910561 0.847117 0.900538 0.997386 0.996711 0.867730 0.992716 0.772422 0.845853 0.752519 0.822919 0.929211 0.832861 0.768170 0.891775 0.910850 0.891632 0.904733 0.923101 0.972172 0.929772 0.690522 0.960095 0.975702 0.991401 0.896984
0.915718 0.855179 0.665758 0.609833 0.940485 0.854888 0.921668 0.927335 0.990558 0.812698 0.982397 0.844120 0.957906 0.803044 0.784013 0.663347 0.958013 0.944049 0.928609 0.855672 0.822905 0.911669 0.885781 0.744402 0.683679 0.747194 0.713463 0.871156 0.982279 0.848985 0.906808 0.930897 0.928346 0.979720 0.910935 0.885549 0.000000 0.698411 0.732208 0.761231 0.985683 0.985142 0.882365 0.989311 0.701428 0.773724 0.873861 0.991831 0.727630 0.772712 0.757443 0.829689 0.783666 0.798349 0.946454 0.921894 0.897120 0.860885 0.806794 0.787517 0.923702 0.891198 0.858559 0.967826 0.724661 0.705801 0.781219 0.897772 0.817097 0.888844 0.965426 0.850181 0.846869 0.969966 0.948741 0.913589 0.973903 0.906563 0.972512 0.982122 0.962156 0.946166 0.863765 0.917158 0.965359 0.748460 0.992838 0.958210 0.850302 0.881686 0.775760 0.742812 0.730549 0.831768 0.944060 0.840909 0.849590 0.993950 0.754421 0.933713 0.694095 0.902804 0.855152 0.972062 0.845605 0.854354 0.907620 0.946536 0.815561 0.931737 0.738189 0.891031 0.880438 0.972878 0.924123 0.988102
0.902220 0.817328 0.804054 0.683157 0.886668 0.935987 0.751386 0.986023 0.902970 0.656502 0.992884 0.927357 0.953420 0.836081 0.952812 0.791740 0.969663 0.960313 0.864552 0.824135 0.788223 0.993172 0.917953 0.682445 0.606299 0.603201 0.760100 0.743595 0.966131 0.998080 0.896776 0.964179 0.840287 0.926656 0.852832 0.979891 0.698411 0.000000 0.725027 0.890143 0.884264 0.712451 0.686183 0.766217 0.548461 0.569874 0.698627 0.743343 0.610814 0.616061 0.643782 0.599447 0.678626 0.660640 0.837383 0.795016 0.821940 0.848024 0.665252 0.769542 0.725090 0.953648 0.809128 0.894240 0.733300 0.681261 0.638712 0.672834 0.731062 0.709483 0.899043 0.899981 0.927291 0.988080 0.946143 0.833358 0.887095 0.947074 0.990775 0.993605 0.972684 0.752342 0.813143 0.780145 0.985985 0.773332 0.852561 0.948127 0.731764 0.808998 0.758332 0.663673 0.794401 0.868841 0.931814 0.940509 0.848535 0.988328 0.643558 0.655875 0.755931 0.718667 0.680260 0.814907 0.904229 0.944913 0.992553 0.910747 0.918325 0.935640 0.807030 0.645773 0.708072 0.948902 0.857785 0.826796
