0.000000 0.407130 0.947299 0.828687 0.823816 0.552503 0.489064 0.520681 0.679603 0.537773 0.412707 0.449409 0.460120 0.511281 0.712994 0.812088 0.456461 0.414533 0.493504 0.587457 0.810522 0.942697 0.886953 0.780425 0.655481 0.735403 0.728154 0.797133 0.503705 0.544851 0.748322 0.871270 0.640149 0.536169 0.914055 0.749560 0.854956 0.818679 0.860046 0.918747 0.939742 0.824282 0.661339 0.585301 0.603359 0.574771 0.536590 0.609473 0.609779 0.608055 0.610092 0.519438 0.768253 0.915676 0.767931 0.614136 0.399688 0.410088 0.271778 0.306084 0.327377 0.481074 0.431351 0.417285 0.949194 0.817544 0.755152 0.709458 0.840458 0.742398 0.763988 0.899297 0.999963 0.960797 0.901140 0.990871 0.585890 0.881001 0.583329 0.777642 0.472727 0.687782 0.925318 0.679504 0.860941 0.982354 0.953906 0.974847 0.721795 0.676405 0.767249 0.644630 0.830543 0.840074 0.931058 0.743650 0.684723 0.876106 0.412686 0.451903 0.693544 0.641868 0.618324 0.618443 0.607596 0.574326 0.798121 0.686774 0.771660 0.703612 0.597105 0.661136 0.504790 0.930347 0.618035 0.796452
0.407130 0.000000 0.708631 0.567065 0.911077 0.622040 0.416088 0.479235 0.815422 0.743565 0.635007 0.607749 0.726856 0.548470 0.939646 0.838974 0.583581 0.512822 0.487840 0.450559 0.880353 0.885163 0.881203 0.871245 0.977892 0.935664 0.863606 0.865668 0.688433 0.599071 0.844278 0.715244 0.449781 0.416703 0.761398 0.973962 0.973211 0.942851 0.962852 0.779910 0.903281 0.833477 0.407034 0.388189 0.554608 0.553078 0.497543 0.460532 0.733608 0.563494 0.480763 0.447942 0.694317 0.864461 0.713567 0.535825 0.423360 0.407213 0.438093 0.342214 0.417454 0.473339 0.666347 0.601386 0.874470 0.597861 0.551677 0.486936 0.848526 0.656065 0.609901 0.698441 0.718422 0.688442 0.770633 0.957626 0.627031 0.697607 0.698239 0.712334 0.524764 0.669571 0.785606 0.723706 0.769130 0.696192 0.960721 0.980986 0.718530 0.547364 0.739407 0.830267 0.740052 0.973990 0.965034 0.766566 0.611184 0.929987 0.510866 0.554220 0.726259 0.755980 0.693507 0.760974 0.539363 0.517712 0.811903 0.737710 0.762713 0.656052 0.587461 0.735004 0.584815 0.802953 0.556523 0.934217
0.947299 0.708631 0.000000 0.276990 0.935421 0.828049 0.636901 0.775355 0.929578 0.823180 0.684960 0.868115 0.944639 0.962192 0.992675 0.883180 0.758796 0.794001 0.792355 0.623172 0.468581 0.778962 0.365026 0.417815 0.392368 0.332752 0.878224 0.785631 0.688823 0.768132 0.447388 0.592884 0.558211 0.653037 0.496286 0.725133 0.498815 0.738026 0.654386 0.622360 0.759962 0.965088 0.512267 0.684404 0.958227 0.875335 0.629476 0.661363 0.616617 0.938383 0.955549 0.988125 0.977316 0.968389 0.835567 0.995578 0.963803 0.990232 0.970793 0.793244 0.859196 0.841226 0.631329 0.682794 0.272265 0.304107 0.398971 0.419250 0.773606 0.773021 0.409711 0.469908 0.656093 0.693777 0.822868 0.836820 0.800862 0.584492 0.789843 0.689924 0.882234 0.930699 0.932118 0.839317 0.576726 0.493791 0.910937 0.765365 0.730567 0.864757 0.693672 0.815295 0.625116 0.716165 0.861018 0.733752 0.803626 0.973574 0.903695 0.842194 0.837922 0.898714 0.980995 0.899868 0.741011 0.599924 0.765562 0.882234 0.916325 0.898700 0.713220 0.921262 0.951071 0.861732 0.802026 0.823611
0.828687 0.567065 0.276990 0.000000 0.985762 0.700014 0.485013 0.545149 0.870004 0.993038 0.832954 0.856940 0.999295 0.787231 0.929555 0.782683 0.910540 0.928621 0.652612 0.458980 0.498649 0.841621 0.412448 0.399204 0.509083 0.417502 0.988701 0.883172 0.811115 0.942147 0.463117 0.568647 0.507260 0.509225 0.538468 0.739784 0.631240 0.720517 0.676493 0.715702 0.777571 0.876537 0.444999 0.613749 0.898305 0.994996 0.462661 0.536964 0.708496 0.975214 0.798766 0.849388 0.919045 0.884152 0.828641 0.864882 0.913939 0.947994 0.861473 0.674421 0.724392 0.578281 0.789727 0.871583 0.423230 0.208477 0.331345 0.319643 0.862734 0.774350 0.363152 0.444260 0.575035 0.633694 0.713862 0.715476 0.663861 0.503717 0.811141 0.664344 0.964520 0.857442 0.892209 0.888194 0.648410 0.508049 0.910924 0.864027 0.750102 0.795036 0.571920 0.793507 0.538696 0.735798 0.834159 0.621481 0.647160 0.878780 0.722960 0.727453 0.654121 0.823157 0.913088 0.986755 0.595837 0.593707 0.793847 0.852201 0.773778 0.794847 0.659297 0.830205 0.880312 0.867932 0.702145 0.841801
0.823816 0.911077 0.935421 0.985762 0.000000 0.938460 0.885749 0.889044 0.689756 0.701779 0.798845 0.790413 0.484678 0.753877 0.597160 0.496797 0.793458 0.736750 0.761064 0.919452 0.897976 0.864836 0.789379 0.985050 0.895750 0.846656 0.832598 0.982483 0.688867 0.693786 0.824305 0.829733 0.885999 0.933446 0.972899 0.740020 0.936856 0.817200 0.890860 0.688503 0.837247 0.934289 0.951423 0.990175 0.849132 0.848467 0.934998 0.969355 0.610899 0.930525 0.976165 0.997682 0.950283 0.794869 0.781084 0.943723 0.981826 0.787481 0.874467 0.968198 0.702290 0.881330 0.663723 0.685225 0.848597 0.954472 0.862201 0.844844 0.966952 0.851146 0.986812 0.705771 0.746075 0.854200 0.995507 0.906452 0.937082 0.986476 0.888133 0.803952 0.784407 0.766555 0.890049 0.706018 0.695958 0.978008 0.886483 0.931050 0.713413 0.806446 0.921227 0.898770 0.873164 0.985295 0.967978 0.990801 0.814930 0.861848 0.941086 0.849853 0.878933 0.946339 0.992764 0.962926 0.872575 0.960648 0.963535 0.837850 0.958464 0.855245 0.887167 0.932441 0.774463 0.906197 0.796076 0.985385
0.552503 0.622040 0.828049 0.700014 0.938460 0.000000 0.412202 0.395441 0.542741 0.489399 0.628364 0.547687 0.737219 0.685780 0.962764 0.816222 0.767886 0.725189 0.682661 0.602303 0.899701 0.860934 0.999680 0.854338 0.804408 0.940190 0.549696 0.959394 0.677724 0.733183 0.935335 0.986994 0.557568 0.525306 0.764059 0.884726 0.888447 0.915617 0.839850 0.999637 0.840535 0.963993 0.673176 0.653162 0.652053 0.702533 0.689000 0.675525 0.862177 0.757336 0.651572 0.638873 0.704921 0.729063 0.807225 0.731354 0.861784 0.795677 0.571915 0.437444 0.432371 0.414486 0.716997 0.644018 0.942576 0.679790 0.593295 0.555151 0.928040 0.622166 0.642354 0.719435 0.811923 0.837128 0.859089 0.805349 0.681055 0.745123 0.959279 0.916587 0.853229 0.884625 0.866016 0.991322 0.923825 0.907039 0.906173 0.877495 0.859864 0.952086 0.511245 0.574757 0.514097 0.627453 0.983652 0.704485 0.699115 0.660934 0.445789 0.527425 0.505379 0.592969 0.733110 0.621869 0.626284 0.675556 0.737844 0.756466 0.778378 0.743156 0.576622 0.625454 0.591960 0.841447 0.563252 0.926934
0.489064 0.416088 0.636901 0.485013 0.885749 0.412202 0.000000 0.204474 0.434251 0.449203 0.618854 0.434302 0.674830 0.531583 0.977539 0.782357 0.719480 0.682150 0.530878 0.407654 0.949610 0.915727 0.836227 0.973549 0.869166 0.961544 0.556849 0.817352 0.625137 0.590748 0.807515 0.825748 0.463453 0.304083 0.626852 0.958188 0.928987 0.913332 0.981813 0.917321 0.821571 0.975041 0.358099 0.378135 0.433701 0.498216 0.574185 0.493615 0.793954 0.556965 0.437708 0.412251 0.458504 0.522097 0.760466 0.722665 0.744414 0.688073 0.461372 0.366859 0.292642 0.282149 0.668141 0.559347 0.921799 0.495798 0.334956 0.320110 0.919122 0.709690 0.420470 0.565402 0.675385 0.703233 0.819684 0.766872 0.451694 0.639223 0.854326 0.820818 0.801186 0.905793 0.947570 0.933913 0.966394 0.985747 0.919553 0.726707 0.827999 0.889539 0.330732 0.433673 0.379675 0.549442 0.888909 0.682596 0.513589 0.728566 0.272190 0.347722 0.376873 0.471192 0.541611 0.637907 0.426346 0.437603 0.633125 0.672713 0.648626 0.631359 0.484185 0.545322 0.479402 0.704376 0.497260 0.876226
0.520681 0.479235 0.775355 0.545149 0.889044 0.395441 0.204474 0.000000 0.438724 0.353611 0.578522 0.326466 0.664195 0.449584 0.968528 0.756126 0.727291 0.664099 0.603048 0.425477 0.993521 0.945287 0.931725 0.965054 0.786637 0.969597 0.529534 0.758981 0.561692 0.542873 0.846394 0.838098 0.546399 0.361950 0.739462 0.905465 0.817551 0.913022 0.906601 0.988331 0.875012 0.967198 0.441792 0.479732 0.466843 0.521185 0.601611 0.570267 0.780566 0.605573 0.475148 0.441470 0.507998 0.517712 0.833740 0.688662 0.837903 0.780368 0.517090 0.428695 0.308455 0.190222 0.631990 0.490372 0.937941 0.523739 0.420817 0.406598 0.869553 0.729469 0.518351 0.623654 0.696516 0.701088 0.851430 0.729756 0.485175 0.719251 0.900434 0.900989 0.810060 0.893923 0.920018 0.923535 0.886157 0.918878 0.940870 0.771665 0.838663 0.887883 0.334304 0.497673 0.407629 0.590538 0.868665 0.678812 0.564416 0.690334 0.284063 0.363534 0.344626 0.505671 0.600627 0.682395 0.452290 0.537384 0.634045 0.731518 0.659682 0.641299 0.493493 0.541932 0.471757 0.780978 0.516591 0.939643
0.679603 0.815422 0.929578 0.870004 0.689756 0.542741 0.434251 0.438724 0.000000 0.383699 0.511125 0.497392 0.598486 0.663035 0.867294 0.757536 0.809198 0.768116 0.804893 0.727626 0.843890 0.999931 0.990908 0.734153 0.633216 0.784927 0.607244 0.734609 0.554411 0.652580 0.896718 0.866282 0.768766 0.585932 0.836774 0.887812 0.818225 0.748052 0.870525 0.933368 0.852604 0.973717 0.759463 0.732797 0.634747 0.700596 0.967134 0.936832 0.738331 0.830585 0.784027 0.761671 0.619049 0.727219 0.776824 0.944701 0.982050 0.854689 0.645686 0.684571 0.445067 0.460433 0.644004 0.572170 0.917035 0.830898 0.681186 0.721166 0.883934 0.726062 0.693518 0.851857 0.965290 0.983941 0.902411 0.784022 0.703871 0.967075 0.839920 0.986497 0.901557 0.983546 0.847073 0.989671 0.887608 0.759339 0.950567 0.808059 0.763594 0.892491 0.524739 0.435219 0.569539 0.519867 0.898117 0.888589 0.835047 0.781085 0.454867 0.519323 0.560497 0.620878 0.685642 0.798601 0.698183 0.695852 0.752205 0.739441 0.762058 0.841094 0.674126 0.694170 0.611414 0.825526 0.731290 0.991409
0.537773 0.743565 0.823180 0.993038 0.701779 0.489399 0.449203 0.353611 0.383699 0.000000 0.355305 0.272681 0.468681 0.488516 0.808232 0.685441 0.564078 0.507094 0.662756 0.648186 0.646677 0.893330 0.769525 0.555548 0.421274 0.553878 0.527427 0.728740 0.330327 0.398097 0.731397 0.800415 0.813944 0.607438 0.997130 0.687766 0.575809 0.693842 0.674179 0.944785 0.900668 0.985369 0.817526 0.737476 0.498341 0.504173 0.836490 0.813748 0.511265 0.657466 0.647857 0.576437 0.593057 0.676732 0.890671 0.742731 0.911141 0.782331 0.508299 0.600825 0.363826 0.348000 0.372473 0.287499 0.650208 0.985058 0.833168 0.857742 0.791533 0.848977 0.825846 0.996213 0.968809 0.977710 0.969619 0.848294 0.668556 0.984098 0.808365 0.991129 0.674075 0.836240 0.887666 0.924031 0.750988 0.597676 0.838068 0.815163 0.891022 0.997134 0.545087 0.523967 0.672816 0.666283 0.964490 0.805210 0.806008 0.749366 0.369961 0.447627 0.525989 0.578779 0.587876 0.674493 0.703527 0.754153 0.790476 0.871073 0.794518 0.756127 0.636162 0.646778 0.440344 0.857428 0.746682 0.936791
0.412707 0.635007 0.684960 0.832954 0.798845 0.628364 0.618854 0.578522 0.511125 0.355305 0.000000 0.358210 0.457171 0.504594 0.763109 0.848233 0.421778 0.409168 0.649544 0.747342 0.591394 0.825786 0.593188 0.464782 0.372909 0.460924 0.645449 0.635998 0.336899 0.410222 0.570602 0.720192 0.869138 0.690753 0.857678 0.662529 0.599298 0.743527 0.770946 0.976766 0.898174 0.820290 0.926171 0.772723 0.634875 0.593378 0.846909 0.908026 0.487091 0.707627 0.706014 0.641740 0.778848 0.892734 0.830005 0.750731 0.665405 0.565553 0.423518 0.568963 0.422146 0.514896 0.326110 0.300297 0.604487 0.870980 0.984203 0.971277 0.903242 0.877844 0.975068 0.851392 0.900063 0.914079 0.909666 0.981575 0.723382 0.922289 0.606176 0.976259 0.485556 0.709563 0.979901 0.695765 0.869843 0.702723 0.883653 0.979090 0.877018 0.910330 0.827338 0.682563 0.921215 0.858003 0.985868 0.927758 0.865269 0.900186 0.491102 0.583093 0.746068 0.723574 0.632703 0.691415 0.786393 0.780313 0.956214 0.849745 0.740778 0.783167 0.753295 0.768829 0.502327 0.970819 0.763947 0.858557
0.449409 0.607749 0.868115 0.856940 0.790413 0.547687 0.434302 0.326466 0.497392 0.272681 0.358210 0.000000 0.434527 0.300572 0.801770 0.648493 0.544316 0.459477 0.568052 0.571435 0.786209 0.850236 0.849846 0.741428 0.519252 0.611351 0.612903 0.662136 0.348665 0.345756 0.748988 0.879237 0.737471 0.524842 0.936727 0.734288 0.576523 0.764391 0.779150 0.970450 0.877184 0.928714 0.762967 0.715181 0.564132 0.577412 0.655473 0.743927 0.600459 0.672823 0.632959 0.547784 0.674423 0.722948 0.891282 0.671715 0.770204 0.720793 0.450972 0.545675 0.328858 0.268960 0.365329 0.286825 0.725049 0.815480 0.803630 0.756281 0.746000 0.870363 0.821360 0.977315 0.918400 0.926745 0.877646 0.876002 0.538617 0.869396 0.724465 0.944820 0.608267 0.739108 0.950646 0.773114 0.922669 0.824859 0.971383 0.960384 0.841384 0.899592 0.638348 0.640027 0.755277 0.801466 0.964067 0.721236 0.776437 0.785244 0.391289 0.467017 0.539207 0.676796 0.649608 0.675058 0.610525 0.681751 0.851229 0.901672 0.759714 0.742178 0.698415 0.627749 0.483821 0.973232 0.732589 0.999525
0.460120 0.726856 0.944639 0.999295 0.484678 0.737219 0.674830 0.664195 0.598486 0.468681 0.457171 0.434527 0.000000 0.442393 0.429318 0.454352 0.569474 0.513515 0.602129 0.805610 0.764275 0.838472 0.955707 0.754475 0.589422 0.618791 0.916004 0.865865 0.436325 0.444117 0.608607 0.653994 0.863867 0.794781 0.849625 0.620457 0.818644 0.668300 0.802889 0.832623 0.759586 0.941811 0.868462 0.886841 0.742678 0.740410 0.743643 0.812861 0.536385 0.825540 0.883081 0.796140 0.917245 0.884332 0.854109 0.843117 0.737553 0.628243 0.490135 0.687592 0.421186 0.600253 0.397579 0.403735 0.989928 0.989502 0.939176 0.943039 0.820007 0.831009 0.988240 0.759186 0.764064 0.787176 0.892432 0.927088 0.678562 0.961182 0.744436 0.834631 0.620330 0.713281 0.898910 0.699779 0.817867 0.897953 0.989022 0.863167 0.807946 0.855858 0.927835 0.699093 0.964464 0.913897 0.974336 0.772015 0.975908 0.958433 0.597869 0.561090 0.899364 0.816937 0.790702 0.759432 0.871012 0.712762 0.958093 0.972180 0.881819 0.896007 0.739231 0.741005 0.612113 0.947817 0.890304 0.986417
0.511281 0.548470 0.962192 0.787231 0.753877 0.685780 0.531583 0.449584 0.663035 0.488516 0.504594 0.300572 0.442393 0.000000 0.768124 0.523237 0.555819 0.478423 0.474725 0.594854 0.902292 0.890006 0.918656 0.995970 0.692655 0.740665 0.708282 0.815146 0.425584 0.306251 0.951594 0.915938 0.632668 0.550777 0.950775 0.743207 0.838783 0.882351 0.858349 0.928912 0.847908 0.869084 0.639097 0.621492 0.515896 0.530066 0.555722 0.646431 0.587191 0.590437 0.543031 0.496261 0.680031 0.753132 0.731856 0.646403 0.681179 0.680255 0.494502 0.575646 0.401915 0.387389 0.457188 0.378308 0.838579 0.790389 0.840153 0.749199 0.701526 0.885958 0.891170 0.955297 0.799923 0.819524 0.856468 0.837880 0.585346 0.704223 0.709713 0.785420 0.637205 0.695182 0.733370 0.671514 0.924215 0.956502 0.914022 0.905680 0.866952 0.729915 0.861434 0.899137 0.992524 0.942774 0.976712 0.774712 0.832089 0.987867 0.551140 0.583928 0.672917 0.860997 0.793786 0.798942 0.675947 0.783019 0.956346 0.982924 0.731279 0.745380 0.778942 0.743833 0.634040 0.972774 0.772912 0.906091
0.712994 0.939646 0.992675 0.929555 0.597160 0.962764 0.977539 0.968528 0.867294 0.808232 0.763109 0.801770 0.429318 0.768124 0.000000 0.549609 0.772482 0.717152 0.747149 0.968006 0.898585 0.966495 0.791280 0.925448 0.873892 0.841777 0.792640 0.906092 0.697967 0.752837 0.741779 0.742858 0.895926 0.984923 0.931548 0.813172 0.987714 0.747319 0.833377 0.755290 0.879745 0.838768 0.930785 0.865334 0.981436 0.959183 0.884631 0.932297 0.776071 0.917809 0.846791 0.892097 0.855719 0.666913 0.851278 0.904419 0.818401 0.752011 0.735457 0.906475 0.738359 0.929930 0.723200 0.745920 0.815536 0.954804 0.817659 0.805689 0.941517 0.738269 0.996184 0.746610 0.739354 0.833233 0.872682 0.999475 0.989566 0.868609 0.926440 0.854745 0.795140 0.733371 0.718855 0.715635 0.620026 0.906583 0.793345 0.932775 0.746337 0.815497 0.855808 0.985214 0.738025 0.932253 0.967200 0.764724 0.828060 0.832860 0.933165 0.901726 0.801820 0.993928 0.878178 0.996847 0.907867 0.887455 0.976751 0.833238 0.898850 0.928364 0.934432 0.941152 0.809578 0.920033 0.965184 0.967714
0.812088 0.838974 0.883180 0.782683 0.496797 0.816222 0.782357 0.756126 0.757536 0.685441 0.848233 0.648493 0.454352 0.523237 0.549609 0.000000 0.850936 0.764016 0.642220 0.794036 0.986855 0.885252 0.575159 0.818075 0.932182 0.902254 0.909621 0.940378 0.712723 0.665575 0.952508 0.940465 0.747623 0.834542 0.985704 0.802697 0.910179 0.844037 0.922587 0.765038 0.859881 0.785980 0.806416 0.877257 0.791916 0.847225 0.644634 0.744066 0.684474 0.899417 0.918033 0.856614 0.965611 0.905124 0.803527 0.914735 0.958327 0.887290 0.788678 0.858019 0.651748 0.719559 0.725423 0.686005 0.789779 0.832484 0.981461 0.970336 0.793612 0.834223 0.915883 0.938962 0.905679 0.918904 0.852879 0.864623 0.845651 0.779162 0.878114 0.818521 0.931079 0.793348 0.788590 0.832381 0.688893 0.867970 0.969625 0.955039 0.792331 0.844268 0.942186 0.884161 0.953999 0.984060 0.855342 0.776110 0.916959 0.904938 0.837698 0.704374 0.974743 0.974958 0.988393 0.967933 0.896840 0.875104 0.989580 0.885048 0.892482 0.973434 0.868778 0.791153 0.779093 0.980750 0.965890 0.885111
0.456461 0.583581 0.758796 0.910540 0.793458 0.767886 0.719480 0.727291 0.809198 0.564078 0.421778 0.544316 0.569474 0.555819 0.772482 0.850936 0.000000 0.299691 0.556818 0.689275 0.707272 0.955927 0.714951 0.704549 0.570282 0.563761 0.810316 0.914793 0.445288 0.389216 0.701211 0.834360 0.820016 0.747218 0.913236 0.748362 0.749892 0.796556 0.779218 0.933987 0.951793 0.849434 0.866302 0.717135 0.598572 0.536688 0.727881 0.744805 0.439928 0.537915 0.624104 0.600779 0.766080 0.955883 0.674033 0.582825 0.475246 0.421399 0.471771 0.612879 0.551512 0.699045 0.333161 0.346429 0.704228 0.819023 0.945363 0.981229 0.980801 0.804151 0.985547 0.765306 0.927073 0.978941 0.908476 0.996616 0.860640 0.945914 0.618141 0.759694 0.345160 0.523585 0.752737 0.560773 0.963820 0.888667 0.872494 0.905132 0.898612 0.657675 0.998495 0.968810 0.866895 0.854895 0.963325 0.913321 0.780366 0.968871 0.612819 0.731774 0.923179 0.856488 0.801030 0.686181 0.892453 0.851668 0.955340 0.998368 0.749560 0.777633 0.705486 0.850550 0.648042 0.918208 0.876587 0.896550
0.414533 0.512822 0.794001 0.928621 0.736750 0.725189 0.682150 0.664099 0.768116 0.507094 0.409168 0.459477 0.513515 0.478423 0.717152 0.764016 0.299691 0.000000 0.510847 0.625641 0.726882 0.930912 0.730812 0.725918 0.581992 0.569686 0.822206 0.881049 0.348766 0.343370 0.719067 0.940990 0.716959 0.675109 0.876787 0.679835 0.712506 0.772877 0.764308 0.956978 0.855584 0.835135 0.808412 0.667912 0.568412 0.488319 0.668241 0.712106 0.420956 0.506734 0.583606 0.551506 0.775412 0.958496 0.630147 0.503999 0.450065 0.361013 0.423025 0.584655 0.482319 0.615461 0.287825 0.282013 0.695565 0.859163 0.944753 0.958105 0.979798 0.805590 0.954598 0.779596 0.977252 0.993037 0.980483 0.982242 0.831053 0.980624 0.530356 0.746650 0.304973 0.412301 0.772311 0.459200 0.917576 0.945125 0.881296 0.895003 0.812506 0.653760 0.977576 0.951285 0.883433 0.856689 0.913570 0.757746 0.778854 0.940603 0.557238 0.671533 0.900631 0.796936 0.711918 0.586881 0.787605 0.792548 0.966394 0.982750 0.854403 0.782911 0.752000 0.790741 0.517984 0.861426 0.843156 0.918313
0.493504 0.487840 0.792355 0.652612 0.761064 0.682661 0.530878 0.603048 0.804893 0.662756 0.649544 0.568052 0.602129 0.474725 0.747149 0.642220 0.556818 0.510847 0.000000 0.526789 0.971713 0.978379 0.818916 0.911978 0.875631 0.886850 0.838722 0.979983 0.656426 0.594349 0.993382 0.937917 0.528905 0.502243 0.816344 0.876022 0.997557 0.869706 0.993563 0.826267 0.893548 0.919607 0.652443 0.628873 0.550304 0.569093 0.537662 0.546054 0.649493 0.600414 0.574895 0.587120 0.691111 0.810925 0.692967 0.624710 0.592503 0.510197 0.456898 0.464092 0.474523 0.609762 0.557403 0.568896 0.893823 0.772582 0.720830 0.656836 0.946203 0.899994 0.642259 0.858929 0.881955 0.846831 0.858322 0.858831 0.724089 0.679410 0.840040 0.709619 0.625955 0.670362 0.785786 0.711591 0.811710 0.908166 0.997997 0.978735 0.771441 0.717368 0.812370 0.799661 0.906882 0.919230 0.954749 0.744203 0.697481 0.947236 0.551070 0.613857 0.751614 0.832540 0.717482 0.730260 0.819322 0.674565 0.893147 0.949175 0.657404 0.735001 0.711933 0.748703 0.600591 0.881768 0.838089 0.966608
0.587457 0.450559 0.623172 0.458980 0.919452 0.602303 0.407654 0.425477 0.727626 0.648186 0.747342 0.571435 0.805610 0.594854 0.968006 0.794036 0.689275 0.625641 0.526789 0.000000 0.816709 0.891784 0.790447 0.789873 0.923909 0.857369 0.840239 0.929547 0.702149 0.662069 0.785765 0.700439 0.504368 0.438006 0.661077 0.895221 0.924679 0.948690 0.905152 0.852389 0.760536 0.901659 0.470404 0.507332 0.620191 0.663667 0.498885 0.435121 0.875241 0.624364 0.578272 0.598066 0.722323 0.738042 0.617432 0.570658 0.704727 0.701716 0.633902 0.510450 0.527315 0.446343 0.722983 0.676162 0.828822 0.520001 0.495825 0.436104 0.916128 0.664602 0.544297 0.645976 0.674466 0.646298 0.698039 0.784581 0.596064 0.713112 0.837043 0.789035 0.636085 0.633996 0.797633 0.864080 0.795780 0.768104 0.957166 0.952855 0.805224 0.648754 0.589143 0.779305 0.616912 0.839178 0.916745 0.675516 0.584378 0.812559 0.507299 0.576485 0.663477 0.716166 0.633730 0.845598 0.525796 0.643073 0.741658 0.881609 0.751836 0.656223 0.601735 0.850056 0.607902 0.714666 0.681646 0.952401
0.810522 0.880353 0.468581 0.498649 0.897976 0.899701 0.949610 0.993521 0.843890 0.646677 0.591394 0.786209 0.764275 0.902292 0.898585 0.986855 0.707272 0.726882 0.971713 0.816709 0.000000 0.739966 0.450366 0.418915 0.398690 0.405066 0.748699 0.813364 0.652044 0.755083 0.466678 0.584881 0.737271 0.809254 0.685444 0.675947 0.678951 0.796744 0.803378 0.768620 0.759494 0.686930 0.707211 0.885817 0.814941 0.741489 0.847149 0.833933 0.590562 0.833710 0.925170 0.837277 0.865189 0.911697 0.931415 0.966182 0.928450 0.851646 0.797584 0.927359 0.858788 0.991578 0.521160 0.598246 0.454187 0.500076 0.666008 0.666326 0.876069 0.823750 0.681219 0.641682 0.678370 0.735601 0.793265 0.797372 0.983629 0.793854 0.716626 0.868085 0.760135 0.948319 0.749359 0.888120 0.633786 0.511751 0.631194 0.954169 0.916986 0.893404 0.909964 0.822464 0.898874 0.967202 0.787910 0.807576 0.921437 0.908275 0.865904 0.893017 0.925732 0.982999 0.648620 0.725202 0.792668 0.854816 0.954012 0.938334 0.916655 0.917757 0.989671 0.925422 0.936859 0.998634 0.879593 0.971637
0.942697 0.885163 0.778962 0.841621 0.864836 0.860934 0.915727 0.945287 0.999931 0.893330 0.825786 0.850236 0.838472 0.890006 0.966495 0.885252 0.955927 0.930912 0.978379 0.891784 0.739966 0.000000 0.848673 0.839974 0.860031 0.876617 0.998812 0.820499 0.898393 0.836765 0.815073 0.912358 0.877898 0.950899 0.843186 0.951484 0.876812 0.934747 0.982682 0.854487 0.814384 0.947149 0.824475 0.850908 0.955180 0.993912 0.957127 0.790754 0.903075 0.912068 0.960316 0.960163 0.825242 0.843920 0.912830 0.881534 0.997967 0.995441 0.895501 0.934599 0.947231 0.961825 0.795822 0.870496 0.881356 0.901339 0.773089 0.854639 0.832015 0.821755 0.878910 0.770742 0.979175 0.877839 0.855497 0.796962 0.983501 0.885552 0.999221 0.941544 0.848789 0.945713 0.951060 0.926367 0.996774 0.913396 0.922950 0.948487 0.960806 0.870773 0.807768 0.948159 0.835382 0.854673 0.901657 0.882799 0.830300 0.926787 0.943290 0.961521 0.958611 0.922589 0.911847 0.927263 0.856116 0.794737 0.863637 0.906254 0.926232 0.967838 0.876835 0.941529 0.984770 0.725524 0.790906 0.986178
0.886953 0.881203 0.365026 0.412448 0.789379 0.999680 0.836227 0.931725 0.990908 0.769525 0.593188 0.849846 0.955707 0.918656 0.791280 0.575159 0.714951 0.730812 0.818916 0.790447 0.450366 0.848673 0.000000 0.306363 0.413826 0.433392 0.713737 0.723210 0.738243 0.850558 0.476636 0.626783 0.610023 0.796946 0.601776 0.803180 0.469366 0.783460 0.673788 0.666446 0.842487 0.787736 0.621167 0.823322 0.999708 0.887361 0.673101 0.700800 0.782509 0.914378 0.980849 0.942358 0.968035 0.904569 0.801441 0.988474 0.910869 0.882906 0.891274 0.986766 0.942632 0.956119 0.660455 0.700558 0.297107 0.465310 0.640419 0.653528 0.999438 0.812194 0.632825 0.666829 0.746273 0.739802 0.710837 0.811124 0.917766 0.565711 0.774174 0.695297 0.774479 0.972859 0.760346 0.923143 0.488391 0.461022 0.774158 0.992653 0.811357 0.817201 0.919234 0.981442 0.889651 0.951599 0.809700 0.770816 0.998350 0.884167 0.937382 0.940486 0.962904 0.913925 0.845852 0.753268 0.881270 0.793833 0.927549 0.917957 0.991998 0.973932 0.911219 0.970968 0.910141 0.903087 0.967435 0.945005
0.780425 0.871245 0.417815 0.399204 0.985050 0.854338 0.973549 0.965054 0.734153 0.555548 0.464782 0.741428 0.754475 0.995970 0.925448 0.818075 0.704549 0.725918 0.911978 0.789873 0.418915 0.839974 0.306363 0.000000 0.289099 0.362454 0.648378 0.717228 0.546492 0.746244 0.405932 0.459055 0.705059 0.881533 0.626161 0.673321 0.509329 0.641957 0.596264 0.728839 0.851714 0.823267 0.667359 0.847441 0.871473 0.783604 0.700544 0.739717 0.615175 0.886064 0.985643 0.901601 0.884883 0.909877 0.873826 0.960086 0.978473 0.852797 0.736300 0.912020 0.830203 0.935621 0.540865 0.572304 0.396557 0.480258 0.683112 0.658387 0.904410 0.921287 0.753622 0.676335 0.688985 0.713040 0.775305 0.843784 0.996828 0.626972 0.801864 0.682820 0.780515 0.928150 0.739391 0.941262 0.553259 0.375174 0.795047 0.883977 0.916348 0.736556 0.957897 0.776699 0.984160 0.862202 0.877608 0.891910 0.884565 0.927523 0.769662 0.882876 0.886607 0.795524 0.770611 0.715794 0.951957 0.925628 0.927220 0.911715 0.970691 0.900394 0.984219 0.865849 0.756594 0.997246 0.978908 0.990933
0.655481 0.977892 0.392368 0.509083 0.895750 0.804408 0.869166 0.786637 0.633216 0.421274 0.372909 0.519252 0.589422 0.692655 0.873892 0.932182 0.570282 0.581992 0.875631 0.923909 0.398690 0.860031 0.413826 0.289099 0.000000 0.237197 0.558508 0.673944 0.423505 0.555334 0.377182 0.512650 0.779211 0.991574 0.655777 0.590295 0.434960 0.555090 0.553798 0.689880 0.798031 0.921655 0.821510 0.997578 0.691716 0.619365 0.835345 0.908954 0.480564 0.729422 0.810962 0.706450 0.686774 0.740815 0.935918 0.944089 0.910766 0.807246 0.644128 0.798710 0.682661 0.773876 0.390242 0.392251 0.343562 0.535949 0.764846 0.733681 0.758256 0.899857 0.737265 0.689971 0.701801 0.711706 0.835816 0.917256 0.869228 0.746083 0.679565 0.729602 0.784134 0.951015 0.772516 0.904112 0.510201 0.332078 0.821439 0.939596 0.916903 0.795889 0.866404 0.688251 0.981654 0.844667 0.931621 0.872604 0.970092 0.863168 0.634338 0.692189 0.784173 0.729813 0.710099 0.662556 0.953638 0.987307 0.976660 0.884749 0.811813 0.904366 0.877304 0.740518 0.654765 0.987913 0.941441 0.945450
0.735403 0.935664 0.332752 0.417502 0.846656 0.940190 0.961544 0.969597 0.784927 0.553878 0.460924 0.611351 0.618791 0.740665 0.841777 0.902254 0.563761 0.569686 0.886850 0.857369 0.405066 0.876617 0.433392 0.362454 0.237197 0.000000 0.765402 0.753368 0.482867 0.567775 0.308927 0.476694 0.727179 0.891921 0.637161 0.562251 0.424550 0.543729 0.539734 0.710159 0.737588 0.910554 0.698288 0.899638 0.759695 0.687726 0.783323 0.894225 0.465699 0.740347 0.906320 0.787720 0.798104 0.875891 0.963023 0.906125 0.842386 0.759936 0.704076 0.902830 0.811305 0.948226 0.368205 0.426009 0.358183 0.418599 0.593557 0.593104 0.850376 0.914206 0.578602 0.534642 0.604489 0.629214 0.870268 0.825122 0.962858 0.725398 0.606409 0.746994 0.747036 0.983045 0.898010 0.790302 0.613219 0.426306 0.804862 0.978941 0.880598 0.897221 0.895833 0.899868 0.775816 0.930346 0.920013 0.852997 0.957690 0.967502 0.816446 0.858231 0.989284 0.913781 0.822388 0.688889 0.912095 0.887966 0.847024 0.975433 0.952792 0.980664 0.965161 0.880132 0.796033 0.934466 0.954750 0.872220
0.728154 0.863606 0.878224 0.988701 0.832598 0.549696 0.556849 0.529534 0.607244 0.527427 0.645449 0.612903 0.916004 0.708282 0.792640 0.909621 0.810316 0.822206 0.838722 0.840239 0.748699 0.998812 0.713737 0.648378 0.558508 0.765402 0.000000 0.728112 0.664488 0.673040 0.999952 0.979310 0.852066 0.636010 0.999716 0.909218 0.681636 0.900987 0.794586 0.659025 0.998885 0.963255 0.761692 0.625987 0.540044 0.559316 0.940538 0.885293 0.812562 0.664564 0.572705 0.535770 0.520431 0.435962 0.916436 0.868047 0.996580 0.949780 0.670834 0.632333 0.592401 0.581909 0.743640 0.646261 0.585284 0.976295 0.712641 0.669186 0.713284 0.988195 0.826090 0.785540 0.774721 0.880491 0.883186 0.809358 0.619837 0.864256 0.925130 0.966908 0.989424 0.878279 0.782212 0.863115 0.480989 0.542630 0.886987 0.881149 0.926744 0.797231 0.546384 0.612328 0.612254 0.668705 0.856288 0.950799 0.712169 0.734260 0.532254 0.642047 0.430106 0.580422 0.623085 0.705093 0.774003 0.901804 0.819953 0.645301 0.704239 0.845238 0.788601 0.677837 0.676108 0.723725 0.721546 0.999521
0.797133 0.865668 0.785631 0.883172 0.982483 0.959394 0.817352 0.758981 0.734609 0.728740 0.635998 0.662136 0.865865 0.815146 0.906092 0.940378 0.914793 0.881049 0.979983 0.929547 0.813364 0.820499 0.723210 0.717228 0.673944 0.753368 0.728112 0.000000 0.777892 0.788020 0.810504 0.923862 0.976186 0.833285 0.916072 0.975459 0.690095 0.971308 0.924267 0.790428 0.869050 0.920504 0.994255 0.882011 0.804773 0.800121 0.975393 0.893802 0.786439 0.857700 0.814979 0.750425 0.771214 0.761290 0.917360 0.887757 0.980730 0.937080 0.799865 0.888045 0.745891 0.749125 0.750698 0.679479 0.714763 0.930570 0.946735 0.967701 0.770411 0.843857 0.965340 0.870679 0.988507 0.916874 0.979398 0.989766 0.767627 0.975367 0.708688 0.731276 0.891287 0.890023 0.850329 0.996600 0.769898 0.754085 0.963723 0.963384 0.884036 0.797848 0.798510 0.691413 0.837292 0.805930 0.906539 0.994062 0.947215 0.834936 0.724229 0.800720 0.719064 0.835875 0.789457 0.873911 0.829872 0.780394 0.978108 0.722336 0.865938 0.881406 0.847830 0.813332 0.781145 0.976470 0.818559 0.974750
0.503705 0.688433 0.688823 0.811115 0.688867 0.677724 0.625137 0.561692 0.554411 0.330327 0.336899 0.348665 0.436325 0.425584 0.697967 0.712723 0.445288 0.348766 0.656426 0.702149 0.652044 0.898393 0.738243 0.546492 0.423505 0.482867 0.664488 0.777892 0.000000 0.268123 0.675027 0.819126 0.782186 0.705982 0.858368 0.628479 0.613076 0.687158 0.721900 0.907593 0.895731 0.909900 0.843129 0.718450 0.469062 0.428849 0.816265 0.814113 0.360863 0.541435 0.603966 0.531654 0.647983 0.794971 0.762404 0.575969 0.710747 0.613888 0.494554 0.629582 0.405594 0.520798 0.269025 0.239777 0.604440 0.842772 0.944712 0.990820 0.757116 0.809459 0.965137 0.816476 0.986917 0.925565 0.940857 0.980919 0.704053 0.998596 0.614632 0.944428 0.520009 0.685741 0.832555 0.613996 0.921447 0.750017 0.945679 0.985945 0.904276 0.846942 0.867868 0.793467 0.998982 0.975090 0.977976 0.848668 0.927169 0.905426 0.494187 0.582677 0.778844 0.734276 0.644888 0.701791 0.742574 0.836743 0.847545 0.955386 0.897449 0.738338 0.851538 0.699760 0.505917 0.843141 0.784256 0.883786
0.544851 0.599071 0.768132 0.942147 0.693786 0.733183 0.590748 0.542873 0.652580 0.398097 0.410222 0.345756 0.444117 0.306251 0.752837 0.665575 0.389216 0.343370 0.594349 0.662069 0.755083 0.836765 0.850558 0.746244 0.555334 0.567775 0.673040 0.788020 0.268123 0.000000 0.824462 0.990585 0.724940 0.638432 0.856419 0.686245 0.702219 0.824352 0.752502 0.993391 0.864129 0.987007 0.728939 0.621365 0.436980 0.425394 0.712734 0.749979 0.390989 0.483967 0.526672 0.475676 0.619035 0.784264 0.693773 0.585479 0.633424 0.593079 0.476343 0.665638 0.416942 0.492318 0.293585 0.249713 0.656733 0.928516 0.998332 0.902058 0.708081 0.837869 0.996755 0.851177 0.874289 0.835972 0.934605 0.953159 0.676519 0.878954 0.665080 0.850514 0.465381 0.612682 0.675675 0.604625 0.979854 0.869676 0.959782 0.974132 0.932224 0.755751 0.929063 0.909055 0.936095 0.899945 0.965809 0.867122 0.849273 0.981515 0.548943 0.636075 0.772024 0.821965 0.707473 0.717200 0.742332 0.842412 0.976056 0.964540 0.907560 0.817485 0.837649 0.826361 0.552557 0.887122 0.843955 0.835885
0.748322 0.844278 0.447388 0.463117 0.824305 0.935335 0.807515 0.846394 0.896718 0.731397 0.570602 0.748988 0.608607 0.951594 0.741779 0.952508 0.701211 0.719067 0.993382 0.785765 0.466678 0.815073 0.476636 0.405932 0.377182 0.308927 0.999952 0.810504 0.675027 0.824462 0.000000 0.327858 0.583516 0.735508 0.621212 0.665448 0.520203 0.599401 0.674127 0.879158 0.693909 0.965325 0.517568 0.676225 0.898532 0.984202 0.767762 0.766046 0.676738 0.953747 0.770005 0.895444 0.902092 0.810519 0.774038 0.925303 0.887653 0.833108 0.771343 0.983032 0.949111 0.904789 0.532672 0.642068 0.607604 0.481515 0.521778 0.513701 0.948773 0.834829 0.617452 0.497477 0.427408 0.515314 0.871676 0.690006 0.979983 0.610112 0.709652 0.775075 0.774877 0.999589 0.781205 0.759747 0.813220 0.577521 0.898656 0.959996 0.965059 0.881641 0.825617 0.853954 0.745839 0.996970 0.933573 0.888249 0.808121 0.990275 0.966895 0.957083 0.837243 0.961903 0.910085 0.830955 0.847484 0.876740 0.805856 0.943496 0.968911 0.922285 0.921957 0.969606 0.856235 0.757731 0.841233 0.955409
0.871270 0.715244 0.592884 0.568647 0.829733 0.986994 0.825748 0.838098 0.866282 0.800415 0.720192 0.879237 0.653994 0.915938 0.742858 0.940465 0.834360 0.940990 0.937917 0.700439 0.584881 0.912358 0.626783 0.459055 0.512650 0.476694 0.979310 0.923862 0.819126 0.990585 0.327858 0.000000 0.608147 0.696407 0.727293 0.748999 0.697938 0.604321 0.703110 0.934295 0.820574 0.988696 0.508591 0.576305 0.848411 0.855180 0.673118 0.668407 0.810539 0.842480 0.656758 0.762348 0.860373 0.830936 0.757901 0.754311 0.992736 0.929035 0.897115 0.931073 0.996870 0.872218 0.683753 0.807585 0.745366 0.585591 0.611933 0.544110 0.985296 0.939558 0.711788 0.588803 0.425763 0.443111 0.906633 0.786467 0.920967 0.612854 0.886473 0.769125 0.944616 0.893886 0.774637 0.961978 0.870199 0.574138 0.926281 0.854876 0.949335 0.834592 0.928178 0.810192 0.848553 0.904226 0.934628 0.927741 0.758795 0.977634 0.992396 0.999783 0.860205 0.960563 0.994201 0.868132 0.753783 0.854409 0.888552 0.874772 0.977087 0.955691 0.941641 0.942284 0.977422 0.755116 0.872808 0.937140
0.640149 0.449781 0.558211 0.507260 0.885999 0.557568 0.463453 0.546399 0.768766 0.813944 0.869138 0.737471 0.863867 0.632668 0.895926 0.747623 0.820016 0.716959 0.528905 0.504368 0.737271 0.877898 0.610023 0.705059 0.779211 0.727179 0.852066 0.976186 0.782186 0.724940 0.583516 0.608147 0.000000 0.408144 0.540755 0.911590 0.809369 0.950845 0.838319 0.815449 0.739000 0.931339 0.416194 0.414450 0.550441 0.600414 0.511149 0.558232 0.854094 0.597241 0.522804 0.576878 0.709578 0.806078 0.511508 0.575116 0.656728 0.687763 0.636739 0.494546 0.503963 0.572420 0.865472 0.798075 0.715726 0.538696 0.474171 0.433357 0.963435 0.701029 0.556264 0.599910 0.575732 0.621497 0.720812 0.721537 0.690880 0.559354 0.880031 0.680059 0.737343 0.687518 0.741067 0.795923 0.657648 0.627227 0.928837 0.935106 0.773691 0.711179 0.727678 0.867626 0.699127 0.910733 0.950092 0.604102 0.700812 0.949410 0.591056 0.641954 0.697777 0.800124 0.795978 0.826753 0.594541 0.578801 0.777232 0.852269 0.834916 0.684111 0.732457 0.789236 0.642347 0.735342 0.566892 0.998813
0.536169 0.416703 0.653037 0.509225 0.933446 0.525306 0.304083 0.361950 0.585932 0.607438 0.690753 0.524842 0.794781 0.550777 0.984923 0.834542 0.747218 0.675109 0.502243 0.438006 0.809254 0.950899 0.796946 0.881533 0.991574 0.891921 0.636010 0.833285 0.705982 0.638432 0.735508 0.696407 0.408144 0.000000 0.630216 0.930101 0.931498 0.990723 0.966511 0.851496 0.874894 0.947931 0.414867 0.425353 0.509775 0.561784 0.554169 0.533325 0.829567 0.587756 0.493486 0.502298 0.573281 0.618257 0.676263 0.660548 0.732095 0.702081 0.516829 0.445743 0.400810 0.395212 0.745121 0.646417 0.883861 0.521369 0.403284 0.373211 0.971387 0.743382 0.439597 0.567167 0.632804 0.637533 0.828184 0.760809 0.526333 0.619822 0.826596 0.715919 0.750111 0.786718 0.885203 0.912747 0.914872 0.871374 0.905884 0.966221 0.826151 0.793527 0.535718 0.677945 0.519642 0.728673 0.869530 0.708119 0.618754 0.870465 0.420548 0.519858 0.494762 0.557119 0.681174 0.735886 0.538319 0.523656 0.623547 0.701924 0.742101 0.678644 0.617755 0.752109 0.548031 0.764974 0.572168 0.950218
0.914055 0.761398 0.496286 0.538468 0.972899 0.764059 0.626852 0.739462 0.836774 0.997130 0.857678 0.936727 0.849625 0.950775 0.931548 0.985704 0.913236 0.876787 0.816344 0.661077 0.685444 0.843186 0.601776 0.626161 0.655777 0.637161 0.999716 0.916072 0.858368 0.856419 0.621212 0.727293 0.540755 0.630216 0.000000 0.783140 0.797694 0.933168 0.757478 0.869337 0.660421 0.963055 0.613617 0.671062 0.830486 0.902472 0.852357 0.690647 0.822928 0.920122 0.857695 0.894524 0.790656 0.839834 0.810027 0.853441 0.912542 0.979287 0.931553 0.686598 0.838275 0.848446 0.823100 0.844094 0.599192 0.575733 0.453280 0.492286 0.803923 0.748861 0.509554 0.584892 0.805857 0.696093 0.863328 0.738017 0.763517 0.790729 0.867501 0.754087 0.906904 0.944781 0.976611 0.840048 0.807185 0.736541 0.926626 0.965100 0.949429 0.806360 0.617204 0.812225 0.594211 0.698087 0.802158 0.813866 0.797773 0.912348 0.829796 0.848673 0.828500 0.854313 0.896291 0.920486 0.857865 0.705711 0.915808 0.908099 0.897802 0.779711 0.825283 0.979314 0.948584 0.905896 0.672907 0.992155
0.749560 0.973962 0.725133 0.739784 0.740020 0.884726 0.958188 0.905465 0.887812 0.687766 0.662529 0.734288 0.620457 0.743207 0.813172 0.802697 0.748362 0.679835 0.876022 0.895221 0.675947 0.951484 0.803180 0.673321 0.590295 0.562251 0.909218 0.975459 0.628479 0.686245 0.665448 0.748999 0.911590 0.930101 0.783140 0.000000 0.755525 0.843370 0.724663 0.912004 0.865913 0.846518 0.939222 0.986499 0.850494 0.765270 0.913805 0.960615 0.650400 0.837112 0.922156 0.807400 0.952117 0.991004 0.965167 0.915348 0.842470 0.798509 0.691792 0.848454 0.771034 0.911653 0.631343 0.606403 0.749905 0.764994 0.778054 0.817411 0.936215 0.951506 0.750335 0.743827 0.755361 0.863903 0.918233 0.844911 0.938692 0.935733 0.848289 0.982261 0.826598 0.901661 0.948657 0.847057 0.930425 0.729694 0.837495 0.900941 0.995461 0.965196 0.942238 0.882658 0.789277 0.954882 0.916411 0.891047 0.857576 0.986185 0.831062 0.739721 0.950677 0.969028 0.920438 0.736838 0.925627 0.945024 0.997394 0.987578 0.948651 0.970387 0.971899 0.874311 0.687496 0.990474 0.973595 0.969804
0.854956 0.973211 0.498815 0.631240 0.936856 0.888447 0.928987 0.817551 0.818225 0.575809 0.599298 0.576523 0.818644 0.838783 0.987714 0.910179 0.749892 0.712506 0.997557 0.924679 0.678951 0.876812 0.469366 0.509329 0.434960 0.424550 0.681636 0.690095 0.613076 0.702219 0.520203 0.697938 0.809369 0.931498 0.797694 0.755525 0.000000 0.575264 0.623516 0.662642 0.655652 0.942303 0.775385 0.934848 0.866268 0.800809 0.798037 0.897079 0.760831 0.917815 0.929697 0.880363 0.843691 0.837517 0.793878 0.879945 0.968036 0.920721 0.821326 0.893413 0.831305 0.820039 0.588988 0.594456 0.450305 0.698546 0.808335 0.783817 0.736151 0.870089 0.756108 0.693251 0.751705 0.805703 0.911724 0.888547 0.892087 0.746818 0.828442 0.816325 0.915881 0.951153 0.786183 0.931280 0.542881 0.479857 0.973436 0.962657 0.854223 0.770406 0.861136 0.835231 0.955000 0.904422 0.952003 0.873915 0.880199 0.829598 0.825404 0.841770 0.863960 0.824398 0.929847 0.816500 0.998090 0.948491 0.968280 0.982902 0.947076 0.908836 0.964872 0.850938 0.740856 0.862764 0.990064 0.893547
0.818679 0.942851 0.738026 0.720517 0.817200 0.915617 0.913332 0.913022 0.748052 0.693842 0.743527 0.764391 0.668300 0.882351 0.747319 0.844037 0.796556 0.772877 0.869706 0.948690 0.796744 0.934747 0.783460 0.641957 0.555090 0.543729 0.900987 0.971308 0.687158 0.824352 0.599401 0.604321 0.950845 0.990723 0.933168 0.843370 0.575264 0.000000 0.570570 0.777935 0.861249 0.899299 0.873454 0.900269 0.840077 0.858138 0.764223 0.935817 0.774206 0.926860 0.987727 0.960956 0.857668 0.928173 0.928797 0.945805 0.964140 0.895798 0.817701 0.863985 0.809761 0.941852 0.651874 0.702860 0.737756 0.725970 0.881438 0.793283 0.846702 0.976265 0.881123 0.799672 0.570037 0.695147 0.846979 0.975036 0.998568 0.754665 0.757888 0.874077 0.963054 0.988910 0.821475 0.991785 0.725145 0.552180 0.935782 0.842498 0.912070 0.801887 0.888672 0.782114 0.979896 0.823107 0.913032 0.910507 0.986691 0.928166 0.769343 0.751821 0.973303 0.760370 0.949550 0.765692 0.983533 0.929381 0.976234 0.968158 0.968883 0.877441 0.931327 0.796500 0.854656 0.871824 0.979353 0.989043
