0.000000 0.245811 0.680348 0.402694 0.763291 0.749277 0.772630 0.646139 0.911507 0.833742 0.338225 0.331756 0.313252 0.363130 0.508077 0.443754 0.311353 0.353900 0.427327 0.393948 0.684833 0.890528 0.732903 0.640883 0.718374 0.851460 0.781314 0.910853 0.444619 0.506214 0.955013 0.950631 0.508691 0.587992 0.951305 0.656499 0.546621 0.629541 0.593166 0.670441 0.754685 0.730462 0.739550 0.676850 0.772893 0.649492 0.378392 0.411333 0.402715 0.389110 0.627761 0.557769 0.904992 0.824184 0.489032 0.471984 0.282043 0.207048 0.294762 0.298819 0.344425 0.424305 0.297145 0.307722 0.530517 0.298242 0.880050 0.859189 0.405613 0.370452 0.841115 0.882260 0.831735 0.733539 0.732587 0.814075 0.657313 0.733379 0.394749 0.526823 0.275290 0.310971 0.535127 0.378222 0.467082 0.453076 0.947812 0.997358 0.513966 0.438439 0.980990 0.997243 0.885272 0.980137 0.798164 0.803025 0.793432 0.907976 0.671503 0.758952 0.975677 0.986292 0.834100 0.837164 0.574432 0.591929 0.889289 0.950992 0.901302 0.883208 0.967084 0.597951 0.805982 0.967234 0.762227 0.945540
0.245811 0.000000 0.670667 0.355649 0.843256 0.671332 0.622330 0.545122 0.798304 0.752759 0.325123 0.328096 0.413909 0.335098 0.587455 0.402594 0.262589 0.285196 0.386466 0.303163 0.616253 0.930587 0.698998 0.558508 0.755794 0.800339 0.855257 0.893051 0.338042 0.378242 0.743983 0.685408 0.405685 0.440605 0.982466 0.712194 0.551399 0.634967 0.651510 0.664068 0.792897 0.650668 0.535955 0.496443 0.599336 0.512038 0.400780 0.389261 0.364728 0.344369 0.461172 0.427680 0.711568 0.991409 0.576220 0.437113 0.237128 0.217362 0.362343 0.360121 0.328044 0.409149 0.280031 0.269799 0.622050 0.354271 0.749516 0.682584 0.507241 0.428331 0.676256 0.704795 0.673028 0.568582 0.756717 0.820410 0.592483 0.623421 0.395368 0.465734 0.292725 0.392342 0.463501 0.442223 0.564886 0.472992 0.959951 0.950277 0.624403 0.459357 0.898381 0.940596 0.815042 0.959715 0.767004 0.793232 0.813662 0.898897 0.578790 0.635617 0.928811 0.983824 0.729260 0.795602 0.537890 0.550166 0.925213 0.925319 0.831448 0.916699 0.899937 0.573669 0.720336 0.862579 0.741957 0.911774
0.680348 0.670667 0.000000 0.484871 0.531191 0.785117 0.510905 0.689781 0.643669 0.723275 0.797647 0.818632 0.608983 0.800248 0.614215 0.603750 0.739162 0.668114 0.476078 0.614369 0.564001 0.861131 0.457915 0.644522 0.556995 0.544816 0.996445 0.964436 0.610378 0.669611 0.638468 0.725171 0.489539 0.565324 0.706408 0.883259 0.556946 0.900377 0.663829 0.799911 0.774357 0.807959 0.606012 0.665044 0.628878 0.658650 0.675095 0.681226 0.681125 0.723714 0.765447 0.775565 0.752452 0.967393 0.698684 0.825808 0.709253 0.668342 0.712390 0.692430 0.475599 0.780951 0.717800 0.713889 0.477053 0.633968 0.552035 0.641986 0.841188 0.612188 0.712147 0.777891 0.734478 0.706392 0.992012 0.814752 0.653511 0.678285 0.790745 0.689630 0.753070 0.740663 0.823344 0.861958 0.705739 0.807661 0.994963 0.870936 0.848125 0.723181 0.724162 0.728423 0.731097 0.765820 0.871678 0.638005 0.881602 0.798110 0.651667 0.564945 0.874082 0.765911 0.841856 0.858845 0.732507 0.635368 0.829283 0.755169 0.946290 0.969876 0.775930 0.672800 0.525404 0.780275 0.838741 0.926697
0.402694 0.355649 0.484871 0.000000 0.716357 0.521039 0.392275 0.310740 0.609574 0.527574 0.488554 0.350413 0.489918 0.356785 0.654179 0.411497 0.427348 0.395319 0.346676 0.304361 0.583130 0.916916 0.537971 0.480253 0.771193 0.660133 0.954292 0.970436 0.402663 0.393070 0.565224 0.644150 0.355773 0.360084 0.763255 0.816374 0.663661 0.723203 0.702935 0.803497 0.812752 0.833365 0.482292 0.526328 0.488808 0.504300 0.460542 0.465699 0.507534 0.452614 0.500755 0.497975 0.605578 0.791515 0.568680 0.593652 0.479851 0.439858 0.533230 0.482185 0.282155 0.341467 0.343362 0.303755 0.686184 0.300197 0.498009 0.545809 0.702037 0.492555 0.604939 0.670872 0.678547 0.600469 0.763483 0.583188 0.545723 0.588097 0.538510 0.550411 0.524994 0.513090 0.684782 0.734260 0.741573 0.674094 0.914579 0.911025 0.768035 0.568510 0.588907 0.756776 0.569568 0.821342 0.662497 0.583998 0.657963 0.759911 0.432353 0.471949 0.633028 0.707204 0.657066 0.691768 0.497027 0.549799 0.881462 0.848903 0.710240 0.863249 0.743072 0.566188 0.554273 0.784499 0.611745 0.848178
0.763291 0.843256 0.531191 0.716357 0.000000 0.813665 0.840948 0.865276 0.917444 0.927916 0.926358 0.876258 0.567806 0.823405 0.551723 0.604066 0.914979 0.865110 0.767497 0.917154 0.787592 0.969853 0.530631 0.625297 0.636075 0.803682 0.661263 0.882929 0.875214 0.846480 0.977300 0.957147 0.746675 0.929726 0.843574 0.818736 0.848708 0.936396 0.932769 0.667814 0.803754 0.898546 0.877048 0.916478 0.922190 0.861864 0.741077 0.784503 0.641055 0.809382 0.944964 0.906044 0.909826 0.804545 0.682078 0.834765 0.933458 0.772409 0.797449 0.738280 0.654003 0.810265 0.832865 0.815544 0.475215 0.648453 0.969681 0.966441 0.781839 0.661344 0.899513 0.817634 0.816095 0.978433 0.895889 0.972370 0.872252 0.915594 0.948742 0.737706 0.809007 0.722192 0.809478 0.737378 0.527092 0.671903 0.634969 0.899178 0.620277 0.663708 0.967330 0.924812 0.957678 0.974272 0.887254 0.995899 0.987266 0.964523 0.984535 0.888399 0.803011 0.999505 0.928456 0.923728 0.997433 0.880435 0.800893 0.936371 0.969122 0.889849 0.867426 0.969882 0.709442 0.962684 0.944843 0.963050
0.749277 0.671332 0.785117 0.521039 0.813665 0.000000 0.591525 0.526705 0.725482 0.664605 0.760465 0.606817 0.839357 0.605059 0.900088 0.597408 0.730533 0.681228 0.688830 0.611484 0.740442 0.902685 0.780179 0.720436 0.929882 0.877662 0.871975 0.966869 0.712264 0.657647 0.610023 0.693504 0.551055 0.637932 0.790543 0.761993 0.898169 0.899948 0.953405 0.906841 0.793132 0.956319 0.659168 0.668950 0.716155 0.732088 0.803738 0.742786 0.784768 0.663712 0.636571 0.647642 0.640816 0.713748 0.771187 0.850572 0.754313 0.810741 0.866111 0.736200 0.667460 0.614498 0.725895 0.590786 0.979110 0.602258 0.758625 0.646494 0.948762 0.787508 0.748921 0.782893 0.735272 0.752826 0.983331 0.666539 0.773708 0.657695 0.834032 0.787448 0.858047 0.835846 0.933010 0.983037 0.982389 0.919298 0.932260 0.863110 0.945157 0.860602 0.651876 0.838645 0.712344 0.780133 0.775636 0.834942 0.930553 0.739285 0.614530 0.781586 0.684507 0.814084 0.917486 0.741832 0.770834 0.938597 0.935292 0.974746 0.836454 0.989128 0.740144 0.798652 0.821205 0.877044 0.784036 0.807415
0.772630 0.622330 0.510905 0.392275 0.840948 0.591525 0.000000 0.292587 0.425088 0.375595 0.676548 0.610182 0.851658 0.643632 0.883677 0.594005 0.618316 0.521922 0.413423 0.505161 0.641900 0.850893 0.584810 0.662932 0.962893 0.791635 0.667892 0.842356 0.440942 0.354053 0.300036 0.384288 0.341030 0.276869 0.605427 0.977760 0.821221 0.828028 0.804648 0.954410 0.822999 0.859287 0.281855 0.350878 0.245543 0.368292 0.757233 0.578752 0.671569 0.604661 0.440176 0.472860 0.376573 0.432718 0.873369 0.856813 0.643577 0.767344 0.777762 0.821214 0.409579 0.579238 0.539024 0.491918 0.953892 0.643193 0.230601 0.286288 0.963355 0.778064 0.469092 0.424232 0.420395 0.388561 0.956055 0.650776 0.484800 0.440934 0.715726 0.688049 0.823217 0.948553 0.847918 0.893206 0.911373 0.978603 0.848492 0.822125 0.903545 0.925518 0.357085 0.537034 0.468213 0.663273 0.738688 0.584456 0.567992 0.655247 0.270737 0.291781 0.451562 0.478410 0.513041 0.632910 0.454129 0.665414 0.648479 0.681916 0.663197 0.820873 0.586565 0.500013 0.359757 0.672906 0.583088 0.873099
0.646139 0.545122 0.689781 0.310740 0.865276 0.526705 0.292587 0.000000 0.499440 0.289065 0.551204 0.353019 0.759623 0.427484 0.957229 0.665079 0.600392 0.537172 0.555149 0.450437 0.775303 0.977300 0.775690 0.744257 0.936094 0.874665 0.666456 0.877844 0.431461 0.380452 0.514852 0.577864 0.456492 0.367975 0.657745 0.921412 0.913603 0.831592 0.885548 0.995714 0.843403 0.953869 0.430803 0.476377 0.347276 0.376399 0.647902 0.524315 0.567332 0.478260 0.400301 0.420959 0.423740 0.507533 0.713078 0.619052 0.701971 0.708704 0.666436 0.616001 0.356169 0.271213 0.421555 0.312400 0.977147 0.430249 0.377247 0.344761 0.961727 0.645731 0.613595 0.602315 0.553983 0.539812 0.830104 0.613272 0.508125 0.599462 0.693100 0.764515 0.712980 0.795330 0.885611 0.979924 0.962272 0.953256 0.908648 0.857729 0.915856 0.735441 0.434556 0.703470 0.485509 0.779526 0.768427 0.704071 0.576236 0.693261 0.336627 0.432867 0.420238 0.629450 0.621799 0.687989 0.458394 0.653859 0.740704 0.841420 0.679827 0.728635 0.643939 0.579840 0.499183 0.768588 0.619343 0.820548
0.911507 0.798304 0.643669 0.609574 0.917444 0.725482 0.425088 0.499440 0.000000 0.390380 0.703611 0.676553 0.932119 0.871217 0.940659 0.715702 0.729823 0.608274 0.705588 0.641714 0.617007 0.824523 0.815204 0.951370 0.925393 0.715319 0.756582 0.860478 0.487431 0.564977 0.470457 0.646681 0.583850 0.485339 0.704383 0.964976 0.702964 0.899988 0.778162 0.905141 0.770585 0.866660 0.501091 0.575480 0.524635 0.676061 0.976777 0.848182 0.803658 0.837223 0.722782 0.782714 0.587791 0.642565 0.983474 0.932458 0.730614 0.894169 0.981817 0.903171 0.648499 0.672735 0.688122 0.640775 0.922264 0.794020 0.462182 0.560104 0.931081 0.771774 0.453815 0.504575 0.529013 0.549145 0.952845 0.701272 0.638865 0.613232 0.775241 0.713334 0.963129 0.916732 0.959009 0.865562 0.860482 0.829720 0.842241 0.767216 0.802103 0.919061 0.441474 0.471530 0.552035 0.501217 0.648879 0.762189 0.833579 0.691175 0.491685 0.495740 0.567614 0.636060 0.687866 0.784308 0.661801 0.815709 0.741358 0.762264 0.821392 0.988044 0.700299 0.658741 0.681932 0.779120 0.778030 0.823213
0.833742 0.752759 0.723275 0.527574 0.927916 0.664605 0.375595 0.289065 0.390380 0.000000 0.656952 0.531325 0.954136 0.735570 0.977115 0.759156 0.678577 0.564117 0.635721 0.552442 0.809487 0.991099 0.909854 0.988911 0.866624 0.882946 0.658647 0.841772 0.463156 0.464368 0.472562 0.621480 0.581573 0.425148 0.616132 0.927272 0.856349 0.807845 0.954365 0.954192 0.922310 0.921225 0.500921 0.554661 0.430622 0.541259 0.912962 0.734057 0.765705 0.773413 0.634073 0.677483 0.569089 0.571358 0.949618 0.880131 0.792642 0.912253 0.901220 0.949564 0.577640 0.485106 0.573060 0.470190 0.898088 0.699902 0.415834 0.466116 0.981108 0.761347 0.458557 0.466641 0.583872 0.506720 0.964647 0.680425 0.617678 0.600445 0.751924 0.798350 0.853145 0.980109 0.934209 0.790520 0.754021 0.773039 0.785237 0.687349 0.909663 0.963035 0.339247 0.490707 0.422516 0.544783 0.797544 0.752774 0.653586 0.661344 0.354915 0.452436 0.443997 0.526667 0.611864 0.734334 0.583421 0.769141 0.816620 0.853371 0.766068 0.853712 0.550697 0.584755 0.543618 0.871015 0.755524 0.774414
0.338225 0.325123 0.797647 0.488554 0.926358 0.760465 0.676548 0.551204 0.703611 0.656952 0.000000 0.298961 0.502248 0.375030 0.655125 0.532167 0.318974 0.320102 0.468062 0.419357 0.683933 0.879308 0.905110 0.771316 0.979279 0.907501 0.938914 0.964212 0.340750 0.366007 0.819388 0.850227 0.500324 0.512549 0.972263 0.654022 0.587884 0.589513 0.596349 0.650264 0.802988 0.736899 0.606033 0.571807 0.698291 0.624199 0.546404 0.581497 0.474921 0.520960 0.570996 0.572429 0.812093 0.998771 0.641713 0.576711 0.338963 0.341653 0.467519 0.530111 0.411050 0.396221 0.317714 0.284283 0.771653 0.406593 0.824229 0.724096 0.622330 0.521853 0.726338 0.749187 0.627364 0.625827 0.753858 0.715760 0.564248 0.735603 0.393451 0.560559 0.357140 0.412553 0.634707 0.534978 0.707302 0.627602 0.954503 0.943433 0.690791 0.555931 0.907383 0.969949 0.904118 0.972917 0.732084 0.815605 0.840880 0.884506 0.642938 0.814311 0.933874 0.966478 0.739131 0.849670 0.616379 0.707831 0.842399 0.944276 0.801160 0.838572 0.926202 0.632823 0.677555 0.980635 0.747067 0.758125
0.331756 0.328096 0.818632 0.350413 0.876258 0.606817 0.610182 0.353019 0.676553 0.531325 0.298961 0.000000 0.456038 0.253870 0.692983 0.467991 0.383107 0.364274 0.503247 0.375275 0.718354 0.902373 0.843320 0.705118 0.987556 0.951882 0.964460 0.967895 0.360832 0.392159 0.835213 0.854114 0.494783 0.492331 0.959727 0.747921 0.786643 0.712184 0.737372 0.802435 0.868161 0.867778 0.645877 0.608594 0.634779 0.543891 0.465739 0.475242 0.442751 0.385060 0.497274 0.459667 0.674352 0.862267 0.569780 0.510642 0.452096 0.383765 0.461753 0.426540 0.329697 0.194944 0.269461 0.204956 0.810050 0.250124 0.758953 0.648726 0.651472 0.465123 0.761734 0.774988 0.720349 0.676758 0.737620 0.719338 0.601249 0.730176 0.477950 0.628170 0.404021 0.433174 0.663073 0.558366 0.718715 0.644661 0.960017 0.993845 0.626229 0.573696 0.758807 0.927902 0.746014 0.962599 0.748569 0.794933 0.750492 0.781458 0.574860 0.700610 0.742640 0.910386 0.788496 0.792470 0.503600 0.636535 0.940308 0.984572 0.789988 0.836176 0.885011 0.602322 0.737038 0.974672 0.728803 0.806315
0.313252 0.413909 0.608983 0.489918 0.567806 0.839357 0.851658 0.759623 0.932119 0.954136 0.502248 0.456038 0.000000 0.418793 0.294930 0.344610 0.529144 0.574849 0.510563 0.568172 0.704314 0.942953 0.476945 0.496979 0.754737 0.918280 0.643846 0.709136 0.591215 0.671173 0.878560 0.853536 0.623338 0.748607 0.996410 0.698798 0.637495 0.894740 0.717835 0.693274 0.895892 0.837651 0.837797 0.842984 0.878330 0.746874 0.417461 0.461559 0.403327 0.497585 0.742700 0.661913 0.932434 0.761540 0.561918 0.563161 0.534482 0.319857 0.389274 0.332943 0.381517 0.495171 0.481758 0.493695 0.335624 0.300687 0.994591 0.976901 0.555818 0.374639 0.939617 0.883830 0.892911 0.965520 0.720760 0.857311 0.766011 0.894233 0.619725 0.593818 0.485373 0.339799 0.556324 0.418499 0.352780 0.421239 0.857005 0.896950 0.465407 0.515720 0.939514 0.900224 0.961523 0.917044 0.800331 0.828431 0.937800 0.970348 0.832821 0.837056 0.819688 0.931661 0.942352 0.962840 0.788330 0.655536 0.855603 0.971632 0.919622 0.993356 0.973487 0.731074 0.851001 0.979113 0.801029 0.887794
0.363130 0.335098 0.800248 0.356785 0.823405 0.605059 0.643632 0.427484 0.871217 0.735570 0.375030 0.253870 0.418793 0.000000 0.615742 0.455416 0.430631 0.441804 0.486212 0.421843 0.775644 0.980021 0.695260 0.478269 0.987583 0.999524 0.973441 0.890773 0.451845 0.390596 0.861254 0.777645 0.482893 0.572971 0.961622 0.730640 0.846758 0.774501 0.816657 0.815631 0.847819 0.949641 0.624108 0.561108 0.633143 0.503998 0.425513 0.433496 0.448940 0.325497 0.420014 0.389814 0.640426 0.828249 0.497988 0.434001 0.507604 0.366499 0.414216 0.349995 0.365600 0.291848 0.346114 0.283410 0.814934 0.265163 0.809221 0.686742 0.751376 0.540192 0.936364 0.872392 0.792450 0.792299 0.768766 0.702407 0.643085 0.827756 0.529873 0.604704 0.434605 0.378816 0.578421 0.497810 0.681163 0.525822 0.926645 0.843814 0.580736 0.478731 0.894157 0.855849 0.900537 0.830005 0.778429 0.812277 0.722857 0.876325 0.642424 0.810172 0.822310 0.917629 0.833423 0.835775 0.620660 0.675056 0.991623 0.970421 0.761839 0.816163 0.964320 0.726128 0.736173 0.920222 0.610680 0.840996
0.508077 0.587455 0.614215 0.654179 0.551723 0.900088 0.883677 0.957229 0.940659 0.977115 0.655125 0.692983 0.294930 0.615742 0.000000 0.313936 0.615813 0.603127 0.519266 0.658475 0.592446 0.931356 0.349163 0.438597 0.634503 0.779517 0.555737 0.723221 0.685657 0.706339 0.979872 0.968494 0.615263 0.808825 0.989064 0.833482 0.668689 0.923064 0.789843 0.668579 0.849421 0.869650 0.873745 0.884248 0.978367 0.929228 0.662588 0.674510 0.656924 0.756962 0.947495 0.900201 0.966465 0.700929 0.703733 0.778990 0.582226 0.459310 0.618973 0.613767 0.586614 0.781397 0.676670 0.716805 0.346366 0.512260 0.965680 0.929146 0.545105 0.523349 0.973937 0.989423 0.883330 0.921978 0.811045 0.810857 0.883449 0.923977 0.798820 0.574059 0.573381 0.460035 0.571370 0.539175 0.394522 0.448230 0.820651 0.848594 0.555450 0.656883 0.954670 0.919348 0.934659 0.941927 0.727618 0.774665 0.997297 0.998151 0.877216 0.878844 0.740588 0.985291 0.932429 0.964972 0.880054 0.800721 0.947621 0.936942 0.965820 0.854823 0.923442 0.820661 0.810929 0.959689 0.819812 0.922853
0.443754 0.402594 0.603750 0.411497 0.604066 0.597408 0.594005 0.665079 0.715702 0.759156 0.532167 0.467991 0.344610 0.455416 0.313936 0.000000 0.447534 0.427306 0.361709 0.438185 0.587876 0.888903 0.356817 0.366207 0.809069 0.826918 0.764991 0.822952 0.504336 0.489744 0.722836 0.818772 0.415609 0.556413 0.952331 0.752775 0.598708 0.782050 0.728795 0.745543 0.800047 0.799077 0.586149 0.587554 0.682748 0.661709 0.557707 0.520173 0.486362 0.538760 0.634632 0.592998 0.714853 0.954357 0.701703 0.796640 0.442453 0.402704 0.605830 0.598825 0.437119 0.577761 0.494123 0.480017 0.480887 0.404673 0.784355 0.818700 0.616305 0.540224 0.740670 0.719211 0.871084 0.737378 0.817510 0.735633 0.715751 0.662064 0.610216 0.510132 0.568523 0.536830 0.604825 0.638030 0.580536 0.581919 0.971487 0.976277 0.642597 0.721640 0.753368 0.813492 0.792596 0.871338 0.640706 0.694456 0.902240 0.778551 0.630240 0.611932 0.967965 0.848186 0.848303 0.841223 0.676621 0.729473 0.945611 0.915053 0.792236 0.890034 0.865778 0.568653 0.660974 0.937449 0.754337 0.889997
0.311353 0.262589 0.739162 0.427348 0.914979 0.730533 0.618316 0.600392 0.729823 0.678577 0.318974 0.383107 0.529144 0.430631 0.615813 0.447534 0.000000 0.209243 0.405496 0.348787 0.582938 0.948982 0.796370 0.664734 0.846845 0.791025 0.927916 0.888590 0.327059 0.305616 0.658951 0.662805 0.432090 0.438309 0.984428 0.712837 0.551562 0.613323 0.745372 0.704096 0.783748 0.636678 0.504497 0.482672 0.639732 0.621066 0.523899 0.488905 0.492973 0.493898 0.559959 0.565158 0.817551 0.974495 0.628594 0.587996 0.226719 0.305079 0.489434 0.593479 0.435870 0.519021 0.289069 0.281573 0.734057 0.494651 0.738917 0.711877 0.519533 0.481552 0.567463 0.596275 0.607544 0.460840 0.734333 0.766164 0.612157 0.611976 0.397662 0.413180 0.312079 0.418917 0.503815 0.569502 0.698336 0.613183 0.890600 0.949314 0.712832 0.589932 0.815166 0.856053 0.814606 0.933360 0.719739 0.749511 0.746072 0.883322 0.556535 0.632911 0.900263 0.866674 0.766006 0.710642 0.533901 0.629185 0.974082 0.911347 0.759710 0.886989 0.763716 0.602025 0.688618 0.934991 0.748742 0.894575
0.353900 0.285196 0.668114 0.395319 0.865110 0.681228 0.521922 0.537172 0.608274 0.564117 0.320102 0.364274 0.574849 0.441804 0.603127 0.427306 0.209243 0.000000 0.327233 0.321336 0.549103 0.970009 0.772122 0.635049 0.839065 0.760109 0.932647 0.974460 0.270132 0.255637 0.570084 0.566645 0.334145 0.363126 0.923364 0.777063 0.618997 0.628779 0.696672 0.736996 0.825068 0.613178 0.418155 0.408778 0.551327 0.549951 0.533201 0.490955 0.516604 0.505828 0.516126 0.550076 0.745645 0.965860 0.636258 0.583584 0.230880 0.329163 0.512210 0.641767 0.397757 0.494962 0.255288 0.263338 0.753953 0.492378 0.666994 0.618000 0.575096 0.545338 0.526857 0.533902 0.566394 0.465907 0.832830 0.712637 0.567000 0.521847 0.371489 0.371666 0.331024 0.457517 0.526520 0.568596 0.730034 0.646459 0.944822 0.976985 0.776126 0.621377 0.765335 0.806902 0.775630 0.907346 0.715263 0.667569 0.681506 0.783977 0.461989 0.556420 0.837963 0.770288 0.670417 0.634270 0.505166 0.604445 0.969328 0.888578 0.816059 0.903364 0.783169 0.519612 0.586830 0.898814 0.694438 0.863743
0.427327 0.386466 0.476078 0.346676 0.767497 0.688830 0.413423 0.555149 0.705588 0.635721 0.468062 0.503247 0.510563 0.486212 0.519266 0.361709 0.405496 0.327233 0.000000 0.374511 0.563984 0.882006 0.501406 0.472202 0.765289 0.770585 0.981255 0.996805 0.407741 0.377522 0.540117 0.565515 0.339727 0.323183 0.905677 0.846206 0.659952 0.698813 0.705929 0.807741 0.904756 0.688552 0.483334 0.518792 0.537577 0.563806 0.571503 0.493290 0.580804 0.556941 0.581083 0.596626 0.694573 0.828375 0.756266 0.711118 0.379297 0.413298 0.553507 0.608654 0.389669 0.612630 0.435922 0.450829 0.671708 0.491785 0.550857 0.632931 0.676511 0.628034 0.585394 0.537450 0.572949 0.482655 0.921441 0.678921 0.533526 0.497341 0.571186 0.509687 0.524010 0.547998 0.665764 0.703640 0.760509 0.725202 0.945521 0.945145 0.794322 0.757253 0.644932 0.715816 0.661989 0.761457 0.714982 0.604080 0.661466 0.818836 0.450374 0.478553 0.782609 0.689704 0.688664 0.684443 0.605252 0.635036 0.896074 0.836955 0.725078 0.969765 0.782762 0.454888 0.427583 0.839933 0.678858 0.881673
0.393948 0.303163 0.614369 0.304361 0.917154 0.611484 0.505161 0.450437 0.641714 0.552442 0.419357 0.375275 0.568172 0.421843 0.658475 0.438185 0.348787 0.321336 0.374511 0.000000 0.656563 0.920947 0.676022 0.604407 0.813478 0.735910 0.936442 0.939192 0.334877 0.375600 0.580156 0.621830 0.422832 0.347539 0.923739 0.829675 0.599380 0.674742 0.638170 0.804572 0.715027 0.731886 0.529628 0.527857 0.601893 0.593191 0.598165 0.499153 0.607974 0.517639 0.565315 0.591948 0.710302 0.842044 0.657864 0.603836 0.377959 0.410286 0.595698 0.565577 0.413038 0.457717 0.366704 0.361367 0.779336 0.436199 0.631105 0.658903 0.651871 0.499087 0.495273 0.533888 0.551190 0.504555 0.731934 0.745274 0.528016 0.593048 0.528381 0.566514 0.472007 0.555872 0.647744 0.701603 0.806169 0.736481 0.823152 0.878026 0.784894 0.665004 0.632707 0.716886 0.574085 0.806829 0.773959 0.643284 0.709866 0.757686 0.460650 0.526397 0.752133 0.761170 0.667263 0.735168 0.538093 0.629564 0.913582 0.875403 0.768239 0.907570 0.820247 0.530398 0.630961 0.845103 0.731517 0.783168
0.684833 0.616253 0.564001 0.583130 0.787592 0.740442 0.641900 0.775303 0.617007 0.809487 0.683933 0.718354 0.704314 0.775644 0.592446 0.587876 0.582938 0.549103 0.563984 0.656563 0.000000 0.767090 0.620447 0.728023 0.761007 0.649292 0.875296 0.958972 0.593667 0.597889 0.573484 0.662827 0.592426 0.589480 0.997065 0.932467 0.663552 0.937872 0.816878 0.722626 0.764478 0.917885 0.692859 0.728672 0.785810 0.844088 0.846707 0.858265 0.801373 0.817248 0.844523 0.874948 0.849078 0.995407 0.793668 0.889258 0.579015 0.660777 0.871195 0.892280 0.685794 0.818865 0.704027 0.682250 0.685297 0.740682 0.751072 0.795485 0.704862 0.592065 0.663059 0.745164 0.685050 0.669000 0.995295 0.749478 0.793192 0.661363 0.732542 0.598890 0.687252 0.673145 0.737714 0.786431 0.790274 0.773566 0.769135 0.991035 0.952758 0.886882 0.795124 0.878230 0.823804 0.824324 0.626208 0.808954 0.916241 0.931687 0.709600 0.675549 0.947799 0.733184 0.873543 0.837439 0.641314 0.786258 0.936811 0.982204 0.830403 0.859998 0.792109 0.741532 0.767230 0.995968 0.834790 0.959654
0.890528 0.930587 0.861131 0.916916 0.969853 0.902685 0.850893 0.977300 0.824523 0.991099 0.879308 0.902373 0.942953 0.980021 0.931356 0.888903 0.948982 0.970009 0.882006 0.920947 0.767090 0.000000 0.754629 0.771829 0.927374 0.850223 0.949676 0.967624 0.955220 0.989916 0.711699 0.695033 0.855450 0.878478 0.905179 0.978025 0.920249 0.997928 0.972055 0.921027 0.990415 0.998112 0.835361 0.864812 0.914072 0.997728 0.887334 0.895053 0.920510 0.993576 0.965402 0.981142 0.837617 0.820527 0.942297 0.910775 0.980043 0.944774 0.792260 0.842812 0.924645 0.841595 0.798371 0.912056 0.999738 0.903071 0.824289 0.989068 0.980739 0.947971 0.796067 0.703970 0.913260 0.807399 0.978919 0.775433 0.899648 0.808063 0.925300 0.966680 0.909905 0.941718 0.994841 0.938577 0.961538 0.993106 0.975150 0.930583 0.949544 0.849566 0.794475 0.815099 0.840656 0.797644 0.892010 0.832998 0.936139 0.955236 0.872613 0.814254 0.856048 0.911071 0.921010 0.820946 0.834464 0.837498 0.857965 0.872734 0.761508 0.799405 0.899859 0.992327 0.997231 0.698531 0.898307 0.925129
0.732903 0.698998 0.457915 0.537971 0.530631 0.780179 0.584810 0.775690 0.815204 0.909854 0.905110 0.843320 0.476945 0.695260 0.349163 0.356817 0.796370 0.772122 0.501406 0.676022 0.620447 0.754629 0.000000 0.311754 0.638150 0.665436 0.783862 0.834799 0.738690 0.719468 0.685139 0.785299 0.510054 0.663318 0.815026 0.973548 0.718013 0.995145 0.813557 0.860882 0.827186 0.926386 0.668384 0.722881 0.675329 0.709218 0.707191 0.650998 0.663978 0.697937 0.777607 0.742343 0.731921 0.912342 0.786678 0.893891 0.780056 0.690282 0.797073 0.720473 0.540498 0.824462 0.810406 0.815211 0.438751 0.591850 0.694694 0.800121 0.842919 0.677637 0.881891 0.828807 0.981763 0.817925 0.809251 0.753824 0.831805 0.738789 0.906087 0.671209 0.833471 0.741626 0.745563 0.838580 0.596931 0.628697 0.945414 0.940806 0.761613 0.816927 0.735854 0.825742 0.783587 0.876363 0.725873 0.673954 0.861198 0.859425 0.666929 0.580785 0.971474 0.762668 0.873540 0.921217 0.771187 0.730662 0.786651 0.771380 0.828464 0.880779 0.889489 0.775192 0.625621 0.813545 0.679461 0.989448
0.640883 0.558508 0.644522 0.480253 0.625297 0.720436 0.662932 0.744257 0.951370 0.988911 0.771316 0.705118 0.496979 0.478269 0.438597 0.366207 0.664734 0.635049 0.472202 0.604407 0.728023 0.771829 0.311754 0.000000 0.722762 0.807260 0.823487 0.844705 0.721664 0.620574 0.770065 0.718457 0.504039 0.658576 0.989490 0.866419 0.857712 0.940846 0.774040 0.892532 0.898921 0.893275 0.660677 0.653285 0.745752 0.721447 0.611639 0.637952 0.669801 0.615727 0.665557 0.639100 0.743689 0.914503 0.742652 0.716829 0.660328 0.577914 0.699841 0.630124 0.575320 0.738553 0.680325 0.690718 0.630370 0.519019 0.819328 0.826859 0.850593 0.746529 0.991071 0.887790 0.922056 0.854802 0.822738 0.760699 0.805344 0.815923 0.732077 0.544681 0.695279 0.579123 0.617239 0.622995 0.604064 0.505065 0.927000 0.765057 0.687639 0.647234 0.934516 0.959275 0.978106 0.875574 0.816268 0.744032 0.848551 0.864579 0.764112 0.714372 0.980236 0.886579 0.912541 0.905890 0.862527 0.858248 0.877117 0.885683 0.781457 0.951529 0.973591 0.767589 0.685532 0.888718 0.729316 0.982501
0.718374 0.755794 0.556995 0.771193 0.636075 0.929882 0.962893 0.936094 0.925393 0.866624 0.979279 0.987556 0.754737 0.987583 0.634503 0.809069 0.846845 0.839065 0.765289 0.813478 0.761007 0.927374 0.638150 0.722762 0.000000 0.499421 0.666215 0.957588 0.883882 0.980345 0.899308 0.949914 0.696479 0.823242 0.930032 0.979560 0.698454 0.919022 0.713806 0.743810 0.816807 0.793255 0.983517 0.985150 0.981073 0.945158 0.778056 0.927969 0.862484 0.919582 0.913913 0.901012 0.795376 0.612974 0.721433 0.792363 0.755478 0.730362 0.783203 0.765154 0.737183 0.985785 0.893175 0.955281 0.495325 0.768228 0.968424 0.966190 0.607986 0.705350 0.877847 0.996639 0.943320 0.836120 0.779603 0.893671 0.987168 0.864208 0.933725 0.723109 0.667855 0.694964 0.763423 0.697271 0.461011 0.561643 0.874915 0.989498 0.774755 0.667333 0.897418 0.992346 0.918191 0.976093 0.939436 0.723973 0.991054 0.995941 0.964714 0.929092 0.820058 0.891910 0.967491 0.937426 0.885182 0.812973 0.955282 0.997826 0.900912 0.973046 0.930998 0.904847 0.844954 0.997975 0.971502 0.896348
0.851460 0.800339 0.544816 0.660133 0.803682 0.877662 0.791635 0.874665 0.715319 0.882946 0.907501 0.951882 0.918280 0.999524 0.779517 0.826918 0.791025 0.760109 0.770585 0.735910 0.649292 0.850223 0.665436 0.807260 0.499421 0.000000 0.940598 0.994565 0.731372 0.853732 0.623308 0.766900 0.630418 0.696866 0.768791 0.928456 0.616881 0.861698 0.727521 0.751842 0.781384 0.822800 0.767503 0.840493 0.808338 0.885546 0.869915 0.955909 0.872758 0.917564 0.938631 0.987190 0.929158 0.897544 0.881570 0.933196 0.803474 0.851134 0.984634 0.961391 0.742968 0.900128 0.859729 0.877123 0.644302 0.814260 0.748982 0.803466 0.858084 0.823040 0.639890 0.755469 0.845210 0.665525 0.854579 0.734557 0.884295 0.845021 0.925481 0.755138 0.762896 0.806253 0.833086 0.932902 0.748443 0.813096 0.987239 0.925942 0.960180 0.783638 0.786124 0.767393 0.744268 0.835461 0.801841 0.799169 0.960173 0.959140 0.766410 0.752294 0.886828 0.905455 0.827057 0.928403 0.816591 0.823126 0.840093 0.873203 0.967053 0.969632 0.882047 0.952998 0.800521 0.899318 0.919923 0.966152
0.781314 0.855257 0.996445 0.954292 0.661263 0.871975 0.667892 0.666456 0.756582 0.658647 0.938914 0.964460 0.643846 0.973441 0.555737 0.764991 0.927916 0.932647 0.981255 0.936442 0.875296 0.949676 0.783862 0.823487 0.666215 0.940598 0.000000 0.717767 0.947564 0.854436 0.694298 0.698782 0.928892 0.757472 0.857773 0.870287 0.855087 0.949927 0.951964 0.665881 0.900962 0.801087 0.803805 0.752492 0.644859 0.736335 0.863180 0.986858 0.857075 0.920992 0.744225 0.804528 0.682674 0.431486 0.896357 0.914220 0.847860 0.757935 0.911965 0.857492 0.975872 0.919010 0.985505 0.937139 0.536061 0.876489 0.587289 0.597792 0.610994 0.750929 0.782677 0.743273 0.626484 0.826060 0.795523 0.896675 0.744680 0.809345 0.883108 0.796681 0.750288 0.702685 0.799722 0.628025 0.429701 0.498873 0.727601 0.723773 0.585213 0.761308 0.622387 0.739709 0.687139 0.793029 0.848650 0.993289 0.789660 0.839040 0.728841 0.791208 0.516279 0.680584 0.746486 0.849372 0.892769 0.929765 0.885560 0.808280 0.760751 0.856857 0.790929 0.858894 0.841802 0.841182 0.968883 0.908312
0.910853 0.893051 0.964436 0.970436 0.882929 0.966869 0.842356 0.877844 0.860478 0.841772 0.964212 0.967895 0.709136 0.890773 0.723221 0.822952 0.888590 0.974460 0.996805 0.939192 0.958972 0.967624 0.834799 0.844705 0.957588 0.994565 0.717767 0.000000 0.973444 0.964400 0.784083 0.846948 0.893797 0.899210 0.951218 0.792860 0.850947 0.784475 0.968643 0.697339 0.974581 0.823311 0.971718 0.906382 0.872573 0.907119 0.876777 0.926749 0.886680 0.970987 0.930845 0.944370 0.892123 0.737875 0.873864 0.810341 0.946346 0.845982 0.902728 0.835497 0.967423 0.999999 0.948251 0.989155 0.718745 0.876369 0.771343 0.857194 0.906571 0.782005 0.949412 0.881003 0.733920 0.888158 0.812903 0.897461 0.963629 0.807996 0.978571 0.871362 0.957996 0.804643 0.964633 0.853135 0.781539 0.760625 0.967226 0.951171 0.761270 0.742953 0.777694 0.900928 0.789309 0.835964 0.924095 0.956322 0.909637 0.854663 0.893265 0.934080 0.723864 0.896435 0.826971 0.908812 0.904611 0.928316 0.855848 0.824521 0.903298 0.807426 0.868166 0.921192 0.862303 0.992870 0.854274 0.921810
0.444619 0.338042 0.610378 0.402663 0.875214 0.712264 0.440942 0.431461 0.487431 0.463156 0.340750 0.360832 0.591215 0.451845 0.685657 0.504336 0.327059 0.270132 0.407741 0.334877 0.593667 0.955220 0.738690 0.721664 0.883882 0.731372 0.947564 0.973444 0.000000 0.295873 0.556917 0.604525 0.358314 0.333093 0.834528 0.836543 0.617513 0.679502 0.692378 0.821907 0.777953 0.685506 0.441385 0.454781 0.472015 0.488320 0.588049 0.538815 0.512459 0.507685 0.486676 0.540578 0.648157 0.810306 0.741189 0.604917 0.373281 0.445253 0.582415 0.618185 0.364301 0.451954 0.322735 0.303372 0.777088 0.468530 0.579459 0.558570 0.716079 0.505059 0.499364 0.519324 0.489957 0.423433 0.793325 0.734532 0.505925 0.555661 0.470306 0.499766 0.480039 0.588558 0.659160 0.699646 0.812205 0.766716 0.931432 0.864474 0.839590 0.717191 0.656701 0.722679 0.660837 0.774747 0.723590 0.691076 0.724532 0.708726 0.422359 0.539839 0.732112 0.736737 0.641680 0.721016 0.460622 0.590150 0.936760 0.811025 0.806684 0.866055 0.839817 0.516985 0.569175 0.843047 0.677329 0.813476
0.506214 0.378242 0.669611 0.393070 0.846480 0.657647 0.354053 0.380452 0.564977 0.464368 0.366007 0.392159 0.671173 0.390596 0.706339 0.489744 0.305616 0.255637 0.377522 0.375600 0.597889 0.989916 0.719468 0.620574 0.980345 0.853732 0.854436 0.964400 0.295873 0.000000 0.450048 0.466993 0.336491 0.341432 0.827357 0.874739 0.720794 0.662648 0.799592 0.796849 0.768881 0.702520 0.335301 0.298456 0.373202 0.393001 0.602646 0.517436 0.507213 0.456309 0.376286 0.408851 0.512394 0.692222 0.643612 0.585925 0.367881 0.458341 0.533699 0.669145 0.360864 0.438596 0.281121 0.262664 0.898044 0.511123 0.501934 0.425791 0.785336 0.587988 0.557028 0.507889 0.470968 0.379813 0.835169 0.655585 0.544408 0.536379 0.499027 0.451984 0.442614 0.587943 0.523220 0.728802 0.887344 0.756159 0.947278 0.989149 0.837562 0.669428 0.661079 0.832105 0.755032 0.912319 0.728028 0.774487 0.617643 0.828127 0.420999 0.515264 0.712244 0.713871 0.601307 0.683315 0.482789 0.644218 0.853790 0.901390 0.781467 0.830438 0.711978 0.567620 0.473178 0.822718 0.631299 0.826484
0.955013 0.743983 0.638468 0.565224 0.977300 0.610023 0.300036 0.514852 0.470457 0.472562 0.819388 0.835213 0.878560 0.861254 0.979872 0.722836 0.658951 0.570084 0.540117 0.580156 0.573484 0.711699 0.685139 0.770065 0.899308 0.623308 0.694298 0.784083 0.556917 0.450048 0.000000 0.259291 0.422103 0.348942 0.654106 0.889967 0.796820 0.747091 0.930192 0.956782 0.765421 0.763054 0.341176 0.395808 0.376650 0.552195 0.995719 0.839799 0.874922 0.802494 0.585931 0.685164 0.485050 0.476841 0.963266 0.998220 0.678913 0.920713 0.976843 0.889133 0.695359 0.837424 0.753958 0.680905 0.910425 0.916855 0.348058 0.409917 0.959267 0.985704 0.335634 0.310077 0.402911 0.330269 0.994233 0.673391 0.606657 0.377159 0.834973 0.691620 0.892454 0.942486 0.895688 0.783239 0.760771 0.871732 0.824788 0.783281 0.758573 0.925378 0.406258 0.509329 0.465155 0.575702 0.714436 0.675279 0.699067 0.837954 0.341867 0.416099 0.468163 0.459792 0.509404 0.617540 0.590964 0.804616 0.682042 0.700865 0.737759 0.963090 0.594807 0.669857 0.490575 0.712132 0.686441 0.926949
0.950631 0.685408 0.725171 0.644150 0.957147 0.693504 0.384288 0.577864 0.646681 0.621480 0.850227 0.854114 0.853536 0.777645 0.968494 0.818772 0.662805 0.566645 0.565515 0.621830 0.662827 0.695033 0.785299 0.718457 0.949914 0.766900 0.698782 0.846948 0.604525 0.466993 0.259291 0.000000 0.483528 0.410137 0.745481 0.878795 0.945740 0.824285 0.935826 0.971411 0.890752 0.798247 0.377735 0.381104 0.436420 0.540287 0.901760 0.754049 0.898861 0.760676 0.541634 0.615348 0.523548 0.519975 0.968173 0.818399 0.690406 0.903073 0.964499 0.983449 0.734289 0.871939 0.741194 0.707979 0.806819 0.957649 0.428806 0.441829 0.925937 0.965671 0.464276 0.428334 0.408422 0.392654 0.959977 0.786552 0.667544 0.470308 0.815382 0.670667 0.859329 0.996957 0.830924 0.925239 0.771331 0.970088 0.838841 0.977288 0.778853 0.999625 0.583818 0.735663 0.661313 0.820376 0.815984 0.750192 0.676226 0.870040 0.474607 0.530784 0.540556 0.525027 0.582383 0.681243 0.652385 0.812443 0.722998 0.750226 0.798982 0.941171 0.625352 0.745798 0.528663 0.672919 0.700954 0.974697
0.508691 0.405685 0.489539 0.355773 0.746675 0.551055 0.341030 0.456492 0.583850 0.581573 0.500324 0.494783 0.623338 0.482893 0.615263 0.415609 0.432090 0.334145 0.339727 0.422832 0.592426 0.855450 0.510054 0.504039 0.696479 0.630418 0.928892 0.893797 0.358314 0.336491 0.422103 0.483528 0.000000 0.310652 0.667796 0.953814 0.666010 0.679822 0.682896 0.791442 0.757077 0.697248 0.334842 0.329483 0.371030 0.402144 0.542257 0.528031 0.481018 0.437351 0.419027 0.466568 0.572683 0.753962 0.602840 0.631857 0.404654 0.468895 0.559234 0.615908 0.318770 0.528150 0.420803 0.384378 0.667663 0.471049 0.472106 0.437202 0.765868 0.647801 0.544193 0.536307 0.552581 0.461252 0.744925 0.650738 0.528390 0.480419 0.553135 0.488092 0.488329 0.576483 0.621967 0.699125 0.701772 0.633342 0.957216 0.969886 0.845834 0.684548 0.644749 0.751176 0.658666 0.865010 0.720992 0.531559 0.651080 0.722325 0.378963 0.481095 0.677082 0.681913 0.625061 0.665409 0.485797 0.572171 0.796093 0.756110 0.744401 0.887674 0.781553 0.597973 0.402777 0.770066 0.547109 0.833493
0.587992 0.440605 0.565324 0.360084 0.929726 0.637932 0.276869 0.367975 0.485339 0.425148 0.512549 0.492331 0.748607 0.572971 0.808825 0.556413 0.438309 0.363126 0.323183 0.347539 0.589480 0.878478 0.663318 0.658576 0.823242 0.696866 0.757472 0.899210 0.333093 0.341432 0.348942 0.410137 0.310652 0.000000 0.709734 0.997683 0.719123 0.730055 0.741430 0.878524 0.883252 0.735600 0.350203 0.413378 0.343387 0.425425 0.639977 0.566901 0.595550 0.530125 0.451456 0.526942 0.528217 0.612792 0.816385 0.705759 0.476445 0.594758 0.649644 0.727928 0.379382 0.522391 0.438355 0.408598 0.865938 0.575844 0.398306 0.401318 0.845466 0.695965 0.377601 0.411782 0.429468 0.324184 0.920928 0.683686 0.454357 0.435331 0.592538 0.516599 0.625600 0.731389 0.741208 0.883499 0.951700 0.900789 0.897053 0.878483 0.984348 0.825396 0.519740 0.603934 0.518055 0.720520 0.700041 0.567678 0.653669 0.724419 0.307379 0.376975 0.559740 0.568933 0.576842 0.661503 0.486018 0.624595 0.785051 0.714358 0.690483 0.913559 0.701414 0.516161 0.410716 0.759533 0.661915 0.855846
0.951305 0.982466 0.706408 0.763255 0.843574 0.790543 0.605427 0.657745 0.704383 0.616132 0.972263 0.959727 0.996410 0.961622 0.989064 0.952331 0.984428 0.923364 0.905677 0.923739 0.997065 0.905179 0.815026 0.989490 0.930032 0.768791 0.857773 0.951218 0.834528 0.827357 0.654106 0.745481 0.667796 0.709734 0.000000 0.882942 0.975444 0.825485 0.998834 0.979015 0.997115 0.989828 0.649644 0.709914 0.584151 0.653110 0.895271 0.876129 0.826827 0.915023 0.790444 0.814964 0.702051 0.782146 0.886190 0.944122 0.975430 0.987303 0.924807 0.922314 0.719291 0.820088 0.882372 0.838958 0.872900 0.882848 0.601147 0.537764 0.914413 0.886826 0.669997 0.812317 0.939641 0.782277 0.883541 0.909893 0.754149 0.782035 0.940408 0.925127 0.939961 0.899087 0.982588 0.787665 0.985195 0.994413 0.858301 0.887331 0.899017 0.879816 0.730295 0.770602 0.763219 0.874313 0.820722 0.727964 0.883888 0.899980 0.709342 0.775304 0.738864 0.798984 0.810695 0.971932 0.879050 0.846058 0.861848 0.868460 0.995166 0.923680 0.896316 0.994859 0.698203 0.846166 0.699415 0.822962
0.656499 0.712194 0.883259 0.816374 0.818736 0.761993 0.977760 0.921412 0.964976 0.927272 0.654022 0.747921 0.698798 0.730640 0.833482 0.752775 0.712837 0.777063 0.846206 0.829675 0.932467 0.978025 0.973548 0.866419 0.979560 0.928456 0.870287 0.792860 0.836543 0.874739 0.889967 0.878795 0.953814 0.997683 0.882942 0.000000 0.754914 0.964212 0.779915 0.871246 0.736740 0.907689 0.923237 0.905287 0.903889 0.966383 0.818086 0.762639 0.793100 0.814560 0.879338 0.811063 0.959024 0.884982 0.759457 0.810692 0.696501 0.644974 0.771553 0.696882 0.851162 0.819292 0.759012 0.697690 0.857928 0.721650 0.871536 0.947694 0.805060 0.806968 0.957255 0.886470 0.890956 0.961396 0.953173 0.978819 0.808180 0.926263 0.727803 0.923284 0.828765 0.721580 0.898694 0.692861 0.827371 0.839926 0.947518 0.920013 0.812153 0.744198 0.889112 0.957278 0.871883 0.996689 0.904396 0.976266 0.845628 0.907996 0.983230 0.960360 0.834636 0.863576 0.830536 0.985496 0.951874 0.947618 0.963091 0.996415 0.936068 0.981488 0.955424 0.773830 0.984240 0.989457 0.920050 0.899105
0.546621 0.551399 0.556946 0.663661 0.848708 0.898169 0.821221 0.913603 0.702964 0.856349 0.587884 0.786643 0.637495 0.846758 0.668689 0.598708 0.551562 0.618997 0.659952 0.599380 0.663552 0.920249 0.718013 0.857712 0.698454 0.616881 0.855087 0.850947 0.617513 0.720794 0.796820 0.945740 0.666010 0.719123 0.975444 0.754914 0.000000 0.662995 0.607230 0.558269 0.575725 0.649515 0.709817 0.697067 0.789787 0.814829 0.688772 0.730605 0.592937 0.721988 0.834193 0.815562 0.932604 0.856201 0.704910 0.897748 0.483406 0.560651 0.688792 0.775429 0.624316 0.794162 0.673402 0.681480 0.504317 0.691442 0.767402 0.857755 0.507117 0.628814 0.644786 0.711754 0.794582 0.736585 0.808585 0.848331 0.827259 0.709871 0.681608 0.646306 0.572535 0.722904 0.727949 0.741847 0.679962 0.726697 0.874351 0.816907 0.800526 0.683980 0.893418 0.738921 0.823249 0.794648 0.745372 0.768407 0.946067 0.991487 0.706401 0.756224 0.981291 0.869786 0.780133 0.889575 0.719354 0.706925 0.929968 0.929355 0.879139 0.946559 0.834939 0.744421 0.893624 0.917925 0.936480 0.982129
0.629541 0.634967 0.900377 0.723203 0.936396 0.899948 0.828028 0.831592 0.899988 0.807845 0.589513 0.712184 0.894740 0.774501 0.923064 0.782050 0.613323 0.628779 0.698813 0.674742 0.937872 0.997928 0.995145 0.940846 0.919022 0.861698 0.949927 0.784475 0.679502 0.662648 0.747091 0.824285 0.679822 0.730055 0.825485 0.964212 0.662995 0.000000 0.822559 0.790940 0.765190 0.592940 0.784082 0.723040 0.802467 0.770243 0.799789 0.871160 0.688318 0.763716 0.787436 0.775190 0.867698 0.942463 0.746729 0.919384 0.585263 0.621544 0.734535 0.864121 0.733574 0.748778 0.681548 0.657857 0.865024 0.701972 0.797152 0.841677 0.584012 0.763083 0.727417 0.675197 0.784973 0.653107 0.810984 0.907245 0.814149 0.696015 0.651548 0.796554 0.566709 0.779713 0.713902 0.790746 0.824138 0.724061 0.953048 0.945656 0.712258 0.702124 0.923924 0.921660 0.823468 0.909094 0.770769 0.869311 0.959431 0.925071 0.798185 0.941993 0.922071 0.973436 0.636735 0.918391 0.813893 0.827031 0.989601 0.936523 0.884116 0.962200 0.996641 0.870903 0.799705 0.994370 0.825826 0.888783
