0.000000 0.550149 0.633868 0.653307 0.962597 0.975642 0.530152 0.493927 0.858920 0.627929 0.643606 0.638948 0.697409 0.915420 0.976504 0.921266 0.510350 0.488775 0.538912 0.702620 0.834115 0.951256 0.972825 0.846635 0.823825 0.775771 0.881330 0.968979 0.731756 0.671206 0.916137 0.966684 0.545810 0.523883 0.796336 0.851372 0.974143 0.863897 0.749752 0.788421 0.886334 0.855345 0.609666 0.598019 0.727707 0.611836 0.575816 0.663785 0.668571 0.927953 0.923978 0.840704 0.906381 0.850139 0.732457 0.810163 0.459836 0.697534 0.627652 0.857382 0.454415 0.516943 0.452402 0.463166 0.742393 0.678057 0.692643 0.731776 0.861974 0.787915 0.948400 0.937071 0.975378 0.988842 0.972712 0.955386 0.709873 0.727877 0.819044 0.954130 0.525009 0.561457 0.939749 0.680201 0.738770 0.790367 0.899069 0.999039 0.788818 0.664527 0.773003 0.879217 0.827833 0.936244 0.860869 0.770642 0.807291 0.908618 0.663997 0.660365 0.716731 0.970790 0.827988 0.757652 0.938068 0.794161 0.902014 0.927748 0.719055 0.925251 0.797075 0.859569 0.830101 0.848400 0.973211 0.869726
0.550149 0.000000 0.922661 0.856656 0.919460 0.990284 0.896911 0.718556 0.958769 0.872566 0.898372 0.625338 0.804054 0.754395 0.858526 0.798301 0.543823 0.559944 0.699078 0.813141 0.983500 0.991273 0.967050 0.960360 0.818750 0.853110 0.961392 0.790484 0.691889 0.609897 0.927330 0.927671 0.588028 0.723268 0.857471 0.869891 0.924851 0.937695 0.935471 0.875181 0.967665 0.890615 0.697138 0.638666 0.724212 0.681313 0.748066 0.692232 0.660654 0.838540 0.955512 0.967120 0.924241 0.999457 0.834696 0.992805 0.499344 0.556538 0.748577 0.854378 0.716365 0.621627 0.636206 0.559599 0.872959 0.805248 0.914533 0.882347 0.844755 0.702176 0.883175 0.894725 0.930701 0.927570 0.991006 0.960358 0.846280 0.797699 0.806819 0.918801 0.606823 0.696565 0.879958 0.696959 0.908337 0.896663 0.957315 0.963956 0.899966 0.798109 0.977144 0.895604 0.949454 0.850390 0.812036 0.814649 0.911817 0.890378 0.816493 0.855511 0.856274 0.928615 0.876997 0.829861 0.929534 0.842371 0.967808 0.931421 0.903336 0.891526 0.979442 0.899055 0.872466 0.972663 0.829871 0.960541
0.633868 0.922661 0.000000 0.441415 0.885774 0.983770 0.333612 0.457649 0.714776 0.558151 0.747790 0.986838 0.922432 0.795310 0.809619 0.661708 0.825723 0.714703 0.700755 0.799019 0.811806 0.945152 0.864000 0.973619 0.751092 0.845100 0.916883 0.918202 0.942660 0.948044 0.855899 0.988286 0.562069 0.570989 0.741495 0.860418 0.944086 0.928715 0.816135 0.742709 0.873416 0.790909 0.644705 0.726004 0.749313 0.750886 0.666531 0.723035 0.914982 0.973331 0.874128 0.947316 0.873474 0.787085 0.767399 0.708316 0.754376 0.995983 0.600025 0.790357 0.469278 0.696338 0.648217 0.717917 0.505378 0.581535 0.481069 0.541749 0.954846 0.878107 0.973651 0.898266 0.928817 0.972421 0.883080 0.950878 0.712943 0.910933 0.950085 0.970918 0.626314 0.578752 0.963422 0.729621 0.586494 0.710359 0.850257 0.954906 0.775489 0.679742 0.558161 0.624124 0.511657 0.634442 0.807782 0.721763 0.693485 0.802517 0.541491 0.550394 0.718650 0.913365 0.823455 0.751460 0.792147 0.563850 0.897003 0.812748 0.768730 0.918277 0.712950 0.760978 0.781304 0.896764 0.967548 0.948845
0.653307 0.856656 0.441415 0.000000 0.997916 0.950134 0.501664 0.403436 0.920481 0.696275 0.709096 0.870463 0.915009 0.865250 0.679370 0.702840 0.920065 0.717417 0.811058 0.821887 0.796886 0.925330 0.928928 0.965203 0.629309 0.686875 0.988792 0.963624 0.977192 0.941855 0.820781 0.958586 0.619923 0.512430 0.697220 0.743715 0.886193 0.891545 0.687378 0.661418 0.849241 0.760960 0.586826 0.609730 0.736492 0.701399 0.628406 0.618470 0.856849 0.958643 0.861877 0.905875 0.811111 0.779896 0.855902 0.698992 0.842669 0.947312 0.681531 0.782463 0.620522 0.631815 0.735226 0.775759 0.519738 0.440560 0.397821 0.421900 0.740994 0.868198 0.777645 0.717561 0.975716 0.955564 0.934704 0.947528 0.715192 0.838288 0.891919 0.933668 0.667792 0.636155 0.980457 0.796602 0.736206 0.693488 0.826971 0.820633 0.941702 0.594652 0.688239 0.779834 0.576280 0.737106 0.780668 0.671247 0.708115 0.853061 0.549106 0.715697 0.699104 0.932797 0.781673 0.718149 0.791590 0.646250 0.879456 0.848438 0.714302 0.896371 0.705657 0.826902 0.954024 0.881309 0.988390 0.879382
0.962597 0.919460 0.885774 0.997916 0.000000 0.977047 0.865508 0.915484 0.765167 0.988163 0.782023 0.792765 0.910501 0.956124 0.651561 0.912161 0.868930 0.873246 0.804789 0.846609 0.854712 0.915791 0.552144 0.670528 0.868432 0.985024 0.905555 0.866055 0.874442 0.832968 0.797033 0.822126 0.999358 0.975841 0.914154 0.964577 0.917620 0.815851 0.930730 0.942503 0.999904 0.881668 0.800728 0.790205 0.966028 0.911081 0.981597 0.897603 0.980882 0.873539 0.878193 0.740777 0.778543 0.770440 0.966006 0.948996 0.847606 0.790005 0.904946 0.926409 0.886027 0.922273 0.844124 0.982969 0.679751 0.921682 0.916555 0.894603 0.899704 0.970027 0.997780 0.938285 0.700884 0.865324 0.968438 0.983362 0.934507 0.845950 0.879266 0.914762 0.829888 0.753663 0.655240 0.714223 0.588512 0.613522 0.735084 0.650414 0.770751 0.767941 0.940079 0.915517 0.968501 0.955620 0.976053 0.975545 0.958457 0.771161 0.951361 0.869465 0.949987 0.855055 0.737796 0.891315 0.917904 0.957503 0.935743 0.930648 0.889672 0.874356 0.973207 0.962557 0.948963 0.961479 0.977573 0.853732
0.975642 0.990284 0.983770 0.950134 0.977047 0.000000 0.980419 0.965172 0.985571 0.908579 0.994035 0.955918 0.897268 0.949434 0.890777 0.793761 0.873704 0.973905 0.959441 0.813245 0.868252 0.868102 0.929211 0.968246 0.782825 0.788517 0.843376 0.821878 0.941463 0.977410 0.959221 0.951107 0.928836 0.876373 0.834175 0.916023 0.907132 0.887896 0.858335 0.913461 0.865917 0.964030 0.989085 0.925049 0.868887 0.842585 0.954034 0.989151 0.958225 0.921951 0.939893 0.798091 0.923346 0.944821 0.966041 0.935268 0.963620 0.862648 0.936311 0.844451 0.975274 0.972171 0.853820 0.754823 0.882754 0.934739 0.950844 0.983804 0.834553 0.754167 0.819836 0.762910 0.977902 0.931792 0.991159 0.869877 0.903732 0.869983 0.955593 0.873490 0.936772 0.920823 0.870161 0.899879 0.929646 0.942330 0.994909 0.865797 0.965788 0.996621 0.962168 0.969344 0.910610 0.920235 0.959714 0.838762 0.874364 0.961543 0.980109 0.917898 0.966365 0.879024 0.906695 0.977622 0.965483 0.904338 0.843014 0.804717 0.968595 0.928342 0.813610 0.949206 0.941659 0.993011 0.858662 0.784413
0.530152 0.896911 0.333612 0.501664 0.865508 0.980419 0.000000 0.487612 0.659010 0.536429 0.753031 0.940588 0.794465 0.832130 0.887427 0.679486 0.742396 0.612669 0.604239 0.716205 0.855339 0.987827 0.848094 0.953754 0.812824 0.856676 0.887335 0.840645 0.910552 0.844585 0.876327 0.951639 0.515231 0.554481 0.755413 0.866061 0.973711 0.878260 0.807944 0.840318 0.860792 0.835919 0.667032 0.725848 0.780203 0.704651 0.703915 0.732919 0.870124 0.896715 0.864113 0.963987 0.848615 0.785470 0.765959 0.731920 0.667139 0.909853 0.574303 0.788843 0.364331 0.653835 0.504201 0.619104 0.524488 0.616956 0.536197 0.614316 0.997311 0.914050 0.968310 0.987635 0.944818 0.969094 0.895804 0.976746 0.727164 0.935768 0.898312 0.995689 0.545100 0.503642 0.894139 0.681549 0.518338 0.723467 0.908853 0.981304 0.741257 0.692017 0.541278 0.599009 0.573783 0.694312 0.791382 0.773424 0.702036 0.849891 0.546672 0.554336 0.766710 0.882765 0.864058 0.736345 0.838997 0.635809 0.947329 0.861337 0.715250 0.904254 0.684612 0.806466 0.820424 0.910801 0.936953 0.913163
0.493927 0.718556 0.457649 0.403436 0.915484 0.965172 0.487612 0.000000 0.921434 0.542522 0.566321 0.607636 0.882434 0.952408 0.697994 0.735889 0.774237 0.631974 0.713729 0.678171 0.856449 0.986858 0.905019 0.799381 0.848329 0.869792 0.886038 0.930929 0.861573 0.811448 0.952531 0.907774 0.581204 0.425614 0.776802 0.779594 0.930276 0.947813 0.650555 0.614069 0.936005 0.798338 0.546650 0.600345 0.825259 0.722136 0.610210 0.635103 0.905929 0.884068 0.962191 0.758820 0.662711 0.571033 0.743470 0.737222 0.726726 0.896963 0.489739 0.609801 0.473553 0.390298 0.650691 0.577096 0.688068 0.449134 0.504255 0.453238 0.932101 0.769436 0.862782 0.821590 0.904620 0.988581 0.996175 0.985578 0.568957 0.738047 0.870742 0.956634 0.665837 0.681588 0.849094 0.831728 0.873509 0.884821 0.772487 0.714562 0.850667 0.612939 0.787797 0.940803 0.692128 0.958228 0.815908 0.736114 0.660936 0.784302 0.526466 0.719713 0.621603 0.993152 0.721587 0.771656 0.868916 0.631173 0.941517 0.884657 0.716450 0.884185 0.660195 0.895597 0.910004 0.859642 0.971567 0.886497
0.858920 0.958769 0.714776 0.920481 0.765167 0.985571 0.659010 0.921434 0.000000 0.677554 0.970611 0.866954 0.816813 0.843809 0.849967 0.888378 0.907765 0.882617 0.878502 0.937043 0.959740 0.978187 0.661762 0.963890 0.948430 0.974733 0.919716 0.894837 0.821319 0.927144 0.899402 0.969831 0.839289 0.960436 0.950058 0.895375 0.978902 0.818225 0.897093 0.806342 0.921742 0.985506 0.889522 0.839016 0.986776 0.962140 0.947974 0.872316 0.938604 0.972958 0.967910 0.928595 0.857072 0.912008 0.985155 0.934948 0.793972 0.879047 0.938632 0.990191 0.654289 0.935522 0.669224 0.738901 0.690754 0.988202 0.937712 0.861220 0.819320 0.875727 0.870180 0.780159 0.988600 0.865147 0.882166 0.957225 0.955186 0.976164 0.817582 0.929251 0.760684 0.746988 0.674033 0.729198 0.604341 0.756416 0.822623 0.747121 0.833960 0.749111 0.846684 0.824088 0.845263 0.878960 0.953739 0.917472 0.860326 0.988114 0.947436 0.709587 0.930478 0.954465 0.943359 0.915624 0.843672 0.926906 0.986458 0.979520 0.885906 0.912798 0.871981 0.981059 0.982023 0.900896 0.931759 0.838669
0.627929 0.872566 0.558151 0.696275 0.988163 0.908579 0.536429 0.542522 0.677554 0.000000 0.643928 0.850727 0.931241 0.775056 0.818707 0.688432 0.784789 0.692942 0.607235 0.609648 0.835065 0.987295 0.878102 0.838366 0.944052 0.932605 0.754609 0.770480 0.801464 0.897022 0.895525 0.981219 0.608116 0.597303 0.824640 0.953516 0.951613 0.864968 0.915106 0.894999 0.953628 0.881220 0.821157 0.840341 0.935581 0.866787 0.755712 0.942060 0.939691 0.978593 0.994263 0.990618 0.783448 0.675469 0.792548 0.883734 0.719357 0.802337 0.550335 0.624817 0.552421 0.644361 0.580574 0.516856 0.857598 0.775808 0.654263 0.684705 0.789873 0.891703 0.903640 0.934560 0.932849 0.984312 0.854220 0.958770 0.762614 0.903868 0.921114 0.987396 0.670180 0.700741 0.948634 0.815837 0.780333 0.998496 0.810781 0.962067 0.793173 0.630773 0.724900 0.843461 0.696121 0.941120 0.898948 0.640343 0.561595 0.877016 0.646083 0.673669 0.715208 0.989618 0.663931 0.753310 0.702176 0.667978 0.985590 0.844175 0.729462 0.815517 0.737319 0.952499 0.948578 0.920384 0.909742 0.967276
0.643606 0.898372 0.747790 0.709096 0.782023 0.994035 0.753031 0.566321 0.970611 0.643928 0.000000 0.571700 0.819477 0.980612 0.664886 0.776759 0.811391 0.801842 0.798680 0.721777 0.799241 0.962266 0.672126 0.675864 0.978737 0.890102 0.774118 0.978557 0.892538 0.999959 0.810922 0.785252 0.823988 0.565888 0.874232 0.855122 0.939562 0.902302 0.785852 0.838035 0.877893 0.852575 0.723529 0.721052 0.985355 0.802456 0.763897 0.898386 0.957430 0.811984 0.782595 0.577783 0.634468 0.562528 0.825091 0.752320 0.877390 0.980818 0.744245 0.845479 0.717321 0.582597 0.755596 0.680768 0.953916 0.799851 0.758097 0.748998 0.804753 0.806654 0.899220 0.931617 0.833224 0.868018 0.972989 0.997940 0.652135 0.719643 0.896639 0.985753 0.828406 0.888555 0.781064 0.988648 0.884548 0.892001 0.717287 0.737268 0.885882 0.795184 0.878417 0.893722 0.810540 0.956713 0.940208 0.754753 0.739118 0.796710 0.780887 0.942246 0.709202 0.982212 0.705002 0.830687 0.959185 0.897787 0.998115 0.998494 0.841288 0.923348 0.868985 0.935529 0.918862 0.888620 0.894789 0.789485
0.638948 0.625338 0.986838 0.870463 0.792765 0.955918 0.940588 0.607636 0.866954 0.850727 0.571700 0.000000 0.675917 0.700900 0.873510 0.928329 0.749937 0.707344 0.798473 0.749266 0.990969 0.830186 0.668777 0.698937 0.974872 0.989863 0.913749 0.982244 0.848051 0.750068 0.785991 0.848163 0.867705 0.693134 0.909389 0.842397 0.973123 0.892621 0.781020 0.794506 0.993308 0.934734 0.698242 0.672788 0.969664 0.819344 0.830529 0.811917 0.902862 0.831362 0.818163 0.698823 0.742353 0.695479 0.735638 0.911932 0.745655 0.774192 0.708181 0.795418 0.714981 0.509684 0.749718 0.630571 0.932157 0.805953 0.969810 0.889209 0.854583 0.698996 0.953056 0.922577 0.872784 0.866493 0.931532 0.864365 0.674202 0.700687 0.836884 0.986132 0.822465 0.915113 0.859809 0.921175 0.812171 0.862775 0.921584 0.746021 0.883905 0.872523 0.862962 0.719652 0.914078 0.694983 0.916722 0.965915 0.874024 0.810486 0.866832 0.969846 0.786904 0.922615 0.839498 0.964036 0.916897 0.905300 0.944915 0.983407 0.879586 0.983799 0.909443 0.994115 0.985708 0.890402 0.997560 0.858289
0.697409 0.804054 0.922432 0.915009 0.910501 0.897268 0.794465 0.882434 0.816813 0.931241 0.819477 0.675917 0.000000 0.633147 0.676638 0.735898 0.820327 0.725847 0.776442 0.838924 0.990013 0.830857 0.988621 0.862760 0.949747 0.873765 0.844387 0.999314 0.800619 0.716422 0.930535 0.954371 0.914909 0.866436 0.950511 0.966652 0.986124 0.790164 0.937155 0.963891 0.934207 0.896303 0.903001 0.955906 0.980073 0.877205 0.848848 0.905802 0.954535 0.935280 0.855313 0.881647 0.905954 0.886921 0.844669 0.806656 0.711837 0.735063 0.831752 0.885443 0.603219 0.686536 0.702764 0.694851 0.962173 0.984941 0.809266 0.844729 0.849735 0.847507 0.794848 0.885222 0.991536 0.803372 0.965176 0.714801 0.901090 0.927054 0.871583 0.925904 0.827229 0.770157 0.843959 0.776169 0.829846 0.995447 0.795172 0.905254 0.739489 0.998032 0.937989 0.842353 0.841287 0.756961 0.994193 0.968299 0.948937 0.942261 0.947871 0.935691 0.962180 0.949722 0.906114 0.854163 0.907510 0.950831 0.878239 0.832172 0.952508 0.962344 0.990427 0.968789 0.951464 0.919195 0.987166 0.973382
0.915420 0.754395 0.795310 0.865250 0.956124 0.949434 0.832130 0.952408 0.843809 0.775056 0.980612 0.700900 0.633147 0.000000 0.613232 0.489385 0.885459 0.819775 0.934342 0.912837 0.875302 0.843174 0.990600 0.924492 0.905606 0.928486 0.925873 0.887866 0.869589 0.659364 0.850589 0.753263 0.996124 0.971340 0.908649 0.891103 0.979941 0.943111 0.886681 0.914773 0.954739 0.882248 0.917670 0.867867 0.948074 0.869998 0.829989 0.809570 0.919634 0.999992 0.932522 0.983582 0.935129 0.899961 0.872263 0.828052 0.881004 0.835594 0.868739 0.969996 0.959962 0.838319 0.933391 0.906007 0.955277 0.953693 0.809249 0.872355 0.915840 0.852605 0.943000 0.779092 0.911038 0.970912 0.848534 0.778598 0.958976 0.875503 0.863678 0.806464 0.950157 0.863567 0.723468 0.765431 0.997477 0.902684 0.850443 0.844953 0.971537 0.954920 0.748463 0.732514 0.665562 0.691329 0.961812 0.951437 0.791151 0.920118 0.897203 0.875833 0.951317 0.890602 0.841770 0.792093 0.813848 0.867773 0.876021 0.861021 0.841352 0.960557 0.879528 0.974811 0.996380 0.947684 0.893412 0.968161
0.976504 0.858526 0.809619 0.679370 0.651561 0.890777 0.887427 0.697994 0.849967 0.818707 0.664886 0.873510 0.676638 0.613232 0.000000 0.505973 0.854958 0.827418 0.924881 0.956580 0.915863 0.893330 0.598720 0.695237 0.987418 0.948222 0.899316 0.981190 0.784128 0.667347 0.723173 0.655306 0.970233 0.816342 0.955601 0.902987 0.993545 0.903041 0.838928 0.895698 0.960810 0.774661 0.746126 0.819319 0.993588 0.972142 0.991802 0.986791 0.909446 0.780713 0.974032 0.769775 0.670002 0.640571 0.995909 0.966713 0.805972 0.729032 0.791212 0.841364 0.991923 0.870721 0.891698 0.979486 0.887268 0.894008 0.666545 0.702770 0.984593 0.934762 0.998842 0.985631 0.785246 0.910728 0.981920 0.797404 0.798298 0.882678 0.839572 0.934586 0.876352 0.791128 0.569625 0.660026 0.710919 0.744325 0.601038 0.530149 0.894965 0.991327 0.814383 0.884132 0.649691 0.798034 0.930434 0.889282 0.767057 0.858021 0.798155 0.945745 0.752762 0.879391 0.647066 0.767051 0.934354 0.839846 0.800952 0.810650 0.947185 0.938677 0.781909 0.953823 0.921480 0.937896 0.886009 0.870071
0.921266 0.798301 0.661708 0.702840 0.912161 0.793761 0.679486 0.735889 0.888378 0.688432 0.776759 0.928329 0.735898 0.489385 0.505973 0.000000 0.976928 0.961164 0.950673 0.913160 0.938393 0.943102 0.879911 0.775013 0.934456 0.942585 0.853504 0.830999 0.926227 0.732648 0.826269 0.713715 0.920131 0.846625 0.840598 0.990293 0.928682 0.908370 0.963372 0.927218 0.995616 0.807415 0.861941 0.905367 0.915618 0.931025 0.986952 0.906037 0.941661 0.931847 0.964959 0.928277 0.763049 0.727295 0.977172 0.921071 0.932436 0.811676 0.765152 0.872622 0.834688 0.914733 0.895241 0.888558 0.957116 0.949615 0.678570 0.772568 0.891699 0.998632 0.921743 0.825109 0.809272 0.966804 0.988496 0.789022 0.879165 0.921375 0.904636 0.791590 0.897790 0.967657 0.732548 0.881341 0.976706 0.919010 0.707959 0.750701 0.931099 0.882769 0.692864 0.718400 0.567933 0.744673 0.879975 0.847830 0.679231 0.803802 0.777707 0.790544 0.857893 0.871800 0.713764 0.760697 0.887751 0.879265 0.880955 0.760875 0.858579 0.985698 0.678820 0.891343 0.915480 0.987173 0.830689 0.999372
0.510350 0.543823 0.825723 0.920065 0.868930 0.873704 0.742396 0.774237 0.907765 0.784789 0.811391 0.749937 0.820327 0.885459 0.854958 0.976928 0.000000 0.519149 0.581019 0.675293 0.954756 0.999221 0.889435 0.993702 0.902758 0.926776 0.960138 0.966124 0.645561 0.620252 0.950039 0.909044 0.637908 0.735656 0.794851 0.869021 0.886757 0.822461 0.983198 0.995981 0.989656 0.906871 0.814895 0.717838 0.776234 0.700137 0.752978 0.779597 0.695653 0.804554 0.887253 0.982303 0.889396 0.978703 0.728483 0.864348 0.497835 0.627582 0.791953 0.982751 0.645046 0.689511 0.491613 0.512580 0.807877 0.810654 0.893150 0.912689 0.763829 0.728022 0.968715 0.974978 0.996324 0.939795 0.971855 0.987877 0.805837 0.910522 0.822080 0.914036 0.473738 0.566195 0.777216 0.592460 0.723088 0.776956 0.921095 0.790846 0.819427 0.755874 0.839709 0.936914 0.987756 0.975619 0.876876 0.788974 0.839715 0.935419 0.847914 0.779694 0.940725 0.865587 0.902612 0.887412 0.957314 0.948036 0.932792 0.934130 0.834956 0.926610 0.853274 0.902032 0.741314 0.994193 0.928106 0.960070
0.488775 0.559944 0.714703 0.717417 0.873246 0.973905 0.612669 0.631974 0.882617 0.692942 0.801842 0.707344 0.725847 0.819775 0.827418 0.961164 0.519149 0.000000 0.564720 0.653179 0.909986 0.884965 0.820063 0.981345 0.776956 0.882279 0.952624 0.961390 0.647695 0.515656 0.829037 0.868886 0.539244 0.588583 0.768380 0.771451 0.909582 0.849781 0.847572 0.811641 0.880491 0.948019 0.715140 0.650496 0.725614 0.655118 0.611313 0.685835 0.729364 0.852399 0.924422 0.991889 0.968445 0.977106 0.623567 0.763565 0.456890 0.659804 0.731123 0.865663 0.502054 0.563867 0.419360 0.471472 0.693506 0.662343 0.746324 0.769009 0.954655 0.777064 0.893024 0.941689 0.863018 0.960323 0.999609 0.966010 0.847868 0.902581 0.762336 0.861617 0.399596 0.426767 0.770967 0.548554 0.651640 0.680231 0.929168 0.844073 0.764456 0.607880 0.846916 0.983904 0.944816 0.948728 0.806042 0.753801 0.881331 0.943010 0.779637 0.728496 0.878170 0.884983 0.965740 0.884227 0.844888 0.767887 0.932321 0.925821 0.741767 0.857747 0.849586 0.879945 0.820695 0.899574 0.916732 0.961836
0.538912 0.699078 0.700755 0.811058 0.804789 0.959441 0.604239 0.713729 0.878502 0.607235 0.798680 0.798473 0.776442 0.934342 0.924881 0.950673 0.581019 0.564720 0.000000 0.619045 0.926918 0.916473 0.797031 0.889207 0.903325 0.877628 0.980619 0.992103 0.641383 0.645685 0.824618 0.865634 0.593296 0.652897 0.752586 0.858776 0.989182 0.773607 0.910444 0.977217 0.980153 0.952026 0.873251 0.807999 0.942645 0.792924 0.754862 0.822412 0.910245 0.941911 0.968283 0.979271 0.937591 0.921416 0.718376 0.803062 0.586881 0.724474 0.787057 0.899310 0.568729 0.696613 0.454427 0.575180 0.780034 0.746653 0.795422 0.821707 0.821372 0.872797 0.847676 0.992182 0.849380 0.884263 0.990673 0.957826 0.848892 0.792481 0.848473 0.871339 0.529383 0.562569 0.824251 0.661795 0.641101 0.769097 0.907097 0.828840 0.756389 0.725480 0.811462 0.895330 0.905682 0.961267 0.894189 0.798749 0.778047 0.910364 0.796393 0.721855 0.820568 0.847436 0.865710 0.954628 0.902892 0.772749 0.978419 0.885148 0.839333 0.971348 0.826914 0.926442 0.819506 0.930080 0.982274 0.959813
0.702620 0.813141 0.799019 0.821887 0.846609 0.813245 0.716205 0.678171 0.937043 0.609648 0.721777 0.749266 0.838924 0.912837 0.956580 0.913160 0.675293 0.653179 0.619045 0.000000 0.935463 0.905735 0.918087 0.888859 0.943473 0.872957 0.894362 0.718955 0.803460 0.757659 0.924797 0.932391 0.730540 0.698175 0.804080 0.964029 0.937487 0.878658 0.881264 0.889181 0.893723 0.972516 0.851906 0.819975 0.999937 0.844350 0.864792 0.776779 0.912933 0.869174 0.940897 0.928569 0.830415 0.741555 0.944075 0.819845 0.719543 0.668699 0.604227 0.619895 0.671539 0.634269 0.661798 0.621945 0.961030 0.764827 0.817991 0.788916 0.865440 0.760759 0.952663 0.974275 0.899718 0.868390 0.848274 0.960752 0.770038 0.968700 0.836233 0.947294 0.692450 0.715703 0.883873 0.807626 0.866608 0.988914 0.863006 0.989176 0.807511 0.750570 0.901799 0.990084 0.946631 0.880681 0.938453 0.815655 0.761239 0.929267 0.801576 0.860593 0.730648 0.877841 0.816575 0.900859 0.905360 0.879496 0.985107 0.961306 0.796043 0.912140 0.718691 0.993543 0.952906 0.926122 0.972690 0.920314
0.834115 0.983500 0.811806 0.796886 0.854712 0.868252 0.855339 0.856449 0.959740 0.835065 0.799241 0.990969 0.990013 0.875302 0.915863 0.938393 0.954756 0.909986 0.926918 0.935463 0.000000 0.975614 0.994615 0.958496 0.807573 0.846374 0.873490 0.985591 0.901579 0.900272 0.946948 0.958476 0.881420 0.841722 0.899521 0.963351 0.802867 0.976684 0.923104 0.965919 0.962861 0.928198 0.815380 0.832826 0.893651 0.944386 0.795492 0.940820 0.909046 0.978824 0.946616 0.864016 0.835451 0.887238 0.878757 0.989893 0.896216 0.910906 0.882105 0.902788 0.938620 0.981798 0.946249 0.991621 0.873566 0.841511 0.738526 0.811423 0.971077 0.899673 0.964179 0.944637 0.943942 0.977916 0.975157 0.985176 0.883507 0.879330 0.943093 0.954579 0.943347 0.976564 0.856573 0.959370 0.928201 0.898737 0.969703 0.971896 0.949237 0.870133 0.869411 0.964705 0.845148 0.871257 0.920843 0.792116 0.818576 0.970259 0.930819 0.973657 0.782053 0.902170 0.901971 0.921362 0.911566 0.919084 0.949001 0.960618 0.766933 0.940092 0.947023 0.864589 0.871874 0.909952 0.925184 0.854305
0.951256 0.991273 0.945152 0.925330 0.915791 0.868102 0.987827 0.986858 0.978187 0.987295 0.962266 0.830186 0.830857 0.843174 0.893330 0.943102 0.999221 0.884965 0.916473 0.905735 0.975614 0.000000 0.988999 0.976153 0.945211 0.999038 0.914327 0.866676 0.997342 0.978975 0.992740 0.914270 0.980867 0.986096 0.993697 0.987802 0.990070 0.966621 0.960664 0.921012 0.935531 0.805945 0.994395 0.915091 0.950843 0.879215 0.948183 0.953019 0.974870 0.938442 0.875632 0.950489 0.917589 0.984764 0.830149 0.959519 0.865504 0.901136 0.958072 0.937520 0.904014 0.937346 0.913098 0.899271 0.926367 0.908232 0.913440 0.902079 0.994118 0.947800 0.969755 0.884709 0.830174 0.977481 0.972147 0.910041 0.959094 0.989627 0.952128 0.933653 0.994681 0.974802 0.897191 0.928415 0.990565 0.978172 0.758258 0.910565 0.969609 0.996823 0.922918 0.982099 0.866487 0.851710 0.988778 0.998029 0.978273 0.876095 0.965796 0.968187 0.914000 0.770818 0.981497 0.897741 0.960611 0.871495 0.921790 0.916969 0.997212 0.835916 0.947840 0.915861 0.986940 0.871706 0.970132 0.965212
0.972825 0.967050 0.864000 0.928928 0.552144 0.929211 0.848094 0.905019 0.661762 0.878102 0.672126 0.668777 0.988621 0.990600 0.598720 0.879911 0.889435 0.820063 0.797031 0.918087 0.994615 0.988999 0.000000 0.472804 0.822100 0.957208 0.867450 0.946976 0.903149 0.792239 0.546911 0.632330 0.837581 0.965855 0.817252 0.954468 0.900012 0.957314 0.810229 0.881527 0.907515 0.905537 0.807934 0.815597 0.936910 0.994269 0.922925 0.998056 0.910479 0.739717 0.728959 0.552881 0.715051 0.658005 0.980110 0.931683 0.830826 0.826269 0.920100 0.965672 0.902199 0.872815 0.788548 0.905261 0.595014 0.865428 0.970577 0.976100 0.879467 0.958579 0.897508 0.896565 0.649438 0.792350 0.863134 0.986391 0.842131 0.842729 0.820212 0.967293 0.727745 0.621935 0.540312 0.602171 0.425889 0.547361 0.760447 0.522707 0.900027 0.731848 0.947300 0.844314 0.977679 0.954367 0.962210 0.865805 0.884375 0.833562 0.988289 0.774050 0.869691 0.916358 0.788242 0.934816 0.734671 0.876040 0.964270 0.927267 0.895912 0.987359 0.991447 0.981445 0.995266 0.990898 0.883650 0.784561
0.846635 0.960360 0.973619 0.965203 0.670528 0.968246 0.953754 0.799381 0.963890 0.838366 0.675864 0.698937 0.862760 0.924492 0.695237 0.775013 0.993702 0.981345 0.889207 0.888859 0.958496 0.976153 0.472804 0.000000 0.788559 0.797254 0.699348 0.908963 0.991654 0.854143 0.604337 0.629414 0.997201 0.928964 0.923848 0.931942 0.978317 0.813109 0.895484 0.924000 0.915960 0.977912 0.829138 0.857563 0.982655 0.950985 0.944436 0.942587 0.991962 0.882306 0.740325 0.696273 0.800764 0.681188 0.939716 0.947420 0.977016 0.917965 0.733349 0.775764 0.846430 0.772825 0.948022 0.850097 0.665491 0.826008 0.966733 0.940676 0.745421 0.927470 0.919028 0.845327 0.680818 0.815141 0.970543 0.950905 0.782273 0.888546 0.911905 0.858030 0.904037 0.794832 0.635350 0.793764 0.586599 0.528490 0.796195 0.577881 0.903378 0.954152 0.892739 0.958411 0.863321 0.950125 0.948853 0.979803 0.965618 0.809855 0.862808 0.990919 0.874369 0.817465 0.663006 0.872551 0.860308 0.966326 0.913219 0.976708 0.966476 0.935562 0.868248 0.897807 0.968385 0.922406 0.906558 0.931825
0.823825 0.818750 0.751092 0.629309 0.868432 0.782825 0.812824 0.848329 0.948430 0.944052 0.978737 0.974872 0.949747 0.905606 0.987418 0.934456 0.902758 0.776956 0.903325 0.943473 0.807573 0.945211 0.822100 0.788559 0.000000 0.628768 0.805287 0.783755 0.904030 0.914516 0.692098 0.797160 0.780582 0.850486 0.777409 0.845216 0.885932 0.806989 0.881333 0.881336 0.761108 0.872582 0.626964 0.660462 0.579422 0.629544 0.640280 0.643186 0.718428 0.829842 0.746450 0.978189 0.840376 0.775347 0.987901 0.704998 0.831264 0.961473 0.915197 0.753906 0.891886 0.965420 0.850717 0.998404 0.627901 0.684757 0.691125 0.707825 0.728746 0.788516 0.788043 0.668993 0.902372 0.950960 0.886169 0.958246 0.896897 0.928382 0.764646 0.847437 0.689303 0.662383 0.785948 0.749953 0.706695 0.547341 0.977732 0.941943 0.968343 0.845859 0.729696 0.812882 0.724217 0.683532 0.802952 0.788312 0.935020 0.947973 0.861555 0.814667 0.852174 0.965300 0.990530 0.813204 0.946498 0.810329 0.784222 0.917295 0.974406 0.967193 0.951563 0.781779 0.862163 0.984167 0.839518 0.888628
0.775771 0.853110 0.845100 0.686875 0.985024 0.788517 0.856676 0.869792 0.974733 0.932605 0.890102 0.989863 0.873765 0.928486 0.948222 0.942585 0.926776 0.882279 0.877628 0.872957 0.846374 0.999038 0.957208 0.797254 0.628768 0.000000 0.873244 0.716606 0.993344 0.970804 0.776276 0.973948 0.821060 0.844464 0.909554 0.755202 0.818947 0.886539 0.838586 0.912878 0.846740 0.747013 0.786825 0.753982 0.850044 0.816348 0.796790 0.787048 0.785353 0.967520 0.875308 0.856472 0.922662 0.811279 0.841385 0.829778 0.913813 0.831344 0.857173 0.730225 0.970450 0.975211 0.915250 0.934452 0.672669 0.780987 0.722121 0.815311 0.835135 0.989022 0.779876 0.707587 0.886517 0.924776 0.814440 0.939143 0.834812 0.755202 0.922575 0.954446 0.827612 0.841301 0.892558 0.871403 0.842633 0.632995 0.873770 0.967143 0.956811 0.816030 0.765411 0.774821 0.770135 0.720027 0.786417 0.857715 0.988137 0.963312 0.871258 0.851542 0.864651 0.915110 0.948351 0.829774 0.917286 0.869245 0.894379 0.951694 0.988724 0.907514 0.952909 0.885617 0.847111 0.983328 0.855184 0.791857
0.881330 0.961392 0.916883 0.988792 0.905555 0.843376 0.887335 0.886038 0.919716 0.754609 0.774118 0.913749 0.844387 0.925873 0.899316 0.853504 0.960138 0.952624 0.980619 0.894362 0.873490 0.914327 0.867450 0.699348 0.805287 0.873244 0.000000 0.879708 0.886042 0.850445 0.965065 0.816363 0.898741 0.856307 0.850514 0.890497 0.869881 0.940978 0.945590 0.978431 0.880161 0.990754 0.842111 0.922893 0.875823 0.858009 0.971589 0.991432 0.889409 0.890379 0.993838 0.985294 0.908120 0.867070 0.933416 0.890361 0.871746 0.874850 0.757413 0.821021 0.875485 0.941321 0.953810 0.806268 0.843879 0.838719 0.962365 0.956634 0.688657 0.941745 0.953331 0.864536 0.821603 0.873722 0.965530 0.969145 0.968866 0.990321 0.928396 0.786343 0.945337 0.887713 0.854346 0.917207 0.933951 0.749436 0.992668 0.927841 0.843066 0.960229 0.875687 0.976955 0.847716 0.990982 0.955817 0.899610 0.867252 0.822835 0.832985 0.883126 0.912721 0.833845 0.697190 0.862172 0.828621 0.957795 0.961692 0.871863 0.942821 0.987018 0.850878 0.868336 0.902195 0.880372 0.931561 0.930155
0.968979 0.790484 0.918202 0.963624 0.866055 0.821878 0.840645 0.930929 0.894837 0.770480 0.978557 0.982244 0.999314 0.887866 0.981190 0.830999 0.966124 0.961390 0.992103 0.718955 0.985591 0.866676 0.946976 0.908963 0.783755 0.716606 0.879708 0.000000 0.938532 0.996249 0.912355 0.970785 0.962692 0.990936 0.979661 0.927836 0.953973 0.966385 0.977548 0.945871 0.977211 0.912388 0.944061 0.926133 0.922416 0.958738 0.940312 0.953827 0.992307 0.909510 0.917553 0.861253 0.872301 0.846342 0.978491 0.962962 0.961981 0.911549 0.774551 0.784789 0.842822 0.951628 0.960312 0.901941 0.929847 0.982312 0.993750 0.950740 0.987213 0.990726 0.937363 0.808684 0.914606 0.921874 0.864139 0.954286 0.949981 0.843456 0.953550 0.833793 0.991868 0.994561 0.997755 0.982786 0.945676 0.845968 0.987658 0.950641 0.894524 0.916393 0.940924 0.904639 0.965780 0.993137 0.968327 0.990464 0.795859 0.902007 0.926205 0.962725 0.987346 0.920755 0.965398 0.986340 0.975568 0.946260 0.913132 0.919185 0.778454 0.968471 0.843870 0.971268 0.963322 0.992701 0.897141 0.971873
0.731756 0.691889 0.942660 0.977192 0.874442 0.941463 0.910552 0.861573 0.821319 0.801464 0.892538 0.848051 0.800619 0.869589 0.784128 0.926227 0.645561 0.647695 0.641383 0.803460 0.901579 0.997342 0.903149 0.991654 0.904030 0.993344 0.886042 0.938532 0.000000 0.540326 0.949536 0.830735 0.803133 0.789648 0.967872 0.942012 0.982299 0.758983 0.957022 0.960361 0.897983 0.938003 0.929038 0.969356 0.923160 0.999427 0.864303 0.986381 0.998398 0.881137 0.843429 0.921114 0.876102 0.995911 0.858837 0.808592 0.718572 0.792526 0.984365 0.936708 0.785882 0.654636 0.666927 0.657347 0.957417 0.882346 0.928154 0.964330 0.885872 0.903784 0.909111 0.950733 0.824206 0.788699 0.951303 0.872725 0.873873 0.873587 0.881665 0.913652 0.708966 0.768226 0.816689 0.713299 0.905961 0.870948 0.979104 0.869139 0.873568 0.793268 0.950247 0.830162 0.852710 0.786264 0.965740 0.856676 0.994747 0.984959 0.984895 0.899468 0.953441 0.836171 0.954357 0.998206 0.877264 0.977289 0.843459 0.943725 0.946779 0.931525 0.880544 0.999965 0.765042 0.993598 0.956728 0.858184
0.671206 0.609897 0.948044 0.941855 0.832968 0.977410 0.844585 0.811448 0.927144 0.897022 0.999959 0.750068 0.716422 0.659364 0.667347 0.732648 0.620252 0.515656 0.645685 0.757659 0.900272 0.978975 0.792239 0.854143 0.914516 0.970804 0.850445 0.996249 0.540326 0.000000 0.781452 0.739309 0.695598 0.731857 0.896546 0.846799 0.956520 0.926562 0.929670 0.895532 0.994636 0.958319 0.889349 0.850670 0.942789 0.869017 0.695780 0.772408 0.780961 0.896794 0.897028 0.925322 0.863290 0.936147 0.715956 0.803377 0.608446 0.677847 0.874429 0.908956 0.707147 0.652236 0.604297 0.629762 0.807719 0.727668 0.989586 0.910676 0.988075 0.942747 0.953862 0.846092 0.814675 0.813838 0.962229 0.898341 0.931747 0.891285 0.751470 0.717552 0.632454 0.584089 0.680810 0.591463 0.741542 0.744904 0.803232 0.804813 0.817497 0.766868 0.877794 0.830347 0.795951 0.808855 0.874967 0.971024 0.998148 0.961376 0.891611 0.944834 0.966284 0.881316 0.892510 0.980958 0.900156 0.837586 0.927645 0.951891 0.916552 0.950189 0.901418 0.964981 0.821632 0.988661 0.929451 0.982449
0.916137 0.927330 0.855899 0.820781 0.797033 0.959221 0.876327 0.952531 0.899402 0.895525 0.810922 0.785991 0.930535 0.850589 0.723173 0.826269 0.950039 0.829037 0.824618 0.924797 0.946948 0.992740 0.546911 0.604337 0.692098 0.776276 0.965065 0.912355 0.949536 0.781452 0.000000 0.559051 0.678971 0.889568 0.754808 0.885473 0.953479 0.761523 0.980760 0.888046 0.952355 0.899974 0.893270 0.882980 0.701901 0.750357 0.720777 0.673452 0.699325 0.705767 0.650704 0.639012 0.773686 0.685469 0.949302 0.811067 0.833797 0.878399 0.933046 0.958942 0.955899 0.961527 0.853454 0.930402 0.742499 0.814072 0.794377 0.755019 0.773643 0.971126 0.692245 0.737393 0.745030 0.711839 0.967767 0.981431 0.973059 0.945465 0.849011 0.943921 0.782103 0.720753 0.671083 0.705064 0.610708 0.611967 0.908295 0.708346 0.957555 0.888461 0.858307 0.837287 0.857444 0.843465 0.962301 0.857088 0.865171 0.988437 0.796828 0.781231 0.985428 0.925033 0.902095 0.896862 0.869101 0.848875 0.991853 0.868457 0.910466 0.943975 0.898866 0.892625 0.902227 0.946349 0.941019 0.880391
0.966684 0.927671 0.988286 0.958586 0.822126 0.951107 0.951639 0.907774 0.969831 0.981219 0.785252 0.848163 0.954371 0.753263 0.655306 0.713715 0.909044 0.868886 0.865634 0.932391 0.958476 0.914270 0.632330 0.629414 0.797160 0.973948 0.816363 0.970785 0.830735 0.739309 0.559051 0.000000 0.852136 0.947077 0.891768 0.825025 0.961866 0.888572 0.905194 0.895295 0.986602 0.991708 0.938195 0.998517 0.841757 0.936711 0.828706 0.827053 0.975899 0.972353 0.870330 0.739302 0.746762 0.721011 0.880787 0.830508 0.917633 0.924432 0.765002 0.908540 0.976510 0.917826 0.912071 0.965055 0.823464 0.860201 0.944252 0.892105 0.798154 0.938635 0.961273 0.846495 0.732040 0.702259 0.995200 0.869284 0.899309 0.997502 0.849301 0.793654 0.921116 0.760435 0.631562 0.727642 0.707709 0.690433 0.732738 0.623131 0.926172 0.900356 0.898976 0.955465 0.830143 0.972146 0.928374 0.873694 0.964179 0.958737 0.996333 0.899938 0.908376 0.838800 0.801514 0.898929 0.860463 0.965998 0.992092 0.890351 0.853720 0.925987 0.948909 0.915393 0.878809 0.925047 0.975618 0.803576
0.545810 0.588028 0.562069 0.619923 0.999358 0.928836 0.515231 0.581204 0.839289 0.608116 0.823988 0.867705 0.914909 0.996124 0.970233 0.920131 0.637908 0.539244 0.593296 0.730540 0.881420 0.980867 0.837581 0.997201 0.780582 0.821060 0.898741 0.962692 0.803133 0.695598 0.678971 0.852136 0.000000 0.530487 0.719562 0.841838 0.983053 0.985029 0.950206 0.867967 0.816454 0.871990 0.634616 0.569231 0.610785 0.552560 0.711976 0.584626 0.656705 0.770458 0.822270 0.940269 0.984512 0.951557 0.778320 0.894961 0.552642 0.700159 0.669417 0.824993 0.535599 0.666752 0.517355 0.557072 0.704438 0.697862 0.603985 0.616986 0.930926 0.881918 0.892455 0.949817 0.976710 0.900257 0.908074 0.982707 0.785818 0.830756 0.853260 0.979106 0.511085 0.527911 0.843719 0.655364 0.644874 0.748587 0.942340 0.894469 0.829826 0.751717 0.690799 0.780556 0.700881 0.835765 0.720836 0.711174 0.714740 0.859341 0.569697 0.604987 0.797250 0.961050 0.859463 0.696600 0.904271 0.701638 0.913736 0.772993 0.792906 0.790202 0.769773 0.719491 0.749836 0.923267 0.987878 0.987945
0.523883 0.723268 0.570989 0.512430 0.975841 0.876373 0.554481 0.425614 0.960436 0.597303 0.565888 0.693134 0.866436 0.971340 0.816342 0.846625 0.735656 0.588583 0.652897 0.698175 0.841722 0.986096 0.965855 0.928964 0.850486 0.844464 0.856307 0.990936 0.789648 0.731857 0.889568 0.947077 0.530487 0.000000 0.771219 0.752441 0.898719 0.965800 0.762355 0.644848 0.889743 0.866597 0.619624 0.619715 0.803109 0.687539 0.620208 0.621808 0.852900 0.960788 0.966861 0.859775 0.735859 0.679908 0.736935 0.709622 0.688095 0.853000 0.648528 0.684796 0.563644 0.473692 0.590529 0.530819 0.772374 0.525413 0.514425 0.480388 0.982399 0.746732 0.993777 0.846505 0.970296 0.938953 0.980739 0.956670 0.760876 0.756371 0.862257 0.921973 0.627108 0.635426 0.938204 0.783391 0.795037 0.811730 0.887728 0.913763 0.832826 0.652523 0.815658 0.964575 0.763277 0.955912 0.874885 0.727842 0.684001 0.885001 0.555501 0.677265 0.660360 0.956685 0.744795 0.810803 0.833424 0.719924 0.991067 0.855192 0.801453 0.813372 0.706705 0.829145 0.807391 0.956062 0.966462 0.957258
0.796336 0.857471 0.741495 0.697220 0.914154 0.834175 0.755413 0.776802 0.950058 0.824640 0.874232 0.909389 0.950511 0.908649 0.955601 0.840598 0.794851 0.768380 0.752586 0.804080 0.899521 0.993697 0.817252 0.923848 0.777409 0.909554 0.850514 0.979661 0.967872 0.896546 0.754808 0.891768 0.719562 0.771219 0.000000 0.917611 0.891586 0.891397 0.975279 0.850411 0.990586 0.902043 0.753400 0.809667 0.695030 0.692527 0.779664 0.764749 0.797893 0.853969 0.848055 0.864223 0.945097 0.921858 0.852640 0.667138 0.841790 0.896809 0.942192 0.931709 0.771323 0.852589 0.739291 0.730957 0.785247 0.849315 0.754260 0.779492 0.961505 0.786701 0.804876 0.758969 0.936211 0.977448 0.997712 0.995540 0.915771 0.888752 0.742806 0.982653 0.661200 0.655604 0.824238 0.667009 0.740537 0.744889 0.907222 0.884251 0.986534 0.805677 0.740163 0.802095 0.693451 0.868863 0.872224 0.750308 0.789860 0.873173 0.747587 0.759465 0.997127 0.861801 0.857260 0.861799 0.961966 0.779537 0.897842 0.708150 0.853513 0.983619 0.841607 0.832829 0.974350 0.942510 0.813280 0.929420
0.851372 0.869891 0.860418 0.743715 0.964577 0.916023 0.866061 0.779594 0.895375 0.953516 0.855122 0.842397 0.966652 0.891103 0.902987 0.990293 0.869021 0.771451 0.858776 0.964029 0.963351 0.987802 0.954468 0.931942 0.845216 0.755202 0.890497 0.927836 0.942012 0.846799 0.885473 0.825025 0.841838 0.752441 0.917611 0.000000 0.815032 0.974485 0.938568 0.763923 0.935389 0.914642 0.880493 0.879404 0.895799 0.900534 0.868111 0.842398 0.970759 0.940368 0.946406 0.969574 0.986648 0.973872 0.783154 0.834974 0.898153 0.991854 0.967266 0.954237 0.831047 0.812856 0.880330 0.912895 0.763073 0.730667 0.779750 0.735934 0.826063 0.996976 0.782339 0.846500 0.855187 0.903730 0.848862 0.961746 0.907326 0.878762 0.957032 0.910780 0.860565 0.810329 0.953574 0.994972 0.900227 0.849545 0.965067 0.979929 0.925595 0.798558 0.990509 0.980341 0.912256 0.972315 0.741284 0.996081 0.961919 0.981271 0.816974 0.872016 0.962813 0.889818 0.951620 0.972164 0.973571 0.892268 0.876156 0.991096 0.946264 0.937988 0.953872 0.892305 0.913173 0.994467 0.820600 0.942392
0.974143 0.924851 0.944086 0.886193 0.917620 0.907132 0.973711 0.930276 0.978902 0.951613 0.939562 0.973123 0.986124 0.979941 0.993545 0.928682 0.886757 0.909582 0.989182 0.937487 0.802867 0.990070 0.900012 0.978317 0.885932 0.818947 0.869881 0.953973 0.982299 0.956520 0.953479 0.961866 0.983053 0.898719 0.891586 0.815032 0.000000 0.922497 0.996817 0.965608 0.955010 0.867542 0.948653 0.960334 0.964205 0.973563 0.956996 0.895809 0.975018 0.989410 0.977457 0.990429 0.963024 0.948609 0.875129 0.963721 0.913489 0.959375 0.970315 0.990437 0.961744 0.930621 0.982668 0.998240 0.836808 0.870523 0.944090 0.889516 0.970602 0.946087 0.856887 0.826745 0.941356 0.883095 0.857324 0.909328 0.938782 0.862017 0.796631 0.925816 0.929242 0.988961 0.958293 0.934216 0.932249 0.905581 0.983691 0.967343 0.954832 0.892685 0.923185 0.954500 0.870665 0.978030 0.993566 0.942282 0.893453 0.997114 0.921205 0.912369 0.969510 0.914526 0.813382 0.936121 0.949941 0.825773 0.922091 0.964411 0.991756 0.971090 0.986654 0.859928 0.899370 0.796298 0.782401 0.993248
0.863897 0.937695 0.928715 0.891545 0.815851 0.887896 0.878260 0.947813 0.818225 0.864968 0.902302 0.892621 0.790164 0.943111 0.903041 0.908370 0.822461 0.849781 0.773607 0.878658 0.976684 0.966621 0.957314 0.813109 0.806989 0.886539 0.940978 0.966385 0.758983 0.926562 0.761523 0.888572 0.985029 0.965800 0.891397 0.974485 0.922497 0.000000 0.987849 0.983776 0.977204 0.858461 0.805803 0.785512 0.726188 0.708042 0.855070 0.780483 0.758308 0.801238 0.669079 0.777666 0.936442 0.843656 0.988142 0.958651 0.917834 0.825824 0.929690 0.954911 0.750034 0.859561 0.837118 0.853436 0.969274 0.955668 0.812220 0.738784 0.823872 0.977733 0.783167 0.770310 0.933409 0.872584 0.932938 0.980300 0.940408 0.985742 0.962742 0.993779 0.923859 0.953300 0.935782 0.984221 0.987361 0.951555 0.961154 0.945438 0.814724 0.852710 0.935564 0.887533 0.847729 0.812954 0.877527 0.979947 0.982488 0.952421 0.949725 0.946991 0.905634 0.884017 0.855072 0.807764 0.944942 0.908415 0.997687 0.847564 0.947593 0.980059 0.986088 0.959722 0.909459 0.851008 0.972599 0.909379
