0.000000 0.288292 0.582838 0.588361 0.728780 0.750805 0.414709 0.395029 0.549328 0.466861 0.275851 0.275206 0.302090 0.517226 0.467960 0.537111 0.323514 0.322137 0.328116 0.366367 0.746519 0.970207 0.685783 0.992816 0.929276 0.970791 0.918712 0.732019 0.476945 0.415524 0.520258 0.742238 0.289155 0.335352 0.784758 0.874739 0.586310 0.519691 0.999325 0.837351 0.672165 0.771490 0.450644 0.364331 0.385233 0.401673 0.496869 0.505630 0.826648 0.652054 0.563551 0.575314 0.747240 0.770783 0.705627 0.680611 0.306669 0.278945 0.362799 0.422258 0.290821 0.432411 0.238303 0.255467 0.730321 0.596263 0.533770 0.527601 0.332563 0.402943 0.458912 0.357095 0.546867 0.522935 0.829051 0.758906 0.600300 0.518342 0.483378 0.445731 0.331447 0.433360 0.885136 0.695097 0.589905 0.925206 0.868760 0.640052 0.743987 0.920512 0.561162 0.600627 0.654100 0.603288 0.879882 0.772015 0.545877 0.784341 0.293413 0.402048 0.660921 0.610943 0.449701 0.493601 0.497479 0.503696 0.752649 0.725809 0.698279 0.667243 0.681305 0.515821 0.505995 0.741482 0.598646 0.887831
0.288292 0.000000 0.822845 0.713618 0.762157 0.798271 0.594860 0.450909 0.580475 0.492128 0.358248 0.210899 0.354768 0.342614 0.413625 0.396408 0.273515 0.231455 0.352250 0.310672 0.773794 0.970992 0.648990 0.846307 0.995565 0.851950 0.973927 0.776288 0.390319 0.335992 0.626903 0.734979 0.392773 0.431173 0.929831 0.895223 0.620284 0.553847 0.846432 0.850434 0.700043 0.685436 0.502880 0.409948 0.514385 0.526828 0.640361 0.594784 0.896308 0.807131 0.722632 0.723711 0.909643 0.982243 0.944574 0.899508 0.194530 0.184661 0.571139 0.591413 0.439452 0.455406 0.285389 0.219719 0.916575 0.737689 0.782968 0.712450 0.388241 0.492641 0.366671 0.340131 0.582126 0.590612 0.932473 0.777726 0.501363 0.472148 0.581734 0.412562 0.326971 0.434903 0.739569 0.649169 0.774729 0.910828 0.876433 0.667478 0.941248 0.950133 0.690539 0.662794 0.777391 0.719371 0.876074 0.741439 0.649801 0.802376 0.366116 0.391407 0.682393 0.799852 0.517157 0.434933 0.569863 0.592646 0.797043 0.747874 0.746271 0.708460 0.634955 0.519204 0.577825 0.669707 0.626690 0.854882
0.582838 0.822845 0.000000 0.281005 0.603415 0.655755 0.220565 0.389963 0.529761 0.510706 0.558235 0.717569 0.513174 0.901589 0.667190 0.726386 0.677101 0.663581 0.483907 0.635191 0.636541 0.774424 0.472270 0.844952 0.669371 0.488795 0.861566 0.884612 0.753826 0.582211 0.379128 0.667764 0.396566 0.368255 0.524596 0.745948 0.666071 0.724289 0.674953 0.838842 0.757035 0.930587 0.368045 0.374335 0.484964 0.504057 0.473003 0.419079 0.855305 0.738074 0.854160 0.764557 0.772464 0.714141 0.689501 0.736023 0.814023 0.805070 0.397849 0.559224 0.387938 0.689055 0.563012 0.688727 0.255317 0.296353 0.215797 0.257972 0.670246 0.521766 0.631842 0.664558 0.708456 0.730800 0.526613 0.911723 0.630843 0.752112 0.551568 0.721351 0.593874 0.538852 0.933959 0.724331 0.399488 0.690789 0.996270 0.812068 0.520015 0.814573 0.530218 0.537903 0.548876 0.507961 0.848897 0.720307 0.635927 0.841919 0.580795 0.541828 0.789233 0.491622 0.679259 0.646945 0.544172 0.482075 0.941356 0.827268 0.695116 0.620194 0.672829 0.741887 0.652603 0.779314 0.701099 0.767550
0.588361 0.713618 0.281005 0.000000 0.701987 0.624850 0.232613 0.265278 0.652284 0.344444 0.643624 0.578357 0.556553 0.702783 0.596014 0.549582 0.619211 0.584665 0.420689 0.526948 0.600762 0.815041 0.348166 0.620808 0.709027 0.588578 0.894986 0.843738 0.696692 0.480962 0.338672 0.505544 0.354882 0.349536 0.612811 0.762416 0.530271 0.655775 0.657716 0.787355 0.792435 0.779564 0.323472 0.361583 0.575384 0.588329 0.585038 0.407950 0.783328 0.845107 0.897357 0.851809 0.798536 0.657017 0.742874 0.812383 0.730500 0.720857 0.523767 0.664318 0.494201 0.649660 0.511607 0.573389 0.412898 0.345420 0.328326 0.334429 0.741054 0.521583 0.498920 0.542739 0.648250 0.744398 0.569151 0.893285 0.563884 0.698037 0.507596 0.687134 0.473735 0.408428 0.822813 0.530700 0.471284 0.587210 0.914968 0.832961 0.654025 0.795970 0.495271 0.442864 0.517056 0.504674 0.889139 0.651195 0.662594 0.783997 0.561852 0.419814 0.661979 0.407257 0.602500 0.556001 0.518195 0.483843 0.994200 0.780654 0.651135 0.583262 0.664926 0.611954 0.611905 0.654748 0.778551 0.934585
0.728780 0.762157 0.603415 0.701987 0.000000 0.798919 0.626598 0.701951 0.676617 0.811356 0.717904 0.769102 0.613499 0.862339 0.666583 0.831986 0.813568 0.759233 0.644123 0.818780 0.761524 0.810759 0.725121 0.908601 0.890680 0.929582 0.904837 0.828657 0.726446 0.795093 0.726251 0.982513 0.626372 0.638387 0.775484 0.947493 0.868766 0.926479 0.819189 0.798825 0.920126 0.774956 0.630483 0.582751 0.548911 0.628779 0.711552 0.629104 0.992669 0.823536 0.942899 0.851420 0.928838 0.957753 0.934021 0.892871 0.803626 0.846554 0.616420 0.692886 0.573438 0.740979 0.730857 0.801479 0.557556 0.574441 0.591897 0.569474 0.676855 0.796530 0.791574 0.843355 0.975617 0.924325 0.915364 0.929433 0.741922 0.838133 0.798941 0.874639 0.789523 0.805089 0.923371 0.887686 0.681131 0.727377 0.942804 0.866979 0.789949 0.926342 0.755835 0.753423 0.773618 0.678133 0.952018 0.963047 0.840512 0.966934 0.710887 0.670203 0.929664 0.648617 0.714058 0.876528 0.631244 0.672477 0.869431 0.905007 0.909186 0.999387 0.798956 0.766568 0.857644 0.863684 0.716035 0.682237
0.750805 0.798271 0.655755 0.624850 0.798919 0.000000 0.616339 0.579422 0.622952 0.609777 0.835240 0.766326 0.682136 0.968303 0.839588 0.817579 0.885685 0.847445 0.785266 0.813854 0.740655 0.813294 0.734591 0.981276 0.817293 0.610474 0.950983 0.704544 0.894565 0.878194 0.642758 0.871218 0.686004 0.690077 0.636306 0.999140 0.671703 0.952558 0.799387 0.994591 0.907210 0.821243 0.646931 0.694612 0.601796 0.620633 0.593811 0.735532 0.950700 0.839928 0.845869 0.774933 0.850751 0.984195 0.847479 0.779347 0.923110 0.884022 0.671803 0.752869 0.644340 0.728120 0.786488 0.786108 0.678774 0.603056 0.604028 0.531527 0.931201 0.836339 0.662322 0.739726 0.979068 0.948718 0.904505 0.936408 0.755173 0.867145 0.852481 0.903582 0.742516 0.758276 0.856884 0.946056 0.735371 0.883129 0.835295 0.639874 0.809440 0.870822 0.509223 0.552663 0.445886 0.594722 0.859389 0.870654 0.707899 0.887190 0.612153 0.673215 0.638116 0.627888 0.777021 0.843530 0.742667 0.584321 0.928394 0.723824 0.842324 0.891468 0.817905 0.665276 0.773063 0.920585 0.805614 0.714415
0.414709 0.594860 0.220565 0.232613 0.626598 0.616339 0.000000 0.214873 0.491198 0.322419 0.456698 0.499205 0.405476 0.644163 0.522998 0.556235 0.491451 0.457254 0.293856 0.456873 0.629525 0.872819 0.366998 0.768108 0.789795 0.674463 0.971141 0.735509 0.577413 0.429364 0.324870 0.553838 0.263373 0.265371 0.582132 0.735708 0.578648 0.646208 0.714093 0.826591 0.767271 0.770094 0.249732 0.274719 0.409919 0.424070 0.414516 0.327837 0.859671 0.778828 0.779524 0.734835 0.751546 0.607951 0.665247 0.775074 0.579034 0.594993 0.367175 0.518282 0.304343 0.544094 0.355355 0.453140 0.378978 0.293286 0.235692 0.243665 0.566120 0.479218 0.449625 0.449729 0.570862 0.599667 0.597786 0.869917 0.575490 0.578129 0.460053 0.581021 0.372781 0.369494 0.843589 0.604198 0.363223 0.656425 0.990414 0.753237 0.580510 0.876175 0.426544 0.403116 0.468985 0.462026 0.858972 0.623239 0.507203 0.768355 0.379226 0.339657 0.643183 0.353931 0.516423 0.476008 0.442581 0.429866 0.866258 0.703737 0.592167 0.537144 0.580812 0.555405 0.472415 0.668421 0.626776 0.805764
0.395029 0.450909 0.389963 0.265278 0.701951 0.579422 0.214873 0.000000 0.483614 0.240505 0.505434 0.361391 0.383600 0.479883 0.479871 0.436616 0.427600 0.386551 0.309108 0.373337 0.614697 0.847302 0.389067 0.717573 0.839512 0.777853 0.926504 0.800921 0.494102 0.378954 0.368637 0.532284 0.270197 0.279696 0.613477 0.752383 0.563727 0.617402 0.842980 0.810595 0.746691 0.711638 0.278914 0.287623 0.400605 0.430369 0.500752 0.393889 0.935350 0.791237 0.715072 0.673689 0.719414 0.657734 0.742834 0.857441 0.501495 0.479853 0.435419 0.524580 0.360300 0.432126 0.333736 0.317773 0.582352 0.397210 0.364272 0.349781 0.569674 0.439039 0.402129 0.391992 0.550657 0.624554 0.669113 0.828622 0.491404 0.476316 0.445022 0.568150 0.308901 0.324452 0.767952 0.535985 0.507192 0.697105 0.918070 0.713817 0.713815 0.840473 0.354018 0.339897 0.413148 0.453022 0.809515 0.582423 0.501643 0.723402 0.311128 0.255416 0.488565 0.393287 0.469950 0.419834 0.417565 0.428992 0.830655 0.628364 0.592948 0.538474 0.567512 0.457157 0.459838 0.608838 0.650506 0.832283
0.549328 0.580475 0.529761 0.652284 0.676617 0.622952 0.491198 0.483614 0.000000 0.497657 0.526212 0.571067 0.472197 0.751197 0.655288 0.720177 0.577713 0.605570 0.572883 0.566185 0.841546 0.932850 0.751251 0.935687 0.797159 0.854414 0.899892 0.894224 0.630267 0.634661 0.580600 0.825137 0.538652 0.524856 0.685682 0.912788 0.879048 0.952201 0.921390 0.905015 0.707581 0.928023 0.520368 0.511020 0.411122 0.460881 0.488077 0.596489 0.996439 0.745937 0.818622 0.708447 0.846777 0.932478 0.844181 0.767233 0.665276 0.599419 0.476491 0.498937 0.451131 0.581397 0.605475 0.607815 0.634849 0.567094 0.522534 0.484327 0.592237 0.633440 0.657560 0.653613 0.649621 0.676664 0.890904 0.822966 0.572204 0.694096 0.756222 0.635485 0.610415 0.666896 0.968493 0.934663 0.768103 0.891641 0.770578 0.526224 0.734815 0.954102 0.585537 0.569220 0.606456 0.529475 0.785506 0.774994 0.688358 0.883787 0.452883 0.544185 0.736129 0.690467 0.766507 0.659346 0.598067 0.604901 0.950275 0.758685 0.782669 0.688456 0.556935 0.669087 0.716870 0.728771 0.678094 0.644182
0.466861 0.492128 0.510706 0.344444 0.811356 0.609777 0.322419 0.240505 0.497657 0.000000 0.538922 0.446623 0.479317 0.527054 0.513348 0.492233 0.454836 0.447027 0.361811 0.415773 0.627978 0.897536 0.442209 0.785670 0.819724 0.775336 0.887472 0.813524 0.575767 0.426706 0.405966 0.552463 0.389243 0.390949 0.631492 0.801563 0.597841 0.679963 0.876447 0.824246 0.804278 0.725671 0.377002 0.396050 0.513252 0.553376 0.579424 0.466911 0.869127 0.878415 0.829850 0.801850 0.840725 0.769821 0.823659 0.894658 0.535955 0.551153 0.567871 0.662183 0.489852 0.558025 0.433187 0.418430 0.669856 0.521166 0.483534 0.476314 0.592851 0.626443 0.397768 0.457642 0.496759 0.591207 0.718249 0.689319 0.529796 0.469996 0.544742 0.604565 0.360955 0.386436 0.779365 0.608922 0.634819 0.853580 0.942176 0.671574 0.882794 0.954972 0.435164 0.397744 0.459057 0.483117 0.852260 0.560713 0.536110 0.732498 0.357344 0.332273 0.647561 0.531685 0.581299 0.480129 0.560900 0.489687 0.857446 0.669533 0.660658 0.591121 0.597462 0.537465 0.548686 0.634802 0.673609 0.885162
0.275851 0.358248 0.558235 0.643624 0.717904 0.835240 0.456698 0.505434 0.526212 0.538922 0.000000 0.323028 0.303823 0.525135 0.462061 0.518109 0.305263 0.308671 0.332177 0.334589 0.703634 0.970296 0.686995 0.909432 0.990948 0.985813 0.931522 0.723986 0.432870 0.367477 0.571433 0.678907 0.376237 0.357872 0.844888 0.860159 0.724484 0.672995 0.976441 0.808013 0.660671 0.801034 0.482124 0.408117 0.530172 0.514271 0.518449 0.535000 0.936498 0.790176 0.806575 0.789784 0.885794 0.981853 0.827284 0.699979 0.338413 0.337618 0.448961 0.504837 0.335580 0.535565 0.297166 0.331768 0.705629 0.586807 0.546588 0.548281 0.324830 0.445370 0.509351 0.446398 0.491604 0.500519 0.879840 0.678326 0.584184 0.522659 0.463072 0.356977 0.359667 0.424282 0.854398 0.748955 0.628366 0.998368 0.809304 0.648674 0.755413 0.981372 0.717450 0.749493 0.797074 0.728715 0.985747 0.741376 0.572549 0.817921 0.381913 0.437686 0.763759 0.692695 0.484523 0.530184 0.554880 0.516188 0.817644 0.892872 0.750855 0.679447 0.743046 0.635023 0.649119 0.710535 0.531624 0.782073
0.275206 0.210899 0.717569 0.578357 0.769102 0.766326 0.499205 0.361391 0.571067 0.446623 0.323028 0.000000 0.294832 0.304078 0.323716 0.314616 0.247111 0.216574 0.308238 0.275859 0.728991 0.970102 0.585163 0.773319 0.974038 0.909552 0.959826 0.793928 0.332640 0.277687 0.553261 0.633905 0.306408 0.375110 0.957679 0.907806 0.578086 0.603923 0.901130 0.808011 0.612314 0.715238 0.443089 0.355535 0.500967 0.474969 0.575559 0.532183 0.935254 0.787396 0.713107 0.700952 0.836233 0.890191 0.892462 0.860555 0.244186 0.220760 0.528214 0.544204 0.402558 0.418903 0.244174 0.167985 0.886485 0.660970 0.679761 0.632872 0.441413 0.432130 0.399798 0.305707 0.549073 0.613728 0.905000 0.740592 0.490304 0.422867 0.458450 0.392914 0.271983 0.347391 0.685065 0.559333 0.693289 0.841688 0.900885 0.717824 0.821489 0.980515 0.639637 0.618032 0.725283 0.713172 0.862862 0.670224 0.625617 0.716141 0.336705 0.346276 0.629063 0.644471 0.463711 0.439615 0.489463 0.544228 0.849061 0.749052 0.659661 0.621338 0.683681 0.501404 0.573694 0.656669 0.631231 0.837690
0.302090 0.354768 0.513174 0.556553 0.613499 0.682136 0.405476 0.383600 0.472197 0.479317 0.303823 0.294832 0.000000 0.453929 0.290686 0.407557 0.354732 0.301423 0.375076 0.423276 0.682810 0.932838 0.554128 0.821477 0.926301 0.941438 0.981295 0.861228 0.394180 0.355916 0.504070 0.719267 0.322918 0.363086 0.807901 0.978830 0.593558 0.683107 0.991131 0.833009 0.631158 0.726243 0.400864 0.330748 0.378351 0.388747 0.485650 0.462582 0.964478 0.668009 0.722075 0.616713 0.799712 0.868703 0.853799 0.815353 0.397325 0.337849 0.432469 0.453266 0.285925 0.424509 0.299744 0.300290 0.605265 0.502761 0.536894 0.503121 0.463385 0.458110 0.496672 0.435341 0.576625 0.587180 0.811057 0.665134 0.556572 0.432661 0.433035 0.411416 0.338070 0.401226 0.804811 0.672715 0.536178 0.831318 0.827665 0.673714 0.628898 0.943131 0.622313 0.584723 0.654456 0.627763 0.789671 0.658302 0.533702 0.782587 0.354556 0.412126 0.752468 0.601410 0.508272 0.535273 0.478956 0.478731 0.814608 0.769469 0.661373 0.600160 0.702311 0.535047 0.578032 0.642300 0.624257 0.757545
0.517226 0.342614 0.901589 0.702783 0.862339 0.968303 0.644163 0.479883 0.751197 0.527054 0.525135 0.304078 0.453929 0.000000 0.343515 0.312577 0.362737 0.296298 0.424080 0.381848 0.781971 0.977145 0.542377 0.610833 0.968562 0.817545 0.914118 0.779624 0.366915 0.326975 0.655591 0.543971 0.474483 0.530198 0.955446 0.879638 0.736763 0.714252 0.797595 0.818961 0.819209 0.716232 0.509414 0.489373 0.678714 0.675287 0.707679 0.598335 0.940650 0.977709 0.873345 0.891269 0.884277 0.854223 0.988142 0.976537 0.319302 0.349002 0.756654 0.782121 0.655910 0.613371 0.361914 0.301326 0.999711 0.828756 0.851316 0.820537 0.590173 0.650884 0.500745 0.504060 0.581345 0.680491 0.969433 0.758462 0.543793 0.401171 0.519263 0.471545 0.346958 0.376208 0.492608 0.529098 0.720092 0.773812 0.970393 0.971818 0.927430 0.933350 0.778125 0.700667 0.885776 0.860096 0.900140 0.642775 0.682049 0.762806 0.511091 0.404430 0.764843 0.720179 0.473845 0.443680 0.672599 0.709349 0.873795 0.716183 0.681349 0.663461 0.709091 0.564704 0.690770 0.582401 0.778014 0.976501
0.467960 0.413625 0.667190 0.596014 0.666583 0.839588 0.522998 0.479871 0.655288 0.513348 0.462061 0.323716 0.290686 0.343515 0.000000 0.366923 0.395730 0.333175 0.406855 0.432342 0.601892 0.921248 0.495995 0.672062 0.853178 0.973025 0.913971 0.822974 0.388755 0.326719 0.569138 0.657623 0.433605 0.452552 0.961026 0.996922 0.622699 0.710012 0.923420 0.805711 0.742091 0.771704 0.465911 0.365692 0.550499 0.541535 0.581077 0.459430 0.971142 0.786331 0.884144 0.794567 0.890943 0.829272 0.901108 0.928945 0.414711 0.408450 0.642662 0.677279 0.506435 0.559510 0.387978 0.378979 0.692325 0.628717 0.705958 0.671560 0.594995 0.603654 0.515929 0.497246 0.581368 0.693062 0.941934 0.686670 0.537270 0.423846 0.450936 0.447277 0.372170 0.409165 0.700629 0.601849 0.571611 0.725964 0.959651 0.856560 0.721999 0.970942 0.724209 0.646549 0.794284 0.743042 0.838908 0.520162 0.652259 0.751380 0.469144 0.425676 0.901235 0.667784 0.567011 0.545659 0.564884 0.589363 0.913439 0.774218 0.630040 0.647065 0.691808 0.531595 0.655706 0.581864 0.763044 0.830277
0.537111 0.396408 0.726386 0.549582 0.831986 0.817579 0.556235 0.436616 0.720177 0.492233 0.518109 0.314616 0.407557 0.312577 0.366923 0.000000 0.357952 0.296495 0.397986 0.357814 0.723132 0.907634 0.405792 0.517191 0.882174 0.994964 0.991034 0.820341 0.361650 0.253048 0.585085 0.501662 0.430497 0.469892 0.995542 0.898393 0.594432 0.700155 0.980856 0.780296 0.716487 0.676085 0.436671 0.389706 0.714703 0.662237 0.693557 0.548058 0.830469 0.971849 0.961923 0.939891 0.975436 0.963686 0.896951 0.922005 0.372976 0.367630 0.713868 0.772400 0.570427 0.541733 0.371366 0.309955 0.852075 0.625298 0.765235 0.701406 0.635077 0.619090 0.440449 0.483940 0.636255 0.704549 0.908357 0.723664 0.515235 0.411041 0.510960 0.473312 0.355145 0.359812 0.578738 0.492092 0.707261 0.650394 0.952383 0.979197 0.901376 0.975781 0.785271 0.696010 0.871396 0.836803 0.871050 0.617061 0.760264 0.706269 0.561589 0.416609 0.818444 0.727165 0.495324 0.398775 0.565225 0.607520 0.966574 0.921845 0.693966 0.616827 0.722972 0.616912 0.690601 0.622479 0.738127 0.863823
0.323514 0.273515 0.677101 0.619211 0.813568 0.885685 0.491451 0.427600 0.577713 0.454836 0.305263 0.247111 0.354732 0.362737 0.395730 0.357952 0.000000 0.181745 0.282452 0.268852 0.721402 0.988887 0.553468 0.751865 0.943120 0.929169 0.983533 0.714168 0.300429 0.241536 0.516595 0.563881 0.351717 0.345786 0.927573 0.855798 0.647529 0.610023 0.922328 0.869049 0.622852 0.727574 0.461317 0.372472 0.591353 0.565636 0.590690 0.586768 0.916919 0.894196 0.870546 0.849897 0.978562 0.921193 0.960881 0.906782 0.228171 0.242119 0.593196 0.625613 0.449974 0.509249 0.254215 0.229199 0.825753 0.671379 0.674669 0.658813 0.383316 0.460152 0.413193 0.380769 0.482785 0.505568 0.880133 0.691707 0.540737 0.460904 0.418865 0.327411 0.232249 0.313424 0.662285 0.575361 0.659934 0.853197 0.925508 0.806451 0.849890 0.955367 0.711525 0.657564 0.794788 0.704796 0.835244 0.676898 0.609508 0.756740 0.462775 0.379657 0.792471 0.687571 0.501989 0.419613 0.597987 0.591150 0.779439 0.800320 0.752865 0.625760 0.648320 0.559927 0.597257 0.601854 0.680520 0.768133
0.322137 0.231455 0.663581 0.584665 0.759233 0.847445 0.457254 0.386551 0.605570 0.447027 0.308671 0.216574 0.301423 0.296298 0.333175 0.296495 0.181745 0.000000 0.237196 0.232456 0.725257 0.998077 0.487033 0.697563 0.960601 0.894337 0.988666 0.695561 0.266123 0.195249 0.536243 0.541504 0.310329 0.327455 0.915671 0.869581 0.617742 0.612065 0.914067 0.877551 0.677992 0.663646 0.408893 0.330465 0.557918 0.528031 0.594143 0.505208 0.911923 0.892847 0.863033 0.846299 0.933972 0.913722 0.922335 0.935796 0.188498 0.209434 0.590106 0.639475 0.427010 0.505846 0.213013 0.195224 0.799501 0.652018 0.650481 0.637055 0.385488 0.468110 0.370286 0.328510 0.501832 0.525639 0.827065 0.739483 0.510274 0.415796 0.379612 0.304532 0.189162 0.256940 0.570569 0.498742 0.590526 0.764883 0.974118 0.854690 0.846906 0.962600 0.681085 0.613171 0.766975 0.705510 0.864589 0.636917 0.589224 0.777053 0.411408 0.325644 0.720693 0.662467 0.445839 0.381714 0.548577 0.555012 0.807262 0.850379 0.723223 0.598675 0.642242 0.486938 0.582039 0.597117 0.635309 0.830825
0.328116 0.352250 0.483907 0.420689 0.644123 0.785266 0.293856 0.309108 0.572883 0.361811 0.332177 0.308238 0.375076 0.424080 0.406855 0.397986 0.282452 0.237196 0.000000 0.239762 0.732984 0.972960 0.379458 0.687402 0.930620 0.991738 0.969791 0.571060 0.367333 0.293844 0.459832 0.456468 0.273250 0.273924 0.818832 0.721766 0.600810 0.630133 0.936341 0.849792 0.795162 0.724984 0.317236 0.300747 0.545708 0.570541 0.531629 0.398259 0.812688 0.952294 0.908957 0.914104 0.956394 0.796050 0.892147 0.968749 0.293447 0.366619 0.536727 0.664270 0.395342 0.573550 0.219470 0.292718 0.648330 0.510196 0.477544 0.485378 0.445735 0.466380 0.295335 0.342290 0.533444 0.546311 0.749574 0.758608 0.538750 0.460348 0.417241 0.413749 0.231818 0.285766 0.612449 0.508308 0.474230 0.696155 0.965576 0.801432 0.833999 0.911562 0.573608 0.530110 0.673375 0.613134 0.940109 0.642628 0.533212 0.727670 0.374327 0.262929 0.721878 0.508590 0.422377 0.384598 0.537116 0.520875 0.820132 0.794465 0.657189 0.654896 0.599388 0.502828 0.561922 0.662115 0.585960 0.851726
0.366367 0.310672 0.635191 0.526948 0.818780 0.813854 0.456873 0.373337 0.566185 0.415773 0.334589 0.275859 0.423276 0.381848 0.432342 0.357814 0.268852 0.232456 0.239762 0.000000 0.729359 0.988967 0.489643 0.699760 0.973136 0.925259 0.943030 0.654354 0.371268 0.278135 0.549484 0.452030 0.362988 0.335215 0.925902 0.730349 0.603411 0.651118 0.920792 0.910437 0.681774 0.797235 0.411389 0.385866 0.653051 0.639121 0.648099 0.548668 0.805679 0.984449 0.946297 0.984214 0.993319 0.912074 0.954906 0.967719 0.277814 0.312349 0.649454 0.737924 0.513081 0.584456 0.265904 0.282159 0.823927 0.681630 0.622715 0.633755 0.420984 0.482678 0.328927 0.374651 0.466020 0.506546 0.842613 0.719339 0.548888 0.442223 0.401765 0.394057 0.263167 0.317016 0.655741 0.527901 0.662046 0.821119 0.980319 0.818787 0.981166 0.883101 0.633126 0.602593 0.743868 0.679028 0.873120 0.696789 0.646102 0.826240 0.426765 0.336092 0.710360 0.602964 0.478496 0.400742 0.597259 0.546724 0.866961 0.835401 0.710140 0.654818 0.630229 0.523355 0.631686 0.612195 0.618795 0.911372
0.746519 0.773794 0.636541 0.600762 0.761524 0.740655 0.629525 0.614697 0.841546 0.627978 0.703634 0.728991 0.682810 0.781971 0.601892 0.723132 0.721402 0.725257 0.732984 0.729359 0.000000 0.699027 0.658281 0.796709 0.681714 0.766216 0.911131 0.982674 0.814188 0.629020 0.670813 0.778587 0.661950 0.596992 0.848314 0.989472 0.743758 0.811506 0.993313 0.917783 0.820567 0.806312 0.688760 0.635713 0.786017 0.734558 0.775056 0.700388 0.924271 0.814976 0.897634 0.862036 0.929456 0.870579 0.701065 0.803845 0.832220 0.822424 0.728002 0.801068 0.670389 0.723382 0.722193 0.726930 0.645683 0.645583 0.681289 0.674874 0.771145 0.821728 0.789316 0.770707 0.682728 0.942673 0.854786 0.994142 0.760321 0.687962 0.696548 0.804807 0.677898 0.648863 0.988356 0.781957 0.736811 0.809586 0.993212 0.878688 0.855077 0.945646 0.714928 0.689736 0.697295 0.746175 0.994250 0.559004 0.929678 0.923492 0.762519 0.709341 0.888990 0.819712 0.693219 0.814606 0.742964 0.601547 0.959312 0.917486 0.706207 0.850422 0.766746 0.780337 0.745916 0.808629 0.859517 0.821098
0.970207 0.970992 0.774424 0.815041 0.810759 0.813294 0.872819 0.847302 0.932850 0.897536 0.970296 0.970102 0.932838 0.977145 0.921248 0.907634 0.988887 0.998077 0.972960 0.988967 0.699027 0.000000 0.823959 0.913594 0.755726 0.745383 0.687370 0.938233 0.956840 0.924605 0.758525 0.955896 0.944344 0.878410 0.945419 0.921556 0.950487 0.868566 0.842514 0.812218 0.937021 0.886701 0.828379 0.809683 0.867681 0.949682 0.924817 0.999157 0.987603 0.917179 0.986060 0.878129 0.915631 0.921297 0.864656 0.854311 0.969677 0.964009 0.890425 0.997961 0.968499 0.984123 0.980674 0.997308 0.824715 0.850991 0.827074 0.887051 0.947171 0.895502 0.858226 0.975874 0.966638 0.892702 0.845818 0.934813 0.908120 0.947628 0.901333 0.969837 0.986220 0.972810 0.947710 0.988905 0.933537 0.937713 0.966087 0.979212 0.832440 0.989487 0.892939 0.907778 0.916608 0.894564 0.933346 0.744529 0.978146 0.954306 0.927935 0.906767 0.928605 0.885905 0.926153 0.849875 0.855026 0.795596 0.962741 0.920842 0.941226 0.976682 0.837868 0.979888 0.967149 0.973896 0.922741 0.863087
0.685783 0.648990 0.472270 0.348166 0.725121 0.734591 0.366998 0.389067 0.751251 0.442209 0.686995 0.585163 0.554128 0.542377 0.495995 0.405792 0.553468 0.487033 0.379458 0.489643 0.658281 0.823959 0.000000 0.364407 0.731248 0.795808 0.904353 0.778634 0.588983 0.430912 0.425548 0.421841 0.446955 0.482698 0.852631 0.725485 0.602679 0.742922 0.838535 0.930987 0.907943 0.671413 0.378693 0.437493 0.716939 0.746235 0.708233 0.561868 0.641596 0.960122 0.892799 0.936937 0.981563 0.733783 0.998429 0.901596 0.610974 0.666835 0.800575 0.949239 0.648398 0.793796 0.508860 0.577452 0.502560 0.490704 0.576070 0.599324 0.833627 0.727460 0.360726 0.513837 0.707853 0.737603 0.721763 0.925419 0.557935 0.566243 0.594922 0.628809 0.456500 0.421973 0.639883 0.564178 0.430730 0.461239 0.808925 0.979700 0.788737 0.955147 0.617556 0.503866 0.679165 0.652305 0.964233 0.526987 0.750463 0.791346 0.626670 0.401859 0.846445 0.558917 0.684802 0.525051 0.694525 0.581370 0.976324 0.847943 0.698705 0.664883 0.707671 0.613639 0.650200 0.716069 0.816884 0.836398
0.992816 0.846307 0.844952 0.620808 0.908601 0.981276 0.768108 0.717573 0.935687 0.785670 0.909432 0.773319 0.821477 0.610833 0.672062 0.517191 0.751865 0.697563 0.687402 0.699760 0.796709 0.913594 0.364407 0.000000 0.713188 0.986308 0.978931 0.843954 0.693936 0.580631 0.777362 0.462285 0.762896 0.777704 0.904302 0.809402 0.745443 0.818599 0.973035 0.996895 0.988288 0.843814 0.718729 0.782934 0.887384 0.884932 0.954091 0.860251 0.547625 0.728091 0.702258 0.728423 0.860172 0.919568 0.783415 0.716348 0.760292 0.832265 0.835771 0.767886 0.998197 0.958416 0.759746 0.773610 0.822125 0.782777 0.963520 0.990062 0.981795 0.897629 0.648081 0.805953 0.821717 0.855532 0.916438 0.962765 0.766150 0.767141 0.742989 0.765022 0.691770 0.590096 0.623623 0.618588 0.706067 0.461989 0.825642 0.724719 0.924225 0.998419 0.972156 0.873656 0.974553 0.966845 0.888092 0.646409 0.991059 0.831003 0.962851 0.682933 0.953360 0.836461 0.877831 0.710999 0.836620 0.871943 0.805551 0.959750 0.796273 0.894225 0.869195 0.844682 0.933352 0.747719 0.869682 0.947321
0.929276 0.995565 0.669371 0.709027 0.890680 0.817293 0.789795 0.839512 0.797159 0.819724 0.990948 0.974038 0.926301 0.968562 0.853178 0.882174 0.943120 0.960601 0.930620 0.973136 0.681714 0.755726 0.731248 0.713188 0.000000 0.529487 0.639583 0.865302 0.953722 0.796071 0.719603 0.885840 0.892639 0.798816 0.771235 0.872416 0.853194 0.937022 0.729890 0.966584 0.843538 0.935737 0.818810 0.839119 0.924416 0.924734 0.881675 0.791172 0.800767 0.906267 0.862598 0.946102 0.918473 0.961011 0.996946 0.961832 0.965106 0.990861 0.933283 0.998955 0.909302 0.989590 0.982497 0.981507 0.590054 0.686340 0.798498 0.794167 0.985467 0.877158 0.924835 0.967451 0.822874 0.994729 0.818451 0.971035 0.784664 0.981605 0.929195 0.955805 0.938347 0.876691 0.996854 0.907739 0.911658 0.754942 0.915650 0.902886 0.858416 0.904041 0.932183 0.889428 0.833508 0.843019 0.974764 0.719979 0.919694 0.873763 0.970145 0.910510 0.999804 0.973748 0.877818 0.948388 0.860010 0.812029 0.849596 0.960053 0.842296 0.889442 0.700502 0.979122 0.998712 0.854205 0.967756 0.666920
0.970791 0.851950 0.488795 0.588578 0.929582 0.610474 0.674463 0.777853 0.854414 0.775336 0.985813 0.909552 0.941438 0.817545 0.973025 0.994964 0.929169 0.894337 0.991738 0.925259 0.766216 0.745383 0.795808 0.986308 0.529487 0.000000 0.663136 0.701206 0.879793 0.981501 0.650518 0.918211 0.844779 0.792320 0.517801 0.794609 0.852662 0.950737 0.687611 0.917865 0.903708 0.976407 0.776392 0.797888 0.823156 0.826164 0.682254 0.726595 0.882690 0.830118 0.998646 0.857530 0.864804 0.957620 0.778412 0.759075 0.795424 0.862835 0.710565 0.798653 0.799978 0.951627 0.966698 0.909747 0.472275 0.555510 0.575141 0.527696 0.998379 0.857183 0.986851 0.951275 0.973694 0.945905 0.621087 0.996336 0.893703 0.912629 0.939418 0.947837 0.989273 0.894328 0.891836 0.995179 0.732835 0.780024 0.929699 0.949647 0.722803 0.705645 0.857935 0.862981 0.747833 0.829601 0.877408 0.966436 0.868800 0.980716 0.987633 0.919000 0.985544 0.839326 0.988673 0.989919 0.921730 0.763077 0.937255 0.954575 0.921461 0.844273 0.920936 0.997467 0.992709 0.966228 0.891488 0.737928
0.918712 0.973927 0.861566 0.894986 0.904837 0.950983 0.971141 0.926504 0.899892 0.887472 0.931522 0.959826 0.981295 0.914118 0.913971 0.991034 0.983533 0.988666 0.969791 0.943030 0.911131 0.687370 0.904353 0.978931 0.639583 0.663136 0.000000 0.782465 0.994028 0.921852 0.746339 0.961440 0.989742 0.947370 0.991050 0.971258 0.980047 0.961004 0.870558 0.951103 0.966447 0.887671 0.923369 0.867892 0.983730 0.962274 0.929533 0.950124 0.916493 0.817835 0.951774 0.919084 0.981227 0.954039 0.987558 0.933011 0.959875 0.966978 0.974997 0.980894 0.969316 0.913851 0.923112 0.911228 0.727369 0.890516 0.972780 0.970879 0.977302 0.819592 0.980070 0.995346 0.991548 0.939972 0.815840 0.979121 0.897180 0.787506 0.915343 0.957556 0.932075 0.958188 0.933893 0.979261 0.942939 0.820197 0.870546 0.936773 0.890027 0.875536 0.804318 0.887779 0.842339 0.936489 0.923481 0.986703 0.837233 0.970591 0.824373 0.908152 0.972788 0.953606 0.880009 0.976997 0.866079 0.971446 0.986679 0.848605 0.884423 0.989526 0.973599 0.990512 0.945459 0.962101 0.993494 0.916128
0.732019 0.776288 0.884612 0.843738 0.828657 0.704544 0.735509 0.800921 0.894224 0.813524 0.723986 0.793928 0.861228 0.779624 0.822974 0.820341 0.714168 0.695561 0.571060 0.654354 0.982674 0.938233 0.778634 0.843954 0.865302 0.701206 0.782465 0.000000 0.721421 0.744082 0.943714 0.795255 0.775284 0.763751 0.993792 0.839354 0.922040 0.848940 0.864075 0.900769 0.990895 0.960910 0.751427 0.780402 0.927845 0.950164 0.998901 0.724619 0.778110 0.903647 0.890199 0.854211 0.910615 0.806599 0.961970 0.834901 0.661664 0.763871 0.934633 0.969372 0.815732 0.867777 0.731340 0.802587 0.968014 0.865513 0.862108 0.894310 0.714438 0.848520 0.735394 0.760951 0.606275 0.642932 0.934185 0.946228 0.925892 0.840890 0.769336 0.675772 0.743767 0.819953 0.842205 0.831110 0.822294 0.960847 0.819883 0.984336 0.921825 0.737490 0.925881 0.879429 0.990095 0.911975 0.945778 0.925403 0.917033 0.953203 0.788579 0.717525 0.982046 0.759719 0.796074 0.740212 0.800935 0.984995 0.947868 0.989754 0.947080 0.919889 0.768619 0.821924 0.875431 0.911655 0.870547 0.839776
0.476945 0.390319 0.753826 0.696692 0.726446 0.894565 0.577413 0.494102 0.630267 0.575767 0.432870 0.332640 0.394180 0.366915 0.388755 0.361650 0.300429 0.266123 0.367333 0.371268 0.814188 0.956840 0.588983 0.693936 0.953722 0.879793 0.994028 0.721421 0.000000 0.288507 0.649293 0.587783 0.413497 0.394575 0.919158 0.919754 0.775615 0.807402 0.979184 0.907493 0.743677 0.712041 0.466240 0.402310 0.604313 0.555164 0.574379 0.484392 0.934525 0.848069 0.880342 0.813682 0.862322 0.898215 0.914936 0.968410 0.325856 0.342645 0.651958 0.677186 0.501279 0.504678 0.334931 0.311912 0.832399 0.652271 0.671672 0.674399 0.484128 0.461227 0.568144 0.559348 0.554733 0.596490 0.898185 0.663607 0.592804 0.463464 0.453865 0.401830 0.299056 0.364350 0.585264 0.506974 0.633298 0.750993 0.849698 0.918065 0.867117 0.974240 0.789421 0.706568 0.862057 0.840058 0.805905 0.671015 0.690813 0.752349 0.529783 0.433464 0.769041 0.631660 0.510616 0.448108 0.585380 0.635608 0.891749 0.964418 0.811860 0.653023 0.590422 0.613637 0.705131 0.626684 0.771665 0.833950
0.415524 0.335992 0.582211 0.480962 0.795093 0.878194 0.429364 0.378954 0.634661 0.426706 0.367477 0.277687 0.355916 0.326975 0.326719 0.253048 0.241536 0.195249 0.293844 0.278135 0.629020 0.924605 0.430912 0.580631 0.796071 0.981501 0.921852 0.744082 0.288507 0.000000 0.461199 0.467573 0.337559 0.318421 0.896805 0.871081 0.589850 0.556763 0.965496 0.849371 0.644206 0.724902 0.349117 0.274071 0.604996 0.520236 0.580169 0.427743 0.860251 0.833076 0.864967 0.829001 0.873699 0.836159 0.948294 0.916161 0.280105 0.302359 0.601169 0.677553 0.440306 0.476037 0.284750 0.254319 0.708475 0.541031 0.620744 0.610691 0.470306 0.455850 0.444224 0.419004 0.448337 0.499668 0.769877 0.706393 0.523739 0.429711 0.363047 0.379344 0.258537 0.285532 0.556835 0.488913 0.601765 0.713995 0.995504 0.936347 0.780233 0.995428 0.755635 0.684201 0.861493 0.779459 0.891620 0.592126 0.701941 0.711501 0.505243 0.371005 0.750723 0.667142 0.514958 0.373380 0.534704 0.518593 0.859424 0.871394 0.647755 0.538923 0.604161 0.568173 0.603300 0.600599 0.690314 0.823202
0.520258 0.626903 0.379128 0.338672 0.726251 0.642758 0.324870 0.368637 0.580600 0.405966 0.571433 0.553261 0.504070 0.655591 0.569138 0.585085 0.516595 0.536243 0.459832 0.549484 0.670813 0.758525 0.425548 0.777362 0.719603 0.650518 0.746339 0.943714 0.649293 0.461199 0.000000 0.566098 0.361574 0.355673 0.644158 0.781967 0.618322 0.684201 0.732434 0.842277 0.763999 0.731577 0.363928 0.344170 0.518775 0.526186 0.569543 0.494453 0.866173 0.797936 0.854391 0.780464 0.793467 0.769965 0.785863 0.753764 0.616895 0.631732 0.506917 0.613726 0.441547 0.646097 0.493680 0.528929 0.475736 0.429724 0.415394 0.415117 0.695741 0.554160 0.518070 0.580998 0.646652 0.735567 0.696939 0.848508 0.616976 0.687160 0.596058 0.632760 0.492385 0.500950 0.797859 0.677928 0.573501 0.745410 0.929845 0.735428 0.564754 0.874244 0.624917 0.584283 0.668967 0.578712 0.868725 0.698546 0.592143 0.750013 0.555837 0.525882 0.685513 0.460368 0.683702 0.612185 0.704678 0.514236 0.839342 0.726131 0.773384 0.645885 0.584122 0.655191 0.592150 0.695036 0.718540 0.807691
0.742238 0.734979 0.667764 0.505544 0.982513 0.871218 0.553838 0.532284 0.825137 0.552463 0.678907 0.633905 0.719267 0.543971 0.657623 0.501662 0.563881 0.541504 0.456468 0.452030 0.778587 0.955896 0.421841 0.462285 0.885840 0.918211 0.961440 0.795255 0.587783 0.467573 0.566098 0.000000 0.551152 0.528935 0.980637 0.666098 0.784432 0.892882 0.966517 0.992534 0.960359 0.900355 0.547400 0.628399 0.958256 0.947440 0.860979 0.666021 0.540078 0.729360 0.807529 0.784175 0.927541 0.881384 0.945404 0.865701 0.611777 0.704119 0.924947 0.989576 0.795453 0.887171 0.517816 0.581795 0.823146 0.724195 0.727582 0.740202 0.838875 0.740247 0.562815 0.687506 0.695747 0.712365 0.839476 0.872805 0.771058 0.617423 0.522385 0.654532 0.474793 0.405140 0.617342 0.542528 0.659808 0.616846 0.958928 0.841398 0.951726 0.963025 0.830441 0.749011 0.872070 0.884208 0.963059 0.627021 0.772300 0.823027 0.812269 0.545853 0.839191 0.620374 0.713873 0.510044 0.810782 0.811815 0.947020 0.941632 0.768735 0.726399 0.684521 0.808485 0.905807 0.726771 0.842882 0.939237
0.289155 0.392773 0.396566 0.354882 0.626372 0.686004 0.263373 0.270197 0.538652 0.389243 0.376237 0.306408 0.322918 0.474483 0.433605 0.430497 0.351717 0.310329 0.273250 0.362988 0.661950 0.944344 0.446955 0.762896 0.892639 0.844779 0.989742 0.775284 0.413497 0.337559 0.361574 0.551152 0.000000 0.213909 0.659853 0.779529 0.514822 0.597722 0.874821 0.774274 0.674803 0.676921 0.333471 0.270965 0.407837 0.401379 0.516445 0.409951 0.963642 0.772397 0.758127 0.708299 0.776808 0.765440 0.713094 0.747130 0.391255 0.380927 0.374391 0.448470 0.280121 0.479963 0.250440 0.279401 0.561172 0.426441 0.367095 0.346716 0.471214 0.391597 0.407208 0.365670 0.598592 0.679433 0.715418 0.921896 0.480041 0.456064 0.429286 0.484558 0.275858 0.280310 0.736148 0.486816 0.457509 0.633128 0.973544 0.770596 0.630259 0.915337 0.515020 0.460827 0.561568 0.527492 0.832259 0.741421 0.598297 0.775407 0.370394 0.385729 0.659919 0.435769 0.443579 0.426661 0.430174 0.484539 0.857785 0.737878 0.763027 0.626355 0.584873 0.498330 0.571289 0.652984 0.638212 0.842473
0.335352 0.431173 0.368255 0.349536 0.638387 0.690077 0.265371 0.279696 0.524856 0.390949 0.357872 0.375110 0.363086 0.530198 0.452552 0.469892 0.345786 0.327455 0.273924 0.335215 0.596992 0.878410 0.482698 0.777704 0.798816 0.792320 0.947370 0.763751 0.394575 0.318421 0.355673 0.528935 0.213909 0.000000 0.576374 0.734906 0.564278 0.610325 0.793205 0.751298 0.690622 0.728048 0.327849 0.275029 0.450648 0.458911 0.485573 0.354541 0.884347 0.777059 0.829110 0.764253 0.801103 0.806019 0.708815 0.746131 0.422439 0.423438 0.386858 0.478113 0.302654 0.487108 0.269006 0.324372 0.497377 0.383311 0.317265 0.319492 0.429042 0.373025 0.448534 0.464505 0.543682 0.662308 0.771392 0.802974 0.529622 0.479792 0.357940 0.468449 0.259667 0.268189 0.741317 0.517305 0.472429 0.659319 0.941804 0.710201 0.669355 0.870024 0.509682 0.499346 0.574771 0.528793 0.854307 0.679107 0.552774 0.691185 0.411141 0.365762 0.661424 0.439295 0.451084 0.388003 0.439014 0.427222 0.860393 0.750202 0.750203 0.600880 0.520433 0.483966 0.547849 0.585818 0.592736 0.792701
0.784758 0.929831 0.524596 0.612811 0.775484 0.636306 0.582132 0.613477 0.685682 0.631492 0.844888 0.957679 0.807901 0.955446 0.961026 0.995542 0.927573 0.915671 0.818832 0.925902 0.848314 0.945419 0.852631 0.904302 0.771235 0.517801 0.991050 0.993792 0.919158 0.896805 0.644158 0.980637 0.659853 0.576374 0.000000 0.722326 0.781975 0.846452 0.640249 0.955498 0.908164 0.982648 0.680698 0.663555 0.551146 0.605658 0.764076 0.653008 0.990971 0.753911 0.845901 0.755829 0.687876 0.923218 0.676464 0.732033 0.969841 0.952104 0.535458 0.614647 0.581706 0.729043 0.831526 0.873219 0.510098 0.498514 0.417720 0.421389 0.807578 0.753511 0.922563 0.951720 0.869699 0.991481 0.814160 0.963845 0.767785 0.907181 0.879793 0.938142 0.789877 0.775526 0.999689 0.908046 0.708864 0.823423 0.908238 0.685632 0.758574 0.789172 0.617150 0.668643 0.566689 0.612148 0.920153 0.979778 0.645966 0.788806 0.716123 0.735771 0.750758 0.687105 0.757900 0.881954 0.739219 0.626629 0.913280 0.759982 0.979206 0.844384 0.742576 0.611799 0.837876 0.884937 0.812272 0.893287
0.874739 0.895223 0.745948 0.762416 0.947493 0.999140 0.735708 0.752383 0.912788 0.801563 0.860159 0.907806 0.978830 0.879638 0.996922 0.898393 0.855798 0.869581 0.721766 0.730349 0.989472 0.921556 0.725485 0.809402 0.872416 0.794609 0.971258 0.839354 0.919754 0.871081 0.781967 0.666098 0.779529 0.734906 0.722326 0.000000 0.884603 0.807547 0.827387 0.946003 0.940262 0.998145 0.748474 0.838594 0.896869 0.974704 0.986650 0.870335 0.801548 0.847701 0.971072 0.961886 0.929347 0.906333 0.925182 0.884653 0.834376 0.907292 0.895233 0.966937 0.858116 0.968006 0.809667 0.867869 0.837129 0.807263 0.703659 0.771771 0.836487 0.837484 0.720376 0.888533 0.879019 0.867498 0.908798 0.968599 0.914739 0.848685 0.955220 0.935594 0.814939 0.829049 0.761771 0.837605 0.855414 0.800798 0.867162 0.987810 0.971005 0.980542 0.909366 0.981745 0.938616 0.924709 0.792791 0.874600 0.859191 0.990841 0.874569 0.793596 0.877643 0.866159 0.939974 0.798119 0.909363 0.876044 0.687249 0.872999 0.968901 0.968660 0.750858 0.785912 0.980336 0.859125 0.834494 0.848926
0.586310 0.620284 0.666071 0.530271 0.868766 0.671703 0.578648 0.563727 0.879048 0.597841 0.724484 0.578086 0.593558 0.736763 0.622699 0.594432 0.647529 0.617742 0.600810 0.603411 0.743758 0.950487 0.602679 0.745443 0.853194 0.852662 0.980047 0.922040 0.775615 0.589850 0.618322 0.784432 0.514822 0.564278 0.781975 0.884603 0.000000 0.550994 0.984950 0.952910 0.710882 0.804126 0.590858 0.586484 0.744206 0.739321 0.820364 0.701318 0.969023 0.924325 0.885083 0.922866 0.978822 0.950602 0.945357 0.987378 0.612307 0.624374 0.708255 0.842594 0.628869 0.671764 0.561906 0.572570 0.745531 0.661635 0.714727 0.697655 0.770251 0.715005 0.498628 0.553663 0.752458 0.801572 0.898433 0.909136 0.691280 0.649925 0.628536 0.813452 0.613828 0.613560 0.861664 0.596985 0.713350 0.780337 0.902372 0.877439 0.915951 0.989956 0.716083 0.667885 0.726533 0.683515 0.802986 0.913878 0.693298 0.719863 0.640576 0.649261 0.842691 0.661990 0.724070 0.708153 0.545986 0.625276 0.927312 0.735182 0.673705 0.793850 0.761118 0.523812 0.720168 0.776280 0.776404 0.908728
0.519691 0.553847 0.724289 0.655775 0.926479 0.952558 0.646208 0.617402 0.952201 0.679963 0.672995 0.603923 0.683107 0.714252 0.710012 0.700155 0.610023 0.612065 0.630133 0.651118 0.811506 0.868566 0.742922 0.818599 0.937022 0.950737 0.961004 0.848940 0.807402 0.556763 0.684201 0.892882 0.597722 0.610325 0.846452 0.807547 0.550994 0.000000 0.974431 0.763977 0.785822 0.892178 0.594652 0.548156 0.684807 0.658830 0.846961 0.762053 0.802345 0.727419 0.636076 0.664874 0.730827 0.685407 0.847360 0.921388 0.570907 0.575430 0.632978 0.714282 0.593363 0.601883 0.567271 0.550037 0.805657 0.722818 0.780379 0.797357 0.622028 0.537604 0.599352 0.570563 0.741119 0.638182 0.836195 0.907334 0.710012 0.764589 0.725137 0.712188 0.682969 0.689595 0.821440 0.709571 0.789910 0.819578 0.952235 0.901182 0.817394 0.848696 0.839386 0.857363 0.953751 0.827447 0.979817 0.834715 0.779108 0.746378 0.661084 0.679456 0.803231 0.844024 0.724239 0.597250 0.662804 0.599954 0.754924 0.702795 0.683897 0.769332 0.781779 0.736656 0.618843 0.766481 0.825892 0.870049
