0.000000 0.236638 0.842812 0.632374 0.933824 0.827383 0.755977 0.610681 0.873091 0.954184 0.335788 0.300227 0.560055 0.645685 0.660773 0.544726 0.325129 0.337980 0.472177 0.418539 0.679175 0.914059 0.842432 0.716415 0.846496 0.927458 0.851654 0.839437 0.513874 0.498783 0.845524 0.903439 0.479327 0.515534 0.918690 0.701999 0.660930 0.640109 0.731938 0.632652 0.519476 0.640155 0.663277 0.576420 0.785903 0.656448 0.404665 0.468255 0.533011 0.545740 0.651242 0.653195 0.868704 0.716532 0.485381 0.561302 0.247957 0.291343 0.312554 0.413431 0.416102 0.444453 0.475449 0.382797 0.743482 0.512472 0.726235 0.663051 0.382234 0.489401 0.843089 0.776615 0.663177 0.654917 0.765733 0.861552 0.786534 0.822102 0.439095 0.420491 0.283812 0.316609 0.613291 0.396165 0.532429 0.556075 0.902243 0.964965 0.669423 0.596525 0.951006 0.863823 0.961214 0.852264 0.631078 0.919187 0.853614 0.885988 0.782997 0.837819 0.982061 0.899798 0.826812 0.772634 0.626692 0.680360 0.961144 0.951614 0.896475 0.866728 0.951755 0.623018 0.845593 0.877834 0.778036 0.990017
0.236638 0.000000 0.802057 0.597240 0.939680 0.825654 0.720416 0.571910 0.818092 0.943687 0.339212 0.288076 0.552494 0.614053 0.641471 0.505657 0.340319 0.352664 0.487843 0.374759 0.684159 0.841571 0.811629 0.690489 0.808895 0.894932 0.872848 0.784850 0.419508 0.500568 0.787855 0.861035 0.434722 0.440758 0.937613 0.690299 0.647242 0.687161 0.683456 0.659898 0.566182 0.603614 0.645994 0.560970 0.752149 0.647068 0.438507 0.456792 0.537657 0.542608 0.592478 0.630978 0.805737 0.799425 0.552967 0.614006 0.240465 0.265833 0.347159 0.410652 0.397954 0.419283 0.496485 0.399737 0.709930 0.517875 0.692959 0.637013 0.363516 0.456086 0.761689 0.683619 0.615522 0.608950 0.770591 0.913683 0.747165 0.745741 0.442863 0.407166 0.328963 0.375977 0.596651 0.426244 0.554559 0.580200 0.946921 0.973606 0.706058 0.637112 0.999760 0.937374 0.971134 0.879730 0.637946 0.838665 0.872362 0.890827 0.730425 0.787936 0.960698 0.918709 0.840383 0.817756 0.619249 0.669463 0.975388 0.937894 0.887981 0.925441 0.912187 0.606369 0.859500 0.852616 0.824856 0.985891
0.842812 0.802057 0.000000 0.316687 0.850691 0.948055 0.609089 0.568625 0.646265 0.988386 0.863477 0.825999 0.662204 0.669379 0.759505 0.636291 0.899815 0.937786 0.664573 0.746652 0.628169 0.967522 0.618921 0.644960 0.418543 0.366878 0.851506 0.896693 0.941918 0.986230 0.565586 0.638536 0.633729 0.743534 0.795412 0.962593 0.624192 0.553132 0.500862 0.678612 0.973151 0.900434 0.556507 0.605039 0.738710 0.681892 0.635617 0.733190 0.761294 0.660007 0.607416 0.608138 0.788200 0.761617 0.828005 0.891083 0.897635 0.983252 0.923314 0.813734 0.840338 0.712595 0.725874 0.775082 0.421330 0.472370 0.634758 0.634910 0.744319 0.623290 0.714141 0.695510 0.698025 0.632597 0.892488 0.799317 0.534643 0.681375 0.620860 0.933955 0.945601 0.987646 0.943529 0.938113 0.824277 0.762481 0.972034 0.900728 0.921024 0.789324 0.721575 0.660935 0.621581 0.630443 0.869072 0.880619 0.776077 0.810470 0.849788 0.760894 0.975288 0.810651 0.938703 0.927531 0.631966 0.795495 0.933674 0.748955 0.877231 0.890206 0.983030 0.865205 0.772974 0.982495 0.715884 0.997626
0.632374 0.597240 0.316687 0.000000 0.804602 0.883388 0.596171 0.459721 0.631106 0.985295 0.659079 0.603694 0.544461 0.455688 0.587368 0.492803 0.911928 0.828332 0.569700 0.545811 0.545468 0.931101 0.515443 0.497022 0.431425 0.376909 0.777366 0.847877 0.769947 0.820968 0.552433 0.615871 0.477791 0.613378 0.810805 0.910807 0.524434 0.526062 0.445105 0.659367 0.861752 0.877006 0.515718 0.494100 0.682321 0.616897 0.577537 0.659149 0.617607 0.476148 0.500853 0.503063 0.667911 0.800314 0.695527 0.750415 0.695203 0.766630 0.806156 0.720461 0.718799 0.597591 0.938325 0.993486 0.366617 0.384480 0.630355 0.646853 0.556541 0.399720 0.684389 0.648737 0.786029 0.662796 0.830058 0.767116 0.584987 0.675083 0.453477 0.740505 0.841206 0.784092 0.804289 0.750941 0.646592 0.582946 0.961937 0.973616 0.787367 0.641095 0.779563 0.721163 0.636315 0.669566 0.719351 0.793449 0.826778 0.886381 0.786324 0.762829 0.934321 0.839344 0.868099 0.952761 0.540640 0.644946 0.979748 0.892270 0.948884 0.900223 0.851144 0.882023 0.803319 0.990021 0.637811 0.984871
0.933824 0.939680 0.850691 0.804602 0.000000 0.928427 0.955286 0.876103 0.838275 0.974004 0.940990 0.892317 0.728225 0.932222 0.771189 0.858718 0.943210 0.964783 0.961480 0.965435 0.941395 0.829654 0.964907 0.921053 0.838905 0.715485 0.916165 0.895306 0.957534 0.888055 0.862634 0.872695 0.974137 0.888813 0.777133 0.952136 0.795582 0.934576 0.847856 0.936245 0.956815 0.886367 0.830990 0.823328 0.874494 0.876124 0.975379 0.835574 0.944174 0.922944 0.913697 0.966981 0.929073 0.948071 0.947624 0.905013 0.996419 0.940462 0.956465 0.973773 0.849572 0.924381 0.888524 0.876450 0.900771 0.983763 0.858681 0.778565 0.883620 0.878252 0.812811 0.842250 0.810981 0.904896 0.937036 0.970042 0.846548 0.980902 0.861648 0.889187 0.912551 0.967223 0.965299 0.945944 0.982749 0.937086 0.751843 0.828115 0.830932 0.964327 0.976322 0.863604 0.884061 0.927152 0.901386 0.829951 0.957614 0.971100 0.943548 0.942180 0.808403 0.932733 0.987154 0.953653 0.909784 0.898501 0.959368 0.893990 0.995372 0.898525 0.991844 0.955914 0.881185 0.987829 0.972378 0.864766
0.827383 0.825654 0.948055 0.883388 0.928427 0.000000 0.660420 0.558250 0.752550 0.594630 0.876768 0.690220 0.797177 0.909485 0.951703 0.719922 0.769552 0.899812 0.696177 0.794996 0.828041 0.959961 0.902640 0.871252 0.808241 0.978725 0.583747 0.904413 0.804279 0.793090 0.868824 0.752612 0.753289 0.723328 0.811975 0.730982 0.996480 0.878813 0.998239 0.926505 0.891463 0.937526 0.894354 0.977718 0.934363 0.817283 0.983551 0.821699 0.850237 0.838408 0.941675 0.909283 0.948125 0.963270 0.878960 0.945744 0.967772 0.996201 0.897792 0.970560 0.716712 0.659987 0.999232 0.934930 0.801649 0.757172 0.951013 0.779642 0.944390 0.842115 0.556308 0.580062 0.641874 0.688270 0.905581 0.955739 0.771108 0.799576 0.899757 0.864983 0.973449 0.999606 0.762909 0.903229 0.794922 0.847908 0.783261 0.748767 0.797017 0.703309 0.547225 0.598157 0.582870 0.712414 0.823922 0.932051 0.730097 0.806413 0.546307 0.735511 0.735203 0.830171 0.765402 0.890399 0.907448 0.989357 0.994832 0.920734 0.824074 0.952947 0.935141 0.731779 0.729072 0.929005 0.965179 0.930611
0.755977 0.720416 0.609089 0.596171 0.955286 0.660420 0.000000 0.321381 0.386310 0.529062 0.651408 0.696087 0.755540 0.834200 0.719485 0.489356 0.673881 0.650314 0.344965 0.586356 0.712027 0.891910 0.629591 0.810290 0.969026 0.814290 0.754660 0.848370 0.560266 0.513921 0.311472 0.333243 0.329141 0.337399 0.987204 0.971559 0.867196 0.799526 0.831457 0.928545 0.961527 0.939559 0.445910 0.498820 0.440815 0.600344 0.798230 0.814825 0.774725 0.853550 0.633789 0.718293 0.625719 0.650224 0.919876 0.911524 0.663891 0.923679 0.860830 0.910688 0.537301 0.830159 0.819268 0.810575 0.862770 0.836256 0.361396 0.450636 0.907433 0.875249 0.516133 0.441985 0.488115 0.485806 0.979142 0.821106 0.566660 0.496040 0.619098 0.667492 0.813438 0.864684 0.847137 0.971556 0.938729 0.939216 0.882973 0.932234 0.847131 0.928353 0.532879 0.556447 0.595808 0.670905 0.633420 0.661673 0.654194 0.655781 0.424640 0.441377 0.769151 0.510153 0.635750 0.770005 0.627361 0.854976 0.826397 0.809147 0.770696 0.994567 0.874300 0.648003 0.443063 0.860626 0.699226 0.987913
0.610681 0.571910 0.568625 0.459721 0.876103 0.558250 0.321381 0.000000 0.421306 0.479574 0.542871 0.472657 0.689288 0.643111 0.762641 0.479235 0.630418 0.621435 0.355274 0.435364 0.706368 0.894855 0.765012 0.820450 0.880001 0.722566 0.759760 0.905426 0.553047 0.515647 0.421764 0.453060 0.377418 0.347166 0.983959 0.848427 0.728395 0.708956 0.736107 0.749918 0.785195 0.812575 0.456441 0.510634 0.562133 0.671155 0.733033 0.784710 0.798764 0.792337 0.616882 0.690808 0.724355 0.780781 0.867838 0.800576 0.618233 0.815444 0.746225 0.893814 0.511568 0.513833 0.861647 0.779483 0.833583 0.599552 0.484577 0.494390 0.776590 0.762702 0.381018 0.323605 0.478988 0.432171 0.876717 0.804463 0.491860 0.558586 0.482518 0.648153 0.752073 0.836952 0.981650 0.922667 0.995408 0.945324 0.755391 0.791024 0.920048 0.974835 0.466579 0.510564 0.459413 0.629780 0.655923 0.710643 0.559885 0.683756 0.413309 0.445651 0.663657 0.602287 0.534348 0.698889 0.553461 0.737129 0.888257 0.831892 0.838103 0.982329 0.947540 0.598875 0.528865 0.812149 0.640584 0.958478
0.873091 0.818092 0.646265 0.631106 0.838275 0.752550 0.386310 0.421306 0.000000 0.459797 0.767859 0.706923 0.795317 0.821066 0.801940 0.560749 0.799283 0.768304 0.522701 0.573364 0.736243 0.972170 0.720037 0.903453 0.985895 0.691455 0.820599 0.835375 0.617618 0.660655 0.369898 0.416135 0.500168 0.481506 0.928125 0.959570 0.780001 0.857568 0.727551 0.848339 0.951447 0.860189 0.462300 0.510753 0.485783 0.639621 0.913885 0.853384 0.795121 0.826172 0.647769 0.704141 0.640712 0.563202 0.887776 0.954230 0.759336 0.922216 0.921756 0.769286 0.765778 0.817530 0.981864 0.956567 0.848237 0.908617 0.561820 0.709679 0.956091 0.886580 0.440543 0.450270 0.594342 0.579730 0.979256 0.767254 0.484411 0.453877 0.673110 0.777299 0.984659 0.901977 0.917803 0.933988 0.877348 0.924823 0.709868 0.785521 0.785646 0.904370 0.451188 0.452722 0.500730 0.506637 0.753072 0.737544 0.741500 0.649151 0.483770 0.390973 0.678726 0.485570 0.584430 0.721964 0.708032 0.902548 0.850706 0.752555 0.833447 0.921642 0.871780 0.592179 0.647726 0.970170 0.747572 0.983094
0.954184 0.943687 0.988386 0.985295 0.974004 0.594630 0.529062 0.479574 0.459797 0.000000 0.776827 0.718697 0.991639 0.958644 0.954604 0.738623 0.695176 0.707000 0.609876 0.616898 0.955880 0.924259 0.921970 0.783054 0.670342 0.939393 0.634611 0.658863 0.585869 0.556771 0.596753 0.608081 0.696830 0.565715 0.932545 0.975331 0.993178 0.956147 0.870226 0.994152 0.991675 0.893007 0.723405 0.808290 0.705564 0.916540 0.806364 0.846120 0.916896 0.792542 0.974791 0.926802 0.866846 0.717913 0.752860 0.878755 0.875461 0.887456 0.889937 0.662686 0.743437 0.821600 0.875715 0.850452 0.678435 0.911549 0.741442 0.786927 0.848790 0.772823 0.389807 0.402110 0.545803 0.555476 0.912792 0.824944 0.652638 0.587143 0.813087 0.887119 0.976474 0.838916 0.832975 0.750811 0.540181 0.590919 0.651689 0.672755 0.738491 0.678310 0.364408 0.434079 0.486083 0.556043 0.860961 0.740339 0.666934 0.673402 0.392206 0.471133 0.548398 0.537742 0.435907 0.561192 0.823594 0.947310 0.932092 0.835225 0.761914 0.908926 0.693689 0.580075 0.589009 0.995140 0.850279 0.989510
0.335788 0.339212 0.863477 0.659079 0.940990 0.876768 0.651408 0.542871 0.767859 0.776827 0.000000 0.327482 0.625119 0.655162 0.680855 0.602210 0.312673 0.256261 0.403277 0.387793 0.776856 0.988251 0.897860 0.782912 0.966433 0.969548 0.927026 0.943198 0.340312 0.320446 0.760623 0.815120 0.473751 0.405656 0.893122 0.708169 0.728762 0.756325 0.745725 0.793828 0.617496 0.692080 0.766558 0.691753 0.777378 0.742605 0.590128 0.644680 0.743353 0.766415 0.771977 0.850230 0.940225 0.781559 0.664735 0.723322 0.330172 0.348081 0.476419 0.557090 0.337558 0.496774 0.373419 0.315462 0.905607 0.628853 0.693903 0.683522 0.491973 0.537431 0.802024 0.686967 0.614476 0.629412 0.832788 0.807413 0.814218 0.805590 0.417178 0.451315 0.378324 0.388810 0.674573 0.508597 0.743759 0.720777 0.994781 0.955301 0.826697 0.709215 0.979465 0.950158 0.997763 0.914583 0.650429 0.827150 0.876040 0.846992 0.758577 0.847844 0.999407 0.899829 0.788206 0.687007 0.695420 0.758888 0.813260 0.891101 0.920565 0.871498 0.942776 0.632730 0.784858 0.981797 0.764008 0.927139
0.300227 0.288076 0.825999 0.603694 0.892317 0.690220 0.696087 0.472657 0.706923 0.718697 0.327482 0.000000 0.454987 0.493853 0.586688 0.419081 0.340741 0.376363 0.455528 0.368270 0.720730 0.901345 0.851530 0.727546 0.949299 0.921453 0.927957 0.936033 0.400259 0.422405 0.776213 0.800787 0.461099 0.455902 0.889599 0.690818 0.679174 0.723824 0.745717 0.688427 0.607978 0.634394 0.674410 0.619250 0.767154 0.698300 0.510230 0.604703 0.630788 0.623841 0.636379 0.676864 0.793544 0.884844 0.634297 0.684601 0.362054 0.399660 0.487604 0.543850 0.349585 0.322522 0.517072 0.421315 0.826623 0.497096 0.796512 0.738383 0.500044 0.580893 0.647970 0.598472 0.632964 0.590444 0.739489 0.850756 0.706594 0.722168 0.443254 0.459383 0.393929 0.476085 0.718527 0.520806 0.749331 0.669699 0.920984 0.907154 0.703613 0.733401 0.795882 0.888045 0.806928 0.973732 0.690827 0.833563 0.805681 0.875288 0.676498 0.740606 0.887248 0.895607 0.693271 0.663676 0.631969 0.716387 0.874290 0.966478 0.859852 0.934029 0.958135 0.586188 0.862469 0.914632 0.757413 0.972327
0.560055 0.552494 0.662204 0.544461 0.728225 0.797177 0.755540 0.689288 0.795317 0.991639 0.625119 0.454987 0.000000 0.373041 0.313372 0.312506 0.765744 0.789962 0.609563 0.623348 0.773996 0.958621 0.484971 0.405904 0.737815 0.795822 0.694218 0.870663 0.738712 0.738966 0.867994 0.842020 0.550315 0.715745 0.913044 0.761395 0.730853 0.751877 0.674496 0.737946 0.908862 0.746020 0.738676 0.680181 0.820561 0.711318 0.540469 0.694650 0.560468 0.504426 0.491320 0.477235 0.606460 0.834452 0.700517 0.662384 0.654938 0.646299 0.711815 0.658966 0.519691 0.500324 0.832858 0.797683 0.514452 0.441875 0.962241 0.940787 0.699532 0.603021 0.937487 0.903821 0.970502 0.870126 0.811701 0.814657 0.655584 0.813844 0.619152 0.584624 0.684263 0.625068 0.649707 0.556221 0.549085 0.444981 0.883896 0.768603 0.565802 0.680054 0.902971 0.919855 0.925680 0.896792 0.782244 0.928130 0.995987 0.889851 0.866978 0.873583 0.859346 0.908845 0.966074 0.999089 0.791223 0.808644 0.909321 0.996216 0.995293 0.959969 0.874779 0.793738 0.831452 0.964638 0.653467 0.969199
0.645685 0.614053 0.669379 0.455688 0.932222 0.909485 0.834200 0.643111 0.821066 0.958644 0.655162 0.493853 0.373041 0.000000 0.352578 0.364643 0.851264 0.769900 0.628595 0.546354 0.835610 0.920031 0.471334 0.385533 0.699590 0.735538 0.661396 0.829243 0.693174 0.729906 0.842440 0.816697 0.579337 0.769681 0.969207 0.773832 0.715767 0.714960 0.731108 0.723173 0.870910 0.855703 0.714972 0.638479 0.758594 0.665067 0.645085 0.695784 0.577293 0.472168 0.562890 0.492238 0.615525 0.788377 0.740082 0.757813 0.718984 0.715275 0.852547 0.753485 0.721175 0.583757 0.938214 0.868331 0.512726 0.484783 0.957232 0.963339 0.711324 0.604549 0.877739 0.842584 0.996425 0.895514 0.875556 0.795797 0.674899 0.838606 0.559043 0.696751 0.808396 0.754346 0.654187 0.633616 0.669136 0.530715 0.960328 0.864009 0.666928 0.533859 0.933537 0.946264 0.871806 0.864093 0.891167 0.830738 0.955579 0.979732 0.872505 0.880752 0.953826 0.938486 0.858184 0.936348 0.782349 0.787305 0.903023 0.908067 0.970147 0.968504 0.848018 0.925171 0.948081 0.984664 0.685083 0.958352
0.660773 0.641471 0.759505 0.587368 0.771189 0.951703 0.719485 0.762641 0.801940 0.954604 0.680855 0.586688 0.313372 0.352578 0.000000 0.310488 0.806826 0.733455 0.602624 0.621380 0.790739 0.985224 0.311370 0.319160 0.766185 0.828824 0.578962 0.855134 0.707676 0.651590 0.719540 0.780388 0.523973 0.741867 0.984021 0.868482 0.757504 0.779649 0.739826 0.866042 0.983258 0.873263 0.704300 0.575559 0.636849 0.559115 0.639341 0.666535 0.482149 0.436872 0.451173 0.424204 0.453882 0.685293 0.641897 0.716857 0.632942 0.694504 0.827191 0.849101 0.617170 0.722402 0.770797 0.756086 0.495023 0.659242 0.904191 0.981198 0.743914 0.626681 0.967575 0.964087 0.923173 0.995551 0.878789 0.843710 0.768931 0.784062 0.710032 0.621773 0.673293 0.636695 0.491449 0.560459 0.502265 0.427915 0.804152 0.669786 0.621509 0.598902 0.978024 0.934842 0.943426 0.972010 0.796991 0.842779 0.909528 0.993371 0.901142 0.839184 0.825180 0.826835 0.959071 0.953056 0.811958 0.903188 0.960306 0.925579 0.975124 0.975762 0.889474 0.874484 0.858749 0.977847 0.689942 0.968507
0.544726 0.505657 0.636291 0.492803 0.858718 0.719922 0.489356 0.479235 0.560749 0.738623 0.602210 0.419081 0.312506 0.364643 0.310488 0.000000 0.646674 0.632220 0.426050 0.432004 0.692459 0.918073 0.399917 0.441939 0.778381 0.756725 0.851396 0.963719 0.582583 0.567322 0.532960 0.561294 0.349508 0.491370 0.954583 0.844432 0.706672 0.664001 0.703830 0.718082 0.876939 0.791277 0.486602 0.454841 0.530191 0.522563 0.591235 0.631227 0.500038 0.511536 0.418664 0.435066 0.465952 0.673933 0.718697 0.706286 0.522612 0.700543 0.765688 0.868099 0.490484 0.540674 0.827942 0.753399 0.549240 0.550032 0.742145 0.769937 0.689718 0.690789 0.673911 0.611739 0.761430 0.668821 0.850795 0.743159 0.537444 0.568187 0.540289 0.541476 0.662122 0.706689 0.593648 0.645712 0.660595 0.580645 0.975984 0.970238 0.752693 0.748471 0.701420 0.750670 0.741738 0.780845 0.679349 0.705743 0.871648 0.853344 0.599154 0.569998 0.897867 0.695262 0.708786 0.809941 0.636405 0.768658 0.929375 0.877611 0.819432 0.917942 0.963897 0.655903 0.638464 0.893939 0.598510 0.910618
0.325129 0.340319 0.899815 0.911928 0.943210 0.769552 0.673881 0.630418 0.799283 0.695176 0.312673 0.340741 0.765744 0.851264 0.806826 0.646674 0.000000 0.211456 0.454997 0.431773 0.791088 0.859637 0.941305 0.979220 0.760820 0.806477 0.889453 0.996792 0.326306 0.311632 0.817635 0.852725 0.543760 0.425619 0.799992 0.712902 0.807601 0.858851 0.943978 0.843143 0.597771 0.708477 0.793342 0.712371 0.791015 0.791089 0.662825 0.652748 0.766571 0.874227 0.876619 0.959057 0.991176 0.699194 0.707663 0.766397 0.288003 0.356226 0.438435 0.656479 0.370613 0.567711 0.299754 0.253129 0.873449 0.816775 0.706371 0.691560 0.559922 0.755120 0.734416 0.642010 0.554020 0.601884 0.875675 0.942428 0.886044 0.812400 0.516431 0.455672 0.318819 0.405746 0.666250 0.572795 0.832412 0.873453 0.993863 0.979903 0.868857 0.887004 0.947016 0.930676 0.975738 0.836612 0.650401 0.867122 0.835906 0.806135 0.683108 0.753313 0.895887 0.973402 0.713450 0.577829 0.762948 0.728145 0.950051 0.992456 0.738397 0.970905 0.908311 0.546461 0.830916 0.893741 0.924141 0.987930
0.337980 0.352664 0.937786 0.828332 0.964783 0.899812 0.650314 0.621435 0.768304 0.707000 0.256261 0.376363 0.789962 0.769900 0.733455 0.632220 0.211456 0.000000 0.414237 0.382206 0.794536 0.949600 0.945376 0.889660 0.801980 0.844355 0.993059 0.992647 0.292643 0.258882 0.766870 0.804673 0.493572 0.387413 0.886710 0.763383 0.786167 0.810204 0.910527 0.859378 0.575633 0.696867 0.779876 0.675677 0.723030 0.715294 0.673123 0.628912 0.732605 0.820656 0.834815 0.903765 0.906658 0.751974 0.710466 0.812191 0.268380 0.334450 0.483582 0.683357 0.374090 0.619398 0.273961 0.232324 0.964667 0.819751 0.671687 0.684895 0.532332 0.647884 0.786789 0.667329 0.601705 0.644047 0.910473 0.905528 0.928623 0.785453 0.500289 0.440548 0.326103 0.406929 0.590624 0.533209 0.780466 0.822388 0.978409 0.942193 0.902208 0.806041 0.982035 0.890673 0.940500 0.838594 0.625943 0.807203 0.901065 0.883375 0.710880 0.764399 0.925291 0.949997 0.747976 0.611260 0.728888 0.751761 0.905830 0.909686 0.836817 0.980674 0.942447 0.578371 0.824507 0.929432 0.845535 0.910325
0.472177 0.487843 0.664573 0.569700 0.961480 0.696177 0.344965 0.355274 0.522701 0.609876 0.403277 0.455528 0.609563 0.628595 0.602624 0.426050 0.454997 0.414237 0.000000 0.389155 0.747240 0.978953 0.662339 0.728184 0.992322 0.892081 0.936444 0.925891 0.379797 0.345752 0.499867 0.515555 0.353773 0.326278 0.868032 0.829617 0.834552 0.781425 0.750535 0.892510 0.760278 0.804363 0.573460 0.578471 0.579450 0.640092 0.649269 0.703730 0.712872 0.756142 0.698966 0.733379 0.759787 0.913428 0.787771 0.813070 0.491914 0.651870 0.643571 0.809958 0.393938 0.628994 0.636963 0.591012 0.848756 0.647345 0.527041 0.582024 0.713701 0.724182 0.599533 0.495234 0.522661 0.481964 0.915417 0.816586 0.618540 0.597706 0.450375 0.536584 0.595060 0.623471 0.759482 0.705681 0.820672 0.826459 0.883031 0.975514 0.970056 0.912366 0.708520 0.805918 0.757018 0.850478 0.604365 0.718026 0.756863 0.786178 0.566606 0.557158 0.924457 0.726174 0.715577 0.732315 0.682031 0.822067 0.994873 0.948307 0.828443 0.943455 0.965060 0.616267 0.637736 0.971202 0.660350 0.955014
0.418539 0.374759 0.746652 0.545811 0.965435 0.794996 0.586356 0.435364 0.573364 0.616898 0.387793 0.368270 0.623348 0.546354 0.621380 0.432004 0.431773 0.382206 0.389155 0.000000 0.673468 0.967413 0.737142 0.720263 0.893555 0.832334 0.973471 0.942504 0.386379 0.431558 0.603070 0.653757 0.445658 0.396539 0.969119 0.736591 0.686526 0.685701 0.733971 0.783019 0.696915 0.715609 0.557075 0.508509 0.637585 0.649640 0.666596 0.673210 0.664984 0.665280 0.668625 0.696961 0.738789 0.958757 0.789522 0.785540 0.382533 0.558343 0.689523 0.797700 0.519707 0.542896 0.656272 0.569923 0.798937 0.644711 0.710802 0.722852 0.608190 0.638520 0.544690 0.489981 0.603760 0.548115 0.910637 0.878020 0.615822 0.639194 0.462945 0.556579 0.608268 0.669645 0.717977 0.720056 0.847624 0.849742 0.915686 0.980688 0.945367 0.750909 0.772742 0.816326 0.790229 0.831099 0.682986 0.799407 0.849645 0.816982 0.598058 0.574034 0.825607 0.846173 0.705721 0.694819 0.599187 0.706017 0.974444 0.995260 0.898055 0.932873 0.989593 0.556493 0.713357 0.949099 0.750130 0.949933
0.679175 0.684159 0.628169 0.545468 0.941395 0.828041 0.712027 0.706368 0.736243 0.955880 0.776856 0.720730 0.773996 0.835610 0.790739 0.692459 0.791088 0.794536 0.747240 0.673468 0.000000 0.883936 0.777278 0.824512 0.780731 0.689473 0.872096 0.854370 0.847728 0.813488 0.668221 0.836131 0.669204 0.724256 0.896054 0.923446 0.568546 0.801326 0.621954 0.707773 0.918113 0.831201 0.659004 0.650743 0.780470 0.794693 0.660828 0.704608 0.778968 0.778887 0.801872 0.786539 0.882665 0.988493 0.846812 0.919579 0.715084 0.767160 0.755179 0.804553 0.757184 0.690138 0.984459 0.904120 0.692187 0.679924 0.667893 0.630403 0.687281 0.640159 0.743794 0.776978 0.747480 0.691992 0.874920 0.846706 0.789228 0.688880 0.698003 0.743176 0.796227 0.815169 0.913978 0.869746 0.815029 0.764999 0.950486 0.917223 0.937739 0.876945 0.815548 0.823198 0.807992 0.831694 0.773498 0.906046 0.817326 0.859335 0.773451 0.733896 0.803171 0.891342 0.803386 0.741023 0.612682 0.696385 0.889653 0.984254 0.784361 0.926461 0.957400 0.849417 0.858209 0.988521 0.843143 0.861637
0.914059 0.841571 0.967522 0.931101 0.829654 0.959961 0.891910 0.894855 0.972170 0.924259 0.988251 0.901345 0.958621 0.920031 0.985224 0.918073 0.859637 0.949600 0.978953 0.967413 0.883936 0.000000 0.952530 0.936165 0.871253 0.933040 0.971980 0.976164 0.988282 0.932912 0.878687 0.838205 0.891143 0.836326 0.878638 0.995642 0.732641 0.853393 0.905370 0.898091 0.896188 0.987134 0.830942 0.876234 0.880787 0.904222 0.865404 0.797224 0.969020 0.964460 0.891793 0.919227 0.932814 0.987982 0.915540 0.991708 0.852997 0.897205 0.882472 0.983680 0.958511 0.987853 0.973236 0.941999 0.911227 0.993591 0.836106 0.874574 0.955361 0.915786 0.804966 0.925608 0.929085 0.920313 0.775742 0.947140 0.976578 0.969571 0.966657 0.810307 0.879121 0.877209 0.930100 0.893231 0.855969 0.905595 0.965574 0.961227 0.967214 0.924274 0.954611 0.883902 0.900518 0.998306 0.998999 0.938641 0.989183 0.999447 0.920425 0.900267 0.840903 0.983342 0.891477 0.823777 0.886953 0.962833 0.942646 0.922742 0.755271 0.974200 0.949123 0.905398 0.973553 0.940804 0.981427 0.961399
0.842432 0.811629 0.618921 0.515443 0.964907 0.902640 0.629591 0.765012 0.720037 0.921970 0.897860 0.851530 0.484971 0.471334 0.311370 0.399917 0.941305 0.945376 0.662339 0.737142 0.777278 0.952530 0.000000 0.286990 0.627444 0.652283 0.585208 0.769941 0.871744 0.866962 0.624609 0.667099 0.526595 0.767557 0.837250 0.919663 0.808734 0.787524 0.729886 0.867589 0.910929 0.986547 0.543489 0.478868 0.471841 0.435337 0.681822 0.643652 0.449988 0.404634 0.400000 0.326582 0.326487 0.471683 0.735625 0.751413 0.797776 0.929963 0.994074 0.998761 0.853466 0.966977 0.957519 0.953026 0.376599 0.756143 0.752183 0.886766 0.856860 0.669029 0.977197 0.967419 0.906140 0.978062 0.867272 0.840451 0.671445 0.705045 0.787146 0.768941 0.905161 0.853568 0.568912 0.721534 0.484418 0.443000 0.845738 0.714958 0.727561 0.615185 0.951312 0.933550 0.961409 0.910007 0.854132 0.763055 0.904235 0.953099 0.841538 0.715156 0.876038 0.790790 0.965128 0.957021 0.722723 0.877058 0.877044 0.938335 0.954483 0.959426 0.901514 0.918623 0.706996 0.995928 0.641327 0.933933
0.716415 0.690489 0.644960 0.497022 0.921053 0.871252 0.810290 0.820450 0.903453 0.783054 0.782912 0.727546 0.405904 0.385533 0.319160 0.441939 0.979220 0.889660 0.728184 0.720263 0.824512 0.936165 0.286990 0.000000 0.549021 0.697317 0.551242 0.772454 0.866571 0.866041 0.833337 0.825398 0.622147 0.797609 0.895569 0.955949 0.729641 0.750307 0.690701 0.833134 0.992389 0.925339 0.646306 0.542217 0.600007 0.490292 0.590621 0.582080 0.424739 0.350599 0.418057 0.363492 0.445233 0.650632 0.672693 0.684704 0.721724 0.761219 0.854340 0.782119 0.813150 0.834365 0.974680 0.952602 0.372901 0.633205 0.840044 0.973339 0.752951 0.591722 0.904902 0.940795 0.895833 0.905607 0.813002 0.890913 0.696431 0.811584 0.741668 0.693146 0.766476 0.699102 0.529330 0.548908 0.439774 0.340662 0.813666 0.678385 0.607304 0.479800 0.897994 0.925962 0.930165 0.972392 0.818706 0.822787 0.874195 0.987654 0.975764 0.854501 0.795083 0.931934 0.997098 0.986134 0.761349 0.818616 0.987200 0.988414 0.974478 0.940613 0.806724 0.963272 0.855776 0.955835 0.692779 0.990545
0.846496 0.808895 0.418543 0.431425 0.838905 0.808241 0.969026 0.880001 0.985895 0.670342 0.966433 0.949299 0.737815 0.699590 0.766185 0.778381 0.760820 0.801980 0.992322 0.893555 0.780731 0.871253 0.627444 0.549021 0.000000 0.401092 0.670792 0.774656 0.817333 0.711573 0.803764 0.871848 0.793373 0.977283 0.781846 0.960424 0.629457 0.579082 0.618516 0.665262 0.908380 0.947000 0.631812 0.623490 0.835132 0.694956 0.636129 0.646526 0.622396 0.486839 0.544407 0.516844 0.742134 0.807242 0.680480 0.776829 0.878085 0.926368 0.920808 0.743105 0.919818 0.841510 0.670716 0.737366 0.317855 0.550996 0.837681 0.863988 0.668272 0.541652 0.936545 0.990086 0.957781 0.928402 0.682430 0.873162 0.696016 0.819794 0.818615 0.942336 0.993962 0.950363 0.888846 0.822861 0.598579 0.583239 0.866078 0.989811 0.738997 0.628853 0.997555 0.902628 0.821508 0.798199 0.946115 0.942732 0.937143 0.983168 0.962341 0.986230 0.922002 0.932582 0.940047 0.800802 0.592980 0.779959 0.930626 0.841898 0.815275 0.860599 0.889276 0.920467 0.929568 0.906776 0.813474 0.915473
0.927458 0.894932 0.366878 0.376909 0.715485 0.978725 0.814290 0.722566 0.691455 0.939393 0.969548 0.921453 0.795822 0.735538 0.828824 0.756725 0.806477 0.844355 0.892081 0.832334 0.689473 0.933040 0.652283 0.697317 0.401092 0.000000 0.835452 0.822635 0.941083 0.836147 0.705572 0.730745 0.730325 0.907015 0.640808 0.965718 0.574655 0.687102 0.567678 0.665299 0.964021 0.977082 0.596976 0.654245 0.802961 0.741895 0.740823 0.766790 0.767590 0.597582 0.608747 0.610129 0.803821 0.784611 0.883400 0.902716 0.994160 0.949764 0.927018 0.918655 0.956074 0.810583 0.660714 0.697953 0.433746 0.576328 0.775093 0.783913 0.754936 0.627989 0.753115 0.775828 0.882850 0.791001 0.839145 0.801392 0.609080 0.723596 0.799955 0.995063 0.884487 0.895718 0.979864 0.994388 0.819657 0.779546 0.872910 0.863599 0.977224 0.765282 0.740952 0.676930 0.612808 0.663136 0.832995 0.933166 0.793906 0.835095 0.886408 0.795198 0.953514 0.946110 0.938405 0.956490 0.589217 0.771657 0.867441 0.707822 0.926819 0.842593 0.908214 0.924384 0.888420 0.903680 0.741185 0.957838
0.851654 0.872848 0.851506 0.777366 0.916165 0.583747 0.754660 0.759760 0.820599 0.634611 0.927026 0.927957 0.694218 0.661396 0.578962 0.851396 0.889453 0.993059 0.936444 0.973471 0.872096 0.971980 0.585208 0.551242 0.670792 0.835452 0.000000 0.693809 0.980464 0.955081 0.908665 0.813413 0.992419 0.857804 0.848935 0.895152 0.795831 0.787697 0.855916 0.869404 0.993701 0.914100 0.983354 0.867585 0.930560 0.764831 0.787049 0.709815 0.649748 0.579230 0.768565 0.666946 0.683947 0.881673 0.698012 0.860520 0.889372 0.815326 0.963633 0.798183 0.948017 0.990780 0.997237 0.998002 0.510713 0.850371 0.890400 0.768851 0.755849 0.594268 0.680505 0.661896 0.713466 0.773840 0.799645 0.862556 0.984649 0.965899 0.928821 0.863010 0.866564 0.781678 0.606210 0.664440 0.545951 0.509972 0.703915 0.724158 0.551125 0.602964 0.707158 0.724492 0.748284 0.846369 0.940994 0.991101 0.724945 0.724748 0.704743 0.803882 0.654430 0.796176 0.796261 0.923246 0.945943 0.847661 0.865254 0.852821 0.816629 0.910921 0.891517 0.905096 0.776823 0.924847 0.860783 0.957893
0.839437 0.784850 0.896693 0.847877 0.895306 0.904413 0.848370 0.905426 0.835375 0.658863 0.943198 0.936033 0.870663 0.829243 0.855134 0.963719 0.996792 0.992647 0.925891 0.942504 0.854370 0.976164 0.769941 0.772454 0.774656 0.822635 0.693809 0.000000 0.980115 0.868227 0.854737 0.770669 0.963504 0.893930 0.828332 0.881039 0.894034 0.965027 0.816528 0.753791 0.928098 0.990839 0.935622 0.895044 0.985866 0.907175 0.828280 0.726924 0.770392 0.686307 0.832183 0.745939 0.890846 0.925431 0.740575 0.758506 0.901110 0.765360 0.853615 0.755393 0.924683 0.991932 0.974630 0.947481 0.693174 0.845818 0.900713 0.990201 0.745930 0.734435 0.803895 0.837000 0.848886 0.841590 0.884369 0.824504 0.920024 0.916053 0.864653 0.959196 0.911865 0.779107 0.845975 0.796412 0.598998 0.622778 0.783393 0.849586 0.755793 0.634528 0.727707 0.831010 0.798276 0.869048 0.895286 0.807744 0.735518 0.940896 0.854559 0.859336 0.694009 0.725322 0.695006 0.811570 0.986915 0.969602 0.975710 0.930793 0.932105 0.954746 0.810305 0.956923 0.891634 0.959597 0.856401 0.969166
0.513874 0.419508 0.941918 0.769947 0.957534 0.804279 0.560266 0.553047 0.617618 0.585869 0.340312 0.400259 0.738712 0.693174 0.707676 0.582583 0.326306 0.292643 0.379797 0.386379 0.847728 0.988282 0.871744 0.866571 0.817333 0.941083 0.980464 0.980115 0.000000 0.285908 0.678236 0.714697 0.457582 0.351322 0.901820 0.787433 0.860615 0.915405 0.895130 0.970181 0.713820 0.684652 0.768846 0.707707 0.683914 0.744526 0.764650 0.763640 0.761633 0.842565 0.802123 0.903765 0.827431 0.986183 0.853794 0.889027 0.428274 0.522858 0.652030 0.815226 0.425101 0.688162 0.409743 0.399437 0.948538 0.854739 0.664170 0.741549 0.674972 0.733870 0.683173 0.560786 0.519991 0.614429 0.941209 0.896099 0.795689 0.709421 0.532417 0.531496 0.500728 0.567943 0.667156 0.666086 0.911031 0.903598 0.906011 0.979702 0.943538 0.911328 0.837874 0.913900 0.869242 0.981274 0.721275 0.762494 0.909544 0.799538 0.642483 0.716517 0.937098 0.830815 0.715341 0.616548 0.798616 0.780389 0.893605 0.985695 0.813049 0.972683 0.995580 0.572267 0.800035 0.988748 0.925948 0.873906
0.498783 0.500568 0.986230 0.820968 0.888055 0.793090 0.513921 0.515647 0.660655 0.556771 0.320446 0.422405 0.738966 0.729906 0.651590 0.567322 0.311632 0.258882 0.345752 0.431558 0.813488 0.932912 0.866962 0.866041 0.711573 0.836147 0.955081 0.868227 0.285908 0.000000 0.650269 0.693155 0.476598 0.386765 0.883787 0.815990 0.893486 0.904524 0.965359 0.976584 0.748718 0.710070 0.778411 0.679115 0.634222 0.709782 0.771522 0.775013 0.786832 0.894410 0.846280 0.917264 0.843815 0.967671 0.784064 0.857865 0.437199 0.544055 0.598832 0.832496 0.351735 0.642893 0.366623 0.356499 0.895662 0.860393 0.597328 0.686897 0.699325 0.808655 0.698457 0.600891 0.564598 0.617727 0.945178 0.853177 0.842463 0.671624 0.559324 0.518896 0.467268 0.540620 0.680406 0.654776 0.931984 0.891133 0.925265 0.923615 0.965991 0.927796 0.836788 0.971871 0.930316 0.965914 0.621961 0.715418 0.765673 0.827698 0.608127 0.642728 0.918315 0.754754 0.639774 0.557438 0.763990 0.785322 0.947022 0.992229 0.836138 0.975737 0.969696 0.566382 0.730063 0.964304 0.772465 0.997300
0.845524 0.787855 0.565586 0.552433 0.862634 0.868824 0.311472 0.421764 0.369898 0.596753 0.760623 0.776213 0.867994 0.842440 0.719540 0.532960 0.817635 0.766870 0.499867 0.603070 0.668221 0.878687 0.624609 0.833337 0.803764 0.705572 0.908665 0.854737 0.678236 0.650269 0.000000 0.347367 0.425072 0.450843 0.935460 0.900354 0.759069 0.665879 0.757776 0.843188 0.985322 0.942492 0.408156 0.421904 0.407335 0.537679 0.848366 0.797003 0.716940 0.763183 0.575991 0.663479 0.595251 0.549919 0.874024 0.958025 0.687206 0.981273 0.972100 0.827053 0.722512 0.850768 0.973719 0.926251 0.747742 0.883356 0.418117 0.549928 0.860057 0.826100 0.491738 0.466427 0.584240 0.533327 0.922044 0.742934 0.572157 0.412117 0.639844 0.740375 0.874641 0.998080 0.867141 0.948260 0.988139 0.963679 0.831762 0.745005 0.858238 0.936515 0.555000 0.516973 0.533499 0.593414 0.731588 0.714939 0.694190 0.800589 0.487447 0.456174 0.758246 0.491172 0.595096 0.754380 0.589466 0.856311 0.802810 0.776902 0.778412 0.887053 0.817574 0.773077 0.567124 0.928627 0.753498 0.988837
0.903439 0.861035 0.638536 0.615871 0.872695 0.752612 0.333243 0.453060 0.416135 0.608081 0.815120 0.800787 0.842020 0.816697 0.780388 0.561294 0.852725 0.804673 0.515555 0.653757 0.836131 0.838205 0.667099 0.825398 0.871848 0.730745 0.813413 0.770669 0.714697 0.693155 0.347367 0.000000 0.536298 0.513620 0.961715 0.941914 0.828002 0.814297 0.855752 0.950278 0.985810 0.967462 0.497035 0.566483 0.510298 0.649306 0.851148 0.914759 0.797215 0.832412 0.657803 0.728011 0.675712 0.602839 0.939411 0.988945 0.787098 0.926782 0.944943 0.792731 0.742462 0.945416 0.986824 0.977717 0.820199 0.895534 0.480410 0.609658 0.969686 0.857612 0.523243 0.538384 0.619614 0.630477 0.903240 0.814509 0.626263 0.556370 0.716081 0.749323 0.983073 0.960359 0.923887 0.927816 0.958301 0.993702 0.729152 0.935136 0.824325 0.862151 0.558100 0.528404 0.527558 0.644471 0.669099 0.742927 0.749057 0.802963 0.547989 0.495860 0.780128 0.564590 0.631421 0.763249 0.586643 0.864944 0.871621 0.862270 0.871190 0.933457 0.808252 0.804458 0.604665 0.951318 0.744304 0.903376
0.479327 0.434722 0.633729 0.477791 0.974137 0.753289 0.329141 0.377418 0.500168 0.696830 0.473751 0.461099 0.550315 0.579337 0.523973 0.349508 0.543760 0.493572 0.353773 0.445658 0.669204 0.891143 0.526595 0.622147 0.793373 0.730325 0.992419 0.963504 0.457582 0.476598 0.425072 0.536298 0.000000 0.309387 0.915247 0.901881 0.725849 0.665034 0.759877 0.741995 0.747249 0.775003 0.403697 0.403097 0.448320 0.479499 0.576651 0.568784 0.528812 0.560518 0.458843 0.530879 0.578563 0.785439 0.707113 0.711658 0.426077 0.597193 0.615844 0.769005 0.432346 0.564992 0.699009 0.653613 0.624864 0.572510 0.471325 0.501074 0.603009 0.610112 0.598214 0.520469 0.597614 0.506561 0.809144 0.773702 0.578385 0.519066 0.516876 0.540817 0.569114 0.629301 0.628802 0.671107 0.660769 0.639559 0.988322 0.958338 0.863760 0.749622 0.698742 0.755121 0.710271 0.833354 0.596632 0.610653 0.723524 0.653921 0.463400 0.562636 0.863761 0.718990 0.622173 0.798724 0.511587 0.712967 0.927726 0.856300 0.834029 0.945943 0.997671 0.594487 0.566413 0.899399 0.659813 0.990486
0.515534 0.440758 0.743534 0.613378 0.888813 0.723328 0.337399 0.347166 0.481506 0.565715 0.405656 0.455902 0.715745 0.769681 0.741867 0.491370 0.425619 0.387413 0.326278 0.396539 0.724256 0.836326 0.767557 0.797609 0.977283 0.907015 0.857804 0.893930 0.351322 0.386765 0.450843 0.513620 0.309387 0.000000 0.957475 0.900825 0.751747 0.762352 0.762585 0.841457 0.732609 0.755373 0.507920 0.521249 0.495534 0.593211 0.693338 0.681731 0.711659 0.817380 0.649595 0.777350 0.718880 0.877466 0.901312 0.821858 0.413716 0.608805 0.632391 0.828390 0.408727 0.622631 0.605716 0.558616 0.892269 0.751703 0.449189 0.493662 0.715190 0.727873 0.492274 0.415871 0.421919 0.425930 0.786949 0.871942 0.604446 0.549405 0.502505 0.506245 0.574901 0.671812 0.783377 0.752721 0.891426 0.893205 0.784815 0.878677 0.958757 0.974875 0.660293 0.703711 0.711994 0.823266 0.584645 0.616313 0.713478 0.717671 0.447266 0.484742 0.792156 0.694114 0.600372 0.644105 0.603215 0.711103 0.942988 0.833623 0.803703 0.952763 0.932007 0.514156 0.573797 0.783296 0.694780 0.904660
0.918690 0.937613 0.795412 0.810805 0.777133 0.811975 0.987204 0.983959 0.928125 0.932545 0.893122 0.889599 0.913044 0.969207 0.984021 0.954583 0.799992 0.886710 0.868032 0.969119 0.896054 0.878638 0.837250 0.895569 0.781846 0.640808 0.848935 0.828332 0.901820 0.883787 0.935460 0.961715 0.915247 0.957475 0.000000 0.711162 0.835652 0.789145 0.794020 0.846734 0.833625 0.994636 0.722417 0.754341 0.761458 0.672362 0.886889 0.780233 0.783866 0.789634 0.764211 0.798089 0.834646 0.828354 0.985555 0.989342 0.970149 0.998498 0.974128 0.958018 0.899792 0.937988 0.867959 0.851086 0.753242 0.982307 0.805360 0.796487 0.883808 0.893549 0.969440 0.980437 0.977981 0.972891 0.966592 0.890436 0.880211 0.855449 0.933334 0.857313 0.952895 0.873949 0.979654 0.861747 0.912237 0.905401 0.989594 0.892940 0.903000 0.754079 0.993250 0.989645 0.995731 0.991562 0.786949 0.808696 0.959229 0.844327 0.977255 0.899068 0.849219 0.968541 0.957344 0.947892 0.785642 0.813639 0.942596 0.862342 0.949333 0.845412 0.982317 0.957466 0.838675 0.968212 0.801216 0.993513
0.701999 0.690299 0.962593 0.910807 0.952136 0.730982 0.971559 0.848427 0.959570 0.975331 0.708169 0.690818 0.761395 0.773832 0.868482 0.844432 0.712902 0.763383 0.829617 0.736591 0.923446 0.995642 0.919663 0.955949 0.960424 0.965718 0.895152 0.881039 0.787433 0.815990 0.900354 0.941914 0.901881 0.900825 0.711162 0.000000 0.825091 0.923012 0.985837 0.869792 0.681393 0.952591 0.904792 0.966396 0.749105 0.840959 0.869459 0.965598 0.971940 0.953384 0.969347 0.969747 0.851293 0.710948 0.833177 0.879376 0.724872 0.668389 0.769253 0.681699 0.721754 0.716663 0.740976 0.713059 0.994098 0.715237 0.870836 0.993960 0.797023 0.913033 0.965775 0.945507 0.756781 0.948293 0.923521 0.900794 0.900376 0.989611 0.819041 0.817073 0.796091 0.731321 0.909692 0.776058 0.919801 0.920438 0.919636 0.968670 0.989215 0.879325 0.967911 0.960615 0.968366 0.995012 0.957400 0.838646 0.919929 0.977434 0.988163 0.918551 0.884069 0.775777 0.895981 0.930612 0.970501 0.838654 0.982014 0.880218 0.989330 0.854813 0.969454 0.925846 0.905524 0.957257 0.863329 0.971219
0.660930 0.647242 0.624192 0.524434 0.795582 0.996480 0.867196 0.728395 0.780001 0.993178 0.728762 0.679174 0.730853 0.715767 0.757504 0.706672 0.807601 0.786167 0.834552 0.686526 0.568546 0.732641 0.808734 0.729641 0.629457 0.574655 0.795831 0.894034 0.860615 0.893486 0.759069 0.828002 0.725849 0.751747 0.835652 0.825091 0.000000 0.576996 0.670114 0.547969 0.750369 0.805565 0.622276 0.567129 0.775330 0.680482 0.666138 0.691934 0.651697 0.639659 0.645254 0.660334 0.851532 0.962831 0.785630 0.825324 0.639569 0.686079 0.760617 0.759177 0.830561 0.676208 0.939514 0.847758 0.597064 0.629402 0.781450 0.802784 0.643180 0.570920 0.773537 0.783840 0.801779 0.794012 0.945272 0.863624 0.745279 0.738178 0.676322 0.662849 0.718375 0.774727 0.806530 0.744274 0.767122 0.759369 0.860789 0.833684 0.871349 0.733026 0.890967 0.897850 0.818437 0.877244 0.796009 0.847222 0.984659 0.918675 0.832569 0.835706 0.845053 0.980372 0.875211 0.820935 0.759922 0.742151 0.970117 0.975139 0.999863 0.974668 0.950925 0.882204 0.981660 0.921837 0.778781 0.857254
0.640109 0.687161 0.553132 0.526062 0.934576 0.878813 0.799526 0.708956 0.857568 0.956147 0.756325 0.723824 0.751877 0.714960 0.779649 0.664001 0.858851 0.810204 0.781425 0.685701 0.801326 0.853393 0.787524 0.750307 0.579082 0.687102 0.787697 0.965027 0.915405 0.904524 0.665879 0.814297 0.665034 0.762352 0.789145 0.923012 0.576996 0.000000 0.724620 0.633001 0.817798 0.880430 0.641131 0.583059 0.729983 0.631482 0.699587 0.647781 0.660506 0.651621 0.602184 0.650303 0.798705 0.925913 0.671622 0.847632 0.637730 0.740587 0.758859 0.784717 0.787026 0.705457 0.980450 0.904562 0.569199 0.622047 0.747759 0.786701 0.518319 0.560800 0.812670 0.765535 0.853283 0.636719 0.778578 0.687680 0.770331 0.789043 0.590780 0.802241 0.750137 0.795071 0.724038 0.776249 0.757741 0.730887 0.905697 0.863663 0.694312 0.670878 0.933826 0.903630 0.830406 0.807063 0.799875 0.900546 0.886729 0.905815 0.896904 0.920137 0.880704 0.912661 0.809921 0.913658 0.719826 0.727842 0.962036 0.837907 0.945275 0.889012 0.943083 0.886452 0.832070 0.971682 0.638011 0.990615
