0.000000 0.397035 0.749538 0.603449 0.747339 0.824699 0.804818 0.799707 0.783113 0.945580 0.620231 0.621945 0.470233 0.520888 0.596880 0.662759 0.588860 0.606445 0.566892 0.595620 0.842355 0.933612 0.655668 0.553872 0.718500 0.972080 0.792921 0.941953 0.729262 0.697664 0.974508 0.873056 0.615123 0.739077 0.975869 0.874408 0.905510 0.851227 0.840934 0.869314 0.797164 0.930004 0.835992 0.770495 0.850265 0.716561 0.470032 0.519328 0.633580 0.534120 0.716658 0.635842 0.919571 0.915553 0.579365 0.558340 0.486342 0.356029 0.382690 0.365020 0.504266 0.682975 0.563164 0.561870 0.714093 0.558585 0.912776 0.892026 0.677902 0.601256 0.873737 0.939911 0.977291 0.930867 0.836836 0.939535 0.806012 0.919396 0.620876 0.639106 0.442521 0.438448 0.664062 0.483268 0.538168 0.506069 0.821829 0.731845 0.605331 0.496126 0.907480 0.745978 0.923943 0.806823 0.961169 0.835257 0.777914 0.969845 0.817287 0.840017 0.908290 0.923291 0.983723 0.932808 0.742490 0.692307 0.993003 0.886729 0.995690 0.861670 0.965653 0.831267 0.772229 0.919746 0.653572 0.984636
0.397035 0.000000 0.717117 0.485734 0.841541 0.745030 0.605579 0.629317 0.978030 0.873619 0.517606 0.535936 0.636276 0.465175 0.737603 0.598614 0.490563 0.445383 0.512627 0.432132 0.712711 0.860377 0.655825 0.508317 0.724193 0.854155 0.907609 0.953834 0.515857 0.469596 0.687256 0.563749 0.463448 0.516131 0.926645 0.921869 0.868313 0.800804 0.904509 0.784642 0.849646 0.833366 0.545565 0.509020 0.623904 0.554597 0.522776 0.502597 0.588164 0.504490 0.516121 0.473620 0.709950 0.891184 0.710402 0.505586 0.403407 0.373947 0.513445 0.491867 0.468978 0.597642 0.502940 0.415731 0.850408 0.572284 0.765914 0.672934 0.844173 0.663913 0.826820 0.814863 0.750228 0.680445 0.781779 0.916136 0.667612 0.735218 0.537286 0.560857 0.456333 0.536976 0.602210 0.605049 0.707530 0.531492 0.952612 0.757120 0.765229 0.513565 0.955896 0.859938 0.946775 0.815784 0.922418 0.840485 0.777954 0.985336 0.665728 0.707698 0.937076 0.874857 0.788887 0.833116 0.667572 0.656119 0.969356 0.881332 0.916091 0.889380 0.940523 0.792782 0.690030 0.788051 0.615765 0.924828
0.749538 0.717117 0.000000 0.451930 0.640567 0.796811 0.560082 0.689063 0.712209 0.711171 0.921537 0.860100 0.671221 0.814415 0.701944 0.631958 0.918570 0.776357 0.581433 0.608637 0.566813 0.897225 0.445018 0.632541 0.473765 0.480253 0.952338 0.920230 0.630418 0.714305 0.565726 0.643566 0.522640 0.579068 0.819946 0.885076 0.536319 0.832897 0.753957 0.749126 0.832133 0.892138 0.609017 0.698985 0.731902 0.804955 0.655849 0.733792 0.880620 0.893934 0.870451 0.878937 0.925849 0.995255 0.770644 0.873090 0.792825 0.841436 0.768017 0.804183 0.499741 0.776312 0.937237 0.845115 0.464512 0.550966 0.570368 0.620510 0.979205 0.714200 0.644383 0.710172 0.681780 0.658517 0.920000 0.810943 0.632123 0.585703 0.937545 0.667594 0.901377 0.835082 0.829250 0.934103 0.727119 0.783527 0.918055 0.860584 0.856831 0.826179 0.736071 0.731359 0.744948 0.711233 0.853713 0.606512 0.933679 0.802407 0.688506 0.572955 0.848748 0.787832 0.906246 0.951049 0.710963 0.661421 0.768234 0.851124 0.983507 0.988747 0.802996 0.692092 0.559370 0.752938 0.868198 0.998727
0.603449 0.485734 0.451930 0.000000 0.769932 0.582477 0.439667 0.392699 0.725847 0.578699 0.734699 0.433504 0.627103 0.457469 0.732139 0.482065 0.732698 0.613122 0.497598 0.393172 0.568387 0.917025 0.424906 0.428590 0.621725 0.557763 0.927975 0.925072 0.534025 0.503240 0.473185 0.529507 0.422211 0.432148 0.842251 0.955742 0.761351 0.732772 0.861399 0.842304 0.872733 0.976030 0.530077 0.620204 0.614387 0.693075 0.473662 0.566016 0.802481 0.744063 0.669878 0.662544 0.788631 0.812676 0.713722 0.702803 0.717173 0.729263 0.685727 0.693602 0.383174 0.418343 0.676021 0.522883 0.696831 0.327852 0.522950 0.540244 0.962982 0.663554 0.635474 0.670149 0.631444 0.608105 0.759554 0.647370 0.577278 0.546378 0.828416 0.579770 0.765205 0.648116 0.700453 0.858113 0.765146 0.648610 0.956416 0.953917 0.800416 0.723193 0.663637 0.856924 0.677842 0.857391 0.745340 0.555719 0.763824 0.815244 0.529835 0.517030 0.655207 0.732105 0.769451 0.841485 0.576701 0.666612 0.795513 0.921090 0.848930 0.910600 0.841890 0.671501 0.585687 0.715058 0.660944 0.923877
0.747339 0.841541 0.640567 0.769932 0.000000 0.970114 0.929383 0.939075 0.963790 0.937432 0.966388 0.853807 0.499124 0.765230 0.528755 0.548769 0.889557 0.825543 0.735307 0.922124 0.846332 0.906163 0.526614 0.590896 0.651932 0.882029 0.601991 0.896940 0.847560 0.801536 0.972817 0.978139 0.801842 0.984507 0.972445 0.845014 0.786808 0.935491 0.919206 0.644068 0.986568 0.992143 0.940265 0.999942 0.925850 0.894845 0.757366 0.816799 0.595627 0.844736 0.975332 0.950289 0.958257 0.794723 0.675418 0.858864 0.911215 0.725402 0.846405 0.868868 0.664279 0.867175 0.751159 0.749765 0.471497 0.755581 0.926831 0.936973 0.814573 0.710363 0.878583 0.776644 0.822445 0.938253 0.936750 0.988154 0.857512 0.877263 0.954817 0.683790 0.754900 0.696853 0.788849 0.681226 0.505948 0.645509 0.684219 0.892960 0.620730 0.642154 0.853712 0.867631 0.835980 0.936619 0.941671 0.989085 0.900897 0.897421 0.946842 0.919683 0.750204 0.896912 0.916138 0.901469 0.917056 0.929777 0.943213 0.815401 0.980492 0.876140 0.910188 0.940590 0.847084 0.977292 0.824306 0.974547
0.824699 0.745030 0.796811 0.582477 0.970114 0.000000 0.611658 0.547104 0.729006 0.633507 0.792345 0.657038 0.972778 0.778287 0.974418 0.772252 0.864222 0.825934 0.823052 0.654413 0.828245 0.817607 0.863409 0.832823 0.963686 0.851531 0.744709 0.925106 0.787441 0.783560 0.646467 0.718493 0.589586 0.662946 0.727029 0.962994 0.949493 0.930270 0.928514 0.968574 0.686106 0.981043 0.703538 0.676426 0.779365 0.806786 0.845614 0.748571 0.976715 0.806389 0.712134 0.731340 0.701203 0.736260 0.784312 0.826180 0.918714 0.998465 0.927929 0.733934 0.724566 0.610070 0.936263 0.739326 0.934047 0.648954 0.680246 0.597142 0.961106 0.782989 0.760309 0.734956 0.709209 0.748325 0.947318 0.690598 0.757579 0.721747 0.980464 0.839949 0.974346 0.925404 0.975160 0.974134 0.943866 0.971989 0.960798 0.987256 0.977307 0.964869 0.630783 0.830452 0.626115 0.702724 0.875082 0.871535 0.857733 0.711554 0.643990 0.779128 0.626350 0.735441 0.906582 0.792175 0.771554 0.919293 0.882545 0.899135 0.909624 0.988362 0.830221 0.827127 0.793361 0.808410 0.696799 0.885247
0.804818 0.605579 0.560082 0.439667 0.929383 0.611658 0.000000 0.283880 0.448845 0.318226 0.651612 0.585713 0.986368 0.724607 0.990596 0.691147 0.660461 0.514016 0.502171 0.471446 0.701008 0.856247 0.678115 0.749649 0.959597 0.790755 0.613436 0.860889 0.409488 0.388560 0.334408 0.424385 0.363087 0.286602 0.615172 0.924276 0.889002 0.837710 0.919421 0.922139 0.781674 0.872963 0.305355 0.362119 0.303090 0.425322 0.795905 0.608420 0.782657 0.675200 0.480655 0.514145 0.460533 0.434361 0.886549 0.859480 0.661171 0.858441 0.809111 0.856183 0.398836 0.550307 0.622202 0.475231 0.964184 0.669348 0.259331 0.306143 0.867687 0.802137 0.424080 0.417489 0.450597 0.418502 0.953237 0.648414 0.496362 0.484763 0.766664 0.697699 0.898695 0.967095 0.916110 0.816939 0.830075 0.921503 0.891970 0.842459 0.895932 0.991212 0.375751 0.532667 0.464975 0.613530 0.790280 0.620392 0.557938 0.649157 0.270916 0.309213 0.453860 0.465399 0.541366 0.643332 0.464949 0.660242 0.630249 0.689453 0.706327 0.803288 0.602139 0.513375 0.403211 0.652136 0.574611 0.898084
0.799707 0.629317 0.689063 0.392699 0.939075 0.547104 0.283880 0.000000 0.558832 0.327316 0.677413 0.391457 0.924440 0.570895 0.923940 0.784542 0.806669 0.700196 0.691950 0.535635 0.806528 0.927488 0.769064 0.772413 0.982348 0.823855 0.593747 0.888914 0.519374 0.507370 0.501840 0.541776 0.482858 0.410435 0.640741 0.959147 0.937396 0.914025 0.963917 0.894617 0.812405 0.976586 0.451006 0.509297 0.417598 0.463354 0.706832 0.598432 0.760468 0.623171 0.478782 0.488574 0.502902 0.469766 0.818715 0.705065 0.898713 0.934155 0.764945 0.689214 0.385048 0.289351 0.655864 0.424351 0.903248 0.483949 0.362356 0.334977 0.816072 0.759904 0.638307 0.610980 0.585891 0.577844 0.885335 0.632415 0.573811 0.651952 0.907865 0.844830 0.917184 0.949290 0.952298 0.878164 0.883802 0.993857 0.985490 0.941614 0.975911 0.866723 0.438482 0.741281 0.511756 0.754587 0.818846 0.713974 0.584686 0.672338 0.366927 0.465123 0.413152 0.606752 0.683838 0.780509 0.501013 0.723201 0.660631 0.791688 0.709087 0.731922 0.670097 0.652803 0.519231 0.716890 0.581040 0.845285
0.783113 0.978030 0.712209 0.725847 0.963790 0.729006 0.448845 0.558832 0.000000 0.417425 0.837566 0.850318 0.850384 0.974292 0.912911 0.867836 0.934352 0.798294 0.873201 0.790386 0.789231 0.832045 0.857199 0.984991 0.917284 0.766646 0.663718 0.822099 0.622179 0.696773 0.484688 0.650007 0.659020 0.568508 0.682929 0.831155 0.844724 0.989045 0.907668 0.982705 0.729969 0.918362 0.563101 0.629166 0.591045 0.768232 0.848476 0.980909 0.977705 0.961505 0.805332 0.889502 0.636404 0.607101 0.937558 0.850956 0.962703 0.818856 0.802475 0.773902 0.760809 0.778173 0.931500 0.835386 0.921511 0.921173 0.491123 0.576040 0.848631 0.889210 0.491960 0.564054 0.594209 0.637534 0.899641 0.732564 0.706364 0.696741 0.950754 0.793111 0.797918 0.750218 0.948506 0.739044 0.743866 0.763982 0.914441 0.915758 0.764113 0.767446 0.510265 0.531666 0.593687 0.524140 0.832233 0.856374 0.842991 0.704231 0.558999 0.574511 0.554876 0.629819 0.728932 0.850541 0.796361 0.903705 0.747298 0.719284 0.814754 0.969612 0.750847 0.752978 0.768777 0.758938 0.765545 0.860654
0.945580 0.873619 0.711171 0.578699 0.937432 0.633507 0.318226 0.327316 0.417425 0.000000 0.815958 0.601504 0.917126 0.863159 0.960227 0.800263 0.807681 0.675590 0.677385 0.609008 0.806415 0.910396 0.814469 0.948762 0.931695 0.861075 0.623703 0.886066 0.509734 0.549583 0.445289 0.555832 0.560741 0.443321 0.574955 0.809212 0.989197 0.933654 0.876864 0.914629 0.879810 0.978893 0.514266 0.590475 0.434591 0.572331 0.927522 0.750599 0.887681 0.893577 0.669254 0.721118 0.572038 0.516889 0.973241 0.929278 0.963343 0.860818 0.977514 0.963295 0.584012 0.536084 0.730162 0.574449 0.872521 0.774345 0.384468 0.452295 0.839816 0.851040 0.479362 0.521236 0.582888 0.526834 0.989763 0.692435 0.707160 0.641944 0.973167 0.854167 0.969264 0.869160 0.970150 0.693401 0.745496 0.763709 0.836591 0.812777 0.843920 0.898370 0.377569 0.549618 0.495783 0.591618 0.864992 0.708233 0.655096 0.697380 0.369098 0.446264 0.456071 0.546667 0.681720 0.848996 0.633883 0.854351 0.760722 0.832405 0.781586 0.876805 0.566862 0.647474 0.545571 0.774916 0.755452 0.809737
0.620231 0.517606 0.921537 0.734699 0.966388 0.792345 0.651612 0.677413 0.837566 0.815958 0.000000 0.556241 0.758715 0.569931 0.808322 0.761824 0.542653 0.553203 0.622533 0.656514 0.897373 0.979391 0.896720 0.747447 0.927576 0.933634 0.961878 0.966013 0.547103 0.520040 0.809280 0.785096 0.601976 0.620968 0.879194 0.944538 0.930043 0.798651 0.775082 0.859076 0.822337 0.879054 0.664132 0.625283 0.730045 0.685441 0.719080 0.784591 0.707562 0.724496 0.627695 0.657013 0.760648 0.831635 0.774924 0.730129 0.580648 0.578947 0.674154 0.697684 0.588895 0.639467 0.591775 0.516166 0.941888 0.730745 0.824445 0.715527 0.993105 0.780227 0.922623 0.901754 0.706333 0.786903 0.850727 0.792479 0.687252 0.910433 0.624634 0.686544 0.578914 0.596812 0.765204 0.686504 0.869035 0.756384 0.840434 0.622617 0.834902 0.722111 0.997326 0.816065 0.925455 0.875913 0.903090 0.881922 0.856164 0.964221 0.769135 0.943224 0.941330 0.919816 0.869332 0.976234 0.865074 0.874914 0.913003 0.976022 0.787886 0.852981 0.959771 0.852410 0.697610 0.966658 0.681454 0.729651
0.621945 0.535936 0.860100 0.433504 0.853807 0.657038 0.585713 0.391457 0.850318 0.601504 0.556241 0.000000 0.627975 0.303654 0.793732 0.584780 0.723591 0.620900 0.643088 0.531901 0.802388 0.925013 0.689098 0.563745 0.942847 0.971881 0.918045 0.999953 0.540406 0.480027 0.749169 0.696214 0.568847 0.577496 0.950800 0.985319 0.872599 0.889114 0.965182 0.971856 0.986989 0.837573 0.697074 0.693813 0.675267 0.628569 0.529996 0.605692 0.705860 0.603851 0.579311 0.539292 0.687729 0.720507 0.709431 0.617519 0.799333 0.710148 0.670412 0.626704 0.449830 0.284699 0.524748 0.364943 0.998367 0.398971 0.767504 0.629477 0.872896 0.745071 0.933013 0.890017 0.751523 0.784515 0.786954 0.797518 0.684021 0.790860 0.793455 0.734301 0.671203 0.586591 0.749746 0.714342 0.818244 0.666045 0.830746 0.742060 0.725942 0.721722 0.840378 0.852304 0.917541 0.881129 0.880152 0.776035 0.793941 0.895544 0.685718 0.762703 0.726188 0.882005 0.924793 0.927177 0.638085 0.789794 0.960943 0.950385 0.874783 0.834230 0.960201 0.801340 0.730647 0.911695 0.693434 0.838466
0.470233 0.636276 0.671221 0.627103 0.499124 0.972778 0.986368 0.924440 0.850384 0.917126 0.758715 0.627975 0.000000 0.458516 0.336896 0.434185 0.822707 0.797458 0.639733 0.733476 0.841991 0.858660 0.394362 0.413949 0.681563 0.939764 0.588344 0.759290 0.792796 0.766662 0.894052 0.913868 0.801673 0.932972 0.926147 0.800025 0.784155 0.980710 0.848402 0.727298 0.908532 0.918206 0.953330 0.994306 0.999921 0.903316 0.512827 0.623448 0.612975 0.725795 0.909013 0.840509 0.947015 0.745557 0.667441 0.714876 0.790878 0.514529 0.573653 0.580503 0.562197 0.711001 0.682761 0.677366 0.420911 0.521175 0.859501 0.904072 0.900813 0.632154 0.750945 0.742760 0.801042 0.865352 0.767692 0.962059 0.867517 0.961885 0.813833 0.672880 0.691138 0.459810 0.667800 0.532351 0.405942 0.454773 0.780824 0.801883 0.578799 0.597957 0.766266 0.705658 0.733676 0.741664 0.926728 0.856928 0.949099 0.836076 0.954728 0.936432 0.720234 0.885957 0.785362 0.864374 0.984778 0.769072 0.871810 0.846505 0.941363 0.978475 0.894493 0.945536 0.916412 0.979564 0.867762 0.945901
0.520888 0.465175 0.814415 0.457469 0.765230 0.778287 0.724607 0.570895 0.974292 0.863159 0.569931 0.303654 0.458516 0.000000 0.649278 0.483775 0.663162 0.622302 0.577704 0.555497 0.832949 0.951367 0.550454 0.372725 0.862362 0.943498 0.952593 0.909048 0.608843 0.457637 0.800879 0.676586 0.602796 0.688788 0.924258 0.845158 0.932127 0.851580 0.868572 0.828244 0.941849 0.839456 0.697142 0.697890 0.745655 0.669008 0.471458 0.555334 0.645931 0.542052 0.567929 0.538521 0.769016 0.837506 0.631397 0.596407 0.689545 0.574955 0.581927 0.599478 0.497631 0.450669 0.556778 0.408146 0.853430 0.424717 0.915345 0.776929 0.877950 0.804968 0.956497 0.964414 0.807631 0.845625 0.787995 0.783216 0.700929 0.798115 0.736734 0.627861 0.622682 0.501553 0.613535 0.601561 0.690819 0.510972 0.829239 0.734155 0.678442 0.619552 0.956989 0.728482 0.893443 0.712638 0.835052 0.801719 0.857920 0.956040 0.807357 0.856447 0.886844 0.983366 0.986152 0.963534 0.765987 0.803960 0.991100 0.860836 0.846448 0.861907 0.990531 0.876316 0.827596 0.914002 0.730577 0.905658
0.596880 0.737603 0.701944 0.732139 0.528755 0.974418 0.990596 0.923940 0.912911 0.960227 0.808322 0.793732 0.336896 0.649278 0.000000 0.374391 0.726482 0.661822 0.573267 0.720449 0.661598 0.982824 0.356952 0.430794 0.597919 0.835714 0.521670 0.721896 0.758519 0.737834 0.952643 0.996704 0.723812 0.912666 0.935874 0.905615 0.747406 0.957154 0.917445 0.648599 0.964330 0.941355 0.953074 0.997434 0.953048 0.960037 0.710614 0.755514 0.785977 0.926858 0.940536 0.955113 0.871777 0.697738 0.782600 0.838728 0.673180 0.557342 0.744490 0.844388 0.730860 0.944095 0.766521 0.813503 0.415331 0.680915 0.854952 0.839212 0.713651 0.698685 0.970380 0.937024 0.879545 0.992019 0.812205 0.882982 0.958982 0.934659 0.937068 0.562379 0.653061 0.517223 0.623750 0.598091 0.438627 0.491667 0.764076 0.840457 0.619220 0.712391 0.841071 0.801038 0.763451 0.852821 0.792284 0.748953 0.945789 0.846799 0.998069 0.948980 0.684250 0.994638 0.843025 0.928560 0.978304 0.893929 0.930051 0.736759 0.939025 0.892694 0.901883 0.958383 0.861013 0.959365 0.934195 0.960254
0.662759 0.598614 0.631958 0.482065 0.548769 0.772252 0.691147 0.784542 0.867836 0.800263 0.761824 0.584780 0.434185 0.483775 0.374391 0.000000 0.692329 0.572217 0.463306 0.541352 0.678857 0.982454 0.276670 0.296183 0.693366 0.790489 0.729401 0.866103 0.644011 0.531640 0.655613 0.729499 0.537086 0.682198 0.946155 0.882732 0.681452 0.819024 0.851639 0.734414 0.994864 0.964818 0.656619 0.712298 0.789282 0.827656 0.627980 0.681005 0.729821 0.807638 0.796077 0.772819 0.859640 0.967414 0.823858 0.938856 0.638521 0.648808 0.822197 0.901007 0.606950 0.755358 0.712001 0.639268 0.561542 0.552945 0.906182 0.902147 0.982426 0.806530 0.810461 0.792091 0.889432 0.816205 0.834021 0.803166 0.774499 0.655965 0.788032 0.525673 0.787189 0.673734 0.689930 0.774697 0.647004 0.592879 0.931335 0.899299 0.728849 0.852069 0.899244 0.951193 0.989228 0.993247 0.745104 0.709121 0.996959 0.937296 0.783011 0.681461 0.978075 0.878642 0.954712 0.920257 0.841170 0.856904 0.935351 0.908549 0.900427 0.877221 0.920854 0.709195 0.743240 0.941911 0.834882 0.941476
0.588860 0.490563 0.918570 0.732698 0.889557 0.864222 0.660461 0.806669 0.934352 0.807681 0.542653 0.723591 0.822707 0.663162 0.726482 0.692329 0.000000 0.314490 0.505157 0.546505 0.800854 0.850960 0.817511 0.681854 0.967530 0.967574 0.942483 0.901081 0.520015 0.427773 0.677754 0.653193 0.577414 0.621972 0.939845 0.994873 0.908349 0.864708 0.986952 0.901071 0.874363 0.823797 0.618765 0.596132 0.642783 0.658033 0.730757 0.665938 0.676992 0.665482 0.626274 0.675548 0.770479 0.883278 0.736507 0.722421 0.386433 0.478240 0.724429 0.852476 0.688259 0.884384 0.426320 0.438719 0.952821 0.962079 0.828104 0.811613 0.800865 0.753519 0.756238 0.804912 0.744382 0.633737 0.847451 0.878080 0.851149 0.835257 0.607563 0.513249 0.463729 0.583717 0.615794 0.734342 0.876215 0.790950 0.924543 0.842116 0.886684 0.710531 0.946200 0.919674 0.935533 0.838197 0.941414 0.827572 0.728008 0.959426 0.688562 0.763640 0.976805 0.835514 0.884332 0.761697 0.848612 0.829306 0.992762 0.956355 0.772164 0.879338 0.746755 0.831443 0.738666 0.855953 0.785788 0.938109
0.606445 0.445383 0.776357 0.613122 0.825543 0.825934 0.514016 0.700196 0.798294 0.675590 0.553203 0.620900 0.797458 0.622302 0.661822 0.572217 0.314490 0.000000 0.371324 0.465174 0.657083 0.860118 0.703065 0.560992 0.840758 0.922578 0.923347 0.991638 0.399697 0.318803 0.524514 0.467452 0.391762 0.458644 0.881355 0.992693 0.935146 0.827010 0.902944 0.921752 0.942513 0.786004 0.461667 0.473885 0.545820 0.592386 0.697019 0.626578 0.699824 0.688989 0.577081 0.641650 0.727203 0.826007 0.777609 0.710114 0.328596 0.490998 0.718830 0.906661 0.582505 0.802371 0.398358 0.395229 0.975910 0.844670 0.718828 0.680154 0.877607 0.837296 0.661965 0.685116 0.655041 0.571889 0.910476 0.825591 0.699672 0.622960 0.566309 0.409325 0.469567 0.589853 0.597945 0.711059 0.850022 0.741670 0.984607 0.833551 0.938899 0.751268 0.883921 0.989973 0.993597 0.923648 0.873966 0.646683 0.690729 0.941692 0.553062 0.620185 0.897189 0.714629 0.765808 0.674496 0.714239 0.773283 0.909824 0.937880 0.864015 0.936544 0.786536 0.724032 0.578219 0.827068 0.716982 0.897105
0.566892 0.512627 0.581433 0.497598 0.735307 0.823052 0.502171 0.691950 0.873201 0.677385 0.622533 0.643088 0.639733 0.577704 0.573267 0.463306 0.505157 0.371324 0.000000 0.419183 0.687930 0.886218 0.495496 0.478148 0.749526 0.883104 0.945832 0.990629 0.462203 0.421871 0.550968 0.554327 0.443510 0.449849 0.942118 0.960357 0.808813 0.780389 0.830410 0.851839 0.946241 0.881433 0.585242 0.645595 0.581691 0.654540 0.670091 0.608730 0.723086 0.718524 0.683085 0.725513 0.764223 0.795665 0.857383 0.785639 0.463751 0.541564 0.709003 0.835959 0.525473 0.816844 0.516178 0.527432 0.802258 0.730467 0.676533 0.750986 0.912593 0.861128 0.656929 0.672893 0.639919 0.571809 0.933343 0.759114 0.652020 0.560934 0.731674 0.563931 0.662573 0.655889 0.732218 0.811678 0.851822 0.802447 0.979265 0.990030 0.905112 0.851847 0.786884 0.852431 0.864847 0.894956 0.829143 0.616626 0.734616 0.975486 0.555093 0.570170 0.859900 0.717833 0.778533 0.754166 0.804430 0.766855 0.900884 0.999754 0.832741 0.989628 0.812340 0.582754 0.506618 0.794567 0.792711 0.945698
0.595620 0.432132 0.608637 0.393172 0.922124 0.654413 0.471446 0.535635 0.790386 0.609008 0.656514 0.531901 0.733476 0.555497 0.720449 0.541352 0.546505 0.465174 0.419183 0.000000 0.666031 0.810828 0.544495 0.517762 0.760032 0.744437 0.921438 0.893347 0.443402 0.474118 0.505424 0.506957 0.442300 0.413535 0.887104 0.988512 0.816643 0.803964 0.806397 0.938158 0.786130 0.911554 0.556808 0.601627 0.617432 0.657384 0.675019 0.561217 0.844063 0.700954 0.650315 0.679542 0.742266 0.738604 0.809728 0.702885 0.569203 0.640766 0.788226 0.751435 0.523678 0.619354 0.595688 0.545754 0.878029 0.585562 0.630492 0.651853 0.970606 0.688706 0.600817 0.616630 0.573966 0.537334 0.747487 0.799524 0.610677 0.643988 0.789319 0.634463 0.667292 0.685581 0.696849 0.855078 0.876539 0.765006 0.909745 0.999730 0.919218 0.787996 0.653805 0.823239 0.693151 0.900879 0.850778 0.588383 0.711357 0.809283 0.497954 0.531784 0.758582 0.692874 0.717813 0.821166 0.655196 0.776391 0.846310 0.898276 0.819968 0.906556 0.828273 0.677462 0.601082 0.748892 0.686310 0.804312
0.842355 0.712711 0.566813 0.568387 0.846332 0.828245 0.701008 0.806528 0.789231 0.806415 0.897373 0.802388 0.841991 0.832949 0.661598 0.678857 0.800854 0.657083 0.687930 0.666031 0.000000 0.792035 0.604494 0.714034 0.644128 0.622309 0.925558 0.942038 0.633383 0.664926 0.544496 0.623622 0.645120 0.629926 0.974135 0.933289 0.787082 0.893386 0.954165 0.763946 0.853131 0.917674 0.727939 0.784817 0.882767 0.967068 0.845126 0.904364 0.977400 0.980845 0.960292 0.993849 0.995745 0.999127 0.925577 0.931314 0.707986 0.842112 0.948834 0.958704 0.806161 0.878338 0.934979 0.847539 0.720904 0.723459 0.760178 0.802137 0.892714 0.746930 0.650038 0.719356 0.675818 0.697842 0.967711 0.833138 0.818614 0.667270 0.945460 0.645225 0.842854 0.760239 0.778329 0.903918 0.846938 0.798727 0.750780 0.999751 0.965934 0.954608 0.833073 0.976730 0.879904 0.828436 0.676887 0.708796 0.955801 0.988313 0.785021 0.746319 0.964183 0.736809 0.958083 0.908579 0.663897 0.849018 0.905468 0.904811 0.994736 0.895658 0.911286 0.845777 0.682383 0.943678 0.873215 0.976481
0.933612 0.860377 0.897225 0.917025 0.906163 0.817607 0.856247 0.927488 0.832045 0.910396 0.979391 0.925013 0.858660 0.951367 0.982824 0.982454 0.850960 0.860118 0.886218 0.810828 0.792035 0.000000 0.925040 0.963906 0.969365 0.952817 0.902440 0.906137 0.858060 0.948403 0.788912 0.813222 0.855275 0.867898 0.988902 0.987469 0.984255 0.962848 0.939659 0.856972 0.940066 0.975158 0.848000 0.823219 0.879639 0.955744 0.862843 0.870562 0.953228 0.928814 0.938736 0.983074 0.824734 0.821071 0.973263 0.992529 0.936466 0.996983 0.820912 0.922827 0.924620 0.892887 0.894267 0.982685 0.907570 0.905184 0.821914 0.983754 0.912990 0.958251 0.761384 0.735303 0.917512 0.809607 0.888869 0.755784 0.901924 0.871984 0.953767 0.969292 0.928155 0.952671 0.935958 0.903965 0.856826 0.909053 0.941311 0.838732 0.915515 0.921021 0.736287 0.789131 0.782863 0.786663 0.879587 0.890489 0.868337 0.867235 0.774930 0.857091 0.839437 0.798869 0.881649 0.752422 0.829354 0.813749 0.819497 0.824725 0.899943 0.901908 0.876700 0.960746 0.936737 0.647440 0.844480 0.907988
0.655668 0.655825 0.445018 0.424906 0.526614 0.863409 0.678115 0.769064 0.857199 0.814469 0.896720 0.689098 0.394362 0.550454 0.356952 0.276670 0.817511 0.703065 0.495496 0.544495 0.604494 0.925040 0.000000 0.303741 0.494610 0.573594 0.753305 0.851501 0.626582 0.607090 0.620058 0.714031 0.520808 0.660491 0.972416 0.932069 0.561167 0.805259 0.777237 0.708255 0.976860 0.971536 0.668870 0.776332 0.766013 0.832960 0.601003 0.649560 0.735400 0.815186 0.861313 0.846706 0.927366 0.963154 0.798546 0.879743 0.736597 0.717868 0.796951 0.863812 0.519009 0.754402 0.807718 0.739056 0.375966 0.493578 0.810225 0.858022 0.966493 0.737831 0.776892 0.773536 0.860233 0.735778 0.742946 0.766975 0.757668 0.606565 0.908569 0.574230 0.824341 0.693478 0.681465 0.817077 0.553599 0.557290 0.882443 0.973631 0.741210 0.811666 0.862327 0.867730 0.891818 0.909967 0.729553 0.620665 0.962184 0.967237 0.729719 0.594878 0.999444 0.845770 0.915619 0.944405 0.759933 0.719660 0.850820 0.956813 0.959934 0.914667 0.930892 0.779388 0.684942 0.843268 0.814362 0.980612
0.553872 0.508317 0.632541 0.428590 0.590896 0.832823 0.749649 0.772413 0.984991 0.948762 0.747447 0.563745 0.413949 0.372725 0.430794 0.296183 0.681854 0.560992 0.478148 0.517762 0.714034 0.963906 0.303741 0.000000 0.595840 0.718514 0.763008 0.855538 0.658516 0.516021 0.713201 0.663349 0.528059 0.686894 0.903379 0.799256 0.714955 0.807679 0.730373 0.753005 0.975036 0.990112 0.679679 0.734734 0.818381 0.830993 0.562691 0.683405 0.719890 0.731738 0.755002 0.742286 0.908526 0.971754 0.762360 0.732181 0.603248 0.577330 0.722744 0.788336 0.568264 0.708522 0.650801 0.594620 0.574709 0.491951 0.940079 0.906327 0.976417 0.813224 0.939833 0.879250 0.848867 0.804303 0.778662 0.789206 0.759307 0.710950 0.716892 0.492176 0.680543 0.537548 0.590789 0.624222 0.570668 0.460393 0.887052 0.829416 0.708323 0.632798 0.952066 0.930098 0.916153 0.839980 0.848887 0.718551 0.969725 0.985910 0.823046 0.719955 0.931735 0.952530 0.939100 0.927801 0.867937 0.868476 0.965701 0.902370 0.935124 0.948231 0.997767 0.813851 0.755153 0.925995 0.853070 0.995549
0.718500 0.724193 0.473765 0.621725 0.651932 0.963686 0.959597 0.982348 0.917284 0.931695 0.927576 0.942847 0.681563 0.862362 0.597919 0.693366 0.967530 0.840758 0.749526 0.760032 0.644128 0.969365 0.494610 0.595840 0.000000 0.438024 0.654270 0.923403 0.828792 0.892512 0.780885 0.814133 0.676983 0.814432 0.962756 0.982978 0.597731 0.766319 0.743354 0.677894 0.943137 0.941348 0.937046 0.969452 0.965616 0.894785 0.654984 0.910446 0.948803 0.968623 0.872212 0.873179 0.709878 0.599646 0.806382 0.833407 0.784321 0.788410 0.788089 0.883927 0.715097 0.917010 0.977072 0.992186 0.391956 0.612944 0.972176 0.931689 0.766170 0.728696 0.865314 0.922270 0.929643 0.769093 0.785022 0.914836 0.913703 0.741438 0.997933 0.667479 0.682704 0.662873 0.690862 0.702468 0.420133 0.472899 0.830704 0.965626 0.747490 0.655918 0.887652 0.946232 0.989618 0.948459 0.906510 0.673353 0.892687 0.984067 0.961108 0.886712 0.830884 0.861028 0.973946 0.997067 0.861649 0.840848 0.945484 0.914145 0.816772 0.932814 0.861526 0.946110 0.837114 0.982110 0.955748 0.905512
0.972080 0.854155 0.480253 0.557763 0.882029 0.851531 0.790755 0.823855 0.766646 0.861075 0.933634 0.971881 0.939764 0.943498 0.835714 0.790489 0.967574 0.922578 0.883104 0.744437 0.622309 0.952817 0.573594 0.718514 0.438024 0.000000 0.992434 0.949876 0.780649 0.885877 0.528896 0.632151 0.638501 0.697936 0.884444 0.938755 0.577218 0.734018 0.832678 0.731405 0.811898 0.912151 0.734682 0.851303 0.919097 0.976135 0.775583 0.997971 0.897600 0.878465 0.976590 0.912509 0.896875 0.877911 0.962736 0.975176 0.931845 0.927562 0.985313 0.967372 0.760438 0.839809 0.835855 0.916545 0.586763 0.608066 0.717217 0.723913 0.918780 0.917720 0.590620 0.636025 0.738749 0.590528 0.884882 0.762311 0.824409 0.709182 0.876408 0.715637 0.935127 0.883603 0.783732 0.984590 0.733839 0.739803 0.881280 0.998286 0.948649 0.894581 0.802423 0.793706 0.759995 0.785237 0.815768 0.753624 0.893626 0.900971 0.797804 0.737186 0.851515 0.953677 0.887443 0.943431 0.772119 0.843824 0.771036 0.953282 0.924949 0.936389 0.959810 0.905120 0.775589 0.852297 0.937235 0.919448
0.792921 0.907609 0.952338 0.927975 0.601991 0.744709 0.613436 0.593747 0.663718 0.623703 0.961878 0.918045 0.588344 0.952593 0.521670 0.729401 0.942483 0.923347 0.945832 0.921438 0.925558 0.902440 0.753305 0.763008 0.654270 0.992434 0.000000 0.803125 0.944991 0.899598 0.727913 0.745261 0.880625 0.702441 0.798055 0.818234 0.846619 0.924338 0.942281 0.663603 0.906753 0.944009 0.760662 0.686586 0.655470 0.718038 0.898605 0.941926 0.841528 0.876404 0.715197 0.750730 0.671150 0.458432 0.935628 0.980128 0.832326 0.721235 0.977677 0.993566 0.888664 0.802561 0.956088 0.943052 0.557930 0.990171 0.517828 0.520467 0.656100 0.884777 0.740804 0.682055 0.640550 0.786651 0.829195 0.825964 0.726390 0.839976 0.893840 0.825084 0.728550 0.684420 0.791500 0.633255 0.443116 0.530050 0.791938 0.805063 0.665858 0.732463 0.527649 0.654541 0.572149 0.692187 0.905151 0.950108 0.715702 0.691288 0.637522 0.736661 0.483046 0.647751 0.711096 0.843907 0.810158 0.992284 0.839075 0.683417 0.712423 0.854037 0.755385 0.756528 0.838067 0.783074 0.843995 0.908018
0.941953 0.953834 0.920230 0.925072 0.896940 0.925106 0.860889 0.888914 0.822099 0.886066 0.966013 0.999953 0.759290 0.909048 0.721896 0.866103 0.901081 0.991638 0.990629 0.893347 0.942038 0.906137 0.851501 0.855538 0.923403 0.949876 0.803125 0.000000 0.984832 0.927949 0.841906 0.867307 0.914493 0.900029 0.983832 0.792463 0.927189 0.813543 0.886104 0.748258 0.973362 0.793759 0.978724 0.914698 0.859429 0.904313 0.820157 0.847072 0.965021 0.992067 0.922710 0.905062 0.874569 0.749308 0.872158 0.823646 0.985375 0.879392 0.891227 0.843435 0.992382 0.990687 0.979286 0.936167 0.731648 0.871984 0.835783 0.897202 0.944565 0.821447 0.973694 0.945852 0.811781 0.915854 0.833155 0.911650 0.921035 0.785629 0.849332 0.882559 0.992661 0.807767 0.913389 0.868833 0.783236 0.810009 0.975105 0.925017 0.771948 0.746004 0.820046 0.852910 0.818900 0.846537 0.925208 0.944031 0.989561 0.859775 0.859036 0.926152 0.767021 0.928461 0.785084 0.902435 0.918014 0.946347 0.967155 0.778095 0.870685 0.877695 0.845364 0.899354 0.998898 0.961284 0.884745 0.943158
0.729262 0.515857 0.630418 0.534025 0.847560 0.787441 0.409488 0.519374 0.622179 0.509734 0.547103 0.540406 0.792796 0.608843 0.758519 0.644011 0.520015 0.399697 0.462203 0.443402 0.633383 0.858060 0.626582 0.658516 0.828792 0.780649 0.944991 0.984832 0.000000 0.348333 0.475543 0.472686 0.407800 0.406271 0.810366 0.965849 0.871939 0.868984 0.830382 0.963773 0.886920 0.895553 0.472157 0.518463 0.466015 0.541692 0.698701 0.640092 0.726629 0.714947 0.566609 0.638260 0.650055 0.696840 0.901834 0.686986 0.577656 0.725548 0.808484 0.846535 0.486392 0.656019 0.510539 0.453309 0.931320 0.695102 0.590046 0.560147 0.893575 0.742441 0.591561 0.619662 0.498333 0.439312 0.798944 0.792339 0.570669 0.594577 0.716078 0.563958 0.705000 0.752106 0.737387 0.876275 0.913990 0.828716 0.999050 0.985475 0.999853 0.892092 0.710084 0.842108 0.810020 0.887414 0.829345 0.685733 0.724871 0.820795 0.478023 0.552501 0.735904 0.679724 0.693368 0.806724 0.575171 0.743208 0.853238 0.876146 0.887470 0.856310 0.857096 0.647677 0.552277 0.706218 0.665870 0.879293
0.697664 0.469596 0.714305 0.503240 0.801536 0.783560 0.388560 0.507370 0.696773 0.549583 0.520040 0.480027 0.766662 0.457637 0.737834 0.531640 0.427773 0.318803 0.421871 0.474118 0.664926 0.948403 0.607090 0.516021 0.892512 0.885877 0.899598 0.927949 0.348333 0.000000 0.438963 0.405740 0.387583 0.423469 0.874142 0.984342 0.850970 0.745781 0.900983 0.896732 0.934678 0.878470 0.390939 0.400852 0.414215 0.479295 0.660881 0.598496 0.641742 0.614018 0.462417 0.500231 0.571975 0.648746 0.775348 0.706597 0.459257 0.623425 0.695377 0.899659 0.451545 0.600066 0.405433 0.328342 0.962224 0.686806 0.591612 0.520335 0.917076 0.796552 0.651440 0.628018 0.524372 0.454483 0.876386 0.746312 0.620111 0.561108 0.690459 0.473015 0.561948 0.688941 0.540492 0.820608 0.915893 0.756274 0.982539 0.882805 0.942737 0.787253 0.797704 0.971823 0.943950 0.959086 0.804301 0.734268 0.715010 0.976049 0.532735 0.561003 0.777477 0.744753 0.706716 0.772599 0.634777 0.764079 0.867667 0.997890 0.832257 0.867460 0.747792 0.733277 0.553682 0.816429 0.697426 0.840405
0.974508 0.687256 0.565726 0.473185 0.972817 0.646467 0.334408 0.501840 0.484688 0.445289 0.809280 0.749169 0.894052 0.800879 0.952643 0.655613 0.677754 0.524514 0.550968 0.505424 0.544496 0.788912 0.620058 0.713201 0.780885 0.528896 0.727913 0.841906 0.475543 0.438963 0.000000 0.284785 0.388216 0.356028 0.742104 0.928105 0.699514 0.654138 0.914935 0.981812 0.776099 0.817776 0.351601 0.442992 0.455859 0.631020 0.878415 0.812025 0.956353 0.876175 0.640664 0.729698 0.644956 0.584075 0.963263 0.993932 0.645205 0.985046 0.989605 0.860301 0.631274 0.750069 0.835504 0.667972 0.973517 0.752732 0.407732 0.437111 0.870329 0.973838 0.295046 0.317439 0.393549 0.319317 0.973806 0.657641 0.610507 0.362863 0.911387 0.637560 0.913406 0.968357 0.805593 0.809770 0.857493 0.980889 0.914781 0.804466 0.823155 0.910399 0.484153 0.555690 0.538039 0.623932 0.727881 0.639283 0.757667 0.815249 0.366125 0.423740 0.528701 0.565491 0.569850 0.701537 0.579353 0.799360 0.701259 0.794893 0.780242 0.959525 0.651020 0.645289 0.541686 0.704054 0.723797 0.931217
0.873056 0.563749 0.643566 0.529507 0.978139 0.718493 0.424385 0.541776 0.650007 0.555832 0.785096 0.696214 0.913868 0.676586 0.996704 0.729499 0.653193 0.467452 0.554327 0.506957 0.623622 0.813222 0.714031 0.663349 0.814133 0.632151 0.745261 0.867307 0.472686 0.405740 0.284785 0.000000 0.418384 0.403431 0.811980 0.969296 0.812574 0.691770 0.911388 0.971381 0.891003 0.835262 0.372699 0.417695 0.507222 0.604573 0.798037 0.716561 0.949895 0.812810 0.587865 0.648576 0.675883 0.642321 0.961904 0.801210 0.598602 0.917059 0.927269 0.972170 0.644889 0.743829 0.753901 0.628124 0.942785 0.757108 0.494648 0.486509 0.866301 0.972126 0.415637 0.397238 0.403794 0.348699 0.976949 0.767313 0.612000 0.423698 0.816065 0.618750 0.820521 0.942625 0.765853 0.964031 0.865974 0.909989 0.908872 0.983523 0.838935 0.970984 0.639194 0.734311 0.674531 0.796943 0.805536 0.700891 0.751523 0.869462 0.489209 0.503749 0.585954 0.609707 0.576582 0.723981 0.576830 0.774660 0.789204 0.838987 0.860631 0.944162 0.706424 0.726899 0.558407 0.732618 0.706186 0.983529
0.615123 0.463448 0.522640 0.422211 0.801842 0.589586 0.363087 0.482858 0.659020 0.560741 0.601976 0.568847 0.801673 0.602796 0.723812 0.537086 0.577414 0.391762 0.443510 0.442300 0.645120 0.855275 0.520808 0.528059 0.676983 0.638501 0.880625 0.914493 0.407800 0.387583 0.388216 0.418384 0.000000 0.353863 0.661620 0.925406 0.803596 0.759187 0.827926 0.876950 0.778197 0.815734 0.358793 0.371229 0.424768 0.482514 0.587883 0.592303 0.664030 0.593174 0.492260 0.557619 0.639592 0.726935 0.665217 0.648551 0.493392 0.641579 0.663753 0.750167 0.371485 0.594489 0.592088 0.477443 0.767847 0.575312 0.481558 0.434300 0.991156 0.782846 0.548151 0.536400 0.550498 0.486948 0.787456 0.671997 0.557794 0.513392 0.730813 0.499954 0.604443 0.691533 0.700667 0.810938 0.785361 0.702017 0.974988 0.920607 0.898135 0.802281 0.670551 0.798963 0.708965 0.869135 0.807776 0.547932 0.653095 0.783470 0.423592 0.467935 0.677342 0.659971 0.661200 0.706456 0.528763 0.610937 0.742937 0.809803 0.831748 0.872874 0.812740 0.671633 0.413404 0.689313 0.544257 0.893507
0.739077 0.516131 0.579068 0.432148 0.984507 0.662946 0.286602 0.410435 0.568508 0.443321 0.620968 0.577496 0.932972 0.688788 0.912666 0.682198 0.621972 0.458644 0.449849 0.413535 0.629926 0.867898 0.660491 0.686894 0.814432 0.697936 0.702441 0.900029 0.406271 0.423469 0.356028 0.403431 0.353863 0.000000 0.692701 0.858615 0.897654 0.794054 0.943498 0.952236 0.882073 0.890233 0.389088 0.450312 0.417033 0.513107 0.721282 0.652990 0.804448 0.701932 0.540888 0.610052 0.602351 0.575440 0.916746 0.802031 0.610346 0.782616 0.765983 0.845405 0.450521 0.592633 0.643154 0.523729 0.976122 0.661968 0.406602 0.412475 0.924601 0.824779 0.416461 0.453026 0.462303 0.394637 0.943635 0.726344 0.495584 0.506178 0.733677 0.595105 0.802317 0.872216 0.843464 0.967633 0.940252 0.956156 0.972650 0.978825 0.904338 0.928050 0.546810 0.669901 0.565946 0.731274 0.776567 0.590646 0.662895 0.744957 0.347778 0.422379 0.557400 0.520391 0.658269 0.710715 0.536856 0.691589 0.704371 0.687633 0.793443 0.917017 0.762861 0.615947 0.426930 0.746029 0.616264 0.878234
0.975869 0.926645 0.819946 0.842251 0.972445 0.727029 0.615172 0.640741 0.682929 0.574955 0.879194 0.950800 0.926147 0.924258 0.935874 0.946155 0.939845 0.881355 0.942118 0.887104 0.974135 0.988902 0.972416 0.903379 0.962756 0.884444 0.798055 0.983832 0.810366 0.874142 0.742104 0.811980 0.661620 0.692701 0.000000 0.887814 0.959729 0.911100 0.954218 0.939677 0.856455 0.872225 0.661871 0.688419 0.593494 0.632381 0.935421 0.826918 0.789132 0.844888 0.748143 0.780590 0.673078 0.758757 0.840320 0.842578 0.976984 0.986572 0.881580 0.827617 0.669769 0.771756 0.853892 0.793345 0.943284 0.927280 0.591220 0.550922 0.955845 0.793566 0.647786 0.795447 0.954939 0.795332 0.908005 0.881038 0.764224 0.852530 0.941386 0.909015 0.980397 0.889291 0.938249 0.801691 0.935805 0.921596 0.862068 0.898859 0.916201 0.903339 0.675431 0.695215 0.684972 0.755689 0.835456 0.773419 0.789478 0.852873 0.667222 0.726702 0.730144 0.748298 0.774205 0.970008 0.821328 0.789407 0.892854 0.807578 0.966368 0.887541 0.840484 0.986542 0.702289 0.816855 0.667099 0.857316
0.874408 0.921869 0.885076 0.955742 0.845014 0.962994 0.924276 0.959147 0.831155 0.809212 0.944538 0.985319 0.800025 0.845158 0.905615 0.882732 0.994873 0.992693 0.960357 0.988512 0.933289 0.987469 0.932069 0.799256 0.982978 0.938755 0.818234 0.792463 0.965849 0.984342 0.928105 0.969296 0.925406 0.858615 0.887814 0.000000 0.888235 0.986721 0.887506 0.966672 0.887219 0.959913 0.961248 0.980686 0.839932 0.950340 0.891826 0.894593 0.975182 0.942380 0.976822 0.894474 0.961715 0.946492 0.980783 0.979688 0.911418 0.874485 0.888500 0.875099 0.939253 0.970536 0.948654 0.938506 0.906432 0.857831 0.831770 0.927053 0.909930 0.958085 0.783118 0.847776 0.981524 0.914305 0.913710 0.866616 0.898077 0.995033 0.922398 0.993098 0.940749 0.873074 0.985779 0.869328 0.886734 0.899721 0.994089 0.931230 0.944360 0.837564 0.852571 0.885022 0.745217 0.887996 0.929447 0.942382 0.741475 0.881095 0.890412 0.956436 0.770763 0.874766 0.761091 0.932376 0.930027 0.953263 0.952319 0.943056 0.857909 0.958342 0.981055 0.921761 0.947218 0.979431 0.904619 0.919003
0.905510 0.868313 0.536319 0.761351 0.786808 0.949493 0.889002 0.937396 0.844724 0.989197 0.930043 0.872599 0.784155 0.932127 0.747406 0.681452 0.908349 0.935146 0.808813 0.816643 0.787082 0.984255 0.561167 0.714955 0.597731 0.577218 0.846619 0.927189 0.871939 0.850970 0.699514 0.812574 0.803596 0.897654 0.959729 0.888235 0.000000 0.702737 0.647428 0.618516 0.720626 0.823834 0.779386 0.843207 0.898089 0.984836 0.780787 0.968876 0.899162 0.965926 0.992890 0.990090 0.934384 0.856215 0.844055 0.868357 0.779444 0.929556 0.939192 0.912016 0.841743 0.945997 0.947259 0.968753 0.563125 0.843179 0.861586 0.907019 0.911881 0.931279 0.776849 0.795902 0.836151 0.812280 0.883571 0.928420 0.919396 0.731319 0.970599 0.732294 0.853395 0.908151 0.775586 0.913160 0.719861 0.730518 0.967978 0.951178 0.921789 0.839361 0.954866 0.883215 0.982781 0.978732 0.913087 0.801093 0.798306 0.886001 0.885780 0.821097 0.930851 0.948755 0.889006 0.974914 0.917273 0.860767 0.967758 0.986887 0.945717 0.834441 0.899239 0.917503 0.953132 0.906827 0.995547 0.922081
0.851227 0.800804 0.832897 0.732772 0.935491 0.930270 0.837710 0.914025 0.989045 0.933654 0.798651 0.889114 0.980710 0.851580 0.957154 0.819024 0.864708 0.827010 0.780389 0.803964 0.893386 0.962848 0.805259 0.807679 0.766319 0.734018 0.924338 0.813543 0.868984 0.745781 0.654138 0.691770 0.759187 0.794054 0.911100 0.986721 0.702737 0.000000 0.785331 0.804443 0.855205 0.743825 0.798546 0.800155 0.885019 0.910216 0.789649 0.952703 0.917045 0.964125 0.915729 0.893575 0.968660 0.955467 0.856705 0.940172 0.754604 0.894887 0.920462 0.930420 0.853448 0.892299 0.965860 0.896012 0.844200 0.751416 0.806491 0.808685 0.842364 0.938836 0.794496 0.725324 0.747401 0.661560 0.745793 0.917533 0.842543 0.645516 0.891212 0.833176 0.755590 0.924259 0.709168 0.910301 0.800470 0.691953 0.863743 0.832867 0.830461 0.870726 0.967573 0.981031 0.935886 0.983617 0.773061 0.835768 0.973516 0.981079 0.895526 0.907580 0.947714 0.940736 0.770606 0.962713 0.853062 0.910681 0.894843 0.969882 0.973325 0.908712 0.986620 0.975538 0.814999 0.921919 0.845730 0.954050
