0.000000 0.327397 0.652401 0.920115 0.804348 0.850431 0.685684 0.870214 0.762256 0.978696 0.518984 0.422924 0.863877 0.722939 0.784886 0.926023 0.547805 0.567609 0.548035 0.390779 0.938341 0.912931 0.659150 0.974104 0.902674 0.791572 0.950403 0.949369 0.619103 0.820779 0.684517 0.678347 0.995937 0.789170 0.798146 0.741660 0.898277 0.856882 0.966060 0.919150 0.825218 0.806680 0.780257 0.872965 0.754303 0.841171 0.847384 0.801989 0.393694 0.416984 0.427936 0.489529 0.607311 0.856793 0.608469 0.451784 0.412032 0.355802 0.299520 0.301881 0.829131 0.515764 0.669257 0.528389 0.807145 0.984322 0.754910 0.826265 0.402792 0.445642 0.871742 0.996049 0.729803 0.764386 0.918441 0.892435 0.679870 0.893628 0.902156 0.793866 0.497563 0.500732 0.800651 0.728063 0.865704 0.913267 0.719155 0.979168 0.961247 0.605352 0.613025 0.517353 0.563771 0.575999 0.965653 0.879190 0.791324 0.939691 0.974848 0.939236 0.845311 0.851391 0.819674 0.726713 0.863508 0.994040 0.925088 0.960459 0.983473 0.872842 0.981813 0.980316 0.826954 0.947068 0.974900 0.898595
0.327397 0.000000 0.651679 0.783080 0.781285 0.779683 0.680215 0.731217 0.702844 0.859952 0.630582 0.364596 0.860690 0.642369 0.900271 0.762826 0.504070 0.493965 0.542588 0.377690 0.822003 0.946855 0.754653 0.968539 0.912657 0.820795 0.984460 0.929245 0.601295 0.734347 0.856422 0.807295 0.846083 0.647744 0.802686 0.711380 0.981382 0.822892 0.992827 0.982908 0.882931 0.833755 0.881872 0.758069 0.870044 0.706782 0.740203 0.633571 0.444051 0.410714 0.402080 0.448999 0.599589 0.823438 0.563535 0.481989 0.323842 0.262231 0.346429 0.345855 0.793799 0.448323 0.556513 0.384246 0.850141 0.953989 0.776470 0.928997 0.498120 0.380777 0.894092 0.764869 0.808596 0.816327 0.817744 0.917972 0.576572 0.774214 0.733166 0.686369 0.362855 0.416958 0.708004 0.614468 0.869248 0.867685 0.744409 0.968250 0.981644 0.614461 0.651247 0.531683 0.575802 0.572336 0.889849 0.822262 0.727569 0.975319 0.851351 0.886408 0.777864 0.928527 0.729764 0.740294 0.771766 0.872814 0.967540 0.966871 0.996631 0.835157 0.910172 0.944673 0.786054 0.946507 0.930549 0.848327
0.652401 0.651679 0.000000 0.645250 0.674297 0.937751 0.476433 0.945148 0.652491 0.865780 0.649991 0.622980 0.727718 0.923000 0.588411 0.997996 0.733031 0.725623 0.977536 0.694336 0.786296 0.954392 0.441772 0.578521 0.544300 0.487075 0.784998 0.944626 0.713882 0.720402 0.626552 0.668079 0.760063 0.988218 0.641710 0.729426 0.694808 0.885583 0.995215 0.988888 0.928429 0.971259 0.717239 0.966279 0.781617 0.996777 0.765080 0.892791 0.714722 0.759004 0.779341 0.829284 0.892209 0.925641 0.871577 0.768299 0.646935 0.647932 0.697746 0.633754 0.837142 0.734716 0.775425 0.633135 0.365288 0.614285 0.557996 0.620393 0.720386 0.609513 0.926206 0.942946 0.858796 0.879183 0.987971 0.983246 0.786937 0.969301 0.986687 0.972988 0.854965 0.947969 0.847112 0.939611 0.581259 0.577192 0.895910 0.692493 0.763965 0.929062 0.625738 0.651849 0.623388 0.666293 0.838529 0.987756 0.885190 0.913553 0.919433 0.932406 0.972136 0.815050 0.876921 0.921417 0.832495 0.855844 0.848106 0.880973 0.974311 0.843512 0.982196 0.958084 0.802834 0.987051 0.742109 0.879618
0.920115 0.783080 0.645250 0.000000 0.830893 0.732068 0.650615 0.569650 0.851586 0.933043 0.919011 0.760201 0.545584 0.584089 0.592230 0.628915 0.951191 0.959768 0.814051 0.868555 0.975929 0.983791 0.551085 0.493887 0.926866 0.793746 0.889693 0.834471 0.980082 0.937934 0.861438 0.891629 0.681300 0.782562 0.796444 0.991026 0.927132 0.897848 0.903315 0.908448 0.900834 0.981598 0.993397 0.901591 0.878774 0.790273 0.726544 0.671927 0.905720 0.790380 0.672695 0.635486 0.679799 0.626804 0.850845 0.860337 0.940625 0.837475 0.851668 0.845010 0.511992 0.649076 0.801741 0.754188 0.497445 0.387616 0.798607 0.615998 0.904602 0.954708 0.946593 0.872343 0.781148 0.739444 0.803145 0.947531 0.940841 0.807474 0.781278 0.834877 0.669339 0.677431 0.583105 0.744600 0.446006 0.431617 0.903828 0.647706 0.742171 0.649822 0.714274 0.943963 0.929616 0.981493 0.996282 0.866252 0.880494 0.989469 0.776896 0.699819 0.777566 0.679060 0.966323 0.965404 0.651596 0.772687 0.885868 0.963475 0.993707 0.987870 0.879924 0.893497 0.903559 0.931539 0.727283 0.929724
0.804348 0.781285 0.674297 0.830893 0.000000 0.994842 0.558714 0.823674 0.694640 0.941502 0.998057 0.928482 0.723366 0.968726 0.782158 0.927491 0.842059 0.982227 0.956950 0.918027 0.804984 0.869422 0.717637 0.850291 0.924358 0.889572 0.924734 0.920782 0.952616 0.998071 0.973333 0.888930 0.895165 0.832153 0.843825 0.872967 0.985929 0.963412 0.947281 0.975122 0.984183 0.980653 0.879226 0.980078 0.786646 0.949226 0.989191 0.920757 0.729801 0.666555 0.790717 0.781709 0.781594 0.865365 0.758283 0.743702 0.785330 0.753672 0.790141 0.813412 0.664856 0.971931 0.934323 0.928783 0.695585 0.618661 0.633654 0.619164 0.783388 0.767689 0.985155 0.898453 0.982939 0.983792 0.959821 0.880772 0.923471 0.985839 0.920257 0.994606 0.949115 0.912367 0.879155 0.858180 0.717211 0.673279 0.858454 0.823220 0.862239 0.924000 0.662811 0.751155 0.751574 0.789613 0.991967 0.976692 0.994363 0.835163 0.925184 0.833921 0.900577 0.795668 0.942170 0.962299 0.819352 0.853653 0.962354 0.911477 0.940506 0.911906 0.839517 0.990769 0.929242 0.933594 0.895255 0.991899
0.850431 0.779683 0.937751 0.732068 0.994842 0.000000 0.905169 0.567569 0.933487 0.710218 0.951220 0.723107 0.775081 0.672861 0.854497 0.609600 0.993090 0.904624 0.934839 0.862734 0.827245 0.992513 0.861856 0.918908 0.831511 0.933284 0.990068 0.772812 0.819776 0.922408 0.932929 0.988332 0.834584 0.797365 0.991194 0.985662 0.981778 0.854644 0.962425 0.942854 0.918823 0.855346 0.967767 0.861502 0.892713 0.773518 0.989598 0.811901 0.807724 0.846470 0.773843 0.725515 0.880005 0.779249 0.950145 0.899814 0.884555 0.842712 0.893629 0.778898 0.732257 0.632565 0.781549 0.711338 0.895506 0.739835 0.873185 0.801937 0.884709 0.940813 0.938732 0.863430 0.896069 0.759040 0.767815 0.897016 0.771472 0.724652 0.932199 0.946798 0.866766 0.904487 0.818000 0.985692 0.854753 0.815400 0.903286 0.894693 0.990968 0.893495 0.855518 0.998814 0.920483 0.991527 0.793942 0.929010 0.770580 0.965271 0.704607 0.774232 0.724704 0.866786 0.903313 0.956919 0.763752 0.928512 0.924139 0.831983 0.891018 0.892991 0.919377 0.919239 0.944988 0.867046 0.932787 0.948674
0.685684 0.680215 0.476433 0.650615 0.558714 0.905169 0.000000 0.641538 0.457421 0.804156 0.960712 0.883204 0.583069 0.928337 0.539700 0.830571 0.869551 0.868425 0.986637 0.774735 0.989252 0.889896 0.538818 0.779464 0.976555 0.830726 0.989950 0.866586 0.974159 0.966565 0.740479 0.730583 0.708491 0.807725 0.752558 0.760421 0.936433 0.948205 0.871573 0.854208 0.696041 0.855857 0.687942 0.792316 0.491489 0.762636 0.911093 0.858859 0.723805 0.657802 0.743001 0.748371 0.782234 0.949811 0.632104 0.690482 0.740083 0.640678 0.743583 0.666344 0.540133 0.979084 0.944289 0.868383 0.508818 0.482215 0.424509 0.456823 0.624805 0.590845 0.929161 0.937765 0.856532 0.856267 0.882929 0.982559 0.900813 0.981046 0.935954 0.898885 0.887468 0.882279 0.867505 0.977634 0.638954 0.641492 0.718861 0.667549 0.840442 0.877922 0.498220 0.551591 0.580168 0.518660 0.932107 0.925594 0.946612 0.887733 0.778279 0.641034 0.822849 0.583391 0.896847 0.973516 0.763812 0.910226 0.883180 0.954865 0.897450 0.912040 0.812489 0.730333 0.942037 0.964002 0.794149 0.988735
0.870214 0.731217 0.945148 0.569650 0.823674 0.567569 0.641538 0.000000 0.778498 0.502851 0.737054 0.527861 0.538453 0.567408 0.737062 0.564671 0.796260 0.760291 0.861278 0.736627 0.693246 0.888161 0.858972 0.904125 0.597815 0.719745 0.944144 0.985113 0.687381 0.687822 0.999357 0.951136 0.706061 0.611687 0.958493 0.899204 0.893935 0.965537 0.807158 0.810163 0.753451 0.982458 0.976723 0.752451 0.634112 0.564643 0.922056 0.679693 0.814795 0.843747 0.708757 0.715222 0.817284 0.802705 0.999797 0.925992 0.781085 0.771915 0.812203 0.789719 0.400483 0.378440 0.496388 0.486344 0.878913 0.559584 0.787547 0.614037 0.842569 0.970658 0.986857 0.787317 0.779972 0.758928 0.744842 0.997148 0.734287 0.820932 0.736095 0.948952 0.678139 0.833118 0.748804 0.879049 0.769953 0.773159 0.860545 0.775071 0.994356 0.946180 0.689535 0.888955 0.872442 0.850234 0.847186 0.852076 0.762343 0.892254 0.484402 0.551452 0.582538 0.667181 0.816012 0.843678 0.582659 0.794957 0.990081 0.781589 0.924729 0.899081 0.749265 0.668516 0.706441 0.944315 0.782363 0.802865
0.762256 0.702844 0.652491 0.851586 0.694640 0.933487 0.457421 0.778498 0.000000 0.865341 0.954803 0.814677 0.803759 0.909323 0.788248 0.951782 0.716498 0.689411 0.862244 0.728150 0.938435 0.936316 0.750878 0.993839 0.975720 0.834105 0.958581 0.887478 0.814538 0.794147 0.882020 0.979283 0.969766 0.932919 0.780471 0.907405 0.940335 0.947665 0.864422 0.904906 0.799037 0.790128 0.850597 0.980638 0.712369 0.889527 0.886345 0.970962 0.891670 0.838823 0.861803 0.937905 0.959525 0.900532 0.689520 0.912167 0.733009 0.678817 0.789619 0.832314 0.797176 0.967816 0.853101 0.735479 0.671650 0.697628 0.617958 0.701126 0.762778 0.543813 0.874626 0.771619 0.762504 0.835276 0.994260 0.932917 0.892462 0.921983 0.746996 0.684950 0.743811 0.784120 0.944983 0.906588 0.780576 0.812651 0.800991 0.829618 0.846202 0.951503 0.553316 0.504307 0.578824 0.550968 0.953179 0.906848 0.862005 0.941206 0.847664 0.815432 0.865642 0.771898 0.713318 0.998447 0.809776 0.857897 0.910439 0.950733 0.917031 0.700685 0.922873 0.966374 0.999196 0.905082 0.916371 0.976369
0.978696 0.859952 0.865780 0.933043 0.941502 0.710218 0.804156 0.502851 0.865341 0.000000 0.753852 0.730575 0.903740 0.880619 0.939957 0.828425 0.749354 0.782931 0.981764 0.794253 0.626796 0.979764 0.869750 0.804994 0.731264 0.677997 0.842866 0.889088 0.623907 0.577020 0.855246 0.847296 0.745670 0.722923 0.897216 0.917238 0.992960 0.865204 0.952863 0.896315 0.805121 0.947204 0.764201 0.544162 0.572271 0.454364 0.910160 0.706610 0.768703 0.838058 0.864807 0.918488 0.982360 0.894694 0.980810 0.958412 0.765024 0.866509 0.897246 0.894810 0.805996 0.680624 0.723624 0.698556 0.847615 0.998077 0.928099 0.901133 0.938378 0.866370 0.888067 0.674351 0.999535 0.978599 0.825480 0.970123 0.832743 0.833094 0.924445 0.921297 0.883334 0.988080 0.995343 0.982822 0.799537 0.791726 0.991817 0.991515 0.843861 0.846853 0.890939 0.892935 0.927216 0.828729 0.827337 0.866803 0.803689 0.796612 0.585646 0.664280 0.638149 0.766759 0.730553 0.738926 0.876498 0.944946 0.893207 0.816027 0.926964 0.935653 0.818388 0.674391 0.767325 0.831888 0.995567 0.777074
0.518984 0.630582 0.649991 0.919011 0.998057 0.951220 0.960712 0.737054 0.954803 0.753852 0.000000 0.494402 0.809240 0.805987 0.864831 0.990168 0.452963 0.536116 0.645335 0.483757 0.924802 0.965496 0.550624 0.677455 0.621508 0.625147 0.895847 0.909885 0.457890 0.581743 0.724421 0.833417 0.955799 0.740084 0.666608 0.615120 0.772711 0.985232 0.931779 0.994369 0.951668 0.835649 0.822715 0.847809 0.964294 0.790998 0.995553 0.929259 0.657126 0.695528 0.689087 0.788024 0.891557 0.989730 0.901306 0.732159 0.528869 0.604509 0.542848 0.592272 0.776396 0.640139 0.542818 0.584840 0.623492 0.890882 0.788170 0.875938 0.662603 0.616240 0.783781 0.986225 0.719181 0.709402 0.820951 0.964128 0.824193 0.964391 0.825369 0.803695 0.687689 0.764465 0.979708 0.905195 0.876045 0.876807 0.768344 0.865831 0.952177 0.984865 0.670040 0.689607 0.671237 0.777498 0.999655 0.846301 0.902929 0.933124 0.913144 0.824855 0.852308 0.977231 0.904357 0.663046 0.996745 0.936427 0.825038 0.987253 0.967542 0.902323 0.945564 0.925723 0.862454 0.918483 0.958186 0.815200
0.422924 0.364596 0.622980 0.760201 0.928482 0.723107 0.883204 0.527861 0.814677 0.730575 0.494402 0.000000 0.605942 0.419935 0.923001 0.589798 0.437242 0.455185 0.543122 0.364087 0.850085 0.978053 0.806359 0.998275 0.634438 0.636461 0.943324 0.988578 0.454940 0.538019 0.773276 0.864812 0.810011 0.569226 0.746282 0.707838 0.812601 0.949214 0.852709 0.936292 0.980829 0.940701 0.824709 0.754301 0.972708 0.672341 0.875139 0.728204 0.609622 0.581982 0.465136 0.583999 0.710682 0.889472 0.749312 0.667166 0.414870 0.409741 0.443332 0.453522 0.536156 0.321322 0.390904 0.284855 0.822806 0.819382 0.847397 0.958906 0.650830 0.504662 0.959894 0.761565 0.873134 0.894100 0.806795 0.842546 0.614723 0.782260 0.732533 0.692966 0.419065 0.477119 0.669385 0.732372 0.864176 0.860550 0.925078 0.911513 0.914540 0.827409 0.756315 0.544432 0.573577 0.622534 0.908697 0.816875 0.792602 0.970176 0.769290 0.787510 0.727594 0.953502 0.757985 0.786844 0.820679 0.963859 0.963329 0.895136 0.983220 0.810241 0.816810 0.822305 0.725668 0.907917 0.907078 0.768243
0.863877 0.860690 0.727718 0.545584 0.723366 0.775081 0.583069 0.538453 0.803759 0.903740 0.809240 0.605942 0.000000 0.399468 0.480589 0.507070 0.776250 0.828440 0.637122 0.744673 0.985984 0.965991 0.638160 0.623908 0.880503 0.974845 0.828933 0.924352 0.733183 0.794474 0.978013 0.900892 0.689842 0.642587 0.994065 0.960235 0.955742 0.901258 0.766402 0.891902 0.816876 0.918964 0.919673 0.907189 0.879277 0.831339 0.885418 0.825207 0.975147 0.939284 0.726371 0.819278 0.819559 0.772401 0.943218 0.956719 0.921477 0.924753 0.872669 0.890562 0.344531 0.607818 0.601427 0.683767 0.638327 0.481916 0.799007 0.628352 0.848841 0.989234 0.857641 0.935284 0.826220 0.878674 0.841841 0.920600 0.848293 0.900217 0.820954 0.907029 0.728432 0.739044 0.617793 0.871799 0.527432 0.568037 0.828553 0.699183 0.847364 0.905854 0.807593 0.891180 0.968775 0.943836 0.883125 0.998068 0.978706 0.981763 0.812563 0.778420 0.741700 0.801213 0.902083 0.944253 0.711431 0.903230 0.962757 0.982642 0.941053 0.964284 0.825324 0.770358 0.906816 0.975580 0.760377 0.836506
0.722939 0.642369 0.923000 0.584089 0.968726 0.672861 0.928337 0.567408 0.909323 0.880619 0.805987 0.419935 0.399468 0.000000 0.570422 0.407971 0.631891 0.645733 0.601578 0.580461 0.909393 0.990994 0.794767 0.686288 0.775215 0.784633 0.860180 0.855594 0.628878 0.663782 0.942291 0.976106 0.712527 0.647216 0.862809 0.867975 0.750307 0.908743 0.701055 0.945303 0.817372 0.860528 0.792456 0.906643 0.960027 0.827455 0.957275 0.791514 0.917203 0.782862 0.580185 0.700394 0.755717 0.750850 0.924314 0.951532 0.732248 0.700005 0.723571 0.703508 0.464696 0.525037 0.526170 0.481606 0.870564 0.625312 0.941037 0.861786 0.997279 0.762777 0.865829 0.845872 0.888003 0.884671 0.816901 0.839188 0.770804 0.815862 0.731767 0.745209 0.584267 0.608492 0.592332 0.863999 0.668108 0.675224 0.847818 0.833394 0.965667 0.899730 0.940643 0.612082 0.675297 0.663410 0.991008 0.957656 0.922509 0.969597 0.872036 0.832315 0.830421 0.916209 0.820786 0.945899 0.788518 0.947718 0.916178 0.945836 0.933050 0.925679 0.807992 0.842088 0.907139 0.989449 0.827229 0.862493
0.784886 0.900271 0.588411 0.592230 0.782158 0.854497 0.539700 0.737062 0.788248 0.939957 0.864831 0.923001 0.480589 0.570422 0.000000 0.513907 0.934513 0.929282 0.828816 0.986032 0.948299 0.936160 0.417490 0.577588 0.857301 0.834845 0.810325 0.953805 0.924559 0.911455 0.655854 0.645462 0.555108 0.728206 0.759376 0.876025 0.913243 0.948142 0.775629 0.844435 0.727439 0.799641 0.826772 0.843113 0.718720 0.868252 0.870249 0.783437 0.722236 0.754717 0.924328 0.868362 0.868804 0.961580 0.801590 0.720544 0.890026 0.867487 0.804139 0.767997 0.575148 0.919437 0.870260 0.943215 0.498147 0.503428 0.603984 0.539872 0.674335 0.827586 0.991290 0.823309 0.877519 0.865075 0.874422 0.930914 0.965299 0.944011 0.783774 0.931817 0.940941 0.872396 0.655254 0.936856 0.569214 0.560360 0.783542 0.709373 0.919341 0.959036 0.732143 0.935145 0.862883 0.900009 0.968221 0.948379 0.976706 0.942799 0.885773 0.701253 0.863259 0.803335 0.952785 0.899229 0.780836 0.933171 0.873196 0.898517 0.916677 0.961645 0.828364 0.759206 0.887897 0.968355 0.653647 0.886610
0.926023 0.762826 0.997996 0.628915 0.927491 0.609600 0.830571 0.564671 0.951782 0.828425 0.990168 0.589798 0.507070 0.407971 0.513907 0.000000 0.794947 0.719048 0.722707 0.725090 0.909646 0.944998 0.648055 0.641279 0.915821 0.973096 0.920008 0.950838 0.703582 0.753982 0.858920 0.807072 0.652321 0.632845 0.961230 0.956995 0.965993 0.989910 0.791019 0.970047 0.804883 0.836458 0.997898 0.807807 0.847501 0.759865 0.899748 0.751188 0.937083 0.988060 0.793547 0.874293 0.940606 0.900461 0.938240 0.868658 0.787450 0.851049 0.949433 0.926734 0.534818 0.596857 0.596372 0.546908 0.737550 0.557539 0.813280 0.636683 0.856830 0.840114 0.902442 0.718681 0.871437 0.793428 0.861420 0.855970 0.771666 0.770142 0.628508 0.816863 0.645124 0.658939 0.546992 0.883248 0.642863 0.622520 0.831812 0.678750 0.989645 0.939751 0.918521 0.840819 0.892574 0.899790 0.905452 0.923438 0.834554 0.841131 0.750882 0.753769 0.714532 0.865184 0.825238 0.978826 0.777830 0.842198 0.951176 0.937374 0.990876 0.864794 0.728112 0.779212 0.911167 0.934591 0.720471 0.919039
0.547805 0.504070 0.733031 0.951191 0.842059 0.993090 0.869551 0.796260 0.716498 0.749354 0.452963 0.437242 0.776250 0.631891 0.934513 0.794947 0.000000 0.312774 0.434203 0.355081 0.855457 0.935849 0.737377 0.875969 0.809269 0.715320 0.938179 0.928974 0.370588 0.414425 0.997884 0.905500 0.663901 0.555817 0.758009 0.700604 0.867082 0.916534 0.896045 0.899651 0.923552 0.775381 0.986814 0.646381 0.964700 0.675693 0.727263 0.665440 0.715326 0.694021 0.665792 0.826626 0.920861 0.984941 0.797776 0.797437 0.374234 0.452124 0.527804 0.651619 0.756894 0.647765 0.434612 0.427488 0.751536 0.953272 0.830054 0.971412 0.626428 0.401130 0.942552 0.707833 0.633446 0.625091 0.782842 0.912437 0.715740 0.892348 0.677982 0.570066 0.437851 0.501726 0.749074 0.741512 0.976325 0.998996 0.838945 0.982066 0.780123 0.918267 0.551153 0.477036 0.494921 0.581876 0.928688 0.826079 0.858246 0.959907 0.911337 0.879874 0.824468 0.980321 0.672365 0.664532 0.922065 0.951424 0.961828 0.897934 0.955986 0.724193 0.784734 0.767973 0.846145 0.832096 0.947896 0.770781
0.567609 0.493965 0.725623 0.959768 0.982227 0.904624 0.868425 0.760291 0.689411 0.782931 0.536116 0.455185 0.828440 0.645733 0.929282 0.719048 0.312774 0.000000 0.473074 0.376554 0.899175 0.947790 0.821980 0.895236 0.789212 0.741903 0.935277 0.839041 0.373913 0.403750 0.947732 0.817833 0.636335 0.478393 0.800547 0.772789 0.957918 0.837162 0.964732 0.967034 0.967738 0.774497 0.900922 0.601684 0.866518 0.645666 0.725205 0.625774 0.775547 0.788753 0.770814 0.899503 0.963971 0.843789 0.830776 0.822650 0.366109 0.446584 0.599316 0.690959 0.740846 0.625950 0.418147 0.383771 0.807253 0.983753 0.935464 0.898528 0.660058 0.377749 0.789772 0.654949 0.554996 0.608379 0.803644 0.825579 0.682509 0.762927 0.537122 0.534958 0.408086 0.504873 0.664050 0.688886 0.999978 0.940277 0.877069 0.987525 0.735291 0.943803 0.605303 0.496426 0.554449 0.584718 0.822694 0.810896 0.712538 0.805148 0.877879 0.848163 0.798782 0.971656 0.655210 0.643803 0.859174 0.962870 0.961534 0.869206 0.918982 0.650346 0.639697 0.789023 0.852288 0.818027 0.845716 0.842775
0.548035 0.542588 0.977536 0.814051 0.956950 0.934839 0.986637 0.861278 0.862244 0.981764 0.645335 0.543122 0.637122 0.601578 0.828816 0.722707 0.434203 0.473074 0.000000 0.448168 0.998145 0.973884 0.951177 0.825623 0.967853 0.996018 0.827922 0.976719 0.519215 0.619249 0.874505 0.846944 0.633405 0.535874 0.856021 0.863963 0.965969 0.860168 0.822213 0.899005 0.919543 0.864222 0.960697 0.704174 0.960702 0.742851 0.675402 0.642466 0.761565 0.689502 0.664652 0.763743 0.820563 0.858584 0.764622 0.866509 0.497840 0.563316 0.594475 0.666468 0.707274 0.721311 0.569701 0.597256 0.948138 0.876060 0.932054 0.940191 0.658785 0.523661 0.963603 0.802686 0.726351 0.691126 0.839452 0.912019 0.753150 0.846239 0.717008 0.599668 0.511273 0.534244 0.661400 0.720679 0.780557 0.761479 0.910512 0.839096 0.957205 0.817504 0.667781 0.569620 0.588377 0.642937 0.951421 0.896701 0.922105 0.918522 0.975538 0.921985 0.743371 0.963546 0.734800 0.774780 0.825141 0.947881 0.944820 0.823487 0.998296 0.903263 0.746006 0.911525 0.933720 0.940368 0.952245 0.953414
0.390779 0.377690 0.694336 0.868555 0.918027 0.862734 0.774735 0.736627 0.728150 0.794253 0.483757 0.364087 0.744673 0.580461 0.986032 0.725090 0.355081 0.376554 0.448168 0.000000 0.876995 0.956148 0.776721 0.980787 0.843037 0.724328 0.993294 0.978487 0.432697 0.546189 0.873856 0.985223 0.741688 0.602088 0.839389 0.696881 0.916590 0.890223 0.870264 0.974628 0.996713 0.817327 0.907721 0.730807 0.907833 0.721961 0.799353 0.698533 0.548823 0.515516 0.484176 0.613565 0.741688 0.850635 0.673092 0.665852 0.355539 0.352065 0.440554 0.451897 0.727458 0.515111 0.494734 0.408464 0.803588 0.981853 0.802898 0.988382 0.559527 0.361300 0.973836 0.740387 0.715273 0.757433 0.837116 0.864701 0.646238 0.772199 0.687980 0.607469 0.424752 0.490342 0.749815 0.729409 0.917081 0.921494 0.703898 0.957611 0.905958 0.788742 0.617497 0.486020 0.521931 0.540784 0.920615 0.891572 0.791529 0.991545 0.907047 0.906400 0.682282 0.914330 0.664698 0.752054 0.798102 0.985368 0.978369 0.995522 0.906946 0.821268 0.796429 0.880912 0.862181 0.878584 0.871498 0.789113
0.938341 0.822003 0.786296 0.975929 0.804984 0.827245 0.989252 0.693246 0.938435 0.626796 0.924802 0.850085 0.985984 0.909393 0.948299 0.909646 0.855457 0.899175 0.998145 0.876995 0.000000 0.986583 0.931321 0.891730 0.859979 0.751553 0.922565 0.905190 0.912272 0.868283 0.954365 0.984121 0.934859 0.886383 0.865484 0.955677 0.870099 0.974392 0.863926 0.980791 0.860243 0.919893 0.896977 0.809583 0.811851 0.723455 0.985523 0.761460 0.784310 0.812072 0.844095 0.867126 0.834668 0.893033 0.938425 0.996550 0.833723 0.821808 0.852366 0.851024 0.957124 0.785550 0.875882 0.798577 0.874109 0.929910 0.931782 0.972547 0.943553 0.874282 0.897330 0.801607 0.856523 0.880666 0.799199 0.793535 0.907485 0.961631 0.961097 0.987043 0.906081 0.996375 0.995824 0.962955 0.909142 0.834927 0.944839 0.963744 0.924751 0.947520 0.845589 0.952246 0.970795 0.976697 0.880658 0.841870 0.809415 0.996294 0.632019 0.851319 0.908482 0.834778 0.766496 0.863310 0.900231 0.880660 0.983286 0.878358 0.875245 0.960019 0.865915 0.724991 0.835370 0.900255 0.991941 0.929997
0.912931 0.946855 0.954392 0.983791 0.869422 0.992513 0.889896 0.888161 0.936316 0.979764 0.965496 0.978053 0.965991 0.990994 0.936160 0.944998 0.935849 0.947790 0.973884 0.956148 0.986583 0.000000 0.892127 0.988605 0.925348 0.988867 0.972683 0.968274 0.918115 0.956494 0.948043 0.952153 0.977388 0.999932 0.892033 0.922176 0.914071 0.702039 0.943554 0.717119 0.889507 0.982990 0.991009 0.976884 0.891962 0.982477 0.914682 0.944114 0.925212 0.860783 0.888841 0.921076 0.889467 0.955189 0.919426 0.930079 0.936802 0.910242 0.942768 0.935933 0.849429 0.904631 0.997485 0.987340 0.901882 0.820691 0.869133 0.923144 0.991072 0.951743 0.994522 0.964365 0.993066 0.952904 0.892883 0.882746 0.960409 0.927694 0.955779 0.920428 0.957375 0.896814 0.950918 0.962489 0.922795 0.900967 0.791004 0.946497 0.940861 0.986275 0.840074 0.903859 0.919405 0.946548 0.963447 0.966400 0.890674 0.969258 0.958410 0.912825 0.950610 0.839674 0.952397 0.918838 0.816505 0.856237 0.932250 0.950176 0.948554 0.959526 0.937659 0.921064 0.914329 0.974133 0.945067 0.973901
0.659150 0.754653 0.441772 0.551085 0.717637 0.861856 0.538818 0.858972 0.750878 0.869750 0.550624 0.806359 0.638160 0.794767 0.417490 0.648055 0.737377 0.821980 0.951177 0.776721 0.931321 0.892127 0.000000 0.414495 0.695359 0.574849 0.772130 0.929370 0.749534 0.774969 0.649431 0.674222 0.651946 0.887154 0.642368 0.613317 0.779896 0.978881 0.842901 0.922023 0.769293 0.827776 0.810391 0.989661 0.723883 0.976212 0.860682 0.826919 0.684445 0.712701 0.834476 0.885481 0.952705 0.876992 0.840610 0.711268 0.680614 0.699170 0.687459 0.689162 0.693920 0.945774 0.874225 0.837891 0.300327 0.435388 0.536932 0.475753 0.609906 0.667791 0.909218 0.925525 0.760146 0.742518 0.935357 0.956626 0.856256 0.901752 0.899580 0.973612 0.948355 0.990216 0.661562 0.996799 0.447588 0.474913 0.717094 0.576707 0.839529 0.887070 0.553449 0.728820 0.668167 0.794917 0.938154 0.964195 0.973796 0.885595 0.894753 0.771059 0.841798 0.746702 0.966264 0.790790 0.732178 0.794443 0.822947 0.915642 0.951753 0.940619 0.828838 0.855930 0.900959 0.969205 0.702204 0.921518
0.974104 0.968539 0.578521 0.493887 0.850291 0.918908 0.779464 0.904125 0.993839 0.804994 0.677455 0.998275 0.623908 0.686288 0.577588 0.641279 0.875969 0.895236 0.825623 0.980787 0.891730 0.988605 0.414495 0.000000 0.687690 0.691858 0.721265 0.823217 0.832608 0.778102 0.820791 0.864414 0.759797 0.912938 0.767651 0.678426 0.870903 0.919455 0.816554 0.968854 0.960002 0.922362 0.972614 0.975526 0.976979 0.978376 0.723658 0.823977 0.887476 0.989226 0.890508 0.869483 0.797799 0.807301 0.879930 0.933385 0.905291 0.950300 0.989869 0.977284 0.698623 0.903152 0.971597 0.999764 0.439769 0.519525 0.767976 0.691336 0.866123 0.880801 0.967411 0.941837 0.785426 0.794988 0.983055 0.992881 0.932455 0.977032 0.868459 0.859912 0.844517 0.780576 0.628290 0.840505 0.415991 0.445188 0.813349 0.533858 0.712832 0.695246 0.775057 0.954941 0.892017 0.989471 0.853265 0.963520 0.917226 0.841061 0.973339 0.879259 0.863705 0.866492 0.839955 0.841544 0.820799 0.768170 0.829001 0.926032 0.951839 0.991942 0.876334 0.984015 0.996297 0.919028 0.765498 0.838796
0.902674 0.912657 0.544300 0.926866 0.924358 0.831511 0.976555 0.597815 0.975720 0.731264 0.621508 0.634438 0.880503 0.775215 0.857301 0.915821 0.809269 0.789212 0.967853 0.843037 0.859979 0.925348 0.695359 0.687690 0.000000 0.431744 0.661122 0.906905 0.700457 0.624530 0.660723 0.839478 0.931299 0.903894 0.744107 0.829621 0.669596 0.820980 0.945012 0.886808 0.910813 0.979892 0.733319 0.926914 0.954280 0.941365 0.749301 0.862017 0.952871 0.992282 0.887007 0.951312 0.994650 0.946038 0.875886 0.963190 0.917309 0.901649 0.883477 0.863308 0.735828 0.637830 0.603749 0.615783 0.569337 0.948867 0.803108 0.919469 0.941415 0.948083 0.734275 0.926052 0.951639 0.970416 0.850613 0.905414 0.887384 0.985396 0.983953 0.991016 0.897230 0.948583 0.946863 0.990939 0.752896 0.765534 0.862779 0.880640 0.820468 0.832975 0.966763 0.890446 0.826425 0.940465 0.935906 0.965269 0.972415 0.997608 0.751946 0.838198 0.985493 0.948610 0.932205 0.926942 0.979327 0.944281 0.857720 0.812866 0.960293 0.877955 0.946187 0.943480 0.765323 0.929137 0.855402 0.787855
0.791572 0.820795 0.487075 0.793746 0.889572 0.933284 0.830726 0.719745 0.834105 0.677997 0.625147 0.636461 0.974845 0.784633 0.834845 0.973096 0.715320 0.741903 0.996018 0.724328 0.751553 0.988867 0.574849 0.691858 0.431744 0.000000 0.753529 0.848365 0.617922 0.554368 0.633412 0.825053 0.912899 0.919386 0.734163 0.772989 0.607634 0.865070 0.875115 0.937488 0.951082 0.983212 0.807516 0.970594 0.958789 0.841788 0.806164 0.917726 0.833907 0.879648 0.819997 0.966888 0.958014 0.932052 0.984035 0.961585 0.788484 0.795147 0.744365 0.779753 0.821316 0.661169 0.634380 0.635465 0.492625 0.762149 0.734096 0.778739 0.962479 0.793366 0.759149 0.980483 0.947318 0.952513 0.933529 0.967480 0.738486 0.928964 0.996647 0.986505 0.924945 0.952611 0.865927 0.907524 0.669043 0.588189 0.976345 0.773084 0.799484 0.753172 0.792801 0.740674 0.733731 0.827786 0.910958 0.991264 0.943404 0.909235 0.865995 0.951962 0.995054 0.907104 0.797078 0.870429 0.944849 0.763907 0.971840 0.864501 0.977378 0.845195 0.885165 0.959062 0.781500 0.968157 0.825460 0.825535
0.950403 0.984460 0.784998 0.889693 0.924734 0.990068 0.989950 0.944144 0.958581 0.842866 0.895847 0.943324 0.828933 0.860180 0.810325 0.920008 0.938179 0.935277 0.827922 0.993294 0.922565 0.972683 0.772130 0.721265 0.661122 0.753529 0.000000 0.831360 0.851404 0.937873 0.831681 0.925237 0.943626 0.973555 0.855265 0.973238 0.983154 0.877429 0.876912 0.964698 0.996516 0.900621 0.961114 0.934707 0.880208 0.902499 0.957480 0.943327 0.962586 0.895880 0.955605 0.921225 0.910541 0.843390 0.993839 0.964971 0.965642 0.972959 0.943813 0.996313 0.947407 0.898881 0.893429 0.901220 0.792408 0.924210 0.918163 0.966229 0.952760 0.971038 0.940192 0.881880 0.844751 0.891738 0.944948 0.961478 0.884891 0.908616 0.870367 0.914573 0.983093 0.917216 0.910276 0.983302 0.813692 0.796345 0.861110 0.768073 0.854334 0.946663 0.933710 0.941202 0.999990 0.984338 0.994643 0.988694 0.797120 0.902401 0.898817 0.977024 0.983055 0.918894 0.977172 0.899968 0.919869 0.832856 0.972918 0.739003 0.916277 0.913238 0.934472 0.876014 0.841485 0.989395 0.882481 0.968846
0.949369 0.929245 0.944626 0.834471 0.920782 0.772812 0.866586 0.985113 0.887478 0.889088 0.909885 0.988578 0.924352 0.855594 0.953805 0.950838 0.928974 0.839041 0.976719 0.978487 0.905190 0.968274 0.929370 0.823217 0.906905 0.848365 0.831360 0.000000 0.900109 0.895763 0.965656 0.822494 0.934047 0.947219 0.954527 0.995257 0.960506 0.918562 0.974303 0.846060 0.974302 0.983409 0.707984 0.797613 0.708547 0.820698 0.998832 0.965088 0.929939 0.815861 0.806020 0.726991 0.782780 0.634438 0.856098 0.899181 0.906949 0.980201 0.992878 0.882305 0.920935 0.991431 0.991009 0.979574 0.936689 0.974873 0.900325 0.857570 0.861031 0.933362 0.898336 0.930247 0.800940 0.878351 0.939152 0.996304 0.981436 0.959606 0.906429 0.969863 0.990038 0.977910 0.987550 0.966811 0.927047 0.902326 0.962837 0.953858 0.832473 0.879229 0.979635 0.935320 0.989777 0.888114 0.972602 0.991743 0.902660 0.861511 0.999251 0.910879 0.956744 0.931737 0.958647 0.764040 0.981516 0.963982 0.964743 0.982580 0.907177 0.995382 0.742722 0.908924 0.817530 0.797749 0.961644 0.934308
0.619103 0.601295 0.713882 0.980082 0.952616 0.819776 0.974159 0.687381 0.814538 0.623907 0.457890 0.454940 0.733183 0.628878 0.924559 0.703582 0.370588 0.373913 0.519215 0.432697 0.912272 0.918115 0.749534 0.832608 0.700457 0.617922 0.851404 0.900109 0.000000 0.362260 0.965818 0.846549 0.613842 0.519130 0.741904 0.700471 0.885766 0.916747 0.893241 0.949449 0.940854 0.837401 0.921321 0.624514 0.817283 0.563027 0.784339 0.707709 0.759048 0.774258 0.744765 0.895477 0.998266 0.978107 0.868704 0.890692 0.467568 0.570522 0.621699 0.700271 0.688581 0.616243 0.414243 0.447573 0.725965 0.936414 0.908857 0.941275 0.824779 0.518800 0.970246 0.755295 0.649075 0.692019 0.892220 0.864252 0.633587 0.867362 0.684006 0.669398 0.560687 0.705408 0.829500 0.892879 0.884949 0.883659 0.884174 0.945658 0.773207 0.915404 0.657403 0.591395 0.648260 0.704760 0.887420 0.850029 0.820123 0.860973 0.840605 0.886467 0.703683 0.985581 0.670268 0.680775 0.935805 0.925467 0.994461 0.941826 0.975816 0.759656 0.726311 0.765408 0.870806 0.842820 0.956532 0.824128
0.820779 0.734347 0.720402 0.937934 0.998071 0.922408 0.966565 0.687822 0.794147 0.577020 0.581743 0.538019 0.794474 0.663782 0.911455 0.753982 0.414425 0.403750 0.619249 0.546189 0.868283 0.956494 0.774969 0.778102 0.624530 0.554368 0.937873 0.895763 0.362260 0.000000 0.902677 0.784039 0.702500 0.503591 0.693230 0.730176 0.856789 0.957475 0.912105 0.931265 0.915221 0.891055 0.924931 0.644117 0.780786 0.609849 0.848459 0.779755 0.934834 0.915778 0.883815 0.959180 0.886651 0.908896 0.993371 0.942733 0.563367 0.680521 0.812136 0.884967 0.749163 0.710491 0.436208 0.481876 0.651588 0.871152 0.842355 0.969933 0.957748 0.593952 0.921147 0.683289 0.765624 0.743488 0.847237 0.896787 0.779858 0.838940 0.714034 0.667951 0.653453 0.793782 0.874719 0.893423 0.752949 0.798779 0.993125 0.956450 0.687188 0.753949 0.706038 0.605928 0.648006 0.741752 0.801338 0.816850 0.827349 0.796485 0.853089 0.966429 0.781642 0.982587 0.640267 0.747591 0.970701 0.904363 0.987103 0.920907 0.931221 0.669744 0.659150 0.761852 0.783034 0.810872 0.995338 0.775601
0.684517 0.856422 0.626552 0.861438 0.973333 0.932929 0.740479 0.999357 0.882020 0.855246 0.724421 0.773276 0.978013 0.942291 0.655854 0.858920 0.997884 0.947732 0.874505 0.873856 0.954365 0.948043 0.649431 0.820791 0.660723 0.633412 0.831681 0.965656 0.965818 0.902677 0.000000 0.490551 0.613045 0.738323 0.848706 0.860789 0.689217 0.813545 0.985700 0.957402 0.872464 0.923922 0.484254 0.618103 0.612216 0.733674 0.655758 0.617125 0.782318 0.807081 0.734672 0.785603 0.757545 0.988466 0.890960 0.692528 0.993281 0.901045 0.671481 0.691022 0.939232 0.763977 0.975102 0.895594 0.728577 0.918715 0.731972 0.658854 0.721297 0.910649 0.620686 0.680298 0.994260 0.962942 0.927472 0.987718 0.974110 0.840240 0.782562 0.841285 0.995563 0.979051 0.868990 0.992997 0.986553 0.888694 0.863484 0.815835 0.889963 0.927642 0.867411 0.819633 0.792731 0.833418 0.879976 0.854607 0.891598 0.769907 0.934101 0.918883 0.845262 0.821253 0.885700 0.976771 0.956489 0.797546 0.926817 0.868563 0.948126 0.975270 0.757157 0.824110 0.819869 0.911528 0.830999 0.892997
0.678347 0.807295 0.668079 0.891629 0.888930 0.988332 0.730583 0.951136 0.979283 0.847296 0.833417 0.864812 0.900892 0.976106 0.645462 0.807072 0.905500 0.817833 0.846944 0.985223 0.984121 0.952153 0.674222 0.864414 0.839478 0.825053 0.925237 0.822494 0.846549 0.784039 0.490551 0.000000 0.543842 0.727977 0.878097 0.940820 0.816547 0.894524 0.949334 0.932794 0.839235 0.997085 0.608328 0.709255 0.641113 0.785297 0.740922 0.753555 0.707243 0.743724 0.753102 0.696653 0.674784 0.885098 0.920495 0.674376 0.985271 0.907654 0.671271 0.663753 0.931000 0.823755 0.898903 0.994833 0.790044 0.895618 0.792900 0.648388 0.764593 0.986420 0.721096 0.664746 0.922664 0.978011 0.932680 0.985040 0.957505 0.853857 0.675029 0.698132 0.924121 0.964085 0.810106 0.925954 0.971155 0.883742 0.985151 0.823731 0.830287 0.801489 0.932191 0.888236 0.949828 0.895528 0.869945 0.972957 0.996795 0.765036 0.988390 0.970689 0.868064 0.819024 0.876731 0.914629 0.922872 0.852393 0.866420 0.826729 0.905499 0.899490 0.719826 0.805061 0.761419 0.866293 0.831815 0.931095
0.995937 0.846083 0.760063 0.681300 0.895165 0.834584 0.708491 0.706061 0.969766 0.745670 0.955799 0.810011 0.689842 0.712527 0.555108 0.652321 0.663901 0.636335 0.633405 0.741688 0.934859 0.977388 0.651946 0.759797 0.931299 0.912899 0.943626 0.934047 0.613842 0.702500 0.613045 0.543842 0.000000 0.535221 0.827136 0.929208 0.782013 0.917289 0.885586 0.865652 0.801457 0.843216 0.664758 0.607356 0.601645 0.618824 0.612077 0.600192 0.984992 0.999119 0.936776 0.975124 0.927986 0.908214 0.944208 0.914742 0.769587 0.833110 0.904716 0.978961 0.640331 0.819357 0.670237 0.719110 0.708163 0.682682 0.700699 0.552098 0.889954 0.866665 0.824588 0.725633 0.871177 0.964096 0.863918 0.902623 0.771690 0.813382 0.675570 0.683587 0.653378 0.764666 0.656751 0.842093 0.710398 0.719576 0.991487 0.743904 0.885956 0.892402 0.952134 0.957945 0.977015 0.950911 0.843396 0.922527 0.961891 0.789734 0.772296 0.677172 0.754108 0.765734 0.793331 0.823466 0.726355 0.861097 0.859018 0.879289 0.855645 0.867476 0.762870 0.748661 0.999005 0.816355 0.739987 0.919346
0.789170 0.647744 0.988218 0.782562 0.832153 0.797365 0.807725 0.611687 0.932919 0.722923 0.740084 0.569226 0.642587 0.647216 0.728206 0.632845 0.555817 0.478393 0.535874 0.602088 0.886383 0.999932 0.887154 0.912938 0.903894 0.919386 0.973555 0.947219 0.519130 0.503591 0.738323 0.727977 0.535221 0.000000 0.998614 0.920092 0.910383 0.850044 0.929582 0.850412 0.886439 0.904558 0.710001 0.517208 0.662027 0.570065 0.630027 0.574166 0.910437 0.934812 0.860959 0.966195 0.914426 0.930995 0.937924 0.991793 0.556593 0.688745 0.815471 0.855639 0.606021 0.635811 0.504855 0.539568 0.929479 0.752869 0.829539 0.637832 0.946256 0.713266 0.755480 0.613682 0.823079 0.807607 0.783299 0.938103 0.600823 0.703502 0.608593 0.732131 0.561897 0.683918 0.693546 0.809237 0.834163 0.772270 0.904039 0.809938 0.822399 0.967845 0.930915 0.775773 0.828636 0.875771 0.861436 0.793456 0.780276 0.744689 0.706163 0.773456 0.718056 0.925820 0.678734 0.805610 0.743822 0.867708 0.968132 0.912394 0.979096 0.722265 0.687002 0.620063 0.796412 0.820602 0.738818 0.998713
0.798146 0.802686 0.641710 0.796444 0.843825 0.991194 0.752558 0.958493 0.780471 0.897216 0.666608 0.746282 0.994065 0.862809 0.759376 0.961230 0.758009 0.800547 0.856021 0.839389 0.865484 0.892033 0.642368 0.767651 0.744107 0.734163 0.855265 0.954527 0.741904 0.693230 0.848706 0.878097 0.827136 0.998614 0.000000 0.788561 0.628642 0.947457 0.927093 0.855240 0.811370 0.965923 0.743800 0.916398 0.817069 0.983822 0.972396 0.934279 0.880545 0.811513 0.808493 0.851079 0.888158 0.973321 0.996833 0.889719 0.820953 0.785160 0.822495 0.792039 0.923636 0.934348 0.767521 0.764189 0.597162 0.670909 0.554390 0.680503 0.864285 0.740439 0.902606 0.948580 0.902612 0.936731 0.899630 0.967278 0.849298 0.994584 0.893069 0.807107 0.906790 0.969260 0.990465 0.960280 0.683284 0.691855 0.901985 0.894723 0.976154 0.894462 0.705020 0.689159 0.712898 0.698382 0.980444 0.922402 0.923051 0.988918 0.953155 0.891081 0.954219 0.897872 0.912823 0.995741 0.912898 0.976449 0.848784 0.946458 0.910868 0.988220 0.870143 0.999041 0.984383 0.964913 0.658990 0.905573
0.741660 0.711380 0.729426 0.991026 0.872967 0.985662 0.760421 0.899204 0.907405 0.917238 0.615120 0.707838 0.960235 0.867975 0.876025 0.956995 0.700604 0.772789 0.863963 0.696881 0.955677 0.922176 0.613317 0.678426 0.829621 0.772989 0.973238 0.995257 0.700471 0.730176 0.860789 0.940820 0.929208 0.920092 0.788561 0.000000 0.864200 0.942816 0.941027 0.891406 0.926349 0.930680 0.767545 0.914618 0.781774 0.926852 0.916635 0.987493 0.775243 0.693320 0.654155 0.719278 0.800453 0.804707 0.722941 0.786179 0.696655 0.651415 0.769813 0.703782 0.976148 0.788359 0.714187 0.694810 0.704609 0.832848 0.620940 0.785057 0.819402 0.723476 0.939001 0.975189 0.912960 0.924659 0.976024 0.884100 0.812407 0.999991 0.845299 0.985190 0.771434 0.819287 0.924258 0.864091 0.821416 0.857123 0.694878 0.760996 0.917024 0.988054 0.691958 0.692754 0.654012 0.734681 0.925021 0.900653 0.995467 0.789323 0.974374 0.861874 0.976600 0.965996 0.997823 0.799611 0.967111 0.959569 0.753755 0.957206 0.914450 0.988752 0.973320 0.889896 0.947890 0.857405 0.994870 0.842198
0.898277 0.981382 0.694808 0.927132 0.985929 0.981778 0.936433 0.893935 0.940335 0.992960 0.772711 0.812601 0.955742 0.750307 0.913243 0.965993 0.867082 0.957918 0.965969 0.916590 0.870099 0.914071 0.779896 0.870903 0.669596 0.607634 0.983154 0.960506 0.885766 0.856789 0.689217 0.816547 0.782013 0.910383 0.628642 0.864200 0.000000 0.789746 0.638470 0.955864 0.931651 0.844460 0.692753 0.842412 0.813104 0.859647 0.729241 0.817139 0.981574 0.984557 0.903419 0.962132 0.959064 0.983274 0.826122 0.945637 0.983260 0.957403 0.873562 0.865179 0.913929 0.912709 0.876965 0.905359 0.750658 0.947966 0.715287 0.711427 0.958908 0.957864 0.651686 0.860365 0.982079 0.974837 0.988365 0.930477 0.991406 0.793305 0.987258 0.989054 0.959812 0.940779 0.934170 0.838293 0.870309 0.877652 0.907108 0.806385 0.848433 0.846479 0.919378 0.814230 0.815373 0.899972 0.938548 0.936774 0.941958 0.743431 0.790076 0.934103 0.849066 0.976787 0.935140 0.913855 0.955149 0.790700 0.974490 0.999143 0.860333 0.857732 0.903798 0.966430 0.989652 0.921165 0.788186 0.992264
0.856882 0.822892 0.885583 0.897848 0.963412 0.854644 0.948205 0.965537 0.947665 0.865204 0.985232 0.949214 0.901258 0.908743 0.948142 0.989910 0.916534 0.837162 0.860168 0.890223 0.974392 0.702039 0.978881 0.919455 0.820980 0.865070 0.877429 0.918562 0.916747 0.957475 0.813545 0.894524 0.917289 0.850044 0.947457 0.942816 0.789746 0.000000 0.844666 0.967786 0.917986 0.869911 0.725756 0.812327 0.812899 0.717796 0.679781 0.688588 0.792546 0.829680 0.943939 0.903128 0.916476 0.972154 0.778063 0.881580 0.766541 0.755737 0.844483 0.894014 0.986576 0.878246 0.982418 0.898351 0.904382 0.999860 0.917636 0.931017 0.764386 0.827008 0.746337 0.736357 0.786856 0.857354 0.878189 0.925675 0.938375 0.793895 0.869763 0.853944 0.844192 0.758110 0.948424 0.778072 0.938888 0.883655 0.717882 0.908503 0.910448 0.855671 0.888365 0.966743 0.990817 0.978841 0.898854 0.771175 0.581857 0.726819 0.924973 0.862841 0.790283 0.916592 0.795699 0.625903 0.925755 0.680047 0.839907 0.948731 0.976053 0.960626 0.801242 0.994363 0.961843 0.862481 0.894514 0.894381
