0.000000 0.248453 0.709556 0.560747 0.824742 0.888296 0.580626 0.453785 0.822943 0.973053 0.604642 0.302454 0.504609 0.496109 0.957432 0.751734 0.343859 0.321969 0.359728 0.343664 0.745409 0.954426 0.690141 0.711550 0.710929 0.816095 0.781979 0.996478 0.492550 0.429315 0.662714 0.573414 0.414778 0.410373 0.837152 0.989809 0.637261 0.568942 0.836998 0.682264 0.701496 0.687207 0.854195 0.683824 0.998906 0.832774 0.517969 0.606360 0.784154 0.627095 0.668414 0.625095 0.847526 0.969805 0.500080 0.598573 0.249813 0.242951 0.395527 0.345340 0.438771 0.441247 0.307257 0.256760 0.724050 0.644578 0.707322 0.622178 0.431073 0.393002 0.807658 0.880944 0.822249 0.971915 0.899195 0.923903 0.921359 0.915628 0.627066 0.628053 0.388364 0.435364 0.557444 0.479574 0.373994 0.388523 0.980205 0.859297 0.491166 0.332776 0.651291 0.665799 0.634251 0.539160 0.958689 0.915760 0.690434 0.851753 0.950097 0.925572 0.986170 0.883700 0.899482 0.734140 0.767581 0.738735 0.726244 0.928852 0.977573 0.671485 0.908422 0.846612 0.922060 0.921878 0.720197 0.748755
0.248453 0.000000 0.580711 0.473505 0.791810 0.798406 0.602387 0.463624 0.779769 0.905797 0.710687 0.359994 0.607223 0.592885 0.981971 0.760991 0.313053 0.285570 0.389800 0.381786 0.651203 0.929955 0.664072 0.664946 0.588268 0.711645 0.672382 0.962444 0.555241 0.394823 0.569876 0.537571 0.430780 0.405870 0.778788 0.858515 0.500172 0.484830 0.735126 0.693997 0.710139 0.650017 0.773192 0.633098 0.989925 0.847552 0.467799 0.559633 0.851007 0.643957 0.675236 0.601577 0.797302 0.970646 0.493566 0.586927 0.208138 0.218499 0.419529 0.363777 0.526865 0.471431 0.425455 0.330327 0.610877 0.534181 0.621855 0.559553 0.411875 0.345936 0.755030 0.937194 0.776107 0.963648 0.865840 0.871829 0.877999 0.891569 0.572851 0.556141 0.379332 0.470936 0.477513 0.432733 0.426595 0.374959 0.931478 0.858824 0.623925 0.337760 0.576595 0.602001 0.583484 0.530345 0.940883 0.941639 0.701682 0.834224 0.958330 0.935885 0.887070 0.781269 0.970568 0.834901 0.724460 0.714977 0.687312 0.892694 0.956911 0.629931 0.923352 0.897562 0.907386 0.936932 0.700968 0.761011
0.709556 0.580711 0.000000 0.300826 0.932145 0.882986 0.599408 0.591014 0.844147 0.788459 0.982758 0.772007 0.812112 0.713435 0.681233 0.494515 0.618645 0.593066 0.573644 0.611808 0.536479 0.903074 0.433227 0.422939 0.302694 0.326529 0.538972 0.957945 0.904072 0.588539 0.390964 0.507229 0.580042 0.667682 0.548877 0.626608 0.526222 0.557914 0.598940 0.905013 0.894596 0.711331 0.868160 0.812678 0.741277 0.777854 0.718985 0.789929 0.691432 0.917719 0.983918 0.933735 0.901833 0.944538 0.792860 0.956285 0.586973 0.565609 0.833375 0.760728 0.681021 0.696980 0.870915 0.789653 0.286588 0.327428 0.518170 0.597043 0.668380 0.659908 0.531369 0.750445 0.684476 0.756037 0.712315 0.924167 0.766106 0.729220 0.792596 0.881903 0.888741 0.873860 0.568317 0.803380 0.634843 0.498023 0.871084 0.982235 0.957056 0.706030 0.807698 0.722534 0.920561 0.901028 0.972693 0.887291 0.854338 0.972856 0.820454 0.952715 0.958268 0.853806 0.820919 0.940363 0.674856 0.742455 0.699257 0.841923 0.934591 0.731724 0.919426 0.904719 0.899691 0.943788 0.623848 0.989529
0.560747 0.473505 0.300826 0.000000 0.980488 0.964952 0.450632 0.373323 0.798603 0.991540 0.990017 0.623737 0.662174 0.542988 0.644141 0.399644 0.555876 0.541082 0.442787 0.553026 0.551659 0.944729 0.319154 0.368744 0.416391 0.429660 0.592036 0.978259 0.785259 0.548265 0.317530 0.406588 0.403643 0.531487 0.573967 0.695288 0.558425 0.575025 0.764734 0.917755 0.901386 0.750520 0.659915 0.604331 0.935882 0.997288 0.581222 0.594788 0.913327 0.827053 0.737315 0.661554 0.683935 0.735107 0.671523 0.819584 0.463414 0.448486 0.626464 0.511240 0.525771 0.460557 0.710559 0.585454 0.354910 0.273760 0.413951 0.455524 0.686123 0.552476 0.434374 0.728267 0.578728 0.701733 0.735608 0.827803 0.704760 0.646892 0.603533 0.692458 0.759547 0.815389 0.523150 0.728436 0.505724 0.375269 0.961509 0.914619 0.834843 0.526850 0.901232 0.823087 0.960157 0.901855 0.897397 0.801740 0.736580 0.817241 0.985021 0.863110 0.964088 0.973704 0.903173 0.968234 0.550619 0.572696 0.632354 0.739632 0.980830 0.674971 0.842590 0.916770 0.891885 0.991484 0.516159 0.992305
0.824742 0.791810 0.932145 0.980488 0.000000 0.603818 0.760167 0.815490 0.434456 0.556382 0.752063 0.912174 0.870820 0.930135 0.659107 0.781270 0.797531 0.706875 0.919510 0.933323 0.942551 0.944133 0.761296 0.888119 0.775191 0.876840 0.920482 0.978632 0.959228 0.922688 0.901605 0.914981 0.970530 0.946948 0.975195 0.950034 0.784174 0.777935 0.782968 0.741838 0.709662 0.834849 0.873776 0.969966 0.769586 0.872541 0.910988 0.964251 0.899331 0.987511 0.822653 0.874123 0.740382 0.679113 0.975380 0.939860 0.798950 0.831042 0.994339 0.988876 0.823058 0.738193 0.990440 0.965486 0.860266 0.987556 0.880146 0.973237 0.817731 0.879851 0.668169 0.897540 0.905257 0.786972 0.947864 0.993572 0.794809 0.850200 0.811583 0.987187 0.901594 0.904743 0.997714 0.757001 0.971300 0.902389 0.863072 0.914713 0.997669 0.909387 0.497941 0.519511 0.499037 0.580748 0.848812 0.894819 0.922031 0.754004 0.665969 0.736891 0.670648 0.595441 0.868490 0.873676 0.805425 0.886643 0.923839 0.887889 0.955297 0.897306 0.797455 0.836464 0.780682 0.927189 0.902422 0.934057
0.888296 0.798406 0.882986 0.964952 0.603818 0.000000 0.777302 0.858493 0.535411 0.605562 0.806487 0.962104 0.902494 0.968844 0.792287 0.781266 0.944782 0.849786 0.936535 0.902860 0.781976 0.926183 0.757982 0.852979 0.848324 0.891583 0.829615 0.926960 0.908332 0.907924 0.906526 0.984922 0.992591 0.965436 0.874173 0.988432 0.787296 0.881187 0.783745 0.832439 0.824196 0.926187 0.853328 0.894827 0.650497 0.765788 0.948852 0.854550 0.780605 0.825316 0.807243 0.844358 0.740722 0.689002 0.895832 0.824918 0.840340 0.867745 0.972238 0.987186 0.834469 0.868011 0.943294 0.942379 0.819902 0.944469 0.859011 0.860000 0.771618 0.904312 0.844624 0.841469 0.908672 0.825326 0.866534 0.892814 0.762437 0.811734 0.864345 0.858758 0.949642 0.944819 0.957095 0.842709 0.902718 0.992274 0.921192 0.990732 0.924614 0.972205 0.488441 0.572549 0.522894 0.697615 0.839201 0.943079 0.860734 0.890727 0.618319 0.672665 0.763533 0.741655 0.700970 0.855904 0.831643 0.889937 0.996980 0.846245 0.948722 0.816640 0.959978 0.694442 0.815160 0.944572 0.778112 0.833473
0.580626 0.602387 0.599408 0.450632 0.760167 0.777302 0.000000 0.255196 0.661709 0.525180 0.934347 0.703177 0.584478 0.601061 0.657058 0.563358 0.624072 0.686024 0.421529 0.666902 0.816420 0.902887 0.420924 0.664768 0.877704 0.819470 0.920076 0.973431 0.537349 0.671833 0.385735 0.474494 0.420790 0.404033 0.654004 0.891056 0.854475 0.833399 0.875743 0.931142 0.988435 0.704373 0.542647 0.459324 0.649730 0.603151 0.522786 0.477489 0.640344 0.552256 0.454536 0.443374 0.462230 0.565909 0.547807 0.639761 0.557793 0.549047 0.393241 0.387195 0.293779 0.365699 0.451095 0.452922 0.820496 0.663057 0.418422 0.423960 0.925236 0.560729 0.531126 0.888043 0.564866 0.678027 0.818129 0.840948 0.490072 0.633760 0.642080 0.762872 0.678298 0.879777 0.686964 0.927739 0.549660 0.595050 0.745198 0.933727 0.763764 0.565193 0.771847 0.765425 0.715973 0.879588 0.725936 0.677783 0.570856 0.670767 0.520659 0.485240 0.685027 0.712281 0.697720 0.656601 0.544812 0.485856 0.577316 0.641741 0.974777 0.767007 0.665083 0.599891 0.602121 0.709996 0.492024 0.963467
0.453785 0.463624 0.591014 0.373323 0.815490 0.858493 0.255196 0.000000 0.726843 0.579978 0.977563 0.523713 0.501577 0.458548 0.634602 0.496887 0.543242 0.568470 0.364644 0.539754 0.749027 0.877293 0.391310 0.566382 0.804298 0.782706 0.916971 0.966116 0.506324 0.571936 0.364429 0.419291 0.346674 0.379491 0.682688 0.889050 0.777311 0.762062 0.909002 0.909704 0.955229 0.716874 0.480495 0.407861 0.692807 0.612624 0.453733 0.427346 0.641422 0.511316 0.405317 0.388838 0.444391 0.541656 0.538661 0.621144 0.443714 0.436443 0.364973 0.300779 0.315714 0.247902 0.433495 0.364710 0.750436 0.550439 0.431368 0.399026 0.793904 0.492379 0.474171 0.807209 0.512390 0.625362 0.826703 0.764792 0.543249 0.661289 0.551904 0.619682 0.562939 0.724604 0.645793 0.798544 0.454232 0.466471 0.787062 0.973373 0.685778 0.444699 0.846522 0.841935 0.832443 0.963281 0.715134 0.695389 0.532108 0.682251 0.562073 0.499192 0.719655 0.769162 0.766337 0.656683 0.523153 0.455261 0.561723 0.602069 0.976921 0.712850 0.699610 0.601952 0.602410 0.767808 0.497935 0.979064
0.822943 0.779769 0.844147 0.798603 0.434456 0.535411 0.661709 0.726843 0.000000 0.560177 0.773350 0.879650 0.790896 0.804697 0.572670 0.606557 0.832323 0.750750 0.858195 0.943787 0.951478 0.967254 0.620893 0.751466 0.992291 0.927775 0.934795 0.922778 0.993770 0.891308 0.713861 0.887168 0.987400 0.976743 0.889041 0.979202 0.781150 0.829628 0.808501 0.700549 0.698830 0.919669 0.867221 0.960354 0.896343 0.999123 0.920157 0.970280 0.942862 0.899130 0.918819 0.960942 0.772072 0.690621 0.969366 0.839113 0.780933 0.839245 0.910152 0.937158 0.774927 0.741231 0.949511 0.930592 0.960434 0.846636 0.862206 0.942375 0.801672 0.864710 0.575461 0.692046 0.687739 0.586439 0.969831 0.990859 0.706443 0.733338 0.846717 0.900504 0.811088 0.850811 0.942797 0.638851 0.983696 0.969006 0.876668 0.928249 0.898934 0.888702 0.394524 0.486573 0.394462 0.460667 0.843330 0.782120 0.821062 0.798542 0.678152 0.734326 0.636869 0.663323 0.942576 0.874984 0.758930 0.874080 0.931869 0.709963 0.984767 0.942133 0.883023 0.847529 0.838716 0.980893 0.753048 0.855803
0.973053 0.905797 0.788459 0.991540 0.556382 0.605562 0.525180 0.579978 0.560177 0.000000 0.847565 0.978145 0.767002 0.839529 0.804934 0.916193 0.913283 0.835490 0.854010 0.916584 0.795271 0.927427 0.851818 0.913701 0.555636 0.656738 0.608706 0.948635 0.692733 0.928476 0.832888 0.891935 0.840402 0.799599 0.963324 0.808136 0.649926 0.701392 0.459631 0.868864 0.774711 0.980208 0.633675 0.662693 0.473427 0.504312 0.842591 0.724195 0.489989 0.614328 0.510674 0.587695 0.538265 0.541823 0.873284 0.848650 0.934320 0.931578 0.686707 0.706406 0.624484 0.625487 0.719379 0.799351 0.619225 0.796737 0.847635 0.847487 0.688022 0.990931 0.766814 0.832318 0.798239 0.758673 0.859502 0.927628 0.639165 0.851677 0.932575 0.971455 0.956482 0.876804 0.792538 0.681330 0.986178 0.874549 0.572795 0.801882 0.916676 0.956577 0.390253 0.351992 0.424407 0.569041 0.736369 0.721555 0.702044 0.662138 0.335418 0.409983 0.509513 0.512881 0.602379 0.641367 0.830821 0.747496 0.846423 0.654882 0.971148 0.973097 0.741249 0.552337 0.547174 0.718206 0.796425 0.865826
0.604642 0.710687 0.982758 0.990017 0.752063 0.806487 0.934347 0.977563 0.773350 0.847565 0.000000 0.562794 0.622243 0.694184 0.935667 0.881818 0.657731 0.619987 0.704236 0.560619 0.973726 0.982966 0.810221 0.840519 0.916644 0.921134 0.941018 0.910178 0.683014 0.677817 0.854482 0.956755 0.951964 0.792470 0.860277 0.790989 0.806847 0.787953 0.896063 0.751871 0.577609 0.938075 0.645149 0.799076 0.656501 0.759500 0.920141 0.801661 0.847487 0.832063 0.772511 0.789521 0.625262 0.554984 0.951033 0.947728 0.758554 0.702310 0.955334 0.913205 0.797278 0.918380 0.668458 0.707622 0.951620 0.995560 0.706313 0.811889 0.549405 0.849047 0.891385 0.802858 0.811087 0.756923 0.964495 0.860151 0.721705 0.793504 0.950693 0.989955 0.826768 0.648436 0.906289 0.708821 0.809758 0.884686 0.938208 0.931904 0.732552 0.836076 0.686078 0.715666 0.634928 0.689022 0.703688 0.824245 0.995322 0.810010 0.733088 0.691595 0.990772 0.849885 0.902371 0.947230 0.761347 0.813910 0.876193 0.842285 0.989059 0.925291 0.826145 0.840531 0.681877 0.722484 0.970897 0.616199
0.302454 0.359994 0.772007 0.623737 0.912174 0.962104 0.703177 0.523713 0.879650 0.978145 0.562794 0.000000 0.438335 0.391052 0.783616 0.685281 0.386488 0.353887 0.394924 0.355704 0.742923 0.964955 0.700899 0.699706 0.730032 0.842352 0.852555 0.997878 0.520613 0.413785 0.731844 0.628300 0.506339 0.540562 0.811637 0.935998 0.690700 0.636007 0.890730 0.832658 0.732835 0.740505 0.906910 0.768210 0.941943 0.916235 0.635116 0.690988 0.896808 0.745524 0.762766 0.728048 0.912959 0.988604 0.583499 0.708725 0.391012 0.347511 0.563097 0.491446 0.508702 0.442441 0.418148 0.340290 0.730950 0.626279 0.838098 0.732575 0.422997 0.494751 0.801419 0.986302 0.813248 0.886873 0.886629 0.926195 0.914348 0.972329 0.682676 0.584450 0.420280 0.359896 0.561118 0.477408 0.397758 0.415518 0.907609 0.779399 0.473443 0.445918 0.755404 0.759147 0.711330 0.659265 0.957564 0.929484 0.766414 0.957372 0.991194 0.956344 0.997912 0.981929 0.964627 0.762866 0.765823 0.804258 0.764979 0.943027 0.987516 0.736172 0.963919 0.861249 0.998237 0.928120 0.775237 0.761528
0.504609 0.607223 0.812112 0.662174 0.870820 0.902494 0.584478 0.501577 0.790896 0.767002 0.622243 0.438335 0.000000 0.345591 0.538643 0.641229 0.570739 0.642457 0.420328 0.512932 0.867730 0.920871 0.657490 0.786773 0.881382 0.918574 0.970473 0.984482 0.518486 0.586655 0.692922 0.577693 0.576063 0.570038 0.855850 0.839987 0.818154 0.815971 0.929073 0.903285 0.791814 0.880048 0.896646 0.807746 0.975155 0.950244 0.735280 0.817974 0.945997 0.841872 0.793773 0.765007 0.895062 0.900387 0.731516 0.816149 0.650180 0.571493 0.693847 0.617170 0.370591 0.457132 0.437076 0.447182 0.838648 0.679702 0.912472 0.794968 0.686733 0.653873 0.693204 0.859334 0.653849 0.710424 0.842747 0.952649 0.805214 0.824471 0.840643 0.782818 0.641248 0.597329 0.680734 0.804153 0.553365 0.606422 0.936979 0.945940 0.619938 0.641563 0.902192 0.925703 0.975007 0.967401 0.963407 0.881444 0.612986 0.885867 0.813449 0.823176 0.747060 0.739486 0.940467 0.653157 0.789170 0.748614 0.826127 0.817329 0.941852 0.844900 0.979826 0.836642 0.927053 0.969780 0.666426 0.713279
0.496109 0.592885 0.713435 0.542988 0.930135 0.968844 0.601061 0.458548 0.804697 0.839529 0.694184 0.391052 0.345591 0.000000 0.523302 0.489482 0.592558 0.573979 0.433519 0.439484 0.761783 0.972696 0.536108 0.581490 0.798986 0.790317 0.917516 0.922105 0.609873 0.587305 0.638606 0.560959 0.568302 0.637299 0.795039 0.897011 0.829168 0.800564 0.984627 0.958671 0.875895 0.773086 0.870948 0.799523 0.916756 0.992065 0.733616 0.777352 0.987182 0.867235 0.769543 0.753627 0.874240 0.861397 0.749091 0.868657 0.620457 0.529213 0.711720 0.596298 0.470341 0.410563 0.519081 0.464995 0.737534 0.569719 0.817949 0.757187 0.705910 0.682306 0.605541 0.776054 0.593656 0.583786 0.763408 0.867392 0.839148 0.921514 0.725202 0.749931 0.673627 0.567035 0.683019 0.783998 0.494906 0.504155 0.993410 0.870036 0.640468 0.562073 0.947541 0.975337 0.983480 0.984953 0.901868 0.790383 0.731684 0.887098 0.853358 0.834641 0.769557 0.790482 0.991946 0.673207 0.679749 0.653392 0.803690 0.779093 0.965905 0.783919 0.928745 0.875197 0.889731 0.962512 0.685697 0.894310
0.957432 0.981971 0.681233 0.644141 0.659107 0.792287 0.657058 0.634602 0.572670 0.804934 0.935667 0.783616 0.538643 0.523302 0.000000 0.471959 0.890789 0.953632 0.743718 0.818807 0.788671 0.918734 0.484381 0.628838 0.831227 0.781995 0.961600 0.933591 0.767747 0.799764 0.646673 0.650167 0.759323 0.885102 0.721316 0.978335 0.917603 0.983375 0.938053 0.865212 0.900041 0.966142 0.857911 0.895171 0.959718 0.936006 0.934061 0.897464 0.873562 0.952790 0.925987 0.918253 0.860549 0.726801 0.995302 0.941612 0.977487 0.922601 0.988976 0.924560 0.631574 0.673261 0.853418 0.852317 0.749043 0.637034 0.811463 0.808079 0.972457 0.914161 0.515764 0.601550 0.579433 0.572510 0.705621 0.979627 0.704251 0.827543 0.868085 0.908209 0.972742 0.878893 0.755677 0.945880 0.752580 0.760954 0.989592 0.923584 0.915491 0.944457 0.671574 0.721962 0.689127 0.652473 0.921375 0.910280 0.841443 0.921563 0.817592 0.770727 0.735564 0.607978 0.979743 0.799076 0.691037 0.773515 0.845594 0.845398 0.827634 0.963708 0.919204 0.901081 0.917011 0.909442 0.735311 0.909838
0.751734 0.760991 0.494515 0.399644 0.781270 0.781266 0.563358 0.496887 0.606557 0.916193 0.881818 0.685281 0.641229 0.489482 0.471959 0.000000 0.739441 0.776965 0.572644 0.690168 0.666286 0.981617 0.255514 0.311747 0.584839 0.540032 0.749710 0.951251 0.794015 0.631377 0.490128 0.514104 0.545942 0.723508 0.503401 0.824028 0.805735 0.824978 0.879175 0.989272 0.991347 0.942721 0.715100 0.704116 0.981178 0.993519 0.701383 0.670901 0.939855 0.854458 0.760613 0.727808 0.683424 0.649646 0.744415 0.871677 0.743758 0.688257 0.772997 0.701522 0.575217 0.513952 0.785240 0.684511 0.494284 0.370278 0.480353 0.543582 0.841786 0.742259 0.445088 0.696987 0.565035 0.573945 0.697024 0.777471 0.612607 0.761082 0.752342 0.754164 0.840108 0.753417 0.575797 0.855958 0.479833 0.452379 0.902159 0.724116 0.724644 0.621500 0.830789 0.944552 0.812641 0.908287 0.835972 0.775076 0.765412 0.945840 0.838859 0.772002 0.834990 0.820625 0.992887 0.878982 0.462534 0.614719 0.726429 0.761631 0.999814 0.855389 0.843292 0.807257 0.842741 0.962812 0.557259 0.902627
0.343859 0.313053 0.618645 0.555876 0.797531 0.944782 0.624072 0.543242 0.832323 0.913283 0.657731 0.386488 0.570739 0.592558 0.890789 0.739441 0.000000 0.276217 0.437820 0.445968 0.704852 0.997001 0.654519 0.706558 0.593050 0.726585 0.729411 0.960941 0.436789 0.353773 0.618341 0.587087 0.470202 0.421087 0.714654 0.893915 0.613561 0.517053 0.788878 0.695869 0.716975 0.641750 0.829477 0.668662 0.965922 0.842694 0.466464 0.582652 0.868498 0.686879 0.766497 0.689784 0.852723 0.976295 0.440041 0.492821 0.331606 0.309686 0.530923 0.495331 0.521016 0.556161 0.425277 0.357982 0.637476 0.584576 0.655440 0.574203 0.463755 0.414497 0.767117 0.917532 0.831482 0.975580 0.853045 0.947379 0.812247 0.884860 0.663920 0.567902 0.369424 0.405018 0.469292 0.382496 0.406948 0.401208 0.833723 0.831341 0.599426 0.397460 0.654846 0.667135 0.665216 0.578211 0.953357 0.873946 0.731244 0.872744 0.948096 0.939677 0.961880 0.865294 0.967107 0.829474 0.766163 0.720586 0.786671 0.925891 0.957491 0.610386 0.915980 0.921461 0.996006 0.978310 0.686050 0.792285
0.321969 0.285570 0.593066 0.541082 0.706875 0.849786 0.686024 0.568470 0.750750 0.835490 0.619987 0.353887 0.642457 0.573979 0.953632 0.776965 0.276217 0.000000 0.431054 0.393569 0.655665 0.998643 0.714664 0.691290 0.551262 0.641403 0.703381 0.977636 0.549533 0.390848 0.635122 0.591927 0.482279 0.494515 0.737349 0.868024 0.544775 0.454737 0.724696 0.721033 0.696976 0.618938 0.868492 0.712053 0.910873 0.929932 0.541240 0.607284 0.942144 0.760435 0.802272 0.722642 0.922058 0.953935 0.495327 0.625582 0.300673 0.266996 0.565819 0.510846 0.601575 0.563409 0.482750 0.372822 0.588018 0.536310 0.713174 0.647074 0.430888 0.406155 0.813931 0.885744 0.889962 0.971659 0.870606 0.925756 0.900876 0.949109 0.612561 0.559456 0.382131 0.398355 0.500935 0.377918 0.441463 0.375064 0.792731 0.908910 0.611315 0.417225 0.562377 0.565146 0.582641 0.514208 0.976901 0.898538 0.807124 0.986345 0.866040 0.995992 0.898403 0.754645 0.969776 0.877178 0.754698 0.755290 0.726513 0.944084 0.940849 0.666175 0.923105 0.982481 0.921174 0.960083 0.719748 0.770415
0.359728 0.389800 0.573644 0.442787 0.919510 0.936535 0.421529 0.364644 0.858195 0.854010 0.704236 0.394924 0.420328 0.433519 0.743718 0.572644 0.437820 0.431054 0.000000 0.371965 0.731123 0.945660 0.499900 0.608977 0.655031 0.691781 0.762522 0.970570 0.554001 0.445868 0.505953 0.493929 0.425339 0.434238 0.686206 0.910677 0.616005 0.588681 0.922559 0.719774 0.694764 0.684442 0.836927 0.682364 0.999201 0.906848 0.559160 0.640878 0.919971 0.753998 0.705597 0.658614 0.796158 0.915483 0.482772 0.704275 0.389811 0.341003 0.499098 0.437801 0.353257 0.354293 0.404410 0.343087 0.622588 0.507165 0.607825 0.606083 0.532617 0.464175 0.683786 0.978533 0.668150 0.778527 0.814800 0.945322 0.805918 0.825604 0.751690 0.692827 0.522591 0.547033 0.535047 0.595550 0.368869 0.375512 0.988334 0.894825 0.602179 0.407480 0.894207 0.866069 0.913479 0.786707 0.882908 0.828348 0.594575 0.805101 0.857930 0.844613 0.787890 0.978016 0.908457 0.738466 0.609046 0.654319 0.717948 0.870161 0.969915 0.682130 0.773789 0.825899 0.947003 0.963002 0.569896 0.773179
0.343664 0.381786 0.611808 0.553026 0.933323 0.902860 0.666902 0.539754 0.943787 0.916584 0.560619 0.355704 0.512932 0.439484 0.818807 0.690168 0.445968 0.393569 0.371965 0.000000 0.706170 0.925283 0.679059 0.650723 0.617091 0.710268 0.699562 0.984799 0.632587 0.466810 0.690291 0.628417 0.529699 0.551891 0.810575 0.908322 0.575296 0.559633 0.809226 0.794423 0.723302 0.708868 0.951918 0.898315 0.783149 0.908799 0.685908 0.798592 0.945051 0.928991 0.910547 0.859645 0.970974 0.860015 0.679951 0.790424 0.405274 0.340566 0.633810 0.544431 0.536186 0.491038 0.477060 0.403574 0.630350 0.572225 0.814576 0.742695 0.399537 0.485028 0.771785 0.967343 0.811219 0.934801 0.832292 0.961364 0.969594 0.983980 0.730521 0.684821 0.549229 0.457158 0.558093 0.535791 0.445933 0.460201 0.932058 0.855350 0.571005 0.494473 0.683700 0.686514 0.688771 0.659073 0.977277 0.992512 0.739692 0.993402 0.897779 0.906289 0.977871 0.818772 0.933510 0.825852 0.777483 0.785358 0.847171 0.948144 0.900350 0.748475 0.989978 0.987412 0.927741 0.920490 0.790415 0.769373
0.745409 0.651203 0.536479 0.551659 0.942551 0.781976 0.816420 0.749027 0.951478 0.795271 0.973726 0.742923 0.867730 0.761783 0.788671 0.666286 0.704852 0.655665 0.731123 0.706170 0.000000 0.997555 0.671910 0.632111 0.528360 0.511999 0.713798 0.987411 0.930092 0.725737 0.574627 0.728638 0.669429 0.792082 0.763865 0.846217 0.656289 0.822497 0.765045 0.967219 0.815969 0.802455 0.932698 0.924186 0.791096 0.816497 0.848597 0.872021 0.791731 0.974816 0.995648 0.937457 0.983823 0.986031 0.814466 0.994383 0.676481 0.681857 0.878440 0.865081 0.844565 0.784066 0.868954 0.830485 0.521881 0.553582 0.686484 0.772452 0.688526 0.813762 0.720827 0.879998 0.700374 0.768956 0.745715 0.920364 0.897920 0.875509 0.747303 0.767059 0.843869 0.851649 0.719659 0.817203 0.742842 0.629103 0.883172 0.964226 0.914695 0.794103 0.747823 0.703555 0.790473 0.935180 0.908776 0.929317 0.885455 0.854287 0.818910 0.936714 0.866208 0.880946 0.788432 0.963946 0.745912 0.811275 0.903306 0.970006 0.884956 0.831936 0.921420 0.835667 0.926380 0.946444 0.723660 0.939964
0.954426 0.929955 0.903074 0.944729 0.944133 0.926183 0.902887 0.877293 0.967254 0.927427 0.982966 0.964955 0.920871 0.972696 0.918734 0.981617 0.997001 0.998643 0.945660 0.925283 0.997555 0.000000 0.967206 0.974873 0.922862 0.960147 0.940756 0.877749 0.973389 0.954630 0.807835 0.837302 0.951037 0.839510 0.927798 0.952467 0.962189 0.975399 0.901985 0.826573 0.905671 0.835052 0.849829 0.893426 0.915118 0.923406 0.916660 0.988022 0.899775 0.892411 0.905520 0.927712 0.935728 0.907517 0.978223 0.920431 0.975959 0.991791 0.930112 0.952740 0.915696 0.952657 0.991936 0.979116 0.992308 0.995966 0.852765 0.886463 0.978491 0.946187 0.936185 0.720422 0.905186 0.863220 0.929804 0.971102 0.964472 0.903023 0.989756 0.926097 0.983409 0.944861 0.935723 0.957777 0.934522 0.992949 0.869688 0.833356 0.888865 0.984726 0.888906 0.886556 0.882673 0.836298 0.860764 0.912198 0.944848 0.934817 0.840513 0.853079 0.895315 0.994811 0.766802 0.835584 0.975919 0.902769 0.808116 0.965350 0.989548 0.766798 0.896315 0.900414 0.839012 0.997214 0.779995 0.841237
0.690141 0.664072 0.433227 0.319154 0.761296 0.757982 0.420924 0.391310 0.620893 0.851818 0.810221 0.700899 0.657490 0.536108 0.484381 0.255514 0.654519 0.714664 0.499900 0.679059 0.671910 0.967206 0.000000 0.311589 0.568333 0.533383 0.715733 0.947300 0.738634 0.585086 0.360436 0.422502 0.454308 0.618299 0.514527 0.756219 0.742715 0.752642 0.880692 0.967146 0.992887 0.833019 0.623135 0.606005 0.885394 0.890721 0.589427 0.584362 0.974525 0.748011 0.657475 0.615299 0.577841 0.583085 0.667669 0.810288 0.631288 0.598414 0.654338 0.583539 0.495205 0.460530 0.706519 0.608761 0.490793 0.356317 0.359933 0.430517 0.860067 0.637312 0.378207 0.724869 0.519419 0.598543 0.733970 0.810715 0.564392 0.688611 0.680339 0.694362 0.763805 0.786331 0.522043 0.851942 0.441355 0.407481 0.977558 0.764719 0.792259 0.551072 0.844674 0.943404 0.794674 0.914641 0.812436 0.757464 0.691157 0.811898 0.780739 0.680342 0.817384 0.823364 0.933549 0.876065 0.416770 0.517893 0.715816 0.725641 0.947750 0.807081 0.761313 0.744975 0.795412 0.912697 0.512797 0.903442
0.711550 0.664946 0.422939 0.368744 0.888119 0.852979 0.664768 0.566382 0.751466 0.913701 0.840519 0.699706 0.786773 0.581490 0.628838 0.311747 0.706558 0.691290 0.608977 0.650723 0.632111 0.974873 0.311589 0.000000 0.470437 0.442091 0.618801 0.981010 0.918202 0.629554 0.493787 0.578119 0.526360 0.756268 0.566027 0.769574 0.659361 0.709685 0.701416 0.957770 0.975040 0.845359 0.750192 0.757001 0.953355 0.956718 0.656298 0.686588 0.884252 0.873717 0.797251 0.742161 0.727938 0.701458 0.743313 0.914547 0.648143 0.625937 0.795153 0.726941 0.721556 0.613451 0.862264 0.729273 0.435943 0.350355 0.442970 0.533104 0.786307 0.710471 0.523343 0.712229 0.640875 0.618892 0.724608 0.772681 0.741409 0.726120 0.735159 0.713745 0.802850 0.752794 0.549665 0.772845 0.523541 0.401449 0.823989 0.689366 0.814615 0.622070 0.975430 0.847667 0.976942 0.944237 0.876067 0.843657 0.789837 0.928525 0.971238 0.893943 0.964414 0.990415 0.940256 0.912199 0.497747 0.617288 0.821989 0.858341 0.985859 0.818611 0.916291 0.860892 0.932225 0.975059 0.630301 0.863341
0.710929 0.588268 0.302694 0.416391 0.775191 0.848324 0.877704 0.804298 0.992291 0.555636 0.916644 0.730032 0.881382 0.798986 0.831227 0.584839 0.593050 0.551262 0.655031 0.617091 0.528360 0.922862 0.568333 0.470437 0.000000 0.283327 0.469369 0.960916 0.985399 0.591715 0.563502 0.655495 0.690733 0.814323 0.611427 0.649658 0.470823 0.515350 0.508460 0.834771 0.800168 0.741782 0.974334 0.956520 0.598092 0.631040 0.822059 0.913789 0.564701 0.812878 0.806228 0.902211 0.885447 0.864417 0.845320 0.976787 0.610088 0.579076 0.987512 0.903831 0.891691 0.847073 0.984924 0.856967 0.245061 0.336413 0.691062 0.735252 0.536030 0.745309 0.671675 0.831918 0.842845 0.937830 0.769969 0.987560 0.996972 0.815662 0.881817 0.836934 0.869775 0.743369 0.522893 0.618288 0.637936 0.484607 0.674372 0.874500 0.927376 0.703757 0.620866 0.522114 0.687048 0.713917 0.849639 0.923233 0.968233 0.887090 0.585613 0.714954 0.754418 0.638765 0.689146 0.764311 0.773457 0.890779 0.828811 0.939267 0.987713 0.747475 0.929971 0.757154 0.708279 0.774120 0.704145 0.959449
0.816095 0.711645 0.326529 0.429660 0.876840 0.891583 0.819470 0.782706 0.927775 0.656738 0.921134 0.842352 0.918574 0.790317 0.781995 0.540032 0.726585 0.641403 0.691781 0.710268 0.511999 0.960147 0.533383 0.442091 0.283327 0.000000 0.583420 0.967893 0.951835 0.703427 0.549700 0.659641 0.676288 0.845281 0.549195 0.642319 0.561274 0.596489 0.602152 0.883562 0.886602 0.789092 0.917693 0.895266 0.694922 0.707001 0.816853 0.886336 0.619960 0.852302 0.897211 0.985168 0.972496 0.999107 0.815757 0.973694 0.704337 0.675451 0.993918 0.923155 0.904092 0.849425 0.976447 0.912603 0.301874 0.349603 0.614315 0.678611 0.716996 0.790305 0.649751 0.768415 0.760341 0.807582 0.740485 0.907875 0.899615 0.723383 0.848386 0.891526 0.930996 0.874146 0.579720 0.753246 0.701546 0.522099 0.712322 0.999944 0.961459 0.790983 0.769517 0.654530 0.852032 0.838889 0.975619 0.822387 0.925638 0.865458 0.717873 0.817631 0.869095 0.791711 0.713863 0.853384 0.679659 0.774397 0.804188 0.963585 0.956130 0.756646 0.942553 0.748517 0.837530 0.917668 0.690040 0.991616
0.781979 0.672382 0.538972 0.592036 0.920482 0.829615 0.920076 0.916971 0.934795 0.608706 0.941018 0.852555 0.970473 0.917516 0.961600 0.749710 0.729411 0.703381 0.762522 0.699562 0.713798 0.940756 0.715733 0.618801 0.469369 0.583420 0.000000 0.994807 0.977460 0.717106 0.754414 0.762176 0.755761 0.895175 0.784432 0.729256 0.501440 0.534785 0.598462 0.953265 0.839826 0.773367 0.848839 0.889646 0.642495 0.686971 0.974361 0.922150 0.667346 0.857130 0.843374 0.920601 0.924927 0.786031 0.910847 0.954405 0.669566 0.655147 0.950113 0.895690 0.913390 0.881728 0.980866 0.884829 0.467838 0.579574 0.772985 0.898332 0.640993 0.754502 0.808790 0.894824 0.997194 0.841407 0.785860 0.939770 0.951394 0.995146 0.941140 0.892098 0.990794 0.898899 0.637471 0.715672 0.696505 0.636945 0.645051 0.766954 0.936938 0.787502 0.618454 0.593395 0.684806 0.733261 0.885326 0.950853 0.952721 0.944661 0.585374 0.687026 0.635605 0.693897 0.710641 0.830023 0.851277 0.924119 0.973537 0.878157 0.942505 0.869882 0.940823 0.827137 0.739751 0.829134 0.963641 0.851244
0.996478 0.962444 0.957945 0.978259 0.978632 0.926960 0.973431 0.966116 0.922778 0.948635 0.910178 0.997878 0.984482 0.922105 0.933591 0.951251 0.960941 0.977636 0.970570 0.984799 0.987411 0.877749 0.947300 0.981010 0.960916 0.967893 0.994807 0.000000 0.993852 0.983035 0.978778 0.999271 0.916993 0.951761 0.876987 0.953350 0.940392 0.919840 0.782758 0.889263 0.880066 0.999823 0.855105 0.877064 0.839032 0.842894 0.849667 0.913196 0.862943 0.829844 0.871256 0.862707 0.889156 0.865331 0.880189 0.861874 0.991248 0.952712 0.884444 0.928456 0.992833 0.955563 0.998692 0.992159 0.944249 0.964829 0.908613 0.930195 0.995703 0.969067 0.913924 0.982318 0.959828 0.974748 0.956179 0.915589 0.908192 0.882902 0.953563 0.979472 0.928972 0.995780 0.984599 0.869717 0.981640 0.988132 0.916686 0.910036 0.911014 0.989792 0.977777 0.932485 0.984551 0.949346 0.944832 0.944348 0.851293 0.932408 0.924542 0.912526 0.926592 0.922927 0.866223 0.939914 0.899438 0.764104 0.972657 0.909218 0.844849 0.812257 0.913853 0.845805 0.954254 0.787627 0.994055 0.947373
0.492550 0.555241 0.904072 0.785259 0.959228 0.908332 0.537349 0.506324 0.993770 0.692733 0.683014 0.520613 0.518486 0.609873 0.767747 0.794015 0.436789 0.549533 0.554001 0.632587 0.930092 0.973389 0.738634 0.918202 0.985399 0.951835 0.977460 0.993852 0.000000 0.448547 0.742851 0.705550 0.606986 0.525251 0.838153 0.919972 0.834184 0.824790 0.881081 0.746921 0.879014 0.801409 0.746453 0.642902 0.747133 0.651715 0.569007 0.653605 0.638197 0.570521 0.628157 0.603117 0.734154 0.817786 0.597780 0.569008 0.568579 0.540487 0.532943 0.513988 0.461191 0.554743 0.383608 0.405829 0.975271 0.886370 0.777425 0.682517 0.730900 0.541924 0.688779 0.986957 0.798758 0.929583 0.924229 0.894194 0.696780 0.934852 0.729556 0.724536 0.485595 0.559599 0.729980 0.739975 0.539695 0.688100 0.974380 0.938037 0.639450 0.563730 0.963642 0.878536 0.982078 0.924853 0.917729 0.838395 0.659658 0.817775 0.723233 0.684556 0.797168 0.802337 0.731329 0.605909 0.791443 0.775996 0.831748 0.829862 0.854089 0.793072 0.830802 0.724596 0.804124 0.869899 0.766272 0.858792
0.429315 0.394823 0.588539 0.548265 0.922688 0.907924 0.671833 0.571936 0.891308 0.928476 0.677817 0.413785 0.586655 0.587305 0.799764 0.631377 0.353773 0.390848 0.445868 0.466810 0.725737 0.954630 0.585086 0.629554 0.591715 0.703427 0.717106 0.983035 0.448547 0.000000 0.631137 0.586317 0.539021 0.572923 0.709097 0.885796 0.577504 0.638791 0.707957 0.681321 0.765601 0.838281 0.876574 0.755286 0.949796 0.956787 0.547944 0.662978 0.980771 0.768149 0.824663 0.742317 0.915814 0.966996 0.551498 0.714989 0.405908 0.383732 0.597039 0.538823 0.550446 0.583801 0.517537 0.457070 0.565001 0.542861 0.667382 0.640460 0.446001 0.423544 0.643859 0.979685 0.854009 0.949322 0.907336 0.926915 0.831523 0.910372 0.732263 0.643661 0.488503 0.467309 0.504502 0.553049 0.426222 0.459790 0.862638 0.750800 0.604863 0.457065 0.735446 0.712467 0.746179 0.669631 0.913633 0.968466 0.715720 0.917282 0.937212 0.968429 0.987651 0.892981 0.979825 0.890506 0.756895 0.784213 0.826164 0.953926 0.972393 0.743273 0.810245 0.904567 0.959782 0.996043 0.694995 0.849928
0.662714 0.569876 0.390964 0.317530 0.901605 0.906526 0.385735 0.364429 0.713861 0.832888 0.854482 0.731844 0.692922 0.638606 0.646673 0.490128 0.618341 0.635122 0.505953 0.690291 0.574627 0.807835 0.360436 0.493787 0.563502 0.549700 0.754414 0.978778 0.742851 0.631137 0.000000 0.380968 0.454991 0.501458 0.608090 0.704628 0.749032 0.732269 0.936738 0.961275 0.944933 0.723275 0.564563 0.537069 0.884493 0.853312 0.555063 0.560745 0.942403 0.731871 0.655244 0.596458 0.602405 0.618524 0.663296 0.764037 0.547735 0.564188 0.612520 0.558923 0.523677 0.483779 0.696649 0.623608 0.530842 0.444594 0.392513 0.425429 0.849691 0.618224 0.430138 0.656600 0.487424 0.612676 0.866852 0.809612 0.530407 0.556773 0.614336 0.673931 0.729910 0.862339 0.676634 0.911895 0.611949 0.531487 0.889356 0.889576 0.921686 0.608850 0.894140 0.952176 0.815324 0.878361 0.787057 0.720947 0.685548 0.790770 0.777281 0.636737 0.862996 0.892373 0.885602 0.893294 0.488934 0.529266 0.563795 0.656715 0.951536 0.706737 0.743902 0.822012 0.743927 0.889120 0.514817 0.908209
0.573414 0.537571 0.507229 0.406588 0.914981 0.984922 0.474494 0.419291 0.887168 0.891935 0.956755 0.628300 0.577693 0.560959 0.650167 0.514104 0.587087 0.591927 0.493929 0.628417 0.728638 0.837302 0.422502 0.578119 0.655495 0.659641 0.762176 0.999271 0.705550 0.586317 0.380968 0.000000 0.463207 0.516549 0.618077 0.794886 0.749343 0.699626 0.883635 0.836163 0.903095 0.766341 0.584895 0.542278 0.914425 0.844001 0.524482 0.561129 0.912840 0.690630 0.654268 0.590773 0.638724 0.703758 0.686342 0.792737 0.551480 0.530299 0.573819 0.516480 0.475468 0.469382 0.589076 0.518309 0.561839 0.446392 0.505389 0.475950 0.786742 0.636550 0.511936 0.842787 0.639382 0.705880 0.830684 0.786222 0.642376 0.745095 0.637130 0.670792 0.639026 0.708991 0.559136 0.781259 0.500931 0.461824 0.937144 0.999500 0.739998 0.540768 0.997175 0.935935 0.962512 0.939884 0.840275 0.797436 0.748070 0.781163 0.825059 0.732992 0.904879 0.913998 0.868377 0.928986 0.488463 0.528024 0.594077 0.777175 0.938271 0.775135 0.736033 0.883929 0.776390 0.917911 0.622296 0.946783
0.414778 0.430780 0.580042 0.403643 0.970530 0.992591 0.420790 0.346674 0.987400 0.840402 0.951964 0.506339 0.576063 0.568302 0.759323 0.545942 0.470202 0.482279 0.425339 0.529699 0.669429 0.951037 0.454308 0.526360 0.690733 0.676288 0.755761 0.916993 0.606986 0.539021 0.454991 0.463207 0.000000 0.394234 0.642510 0.849899 0.726593 0.644627 0.930887 0.898594 0.902223 0.780882 0.634755 0.521683 0.804143 0.731825 0.463089 0.491534 0.751472 0.577378 0.531547 0.482222 0.615826 0.697766 0.512936 0.583011 0.385865 0.386372 0.398660 0.368201 0.410241 0.373100 0.435235 0.365467 0.662181 0.523391 0.404119 0.407107 0.667944 0.419734 0.650579 0.931696 0.611635 0.779377 0.794280 0.750335 0.648040 0.739966 0.589339 0.537312 0.518259 0.667384 0.529908 0.615550 0.415981 0.371819 0.901770 0.869127 0.657965 0.433940 0.884468 0.846538 0.906235 0.802952 0.833321 0.803500 0.580866 0.849268 0.754487 0.701013 0.929757 0.910648 0.929614 0.748370 0.540069 0.522371 0.671988 0.775143 0.992779 0.743475 0.814791 0.692322 0.792519 0.817137 0.540211 0.894114
0.410373 0.405870 0.667682 0.531487 0.946948 0.965436 0.404033 0.379491 0.976743 0.799599 0.792470 0.540562 0.570038 0.637299 0.885102 0.723508 0.421087 0.494515 0.434238 0.551891 0.792082 0.839510 0.618299 0.756268 0.814323 0.845281 0.895175 0.951761 0.525251 0.572923 0.501458 0.516549 0.394234 0.000000 0.715520 0.977040 0.779169 0.693013 0.964294 0.721282 0.768382 0.675623 0.617689 0.472138 0.714926 0.621696 0.414716 0.496123 0.643611 0.521406 0.526933 0.487583 0.602974 0.751169 0.468606 0.443443 0.402406 0.440739 0.362718 0.360881 0.397162 0.459219 0.381082 0.365200 0.815819 0.687639 0.483833 0.421140 0.667518 0.458399 0.735257 0.984292 0.686746 0.854449 0.867486 0.838562 0.632673 0.702146 0.589891 0.669190 0.467557 0.666565 0.637010 0.640861 0.530941 0.522865 0.843346 0.994707 0.647060 0.433109 0.936599 0.943908 0.959162 0.833183 0.853465 0.826328 0.607241 0.812798 0.694427 0.638099 0.819581 0.848880 0.723293 0.698019 0.690191 0.592994 0.587564 0.776490 0.868046 0.750854 0.761685 0.709309 0.674997 0.863377 0.600098 0.943140
0.837152 0.778788 0.548877 0.573967 0.975195 0.874173 0.654004 0.682688 0.889041 0.963324 0.860277 0.811637 0.855850 0.795039 0.721316 0.503401 0.714654 0.737349 0.686206 0.810575 0.763865 0.927798 0.514527 0.566027 0.611427 0.549195 0.784432 0.876987 0.838153 0.709097 0.608090 0.618077 0.642510 0.715520 0.000000 0.763962 0.776003 0.743981 0.792621 0.933610 0.858352 0.810057 0.775634 0.758812 0.957501 0.969024 0.692479 0.680153 0.962704 0.857705 0.848754 0.830011 0.798057 0.805164 0.656937 0.810697 0.769508 0.757365 0.818717 0.803042 0.750462 0.717892 0.893732 0.797520 0.559154 0.520147 0.537346 0.588828 0.833877 0.765474 0.761551 0.776635 0.752204 0.772576 0.674951 0.833962 0.666302 0.784432 0.768343 0.869288 0.833725 0.810754 0.562445 0.785411 0.639204 0.543353 0.833808 0.843442 0.857515 0.689951 0.976288 0.938016 0.922965 0.978026 0.867751 0.796467 0.920142 0.994797 0.948634 0.869131 0.977969 0.978535 0.976677 0.970844 0.639581 0.807353 0.691443 0.949152 0.983782 0.780319 0.902685 0.894012 0.853971 0.959522 0.670359 0.920155
0.989809 0.858515 0.626608 0.695288 0.950034 0.988432 0.891056 0.889050 0.979202 0.808136 0.790989 0.935998 0.839987 0.897011 0.978335 0.824028 0.893915 0.868024 0.910677 0.908322 0.846217 0.952467 0.756219 0.769574 0.649658 0.642319 0.729256 0.953350 0.919972 0.885796 0.704628 0.794886 0.849899 0.977040 0.763962 0.000000 0.792436 0.674747 0.829106 0.965694 0.984767 0.980528 0.914133 0.914557 0.925173 0.898863 0.910004 0.870627 0.848823 0.987429 0.978416 0.972010 0.933450 0.944726 0.899632 0.964909 0.841810 0.850059 0.992847 0.915108 0.971240 0.933529 0.865644 0.994016 0.633950 0.671626 0.725900 0.764363 0.958502 0.878576 0.737791 0.928620 0.903254 0.934050 0.907241 0.948522 0.941286 0.911981 0.935123 0.874492 0.984212 0.963171 0.841308 0.925721 0.828441 0.779838 0.996305 0.981944 0.950830 0.890996 0.906143 0.830805 0.986765 0.903849 0.886524 0.962756 0.991593 0.959351 0.859375 0.954025 0.859815 0.730840 0.939608 0.794056 0.887635 0.885074 0.883912 0.882495 0.895387 0.832344 0.960055 0.797474 0.965843 0.975359 0.894066 0.866860
0.637261 0.500172 0.526222 0.558425 0.784174 0.787296 0.854475 0.777311 0.781150 0.649926 0.806847 0.690700 0.818154 0.829168 0.917603 0.805735 0.613561 0.544775 0.616005 0.575296 0.656289 0.962189 0.742715 0.659361 0.470823 0.561274 0.501440 0.940392 0.834184 0.577504 0.749032 0.749343 0.726593 0.779169 0.776003 0.792436 0.000000 0.522030 0.642829 0.756047 0.662725 0.730712 0.993281 0.915713 0.706679 0.800189 0.806860 0.922225 0.781044 0.991470 0.980483 0.930298 0.968646 0.888285 0.813420 0.893404 0.545686 0.519067 0.800964 0.746693 0.842742 0.816301 0.826632 0.747681 0.504281 0.542560 0.777916 0.803180 0.584032 0.633790 0.809803 0.962284 0.929695 0.931843 0.745042 0.948133 0.989484 0.948806 0.778624 0.769077 0.791763 0.792121 0.579645 0.604336 0.675216 0.580338 0.730930 0.892583 0.916811 0.691825 0.548635 0.585318 0.583003 0.631118 0.982287 0.917146 0.888136 0.950607 0.663381 0.804462 0.787347 0.661305 0.765140 0.998003 0.793566 0.821444 0.951988 0.935844 0.991721 0.822895 0.937469 0.872610 0.808657 0.924266 0.873757 0.861192
0.568942 0.484830 0.557914 0.575025 0.777935 0.881187 0.833399 0.762062 0.829628 0.701392 0.787953 0.636007 0.815971 0.800564 0.983375 0.824978 0.517053 0.454737 0.588681 0.559633 0.822497 0.975399 0.752642 0.709685 0.515350 0.596489 0.534785 0.919840 0.824790 0.638791 0.732269 0.699626 0.644627 0.693013 0.743981 0.674747 0.522030 0.000000 0.635139 0.821191 0.765296 0.768608 0.986614 0.894171 0.759148 0.874675 0.765543 0.848545 0.838498 0.994591 0.987769 0.916087 0.995533 0.857185 0.740383 0.808259 0.483498 0.471606 0.804970 0.717982 0.791246 0.740270 0.776334 0.662997 0.524284 0.556450 0.793377 0.815675 0.552311 0.546322 0.817151 0.965733 0.978647 0.901905 0.817886 0.968854 0.964949 0.899593 0.822706 0.777608 0.658797 0.681809 0.669248 0.577662 0.641484 0.506916 0.740835 0.970172 0.784702 0.613770 0.626807 0.569210 0.639950 0.569165 0.924890 0.993512 0.826895 0.946897 0.711978 0.798755 0.731044 0.615788 0.860426 0.961256 0.917615 0.997355 0.804005 0.986280 0.999983 0.769889 0.935555 0.872496 0.839118 0.795384 0.914690 0.713491
