0.000000 0.278615 0.734735 0.628554 0.705366 0.786136 0.895492 0.995521 0.513946 0.563414 0.478258 0.433071 0.628847 0.506792 0.851311 0.958883 0.421469 0.327790 0.462664 0.322522 0.658419 0.855292 0.799525 0.628106 0.565392 0.651671 0.707253 0.978974 0.876660 0.772043 0.988358 0.839808 0.573897 0.664961 0.813311 0.916931 0.767928 0.867422 0.615666 0.927934 0.918084 0.731970 0.978166 0.780007 0.844010 0.968430 0.689047 0.622773 0.919440 0.848706 0.916463 0.993667 0.660603 0.524650 0.636151 0.623806 0.259831 0.279108 0.496476 0.469523 0.975814 0.779251 0.580720 0.540417 0.682485 0.988321 0.785909 0.984518 0.330647 0.459721 0.725745 0.688912 0.734804 0.692069 0.978670 0.825914 0.835816 0.848931 0.610336 0.504690 0.361076 0.349909 0.564654 0.339496 0.418068 0.388445 0.939466 0.657081 0.799450 0.395235 0.539934 0.585934 0.741735 0.648113 0.989453 0.900003 0.893268 0.878252 0.897394 0.901782 0.793698 0.714125 0.925749 0.691646 0.811773 0.706880 0.981393 0.896701 0.819016 0.640766 0.923177 0.851945 0.918873 0.808178 0.907815 0.775025
0.278615 0.000000 0.641718 0.499532 0.690333 0.819565 0.909954 0.918974 0.617673 0.615308 0.586147 0.483340 0.713307 0.541137 0.786593 0.927947 0.457575 0.406426 0.459002 0.327572 0.666644 0.898817 0.770154 0.618224 0.492186 0.549935 0.657023 0.931231 0.848816 0.763692 0.858441 0.810563 0.608228 0.619300 0.788689 0.931181 0.663260 0.780140 0.519787 0.958376 0.960624 0.683995 0.921336 0.732946 0.792152 0.998656 0.667629 0.630360 0.965392 0.886176 0.904438 0.985065 0.648598 0.522700 0.718688 0.663050 0.258652 0.237368 0.550400 0.531742 0.914600 0.843980 0.698317 0.594563 0.581553 0.958289 0.865324 0.966157 0.314572 0.423468 0.863997 0.735790 0.814771 0.736131 0.976048 0.828554 0.749891 0.884605 0.588471 0.531279 0.381132 0.399981 0.618343 0.378182 0.515966 0.437347 0.987375 0.773203 0.815898 0.423169 0.473617 0.559570 0.661718 0.634010 0.959395 0.954792 0.883077 0.893488 0.833926 0.899524 0.656900 0.666522 0.991021 0.757157 0.885059 0.707472 0.868922 0.934563 0.901422 0.624575 0.949628 0.865063 0.923154 0.832440 0.916598 0.766080
0.734735 0.641718 0.000000 0.435649 0.798844 0.927200 0.820336 0.742355 0.875469 0.839415 0.982294 0.796728 0.630988 0.850981 0.662205 0.719236 0.991560 0.966005 0.728352 0.733667 0.719287 0.941489 0.667435 0.707546 0.449946 0.488193 0.707698 0.960532 0.958187 0.987369 0.655718 0.681764 0.838079 0.810289 0.691870 0.846967 0.574345 0.846397 0.789396 0.854136 0.881088 0.754356 0.742125 0.773393 0.831826 0.917454 0.805799 0.880038 0.867566 0.962650 0.895208 0.986071 0.741730 0.767357 0.867667 0.973976 0.717453 0.698308 0.821738 0.715309 0.890004 0.758941 0.858598 0.955981 0.393202 0.591624 0.916822 0.971353 0.655822 0.757891 0.785644 0.803964 0.863713 0.908502 0.904703 0.941316 0.652252 0.850877 0.861465 0.747971 0.919782 0.788130 0.974583 0.843787 0.857321 0.693690 0.829306 0.815271 0.800016 0.748198 0.819294 0.973803 0.930941 0.916106 0.898723 0.882467 0.699855 0.782686 0.911441 0.826867 0.617494 0.996110 0.883286 0.958490 0.861524 0.801922 0.705359 0.959804 0.889302 0.854911 0.944064 0.914248 0.913029 0.873671 0.647523 0.962850
0.628554 0.499532 0.435649 0.000000 0.841838 0.972183 0.836687 0.503192 0.976543 0.879366 0.827703 0.587643 0.678637 0.609343 0.743221 0.655866 0.810509 0.735234 0.715199 0.706239 0.687610 0.927790 0.786733 0.516395 0.492870 0.462482 0.671742 0.978513 0.937367 0.904004 0.765805 0.750449 0.783037 0.735622 0.780473 0.866523 0.578210 0.711809 0.595687 0.837275 0.924588 0.694584 0.992718 0.867141 0.719343 0.857699 0.930090 0.925826 0.816691 0.941910 0.838691 0.948075 0.723363 0.718322 0.906660 0.886009 0.541055 0.496457 0.814208 0.739303 0.928544 0.770579 0.937911 0.796920 0.521894 0.653472 0.979970 0.950016 0.534249 0.615254 0.933643 0.952794 0.934888 0.959418 0.988896 0.961334 0.684781 0.965768 0.749077 0.786576 0.846026 0.806157 0.839741 0.757792 0.913892 0.613863 0.971276 0.892299 0.781336 0.670787 0.664822 0.669297 0.839523 0.764366 0.926417 0.872034 0.894055 0.807966 0.896019 0.978635 0.613167 0.773094 0.823580 0.931681 0.894941 0.808346 0.766158 0.984644 0.991538 0.839741 0.935277 0.786199 0.927413 0.803527 0.756290 0.862550
0.705366 0.690333 0.798844 0.841838 0.000000 0.877656 0.604893 0.781687 0.786481 0.653558 0.966587 0.992897 0.849616 0.990983 0.912670 0.852433 0.839234 0.859638 0.932333 0.707036 0.806307 0.904989 0.827119 0.936039 0.681456 0.742735 0.796050 0.904740 0.882515 0.942698 0.847642 0.984550 0.982172 0.898094 0.896807 0.767091 0.790002 0.827033 0.834289 0.926676 0.930034 0.741594 0.926225 0.948206 0.691769 0.774355 0.955350 0.978336 0.818169 0.822297 0.739887 0.783492 0.565535 0.542045 0.915646 0.975870 0.582728 0.674887 0.998159 0.825000 0.655589 0.745744 0.865217 0.964523 0.828691 0.936711 0.789586 0.639749 0.643419 0.637086 0.705509 0.679666 0.821617 0.761392 0.863557 0.954018 0.934782 0.831867 0.802194 0.885886 0.736908 0.688696 0.955341 0.758962 0.920277 0.847983 0.893551 0.988427 0.868792 0.839165 0.603963 0.664478 0.780165 0.739177 0.946681 0.892740 0.940671 0.995362 0.751583 0.666550 0.622645 0.598453 0.794605 0.991788 0.902860 0.892812 0.989756 0.973014 0.910444 0.908421 0.764983 0.786820 0.920726 0.923435 0.831620 0.801722
0.786136 0.819565 0.927200 0.972183 0.877656 0.000000 0.820825 0.834285 0.639246 0.767648 0.855416 0.904427 0.948960 0.851702 0.831567 0.794929 0.771695 0.756251 0.759830 0.807170 0.898306 0.848225 0.977299 0.898292 0.937328 0.939107 0.944072 0.738715 0.937257 0.978699 0.831430 0.931088 0.875333 0.976721 0.861157 0.948903 0.955588 0.899751 0.916051 0.769271 0.757793 0.843262 0.884111 0.937179 0.998975 0.950759 0.897672 0.897869 0.935643 0.889867 0.984892 0.995667 0.858472 0.882746 0.976797 0.824443 0.737805 0.774142 0.824445 0.919245 0.885915 0.709434 0.839227 0.883106 0.953356 0.814107 0.865794 0.996433 0.823700 0.893515 0.744631 0.666426 0.692715 0.815929 0.877072 0.844609 0.903143 0.750281 0.956474 0.951464 0.772815 0.776288 0.818277 0.726859 0.732198 0.755684 0.740294 0.900599 0.965760 0.730323 0.795567 0.833444 0.947033 0.784847 0.889114 0.987807 0.868755 0.918921 0.914214 0.930664 0.922513 0.877658 0.944044 0.883655 0.990905 0.972700 0.977877 0.807159 0.904622 0.894407 0.917666 0.981701 0.968268 0.943684 0.863793 0.742438
0.895492 0.909954 0.820336 0.836687 0.604893 0.820825 0.000000 0.360834 0.693549 0.460120 0.986707 0.704965 0.584738 0.827543 0.578786 0.717482 0.955151 0.971949 0.768375 0.973245 0.964459 0.944932 0.497122 0.996002 0.760235 0.861599 0.912969 0.782106 0.572134 0.621437 0.544756 0.744135 0.674411 0.533055 0.850873 0.922192 0.971992 0.936753 0.902779 0.994087 0.850171 0.980777 0.569601 0.554295 0.477385 0.495732 0.720176 0.692725 0.562342 0.516504 0.492743 0.509747 0.536478 0.505343 0.755127 0.759976 0.867359 0.949452 0.766223 0.937217 0.325227 0.414628 0.642094 0.608346 0.926776 0.889530 0.493433 0.454944 0.845954 0.845344 0.492985 0.601357 0.687613 0.579225 0.868032 0.801744 0.587707 0.689947 0.856380 0.895255 0.912564 0.726848 0.872787 0.785453 0.980888 0.910954 0.996926 0.853209 0.877457 0.948726 0.592960 0.636847 0.769295 0.879951 0.697368 0.842247 0.753845 0.885208 0.455764 0.444177 0.756200 0.631582 0.723083 0.818624 0.730733 0.660343 0.834701 0.861739 0.801649 0.827558 0.709470 0.717764 0.508969 0.749670 0.529321 0.805997
0.995521 0.918974 0.742355 0.503192 0.781687 0.834285 0.360834 0.000000 0.769467 0.583574 0.988541 0.603573 0.586020 0.674776 0.638967 0.522817 0.931453 0.910244 0.822596 0.981131 0.905311 0.862525 0.625480 0.748586 0.972818 0.921670 0.940082 0.871413 0.783436 0.720846 0.615924 0.766319 0.756629 0.592792 0.889339 0.995539 0.906109 0.838576 0.866369 0.923196 0.809122 0.903984 0.776271 0.699970 0.776215 0.753439 0.879080 0.855757 0.831034 0.744633 0.729514 0.705536 0.740799 0.715188 0.911192 0.876456 0.947049 0.879082 0.814370 0.935150 0.445265 0.391636 0.730057 0.621730 0.802907 0.693490 0.673030 0.640964 0.978269 0.940576 0.608736 0.691119 0.819511 0.739314 0.865825 0.921945 0.637794 0.774600 0.832570 0.901268 0.905675 0.789407 0.867107 0.855981 0.934677 0.939753 0.951510 0.772357 0.750442 0.990325 0.862273 0.999858 0.932995 0.937128 0.817611 0.891513 0.842397 0.890254 0.738538 0.683857 0.998839 0.905896 0.970262 0.876691 0.824853 0.816766 0.805370 0.887355 0.884102 0.836264 0.786808 0.990174 0.635127 0.730006 0.600536 0.934990
0.513946 0.617673 0.875469 0.976543 0.786481 0.639246 0.693549 0.769467 0.000000 0.552130 0.657587 0.731474 0.990344 0.607218 0.741302 0.747522 0.493800 0.487553 0.727026 0.580529 0.955196 0.788131 0.890348 0.769374 0.824202 0.923031 0.799507 0.964115 0.986614 0.843055 0.728047 0.918813 0.874127 0.900040 0.947328 0.829556 0.915760 0.919676 0.799190 0.974466 0.883649 0.948834 0.817673 0.974417 0.880647 0.999673 0.872532 0.802105 0.942932 0.929835 0.914278 0.929991 0.745140 0.696765 0.739135 0.694142 0.543043 0.563417 0.687393 0.770201 0.767491 0.623953 0.716066 0.694260 0.931094 0.808881 0.906142 0.935641 0.625329 0.578779 0.527078 0.531802 0.700428 0.714493 0.926973 0.894153 0.880809 0.667134 0.802666 0.800229 0.518287 0.541467 0.662396 0.481799 0.644331 0.569398 0.757678 0.615082 0.849545 0.574826 0.577015 0.649200 0.787835 0.730862 0.986759 0.796288 0.964115 0.837470 0.770734 0.761640 0.960325 0.773782 0.927814 0.711084 0.973684 0.948339 0.828549 0.860052 0.859911 0.802351 0.988031 0.945560 0.746201 0.924550 0.746318 0.702498
0.563414 0.615308 0.839415 0.879366 0.653558 0.767648 0.460120 0.583574 0.552130 0.000000 0.813838 0.946477 0.972131 0.812001 0.793741 0.791516 0.817876 0.711516 0.872572 0.648735 0.814985 0.887496 0.801911 0.736760 0.549045 0.669935 0.715325 0.841274 0.700955 0.851381 0.605844 0.778330 0.886481 0.781010 0.968992 0.999642 0.753745 0.816256 0.756775 0.955802 0.931420 0.934723 0.666887 0.738708 0.483765 0.550047 0.867848 0.920761 0.604078 0.651998 0.525543 0.569858 0.450792 0.437722 0.975314 0.983018 0.614746 0.640850 0.964938 0.763990 0.528904 0.519378 0.875835 0.856685 0.793228 0.864048 0.775951 0.670866 0.542628 0.616978 0.536173 0.597790 0.731862 0.618970 0.926057 0.791105 0.751182 0.688172 0.956535 0.843246 0.643334 0.393573 0.823846 0.478159 0.645153 0.516742 0.825244 0.609460 0.860413 0.602974 0.605924 0.671984 0.907674 0.900810 0.894326 0.999333 0.920489 0.994662 0.556620 0.640218 0.739853 0.707653 0.796589 0.991845 0.926447 0.937934 0.998962 0.918123 0.771165 0.975296 0.831259 0.792058 0.565831 0.923839 0.774826 0.751719
0.478258 0.586147 0.982294 0.827703 0.966587 0.855416 0.986707 0.988541 0.657587 0.813838 0.000000 0.547571 0.709574 0.601763 0.971565 0.878609 0.555624 0.452945 0.697204 0.520027 0.779809 0.970089 0.965819 0.941885 0.890623 0.884114 0.882214 0.960955 0.855247 0.759977 0.964834 0.982151 0.734433 0.793934 0.995413 0.950710 0.942290 0.982624 0.828007 0.980280 0.831193 0.876484 0.884892 0.935759 0.871671 0.975487 0.946377 0.859903 0.942751 0.920247 0.856174 0.873308 0.721015 0.652701 0.748683 0.783692 0.575763 0.549904 0.797830 0.802402 0.966545 0.850030 0.607904 0.574615 0.995276 0.884248 0.965085 0.944545 0.554872 0.680711 0.795724 0.898358 0.905770 0.923355 0.997639 0.942854 0.954365 0.999888 0.768741 0.710319 0.556528 0.583072 0.658586 0.548631 0.688949 0.744450 0.857329 0.776511 0.950892 0.676137 0.810464 0.764993 0.910909 0.904161 0.945497 0.875635 0.997945 0.955061 0.790384 0.862699 0.937887 0.938819 0.906621 0.830751 0.795918 0.727858 0.976905 0.978113 0.860184 0.783693 0.883296 0.949437 0.930844 0.912142 0.976363 0.844001
0.433071 0.483340 0.796728 0.587643 0.992897 0.904427 0.704965 0.603573 0.731474 0.946477 0.547571 0.000000 0.475425 0.397370 0.632190 0.730725 0.479337 0.369262 0.460255 0.453540 0.735213 0.838214 0.593579 0.676776 0.832516 0.844381 0.782011 0.890266 0.654245 0.562408 0.751520 0.714547 0.506430 0.481084 0.867858 0.936372 0.858671 0.849245 0.783700 0.939752 0.991763 0.910254 0.886061 0.672828 0.906892 0.768827 0.677488 0.586232 0.739397 0.706745 0.859079 0.803324 0.928187 0.820915 0.583488 0.601143 0.500464 0.454598 0.534938 0.638542 0.679565 0.846384 0.425479 0.365761 0.782005 0.927693 0.671745 0.767030 0.544372 0.677274 0.986846 0.977632 0.920158 0.984693 0.822654 0.991541 0.695454 0.974908 0.554578 0.542868 0.490276 0.604689 0.523176 0.569560 0.572183 0.589736 0.914183 0.816770 0.758284 0.592520 0.767585 0.714354 0.813322 0.659351 0.832284 0.810434 0.954450 0.949568 0.951666 0.951690 0.937214 0.852948 0.905940 0.674616 0.742921 0.666092 0.968112 0.995521 0.975781 0.638527 0.834352 0.982017 0.885132 0.772662 0.718187 0.825392
0.628847 0.713307 0.630988 0.678637 0.849616 0.948960 0.584738 0.586020 0.990344 0.972131 0.709574 0.475425 0.000000 0.540970 0.516967 0.583232 0.834826 0.684656 0.585112 0.721006 0.789731 0.905923 0.501100 0.652327 0.856006 0.844550 0.864397 0.740079 0.795523 0.738708 0.674080 0.660598 0.653669 0.582701 0.778707 0.995643 0.988073 0.937211 0.850389 0.949384 0.823102 0.996855 0.825518 0.746014 0.844055 0.770156 0.716735 0.664327 0.778863 0.697187 0.772725 0.688044 0.903552 0.964386 0.656562 0.722250 0.725781 0.685084 0.506573 0.539590 0.467718 0.669870 0.586962 0.629601 0.680240 0.708923 0.582874 0.561108 0.806066 0.833739 0.855612 0.867299 0.963536 0.987839 0.971794 0.907902 0.728784 0.910467 0.775132 0.559829 0.772744 0.791748 0.735431 0.777010 0.617643 0.593574 0.834431 0.913779 0.726041 0.656680 0.957289 0.987952 0.971967 0.849897 0.866348 0.896660 0.732060 0.949134 0.746757 0.744384 0.969559 0.835042 0.843787 0.857661 0.782691 0.736240 0.962277 0.903438 0.954648 0.773928 0.718813 0.987445 0.795712 0.752607 0.614655 0.929029
0.506792 0.541137 0.850981 0.609343 0.990983 0.851702 0.827543 0.674776 0.607218 0.812001 0.601763 0.397370 0.540970 0.000000 0.732914 0.685324 0.532126 0.405877 0.531568 0.515568 0.829888 0.983499 0.706279 0.550597 0.841800 0.813112 0.869040 0.763592 0.791738 0.508062 0.888161 0.803400 0.619788 0.579078 0.872747 0.875922 0.836200 0.825200 0.673774 0.870966 0.929250 0.937996 0.958248 0.852178 0.997777 0.902740 0.842856 0.732122 0.886666 0.823295 0.946068 0.880549 0.866874 0.854887 0.595819 0.590470 0.544358 0.507127 0.617675 0.702970 0.747926 0.830652 0.515040 0.497315 0.850978 0.795628 0.735458 0.807687 0.640123 0.640930 0.881608 0.837897 0.917197 0.916607 0.948024 0.916492 0.823469 0.909245 0.711188 0.572292 0.499479 0.577599 0.460454 0.473155 0.606570 0.471323 0.712135 0.673249 0.625482 0.570894 0.694854 0.630573 0.840800 0.617228 0.875717 0.872617 0.955462 0.978112 0.907334 0.934760 0.832542 0.862539 0.891783 0.774795 0.904629 0.830458 0.979857 0.932998 0.962451 0.869003 0.916440 0.938321 0.954033 0.882567 0.897604 0.814406
0.851311 0.786593 0.662205 0.743221 0.912670 0.831567 0.578786 0.638967 0.741302 0.793741 0.971565 0.632190 0.516967 0.732914 0.000000 0.501555 0.920537 0.870965 0.634093 0.829062 0.835574 0.952991 0.428889 0.774195 0.950567 0.921598 0.966164 0.786768 0.632962 0.623929 0.465276 0.631644 0.578076 0.548614 0.683651 0.920161 0.842991 0.934502 0.910500 0.897574 0.866770 0.909855 0.580920 0.578179 0.690848 0.664261 0.630692 0.546025 0.680712 0.673888 0.653123 0.566663 0.775631 0.846285 0.695258 0.686104 0.879105 0.858401 0.647741 0.752397 0.469995 0.604908 0.731169 0.709777 0.694109 0.756141 0.648962 0.618244 0.979243 0.956043 0.676884 0.685211 0.796673 0.916117 0.938739 0.865383 0.606281 0.745797 0.694019 0.614262 0.788303 0.925136 0.829619 0.934579 0.730487 0.827275 0.973046 0.964392 0.856212 0.895619 0.940493 0.963008 0.896047 0.827370 0.825275 0.947372 0.866752 0.958729 0.652698 0.645657 0.871064 0.901973 0.862557 0.856753 0.827183 0.646714 0.805792 0.999775 0.837104 0.829268 0.817576 0.898648 0.789734 0.744610 0.506312 0.877333
0.958883 0.927947 0.719236 0.655866 0.852433 0.794929 0.717482 0.522817 0.747522 0.791516 0.878609 0.730725 0.583232 0.685324 0.501555 0.000000 0.941576 0.967932 0.940760 0.965866 0.889430 0.980521 0.658226 0.685678 0.962894 0.916994 0.949661 0.773201 0.919770 0.763989 0.626172 0.712890 0.898112 0.761216 0.958257 0.991560 0.912595 0.878947 0.818713 0.871987 0.733288 0.945455 0.912760 0.944067 0.972208 0.959739 0.987986 0.951061 0.982755 0.999527 0.895076 0.790354 0.872549 0.865979 0.970092 0.951349 0.984670 0.980714 0.846908 0.988442 0.576498 0.537046 0.950291 0.906660 0.784889 0.591387 0.917130 0.770627 0.902179 0.986484 0.727235 0.749005 0.830021 0.999644 0.910695 0.971121 0.817046 0.940107 0.904987 0.733220 0.961886 0.898706 0.837125 0.903552 0.936800 0.882692 0.938474 0.796038 0.849029 0.971504 0.907886 0.822431 0.836218 0.725185 0.977718 0.943937 0.904142 0.917682 0.966520 0.939803 0.767494 0.956937 0.779912 0.861503 0.854239 0.986328 0.864857 0.945288 0.859744 0.998489 0.994157 0.926176 0.957654 0.928697 0.717190 0.932141
0.421469 0.457575 0.991560 0.810509 0.839234 0.771695 0.955151 0.931453 0.493800 0.817876 0.555624 0.479337 0.834826 0.532126 0.920537 0.941576 0.000000 0.300948 0.524895 0.404680 0.796601 0.851031 0.860515 0.881363 0.927285 0.992656 0.837526 0.995519 0.587059 0.471560 0.922737 0.913246 0.514999 0.554055 0.962558 0.953085 0.765554 0.877962 0.770424 0.876901 0.878030 0.787128 0.963418 0.650221 0.907024 0.724092 0.648174 0.551743 0.668746 0.623611 0.818757 0.781804 0.927499 0.829240 0.614229 0.516789 0.415367 0.402229 0.596554 0.751958 0.961464 0.808768 0.437660 0.383204 0.995473 0.747062 0.708411 0.908601 0.535321 0.584040 0.836426 0.705563 0.847010 0.875360 0.909215 0.986142 0.827538 0.925411 0.550455 0.638433 0.346098 0.544400 0.507274 0.519931 0.560885 0.618717 0.940868 0.654612 0.922572 0.568678 0.718781 0.692204 0.751291 0.642627 0.866664 0.775400 0.986673 0.930708 0.985103 0.986503 0.945195 0.746248 0.852380 0.628621 0.774074 0.751451 0.965405 0.975739 0.953373 0.703792 0.965679 0.807435 0.973378 0.950121 0.969260 0.833643
0.327790 0.406426 0.966005 0.735234 0.859638 0.756251 0.971949 0.910244 0.487553 0.711516 0.452945 0.369262 0.684656 0.405877 0.870965 0.967932 0.300948 0.000000 0.438447 0.348813 0.810775 0.882365 0.813508 0.730881 0.851899 0.901942 0.835724 0.985687 0.675205 0.556138 0.981283 0.899526 0.519783 0.545434 0.921306 0.971768 0.836046 0.877679 0.715250 0.881144 0.906261 0.790628 0.985749 0.742794 0.984614 0.827712 0.729487 0.619550 0.761197 0.732912 0.958262 0.919464 0.800124 0.707169 0.599212 0.502133 0.371635 0.357394 0.551657 0.666106 0.952291 0.841517 0.415562 0.391151 0.889375 0.898015 0.724480 0.879941 0.457823 0.523494 0.791804 0.709014 0.836247 0.862659 0.902261 0.922803 0.917340 0.896918 0.533427 0.560655 0.303343 0.407049 0.499652 0.368805 0.460110 0.502188 0.836053 0.567452 0.866642 0.488440 0.666903 0.620503 0.756380 0.616626 0.841822 0.835602 0.990849 0.899035 0.913934 0.933618 0.876934 0.754031 0.927098 0.663029 0.764299 0.688194 0.962334 0.970174 0.830781 0.706611 0.965590 0.926031 0.963804 0.852745 0.962949 0.828282
0.462664 0.459002 0.728352 0.715199 0.932333 0.759830 0.768375 0.822596 0.727026 0.872572 0.697204 0.460255 0.585112 0.531568 0.634093 0.940760 0.524895 0.438447 0.000000 0.393358 0.800368 0.850941 0.441614 0.710372 0.750441 0.859452 0.758232 0.888984 0.598602 0.625579 0.649837 0.691765 0.398182 0.438912 0.734236 0.943167 0.766620 0.969152 0.744958 0.972488 0.928943 0.858932 0.596565 0.482042 0.740264 0.572546 0.431236 0.380432 0.581812 0.540927 0.718974 0.660748 0.987882 0.885130 0.592860 0.457964 0.501861 0.487825 0.424918 0.515891 0.712872 0.940687 0.498590 0.483103 0.618732 0.947595 0.538017 0.627672 0.591810 0.692429 0.969499 0.884143 0.923597 0.986248 0.922427 0.989323 0.738440 0.970454 0.538251 0.564915 0.471073 0.547086 0.553984 0.502158 0.383614 0.481322 0.838960 0.702270 0.781282 0.469228 0.809117 0.891841 0.820081 0.675868 0.738270 0.772975 0.846184 0.808332 0.769346 0.721853 0.878408 0.870890 0.813854 0.626601 0.677714 0.533730 0.890285 0.931140 0.968663 0.674175 0.810745 0.808110 0.824194 0.738469 0.753964 0.915423
0.322522 0.327572 0.733667 0.706239 0.707036 0.807170 0.973245 0.981131 0.580529 0.648735 0.520027 0.453540 0.721006 0.515568 0.829062 0.965866 0.404680 0.348813 0.393358 0.000000 0.722483 0.819488 0.719557 0.702681 0.649268 0.713795 0.655731 0.985945 0.758541 0.686888 0.849266 0.861223 0.546326 0.612442 0.821707 0.998844 0.718138 0.809019 0.673715 0.944931 0.913905 0.738498 0.867744 0.696852 0.935801 0.893301 0.642305 0.595396 0.852898 0.807284 0.961588 0.993613 0.683232 0.553011 0.640169 0.612925 0.355053 0.343574 0.574117 0.571698 0.965666 0.873520 0.612647 0.541721 0.665438 0.990450 0.785625 0.931296 0.390180 0.493420 0.822129 0.725828 0.965814 0.893663 0.904082 0.924188 0.792735 0.916783 0.574162 0.574361 0.358147 0.356679 0.587261 0.360843 0.440171 0.466670 0.992759 0.677627 0.849166 0.435757 0.618731 0.677161 0.762348 0.640980 0.867935 0.798356 0.936776 0.878419 0.916504 0.954609 0.736009 0.715835 0.972707 0.697661 0.766326 0.687330 0.955279 0.957729 0.999207 0.671164 0.893079 0.987552 0.936005 0.893736 0.959588 0.792867
0.658419 0.666644 0.719287 0.687610 0.806307 0.898306 0.964459 0.905311 0.955196 0.814985 0.779809 0.735213 0.789731 0.829888 0.835574 0.889430 0.796601 0.810775 0.800368 0.722483 0.000000 0.913953 0.840568 0.878374 0.685910 0.730328 0.860503 0.882011 0.982797 0.996678 0.871655 0.724717 0.740613 0.791270 0.979954 0.872598 0.873370 0.830651 0.789847 0.837285 0.978250 0.780383 0.924380 0.795270 0.947482 0.989295 0.864710 0.779212 0.976141 0.922523 0.996981 0.946645 0.922236 0.785265 0.782875 0.934053 0.634473 0.676097 0.825969 0.717170 0.986105 0.994079 0.864840 0.833801 0.699460 0.895705 0.977220 0.885175 0.632803 0.807339 0.862709 0.871840 0.887727 0.877499 0.996709 0.990083 0.801643 0.898028 0.801355 0.701657 0.754931 0.760302 0.784134 0.816007 0.798651 0.730935 0.922309 0.922778 0.904442 0.774067 0.841343 0.840049 0.955328 0.870870 0.913809 0.955224 0.966805 0.929827 0.944924 0.985440 0.774068 0.795149 0.980563 0.862120 0.910882 0.820143 0.887641 0.954845 0.943723 0.818916 0.995052 0.828809 0.930241 0.687757 0.740375 0.775404
0.855292 0.898817 0.941489 0.927790 0.904989 0.848225 0.944932 0.862525 0.788131 0.887496 0.970089 0.838214 0.905923 0.983499 0.952991 0.980521 0.851031 0.882365 0.850941 0.819488 0.913953 0.000000 0.843510 0.913415 0.853705 0.874195 0.898566 0.929215 0.795413 0.941585 0.973457 0.941548 0.950554 0.825004 0.915930 0.867021 0.949660 0.977047 0.980894 0.863283 0.880660 0.955274 0.907714 0.914513 0.971820 0.942225 0.794136 0.835981 0.946946 0.988700 0.979406 0.991195 0.908764 0.830946 0.869154 0.916639 0.921959 0.943443 0.899174 0.881127 0.930452 0.938652 0.994125 0.967089 0.895674 0.996879 0.906966 0.990117 0.847386 0.967284 0.964184 0.946044 0.971686 0.904413 0.951126 0.932990 0.916743 0.861011 0.908043 0.851900 0.832902 0.865712 0.889859 0.918626 0.900360 0.881611 0.960107 0.858092 0.978555 0.841310 0.865213 0.944983 0.938355 0.914776 0.993085 0.923246 0.980947 0.963238 0.952697 0.895829 0.973426 0.886405 0.966769 0.973125 0.906956 0.920534 0.962146 0.924709 0.982057 0.854861 0.991173 0.939586 0.915425 0.953780 0.948972 0.966452
0.799525 0.770154 0.667435 0.786733 0.827119 0.977299 0.497122 0.625480 0.890348 0.801911 0.965819 0.593579 0.501100 0.706279 0.428889 0.658226 0.860515 0.813508 0.441614 0.719557 0.840568 0.843510 0.000000 0.715629 0.883714 0.915388 0.923620 0.724603 0.610327 0.698813 0.412387 0.502544 0.503046 0.506735 0.735468 0.985954 0.941450 0.901232 0.912380 0.939259 0.820095 0.991250 0.472366 0.471289 0.579487 0.489673 0.427284 0.444653 0.547589 0.544483 0.596437 0.529219 0.767655 0.839249 0.657522 0.609604 0.889528 0.840892 0.519219 0.652767 0.459274 0.622117 0.668164 0.649851 0.590048 0.794079 0.469021 0.473292 0.897748 0.972731 0.671420 0.790275 0.762228 0.834818 0.911629 0.888471 0.571925 0.838138 0.707448 0.629685 0.812237 0.886260 0.706661 0.861624 0.557324 0.688774 0.937477 0.882469 0.817008 0.677590 0.970267 0.889232 0.960436 0.843529 0.726472 0.892829 0.821453 0.858185 0.555324 0.537383 0.990088 0.855484 0.793055 0.768732 0.790531 0.602117 0.892633 0.990480 0.908901 0.788330 0.716325 0.798510 0.674840 0.771877 0.486569 0.950858
0.628106 0.618224 0.707546 0.516395 0.936039 0.898292 0.996002 0.748586 0.769374 0.736760 0.941885 0.676776 0.652327 0.550597 0.774195 0.685678 0.881363 0.730881 0.710372 0.702681 0.878374 0.913415 0.715629 0.000000 0.619075 0.628000 0.730629 0.902386 0.894564 0.964408 0.931121 0.770244 0.863507 0.836537 0.818139 0.998745 0.863719 0.829046 0.639155 0.882005 0.879685 0.854630 0.875929 0.970397 0.771456 0.872562 0.913107 0.888580 0.838781 0.913785 0.853981 0.957264 0.739391 0.716581 0.898177 0.828974 0.654692 0.642229 0.658480 0.609466 0.935436 0.886062 0.884360 0.886713 0.646122 0.596384 0.838687 0.854819 0.678833 0.669589 0.853208 0.860626 0.772017 0.751937 0.966577 0.816356 0.901096 0.811199 0.865157 0.805781 0.815722 0.697351 0.712319 0.665540 0.688430 0.411237 0.814232 0.774934 0.666525 0.536797 0.662052 0.609358 0.833840 0.694626 0.972095 0.973734 0.988640 0.859382 0.898571 0.907366 0.673386 0.774869 0.801377 0.921562 0.965282 0.964790 0.895302 0.831861 0.936813 0.871669 0.846270 0.786624 0.877805 0.965590 0.864766 0.832799
0.565392 0.492186 0.449946 0.492870 0.681456 0.937328 0.760235 0.972818 0.824202 0.549045 0.890623 0.832516 0.856006 0.841800 0.950567 0.962894 0.927285 0.851899 0.750441 0.649268 0.685910 0.853705 0.883714 0.619075 0.000000 0.308239 0.601620 0.860074 0.742489 0.780642 0.897411 0.832873 0.923452 0.991780 0.752575 0.872938 0.656096 0.776878 0.588067 0.929944 0.890337 0.712676 0.943688 0.918531 0.583770 0.716908 0.868386 0.912745 0.685427 0.772626 0.644974 0.729523 0.522253 0.457566 0.960050 0.955490 0.563259 0.569962 0.828988 0.577130 0.741656 0.938631 0.753692 0.868014 0.384673 0.649640 0.927617 0.790155 0.498393 0.630862 0.921247 0.885124 0.905769 0.863523 0.912204 0.908245 0.811601 0.962037 0.861195 0.789444 0.834797 0.616883 0.952376 0.642080 0.781195 0.502275 0.881804 0.955463 0.805814 0.549224 0.524117 0.719155 0.807852 0.850527 0.969556 0.925577 0.832888 0.897221 0.799222 0.899860 0.594477 0.717040 0.869733 0.983873 0.913040 0.824186 0.792367 0.926068 0.958179 0.809482 0.946490 0.675827 0.889774 0.941292 0.873586 0.845804
0.651671 0.549935 0.488193 0.462482 0.742735 0.939107 0.861599 0.921670 0.923031 0.669935 0.884114 0.844381 0.844550 0.813112 0.921598 0.916994 0.992656 0.901942 0.859452 0.713795 0.730328 0.874195 0.915388 0.628000 0.308239 0.000000 0.625614 0.853943 0.757165 0.829402 0.864104 0.858173 0.987595 0.965686 0.832165 0.856243 0.666820 0.681774 0.566809 0.956537 0.981695 0.610497 0.987507 0.985591 0.569950 0.667507 0.947962 0.979990 0.671712 0.744601 0.641606 0.721069 0.578047 0.529687 0.936722 0.955763 0.660174 0.614358 0.983344 0.680610 0.774484 0.945494 0.771166 0.877806 0.469774 0.642950 0.832570 0.752918 0.523135 0.648899 0.978672 0.940986 0.967074 0.931307 0.886544 0.960998 0.779593 0.989620 0.883178 0.805548 0.889997 0.711417 0.979534 0.695223 0.886245 0.608106 0.872983 0.961396 0.742832 0.638947 0.615790 0.791789 0.917685 0.931473 0.953213 0.919256 0.773956 0.951609 0.872849 0.845308 0.640614 0.821016 0.826257 0.983935 0.852968 0.851180 0.803302 0.995194 0.989663 0.828304 0.903157 0.726736 0.952500 0.873662 0.898768 0.881951
0.707253 0.657023 0.707698 0.671742 0.796050 0.944072 0.912969 0.940082 0.799507 0.715325 0.882214 0.782011 0.864397 0.869040 0.966164 0.949661 0.837526 0.835724 0.758232 0.655731 0.860503 0.898566 0.923620 0.730629 0.601620 0.625614 0.000000 0.762879 0.890433 0.952915 0.933269 0.974137 0.983163 0.916385 0.923761 0.971985 0.677655 0.845403 0.815017 0.884224 0.914521 0.873462 0.961742 0.871836 0.789665 0.892765 0.843082 0.854706 0.902637 0.965352 0.827892 0.926077 0.728317 0.709180 0.852285 0.845877 0.690044 0.682178 0.840346 0.706811 0.882907 0.946905 0.999722 0.910418 0.768265 0.861425 0.965758 0.917433 0.714872 0.714801 0.927470 0.995959 0.905993 0.982532 0.871313 0.942044 0.824741 0.990939 0.905358 0.942794 0.913247 0.733277 0.925267 0.681649 0.849860 0.657255 0.927726 0.856493 0.837184 0.601619 0.768469 0.924757 0.914976 0.999400 0.944722 0.776839 0.854308 0.807833 0.948163 0.959515 0.802386 0.851715 0.974194 0.863163 0.829054 0.865461 0.992596 0.943654 0.916113 0.784449 0.796228 0.873817 0.991890 0.919104 0.919205 0.960533
0.978974 0.931231 0.960532 0.978513 0.904740 0.738715 0.782106 0.871413 0.964115 0.841274 0.960955 0.890266 0.740079 0.763592 0.786768 0.773201 0.995519 0.985687 0.888984 0.985945 0.882011 0.929215 0.724603 0.902386 0.860074 0.853943 0.762879 0.000000 0.903161 0.853702 0.835679 0.794735 0.783776 0.852673 0.955608 0.994282 0.825241 0.820166 0.896539 0.810900 0.944322 0.724968 0.965750 0.969737 0.811763 0.795759 0.862021 0.856291 0.805052 0.762069 0.752410 0.728051 0.886874 0.841077 0.832770 0.886110 0.967186 0.954411 0.781549 0.873610 0.685475 0.869332 0.773769 0.891371 0.985258 0.972287 0.739952 0.755022 0.911220 0.799280 0.959869 0.937724 0.916794 0.895360 0.962970 0.997736 0.887643 0.997341 0.944963 0.880053 0.978679 0.901200 0.773902 0.997633 0.902699 0.957519 0.867929 0.919838 0.972751 0.940571 0.984250 0.984902 0.915358 0.836839 0.987284 0.931241 0.967683 0.897583 0.854240 0.874836 0.985843 0.879839 0.888887 0.933440 0.893213 0.964251 0.981208 0.855851 0.898795 0.946685 0.985076 0.953270 0.936103 0.952581 0.980454 0.938338
0.876660 0.848816 0.958187 0.937367 0.882515 0.937257 0.572134 0.783436 0.986614 0.700955 0.855247 0.654245 0.795523 0.791738 0.632962 0.919770 0.587059 0.675205 0.598602 0.758541 0.982797 0.795413 0.610327 0.894564 0.742489 0.757165 0.890433 0.903161 0.000000 0.374967 0.656416 0.763108 0.501329 0.406696 0.874116 0.930784 0.954768 0.963755 0.968627 0.977084 0.970088 0.957023 0.581621 0.491060 0.495011 0.442503 0.555490 0.486500 0.425148 0.461566 0.455138 0.508399 0.635183 0.673578 0.696372 0.603456 0.870317 0.857731 0.708997 0.965881 0.585805 0.781562 0.492778 0.473908 0.911429 0.810970 0.582070 0.637122 0.994443 0.961070 0.704614 0.832964 0.805532 0.741100 0.917637 0.922561 0.719905 0.769314 0.625356 0.759383 0.655409 0.973258 0.670641 0.971651 0.805995 0.952996 0.990546 0.885153 0.935493 0.944079 0.856673 0.876036 0.892727 0.867338 0.798194 0.804201 0.904731 0.934094 0.640051 0.671609 0.787675 0.892902 0.710016 0.775370 0.705100 0.605902 0.832555 0.877224 0.910274 0.789686 0.923313 0.627487 0.675195 0.739674 0.772629 0.933859
0.772043 0.763692 0.987369 0.904004 0.942698 0.978699 0.621437 0.720846 0.843055 0.851381 0.759977 0.562408 0.738708 0.508062 0.623929 0.763989 0.471560 0.556138 0.625579 0.686888 0.996678 0.941585 0.698813 0.964408 0.780642 0.829402 0.952915 0.853702 0.374967 0.000000 0.732426 0.825270 0.510747 0.435634 0.901881 0.838074 0.836240 0.909468 0.921957 0.923792 0.968347 0.946046 0.823828 0.624097 0.686731 0.603713 0.683227 0.582863 0.577042 0.575945 0.599959 0.583700 0.774830 0.778153 0.610837 0.546306 0.785032 0.736264 0.703190 0.963218 0.590938 0.771539 0.471118 0.415554 0.854173 0.916882 0.667693 0.717200 0.900203 0.875616 0.899565 0.949427 0.858209 0.842857 0.902081 0.894623 0.737009 0.908660 0.603363 0.638038 0.553105 0.870905 0.587679 0.784794 0.830653 0.915683 0.865493 0.809045 0.877709 0.879357 0.986889 0.935552 0.858899 0.750198 0.846982 0.828212 0.962669 0.935584 0.847036 0.848969 0.886657 0.987556 0.884398 0.797876 0.794480 0.720960 0.847382 0.917238 0.964248 0.846718 0.974026 0.643640 0.839886 0.864707 0.865143 0.932410
0.988358 0.858441 0.655718 0.765805 0.847642 0.831430 0.544756 0.615924 0.728047 0.605844 0.964834 0.751520 0.674080 0.888161 0.465276 0.626172 0.922737 0.981283 0.649837 0.849266 0.871655 0.973457 0.412387 0.931121 0.897411 0.864104 0.933269 0.835679 0.656416 0.732426 0.000000 0.534323 0.545153 0.523979 0.794527 0.982803 0.865726 0.938141 0.929070 0.998796 0.840903 0.917666 0.450959 0.467524 0.648830 0.565963 0.519913 0.530793 0.641335 0.625723 0.588447 0.548802 0.723986 0.779323 0.750584 0.735940 0.980008 0.940042 0.722024 0.819727 0.554408 0.543721 0.831289 0.752296 0.679315 0.853762 0.644614 0.598825 0.966078 0.931847 0.579489 0.672384 0.714022 0.740312 0.980273 0.782030 0.529097 0.661241 0.692305 0.768112 0.959857 0.874535 0.903844 0.924257 0.873252 0.924937 0.821874 0.863037 0.898614 0.901740 0.993074 0.838653 0.940285 0.908750 0.755338 0.864545 0.761923 0.938530 0.559495 0.563099 0.967368 0.858752 0.810858 0.916660 0.855495 0.676951 0.735920 0.870562 0.781644 0.878179 0.743700 0.764308 0.658102 0.845458 0.546954 0.799989
0.839808 0.810563 0.681764 0.750449 0.984550 0.931088 0.744135 0.766319 0.918813 0.778330 0.982151 0.714547 0.660598 0.803400 0.631644 0.712890 0.913246 0.899526 0.691765 0.861223 0.724717 0.941548 0.502544 0.770244 0.832873 0.858173 0.974137 0.794735 0.763108 0.825270 0.534323 0.000000 0.579101 0.641963 0.934878 0.899335 0.970397 0.975472 0.930989 0.919612 0.858100 0.887430 0.712861 0.640575 0.761129 0.665363 0.536358 0.627370 0.679480 0.717954 0.691159 0.631200 0.879936 0.947924 0.727140 0.696809 0.807633 0.823694 0.632031 0.710975 0.691740 0.726031 0.782278 0.787547 0.766751 0.927276 0.747277 0.733186 0.850236 0.963285 0.872620 0.809356 0.960166 0.950531 0.981327 0.992269 0.657771 0.892019 0.725448 0.698204 0.851165 0.985648 0.738164 0.954672 0.831123 0.839742 0.852520 0.913728 0.957838 0.776713 0.899712 0.933081 0.886667 0.803526 0.894890 0.995470 0.822994 0.840852 0.718551 0.808620 0.903115 0.985207 0.906632 0.871190 0.975477 0.726629 0.967401 0.995519 0.965145 0.894321 0.869159 0.959353 0.734554 0.831917 0.656264 0.997008
0.573897 0.608228 0.838079 0.783037 0.982172 0.875333 0.674411 0.756629 0.874127 0.886481 0.734433 0.506430 0.653669 0.619788 0.578076 0.898112 0.514999 0.519783 0.398182 0.546326 0.740613 0.950554 0.503046 0.863507 0.923452 0.987595 0.983163 0.783776 0.501329 0.510747 0.545153 0.579101 0.000000 0.396406 0.731928 0.994949 0.931445 0.979391 0.870895 0.956018 0.911920 0.840729 0.629953 0.437935 0.616533 0.478081 0.467035 0.390797 0.479854 0.450147 0.541688 0.517818 0.818659 0.916543 0.601481 0.474289 0.581377 0.588100 0.493586 0.658628 0.602308 0.853988 0.452543 0.440499 0.781199 0.919855 0.504055 0.647343 0.717257 0.812325 0.926612 0.963344 0.997620 0.927482 0.912444 0.981348 0.698599 0.822349 0.507525 0.588138 0.534311 0.757750 0.583422 0.669940 0.574949 0.695307 0.983173 0.842523 0.905135 0.656186 0.867543 0.954764 0.864681 0.713658 0.765277 0.862321 0.870101 0.884745 0.666202 0.668301 0.957649 0.882165 0.749146 0.645088 0.674755 0.563978 0.971006 0.969949 0.985765 0.736931 0.825139 0.795663 0.742849 0.662535 0.712010 0.954616
0.664961 0.619300 0.810289 0.735622 0.898094 0.976721 0.533055 0.592792 0.900040 0.781010 0.793934 0.481084 0.582701 0.579078 0.548614 0.761216 0.554055 0.545434 0.438912 0.612442 0.791270 0.825004 0.506735 0.836537 0.991780 0.965686 0.916385 0.852673 0.406696 0.435634 0.523979 0.641963 0.396406 0.000000 0.829967 0.845898 0.823740 0.948211 0.796768 0.975192 0.887060 0.806301 0.563564 0.389960 0.588688 0.480287 0.469533 0.396938 0.506065 0.486084 0.528314 0.495392 0.744909 0.813027 0.571045 0.480958 0.681661 0.661080 0.483952 0.720398 0.512201 0.661975 0.449553 0.407633 0.808386 0.975896 0.482850 0.557094 0.823433 0.840173 0.791551 0.893423 0.893184 0.797624 0.938843 0.924192 0.599380 0.708917 0.526990 0.598646 0.635692 0.900015 0.633997 0.780121 0.725989 0.757719 0.989983 0.916835 0.812459 0.716624 0.918312 0.960281 0.875096 0.714128 0.771341 0.751102 0.811883 0.810843 0.611098 0.604710 0.992768 0.945835 0.770461 0.697489 0.733104 0.537600 0.798931 0.992997 0.952564 0.706593 0.864914 0.770794 0.759920 0.679575 0.598738 0.901748
0.813311 0.788689 0.691870 0.780473 0.896807 0.861157 0.850873 0.889339 0.947328 0.968992 0.995413 0.867858 0.778707 0.872747 0.683651 0.958257 0.962558 0.921306 0.734236 0.821707 0.979954 0.915930 0.735468 0.818139 0.752575 0.832165 0.923761 0.955608 0.874116 0.901881 0.794527 0.934878 0.731928 0.829967 0.000000 0.969594 0.908312 0.851006 0.879033 0.870044 0.771564 0.901017 0.708580 0.716561 0.872528 0.838989 0.723056 0.718084 0.907868 0.805355 0.849269 0.867522 0.975622 0.966512 0.877371 0.772877 0.811294 0.822724 0.756307 0.730642 0.796793 0.828056 0.931607 0.922687 0.658815 0.860335 0.741531 0.837654 0.913246 0.991338 0.841640 0.952464 0.985219 0.907486 0.839539 0.976525 0.673448 0.855007 0.870180 0.894329 0.900391 0.891429 0.979767 0.860228 0.782274 0.783275 0.945985 0.967719 0.862622 0.771866 0.858194 0.943666 0.884756 0.782264 0.955924 0.868343 0.814420 0.953028 0.851720 0.748054 0.775953 0.931815 0.873505 0.813588 0.761840 0.867739 0.897510 0.923048 0.989760 0.864899 0.906996 0.881827 0.769001 0.855961 0.761844 0.998280
0.916931 0.931181 0.846967 0.866523 0.767091 0.948903 0.922192 0.995539 0.829556 0.999642 0.950710 0.936372 0.995643 0.875922 0.920161 0.991560 0.953085 0.971768 0.943167 0.998844 0.872598 0.867021 0.985954 0.998745 0.872938 0.856243 0.971985 0.994282 0.930784 0.838074 0.982803 0.899335 0.994949 0.845898 0.969594 0.000000 0.951889 0.987150 0.954761 0.949793 0.750039 0.922752 0.972612 0.938319 0.806192 0.866653 0.932721 0.860083 0.916071 0.871134 0.820843 0.856396 0.792573 0.746023 0.903248 0.822235 0.864088 0.912791 0.895186 0.908731 0.886957 0.949382 0.872628 0.926898 0.874041 0.997725 0.819430 0.757553 0.823753 0.956577 0.955510 0.960435 0.962150 0.996955 0.834371 0.930708 0.949817 0.998320 0.983163 0.989571 0.950939 0.908130 0.935697 0.966733 0.972129 0.903212 0.824916 0.821247 0.973463 0.881861 0.918099 0.884799 0.887957 0.978775 0.974576 0.802877 0.920865 0.753430 0.890722 0.800023 0.862037 0.917663 0.895231 0.756068 0.983375 0.966333 0.991224 0.996206 0.935655 0.960381 0.925326 0.760077 0.949743 0.997944 0.960609 0.844395
0.767928 0.663260 0.574345 0.578210 0.790002 0.955588 0.971992 0.906109 0.915760 0.753745 0.942290 0.858671 0.988073 0.836200 0.842991 0.912595 0.765554 0.836046 0.766620 0.718138 0.873370 0.949660 0.941450 0.863719 0.656096 0.666820 0.677655 0.825241 0.954768 0.836240 0.865726 0.970397 0.931445 0.823740 0.908312 0.951889 0.000000 0.769974 0.704320 0.877560 0.955986 0.821048 0.876127 0.843838 0.796562 0.882859 0.888552 0.869119 0.846623 0.906410 0.832570 0.915828 0.757876 0.777769 0.875399 0.885466 0.744674 0.717915 0.975271 0.987880 0.885547 0.990538 0.902079 0.953342 0.658567 0.789716 0.905885 0.870242 0.707972 0.763059 0.975693 0.827685 0.867312 0.953847 0.922484 0.881834 0.811681 0.937953 0.789862 0.875638 0.816444 0.804800 0.939643 0.800218 0.916763 0.766078 0.922518 0.956742 0.775217 0.809982 0.769541 0.842965 0.701224 0.849357 0.998268 0.969855 0.948617 0.867669 0.890596 0.997008 0.717929 0.814367 0.911283 0.860053 0.812541 0.836334 0.724667 0.920262 0.848495 0.981160 0.851176 0.996016 0.923949 0.950420 0.836857 0.937703
0.867422 0.780140 0.846397 0.711809 0.827033 0.899751 0.936753 0.838576 0.919676 0.816256 0.982624 0.849245 0.937211 0.825200 0.934502 0.878947 0.877962 0.877679 0.969152 0.809019 0.830651 0.977047 0.901232 0.829046 0.776878 0.681774 0.845403 0.820166 0.963755 0.909468 0.938141 0.975472 0.979391 0.948211 0.851006 0.987150 0.769974 0.000000 0.756230 0.955267 0.867653 0.648952 0.902520 0.946443 0.734645 0.740196 0.856500 0.802319 0.783186 0.746361 0.795680 0.743351 0.832202 0.811377 0.922020 0.951484 0.789303 0.774299 0.819799 0.926935 0.843554 0.881563 0.927120 0.954284 0.873149 0.764650 0.761628 0.742415 0.705025 0.679035 0.970702 0.972598 0.880842 0.919806 0.879949 0.873151 0.979076 0.936014 0.770042 0.905135 0.879650 0.782004 0.837523 0.866944 0.925585 0.911251 0.804050 0.967742 0.772875 0.881230 0.860886 0.748615 0.939193 0.909707 0.924148 0.868447 0.940393 0.900363 0.827961 0.793012 0.859261 0.813597 0.760312 0.987146 0.986526 0.960460 0.854655 0.735751 0.897425 0.927679 0.851806 0.743579 0.822274 0.839845 0.913482 0.802784
