0.000000 0.201827 0.333079 0.370717 0.589303 0.615252 0.292782 0.258290 0.364902 0.344212 0.177695 0.186285 0.174167 0.327165 0.275248 0.333146 0.232781 0.214781 0.231133 0.252539 0.582541 0.935771 0.422387 0.666242 0.715344 0.736964 0.983688 0.856564 0.294742 0.262022 0.315765 0.552065 0.193688 0.211933 0.544376 0.671656 0.376632 0.369056 0.844013 0.719541 0.623170 0.593928 0.311379 0.281654 0.290721 0.285120 0.323933 0.340118 0.757524 0.428473 0.447487 0.396278 0.573602 0.594763 0.557241 0.501536 0.257309 0.203736 0.266671 0.285901 0.172920 0.262541 0.162573 0.169362 0.408238 0.367425 0.329771 0.368235 0.275742 0.249039 0.352461 0.321353 0.452366 0.451247 0.694652 0.621701 0.435083 0.370848 0.299391 0.341622 0.219176 0.285316 0.626205 0.465553 0.322339 0.544459 0.994746 0.680236 0.564048 0.542421 0.425649 0.477982 0.488337 0.491563 0.610063 0.574433 0.408676 0.671970 0.221055 0.290507 0.502237 0.505563 0.312204 0.376046 0.333775 0.353281 0.580267 0.618643 0.712597 0.554535 0.627044 0.447229 0.395099 0.617132 0.443134 0.987495
0.201827 0.000000 0.496594 0.466818 0.578976 0.650818 0.416807 0.310444 0.389088 0.390543 0.240963 0.168882 0.203471 0.229855 0.247521 0.273253 0.208849 0.162732 0.238939 0.215016 0.605794 0.937021 0.402087 0.577016 0.657883 0.825288 0.966311 0.868942 0.241309 0.231394 0.390872 0.542848 0.274486 0.284910 0.670170 0.696675 0.417886 0.423190 0.986413 0.773665 0.623286 0.587632 0.329404 0.295102 0.359166 0.366695 0.385569 0.372260 0.818782 0.547510 0.581379 0.528062 0.707674 0.770109 0.733792 0.690169 0.156038 0.137880 0.411404 0.421480 0.286529 0.324388 0.191957 0.166043 0.543312 0.498626 0.503712 0.494348 0.318160 0.351544 0.283569 0.316667 0.509990 0.520321 0.781522 0.643012 0.377077 0.350887 0.373965 0.307279 0.218888 0.289320 0.525928 0.461459 0.417229 0.548736 0.995513 0.712773 0.707020 0.656915 0.516497 0.523128 0.584162 0.587467 0.626635 0.587792 0.467150 0.694564 0.279410 0.280651 0.553461 0.660431 0.370736 0.345128 0.403943 0.396803 0.670865 0.638184 0.708113 0.575972 0.549519 0.443700 0.472205 0.567596 0.463761 0.931257
0.333079 0.496594 0.000000 0.157414 0.579437 0.540281 0.157614 0.218136 0.402313 0.316638 0.384282 0.390089 0.331907 0.527539 0.410593 0.407580 0.445417 0.421569 0.322078 0.412518 0.510624 0.788353 0.303342 0.566844 0.522193 0.394836 0.885735 0.923005 0.494787 0.345102 0.224891 0.474069 0.233281 0.236836 0.392558 0.612878 0.341558 0.392056 0.621116 0.665667 0.701925 0.697565 0.259877 0.277212 0.420240 0.384378 0.356193 0.310192 0.974196 0.526727 0.597029 0.522263 0.597558 0.505781 0.552681 0.560484 0.560036 0.503849 0.283092 0.373708 0.239482 0.354281 0.327595 0.365441 0.188825 0.198162 0.175387 0.218936 0.491186 0.312068 0.425128 0.465137 0.522357 0.557452 0.491630 0.814017 0.461188 0.539677 0.350856 0.543360 0.374401 0.335945 0.690518 0.463670 0.283802 0.422719 0.894734 0.840727 0.471148 0.471087 0.409422 0.434678 0.435817 0.459152 0.629074 0.579997 0.508083 0.645237 0.402922 0.365690 0.533519 0.390050 0.431251 0.400076 0.328712 0.359882 0.718580 0.681178 0.698752 0.532992 0.650325 0.588902 0.447155 0.627678 0.526129 0.929420
0.370717 0.466818 0.157414 0.000000 0.623347 0.516048 0.182362 0.173525 0.436561 0.255180 0.437184 0.339379 0.323249 0.413824 0.342410 0.320664 0.435098 0.383830 0.297525 0.367602 0.471417 0.789364 0.218878 0.413628 0.474499 0.417041 0.902809 0.949933 0.429116 0.293473 0.205731 0.384349 0.221280 0.237736 0.427518 0.598626 0.312489 0.401155 0.586543 0.667127 0.730453 0.614611 0.246466 0.297628 0.464999 0.435872 0.396448 0.291458 0.971225 0.557773 0.660420 0.574185 0.614175 0.492135 0.570610 0.599513 0.550004 0.488352 0.386165 0.458493 0.302799 0.351657 0.326160 0.332559 0.222478 0.215358 0.223393 0.262172 0.548353 0.321299 0.367042 0.446443 0.531680 0.606530 0.492256 0.759069 0.417131 0.490464 0.333552 0.514014 0.312996 0.264465 0.583274 0.364512 0.265347 0.342620 0.806894 0.863052 0.501442 0.453023 0.385721 0.369473 0.407639 0.456880 0.629457 0.503305 0.515923 0.670201 0.406794 0.303092 0.496029 0.366227 0.400691 0.383207 0.338639 0.352797 0.757684 0.670445 0.682481 0.503151 0.615085 0.539482 0.447644 0.581013 0.593230 0.955646
0.589303 0.578976 0.579437 0.623347 0.000000 0.731742 0.581596 0.595675 0.665587 0.705037 0.640166 0.627075 0.557626 0.722191 0.612052 0.671847 0.689100 0.647012 0.553553 0.692088 0.690989 0.809898 0.646689 0.752218 0.789294 0.866969 0.929561 0.821402 0.631717 0.668833 0.666581 0.857316 0.549994 0.575565 0.698894 0.859313 0.656144 0.668340 0.829989 0.720593 0.859163 0.633510 0.567635 0.525335 0.512724 0.575848 0.670116 0.593102 0.884533 0.693652 0.788846 0.708774 0.830547 0.837871 0.863004 0.855734 0.649830 0.664769 0.553104 0.601601 0.501684 0.569843 0.610977 0.627357 0.558340 0.534021 0.581982 0.532059 0.607314 0.653774 0.659493 0.679168 0.879259 0.943739 0.872087 0.982782 0.679692 0.743836 0.715825 0.770113 0.685121 0.697484 0.841089 0.762017 0.640520 0.617995 0.946327 0.881322 0.795837 0.845097 0.703160 0.703029 0.716104 0.671230 0.905531 0.925029 0.739894 0.834829 0.623369 0.594369 0.813355 0.629281 0.603609 0.722412 0.499127 0.588370 0.741648 0.838285 0.889656 0.945499 0.760333 0.699365 0.739186 0.830283 0.667062 0.776405
0.615252 0.650818 0.540281 0.516048 0.731742 0.000000 0.521462 0.489607 0.528141 0.510317 0.694108 0.607181 0.577687 0.754502 0.665384 0.649058 0.742028 0.703828 0.662542 0.675287 0.677326 0.788435 0.601473 0.845716 0.702685 0.509837 0.942615 0.705338 0.736627 0.714878 0.533428 0.729601 0.580857 0.587649 0.554190 0.881338 0.522645 0.876508 0.751593 0.903045 0.826452 0.706205 0.539951 0.608415 0.534254 0.548004 0.530691 0.616874 0.909008 0.740655 0.730256 0.667607 0.742110 0.827904 0.741152 0.669006 0.785708 0.742727 0.585397 0.646791 0.552714 0.598998 0.633093 0.630074 0.563557 0.526893 0.504532 0.462204 0.803034 0.720901 0.561974 0.644357 0.862315 0.957863 0.839287 0.867607 0.644992 0.732201 0.696157 0.795506 0.606781 0.622457 0.962613 0.742521 0.600231 0.708906 0.895361 0.656368 0.722227 0.717066 0.418316 0.476014 0.364948 0.530705 0.740791 0.807185 0.601108 0.802578 0.516805 0.556802 0.543044 0.552866 0.632614 0.703707 0.604228 0.492851 0.964163 0.641708 0.851803 0.818579 0.795466 0.579755 0.645530 0.831150 0.676253 0.791082
0.292782 0.416807 0.157614 0.182362 0.581596 0.521462 0.000000 0.159501 0.385674 0.237550 0.347596 0.345625 0.318752 0.464856 0.392470 0.390538 0.369430 0.334272 0.223330 0.337337 0.530801 0.867262 0.290227 0.582076 0.629036 0.546627 0.978832 0.795883 0.428510 0.313883 0.252253 0.436331 0.210499 0.204686 0.451999 0.618641 0.373512 0.427449 0.649359 0.697496 0.721095 0.602744 0.196070 0.219980 0.349766 0.336031 0.342433 0.272567 0.981394 0.594047 0.607452 0.551193 0.615324 0.476804 0.559266 0.631601 0.440027 0.425378 0.288939 0.389332 0.222708 0.349923 0.257845 0.309943 0.269040 0.220284 0.172032 0.193310 0.451635 0.330130 0.336044 0.334775 0.451594 0.480341 0.533665 0.767965 0.451053 0.441661 0.345521 0.471729 0.278573 0.276793 0.670724 0.445706 0.305456 0.480069 0.915943 0.763806 0.494265 0.594247 0.347837 0.334439 0.380765 0.408799 0.675038 0.520305 0.417062 0.647765 0.287418 0.255959 0.479326 0.294290 0.378932 0.337539 0.314890 0.348957 0.686255 0.610484 0.606966 0.475490 0.556304 0.466934 0.358882 0.565066 0.508508 0.909044
0.258290 0.310444 0.218136 0.173525 0.595675 0.489607 0.159501 0.000000 0.334084 0.189092 0.344862 0.227167 0.232157 0.296667 0.283941 0.270050 0.305545 0.263858 0.220435 0.264751 0.498497 0.816056 0.247000 0.482399 0.573294 0.553611 0.956839 0.898098 0.310408 0.242218 0.231511 0.397065 0.181431 0.188609 0.427898 0.587027 0.349013 0.408947 0.734311 0.709453 0.677457 0.574664 0.203319 0.240212 0.325832 0.326977 0.336651 0.280817 0.936002 0.540461 0.550251 0.472517 0.562855 0.491350 0.570208 0.641210 0.393739 0.344122 0.326915 0.373218 0.229846 0.257069 0.219480 0.200998 0.326799 0.252467 0.227383 0.258339 0.435754 0.286242 0.306784 0.342869 0.454777 0.523636 0.570025 0.691631 0.369950 0.350040 0.282881 0.428752 0.207380 0.212763 0.541285 0.364789 0.282860 0.410863 0.949472 0.770885 0.555129 0.506792 0.278371 0.285349 0.322255 0.392353 0.569065 0.454201 0.380803 0.623224 0.238824 0.187709 0.375973 0.338454 0.318988 0.302545 0.275696 0.317948 0.663670 0.542211 0.622684 0.459984 0.541593 0.412800 0.360911 0.519340 0.512914 0.958996
0.364902 0.389088 0.402313 0.436561 0.665587 0.528141 0.385674 0.334084 0.000000 0.337336 0.393143 0.349790 0.352706 0.494338 0.436063 0.458113 0.430768 0.429949 0.425450 0.407237 0.669798 0.933278 0.520595 0.771582 0.650469 0.678716 0.874482 0.932003 0.451823 0.435802 0.405107 0.631034 0.357890 0.391334 0.516373 0.764804 0.530048 0.612421 0.826745 0.725721 0.681026 0.809187 0.405379 0.422707 0.379836 0.383009 0.411090 0.457849 0.873076 0.589575 0.614468 0.536266 0.692824 0.697635 0.684231 0.622561 0.485652 0.414214 0.379777 0.383736 0.325894 0.345688 0.402903 0.380937 0.481789 0.420129 0.441549 0.419618 0.444475 0.448537 0.480949 0.497699 0.485854 0.534614 0.822490 0.720157 0.439941 0.480477 0.539996 0.519231 0.432273 0.457359 0.789718 0.648730 0.522803 0.713389 0.874667 0.588774 0.641984 0.680439 0.456318 0.450961 0.484251 0.473966 0.620103 0.649274 0.563155 0.751832 0.329808 0.388643 0.577616 0.549255 0.524459 0.435773 0.400197 0.480345 0.740927 0.647075 0.778467 0.598026 0.569675 0.560968 0.502824 0.616378 0.540598 0.807856
0.344212 0.390543 0.316638 0.255180 0.705037 0.510317 0.237550 0.189092 0.337336 0.000000 0.380287 0.315497 0.345024 0.398690 0.356129 0.354818 0.345877 0.328499 0.286109 0.329803 0.550039 0.826851 0.324491 0.607032 0.630941 0.575554 0.921524 0.894489 0.407371 0.306098 0.297669 0.439933 0.285098 0.278564 0.448116 0.661930 0.429742 0.515271 0.768392 0.708080 0.747732 0.581634 0.307863 0.339208 0.423826 0.439734 0.461364 0.380174 0.954687 0.666296 0.682081 0.597194 0.673207 0.597685 0.659541 0.683560 0.453669 0.442021 0.448807 0.498436 0.334939 0.362202 0.329233 0.313985 0.400847 0.324926 0.324474 0.369827 0.442060 0.414366 0.327823 0.387647 0.395947 0.489596 0.596387 0.569798 0.391172 0.342164 0.384107 0.487370 0.269611 0.280462 0.590840 0.434473 0.417845 0.581033 0.933349 0.699333 0.690810 0.648257 0.333237 0.311852 0.352974 0.388512 0.652261 0.424349 0.443771 0.680612 0.264968 0.254409 0.519584 0.438752 0.425285 0.361980 0.405377 0.399171 0.680715 0.588081 0.710839 0.529558 0.589272 0.494877 0.412762 0.540638 0.579757 0.950333
0.177695 0.240963 0.384282 0.437184 0.640166 0.694108 0.347596 0.344862 0.393143 0.380287 0.000000 0.208310 0.229476 0.353600 0.314833 0.340377 0.217408 0.217271 0.244498 0.244794 0.597983 0.928951 0.463220 0.649341 0.767245 0.762172 0.947887 0.792493 0.302145 0.251496 0.386091 0.507470 0.265663 0.254586 0.629140 0.712703 0.468196 0.452282 0.915304 0.702557 0.616704 0.648732 0.369875 0.333218 0.443924 0.406874 0.390811 0.410592 0.949041 0.586123 0.621602 0.575953 0.701935 0.743152 0.656047 0.537754 0.246326 0.234600 0.346870 0.372211 0.233404 0.328602 0.203179 0.217081 0.478141 0.401261 0.405309 0.441648 0.242370 0.296572 0.384189 0.349324 0.391076 0.401759 0.769560 0.588379 0.445703 0.396276 0.316511 0.281253 0.250148 0.289568 0.640849 0.521854 0.412359 0.628994 0.940333 0.706741 0.625344 0.656661 0.557319 0.601836 0.632782 0.623488 0.745095 0.590539 0.457640 0.693028 0.283018 0.322327 0.580686 0.572839 0.337976 0.371005 0.382866 0.403372 0.668928 0.757706 0.754180 0.589359 0.698009 0.548628 0.491721 0.594443 0.453373 0.893823
0.186285 0.168882 0.390089 0.339379 0.627075 0.607181 0.345625 0.227167 0.349790 0.315497 0.208310 0.000000 0.154067 0.192501 0.170429 0.190963 0.193115 0.153125 0.220822 0.206462 0.567126 0.910800 0.329817 0.501173 0.621566 0.726613 0.999320 0.929181 0.191216 0.169457 0.309176 0.457229 0.186188 0.233322 0.620242 0.682486 0.353658 0.411053 0.898963 0.702304 0.577120 0.582354 0.309943 0.293108 0.387099 0.344517 0.362012 0.347897 0.837146 0.505613 0.548089 0.470527 0.622091 0.644424 0.652673 0.613003 0.233722 0.187022 0.382980 0.372434 0.231835 0.231906 0.164641 0.117291 0.464857 0.373207 0.421273 0.443204 0.334902 0.259957 0.315376 0.306717 0.454555 0.517404 0.735223 0.604138 0.352203 0.298758 0.273311 0.309315 0.179773 0.213472 0.467448 0.361260 0.332107 0.449013 0.942686 0.778892 0.594795 0.566409 0.461039 0.470277 0.524387 0.569392 0.582407 0.489743 0.457223 0.637087 0.250026 0.251449 0.484033 0.521041 0.310826 0.323218 0.311365 0.374946 0.655582 0.636324 0.701914 0.516448 0.626220 0.463646 0.432348 0.556361 0.492635 0.955150
0.174167 0.203471 0.331907 0.323249 0.557626 0.577687 0.318752 0.232157 0.352706 0.345024 0.229476 0.154067 0.000000 0.225912 0.166389 0.211759 0.248056 0.202976 0.260623 0.283621 0.526403 0.897461 0.311074 0.484180 0.590351 0.665210 0.972260 0.945796 0.241346 0.208488 0.274904 0.502577 0.197917 0.248926 0.570249 0.732455 0.321254 0.389221 0.847029 0.715889 0.603450 0.554022 0.292150 0.287299 0.347612 0.315275 0.311939 0.317037 0.814287 0.433639 0.510276 0.410551 0.606682 0.605619 0.629602 0.585270 0.291313 0.216313 0.327179 0.318138 0.190602 0.217060 0.174178 0.148377 0.381214 0.336137 0.394317 0.405645 0.373115 0.305084 0.356591 0.379333 0.494687 0.510293 0.704379 0.617393 0.425590 0.347818 0.266892 0.319636 0.213403 0.249046 0.534664 0.424431 0.272386 0.411173 0.978693 0.787868 0.525256 0.493643 0.477534 0.492550 0.516226 0.576379 0.539006 0.530534 0.419435 0.627663 0.285313 0.293383 0.540610 0.518191 0.319531 0.358433 0.301536 0.345085 0.643904 0.643842 0.690070 0.517682 0.655039 0.473995 0.434795 0.566998 0.463274 0.962016
0.327165 0.229855 0.527539 0.413824 0.722191 0.754502 0.464856 0.296667 0.494338 0.398690 0.353600 0.192501 0.225912 0.000000 0.188051 0.182979 0.274336 0.211191 0.298466 0.273800 0.578628 0.936895 0.304341 0.369608 0.612332 0.788056 0.971649 0.940033 0.211407 0.198430 0.360404 0.406785 0.279382 0.340998 0.685263 0.645941 0.435760 0.438193 0.972639 0.726883 0.714825 0.564430 0.358196 0.392945 0.523830 0.480794 0.422342 0.385880 0.882553 0.608268 0.629544 0.572399 0.653012 0.626569 0.728751 0.731926 0.283738 0.252066 0.533543 0.518112 0.381062 0.327259 0.233606 0.177009 0.563312 0.491896 0.563856 0.579832 0.465068 0.397703 0.379735 0.459047 0.512386 0.576551 0.835528 0.645575 0.414933 0.323245 0.323097 0.360167 0.235377 0.243989 0.350521 0.361279 0.341053 0.382281 0.898040 0.981409 0.698853 0.550323 0.578705 0.559819 0.653637 0.715073 0.585725 0.497261 0.491172 0.642441 0.387317 0.309042 0.566833 0.611533 0.326539 0.335212 0.417745 0.467616 0.667227 0.624480 0.709779 0.540764 0.624026 0.516802 0.532004 0.534162 0.573760 0.905159
0.275248 0.247521 0.410593 0.342410 0.612052 0.665384 0.392470 0.283941 0.436063 0.356129 0.314833 0.170429 0.166389 0.188051 0.000000 0.191439 0.281556 0.222038 0.289512 0.297654 0.479751 0.886469 0.277569 0.410444 0.536522 0.699986 0.913932 0.945695 0.236217 0.190520 0.304408 0.467491 0.250347 0.297665 0.642122 0.742499 0.337641 0.407489 0.892394 0.677677 0.685072 0.572432 0.343394 0.321252 0.464171 0.410312 0.383021 0.320171 0.860226 0.492137 0.612698 0.504115 0.649667 0.582999 0.659055 0.650124 0.320275 0.267962 0.462367 0.447061 0.298781 0.266426 0.232738 0.192405 0.412042 0.379270 0.499892 0.514357 0.447045 0.362043 0.375848 0.423352 0.493802 0.573155 0.782544 0.624602 0.400802 0.328668 0.283862 0.355570 0.238625 0.254700 0.477221 0.375144 0.284908 0.361378 0.824357 0.904970 0.572193 0.514948 0.534220 0.524845 0.594634 0.649095 0.567085 0.437640 0.502021 0.625379 0.347379 0.309584 0.634372 0.572051 0.357712 0.367660 0.347181 0.405254 0.670481 0.657466 0.705873 0.559991 0.653137 0.487766 0.466362 0.536478 0.552034 0.993878
0.333146 0.273253 0.407580 0.320664 0.671847 0.649058 0.390538 0.270050 0.458113 0.354818 0.340377 0.190963 0.211759 0.182979 0.191439 0.000000 0.265249 0.204046 0.276924 0.256627 0.554278 0.867925 0.227835 0.335673 0.550659 0.672340 0.967865 0.943665 0.211990 0.158219 0.317457 0.370206 0.255703 0.294828 0.656946 0.677157 0.354067 0.462094 0.841726 0.686567 0.659865 0.547920 0.303901 0.314342 0.540463 0.470490 0.416751 0.348743 0.990568 0.612348 0.703493 0.620877 0.713360 0.688867 0.793003 0.757466 0.313955 0.270133 0.500422 0.513144 0.335994 0.299797 0.233208 0.185877 0.459895 0.370583 0.489796 0.496929 0.474301 0.384354 0.340134 0.438712 0.533247 0.594722 0.747386 0.616812 0.380927 0.309929 0.303233 0.361934 0.229189 0.224099 0.395352 0.327600 0.331708 0.340861 0.891570 0.981410 0.663011 0.522343 0.565338 0.539906 0.633506 0.677721 0.586728 0.471169 0.556071 0.611826 0.405368 0.299745 0.610865 0.587502 0.328521 0.299173 0.364371 0.410549 0.747234 0.756946 0.714133 0.518791 0.653688 0.542834 0.512776 0.540303 0.547098 0.987755
0.232781 0.208849 0.445417 0.435098 0.689100 0.742028 0.369430 0.305545 0.430768 0.345877 0.217408 0.193115 0.248056 0.274336 0.281556 0.265249 0.000000 0.135276 0.209770 0.203647 0.609108 0.944618 0.387669 0.547771 0.697689 0.820798 0.995130 0.806937 0.207918 0.177780 0.363924 0.434358 0.259444 0.238374 0.680728 0.697948 0.453329 0.445156 0.951183 0.781681 0.581029 0.592579 0.349326 0.300377 0.471978 0.435218 0.418918 0.445502 0.980081 0.644389 0.703785 0.629075 0.781135 0.726511 0.769639 0.713298 0.189565 0.186045 0.457256 0.462913 0.307371 0.340704 0.194020 0.178525 0.528335 0.449364 0.472980 0.499518 0.304130 0.301295 0.327474 0.321811 0.396624 0.415880 0.751816 0.566973 0.417239 0.358539 0.282690 0.249101 0.172250 0.225196 0.498007 0.427140 0.421684 0.557190 0.969032 0.829160 0.689416 0.683158 0.564292 0.532305 0.629859 0.581735 0.612620 0.513913 0.473482 0.653899 0.356344 0.292938 0.624378 0.571653 0.373299 0.321959 0.429116 0.457798 0.650189 0.686437 0.735594 0.529744 0.596474 0.495547 0.487700 0.494674 0.582181 0.855448
0.214781 0.162732 0.421569 0.383830 0.647012 0.703828 0.334272 0.263858 0.429949 0.328499 0.217271 0.153125 0.202976 0.211191 0.222038 0.204046 0.135276 0.000000 0.169931 0.166540 0.582361 0.953364 0.321393 0.488242 0.679845 0.818652 0.992397 0.789750 0.180536 0.140364 0.353381 0.406992 0.216393 0.222417 0.658485 0.691897 0.394235 0.418704 0.944591 0.761709 0.636051 0.542676 0.296506 0.265012 0.446094 0.403161 0.412105 0.363172 0.970969 0.633940 0.676883 0.613644 0.732701 0.693628 0.724125 0.721972 0.148192 0.150398 0.444345 0.463041 0.283440 0.318316 0.148526 0.137250 0.503588 0.433229 0.452047 0.478966 0.306494 0.310298 0.282213 0.276800 0.414617 0.439924 0.701714 0.614245 0.387639 0.304558 0.248389 0.236197 0.132629 0.175894 0.411658 0.353024 0.348729 0.476627 0.913203 0.880132 0.672782 0.641568 0.523145 0.490784 0.592065 0.589736 0.622707 0.497411 0.454791 0.667200 0.310267 0.236813 0.571915 0.546077 0.309524 0.277070 0.376783 0.410750 0.653037 0.719681 0.711341 0.511362 0.605042 0.431787 0.444554 0.509605 0.511651 0.944717
0.231133 0.238939 0.322078 0.297525 0.553553 0.662542 0.223330 0.220435 0.425450 0.286109 0.244498 0.220822 0.260623 0.298466 0.289512 0.276924 0.209770 0.169931 0.000000 0.170623 0.585885 0.947597 0.272610 0.490152 0.671993 0.767377 0.993870 0.680977 0.256256 0.209896 0.314397 0.360920 0.204785 0.197963 0.612894 0.579241 0.401466 0.427206 0.819527 0.738476 0.732197 0.561183 0.235791 0.238258 0.442837 0.434878 0.378673 0.298753 0.954434 0.679046 0.713098 0.671483 0.768290 0.631305 0.721723 0.763811 0.222657 0.256633 0.410262 0.485843 0.270101 0.367722 0.159772 0.202196 0.424392 0.355186 0.337509 0.368844 0.363998 0.316415 0.222528 0.284325 0.445775 0.460555 0.653442 0.655131 0.416875 0.357055 0.293145 0.322524 0.170102 0.209863 0.458839 0.376519 0.319919 0.459986 0.873461 0.815720 0.687492 0.692883 0.462950 0.443022 0.540351 0.531142 0.699512 0.509361 0.421512 0.618372 0.292202 0.197945 0.552502 0.432212 0.306915 0.285174 0.381090 0.398514 0.652121 0.687430 0.657271 0.553032 0.551791 0.430795 0.449517 0.564405 0.457644 0.952217
0.252539 0.215016 0.412518 0.367602 0.692088 0.675287 0.337337 0.264751 0.407237 0.329803 0.244794 0.206462 0.283621 0.273800 0.297654 0.256627 0.203647 0.166540 0.170623 0.000000 0.578508 0.932262 0.330346 0.493349 0.681921 0.811184 0.984214 0.753265 0.254260 0.199083 0.364771 0.351230 0.262231 0.236977 0.690644 0.588979 0.415712 0.454841 0.940129 0.803515 0.642604 0.654181 0.302329 0.296418 0.510635 0.476951 0.438765 0.391780 0.943276 0.717276 0.746759 0.719019 0.802806 0.721244 0.758009 0.750273 0.209946 0.218726 0.485239 0.538668 0.345988 0.379674 0.192651 0.201237 0.535656 0.467490 0.432156 0.476117 0.335930 0.327614 0.249186 0.315817 0.413680 0.431831 0.709703 0.625645 0.424127 0.346233 0.283488 0.297801 0.189804 0.226343 0.487888 0.402298 0.406844 0.522398 0.868092 0.840652 0.775641 0.708709 0.499784 0.497057 0.593544 0.589035 0.654540 0.549449 0.513753 0.716643 0.330206 0.251152 0.556631 0.517859 0.348392 0.299020 0.435353 0.404436 0.704387 0.728335 0.690528 0.555930 0.558161 0.461813 0.500879 0.544941 0.492258 0.980927
0.582541 0.605794 0.510624 0.471417 0.690989 0.677326 0.530801 0.498497 0.669798 0.550039 0.597983 0.567126 0.526403 0.578628 0.479751 0.554278 0.609108 0.582361 0.585885 0.578508 0.000000 0.719028 0.525173 0.613812 0.533495 0.639268 0.947142 0.963591 0.631627 0.511346 0.524273 0.677359 0.506602 0.495234 0.693896 0.859497 0.539356 0.583617 0.882813 0.793859 0.826208 0.761611 0.554214 0.528922 0.681795 0.603487 0.584569 0.542408 0.941516 0.639929 0.742975 0.711444 0.823401 0.744986 0.617782 0.699200 0.687378 0.639248 0.593298 0.651298 0.536699 0.552344 0.560094 0.548564 0.514237 0.556563 0.573148 0.559711 0.681397 0.664701 0.635792 0.681941 0.608981 0.843623 0.802774 0.906458 0.654414 0.545198 0.562262 0.672890 0.552883 0.526189 0.815320 0.671049 0.543702 0.602505 0.933212 0.880738 0.743293 0.670294 0.630185 0.612953 0.611715 0.690247 0.803642 0.498476 0.798848 0.813253 0.650000 0.571156 0.781612 0.693280 0.549597 0.650908 0.600045 0.514446 0.803050 0.821399 0.625728 0.721942 0.710037 0.680613 0.623393 0.744979 0.677668 0.926128
0.935771 0.937021 0.788353 0.789364 0.809898 0.788435 0.867262 0.816056 0.933278 0.826851 0.928951 0.910800 0.897461 0.936895 0.886469 0.867925 0.944618 0.953364 0.947597 0.932262 0.719028 0.000000 0.845460 0.908842 0.839287 0.770828 0.695966 0.896444 0.911946 0.883834 0.786139 0.915051 0.892373 0.832052 0.887522 0.919957 0.830502 0.812767 0.824782 0.730930 0.931621 0.859877 0.805973 0.792367 0.881706 0.942224 0.934935 0.992942 0.957829 0.905299 0.951815 0.868744 0.882378 0.894978 0.887463 0.882771 0.987127 0.986752 0.890964 0.960649 0.931396 0.915505 0.967181 0.934626 0.816950 0.826278 0.835236 0.873900 0.927653 0.819207 0.826924 0.917845 0.893811 0.968991 0.908804 0.830941 0.870222 0.862859 0.832331 0.963351 0.952318 0.927172 0.940107 0.940478 0.949710 0.932334 0.895536 0.954488 0.915518 0.907033 0.886328 0.862107 0.879298 0.818552 0.866837 0.688857 0.934789 0.960949 0.887330 0.887850 0.844474 0.788363 0.894857 0.809368 0.794872 0.815778 0.913458 0.975665 0.952894 0.937938 0.881325 0.953710 0.939772 0.873129 0.920942 0.902401
0.422387 0.402087 0.303342 0.218878 0.646689 0.601473 0.290227 0.247000 0.520595 0.324491 0.463220 0.329817 0.311074 0.304341 0.277569 0.227835 0.387669 0.321393 0.272610 0.330346 0.525173 0.845460 0.000000 0.245550 0.487952 0.572588 0.897032 0.889239 0.359987 0.263345 0.250380 0.310607 0.279672 0.325914 0.603423 0.568148 0.326059 0.458598 0.743287 0.774763 0.789637 0.518080 0.274572 0.355172 0.578169 0.554036 0.469614 0.375121 0.878709 0.682209 0.790494 0.716282 0.726272 0.537147 0.757218 0.813645 0.448893 0.436214 0.583271 0.643339 0.405798 0.435786 0.308417 0.316983 0.311059 0.332702 0.419842 0.465971 0.624799 0.468039 0.274376 0.427148 0.572547 0.606624 0.645931 0.787852 0.421754 0.412784 0.372904 0.480323 0.295244 0.270520 0.453262 0.357897 0.240467 0.264521 0.740682 0.974246 0.643894 0.563585 0.472415 0.426605 0.521786 0.581221 0.663854 0.459811 0.557674 0.640483 0.454664 0.296087 0.619238 0.489242 0.446886 0.367751 0.437134 0.399386 0.780613 0.707065 0.729279 0.567834 0.663637 0.523239 0.481147 0.607824 0.590457 0.997866
0.666242 0.577016 0.566844 0.413628 0.752218 0.845716 0.582076 0.482399 0.771582 0.607032 0.649341 0.501173 0.484180 0.369608 0.410444 0.335673 0.547771 0.488242 0.490152 0.493349 0.613812 0.908842 0.245550 0.000000 0.463489 0.754274 0.944125 0.936639 0.450211 0.386615 0.482165 0.362966 0.499100 0.537158 0.811017 0.630393 0.489038 0.567118 0.839494 0.884512 0.877066 0.679931 0.508679 0.600734 0.873404 0.829698 0.674811 0.577944 0.774625 0.859225 0.984692 0.911632 0.885289 0.716286 0.942210 0.984260 0.590767 0.588056 0.858538 0.874480 0.665240 0.611212 0.501749 0.483698 0.536425 0.553580 0.698719 0.759633 0.808431 0.632843 0.494761 0.694449 0.707252 0.744388 0.801786 0.840206 0.599086 0.598310 0.491520 0.578547 0.473601 0.408622 0.449619 0.450176 0.406420 0.288984 0.749639 0.764584 0.753421 0.596959 0.759370 0.722825 0.804672 0.881094 0.788912 0.536827 0.761308 0.680846 0.732463 0.508705 0.734785 0.706075 0.618347 0.544857 0.580942 0.613776 0.974397 0.874141 0.756455 0.722500 0.756903 0.706572 0.741386 0.643642 0.826711 0.940018
0.715344 0.657883 0.522193 0.474499 0.789294 0.702685 0.629036 0.573294 0.650469 0.630941 0.767245 0.621566 0.590351 0.612332 0.536522 0.550659 0.697689 0.679845 0.671993 0.681921 0.533495 0.839287 0.487952 0.463489 0.000000 0.438761 0.669137 0.856015 0.651779 0.538904 0.470820 0.653148 0.601095 0.580021 0.630900 0.728232 0.494108 0.616171 0.676214 0.885449 0.779675 0.811881 0.586718 0.641965 0.772080 0.721809 0.588891 0.535636 0.991723 0.652657 0.851882 0.714978 0.866355 0.808222 0.825097 0.859634 0.760985 0.681293 0.713376 0.737425 0.656854 0.648784 0.664111 0.621546 0.475056 0.569124 0.654094 0.647018 0.815372 0.660318 0.684125 0.785008 0.688825 0.854392 0.799466 0.936660 0.640850 0.755610 0.631203 0.813217 0.652897 0.605952 0.754979 0.652765 0.575876 0.466404 0.852312 0.951850 0.785101 0.532596 0.761301 0.760925 0.691561 0.777726 0.731869 0.648666 0.854621 0.649189 0.761463 0.680838 0.764245 0.810597 0.796293 0.697643 0.611942 0.590300 0.978293 0.800543 0.744652 0.743133 0.648063 0.783329 0.788809 0.705903 0.755507 0.840275
0.736964 0.825288 0.394836 0.417041 0.866969 0.509837 0.546627 0.553611 0.678716 0.575554 0.762172 0.726613 0.665210 0.788056 0.699986 0.672340 0.820798 0.818652 0.767377 0.811184 0.639268 0.770828 0.572588 0.754274 0.438761 0.000000 0.672277 0.680650 0.820385 0.692336 0.448455 0.718656 0.599757 0.598992 0.422778 0.682794 0.553463 0.751117 0.620096 0.760263 0.837448 0.833494 0.605925 0.645526 0.718983 0.670475 0.535055 0.553329 0.987367 0.646735 0.771110 0.655709 0.706299 0.761509 0.658569 0.606670 0.954201 0.840125 0.563131 0.603991 0.592994 0.628495 0.730265 0.723026 0.377817 0.436563 0.483119 0.448318 0.808881 0.638822 0.791281 0.864494 0.796312 0.900543 0.593259 0.930545 0.711107 0.855685 0.687106 0.870484 0.725261 0.651596 0.884378 0.727111 0.543562 0.549626 0.985345 0.956060 0.653154 0.472910 0.703337 0.733407 0.621243 0.751446 0.710343 0.828723 0.731576 0.803533 0.774974 0.709799 0.775007 0.704926 0.748659 0.745546 0.677346 0.598950 0.874950 0.822753 0.905895 0.741777 0.872898 0.835768 0.774184 0.813791 0.682298 0.846833
0.983688 0.966311 0.885735 0.902809 0.929561 0.942615 0.978832 0.956839 0.874482 0.921524 0.947887 0.999320 0.972260 0.971649 0.913932 0.967865 0.995130 0.992397 0.993870 0.984214 0.947142 0.695966 0.897032 0.944125 0.669137 0.672277 0.000000 0.833898 0.997757 0.928130 0.812586 0.959733 0.997249 0.954628 0.979136 0.970155 0.893077 0.942734 0.947580 0.955632 0.948346 0.905951 0.902929 0.864555 0.982246 0.980292 0.934544 0.922321 0.922778 0.849014 0.981933 0.919112 0.937508 0.916259 0.998650 0.967647 0.975953 0.914190 0.979334 0.978060 0.963665 0.943152 0.979253 0.980910 0.811469 0.957801 0.988757 0.987211 0.968321 0.860761 0.992418 0.943543 0.995324 0.966000 0.808668 0.973389 0.919022 0.833771 0.912721 0.952275 0.972590 0.989686 0.931160 0.931622 0.924910 0.846955 0.878490 0.880568 0.907779 0.849225 0.842274 0.886600 0.868827 0.897047 0.911115 0.898952 0.877440 0.967566 0.856431 0.927483 0.957273 0.996003 0.926200 0.999700 0.908403 0.911499 0.965044 0.873104 0.894165 0.946409 0.943143 0.996640 0.993618 0.986999 0.991868 0.969098
0.856564 0.868942 0.923005 0.949933 0.821402 0.705338 0.795883 0.898098 0.932003 0.894489 0.792493 0.929181 0.945796 0.940033 0.945695 0.943665 0.806937 0.789750 0.680977 0.753265 0.963591 0.896444 0.889239 0.936639 0.856015 0.680650 0.833898 0.000000 0.818942 0.852277 0.985755 0.861707 0.898886 0.842665 0.973828 0.873964 0.984124 0.947540 0.858088 0.888081 0.984302 0.922823 0.829697 0.827531 0.937292 0.964608 0.948025 0.810198 0.747871 0.916657 0.846396 0.852558 0.909904 0.895093 0.981258 0.801751 0.745082 0.843305 0.984882 0.947269 0.874630 0.938578 0.863142 0.927928 0.971177 0.891855 0.880036 0.913558 0.778057 0.864922 0.816216 0.799055 0.645026 0.648985 0.934523 0.938739 0.951676 0.901348 0.869687 0.749569 0.853017 0.918973 0.925402 0.909162 0.947466 0.953442 0.831730 0.943189 0.916181 0.780885 0.976528 0.918246 0.962014 0.924621 0.914944 0.936688 0.960505 0.912122 0.846032 0.820091 0.978197 0.819095 0.907027 0.841466 0.890838 0.980098 0.918783 0.960598 0.993304 0.963695 0.754297 0.855194 0.945647 0.924417 0.915498 0.890406
0.294742 0.241309 0.494787 0.429116 0.631717 0.736627 0.428510 0.310408 0.451823 0.407371 0.302145 0.191216 0.241346 0.211407 0.236217 0.211990 0.207918 0.180536 0.256256 0.254260 0.631627 0.911946 0.359987 0.450211 0.651779 0.820385 0.997757 0.818942 0.000000 0.182117 0.385691 0.432561 0.259903 0.267898 0.658327 0.711550 0.471483 0.510680 0.880863 0.779375 0.670902 0.542507 0.335450 0.326084 0.497034 0.425359 0.387490 0.345061 0.918134 0.578735 0.648802 0.563421 0.668419 0.652070 0.692156 0.714868 0.240760 0.229045 0.479622 0.473979 0.322608 0.286596 0.205918 0.176624 0.537881 0.429057 0.484322 0.520015 0.377629 0.310664 0.412764 0.462125 0.461968 0.507217 0.771889 0.592317 0.447443 0.360373 0.287379 0.307164 0.193333 0.235780 0.407177 0.337732 0.357245 0.424584 0.993071 0.947490 0.707201 0.573192 0.596621 0.569043 0.663939 0.711924 0.568894 0.530806 0.525964 0.623111 0.392624 0.305596 0.570381 0.525858 0.333978 0.308708 0.377219 0.458897 0.713320 0.795085 0.797276 0.547398 0.565621 0.524166 0.527281 0.535087 0.583524 0.985760
0.262022 0.231394 0.345102 0.293473 0.668833 0.714878 0.313883 0.242218 0.435802 0.306098 0.251496 0.169457 0.208488 0.198430 0.190520 0.158219 0.177780 0.140364 0.209896 0.199083 0.511346 0.883834 0.263345 0.386615 0.538904 0.692336 0.928130 0.852277 0.182117 0.000000 0.278840 0.346559 0.213807 0.209271 0.615007 0.669648 0.351406 0.363708 0.882290 0.737721 0.603890 0.588422 0.251906 0.238250 0.485323 0.397411 0.381825 0.301970 0.988306 0.563584 0.652834 0.575009 0.665671 0.605215 0.710575 0.674867 0.233589 0.222526 0.442705 0.471872 0.277645 0.276550 0.182724 0.156045 0.408704 0.340344 0.416505 0.453173 0.367222 0.295309 0.336745 0.368383 0.379250 0.432677 0.655218 0.591087 0.393194 0.318575 0.219473 0.294821 0.171158 0.184115 0.385083 0.324595 0.315503 0.401443 0.877663 0.959635 0.614750 0.571438 0.559655 0.536454 0.642155 0.638285 0.608920 0.459031 0.522082 0.605903 0.371658 0.266527 0.575848 0.540654 0.339512 0.270478 0.344385 0.376531 0.690102 0.717683 0.668185 0.464889 0.586370 0.501295 0.455420 0.508098 0.540184 0.970993
0.315765 0.390872 0.224891 0.205731 0.666581 0.533428 0.252253 0.231511 0.405107 0.297669 0.386091 0.309176 0.274904 0.360404 0.304408 0.317457 0.363924 0.353381 0.314397 0.364771 0.524273 0.786139 0.250380 0.482165 0.470820 0.448455 0.812586 0.985755 0.385691 0.278840 0.000000 0.395477 0.221334 0.247262 0.445708 0.592125 0.317861 0.394536 0.672404 0.725100 0.668094 0.624756 0.256342 0.293692 0.433876 0.407989 0.380468 0.328446 0.952031 0.525641 0.614725 0.532782 0.599758 0.545815 0.589379 0.587137 0.449965 0.415685 0.384794 0.435223 0.279545 0.354022 0.292135 0.287723 0.280955 0.294980 0.298476 0.325392 0.525657 0.363894 0.371378 0.468673 0.520693 0.588719 0.611628 0.700754 0.466808 0.470635 0.374496 0.473890 0.314806 0.307013 0.553784 0.426649 0.294807 0.393353 0.855997 0.819251 0.464956 0.481236 0.466628 0.464931 0.502945 0.519903 0.585331 0.580064 0.417840 0.619119 0.402667 0.369718 0.536065 0.412460 0.438007 0.410587 0.423582 0.347152 0.655560 0.614534 0.767892 0.537802 0.562580 0.566358 0.434755 0.605670 0.546775 0.998604
0.552065 0.542848 0.474069 0.384349 0.857316 0.729601 0.436331 0.397065 0.631034 0.439933 0.507470 0.457229 0.502577 0.406785 0.467491 0.370206 0.434358 0.406992 0.360920 0.351230 0.677359 0.915051 0.310607 0.362966 0.653148 0.718656 0.959733 0.861707 0.432561 0.346559 0.395477 0.000000 0.428678 0.401508 0.779121 0.547903 0.581743 0.702761 0.929130 0.882247 0.849838 0.683633 0.427247 0.513598 0.793340 0.755595 0.653851 0.506686 0.669219 0.956305 0.970779 0.924527 0.856857 0.715114 0.871154 0.899620 0.495008 0.540761 0.739572 0.769466 0.575331 0.610785 0.390134 0.421072 0.578209 0.521565 0.544850 0.597618 0.680509 0.542647 0.458136 0.589322 0.612664 0.623682 0.722676 0.793021 0.603955 0.515964 0.389008 0.535583 0.353626 0.312476 0.479347 0.389266 0.459158 0.447484 0.852143 0.856747 0.782970 0.657451 0.665531 0.636921 0.709118 0.779717 0.816811 0.539368 0.630163 0.716926 0.638590 0.434966 0.648934 0.566618 0.548334 0.413416 0.611293 0.609847 0.781470 0.832774 0.811073 0.653409 0.627017 0.708940 0.729716 0.636430 0.665578 0.996121
0.193688 0.274486 0.233281 0.221280 0.549994 0.580857 0.210499 0.181431 0.357890 0.285098 0.265663 0.186188 0.197917 0.279382 0.250347 0.255703 0.259444 0.216393 0.204785 0.262231 0.506602 0.892373 0.279672 0.499100 0.601095 0.599757 0.997249 0.898886 0.259903 0.213807 0.221334 0.428678 0.000000 0.154077 0.449463 0.602703 0.312295 0.370086 0.738140 0.662875 0.651139 0.549277 0.256483 0.246917 0.355517 0.316037 0.349575 0.301467 0.893357 0.519569 0.572924 0.491475 0.614056 0.562762 0.545167 0.547292 0.323197 0.280412 0.290054 0.323628 0.179516 0.265262 0.170976 0.173961 0.311122 0.264997 0.252007 0.274808 0.366459 0.253342 0.312498 0.341897 0.483130 0.569302 0.620475 0.761705 0.363634 0.328751 0.273093 0.373553 0.192610 0.189117 0.506926 0.341138 0.250853 0.363436 0.888848 0.818009 0.497483 0.527139 0.403977 0.382479 0.441079 0.458226 0.576521 0.537833 0.468455 0.670971 0.286624 0.275870 0.509371 0.365209 0.294557 0.300525 0.282323 0.374688 0.660511 0.628345 0.755592 0.519131 0.573189 0.454909 0.428800 0.560122 0.497566 0.987046
0.211933 0.284910 0.236836 0.237736 0.575565 0.587649 0.204686 0.188609 0.391334 0.278564 0.254586 0.233322 0.248926 0.340998 0.297665 0.294828 0.238374 0.222417 0.197963 0.236977 0.495234 0.832052 0.325914 0.537158 0.580021 0.598992 0.954628 0.842665 0.267898 0.209271 0.247262 0.401508 0.154077 0.000000 0.420301 0.589767 0.350206 0.385083 0.717720 0.651839 0.652724 0.564218 0.253929 0.234643 0.383376 0.364314 0.361677 0.286380 0.982559 0.554355 0.636222 0.541823 0.634913 0.602864 0.564272 0.570649 0.316931 0.289631 0.299021 0.345192 0.201632 0.282730 0.181842 0.199933 0.314663 0.254284 0.222063 0.256221 0.333714 0.232962 0.332132 0.366112 0.439315 0.538049 0.657685 0.679452 0.403519 0.357164 0.239835 0.354754 0.177963 0.184947 0.538364 0.362079 0.302342 0.418164 0.933915 0.760231 0.550216 0.538961 0.405244 0.414209 0.458595 0.463549 0.615503 0.524497 0.442677 0.587621 0.308191 0.265982 0.506483 0.379986 0.305616 0.265646 0.294427 0.337577 0.681763 0.638303 0.746141 0.522880 0.519978 0.433340 0.408344 0.507642 0.492124 0.930409
0.544376 0.670170 0.392558 0.427518 0.698894 0.554190 0.451999 0.427898 0.516373 0.448116 0.629140 0.620242 0.570249 0.685263 0.642122 0.656946 0.680728 0.658485 0.612894 0.690644 0.693896 0.887522 0.603423 0.811017 0.630900 0.422778 0.979136 0.973828 0.658327 0.615007 0.445708 0.779121 0.449463 0.420301 0.000000 0.605679 0.540183 0.582511 0.568985 0.808940 0.841871 0.800642 0.534795 0.539577 0.478300 0.489353 0.599192 0.521643 0.908512 0.597434 0.662826 0.574744 0.581552 0.711876 0.544870 0.556844 0.758562 0.709082 0.413499 0.464153 0.417217 0.468443 0.579534 0.576999 0.366585 0.356532 0.322144 0.350532 0.615466 0.542260 0.707732 0.781178 0.692805 0.836047 0.730542 0.868258 0.593556 0.694166 0.626471 0.741657 0.561468 0.549073 0.762861 0.659701 0.505024 0.570966 0.968511 0.711154 0.651895 0.568670 0.491473 0.546507 0.465272 0.525313 0.730942 0.801684 0.545799 0.680199 0.542047 0.538869 0.571689 0.546065 0.534586 0.637333 0.528888 0.520799 0.749314 0.647573 0.946908 0.720372 0.709265 0.510741 0.633884 0.748891 0.659672 0.992604
0.671656 0.696675 0.612878 0.598626 0.859313 0.881338 0.618641 0.587027 0.764804 0.661930 0.712703 0.682486 0.732455 0.645941 0.742499 0.677157 0.697948 0.691897 0.579241 0.588979 0.859497 0.919957 0.568148 0.630393 0.728232 0.682794 0.970155 0.873964 0.711550 0.669648 0.592125 0.547903 0.602703 0.589767 0.605679 0.000000 0.666111 0.601493 0.750676 0.962501 0.992696 0.903379 0.613759 0.700190 0.780006 0.813058 0.779221 0.696892 0.926922 0.922571 0.845245 0.846210 0.803494 0.763008 0.921079 0.956071 0.679891 0.712907 0.734459 0.785054 0.677377 0.717650 0.623569 0.644826 0.675698 0.659596 0.586523 0.658894 0.702510 0.666991 0.583626 0.772432 0.768814 0.758844 0.860665 0.913675 0.780329 0.723910 0.746828 0.781180 0.646796 0.648353 0.630753 0.695521 0.652279 0.599273 0.795589 0.992864 0.876110 0.749976 0.786914 0.863333 0.827563 0.849521 0.981324 0.748916 0.741069 0.851480 0.733067 0.652079 0.698671 0.744141 0.753900 0.635020 0.730965 0.733060 0.604695 0.774521 0.896758 0.900759 0.668490 0.674024 0.845484 0.743207 0.712597 0.794803
0.376632 0.417886 0.341558 0.312489 0.656144 0.522645 0.373512 0.349013 0.530048 0.429742 0.468196 0.353658 0.321254 0.435760 0.337641 0.354067 0.453329 0.394235 0.401466 0.415712 0.539356 0.830502 0.326059 0.489038 0.494108 0.553463 0.893077 0.984124 0.471483 0.351406 0.317861 0.581743 0.312295 0.350206 0.540183 0.666111 0.000000 0.400586 0.793732 0.803097 0.657271 0.580953 0.391205 0.415035 0.524640 0.495591 0.503115 0.427132 0.931164 0.597686 0.681035 0.618354 0.768811 0.722654 0.702387 0.669178 0.473814 0.441720 0.478798 0.560785 0.363624 0.391780 0.357012 0.353059 0.369376 0.377447 0.418571 0.470665 0.563827 0.459721 0.365933 0.487192 0.662119 0.706455 0.692938 0.800858 0.472705 0.465695 0.396183 0.596251 0.382023 0.384643 0.582563 0.395354 0.341372 0.439645 0.728586 0.871893 0.599207 0.592789 0.503960 0.518369 0.528412 0.564311 0.582634 0.673079 0.537593 0.660403 0.448939 0.437227 0.645912 0.556697 0.480656 0.521041 0.377642 0.397320 0.815151 0.642795 0.706835 0.657534 0.644208 0.456209 0.517046 0.706021 0.519463 0.947585
0.369056 0.423190 0.392056 0.401155 0.668340 0.876508 0.427449 0.408947 0.612421 0.515271 0.452282 0.411053 0.389221 0.438193 0.407489 0.462094 0.445156 0.418704 0.427206 0.454841 0.583617 0.812767 0.458598 0.567118 0.616171 0.751117 0.942734 0.947540 0.510680 0.363708 0.394536 0.702761 0.370086 0.385083 0.582511 0.601493 0.400586 0.000000 0.761976 0.675869 0.707596 0.765057 0.375503 0.377869 0.481388 0.441240 0.511483 0.477606 0.739289 0.489802 0.522029 0.493265 0.593350 0.540254 0.641789 0.669272 0.475406 0.450748 0.430775 0.500023 0.370225 0.423110 0.376028 0.382149 0.406629 0.456261 0.463715 0.529125 0.480199 0.384853 0.455702 0.543152 0.614167 0.585363 0.698939 0.755236 0.510794 0.547944 0.450869 0.528733 0.455161 0.454918 0.558673 0.511211 0.416735 0.505128 0.825958 0.877740 0.569941 0.568430 0.624112 0.659108 0.717874 0.627481 0.742828 0.589282 0.577032 0.671961 0.490995 0.463291 0.649655 0.625302 0.504344 0.463028 0.466712 0.421314 0.619834 0.584563 0.625085 0.575487 0.661789 0.597616 0.501293 0.608625 0.572216 0.835173
