0.000000 0.410117 0.909340 0.784353 0.894595 0.884522 0.768986 0.744628 0.985760 0.722477 0.457376 0.436155 0.641631 0.625929 0.814531 0.837453 0.450926 0.418421 0.528152 0.428324 0.965470 0.998917 0.886494 0.887993 0.941572 0.985713 0.975074 0.850983 0.539908 0.518830 0.811249 0.847473 0.599018 0.607687 0.908097 0.944038 0.762345 0.737713 0.967753 0.824580 0.800485 0.707999 0.863602 0.700821 0.907553 0.839620 0.669102 0.701103 0.804829 0.741072 0.929127 0.837389 0.983625 0.992425 0.829124 0.824775 0.424052 0.396246 0.640749 0.642533 0.676079 0.810468 0.602468 0.507095 0.910192 0.882844 0.845970 0.901178 0.407901 0.545933 0.742385 0.777811 0.639230 0.529479 0.738109 0.860274 0.738529 0.729804 0.606367 0.706799 0.420989 0.472343 0.546299 0.573930 0.719573 0.915148 0.936290 0.995869 0.990935 0.789476 0.956910 0.930581 0.895063 0.924416 0.922476 0.892021 0.883296 0.765740 0.721249 0.775063 0.985055 0.809740 0.630285 0.694903 0.848491 0.666439 0.920178 0.821213 0.901234 0.812517 0.886639 0.842677 0.851669 0.865692 0.857960 0.886497
0.410117 0.000000 0.804590 0.702807 0.987616 0.782235 0.675037 0.637263 0.825148 0.667339 0.517630 0.460430 0.820398 0.731083 0.999632 0.911279 0.512246 0.452225 0.471425 0.465830 0.859383 0.995251 0.942567 0.840011 0.920629 0.994789 0.963192 0.786792 0.568531 0.647595 0.769008 0.817654 0.655780 0.586887 0.897794 0.965916 0.718076 0.624043 0.942441 0.921069 0.872311 0.777380 0.622168 0.524557 0.776910 0.687818 0.639928 0.665662 0.687929 0.603808 0.800652 0.752322 0.820495 0.865314 0.908555 0.810017 0.301132 0.291624 0.703312 0.693897 0.746737 0.770304 0.701002 0.555761 0.917357 0.832063 0.883126 0.885179 0.537299 0.549106 0.756951 0.700710 0.750253 0.637971 0.930842 0.821349 0.652507 0.727875 0.555905 0.703567 0.432371 0.508025 0.671048 0.546051 0.810836 0.945102 0.966478 0.898210 0.976938 0.821043 0.914265 0.908229 0.937622 0.941245 0.962811 0.983270 0.910511 0.751765 0.695949 0.664394 0.868066 0.799197 0.563121 0.731730 0.870397 0.810374 0.845207 0.692760 0.990922 0.721630 0.674403 0.761689 0.685742 0.694112 0.885796 0.946386
0.909340 0.804590 0.000000 0.579267 0.980084 0.804770 0.725161 0.773749 0.511622 0.962654 0.846966 0.786933 0.714697 0.807569 0.757621 0.683794 0.953158 0.974599 0.806029 0.738492 0.902520 0.987376 0.563735 0.682632 0.595157 0.608003 0.930793 0.884665 0.850242 0.814173 0.538453 0.622959 0.765908 0.834615 0.740297 0.989475 0.764468 0.869763 0.856005 0.903101 0.924307 0.946377 0.841241 0.890272 0.947226 0.967633 0.830109 0.842431 0.814041 0.980650 0.875471 0.950213 0.983397 0.910809 0.948669 0.884962 0.944452 0.909616 0.959597 0.848183 0.706811 0.636881 0.942847 0.979409 0.482324 0.553022 0.961634 0.778366 0.851405 0.899503 0.704911 0.715897 0.687980 0.788746 0.937996 0.929474 0.698142 0.841878 0.968636 0.800438 0.943857 0.796328 0.749778 0.802444 0.738112 0.706347 0.929276 0.869989 0.840163 0.889930 0.992228 0.926385 0.961555 0.924679 0.808868 0.934307 0.883178 0.976655 0.925964 0.923150 0.879895 0.913087 0.978309 0.892078 0.868302 0.921354 0.872726 0.934094 0.846450 0.944309 0.955351 0.946502 0.916620 0.928309 0.686964 0.964843
0.784353 0.702807 0.579267 0.000000 0.996077 0.884800 0.742445 0.510416 0.640498 0.848880 0.812747 0.547844 0.764351 0.650221 0.776129 0.628654 0.930837 0.852356 0.739572 0.738026 0.900062 0.910049 0.546099 0.645374 0.658266 0.619948 0.899947 0.946827 0.913315 0.814731 0.559055 0.591951 0.773626 0.831720 0.928509 0.937455 0.692220 0.795130 0.828047 0.987851 0.934407 0.825100 0.879940 0.835199 0.776453 0.834887 0.932937 0.924910 0.713512 0.833091 0.816151 0.818297 0.909443 0.843785 0.945825 0.896679 0.850753 0.794058 0.996878 0.863733 0.811571 0.611095 0.947014 0.770896 0.683391 0.646313 0.957568 0.919282 0.705057 0.781929 0.671028 0.586777 0.762540 0.873378 0.999755 0.900457 0.682180 0.855661 0.767965 0.967258 0.848088 0.806984 0.755648 0.780276 0.920785 0.847479 0.984283 0.891522 0.852801 0.740970 0.970481 0.859143 0.950137 0.968747 0.931360 0.910729 0.928445 0.923424 0.948285 0.937774 0.912702 0.970775 0.968039 0.968803 0.703216 0.720724 0.899408 0.782802 0.901006 0.905884 0.833610 0.897833 0.900531 0.975334 0.758255 0.868629
0.894595 0.987616 0.980084 0.996077 0.000000 0.983589 0.875569 0.949656 0.861402 0.995479 0.900688 0.881946 0.770981 0.921598 0.842089 0.936009 0.904665 0.856607 0.800693 0.980359 0.966106 0.819598 0.761555 0.988712 0.948484 0.882927 0.944708 0.945257 0.919423 0.879858 0.814466 0.969683 0.931001 0.824381 0.743944 0.858555 0.990818 0.832752 0.864586 0.814440 0.907155 0.796851 0.973975 0.997315 0.956103 0.958907 0.940213 0.939401 0.985987 0.922288 0.928055 0.996930 0.919375 0.912271 0.894251 0.904127 0.974177 0.981846 0.789078 0.905228 0.819260 0.928043 0.809835 0.864842 0.946398 0.922746 0.819862 0.807708 0.855994 0.930209 0.973033 0.917071 0.978963 0.984962 0.974621 0.965582 0.921011 0.920392 0.989957 0.918804 0.910055 0.921953 0.837410 0.873254 0.785333 0.765225 0.832581 0.916494 0.871473 0.997355 0.815703 0.876512 0.798498 0.906911 0.965454 0.940942 0.986228 0.893585 0.926997 0.997567 0.913544 0.994266 0.964839 0.890363 0.975507 0.678796 0.955310 0.926701 0.853934 0.907485 0.888794 0.954702 0.985472 0.862735 0.817475 0.894869
0.884522 0.782235 0.804770 0.884800 0.983589 0.000000 0.875051 0.933624 0.841024 0.800695 0.720137 0.890863 0.839001 0.861179 0.696316 0.683631 0.676730 0.681209 0.699550 0.915555 0.823153 0.973237 0.829301 0.634870 0.785205 0.633740 0.896277 0.705844 0.702509 0.832548 0.993210 0.941687 0.821015 0.710211 0.967896 0.884272 0.850419 0.796377 0.795665 0.972372 0.934350 0.972593 0.863311 0.731982 0.782776 0.710954 0.852413 0.746541 0.784578 0.788469 0.835891 0.886282 0.975476 0.941204 0.763682 0.991041 0.591660 0.721907 0.753546 0.839652 0.965908 0.839401 0.708979 0.748684 0.724590 0.676935 0.891416 0.935474 0.998266 0.999484 0.793108 0.917530 0.820455 0.965870 0.914528 0.946466 0.964831 0.803270 0.825034 0.942274 0.775576 0.973428 0.881769 0.826284 0.775565 0.744613 0.915066 0.972857 0.917054 0.905596 0.859868 0.888536 0.843940 0.789920 0.948303 0.972073 0.757152 0.794575 0.889167 0.784721 0.912957 0.994062 0.821446 0.796398 0.978238 0.958442 0.836807 0.966346 0.825462 0.988200 0.897139 0.863420 0.902816 0.870410 0.951141 0.907250
0.768986 0.675037 0.725161 0.742445 0.875569 0.875051 0.000000 0.371253 0.852382 0.615791 0.734509 0.644129 0.762335 0.867086 0.957789 0.956873 0.645474 0.661465 0.596636 0.835587 0.934903 0.952318 0.811684 0.781745 0.753956 0.901421 0.692014 0.533490 0.688728 0.707475 0.601318 0.795897 0.454977 0.411526 0.827806 0.757103 0.861483 0.797959 0.829463 0.822348 0.821890 0.948920 0.536924 0.523837 0.510444 0.487059 0.576868 0.512858 0.621950 0.577267 0.581845 0.574777 0.681524 0.744950 0.945574 0.859628 0.707081 0.652467 0.431727 0.488434 0.357095 0.719128 0.465934 0.491010 0.917379 0.980316 0.347921 0.370499 0.999872 0.926807 0.820869 0.777012 0.929511 0.983892 0.953178 0.847731 0.627595 0.893679 0.645922 0.766250 0.672537 0.945652 0.799704 0.869961 0.932155 0.888170 0.956266 0.827690 0.926210 0.956363 0.784239 0.815382 0.750887 0.887197 0.764238 0.910722 0.908911 0.721916 0.493685 0.558241 0.625096 0.650089 0.680380 0.607999 0.770376 0.773687 0.866927 0.666984 0.880931 0.844226 0.587922 0.719481 0.605857 0.730631 0.580636 0.880553
0.744628 0.637263 0.773749 0.510416 0.949656 0.933624 0.371253 0.000000 0.725101 0.455915 0.696248 0.470472 0.738814 0.693228 0.926003 0.795039 0.652239 0.630591 0.560404 0.755768 0.841992 0.913052 0.701886 0.935787 0.817701 0.955374 0.822114 0.713026 0.701010 0.681437 0.543682 0.730857 0.524639 0.471511 0.917137 0.865646 0.963732 0.954326 0.951428 0.828629 0.948565 0.927361 0.557773 0.497817 0.731107 0.664719 0.601213 0.598487 0.825366 0.723867 0.725145 0.725485 0.744265 0.773664 0.994983 0.895471 0.726854 0.654676 0.540026 0.553303 0.442975 0.515354 0.540970 0.435569 0.960277 0.865705 0.574587 0.524592 0.898390 0.808288 0.624120 0.602326 0.843077 0.975632 0.956661 0.878884 0.643416 0.887495 0.536488 0.850988 0.698605 0.920937 0.775599 0.876013 0.979074 0.862878 0.959753 0.728518 0.973056 0.956423 0.780219 0.900793 0.778835 0.927717 0.821988 0.913580 0.819065 0.674113 0.556298 0.573955 0.618332 0.800639 0.710459 0.644393 0.649861 0.750153 0.885169 0.574417 0.900545 0.787043 0.587669 0.756241 0.579921 0.795622 0.662585 0.894213
0.985760 0.825148 0.511622 0.640498 0.861402 0.841024 0.852382 0.725101 0.000000 0.809937 0.994124 0.786812 0.755315 0.758958 0.664247 0.572481 0.862817 0.885733 0.872890 0.867135 0.989380 0.992404 0.608789 0.739481 0.729639 0.581400 0.988469 0.949037 0.953708 0.966784 0.614901 0.776302 0.849528 0.914498 0.797410 0.884243 0.694689 0.846176 0.819577 0.964055 0.955490 0.943785 0.641973 0.764996 0.936518 0.939871 0.744668 0.841431 0.967147 0.948890 0.922674 0.894385 0.828458 0.809758 0.958488 0.944618 0.999345 0.989959 0.889665 0.963165 0.770770 0.482487 0.795447 0.963443 0.594748 0.560786 0.971142 0.901465 0.962037 0.962942 0.565009 0.531950 0.701815 0.919246 0.878315 0.962259 0.687425 0.847003 0.897771 0.865668 0.958231 0.912506 0.987564 0.977924 0.817174 0.848597 0.891876 0.800662 0.848108 0.851429 0.732293 0.798216 0.803520 0.875086 0.830554 0.875765 0.793358 0.967704 0.749480 0.758932 0.967629 0.867354 0.945541 0.934624 0.831114 0.893198 0.835397 0.779862 0.915665 0.822534 0.897110 0.936588 0.836944 0.826393 0.847602 0.765914
0.722477 0.667339 0.962654 0.848880 0.995479 0.800695 0.615791 0.455915 0.809937 0.000000 0.673015 0.610198 0.813399 0.833412 0.957906 0.929254 0.648875 0.626921 0.639919 0.799042 0.697157 0.941445 0.933389 0.700351 0.644995 0.785667 0.806287 0.743458 0.694002 0.776162 0.760473 0.894432 0.672268 0.617674 0.988190 0.898777 0.940830 0.930862 0.884182 0.954021 0.927194 0.826897 0.573836 0.519129 0.698175 0.593422 0.667600 0.630666 0.674555 0.613681 0.668959 0.641001 0.679713 0.668031 0.980615 0.883715 0.651076 0.628561 0.615950 0.678071 0.645483 0.655689 0.630294 0.512102 0.751158 0.826512 0.742566 0.787894 0.909773 0.780282 0.626307 0.633981 0.938169 0.908919 0.985479 0.954171 0.676627 0.889272 0.639946 0.913024 0.721731 0.968486 0.930823 0.971823 0.839761 0.626759 0.932993 0.659399 0.948802 0.980658 0.743331 0.753759 0.785458 0.858219 0.885464 0.890763 0.813441 0.725409 0.493326 0.554686 0.683191 0.737394 0.583314 0.682583 0.753696 0.890172 0.947376 0.607703 0.951633 0.722473 0.575989 0.647206 0.651974 0.791563 0.905104 0.950994
0.457376 0.517630 0.846966 0.812747 0.900688 0.720137 0.734509 0.696248 0.994124 0.673015 0.000000 0.488533 0.774765 0.767445 0.960089 0.924068 0.401993 0.344346 0.520142 0.420345 0.896045 0.949915 0.962658 0.813306 0.989254 0.904751 0.970158 0.837105 0.407247 0.412932 0.683790 0.731625 0.589737 0.491098 0.986855 0.950744 0.962957 0.785396 0.985204 0.927540 0.851155 0.710730 0.984586 0.775727 0.984513 0.915051 0.789495 0.736824 0.965716 0.893150 0.916305 0.992418 0.849757 0.843747 0.997676 0.927767 0.459015 0.472418 0.690433 0.600590 0.701699 0.862485 0.491002 0.415462 0.816008 0.840071 0.873237 0.856907 0.466989 0.614245 0.876602 0.960063 0.750036 0.610705 0.839725 0.960970 0.791833 0.663499 0.657170 0.894614 0.561436 0.772056 0.600936 0.603635 0.970372 0.931848 0.868506 0.819710 0.823626 0.938013 0.717347 0.683833 0.666266 0.680458 0.969670 0.877133 0.902592 0.707261 0.915614 0.901240 0.934348 0.933372 0.700651 0.631900 0.892311 0.710057 0.964345 0.948332 0.985884 0.805910 0.886666 0.998631 0.793349 0.847514 0.871971 0.860516
0.436155 0.460430 0.786933 0.547844 0.881946 0.890863 0.644129 0.470472 0.786812 0.610198 0.488533 0.000000 0.541800 0.460609 0.719610 0.604775 0.472951 0.404314 0.430059 0.454661 0.950548 0.997344 0.646757 0.965550 0.908813 0.998039 0.979682 0.768684 0.520208 0.449298 0.550862 0.580800 0.499463 0.512806 0.974981 0.993362 0.738338 0.751149 0.978493 0.980933 0.821793 0.752300 0.712138 0.586567 0.935158 0.856045 0.628273 0.697761 0.937775 0.877645 0.923964 0.889754 0.958566 0.924883 0.934238 0.865876 0.534228 0.486609 0.663023 0.670281 0.553997 0.575035 0.544244 0.393091 0.936559 0.958301 0.812781 0.788633 0.526180 0.663534 0.585455 0.559564 0.603940 0.614329 0.847766 0.852449 0.688747 0.692590 0.477949 0.817101 0.467567 0.578896 0.561066 0.575244 0.851976 0.941405 0.964509 0.820818 0.934728 0.817381 0.983323 0.898138 0.955101 0.898016 0.970136 0.854791 0.915550 0.648106 0.715304 0.699970 0.834276 0.823450 0.701853 0.625675 0.684995 0.636159 0.967389 0.732280 0.873571 0.758032 0.831013 0.876510 0.770395 0.827829 0.730244 0.917130
0.641631 0.820398 0.714697 0.764351 0.770981 0.839001 0.762335 0.738814 0.755315 0.813399 0.774765 0.541800 0.000000 0.495155 0.407645 0.512573 0.801087 0.744555 0.690601 0.657609 0.821550 0.994881 0.458932 0.833833 0.880584 0.921264 0.986115 0.788585 0.723211 0.686422 0.575782 0.709573 0.611958 0.758769 0.899218 0.958124 0.849050 0.975612 0.975450 0.951301 0.981748 0.848095 0.787278 0.828659 0.938823 0.930351 0.693542 0.747860 0.981735 0.960744 0.912881 0.820836 0.910217 0.864782 0.818322 0.828979 0.942387 0.843890 0.805625 0.841946 0.545258 0.619576 0.751770 0.723680 0.805808 0.773168 0.827967 0.800121 0.697682 0.801963 0.547776 0.611353 0.532008 0.689906 0.858564 0.998502 0.752810 0.839345 0.768321 0.814683 0.722245 0.622513 0.709952 0.736021 0.560251 0.677775 0.819514 0.913824 0.756980 0.732409 0.902879 0.962800 0.988131 0.987842 0.924227 0.759496 0.713675 0.863316 0.767842 0.781995 0.955180 0.746109 0.921518 0.780044 0.794212 0.701145 0.935628 0.868912 0.726091 0.990845 0.961308 0.919387 0.890934 0.905273 0.691438 0.989978
0.625929 0.731083 0.807569 0.650221 0.921598 0.861179 0.867086 0.693228 0.758958 0.833412 0.767445 0.460609 0.495155 0.000000 0.531756 0.429309 0.698228 0.678881 0.651420 0.590146 0.892440 0.949448 0.548592 0.745493 0.790397 0.829073 0.892691 0.972557 0.714315 0.608696 0.618035 0.579030 0.590448 0.821565 0.980798 0.968042 0.680622 0.806426 0.880873 0.869372 0.864378 0.782185 0.826982 0.814986 0.994325 0.967002 0.765052 0.918165 0.938548 0.926455 0.915543 0.935889 0.829278 0.813246 0.901951 0.926152 0.846264 0.792337 0.956573 0.981899 0.676418 0.525789 0.787693 0.646581 0.940534 0.797897 0.943418 0.914236 0.678874 0.769347 0.489628 0.531396 0.536041 0.761466 0.821226 0.961021 0.774126 0.818342 0.671912 0.893388 0.599145 0.646487 0.599050 0.705434 0.670478 0.714342 0.857823 0.836541 0.809196 0.771400 0.862802 0.982851 0.977526 0.987548 0.952047 0.840564 0.786062 0.831902 0.824252 0.907253 0.928355 0.848930 0.909351 0.646044 0.864348 0.682158 0.874907 0.813676 0.837936 0.878956 0.978619 0.962499 0.910529 0.896882 0.899396 0.960818
0.814531 0.999632 0.757621 0.776129 0.842089 0.696316 0.957789 0.926003 0.664247 0.957906 0.960089 0.719610 0.407645 0.531756 0.000000 0.393581 0.959823 0.968538 0.870482 0.772009 0.838306 0.929870 0.461185 0.673470 0.744847 0.828295 0.936869 0.977757 0.852916 0.759355 0.656380 0.729304 0.798616 0.996776 0.891977 0.903270 0.705583 0.973212 0.920651 0.849913 0.944823 0.958456 0.924681 0.980465 0.863681 0.854509 0.786217 0.869905 0.842838 0.850803 0.952841 0.943240 0.977217 0.938412 0.869229 0.950181 0.882379 0.954730 0.937758 0.950245 0.779476 0.680076 0.997328 0.933534 0.726205 0.696087 0.924441 0.985554 0.742619 0.932275 0.532269 0.671673 0.600612 0.804836 0.905821 0.898584 0.855393 0.860443 0.921288 0.836026 0.877115 0.793753 0.798574 0.893207 0.625391 0.632079 0.938304 0.956414 0.731048 0.850051 0.996045 0.965627 0.856946 0.934577 0.991384 0.950889 0.805685 0.961374 0.967987 0.971116 0.827693 0.932332 0.931666 0.945307 0.868444 0.721119 0.920501 0.945091 0.709888 0.941661 0.901917 0.943266 0.890896 0.954257 0.779966 0.948141
0.837453 0.911279 0.683794 0.628654 0.936009 0.683631 0.956873 0.795039 0.572481 0.929254 0.924068 0.604775 0.512573 0.429309 0.393581 0.000000 0.993280 0.964466 0.818556 0.725504 0.898634 0.943298 0.404062 0.525901 0.630542 0.709637 0.917611 0.954767 0.883946 0.734347 0.541668 0.576818 0.815389 0.974363 0.865910 0.932954 0.674827 0.859141 0.774947 0.906046 0.988827 0.855040 0.847861 0.918945 0.849662 0.847982 0.768692 0.959851 0.753434 0.782154 0.915759 0.970610 0.949626 0.926539 0.902236 0.974014 0.893496 0.933224 0.907278 0.982437 0.775849 0.467547 0.916903 0.915667 0.669739 0.519905 0.911495 0.928844 0.832506 0.881351 0.442663 0.604599 0.517650 0.755601 0.931577 0.959558 0.918235 0.803070 0.830408 0.890927 0.879397 0.741802 0.729939 0.834389 0.702966 0.575515 0.961634 0.860727 0.791130 0.760062 0.951531 0.929646 0.921475 0.909462 0.971145 0.928372 0.794351 0.921434 0.983560 0.933423 0.901160 0.971776 0.923705 0.959152 0.887497 0.733788 0.919113 0.926185 0.778260 0.925136 0.985803 0.888300 0.937959 0.933238 0.801992 0.860611
0.450926 0.512246 0.953158 0.930837 0.904665 0.676730 0.645474 0.652239 0.862817 0.648875 0.401993 0.472951 0.801087 0.698228 0.959823 0.993280 0.000000 0.290205 0.464522 0.460569 0.853877 0.957264 0.973836 0.669247 0.807652 0.672601 0.911753 0.755454 0.376492 0.366296 0.789895 0.808506 0.479495 0.456225 0.914985 0.898875 0.941144 0.879972 0.877793 0.986550 0.834498 0.805326 0.803789 0.601108 0.769338 0.700359 0.624774 0.647288 0.697296 0.666663 0.798962 0.735652 0.893872 0.902577 0.987360 0.858132 0.420574 0.396884 0.536900 0.642548 0.622635 0.926464 0.343088 0.295763 0.592445 0.640173 0.694289 0.804990 0.545619 0.619639 0.889778 0.890967 0.801102 0.700330 0.816017 0.989219 0.782538 0.750031 0.476446 0.771866 0.371378 0.752908 0.621583 0.643002 0.995057 0.828429 0.905575 0.850988 0.879237 0.942280 0.871349 0.829586 0.799880 0.795392 0.970789 0.800473 0.972276 0.617291 0.713556 0.760019 0.794266 0.902848 0.619082 0.478601 0.851642 0.744600 0.967299 0.785663 0.921871 0.722816 0.854958 0.801882 0.743976 0.849044 0.817161 0.779717
0.418421 0.452225 0.974599 0.852356 0.856607 0.681209 0.661465 0.630591 0.885733 0.626921 0.344346 0.404314 0.744555 0.678881 0.968538 0.964466 0.290205 0.000000 0.362317 0.417877 0.843983 0.922848 0.927347 0.758683 0.868448 0.739458 0.973841 0.769821 0.359133 0.380123 0.756757 0.734633 0.487332 0.416624 0.913578 0.932492 0.923819 0.787601 0.908611 0.970904 0.857411 0.746942 0.829719 0.594930 0.840459 0.750334 0.677140 0.640514 0.781552 0.754277 0.887017 0.840007 0.969792 0.970231 0.963447 0.913900 0.362751 0.366355 0.544940 0.638710 0.633317 0.912367 0.351444 0.302182 0.678620 0.703364 0.745466 0.817349 0.496455 0.609179 0.839083 0.861628 0.784528 0.660987 0.806532 0.924818 0.832427 0.733413 0.475362 0.870855 0.433442 0.708073 0.556967 0.538358 0.960677 0.881340 0.946992 0.881832 0.903240 0.991330 0.854815 0.796109 0.775220 0.785725 0.995285 0.837088 0.932186 0.641691 0.750707 0.743908 0.853200 0.863909 0.564675 0.494083 0.787963 0.693395 0.934105 0.793011 0.993683 0.764197 0.813026 0.807086 0.727759 0.758464 0.840710 0.785554
0.528152 0.471425 0.806029 0.739572 0.800693 0.699550 0.596636 0.560404 0.872890 0.639919 0.520142 0.430059 0.690601 0.651420 0.870482 0.818556 0.464522 0.362317 0.000000 0.466305 0.860273 0.953272 0.671756 0.915746 0.974448 0.849773 0.937527 0.699969 0.450288 0.501569 0.661319 0.671108 0.478547 0.429876 0.953494 0.857921 0.768988 0.812208 0.956121 0.989691 0.993254 0.838940 0.585909 0.491458 0.744714 0.663268 0.549853 0.558225 0.754062 0.722578 0.821414 0.767896 0.911510 0.876564 0.960955 0.961218 0.432459 0.443616 0.567862 0.647500 0.557920 0.778149 0.490638 0.425997 0.896299 0.926112 0.701378 0.682486 0.671099 0.712241 0.736988 0.724586 0.786482 0.721018 0.919741 0.922329 0.765751 0.747322 0.520173 0.826504 0.537309 0.714340 0.604379 0.526866 0.819860 0.971179 0.989291 0.907386 0.929857 0.911619 0.943372 0.879373 0.849205 0.811906 0.895883 0.898832 0.969761 0.700669 0.656636 0.599059 0.936589 0.761219 0.617497 0.567754 0.815714 0.739503 0.936146 0.799895 0.989054 0.703719 0.785180 0.763476 0.681726 0.687809 0.720564 0.875098
0.428324 0.465830 0.738492 0.738026 0.980359 0.915555 0.835587 0.755768 0.867135 0.799042 0.420345 0.454661 0.657609 0.590146 0.772009 0.725504 0.460569 0.417877 0.466305 0.000000 0.943171 0.988962 0.767314 0.950406 0.832227 0.940748 0.856457 0.874659 0.507372 0.488105 0.702788 0.722648 0.645525 0.642093 0.959118 0.908703 0.677425 0.647824 0.951544 0.774013 0.823225 0.656909 0.860530 0.762699 0.953743 0.978133 0.738425 0.775506 0.998487 0.934197 0.909046 0.989934 0.913180 0.893425 0.964601 0.996266 0.472440 0.462588 0.835908 0.768490 0.761136 0.745158 0.690908 0.556222 0.985903 0.974637 0.999688 0.974519 0.440228 0.493680 0.745249 0.794075 0.574925 0.553208 0.791790 0.976152 0.750693 0.742815 0.643037 0.820449 0.574156 0.581766 0.600551 0.453850 0.779925 0.872320 0.898091 0.881046 0.984145 0.833919 0.872524 0.758765 0.751760 0.821706 0.942035 0.912004 0.988022 0.708910 0.879869 0.878725 0.957191 0.884721 0.802338 0.768661 0.855373 0.803734 0.968575 0.875151 0.914275 0.748114 0.919157 0.969539 0.898471 0.888019 0.894421 0.776852
0.965470 0.859383 0.902520 0.900062 0.966106 0.823153 0.934903 0.841992 0.989380 0.697157 0.896045 0.950548 0.821550 0.892440 0.838306 0.898634 0.853877 0.843983 0.860273 0.943171 0.000000 0.972161 0.841084 0.741394 0.770842 0.828305 0.985300 0.990835 0.908311 0.933806 0.905758 0.831267 0.957208 0.869549 0.939846 0.942115 0.975298 0.883529 0.965296 0.952838 0.923644 0.995918 0.775747 0.827457 0.886481 0.828391 0.854501 0.797930 0.835351 0.779647 0.885194 0.822346 0.937681 0.875775 0.986870 0.965760 0.801675 0.840052 0.773308 0.798725 0.956335 0.928917 0.899443 0.836423 0.870730 0.837569 0.979063 0.935213 0.994364 0.873876 0.930097 0.967612 0.973488 0.926865 0.949932 0.976480 0.924879 0.991112 0.894136 0.925794 0.933205 0.905941 0.989681 0.900187 0.786595 0.690003 0.989944 0.905642 0.945900 0.819670 0.946344 0.955373 0.943933 0.935123 0.982364 0.937716 0.953039 0.859789 0.813934 0.805491 0.869703 0.991364 0.843415 0.942827 0.953220 0.992396 0.822468 0.902973 0.986142 0.863447 0.791218 0.746821 0.732471 0.904721 0.912870 0.903564
0.998917 0.995251 0.987376 0.910049 0.819598 0.973237 0.952318 0.913052 0.992404 0.941445 0.949915 0.997344 0.994881 0.949448 0.929870 0.943298 0.957264 0.922848 0.953272 0.988962 0.972161 0.000000 0.982152 0.994843 0.902203 0.982636 0.831207 0.890295 0.912763 0.997639 0.997219 0.998961 0.958178 0.901343 0.979271 0.978811 0.903538 0.873144 0.931960 0.793938 0.984392 0.872564 0.988868 0.949445 0.958097 0.994886 0.955500 0.978442 0.963629 0.976309 0.972850 0.992836 0.960608 0.930170 0.925257 0.903848 0.992820 0.990148 0.892376 0.868853 0.947487 0.960243 0.979764 0.957372 0.981318 0.935990 0.840439 0.862018 0.994608 0.846901 0.984511 0.899115 0.936129 0.741718 0.908623 0.993864 0.941789 0.846573 0.942524 0.976644 0.980144 0.973373 0.979962 0.951550 0.974355 0.925010 0.972294 0.848031 0.957003 0.970114 0.935389 0.946719 0.933761 0.986002 0.945151 0.927241 0.786112 0.967682 0.983136 0.989392 0.977061 0.907234 0.967428 0.880686 0.881617 0.971448 0.983208 0.855396 0.976632 0.973605 0.947248 0.754159 0.978899 0.965464 0.857412 0.943785
0.886494 0.942567 0.563735 0.546099 0.761555 0.829301 0.811684 0.701886 0.608789 0.933389 0.962658 0.646757 0.458932 0.548592 0.461185 0.404062 0.973836 0.927347 0.671756 0.767314 0.841084 0.982152 0.000000 0.531487 0.658414 0.739150 0.969567 0.903773 0.867027 0.788408 0.475412 0.520030 0.709079 0.853688 0.917528 0.968291 0.741992 0.935706 0.918510 0.979228 0.953481 0.929853 0.780085 0.820498 0.925202 0.920758 0.775453 0.852717 0.774787 0.792073 0.925249 0.971608 0.980569 0.999787 0.983441 0.922016 0.960829 0.981701 0.970081 0.950931 0.655574 0.586767 0.959188 0.887616 0.588152 0.517649 0.899654 0.788274 0.893562 0.941054 0.556199 0.584556 0.559195 0.867423 0.955571 0.986789 0.831112 0.804033 0.846219 0.871534 0.961476 0.819291 0.674490 0.777382 0.631540 0.556374 0.936396 0.960390 0.714096 0.703701 0.999264 0.879825 0.912572 0.945784 0.865587 0.985520 0.872081 0.957691 0.882715 0.811170 0.904056 0.874157 0.921088 0.957805 0.824103 0.734194 0.986995 0.869060 0.771393 0.994276 0.911668 0.928860 0.956933 0.972768 0.609050 0.999937
0.887993 0.840011 0.682632 0.645374 0.988712 0.634870 0.781745 0.935787 0.739481 0.700351 0.813306 0.965550 0.833833 0.745493 0.673470 0.525901 0.669247 0.758683 0.915746 0.950406 0.741394 0.994843 0.531487 0.000000 0.448240 0.499821 0.790802 0.809438 0.809087 0.926093 0.761428 0.754679 0.909780 0.745709 0.908547 0.911384 0.750502 0.900557 0.700278 0.852229 0.973155 0.907148 0.847804 0.793371 0.632345 0.579042 0.861522 0.776413 0.503390 0.507521 0.638009 0.609737 0.823091 0.728694 0.932286 0.816645 0.721501 0.741511 0.644989 0.798048 0.918861 0.769951 0.652438 0.720471 0.479019 0.451022 0.779128 0.925679 0.965035 0.929680 0.786819 0.817119 0.709911 0.894143 0.939903 0.932275 0.964047 0.976882 0.911212 0.976568 0.807312 0.852952 0.885517 0.988344 0.715021 0.461881 0.933870 0.833982 0.750182 0.694452 0.921276 0.780863 0.904589 0.921024 0.985046 0.881916 0.967142 0.823260 0.712882 0.788490 0.749953 0.831667 0.682455 0.791172 0.992044 0.910917 0.959328 0.874697 0.912704 0.875029 0.846579 0.644065 0.714782 0.882225 0.943198 0.985981
0.941572 0.920629 0.595157 0.658266 0.948484 0.785205 0.753956 0.817701 0.729639 0.644995 0.989254 0.908813 0.880584 0.790397 0.744847 0.630542 0.807652 0.868448 0.974448 0.832227 0.770842 0.902203 0.658414 0.448240 0.000000 0.448824 0.724363 0.717723 0.919575 0.986108 0.743459 0.693115 0.903653 0.812112 0.899845 0.847558 0.698219 0.667329 0.626489 0.784039 0.974044 0.898799 0.826926 0.761104 0.572357 0.551610 0.856831 0.777041 0.510497 0.584224 0.537899 0.552586 0.706750 0.624054 0.972552 0.831086 0.950917 0.922737 0.642900 0.872429 0.850534 0.857649 0.637033 0.757571 0.456635 0.567430 0.668344 0.835805 0.736985 0.935197 0.895642 0.854755 0.635085 0.719517 0.989280 0.978917 0.949492 0.834959 0.906086 0.929799 0.987781 0.695741 0.799653 0.815008 0.707401 0.463289 0.989959 0.866755 0.761201 0.712543 0.753281 0.683635 0.752399 0.819551 0.980085 0.882230 0.910382 0.846469 0.668419 0.682154 0.697669 0.808110 0.735608 0.770909 0.902991 0.930632 0.883675 0.824751 0.939075 0.962123 0.808220 0.579868 0.765510 0.830917 0.900212 0.990232
0.985713 0.994789 0.608003 0.619948 0.882927 0.633740 0.901421 0.955374 0.581400 0.785667 0.904751 0.998039 0.921264 0.829073 0.828295 0.709637 0.672601 0.739458 0.849773 0.940748 0.828305 0.982636 0.739150 0.499821 0.448824 0.000000 0.860342 0.782659 0.820921 0.818377 0.815134 0.857833 0.900086 0.787946 0.837603 0.750662 0.786268 0.776754 0.639139 0.892175 0.934742 0.843941 0.908642 0.775443 0.697585 0.654269 0.825067 0.794846 0.640694 0.679371 0.713565 0.690936 0.886024 0.778046 0.975110 0.890852 0.826750 0.854489 0.630243 0.841890 0.919527 0.767427 0.622194 0.717502 0.481264 0.548128 0.765314 0.881780 0.909168 0.996166 0.803593 0.766550 0.731256 0.902886 0.994427 0.963451 0.892724 0.985487 0.866775 0.967154 0.882538 0.849358 0.965624 0.971164 0.761958 0.627406 0.984906 0.891495 0.807243 0.731520 0.966313 0.960397 0.927667 0.875556 0.897811 0.886859 0.888076 0.832517 0.856439 0.767909 0.889181 0.990177 0.830585 0.807858 0.978879 0.904920 0.866216 0.962249 0.959227 0.970182 0.926793 0.679221 0.866554 0.999749 0.953934 0.927608
0.975074 0.963192 0.930793 0.899947 0.944708 0.896277 0.692014 0.822114 0.988469 0.806287 0.970158 0.979682 0.986115 0.892691 0.936869 0.917611 0.911753 0.973841 0.937527 0.856457 0.985300 0.831207 0.969567 0.790802 0.724363 0.860342 0.000000 0.706657 0.894776 0.912159 0.918410 0.922207 0.756120 0.841993 0.959396 0.823208 0.818099 0.701467 0.938342 0.826778 0.811481 0.805347 0.770200 0.845601 0.633068 0.680749 0.885037 0.829564 0.750947 0.801011 0.646266 0.695642 0.656483 0.649666 0.932598 0.999421 0.977147 0.966356 0.782333 0.829289 0.707204 0.842898 0.793814 0.830884 0.838781 0.990723 0.650004 0.664420 0.785739 0.827735 0.907942 0.950450 0.971109 0.996115 0.953804 0.981691 0.860342 0.994931 0.949214 0.910697 0.875419 0.803231 0.885336 0.751011 0.948730 0.853466 0.908115 0.695713 0.922407 0.699316 0.776448 0.839704 0.766268 0.946249 0.856339 0.953013 0.985408 0.950067 0.700531 0.817665 0.724081 0.781311 0.892942 0.773142 0.941508 0.979268 0.844219 0.867486 0.924467 0.933307 0.795147 0.857026 0.850601 0.852719 0.891697 0.920811
0.850983 0.786792 0.884665 0.946827 0.945257 0.705844 0.533490 0.713026 0.949037 0.743458 0.837105 0.768684 0.788585 0.972557 0.977757 0.954767 0.755454 0.769821 0.699969 0.874659 0.990835 0.890295 0.903773 0.809438 0.717723 0.782659 0.706657 0.000000 0.723071 0.796660 0.878687 0.948008 0.648720 0.656923 0.776779 0.865206 0.873485 0.852277 0.744738 0.903452 0.914003 0.925148 0.660675 0.643109 0.577572 0.570095 0.619752 0.622433 0.617730 0.661277 0.631918 0.619109 0.796968 0.796462 0.841571 0.806857 0.769269 0.751808 0.550423 0.620450 0.527516 0.822891 0.622690 0.704512 0.906345 0.984176 0.534130 0.593384 0.884872 0.918119 0.910936 0.925491 0.917922 0.968672 0.911562 0.932246 0.741726 0.892611 0.858062 0.760825 0.737136 0.890267 0.929819 0.882968 0.874655 0.972913 0.949567 0.909031 0.930868 0.914750 0.876897 0.873936 0.865362 0.944943 0.917395 0.991087 0.953948 0.746695 0.655615 0.592695 0.920101 0.708389 0.757647 0.738708 0.837680 0.964809 0.920165 0.905632 0.857556 0.961874 0.808578 0.781424 0.780979 0.792593 0.818388 0.947661
0.539908 0.568531 0.850242 0.913315 0.919423 0.702509 0.688728 0.701010 0.953708 0.694002 0.407247 0.520208 0.723211 0.714315 0.852916 0.883946 0.376492 0.359133 0.450288 0.507372 0.908311 0.912763 0.867027 0.809087 0.919575 0.820921 0.894776 0.723071 0.000000 0.326959 0.649568 0.681641 0.475872 0.443748 0.996880 0.947254 0.974917 0.805193 0.970535 0.946398 0.964585 0.883069 0.823249 0.671015 0.785414 0.722561 0.632468 0.564546 0.805510 0.741502 0.843718 0.748337 0.929985 0.915265 0.978929 0.988340 0.499720 0.501788 0.605370 0.593012 0.572774 0.816036 0.430203 0.394428 0.797231 0.867304 0.752373 0.737297 0.582723 0.746896 0.808711 0.922017 0.701980 0.635529 0.858780 0.986511 0.864591 0.722926 0.590397 0.846559 0.480275 0.768394 0.548644 0.660583 0.940309 0.962064 0.948639 0.841864 0.945028 0.943992 0.770553 0.751438 0.700323 0.686764 0.929207 0.862139 0.939656 0.680373 0.778082 0.772770 0.909464 0.890285 0.606068 0.557037 0.838537 0.745938 0.960478 0.852048 0.919458 0.813274 0.903056 0.863259 0.709466 0.767777 0.783468 0.827286
0.518830 0.647595 0.814173 0.814731 0.879858 0.832548 0.707475 0.681437 0.966784 0.776162 0.412932 0.449298 0.686422 0.608696 0.759355 0.734347 0.366296 0.380123 0.501569 0.488105 0.933806 0.997639 0.788408 0.926093 0.986108 0.818377 0.912159 0.796660 0.326959 0.000000 0.567746 0.553533 0.482143 0.467643 0.951521 0.913828 0.944102 0.879808 0.962949 0.879845 0.946096 0.855185 0.921015 0.740587 0.924059 0.851757 0.631124 0.654826 0.954397 0.881544 0.969111 0.858328 0.985270 0.990958 0.970124 0.993023 0.607873 0.595177 0.618574 0.626490 0.555569 0.771504 0.416652 0.358656 0.799469 0.931267 0.765825 0.729989 0.526522 0.715121 0.794799 0.931571 0.691867 0.610142 0.718225 0.972829 0.869293 0.641960 0.586174 0.799040 0.455692 0.772223 0.494866 0.658754 0.992082 0.987163 0.939537 0.829735 0.894698 0.888472 0.710705 0.634572 0.605915 0.600900 0.940519 0.815871 0.941804 0.660071 0.880376 0.875977 0.939119 0.958093 0.704848 0.562996 0.794363 0.638244 0.942081 0.908329 0.823411 0.786941 0.960576 0.894098 0.874232 0.925765 0.702021 0.787140
0.811249 0.769008 0.538453 0.559055 0.814466 0.993210 0.601318 0.543682 0.614901 0.760473 0.683790 0.550862 0.575782 0.618035 0.656380 0.541668 0.789895 0.756757 0.661319 0.702788 0.905758 0.997219 0.475412 0.761428 0.743459 0.815134 0.918410 0.878687 0.649568 0.567746 0.000000 0.408975 0.567309 0.581677 0.914323 0.849196 0.921907 0.920853 0.868072 0.979059 0.935880 0.896471 0.731586 0.736660 0.930540 0.881996 0.713749 0.684409 0.897280 0.992816 0.966722 0.928969 0.891188 0.920044 0.938874 0.936943 0.901941 0.885834 0.810743 0.725567 0.504969 0.505851 0.759208 0.632627 0.801272 0.634304 0.745641 0.595345 0.829427 0.875724 0.623989 0.678764 0.655393 0.731103 0.875779 0.923553 0.734971 0.639200 0.712983 0.865281 0.727145 0.825859 0.623234 0.837000 0.874575 0.784458 0.906833 0.784778 0.822086 0.916088 0.969007 0.851505 0.899831 0.846843 0.866547 0.821369 0.931849 0.736542 0.852796 0.815494 0.823977 0.884238 0.926252 0.771987 0.750505 0.667024 0.823600 0.741577 0.806793 0.925275 0.813942 0.978642 0.889086 0.935339 0.554786 0.993655
0.847473 0.817654 0.622959 0.591951 0.969683 0.941687 0.795897 0.730857 0.776302 0.894432 0.731625 0.580800 0.709573 0.579030 0.729304 0.576818 0.808506 0.734633 0.671108 0.722648 0.831267 0.998961 0.520030 0.754679 0.693115 0.857833 0.922207 0.948008 0.681641 0.553533 0.408975 0.000000 0.588512 0.722934 0.963417 0.939840 0.878524 0.755522 0.961451 0.856591 0.972535 0.855608 0.865628 0.795676 0.978777 0.992859 0.805873 0.891760 0.836919 0.854774 0.946168 0.931011 0.994957 0.993917 0.881120 0.895700 0.834966 0.932761 0.960644 0.920940 0.716014 0.651786 0.813769 0.707205 0.892550 0.751238 0.928566 0.795747 0.812298 0.929339 0.737204 0.693494 0.752285 0.747231 0.904984 0.993056 0.812499 0.580819 0.790550 0.926502 0.749539 0.881953 0.611448 0.739192 0.976215 0.809949 0.866263 0.757710 0.978946 0.964120 0.894228 0.745643 0.817726 0.812185 0.994324 0.880893 0.925570 0.791452 0.952784 0.986071 0.932981 0.903765 0.933076 0.832921 0.866398 0.751527 0.990181 0.826353 0.879029 0.946546 0.853141 0.944308 0.977326 0.893072 0.611599 0.924309
0.599018 0.655780 0.765908 0.773626 0.931001 0.821015 0.454977 0.524639 0.849528 0.672268 0.589737 0.499463 0.611958 0.590448 0.798616 0.815389 0.479495 0.487332 0.478547 0.645525 0.957208 0.958178 0.709079 0.909780 0.903653 0.900086 0.756120 0.648720 0.475872 0.482143 0.567309 0.588512 0.000000 0.443097 0.891176 0.825344 0.959364 0.993782 0.867205 0.964017 0.956474 0.862532 0.689149 0.546606 0.620950 0.610157 0.540083 0.583144 0.711546 0.697540 0.658757 0.640125 0.705528 0.742249 0.933236 0.877814 0.625770 0.594314 0.574178 0.693067 0.387367 0.708140 0.419751 0.411127 0.902544 0.977852 0.519218 0.568727 0.770532 0.834649 0.686602 0.655069 0.732024 0.802760 0.850224 0.992869 0.750238 0.727891 0.519168 0.730266 0.456294 0.722774 0.551802 0.680460 0.795800 0.946256 0.992690 0.826794 0.948855 0.962235 0.894992 0.986482 0.966807 0.931493 0.852029 0.815059 0.997449 0.648211 0.566303 0.668028 0.804483 0.734718 0.656276 0.444067 0.788845 0.717272 0.981965 0.736926 0.892244 0.844688 0.702469 0.790943 0.717086 0.697840 0.578508 0.944449
0.607687 0.586887 0.834615 0.831720 0.824381 0.710211 0.411526 0.471511 0.914498 0.617674 0.491098 0.512806 0.758769 0.821565 0.996776 0.974363 0.456225 0.416624 0.429876 0.642093 0.869549 0.901343 0.853688 0.745709 0.812112 0.787946 0.841993 0.656923 0.443748 0.467643 0.581677 0.722934 0.443097 0.000000 0.961963 0.808785 0.923966 0.964208 0.857294 0.894877 0.912398 0.964893 0.653781 0.515784 0.614341 0.543312 0.543739 0.442313 0.695010 0.655304 0.718903 0.666338 0.824793 0.851447 0.997973 0.920342 0.574664 0.555049 0.406504 0.442417 0.396272 0.754080 0.364826 0.364112 0.817310 0.939909 0.489846 0.461410 0.782610 0.833327 0.894278 0.879505 0.864034 0.810990 0.900470 0.900768 0.764440 0.700559 0.495813 0.771445 0.553531 0.883657 0.681423 0.725330 0.964879 0.870114 0.939754 0.800421 0.931487 0.906851 0.928299 0.919654 0.902481 0.799625 0.881755 0.903060 0.969300 0.567317 0.620407 0.598526 0.680800 0.800827 0.561774 0.516536 0.772307 0.664425 0.998771 0.773882 0.948045 0.822918 0.707762 0.799851 0.726571 0.727929 0.586715 0.834632
0.908097 0.897794 0.740297 0.928509 0.743944 0.967896 0.827806 0.917137 0.797410 0.988190 0.986855 0.974981 0.899218 0.980798 0.891977 0.865910 0.914985 0.913578 0.953494 0.959118 0.939846 0.979271 0.917528 0.908547 0.899845 0.837603 0.959396 0.776779 0.996880 0.951521 0.914323 0.963417 0.891176 0.961963 0.000000 0.992501 0.924507 0.968854 0.928856 0.863670 0.772834 0.949392 0.816243 0.927995 0.844307 0.840565 0.788727 0.742672 0.905836 0.787714 0.859143 0.814263 0.900427 0.910673 0.907396 0.846238 0.963197 0.970123 0.914862 0.771292 0.801337 0.777537 0.968100 0.966216 0.804887 0.823546 0.846695 0.761108 0.931001 0.961986 0.887299 0.967319 0.943511 0.877543 0.946911 0.899879 0.890832 0.917187 0.945248 0.836425 0.941353 0.822228 0.914320 0.943753 0.847737 0.865243 0.906268 0.996641 0.964309 0.914309 0.914321 0.907980 0.918031 0.994002 0.943498 0.957747 0.936585 0.977695 0.867148 0.877300 0.806516 0.837117 0.877059 0.972286 0.935166 0.940413 0.877578 0.979462 0.976998 0.944059 0.958044 0.977353 0.823926 0.899187 0.840612 0.974585
0.944038 0.965916 0.989475 0.937455 0.858555 0.884272 0.757103 0.865646 0.884243 0.898777 0.950744 0.993362 0.958124 0.968042 0.903270 0.932954 0.898875 0.932492 0.857921 0.908703 0.942115 0.978811 0.968291 0.911384 0.847558 0.750662 0.823208 0.865206 0.947254 0.913828 0.849196 0.939840 0.825344 0.808785 0.992501 0.000000 0.935174 0.797572 0.978285 0.990334 0.800330 0.981013 0.769799 0.764206 0.654825 0.676855 0.776199 0.760683 0.733388 0.748904 0.731973 0.750748 0.705159 0.783513 0.935449 0.996662 0.961031 0.919715 0.707440 0.854590 0.765328 0.920154 0.823154 0.846062 0.885242 0.966855 0.669829 0.669155 0.826694 0.960510 0.959294 0.975181 0.856712 0.952217 0.992291 0.955223 0.868769 0.903434 0.948514 0.899240 0.867379 0.956299 0.887243 0.925198 0.980281 0.962326 0.986617 0.975507 0.916940 0.920970 0.917159 0.823465 0.904486 0.995296 0.856596 0.938293 0.982410 0.913940 0.810093 0.710520 0.845316 0.899683 0.810581 0.761439 0.952354 0.963308 0.954020 0.978049 0.938842 0.965705 0.833125 0.738349 0.974137 0.929313 0.897450 0.934994
0.762345 0.718076 0.764468 0.692220 0.990818 0.850419 0.861483 0.963732 0.694689 0.940830 0.962957 0.738338 0.849050 0.680622 0.705583 0.674827 0.941144 0.923819 0.768988 0.677425 0.975298 0.903538 0.741992 0.750502 0.698219 0.786268 0.818099 0.873485 0.974917 0.944102 0.921907 0.878524 0.959364 0.923966 0.924507 0.935174 0.000000 0.712340 0.831697 0.822694 0.733855 0.851247 0.846693 0.872411 0.819969 0.879324 0.925354 0.976956 0.892772 0.921075 0.875202 0.928290 0.987695 0.977995 0.924124 0.900536 0.789071 0.751674 0.800052 0.854751 0.931273 0.782739 0.802919 0.993584 0.768971 0.890125 0.704914 0.792927 0.669527 0.701445 0.745985 0.625891 0.717605 0.824772 0.943765 0.979427 0.791541 0.903152 0.836119 0.855325 0.832784 0.727538 0.863479 0.761063 0.755185 0.817038 0.986779 0.902061 0.775067 0.776846 0.918698 0.970781 0.955928 0.922748 0.971508 0.762249 0.859805 0.986530 0.937188 0.884867 0.816239 0.872950 0.979580 0.951119 0.931971 0.996945 0.959768 0.862565 0.809434 0.840134 0.935426 0.976110 0.933237 0.990126 0.919162 0.960804
0.737713 0.624043 0.869763 0.795130 0.832752 0.796377 0.797959 0.954326 0.846176 0.930862 0.785396 0.751149 0.975612 0.806426 0.973212 0.859141 0.879972 0.787601 0.812208 0.647824 0.883529 0.873144 0.935706 0.900557 0.667329 0.776754 0.701467 0.852277 0.805193 0.879808 0.920853 0.755522 0.993782 0.964208 0.968854 0.797572 0.712340 0.000000 0.837891 0.672048 0.759440 0.727389 0.992946 0.935318 0.793823 0.855816 0.947140 0.985988 0.879871 0.935052 0.836133 0.827934 0.906492 0.885953 0.937201 0.995638 0.599405 0.701278 0.790169 0.920713 0.799201 0.902995 0.879582 0.971885 0.858342 0.978609 0.634550 0.697719 0.671721 0.729436 0.887446 0.777480 0.806037 0.778835 0.896411 0.944216 0.948717 0.840590 0.892088 0.930504 0.777982 0.666316 0.731619 0.534429 0.911921 0.945763 0.892746 0.960716 0.891516 0.776128 0.925487 0.873426 0.839229 0.996309 0.971833 0.988520 0.986300 0.844362 0.917641 0.897104 0.878358 0.943787 0.877160 0.941229 0.994660 0.980165 0.991082 0.917811 0.870804 0.887579 0.986913 0.988581 0.977936 0.863179 0.929144 0.950143
