0.000000 0.284280 0.994145 0.818592 0.989976 0.815456 0.840356 0.632089 0.749254 0.596968 0.399332 0.392062 0.563527 0.523511 0.697991 0.834167 0.349269 0.307840 0.396246 0.356280 0.659866 0.935449 0.702107 0.818000 0.839050 0.767373 0.912641 0.946334 0.423994 0.447238 0.746087 0.748052 0.606912 0.587529 0.926791 0.850247 0.773497 0.954355 0.756260 0.825990 0.749486 0.885517 0.849476 0.738073 0.857104 0.710458 0.595274 0.659799 0.490308 0.667246 0.840374 0.917858 0.989522 0.811982 0.730783 0.829363 0.315479 0.402522 0.516527 0.669237 0.700917 0.811394 0.375422 0.380585 0.769532 0.698067 0.922014 0.844294 0.554276 0.637089 0.793686 0.875076 0.762209 0.908598 0.940105 0.983874 0.774448 0.877113 0.673123 0.451406 0.345213 0.305098 0.427500 0.497047 0.455431 0.652162 0.857222 0.698898 0.796135 0.606969 0.813520 0.595757 0.632998 0.511087 0.880245 0.957112 0.841395 0.882266 0.829527 0.880770 0.855490 0.801848 0.763100 0.871872 0.929413 0.912901 0.819752 0.722605 0.817415 0.928389 0.897994 0.899305 0.759725 0.906816 0.943633 0.850420
0.284280 0.000000 0.904848 0.903365 0.920625 0.716297 0.979848 0.635736 0.657988 0.685790 0.539431 0.451102 0.691579 0.578774 0.884947 0.935322 0.360353 0.371393 0.485830 0.372343 0.734069 0.895502 0.836236 0.936607 0.749528 0.816002 0.984137 0.871011 0.456437 0.511015 0.828077 0.773677 0.705905 0.611204 0.948957 0.974419 0.792440 0.968494 0.763554 0.724180 0.746043 0.944620 0.902123 0.742208 0.822387 0.686650 0.592762 0.714887 0.427107 0.663704 0.884750 0.992212 0.943866 0.726502 0.705970 0.831256 0.260169 0.269378 0.617441 0.676473 0.785888 0.763955 0.493826 0.427670 0.700089 0.702752 0.820095 0.882327 0.593551 0.535076 0.948145 0.969372 0.861271 0.957184 0.982939 0.982438 0.855182 0.916440 0.689663 0.526504 0.372596 0.311263 0.519376 0.458406 0.486317 0.674154 0.851234 0.660514 0.926665 0.648717 0.660257 0.476547 0.576037 0.438529 0.837322 0.973064 0.894157 0.848543 0.900705 0.980299 0.807762 0.667367 0.816096 0.990736 0.894553 0.938433 0.693781 0.651034 0.876413 0.986314 0.912642 0.948788 0.772436 0.907551 0.942856 0.816683
0.994145 0.904848 0.000000 0.423285 0.757206 0.765012 0.386517 0.605670 0.703713 0.768235 0.972296 0.995689 0.690947 0.873466 0.694398 0.795442 0.991773 0.980680 0.878539 0.994089 0.907474 0.986316 0.597781 0.784681 0.856785 0.581871 0.987131 0.889189 0.882616 0.877643 0.543605 0.586123 0.555760 0.695236 0.596813 0.937652 0.956099 0.897128 0.822430 0.816237 0.951550 0.989072 0.605834 0.618232 0.553542 0.621079 0.685545 0.605105 0.800628 0.588780 0.502922 0.509805 0.562249 0.517355 0.768217 0.867921 0.958531 0.816449 0.949615 0.884106 0.662836 0.773917 0.941973 0.999410 0.442519 0.732707 0.477117 0.585326 0.927616 0.882134 0.858563 0.885646 0.808550 0.640488 0.774636 0.961715 0.793842 0.657437 0.958876 0.929806 0.949583 0.897498 0.925232 0.944006 0.849641 0.939170 0.682834 0.914571 0.757390 0.927651 0.637335 0.673000 0.691102 0.754955 0.768035 0.945007 0.822957 0.886418 0.702249 0.633081 0.722888 0.657164 0.736935 0.625193 0.580720 0.553443 0.894411 0.900287 0.948327 0.905263 0.747436 0.763262 0.622834 0.773051 0.654624 0.982892
0.818592 0.903365 0.423285 0.000000 0.826598 0.759937 0.462738 0.462345 0.735823 0.656427 0.796563 0.728706 0.653681 0.703103 0.619517 0.719814 0.827790 0.854478 0.776664 0.729625 0.947264 0.993048 0.576127 0.697832 0.868320 0.742991 0.946027 0.962544 0.771451 0.803722 0.600344 0.673002 0.566073 0.693643 0.720135 0.851790 0.928971 0.816913 0.824629 0.980454 0.965399 0.969998 0.639836 0.618956 0.583567 0.569264 0.723284 0.607520 0.694888 0.466513 0.527900 0.525907 0.610747 0.658730 0.705718 0.880726 0.914014 0.992773 0.766768 0.957512 0.602062 0.536276 0.778466 0.823003 0.539801 0.667573 0.550923 0.667961 0.969101 0.818528 0.820502 0.819558 0.759758 0.704500 0.727893 0.961743 0.603513 0.760944 0.862408 0.926983 0.831677 0.889669 0.828969 0.840686 0.722469 0.744653 0.819389 0.812685 0.773391 0.774151 0.726732 0.803568 0.753126 0.866614 0.738040 0.990440 0.726152 0.862377 0.677235 0.658811 0.757556 0.753667 0.712050 0.723600 0.620394 0.620678 0.938922 0.937831 0.955420 0.951294 0.770281 0.763471 0.621813 0.894276 0.809584 0.956565
0.989976 0.920625 0.757206 0.826598 0.000000 0.793247 0.882038 0.984798 0.832568 0.902135 0.940089 0.949959 0.902059 0.871858 0.767278 0.758194 0.860865 0.890989 0.980353 0.939642 0.991457 0.858893 0.716698 0.637001 0.855351 0.878834 0.756773 0.861479 0.901597 0.986192 0.854739 0.984373 0.902977 0.966287 0.952661 0.981898 0.879012 0.973654 0.899522 0.959333 0.899550 0.844567 0.932327 0.931795 0.988865 0.973031 0.918830 0.941524 0.985293 0.927724 0.895211 0.893767 0.854645 0.965190 0.952046 0.844321 0.946353 0.820359 0.962926 0.874012 0.951044 0.950707 0.971760 0.916723 0.804641 0.825039 0.900872 0.980223 0.996285 0.956953 0.975276 0.899061 0.995465 0.946784 0.966988 0.882151 0.949051 0.892664 0.809246 0.952144 0.928438 0.911872 0.980286 0.941974 0.745636 0.734621 0.893947 0.864426 0.763081 0.928359 0.873760 0.873468 0.970775 0.897509 0.955174 0.978072 0.896216 0.952685 0.952703 0.966297 0.917088 0.846881 0.916325 0.996524 0.917246 0.842744 0.806203 0.922288 0.914257 0.887409 0.995602 0.967368 0.957810 0.960418 0.770498 0.779503
0.815456 0.716297 0.765012 0.759937 0.793247 0.000000 0.656776 0.742503 0.637246 0.829799 0.939011 0.975714 0.891601 0.954897 0.856281 0.769042 0.859698 0.786662 0.849734 0.806841 0.908644 0.885541 0.978026 0.921245 0.916030 0.849245 0.814313 0.823765 0.865197 0.918944 0.882851 0.845387 0.835704 0.996921 0.765766 0.989603 0.967342 0.886620 0.859064 0.947902 0.735648 0.897737 0.613341 0.726853 0.736356 0.795057 0.904862 0.853385 0.987639 0.866171 0.711681 0.720112 0.765595 0.664330 0.928023 0.929925 0.723006 0.579229 0.899168 0.960476 0.746734 0.783314 0.982106 0.964882 0.690062 0.603219 0.575171 0.613935 0.601966 0.886591 0.768634 0.735380 0.938688 0.866528 0.693723 0.922279 0.743578 0.836377 0.964406 0.966063 0.938546 0.756345 0.858878 0.861128 0.879461 0.978719 0.873013 0.859307 0.951595 0.905378 0.674440 0.642361 0.635760 0.651741 0.875137 0.845950 0.796119 0.749636 0.732678 0.629551 0.683138 0.720625 0.807115 0.823047 0.751405 0.683767 0.786679 0.756447 0.841016 0.991194 0.760761 0.669970 0.906816 0.873741 0.764066 0.953195
0.840356 0.979848 0.386517 0.462738 0.882038 0.656776 0.000000 0.434485 0.675546 0.461966 0.695291 0.781302 0.492819 0.711887 0.568801 0.705501 0.732871 0.765163 0.632108 0.865115 0.897116 0.956479 0.665771 0.880476 0.973981 0.853586 0.862517 0.997528 0.703804 0.623685 0.477213 0.510085 0.400870 0.483272 0.683730 0.978814 0.877567 0.735358 0.766962 0.920907 0.978194 0.984075 0.373147 0.411284 0.373669 0.466700 0.572311 0.424302 0.685391 0.527274 0.329227 0.393513 0.410152 0.414249 0.628138 0.707470 0.928883 0.865201 0.746154 0.864937 0.414710 0.662963 0.654259 0.697389 0.659120 0.793760 0.315835 0.471405 0.924390 0.901387 0.557990 0.558367 0.587213 0.510829 0.782802 0.854665 0.536279 0.543639 0.640831 0.733093 0.702248 0.940412 0.797988 0.763732 0.873501 0.965292 0.786048 0.955113 0.796318 0.898514 0.576272 0.645681 0.717406 0.763368 0.797578 0.757742 0.634919 0.715472 0.476144 0.362959 0.518993 0.550358 0.517299 0.450377 0.626400 0.501261 0.896740 0.842014 0.777372 0.884497 0.676198 0.559286 0.551374 0.707035 0.625328 0.949607
0.632089 0.635736 0.605670 0.462345 0.984798 0.742503 0.434485 0.000000 0.879078 0.398813 0.595152 0.461671 0.487056 0.456571 0.645431 0.673333 0.596802 0.675900 0.669732 0.657465 0.898827 0.977162 0.744337 0.852630 0.918484 0.901356 0.787375 0.828771 0.607456 0.623444 0.627304 0.598695 0.507692 0.481923 0.769208 0.934188 0.837635 0.804959 0.754692 0.931646 0.915397 0.965929 0.393834 0.385705 0.363582 0.359294 0.467422 0.412559 0.391042 0.351631 0.396026 0.446192 0.604552 0.695435 0.617241 0.713649 0.739186 0.829709 0.482847 0.807445 0.360737 0.353816 0.496858 0.481966 0.725437 0.713445 0.481690 0.529576 0.952968 0.715240 0.641791 0.705273 0.690441 0.674094 0.726252 0.899152 0.524159 0.656723 0.776891 0.751891 0.559360 0.717530 0.708697 0.693205 0.669912 0.815188 0.952184 0.820616 0.823269 0.673673 0.799234 0.947985 0.865600 0.946113 0.743424 0.830376 0.663137 0.805885 0.455073 0.405668 0.653426 0.826531 0.470780 0.643117 0.675549 0.657121 0.855392 0.952522 0.717742 0.854492 0.646837 0.485058 0.561078 0.794488 0.701421 0.853031
0.749254 0.657988 0.703713 0.735823 0.832568 0.637246 0.675546 0.879078 0.000000 0.821253 0.900215 0.834374 0.928602 0.883718 0.816975 0.910581 0.849549 0.777971 0.860185 0.754491 0.912653 0.945190 0.960526 0.957725 0.957847 0.783710 0.993224 0.898517 0.833922 0.919514 0.809413 0.865279 0.894935 0.957567 0.732857 0.920580 0.961335 0.796303 0.896336 0.898453 0.935601 0.957967 0.746902 0.862312 0.811392 0.927176 0.962487 0.826447 0.915245 0.870173 0.677168 0.580579 0.590683 0.566992 0.979333 0.899497 0.647782 0.544566 0.898559 0.809675 0.906312 0.858596 0.820944 0.828180 0.679102 0.717449 0.663237 0.826504 0.737958 0.799232 0.811554 0.676273 0.796453 0.640184 0.852616 0.922068 0.661458 0.783089 0.973524 0.980131 0.857185 0.712588 0.737112 0.704477 0.829980 0.894157 0.687505 0.763318 0.788107 0.879264 0.512178 0.470981 0.470493 0.531385 0.792979 0.917940 0.813651 0.762409 0.669510 0.629747 0.621319 0.651438 0.734820 0.715283 0.772657 0.778611 0.836761 0.709260 0.869405 0.896787 0.839480 0.739328 0.778930 0.849358 0.824534 0.892180
0.596968 0.685790 0.768235 0.656427 0.902135 0.829799 0.461966 0.398813 0.821253 0.000000 0.425103 0.460220 0.516900 0.580264 0.581915 0.684950 0.436265 0.496800 0.574365 0.629632 0.730657 0.953241 0.719859 0.902837 0.929495 0.958745 0.782357 0.985279 0.470596 0.449289 0.511589 0.579227 0.480709 0.468018 0.974952 0.951240 0.710437 0.726956 0.935199 0.967984 0.901556 0.880618 0.481335 0.487979 0.485525 0.461697 0.533862 0.456665 0.459560 0.544357 0.481467 0.557925 0.634486 0.755345 0.742185 0.753588 0.731771 0.862401 0.531209 0.970494 0.485866 0.543165 0.458643 0.391166 0.994119 0.991975 0.636381 0.714516 0.896052 0.812429 0.543732 0.519637 0.553168 0.541892 0.836126 0.904115 0.603508 0.576721 0.645285 0.575991 0.441533 0.595530 0.681295 0.667683 0.728647 0.908926 0.916125 0.931958 0.907143 0.693713 0.826849 0.972429 0.921940 0.908208 0.915823 0.847932 0.607908 0.964641 0.520184 0.459776 0.690163 0.879721 0.486187 0.518506 0.733116 0.704087 0.895242 0.925997 0.677578 0.932357 0.772599 0.606143 0.703657 0.863788 0.756116 0.753674
0.399332 0.539431 0.972296 0.796563 0.940089 0.939011 0.695291 0.595152 0.900215 0.425103 0.000000 0.354414 0.433268 0.499342 0.575142 0.652490 0.353183 0.338715 0.385182 0.471577 0.820363 0.957692 0.700501 0.841214 0.940897 0.733059 0.986303 0.964110 0.421397 0.393495 0.790815 0.798310 0.539693 0.612029 0.835192 0.969177 0.789555 0.871214 0.951427 0.869220 0.777412 0.872803 0.752368 0.715865 0.808232 0.712818 0.637776 0.663014 0.586766 0.720647 0.794687 0.877236 0.956561 0.956544 0.753666 0.857033 0.558335 0.659958 0.460118 0.857598 0.581341 0.738930 0.356969 0.340293 0.810250 0.794816 0.844129 0.986284 0.711681 0.773110 0.687362 0.640944 0.588350 0.703128 0.948232 0.948519 0.721599 0.743419 0.600076 0.561341 0.421892 0.418176 0.515463 0.560589 0.651181 0.784244 0.933573 0.720044 0.917182 0.648508 0.953682 0.771056 0.769504 0.652339 0.912591 0.866570 0.718001 0.875483 0.750523 0.734311 0.971362 0.920550 0.738834 0.675662 0.945355 0.851247 0.828718 0.809365 0.801258 0.877151 0.950459 0.797403 0.835211 0.992407 0.906154 0.795038
0.392062 0.451102 0.995689 0.728706 0.949959 0.975714 0.781302 0.461671 0.834374 0.460220 0.354414 0.000000 0.468647 0.336937 0.596285 0.622600 0.375312 0.392656 0.502487 0.463527 0.890521 0.918904 0.730552 0.741412 0.944718 0.706250 0.942281 0.885261 0.467493 0.449609 0.781285 0.787976 0.616346 0.528389 0.852600 0.852493 0.782593 0.908667 0.919576 0.764368 0.940851 0.978378 0.682334 0.630866 0.704776 0.589921 0.598253 0.595716 0.421680 0.590468 0.760579 0.847606 0.965229 0.878722 0.753411 0.834847 0.552592 0.575246 0.473905 0.685054 0.524289 0.491125 0.320268 0.284936 0.876465 0.963353 0.877565 0.918207 0.798528 0.747352 0.699581 0.712114 0.770494 0.839805 0.908161 0.977030 0.675601 0.801801 0.703634 0.622817 0.433956 0.424705 0.567773 0.605019 0.540058 0.580483 0.929925 0.624778 0.880136 0.556933 0.868779 0.620540 0.690524 0.544342 0.934298 0.821805 0.857661 0.871699 0.714301 0.742226 0.974608 0.844482 0.738675 0.816105 0.965403 0.938385 0.637028 0.824313 0.795380 0.902406 0.998213 0.811393 0.817836 0.900777 0.908705 0.754875
0.563527 0.691579 0.690947 0.653681 0.902059 0.891601 0.492819 0.487056 0.928602 0.516900 0.433268 0.468647 0.000000 0.401237 0.367146 0.454220 0.545130 0.557267 0.473687 0.690278 0.962153 0.995860 0.553757 0.752749 0.943530 0.847442 0.962517 0.995191 0.545028 0.432735 0.571110 0.597894 0.456152 0.527428 0.888772 0.946375 0.899650 0.978016 0.846709 0.982240 0.999567 0.988610 0.496161 0.471381 0.603802 0.549912 0.476122 0.514261 0.594701 0.553755 0.583093 0.620248 0.721761 0.797043 0.657490 0.877461 0.652937 0.797598 0.477313 0.792511 0.416259 0.672331 0.368412 0.404743 0.852778 0.984049 0.548645 0.726305 0.970837 0.908177 0.597030 0.693967 0.698513 0.710249 0.889944 0.832179 0.612625 0.579507 0.616822 0.653605 0.599329 0.660200 0.530632 0.739808 0.667608 0.748228 0.901579 0.747961 0.711109 0.733246 0.895718 0.924763 0.930745 0.769362 0.958869 0.802631 0.708800 0.925101 0.587491 0.546159 0.721259 0.893640 0.544315 0.624923 0.662491 0.668957 0.865170 0.929483 0.786275 0.764673 0.855522 0.689392 0.658424 0.816473 0.634080 0.858534
0.523511 0.578774 0.873466 0.703103 0.871858 0.954897 0.711887 0.456571 0.883718 0.580264 0.499342 0.336937 0.401237 0.000000 0.478149 0.455426 0.555419 0.584771 0.497048 0.556675 0.925603 0.991800 0.534507 0.534996 0.968500 0.726685 0.984254 0.961728 0.506568 0.474107 0.681498 0.645619 0.570730 0.519106 0.994870 0.882304 0.832435 0.977301 0.924781 0.754747 0.920811 0.970813 0.622385 0.589263 0.645810 0.560063 0.570941 0.613299 0.492448 0.552298 0.669698 0.784189 0.918547 0.959219 0.688134 0.885467 0.658451 0.711034 0.580997 0.776548 0.532107 0.497487 0.377508 0.406106 0.984894 0.834546 0.742696 0.835824 0.861410 0.767318 0.659332 0.823845 0.789949 0.817350 0.767037 0.871486 0.751052 0.816665 0.797530 0.727375 0.564089 0.546010 0.576792 0.672798 0.458553 0.468054 0.952972 0.554658 0.855201 0.569102 0.876033 0.658722 0.694266 0.551048 0.996906 0.890382 0.957468 0.865300 0.787091 0.703074 0.932481 0.925041 0.779272 0.809269 0.876426 0.847431 0.777068 0.824616 0.796039 0.866682 0.908193 0.770433 0.803540 0.997763 0.918297 0.824418
0.697991 0.884947 0.694398 0.619517 0.767278 0.856281 0.568801 0.645431 0.816975 0.581915 0.575142 0.596285 0.367146 0.478149 0.000000 0.344459 0.651758 0.671603 0.525565 0.721273 0.870473 0.916040 0.363580 0.565763 0.952987 0.904569 0.852001 0.966224 0.621943 0.480626 0.434842 0.570461 0.469669 0.510351 0.932210 0.928774 0.861529 0.953127 0.928853 0.962211 0.937628 0.893077 0.642316 0.625334 0.717617 0.631247 0.698413 0.624971 0.756487 0.637622 0.724957 0.707697 0.773557 0.887058 0.840052 0.927516 0.793532 0.922684 0.719017 0.957477 0.664813 0.744328 0.457118 0.554381 0.814943 0.982533 0.600817 0.855147 0.931238 0.929344 0.541756 0.697285 0.656369 0.681420 0.833906 0.868039 0.621814 0.640140 0.792881 0.658400 0.669201 0.736155 0.656404 0.818090 0.584985 0.604613 0.820013 0.717686 0.761899 0.743641 0.972099 0.978897 0.943473 0.827150 0.905724 0.835831 0.816236 0.904299 0.796695 0.705875 0.738528 0.871874 0.732820 0.568614 0.776702 0.698263 0.982623 0.949298 0.799187 0.849807 0.911756 0.838763 0.814719 0.819035 0.668442 0.846961
0.834167 0.935322 0.795442 0.719814 0.758194 0.769042 0.705501 0.673333 0.910581 0.684950 0.652490 0.622600 0.454220 0.455426 0.344459 0.000000 0.763889 0.813090 0.680128 0.899954 0.932527 0.963787 0.492386 0.525041 0.929728 0.819800 0.989035 0.962648 0.693319 0.554115 0.576570 0.665782 0.580641 0.653378 0.944523 0.953236 0.858248 0.906261 0.923281 0.951408 0.908269 0.988835 0.610998 0.599336 0.758107 0.675635 0.735996 0.668615 0.774101 0.758235 0.799348 0.849104 0.955954 0.985139 0.889708 0.866188 0.897017 0.971679 0.706257 0.864784 0.649774 0.708258 0.516258 0.572396 0.823894 0.853269 0.638262 0.747993 0.923001 0.969850 0.626718 0.739576 0.894101 0.810003 0.797647 0.907992 0.818129 0.637201 0.815381 0.814393 0.786201 0.832494 0.780091 0.902313 0.656826 0.549753 0.827527 0.723799 0.824668 0.730459 0.907144 0.860465 0.862198 0.764918 0.902005 0.830456 0.878290 0.904335 0.894533 0.798253 0.827359 0.947392 0.806248 0.729819 0.796266 0.742945 0.940241 0.902969 0.801671 0.842945 0.901653 0.874308 0.834633 0.843877 0.789110 0.926496
0.349269 0.360353 0.991773 0.827790 0.860865 0.859698 0.732871 0.596802 0.849549 0.436265 0.353183 0.375312 0.545130 0.555419 0.651758 0.763889 0.000000 0.222764 0.380937 0.380696 0.726776 0.846962 0.755106 0.935256 0.980618 0.701922 0.913846 0.962834 0.344002 0.288931 0.679223 0.667645 0.505118 0.456115 0.932411 0.967076 0.757983 0.852704 0.868862 0.764393 0.688394 0.857637 0.738710 0.636755 0.699592 0.571712 0.572151 0.559255 0.467206 0.684543 0.794768 0.957248 0.960480 0.868179 0.690312 0.811014 0.339110 0.428628 0.600698 0.866880 0.658957 0.769492 0.340013 0.282840 0.683997 0.674386 0.923860 0.971328 0.680559 0.665569 0.746129 0.662731 0.647301 0.821140 0.945373 0.960199 0.710607 0.697630 0.515255 0.439249 0.266476 0.334493 0.506681 0.419624 0.605216 0.773820 0.951793 0.714071 0.981446 0.707363 0.724924 0.612511 0.643374 0.532431 0.879927 0.844348 0.832484 0.819832 0.785783 0.785569 0.934983 0.823289 0.737407 0.694107 0.991431 0.948904 0.706973 0.730386 0.830960 0.912500 0.974197 0.864049 0.731692 0.968716 0.920627 0.812842
0.307840 0.371393 0.980680 0.854478 0.890989 0.786662 0.765163 0.675900 0.777971 0.496800 0.338715 0.392656 0.557267 0.584771 0.671603 0.813090 0.222764 0.000000 0.347176 0.365957 0.705826 0.844720 0.742512 0.898212 0.932311 0.703623 0.964179 0.963101 0.322311 0.307010 0.708609 0.729101 0.528784 0.503732 0.859074 0.968684 0.758747 0.872581 0.874664 0.794952 0.660599 0.854509 0.824634 0.691254 0.788516 0.655038 0.679121 0.605606 0.539201 0.735362 0.849516 0.975187 0.954954 0.882063 0.721672 0.789698 0.334094 0.427014 0.630996 0.891350 0.701853 0.872952 0.349130 0.314038 0.656045 0.617303 0.985479 0.921064 0.606556 0.693337 0.734945 0.679582 0.643577 0.791925 0.992696 0.979135 0.723701 0.710294 0.495445 0.415432 0.283065 0.294954 0.464853 0.433496 0.596920 0.802736 0.957060 0.680883 0.991816 0.732971 0.750652 0.616711 0.600334 0.532949 0.846382 0.850074 0.861826 0.841110 0.812379 0.826021 0.880731 0.821392 0.781923 0.746616 0.992583 0.982780 0.744191 0.769175 0.892274 0.967841 0.937390 0.947515 0.745045 0.987403 0.968540 0.862309
0.396246 0.485830 0.878539 0.776664 0.980353 0.849734 0.632108 0.669732 0.860185 0.574365 0.385182 0.502487 0.473687 0.497048 0.525565 0.680128 0.380937 0.347176 0.000000 0.374747 0.736303 0.920903 0.524922 0.729488 0.834304 0.709402 0.907474 0.901550 0.404384 0.363337 0.600955 0.583969 0.452890 0.497719 0.940558 0.974715 0.781714 0.857687 0.812429 0.877312 0.748152 0.952265 0.784193 0.692192 0.757986 0.682375 0.613563 0.620683 0.604900 0.710674 0.782300 0.912983 0.920161 0.948927 0.627520 0.768196 0.410476 0.564813 0.720210 0.941749 0.733944 0.859925 0.415183 0.441764 0.785376 0.680293 0.880567 0.958147 0.582236 0.666239 0.619257 0.793307 0.601576 0.696689 0.929123 0.908194 0.663302 0.723534 0.544873 0.420657 0.377703 0.391333 0.449397 0.468836 0.494194 0.688405 0.939980 0.594381 0.898734 0.638771 0.834012 0.708636 0.660015 0.624412 0.795804 0.805353 0.866536 0.876586 0.849839 0.816200 0.966328 0.918126 0.770599 0.698321 0.972441 0.851748 0.897497 0.701355 0.877793 0.916982 0.968226 0.891897 0.734706 0.879605 0.998495 0.788015
0.356280 0.372343 0.994089 0.729625 0.939642 0.806841 0.865115 0.657465 0.754491 0.629632 0.471577 0.463527 0.690278 0.556675 0.721273 0.899954 0.380696 0.365957 0.374747 0.000000 0.764640 0.938768 0.636860 0.780129 0.783655 0.858455 0.920746 0.960244 0.420040 0.468748 0.757312 0.735046 0.620635 0.588533 0.892976 0.909424 0.826913 0.777296 0.882320 0.788558 0.691245 0.800872 0.980748 0.860145 0.843382 0.724215 0.730436 0.729640 0.536334 0.643352 0.899085 0.990663 0.954535 0.787112 0.685255 0.836575 0.392487 0.428468 0.732254 0.947295 0.872918 0.749671 0.537252 0.515512 0.713022 0.733999 0.891932 0.838606 0.465748 0.543915 0.815278 0.985711 0.685180 0.839288 0.926715 0.947323 0.742732 0.944073 0.668722 0.529726 0.365501 0.299571 0.416804 0.411047 0.457288 0.625762 0.955106 0.583001 0.987991 0.627110 0.695126 0.561047 0.639993 0.530678 0.848052 0.957954 0.944963 0.843152 0.998920 0.989530 0.801165 0.755904 0.951899 0.931748 0.944765 0.937844 0.806169 0.689702 0.979346 0.970917 0.960891 0.956561 0.885693 0.995769 0.881688 0.783487
0.659866 0.734069 0.907474 0.947264 0.991457 0.908644 0.897116 0.898827 0.912653 0.730657 0.820363 0.890521 0.962153 0.925603 0.870473 0.932527 0.726776 0.705826 0.736303 0.764640 0.000000 0.973812 0.897575 0.973135 0.999655 0.979923 0.943265 0.888182 0.758826 0.815337 0.693783 0.774773 0.791035 0.799960 0.915817 0.969937 0.784098 0.976098 0.747638 0.832061 0.840017 0.860466 0.856155 0.778781 0.894849 0.805500 0.787428 0.777551 0.744989 0.953154 0.891597 0.931158 0.987170 0.933673 0.823063 0.873806 0.718096 0.794338 0.906674 0.991170 0.952635 0.983527 0.781875 0.794309 0.939911 0.814227 0.918758 0.967512 0.771297 0.842768 0.878411 0.860232 0.879917 0.848285 0.781063 0.950008 0.985869 0.855261 0.872075 0.670934 0.703701 0.737252 0.784982 0.817182 0.786420 0.973150 0.905245 0.997626 0.981226 0.816470 0.897779 0.912783 0.908118 0.857580 0.998815 0.919158 0.960247 0.988588 0.872184 0.929704 0.942769 0.989175 0.811149 0.820451 0.927788 0.867700 0.938472 0.913831 0.932605 0.764277 0.950661 0.980332 0.897662 0.961084 0.979844 0.929007
0.935449 0.895502 0.986316 0.993048 0.858893 0.885541 0.956479 0.977162 0.945190 0.953241 0.957692 0.918904 0.995860 0.991800 0.916040 0.963787 0.846962 0.844720 0.920903 0.938768 0.973812 0.000000 0.943079 0.923299 0.956263 0.999297 0.985892 0.924989 0.967124 0.848116 0.945165 0.978163 0.954758 0.832998 0.893974 0.791270 0.905848 0.709288 0.947247 0.983949 0.985371 0.909671 0.976327 0.945308 0.903608 0.933043 0.926649 0.875412 0.864613 0.933296 0.898605 0.957759 0.925538 0.945105 0.912647 0.916204 0.950697 0.937567 0.857466 0.941431 0.972912 0.945030 0.966647 0.916231 0.903811 0.983055 0.985413 0.983122 0.996219 0.920988 0.960903 0.907663 0.968962 0.949254 0.858951 0.986909 0.952293 0.991719 0.986427 0.942010 0.877833 0.904694 0.999151 0.906294 0.914243 0.912572 0.945892 0.956319 0.972162 0.907014 0.935345 0.923559 0.907185 0.950454 0.906969 0.878452 0.905685 0.892701 0.967639 0.929702 0.988602 0.833857 0.946966 0.869639 0.877687 0.987996 0.976479 0.865225 0.924662 0.948086 0.966759 0.964373 0.926251 0.915899 0.913635 0.898389
0.702107 0.836236 0.597781 0.576127 0.716698 0.978026 0.665771 0.744337 0.960526 0.719859 0.700501 0.730552 0.553757 0.534507 0.363580 0.492386 0.755106 0.742512 0.524922 0.636860 0.897575 0.943079 0.000000 0.397614 0.776874 0.987738 0.725317 0.805929 0.622233 0.572433 0.451023 0.576240 0.516279 0.617116 0.957554 0.913605 0.814405 0.971257 0.946522 0.953352 0.925735 0.812395 0.903374 0.841220 0.864934 0.781411 0.777801 0.804602 0.804866 0.661079 0.784385 0.818002 0.861863 0.984452 0.916876 0.861916 0.780780 0.875826 0.901732 0.901423 0.905776 0.864429 0.675434 0.750815 0.859604 0.937382 0.812945 0.934610 0.706562 0.790383 0.661631 0.972627 0.672245 0.669437 0.817215 0.915980 0.805512 0.765835 0.896146 0.729244 0.737875 0.684609 0.621204 0.814669 0.440819 0.456771 0.757385 0.583683 0.764338 0.795466 0.926318 0.902009 0.890269 0.782316 0.948672 0.963651 0.876891 0.769179 0.968799 0.934262 0.997301 0.996920 0.930393 0.708117 0.839762 0.763690 0.967402 0.856985 0.892507 0.955247 0.929507 0.986381 0.903157 0.906394 0.900969 0.860439
0.818000 0.936607 0.784681 0.697832 0.637001 0.921245 0.880476 0.852630 0.957725 0.902837 0.841214 0.741412 0.752749 0.534996 0.565763 0.525041 0.935256 0.898212 0.729488 0.780129 0.973135 0.923299 0.397614 0.000000 0.883502 0.962439 0.876056 0.851576 0.790697 0.743532 0.713471 0.755879 0.783332 0.808001 0.992537 0.812485 0.898003 0.964262 0.994801 0.823447 0.869439 0.838035 0.948278 0.918872 0.942693 0.849136 0.939534 0.936303 0.837165 0.744131 0.907429 0.953753 0.992647 0.921732 0.928507 0.903838 0.961825 0.957317 0.996234 0.954033 0.951276 0.812263 0.773902 0.840351 0.889310 0.895288 0.940670 0.913369 0.880230 0.890769 0.808042 0.964646 0.974626 0.905021 0.909728 0.907449 0.991889 0.998395 0.960138 0.921426 0.891978 0.814085 0.768290 0.882729 0.532303 0.420337 0.814280 0.585147 0.881774 0.702426 0.840782 0.796797 0.764526 0.758450 0.926668 0.933639 0.867650 0.757227 0.811279 0.933944 0.921735 0.876267 0.888913 0.949065 0.909640 0.899503 0.998814 0.829246 0.950625 0.916874 0.950369 0.941567 0.954717 0.980639 0.923364 0.947428
0.839050 0.749528 0.856785 0.868320 0.855351 0.916030 0.973981 0.918484 0.957847 0.929495 0.940897 0.944718 0.943530 0.968500 0.952987 0.929728 0.980618 0.932311 0.834304 0.783655 0.999655 0.956263 0.776874 0.883502 0.000000 0.634988 0.746364 0.922856 0.953158 0.977221 0.818093 0.812273 0.951204 0.943038 0.808727 0.963897 0.792541 0.991021 0.796941 0.982183 0.915094 0.871734 0.929113 0.977463 0.930982 0.886417 0.950216 0.950882 0.866775 0.743827 0.950071 0.830019 0.845941 0.993918 0.991219 0.898978 0.766578 0.772214 0.946921 0.980928 0.898865 0.987205 0.955932 0.932711 0.897317 0.920405 0.891024 0.845436 0.872521 0.726846 0.970109 0.742147 0.983758 0.980285 0.995107 0.997741 0.834309 0.959797 0.973359 0.845922 0.847586 0.788461 0.805066 0.832574 0.728206 0.830375 0.808393 0.795279 0.740659 0.984556 0.950145 0.929702 0.989339 0.958387 0.967574 0.980920 0.895300 0.965110 0.931567 0.952361 0.899967 0.900145 0.925623 0.934546 0.951709 0.995558 0.871702 0.922346 0.938876 0.994550 0.896586 0.997552 0.799755 0.815530 0.898952 0.786354
0.767373 0.816002 0.581871 0.742991 0.878834 0.849245 0.853586 0.901356 0.783710 0.958745 0.733059 0.706250 0.847442 0.726685 0.904569 0.819800 0.701922 0.703623 0.709402 0.858455 0.979923 0.999297 0.987738 0.962439 0.634988 0.000000 0.935238 0.975758 0.843192 0.722977 0.844827 0.895076 0.970372 0.963493 0.665676 0.952756 0.957053 0.865303 0.883454 0.777157 0.895190 0.955680 0.951053 0.954230 0.800878 0.854807 0.945377 0.910696 0.995229 0.756234 0.822924 0.674233 0.740489 0.730435 0.939830 0.979899 0.780324 0.819857 0.856366 0.941122 0.992790 0.861030 0.685983 0.686954 0.546874 0.725053 0.861456 0.821156 0.900071 0.864723 0.937066 0.806425 0.968584 0.967390 0.948146 0.999831 0.982419 0.985678 0.740546 0.907385 0.848780 0.757620 0.879004 0.938859 0.981289 0.909406 0.752665 0.860179 0.803059 0.853115 0.719248 0.685052 0.611410 0.656044 0.724813 0.862413 0.983736 0.759130 0.987607 0.927081 0.844234 0.770469 0.931789 0.981278 0.698091 0.849756 0.794712 0.841802 0.940618 0.850740 0.753709 0.859496 0.889774 0.845842 0.889898 0.840655
0.912641 0.984137 0.987131 0.946027 0.756773 0.814313 0.862517 0.787375 0.993224 0.782357 0.986303 0.942281 0.962517 0.984254 0.852001 0.989035 0.913846 0.964179 0.907474 0.920746 0.943265 0.985892 0.725317 0.876056 0.746364 0.935238 0.000000 0.911325 0.906255 0.981466 0.914774 0.908549 0.987170 0.861207 0.821007 0.970238 0.879988 0.982482 0.836145 0.933121 0.961252 0.918002 0.680187 0.660762 0.684810 0.736260 0.867036 0.696328 0.775792 0.998442 0.715416 0.804495 0.803100 0.737657 0.723990 0.667072 0.907309 0.933534 0.886422 0.997469 0.744409 0.759635 0.899034 0.847925 0.950544 0.862796 0.771392 0.610204 0.739715 0.825738 0.927865 0.769591 0.943275 0.988837 0.956813 0.985430 0.952615 0.978980 0.834566 0.934287 0.990671 0.879710 0.848278 0.986068 0.774861 0.783453 0.830219 0.818382 0.857432 0.958249 0.972859 0.963436 0.879488 0.997577 0.997443 0.981131 0.927962 0.799089 0.685208 0.740707 0.849147 0.904452 0.861508 0.982138 0.860748 0.941467 0.869016 0.843622 0.848435 0.863420 0.864626 0.823823 0.831653 0.981037 0.905432 0.989876
0.946334 0.871011 0.889189 0.962544 0.861479 0.823765 0.997528 0.828771 0.898517 0.985279 0.964110 0.885261 0.995191 0.961728 0.966224 0.962648 0.962834 0.963101 0.901550 0.960244 0.888182 0.924989 0.805929 0.851576 0.922856 0.975758 0.911325 0.000000 0.892289 0.893477 0.949769 0.850129 0.949972 0.974032 0.933485 0.996546 0.945923 0.940556 0.962943 0.926306 0.901697 0.885334 0.862748 0.869625 0.883447 0.945574 0.981841 0.858822 0.855049 0.891008 0.851731 0.845326 0.909894 0.946884 0.919791 0.979895 0.986340 0.986453 0.848932 0.794333 0.825630 0.843801 0.930188 0.942599 0.999028 0.836068 0.906296 0.880384 0.832871 0.960808 0.921387 0.947630 0.974208 0.908570 0.940378 0.915281 0.884545 0.993849 0.943712 0.911582 0.985443 0.922113 0.809147 0.918161 0.979681 0.957554 0.846960 0.921644 0.813732 0.917574 0.884258 0.968244 0.921817 0.941693 0.860101 0.767630 0.927202 0.777103 0.789478 0.851271 0.759981 0.946112 0.864092 0.921001 0.908779 0.953887 0.970838 0.970943 0.991800 0.975495 0.933686 0.850057 0.851680 0.903823 0.916580 0.925802
0.423994 0.456437 0.882616 0.771451 0.901597 0.865197 0.703804 0.607456 0.833922 0.470596 0.421397 0.467493 0.545028 0.506568 0.621943 0.693319 0.344002 0.322311 0.404384 0.420040 0.758826 0.967124 0.622233 0.790697 0.953158 0.843192 0.906255 0.892289 0.000000 0.295794 0.592631 0.560668 0.439799 0.395606 0.985666 0.929917 0.772646 0.835953 0.954638 0.787190 0.756453 0.824430 0.748035 0.637584 0.681304 0.548264 0.674574 0.577222 0.494077 0.640093 0.723740 0.877879 0.888704 0.962906 0.705833 0.725719 0.468185 0.520982 0.610764 0.946269 0.645145 0.709774 0.387776 0.344049 0.773988 0.764779 0.874476 0.945207 0.658713 0.599979 0.765785 0.760560 0.641936 0.762575 0.901854 0.998882 0.790773 0.660747 0.500109 0.457016 0.310998 0.350861 0.425127 0.423809 0.491035 0.705879 0.890839 0.571892 0.947704 0.730220 0.775127 0.610351 0.659246 0.533477 0.888960 0.881591 0.845473 0.863164 0.846483 0.793744 0.902823 0.915220 0.782671 0.732124 0.847700 0.934670 0.780267 0.760660 0.912830 0.992221 0.983791 0.950948 0.728944 0.940349 0.995698 0.733907
0.447238 0.511015 0.877643 0.803722 0.986192 0.918944 0.623685 0.623444 0.919514 0.449289 0.393495 0.449609 0.432735 0.474107 0.480626 0.554115 0.288931 0.307010 0.363337 0.468748 0.815337 0.848116 0.572433 0.743532 0.977221 0.722977 0.981466 0.893477 0.295794 0.000000 0.519129 0.569022 0.398991 0.381604 0.932743 0.945420 0.752136 0.889303 0.909838 0.800601 0.736752 0.887374 0.665047 0.554287 0.644156 0.538631 0.607492 0.533856 0.524336 0.658477 0.746912 0.899672 0.879843 0.952019 0.713817 0.858469 0.450814 0.549610 0.651330 0.937803 0.623653 0.779812 0.332072 0.289368 0.817308 0.745713 0.812789 0.894133 0.761717 0.656789 0.708022 0.664892 0.665982 0.751608 0.978691 0.961849 0.748071 0.639440 0.470150 0.465958 0.302520 0.386074 0.453366 0.416548 0.547420 0.700643 0.919887 0.633760 0.995206 0.756549 0.730213 0.624555 0.614207 0.517062 0.865737 0.856861 0.843440 0.786689 0.869173 0.793975 0.993498 0.906093 0.787544 0.661707 0.944743 0.901062 0.811556 0.777133 0.805263 0.877075 0.969978 0.871782 0.714159 0.860292 0.876753 0.823170
0.746087 0.828077 0.543605 0.600344 0.854739 0.882851 0.477213 0.627304 0.809413 0.511589 0.790815 0.781285 0.571110 0.681498 0.434842 0.576570 0.679223 0.708609 0.600955 0.757312 0.693783 0.945165 0.451023 0.713471 0.818093 0.844827 0.914774 0.949769 0.592631 0.519129 0.000000 0.411586 0.431326 0.449873 0.807820 0.926588 0.751238 0.810784 0.767651 0.957785 0.938350 0.891332 0.543776 0.501324 0.503114 0.457520 0.635192 0.525965 0.652385 0.566625 0.587176 0.596718 0.611551 0.750007 0.820706 0.917237 0.742903 0.878787 0.908423 0.899971 0.725865 0.780702 0.643396 0.658628 0.815315 0.985183 0.653506 0.725180 0.888884 0.779864 0.575297 0.709831 0.656729 0.608550 0.797149 0.974987 0.651994 0.545487 0.723687 0.604869 0.604837 0.770829 0.725816 0.714181 0.592540 0.743804 0.768980 0.861104 0.752886 0.857895 0.926314 0.969330 0.967622 0.925473 0.817392 0.878347 0.775010 0.997102 0.782636 0.675457 0.702205 0.779803 0.625680 0.562303 0.667588 0.710994 0.981199 0.962305 0.759391 0.981741 0.762143 0.825406 0.625719 0.778889 0.756497 0.931549
0.748052 0.773677 0.586123 0.673002 0.984373 0.845387 0.510085 0.598695 0.865279 0.579227 0.798310 0.787976 0.597894 0.645619 0.570461 0.665782 0.667645 0.729101 0.583969 0.735046 0.774773 0.978163 0.576240 0.755879 0.812273 0.895076 0.908549 0.850129 0.560668 0.569022 0.411586 0.000000 0.413214 0.456122 0.670329 0.945350 0.827543 0.784470 0.694598 0.951732 0.883676 0.911348 0.525135 0.502160 0.478927 0.470935 0.569605 0.494355 0.579010 0.578531 0.541797 0.635311 0.650373 0.757604 0.715394 0.736481 0.731753 0.890323 0.925264 0.853061 0.716694 0.691730 0.685019 0.657271 0.880504 0.958645 0.667373 0.708200 0.966863 0.664144 0.563386 0.778051 0.685316 0.709402 0.703192 0.986228 0.666866 0.591713 0.766625 0.610826 0.590106 0.755779 0.679649 0.724759 0.596887 0.725062 0.608675 0.790501 0.878432 0.808850 0.961147 0.954968 0.985030 0.900580 0.989426 0.860729 0.782870 0.955867 0.782565 0.618093 0.837540 0.855804 0.627254 0.640579 0.667323 0.809334 0.979388 0.983885 0.781393 0.992611 0.792751 0.677857 0.659682 0.722894 0.795957 0.838249
0.606912 0.705905 0.555760 0.566073 0.902977 0.835704 0.400870 0.507692 0.894935 0.480709 0.539693 0.616346 0.456152 0.570730 0.469669 0.580641 0.505118 0.528784 0.452890 0.620635 0.791035 0.954758 0.516279 0.783332 0.951204 0.970372 0.987170 0.949972 0.439799 0.398991 0.431326 0.413214 0.000000 0.403563 0.860965 0.886576 0.700354 0.782784 0.799932 0.906566 0.862576 0.916516 0.540363 0.457063 0.495952 0.460033 0.661621 0.452965 0.612400 0.581885 0.556097 0.660009 0.718159 0.790490 0.685939 0.882139 0.660464 0.807159 0.746173 0.904603 0.586017 0.695730 0.503536 0.491743 0.892675 0.968791 0.572320 0.693096 0.848276 0.642902 0.566336 0.600771 0.589111 0.601426 0.832189 0.987502 0.616241 0.492200 0.621740 0.502314 0.479483 0.639024 0.598685 0.564526 0.617245 0.759686 0.821292 0.704246 0.874006 0.779176 0.979895 0.951673 0.927010 0.826527 0.954562 0.829614 0.708169 0.955432 0.724808 0.623465 0.796230 0.842116 0.639288 0.510351 0.733580 0.645109 0.995473 0.946853 0.763549 0.953666 0.831254 0.659512 0.571382 0.792872 0.781345 0.875521
0.587529 0.611204 0.695236 0.693643 0.966287 0.996921 0.483272 0.481923 0.957567 0.468018 0.612029 0.528389 0.527428 0.519106 0.510351 0.653378 0.456115 0.503732 0.497719 0.588533 0.799960 0.832998 0.617116 0.808001 0.943038 0.963493 0.861207 0.974032 0.395606 0.381604 0.449873 0.456122 0.403563 0.000000 0.835440 0.912510 0.797862 0.746754 0.822709 0.894893 0.890066 0.947709 0.516527 0.430221 0.439948 0.389128 0.583940 0.454884 0.480984 0.535270 0.571548 0.683438 0.684475 0.839905 0.709015 0.755374 0.613023 0.674240 0.724536 0.991091 0.554127 0.607370 0.427665 0.430564 0.997731 0.992007 0.625556 0.643054 0.878754 0.712326 0.623779 0.665264 0.659973 0.696960 0.863538 0.994159 0.608596 0.632236 0.601187 0.554052 0.443108 0.596743 0.570431 0.476139 0.606078 0.774340 0.878027 0.700062 0.979446 0.766253 0.911174 0.801499 0.830539 0.746252 0.970493 0.741850 0.815106 0.975688 0.710880 0.622923 0.831850 0.886726 0.657809 0.619915 0.835020 0.819510 0.857497 0.873377 0.782345 0.916686 0.872585 0.712631 0.632235 0.850155 0.807900 0.807348
0.926791 0.948957 0.596813 0.720135 0.952661 0.765766 0.683730 0.769208 0.732857 0.974952 0.835192 0.852600 0.888772 0.994870 0.932210 0.944523 0.932411 0.859074 0.940558 0.892976 0.915817 0.893974 0.957554 0.992537 0.808727 0.665676 0.821007 0.933485 0.985666 0.932743 0.807820 0.670329 0.860965 0.835440 0.000000 0.924759 0.871299 0.923177 0.849363 0.908833 0.958386 0.945984 0.666618 0.729203 0.651519 0.746317 0.784450 0.732726 0.925863 0.766412 0.648189 0.646774 0.668043 0.666175 0.776871 0.737924 0.956586 0.890670 0.973961 0.965817 0.731269 0.808252 0.938843 0.871284 0.653485 0.716208 0.640351 0.618697 0.873454 0.951737 0.991254 0.985371 0.992068 0.941099 0.795833 0.841864 0.829754 0.815483 0.983284 0.998934 0.941419 0.782236 0.945519 0.995272 0.958288 0.982514 0.718240 0.902874 0.864789 0.913136 0.785754 0.809479 0.815696 0.781010 0.818152 0.984163 0.907539 0.722891 0.824844 0.678110 0.756668 0.765259 0.771922 0.887492 0.542697 0.797859 0.930773 0.967977 0.952559 0.985339 0.865073 0.790971 0.718875 0.827083 0.752897 0.959943
0.850247 0.974419 0.937652 0.851790 0.981898 0.989603 0.978814 0.934188 0.920580 0.951240 0.969177 0.852493 0.946375 0.882304 0.928774 0.953236 0.967076 0.968684 0.974715 0.909424 0.969937 0.791270 0.913605 0.812485 0.963897 0.952756 0.970238 0.996546 0.929917 0.945420 0.926588 0.945350 0.886576 0.912510 0.924759 0.000000 0.897292 0.922027 0.981043 0.944202 0.990918 0.964418 0.993951 0.953724 0.968383 0.996533 0.983169 0.967644 0.983618 0.881957 0.949862 0.876395 0.887217 0.970987 0.989752 0.865346 0.965254 0.983456 0.846829 0.838732 0.908491 0.938208 0.906257 0.972391 0.911241 0.919850 0.954203 0.930289 0.975446 0.918586 0.916519 0.968201 0.939775 0.918275 0.993305 0.948588 0.885274 0.789914 0.966414 0.927308 0.961727 0.997922 0.980158 0.979195 0.865045 0.864733 0.809949 0.940816 0.808915 0.818073 0.934518 0.982956 0.992718 0.982166 0.874768 0.917586 0.969154 0.994149 0.943132 0.952580 0.949132 0.986457 0.971070 0.951341 0.922583 0.990377 0.951451 0.913097 0.820908 0.779624 0.960136 0.917554 0.920584 0.793092 0.991491 0.956931
0.773497 0.792440 0.956099 0.928971 0.879012 0.967342 0.877567 0.837635 0.961335 0.710437 0.789555 0.782593 0.899650 0.832435 0.861529 0.858248 0.757983 0.758747 0.781714 0.826913 0.784098 0.905848 0.814405 0.898003 0.792541 0.957053 0.879988 0.945923 0.772646 0.752136 0.751238 0.827543 0.700354 0.797862 0.871299 0.897292 0.000000 0.794821 0.930438 0.793985 0.850545 0.850883 0.926262 0.879236 0.874907 0.870162 0.956135 0.975457 0.860467 0.939359 0.888334 0.967646 0.948585 0.925976 0.995128 0.936079 0.824483 0.846951 0.918838 0.984870 0.978719 0.869262 0.835331 0.752233 0.973284 0.994373 0.968154 0.898887 0.835806 0.734471 0.745301 0.775848 0.932004 0.873696 0.846246 0.991862 0.845720 0.725976 0.878860 0.704024 0.698764 0.687850 0.810836 0.850415 0.759668 0.769285 0.914684 0.869294 0.950836 0.781488 0.900213 0.886524 0.876258 0.867036 0.985346 0.851665 0.796981 0.833999 0.981419 0.916715 0.958916 0.844188 0.829436 0.828023 0.995857 0.832519 0.944660 0.885909 0.799452 0.944000 0.855976 0.797941 0.887353 0.958472 0.854974 0.844274
0.954355 0.968494 0.897128 0.816913 0.973654 0.886620 0.735358 0.804959 0.796303 0.726956 0.871214 0.908667 0.978016 0.977301 0.953127 0.906261 0.852704 0.872581 0.857687 0.777296 0.976098 0.709288 0.971257 0.964262 0.991021 0.865303 0.982482 0.940556 0.835953 0.889303 0.810784 0.784470 0.782784 0.746754 0.923177 0.922027 0.794821 0.000000 0.980689 0.982678 0.860003 0.891204 0.804658 0.846812 0.691748 0.806762 0.935873 0.834753 0.859520 0.820164 0.695943 0.763346 0.690637 0.719288 0.851932 0.819217 0.954867 0.874310 0.921399 0.710941 0.924704 0.754599 0.961390 0.943670 0.876911 0.829311 0.846045 0.865687 0.909708 0.925726 0.740163 0.651216 0.586268 0.593603 0.926383 0.923159 0.670461 0.837761 0.929456 0.821804 0.778532 0.926162 0.986673 0.817837 0.899987 0.997182 0.820198 0.967871 0.953126 0.845084 0.778233 0.863088 0.878307 0.814160 0.996517 0.771248 0.827265 0.888671 0.879059 0.754100 0.846264 0.853820 0.797339 0.885356 0.945347 0.971557 0.954645 0.929300 0.832603 0.952416 0.868469 0.697981 0.915476 0.918586 0.973420 0.921799
