0.000000 0.333206 0.770142 0.892331 0.923465 0.846091 0.950801 0.641279 0.913641 0.727307 0.628925 0.375925 0.618923 0.600336 0.868356 0.822169 0.577510 0.496685 0.649547 0.542915 0.887867 0.986615 0.906462 0.877070 0.747687 0.711444 0.822461 0.954591 0.648222 0.633317 0.903702 0.756634 0.775089 0.730152 0.881006 0.951057 0.773569 0.903730 0.975439 0.993042 0.878073 0.924825 0.796914 0.724661 0.750474 0.659300 0.752653 0.782821 0.522552 0.481405 0.491903 0.539860 0.778690 0.796954 0.812533 0.835977 0.394509 0.352440 0.510926 0.385016 0.693049 0.612346 0.472937 0.385786 0.781020 0.920292 0.958880 0.845728 0.536247 0.599465 0.803017 0.721347 0.844661 0.902918 0.805595 0.999486 0.949507 0.908937 0.802266 0.764344 0.430191 0.481446 0.950615 0.902638 0.637691 0.607809 0.777256 0.999633 0.682521 0.545433 0.708467 0.770030 0.766393 0.921740 0.840643 0.960288 0.871395 0.878420 0.574977 0.687638 0.913766 0.785558 0.623958 0.825843 0.863668 0.992080 0.961355 0.954007 0.965666 0.867136 0.932813 0.725678 0.711963 0.876695 0.970479 0.974363
0.333206 0.000000 0.823291 0.890033 0.827557 0.949905 0.976844 0.688713 0.813383 0.782533 0.641996 0.472490 0.659973 0.695832 0.939413 0.965069 0.509844 0.480209 0.739889 0.574241 0.978183 0.938346 0.973939 0.973953 0.780825 0.701154 0.838570 0.996399 0.600005 0.619811 0.837686 0.779565 0.831392 0.666838 0.893043 0.964159 0.961137 0.884260 0.956906 0.979272 0.857443 0.866314 0.724137 0.668211 0.724156 0.608178 0.698195 0.813656 0.522827 0.459289 0.527960 0.520637 0.777990 0.810463 0.808897 0.788599 0.340551 0.351366 0.505352 0.413591 0.755428 0.725329 0.540728 0.445653 0.735503 0.866330 0.956057 0.814184 0.544907 0.533308 0.872965 0.723870 0.875676 0.949886 0.811378 0.974545 0.886319 0.924726 0.718513 0.691960 0.437577 0.573658 0.951045 0.937785 0.849444 0.770471 0.828785 0.915634 0.807267 0.642839 0.800108 0.817506 0.842064 0.938182 0.903480 0.969765 0.814728 0.788953 0.656799 0.674259 0.944644 0.844925 0.681759 0.767348 0.950414 0.950455 0.938509 0.964954 0.980240 0.835922 0.961779 0.763661 0.702718 0.839077 0.936283 0.929608
0.770142 0.823291 0.000000 0.580385 0.958358 0.930449 0.539435 0.770248 0.670347 0.947697 0.822607 0.789731 0.938667 0.934137 0.862847 0.870166 0.994614 0.945856 0.975911 0.923429 0.848547 0.884511 0.776554 0.824039 0.461149 0.471852 0.928814 0.872083 0.916500 0.958045 0.613832 0.804655 0.914241 0.841417 0.679373 0.890012 0.975165 0.981901 0.713182 0.958207 0.836106 0.901910 0.887927 0.898697 0.839414 0.805425 0.903076 0.962948 0.658293 0.719314 0.794780 0.789878 0.969226 0.923465 0.995350 0.972822 0.924711 0.871006 0.997069 0.866879 0.787589 0.944942 0.988713 0.846655 0.509097 0.522032 0.590204 0.723651 0.856675 0.995586 0.843908 0.864307 0.748720 0.712659 0.869031 0.907408 0.662504 0.908272 0.923509 0.861564 0.787700 0.866389 0.990222 0.599467 0.954499 0.997165 0.851772 0.829977 0.703493 0.761014 0.858823 0.959306 0.829547 0.778043 0.939870 0.901110 0.835526 0.942928 0.979865 0.825893 0.847475 0.817663 0.958754 0.927217 0.787082 0.857511 0.758048 0.832805 0.937342 0.881466 0.938754 0.938858 0.925042 0.871754 0.789520 0.865404
0.892331 0.890033 0.580385 0.000000 0.826498 0.635953 0.544529 0.498282 0.591084 0.669841 0.996816 0.883049 0.765302 0.725353 0.613102 0.540506 0.817986 0.842346 0.713273 0.855996 0.783570 0.977447 0.493817 0.613947 0.727629 0.680227 0.901068 0.866216 0.772826 0.767245 0.458757 0.671341 0.593242 0.704889 0.735177 0.843026 0.937189 0.921424 0.948674 0.805665 0.986578 0.950329 0.714694 0.696945 0.812444 0.902385 0.952048 0.889084 0.978345 0.903063 0.764016 0.722125 0.652504 0.531851 0.870403 0.921636 0.843598 0.775365 0.817688 0.752293 0.574567 0.712965 0.743857 0.771344 0.741750 0.530304 0.511004 0.579261 0.949870 0.765109 0.534221 0.544673 0.599392 0.643633 0.892872 0.856478 0.541580 0.629505 0.815952 0.862628 0.969875 0.961197 0.960434 0.633450 0.882344 0.762467 0.836298 0.781018 0.904302 0.941433 0.454153 0.569141 0.455128 0.475903 0.838704 0.789446 0.769210 0.934408 0.561372 0.499891 0.718310 0.599133 0.720746 0.813596 0.665568 0.812750 0.853217 0.854321 0.936691 0.945681 0.840496 0.791108 0.743642 0.944515 0.650526 0.859141
0.923465 0.827557 0.958358 0.826498 0.000000 0.660397 0.760766 0.732848 0.518065 0.681517 0.963266 0.950079 0.717422 0.800556 0.687172 0.712330 0.903336 0.832089 0.696192 0.870720 0.974812 0.944218 0.635244 0.781017 0.876758 0.987291 0.837407 0.833398 0.892178 0.905477 0.895596 0.904687 0.849316 0.976886 0.876405 0.980079 0.915585 0.985646 0.910340 0.855804 0.889880 0.845668 0.887645 0.882778 0.940536 0.968061 0.804733 0.889996 0.915325 0.868749 0.913336 0.959828 0.795437 0.795129 0.971188 0.958651 0.818953 0.976521 0.960215 0.961120 0.737652 0.626896 0.908591 0.899847 0.993287 0.849081 0.868841 0.959582 0.970009 0.970749 0.681950 0.958042 0.935789 0.862161 0.953037 0.981135 0.812899 0.863556 0.782875 0.957905 0.906089 0.990598 0.875927 0.831284 0.749802 0.880832 0.912327 0.863679 0.860086 0.893106 0.632834 0.600840 0.674166 0.731173 0.962205 0.880285 0.830178 0.891188 0.827819 0.817619 0.730331 0.714707 0.959372 0.865010 0.910014 0.904905 0.829102 0.931215 0.928327 0.855672 0.884348 0.850279 0.964776 0.943480 0.898763 0.916740
0.846091 0.949905 0.930449 0.635953 0.660397 0.000000 0.604387 0.565934 0.654624 0.581336 0.940804 0.838886 0.818139 0.829328 0.730023 0.658036 0.780010 0.850861 0.611873 0.800332 0.876297 0.995358 0.588423 0.626438 0.982492 0.937093 0.991240 0.891791 0.750987 0.803005 0.689757 0.847703 0.662840 0.728651 0.782444 0.958782 0.843921 0.903106 0.919539 0.865960 0.977541 0.942600 0.844182 0.792202 0.573408 0.708308 0.914876 0.794545 0.760624 0.705416 0.598544 0.685905 0.622860 0.546454 0.826904 0.745387 0.976864 0.870810 0.747594 0.726297 0.566117 0.682673 0.709427 0.679607 0.971721 0.842536 0.584187 0.691252 0.993610 0.881742 0.774555 0.764313 0.828753 0.891999 0.923547 0.906050 0.718413 0.821032 0.977229 0.730779 0.781382 0.797539 0.972641 0.886146 0.670851 0.663744 0.988415 0.993663 0.944616 0.901133 0.460554 0.593064 0.479264 0.801777 0.868559 0.955437 0.818486 0.894055 0.551052 0.645257 0.716636 0.707081 0.668419 0.850807 0.789763 0.927299 0.924869 0.986586 0.927776 0.962119 0.965005 0.653496 0.742374 0.904986 0.703825 0.867380
0.950801 0.976844 0.539435 0.544529 0.760766 0.604387 0.000000 0.362183 0.558952 0.428843 0.844397 0.889855 0.744380 0.852689 0.674342 0.826526 0.727916 0.788620 0.513129 0.769663 0.970608 0.940538 0.755960 0.971890 0.927726 0.747504 0.841187 0.954151 0.530671 0.694175 0.527565 0.624248 0.636672 0.565103 0.759985 0.973627 0.856449 0.945494 0.916759 0.884351 0.831392 0.880689 0.638546 0.646729 0.741257 0.746836 0.711187 0.734083 0.939605 0.952026 0.773921 0.967057 0.865436 0.805802 0.890188 0.872797 0.937082 0.972534 0.681746 0.786834 0.331768 0.593501 0.529441 0.694056 0.891276 0.578044 0.573959 0.582687 0.949697 0.937230 0.715595 0.821211 0.704688 0.761637 0.943098 0.955739 0.572771 0.862435 0.768203 0.892742 0.810461 0.787004 0.960877 0.728607 0.819194 0.940387 0.899431 0.831885 0.835275 0.873488 0.524155 0.699610 0.549985 0.817281 0.872883 0.870736 0.772027 0.801749 0.591370 0.614291 0.592436 0.719570 0.720058 0.811566 0.634881 0.924679 0.816315 0.935952 0.955418 0.847321 0.832819 0.809659 0.720145 0.881311 0.804116 0.904925
0.641279 0.688713 0.770248 0.498282 0.732848 0.565934 0.362183 0.000000 0.581511 0.335339 0.650650 0.559985 0.487674 0.539058 0.515671 0.671664 0.638839 0.604786 0.395847 0.517284 0.911452 0.995667 0.641708 0.844982 0.890782 0.963566 0.771640 0.918125 0.431024 0.535269 0.481438 0.565463 0.508632 0.528316 0.891721 0.981412 0.786830 0.986829 0.864235 0.874673 0.935551 0.879397 0.687377 0.638714 0.654663 0.645002 0.795364 0.777936 0.728146 0.773186 0.602822 0.742051 0.753957 0.716010 0.866060 0.861403 0.723696 0.651526 0.620728 0.594115 0.297740 0.370774 0.401535 0.446170 0.889389 0.772425 0.699685 0.642554 0.873107 0.755953 0.535503 0.597451 0.636577 0.672751 0.960365 0.925202 0.595042 0.846060 0.775320 0.717708 0.626637 0.641236 0.971225 0.766577 0.696363 0.798399 0.803004 0.839399 0.941926 0.870118 0.419405 0.517831 0.459104 0.655639 0.836233 0.839773 0.691020 0.839912 0.403378 0.471071 0.526248 0.612150 0.596309 0.650831 0.691318 0.914347 0.863083 0.883531 0.995886 0.875070 0.823401 0.693586 0.683564 0.870631 0.816048 0.928784
0.913641 0.813383 0.670347 0.591084 0.518065 0.654624 0.558952 0.581511 0.000000 0.561073 0.919133 0.992472 0.724732 0.788642 0.692680 0.645316 0.911183 0.872977 0.667379 0.919806 0.928756 0.926974 0.591762 0.770775 0.842785 0.813756 0.866702 0.952556 0.868381 0.912457 0.631271 0.895388 0.851617 0.916727 0.858104 0.955884 0.861618 0.984603 0.888703 0.814646 0.822360 0.978371 0.982817 0.944077 0.977380 0.915643 0.829671 0.907900 0.855424 0.778530 0.978278 0.942052 0.844904 0.826606 0.907173 0.955973 0.857417 0.983851 0.977430 0.961379 0.650157 0.591288 0.914712 0.948193 0.870949 0.711996 0.800505 0.948888 0.976244 0.974208 0.591558 0.773846 0.690897 0.678823 0.875755 0.968442 0.750078 0.826414 0.793980 0.894088 0.821845 0.862224 0.986617 0.628077 0.831582 0.986981 0.859325 0.962424 0.936809 0.940923 0.543276 0.570213 0.619927 0.562854 0.985129 0.844766 0.856122 0.907619 0.732208 0.733206 0.735672 0.715343 0.909897 0.860456 0.756558 0.828186 0.912406 0.761594 0.961327 0.912462 0.871025 0.869733 0.884932 0.982745 0.711622 0.926071
0.727307 0.782533 0.947697 0.669841 0.681517 0.581336 0.428843 0.335339 0.561073 0.000000 0.701284 0.619673 0.512627 0.620496 0.595563 0.786283 0.698991 0.644636 0.405757 0.582797 0.982972 0.974487 0.758746 0.985229 0.728386 0.941741 0.748823 0.902326 0.457070 0.567155 0.571826 0.673390 0.573974 0.566575 0.922869 0.975178 0.778517 0.990254 0.809490 0.888629 0.923580 0.991592 0.721896 0.725039 0.586533 0.585532 0.794816 0.767629 0.665138 0.791172 0.614728 0.797151 0.793465 0.799809 0.796092 0.877410 0.844750 0.760058 0.694296 0.674366 0.360932 0.378087 0.473349 0.500433 0.725547 0.929289 0.808630 0.775934 0.909652 0.782550 0.614530 0.674928 0.790319 0.783739 0.931092 0.903155 0.682056 0.923959 0.872477 0.839793 0.658682 0.746613 0.986421 0.830859 0.783409 0.951758 0.874503 0.795403 0.977141 0.972960 0.466835 0.552791 0.519162 0.766516 0.935135 0.857159 0.817277 0.781304 0.466537 0.550605 0.553882 0.707481 0.629019 0.726127 0.794034 0.927460 0.910157 0.904400 0.956584 0.864533 0.855040 0.689640 0.779768 0.903687 0.835949 0.989481
0.628925 0.641996 0.822607 0.996816 0.963266 0.940804 0.844397 0.650650 0.919133 0.701284 0.000000 0.532673 0.566174 0.636778 0.811500 0.971895 0.649072 0.530871 0.584932 0.586471 0.995578 0.921793 0.864285 0.846158 0.653390 0.748620 0.546914 0.971942 0.575225 0.586454 0.969449 0.804682 0.774185 0.611499 0.837486 0.797831 0.945013 0.950772 0.989678 0.809567 0.832632 0.985797 0.838884 0.703680 0.790615 0.671000 0.763440 0.829027 0.733591 0.830745 0.765936 0.919516 0.905394 0.985060 0.967333 0.889185 0.756748 0.751761 0.717687 0.712934 0.609019 0.632017 0.491677 0.567277 0.639043 0.953780 0.944110 0.903272 0.772768 0.914949 0.910917 0.896509 0.947275 0.978511 0.969287 0.860163 0.991462 0.985390 0.809265 0.731891 0.553489 0.553883 0.999214 0.801567 0.942164 0.987343 0.918489 0.978743 0.908415 0.878724 0.867034 0.966984 0.888540 0.897072 0.957205 0.935810 0.825887 0.856629 0.705444 0.918582 0.647418 0.911491 0.736486 0.797179 0.939901 0.850771 0.903741 0.846093 0.852050 0.915109 0.912511 0.885225 0.814257 0.963262 0.972502 0.879326
0.375925 0.472490 0.789731 0.883049 0.950079 0.838886 0.889855 0.559985 0.992472 0.619673 0.532673 0.000000 0.455075 0.411184 0.630621 0.701902 0.652500 0.434335 0.488275 0.426313 0.966411 0.970867 0.821252 0.837065 0.639470 0.704953 0.747863 0.958626 0.530403 0.459624 0.836904 0.667455 0.652344 0.650331 0.926716 0.875607 0.800737 0.890660 0.936282 0.999068 0.856794 0.948091 0.858126 0.765266 0.710413 0.609110 0.867722 0.856504 0.570835 0.615015 0.591172 0.656315 0.863130 0.877732 0.854002 0.946830 0.572196 0.500237 0.692714 0.590606 0.633788 0.481667 0.487495 0.377776 0.685675 0.869735 0.990125 0.906432 0.640424 0.644890 0.729242 0.631498 0.825051 0.744012 0.969762 0.926416 0.915846 0.987317 0.771289 0.660803 0.455288 0.475161 0.866493 0.862486 0.649773 0.646185 0.919494 0.924002 0.674611 0.639752 0.755821 0.780585 0.787642 0.896092 0.931917 0.999857 0.856596 0.983475 0.565190 0.702027 0.820141 0.763738 0.605627 0.663759 0.904005 0.959264 0.931693 0.952246 0.967689 0.922571 0.936730 0.653468 0.822051 0.906177 0.986279 0.991449
0.618923 0.659973 0.938667 0.765302 0.717422 0.818139 0.744380 0.487674 0.724732 0.512627 0.566174 0.455075 0.000000 0.339090 0.426677 0.626261 0.800045 0.647233 0.436144 0.492305 0.987346 0.979355 0.689637 0.847659 0.700831 0.840557 0.817313 0.995135 0.476303 0.430281 0.660331 0.587322 0.601003 0.653745 0.919927 0.878232 0.910281 0.967332 0.889234 0.919365 0.929710 0.969274 0.872320 0.805616 0.761258 0.676244 0.953199 0.952700 0.760037 0.821980 0.732529 0.774445 0.919501 0.845576 0.999953 0.954477 0.797679 0.640337 0.843372 0.747817 0.496185 0.426736 0.513543 0.488774 0.689304 0.960647 0.995449 0.894092 0.842926 0.708899 0.518615 0.556757 0.665011 0.646362 0.980663 0.887947 0.827556 0.853511 0.904820 0.770190 0.680644 0.727370 0.863757 0.889854 0.835248 0.945438 0.887063 0.965538 0.860260 0.789092 0.667667 0.652761 0.708592 0.748801 0.907185 0.944184 0.683995 0.847289 0.560283 0.683487 0.672633 0.700005 0.673539 0.602185 0.914833 0.940544 0.955539 0.943544 0.957876 0.936430 0.891189 0.721105 0.827120 0.813162 0.899617 0.907578
0.600336 0.695832 0.934137 0.725353 0.800556 0.829328 0.852689 0.539058 0.788642 0.620496 0.636778 0.411184 0.339090 0.000000 0.412473 0.486479 0.809881 0.599994 0.510886 0.421563 0.853706 0.933640 0.596376 0.669802 0.736389 0.914682 0.821407 0.952288 0.585043 0.517041 0.661664 0.594198 0.616233 0.717302 0.984204 0.874564 0.812504 0.997981 0.819534 0.953244 0.939365 0.940883 0.991925 0.901840 0.825493 0.762960 0.997617 0.988831 0.788384 0.835211 0.754690 0.766007 0.907176 0.814509 0.984552 0.933965 0.851525 0.607406 0.948061 0.787640 0.607758 0.443896 0.581579 0.498496 0.762657 0.987925 0.939668 0.930662 0.893067 0.765258 0.544097 0.486031 0.632592 0.561809 0.882481 0.922458 0.825607 0.960003 0.840703 0.739117 0.704664 0.697135 0.838534 0.884738 0.737134 0.767136 0.899132 0.997546 0.782248 0.701524 0.666158 0.642232 0.668414 0.661676 0.838464 0.888632 0.830029 0.940552 0.571729 0.686544 0.723072 0.674561 0.714907 0.619585 0.815282 0.924471 0.993332 0.920717 0.980985 0.932023 0.936457 0.767194 0.800431 0.889997 0.880965 0.976205
0.868356 0.939413 0.862847 0.613102 0.687172 0.730023 0.674342 0.515671 0.692680 0.595563 0.811500 0.630621 0.426677 0.412473 0.000000 0.424856 0.908651 0.723387 0.552613 0.631095 0.862953 0.972993 0.430872 0.615450 0.828317 0.948537 0.871979 0.948465 0.576491 0.532883 0.578367 0.599293 0.527182 0.728047 0.831487 0.959623 0.875838 0.971355 0.864730 0.991603 0.968395 0.989011 0.876555 0.831474 0.709747 0.730265 0.997276 0.960893 0.865944 0.886760 0.809904 0.782781 0.793136 0.666347 0.999038 0.920680 0.935141 0.841719 0.958620 0.920975 0.550143 0.542107 0.676757 0.655024 0.940848 0.884781 0.760297 0.811981 0.910499 0.719416 0.459212 0.477490 0.633241 0.595753 0.721925 0.871584 0.667988 0.867562 0.861653 0.831069 0.841231 0.907898 0.703603 0.816202 0.774257 0.795898 0.973836 0.984518 0.868363 0.870958 0.608646 0.583828 0.569199 0.587306 0.820196 0.960427 0.863121 0.969507 0.521396 0.586711 0.668615 0.621833 0.674634 0.612253 0.773058 0.831406 0.926318 0.963868 0.863982 0.980972 0.878640 0.685232 0.879348 0.818360 0.804380 0.968882
0.822169 0.965069 0.870166 0.540506 0.712330 0.658036 0.826526 0.671664 0.645316 0.786283 0.971895 0.701902 0.626261 0.486479 0.424856 0.000000 0.985296 0.864608 0.687637 0.746096 0.862577 0.902152 0.291529 0.377327 0.963704 0.889330 0.859950 0.893329 0.827814 0.678319 0.653557 0.653052 0.680799 0.875225 0.758407 0.906744 0.844249 0.956258 0.884717 0.955432 0.856617 0.905199 0.960764 0.904250 0.767083 0.875926 0.866527 0.949416 0.897718 0.812160 0.758170 0.662675 0.616106 0.565931 0.935058 0.942847 0.948054 0.808087 0.983942 0.872111 0.702167 0.667272 0.850729 0.754801 0.813351 0.785829 0.648399 0.827069 0.994373 0.802187 0.492414 0.557896 0.649894 0.660854 0.744829 0.938588 0.743266 0.834461 0.966537 0.856229 0.968319 0.956246 0.661268 0.801883 0.592162 0.573211 0.971189 0.846979 0.695120 0.699777 0.583291 0.567971 0.535023 0.534947 0.781110 0.872164 0.943309 0.909463 0.587493 0.597064 0.862841 0.603708 0.712775 0.826255 0.701526 0.819933 0.929611 0.946691 0.860181 0.886329 0.893706 0.690860 0.856018 0.878068 0.678238 0.913645
0.577510 0.509844 0.994614 0.817986 0.903336 0.780010 0.727916 0.638839 0.911183 0.698991 0.649072 0.652500 0.800045 0.809881 0.908651 0.985296 0.000000 0.456231 0.656927 0.650534 0.930023 0.925531 0.997030 0.962765 0.873931 0.858137 0.782876 0.926265 0.465757 0.600221 0.782571 0.768024 0.741699 0.502066 0.923833 0.995923 0.879718 0.948604 0.960762 0.997832 0.948171 0.787920 0.677981 0.562932 0.619703 0.560254 0.505174 0.661314 0.598376 0.584176 0.640907 0.713223 0.827955 0.804247 0.685975 0.643016 0.563779 0.635530 0.543028 0.538691 0.630436 0.762131 0.458903 0.489390 0.821226 0.967965 0.748283 0.687971 0.745276 0.730687 0.914831 0.860089 0.940647 0.986397 0.916750 0.937974 0.697682 0.923552 0.725213 0.772674 0.481946 0.546522 0.974135 0.854234 0.850041 0.802982 0.993745 0.916786 0.995910 0.821576 0.723536 0.871621 0.753929 0.992326 0.944165 0.866962 0.799543 0.831135 0.640648 0.682795 0.769770 0.780507 0.732496 0.811694 0.892423 0.937764 0.975099 0.997809 0.901482 0.764973 0.910020 0.736052 0.651453 0.874233 0.990373 0.814944
0.496685 0.480209 0.945856 0.842346 0.832089 0.850861 0.788620 0.604786 0.872977 0.644636 0.530871 0.434335 0.647233 0.599994 0.723387 0.864608 0.456231 0.000000 0.601713 0.498148 0.964856 0.972520 0.952641 0.965209 0.757006 0.892502 0.671485 0.998980 0.443103 0.444943 0.711826 0.635357 0.620530 0.530313 0.971644 0.972024 0.830405 0.887996 0.959378 0.992757 0.878675 0.866644 0.589613 0.527903 0.590436 0.450258 0.634009 0.617469 0.495353 0.514786 0.528958 0.599326 0.810087 0.736618 0.801035 0.776885 0.575830 0.547339 0.604073 0.553906 0.622244 0.639376 0.457482 0.402326 0.727634 0.951197 0.785065 0.705699 0.716017 0.602448 0.823893 0.704858 0.836601 0.834687 0.944750 0.943890 0.778742 0.931268 0.575318 0.560755 0.365473 0.528226 0.986536 0.843746 0.870732 0.764685 0.950928 0.860932 0.900602 0.827678 0.758515 0.869203 0.741326 0.983338 0.829533 0.937453 0.888243 0.894452 0.570521 0.610545 0.798376 0.787708 0.580424 0.741600 0.819610 0.986428 0.946368 0.928342 0.982532 0.823436 0.866836 0.759962 0.740098 0.830078 0.980742 0.859622
0.649547 0.739889 0.975911 0.713273 0.696192 0.611873 0.513129 0.395847 0.667379 0.405757 0.584932 0.488275 0.436144 0.510886 0.552613 0.687637 0.656927 0.601713 0.000000 0.489327 0.896362 0.994022 0.738681 0.890239 0.705183 0.908961 0.724668 0.996525 0.429445 0.481121 0.639142 0.645742 0.634436 0.522605 0.994837 0.967747 0.819070 0.984751 0.920713 0.934149 0.887530 0.972284 0.807072 0.671024 0.623838 0.615014 0.783539 0.810928 0.726094 0.781563 0.661483 0.778085 0.852763 0.808929 0.809259 0.874489 0.813516 0.740607 0.703265 0.677605 0.390908 0.417676 0.415248 0.437804 0.752493 0.903961 0.775747 0.773596 0.869753 0.799729 0.662073 0.642545 0.684346 0.672634 0.997789 0.973465 0.720648 0.911305 0.864817 0.771893 0.608193 0.619300 0.939085 0.919650 0.700606 0.813107 0.894889 0.963202 0.926383 0.829909 0.514627 0.633230 0.600136 0.799143 0.859479 0.959868 0.722293 0.885847 0.436680 0.612081 0.563975 0.641523 0.566500 0.670955 0.717686 0.950845 0.982976 0.985902 0.876349 0.846674 0.805935 0.637485 0.753165 0.809828 0.838921 0.961972
0.542915 0.574241 0.923429 0.855996 0.870720 0.800332 0.769663 0.517284 0.919806 0.582797 0.586471 0.426313 0.492305 0.421563 0.631095 0.746096 0.650534 0.498148 0.489327 0.000000 0.996230 0.874939 0.848697 0.831836 0.753045 0.899094 0.739322 0.977975 0.517532 0.531634 0.756176 0.674655 0.649128 0.662702 0.976637 0.974503 0.938593 0.978129 0.908416 0.895407 0.948341 0.909081 0.917913 0.801415 0.764683 0.675019 0.815908 0.855421 0.683486 0.763542 0.687518 0.780133 0.962487 0.884574 0.933457 0.901907 0.696181 0.545456 0.702422 0.630392 0.578706 0.474929 0.458113 0.392615 0.686502 0.975387 0.902256 0.796163 0.701675 0.715432 0.753790 0.677115 0.789190 0.736667 0.990244 0.924321 0.820852 0.995825 0.715543 0.668924 0.526962 0.506172 0.875189 0.989347 0.717672 0.776781 0.838597 0.994984 0.818344 0.801154 0.692792 0.740349 0.725700 0.867110 0.795190 0.891686 0.782458 0.869614 0.561550 0.698556 0.736550 0.784364 0.668071 0.646622 0.785289 0.897317 0.944372 0.988026 0.858993 0.883615 0.990279 0.745702 0.790124 0.876088 0.967985 0.948143
0.887867 0.978183 0.848547 0.783570 0.974812 0.876297 0.970608 0.911452 0.928756 0.982972 0.995578 0.966411 0.987346 0.853706 0.862953 0.862577 0.930023 0.964856 0.896362 0.996230 0.000000 0.974932 0.901543 0.907129 0.895515 0.730433 0.876639 0.982933 0.966739 0.975276 0.775847 0.985116 0.882721 0.960343 0.813763 0.998900 0.967961 0.818084 0.837216 0.845466 0.999308 0.948158 0.986438 0.914748 0.863403 0.877643 0.915900 0.864936 0.856803 0.902945 0.912846 0.943186 0.928724 0.960031 0.957614 0.823236 0.999394 0.976026 0.917385 0.880226 0.992924 0.958804 0.952651 0.931119 0.840470 0.784605 0.855750 0.975059 0.943770 0.960009 0.996065 0.887261 0.841761 0.791753 0.882464 0.950894 0.829179 0.956406 0.871452 0.990372 0.916559 0.872997 0.931650 0.756213 0.885004 0.946447 0.906437 0.820194 0.926655 0.907924 0.980546 0.958537 0.883592 0.799256 0.843360 0.901639 0.974887 0.995842 0.959504 0.908658 0.904967 0.904654 0.922754 0.835497 0.857564 0.977761 0.984597 0.927858 0.746179 0.980893 0.966444 0.866478 0.893165 0.929519 0.972119 0.982223
0.986615 0.938346 0.884511 0.977447 0.944218 0.995358 0.940538 0.995667 0.926974 0.974487 0.921793 0.970867 0.979355 0.933640 0.972993 0.902152 0.925531 0.972520 0.994022 0.874939 0.974932 0.000000 0.943121 0.898970 0.844647 0.981068 0.901046 0.900469 0.942576 0.920552 0.984408 0.997303 0.994993 0.902944 0.931418 0.916565 0.949796 0.947050 0.993121 0.854378 0.883093 0.809271 0.999691 0.975277 0.948669 0.944553 0.890663 0.867983 0.986726 0.933082 0.899604 0.862042 0.864956 0.917804 0.810769 0.979937 0.935503 0.954447 0.974554 0.983239 0.940302 0.960663 0.981923 0.952408 0.925445 0.993074 0.963395 0.972106 0.996038 0.924589 0.914174 0.861296 0.953778 0.999686 0.927821 0.985973 0.928073 0.969775 0.874219 0.851183 0.903901 0.959115 0.945560 0.962914 0.855485 0.920547 0.963895 0.847056 0.892198 0.983488 0.976088 0.969440 0.980258 0.978946 0.930963 0.822183 0.998895 0.973563 0.989657 0.966147 0.976121 0.910711 0.994377 0.995033 0.909233 0.994790 0.861332 0.960891 0.966089 0.900135 0.848225 0.956373 0.913323 0.882366 0.769651 0.940413
0.906462 0.973939 0.776554 0.493817 0.635244 0.588423 0.755960 0.641708 0.591762 0.758746 0.864285 0.821252 0.689637 0.596376 0.430872 0.291529 0.997030 0.952641 0.738681 0.848697 0.901543 0.943121 0.000000 0.387542 0.888487 0.846190 0.788200 0.848538 0.834834 0.720918 0.592068 0.677197 0.652811 0.929599 0.729714 0.846751 0.853472 0.927561 0.868614 0.910570 0.957258 0.980760 0.972986 0.941637 0.789830 0.917372 0.878356 0.999797 0.960374 0.848010 0.796883 0.697224 0.592982 0.538036 0.948797 0.969990 0.950155 0.832055 0.975696 0.890990 0.702769 0.719261 0.879398 0.810681 0.753767 0.746225 0.576371 0.768002 0.895679 0.759482 0.457174 0.581417 0.637531 0.698804 0.812233 0.967424 0.653791 0.811695 0.983248 0.899808 0.951851 0.946169 0.681369 0.709516 0.600692 0.589833 0.949528 0.862739 0.794579 0.714279 0.554513 0.515474 0.502642 0.479274 0.829472 0.871133 0.869546 0.965554 0.621193 0.577088 0.797309 0.596465 0.747246 0.835279 0.671331 0.770546 0.997240 0.859456 0.874986 0.865176 0.857645 0.706128 0.921189 0.878108 0.729066 0.910586
0.877070 0.973953 0.824039 0.613947 0.781017 0.626438 0.971890 0.844982 0.770775 0.985229 0.846158 0.837065 0.847659 0.669802 0.615450 0.377327 0.962765 0.965209 0.890239 0.831836 0.907129 0.898970 0.387542 0.000000 0.830534 0.807799 0.714289 0.864220 0.989311 0.863280 0.763213 0.868277 0.749236 0.976903 0.746740 0.840128 0.989355 0.903061 0.996499 0.873087 0.887472 0.967068 0.882709 0.927700 0.899272 0.973939 0.835222 0.938202 0.969466 0.871937 0.844254 0.719632 0.669695 0.565097 0.951391 0.995197 0.968277 0.816286 0.958197 0.958647 0.923197 0.939535 0.988518 0.895586 0.770406 0.806565 0.605535 0.827321 0.978831 0.783102 0.683118 0.645863 0.776515 0.688423 0.755068 0.866942 0.746400 0.867415 0.972799 0.870031 0.984737 0.980519 0.753093 0.801401 0.671364 0.507688 0.967344 0.822773 0.766678 0.773339 0.676562 0.709983 0.610282 0.605169 0.841921 0.902294 0.929091 0.896340 0.710356 0.728762 0.953754 0.670360 0.803630 0.782998 0.714049 0.761880 0.931089 0.988777 0.931049 0.825937 0.977203 0.711255 0.910711 0.819769 0.797920 0.871992
0.747687 0.780825 0.461149 0.727629 0.876758 0.982492 0.927726 0.890782 0.842785 0.728386 0.653390 0.639470 0.700831 0.736389 0.828317 0.963704 0.873931 0.757006 0.705183 0.753045 0.895515 0.844647 0.888487 0.830534 0.000000 0.506732 0.765144 0.865994 0.714420 0.749629 0.854044 0.902453 0.854249 0.897844 0.788749 0.906897 0.891854 0.970503 0.833167 0.945393 0.949501 0.919160 0.935722 0.929225 0.658982 0.598468 0.893896 0.883766 0.594705 0.699595 0.688886 0.769385 0.934650 0.996852 0.920399 0.960434 0.921632 0.892345 0.915717 0.815255 0.858924 0.667033 0.714518 0.647267 0.422056 0.641675 0.765504 0.860916 0.965713 0.858696 0.961959 0.952375 0.917321 0.941781 0.926197 0.963975 0.960321 0.826826 0.954167 0.752772 0.610860 0.748516 0.926277 0.781604 0.899294 0.973387 0.914567 0.944575 0.742400 0.782710 0.939982 0.909693 0.954540 0.854187 0.953964 0.807620 0.936993 0.892758 0.769033 0.971617 0.861630 0.972387 0.839791 0.756904 0.949690 0.901305 0.783531 0.957165 0.957096 0.951961 0.929137 0.868517 0.936445 0.901533 0.773860 0.822996
0.711444 0.701154 0.471852 0.680227 0.987291 0.937093 0.747504 0.963566 0.813756 0.941741 0.748620 0.704953 0.840557 0.914682 0.948537 0.889330 0.858137 0.892502 0.908961 0.899094 0.730433 0.981068 0.846190 0.807799 0.506732 0.000000 0.998050 0.992576 0.924499 0.919269 0.734700 0.936209 0.888792 0.917211 0.734161 0.966458 0.981499 0.946386 0.790785 0.950622 0.887372 0.989485 0.901724 0.965789 0.833030 0.801500 0.989112 0.978696 0.653013 0.747259 0.842664 0.828308 0.914626 0.890840 0.968319 0.965957 0.791345 0.764196 0.977906 0.838720 0.912590 0.833180 0.937125 0.804356 0.580523 0.496601 0.605179 0.676223 0.820503 0.870676 0.980671 0.942658 0.802825 0.778960 0.836605 0.829420 0.803503 0.840522 0.879620 0.857788 0.763295 0.786707 0.910408 0.714829 0.857776 0.994196 0.961932 0.772249 0.748147 0.610211 0.902820 0.909744 0.868339 0.880342 0.876686 0.791194 0.882199 0.866713 0.974066 0.991292 0.962469 0.876873 0.932822 0.943438 0.726638 0.717663 0.815029 0.990012 0.993523 0.903147 0.995777 0.821856 0.900320 0.838636 0.798953 0.824323
0.822461 0.838570 0.928814 0.901068 0.837407 0.991240 0.841187 0.771640 0.866702 0.748823 0.546914 0.747863 0.817313 0.821407 0.871979 0.859950 0.782876 0.671485 0.724668 0.739322 0.876639 0.901046 0.788200 0.714289 0.765144 0.998050 0.000000 0.993576 0.692437 0.746497 0.935043 0.918124 0.857076 0.680571 0.934051 0.815523 0.788142 0.847500 0.925083 0.856783 0.951653 0.906410 0.878152 0.784110 0.834788 0.771461 0.683464 0.823711 0.808010 0.943245 0.960080 0.910220 0.730595 0.875663 0.923682 0.963359 0.940059 0.989108 0.926168 0.918266 0.738272 0.798327 0.695122 0.744543 0.764247 0.922642 0.939830 0.916564 0.994562 0.897047 0.925461 0.900937 0.958689 0.938315 0.957036 0.951939 0.949038 0.955122 0.869286 0.873167 0.663696 0.704445 0.958610 0.925287 0.937920 0.941889 0.840965 0.823381 0.959983 0.899471 0.979844 0.905179 0.967860 0.796189 0.955334 0.959615 0.965409 0.971693 0.794619 0.997108 0.750078 0.963037 0.883649 0.918548 0.988583 0.823304 0.960148 0.968963 0.961548 0.782932 0.986559 0.971559 0.851309 0.928866 0.966402 0.945771
0.954591 0.996399 0.872083 0.866216 0.833398 0.891791 0.954151 0.918125 0.952556 0.902326 0.971942 0.958626 0.995135 0.952288 0.948465 0.893329 0.926265 0.998980 0.996525 0.977975 0.982933 0.900469 0.848538 0.864220 0.865994 0.992576 0.993576 0.000000 0.996058 0.965768 0.997882 0.987018 0.943384 0.944243 0.785002 0.922702 0.858655 0.981262 0.868424 0.961389 0.996949 0.992608 0.986833 0.975107 0.919452 0.875162 0.966750 0.987844 0.928526 0.999398 0.994758 0.971947 0.941070 0.877795 0.845098 0.918291 0.964667 0.907357 0.896718 0.989613 0.932757 0.998165 0.980643 0.997770 0.743592 0.934470 0.948544 0.937314 0.991923 0.898718 0.868427 0.993234 0.920661 0.965654 0.916268 0.835819 0.992639 0.932114 0.990005 0.844006 0.927153 0.953905 0.916667 0.844354 0.813956 0.832594 0.988322 0.974922 0.939201 0.973587 0.939578 0.933252 0.907001 0.867204 0.965251 0.908056 0.985470 0.985303 0.997839 0.993413 0.987555 0.874088 0.871748 0.986774 0.939159 0.808267 0.889832 0.940481 0.949910 0.916691 0.952316 0.986470 0.930494 0.845529 0.957259 0.936642
0.648222 0.600005 0.916500 0.772826 0.892178 0.750987 0.530671 0.431024 0.868381 0.457070 0.575225 0.530403 0.476303 0.585043 0.576491 0.827814 0.465757 0.443103 0.429445 0.517532 0.966739 0.942576 0.834834 0.989311 0.714420 0.924499 0.692437 0.996058 0.000000 0.335981 0.606005 0.558789 0.579456 0.433350 0.941371 0.932645 0.923080 0.961966 0.962920 0.870213 0.955000 0.973918 0.622187 0.553064 0.566765 0.455049 0.575236 0.680242 0.595809 0.629555 0.599529 0.739661 0.848906 0.845953 0.823100 0.745916 0.661120 0.654209 0.605834 0.624301 0.392994 0.521530 0.342140 0.387061 0.741207 0.929820 0.756506 0.660986 0.831942 0.657368 0.679513 0.709685 0.786280 0.821317 0.987096 0.919591 0.675642 0.989334 0.652572 0.673002 0.423602 0.521198 0.920086 0.987729 0.767027 0.853781 0.987505 0.962648 0.952749 0.875748 0.704821 0.822340 0.733357 0.973863 0.953987 0.961190 0.752020 0.820868 0.562039 0.622479 0.616636 0.684669 0.604300 0.646446 0.813457 0.975028 0.946162 0.944917 0.915247 0.821142 0.828267 0.711354 0.703733 0.745115 0.993362 0.908535
0.633317 0.619811 0.958045 0.767245 0.905477 0.803005 0.694175 0.535269 0.912457 0.567155 0.586454 0.459624 0.430281 0.517041 0.532883 0.678319 0.600221 0.444943 0.481121 0.531634 0.975276 0.920552 0.720918 0.863280 0.749629 0.919269 0.746497 0.965768 0.335981 0.000000 0.668817 0.523458 0.557805 0.506196 0.974646 0.890800 0.954983 0.933695 0.933431 0.832694 0.896201 0.923493 0.719375 0.619199 0.590055 0.507506 0.669370 0.737352 0.616638 0.625970 0.642945 0.697981 0.867738 0.831922 0.770114 0.842797 0.669276 0.654395 0.658387 0.651602 0.466565 0.560180 0.438220 0.410686 0.787593 0.949449 0.763368 0.674184 0.771215 0.594835 0.604831 0.720170 0.814603 0.732313 0.973353 0.924028 0.737048 0.901905 0.739442 0.659446 0.494188 0.602216 0.812509 0.956643 0.729342 0.794871 0.956261 0.920101 0.839224 0.802307 0.776761 0.863843 0.776765 0.976599 0.956690 0.973199 0.730887 0.894272 0.575199 0.640391 0.724421 0.751843 0.565953 0.690421 0.847548 0.947935 0.982341 0.976336 0.972091 0.935381 0.799318 0.683064 0.800562 0.763137 0.964945 0.946860
0.903702 0.837686 0.613832 0.458757 0.895596 0.689757 0.527565 0.481438 0.631271 0.571826 0.969449 0.836904 0.660331 0.661664 0.578367 0.653557 0.782571 0.711826 0.639142 0.756176 0.775847 0.984408 0.592068 0.763213 0.854044 0.734700 0.935043 0.997882 0.606005 0.668817 0.000000 0.529480 0.608577 0.580049 0.803149 0.962909 0.859571 0.991732 0.966821 0.867408 0.995996 0.894346 0.689240 0.692970 0.773559 0.773889 0.918981 0.883055 0.914242 0.853603 0.799484 0.795816 0.781571 0.685425 0.897188 0.896445 0.832448 0.832103 0.868249 0.858380 0.569039 0.674607 0.692002 0.706718 0.955022 0.790450 0.596938 0.630110 0.947855 0.806046 0.596162 0.488270 0.594857 0.657511 0.927739 0.976195 0.540538 0.743371 0.768145 0.798692 0.837272 0.982386 0.929462 0.613952 0.960446 0.944482 0.774821 0.685973 0.850085 0.964024 0.562721 0.629984 0.534533 0.577184 0.982047 0.797611 0.825277 0.909419 0.574503 0.438812 0.701701 0.547423 0.621418 0.759328 0.749385 0.795365 0.791179 0.807294 0.922803 0.839013 0.880884 0.821829 0.739387 0.868518 0.747235 0.841682
0.756634 0.779565 0.804655 0.671341 0.904687 0.847703 0.624248 0.565463 0.895388 0.673390 0.804682 0.667455 0.587322 0.594198 0.599293 0.653052 0.768024 0.635357 0.645742 0.674655 0.985116 0.997303 0.677197 0.868277 0.902453 0.936209 0.918124 0.987018 0.558789 0.523458 0.529480 0.000000 0.541373 0.598331 0.953535 0.864462 0.890622 0.815214 0.957703 0.927261 0.989855 0.941038 0.639227 0.623216 0.759415 0.665514 0.765567 0.763115 0.770976 0.773717 0.740837 0.755682 0.833205 0.864412 0.942568 0.867587 0.783219 0.790506 0.794631 0.751823 0.529257 0.640967 0.575974 0.584905 0.981616 0.840719 0.744463 0.695520 0.931991 0.799069 0.649336 0.706900 0.667978 0.776001 0.989345 0.832053 0.718530 0.882392 0.780400 0.707259 0.699862 0.728282 0.825253 0.906293 0.784242 0.815693 0.962416 0.960252 0.885230 0.738591 0.777321 0.822761 0.744913 0.885200 0.970316 0.959373 0.836377 0.891096 0.682931 0.642582 0.816170 0.693080 0.625794 0.844672 0.700352 0.875119 0.775646 0.928227 0.917620 0.958082 0.825958 0.943415 0.797529 0.889489 0.901584 0.968075
0.775089 0.831392 0.914241 0.593242 0.849316 0.662840 0.636672 0.508632 0.851617 0.573974 0.774185 0.652344 0.601003 0.616233 0.527182 0.680799 0.741699 0.620530 0.634436 0.649128 0.882721 0.994993 0.652811 0.749236 0.854249 0.888792 0.857076 0.943384 0.579456 0.557805 0.608577 0.541373 0.000000 0.600717 0.838328 0.979691 0.771683 0.885606 0.961998 0.845724 0.897495 0.999497 0.730315 0.688447 0.603404 0.602891 0.795248 0.732086 0.712842 0.745761 0.672421 0.755307 0.831371 0.747337 0.917396 0.819550 0.825865 0.820445 0.724144 0.734158 0.526635 0.566671 0.544909 0.536385 0.831617 0.808575 0.643219 0.575718 0.905242 0.739539 0.672532 0.676375 0.734228 0.706013 0.929145 0.810380 0.650481 0.823689 0.822664 0.628042 0.654644 0.731137 0.874009 0.975312 0.797478 0.711744 0.987492 0.948852 0.955202 0.921119 0.655399 0.823363 0.641291 0.852605 0.903004 0.927130 0.763208 0.924105 0.483478 0.621479 0.686752 0.756894 0.673552 0.697458 0.725223 0.831407 0.951311 0.987734 0.950606 0.961509 0.862954 0.677935 0.859814 0.805891 0.919185 0.960287
0.730152 0.666838 0.841417 0.704889 0.976886 0.728651 0.565103 0.528316 0.916727 0.566575 0.611499 0.650331 0.653745 0.717302 0.728047 0.875225 0.502066 0.530313 0.522605 0.662702 0.960343 0.902944 0.929599 0.976903 0.897844 0.917211 0.680571 0.944243 0.433350 0.506196 0.580049 0.598331 0.600717 0.000000 0.943621 0.883766 0.748299 0.981434 0.880992 0.847918 0.913437 0.941298 0.610914 0.474360 0.541544 0.494107 0.577394 0.746187 0.656231 0.702356 0.676952 0.798707 0.885218 0.851271 0.736694 0.687580 0.743193 0.849210 0.612962 0.685920 0.472200 0.628054 0.456967 0.518908 0.787256 0.883098 0.666218 0.517303 0.854065 0.834194 0.768563 0.703122 0.827754 0.846620 0.988472 0.916813 0.698638 0.849650 0.718936 0.757239 0.538311 0.612920 0.929539 0.943296 0.916478 0.905780 0.914205 0.884820 0.925601 0.990565 0.687875 0.892737 0.743103 0.994336 0.997854 0.888759 0.874204 0.959672 0.578820 0.633851 0.705135 0.674619 0.561420 0.840313 0.826622 0.923088 0.791609 0.929467 0.834923 0.801901 0.913461 0.773265 0.661548 0.821935 0.872018 0.895299
0.881006 0.893043 0.679373 0.735177 0.876405 0.782444 0.759985 0.891721 0.858104 0.922869 0.837486 0.926716 0.919927 0.984204 0.831487 0.758407 0.923833 0.971644 0.994837 0.976637 0.813763 0.931418 0.729714 0.746740 0.788749 0.734161 0.934051 0.785002 0.941371 0.974646 0.803149 0.953535 0.838328 0.943621 0.000000 0.907605 0.920790 0.936874 0.793533 0.862536 0.946844 0.989496 0.996167 0.960067 0.955042 0.968064 0.933130 0.897558 0.903022 0.981540 0.983082 0.958074 0.904875 0.827739 0.815838 0.929813 0.890826 0.929945 0.970643 0.973266 0.859905 0.950985 0.987581 0.958582 0.679453 0.716844 0.632965 0.782211 0.983808 0.967698 0.984522 0.867583 0.919999 0.895144 0.746201 0.984375 0.720940 0.999275 0.855789 0.916934 0.941660 0.983190 0.843825 0.872258 0.874412 0.731395 0.975158 0.970751 0.932657 0.928802 0.827813 0.905869 0.765593 0.808772 0.996603 0.826625 0.975720 0.970484 0.902396 0.917559 0.917049 0.774751 0.989743 0.943109 0.881029 0.986368 0.862625 0.908664 0.976352 0.926486 0.977585 0.868336 0.893126 0.950347 0.880194 0.920381
0.951057 0.964159 0.890012 0.843026 0.980079 0.958782 0.973627 0.981412 0.955884 0.975178 0.797831 0.875607 0.878232 0.874564 0.959623 0.906744 0.995923 0.972024 0.967747 0.974503 0.998900 0.916565 0.846751 0.840128 0.906897 0.966458 0.815523 0.922702 0.932645 0.890800 0.962909 0.864462 0.979691 0.883766 0.907605 0.000000 0.957342 0.888799 0.966821 0.927460 0.916687 0.985106 0.939392 0.929452 0.897946 0.987748 0.962317 0.926190 0.926185 0.868521 0.855752 0.822525 0.753010 0.790500 0.794349 0.865942 0.872477 0.845629 0.879698 0.815911 0.945780 0.966713 0.974492 0.985709 0.902395 0.892923 0.763149 0.850936 0.985703 0.795798 0.836522 0.923569 0.998669 0.948409 0.950128 0.923349 0.859711 0.923274 0.993016 0.912686 0.962377 0.877385 0.960542 0.889177 0.889661 0.844015 0.759371 0.911683 0.891123 0.908938 0.831338 0.855861 0.846208 0.790057 0.782067 0.977034 0.991169 0.928798 0.849631 0.788997 0.947710 0.989340 0.881441 0.931438 0.943295 0.827532 0.954842 0.895377 0.904579 0.954950 0.884507 0.981560 0.976214 0.839080 0.951492 0.810629
0.773569 0.961137 0.975165 0.937189 0.915585 0.843921 0.856449 0.786830 0.861618 0.778517 0.945013 0.800737 0.910281 0.812504 0.875838 0.844249 0.879718 0.830405 0.819070 0.938593 0.967961 0.949796 0.853472 0.989355 0.891854 0.981499 0.788142 0.858655 0.923080 0.954983 0.859571 0.890622 0.771683 0.748299 0.920790 0.957342 0.000000 0.868895 0.951376 0.955216 0.888329 0.973951 0.909363 0.839863 0.753931 0.786477 0.925399 0.855957 0.762767 0.856121 0.807094 0.904963 0.879960 0.869311 0.896821 0.992149 0.983340 0.984135 0.945503 0.888870 0.812697 0.699998 0.830593 0.786840 0.928886 0.961397 0.832847 0.835515 0.990330 0.897672 0.894912 0.856193 0.824756 0.872724 0.970370 0.920711 0.894102 0.968382 0.949781 0.931189 0.835820 0.832903 0.978774 0.998340 0.837428 0.814071 0.870406 0.936111 0.917335 0.893581 0.739365 0.839673 0.758806 0.888147 0.951334 0.850549 0.929236 0.939484 0.683393 0.879660 0.935296 0.784032 0.803415 0.988016 0.919867 0.950216 0.923199 0.976705 0.903822 0.977835 0.870948 0.913590 0.772669 0.889676 0.961864 0.896250
0.903730 0.884260 0.981901 0.921424 0.985646 0.903106 0.945494 0.986829 0.984603 0.990254 0.950772 0.890660 0.967332 0.997981 0.971355 0.956258 0.948604 0.887996 0.984751 0.978129 0.818084 0.947050 0.927561 0.903061 0.970503 0.946386 0.847500 0.981262 0.961966 0.933695 0.991732 0.815214 0.885606 0.981434 0.936874 0.888799 0.868895 0.000000 0.950535 0.979535 0.921988 0.942606 0.839205 0.856580 0.895326 0.852927 0.938924 0.955224 0.837669 0.868251 0.802319 0.768895 0.803052 0.880978 0.985546 0.834695 0.875986 0.879132 0.973058 0.900044 0.960248 0.997664 0.976517 0.973379 0.988420 0.884190 0.956762 0.967951 0.865162 0.791918 0.838066 0.937797 0.985009 0.998833 0.929583 0.873138 0.942682 0.796456 0.968565 0.844438 0.931207 0.976654 0.966922 0.996011 0.964725 0.925665 0.922776 0.918881 0.849688 0.966384 0.937216 0.945870 0.980720 0.952065 0.959501 0.911568 0.845349 0.996132 0.962895 0.988969 0.834261 0.883053 0.797213 0.924465 0.966575 0.898028 0.856809 0.978986 0.729989 0.970293 0.994984 0.990907 0.924830 0.970247 0.857734 0.900035
