0.000000 0.120466 0.198373 0.208761 0.597705 0.491708 0.159954 0.142090 0.344798 0.267920 0.148708 0.112810 0.123370 0.211257 0.206311 0.218616 0.113699 0.107264 0.110350 0.120728 0.438342 0.773034 0.208483 0.397033 0.624558 0.553467 0.893210 0.943680 0.154669 0.127053 0.220323 0.314426 0.132559 0.139000 0.400158 0.567603 0.337928 0.406960 0.664343 0.620597 0.675881 0.479850 0.185457 0.167079 0.203503 0.156514 0.180624 0.172064 0.593796 0.282038 0.328610 0.245321 0.385253 0.404316 0.421084 0.452657 0.137503 0.127114 0.120857 0.144707 0.105345 0.162994 0.110514 0.116651 0.303525 0.207323 0.182937 0.159747 0.263669 0.178827 0.219090 0.220377 0.327683 0.317132 0.579767 0.545186 0.305043 0.248463 0.146182 0.170239 0.098142 0.136584 0.400194 0.281014 0.203032 0.361774 0.956731 0.950633 0.376939 0.484931 0.484729 0.552864 0.488086 0.635045 0.406228 0.445683 0.281658 0.462632 0.214155 0.211626 0.473994 0.517993 0.255965 0.267538 0.290070 0.272015 0.727030 0.500796 0.545231 0.322319 0.630943 0.341984 0.287449 0.423359 0.422924 0.916113
0.120466 0.000000 0.232857 0.224098 0.608016 0.510720 0.182867 0.147724 0.400449 0.284596 0.180960 0.118003 0.139852 0.192377 0.214296 0.228373 0.126420 0.103447 0.115961 0.126646 0.408826 0.759296 0.218941 0.392878 0.621599 0.564740 0.905441 0.994321 0.138045 0.133298 0.221221 0.298105 0.137664 0.153547 0.452997 0.555451 0.327518 0.445122 0.681044 0.610370 0.749962 0.397215 0.170752 0.153319 0.201785 0.165590 0.188596 0.151218 0.550688 0.309635 0.342295 0.271037 0.430113 0.414014 0.432647 0.466409 0.112591 0.092743 0.120961 0.150704 0.130214 0.186508 0.120788 0.108613 0.354382 0.263990 0.203381 0.173930 0.275619 0.162205 0.232707 0.232670 0.407796 0.397184 0.595521 0.564750 0.314231 0.280827 0.187001 0.200798 0.109398 0.134714 0.368080 0.237754 0.211542 0.344986 0.977684 0.917762 0.405095 0.464747 0.540274 0.594905 0.526700 0.691110 0.320005 0.475544 0.289339 0.370440 0.247079 0.218630 0.492738 0.549508 0.285579 0.217127 0.282823 0.261882 0.797982 0.544818 0.558162 0.331529 0.623375 0.336521 0.340568 0.368371 0.403379 0.878327
0.198373 0.232857 0.000000 0.114522 0.613963 0.473333 0.140932 0.166454 0.296203 0.324649 0.231148 0.219204 0.218668 0.321324 0.290783 0.289205 0.261163 0.204188 0.180078 0.174611 0.378666 0.747261 0.201246 0.331842 0.449151 0.353608 0.941080 0.960066 0.271271 0.218187 0.163513 0.276388 0.152892 0.192060 0.431471 0.641447 0.321190 0.484720 0.596887 0.640990 0.764172 0.554176 0.193479 0.189744 0.278729 0.267835 0.248161 0.250926 0.708397 0.382712 0.432644 0.355685 0.448926 0.395052 0.441320 0.528628 0.296497 0.278368 0.283323 0.291329 0.184721 0.234250 0.273844 0.269839 0.183501 0.141831 0.177609 0.178317 0.302263 0.239647 0.221000 0.267649 0.293963 0.257467 0.647618 0.606572 0.292880 0.269979 0.253065 0.278064 0.213921 0.194938 0.449890 0.299189 0.259711 0.314592 0.900900 0.960351 0.433544 0.456639 0.413514 0.483964 0.431141 0.525479 0.388271 0.539802 0.366530 0.547046 0.302968 0.293027 0.445823 0.438720 0.392797 0.273189 0.309144 0.361587 0.814094 0.523673 0.625805 0.445119 0.675501 0.448893 0.338311 0.519743 0.462570 0.922979
0.208761 0.224098 0.114522 0.000000 0.658890 0.419227 0.147091 0.133073 0.315351 0.275866 0.282297 0.196476 0.215218 0.278810 0.259244 0.250553 0.251975 0.202643 0.191006 0.182513 0.351391 0.697827 0.176190 0.305576 0.431089 0.330354 0.937543 0.886406 0.252404 0.201830 0.158119 0.240992 0.137976 0.166804 0.371634 0.612762 0.303425 0.495652 0.544861 0.667148 0.745229 0.509864 0.164301 0.178831 0.236314 0.236270 0.206731 0.221735 0.629340 0.331554 0.401125 0.312486 0.453552 0.391420 0.413394 0.494252 0.292893 0.257143 0.263388 0.273636 0.201650 0.215761 0.272053 0.240583 0.211896 0.151949 0.159405 0.141307 0.340451 0.241921 0.202686 0.272484 0.327090 0.354968 0.600847 0.601334 0.266997 0.283892 0.226974 0.283392 0.185906 0.156702 0.402403 0.234534 0.230059 0.262186 0.913735 0.983775 0.431612 0.403756 0.382526 0.458689 0.385444 0.502152 0.350511 0.491463 0.332241 0.504710 0.273457 0.245401 0.437267 0.441809 0.349251 0.253206 0.267621 0.328262 0.867364 0.543001 0.654812 0.433634 0.603804 0.387518 0.323404 0.429651 0.475759 0.968090
0.597705 0.608016 0.613963 0.658890 0.000000 0.731265 0.590383 0.601075 0.741242 0.675717 0.644699 0.634921 0.548141 0.639536 0.615212 0.582058 0.650328 0.642820 0.583995 0.683833 0.685293 0.765770 0.597566 0.696395 0.968431 0.937805 0.828086 0.985263 0.635823 0.669776 0.739367 0.847376 0.606238 0.656177 0.800130 0.819625 0.836177 0.736093 0.855596 0.802997 0.747807 0.680840 0.571667 0.610638 0.616002 0.605724 0.574743 0.636639 0.787909 0.667504 0.550234 0.577423 0.695949 0.557850 0.785323 0.713691 0.614730 0.674337 0.619222 0.679022 0.553791 0.577469 0.575292 0.580645 0.624261 0.611341 0.576795 0.622041 0.769041 0.687486 0.463542 0.579879 0.773933 0.741861 0.952626 0.696912 0.696166 0.705656 0.722658 0.692837 0.623178 0.656972 0.570378 0.665071 0.557938 0.621223 0.908723 0.930760 0.811941 0.719675 0.630639 0.636917 0.681661 0.708176 0.888708 0.764669 0.730451 0.724548 0.622667 0.618613 0.691986 0.756885 0.568783 0.663047 0.552054 0.664335 0.795789 0.567361 0.766040 0.889803 0.793253 0.725852 0.674815 0.693394 0.641077 0.956634
0.491708 0.510720 0.473333 0.419227 0.731265 0.000000 0.390319 0.371513 0.527213 0.419730 0.556505 0.504216 0.499760 0.608802 0.590318 0.523537 0.558776 0.512163 0.500078 0.544171 0.612674 0.973420 0.514339 0.643991 0.772979 0.603123 0.958330 0.848952 0.557734 0.554549 0.517304 0.632157 0.491315 0.495203 0.501095 0.752200 0.627455 0.851549 0.852179 0.954353 0.709134 0.594887 0.364545 0.467367 0.412412 0.435837 0.402714 0.453557 0.749707 0.561829 0.531437 0.473246 0.579517 0.513252 0.662076 0.685958 0.604176 0.591967 0.527430 0.557517 0.510580 0.547702 0.513403 0.533403 0.598372 0.489853 0.352273 0.405882 0.657099 0.510182 0.365835 0.408035 0.621891 0.663990 0.614813 0.682724 0.493051 0.502852 0.434993 0.642099 0.439619 0.469707 0.703668 0.506670 0.524976 0.630271 0.885167 0.916379 0.800126 0.712310 0.334448 0.414771 0.301750 0.469484 0.575128 0.666287 0.442675 0.710815 0.430147 0.453076 0.463524 0.464505 0.559118 0.518897 0.445270 0.580312 0.926883 0.635391 0.776064 0.687658 0.704975 0.548217 0.456829 0.570239 0.608507 0.883416
0.159954 0.182867 0.140932 0.147091 0.590383 0.390319 0.000000 0.102196 0.283334 0.200746 0.188923 0.184000 0.196043 0.308010 0.298802 0.298469 0.182490 0.147159 0.132989 0.168687 0.391997 0.733659 0.257274 0.448149 0.657809 0.529546 0.854441 0.983964 0.235315 0.199298 0.225019 0.333576 0.140282 0.139791 0.447338 0.627858 0.382699 0.491898 0.661986 0.657061 0.675675 0.466096 0.138546 0.112713 0.162998 0.173362 0.214852 0.201629 0.665206 0.373935 0.370861 0.314573 0.460363 0.357658 0.429215 0.570625 0.197855 0.214739 0.201720 0.268813 0.147523 0.235019 0.209364 0.214690 0.279932 0.175663 0.107796 0.117176 0.295186 0.226054 0.178202 0.175648 0.304496 0.296368 0.609230 0.546134 0.252148 0.220333 0.244066 0.265646 0.165296 0.177438 0.451169 0.307392 0.290711 0.407183 0.926068 0.870528 0.462091 0.558841 0.338458 0.379383 0.340957 0.413469 0.356476 0.486674 0.288677 0.469041 0.203241 0.205121 0.381870 0.324520 0.311624 0.210043 0.267911 0.301183 0.856101 0.483264 0.591667 0.394028 0.560707 0.329299 0.234793 0.382369 0.438173 0.896852
0.142090 0.147724 0.166454 0.133073 0.601075 0.371513 0.102196 0.000000 0.320838 0.177788 0.219490 0.138501 0.163398 0.241828 0.237488 0.245125 0.161917 0.137581 0.158291 0.161087 0.394405 0.745381 0.219012 0.407938 0.642201 0.510339 0.860062 0.949632 0.198411 0.173044 0.234350 0.320913 0.122609 0.129526 0.383477 0.571049 0.339122 0.444476 0.665775 0.641888 0.643797 0.433794 0.124248 0.138133 0.141214 0.151320 0.187501 0.183097 0.548933 0.301465 0.310890 0.251189 0.405098 0.358457 0.407471 0.482750 0.184069 0.170672 0.170050 0.211707 0.135498 0.157631 0.179601 0.146330 0.271814 0.176915 0.111829 0.109836 0.349623 0.192105 0.199120 0.216906 0.362867 0.382619 0.606429 0.547984 0.251270 0.226625 0.177582 0.274480 0.132322 0.153884 0.423994 0.261144 0.221600 0.345540 0.996081 0.886946 0.426130 0.429561 0.308478 0.360217 0.305806 0.433022 0.298166 0.396864 0.237770 0.402560 0.162945 0.149115 0.332511 0.378472 0.255059 0.179901 0.208034 0.258982 0.831642 0.437087 0.582681 0.353057 0.525333 0.297729 0.232427 0.345757 0.419082 0.903834
0.344798 0.400449 0.296203 0.315351 0.741242 0.527213 0.283334 0.320838 0.000000 0.344650 0.343150 0.332255 0.334298 0.438059 0.405584 0.380518 0.395576 0.366948 0.353440 0.333265 0.557285 0.856446 0.348787 0.527003 0.697670 0.575595 0.927328 0.929690 0.408418 0.363911 0.357102 0.455017 0.333618 0.343769 0.544055 0.684799 0.434094 0.478804 0.793395 0.710881 0.840434 0.695852 0.352140 0.325736 0.381743 0.373041 0.362880 0.380181 0.782725 0.487092 0.454569 0.415645 0.528982 0.465655 0.560242 0.603507 0.407796 0.428906 0.379420 0.422695 0.297702 0.354661 0.377997 0.408414 0.319375 0.307995 0.321697 0.323525 0.396176 0.400128 0.347672 0.438977 0.352859 0.337847 0.665411 0.532299 0.398744 0.362755 0.421323 0.387502 0.378272 0.392258 0.554948 0.512310 0.422260 0.529252 0.907878 0.890450 0.567994 0.647183 0.493904 0.490511 0.480062 0.512458 0.531923 0.499127 0.501250 0.737455 0.345950 0.373003 0.494087 0.410172 0.457520 0.367793 0.438123 0.467406 0.771303 0.541985 0.649651 0.549146 0.589653 0.539325 0.402796 0.607056 0.493672 0.914939
0.267920 0.284596 0.324649 0.275866 0.675717 0.419730 0.200746 0.177788 0.344650 0.000000 0.279853 0.244218 0.294537 0.363518 0.355700 0.372741 0.251920 0.247563 0.288640 0.300492 0.537868 0.784221 0.385893 0.572753 0.837368 0.632798 0.901199 0.991424 0.304338 0.273856 0.383381 0.428991 0.237098 0.236286 0.434319 0.681071 0.452037 0.510071 0.764572 0.715040 0.759701 0.441292 0.250274 0.266610 0.254838 0.275653 0.368334 0.322878 0.637166 0.431420 0.418844 0.351379 0.549203 0.455232 0.523417 0.579366 0.295997 0.305110 0.265719 0.326213 0.253616 0.259004 0.299739 0.266669 0.397486 0.269037 0.245999 0.240635 0.406885 0.256098 0.329914 0.306235 0.373667 0.414378 0.588661 0.509781 0.330628 0.272883 0.313988 0.357468 0.244626 0.291922 0.571610 0.361207 0.410863 0.547199 0.973306 0.803776 0.537589 0.602913 0.361820 0.360753 0.349877 0.415013 0.425062 0.415508 0.340968 0.480103 0.196733 0.216038 0.373523 0.314003 0.338324 0.234876 0.334117 0.347724 0.873149 0.480054 0.672529 0.466767 0.556987 0.371563 0.277699 0.373511 0.495005 0.908345
0.148708 0.180960 0.231148 0.282297 0.644699 0.556505 0.188923 0.219490 0.343150 0.279853 0.000000 0.139751 0.150615 0.233867 0.244585 0.243699 0.125249 0.121751 0.124455 0.148361 0.463831 0.810995 0.262912 0.417012 0.688197 0.596334 0.973515 0.919533 0.160805 0.131413 0.231092 0.291439 0.183674 0.169585 0.524904 0.610027 0.426759 0.476229 0.721585 0.592918 0.672295 0.505235 0.264067 0.217048 0.326986 0.291607 0.294143 0.262647 0.820567 0.474493 0.502123 0.423931 0.520971 0.518392 0.509592 0.642146 0.153848 0.194274 0.208551 0.263636 0.137031 0.236256 0.142307 0.176350 0.332114 0.227916 0.254313 0.249973 0.236851 0.238716 0.277486 0.270658 0.337968 0.316096 0.649844 0.584476 0.343376 0.248559 0.235031 0.191182 0.163255 0.214457 0.376419 0.330520 0.331532 0.470205 0.898068 0.887776 0.481064 0.655458 0.608681 0.655236 0.617735 0.710041 0.442866 0.576957 0.410524 0.536516 0.345656 0.310796 0.579666 0.493132 0.335553 0.260086 0.421457 0.348882 0.801147 0.608942 0.659941 0.391469 0.657502 0.423955 0.359387 0.461969 0.471406 0.986347
0.112810 0.118003 0.219204 0.196476 0.634921 0.504216 0.184000 0.138501 0.332255 0.244218 0.139751 0.000000 0.102313 0.130330 0.148612 0.149164 0.106109 0.092954 0.115630 0.124337 0.445559 0.752643 0.175150 0.341397 0.631075 0.546797 0.950394 0.962116 0.108002 0.094199 0.212396 0.266625 0.120327 0.148870 0.414868 0.561166 0.345212 0.406544 0.643110 0.580233 0.689073 0.436699 0.198684 0.188046 0.239775 0.204692 0.214655 0.189297 0.613694 0.351044 0.380778 0.307424 0.465157 0.463386 0.461661 0.518180 0.126495 0.127705 0.140956 0.174807 0.103804 0.140686 0.096197 0.086792 0.301119 0.203948 0.208919 0.183417 0.290968 0.183361 0.235696 0.255447 0.378699 0.386186 0.607645 0.552910 0.276000 0.230309 0.155985 0.197816 0.111764 0.160533 0.323964 0.247850 0.211104 0.342766 0.938888 0.914298 0.399193 0.487523 0.537728 0.599658 0.536847 0.699649 0.355815 0.461564 0.346548 0.422460 0.248159 0.217216 0.497259 0.549027 0.263263 0.227177 0.291148 0.269639 0.789685 0.537903 0.603586 0.314775 0.578328 0.364860 0.328845 0.378718 0.412173 0.962266
0.123370 0.139852 0.218668 0.215218 0.548141 0.499760 0.196043 0.163398 0.334298 0.294537 0.150615 0.102313 0.000000 0.116767 0.104428 0.120970 0.138625 0.131708 0.132250 0.164035 0.380254 0.757621 0.133843 0.274161 0.595944 0.560308 0.969334 0.999052 0.133389 0.121461 0.196685 0.285378 0.156389 0.179190 0.457712 0.595119 0.323371 0.378669 0.653154 0.605420 0.659266 0.459854 0.204786 0.192602 0.266275 0.230664 0.210584 0.190528 0.661677 0.369964 0.375802 0.308047 0.469119 0.451513 0.473774 0.547282 0.152262 0.165204 0.177591 0.226172 0.102887 0.162588 0.099567 0.106737 0.263326 0.219520 0.218375 0.215771 0.357240 0.260821 0.227724 0.270295 0.399570 0.389746 0.657032 0.522938 0.332312 0.249523 0.197446 0.231929 0.134526 0.191182 0.286165 0.292636 0.177077 0.302380 0.930634 0.994242 0.415634 0.454544 0.550358 0.613230 0.548275 0.703240 0.389014 0.479434 0.359386 0.457919 0.289914 0.261318 0.517116 0.563006 0.261539 0.267513 0.295629 0.254046 0.738529 0.506418 0.588328 0.360616 0.625443 0.416408 0.388780 0.420697 0.402127 0.999099
0.211257 0.192377 0.321324 0.278810 0.639536 0.608802 0.308010 0.241828 0.438059 0.363518 0.233867 0.130330 0.116767 0.000000 0.099726 0.113123 0.197887 0.193359 0.209472 0.237279 0.409175 0.741736 0.149979 0.233847 0.614580 0.604943 0.998985 0.891337 0.152770 0.158745 0.240740 0.280543 0.205660 0.242060 0.463082 0.615011 0.352470 0.387621 0.655798 0.595367 0.711059 0.465089 0.281819 0.274671 0.349241 0.311773 0.274444 0.244991 0.625702 0.419756 0.425263 0.383093 0.533209 0.537308 0.531702 0.599096 0.206080 0.212990 0.215565 0.278476 0.172818 0.211093 0.144829 0.132863 0.316827 0.287108 0.289846 0.276829 0.443487 0.317388 0.309256 0.372492 0.535096 0.550499 0.698999 0.606369 0.338036 0.283775 0.234339 0.304809 0.207644 0.259278 0.241786 0.333743 0.202308 0.279965 0.919514 0.937120 0.459053 0.458183 0.654073 0.724301 0.648262 0.827935 0.395470 0.506263 0.443560 0.416158 0.370004 0.323500 0.566068 0.652580 0.270462 0.333168 0.326773 0.294247 0.829142 0.577779 0.603842 0.395686 0.611591 0.477904 0.487733 0.456797 0.433908 0.969853
0.206311 0.214296 0.290783 0.259244 0.615212 0.590318 0.298802 0.237488 0.405584 0.355700 0.244585 0.148612 0.104428 0.099726 0.000000 0.116972 0.224226 0.214647 0.224582 0.253640 0.405411 0.750006 0.127698 0.243203 0.568087 0.549169 0.958314 0.956209 0.186665 0.173539 0.228396 0.299398 0.214350 0.256415 0.434380 0.662076 0.332327 0.416253 0.654953 0.577571 0.706599 0.516082 0.276738 0.271157 0.339369 0.302551 0.282010 0.231606 0.636710 0.391942 0.404270 0.335132 0.483281 0.487683 0.486896 0.545904 0.237728 0.233881 0.244325 0.277063 0.163336 0.191448 0.166140 0.153575 0.266337 0.261263 0.297274 0.292228 0.463836 0.333773 0.308810 0.360986 0.451396 0.489376 0.677629 0.574661 0.360427 0.296090 0.261099 0.306611 0.210624 0.256058 0.283921 0.347121 0.180526 0.279107 0.872016 0.905975 0.410481 0.390618 0.623408 0.687766 0.616078 0.796911 0.410789 0.492282 0.431806 0.487400 0.343742 0.309892 0.556198 0.657123 0.288047 0.335011 0.314512 0.288470 0.730175 0.520761 0.667475 0.458015 0.653636 0.474553 0.472682 0.483279 0.440118 0.937966
0.218616 0.228373 0.289205 0.250553 0.582058 0.523537 0.298469 0.245125 0.380518 0.372741 0.243699 0.149164 0.120970 0.113123 0.116972 0.000000 0.223580 0.214717 0.210509 0.261178 0.395908 0.790658 0.111746 0.207558 0.548665 0.547507 0.937760 0.902699 0.175768 0.177121 0.202589 0.283742 0.208685 0.254284 0.463763 0.645981 0.361429 0.417292 0.609055 0.555570 0.678731 0.477490 0.268664 0.276272 0.357221 0.309747 0.265870 0.251499 0.692378 0.409955 0.422764 0.362063 0.489260 0.462527 0.545654 0.578808 0.261010 0.259587 0.249830 0.290958 0.172786 0.215283 0.166642 0.157798 0.294646 0.253603 0.273766 0.291161 0.408165 0.322629 0.247902 0.317661 0.467786 0.514662 0.672427 0.564505 0.333047 0.270932 0.240847 0.283781 0.198007 0.240846 0.238473 0.296666 0.196132 0.245350 0.902109 0.908998 0.465135 0.452412 0.598444 0.675786 0.595559 0.773187 0.429927 0.485127 0.453461 0.481180 0.388004 0.353117 0.579882 0.605056 0.284970 0.354258 0.314338 0.312692 0.732435 0.609434 0.657459 0.487440 0.720054 0.527264 0.497268 0.440763 0.450006 0.993663
0.113699 0.126420 0.261163 0.251975 0.650328 0.558776 0.182490 0.161917 0.395576 0.251920 0.125249 0.106109 0.138625 0.197887 0.224226 0.223580 0.000000 0.084230 0.110722 0.127859 0.459600 0.700699 0.257260 0.427512 0.718585 0.626431 0.923613 0.953140 0.117491 0.100772 0.247345 0.267813 0.147472 0.126375 0.489763 0.559981 0.398191 0.464411 0.684014 0.593242 0.678342 0.451616 0.224389 0.172869 0.248292 0.222218 0.247698 0.220164 0.676659 0.380827 0.431659 0.342828 0.502019 0.464121 0.479086 0.564132 0.113519 0.121003 0.155399 0.196190 0.133979 0.195041 0.117757 0.117431 0.373070 0.238140 0.220263 0.198840 0.259326 0.176257 0.273017 0.258319 0.359459 0.357906 0.616321 0.510055 0.314163 0.236765 0.163495 0.167493 0.106180 0.155008 0.350141 0.275878 0.283099 0.410496 0.960223 0.928585 0.437948 0.567116 0.582224 0.626529 0.588045 0.683875 0.364055 0.485847 0.332839 0.410411 0.288109 0.228085 0.559042 0.530494 0.278471 0.229386 0.349029 0.267272 0.820052 0.573939 0.619362 0.324950 0.610387 0.337732 0.346830 0.343038 0.482180 0.931373
0.107264 0.103447 0.204188 0.202643 0.642820 0.512163 0.147159 0.137581 0.366948 0.247563 0.121751 0.092954 0.131708 0.193359 0.214647 0.214717 0.084230 0.000000 0.085219 0.097873 0.430087 0.746628 0.236566 0.410434 0.663862 0.572947 0.889199 0.989495 0.104936 0.087015 0.215097 0.260277 0.120265 0.113518 0.462000 0.586235 0.362671 0.453727 0.662085 0.565433 0.733454 0.431252 0.182154 0.136947 0.221009 0.187846 0.200591 0.169114 0.647531 0.362393 0.405476 0.323777 0.475615 0.449978 0.449329 0.533987 0.099010 0.104491 0.145063 0.183631 0.108632 0.173846 0.104060 0.101612 0.331483 0.204969 0.187966 0.173256 0.240355 0.169210 0.254660 0.240245 0.371154 0.356858 0.580450 0.558701 0.295779 0.223187 0.158520 0.179854 0.105566 0.134814 0.341050 0.237578 0.252904 0.379073 0.922712 0.889488 0.439200 0.524583 0.543800 0.597872 0.546915 0.669284 0.344603 0.477611 0.329088 0.397878 0.257290 0.213593 0.523401 0.512463 0.278124 0.204401 0.305445 0.272057 0.822283 0.585726 0.601802 0.305226 0.634129 0.314274 0.290245 0.364872 0.417340 0.932946
0.110350 0.115961 0.180078 0.191006 0.583995 0.500078 0.132989 0.158291 0.353440 0.288640 0.124455 0.115630 0.132250 0.209472 0.224582 0.210509 0.110722 0.085219 0.000000 0.108613 0.401273 0.712321 0.216919 0.388662 0.597307 0.550492 0.911996 0.949183 0.141438 0.113797 0.184246 0.280297 0.134279 0.127888 0.447899 0.588254 0.365910 0.449047 0.605000 0.592987 0.718961 0.422811 0.171666 0.137352 0.226384 0.196752 0.191895 0.174521 0.667146 0.341922 0.396261 0.321293 0.483676 0.425955 0.437857 0.571055 0.130357 0.138404 0.162293 0.204824 0.112969 0.211023 0.123281 0.136603 0.305947 0.205554 0.179559 0.166990 0.235118 0.187223 0.200623 0.200171 0.335509 0.318636 0.604543 0.527116 0.305369 0.243139 0.205023 0.168342 0.121530 0.145725 0.346205 0.271176 0.245439 0.364944 0.915065 0.916945 0.450140 0.549097 0.541477 0.605662 0.545164 0.658854 0.383869 0.505663 0.347674 0.442821 0.271381 0.251836 0.534602 0.509509 0.297226 0.240371 0.316863 0.283964 0.765419 0.565475 0.579675 0.341765 0.632512 0.340425 0.327184 0.407746 0.422087 0.958162
0.120728 0.126646 0.174611 0.182513 0.683833 0.544171 0.168687 0.161087 0.333265 0.300492 0.148361 0.124337 0.164035 0.237279 0.253640 0.261178 0.127859 0.097873 0.108613 0.000000 0.431938 0.745175 0.236602 0.376978 0.573934 0.475865 0.932781 0.995698 0.143941 0.107833 0.190608 0.230448 0.128852 0.121961 0.444736 0.597669 0.353159 0.468898 0.686425 0.606876 0.754524 0.512434 0.194968 0.166413 0.251345 0.211740 0.206068 0.204286 0.665868 0.351104 0.433816 0.354956 0.487461 0.492648 0.452291 0.524516 0.140784 0.138715 0.165318 0.190127 0.143479 0.201226 0.148389 0.154152 0.318995 0.215278 0.207033 0.176991 0.232372 0.182401 0.254140 0.273424 0.314419 0.304361 0.590809 0.573572 0.303931 0.255516 0.184883 0.171746 0.131453 0.133635 0.396701 0.261271 0.269179 0.388429 0.886486 0.906121 0.391054 0.529437 0.575460 0.642987 0.581572 0.707689 0.364450 0.538032 0.348917 0.464731 0.282167 0.250823 0.521858 0.561623 0.343736 0.249979 0.355567 0.299574 0.777901 0.580824 0.559523 0.319906 0.612545 0.353278 0.342113 0.434145 0.428207 0.906294
0.438342 0.408826 0.378666 0.351391 0.685293 0.612674 0.391997 0.394405 0.557285 0.537868 0.463831 0.445559 0.380254 0.409175 0.405411 0.395908 0.459600 0.430087 0.401273 0.431938 0.000000 0.767563 0.350071 0.368991 0.508089 0.529600 0.987705 0.873983 0.475668 0.456379 0.347916 0.489117 0.408852 0.384366 0.513829 0.677988 0.497633 0.514404 0.639302 0.719735 0.673780 0.651597 0.343553 0.351136 0.453728 0.434523 0.389557 0.396496 0.775368 0.481290 0.567931 0.512529 0.648492 0.493106 0.556228 0.690502 0.476594 0.447336 0.438223 0.469892 0.433773 0.485915 0.441131 0.437881 0.415542 0.443948 0.385662 0.426809 0.559235 0.498116 0.354196 0.429557 0.537279 0.579093 0.805852 0.696287 0.405511 0.393381 0.465654 0.454383 0.416183 0.392564 0.424085 0.471199 0.392441 0.444822 0.956337 0.982690 0.650274 0.572737 0.564289 0.641852 0.561141 0.678565 0.481499 0.561506 0.453712 0.602608 0.556658 0.493160 0.661345 0.585720 0.443927 0.448688 0.433446 0.449707 0.858053 0.621434 0.599367 0.675221 0.709772 0.609890 0.535398 0.568353 0.566990 0.884302
0.773034 0.759296 0.747261 0.697827 0.765770 0.973420 0.733659 0.745381 0.856446 0.784221 0.810995 0.752643 0.757621 0.741736 0.750006 0.790658 0.700699 0.746628 0.712321 0.745175 0.767563 0.000000 0.737686 0.814196 0.955199 0.803723 0.893873 0.785983 0.709180 0.723397 0.799982 0.687346 0.703995 0.709428 0.871177 0.753936 0.813991 0.868786 0.781351 0.802791 0.925973 0.869434 0.735576 0.715061 0.769524 0.812108 0.762170 0.790667 0.827657 0.807594 0.788827 0.782678 0.908648 0.738456 0.760581 0.891885 0.752178 0.796069 0.797864 0.850096 0.746206 0.771237 0.773996 0.758924 0.709483 0.709864 0.719989 0.700048 0.801232 0.771411 0.746313 0.817923 0.768947 0.781679 0.952441 0.616866 0.785945 0.775084 0.858522 0.746451 0.754151 0.739808 0.682188 0.763317 0.751848 0.690882 0.945010 0.909204 0.764749 0.768356 0.851551 0.905033 0.897656 0.875746 0.769341 0.837774 0.853832 0.677931 0.759978 0.714854 0.923685 0.908427 0.765089 0.705844 0.802605 0.710604 0.998036 0.776177 0.910371 0.817854 0.769265 0.765570 0.811452 0.787687 0.754239 0.877112
0.208483 0.218941 0.201246 0.176190 0.597566 0.514339 0.257274 0.219012 0.348787 0.385893 0.262912 0.175150 0.133843 0.149979 0.127698 0.111746 0.257260 0.236566 0.216919 0.236602 0.350071 0.737686 0.000000 0.166459 0.422868 0.403036 0.931825 0.913401 0.205426 0.201924 0.146849 0.240568 0.178711 0.229402 0.407734 0.614965 0.296913 0.412945 0.563559 0.603202 0.740385 0.497936 0.231153 0.250781 0.331410 0.285486 0.223705 0.234562 0.655499 0.363599 0.403941 0.329094 0.437760 0.428974 0.460969 0.519669 0.282952 0.269463 0.253632 0.273987 0.169514 0.197869 0.195720 0.192968 0.198737 0.197852 0.224847 0.235175 0.404784 0.307304 0.221761 0.324718 0.390813 0.442553 0.703665 0.584270 0.315776 0.286930 0.242894 0.287953 0.186019 0.207061 0.277082 0.271572 0.130220 0.171611 0.938171 0.863023 0.396721 0.362404 0.546964 0.646795 0.544949 0.736982 0.371404 0.483388 0.398833 0.491086 0.362320 0.334002 0.532665 0.610003 0.311522 0.336520 0.305774 0.287236 0.753170 0.551849 0.641983 0.507679 0.700689 0.512111 0.456280 0.504284 0.398279 0.982701
0.397033 0.392878 0.331842 0.305576 0.696395 0.643991 0.448149 0.407938 0.527003 0.572753 0.417012 0.341397 0.274161 0.233847 0.243203 0.207558 0.427512 0.410434 0.388662 0.376978 0.368991 0.814196 0.166459 0.000000 0.347865 0.376123 0.932701 0.809626 0.336101 0.322698 0.223377 0.270374 0.336190 0.388299 0.500979 0.697631 0.432738 0.566817 0.584114 0.685506 0.812101 0.627982 0.407430 0.437822 0.542817 0.483781 0.378570 0.394082 0.781438 0.522380 0.580624 0.540832 0.574398 0.575982 0.562387 0.640066 0.483710 0.459678 0.446334 0.482588 0.359752 0.387574 0.353067 0.370595 0.323917 0.338335 0.397685 0.423112 0.562119 0.481808 0.380833 0.505019 0.523069 0.569157 0.798270 0.673838 0.475357 0.416612 0.385898 0.409733 0.342064 0.332167 0.279067 0.359194 0.259313 0.191466 0.797237 0.676444 0.504243 0.457844 0.739589 0.844172 0.736757 0.917252 0.478308 0.649348 0.579412 0.588627 0.630616 0.557801 0.676668 0.747253 0.520000 0.524732 0.482733 0.485283 0.846743 0.700282 0.695409 0.616784 0.793436 0.717005 0.665491 0.681808 0.560099 0.970258
0.624558 0.621599 0.449151 0.431089 0.968431 0.772979 0.657809 0.642201 0.697670 0.837368 0.688197 0.631075 0.595944 0.614580 0.568087 0.548665 0.718585 0.663862 0.597307 0.573934 0.508089 0.955199 0.422868 0.347865 0.000000 0.252305 0.836641 0.792313 0.658562 0.606583 0.365172 0.496335 0.573485 0.631956 0.557416 0.815285 0.530880 0.775828 0.502836 0.855014 0.888270 0.858001 0.623717 0.657163 0.758623 0.695838 0.546437 0.605495 0.888471 0.611990 0.788823 0.679931 0.701886 0.744814 0.555580 0.687853 0.780375 0.656422 0.707046 0.608874 0.640812 0.618248 0.690004 0.675676 0.448949 0.533857 0.650270 0.624702 0.639165 0.645196 0.620179 0.671183 0.551772 0.637685 0.749246 0.842298 0.689356 0.724713 0.613870 0.580802 0.590143 0.527987 0.655136 0.576448 0.476528 0.390221 0.949731 0.868091 0.686087 0.496178 0.882717 0.968547 0.828163 0.997860 0.635440 0.813044 0.716948 0.836769 0.828828 0.796477 0.924588 0.943284 0.864120 0.753041 0.667534 0.711458 0.853767 0.940397 0.795256 0.730488 0.981068 0.845830 0.804489 0.875691 0.705678 0.965113
0.553467 0.564740 0.353608 0.330354 0.937805 0.603123 0.529546 0.510339 0.575595 0.632798 0.596334 0.546797 0.560308 0.604943 0.549169 0.547507 0.626431 0.572947 0.550492 0.475865 0.529600 0.803723 0.403036 0.376123 0.252305 0.000000 0.827772 0.717767 0.573599 0.534207 0.338177 0.386167 0.461420 0.482106 0.465434 0.742404 0.469515 0.768061 0.539082 0.735602 0.916749 0.779440 0.472404 0.517557 0.591972 0.545171 0.439923 0.506606 0.721473 0.520015 0.643991 0.551629 0.544532 0.618411 0.549102 0.531743 0.693589 0.608710 0.591553 0.549210 0.542583 0.512720 0.626904 0.613898 0.350516 0.356547 0.492226 0.461331 0.574480 0.534465 0.537671 0.582976 0.434933 0.540326 0.734539 0.798867 0.520824 0.586848 0.550675 0.512935 0.504034 0.445515 0.640427 0.468516 0.440951 0.377556 0.946902 0.872614 0.516976 0.468822 0.684353 0.774348 0.664545 0.829744 0.519721 0.747656 0.599050 0.720995 0.633472 0.561215 0.706153 0.753801 0.748659 0.561699 0.608533 0.654041 0.868050 0.755001 0.789120 0.724700 0.947761 0.683984 0.613763 0.804478 0.560199 0.988795
0.893210 0.905441 0.941080 0.937543 0.828086 0.958330 0.854441 0.860062 0.927328 0.901199 0.973515 0.950394 0.969334 0.998985 0.958314 0.937760 0.923613 0.889199 0.911996 0.932781 0.987705 0.893873 0.931825 0.932701 0.836641 0.827772 0.000000 0.997572 0.942502 0.932688 0.914143 0.892370 0.889995 0.897245 0.987870 0.957716 0.957790 0.887084 0.851656 0.911119 0.941954 0.902219 0.925850 0.934700 0.857927 0.861488 0.943842 0.939767 0.827346 0.919139 0.824875 0.892911 0.970915 0.854144 0.852668 0.860056 0.878014 0.908117 0.897804 0.916805 0.903834 0.875933 0.902002 0.892413 0.967123 0.920485 0.875893 0.886385 0.960313 0.949698 0.991202 0.919858 0.980031 0.964788 0.990049 0.860096 0.992499 0.896540 0.964209 0.989196 0.924073 0.861252 0.989887 0.918984 0.940210 0.944943 0.913715 0.978957 0.965117 0.981252 0.809654 0.796101 0.858047 0.779441 0.964445 0.890463 0.945088 0.885473 0.832652 0.867916 0.917642 0.875716 0.848818 0.860395 0.753193 0.970727 0.981490 0.945678 0.942162 0.736323 0.924021 0.807846 0.784077 0.913454 0.992272 0.861967
0.943680 0.994321 0.960066 0.886406 0.985263 0.848952 0.983964 0.949632 0.929690 0.991424 0.919533 0.962116 0.999052 0.891337 0.956209 0.902699 0.953140 0.989495 0.949183 0.995698 0.873983 0.785983 0.913401 0.809626 0.792313 0.717767 0.997572 0.000000 0.956935 0.985411 0.954927 0.907586 0.926291 0.990482 0.941762 0.953715 0.897173 0.922524 0.958795 0.935206 0.917073 0.929724 0.950036 0.986945 0.947715 0.975315 0.905135 0.957987 0.997894 0.923792 0.985423 0.942224 0.888038 0.990402 0.972076 0.989152 0.933633 0.967114 0.952108 0.934868 0.972056 0.985956 0.989117 0.957225 0.942717 0.938803 0.957177 0.946634 0.971969 0.990758 0.961616 0.972871 0.972287 0.927464 0.877357 0.930754 0.887913 0.920945 0.979376 0.912838 0.987077 0.966513 0.911001 0.932207 0.954510 0.857564 0.961597 0.979263 0.967826 0.941385 0.910357 0.947942 0.903459 0.982274 0.932426 0.888920 0.876405 0.833423 0.950875 0.945419 0.946460 0.977165 0.895759 0.978278 0.902906 0.931655 0.813511 0.945423 0.954556 0.962676 0.993114 0.950192 0.974261 0.954650 0.866269 0.932387
0.154669 0.138045 0.271271 0.252404 0.635823 0.557734 0.235315 0.198411 0.408418 0.304338 0.160805 0.108002 0.133389 0.152770 0.186665 0.175768 0.117491 0.104936 0.141438 0.143941 0.475668 0.709180 0.205426 0.336101 0.658562 0.573599 0.942502 0.956935 0.000000 0.095218 0.221151 0.248694 0.144637 0.164510 0.473461 0.609321 0.368515 0.490630 0.646938 0.546018 0.761277 0.419952 0.250760 0.208387 0.303755 0.258681 0.228513 0.197707 0.631453 0.399731 0.439819 0.360471 0.495521 0.499933 0.480955 0.518038 0.141557 0.155819 0.183282 0.221533 0.137579 0.189267 0.111109 0.113709 0.345552 0.235268 0.239928 0.229495 0.283295 0.211227 0.289138 0.321996 0.414343 0.427065 0.650640 0.560162 0.336121 0.249171 0.173608 0.204669 0.128078 0.164647 0.301024 0.244193 0.234092 0.331325 0.897682 0.983899 0.453981 0.471146 0.638882 0.704323 0.641538 0.805679 0.371267 0.527053 0.388917 0.420442 0.337590 0.257862 0.557097 0.596680 0.293191 0.255169 0.350839 0.271050 0.823511 0.636833 0.632200 0.369740 0.628496 0.396356 0.378308 0.384638 0.430838 0.950160
0.127053 0.133298 0.218187 0.201830 0.669776 0.554549 0.199298 0.173044 0.363911 0.273856 0.131413 0.094199 0.121461 0.158745 0.173539 0.177121 0.100772 0.087015 0.113797 0.107833 0.456379 0.723397 0.201924 0.322698 0.606583 0.534207 0.932688 0.985411 0.095218 0.000000 0.190648 0.215663 0.131038 0.128439 0.445527 0.608739 0.351893 0.480312 0.654842 0.574001 0.755363 0.491297 0.242478 0.193451 0.287278 0.236467 0.237749 0.205834 0.693802 0.372729 0.439914 0.353529 0.478332 0.470749 0.437100 0.520352 0.143836 0.140395 0.184758 0.214374 0.124807 0.182230 0.114220 0.112987 0.320766 0.214299 0.226032 0.211012 0.255774 0.181178 0.277637 0.291902 0.358889 0.359346 0.560060 0.546904 0.328318 0.238680 0.159749 0.163757 0.109751 0.125643 0.310039 0.228115 0.246267 0.327582 0.833557 0.977204 0.408758 0.509230 0.605993 0.670202 0.618385 0.744778 0.365697 0.533675 0.391630 0.450160 0.319663 0.262041 0.565722 0.558235 0.305529 0.253143 0.365288 0.288520 0.791723 0.625982 0.650419 0.341890 0.642071 0.393095 0.368845 0.395783 0.465621 0.987585
0.220323 0.221221 0.163513 0.158119 0.739367 0.517304 0.225019 0.234350 0.357102 0.383381 0.231092 0.212396 0.196685 0.240740 0.228396 0.202589 0.247345 0.215097 0.184246 0.190608 0.347916 0.799982 0.146849 0.223377 0.365172 0.338177 0.914143 0.954927 0.221151 0.190648 0.000000 0.180663 0.177155 0.200172 0.425755 0.633716 0.305275 0.523451 0.545798 0.681560 0.735509 0.555900 0.235414 0.222738 0.344127 0.304129 0.248297 0.244754 0.730188 0.400893 0.488986 0.403581 0.483789 0.471794 0.440759 0.568016 0.293536 0.264884 0.274318 0.294591 0.207452 0.267015 0.241543 0.250437 0.251735 0.194637 0.231261 0.233363 0.292950 0.273521 0.257085 0.295734 0.315930 0.342604 0.604656 0.641699 0.343873 0.278508 0.240367 0.232037 0.187224 0.171284 0.334218 0.244022 0.219116 0.239919 0.893153 0.910568 0.407224 0.458124 0.605520 0.694494 0.592047 0.738993 0.403906 0.568222 0.375348 0.573768 0.422994 0.389864 0.571586 0.544666 0.425538 0.363448 0.391160 0.373194 0.777646 0.678607 0.656736 0.470849 0.734958 0.509626 0.454908 0.471605 0.494981 0.973181
0.314426 0.298105 0.276388 0.240992 0.847376 0.632157 0.333576 0.320913 0.455017 0.428991 0.291439 0.266625 0.285378 0.280543 0.299398 0.283742 0.267813 0.260277 0.280297 0.230448 0.489117 0.687346 0.240568 0.270374 0.496335 0.386167 0.892370 0.907586 0.248694 0.215663 0.180663 0.000000 0.248190 0.233775 0.556133 0.719940 0.391761 0.642669 0.589905 0.646091 0.889658 0.622504 0.327781 0.294725 0.438645 0.419959 0.351151 0.339958 0.825254 0.526579 0.628311 0.544518 0.606329 0.619784 0.573048 0.679428 0.323570 0.324839 0.354305 0.398123 0.307893 0.361811 0.313405 0.318709 0.372103 0.275110 0.330353 0.319855 0.385152 0.348969 0.387338 0.428006 0.416765 0.440802 0.625395 0.634062 0.413126 0.338833 0.285885 0.261009 0.262567 0.252688 0.370026 0.279547 0.348800 0.311059 0.901237 0.878307 0.443458 0.542593 0.735124 0.854233 0.747708 0.861907 0.429412 0.628487 0.503947 0.560297 0.508764 0.441561 0.692335 0.682505 0.513069 0.382982 0.512526 0.423699 0.908760 0.798292 0.772266 0.530106 0.725674 0.524084 0.575445 0.556531 0.581459 0.982329
0.132559 0.137664 0.152892 0.137976 0.606238 0.491315 0.140282 0.122609 0.333618 0.237098 0.183674 0.120327 0.156389 0.205660 0.214350 0.208685 0.147472 0.120265 0.134279 0.128852 0.408852 0.703995 0.178711 0.336190 0.573485 0.461420 0.889995 0.926291 0.144637 0.131038 0.177155 0.248190 0.000000 0.130509 0.398353 0.563794 0.344651 0.452683 0.632154 0.575724 0.769341 0.488751 0.170276 0.153484 0.221729 0.187295 0.201715 0.209895 0.599869 0.357861 0.383294 0.318955 0.458848 0.416006 0.423191 0.473778 0.168445 0.158580 0.156498 0.202600 0.120260 0.158523 0.155966 0.140365 0.260363 0.158104 0.160036 0.129946 0.256379 0.169721 0.206001 0.229381 0.319227 0.359891 0.628840 0.595016 0.246554 0.195917 0.166429 0.202849 0.114364 0.129116 0.364229 0.236715 0.210893 0.295731 0.923756 0.946572 0.391808 0.445670 0.466802 0.521263 0.475309 0.602973 0.329137 0.472375 0.300504 0.410698 0.237265 0.201629 0.485743 0.448498 0.290069 0.194854 0.278100 0.293431 0.800829 0.525782 0.582973 0.344772 0.618663 0.341818 0.320380 0.372467 0.432191 0.970890
0.139000 0.153547 0.192060 0.166804 0.656177 0.495203 0.139791 0.129526 0.343769 0.236286 0.169585 0.148870 0.179190 0.242060 0.256415 0.254284 0.126375 0.113518 0.127888 0.121961 0.384366 0.709428 0.229402 0.388299 0.631956 0.482106 0.897245 0.990482 0.164510 0.128439 0.200172 0.233775 0.130509 0.000000 0.393393 0.576488 0.324640 0.452464 0.611310 0.585071 0.737654 0.444331 0.177665 0.141838 0.210651 0.192868 0.202987 0.210129 0.648664 0.337920 0.399339 0.326203 0.451570 0.431175 0.449466 0.516357 0.155816 0.151009 0.172730 0.230334 0.139071 0.197345 0.161393 0.152419 0.280305 0.167305 0.141694 0.139780 0.286693 0.181732 0.244978 0.237083 0.315910 0.376083 0.590360 0.553634 0.266751 0.204375 0.184368 0.183075 0.128680 0.127355 0.354610 0.245514 0.236921 0.334762 0.923074 0.994787 0.412219 0.492695 0.467513 0.547325 0.485702 0.579141 0.354625 0.457510 0.325870 0.416576 0.242449 0.200996 0.450917 0.444347 0.267457 0.195435 0.322853 0.287498 0.809304 0.507310 0.643338 0.415589 0.618801 0.291250 0.295926 0.379385 0.428890 0.891863
0.400158 0.452997 0.431471 0.371634 0.800130 0.501095 0.447338 0.383477 0.544055 0.434319 0.524904 0.414868 0.457712 0.463082 0.434380 0.463763 0.489763 0.462000 0.447899 0.444736 0.513829 0.871177 0.407734 0.500979 0.557416 0.465434 0.987870 0.941762 0.473461 0.445527 0.425755 0.556133 0.398353 0.393393 0.000000 0.616450 0.442605 0.579682 0.732024 0.857614 0.690506 0.541607 0.412841 0.465630 0.429745 0.378521 0.440286 0.463489 0.542413 0.373497 0.455444 0.380687 0.455003 0.508842 0.427371 0.490382 0.557073 0.462664 0.414426 0.378273 0.415781 0.387371 0.459425 0.433600 0.383886 0.389981 0.398443 0.394327 0.506725 0.375823 0.481073 0.465448 0.457605 0.572170 0.645607 0.718774 0.440930 0.449239 0.413150 0.487262 0.387413 0.363302 0.646057 0.461409 0.341862 0.426966 0.971965 0.946657 0.582911 0.481554 0.528990 0.600803 0.523708 0.634456 0.565051 0.626175 0.454441 0.627648 0.412349 0.405308 0.531835 0.650114 0.465474 0.496133 0.417194 0.485049 0.824062 0.561277 0.693577 0.694676 0.687623 0.424108 0.506723 0.684699 0.544089 0.905417
0.567603 0.555451 0.641447 0.612762 0.819625 0.752200 0.627858 0.571049 0.684799 0.681071 0.610027 0.561166 0.595119 0.615011 0.662076 0.645981 0.559981 0.586235 0.588254 0.597669 0.677988 0.753936 0.614965 0.697631 0.815285 0.742404 0.957716 0.953715 0.609321 0.608739 0.633716 0.719940 0.563794 0.576488 0.616450 0.000000 0.624211 0.549975 0.921424 0.744110 0.733055 0.644235 0.567284 0.621450 0.611321 0.601830 0.640544 0.594687 0.745718 0.636268 0.649167 0.598148 0.703666 0.674281 0.760424 0.730611 0.574041 0.549715 0.557890 0.576199 0.614192 0.630077 0.546432 0.569546 0.704159 0.674820 0.564156 0.557961 0.741321 0.567442 0.622129 0.634155 0.761342 0.773433 0.963535 0.733106 0.627544 0.639229 0.564351 0.638260 0.534962 0.570605 0.612570 0.568573 0.576512 0.628511 0.924586 0.996633 0.695395 0.660893 0.719979 0.713474 0.742311 0.723748 0.600165 0.663420 0.601092 0.541249 0.626143 0.627074 0.733212 0.689873 0.546044 0.534840 0.703207 0.658797 0.892359 0.634642 0.739726 0.662332 0.684319 0.653610 0.613270 0.743208 0.632078 0.965082
0.337928 0.327518 0.321190 0.303425 0.836177 0.627455 0.382699 0.339122 0.434094 0.452037 0.426759 0.345212 0.323371 0.352470 0.332327 0.361429 0.398191 0.362671 0.365910 0.353159 0.497633 0.813991 0.296913 0.432738 0.530880 0.469515 0.957790 0.897173 0.368515 0.351893 0.305275 0.391761 0.344651 0.324640 0.442605 0.624211 0.000000 0.392939 0.517514 0.652171 0.805124 0.477826 0.342898 0.336093 0.354664 0.350754 0.360323 0.299325 0.528543 0.389913 0.424382 0.357558 0.489785 0.573020 0.573113 0.501627 0.374784 0.335397 0.311878 0.323357 0.306113 0.287511 0.376379 0.333092 0.278118 0.318669 0.355219 0.315917 0.501694 0.386425 0.461428 0.443732 0.558486 0.537943 0.614860 0.661148 0.446606 0.381176 0.370487 0.429207 0.368100 0.355706 0.528419 0.376868 0.276371 0.318800 0.868140 0.882752 0.412091 0.356899 0.632967 0.700317 0.595348 0.730099 0.431838 0.534468 0.447844 0.528273 0.369589 0.409244 0.488178 0.618487 0.322523 0.388101 0.379590 0.361490 0.779181 0.562358 0.696763 0.548274 0.769490 0.500535 0.547951 0.617097 0.501666 0.861608
0.406960 0.445122 0.484720 0.495652 0.736093 0.851549 0.491898 0.444476 0.478804 0.510071 0.476229 0.406544 0.378669 0.387621 0.416253 0.417292 0.464411 0.453727 0.449047 0.468898 0.514404 0.868786 0.412945 0.566817 0.775828 0.768061 0.887084 0.922524 0.490630 0.480312 0.523451 0.642669 0.452683 0.452464 0.579682 0.549975 0.392939 0.000000 0.713226 0.677878 0.739934 0.578299 0.437070 0.472399 0.490616 0.460848 0.524848 0.459400 0.633780 0.497401 0.475141 0.480721 0.694151 0.638308 0.713484 0.685509 0.419916 0.442568 0.409752 0.435643 0.373769 0.383279 0.393422 0.373927 0.416038 0.473434 0.491285 0.473015 0.650910 0.552389 0.557609 0.583976 0.647139 0.657939 0.880693 0.753744 0.478031 0.507861 0.522955 0.521769 0.498204 0.538794 0.556356 0.586753 0.403937 0.532582 0.827752 0.921605 0.561002 0.610060 0.622494 0.635957 0.661800 0.722400 0.540363 0.496180 0.575859 0.556580 0.418349 0.483347 0.612217 0.618422 0.350774 0.434516 0.452769 0.434718 0.719258 0.573818 0.610608 0.479377 0.770350 0.647191 0.592499 0.677415 0.413042 0.960680
