0.000000 0.369582 0.995565 0.806113 0.920983 0.888516 0.773333 0.718202 0.972064 0.655516 0.457691 0.400490 0.598520 0.632305 0.805479 0.768615 0.416875 0.392080 0.503239 0.397937 0.932890 0.997143 0.860149 0.829089 0.976272 0.888262 0.987697 0.829746 0.488841 0.472352 0.806511 0.820210 0.602831 0.573486 0.939725 0.922772 0.775767 0.670346 0.992970 0.832479 0.797399 0.742906 0.791281 0.631921 0.871504 0.756305 0.578668 0.606307 0.703404 0.650128 0.822874 0.720497 0.922629 0.969550 0.793716 0.801107 0.405345 0.360984 0.575448 0.560783 0.661883 0.790491 0.567352 0.454376 0.835900 0.803560 0.854721 0.916323 0.396879 0.500532 0.744015 0.777393 0.660484 0.547428 0.775475 0.938181 0.682146 0.686584 0.561718 0.643178 0.375177 0.421000 0.525491 0.511083 0.748610 0.969911 0.974471 0.970303 0.904305 0.816833 0.911480 0.914072 0.856734 0.875254 0.984773 0.809552 0.897156 0.772611 0.695165 0.739204 0.947747 0.874126 0.585844 0.704609 0.857060 0.687384 0.904414 0.843369 0.841587 0.759098 0.892055 0.847233 0.814137 0.811354 0.836559 0.877615
0.369582 0.000000 0.906445 0.748823 0.969099 0.807335 0.671779 0.619881 0.882156 0.593138 0.516632 0.421303 0.752540 0.737341 0.966870 0.821704 0.468900 0.419171 0.449037 0.433555 0.833756 0.995609 0.892923 0.780652 0.970431 0.889017 0.975925 0.763273 0.501245 0.576323 0.760017 0.785140 0.651675 0.544111 0.924411 0.984574 0.751118 0.573701 0.990047 0.922472 0.886242 0.812705 0.543573 0.464088 0.722190 0.590833 0.531966 0.550232 0.573840 0.509296 0.684024 0.612189 0.758158 0.825247 0.854241 0.781960 0.298774 0.268033 0.612778 0.581951 0.715473 0.753887 0.645124 0.485423 0.831239 0.748667 0.874841 0.886742 0.530281 0.501095 0.759415 0.713784 0.764426 0.654535 0.961218 0.907265 0.593973 0.677365 0.511454 0.629345 0.379074 0.458110 0.647804 0.484237 0.828845 0.901894 0.889881 0.880666 0.878339 0.846192 0.975583 0.927549 0.995625 0.993750 0.882753 0.912699 0.922462 0.762396 0.650257 0.611675 0.844454 0.854266 0.510779 0.742144 0.882988 0.824168 0.836949 0.732565 0.921633 0.669056 0.672300 0.761365 0.644949 0.642897 0.839858 0.945115
0.995565 0.906445 0.000000 0.566967 0.997992 0.858456 0.742256 0.812201 0.498257 0.954453 0.877595 0.881457 0.760727 0.834501 0.793312 0.751568 0.897385 0.955379 0.876151 0.818987 0.877494 0.962150 0.608904 0.679135 0.580572 0.573470 0.972895 0.845476 0.941600 0.897887 0.564154 0.664362 0.805879 0.883659 0.742220 0.977299 0.752412 0.919320 0.804802 0.944545 0.963053 0.974636 0.899806 0.956600 0.906324 0.903139 0.878767 0.948499 0.743227 0.905010 0.807670 0.862273 0.951803 0.880794 0.972950 0.824185 0.997545 0.991375 0.888786 0.951280 0.731535 0.643444 0.878479 0.940218 0.445784 0.521944 0.981573 0.786186 0.889104 0.998240 0.689135 0.711863 0.682060 0.790159 0.997680 0.929394 0.725369 0.869760 0.966497 0.863327 0.960578 0.883899 0.804607 0.924078 0.760102 0.713854 0.913205 0.847410 0.819891 0.910619 0.985209 0.934642 0.989192 0.949374 0.867000 0.890755 0.883330 0.992501 0.971146 0.975332 0.897716 0.912103 0.899530 0.885258 0.857316 0.915750 0.886795 0.936515 0.859454 0.981210 0.997941 0.868475 0.978454 0.991005 0.748076 0.975431
0.806113 0.748823 0.566967 0.000000 0.959698 0.909691 0.666314 0.484472 0.602747 0.722381 0.816700 0.582551 0.671422 0.681253 0.731094 0.618849 0.944553 0.875893 0.737848 0.767219 0.907828 0.964423 0.478187 0.681149 0.696871 0.650985 0.966995 0.927401 0.915057 0.813503 0.508376 0.590700 0.760915 0.787168 0.891924 0.943234 0.710421 0.870212 0.834614 0.973222 0.948782 0.852243 0.810605 0.793408 0.837622 0.908170 0.841754 0.862815 0.775997 0.879704 0.872677 0.890473 0.938254 0.877100 0.957740 0.845063 0.875299 0.832959 0.941390 0.831483 0.729865 0.548406 0.931380 0.777629 0.679286 0.651851 0.967802 0.839672 0.745990 0.839564 0.602498 0.538815 0.720677 0.847834 0.915466 0.917871 0.604044 0.809347 0.774325 0.927625 0.889632 0.881601 0.786247 0.859340 0.922102 0.864145 0.955826 0.831190 0.900160 0.745946 0.959605 0.908905 0.935291 0.971340 0.892706 0.909993 0.917310 0.939820 0.887165 0.859743 0.878444 0.965958 0.980568 0.948889 0.668260 0.670122 0.931420 0.761617 0.773389 0.863089 0.790298 0.870342 0.893101 0.975699 0.717574 0.895094
0.920983 0.969099 0.997992 0.959698 0.000000 0.984392 0.897583 0.965538 0.859341 0.921961 0.919658 0.886798 0.800665 0.885282 0.856793 0.956701 0.924971 0.884624 0.805696 0.977783 0.996293 0.873719 0.756756 0.965729 0.890529 0.919038 0.990825 0.996618 0.934396 0.902031 0.821732 0.960645 0.925132 0.874296 0.740185 0.870355 0.999574 0.863965 0.866502 0.842976 0.905106 0.802677 0.909710 0.943336 0.891482 0.886255 0.980394 0.992952 0.915253 0.873061 0.869646 0.923883 0.859849 0.869325 0.938423 0.977281 0.971055 0.989281 0.845793 0.954949 0.840127 0.895827 0.833209 0.907968 0.937530 0.900290 0.834095 0.842458 0.839606 0.950931 0.980312 0.904286 0.994497 0.989773 0.926745 0.932420 0.865564 0.959712 0.971288 0.947160 0.936438 0.885031 0.754570 0.851591 0.790615 0.727569 0.801626 0.888977 0.875402 0.968215 0.820642 0.843038 0.804632 0.913283 0.896057 0.950711 0.982968 0.908315 0.870900 0.958787 0.886644 0.932977 0.936863 0.902801 0.980835 0.723344 0.996532 0.891145 0.942363 0.840641 0.885529 0.999193 0.980801 0.862961 0.838828 0.940642
0.888516 0.807335 0.858456 0.909691 0.984392 0.000000 0.819704 0.904810 0.861228 0.770469 0.707159 0.893434 0.884887 0.843421 0.712115 0.684785 0.694912 0.679596 0.663269 0.899685 0.838598 0.999210 0.847295 0.634532 0.757460 0.651551 0.891408 0.675110 0.717935 0.827194 0.968900 0.954220 0.798463 0.661535 0.998837 0.864135 0.857749 0.847235 0.805373 0.987361 0.949622 0.995111 0.825935 0.706067 0.718133 0.653034 0.848154 0.695869 0.761401 0.784128 0.819001 0.858461 0.976160 0.910813 0.746069 0.937369 0.608691 0.747150 0.704221 0.829194 0.917062 0.860919 0.687079 0.760897 0.743767 0.699205 0.836129 0.859917 0.994730 0.987112 0.783463 0.931756 0.826443 0.975556 0.944059 0.955440 0.970999 0.796116 0.804953 0.954795 0.821541 0.958207 0.896699 0.840789 0.786857 0.744830 0.947124 0.976800 0.989060 0.902729 0.869140 0.910240 0.853238 0.790837 0.980974 0.981178 0.752739 0.761213 0.853740 0.704884 0.918775 0.904038 0.786105 0.768623 0.928121 0.985681 0.859891 0.908384 0.871942 0.966398 0.867367 0.841191 0.888582 0.839745 0.890337 0.901976
0.773333 0.671779 0.742256 0.666314 0.897583 0.819704 0.000000 0.359240 0.876315 0.641624 0.719707 0.646338 0.826060 0.837140 0.890445 0.939936 0.635760 0.658054 0.606272 0.822377 0.947351 0.951119 0.871592 0.775795 0.775132 0.919796 0.674491 0.537770 0.717004 0.722973 0.618202 0.794951 0.453898 0.425053 0.857030 0.784521 0.893190 0.856692 0.866575 0.798625 0.885008 0.932124 0.576320 0.554865 0.541281 0.530294 0.614014 0.583789 0.676422 0.623966 0.628695 0.641662 0.696081 0.770953 0.957011 0.870994 0.689097 0.663653 0.467814 0.546815 0.370363 0.724582 0.485325 0.516516 0.921204 0.976845 0.358211 0.387962 0.962063 0.920656 0.823445 0.773261 0.949656 0.982247 0.965019 0.871655 0.643754 0.909132 0.648828 0.794852 0.674275 0.903494 0.778372 0.852489 0.961699 0.860603 0.996764 0.820764 0.940918 0.935766 0.791879 0.852950 0.747383 0.892063 0.815356 0.895392 0.918402 0.706724 0.527911 0.601993 0.584777 0.708160 0.720557 0.598102 0.755399 0.778977 0.829595 0.664582 0.941353 0.863671 0.628363 0.773050 0.616938 0.764416 0.622732 0.838283
0.718202 0.619881 0.812201 0.484472 0.965538 0.904810 0.359240 0.000000 0.748221 0.406560 0.686243 0.461830 0.714927 0.688964 0.933595 0.772666 0.632835 0.618834 0.549059 0.727009 0.829971 0.915560 0.700106 0.901081 0.805287 0.918298 0.799784 0.674309 0.687284 0.658731 0.539617 0.726859 0.526117 0.457043 0.926504 0.893888 0.953476 0.992223 0.958359 0.818302 0.980204 0.946739 0.534064 0.480821 0.712660 0.630425 0.562187 0.572409 0.790717 0.697549 0.695413 0.691853 0.732509 0.762452 0.985348 0.904684 0.710610 0.642831 0.514887 0.543923 0.422198 0.498751 0.535006 0.437349 0.931904 0.906406 0.563949 0.518156 0.876139 0.787763 0.605326 0.589984 0.846111 0.957234 0.992054 0.925962 0.611883 0.858837 0.526167 0.816936 0.674223 0.883684 0.755215 0.842727 0.957959 0.831305 0.900030 0.704386 0.990314 0.972591 0.808066 0.911293 0.798716 0.959071 0.819833 0.870429 0.827305 0.668938 0.548421 0.548324 0.589839 0.832996 0.701610 0.637837 0.639872 0.743166 0.877623 0.581144 0.861821 0.760064 0.596563 0.784595 0.570900 0.785055 0.666675 0.871150
0.972064 0.882156 0.498257 0.602747 0.859341 0.861228 0.876315 0.748221 0.000000 0.847568 0.987886 0.835037 0.793413 0.753656 0.685190 0.620139 0.837813 0.853623 0.905835 0.899599 0.995938 0.988454 0.630790 0.717232 0.696658 0.554777 0.987776 0.962691 0.997709 0.928130 0.629863 0.795060 0.868722 0.957314 0.797669 0.869203 0.669356 0.850834 0.779167 0.957557 0.926007 0.945900 0.690998 0.822267 0.979916 0.999812 0.806287 0.921212 0.901689 0.990046 0.984169 0.972801 0.866360 0.837726 0.929984 0.935565 0.975932 0.961283 0.825415 0.968366 0.796543 0.502406 0.754292 0.918198 0.577074 0.544389 0.934919 0.928265 0.956289 0.932275 0.562021 0.537647 0.708520 0.922103 0.865093 0.952561 0.728251 0.878381 0.940811 0.909243 0.919907 0.932461 0.984573 0.987318 0.831344 0.841428 0.891849 0.802030 0.824811 0.851427 0.722073 0.804073 0.790611 0.864399 0.883963 0.858109 0.794689 0.972796 0.785315 0.790427 0.968832 0.888034 0.993424 0.927076 0.833839 0.904027 0.843358 0.792627 0.961586 0.862821 0.922239 0.911317 0.869779 0.864836 0.891658 0.784346
0.655516 0.593138 0.954453 0.722381 0.921961 0.770469 0.641624 0.406560 0.847568 0.000000 0.637166 0.525030 0.816105 0.781610 0.989329 0.894178 0.598574 0.573911 0.588079 0.701255 0.689186 0.874621 0.962883 0.701481 0.665774 0.777195 0.833609 0.775756 0.671123 0.715840 0.753076 0.876961 0.664295 0.607155 0.984949 0.949567 0.871087 0.830277 0.931611 0.984519 0.840390 0.807696 0.585178 0.493418 0.738424 0.594150 0.678331 0.596502 0.680285 0.612874 0.667130 0.653456 0.701557 0.669252 0.996813 0.892529 0.604949 0.573737 0.623292 0.678667 0.677555 0.632899 0.624286 0.478859 0.723299 0.803807 0.808155 0.824174 0.813834 0.681578 0.615348 0.613875 0.968206 0.875733 0.955845 0.988627 0.663376 0.871635 0.581183 0.879398 0.645125 0.901152 0.856529 0.850855 0.803830 0.586541 0.874694 0.654483 0.989241 0.972970 0.786501 0.804341 0.805077 0.902886 0.916246 0.816134 0.834084 0.666676 0.536415 0.563891 0.641651 0.797828 0.574374 0.659497 0.717452 0.874161 0.999519 0.566269 0.959504 0.685597 0.617088 0.674939 0.622306 0.761919 0.933827 0.959854
0.457691 0.516632 0.877595 0.816700 0.919658 0.707159 0.719707 0.686243 0.987886 0.637166 0.000000 0.496317 0.747295 0.758512 0.950801 0.893435 0.396908 0.341595 0.509212 0.416194 0.889535 0.934294 0.944096 0.793221 0.995057 0.869810 0.970557 0.814111 0.399340 0.408507 0.672890 0.708649 0.575859 0.467850 0.981590 0.949264 0.972722 0.756697 0.987830 0.928298 0.843318 0.720142 0.951852 0.748713 0.999957 0.878346 0.739385 0.699189 0.920258 0.851798 0.963499 0.954614 0.877183 0.858550 0.970818 0.944447 0.447587 0.476215 0.651446 0.572238 0.675301 0.851963 0.471353 0.417453 0.790404 0.813735 0.863365 0.850129 0.450364 0.597307 0.862622 0.959531 0.747879 0.605524 0.845872 0.934601 0.755290 0.638381 0.638829 0.864359 0.562018 0.742755 0.580423 0.596442 0.969148 0.913611 0.846001 0.809436 0.786214 0.936235 0.698032 0.671345 0.655588 0.669250 0.997757 0.849673 0.897524 0.699172 0.892277 0.883409 0.917057 0.944909 0.679974 0.630957 0.897496 0.713660 0.970993 0.947558 0.952072 0.786127 0.879410 0.991057 0.757986 0.832558 0.850145 0.867230
0.400490 0.421303 0.881457 0.582551 0.886798 0.893434 0.646338 0.461830 0.835037 0.525030 0.496317 0.000000 0.483915 0.494636 0.714565 0.563632 0.444491 0.391863 0.409569 0.422725 0.904959 0.982345 0.633143 0.945980 0.952323 0.893630 0.984676 0.726331 0.478594 0.411989 0.558205 0.595330 0.517653 0.482626 0.985979 0.955225 0.749177 0.703149 0.981365 0.984708 0.819959 0.787465 0.642217 0.521307 0.884121 0.754350 0.538476 0.592064 0.812868 0.765133 0.808815 0.759286 0.902434 0.885601 0.905259 0.845312 0.518379 0.449378 0.590927 0.585859 0.533852 0.561756 0.517261 0.362239 0.862676 0.943457 0.809312 0.797129 0.517703 0.615717 0.595017 0.559596 0.626337 0.623646 0.903213 0.934641 0.637516 0.654375 0.456910 0.729989 0.421220 0.535343 0.543061 0.518313 0.882917 0.999193 0.860962 0.793441 0.960625 0.855226 0.975354 0.897209 0.914164 0.844109 0.922826 0.771983 0.922672 0.669997 0.694498 0.646131 0.805421 0.887261 0.646823 0.635224 0.693067 0.646761 0.963216 0.765060 0.796763 0.699214 0.838154 0.870412 0.762434 0.765548 0.723270 0.888432
0.598520 0.752540 0.760727 0.671422 0.800665 0.884887 0.826060 0.714927 0.793413 0.816105 0.747295 0.483915 0.000000 0.437508 0.428803 0.490719 0.752634 0.708183 0.674949 0.594442 0.821138 0.972073 0.490047 0.848268 0.840300 0.936224 0.982061 0.803902 0.717189 0.656381 0.589044 0.702218 0.623516 0.775004 0.950137 0.887170 0.778176 0.917849 0.899503 0.955736 0.916299 0.857652 0.826670 0.821112 0.977357 0.975726 0.700475 0.768518 0.992059 0.969736 0.929201 0.858952 0.926259 0.887696 0.824807 0.834694 0.902063 0.793998 0.848264 0.866211 0.591182 0.598478 0.767943 0.694024 0.829225 0.803512 0.924613 0.878474 0.611750 0.751415 0.527108 0.582216 0.535454 0.660452 0.880334 0.936516 0.745634 0.828686 0.736063 0.802280 0.654502 0.522143 0.655623 0.663770 0.589165 0.714585 0.914494 0.894594 0.747812 0.747419 0.937396 0.975021 0.962930 0.946940 0.983217 0.695687 0.719761 0.850203 0.846057 0.848816 0.997318 0.852087 0.952524 0.768573 0.768605 0.694016 0.895016 0.865474 0.750251 0.980173 0.939197 0.990661 0.917888 0.918250 0.759130 0.938214
0.632305 0.737341 0.834501 0.681253 0.885282 0.843421 0.837140 0.688964 0.753656 0.781610 0.758512 0.494636 0.437508 0.000000 0.489426 0.420547 0.692941 0.673108 0.642088 0.601128 0.895893 0.972509 0.500141 0.776164 0.813340 0.865463 0.860658 0.943856 0.700521 0.610469 0.598409 0.572508 0.574055 0.788085 0.996538 0.958824 0.685157 0.813350 0.883662 0.881857 0.882247 0.782372 0.775065 0.788196 0.962751 0.987415 0.712660 0.885157 0.990898 0.971859 0.872187 0.876323 0.785988 0.786120 0.871862 0.924392 0.840212 0.788577 0.909849 0.938117 0.617699 0.516550 0.760511 0.643486 0.958937 0.829213 0.907911 0.890241 0.684104 0.777357 0.476234 0.525420 0.506658 0.766377 0.836514 0.954492 0.750732 0.799889 0.668463 0.873272 0.624241 0.665503 0.610669 0.724421 0.654206 0.721360 0.874514 0.820673 0.839748 0.776216 0.860455 0.999784 0.989056 0.992814 0.991654 0.839230 0.772688 0.848137 0.768354 0.861967 0.926219 0.826976 0.877622 0.640436 0.858603 0.666978 0.870488 0.828657 0.802003 0.854984 0.958380 0.952448 0.909435 0.881983 0.869287 0.990078
0.805479 0.966870 0.793312 0.731094 0.856793 0.712115 0.890445 0.933595 0.685190 0.989329 0.950801 0.714565 0.428803 0.489426 0.000000 0.392840 0.938779 0.955113 0.883734 0.756123 0.826965 0.931253 0.473114 0.664304 0.705334 0.828008 0.927777 0.935781 0.860467 0.763837 0.675813 0.719515 0.814558 0.971566 0.930590 0.866741 0.657548 0.901412 0.877903 0.852166 0.881636 0.970911 0.967223 0.999127 0.778463 0.790321 0.806369 0.918514 0.804227 0.829674 0.922444 0.989271 0.987060 0.965532 0.863674 0.945552 0.903384 0.982289 0.883481 0.921024 0.828425 0.687516 0.978196 0.927301 0.735423 0.710724 0.832418 0.907867 0.696299 0.918582 0.523087 0.671201 0.600881 0.800921 0.916246 0.867140 0.867385 0.865155 0.916403 0.851968 0.847088 0.746190 0.779022 0.865457 0.635457 0.644124 0.986069 0.955909 0.718838 0.858207 0.975580 0.918192 0.838527 0.920338 0.967909 0.929099 0.809388 0.951538 0.972448 0.953710 0.843707 0.986974 0.893750 0.954036 0.868627 0.731374 0.892254 0.959629 0.751703 0.955622 0.827968 0.888654 0.861225 0.923258 0.826347 0.970290
0.768615 0.821704 0.751568 0.618849 0.956701 0.684785 0.939936 0.772666 0.620139 0.894178 0.893435 0.563632 0.490719 0.420547 0.392840 0.000000 0.935500 0.898448 0.783858 0.673619 0.917795 0.934363 0.389298 0.576077 0.646379 0.786662 0.917722 0.945083 0.826041 0.686667 0.545543 0.566008 0.811664 0.940930 0.900892 0.911051 0.661450 0.785446 0.764734 0.904222 0.966202 0.863423 0.810647 0.862491 0.845445 0.891614 0.716485 0.890955 0.830375 0.866611 0.983122 0.958738 0.913084 0.911369 0.873684 0.996707 0.955851 0.960870 0.949377 0.944878 0.776457 0.474382 0.957928 0.839637 0.744992 0.613740 0.874368 0.955269 0.788275 0.818584 0.456199 0.612821 0.531415 0.755748 0.942072 0.913482 0.882262 0.774828 0.777707 0.844078 0.784380 0.672960 0.704464 0.755714 0.719621 0.626020 0.973933 0.855013 0.831907 0.778067 0.989785 0.902042 0.888530 0.874329 0.997680 0.867106 0.806207 0.917518 0.980305 0.927363 0.930490 0.972869 0.966848 0.954368 0.883807 0.739455 0.887625 0.932217 0.762971 0.882550 0.964458 0.884965 0.960267 0.974034 0.792657 0.884955
0.416875 0.468900 0.897385 0.944553 0.924971 0.694912 0.635760 0.632835 0.837813 0.598574 0.396908 0.444491 0.752634 0.692941 0.938779 0.935500 0.000000 0.273369 0.438072 0.429250 0.836153 0.965307 0.991799 0.634590 0.786737 0.618450 0.912559 0.744522 0.345292 0.341122 0.778276 0.781778 0.473876 0.423479 0.897848 0.915248 0.946889 0.817774 0.849712 0.980002 0.838495 0.818812 0.738345 0.550249 0.728293 0.629224 0.551378 0.568467 0.616810 0.595388 0.718758 0.639456 0.845226 0.872590 0.944090 0.831333 0.400114 0.369273 0.473527 0.568216 0.592868 0.905851 0.317072 0.278175 0.555272 0.595725 0.684187 0.806303 0.522183 0.568083 0.886829 0.887177 0.805879 0.703922 0.825984 0.963874 0.734326 0.712346 0.446394 0.714304 0.350747 0.687811 0.595018 0.581685 0.995823 0.803769 0.855455 0.843490 0.820124 0.937109 0.839761 0.818982 0.772525 0.765607 0.914811 0.745078 0.969770 0.620048 0.675370 0.716111 0.781502 0.938465 0.570889 0.493248 0.857227 0.753321 0.988929 0.802645 0.873878 0.682368 0.846228 0.793805 0.706363 0.798369 0.780054 0.783122
0.392080 0.419171 0.955379 0.875893 0.884624 0.679596 0.658054 0.618834 0.853623 0.573911 0.341595 0.391863 0.708183 0.673108 0.955113 0.898448 0.273369 0.000000 0.352409 0.398607 0.827902 0.909365 0.898911 0.718498 0.844085 0.676775 0.969465 0.746983 0.329701 0.356873 0.753067 0.703840 0.483092 0.391614 0.900510 0.946308 0.939050 0.725107 0.865736 0.973899 0.852727 0.775349 0.769069 0.550847 0.806629 0.685595 0.592513 0.572999 0.700036 0.678246 0.804238 0.742719 0.916825 0.942383 0.983317 0.882221 0.343251 0.345195 0.487068 0.569720 0.611356 0.894040 0.328394 0.285062 0.632594 0.652416 0.741521 0.827088 0.480574 0.570837 0.828064 0.863318 0.790060 0.663441 0.831550 0.981259 0.771758 0.690987 0.449372 0.809786 0.402810 0.650209 0.533201 0.500279 0.966824 0.849282 0.890507 0.866978 0.827727 0.998550 0.818844 0.782690 0.749449 0.757817 0.943715 0.779379 0.928014 0.646930 0.714181 0.713282 0.828911 0.908988 0.530880 0.509784 0.805660 0.713614 0.948982 0.814297 0.953085 0.729771 0.809299 0.816299 0.684160 0.727573 0.815209 0.796874
0.503239 0.449037 0.876151 0.737848 0.805696 0.663269 0.606272 0.549059 0.905835 0.588079 0.509212 0.409569 0.674949 0.642088 0.883734 0.783858 0.438072 0.352409 0.000000 0.443614 0.834976 0.948805 0.674570 0.863931 0.965123 0.797305 0.913272 0.666090 0.432960 0.479770 0.668849 0.661872 0.481495 0.417301 0.990969 0.895256 0.758335 0.747922 0.957342 0.976089 0.972281 0.865995 0.558905 0.469316 0.733289 0.628724 0.499111 0.536379 0.710151 0.680852 0.777773 0.722468 0.886990 0.869271 0.983472 0.937051 0.411095 0.433049 0.541095 0.618210 0.552411 0.760595 0.478644 0.411320 0.853333 0.874355 0.712791 0.708451 0.643182 0.685577 0.722856 0.711279 0.791333 0.711618 0.967556 0.975191 0.729833 0.718699 0.507365 0.785439 0.505222 0.666382 0.570974 0.498705 0.846928 0.988989 0.905153 0.879394 0.995835 0.931685 0.914024 0.855123 0.823357 0.777952 0.895586 0.842866 0.964252 0.706865 0.654231 0.583545 0.900685 0.830634 0.603592 0.567932 0.820104 0.750007 0.935038 0.824929 0.963934 0.683853 0.806369 0.786806 0.678592 0.674441 0.740888 0.851193
0.397937 0.433555 0.818987 0.767219 0.977783 0.899685 0.822377 0.727009 0.899599 0.701255 0.416194 0.422725 0.594442 0.601128 0.756123 0.673619 0.429250 0.398607 0.443614 0.000000 0.908580 0.976561 0.738883 0.975719 0.875009 0.963970 0.891849 0.812081 0.464435 0.447676 0.692745 0.707888 0.640135 0.598815 0.977685 0.888290 0.693555 0.611302 0.976166 0.789867 0.816446 0.693051 0.785341 0.689116 0.997815 0.884436 0.631190 0.677108 0.888641 0.830965 0.979498 0.886364 0.972836 0.935033 0.924811 0.977243 0.452604 0.434347 0.758056 0.682073 0.727795 0.712991 0.649746 0.506120 0.919017 0.899209 0.988458 0.971638 0.433213 0.471964 0.723422 0.775629 0.577798 0.549997 0.845896 0.962513 0.680459 0.690838 0.605149 0.745091 0.522598 0.547175 0.579112 0.432251 0.801371 0.924001 0.817256 0.844459 0.917655 0.856764 0.841569 0.760853 0.728264 0.782695 0.895535 0.840529 0.990733 0.718305 0.842102 0.829455 0.998707 0.924174 0.752060 0.762645 0.856327 0.802533 0.967120 0.888366 0.831395 0.697776 0.915699 0.973069 0.868442 0.842485 0.878798 0.775673
0.932890 0.833756 0.877494 0.907828 0.996293 0.838598 0.947351 0.829971 0.995938 0.689186 0.889535 0.904959 0.821138 0.895893 0.826965 0.917795 0.836153 0.827902 0.834976 0.908580 0.000000 0.978108 0.817552 0.711605 0.777915 0.815845 0.994331 0.984907 0.892870 0.913263 0.899770 0.814184 0.950828 0.861575 0.997883 0.911302 0.945734 0.848594 0.987028 0.958781 0.930031 0.989861 0.769176 0.813377 0.888903 0.816879 0.862954 0.795005 0.823266 0.770672 0.874792 0.814511 0.933589 0.876736 0.996891 0.939069 0.791672 0.822357 0.765892 0.790076 0.963297 0.926786 0.890117 0.821587 0.858013 0.817743 0.999222 0.960833 0.975945 0.839450 0.953631 0.985978 0.970080 0.922160 0.949774 0.969054 0.907108 0.983783 0.884891 0.908840 0.895449 0.942636 0.990569 0.849692 0.774613 0.685038 0.961823 0.904656 0.926009 0.802065 0.947997 0.968478 0.925175 0.913717 0.993359 0.969623 0.946529 0.867062 0.825416 0.787680 0.874147 0.959433 0.818922 0.940013 0.966011 0.998154 0.828414 0.926571 0.991091 0.850702 0.797457 0.720578 0.769563 0.873391 0.888587 0.866610
0.997143 0.995609 0.962150 0.964423 0.873719 0.999210 0.951119 0.915560 0.988454 0.874621 0.934294 0.982345 0.972073 0.972509 0.931253 0.934363 0.965307 0.909365 0.948805 0.976561 0.978108 0.000000 0.989223 0.943437 0.883753 0.974218 0.880432 0.952541 0.933232 0.994680 0.993600 0.983200 0.946887 0.898059 0.982223 0.994085 0.922353 0.877319 0.934160 0.814070 0.975292 0.903137 0.990485 0.934453 0.983443 0.971952 0.999976 0.987665 0.997852 0.941743 0.939367 0.969974 0.946417 0.922751 0.926466 0.869757 0.989816 0.984838 0.906270 0.895735 0.956702 0.981093 0.984808 0.969909 0.999355 0.908566 0.848643 0.839042 0.973498 0.876064 0.995357 0.869419 0.943180 0.742411 0.980833 0.995495 0.923148 0.859283 0.968485 0.990628 0.967919 0.999086 0.967769 0.961572 0.998605 0.911605 0.961698 0.886726 0.928516 0.988273 0.926688 0.926029 0.941949 0.996139 0.961581 0.911334 0.770955 0.997276 0.990390 0.987787 0.962472 0.952585 0.957624 0.878845 0.899051 0.987080 0.953628 0.910103 0.997385 0.978022 0.953655 0.733874 0.940694 0.953934 0.807497 0.955393
0.860149 0.892923 0.608904 0.478187 0.756756 0.847295 0.871592 0.700106 0.630790 0.962883 0.944096 0.633143 0.490047 0.500141 0.473114 0.389298 0.991799 0.898911 0.674570 0.738883 0.817552 0.989223 0.000000 0.523184 0.609413 0.741472 0.970233 0.953213 0.869553 0.786199 0.487396 0.501945 0.726062 0.873358 0.994733 0.924816 0.677976 0.840201 0.846724 0.998143 0.978076 0.938455 0.811301 0.831064 0.833736 0.854341 0.790372 0.905374 0.734808 0.772096 0.894953 0.924094 0.982621 0.967421 0.998211 0.922342 0.991378 0.974250 0.979343 0.977220 0.700744 0.589445 0.981627 0.869262 0.595932 0.538184 0.992222 0.861751 0.839735 0.920795 0.557020 0.576155 0.548506 0.870953 0.978720 0.972690 0.846318 0.805983 0.829069 0.888033 0.902393 0.761436 0.660383 0.737432 0.638215 0.570555 0.992241 0.960529 0.691490 0.713859 0.976825 0.814218 0.882674 0.925061 0.894023 0.985279 0.875000 0.975167 0.941000 0.879211 0.924205 0.968426 0.883231 0.969019 0.809124 0.735328 0.938119 0.886134 0.824065 0.998814 0.989446 0.857067 0.998065 0.994488 0.645156 0.978937
0.829089 0.780652 0.679135 0.681149 0.965729 0.634532 0.775795 0.901081 0.717232 0.701481 0.793221 0.945980 0.848268 0.776164 0.664304 0.576077 0.634590 0.718498 0.863931 0.975719 0.711605 0.943437 0.523184 0.000000 0.451790 0.486298 0.822037 0.828245 0.764103 0.867474 0.770971 0.780143 0.885413 0.727813 0.918994 0.931153 0.761528 0.963533 0.671835 0.887509 0.984541 0.919836 0.833670 0.762941 0.616087 0.548227 0.852411 0.725591 0.483253 0.488024 0.614293 0.583904 0.831524 0.719184 0.943679 0.777554 0.685276 0.697035 0.618782 0.762424 0.917658 0.781306 0.624031 0.684060 0.453701 0.437740 0.781567 0.936513 0.983667 0.844648 0.784780 0.825340 0.685225 0.910810 0.977292 0.914690 0.951431 0.992784 0.868084 0.934192 0.749506 0.949723 0.962353 0.908134 0.702936 0.454537 0.919317 0.840303 0.733609 0.701575 0.948117 0.802845 0.922193 0.951656 0.982314 0.831433 0.956999 0.779695 0.710776 0.764672 0.743367 0.864752 0.646060 0.779488 0.996522 0.900877 0.951461 0.867400 0.908487 0.858070 0.835735 0.603932 0.668780 0.829541 0.953345 0.931192
0.976272 0.970431 0.580572 0.696871 0.890529 0.757460 0.775132 0.805287 0.696658 0.665774 0.995057 0.952323 0.840300 0.813340 0.705334 0.646379 0.786737 0.844085 0.965123 0.875009 0.777915 0.883753 0.609413 0.451790 0.000000 0.458965 0.741418 0.739922 0.913411 0.964482 0.722137 0.703483 0.904667 0.819934 0.897309 0.863739 0.713156 0.722414 0.613134 0.789277 0.979044 0.896096 0.849727 0.765789 0.584719 0.564962 0.873826 0.785426 0.532446 0.604182 0.555737 0.576821 0.718362 0.628145 0.976605 0.838863 0.925162 0.891513 0.656824 0.886544 0.884984 0.854201 0.640501 0.750083 0.451493 0.568692 0.695011 0.863379 0.773364 0.977469 0.889739 0.847636 0.603347 0.727152 0.968491 0.951975 0.950375 0.838061 0.879883 0.930900 0.942725 0.760560 0.822061 0.875622 0.685852 0.440111 0.994066 0.873213 0.780876 0.704365 0.777390 0.709922 0.758669 0.832955 0.957789 0.855414 0.924771 0.816478 0.690284 0.702392 0.675986 0.840864 0.746590 0.765561 0.896541 0.921979 0.912281 0.806130 0.914123 0.959487 0.837649 0.603558 0.739902 0.834469 0.868359 0.957844
0.888262 0.889017 0.573470 0.650985 0.919038 0.651551 0.919796 0.918298 0.554777 0.777195 0.869810 0.893630 0.936224 0.865463 0.828008 0.786662 0.618450 0.676775 0.797305 0.963970 0.815845 0.974218 0.741472 0.486298 0.458965 0.000000 0.884754 0.820091 0.759563 0.752260 0.822662 0.890354 0.887550 0.759584 0.803835 0.784581 0.814528 0.881693 0.639463 0.916242 0.958322 0.854797 0.878802 0.727597 0.697284 0.622543 0.790247 0.732831 0.600598 0.635471 0.671954 0.643217 0.863068 0.770086 0.998451 0.856360 0.770981 0.760487 0.597784 0.780030 0.930622 0.787942 0.593039 0.654495 0.453094 0.515533 0.797953 0.913811 0.978868 0.896530 0.793239 0.781147 0.723024 0.914930 0.973443 0.922360 0.923125 0.956560 0.801262 0.975704 0.772499 0.967915 0.980185 0.897900 0.759535 0.611313 0.932408 0.899136 0.788527 0.729979 0.927597 0.998548 0.891245 0.837660 0.924368 0.820264 0.882030 0.813472 0.861680 0.757774 0.876056 0.945489 0.786216 0.806167 0.985891 0.905336 0.908935 0.961769 0.961694 0.926768 0.945452 0.673581 0.839471 0.945113 0.941158 0.890637
0.987697 0.975925 0.972895 0.966995 0.990825 0.891408 0.674491 0.799784 0.987776 0.833609 0.970557 0.984676 0.982061 0.860658 0.927777 0.917722 0.912559 0.969465 0.913272 0.891849 0.994331 0.880432 0.970233 0.822037 0.741418 0.884754 0.000000 0.711446 0.898891 0.898111 0.901092 0.911075 0.734446 0.848267 0.915175 0.830293 0.833912 0.710079 0.942811 0.854790 0.819736 0.816015 0.786880 0.852694 0.625673 0.685597 0.923180 0.824269 0.778963 0.825806 0.667276 0.724911 0.690179 0.646025 0.970853 0.994920 0.980527 0.972018 0.795303 0.850898 0.693535 0.835635 0.796585 0.841220 0.844780 0.972170 0.629715 0.637301 0.809239 0.868819 0.897302 0.943303 0.950818 0.985404 0.998028 0.983771 0.870580 0.997390 0.939841 0.907601 0.880628 0.850952 0.936602 0.802258 0.939564 0.860294 0.885037 0.698548 0.961483 0.704655 0.779697 0.849393 0.753393 0.952535 0.818725 0.968780 0.995853 0.990205 0.712891 0.810461 0.718550 0.771432 0.895705 0.756541 0.933626 0.980735 0.835077 0.837982 0.937333 0.927612 0.784812 0.837693 0.822778 0.831814 0.883105 0.866582
0.829746 0.763273 0.845476 0.927401 0.996618 0.675110 0.537770 0.674309 0.962691 0.775756 0.814111 0.726331 0.803902 0.943856 0.935781 0.945083 0.744522 0.746983 0.666090 0.812081 0.984907 0.952541 0.953213 0.828245 0.739922 0.820091 0.711446 0.000000 0.753639 0.783880 0.877749 0.968566 0.648046 0.653958 0.769452 0.902956 0.949185 0.890590 0.825497 0.921384 0.989370 0.952575 0.697876 0.644229 0.605084 0.592668 0.679544 0.634601 0.664979 0.708418 0.673337 0.680481 0.836714 0.807011 0.885347 0.865312 0.758293 0.744716 0.576254 0.673479 0.540807 0.806450 0.638507 0.711027 0.921920 0.997273 0.560991 0.587578 0.955217 0.970875 0.925719 0.905373 0.938176 0.947151 0.942749 0.959538 0.766374 0.907448 0.825207 0.770688 0.731178 0.816853 0.904820 0.828009 0.893766 0.951701 0.974998 0.917794 0.960456 0.894691 0.887382 0.910108 0.860928 0.923968 0.965265 0.980211 0.969575 0.691814 0.716759 0.601896 0.896421 0.713142 0.772466 0.709418 0.771094 0.922551 0.983923 0.842580 0.883165 0.935302 0.871251 0.818114 0.796107 0.787436 0.845430 0.865326
0.488841 0.501245 0.941600 0.915057 0.934396 0.717935 0.717004 0.687284 0.997709 0.671123 0.399340 0.478594 0.717189 0.700521 0.860467 0.826041 0.345292 0.329701 0.432960 0.464435 0.892870 0.933232 0.869553 0.764103 0.913411 0.759563 0.898891 0.753639 0.000000 0.312278 0.666887 0.670959 0.489217 0.430268 0.937383 0.981422 0.956508 0.706596 0.980246 0.945472 0.940482 0.892810 0.785298 0.628298 0.786611 0.686443 0.586475 0.529122 0.741956 0.680197 0.782165 0.683047 0.883469 0.903881 0.975425 0.940115 0.464472 0.447779 0.571535 0.542034 0.583494 0.817498 0.414628 0.364076 0.742256 0.796379 0.793953 0.786480 0.537388 0.677264 0.832263 0.921610 0.720128 0.653906 0.871935 0.932934 0.837630 0.702799 0.551606 0.798427 0.422253 0.681376 0.527457 0.575580 0.954471 0.922439 0.868163 0.842924 0.889358 0.926674 0.740934 0.717583 0.667750 0.658510 0.897224 0.794365 0.937387 0.693465 0.776594 0.771188 0.889905 0.977351 0.572988 0.577737 0.844304 0.765151 0.997926 0.881640 0.917983 0.776574 0.930738 0.869066 0.704444 0.733356 0.783820 0.814834
0.472352 0.576323 0.897887 0.813503 0.902031 0.827194 0.722973 0.658731 0.928130 0.715840 0.408507 0.411989 0.656381 0.610469 0.763837 0.686667 0.341122 0.356873 0.479770 0.447676 0.913263 0.994680 0.786199 0.867474 0.964482 0.752260 0.898111 0.783880 0.312278 0.000000 0.577619 0.553985 0.495912 0.445292 0.993636 0.952739 0.930905 0.801678 0.970541 0.887567 0.916249 0.876833 0.868438 0.678455 0.908563 0.789745 0.563783 0.587011 0.866225 0.799220 0.884301 0.770710 0.965322 0.982292 0.934378 0.982650 0.573807 0.537029 0.572071 0.569912 0.554086 0.752832 0.402979 0.333107 0.747493 0.858523 0.789874 0.755747 0.493929 0.660149 0.796426 0.914268 0.706619 0.615106 0.753785 0.959027 0.816519 0.612187 0.545721 0.739770 0.409640 0.699022 0.479352 0.590838 0.989162 0.961129 0.850713 0.812707 0.835552 0.869255 0.684141 0.619278 0.587293 0.574456 0.979206 0.746623 0.937459 0.669245 0.874804 0.859571 0.901557 0.976505 0.668623 0.573441 0.789904 0.645998 0.974649 0.914544 0.782260 0.736417 0.987257 0.912996 0.857483 0.882084 0.701782 0.771998
0.806511 0.760017 0.564154 0.508376 0.821732 0.968900 0.618202 0.539617 0.629863 0.753076 0.672890 0.558205 0.589044 0.598409 0.675813 0.545543 0.778276 0.753067 0.668849 0.692745 0.899770 0.993600 0.487396 0.770971 0.722137 0.822662 0.901092 0.877749 0.666887 0.577619 0.000000 0.403286 0.576022 0.588099 0.944081 0.877678 0.893056 0.875251 0.819325 0.994796 0.987248 0.910467 0.749607 0.744860 0.969011 0.906420 0.716553 0.715378 0.879161 0.982049 0.981098 0.955411 0.894809 0.934126 0.938769 0.924120 0.889882 0.877251 0.834937 0.753303 0.512637 0.498170 0.775517 0.643682 0.810038 0.652353 0.777941 0.614286 0.800360 0.873682 0.611558 0.668643 0.654925 0.720318 0.901032 0.957474 0.731432 0.633895 0.711786 0.870187 0.722973 0.799852 0.608787 0.828454 0.897811 0.808955 0.849571 0.766400 0.820612 0.933956 0.952502 0.816535 0.888850 0.830575 0.894386 0.802330 0.939149 0.734476 0.891163 0.851055 0.793093 0.937593 0.952636 0.768874 0.735257 0.661039 0.798704 0.744197 0.817416 0.923052 0.857748 0.923576 0.910030 0.958618 0.577874 0.970617
0.820210 0.785140 0.664362 0.590700 0.960645 0.954220 0.794951 0.726859 0.795060 0.876961 0.708649 0.595330 0.702218 0.572508 0.719515 0.566008 0.781778 0.703840 0.661872 0.707888 0.814184 0.983200 0.501945 0.780143 0.703483 0.890354 0.911075 0.968566 0.670959 0.553985 0.403286 0.000000 0.586422 0.693743 0.989610 0.940641 0.864366 0.719623 0.938534 0.866729 0.963775 0.850562 0.835839 0.772012 0.981276 0.972375 0.774748 0.871477 0.875672 0.894289 0.977848 0.970385 0.952915 0.982628 0.921453 0.893417 0.811076 0.885821 0.933248 0.887272 0.701546 0.658242 0.793910 0.686799 0.918937 0.794641 0.944363 0.798740 0.786561 0.908505 0.756230 0.703218 0.741901 0.758777 0.908309 0.983140 0.803347 0.571405 0.761407 0.917207 0.727543 0.862275 0.633803 0.724840 0.969949 0.833575 0.833998 0.758624 0.975146 0.982760 0.880396 0.725867 0.795046 0.802388 0.955714 0.866240 0.925830 0.802405 0.936180 0.987534 0.925748 0.912878 0.909844 0.834748 0.848821 0.737472 0.941765 0.830388 0.875452 0.913830 0.865006 0.924189 0.981678 0.887639 0.578315 0.945370
0.602831 0.651675 0.805879 0.760915 0.925132 0.798463 0.453898 0.526117 0.868722 0.664295 0.575859 0.517653 0.623516 0.574055 0.814558 0.811664 0.473876 0.483092 0.481495 0.640135 0.950828 0.946887 0.726062 0.885413 0.904667 0.887550 0.734446 0.648046 0.489217 0.495912 0.576022 0.586422 0.000000 0.437014 0.935441 0.842927 0.940339 0.948842 0.887062 0.946817 0.922097 0.867860 0.689812 0.553913 0.616833 0.611969 0.535436 0.611872 0.714068 0.702002 0.663792 0.645842 0.689300 0.745728 0.918522 0.881337 0.612202 0.599772 0.573088 0.703528 0.372353 0.712912 0.419909 0.429795 0.890989 0.956679 0.517563 0.582834 0.743640 0.828316 0.691785 0.654839 0.729346 0.806449 0.864522 0.982942 0.753646 0.726549 0.520879 0.737227 0.477790 0.701425 0.546103 0.675531 0.805151 0.967657 0.960945 0.819079 0.959280 0.980663 0.906188 0.990338 0.982989 0.919266 0.857832 0.802275 0.999732 0.653085 0.561359 0.675144 0.788079 0.772060 0.659740 0.441734 0.780342 0.716873 0.995648 0.753250 0.912684 0.840259 0.722691 0.819873 0.732297 0.708703 0.584665 0.938996
0.573486 0.544111 0.883659 0.787168 0.874296 0.661535 0.425053 0.457043 0.957314 0.607155 0.467850 0.482626 0.775004 0.788085 0.971566 0.940930 0.423479 0.391614 0.417301 0.598815 0.861575 0.898059 0.873358 0.727813 0.819934 0.759584 0.848267 0.653958 0.430268 0.445292 0.588099 0.693743 0.437014 0.000000 0.975266 0.840472 0.940933 0.946157 0.849717 0.892292 0.967820 0.986368 0.655504 0.507232 0.628926 0.540563 0.519779 0.442068 0.687222 0.642642 0.706773 0.660095 0.820402 0.858458 0.986877 0.906952 0.536196 0.525235 0.400722 0.442910 0.402397 0.747067 0.359644 0.354485 0.782540 0.903388 0.512005 0.485807 0.730580 0.786207 0.882245 0.878410 0.881485 0.793397 0.912724 0.954507 0.735851 0.676080 0.470794 0.750436 0.514101 0.800744 0.630595 0.668511 0.937834 0.833918 0.879203 0.788205 0.900883 0.896367 0.885978 0.870533 0.879029 0.768964 0.895819 0.847920 0.950917 0.543348 0.639046 0.617373 0.642408 0.874737 0.565817 0.512829 0.776091 0.678429 0.978898 0.776338 0.951773 0.811996 0.741639 0.843241 0.698276 0.727800 0.599553 0.800831
0.939725 0.924411 0.742220 0.891924 0.740185 0.998837 0.857030 0.926504 0.797669 0.984949 0.981590 0.985979 0.950137 0.996538 0.930590 0.900892 0.897848 0.900510 0.990969 0.977685 0.997883 0.982223 0.994733 0.918994 0.897309 0.803835 0.915175 0.769452 0.937383 0.993636 0.944081 0.989610 0.935441 0.975266 0.000000 0.970751 0.967065 0.977283 0.973536 0.899246 0.826501 0.939316 0.848896 0.949691 0.872690 0.877002 0.817664 0.803849 0.950747 0.840834 0.905516 0.871574 0.898162 0.921875 0.906320 0.955043 0.984857 0.997431 0.957758 0.841551 0.839554 0.767686 0.920449 0.937720 0.767493 0.803230 0.890962 0.765873 0.939730 0.990125 0.902313 0.958872 0.936554 0.876610 0.986927 0.867186 0.907109 0.930118 0.941548 0.880350 0.975005 0.858458 0.997893 0.999527 0.860071 0.896592 0.949066 0.992444 0.957492 0.955853 0.907261 0.913663 0.910701 0.988081 0.916260 0.940091 0.939374 0.997870 0.911589 0.926613 0.829479 0.824270 0.924814 0.968124 0.991474 0.984038 0.802490 0.984777 0.970160 0.964198 0.955950 0.915655 0.885206 0.961646 0.889650 0.979997
0.922772 0.984574 0.977299 0.943234 0.870355 0.864135 0.784521 0.893888 0.869203 0.949567 0.949264 0.955225 0.887170 0.958824 0.866741 0.911051 0.915248 0.946308 0.895256 0.888290 0.911302 0.994085 0.924816 0.931153 0.863739 0.784581 0.830293 0.902956 0.981422 0.952739 0.877678 0.940641 0.842927 0.840472 0.970751 0.000000 0.944063 0.821389 0.961204 0.977743 0.822448 0.975153 0.811222 0.815338 0.681903 0.731799 0.820304 0.841107 0.791738 0.804689 0.787805 0.814725 0.715103 0.808674 0.928974 0.982630 0.964871 0.943187 0.751676 0.909098 0.799187 0.950134 0.854492 0.884818 0.904451 0.983574 0.692207 0.693749 0.828767 0.939603 0.976638 0.950544 0.845096 0.938864 0.989859 0.955845 0.898571 0.925279 0.967008 0.948029 0.900792 0.952717 0.910369 0.906888 0.983206 0.963467 0.981319 0.959377 0.882693 0.923155 0.920471 0.843679 0.903245 0.980477 0.878525 0.961428 0.988909 0.923003 0.834076 0.754209 0.846337 0.922685 0.853264 0.776696 0.959997 0.980864 0.977913 0.985503 0.993897 0.996143 0.863148 0.782320 0.989856 0.977753 0.927613 0.919298
0.775767 0.751118 0.752412 0.710421 0.999574 0.857749 0.893190 0.953476 0.669356 0.871087 0.972722 0.749177 0.778176 0.685157 0.657548 0.661450 0.946889 0.939050 0.758335 0.693555 0.945734 0.922353 0.677976 0.761528 0.713156 0.814528 0.833912 0.949185 0.956508 0.930905 0.893056 0.864366 0.940339 0.940933 0.967065 0.944063 0.000000 0.750145 0.873056 0.820622 0.747534 0.867639 0.794361 0.847232 0.862593 0.931560 0.862878 0.970591 0.940550 0.961326 0.920361 0.985790 0.975466 0.950758 0.919730 0.908890 0.798435 0.781390 0.835072 0.892539 0.976056 0.749154 0.817244 0.987146 0.779040 0.897127 0.737205 0.824198 0.694300 0.721275 0.691020 0.600221 0.692827 0.802944 0.903176 0.980866 0.738635 0.871082 0.844512 0.818817 0.859796 0.754873 0.843695 0.797840 0.745588 0.812037 0.984460 0.868130 0.826510 0.758919 0.914194 0.932031 0.964446 0.924749 0.990732 0.771156 0.850837 0.986260 0.885227 0.815568 0.823334 0.828408 0.997285 0.959409 0.942500 0.998084 0.904880 0.862728 0.729242 0.828119 0.975539 0.955908 0.960306 0.972721 0.937946 0.971881
0.670346 0.573701 0.919320 0.870212 0.863965 0.847235 0.856692 0.992223 0.850834 0.830277 0.756697 0.703149 0.917849 0.813350 0.901412 0.785446 0.817774 0.725107 0.747922 0.611302 0.848594 0.877319 0.840201 0.963533 0.722414 0.881693 0.710079 0.890590 0.706596 0.801678 0.875251 0.719623 0.948842 0.946157 0.977283 0.821389 0.750145 0.000000 0.898208 0.660971 0.827711 0.722117 0.876462 0.832691 0.892054 0.992575 0.811924 0.836734 0.964640 0.922896 0.978337 0.991772 0.996170 0.949169 0.996796 0.944492 0.561096 0.630694 0.923040 0.921268 0.883016 0.878481 0.974639 0.869941 0.934735 0.898942 0.687290 0.739129 0.670739 0.676391 0.880949 0.772778 0.777821 0.783633 0.897741 0.960357 0.977833 0.783706 0.828813 0.975460 0.708424 0.641909 0.713321 0.494150 0.881710 0.958721 0.873880 0.974160 0.982019 0.771954 0.909214 0.900467 0.804752 0.966875 0.857794 0.938855 0.999274 0.849245 0.970551 0.993130 0.875317 0.971762 0.765691 0.951140 0.986864 0.971449 0.994938 0.938496 0.959172 0.820895 0.907775 0.911172 0.964341 0.775501 0.972648 0.988272
