0.000000 0.328574 0.743805 0.729724 0.757377 0.774832 0.551342 0.522904 0.675745 0.587679 0.355867 0.337691 0.408840 0.572221 0.561934 0.603858 0.422507 0.399211 0.406481 0.453560 0.886020 0.934528 0.797634 0.972487 0.871193 0.882760 0.909993 0.725625 0.562451 0.517452 0.642724 0.805842 0.386694 0.448190 0.923269 0.869749 0.623259 0.593354 0.996130 0.872697 0.808860 0.791681 0.507058 0.435578 0.483589 0.509439 0.551698 0.565523 0.816757 0.772007 0.630284 0.689270 0.869463 0.920210 0.781304 0.814103 0.325517 0.342570 0.435141 0.540358 0.370713 0.565409 0.315415 0.327398 0.906485 0.736726 0.650672 0.627810 0.420112 0.521925 0.468635 0.419757 0.702699 0.670589 0.862708 0.772382 0.754915 0.627275 0.620328 0.540357 0.437138 0.567262 0.856837 0.745232 0.730336 0.959698 0.850614 0.750657 0.836075 0.976077 0.728753 0.794241 0.820922 0.790130 0.953998 0.848836 0.604191 0.844911 0.364247 0.528978 0.688811 0.735905 0.525860 0.539861 0.587150 0.657982 0.770613 0.803564 0.732572 0.763109 0.684217 0.663759 0.571522 0.873383 0.638677 0.971429
0.328574 0.000000 0.982204 0.851348 0.786404 0.853023 0.749924 0.546080 0.680462 0.578616 0.440382 0.265124 0.446617 0.409494 0.510923 0.449187 0.314551 0.279966 0.443485 0.368855 0.865322 0.931850 0.751814 0.880570 0.949378 0.784759 0.974156 0.781727 0.432375 0.396457 0.737755 0.771337 0.491942 0.510024 0.964880 0.850486 0.643092 0.608564 0.833847 0.865118 0.765915 0.675380 0.573523 0.470667 0.590882 0.599541 0.724054 0.661976 0.866846 0.871004 0.768189 0.786409 0.993093 0.887994 0.915235 0.986876 0.225742 0.220353 0.660304 0.668092 0.516317 0.516506 0.384518 0.259562 0.937014 0.822095 0.904004 0.806443 0.452836 0.575425 0.394831 0.420196 0.713988 0.710009 0.981119 0.799466 0.601842 0.509530 0.677244 0.510695 0.383673 0.538975 0.699811 0.684958 0.929273 0.956727 0.874261 0.752461 0.979208 0.935322 0.815527 0.808467 0.910598 0.844880 0.922017 0.793040 0.699287 0.815853 0.433030 0.468268 0.710657 0.923494 0.575899 0.490763 0.672463 0.695093 0.787161 0.795723 0.795147 0.800539 0.643105 0.624030 0.642406 0.753349 0.696425 0.874475
0.743805 0.982204 0.000000 0.324024 0.659540 0.660599 0.264610 0.487280 0.643884 0.612293 0.663625 0.863173 0.612063 0.965693 0.751207 0.776937 0.830667 0.808401 0.554575 0.770003 0.714211 0.752384 0.508577 0.801170 0.656863 0.515282 0.869112 0.922123 0.882057 0.704894 0.431443 0.700214 0.486213 0.455989 0.602158 0.803950 0.771548 0.848881 0.619197 0.863469 0.934151 0.981014 0.431186 0.490255 0.641968 0.699612 0.535813 0.497759 0.769573 0.911638 0.997129 0.945113 0.877005 0.817637 0.757555 0.930387 0.926742 0.980355 0.491252 0.758143 0.505635 0.915891 0.649570 0.855412 0.323084 0.435357 0.264028 0.352330 0.857725 0.653661 0.691065 0.762478 0.792342 0.847486 0.567577 0.885151 0.749978 0.902961 0.660757 0.809835 0.742592 0.635139 0.957374 0.801975 0.447532 0.685176 0.987133 0.941749 0.620231 0.858417 0.647312 0.656597 0.651348 0.622782 0.998205 0.784734 0.741487 0.981561 0.732125 0.688863 0.857738 0.538082 0.749742 0.720840 0.608089 0.595870 0.989416 0.915875 0.771025 0.708194 0.753902 0.893532 0.771807 0.919841 0.784029 0.854310
0.729724 0.851348 0.324024 0.000000 0.761664 0.624234 0.271738 0.327479 0.763539 0.418166 0.752171 0.696056 0.649541 0.757353 0.671064 0.592677 0.747974 0.703771 0.481255 0.633080 0.678905 0.812757 0.382521 0.588978 0.707971 0.621141 0.908525 0.884191 0.812436 0.581374 0.390257 0.532701 0.421990 0.424813 0.690993 0.829022 0.634283 0.774920 0.623121 0.819132 0.962382 0.833806 0.381378 0.464792 0.725572 0.768806 0.643781 0.481846 0.713320 0.989925 0.974818 0.978715 0.885750 0.741750 0.817224 0.988207 0.828385 0.871569 0.626445 0.858477 0.614603 0.857668 0.581468 0.705649 0.492176 0.484963 0.383824 0.429276 0.924917 0.642636 0.555807 0.617836 0.724099 0.848078 0.597502 0.885156 0.671669 0.830661 0.590375 0.762788 0.582953 0.478699 0.858968 0.609248 0.515515 0.584684 0.934321 0.960299 0.757362 0.846208 0.585975 0.525930 0.598935 0.601100 0.981017 0.724159 0.772727 0.924487 0.693837 0.524709 0.714145 0.450685 0.661082 0.621276 0.582115 0.591564 0.948635 0.857855 0.727711 0.657634 0.754026 0.718039 0.727743 0.790330 0.862011 0.987723
0.757377 0.786404 0.659540 0.761664 0.000000 0.820842 0.686068 0.746745 0.710693 0.857829 0.762558 0.792325 0.660689 0.890120 0.707850 0.908536 0.860859 0.791962 0.708931 0.869303 0.840989 0.810859 0.788920 0.987761 0.902444 0.947717 0.902646 0.830090 0.777576 0.844948 0.802021 0.954860 0.654697 0.669692 0.818891 0.953140 0.881453 0.944435 0.861479 0.806677 0.920715 0.781312 0.665085 0.603969 0.550088 0.622893 0.748119 0.652823 0.960780 0.840683 0.958092 0.876318 0.980478 0.990773 0.927151 0.893281 0.834056 0.877932 0.641040 0.706359 0.586239 0.758572 0.786430 0.843683 0.577469 0.584616 0.638075 0.574958 0.678744 0.836471 0.835526 0.880847 0.943789 0.850886 0.903331 0.878386 0.749076 0.884515 0.857869 0.933900 0.835539 0.852387 0.921706 0.886340 0.740783 0.754935 0.933415 0.880051 0.778260 0.899234 0.804195 0.783643 0.818006 0.743295 0.983532 0.958570 0.854336 0.923117 0.719666 0.678483 0.956359 0.749589 0.781258 0.900235 0.661860 0.716594 0.894089 0.967174 0.899796 0.980435 0.771614 0.790819 0.871801 0.853050 0.699469 0.709437
0.774832 0.853023 0.660599 0.624234 0.820842 0.000000 0.613006 0.576131 0.671651 0.595602 0.847554 0.783661 0.677357 0.953215 0.859629 0.816844 0.911172 0.888117 0.791025 0.867966 0.759775 0.799411 0.730338 0.982166 0.778004 0.639322 0.973565 0.726870 0.937526 0.911612 0.642368 0.880493 0.703820 0.684376 0.659930 0.970191 0.720578 0.914662 0.737452 0.977542 0.961213 0.814404 0.681857 0.749545 0.650813 0.693886 0.631678 0.773869 0.998694 0.913883 0.897071 0.839791 0.890731 0.994548 0.856082 0.859437 0.959294 0.928259 0.692904 0.823207 0.667122 0.805631 0.789052 0.825776 0.708068 0.663221 0.619438 0.578087 0.998630 0.872424 0.692344 0.775649 0.954024 0.944280 0.923762 0.911640 0.749749 0.903994 0.883152 0.920094 0.770650 0.754224 0.870179 0.961562 0.733300 0.880852 0.849193 0.679453 0.846711 0.899140 0.513502 0.535117 0.451661 0.589018 0.952090 0.868796 0.725299 0.957118 0.634455 0.683344 0.679786 0.635668 0.781825 0.857815 0.728499 0.576129 0.949199 0.766244 0.892817 0.936672 0.851112 0.683466 0.787094 0.965559 0.840232 0.759812
0.551342 0.749924 0.264610 0.271738 0.686068 0.613006 0.000000 0.286154 0.611629 0.407585 0.558167 0.633093 0.493490 0.701314 0.605806 0.586612 0.620591 0.584284 0.345252 0.573830 0.711101 0.853079 0.393105 0.703508 0.784441 0.714035 0.952756 0.772843 0.692748 0.538774 0.370344 0.563957 0.336700 0.339761 0.671515 0.788268 0.686467 0.781545 0.649767 0.851632 0.967559 0.813742 0.302276 0.385594 0.572520 0.628101 0.473182 0.402688 0.761392 0.973026 0.930245 0.930078 0.859207 0.713085 0.766589 0.996615 0.680256 0.760443 0.469665 0.735831 0.420705 0.779132 0.420872 0.593392 0.473562 0.445382 0.285856 0.346526 0.767575 0.619373 0.495638 0.532816 0.649403 0.709308 0.643866 0.836418 0.709693 0.711055 0.552633 0.663578 0.487727 0.449658 0.867029 0.687630 0.410414 0.646848 0.983404 0.902676 0.703317 0.921822 0.531049 0.512262 0.568109 0.571020 0.965945 0.696923 0.618796 0.927308 0.517006 0.462850 0.699030 0.387334 0.560888 0.541611 0.509125 0.548785 0.904730 0.785017 0.679639 0.628739 0.673133 0.688116 0.595407 0.832769 0.727062 0.886996
0.522904 0.546080 0.487280 0.327479 0.746745 0.576131 0.286154 0.000000 0.602608 0.288139 0.634600 0.449575 0.490743 0.523495 0.575624 0.458147 0.545396 0.486206 0.366984 0.465777 0.704885 0.796721 0.433394 0.683404 0.853195 0.829350 0.906205 0.812461 0.580597 0.466769 0.433920 0.538603 0.358831 0.357035 0.709654 0.749967 0.616004 0.724885 0.794576 0.834800 0.914532 0.722010 0.315971 0.362844 0.525434 0.580489 0.563472 0.449813 0.897752 0.953334 0.817106 0.818455 0.825682 0.775884 0.857308 0.947640 0.564396 0.598945 0.531997 0.691323 0.467418 0.592052 0.416198 0.412234 0.725617 0.520652 0.437010 0.437431 0.746390 0.566046 0.408173 0.469736 0.663490 0.761641 0.691345 0.825479 0.618075 0.566993 0.548590 0.671670 0.402301 0.412112 0.736600 0.581721 0.611638 0.700074 0.901808 0.856238 0.826671 0.879272 0.446766 0.440531 0.508439 0.564712 0.925592 0.637412 0.565700 0.827553 0.404687 0.339619 0.497646 0.454240 0.521787 0.459522 0.485180 0.542652 0.840081 0.680767 0.651056 0.625199 0.601752 0.583998 0.532547 0.748458 0.736473 0.900524
0.675745 0.680462 0.643884 0.763539 0.710693 0.671651 0.611629 0.602608 0.000000 0.590371 0.628078 0.695828 0.575493 0.829263 0.744163 0.780002 0.691716 0.722067 0.672782 0.662961 0.928816 0.899940 0.838139 0.939439 0.837737 0.904792 0.905802 0.924823 0.705862 0.748619 0.669575 0.863122 0.657493 0.638877 0.778551 0.903263 0.953804 0.939434 0.923140 0.924017 0.823760 0.953725 0.586227 0.607993 0.514449 0.592272 0.555859 0.674293 0.965948 0.857370 0.928490 0.832916 0.961358 0.919631 0.968478 0.916356 0.743610 0.716252 0.567273 0.627179 0.559284 0.722685 0.726761 0.731578 0.745009 0.675014 0.611718 0.574801 0.715221 0.758969 0.704395 0.750963 0.772032 0.816375 0.983612 0.787858 0.691486 0.797469 0.897539 0.733562 0.740388 0.801886 0.975721 0.998830 0.894201 0.858432 0.740911 0.593440 0.830714 0.939165 0.713968 0.719391 0.730272 0.666134 0.878972 0.827282 0.777276 0.943963 0.565528 0.686031 0.794188 0.787809 0.844163 0.737008 0.696519 0.730770 0.989761 0.834281 0.830529 0.777288 0.593985 0.814941 0.833736 0.817363 0.750939 0.688679
0.587679 0.578616 0.612293 0.418166 0.857829 0.595602 0.407585 0.288139 0.590371 0.000000 0.672676 0.540253 0.599158 0.593408 0.618263 0.516340 0.565231 0.538109 0.422059 0.482876 0.731469 0.879108 0.494266 0.757422 0.864633 0.825657 0.858416 0.835789 0.660044 0.508742 0.481004 0.544912 0.480087 0.488855 0.722291 0.797855 0.644929 0.802075 0.875155 0.862471 0.969145 0.750176 0.410881 0.461175 0.630620 0.684042 0.628848 0.516836 0.847610 0.970368 0.922471 0.944117 0.938744 0.898503 0.993017 0.942065 0.584663 0.667739 0.688509 0.834837 0.608770 0.714447 0.524181 0.517495 0.816321 0.646844 0.563722 0.563444 0.766248 0.789415 0.396191 0.525610 0.622772 0.717119 0.712481 0.704302 0.672733 0.532230 0.630789 0.708030 0.441464 0.487478 0.773127 0.677356 0.747841 0.874263 0.910147 0.815374 0.984334 0.990592 0.512798 0.496748 0.539727 0.574348 0.939930 0.642956 0.621946 0.819858 0.443721 0.414676 0.645560 0.605312 0.637733 0.520112 0.668566 0.621213 0.862293 0.708356 0.731004 0.668207 0.638758 0.646334 0.658997 0.803523 0.768198 0.911701
0.355867 0.440382 0.663625 0.752171 0.762558 0.847554 0.558167 0.634600 0.628078 0.672676 0.000000 0.406333 0.381806 0.582743 0.542449 0.567598 0.387739 0.383792 0.395586 0.407495 0.813955 0.961762 0.764026 0.897579 0.956717 0.952545 0.919234 0.744400 0.516061 0.452587 0.672379 0.714433 0.466879 0.456096 0.966246 0.889652 0.804395 0.790342 0.981781 0.845901 0.813682 0.848520 0.540807 0.495044 0.666507 0.660773 0.566010 0.603855 0.894703 0.942575 0.918957 0.949099 0.999748 0.863225 0.940890 0.847091 0.386374 0.431578 0.544266 0.663117 0.426366 0.712691 0.363845 0.423951 0.842986 0.734409 0.639039 0.652839 0.435623 0.565444 0.542915 0.514884 0.601601 0.611702 0.913152 0.678150 0.722923 0.631983 0.555838 0.418393 0.456532 0.527887 0.864698 0.827961 0.723398 0.979832 0.776850 0.768062 0.859438 0.916710 0.879757 0.937397 0.951824 0.895292 0.906040 0.828735 0.665732 0.920168 0.482331 0.558799 0.803816 0.780706 0.546306 0.586939 0.645446 0.655521 0.854582 0.976678 0.814066 0.764198 0.796797 0.774436 0.766721 0.855917 0.583474 0.837246
0.337691 0.265124 0.863173 0.696056 0.792325 0.783661 0.633093 0.449575 0.695828 0.540253 0.406333 0.000000 0.380204 0.343684 0.413732 0.358863 0.301647 0.274803 0.386433 0.354018 0.845657 0.932496 0.669672 0.794634 0.992832 0.835303 0.943471 0.792805 0.398244 0.345113 0.661794 0.676278 0.399333 0.459536 0.917374 0.902119 0.613857 0.688035 0.923364 0.820469 0.707771 0.708548 0.513404 0.431693 0.604524 0.577257 0.655841 0.602413 0.925898 0.897907 0.778037 0.800860 0.945852 0.983365 0.981245 0.983944 0.281495 0.275567 0.625028 0.659261 0.492203 0.523310 0.323932 0.221119 0.949386 0.780467 0.798784 0.739416 0.549574 0.534279 0.428126 0.383631 0.665452 0.732880 0.928654 0.771690 0.580601 0.483383 0.553195 0.486256 0.342531 0.436170 0.650931 0.598284 0.820592 0.872328 0.901270 0.835205 0.904618 0.926559 0.775304 0.754905 0.861325 0.844213 0.939325 0.721359 0.679557 0.768706 0.406992 0.421355 0.656983 0.755644 0.528290 0.484889 0.564214 0.663744 0.837433 0.814802 0.722437 0.716409 0.693254 0.608840 0.639670 0.771137 0.698265 0.878337
0.408840 0.446617 0.612063 0.649541 0.660689 0.677357 0.493490 0.490743 0.575493 0.599158 0.381806 0.380204 0.000000 0.495927 0.341953 0.439459 0.463350 0.385818 0.441408 0.526294 0.788802 0.917304 0.610626 0.791390 0.941983 0.999620 0.988543 0.893635 0.481827 0.446741 0.590979 0.760275 0.411076 0.474314 0.930520 0.970265 0.673689 0.813149 0.963647 0.877202 0.803639 0.772306 0.452445 0.418178 0.503890 0.537193 0.530484 0.528197 0.977555 0.829669 0.842309 0.775904 0.910118 0.987028 0.968760 0.992357 0.459257 0.444876 0.530406 0.625927 0.377305 0.612861 0.365108 0.398435 0.735344 0.659492 0.631574 0.615174 0.621855 0.595998 0.528155 0.506839 0.691863 0.715003 0.842364 0.648602 0.698748 0.544310 0.533578 0.477263 0.444750 0.502907 0.810642 0.749398 0.615649 0.834430 0.797120 0.806225 0.728157 0.991673 0.778331 0.741180 0.791086 0.785416 0.893823 0.736646 0.625230 0.911741 0.462097 0.542513 0.798944 0.672150 0.578562 0.594704 0.553414 0.616648 0.857920 0.847968 0.720447 0.679589 0.765784 0.668558 0.685912 0.788532 0.691116 0.829428
0.572221 0.409494 0.965693 0.757353 0.890120 0.953215 0.701314 0.523495 0.829263 0.593408 0.582743 0.343684 0.495927 0.000000 0.396368 0.352718 0.397265 0.335190 0.468759 0.433760 0.864061 0.981319 0.582279 0.621495 0.969639 0.785100 0.898514 0.801686 0.431251 0.372272 0.718378 0.574351 0.515634 0.584008 0.884142 0.921344 0.795505 0.797886 0.824571 0.843501 0.919119 0.747998 0.554431 0.549616 0.762159 0.765447 0.747464 0.648386 0.919042 0.877102 0.937652 0.988225 0.940582 0.914145 0.902063 0.878723 0.369461 0.408698 0.835974 0.898405 0.732229 0.729057 0.395864 0.342837 0.909408 0.933467 0.916846 0.897258 0.688038 0.735842 0.543879 0.551869 0.641823 0.742703 0.972741 0.792161 0.602496 0.456768 0.557284 0.521900 0.379975 0.411399 0.526236 0.586016 0.761878 0.781989 0.960546 0.928136 0.990390 0.883002 0.851741 0.763791 0.959708 0.934749 0.962016 0.700078 0.750646 0.845345 0.567827 0.434831 0.788000 0.769402 0.510684 0.480929 0.722967 0.801690 0.888684 0.769477 0.741062 0.714939 0.758742 0.606083 0.763838 0.680227 0.830277 0.993326
0.561934 0.510923 0.751207 0.671064 0.707850 0.859629 0.605806 0.575624 0.744163 0.618263 0.542449 0.413732 0.341953 0.396368 0.000000 0.412940 0.470458 0.403483 0.475112 0.502629 0.680667 0.924309 0.549916 0.663400 0.885770 0.929762 0.912609 0.866098 0.459798 0.397576 0.647287 0.688368 0.497990 0.539867 0.938808 0.961805 0.711952 0.812709 0.917051 0.835307 0.877858 0.820943 0.518099 0.441235 0.667854 0.676311 0.633017 0.520999 0.913814 0.913459 0.998626 0.937500 0.981372 0.933585 0.985029 0.918619 0.484559 0.509837 0.751357 0.839951 0.613151 0.721364 0.453166 0.460720 0.782717 0.753223 0.790331 0.769767 0.727155 0.718193 0.570256 0.555923 0.682079 0.809815 0.994566 0.675667 0.642939 0.510775 0.511131 0.510165 0.442196 0.481630 0.732545 0.669125 0.637126 0.730650 0.987659 0.965140 0.812729 0.935202 0.841457 0.770401 0.907902 0.880107 0.928012 0.579964 0.762631 0.845899 0.574197 0.520193 0.954381 0.736965 0.618494 0.610333 0.648710 0.712322 0.967051 0.852570 0.681243 0.710578 0.758171 0.612268 0.781439 0.681438 0.833590 0.880662
0.603858 0.449187 0.776937 0.592677 0.908536 0.816844 0.586612 0.458147 0.780002 0.516340 0.567598 0.358863 0.439459 0.352718 0.412940 0.000000 0.400386 0.333700 0.428420 0.401950 0.765676 0.918984 0.442639 0.519464 0.884979 0.978687 0.981426 0.845979 0.423961 0.283375 0.626497 0.531523 0.471810 0.516608 0.952525 0.948112 0.655656 0.775763 0.990218 0.840376 0.832931 0.742976 0.480329 0.438355 0.799922 0.745888 0.713226 0.594712 0.820630 0.932401 0.986972 0.975242 0.995087 0.988251 0.861641 0.833007 0.424289 0.425807 0.772473 0.875077 0.624641 0.657106 0.404908 0.345585 0.935784 0.730613 0.820743 0.774763 0.728115 0.694302 0.470973 0.525771 0.676190 0.750434 0.901375 0.750031 0.597417 0.483246 0.560196 0.505156 0.389791 0.396044 0.607768 0.559257 0.752684 0.662749 0.959772 0.889227 0.969009 0.975790 0.855206 0.749826 0.932491 0.901904 0.907689 0.689575 0.817500 0.838703 0.619712 0.452223 0.832965 0.749322 0.547672 0.439022 0.611622 0.661495 0.998618 0.934513 0.740111 0.652170 0.805099 0.681716 0.729034 0.720705 0.780955 0.918526
0.422507 0.314551 0.830667 0.747974 0.860859 0.911172 0.620591 0.545396 0.691716 0.565231 0.387739 0.301647 0.463350 0.397265 0.470458 0.400386 0.000000 0.219432 0.344825 0.325798 0.849804 0.975327 0.634848 0.762228 0.981431 0.850741 0.981035 0.716460 0.357463 0.296936 0.629194 0.601361 0.449880 0.452928 0.924956 0.869756 0.699974 0.706406 0.906677 0.922546 0.755085 0.762867 0.514601 0.438473 0.729942 0.699216 0.646397 0.655197 0.906731 0.951803 0.973947 0.996220 0.882191 0.922947 0.908270 0.934140 0.242071 0.300205 0.712644 0.783425 0.564078 0.658868 0.324460 0.290061 0.998511 0.823634 0.804571 0.774906 0.484065 0.588014 0.424074 0.438589 0.613431 0.632289 0.898963 0.713989 0.676054 0.560027 0.520683 0.389206 0.297628 0.404253 0.631595 0.619793 0.786610 0.871723 0.915790 0.947181 0.951868 0.875507 0.894518 0.837250 0.968018 0.890991 0.884076 0.749921 0.686163 0.831860 0.569074 0.482037 0.830312 0.803775 0.590018 0.453785 0.700692 0.759800 0.812213 0.877134 0.796012 0.697285 0.668533 0.696053 0.681257 0.712637 0.730204 0.824183
0.399211 0.279966 0.808401 0.703771 0.791962 0.888117 0.584284 0.486206 0.722067 0.538109 0.383792 0.274803 0.385818 0.335190 0.403483 0.333700 0.219432 0.000000 0.303128 0.287331 0.827853 0.972623 0.565427 0.710354 0.999851 0.819792 0.989071 0.701330 0.310051 0.243200 0.639228 0.572006 0.396150 0.406081 0.958076 0.859996 0.664173 0.691326 0.910739 0.904407 0.788242 0.668582 0.465885 0.396080 0.677531 0.649132 0.669510 0.569232 0.906757 0.984797 0.954647 0.971625 0.941802 0.942352 0.945804 0.915698 0.215343 0.262213 0.698629 0.775807 0.526654 0.627897 0.285822 0.243929 0.950307 0.772852 0.766831 0.744527 0.475005 0.573910 0.391644 0.393322 0.620219 0.646842 0.872755 0.741923 0.621042 0.483125 0.461364 0.375616 0.234732 0.328713 0.531363 0.530477 0.716247 0.787294 0.968517 0.977047 0.941952 0.921020 0.835812 0.769655 0.920715 0.866730 0.937932 0.684892 0.654544 0.831663 0.504081 0.408944 0.761387 0.773908 0.504287 0.425921 0.640876 0.682246 0.824878 0.925199 0.769766 0.679149 0.660947 0.600122 0.662567 0.686700 0.695264 0.884244
0.406481 0.443485 0.554575 0.481255 0.708931 0.791025 0.345252 0.366984 0.672782 0.422059 0.395586 0.386433 0.441408 0.468759 0.475112 0.428420 0.344825 0.303128 0.000000 0.305157 0.809609 0.965487 0.419817 0.657739 0.935782 0.963502 0.955567 0.598025 0.445083 0.359934 0.518726 0.474907 0.332180 0.327243 0.906895 0.765813 0.680433 0.734512 0.897129 0.888860 0.951183 0.769726 0.371128 0.381969 0.675900 0.723239 0.582534 0.463098 0.768584 0.897567 0.987547 0.939795 0.955653 0.889483 0.985987 0.866735 0.356563 0.463408 0.629891 0.830711 0.485283 0.746773 0.265018 0.369477 0.758632 0.647555 0.546852 0.586067 0.576914 0.569724 0.329877 0.403091 0.600899 0.625921 0.776090 0.755217 0.648951 0.553713 0.485644 0.471490 0.288625 0.342038 0.624991 0.577352 0.538142 0.702380 0.974514 0.924603 0.940226 0.859245 0.672230 0.625923 0.771994 0.711042 0.949176 0.715766 0.616339 0.860369 0.466584 0.328609 0.760380 0.555406 0.466492 0.435450 0.605193 0.620028 0.850493 0.848926 0.728185 0.733284 0.680157 0.598038 0.648197 0.796051 0.658064 0.917087
0.453560 0.368855 0.770003 0.633080 0.869303 0.867966 0.573830 0.465777 0.662961 0.482876 0.407495 0.354018 0.526294 0.433760 0.502629 0.401950 0.325798 0.287331 0.305157 0.000000 0.808445 0.962400 0.567556 0.708776 0.982460 0.865076 0.951872 0.669192 0.424326 0.337632 0.642582 0.477745 0.455032 0.413032 0.958376 0.719742 0.657573 0.726267 0.913889 0.947350 0.794896 0.826641 0.468544 0.459264 0.787877 0.781848 0.724237 0.617754 0.792909 0.860029 0.953460 0.882380 0.872747 0.951628 0.931262 0.882117 0.321177 0.383902 0.759035 0.882488 0.626970 0.716438 0.347110 0.343762 0.965590 0.802625 0.728853 0.738499 0.507155 0.581579 0.352586 0.440966 0.569488 0.621861 0.909425 0.700396 0.671877 0.520868 0.490049 0.467530 0.322491 0.397530 0.627700 0.565082 0.790808 0.845688 0.983042 0.917785 0.912524 0.852158 0.773362 0.754632 0.887268 0.839482 0.942475 0.749031 0.719147 0.891005 0.524682 0.426543 0.757707 0.700961 0.541577 0.455535 0.696196 0.658500 0.908068 0.902454 0.743726 0.732809 0.665550 0.647570 0.714813 0.686554 0.672799 0.985085
0.886020 0.865322 0.714211 0.678905 0.840989 0.759775 0.711101 0.704885 0.928816 0.731469 0.813955 0.845657 0.788802 0.864061 0.680667 0.765676 0.849804 0.827853 0.809609 0.808445 0.000000 0.711614 0.718257 0.772082 0.733853 0.796356 0.915187 0.974185 0.900305 0.714345 0.745146 0.796977 0.761186 0.705576 0.923018 0.962621 0.814501 0.916056 0.980031 0.985879 0.963373 0.881230 0.748705 0.715292 0.909596 0.855144 0.813238 0.766520 0.899801 0.922738 0.973544 0.972432 0.978133 0.957585 0.758897 0.909461 0.901302 0.943515 0.828903 0.942914 0.778400 0.872356 0.816602 0.840355 0.741396 0.769285 0.757096 0.767832 0.915838 0.958331 0.824470 0.842710 0.785463 0.940628 0.872781 0.967165 0.915537 0.783676 0.777936 0.878590 0.786502 0.760667 0.959124 0.869711 0.818268 0.824737 0.987803 0.994083 0.956322 0.980894 0.805964 0.803259 0.778047 0.848120 0.949311 0.657611 0.963028 0.968971 0.890149 0.840366 0.906821 0.868101 0.756640 0.883681 0.847855 0.703065 0.995298 0.942789 0.762551 0.914290 0.857352 0.894461 0.850534 0.951042 0.941110 0.856382
0.934528 0.931850 0.752384 0.812757 0.810859 0.799411 0.853079 0.796721 0.899940 0.879108 0.961762 0.932496 0.917304 0.981319 0.924309 0.918984 0.975327 0.972623 0.965487 0.962400 0.711614 0.000000 0.833134 0.951247 0.778409 0.742139 0.703664 0.950788 0.947943 0.899447 0.761704 0.964516 0.915177 0.845878 0.930078 0.924901 0.923059 0.855837 0.883493 0.833709 0.965819 0.898244 0.808671 0.758064 0.803562 0.866720 0.891103 0.974356 0.937871 0.880226 0.936951 0.833000 0.880068 0.888389 0.817461 0.779039 0.996016 0.995368 0.859877 0.945509 0.923947 0.934055 0.989198 0.976215 0.801367 0.813881 0.808580 0.844574 0.910334 0.865798 0.848668 0.955922 0.949396 0.900837 0.777311 0.995896 0.891966 0.923681 0.867878 0.964059 0.959219 0.965974 0.955824 0.991175 0.932175 0.944670 0.976010 0.974086 0.800316 0.988499 0.847167 0.857229 0.879672 0.853500 0.857551 0.758361 0.959429 0.987561 0.875179 0.848313 0.892971 0.897113 0.935015 0.830489 0.849337 0.758254 0.953260 0.947544 0.955775 0.948597 0.831590 0.984045 0.936271 0.971049 0.895941 0.827819
0.797634 0.751814 0.508577 0.382521 0.788920 0.730338 0.393105 0.433394 0.838139 0.494266 0.764026 0.669672 0.610626 0.582279 0.549916 0.442639 0.634848 0.565427 0.419817 0.567556 0.718257 0.833134 0.000000 0.363282 0.728130 0.823291 0.922240 0.815450 0.678850 0.499793 0.466558 0.453121 0.497947 0.544728 0.916192 0.799308 0.694209 0.842684 0.802997 0.967158 0.951719 0.728274 0.432766 0.523037 0.840215 0.893611 0.751865 0.628183 0.606483 0.828147 0.802193 0.806364 0.957669 0.792097 0.930509 0.760199 0.687867 0.776110 0.892123 0.886793 0.746429 0.964470 0.552922 0.671966 0.569566 0.616511 0.628993 0.690149 0.981188 0.837152 0.415493 0.569319 0.753757 0.800366 0.740128 0.926257 0.638702 0.664867 0.659782 0.677020 0.527206 0.466988 0.684054 0.639472 0.462900 0.471268 0.824287 0.873599 0.873958 0.907369 0.687241 0.553784 0.742938 0.722347 0.936948 0.592595 0.836893 0.925362 0.724527 0.463293 0.885815 0.587693 0.736170 0.578164 0.744376 0.661464 0.942475 0.900046 0.767460 0.723647 0.795967 0.685468 0.733070 0.832938 0.881069 0.898900
0.972487 0.880570 0.801170 0.588978 0.987761 0.982166 0.703508 0.683404 0.939439 0.757422 0.897579 0.794634 0.791390 0.621495 0.663400 0.519464 0.762228 0.710354 0.657739 0.708776 0.772082 0.951247 0.363282 0.000000 0.707069 0.991800 0.992378 0.882928 0.731914 0.582293 0.741739 0.482037 0.744473 0.771238 0.923371 0.902686 0.814882 0.866324 0.923958 0.951009 0.899425 0.922533 0.730017 0.810369 0.839259 0.820154 0.987213 0.876967 0.542756 0.677281 0.690134 0.689050 0.897827 0.897973 0.819082 0.668611 0.796860 0.870457 0.831643 0.703796 0.982214 0.949068 0.726806 0.786074 0.827676 0.860687 0.943788 0.957726 0.924652 0.916438 0.671264 0.797424 0.765527 0.817791 0.907733 0.943787 0.801095 0.822669 0.735572 0.731595 0.689658 0.565114 0.700065 0.690545 0.668254 0.482277 0.840719 0.702031 0.968503 0.974172 0.961744 0.845883 0.996931 0.987924 0.852030 0.708778 0.960486 0.986962 0.987994 0.680754 0.952600 0.770968 0.879860 0.730073 0.825935 0.861951 0.784710 0.989362 0.834371 0.886922 0.974552 0.848822 0.942125 0.816925 0.860838 0.995238
0.871193 0.949378 0.656863 0.707971 0.902444 0.778004 0.784441 0.853195 0.837737 0.864633 0.956717 0.992832 0.941983 0.969639 0.885770 0.884979 0.981431 0.999851 0.935782 0.982460 0.733853 0.778409 0.728130 0.707069 0.000000 0.564106 0.693591 0.868060 0.995557 0.827724 0.733830 0.889606 0.909923 0.812622 0.795459 0.931389 0.896068 0.999473 0.708599 0.965683 0.910571 0.948828 0.841200 0.882520 0.975372 0.986348 0.894577 0.819721 0.787746 0.980029 0.836432 0.991813 0.901934 0.948990 0.953062 0.903939 0.939151 0.941436 0.972498 0.920792 0.948209 0.927742 0.982157 0.924128 0.613501 0.752329 0.809046 0.832680 0.928602 0.925285 0.944673 0.990542 0.823556 0.991085 0.788656 0.945102 0.795179 0.982954 0.937225 0.939983 0.980305 0.888502 0.965749 0.949486 0.886004 0.757216 0.931444 0.971263 0.895843 0.954911 0.945365 0.889781 0.838485 0.830057 0.961143 0.763108 0.884973 0.948373 0.991127 0.933175 0.999333 0.960424 0.869495 0.954398 0.860823 0.848290 0.877320 0.982518 0.906923 0.921077 0.758966 0.988206 0.955449 0.945030 0.930864 0.676699
0.882760 0.784759 0.515282 0.621141 0.947717 0.639322 0.714035 0.829350 0.904792 0.825657 0.952545 0.835303 0.999620 0.785100 0.929762 0.978687 0.850741 0.819792 0.963502 0.865076 0.796356 0.742139 0.823291 0.991800 0.564106 0.000000 0.675902 0.692497 0.835176 0.959577 0.678486 0.924011 0.894693 0.836551 0.549863 0.809237 0.896544 0.899571 0.698104 0.921701 0.964786 0.966744 0.810595 0.851003 0.889918 0.907178 0.717644 0.766613 0.859925 0.889962 0.946485 0.923622 0.908621 0.986364 0.829888 0.832007 0.754002 0.786666 0.757133 0.875492 0.859833 0.967029 0.912188 0.827098 0.498527 0.604614 0.603711 0.568162 0.918311 0.912945 0.962366 0.902951 0.976785 0.883075 0.660173 0.976637 0.951182 0.860034 0.987146 0.902598 0.938105 0.946669 0.888333 0.963038 0.771819 0.791926 0.914452 0.998854 0.775580 0.713388 0.910576 0.930403 0.791459 0.883047 0.942168 0.997054 0.921803 0.983282 0.930031 0.997815 0.958225 0.870045 0.966205 0.972736 0.967692 0.810113 0.929077 0.988591 0.958480 0.887898 0.952281 0.929139 0.935913 0.976037 0.940481 0.757162
0.909993 0.974156 0.869112 0.908525 0.902646 0.973565 0.952756 0.906205 0.905802 0.858416 0.919234 0.943471 0.988543 0.898514 0.912609 0.981426 0.981035 0.989071 0.955567 0.951872 0.915187 0.703664 0.922240 0.992378 0.693591 0.675902 0.000000 0.783210 0.996502 0.920691 0.756094 0.963120 0.985692 0.948036 0.996501 0.989355 0.984184 0.956954 0.919096 0.952530 0.957911 0.895114 0.920242 0.856210 0.977683 0.952153 0.930933 0.948921 0.922275 0.808028 0.948336 0.918817 0.985848 0.966912 0.989353 0.926954 0.961068 0.967476 0.981644 0.976229 0.961718 0.922263 0.907603 0.906814 0.712920 0.875400 0.976685 0.963270 0.984816 0.800020 0.974894 0.999271 0.978504 0.914575 0.836525 0.974256 0.907279 0.785921 0.904975 0.964791 0.928242 0.943781 0.943209 0.979804 0.960713 0.834085 0.889537 0.943973 0.893389 0.863455 0.783667 0.856320 0.825199 0.910455 0.911371 0.983282 0.823574 0.998535 0.803874 0.887529 0.970027 0.974484 0.879385 0.967985 0.842971 0.980778 0.973462 0.847893 0.899835 0.993975 0.980073 0.989763 0.919649 0.949454 0.992579 0.905376
0.725625 0.781727 0.922123 0.884191 0.830090 0.726870 0.772843 0.812461 0.924823 0.835789 0.744400 0.792805 0.893635 0.801686 0.866098 0.845979 0.716460 0.701330 0.598025 0.669192 0.974185 0.950788 0.815450 0.882928 0.868060 0.692497 0.783210 0.000000 0.739631 0.757275 0.984285 0.817452 0.797919 0.770287 0.969805 0.835994 0.911198 0.865304 0.876479 0.901563 0.990257 0.948408 0.773344 0.787489 0.933307 0.944292 0.980784 0.737854 0.840997 0.903424 0.910063 0.862001 0.893287 0.821286 0.989731 0.842482 0.669862 0.765554 0.955017 0.965646 0.820853 0.863616 0.759006 0.815539 0.995197 0.874105 0.891401 0.906622 0.720977 0.869215 0.749079 0.789021 0.639878 0.658600 0.908370 0.900695 0.941863 0.840439 0.780041 0.711729 0.750237 0.847572 0.834727 0.841122 0.867050 0.978538 0.818906 0.983866 0.921287 0.727402 0.947826 0.894853 0.962679 0.921332 0.957773 0.941679 0.914798 0.979819 0.786336 0.705052 0.973850 0.810294 0.820304 0.750604 0.822657 0.980744 0.922882 0.994571 0.966322 0.944502 0.766831 0.832387 0.876226 0.943530 0.885417 0.856210
0.562451 0.432375 0.882057 0.812436 0.777576 0.937526 0.692748 0.580597 0.705862 0.660044 0.516061 0.398244 0.481827 0.431251 0.459798 0.423961 0.357463 0.310051 0.445083 0.424326 0.900305 0.947943 0.678850 0.731914 0.995557 0.835176 0.996502 0.739631 0.000000 0.339143 0.753038 0.634393 0.495131 0.472433 0.989951 0.916280 0.815795 0.882055 0.949482 0.961861 0.835970 0.754217 0.520331 0.449504 0.684590 0.619645 0.618244 0.532122 0.958161 0.922400 0.933829 0.890773 0.931019 0.996670 0.977722 0.949484 0.365295 0.398167 0.736214 0.764980 0.576153 0.589310 0.421156 0.360200 0.950388 0.741041 0.768112 0.750920 0.551606 0.537418 0.601635 0.630261 0.674226 0.706553 0.919828 0.695823 0.711724 0.533712 0.533581 0.473338 0.348046 0.450041 0.573955 0.550264 0.754282 0.780075 0.851099 0.990354 0.934251 0.992643 0.918796 0.837065 0.984797 0.986040 0.808199 0.735549 0.752619 0.805124 0.607436 0.508385 0.794364 0.731622 0.589945 0.500867 0.680408 0.743194 0.931530 0.991574 0.837149 0.705921 0.626789 0.719911 0.767974 0.698974 0.816268 0.877770
0.517452 0.396457 0.704894 0.581374 0.844948 0.911612 0.538774 0.466769 0.748619 0.508742 0.452587 0.345113 0.446741 0.372272 0.397576 0.283375 0.296936 0.243200 0.359934 0.337632 0.714345 0.899447 0.499793 0.582293 0.827724 0.959577 0.920691 0.757275 0.339143 0.000000 0.547955 0.489079 0.425818 0.394108 0.987694 0.872504 0.638035 0.636118 0.967999 0.887690 0.762695 0.750460 0.399130 0.329963 0.730815 0.635958 0.642529 0.482749 0.854486 0.952416 0.950654 0.950156 0.974078 0.958036 0.927004 0.943783 0.317282 0.371221 0.707328 0.819384 0.537727 0.600697 0.363034 0.314860 0.844457 0.654993 0.726698 0.714789 0.581113 0.559215 0.468001 0.491994 0.550849 0.605813 0.796963 0.714660 0.644915 0.502875 0.436493 0.452514 0.319480 0.362726 0.528096 0.532130 0.719711 0.732338 0.992387 0.926931 0.872972 0.960564 0.913891 0.844787 0.981702 0.937601 0.961629 0.651306 0.779917 0.789499 0.613432 0.461917 0.784384 0.763056 0.583508 0.416974 0.624933 0.631932 0.882641 0.932022 0.693867 0.607185 0.641014 0.693443 0.682911 0.706632 0.758906 0.875119
0.642724 0.737755 0.431443 0.390257 0.802021 0.642368 0.370344 0.433920 0.669575 0.481004 0.672379 0.661794 0.590979 0.718378 0.647287 0.626497 0.629194 0.639228 0.518726 0.642582 0.745146 0.761704 0.466558 0.741739 0.733830 0.678486 0.756094 0.984285 0.753038 0.547955 0.000000 0.588854 0.427993 0.431793 0.716412 0.839018 0.706329 0.800101 0.711262 0.898193 0.930800 0.799627 0.416016 0.424951 0.642997 0.667052 0.608904 0.562068 0.815607 0.944199 0.957495 0.924454 0.857488 0.855181 0.852250 0.896401 0.696943 0.761091 0.597622 0.779738 0.537885 0.834204 0.564719 0.642822 0.563537 0.566452 0.474794 0.505551 0.864026 0.674970 0.559646 0.652452 0.731706 0.835649 0.708386 0.861191 0.748638 0.811580 0.686425 0.700850 0.596685 0.592044 0.830087 0.765174 0.632431 0.748376 0.943140 0.856629 0.660598 0.927302 0.724492 0.685542 0.759027 0.672731 0.960333 0.792750 0.691978 0.895047 0.674780 0.641485 0.716073 0.499842 0.756020 0.675338 0.790868 0.618383 0.886185 0.775000 0.844839 0.712006 0.681406 0.766878 0.690147 0.842230 0.795357 0.868929
0.805842 0.771337 0.700214 0.532701 0.954860 0.880493 0.563957 0.538603 0.863122 0.544912 0.714433 0.676278 0.760275 0.574351 0.688368 0.531523 0.601361 0.572006 0.474907 0.477745 0.796977 0.964516 0.453121 0.482037 0.889606 0.924011 0.963120 0.817452 0.634393 0.489079 0.588854 0.000000 0.578523 0.551604 0.987590 0.716399 0.826483 0.942049 0.986472 0.955308 0.953912 0.957800 0.578654 0.665793 0.968551 0.978645 0.873321 0.698505 0.564177 0.665555 0.776375 0.726439 0.909508 0.906905 0.952543 0.804885 0.651282 0.754700 0.969033 0.914088 0.843657 0.974754 0.543306 0.613560 0.876094 0.798471 0.762773 0.788833 0.903709 0.792331 0.585302 0.717983 0.717737 0.740323 0.839580 0.886542 0.842344 0.680723 0.554663 0.674235 0.492816 0.419268 0.638663 0.589949 0.697691 0.630797 0.948089 0.784802 0.996447 0.994645 0.881919 0.783286 0.912576 0.938429 0.948267 0.675450 0.807675 0.920902 0.864113 0.568795 0.853369 0.639540 0.764632 0.542275 0.846686 0.855075 0.987665 0.945845 0.789048 0.744978 0.756108 0.871181 0.924751 0.782153 0.863522 0.993555
0.386694 0.491942 0.486213 0.421990 0.654697 0.703820 0.336700 0.358831 0.657493 0.480087 0.466879 0.399333 0.411076 0.515634 0.497990 0.471810 0.449880 0.396150 0.332180 0.455032 0.761186 0.915177 0.497947 0.744473 0.909923 0.894693 0.985692 0.797919 0.495131 0.425818 0.427993 0.578523 0.000000 0.276168 0.764414 0.798441 0.587635 0.698477 0.847414 0.789368 0.833235 0.696825 0.375547 0.349193 0.541082 0.560462 0.582718 0.469305 0.898467 0.938125 0.894628 0.880957 0.905720 0.905188 0.796949 0.936890 0.454878 0.494299 0.460450 0.615307 0.374243 0.666260 0.313246 0.368593 0.674730 0.553071 0.435890 0.426813 0.613932 0.503094 0.436345 0.427516 0.723244 0.840457 0.769260 0.910012 0.592939 0.567810 0.536377 0.568491 0.362320 0.348750 0.722596 0.521933 0.538471 0.619562 0.955343 0.898009 0.722251 0.957474 0.657277 0.598760 0.692849 0.688156 0.952481 0.802232 0.693851 0.873606 0.484987 0.514408 0.716403 0.508635 0.497792 0.476796 0.496298 0.622731 0.910276 0.835243 0.818867 0.714071 0.620141 0.629166 0.682092 0.761833 0.699380 0.934303
0.448190 0.510024 0.455989 0.424813 0.669692 0.684376 0.339761 0.357035 0.638877 0.488855 0.456096 0.459536 0.474314 0.584008 0.539867 0.516608 0.452928 0.406081 0.327243 0.413032 0.705576 0.845878 0.544728 0.771238 0.812622 0.836551 0.948036 0.770287 0.472433 0.394108 0.431793 0.551604 0.276168 0.000000 0.664675 0.742335 0.612302 0.718099 0.764816 0.784348 0.851325 0.760449 0.358301 0.328556 0.570943 0.588486 0.524519 0.386346 0.856724 0.934467 0.939650 0.922864 0.916710 0.947036 0.780170 0.899039 0.467220 0.529147 0.465872 0.625620 0.384227 0.653355 0.336554 0.419520 0.612416 0.495022 0.375121 0.376938 0.560666 0.486064 0.458945 0.542130 0.680106 0.822773 0.774215 0.833369 0.667334 0.587008 0.444006 0.554316 0.339659 0.345519 0.717494 0.557101 0.566067 0.649416 0.930498 0.848858 0.755971 0.932375 0.643785 0.638876 0.701794 0.672337 0.932023 0.756850 0.625270 0.781497 0.515222 0.473083 0.681554 0.514932 0.522122 0.413600 0.509606 0.554905 0.895311 0.822686 0.806852 0.676764 0.536403 0.607069 0.629981 0.712699 0.638540 0.856442
0.923269 0.964880 0.602158 0.690993 0.818891 0.659930 0.671515 0.709654 0.778551 0.722291 0.966246 0.917374 0.930520 0.884142 0.938808 0.952525 0.924956 0.958076 0.906895 0.958376 0.923018 0.930078 0.916192 0.923371 0.795459 0.549863 0.996501 0.969805 0.989951 0.987694 0.716412 0.987590 0.764414 0.664675 0.000000 0.736757 0.841158 0.936056 0.633235 0.982898 0.975361 0.987262 0.746528 0.755572 0.647818 0.721391 0.830296 0.720211 0.963848 0.854939 0.925824 0.859155 0.754090 0.976665 0.737283 0.843075 0.954061 0.921458 0.611981 0.732775 0.676792 0.861802 0.937660 0.992008 0.589842 0.593210 0.476572 0.492623 0.943972 0.872014 0.965290 0.948709 0.974237 0.885519 0.852559 0.967636 0.881456 0.991875 0.996343 0.967345 0.917550 0.889580 0.998049 0.969023 0.793257 0.840352 0.896338 0.772689 0.840937 0.812986 0.706231 0.779027 0.644758 0.702509 0.996877 0.907429 0.717188 0.868902 0.831830 0.864374 0.786591 0.752591 0.818296 0.948759 0.820687 0.721916 0.933128 0.810904 0.959073 0.926529 0.792054 0.704642 0.933359 0.997537 0.886067 0.938575
0.869749 0.850486 0.803950 0.829022 0.953140 0.970191 0.788268 0.749967 0.903263 0.797855 0.889652 0.902119 0.970265 0.921344 0.961805 0.948112 0.869756 0.859996 0.765813 0.719742 0.962621 0.924901 0.799308 0.902686 0.931389 0.809237 0.989355 0.835994 0.916280 0.872504 0.839018 0.716399 0.798441 0.742335 0.736757 0.000000 0.848254 0.788838 0.910022 0.915876 0.983450 0.993450 0.760927 0.805477 0.850569 0.893977 0.991206 0.861165 0.920525 0.912564 0.969823 0.976172 0.920314 0.911640 0.948881 0.968154 0.820043 0.881431 0.887879 0.898302 0.834816 0.898981 0.860891 0.854137 0.856647 0.770613 0.736165 0.746937 0.787869 0.831803 0.727870 0.902283 0.954054 0.907126 0.875361 0.956740 0.946460 0.840806 0.985538 0.971529 0.810013 0.871960 0.749340 0.834033 0.939298 0.845035 0.851945 0.975806 0.941665 0.977507 0.922452 0.995422 0.955277 0.953517 0.910332 0.893608 0.838617 0.927008 0.846511 0.773556 0.859436 0.940843 0.994760 0.810725 0.952891 0.881368 0.713041 0.861668 0.932929 0.980430 0.736806 0.793853 0.944005 0.837814 0.811069 0.872658
0.623259 0.643092 0.771548 0.634283 0.881453 0.720578 0.686467 0.616004 0.953804 0.644929 0.804395 0.613857 0.673689 0.795505 0.711952 0.655656 0.699974 0.664173 0.680433 0.657573 0.814501 0.923059 0.694209 0.814882 0.896068 0.896544 0.984184 0.911198 0.815795 0.638035 0.706329 0.826483 0.587635 0.612302 0.841158 0.848254 0.000000 0.583108 0.998302 0.967647 0.730351 0.796041 0.648989 0.621079 0.777293 0.752712 0.877314 0.743478 0.960375 0.936755 0.880539 0.928297 0.929414 0.986411 0.993937 0.995893 0.639311 0.652314 0.758507 0.860818 0.668246 0.681773 0.651581 0.613310 0.830611 0.692368 0.793841 0.742340 0.812070 0.773214 0.531434 0.625941 0.852774 0.881822 0.897779 0.966489 0.755300 0.670356 0.690497 0.899803 0.664519 0.694370 0.826445 0.622959 0.834926 0.830591 0.890129 0.932970 0.941692 0.974160 0.783821 0.736728 0.798137 0.742830 0.792055 0.947067 0.705668 0.722840 0.675421 0.693438 0.851317 0.769386 0.788576 0.748183 0.617526 0.674115 0.960262 0.762415 0.708544 0.852981 0.752385 0.580392 0.735711 0.826127 0.815495 0.909621
0.593354 0.608564 0.848881 0.774920 0.944435 0.914662 0.781545 0.724885 0.939434 0.802075 0.790342 0.688035 0.813149 0.797886 0.812709 0.775763 0.706406 0.691326 0.734512 0.726267 0.916056 0.855837 0.842684 0.866324 0.999473 0.899571 0.956954 0.865304 0.882055 0.636118 0.800101 0.942049 0.698477 0.718099 0.936056 0.788838 0.583108 0.000000 0.978095 0.792079 0.854584 0.913846 0.653515 0.602144 0.759991 0.718592 0.916231 0.822417 0.781062 0.782145 0.677943 0.725344 0.799214 0.771966 0.945495 0.985652 0.614721 0.645530 0.719626 0.794477 0.677613 0.671709 0.677327 0.627700 0.913615 0.795883 0.883896 0.872721 0.702287 0.618738 0.638603 0.642928 0.895125 0.758614 0.850235 0.962037 0.824375 0.835236 0.822248 0.817070 0.787093 0.817692 0.814116 0.753970 0.917561 0.854980 0.960072 0.993696 0.875145 0.873916 0.963169 0.990251 0.917090 0.959924 0.963733 0.902164 0.847846 0.760920 0.749476 0.786228 0.825170 0.962995 0.805345 0.653900 0.767997 0.706806 0.771422 0.756057 0.716178 0.836436 0.790127 0.839314 0.694804 0.850863 0.881823 0.848267
