0.000000 0.244090 0.860352 0.655182 0.983887 0.873362 0.726364 0.599021 0.880977 0.931505 0.348160 0.307346 0.604572 0.693140 0.691085 0.572201 0.326735 0.330011 0.486790 0.432342 0.705008 0.904522 0.841233 0.751309 0.863538 0.913528 0.876621 0.852363 0.521966 0.486015 0.788276 0.858777 0.452518 0.490440 0.983394 0.815627 0.673273 0.592110 0.759707 0.626313 0.527284 0.598236 0.631635 0.529251 0.719220 0.595006 0.393836 0.430206 0.534174 0.546175 0.615372 0.640149 0.850977 0.737225 0.491912 0.615183 0.245722 0.301267 0.327728 0.440985 0.404806 0.445042 0.485137 0.392387 0.752246 0.537201 0.637454 0.539450 0.362168 0.483256 0.820614 0.726036 0.676164 0.607547 0.683044 0.853636 0.823060 0.777425 0.455763 0.438333 0.277878 0.332017 0.596047 0.413416 0.535581 0.567839 0.926715 0.978454 0.673760 0.639557 0.985744 0.886195 0.979760 0.831430 0.586021 0.909835 0.751763 0.876137 0.763999 0.790966 0.979410 0.899325 0.787030 0.743947 0.533222 0.600999 0.990887 0.990901 0.912857 0.882461 0.981238 0.626782 0.818614 0.885556 0.714815 0.982971
0.244090 0.000000 0.837865 0.635272 0.905552 0.850691 0.698110 0.565310 0.852869 0.935282 0.352742 0.296077 0.587317 0.635874 0.656605 0.540359 0.350825 0.345784 0.506607 0.396607 0.730189 0.863029 0.807593 0.712313 0.838573 0.910161 0.899123 0.796729 0.425637 0.488304 0.751292 0.809913 0.414294 0.430359 0.994106 0.785661 0.682539 0.668359 0.712921 0.667821 0.573967 0.572848 0.645098 0.540976 0.713180 0.616911 0.443300 0.432502 0.570246 0.551451 0.570455 0.620089 0.797341 0.812893 0.556499 0.681308 0.241942 0.269134 0.353935 0.419726 0.389351 0.432822 0.491550 0.399371 0.740475 0.553140 0.633080 0.542303 0.367284 0.454882 0.761800 0.659603 0.618461 0.581672 0.719471 0.904010 0.789887 0.715754 0.457169 0.412959 0.324228 0.383655 0.577664 0.442001 0.556197 0.586641 0.952307 0.972307 0.708113 0.689228 0.975710 0.948341 0.960472 0.851059 0.594378 0.844855 0.787536 0.893050 0.732244 0.750389 0.925580 0.913190 0.803502 0.806908 0.547940 0.590984 0.999824 0.910132 0.901401 0.933626 0.934097 0.614137 0.847423 0.859976 0.760588 0.948995
0.860352 0.837865 0.000000 0.310744 0.833238 0.973326 0.622221 0.587953 0.635181 0.976618 0.886594 0.853812 0.671350 0.693966 0.789400 0.636902 0.883180 0.907338 0.672878 0.756394 0.614543 0.929559 0.637090 0.668624 0.405773 0.352981 0.836897 0.902553 0.963488 0.960864 0.546267 0.670506 0.657870 0.757873 0.745729 0.975505 0.615976 0.520942 0.509349 0.684854 0.997641 0.928250 0.540380 0.600787 0.721176 0.671595 0.652989 0.760391 0.748231 0.676434 0.620553 0.640551 0.788877 0.738949 0.857883 0.869323 0.928363 0.970359 0.975763 0.871907 0.876914 0.724703 0.686050 0.734922 0.414404 0.469435 0.611429 0.624911 0.729096 0.637624 0.691256 0.658895 0.732110 0.631668 0.875264 0.761766 0.534409 0.685737 0.638585 0.975958 0.922846 0.971672 0.975404 0.973218 0.849744 0.789508 0.956877 0.872711 0.921425 0.793238 0.703575 0.641585 0.599022 0.614723 0.869582 0.841242 0.751894 0.800071 0.829377 0.776912 0.959917 0.797567 0.924396 0.944256 0.632210 0.829666 0.919150 0.749198 0.893130 0.894732 0.988523 0.885027 0.757368 0.982377 0.756811 0.964941
0.655182 0.635272 0.310744 0.000000 0.768959 0.913023 0.600628 0.473908 0.612352 0.970484 0.681487 0.625101 0.550266 0.485132 0.623962 0.495190 0.928121 0.860401 0.587551 0.552308 0.537651 0.894541 0.529101 0.520836 0.425573 0.364836 0.775832 0.852621 0.796224 0.843248 0.523264 0.634625 0.498381 0.620791 0.743843 0.938727 0.523065 0.495397 0.439517 0.666664 0.882617 0.878566 0.493737 0.475142 0.649299 0.588530 0.584894 0.671696 0.606143 0.485330 0.498309 0.521668 0.661542 0.772988 0.739775 0.743832 0.724747 0.812065 0.851586 0.776868 0.747824 0.604711 0.897025 0.963719 0.360432 0.386236 0.593246 0.608230 0.553221 0.415175 0.663891 0.614034 0.817344 0.647543 0.795661 0.750947 0.582641 0.661480 0.473795 0.793184 0.871868 0.827324 0.834082 0.777779 0.671416 0.612009 0.923401 0.951857 0.800973 0.640701 0.759374 0.703504 0.627741 0.667610 0.732180 0.769352 0.797583 0.869952 0.768732 0.760039 0.923526 0.833265 0.863041 0.933945 0.519465 0.667489 0.986606 0.869583 0.946524 0.902490 0.863372 0.896154 0.789373 0.983031 0.656123 0.988400
0.983887 0.905552 0.833238 0.768959 0.000000 0.978096 0.969253 0.870141 0.836897 0.955007 0.979923 0.928856 0.767894 0.984751 0.789774 0.903304 0.976169 0.972614 0.983533 0.925111 0.906459 0.832722 0.972961 0.968253 0.817285 0.736244 0.945926 0.870201 0.944809 0.899220 0.887453 0.893848 0.978233 0.898300 0.814738 0.941560 0.791670 0.939846 0.803768 0.943987 0.988197 0.881204 0.838777 0.827457 0.903501 0.898382 0.957967 0.849130 0.937007 0.898082 0.917521 0.963120 0.923339 0.966505 0.932176 0.833069 0.971697 0.964848 0.984407 0.993262 0.853807 0.941892 0.898882 0.891701 0.887332 0.976713 0.898808 0.823603 0.881572 0.857053 0.825330 0.859980 0.793336 0.911735 0.977112 0.995824 0.808322 0.996340 0.818700 0.897128 0.928480 0.997727 0.982035 0.990777 0.997288 0.958108 0.735300 0.842535 0.844180 0.897777 0.999106 0.891436 0.912065 0.930258 0.927820 0.827751 0.993589 0.957831 0.950327 0.970276 0.834000 0.919541 0.971829 0.953001 0.947697 0.952014 0.923148 0.911518 0.986409 0.853440 0.990148 0.969872 0.866559 0.989806 0.996097 0.824208
0.873362 0.850691 0.973326 0.913023 0.978096 0.000000 0.639882 0.550898 0.777560 0.584653 0.913432 0.715851 0.846145 0.946151 0.917030 0.746322 0.780736 0.898792 0.728677 0.823348 0.858784 0.969458 0.908137 0.854356 0.783474 0.995055 0.550689 0.899602 0.826001 0.774741 0.833761 0.702806 0.738495 0.721836 0.875905 0.823810 0.960428 0.893671 0.975982 0.945470 0.885866 0.890752 0.888638 0.995524 0.967719 0.839850 0.971529 0.833389 0.824065 0.832481 0.968284 0.922421 0.958153 0.983156 0.854697 0.996289 0.984789 0.998614 0.883887 0.985106 0.711460 0.676634 0.983353 0.933623 0.780057 0.792346 0.905239 0.690971 0.925258 0.840364 0.558650 0.557225 0.647704 0.651333 0.945158 0.952347 0.802497 0.765754 0.926370 0.890367 0.983629 0.974093 0.772979 0.845057 0.789468 0.830492 0.744928 0.756266 0.774277 0.662871 0.517343 0.593979 0.592531 0.760145 0.811804 0.943955 0.646177 0.793907 0.548524 0.695720 0.708305 0.846026 0.740052 0.871884 0.845222 0.946410 0.990896 0.875917 0.843644 0.971986 0.908538 0.738048 0.719885 0.944985 0.888236 0.950616
0.726364 0.698110 0.622221 0.600628 0.969253 0.639882 0.000000 0.318595 0.407328 0.537310 0.627107 0.671527 0.722325 0.804993 0.699846 0.479367 0.663359 0.641870 0.327690 0.571535 0.723207 0.912352 0.626443 0.795620 0.973549 0.836026 0.756957 0.851788 0.548376 0.513175 0.312352 0.339219 0.328271 0.336902 0.992007 0.948971 0.877145 0.808007 0.824532 0.930575 0.953110 0.942393 0.462539 0.507689 0.444711 0.608281 0.793880 0.813909 0.788852 0.850276 0.637195 0.714931 0.629770 0.659322 0.909743 0.909887 0.648850 0.907635 0.848368 0.933631 0.530979 0.825819 0.808370 0.796992 0.873533 0.830471 0.356033 0.437523 0.909344 0.868495 0.531326 0.450498 0.476536 0.492121 0.962612 0.802174 0.560000 0.497820 0.598764 0.652076 0.799168 0.843393 0.841495 0.955921 0.928644 0.926460 0.904643 0.941917 0.855736 0.929527 0.535866 0.567793 0.601801 0.686602 0.622049 0.669551 0.641627 0.664580 0.437248 0.440537 0.767761 0.519220 0.622931 0.776685 0.626812 0.851963 0.829125 0.818276 0.761655 0.987560 0.878989 0.640838 0.447442 0.857770 0.705287 0.993085
0.599021 0.565310 0.587953 0.473908 0.870141 0.550898 0.318595 0.000000 0.446591 0.483478 0.535206 0.460451 0.680375 0.629365 0.760693 0.482722 0.629758 0.619710 0.353940 0.432774 0.724725 0.910742 0.762784 0.817618 0.890058 0.744045 0.755110 0.905364 0.553585 0.515090 0.410949 0.445453 0.375931 0.349461 0.994654 0.855646 0.748408 0.706350 0.739087 0.758330 0.783593 0.806352 0.467328 0.510275 0.553562 0.668970 0.735461 0.782808 0.817355 0.794026 0.613875 0.688627 0.725083 0.779601 0.870227 0.815066 0.615457 0.810460 0.743514 0.888106 0.511122 0.515921 0.854475 0.775541 0.848467 0.605422 0.464959 0.458665 0.781781 0.759852 0.393411 0.320096 0.477341 0.428116 0.870679 0.782757 0.498072 0.552357 0.475411 0.648732 0.746864 0.832640 0.975507 0.928810 0.991749 0.943126 0.769252 0.798483 0.922525 0.986711 0.459053 0.516391 0.464078 0.654358 0.641618 0.715793 0.518097 0.687486 0.423515 0.436167 0.651068 0.612063 0.512253 0.698302 0.532601 0.719452 0.885481 0.827793 0.836210 0.973946 0.943119 0.599380 0.528652 0.814800 0.629876 0.966526
0.880977 0.852869 0.635181 0.612352 0.836897 0.777560 0.407328 0.446591 0.000000 0.452777 0.786865 0.733588 0.811662 0.841781 0.825671 0.558843 0.820088 0.809760 0.519054 0.581526 0.713740 0.930658 0.741773 0.929081 0.950685 0.654721 0.849473 0.829050 0.637071 0.705679 0.353348 0.466533 0.530877 0.502864 0.899565 0.950460 0.758953 0.817144 0.755434 0.848377 0.908835 0.917589 0.448685 0.519410 0.475732 0.642578 0.942634 0.894343 0.779438 0.850208 0.675478 0.750506 0.648416 0.541191 0.879213 0.919373 0.793739 0.866939 0.858166 0.708358 0.814270 0.834291 0.949725 0.985655 0.827554 0.901225 0.544489 0.727449 0.924610 0.898672 0.415029 0.405669 0.632731 0.590970 0.981846 0.703537 0.485176 0.472288 0.687758 0.817391 0.995260 0.859649 0.956316 0.889066 0.850742 0.899215 0.739768 0.747683 0.798128 0.892127 0.430255 0.427027 0.457896 0.474067 0.737889 0.680842 0.718134 0.645547 0.463253 0.423251 0.652465 0.466454 0.551557 0.711620 0.725678 0.947503 0.824149 0.776277 0.797124 0.919179 0.872361 0.618797 0.627242 0.977240 0.813609 0.935153
0.931505 0.935282 0.976618 0.970484 0.955007 0.584653 0.537310 0.483478 0.452777 0.000000 0.755679 0.695517 0.968198 0.943618 0.964026 0.721891 0.688222 0.714477 0.589607 0.595289 0.941269 0.934717 0.918033 0.785567 0.687566 0.952093 0.645883 0.660573 0.576551 0.575230 0.601460 0.638277 0.706930 0.566003 0.899194 0.911256 0.976927 0.957402 0.871990 0.998838 0.997547 0.916661 0.724633 0.818367 0.712981 0.926488 0.804934 0.835178 0.930233 0.791333 0.987634 0.916960 0.871199 0.721360 0.766473 0.903831 0.871232 0.882525 0.880718 0.662899 0.751137 0.810716 0.894019 0.860527 0.694112 0.927314 0.749863 0.808773 0.859696 0.772691 0.390017 0.398481 0.546449 0.567834 0.893556 0.809241 0.631679 0.594972 0.799685 0.883338 0.974620 0.842293 0.827647 0.751587 0.539653 0.592367 0.691140 0.668152 0.743959 0.686557 0.363477 0.433378 0.478931 0.547364 0.862458 0.729592 0.673455 0.679290 0.391562 0.482496 0.546233 0.533275 0.426015 0.566697 0.844929 0.978149 0.931410 0.850691 0.745270 0.906186 0.701474 0.574266 0.587895 0.988282 0.890205 0.996266
0.348160 0.352742 0.886594 0.681487 0.979923 0.913432 0.627107 0.535206 0.786865 0.755679 0.000000 0.340693 0.673282 0.689323 0.706737 0.631367 0.318183 0.252842 0.413066 0.404105 0.804725 0.985881 0.899866 0.813581 0.948960 0.976502 0.944827 0.958108 0.343909 0.310631 0.710711 0.774175 0.454324 0.390290 0.972019 0.806144 0.748502 0.717250 0.782438 0.799932 0.633275 0.670545 0.749968 0.664476 0.727823 0.706288 0.600644 0.630894 0.760622 0.781555 0.753650 0.853791 0.932236 0.802666 0.674473 0.773020 0.337238 0.363906 0.497633 0.588580 0.334409 0.509472 0.389308 0.328749 0.922623 0.658646 0.621347 0.589728 0.478863 0.534275 0.784168 0.638719 0.626391 0.594017 0.774326 0.773429 0.855469 0.776706 0.430184 0.469244 0.376018 0.406669 0.666442 0.538913 0.755415 0.738019 0.981936 0.968464 0.829733 0.757953 0.945552 0.972365 0.973943 0.900239 0.603467 0.809213 0.784568 0.838578 0.744318 0.817936 0.960594 0.893865 0.740489 0.660856 0.625287 0.694068 0.838031 0.909540 0.925404 0.878276 0.966556 0.643953 0.759088 0.990891 0.713840 0.910061
0.307346 0.296077 0.853812 0.625101 0.928856 0.715851 0.671527 0.460451 0.733588 0.695517 0.340693 0.000000 0.489308 0.512516 0.606412 0.440556 0.345807 0.371318 0.465828 0.385655 0.750332 0.902219 0.851204 0.754598 0.965534 0.917001 0.943351 0.951112 0.404155 0.409060 0.724450 0.752818 0.436422 0.442979 0.972819 0.799387 0.701897 0.677794 0.791194 0.693061 0.623528 0.612452 0.656340 0.589398 0.716998 0.662131 0.520166 0.590951 0.650913 0.635027 0.613232 0.676047 0.780965 0.910344 0.640402 0.734177 0.368791 0.412732 0.505548 0.573195 0.345071 0.329002 0.527895 0.431861 0.845941 0.521881 0.728070 0.647356 0.482784 0.575111 0.624970 0.541069 0.643958 0.551398 0.674184 0.805962 0.749004 0.691026 0.455428 0.473372 0.385685 0.495514 0.709100 0.557343 0.759627 0.683225 0.912981 0.889268 0.694632 0.789196 0.750140 0.859756 0.772004 0.989205 0.634183 0.810873 0.696728 0.866762 0.658919 0.706843 0.834598 0.888948 0.628630 0.633519 0.553765 0.642028 0.904809 0.944816 0.856063 0.935942 0.983499 0.597472 0.836797 0.920868 0.700947 0.956536
0.604572 0.587317 0.671350 0.550266 0.767894 0.846145 0.722325 0.680375 0.811662 0.968198 0.673282 0.489308 0.000000 0.392301 0.318070 0.317011 0.799171 0.805377 0.628929 0.661691 0.796326 0.940368 0.458579 0.418216 0.734875 0.763507 0.691074 0.885820 0.764589 0.733441 0.796350 0.786827 0.516666 0.706494 0.961371 0.935572 0.742768 0.676898 0.722147 0.736652 0.949262 0.720578 0.698171 0.629999 0.745812 0.649536 0.547603 0.678907 0.558354 0.502908 0.440864 0.459883 0.567267 0.770782 0.710049 0.709852 0.684857 0.677709 0.746062 0.715232 0.518966 0.511455 0.861340 0.832256 0.503660 0.456312 0.879166 0.842033 0.672995 0.591754 0.905129 0.832329 0.987312 0.827352 0.719922 0.752244 0.695609 0.772296 0.649825 0.612512 0.691849 0.669082 0.635596 0.614526 0.550601 0.446969 0.905735 0.783479 0.540778 0.740319 0.841766 0.872432 0.876194 0.900791 0.716166 0.889484 0.876805 0.870742 0.838556 0.836742 0.908179 0.891569 0.906482 0.970389 0.697883 0.721932 0.951850 0.972833 0.990089 0.966752 0.902345 0.821058 0.786196 0.975276 0.579012 0.976856
0.693140 0.635874 0.693966 0.485132 0.984751 0.946151 0.804993 0.629365 0.841781 0.943618 0.689323 0.512516 0.392301 0.000000 0.363097 0.387182 0.874637 0.765472 0.658407 0.570418 0.878300 0.909471 0.451351 0.395178 0.726884 0.743677 0.686843 0.838258 0.708972 0.709870 0.791620 0.753979 0.551361 0.757260 0.932439 0.915871 0.747880 0.685783 0.752302 0.729146 0.875753 0.803657 0.698569 0.596294 0.696642 0.609536 0.645151 0.661689 0.597170 0.465605 0.518203 0.462111 0.588623 0.751708 0.753955 0.832253 0.733486 0.717040 0.847373 0.772944 0.709924 0.594872 0.924447 0.869074 0.530544 0.516567 0.983211 0.940751 0.721016 0.600546 0.872703 0.813137 0.981210 0.856455 0.806615 0.791130 0.708906 0.791844 0.580131 0.715462 0.818523 0.781710 0.630335 0.668470 0.669822 0.535600 0.994171 0.858211 0.676116 0.572256 0.900062 0.930921 0.867263 0.904141 0.864770 0.839178 0.961640 0.974204 0.870247 0.828264 0.983769 0.946669 0.826736 0.918207 0.693918 0.696127 0.919144 0.952911 0.936621 0.973393 0.874096 0.939032 0.935108 0.967239 0.597618 0.997493
0.691085 0.656605 0.789400 0.623962 0.789774 0.917030 0.699846 0.760693 0.825671 0.964026 0.706737 0.606412 0.318070 0.363097 0.000000 0.340096 0.829575 0.731164 0.620032 0.649065 0.833836 0.999335 0.306575 0.339507 0.793925 0.838088 0.600572 0.870939 0.716179 0.647337 0.685659 0.741969 0.509628 0.733688 0.955985 0.978688 0.783241 0.768914 0.767231 0.869279 0.999509 0.853859 0.703522 0.561471 0.597596 0.527952 0.648034 0.646193 0.507804 0.446835 0.433384 0.414714 0.442414 0.664075 0.638196 0.784514 0.643822 0.702330 0.833848 0.864694 0.612607 0.740181 0.765230 0.757195 0.521701 0.694501 0.858196 0.957415 0.750349 0.633109 0.968623 0.948963 0.914057 0.981106 0.836086 0.842166 0.805049 0.757160 0.733335 0.625728 0.676408 0.652328 0.474127 0.579175 0.507364 0.433441 0.802982 0.671100 0.623932 0.649794 0.999766 0.949667 0.957802 0.952863 0.761038 0.849452 0.966601 0.998921 0.902595 0.805451 0.850672 0.825930 0.934186 0.949033 0.757121 0.835312 0.932889 0.944964 0.991488 0.955528 0.907635 0.886528 0.847601 0.983832 0.645585 0.991039
0.572201 0.540359 0.636902 0.495190 0.903304 0.746322 0.479367 0.482722 0.558843 0.721891 0.631367 0.440556 0.317011 0.387182 0.340096 0.000000 0.662432 0.656524 0.444682 0.443559 0.693353 0.892831 0.400957 0.458984 0.774262 0.739730 0.854139 0.969350 0.608320 0.577608 0.486001 0.549044 0.351988 0.494123 0.969233 0.921088 0.715646 0.620838 0.720389 0.729028 0.895060 0.779157 0.460737 0.422749 0.479605 0.483006 0.601228 0.635266 0.501186 0.516725 0.400266 0.441376 0.450359 0.635899 0.759204 0.717389 0.548116 0.737119 0.799224 0.920674 0.511174 0.553714 0.865077 0.792221 0.546779 0.563242 0.689935 0.709578 0.684827 0.696071 0.652258 0.565161 0.789087 0.639166 0.803783 0.706691 0.548605 0.541398 0.561729 0.590628 0.684889 0.748468 0.614158 0.682399 0.678194 0.604256 0.975467 0.988398 0.760554 0.765078 0.667755 0.728857 0.726852 0.788164 0.670096 0.679752 0.810696 0.833562 0.581194 0.549943 0.871719 0.691709 0.678948 0.784228 0.589301 0.752533 0.915151 0.846651 0.818825 0.930391 0.942511 0.670552 0.616204 0.904019 0.579868 0.894729
0.326735 0.350825 0.883180 0.928121 0.976169 0.780736 0.663359 0.629758 0.820088 0.688222 0.318183 0.345807 0.799171 0.874637 0.829575 0.662432 0.000000 0.219016 0.469869 0.442345 0.808795 0.862851 0.941939 0.992336 0.751546 0.806664 0.877784 0.992857 0.337970 0.310255 0.790069 0.823773 0.537524 0.426704 0.842440 0.758476 0.831340 0.836167 0.970188 0.857234 0.602142 0.688801 0.787377 0.693949 0.762512 0.771769 0.671428 0.649196 0.785572 0.880941 0.863265 0.959168 0.996096 0.712711 0.732157 0.792116 0.294873 0.370369 0.453172 0.676440 0.375765 0.580889 0.322783 0.271537 0.861444 0.840253 0.664915 0.630409 0.563344 0.754554 0.730920 0.616677 0.563451 0.577856 0.842995 0.920221 0.913523 0.795518 0.526035 0.480309 0.322889 0.417706 0.670214 0.589535 0.838459 0.886388 0.963941 0.977472 0.872839 0.911257 0.928039 0.936676 0.978339 0.820076 0.631490 0.861385 0.774943 0.796097 0.680689 0.734343 0.873057 0.979270 0.682839 0.560395 0.720167 0.692790 0.958817 0.987818 0.738703 0.956947 0.889854 0.553410 0.820494 0.902613 0.882500 0.986168
0.330011 0.345784 0.907338 0.860401 0.972614 0.898792 0.641870 0.619710 0.809760 0.714477 0.252842 0.371318 0.805377 0.765472 0.731164 0.656524 0.219016 0.000000 0.425688 0.395365 0.835691 0.983107 0.938704 0.891357 0.780057 0.821649 0.989587 0.988241 0.297070 0.258409 0.759201 0.769792 0.485159 0.391254 0.901998 0.801034 0.823148 0.816951 0.929815 0.870747 0.575821 0.679840 0.798860 0.678325 0.715856 0.714050 0.679564 0.618077 0.771154 0.826302 0.826688 0.892243 0.907548 0.751081 0.709472 0.859609 0.266727 0.331232 0.478925 0.669564 0.369124 0.632668 0.275319 0.231753 0.936542 0.846285 0.651421 0.638932 0.551486 0.648072 0.806047 0.675129 0.596422 0.639409 0.898752 0.897326 0.958811 0.776043 0.502301 0.437225 0.321990 0.398551 0.578862 0.528591 0.775110 0.818095 0.987062 0.929054 0.901021 0.838104 0.976894 0.885898 0.936462 0.814137 0.601671 0.828342 0.858448 0.892562 0.729566 0.745515 0.910358 0.962088 0.726613 0.617674 0.695620 0.701902 0.914315 0.916702 0.845845 0.977027 0.933098 0.582465 0.828137 0.934615 0.801259 0.882078
0.486790 0.506607 0.672878 0.587551 0.983533 0.728677 0.327690 0.353940 0.519054 0.589607 0.413066 0.465828 0.628929 0.658407 0.620032 0.444682 0.469869 0.425688 0.000000 0.398001 0.767253 0.970239 0.666228 0.759367 0.981829 0.877462 0.916180 0.909252 0.385509 0.358208 0.459874 0.504046 0.350551 0.312424 0.911509 0.887861 0.838902 0.762987 0.767665 0.890140 0.783035 0.797950 0.558507 0.561631 0.536578 0.607088 0.655173 0.693081 0.715804 0.769759 0.689488 0.736682 0.751021 0.891149 0.792123 0.854731 0.506006 0.678705 0.676339 0.844203 0.399936 0.636302 0.661960 0.614507 0.854664 0.667133 0.468430 0.509938 0.710566 0.735902 0.583886 0.461690 0.535974 0.463202 0.875522 0.815798 0.632111 0.569274 0.465975 0.555714 0.608601 0.649534 0.757223 0.729980 0.837057 0.845451 0.892518 0.989913 0.983289 0.953652 0.679595 0.781293 0.734299 0.851418 0.580499 0.708475 0.697328 0.787490 0.554773 0.527514 0.898418 0.716181 0.691877 0.722785 0.638595 0.789618 0.970367 0.926911 0.835486 0.919407 0.948246 0.622498 0.619574 0.975118 0.647996 0.936845
0.432342 0.396607 0.756394 0.552308 0.925111 0.823348 0.571535 0.432774 0.581526 0.595289 0.404105 0.385655 0.661691 0.570418 0.649065 0.443559 0.442345 0.395365 0.398001 0.000000 0.683153 0.951496 0.739134 0.744208 0.893628 0.816510 0.979239 0.952512 0.398949 0.435721 0.553772 0.630445 0.438630 0.392210 0.953497 0.806023 0.697766 0.639913 0.765140 0.791373 0.718028 0.709028 0.533680 0.479983 0.590004 0.616960 0.683101 0.675589 0.672688 0.676882 0.655408 0.706429 0.727580 0.927107 0.812260 0.809277 0.398957 0.589609 0.722640 0.845225 0.535152 0.558167 0.689157 0.601256 0.803128 0.664126 0.652411 0.656730 0.595255 0.639878 0.519135 0.434132 0.623526 0.517118 0.867180 0.838166 0.638004 0.614815 0.477473 0.589975 0.619762 0.704851 0.727580 0.766536 0.865613 0.874259 0.895406 0.960421 0.949918 0.784161 0.734956 0.789310 0.761580 0.834094 0.650672 0.769696 0.773154 0.802518 0.577696 0.550507 0.784676 0.837643 0.659289 0.668278 0.544122 0.671836 0.948605 0.988549 0.892544 0.937003 0.989745 0.569031 0.686711 0.956115 0.723688 0.957289
0.705008 0.730189 0.614543 0.537651 0.906459 0.858784 0.723207 0.724725 0.713740 0.941269 0.804725 0.750332 0.796326 0.878300 0.833836 0.693353 0.808795 0.835691 0.767253 0.683153 0.000000 0.841106 0.793249 0.849475 0.762759 0.662282 0.864450 0.858911 0.878127 0.843318 0.644218 0.860591 0.695819 0.738155 0.837437 0.940918 0.564945 0.766253 0.625622 0.718264 0.942248 0.842912 0.634861 0.634938 0.752624 0.772168 0.674461 0.728084 0.760834 0.789887 0.803411 0.811456 0.877209 0.958966 0.894166 0.897947 0.751309 0.822819 0.813769 0.870452 0.795594 0.701561 0.958954 0.959462 0.675989 0.681625 0.638489 0.605260 0.681416 0.657707 0.720254 0.739470 0.786591 0.681118 0.901160 0.826808 0.787400 0.683519 0.724207 0.805999 0.832633 0.864936 0.951138 0.905414 0.843440 0.799054 0.999023 0.891906 0.950690 0.872318 0.797121 0.804459 0.796461 0.818042 0.792680 0.872486 0.794819 0.840713 0.754047 0.741828 0.794092 0.882850 0.798983 0.723887 0.604579 0.735747 0.885429 0.967255 0.780823 0.924104 0.968459 0.867342 0.843474 0.995060 0.867575 0.827557
0.904522 0.863029 0.929559 0.894541 0.832722 0.969458 0.912352 0.910742 0.930658 0.934717 0.985881 0.902219 0.940368 0.909471 0.999335 0.892831 0.862851 0.983107 0.970239 0.951496 0.841106 0.000000 0.966755 0.943087 0.837404 0.892222 0.999672 0.972741 0.978977 0.904823 0.880376 0.895653 0.920610 0.849301 0.865749 0.927919 0.706487 0.834242 0.916590 0.894883 0.917963 0.978556 0.811800 0.876570 0.881919 0.903685 0.868903 0.829736 0.930839 0.966451 0.909247 0.947506 0.934642 0.976136 0.944516 0.931577 0.872570 0.942877 0.936953 0.973456 0.990748 0.979522 0.966583 0.990686 0.876623 0.977148 0.845000 0.911224 0.935222 0.925133 0.785111 0.903562 0.954639 0.928367 0.781622 0.961008 0.947639 0.983446 0.968406 0.852626 0.904316 0.903589 0.971451 0.889759 0.877918 0.924035 0.950336 0.935623 0.967081 0.959247 0.953249 0.872423 0.887485 0.958266 0.973332 0.902079 0.956762 0.985545 0.899597 0.930911 0.851143 0.966496 0.902617 0.819569 0.921870 0.964007 0.946819 0.934533 0.739819 0.976893 0.958043 0.912924 0.964507 0.938506 0.953953 0.910924
0.841233 0.807593 0.637090 0.529101 0.972961 0.908137 0.626443 0.762784 0.741773 0.918033 0.899866 0.851204 0.458579 0.451351 0.306575 0.400957 0.941939 0.938704 0.666228 0.739134 0.793249 0.966755 0.000000 0.279471 0.641782 0.678976 0.588235 0.769143 0.873965 0.857366 0.617369 0.654362 0.523881 0.770382 0.813212 0.866779 0.829027 0.786552 0.728074 0.876965 0.919848 0.999893 0.554060 0.476517 0.461797 0.428848 0.681126 0.640188 0.474204 0.403413 0.395001 0.323439 0.327217 0.470413 0.746316 0.764322 0.794736 0.919718 0.977969 0.991995 0.848779 0.973906 0.974865 0.965259 0.399039 0.763313 0.741293 0.867859 0.864573 0.665608 0.969588 0.969845 0.911027 0.984810 0.860783 0.823756 0.678791 0.698989 0.784230 0.769803 0.899809 0.847963 0.571115 0.713826 0.481561 0.439655 0.866177 0.709897 0.724113 0.617588 0.949693 0.940678 0.969364 0.930711 0.846470 0.771732 0.916377 0.951649 0.849669 0.706692 0.878497 0.802037 0.956165 0.959956 0.704330 0.857706 0.879318 0.932203 0.956944 0.974401 0.905732 0.919641 0.709031 0.999760 0.626764 0.941765
0.751309 0.712313 0.668624 0.520836 0.968253 0.854356 0.795620 0.817618 0.929081 0.785567 0.813581 0.754598 0.418216 0.395178 0.339507 0.458984 0.992336 0.891357 0.759367 0.744208 0.849475 0.943087 0.279471 0.000000 0.569976 0.718057 0.564860 0.773226 0.889786 0.849890 0.800792 0.781465 0.611154 0.801399 0.811713 0.915169 0.765688 0.727846 0.702933 0.853167 0.997067 0.885442 0.640764 0.513466 0.558675 0.455903 0.595009 0.569813 0.453205 0.348023 0.390322 0.350816 0.431919 0.626300 0.707631 0.722397 0.735368 0.763614 0.844896 0.797918 0.812965 0.856198 0.964727 0.954522 0.396550 0.661568 0.795758 0.907246 0.767499 0.588823 0.903435 0.956915 0.885144 0.935789 0.768522 0.874399 0.724061 0.784458 0.761419 0.721715 0.775045 0.718087 0.530700 0.569272 0.441170 0.348805 0.875233 0.673251 0.614583 0.496098 0.915374 0.926415 0.919380 0.935191 0.808191 0.828679 0.928275 0.973188 0.978172 0.825196 0.809041 0.947080 0.984316 0.995338 0.702858 0.766294 0.989666 0.975708 0.991614 0.918815 0.827374 0.975444 0.848351 0.971132 0.630999 0.999904
0.863538 0.838573 0.405773 0.425573 0.817285 0.783474 0.973549 0.890058 0.950685 0.687566 0.948960 0.965534 0.734875 0.726884 0.793925 0.774262 0.751546 0.780057 0.981829 0.893628 0.762759 0.837404 0.641782 0.569976 0.000000 0.389575 0.669401 0.779539 0.801403 0.698778 0.787168 0.897438 0.812749 0.978379 0.738813 0.952638 0.617812 0.561391 0.604701 0.666941 0.925486 0.952022 0.611880 0.610762 0.812736 0.672086 0.636467 0.657301 0.603880 0.493780 0.546922 0.534950 0.737699 0.788596 0.718669 0.762398 0.899873 0.963755 0.960278 0.790303 0.900239 0.839980 0.645195 0.707939 0.310307 0.545126 0.817801 0.850004 0.664999 0.558454 0.914824 0.965924 0.934531 0.919709 0.655955 0.877336 0.682056 0.810616 0.835431 0.982025 0.967221 0.984474 0.915184 0.833278 0.622426 0.608165 0.905570 0.970255 0.753618 0.618167 0.986419 0.886902 0.815616 0.786090 0.968058 0.923187 0.936226 0.996912 0.981928 0.987325 0.921352 0.944092 0.929527 0.815712 0.587672 0.815056 0.929771 0.823902 0.811639 0.873442 0.895330 0.914189 0.920021 0.911426 0.842506 0.894689
0.913528 0.910161 0.352981 0.364836 0.736244 0.995055 0.836026 0.744045 0.654721 0.952093 0.976502 0.917001 0.763507 0.743677 0.838088 0.739730 0.806664 0.821649 0.877462 0.816510 0.662282 0.892222 0.678976 0.718057 0.389575 0.000000 0.817144 0.830485 0.941219 0.806520 0.713952 0.800013 0.765845 0.911034 0.646481 0.947695 0.548044 0.682129 0.553393 0.659797 0.939271 0.978477 0.589220 0.669307 0.808310 0.745536 0.744678 0.794651 0.734492 0.613981 0.640449 0.649053 0.811391 0.782072 0.894561 0.857349 0.992203 0.910068 0.877783 0.960228 0.930031 0.799958 0.626855 0.670264 0.420408 0.553737 0.785767 0.823536 0.738571 0.651746 0.734692 0.762081 0.906760 0.812275 0.847634 0.798318 0.582234 0.742149 0.803388 0.983780 0.868521 0.876821 0.989574 0.997511 0.844391 0.799027 0.897528 0.839060 0.976498 0.746405 0.745117 0.666587 0.599815 0.628864 0.855403 0.900420 0.829011 0.838296 0.867111 0.826249 0.960971 0.923314 0.952489 0.958310 0.631881 0.851602 0.864874 0.728413 0.946052 0.874589 0.899155 0.929047 0.882130 0.915817 0.833571 0.923265
0.876621 0.899123 0.836897 0.775832 0.945926 0.550689 0.756957 0.755110 0.849473 0.645883 0.944827 0.943351 0.691074 0.686843 0.600572 0.854139 0.877784 0.989587 0.916180 0.979239 0.864450 0.999672 0.588235 0.564860 0.669401 0.817144 0.000000 0.695329 0.962908 0.946117 0.926925 0.812144 0.999768 0.861098 0.795912 0.839007 0.788858 0.772401 0.843680 0.868421 0.987036 0.896331 0.960828 0.844154 0.900271 0.730014 0.779996 0.701273 0.634275 0.575115 0.753820 0.664656 0.671164 0.861460 0.730161 0.865933 0.905494 0.840137 0.983819 0.830441 0.938765 0.990300 0.979624 0.973498 0.500884 0.854567 0.912163 0.789188 0.758395 0.602773 0.696199 0.674346 0.694130 0.789520 0.761917 0.880351 0.988707 0.986070 0.948852 0.897884 0.891006 0.808488 0.621575 0.663108 0.558226 0.524948 0.758058 0.734195 0.565849 0.593301 0.713858 0.735558 0.744545 0.850697 0.918145 0.994234 0.718456 0.737415 0.716847 0.816096 0.646024 0.798669 0.777405 0.934687 0.925192 0.853168 0.862442 0.880737 0.795368 0.920457 0.901401 0.901081 0.781506 0.916305 0.857376 0.963364
0.852363 0.796729 0.902553 0.852621 0.870201 0.899602 0.851788 0.905364 0.829050 0.660573 0.958108 0.951112 0.885820 0.838258 0.870939 0.969350 0.992857 0.988241 0.909252 0.952512 0.858911 0.972741 0.769143 0.773226 0.779539 0.830485 0.695329 0.000000 0.966567 0.876616 0.865544 0.790477 0.961748 0.888186 0.781786 0.908213 0.907844 0.978490 0.818885 0.766167 0.931505 0.975362 0.930402 0.881914 0.998853 0.896096 0.831816 0.727852 0.780637 0.685581 0.822326 0.745105 0.886558 0.935662 0.768047 0.764158 0.909970 0.773238 0.855773 0.768461 0.920971 0.980979 0.977777 0.954693 0.701095 0.854925 0.912520 0.966862 0.751841 0.733557 0.807703 0.846779 0.841988 0.856456 0.866133 0.827246 0.930242 0.922999 0.872654 0.978372 0.918610 0.789875 0.854166 0.806881 0.602938 0.629948 0.830035 0.850529 0.758861 0.633105 0.733472 0.831583 0.793564 0.858923 0.892947 0.811286 0.745406 0.952894 0.857261 0.865044 0.695494 0.721597 0.695742 0.823743 0.967962 0.956698 0.973348 0.944774 0.926881 0.973995 0.818819 0.950132 0.895142 0.967164 0.886606 0.977166
0.521966 0.425637 0.963488 0.796224 0.944809 0.826001 0.548376 0.553585 0.637071 0.576551 0.343909 0.404155 0.764589 0.708972 0.716179 0.608320 0.337970 0.297070 0.385509 0.398949 0.878127 0.978977 0.873965 0.889786 0.801403 0.941219 0.962908 0.966567 0.000000 0.293679 0.654245 0.694017 0.451853 0.344782 0.934455 0.836419 0.877149 0.907763 0.923440 0.971963 0.730387 0.679528 0.770124 0.703445 0.659041 0.729367 0.776034 0.754783 0.780657 0.857118 0.797592 0.905245 0.824997 0.997077 0.847199 0.936046 0.435157 0.536722 0.669437 0.829887 0.427130 0.701081 0.426011 0.411471 0.931842 0.881994 0.624372 0.689577 0.676766 0.740951 0.681521 0.542893 0.525685 0.605342 0.915262 0.890071 0.822449 0.693025 0.543983 0.536385 0.503059 0.578726 0.658564 0.681720 0.919386 0.913420 0.927351 0.974642 0.947047 0.955745 0.818903 0.900217 0.852457 0.989677 0.690677 0.762540 0.860011 0.807444 0.642957 0.695388 0.911569 0.827823 0.687003 0.613772 0.763286 0.737935 0.915896 0.976265 0.816596 0.990572 0.991609 0.578791 0.790533 0.991126 0.899761 0.850679
0.486015 0.488304 0.960864 0.843248 0.899220 0.774741 0.513175 0.515090 0.705679 0.575230 0.310631 0.409060 0.733441 0.709870 0.647337 0.577608 0.310255 0.258409 0.358208 0.435721 0.843318 0.904823 0.857366 0.849890 0.698778 0.806520 0.946117 0.876616 0.293679 0.000000 0.651422 0.664911 0.471802 0.398072 0.887388 0.834883 0.930273 0.912771 0.969962 0.992130 0.731508 0.686184 0.800196 0.680279 0.635784 0.714504 0.771692 0.767055 0.823993 0.888636 0.834950 0.900422 0.845685 0.960997 0.794731 0.882442 0.430263 0.526890 0.576723 0.805220 0.347436 0.651957 0.361722 0.349815 0.873981 0.876196 0.590829 0.654591 0.721863 0.799762 0.727308 0.619130 0.556826 0.612840 0.944725 0.837790 0.861297 0.667231 0.552492 0.518824 0.460837 0.524130 0.674107 0.642816 0.916933 0.880215 0.913898 0.902882 0.963333 0.934357 0.841205 0.991556 0.953938 0.928511 0.615357 0.743395 0.733687 0.830825 0.634646 0.631498 0.916617 0.781300 0.627167 0.564467 0.740433 0.750375 0.938247 0.998726 0.844994 0.949888 0.964146 0.566902 0.741930 0.971719 0.730121 0.986017
0.788276 0.751292 0.546267 0.523264 0.887453 0.833761 0.312352 0.410949 0.353348 0.601460 0.710711 0.724450 0.796350 0.791620 0.685659 0.486001 0.790069 0.759201 0.459874 0.553772 0.644218 0.880376 0.617369 0.800792 0.787168 0.713952 0.926925 0.865544 0.654245 0.651422 0.000000 0.376246 0.426299 0.441788 0.990219 0.993344 0.743832 0.674025 0.712975 0.836335 0.969069 0.956266 0.410339 0.424717 0.415144 0.543609 0.827618 0.800496 0.702946 0.744211 0.579507 0.658056 0.594196 0.559421 0.870368 0.909795 0.658133 0.996389 0.961058 0.852114 0.714007 0.823931 0.971097 0.915933 0.734017 0.846031 0.429719 0.572812 0.853811 0.814371 0.496090 0.474806 0.564168 0.541738 0.954419 0.723290 0.525145 0.413805 0.596872 0.722320 0.860208 0.967933 0.873981 0.992132 0.975131 0.944798 0.846366 0.750699 0.866571 0.978574 0.565174 0.527297 0.541478 0.587223 0.744627 0.713138 0.725421 0.800218 0.487369 0.464352 0.775306 0.490214 0.597423 0.760044 0.613959 0.902049 0.819888 0.791151 0.759281 0.900936 0.832018 0.752542 0.570457 0.920584 0.794263 0.990822
0.858777 0.809913 0.670506 0.634625 0.893848 0.702806 0.339219 0.445453 0.466533 0.638277 0.774175 0.752818 0.786827 0.753979 0.741969 0.549044 0.823773 0.769792 0.504046 0.630445 0.860591 0.895653 0.654362 0.781465 0.897438 0.800013 0.812144 0.790477 0.694017 0.664911 0.376246 0.000000 0.525913 0.516992 0.990178 0.968124 0.863361 0.851402 0.827138 0.960333 0.940688 0.998071 0.541969 0.583454 0.538918 0.672727 0.831476 0.897545 0.833054 0.812295 0.653742 0.701966 0.685239 0.639031 0.925350 0.991428 0.747941 0.992831 0.981426 0.872312 0.709633 0.932139 0.920596 0.917951 0.851269 0.888699 0.506478 0.609949 0.991525 0.837948 0.574684 0.589229 0.586673 0.640381 0.934392 0.812032 0.621117 0.563236 0.679090 0.709780 0.947172 0.980904 0.898599 0.974135 0.994521 0.969385 0.751864 0.977508 0.837109 0.885957 0.587704 0.577955 0.579427 0.703142 0.673324 0.790664 0.760152 0.816038 0.589443 0.493540 0.801932 0.603727 0.637669 0.781454 0.588674 0.844876 0.902099 0.868403 0.878674 0.967420 0.820190 0.783819 0.633862 0.952993 0.717724 0.930126
0.452518 0.414294 0.657870 0.498381 0.978233 0.738495 0.328271 0.375931 0.530877 0.706930 0.454324 0.436422 0.516666 0.551361 0.509628 0.351988 0.537524 0.485159 0.350551 0.438630 0.695819 0.920610 0.523881 0.611154 0.812749 0.765845 0.999768 0.961748 0.451853 0.471802 0.426299 0.525913 0.000000 0.310901 0.916343 0.901151 0.751167 0.678225 0.753956 0.750140 0.736528 0.762806 0.426856 0.410073 0.448665 0.481892 0.571132 0.560419 0.558101 0.558406 0.457069 0.522409 0.582655 0.795510 0.706434 0.731923 0.412964 0.582012 0.602751 0.744223 0.423493 0.562931 0.682153 0.637765 0.650388 0.577499 0.463586 0.472257 0.617275 0.606539 0.620827 0.535989 0.586348 0.508753 0.810669 0.764059 0.583491 0.514749 0.503535 0.529932 0.558382 0.608506 0.621196 0.646861 0.651513 0.628640 0.994904 0.974990 0.859329 0.754453 0.703398 0.770464 0.725851 0.861090 0.586899 0.633125 0.703069 0.665448 0.484381 0.553065 0.862968 0.734595 0.611830 0.805680 0.495453 0.692553 0.932331 0.854308 0.838131 0.939811 0.997237 0.588849 0.575880 0.901524 0.645130 0.972183
0.490440 0.430359 0.757873 0.620791 0.898300 0.721836 0.336902 0.349461 0.502864 0.566003 0.390290 0.442979 0.706494 0.757260 0.733688 0.494123 0.426704 0.391254 0.312424 0.392210 0.738155 0.849301 0.770382 0.801399 0.978379 0.911034 0.861098 0.888186 0.344782 0.398072 0.441788 0.516992 0.310901 0.000000 0.954515 0.900302 0.759905 0.756120 0.776486 0.842229 0.745668 0.774215 0.516967 0.530592 0.490954 0.597618 0.701698 0.688007 0.726087 0.827564 0.658922 0.787250 0.723516 0.876754 0.888795 0.830252 0.411040 0.617965 0.650775 0.831225 0.415547 0.626674 0.620858 0.566957 0.902082 0.754294 0.431206 0.475012 0.707893 0.728029 0.494396 0.404358 0.422096 0.431534 0.785319 0.841379 0.611856 0.552508 0.493525 0.501349 0.567470 0.667154 0.783088 0.750349 0.893431 0.892078 0.825320 0.873460 0.970496 0.996094 0.651070 0.697766 0.693908 0.820793 0.555358 0.605963 0.682610 0.726448 0.449560 0.485930 0.773446 0.689642 0.570035 0.646533 0.595833 0.703958 0.958534 0.847758 0.787166 0.949332 0.932082 0.517455 0.567145 0.778206 0.707510 0.903916
0.983394 0.994106 0.745729 0.743843 0.814738 0.875905 0.992007 0.994654 0.899565 0.899194 0.972019 0.972819 0.961371 0.932439 0.955985 0.969233 0.842440 0.901998 0.911509 0.953497 0.837437 0.865749 0.813212 0.811713 0.738813 0.646481 0.795912 0.781786 0.934455 0.887388 0.990219 0.990178 0.916343 0.954515 0.000000 0.880807 0.799479 0.811216 0.687125 0.828270 0.872625 0.980204 0.722565 0.757796 0.801305 0.684506 0.832343 0.770879 0.744952 0.731393 0.759646 0.769220 0.831686 0.860717 0.979344 0.883911 0.976083 0.950230 0.982049 0.880427 0.915614 0.985509 0.886113 0.879613 0.712140 0.905233 0.871411 0.878439 0.874093 0.859465 0.942037 0.966353 0.984129 0.940941 0.956858 0.878677 0.793352 0.878045 0.999443 0.889465 0.981513 0.939013 0.988386 0.957943 0.869313 0.851471 0.987269 0.913435 0.871337 0.623530 0.939715 0.942758 0.949458 0.998402 0.820264 0.811671 0.927088 0.832591 0.991346 0.932166 0.897979 0.952340 0.999473 0.963172 0.846324 0.896860 0.995237 0.888505 0.964460 0.801056 0.979270 0.913875 0.855616 0.977620 0.856601 0.966222
0.815627 0.785661 0.975505 0.938727 0.941560 0.823810 0.948971 0.855646 0.950460 0.911256 0.806144 0.799387 0.935572 0.915871 0.978688 0.921088 0.758476 0.801034 0.887861 0.806023 0.940918 0.927919 0.866779 0.915169 0.952638 0.947695 0.839007 0.908213 0.836419 0.834883 0.993344 0.968124 0.901151 0.900302 0.880807 0.000000 0.801113 0.980876 0.873112 0.858808 0.729304 0.956393 0.954227 0.990009 0.808166 0.883973 0.928702 0.985601 0.963021 0.980229 0.972604 0.903329 0.838655 0.754018 0.859288 0.960634 0.793141 0.746547 0.868639 0.811764 0.751674 0.747479 0.816878 0.788792 0.992453 0.754590 0.989884 0.855997 0.730488 0.946273 0.878136 0.796063 0.812038 0.883040 0.954249 0.921274 0.985510 0.941185 0.914886 0.911736 0.839885 0.845917 0.930309 0.936581 0.991168 0.989227 0.867269 0.877874 0.975446 0.996756 0.936177 0.946962 0.936414 0.966092 0.989025 0.892757 0.911685 0.998951 0.955097 0.936943 0.966433 0.774363 0.954918 0.972197 0.851355 0.892324 0.923791 0.912197 0.980776 0.876077 0.896241 0.995373 0.954374 0.968596 0.889158 0.959177
0.673273 0.682539 0.615976 0.523065 0.791670 0.960428 0.877145 0.748408 0.758953 0.976927 0.748502 0.701897 0.742768 0.747880 0.783241 0.715646 0.831340 0.823148 0.838902 0.697766 0.564945 0.706487 0.829027 0.765688 0.617812 0.548044 0.788858 0.907844 0.877149 0.930273 0.743832 0.863361 0.751167 0.759905 0.799479 0.801113 0.000000 0.555657 0.685272 0.548339 0.794171 0.844510 0.607810 0.572253 0.759631 0.670844 0.684213 0.715414 0.637738 0.663629 0.665248 0.695612 0.853623 0.941922 0.801130 0.818502 0.672408 0.746624 0.830887 0.820442 0.866431 0.685638 0.997612 0.900867 0.587696 0.630341 0.761018 0.801606 0.628731 0.595372 0.748315 0.750891 0.835132 0.800861 0.928482 0.848081 0.746201 0.742870 0.699143 0.702941 0.747796 0.816735 0.835913 0.766968 0.798342 0.788206 0.882922 0.803721 0.874486 0.750272 0.873442 0.868422 0.784020 0.841780 0.792848 0.811979 0.992590 0.917396 0.812149 0.849582 0.828123 0.955974 0.865116 0.816436 0.766345 0.777879 0.994990 0.981526 0.986794 0.998862 0.948159 0.900855 0.963856 0.918974 0.832017 0.841079
0.592110 0.668359 0.520942 0.495397 0.939846 0.893671 0.808007 0.706350 0.817144 0.957402 0.717250 0.677794 0.676898 0.685783 0.768914 0.620838 0.836167 0.816951 0.762987 0.639913 0.766253 0.834242 0.786552 0.727846 0.561391 0.682129 0.772401 0.978490 0.907763 0.912771 0.674025 0.851402 0.678225 0.756120 0.811216 0.980876 0.555657 0.000000 0.665495 0.625848 0.801674 0.878634 0.631035 0.574860 0.732466 0.621384 0.669429 0.646253 0.631129 0.629061 0.598950 0.644716 0.794421 0.932822 0.695927 0.795595 0.620432 0.742900 0.765255 0.777803 0.785801 0.670927 0.994524 0.912216 0.545182 0.579885 0.762886 0.807332 0.516786 0.556672 0.810916 0.774753 0.849520 0.637767 0.787355 0.694111 0.720071 0.787665 0.562162 0.811807 0.755627 0.780406 0.743910 0.719347 0.752657 0.722940 0.938484 0.866960 0.696181 0.607928 0.949948 0.914149 0.852323 0.799063 0.842541 0.902900 0.936616 0.896792 0.892736 0.930051 0.910767 0.915270 0.840426 0.914229 0.742564 0.788785 0.933230 0.830228 0.941648 0.883620 0.954773 0.866999 0.839496 0.970794 0.683519 0.982527
