0.000000 0.231580 0.943673 0.909438 0.738952 0.838783 0.757199 0.678571 0.963777 0.929738 0.293605 0.256939 0.422858 0.473721 0.812751 0.906647 0.276134 0.251616 0.386493 0.301410 0.885501 0.918465 0.924281 0.942232 0.697866 0.612981 0.863678 0.816660 0.388513 0.299166 0.822749 0.957442 0.456643 0.431992 0.972735 0.845669 0.860807 0.866718 0.922115 0.986506 0.952177 0.844772 0.906479 0.985392 0.911753 0.794170 0.621170 0.609269 0.557369 0.544577 0.560011 0.544877 0.952377 0.775112 0.553661 0.632294 0.240265 0.231458 0.367843 0.361049 0.309063 0.300891 0.254767 0.232274 0.941868 0.845319 0.856917 0.947924 0.413931 0.342360 0.997398 0.771628 0.719527 0.849094 0.777000 0.790345 0.998736 0.905020 0.462333 0.508731 0.220227 0.277392 0.430933 0.335466 0.441484 0.645908 0.665589 0.597476 0.559614 0.576952 0.547521 0.438655 0.478460 0.403036 0.769000 0.988491 0.523507 0.998156 0.816353 0.972464 0.821468 0.835901 0.710104 0.701293 0.920457 0.802840 0.916175 0.862331 0.826249 0.690320 0.935265 0.793870 0.999643 0.843631 0.805899 0.605329
0.231580 0.000000 0.942530 0.978888 0.804805 0.876159 0.836569 0.649801 0.877151 0.843791 0.371202 0.238379 0.495946 0.494678 0.891250 0.907059 0.294245 0.265723 0.468994 0.319519 0.899947 0.925841 0.992352 0.959293 0.763352 0.686854 0.893779 0.846508 0.453908 0.378980 0.782395 0.947749 0.507802 0.491121 0.969700 0.851669 0.792668 0.818994 0.977642 0.916075 0.919186 0.867402 0.950107 0.949367 0.996439 0.831960 0.557938 0.637113 0.646416 0.598879 0.550453 0.548552 0.984116 0.740716 0.519030 0.659339 0.254099 0.222301 0.393972 0.369764 0.373122 0.322337 0.296669 0.265202 0.975638 0.769749 0.861485 0.907643 0.393351 0.322861 0.986635 0.761176 0.740165 0.822730 0.798796 0.779789 0.935933 0.822681 0.500591 0.476549 0.271789 0.301357 0.469245 0.339242 0.475193 0.599185 0.668206 0.656409 0.594533 0.585987 0.485761 0.419955 0.485867 0.397976 0.824786 0.975352 0.555838 0.968296 0.920171 0.967264 0.782221 0.717707 0.803524 0.764273 0.894127 0.783540 0.931725 0.861030 0.822714 0.664041 0.955305 0.811444 0.989878 0.860939 0.761297 0.681608
0.943673 0.942530 0.000000 0.372504 0.978139 0.667369 0.484878 0.449064 0.819892 0.987587 0.946205 0.860743 0.802576 0.691953 0.893453 0.665571 0.964921 0.958319 0.797258 0.904806 0.915848 0.914614 0.844169 0.510099 0.610137 0.631933 0.823510 0.896115 0.998453 0.974229 0.822145 0.874926 0.857044 0.732581 0.903645 0.961266 0.717285 0.753855 0.649524 0.814394 0.971038 0.885267 0.576783 0.760708 0.941481 0.916216 0.683032 0.676944 0.899372 0.978861 0.901877 0.829781 0.924913 0.873652 0.742948 0.840519 0.952069 0.995442 0.836826 0.905863 0.805781 0.747219 0.940494 0.916635 0.425599 0.411549 0.544111 0.621881 0.958086 0.918159 0.869418 0.893678 0.825100 0.857657 0.728311 0.844057 0.695596 0.768946 0.908298 0.963105 0.969294 0.960167 0.781773 0.958174 0.755209 0.385818 0.843618 0.840005 0.755764 0.832994 0.601749 0.653072 0.646579 0.662782 0.983754 0.594677 0.759961 0.824535 0.895960 0.748818 0.685903 0.829846 0.953648 0.885846 0.672132 0.654092 0.854412 0.771877 0.990681 0.717341 0.756758 0.783765 0.747809 0.841375 0.792644 0.973049
0.909438 0.978888 0.372504 0.000000 0.822859 0.698520 0.601093 0.377298 0.891783 0.969054 0.931152 0.994179 0.996543 0.865760 0.843349 0.764318 0.798790 0.813435 0.978065 0.976717 0.815922 0.970943 0.861260 0.608386 0.558260 0.493654 0.908304 0.855006 0.763690 0.785957 0.831304 0.875587 0.922140 0.837125 0.999425 0.947073 0.707048 0.720082 0.555542 0.645119 0.935183 0.995784 0.386032 0.599300 0.884469 0.858590 0.634451 0.607249 0.830418 0.944296 0.844537 0.821302 0.915085 0.926597 0.856999 0.825891 0.829643 0.851742 0.870846 0.882427 0.994055 0.915808 0.779397 0.757295 0.594370 0.413763 0.511107 0.524684 0.952694 0.990472 0.715802 0.831515 0.881199 0.847429 0.830410 0.907221 0.586302 0.680294 0.965600 0.930758 0.774172 0.842983 0.937205 0.841628 0.929607 0.513765 0.962878 0.612448 0.911591 0.973885 0.555830 0.577625 0.509976 0.560174 0.906409 0.707310 0.852298 0.782435 0.935241 0.805019 0.667229 0.821746 0.984768 0.820677 0.650506 0.592991 0.761793 0.647077 0.921333 0.836800 0.789586 0.880820 0.608730 0.764844 0.774731 0.897527
0.738952 0.804805 0.978139 0.822859 0.000000 0.961409 0.824364 0.968216 0.690763 0.792252 0.717283 0.720171 0.603334 0.667655 0.659279 0.706560 0.745726 0.797574 0.674215 0.796992 0.835027 0.911094 0.596703 0.863981 0.725698 0.717088 0.923705 0.835150 0.655862 0.676626 0.899088 0.918056 0.796214 0.845402 0.933869 0.917099 0.795550 0.964568 0.823465 0.795553 0.899820 0.777069 0.847058 0.786621 0.846679 0.997226 0.960725 0.948929 0.832924 0.814832 0.901087 0.828829 0.817339 0.869449 0.984565 0.949884 0.814843 0.843827 0.794165 0.896768 0.658060 0.676857 0.742290 0.697859 0.840003 0.988979 0.913344 0.821235 0.878070 0.884500 0.966824 0.706728 0.967959 0.964197 0.827603 0.925988 0.871165 0.953162 0.783123 0.963557 0.777179 0.797215 0.697240 0.889399 0.565278 0.905572 0.769727 0.693344 0.802415 0.795018 0.856714 0.955687 0.689786 0.863771 0.874057 0.957979 0.963783 0.626232 0.943707 0.877716 0.772159 0.982064 0.969665 0.952705 0.928035 0.999589 0.886022 0.817459 0.941861 0.965222 0.879929 0.801684 0.861769 0.920101 0.913324 0.982198
0.838783 0.876159 0.667369 0.698520 0.961409 0.000000 0.942058 0.894744 0.970984 0.815375 0.952267 0.935805 0.948858 0.961088 0.987225 0.846825 0.790172 0.828675 0.854391 0.863377 0.724119 0.967308 0.963819 0.746787 0.487140 0.460473 0.873516 0.578231 0.764125 0.714118 0.932554 0.849627 0.988258 0.950160 0.639888 0.802353 0.862762 0.935325 0.686037 0.619810 0.738928 0.975399 0.767307 0.918835 0.919619 0.909918 0.926244 0.954780 0.706073 0.693896 0.916878 0.976683 0.850368 0.846615 0.929926 0.793987 0.807979 0.858974 0.997723 0.890882 0.966394 0.991505 0.770378 0.779719 0.521948 0.553787 0.586362 0.570744 0.827671 0.872024 0.943194 0.813918 0.909601 0.976724 0.809674 0.897343 0.945768 0.800880 0.819255 0.925352 0.793077 0.942894 0.981747 0.921905 0.911132 0.635257 0.862733 0.815279 0.987251 0.851191 0.626946 0.748483 0.596213 0.685123 0.870989 0.670991 0.943380 0.854944 0.982777 0.871623 0.684243 0.943022 0.910524 0.907694 0.811877 0.765203 0.812048 0.981485 0.964761 0.960314 0.980097 0.895531 0.887706 0.976852 0.922474 0.759086
0.757199 0.836569 0.484878 0.601093 0.824364 0.942058 0.000000 0.367375 0.560175 0.574767 0.674725 0.716488 0.452981 0.448793 0.575598 0.526392 0.803019 0.809557 0.414078 0.662614 0.979571 0.964569 0.588626 0.659689 0.893869 0.919117 0.962987 0.900370 0.627708 0.644929 0.700165 0.562484 0.593831 0.497263 0.917830 0.907314 0.974685 0.982725 0.951740 0.914131 0.949652 0.956275 0.623552 0.631259 0.670265 0.589245 0.672522 0.479303 0.677652 0.599515 0.664532 0.643142 0.755935 0.790977 0.770948 0.819066 0.876726 0.918734 0.615919 0.758360 0.516690 0.579012 0.735360 0.790643 0.757880 0.760564 0.657917 0.827439 0.996803 0.839733 0.680979 0.776911 0.567171 0.635943 0.774071 0.755433 0.544457 0.699646 0.722882 0.900896 0.849198 0.908094 0.733790 0.930655 0.688768 0.630459 0.917215 0.905696 0.739887 0.801000 0.661272 0.726644 0.863216 0.873578 0.936716 0.853459 0.684784 0.968215 0.538413 0.478954 0.821736 0.643383 0.757604 0.634601 0.776436 0.804015 0.876539 0.674508 0.979494 0.762330 0.669839 0.573647 0.592728 0.693139 0.863698 0.661705
0.678571 0.649801 0.449064 0.377298 0.968216 0.894744 0.367375 0.000000 0.771641 0.836427 0.656321 0.580614 0.599473 0.508589 0.902720 0.622792 0.804623 0.784751 0.543297 0.624103 0.888964 0.952360 0.946788 0.686202 0.909810 0.875976 0.961196 0.919578 0.762027 0.727035 0.841327 0.747889 0.707345 0.488670 0.944345 0.959941 0.720970 0.738555 0.753662 0.830032 0.993430 0.958242 0.454804 0.527844 0.871607 0.614840 0.464340 0.391074 0.742875 0.639875 0.515624 0.503984 0.901355 0.998112 0.614568 0.683630 0.798455 0.774244 0.492854 0.532637 0.568361 0.506449 0.754223 0.772385 0.748985 0.503087 0.512060 0.625925 0.829841 0.651286 0.728073 0.826676 0.645412 0.660536 0.775773 0.780076 0.508962 0.592815 0.713230 0.819543 0.826205 0.838777 0.787187 0.888297 0.811851 0.467775 0.969562 0.859271 0.785246 0.779230 0.763484 0.850145 0.820219 0.939211 0.940991 0.783856 0.616145 0.878186 0.660856 0.629366 0.740086 0.825887 0.752227 0.619257 0.670715 0.579756 0.802527 0.653330 0.875339 0.735154 0.716205 0.623974 0.572597 0.661862 0.706589 0.744336
0.963777 0.877151 0.819892 0.891783 0.690763 0.970984 0.560175 0.771641 0.000000 0.375842 0.928265 0.976666 0.716825 0.741825 0.559908 0.518027 0.974521 0.923616 0.662829 0.973544 0.891971 0.909210 0.460483 0.661300 0.809948 0.811541 0.859447 0.806604 0.816277 0.844507 0.716603 0.732211 0.936430 0.868746 0.981560 0.866956 0.810880 0.796181 0.774498 0.718067 0.850829 0.929579 0.957147 0.946923 0.780912 0.847357 0.925370 0.929238 0.788217 0.751179 0.977720 0.881733 0.649976 0.602685 0.853731 0.830547 0.842340 0.834446 0.986776 0.912378 0.871344 0.863118 0.982417 0.991143 0.844316 0.884902 0.925901 0.784423 0.710253 0.857185 0.803781 0.895851 0.810941 0.990238 0.781857 0.969165 0.848667 0.853621 0.978238 0.828142 0.923173 0.855044 0.966234 0.783833 0.882575 0.947237 0.985970 0.849434 0.989607 0.981236 0.754242 0.628389 0.991500 0.790358 0.869337 0.968630 0.937555 0.782340 0.770867 0.667182 0.902081 0.702376 0.962868 0.940893 0.902676 0.961049 0.927791 0.783953 0.916737 0.951265 0.884417 0.812908 0.675491 0.790352 0.965647 0.978886
0.929738 0.843791 0.987587 0.969054 0.792252 0.815375 0.574767 0.836427 0.375842 0.000000 0.970588 0.923203 0.772775 0.824261 0.587140 0.624911 0.951405 0.910129 0.690287 0.993439 0.873251 0.940945 0.478277 0.855481 0.664246 0.705450 0.996050 0.690853 0.763363 0.794728 0.567547 0.570189 0.943838 0.864269 0.772606 0.963337 0.843755 0.818467 0.656998 0.530296 0.825453 0.886974 0.937686 0.851247 0.615055 0.697859 0.873953 0.913945 0.599742 0.597107 0.881335 0.834238 0.511847 0.419957 0.860253 0.768453 0.861678 0.827017 0.989946 0.994362 0.891241 0.944693 0.972394 0.954686 0.893385 0.646942 0.833114 0.658257 0.726058 0.890444 0.793725 0.707600 0.679129 0.786615 0.899716 0.924509 0.739764 0.918711 0.978041 0.854165 0.927363 0.785858 0.994811 0.726639 0.981174 0.721094 0.890342 0.854831 0.949011 0.981985 0.795575 0.663894 0.968998 0.804769 0.918836 0.991637 0.893283 0.853276 0.669321 0.541779 0.972241 0.648015 0.867111 0.889322 0.915514 0.890031 0.955376 0.718428 0.828050 0.913620 0.818907 0.775193 0.674141 0.801253 0.895093 0.913315
0.293605 0.371202 0.946205 0.931152 0.717283 0.952267 0.674725 0.656321 0.928265 0.970588 0.000000 0.309708 0.365936 0.447003 0.716321 0.774772 0.332311 0.303594 0.375298 0.302699 0.961913 0.956625 0.861052 0.997762 0.725949 0.673593 0.825877 0.877206 0.372249 0.310356 0.904373 0.894945 0.434923 0.418868 0.933966 0.851693 0.947430 0.927746 0.868494 0.976015 0.909190 0.781848 0.920254 0.945308 0.888413 0.770236 0.739948 0.616871 0.571273 0.578465 0.616908 0.608158 0.965394 0.818690 0.663249 0.568100 0.356525 0.354650 0.400700 0.459939 0.346046 0.358831 0.309946 0.306761 0.992939 0.876541 0.809680 0.941829 0.598405 0.462767 0.950105 0.825899 0.713317 0.869998 0.764182 0.878716 0.937240 0.912339 0.496931 0.512520 0.317660 0.341019 0.490407 0.403548 0.503978 0.664036 0.781057 0.638357 0.688246 0.576172 0.718286 0.557131 0.628585 0.514811 0.716469 0.929631 0.581298 0.906697 0.809134 0.942390 0.921951 0.928294 0.700835 0.725050 0.987257 0.856781 0.845651 0.819516 0.920876 0.768954 0.949274 0.809584 0.982246 0.809287 0.799510 0.640126
0.256939 0.238379 0.860743 0.994179 0.720171 0.935805 0.716488 0.580614 0.976666 0.923203 0.309708 0.000000 0.413443 0.393587 0.808645 0.799341 0.323854 0.306117 0.402497 0.310575 0.879613 0.996232 0.900750 0.951635 0.787027 0.699391 0.873991 0.810837 0.398949 0.345338 0.874557 0.975276 0.453846 0.427247 0.915383 0.887666 0.779913 0.807342 0.992746 0.946130 0.981432 0.897681 0.965227 0.964276 0.943695 0.818945 0.591579 0.613241 0.641574 0.572561 0.527105 0.516233 0.980540 0.788793 0.562070 0.610973 0.304561 0.285142 0.362278 0.381492 0.312675 0.256881 0.292143 0.273561 0.976925 0.725692 0.758556 0.863689 0.479686 0.368496 0.974557 0.768249 0.705622 0.810692 0.741933 0.764899 0.921807 0.801499 0.500809 0.495126 0.309125 0.331507 0.444092 0.398140 0.454707 0.552141 0.707928 0.649327 0.634305 0.575001 0.604470 0.487962 0.578560 0.467181 0.809551 0.991849 0.512331 0.928128 0.878047 0.952507 0.866456 0.857185 0.760069 0.720464 0.898210 0.769537 0.858631 0.923358 0.861209 0.701890 0.926073 0.770532 0.953534 0.835524 0.727121 0.635545
0.422858 0.495946 0.802576 0.996543 0.603334 0.948858 0.452981 0.599473 0.716825 0.772775 0.365936 0.413443 0.000000 0.295414 0.438473 0.495767 0.426019 0.411715 0.296951 0.363187 0.878148 0.903376 0.538619 0.734328 0.711154 0.633568 0.948138 0.836536 0.360969 0.380662 0.947963 0.748533 0.407419 0.401969 0.975868 0.911567 0.961449 0.940180 0.884209 0.880540 0.959980 0.970735 0.966881 0.863956 0.687128 0.679145 0.692316 0.591532 0.570799 0.555892 0.610994 0.579426 0.778886 0.929832 0.742084 0.734732 0.507705 0.528527 0.485644 0.649076 0.280479 0.354467 0.376014 0.390354 0.792515 0.850536 0.831834 0.948979 0.739047 0.624347 0.860456 0.900461 0.702152 0.719626 0.819034 0.802762 0.720654 0.774877 0.509443 0.652432 0.479466 0.540225 0.466086 0.538141 0.379278 0.607870 0.697495 0.578720 0.624348 0.631902 0.844162 0.770757 0.679285 0.651757 0.886216 0.954673 0.666558 0.900360 0.666064 0.686298 0.918882 0.903109 0.801267 0.706831 0.805476 0.829819 0.873192 0.960811 0.936262 0.844103 0.911141 0.635383 0.740013 0.739330 0.800380 0.587187
0.473721 0.494678 0.691953 0.865760 0.667655 0.961088 0.448793 0.508589 0.741825 0.824261 0.447003 0.393587 0.295414 0.000000 0.546499 0.475393 0.535866 0.504232 0.359905 0.430486 0.966281 0.888376 0.616537 0.672762 0.816980 0.807145 0.940124 0.890388 0.412566 0.512557 0.880688 0.737040 0.421432 0.394110 0.818272 0.998202 0.907795 0.873405 0.962355 0.994882 0.968053 0.953427 0.811543 0.742480 0.669951 0.596555 0.529531 0.489844 0.582122 0.508729 0.497075 0.447174 0.739557 0.876839 0.660544 0.681127 0.562876 0.574882 0.430995 0.588165 0.313809 0.350945 0.425622 0.443414 0.774365 0.729193 0.677462 0.781546 0.799214 0.620724 0.844010 0.964850 0.773759 0.673339 0.761807 0.680248 0.702652 0.714522 0.531060 0.644820 0.559661 0.609838 0.472348 0.592349 0.435225 0.507046 0.801317 0.647618 0.621690 0.550215 0.916164 0.827916 0.798354 0.722494 0.992089 0.948863 0.605755 0.931523 0.649477 0.645439 0.966902 0.991281 0.762191 0.747646 0.802300 0.786534 0.959235 0.964144 0.975476 0.720718 0.837613 0.670514 0.721820 0.709899 0.743906 0.671734
0.812751 0.891250 0.893453 0.843349 0.659279 0.987225 0.575598 0.902720 0.559908 0.587140 0.716321 0.808645 0.438473 0.546499 0.000000 0.419392 0.725965 0.722885 0.600258 0.765021 0.897770 0.945500 0.360341 0.732647 0.791402 0.719858 0.886714 0.918413 0.527443 0.630968 0.716399 0.682870 0.567467 0.710629 0.927313 0.922620 0.853109 0.825463 0.682287 0.684533 0.916603 0.906161 0.950056 0.951056 0.665419 0.800325 0.978877 0.908202 0.721890 0.773241 0.920258 0.878880 0.710298 0.753446 0.974077 0.939689 0.886905 0.885751 0.865503 0.918917 0.604789 0.706577 0.707885 0.701852 0.734126 0.891516 0.961183 0.840481 0.865061 0.992976 0.919247 0.991170 0.823261 0.878457 0.873181 0.840962 0.819430 0.847720 0.784223 0.901055 0.812629 0.918082 0.619433 0.801142 0.599158 0.873716 0.745810 0.687319 0.824159 0.869746 0.990467 0.977265 0.781099 0.873145 0.950507 0.936322 0.980555 0.816290 0.714982 0.668527 0.811916 0.886424 0.936503 0.904747 0.920615 0.948850 0.901457 0.996019 0.979217 0.965355 0.953261 0.671631 0.811586 0.761174 0.985801 0.758255
0.906647 0.907059 0.665571 0.764318 0.706560 0.846825 0.526392 0.622792 0.518027 0.624911 0.774772 0.799341 0.495767 0.475393 0.419392 0.000000 0.873875 0.856788 0.641775 0.787977 0.898745 0.974929 0.474049 0.462872 0.955306 0.999963 0.798487 0.963793 0.682628 0.814161 0.662178 0.735479 0.718596 0.721823 0.893114 0.962607 0.956855 0.908678 0.964539 0.932031 0.993834 0.928986 0.747838 0.763569 0.802223 0.772512 0.814380 0.769828 0.828931 0.836691 0.828547 0.759793 0.705866 0.740039 0.959607 0.989704 0.994329 0.970236 0.838834 0.994229 0.695470 0.687878 0.850404 0.843065 0.550279 0.818085 0.861865 0.956756 0.835238 0.978371 0.778256 0.988260 0.875118 0.755404 0.770382 0.768965 0.655179 0.729679 0.748878 0.957615 0.990266 0.976143 0.698259 0.930657 0.688327 0.656887 0.859187 0.899536 0.888997 0.797933 0.836872 0.787623 0.999177 0.885072 0.992655 0.884063 0.963385 0.772598 0.761128 0.632438 0.962486 0.879329 0.994509 0.877147 0.757288 0.837793 0.857857 0.881344 0.976985 0.963202 0.950208 0.677940 0.565491 0.600934 0.773592 0.924091
0.276134 0.294245 0.964921 0.798790 0.745726 0.790172 0.803019 0.804623 0.974521 0.951405 0.332311 0.323854 0.426019 0.535866 0.725965 0.873875 0.000000 0.224073 0.425388 0.336455 0.816389 0.903658 0.876178 0.889425 0.632689 0.529997 0.884648 0.803797 0.383814 0.289092 0.853803 0.969747 0.453794 0.484474 0.977383 0.796671 0.914497 0.956343 0.850624 0.938410 0.937703 0.809699 0.803498 0.978463 0.917476 0.817887 0.712460 0.730277 0.621141 0.593611 0.661218 0.672222 0.974600 0.807174 0.634580 0.703148 0.272318 0.283795 0.499649 0.542798 0.387626 0.407858 0.263429 0.265068 0.923211 0.961487 0.995352 0.953861 0.527003 0.461388 0.957229 0.802220 0.750940 0.850894 0.816366 0.789115 0.980516 0.921221 0.447607 0.434755 0.249144 0.306737 0.454100 0.344911 0.454569 0.731611 0.665714 0.543595 0.606048 0.608867 0.534207 0.449390 0.452327 0.394809 0.790920 0.865864 0.626568 0.921553 0.882124 0.945788 0.715472 0.869066 0.753230 0.760716 0.989451 0.936958 0.815551 0.781541 0.851182 0.838568 0.996513 0.783286 0.965037 0.803352 0.827944 0.590342
0.251616 0.265723 0.958319 0.813435 0.797574 0.828675 0.809557 0.784751 0.923616 0.910129 0.303594 0.306117 0.411715 0.504232 0.722885 0.856788 0.224073 0.000000 0.422468 0.293431 0.855065 0.840951 0.859399 0.930536 0.681892 0.546408 0.914073 0.856805 0.356190 0.300266 0.832161 0.996677 0.434630 0.506288 0.979426 0.845909 0.890246 0.933175 0.886097 0.963796 0.892547 0.810945 0.804759 0.977838 0.954589 0.847161 0.699289 0.698403 0.623679 0.611956 0.664387 0.671021 0.980129 0.770742 0.637934 0.676280 0.263463 0.256612 0.468512 0.491302 0.380821 0.391322 0.248469 0.243132 0.953450 0.945110 0.955858 0.981378 0.473639 0.421412 0.983020 0.785969 0.752122 0.812890 0.858719 0.818092 0.988619 0.910636 0.451809 0.445680 0.244455 0.288459 0.431009 0.290402 0.441262 0.691998 0.638288 0.545251 0.599083 0.610972 0.495944 0.421445 0.436654 0.368461 0.765775 0.861654 0.587068 0.929724 0.878595 0.941107 0.711649 0.804868 0.809175 0.764718 0.948260 0.925606 0.829655 0.772347 0.858250 0.799817 0.993312 0.801058 0.947556 0.829899 0.830445 0.618373
0.386493 0.468994 0.797258 0.978065 0.674215 0.854391 0.414078 0.543297 0.662829 0.690287 0.375298 0.402497 0.296951 0.359905 0.600258 0.641775 0.425388 0.422468 0.000000 0.360177 0.843292 0.908404 0.591257 0.827533 0.605346 0.558166 0.936061 0.730846 0.363589 0.313387 0.922951 0.768474 0.483770 0.407405 0.853681 0.857587 0.955330 0.982782 0.771817 0.828906 0.968802 0.975201 0.997524 0.875276 0.755482 0.695418 0.732624 0.560322 0.504214 0.433839 0.605450 0.562201 0.795352 0.949695 0.703356 0.755203 0.470939 0.505493 0.459063 0.526261 0.312767 0.347245 0.376644 0.391236 0.969032 0.918341 0.874279 0.945025 0.643274 0.567148 0.821237 0.946888 0.580260 0.713896 0.730979 0.781141 0.784874 0.867848 0.533885 0.649876 0.433264 0.492188 0.521583 0.594471 0.452499 0.708957 0.806512 0.590783 0.623575 0.656057 0.875203 0.806621 0.687956 0.668626 0.918534 0.949423 0.608644 0.904375 0.690818 0.693075 0.908606 0.875433 0.747291 0.688736 0.910678 0.880294 0.967241 0.943598 0.899308 0.765874 0.837159 0.626227 0.802390 0.750744 0.841908 0.587481
0.301410 0.319519 0.904806 0.976717 0.796992 0.863377 0.662614 0.624103 0.973544 0.993439 0.302699 0.310575 0.363187 0.430486 0.765021 0.787977 0.336455 0.293431 0.360177 0.000000 0.805270 0.838847 0.820265 0.951898 0.718698 0.620771 0.903483 0.782758 0.423852 0.319568 0.847595 0.974884 0.533671 0.478734 0.880629 0.850660 0.909296 0.843160 0.950569 0.969196 0.934667 0.907576 0.911306 0.965553 0.987568 0.844090 0.689461 0.649503 0.655455 0.625357 0.653005 0.661059 0.937167 0.791865 0.633741 0.608982 0.338614 0.334040 0.458763 0.469665 0.370902 0.365594 0.333316 0.339749 0.957836 0.824479 0.911191 0.994695 0.533687 0.443907 0.877483 0.868781 0.698437 0.748190 0.877809 0.884278 0.822003 0.900600 0.474699 0.508153 0.329356 0.341327 0.449133 0.388844 0.436188 0.626104 0.651872 0.582636 0.563823 0.581684 0.613542 0.572527 0.579881 0.523134 0.785271 0.923291 0.588673 0.926266 0.867546 0.962875 0.821073 0.913925 0.839153 0.757601 0.921000 0.851825 0.887291 0.912485 0.889701 0.715567 0.934299 0.785413 0.927408 0.859461 0.811803 0.624385
0.885501 0.899947 0.915848 0.815922 0.835027 0.724119 0.979571 0.888964 0.891971 0.873251 0.961913 0.879613 0.878148 0.966281 0.897770 0.898745 0.816389 0.855065 0.843292 0.805270 0.000000 0.938792 0.739846 0.892868 0.702353 0.646616 0.871835 0.717815 0.867269 0.769837 0.890121 0.909400 0.975558 0.980406 0.999417 0.949264 0.924102 0.813815 0.789168 0.576245 0.935718 0.841287 0.668143 0.679090 0.879314 0.772768 0.811924 0.808070 0.978907 0.910426 0.883462 0.939340 0.958572 0.984416 0.888977 0.912022 0.913051 0.939534 0.953063 0.957691 0.924371 0.900245 0.901006 0.871734 0.916389 0.839998 0.761127 0.711278 0.902340 0.951141 0.884434 0.962854 0.757659 0.874417 0.978097 0.920811 0.918065 0.874345 0.943329 0.926640 0.866377 0.862876 0.854358 0.979519 0.811965 0.841607 0.905184 0.713420 0.907658 0.967748 0.768913 0.945015 0.760322 0.888951 0.927796 0.803978 0.925693 0.905311 0.869486 0.878922 0.651931 0.851136 0.999086 0.907295 0.893129 0.828919 0.977977 0.935290 0.915042 0.949331 0.963799 0.951571 0.889547 0.921834 0.856269 0.903580
0.918465 0.925841 0.914614 0.970943 0.911094 0.967308 0.964569 0.952360 0.909210 0.940945 0.956625 0.996232 0.903376 0.888376 0.945500 0.974929 0.903658 0.840951 0.908404 0.838847 0.938792 0.000000 0.981706 0.942796 0.916232 0.874906 0.927454 0.977410 0.898147 0.961238 0.929876 0.992067 0.886647 0.891977 0.982287 0.878445 0.994240 0.856899 0.996555 0.959165 0.848382 0.920217 0.980429 0.985914 0.960384 0.912112 0.967722 0.922492 0.929075 0.910085 0.955788 0.976324 0.882794 0.994834 0.922184 0.897064 0.910465 0.935810 0.975504 0.973309 0.974248 0.974555 0.900160 0.940186 0.995163 0.957236 0.968156 0.956277 0.991446 0.938462 0.809170 0.992001 0.928979 0.981993 0.991154 0.876687 0.951407 0.912078 0.872817 0.836010 0.923999 0.906417 0.867086 0.898203 0.832464 0.990755 0.820248 0.765890 0.770544 0.807621 0.949789 0.952841 0.931632 0.994834 0.884531 0.884918 0.966717 0.951943 0.966033 0.946139 0.871749 0.780597 0.981288 0.992427 0.940657 0.982918 0.943102 0.991907 0.933567 0.991279 0.973171 0.898946 0.945907 0.893869 0.956373 0.895327
0.924281 0.992352 0.844169 0.861260 0.596703 0.963819 0.588626 0.946788 0.460483 0.478277 0.861052 0.900750 0.538619 0.616537 0.360341 0.474049 0.876178 0.859399 0.591257 0.820265 0.739846 0.981706 0.000000 0.623133 0.785725 0.666939 0.804811 0.878694 0.643771 0.721394 0.738254 0.754794 0.734874 0.880582 0.968405 0.930320 0.791341 0.854483 0.696718 0.541893 0.880649 0.787423 0.862120 0.898559 0.761060 0.947427 0.897372 0.990031 0.787683 0.790472 0.969582 0.903519 0.682645 0.642772 0.901158 0.823979 0.993030 0.997481 0.998635 0.906384 0.699309 0.766073 0.843911 0.811707 0.707796 0.858366 0.850831 0.689529 0.894862 0.932893 0.908747 0.957823 0.803764 0.825651 0.865241 0.898670 0.843033 0.902816 0.818544 0.972128 0.903981 0.976653 0.678161 0.943205 0.567263 0.944615 0.820466 0.611021 0.838287 0.863986 0.964905 0.817987 0.810266 0.960677 0.994978 0.980737 0.997852 0.796552 0.828429 0.671801 0.796297 0.804573 0.881302 0.968616 0.992688 0.900111 0.892283 0.990429 0.905453 0.954387 0.889123 0.763081 0.752405 0.921748 0.983227 0.899077
0.942232 0.959293 0.510099 0.608386 0.863981 0.746787 0.659689 0.686202 0.661300 0.855481 0.997762 0.951635 0.734328 0.672762 0.732647 0.462872 0.889425 0.930536 0.827533 0.951898 0.892868 0.942796 0.623133 0.000000 0.669944 0.789525 0.689048 0.896466 0.964304 0.925958 0.815964 0.891636 0.920135 0.867221 0.864800 0.939225 0.948779 0.780016 0.811498 0.984766 0.879662 0.877520 0.759250 0.922719 0.989984 0.995002 0.877554 0.882770 0.872649 0.929436 0.993477 0.883943 0.991028 0.923338 0.994954 0.939065 0.833073 0.887548 0.990064 0.915990 0.889541 0.838072 0.918611 0.915808 0.437160 0.610275 0.721188 0.821168 0.871215 0.908646 0.784978 0.991301 0.996149 0.990609 0.765356 0.873092 0.789868 0.722721 0.842666 0.836715 0.856147 0.903563 0.794807 0.965756 0.719891 0.579688 0.786953 0.977682 0.873374 0.898099 0.746761 0.726375 0.792124 0.687745 0.977818 0.695449 0.965409 0.983440 0.955626 0.765253 0.880588 0.885421 0.699836 0.943523 0.719338 0.732314 0.937601 0.881010 0.951382 0.935353 0.896518 0.870468 0.731766 0.857058 0.858286 0.867519
0.697866 0.763352 0.610137 0.558260 0.725698 0.487140 0.893869 0.909810 0.809948 0.664246 0.725949 0.787027 0.711154 0.816980 0.791402 0.955306 0.632689 0.681892 0.605346 0.718698 0.702353 0.916232 0.785725 0.669944 0.000000 0.337869 0.704633 0.643034 0.558474 0.532775 0.901996 0.791513 0.823279 0.846440 0.763499 0.803784 0.700824 0.660153 0.488173 0.595415 0.852158 0.935056 0.699290 0.913658 0.715501 0.797674 0.898707 0.943575 0.523314 0.513552 0.824916 0.881207 0.710244 0.764938 0.941576 0.887331 0.681217 0.754617 0.845487 0.811432 0.717744 0.829455 0.595485 0.597526 0.529364 0.502329 0.635983 0.538653 0.850183 0.821602 0.998284 0.997472 0.814985 0.864614 0.995375 0.920280 0.932984 0.793857 0.785566 0.772318 0.657192 0.788678 0.875794 0.892273 0.872445 0.624381 0.887704 0.623817 0.998966 0.981827 0.680555 0.742776 0.514978 0.601538 0.983744 0.673429 0.952474 0.694419 0.825560 0.985443 0.632502 0.995416 0.767641 0.869227 0.750158 0.688356 0.999547 0.913067 0.951359 0.946636 0.994995 0.879656 0.933134 0.974858 0.850250 0.642798
0.612981 0.686854 0.631933 0.493654 0.717088 0.460473 0.919117 0.875976 0.811541 0.705450 0.673593 0.699391 0.633568 0.807145 0.719858 0.999963 0.529997 0.546408 0.558166 0.620771 0.646616 0.874906 0.666939 0.789525 0.337869 0.000000 0.889807 0.542247 0.516244 0.452124 0.898831 0.977931 0.754549 0.866518 0.764399 0.797512 0.774433 0.821101 0.526546 0.550665 0.894131 0.992967 0.551818 0.770097 0.795956 0.902775 0.866426 0.979634 0.567531 0.572195 0.880162 0.910092 0.815480 0.842469 0.942970 0.855355 0.605208 0.648375 0.862900 0.818231 0.664153 0.732187 0.498742 0.505967 0.621129 0.524548 0.565987 0.498454 0.787508 0.706673 0.943326 0.934668 0.782462 0.976362 0.978921 0.926143 0.889547 0.777092 0.720972 0.785581 0.550301 0.678377 0.731867 0.738284 0.722010 0.710906 0.866855 0.474362 0.871754 0.946544 0.554940 0.632703 0.393247 0.516840 0.871837 0.703428 0.936747 0.749492 0.894197 0.967019 0.609451 0.965404 0.890958 0.848909 0.776209 0.726868 0.880666 0.890186 0.961074 0.984469 0.993751 0.878107 0.885548 0.982436 0.902540 0.615189
0.863678 0.893779 0.823510 0.908304 0.923705 0.873516 0.962987 0.961196 0.859447 0.996050 0.825877 0.873991 0.948138 0.940124 0.886714 0.798487 0.884648 0.914073 0.936061 0.903483 0.871835 0.927454 0.804811 0.689048 0.704633 0.889807 0.000000 0.955407 0.920621 0.847378 0.906278 0.833543 0.890446 0.872935 0.977423 0.786530 0.904330 0.818869 0.878420 0.981478 0.977434 0.905072 0.940287 0.815858 0.783855 0.747138 0.970599 0.858946 0.724403 0.739085 0.773597 0.834827 0.855634 0.904272 0.969726 0.821506 0.828552 0.882052 0.812184 0.810476 0.862775 0.922849 0.826751 0.835928 0.632893 0.838472 0.990466 0.931875 0.994342 0.867905 0.988205 0.988055 0.910322 0.786194 0.925259 0.938352 0.972148 0.998443 0.853130 0.935585 0.893755 0.934277 0.851146 0.922096 0.854960 0.844485 0.749906 0.934711 0.835766 0.967543 0.951533 0.818825 0.921023 0.846701 0.955146 0.866009 0.935073 0.965014 0.883196 0.945125 0.985000 0.891134 0.666749 0.742461 0.895218 0.909881 0.991076 0.941829 0.960434 0.949396 0.895845 0.943986 0.975572 0.895126 0.931558 0.697276
0.816660 0.846508 0.896115 0.855006 0.835150 0.578231 0.900370 0.919578 0.806604 0.690853 0.877206 0.810837 0.836536 0.890388 0.918413 0.963793 0.803797 0.856805 0.730846 0.782758 0.717815 0.977410 0.878694 0.896466 0.643034 0.542247 0.955407 0.000000 0.753950 0.681672 0.967523 0.981916 0.976388 0.878625 0.721709 0.902204 0.955611 0.972320 0.731188 0.685239 0.802837 0.831330 0.776032 0.907531 0.925565 0.901255 0.952843 0.996011 0.720836 0.675530 0.885060 0.902107 0.852118 0.857669 0.982438 0.907199 0.819365 0.843895 0.920147 0.795121 0.860363 0.839694 0.783452 0.782052 0.716876 0.769937 0.769769 0.712920 0.851853 0.835660 0.950404 0.912442 0.743504 0.985496 0.946530 0.966183 0.968950 0.909510 0.968779 0.947316 0.804283 0.868324 0.875051 0.978536 0.930004 0.798258 0.963619 0.754929 0.808461 0.980388 0.808108 0.891711 0.715671 0.796228 0.997918 0.915249 0.921859 0.879527 0.984905 0.898030 0.968028 0.921486 0.908171 0.869107 0.846899 0.844565 0.973542 0.950868 0.904224 0.991684 0.992552 0.856720 0.987038 0.981214 0.972295 0.792288
0.388513 0.453908 0.998453 0.763690 0.655862 0.764125 0.627708 0.762027 0.816277 0.763363 0.372249 0.398949 0.360969 0.412566 0.527443 0.682628 0.383814 0.356190 0.363589 0.423852 0.867269 0.898147 0.643771 0.964304 0.558474 0.516244 0.920621 0.753950 0.000000 0.281106 0.984237 0.789352 0.397359 0.445396 0.996288 0.819967 0.983200 0.959925 0.690754 0.767001 0.952033 0.933293 0.904221 0.911723 0.669423 0.666279 0.756061 0.670774 0.435234 0.459753 0.602007 0.624282 0.740721 0.904865 0.716328 0.795516 0.421273 0.448800 0.492899 0.574319 0.373711 0.423966 0.294510 0.305586 0.907336 0.891871 0.976341 0.885222 0.671970 0.565191 0.941295 0.973166 0.686709 0.775900 0.855335 0.729488 0.918829 0.942517 0.499746 0.606695 0.379210 0.487036 0.450626 0.537835 0.500032 0.821982 0.822235 0.536180 0.687775 0.642977 0.695928 0.630713 0.524656 0.514565 0.906560 0.879225 0.717621 0.780495 0.685208 0.807719 0.788100 0.953335 0.721860 0.681836 0.977199 0.960002 0.927571 0.914090 0.944359 0.833707 0.897133 0.661329 0.937506 0.741273 0.878312 0.586926
0.299166 0.378980 0.974229 0.785957 0.676626 0.714118 0.644929 0.727035 0.844507 0.794728 0.310356 0.345338 0.380662 0.512557 0.630968 0.814161 0.289092 0.300266 0.313387 0.319568 0.769837 0.961238 0.721394 0.925958 0.532775 0.452124 0.847378 0.681672 0.281106 0.000000 0.931649 0.838932 0.477679 0.481769 0.815096 0.746403 0.960120 0.961330 0.658906 0.774264 0.965043 0.888904 0.811781 0.993421 0.837634 0.777074 0.789787 0.696866 0.490036 0.490708 0.662261 0.675793 0.877198 0.933753 0.689585 0.741031 0.328936 0.356684 0.477795 0.491659 0.361821 0.400341 0.291225 0.282655 0.840225 0.921922 0.959384 0.814499 0.555795 0.458827 0.951377 0.907816 0.570687 0.790359 0.819471 0.790400 0.966573 0.939396 0.472206 0.550685 0.289697 0.370377 0.476481 0.473131 0.497205 0.842129 0.735325 0.539087 0.636935 0.684076 0.628563 0.572415 0.474859 0.469087 0.835533 0.888255 0.652795 0.875750 0.767805 0.891434 0.759022 0.972760 0.708403 0.666334 0.973072 0.988756 0.911466 0.898847 0.918741 0.796323 0.901158 0.710463 0.971767 0.820985 0.896068 0.544362
0.822749 0.782395 0.822145 0.831304 0.899088 0.932554 0.700165 0.841327 0.716603 0.567547 0.904373 0.874557 0.947963 0.880688 0.716399 0.662178 0.853803 0.832161 0.922951 0.847595 0.890121 0.929876 0.738254 0.815964 0.901996 0.898831 0.906278 0.967523 0.984237 0.931649 0.000000 0.637247 0.886963 0.881625 0.992739 0.752111 0.858493 0.961200 0.952844 0.979473 0.948866 0.949935 0.724120 0.757732 0.741737 0.736888 0.981775 0.871963 0.854791 0.828504 0.858885 0.839851 0.622717 0.587977 0.909587 0.943839 0.755995 0.756216 0.984756 0.918399 0.968755 0.960978 0.909671 0.895811 0.935199 0.887484 0.878495 0.974132 0.639908 0.733732 0.822435 0.782296 0.890051 0.872817 0.835627 0.819001 0.622173 0.807520 0.981915 0.907957 0.787586 0.670276 0.978626 0.756275 0.868451 0.964439 0.881199 0.837097 0.941656 0.980093 0.727427 0.679985 0.781667 0.723348 0.897435 0.898576 0.997053 0.865628 0.795360 0.649606 0.834751 0.742894 0.913951 0.979308 0.847044 0.854915 0.933250 0.696784 0.940209 0.902812 0.898713 0.821706 0.770717 0.784638 0.941262 0.935789
0.957442 0.947749 0.874926 0.875587 0.918056 0.849627 0.562484 0.747889 0.732211 0.570189 0.894945 0.975276 0.748533 0.737040 0.682870 0.735479 0.969747 0.996677 0.768474 0.974884 0.909400 0.992067 0.754794 0.891636 0.791513 0.977931 0.833543 0.981916 0.789352 0.838932 0.637247 0.000000 0.757179 0.735948 0.960463 0.891616 0.991355 0.881268 0.843106 0.748012 0.984460 0.935404 0.741577 0.675031 0.646243 0.634622 0.869248 0.730270 0.722681 0.671183 0.732930 0.766475 0.557680 0.619520 0.900208 0.918061 0.912290 0.861091 0.848768 0.915470 0.828444 0.966872 0.922282 0.945959 0.943131 0.875342 0.871958 0.979538 0.832839 0.906116 0.760842 0.598145 0.727268 0.696871 0.973086 0.740329 0.697681 0.756311 0.874855 0.968970 0.960714 0.832594 0.949297 0.898891 0.974782 0.945263 0.817173 0.982194 0.970823 0.995875 0.748185 0.803115 0.841665 0.918248 0.913483 0.993336 0.983531 0.875803 0.553772 0.595467 0.920403 0.665318 0.629410 0.774429 0.872676 0.907824 0.697456 0.706814 0.907995 0.922660 0.839283 0.774826 0.723366 0.787015 0.925104 0.810458
0.456643 0.507802 0.857044 0.922140 0.796214 0.988258 0.593831 0.707345 0.936430 0.943838 0.434923 0.453846 0.407419 0.421432 0.567467 0.718596 0.453794 0.434630 0.483770 0.533671 0.975558 0.886647 0.734874 0.920135 0.823279 0.754549 0.890446 0.976388 0.397359 0.477679 0.886963 0.757179 0.000000 0.407473 0.750590 0.980193 0.884772 0.924430 0.920026 0.978046 0.856338 0.869427 0.915116 0.794488 0.655647 0.650550 0.617399 0.651567 0.599937 0.576944 0.517333 0.520267 0.721633 0.971570 0.649338 0.612705 0.502956 0.527361 0.420210 0.560551 0.348439 0.420118 0.374476 0.388307 0.920072 0.856378 0.669759 0.779315 0.756521 0.653968 0.965573 0.939811 0.749620 0.812829 0.854595 0.758480 0.864513 0.800859 0.564925 0.637152 0.483747 0.556395 0.554441 0.510521 0.503664 0.629330 0.788726 0.692675 0.690163 0.700936 0.866013 0.672320 0.782816 0.580083 0.909151 0.956233 0.480901 0.973222 0.622050 0.716561 0.953364 0.991422 0.645161 0.750336 0.824844 0.760030 0.895028 0.905852 0.908081 0.742928 0.790944 0.723085 0.869949 0.725678 0.725821 0.599139
0.431992 0.491121 0.732581 0.837125 0.845402 0.950160 0.497263 0.488670 0.868746 0.864269 0.418868 0.427247 0.401969 0.394110 0.710629 0.721823 0.484474 0.506288 0.407405 0.478734 0.980406 0.891977 0.880582 0.867221 0.846440 0.866518 0.872935 0.878625 0.445396 0.481769 0.881625 0.735948 0.407473 0.000000 0.902019 0.980953 0.869871 0.889652 0.983997 0.920151 0.864968 0.867595 0.725614 0.654095 0.641464 0.495473 0.533052 0.427702 0.510184 0.485156 0.414747 0.437577 0.765881 0.964148 0.554716 0.569996 0.525017 0.533521 0.343827 0.461395 0.323460 0.352852 0.427749 0.449538 0.937967 0.726104 0.587441 0.663878 0.773131 0.624098 0.851248 0.976478 0.772852 0.727437 0.692135 0.759070 0.689670 0.773338 0.550449 0.550781 0.501592 0.593404 0.613857 0.626133 0.603363 0.562043 0.887101 0.826393 0.697268 0.618877 0.985320 0.773606 0.895826 0.693926 0.914544 0.902009 0.596226 0.890865 0.570867 0.663330 0.831009 0.904638 0.577704 0.618674 0.807514 0.656678 0.997294 0.948241 0.962332 0.790233 0.699835 0.554743 0.769881 0.575843 0.711678 0.669670
0.972735 0.969700 0.903645 0.999425 0.933869 0.639888 0.917830 0.944345 0.981560 0.772606 0.933966 0.915383 0.975868 0.818272 0.927313 0.893114 0.977383 0.979426 0.853681 0.880629 0.999417 0.982287 0.968405 0.864800 0.763499 0.764399 0.977423 0.721709 0.996288 0.815096 0.992739 0.960463 0.750590 0.902019 0.000000 0.742451 0.849909 0.942651 0.729856 0.784520 0.843913 0.961567 0.886379 0.937060 0.862683 0.977065 0.834727 0.991253 0.833652 0.908305 0.877957 0.838264 0.829715 0.915877 0.870354 0.846049 0.942428 0.977643 0.929145 0.962567 0.903633 0.894956 0.951655 0.978170 0.789666 0.769876 0.699085 0.585688 0.884077 0.889473 0.984856 0.865928 0.784914 0.984759 0.952449 0.966111 0.997187 0.724152 0.995978 0.952958 0.909139 0.943630 0.990384 0.989745 0.914502 0.786444 0.997546 0.997172 0.988727 0.926787 0.928598 0.943994 0.899712 0.963474 0.850330 0.983094 0.884315 0.975119 0.919040 0.942322 0.941112 0.958260 0.912078 0.973358 0.881492 0.782851 0.919298 0.983474 0.889133 0.958787 0.881427 0.975370 0.970142 0.950573 0.879996 0.941564
0.845669 0.851669 0.961266 0.947073 0.917099 0.802353 0.907314 0.959941 0.866956 0.963337 0.851693 0.887666 0.911567 0.998202 0.922620 0.962607 0.796671 0.845909 0.857587 0.850660 0.949264 0.878445 0.930320 0.939225 0.803784 0.797512 0.786530 0.902204 0.819967 0.746403 0.752111 0.891616 0.980193 0.980953 0.742451 0.000000 0.894750 0.759333 0.819221 0.887660 0.870974 0.964830 0.865049 0.917985 0.945780 0.991077 0.956838 0.928261 0.854793 0.912312 0.900875 0.897549 0.925929 0.876112 0.997462 0.943775 0.767450 0.810974 0.996093 0.992620 0.940673 0.927786 0.873316 0.869172 0.954232 0.912405 0.765759 0.756377 0.839694 0.838737 0.844331 0.995627 0.872110 0.938015 0.932484 0.895056 0.781958 0.901653 0.831373 0.968263 0.755050 0.758015 0.957981 0.813364 0.859485 0.995671 0.873505 0.906756 0.983096 0.907935 0.854694 0.923105 0.754318 0.875160 0.870183 0.975076 0.979928 0.793151 0.866741 0.829509 0.821676 0.958780 0.959490 0.821332 0.795236 0.754089 0.910636 0.904521 0.925981 0.961610 0.979605 0.941652 0.947867 0.957492 0.940093 0.784990
0.860807 0.792668 0.717285 0.707048 0.795550 0.862762 0.974685 0.720970 0.810880 0.843755 0.947430 0.779913 0.961449 0.907795 0.853109 0.956855 0.914497 0.890246 0.955330 0.909296 0.924102 0.994240 0.791341 0.948779 0.700824 0.774433 0.904330 0.955611 0.983200 0.960120 0.858493 0.991355 0.884772 0.869871 0.849909 0.894750 0.000000 0.657744 0.640588 0.794516 0.871775 0.997428 0.768056 0.837880 0.875187 0.932688 0.673760 0.801276 0.976207 0.967974 0.831355 0.865348 0.980201 0.798350 0.683931 0.823967 0.835110 0.813844 0.851288 0.782144 0.938736 0.867607 0.913128 0.929510 0.908610 0.721388 0.742357 0.719950 0.840088 0.833394 0.994407 0.984433 0.840510 0.893180 0.893340 0.795924 0.823397 0.782645 0.865709 0.945563 0.917709 0.884007 0.824184 0.886746 0.988902 0.724518 0.849757 0.862456 0.893915 0.930536 0.959778 0.926511 0.929742 0.982453 0.998471 0.822892 0.833756 0.867743 0.946355 0.935641 0.881282 0.897136 0.899131 0.922288 0.689543 0.765956 0.953002 0.839702 0.977376 0.782701 0.893787 0.925682 0.940060 0.855017 0.722988 0.968946
0.866718 0.818994 0.753855 0.720082 0.964568 0.935325 0.982725 0.738555 0.796181 0.818467 0.927746 0.807342 0.940180 0.873405 0.825463 0.908678 0.956343 0.933175 0.982782 0.843160 0.813815 0.856899 0.854483 0.780016 0.660153 0.821101 0.818869 0.972320 0.959925 0.961330 0.961200 0.881268 0.924430 0.889652 0.942651 0.759333 0.657744 0.000000 0.632915 0.725370 0.942225 0.939821 0.727559 0.879321 0.949053 0.930518 0.680667 0.850521 0.971373 0.946378 0.774112 0.780802 0.887336 0.864719 0.751172 0.762279 0.891040 0.846526 0.818289 0.789309 0.901469 0.835747 0.941139 0.934919 0.790562 0.652684 0.739727 0.726817 0.850703 0.782442 0.916955 0.963410 0.946280 0.985106 0.970526 0.846110 0.851671 0.785763 0.872004 0.976523 0.958094 0.941930 0.856551 0.862091 0.903858 0.672934 0.820944 0.920856 0.688441 0.814600 0.993837 0.951562 0.907027 0.917328 0.912597 0.748876 0.788892 0.751953 0.998462 0.873159 0.723349 0.911106 0.999921 0.992215 0.639548 0.613331 0.908385 0.935021 0.914507 0.872524 0.922319 0.978240 0.836202 0.918866 0.642807 0.922014
