0.000000 0.492846 0.818860 0.572764 0.910371 0.812499 0.662128 0.588242 0.848639 0.682608 0.521792 0.629275 0.947456 0.963951 0.925959 0.934817 0.461468 0.339229 0.523545 0.489770 0.942668 0.938059 0.892216 0.825181 0.920419 0.994772 0.915912 0.999435 0.694203 0.692122 0.917130 0.945803 0.506454 0.532260 0.779185 0.986509 0.580233 0.737027 0.918819 0.909095 0.716410 0.696169 0.876748 0.884030 0.811746 0.654570 0.574523 0.549039 0.648227 0.653371 0.787454 0.766314 0.857434 0.849255 0.572105 0.547265 0.386571 0.425328 0.374101 0.457343 0.629377 0.646443 0.466565 0.413015 0.855346 0.916882 0.680637 0.763655 0.609904 0.571202 0.860276 0.913711 0.935587 0.968385 0.910547 0.903969 0.991248 0.721562 0.801569 0.912397 0.422727 0.368425 0.775715 0.468376 0.645191 0.871368 0.949190 0.984181 0.799465 0.432210 0.784943 0.912309 0.874333 0.858225 0.731394 0.855614 0.637549 0.839372 0.610160 0.648954 0.849318 0.927399 0.439839 0.657708 0.737408 0.630292 0.907631 0.863200 0.971008 0.824751 0.963469 0.719241 0.745456 0.891991 0.846997 0.958968
0.492846 0.000000 0.746313 0.511302 0.873128 0.885803 0.697964 0.633961 0.949473 0.763882 0.735644 0.697577 0.963466 0.794636 0.964395 0.923163 0.579347 0.503031 0.513128 0.438745 0.950035 0.872374 0.874153 0.950618 0.985284 0.936183 0.912323 0.888978 0.786533 0.687436 0.801458 0.823820 0.609265 0.649990 0.865523 0.934466 0.723535 0.691703 0.877665 0.979843 0.750485 0.781749 0.727123 0.670625 0.679719 0.555470 0.686917 0.556478 0.547416 0.516605 0.609918 0.611917 0.672698 0.881889 0.724584 0.718968 0.416143 0.424666 0.516147 0.497325 0.846684 0.744880 0.758153 0.644394 0.983390 0.888073 0.721107 0.683985 0.603549 0.498665 0.648622 0.655985 0.811545 0.827526 0.876156 0.963826 0.770274 0.629351 0.949738 0.835055 0.686976 0.566900 0.783991 0.640583 0.724075 0.890661 0.977682 0.890047 0.857318 0.597913 0.691685 0.782995 0.747247 0.873278 0.789846 0.798555 0.551535 0.844096 0.605406 0.524529 0.813462 0.780914 0.545074 0.560310 0.646092 0.611859 0.903151 0.756107 0.974778 0.692010 0.998362 0.668942 0.618201 0.795462 0.777399 0.976206
0.818860 0.746313 0.000000 0.699990 0.926347 0.722743 0.674916 0.962410 0.753932 0.953806 0.940319 0.881637 0.906540 0.914625 0.971749 0.857033 0.920603 0.811056 0.884490 0.809981 0.938603 0.944912 0.926268 0.989523 0.812724 0.819111 0.904754 0.980319 0.969037 0.988838 0.830311 0.918670 0.750013 0.949635 0.776263 0.972288 0.635613 0.725711 0.967731 0.940205 0.838762 0.731270 0.938265 0.852466 0.864420 0.892083 0.939951 0.879545 0.861936 0.753350 0.735571 0.763063 0.740495 0.737552 0.925782 0.862574 0.685650 0.603518 0.715512 0.879749 0.995996 0.894646 0.994299 0.923196 0.758741 0.809710 0.686598 0.903779 0.715261 0.722840 0.898441 0.713889 0.944851 0.994222 0.844840 0.912076 0.861030 0.784276 0.900564 0.880528 0.983879 0.986360 0.755056 0.723594 0.865993 0.929938 0.849952 0.909961 0.825107 0.876500 0.811570 0.803240 0.749412 0.762351 0.826198 0.920911 0.802829 0.882090 0.849279 0.864829 0.929637 0.922335 0.847858 0.910876 0.799366 0.729309 0.864049 0.726555 0.910485 0.792246 0.898483 0.914374 0.771829 0.997763 0.861592 0.781618
0.572764 0.511302 0.699990 0.000000 0.904632 0.771715 0.707318 0.608749 0.958165 0.747120 0.742337 0.742957 0.957742 0.763951 0.906756 0.905433 0.737793 0.608442 0.515125 0.453271 0.962726 0.992648 0.761466 0.831872 0.877310 0.825624 0.986995 0.911890 0.710549 0.663885 0.689181 0.720073 0.615155 0.695128 0.877079 0.931980 0.727221 0.795425 0.995452 0.997961 0.805366 0.782973 0.810679 0.717106 0.768918 0.720154 0.715182 0.553512 0.753494 0.646501 0.698911 0.631541 0.700832 0.888533 0.781107 0.668257 0.519515 0.505884 0.630946 0.562190 0.859969 0.746144 0.730352 0.672852 0.963775 0.898080 0.680276 0.681163 0.736584 0.651999 0.657447 0.657563 0.785896 0.699004 0.955360 0.974719 0.713319 0.673440 0.926870 0.774429 0.793602 0.710539 0.691567 0.711374 0.697634 0.852351 0.956278 0.864202 0.861407 0.626033 0.596166 0.838791 0.651943 0.869452 0.796815 0.858020 0.584960 0.868994 0.615841 0.597231 0.729984 0.912900 0.562369 0.627796 0.571481 0.538488 0.978755 0.819219 0.911520 0.757328 0.936589 0.633441 0.737133 0.856491 0.683697 0.907349
0.910371 0.873128 0.926347 0.904632 0.000000 0.970090 0.947360 0.946945 0.830514 0.917705 0.946461 0.912220 0.729403 0.891812 0.757576 0.748823 0.954362 0.987697 0.930060 0.931685 0.742562 0.961764 0.697373 0.717155 0.932642 0.836909 0.820654 0.913802 0.949656 0.878708 0.922019 0.911593 0.950182 0.973976 0.999678 0.996240 0.935998 0.744761 0.925469 0.928010 0.899672 0.931466 0.721191 0.723865 0.962527 0.909534 0.757704 0.952509 0.847757 0.917070 0.871236 0.918178 0.993360 0.959560 0.910769 0.957504 0.906956 0.968253 0.836189 0.911636 0.912342 0.979887 0.965874 0.964500 0.896566 0.953837 0.909421 0.807973 0.993684 0.945612 0.929852 0.990487 0.931749 0.861501 0.910144 0.928740 0.899948 0.913990 0.750420 0.971074 0.877993 0.990742 0.769240 0.944416 0.732142 0.834415 0.823075 0.771147 0.977793 0.994172 0.892991 0.983682 0.845124 0.997976 0.920311 0.849543 0.942770 0.890251 0.990595 0.946262 0.999640 0.905796 0.994915 0.901627 0.844808 0.976625 0.992552 0.975620 0.896687 0.978815 0.977252 0.960730 0.888750 0.961425 0.900388 0.969301
0.812499 0.885803 0.722743 0.771715 0.970090 0.000000 0.927665 0.753762 0.963401 0.739531 0.846174 0.783929 0.987192 0.827052 0.852815 0.875503 0.874999 0.881976 0.879354 0.921446 0.978729 0.877441 0.963891 0.955996 0.864418 0.928528 0.989490 0.903446 0.857749 0.803963 0.897835 0.989637 0.866895 0.909171 0.898734 0.915180 0.929527 0.997191 0.966362 0.986384 0.977360 0.895302 0.945582 0.959039 0.944164 0.820220 0.805414 0.891568 0.922973 0.988830 0.899220 0.942468 0.983259 0.862847 0.907504 0.777475 0.940344 0.941720 0.869593 0.726253 0.784410 0.646864 0.812429 0.840184 0.811873 0.676604 0.880319 0.805118 0.871004 0.941660 0.862293 0.982377 0.933096 0.878146 0.966744 0.838205 0.962185 0.902506 0.918249 0.964504 0.800596 0.786068 0.928750 0.900866 0.993656 0.909227 0.916865 0.940714 0.908502 0.912704 0.870529 0.943796 0.937535 0.899712 0.981119 0.948878 0.881184 0.789339 0.831306 0.850150 0.865652 0.961375 0.851660 0.837079 0.847084 0.915618 0.893903 0.987880 0.963212 0.952831 0.945914 0.796323 0.950698 0.877977 0.862566 0.933615
0.662128 0.697964 0.674916 0.707318 0.947360 0.927665 0.000000 0.395130 0.761300 0.362256 0.567440 0.738368 0.780351 0.832392 0.632408 0.800634 0.600272 0.553904 0.663415 0.682143 0.841258 0.945573 0.947083 0.783459 0.603356 0.688835 0.700463 0.627886 0.615884 0.575150 0.798378 0.870791 0.635907 0.474429 0.983669 0.940722 0.848616 0.947292 0.843945 0.999648 0.860129 0.919974 0.932569 0.923391 0.452640 0.497702 0.883133 0.735812 0.675164 0.803895 0.870283 0.956949 0.824875 0.982041 0.930997 0.833467 0.779273 0.706219 0.631679 0.668220 0.492280 0.588001 0.615967 0.507358 0.579362 0.973440 0.621180 0.641122 0.869527 0.667238 0.780375 0.751000 0.989759 0.859492 0.747292 0.972424 0.890451 0.675846 0.879697 0.987242 0.721666 0.735940 0.953812 0.676061 0.964059 0.646355 0.854622 0.817763 0.812223 0.936464 0.526866 0.779343 0.603927 0.945641 0.731576 0.964686 0.747372 0.809778 0.453822 0.581944 0.693734 0.981360 0.626938 0.692162 0.837042 0.751378 0.894603 0.931863 0.952408 0.747717 0.985780 0.715452 0.603022 0.681294 0.910258 0.984129
0.588242 0.633961 0.962410 0.608749 0.946945 0.753762 0.395130 0.000000 0.880024 0.304809 0.402589 0.422193 0.920198 0.918831 0.659818 0.912898 0.525900 0.497975 0.605805 0.575839 0.824889 0.891893 0.865054 0.850734 0.552214 0.673055 0.684393 0.622278 0.484255 0.409368 0.870655 0.870818 0.634633 0.345792 0.963856 0.982641 0.991283 0.915686 0.881875 0.991147 0.809141 0.976410 0.927271 0.891903 0.549500 0.524715 0.795640 0.672512 0.703523 0.934954 0.963945 0.921586 0.929000 0.733975 0.803234 0.760116 0.751581 0.759198 0.639806 0.576243 0.369221 0.329907 0.434590 0.351111 0.492338 0.753267 0.693952 0.543357 0.979360 0.719918 0.834117 0.886302 0.908478 0.763651 0.794704 0.988707 0.900858 0.759172 0.949120 0.985364 0.609268 0.626347 0.986166 0.668109 0.978028 0.865623 0.746873 0.856319 0.909572 0.788345 0.641540 0.958893 0.800635 0.788387 0.741028 0.945977 0.714606 0.838113 0.468064 0.608606 0.598597 0.947500 0.549998 0.654336 0.865544 0.776783 0.878720 0.946207 0.897352 0.770892 0.861061 0.651973 0.686559 0.661458 0.937266 0.853239
0.848639 0.949473 0.753932 0.958165 0.830514 0.963401 0.761300 0.880024 0.000000 0.815522 0.989057 0.966166 0.962662 0.975947 0.979510 0.932430 0.997444 0.999494 0.891035 0.992780 0.953019 0.842216 0.869205 0.916060 0.917902 0.912479 0.978359 0.904364 0.944908 0.921960 0.958012 0.950878 0.892944 0.985968 0.948658 0.827763 0.978831 0.976739 0.951289 0.968545 0.995445 0.942390 0.831512 0.886318 0.853070 0.949113 0.926462 0.872428 0.996325 0.956090 0.849643 0.905112 0.823422 0.735671 0.921016 0.962926 0.982873 0.842009 0.982477 0.990396 0.893992 0.961439 0.914641 0.981615 0.902510 0.967375 0.816737 0.929318 0.990222 0.927460 0.925982 0.859611 0.974068 0.917805 0.926643 0.944284 0.777407 0.973955 0.974416 0.924377 0.897444 0.826681 0.909942 0.943119 0.962661 0.890335 0.989397 0.853792 0.984981 0.862158 0.751938 0.736872 0.802043 0.760663 0.917433 0.978420 0.814711 0.967047 0.881135 0.925855 0.950711 0.848109 0.997908 0.982004 0.879949 0.988467 0.966476 0.868226 0.875470 0.954750 0.929201 0.862787 0.863947 0.840681 0.897237 0.918775
0.682608 0.763882 0.953806 0.747120 0.917705 0.739531 0.362256 0.304809 0.815522 0.000000 0.500304 0.541382 0.865585 0.992562 0.592677 0.834916 0.584753 0.552915 0.675226 0.720067 0.876835 0.978420 0.802922 0.737339 0.433763 0.520165 0.672304 0.608710 0.578007 0.496767 0.955955 0.961821 0.730377 0.456721 0.995644 0.923399 0.949545 0.837092 0.815924 0.927050 0.848035 0.986059 0.980197 0.991607 0.520530 0.534700 0.817203 0.746441 0.703078 0.972769 0.963328 0.876861 0.948018 0.781334 0.876707 0.734756 0.866683 0.818031 0.653367 0.640752 0.394326 0.411065 0.510773 0.443567 0.427830 0.839805 0.693443 0.636434 0.976344 0.696529 0.853855 0.875831 0.991802 0.845529 0.744390 0.995319 0.908859 0.831824 0.886995 0.868757 0.631707 0.705743 0.850411 0.750901 0.891625 0.704461 0.717167 0.792698 0.809572 0.883861 0.663287 0.987541 0.801659 0.828063 0.762186 0.974631 0.792903 0.830855 0.492015 0.626573 0.659436 0.913310 0.611080 0.699378 0.916028 0.778618 0.961359 0.990689 0.954514 0.800580 0.909531 0.698073 0.739115 0.633002 0.904584 0.919071
0.521792 0.735644 0.940319 0.742337 0.946461 0.846174 0.567440 0.402589 0.989057 0.500304 0.000000 0.455308 0.921119 0.956943 0.687505 0.827997 0.446491 0.482268 0.677965 0.598566 0.958177 0.734397 0.767365 0.747163 0.751886 0.780657 0.820261 0.779969 0.551480 0.499368 0.925352 0.980508 0.634692 0.406615 0.870789 0.965862 0.886016 0.970759 0.951563 0.932501 0.751087 0.878400 0.971743 0.961473 0.732139 0.665600 0.816884 0.765215 0.748227 0.965557 0.870870 0.866647 0.819374 0.642942 0.782538 0.738628 0.703678 0.783348 0.600788 0.639050 0.434141 0.457338 0.369815 0.351199 0.593658 0.838283 0.690996 0.661670 0.968181 0.697651 0.993901 0.978539 0.972394 0.911897 0.876729 0.903715 0.926088 0.882980 0.873538 0.996361 0.511899 0.533745 0.933592 0.587977 0.929265 0.973884 0.819854 0.831670 0.990717 0.703310 0.815853 0.772221 0.962847 0.678699 0.683776 0.954118 0.805501 0.892709 0.667045 0.756007 0.705960 0.899457 0.527393 0.739194 0.979719 0.823569 0.730195 0.859067 0.794778 0.818649 0.941382 0.760988 0.816657 0.894749 0.959719 0.888241
0.629275 0.697577 0.881637 0.742957 0.912220 0.783929 0.738368 0.422193 0.966166 0.541382 0.455308 0.000000 0.704543 0.642363 0.969223 0.803516 0.565107 0.556347 0.605733 0.611352 0.870180 0.853753 0.926677 0.982659 0.688232 0.679862 0.887232 0.786239 0.536062 0.478655 0.894016 0.974220 0.766840 0.458848 0.893208 0.946673 0.920723 0.820937 0.971223 0.968264 0.785963 0.977388 0.954849 0.967402 0.813479 0.721334 0.707226 0.794074 0.843713 0.895568 0.831465 0.801761 0.724477 0.566789 0.685795 0.707351 0.756894 0.870786 0.795595 0.755394 0.444014 0.394749 0.404622 0.426891 0.673751 0.632006 0.863348 0.758244 0.966262 0.756914 0.983343 0.893867 0.896449 0.856731 0.852902 0.921747 0.999271 0.873010 0.994963 0.950828 0.547963 0.527791 0.920247 0.662111 0.800988 0.767677 0.812922 0.941078 0.882015 0.729010 0.988318 0.677225 0.913593 0.542835 0.716185 0.989863 0.791063 0.958447 0.776477 0.899813 0.740026 0.856782 0.670431 0.805055 0.968552 0.884013 0.707508 0.914342 0.821716 0.874447 0.870811 0.793433 0.845839 0.869030 0.940309 0.782567
0.947456 0.963466 0.906540 0.957742 0.729403 0.987192 0.780351 0.920198 0.962662 0.865585 0.921119 0.704543 0.000000 0.495740 0.516977 0.427246 0.919312 0.914003 0.972225 0.991926 0.792133 0.963777 0.702698 0.606475 0.973724 0.867840 0.684255 0.817559 0.959750 0.965884 0.757784 0.949410 0.869852 0.928173 0.926740 0.853903 0.901543 0.848872 0.907921 0.936220 0.906255 0.958451 0.836055 0.792095 0.726140 0.748593 0.948613 0.860414 0.798062 0.737606 0.806953 0.800152 0.800675 0.829110 0.732650 0.896868 0.905538 0.870747 0.677695 0.676403 0.912597 0.999808 0.876375 0.998028 0.761310 0.906657 0.770397 0.632672 0.959235 0.901791 0.871703 0.842542 0.983404 0.995742 0.958388 0.856265 0.938350 0.921326 0.797008 0.867293 0.983219 0.960382 0.743315 0.883500 0.551846 0.487696 0.873473 0.650913 0.732073 0.998580 0.754529 0.750602 0.872823 0.736423 0.865963 0.944910 0.959176 0.888551 0.790007 0.689443 0.779585 0.834108 0.930849 0.841510 0.993982 0.874851 0.782559 0.962164 0.978891 0.902198 0.854579 0.890334 0.814240 0.988154 0.933829 0.860420
0.963951 0.794636 0.914625 0.763951 0.891812 0.827052 0.832392 0.918831 0.975947 0.992562 0.956943 0.642363 0.495740 0.000000 0.529880 0.425529 0.978927 0.903579 0.700557 0.724535 0.925117 0.932433 0.643554 0.521964 0.952491 0.994326 0.667663 0.875059 0.752273 0.689741 0.922759 0.708573 0.923633 0.927634 0.901328 0.997071 0.825117 0.924435 0.983798 0.911778 0.888972 0.920167 0.894751 0.901708 0.992975 0.964398 0.812090 0.817813 0.975497 0.988976 0.964623 0.945424 0.975552 0.973544 0.854067 0.801945 0.877976 0.970266 0.820134 0.943212 0.966857 0.890437 0.810379 0.925638 0.860521 0.791361 0.969883 0.959300 0.998469 0.993719 0.852480 0.917564 0.810359 0.764709 0.932552 0.966113 0.815276 0.973669 0.878081 0.916195 0.877633 0.880266 0.759441 0.893520 0.618631 0.509913 0.960321 0.627314 0.854333 0.858063 0.943677 0.888077 0.973120 0.816213 0.855659 0.884220 0.917826 0.851595 0.981090 0.994755 0.942402 0.968966 0.935695 0.902407 0.904061 0.921380 0.789052 0.951754 0.946389 0.989066 0.838778 0.844456 0.953659 0.992920 0.838283 0.878819
0.925959 0.964395 0.971749 0.906756 0.757576 0.852815 0.632408 0.659818 0.979510 0.592677 0.687505 0.969223 0.516977 0.529880 0.000000 0.438579 0.780208 0.880946 0.878457 0.887115 0.965815 0.883744 0.490560 0.465565 0.728100 0.828440 0.540521 0.788486 0.922206 0.887426 0.968132 0.880277 0.912899 0.755100 0.926045 0.947947 0.957892 0.936539 0.862964 0.905714 0.987826 0.922849 0.876409 0.847909 0.653569 0.678646 0.938291 0.960138 0.776007 0.954478 0.975380 0.855074 0.818975 0.822702 0.971878 0.972575 0.948908 0.975366 0.703749 0.741980 0.717232 0.667323 0.875880 0.776739 0.509320 0.880778 0.768707 0.571446 0.745297 0.906955 0.924499 0.866037 0.898435 0.911327 0.889080 0.868099 0.913104 0.912929 0.772860 0.969859 0.902319 0.988853 0.608268 0.963554 0.491010 0.494769 0.771097 0.638024 0.713999 0.948123 0.854421 0.968758 0.997104 0.950901 0.921577 0.979000 0.969938 0.797637 0.797308 0.772993 0.758102 0.982414 0.898948 0.917697 0.884084 0.994298 0.977704 0.941936 0.950596 0.868144 0.989059 0.928102 0.877392 0.764558 0.811823 0.971431
0.934817 0.923163 0.857033 0.905433 0.748823 0.875503 0.800634 0.912898 0.932430 0.834916 0.827997 0.803516 0.427246 0.425529 0.438579 0.000000 0.894921 0.933905 0.860921 0.870039 0.941571 0.937290 0.458850 0.401010 0.895111 0.983042 0.629811 0.865177 0.913362 0.845391 0.928519 0.749059 0.934793 0.974762 0.994749 0.967904 0.873383 0.956046 0.929672 0.853365 0.980720 0.885801 0.943378 0.904875 0.795363 0.834424 0.989167 0.957374 0.749100 0.921612 0.991281 0.932603 0.921031 0.915607 0.925104 0.978657 0.984673 0.951977 0.680865 0.862228 0.986112 0.995653 0.969857 0.920366 0.683243 0.794232 0.891559 0.837441 0.950616 0.923137 0.875614 0.992540 0.741555 0.761129 0.941403 0.963802 0.884346 0.964925 0.826125 0.990308 0.958255 0.947008 0.635512 0.963456 0.541491 0.458895 0.850721 0.504438 0.809427 0.948593 0.953252 0.998692 0.988928 0.958590 0.928552 0.936135 0.981808 0.857396 0.867945 0.866163 0.884743 0.983359 0.938056 0.928864 0.851675 0.904389 0.895860 0.944259 0.966215 0.985441 0.810270 0.979331 0.946242 0.989071 0.812515 0.942482
0.461468 0.579347 0.920603 0.737793 0.954362 0.874999 0.600272 0.525900 0.997444 0.584753 0.446491 0.565107 0.919312 0.978927 0.780208 0.894921 0.000000 0.412647 0.609309 0.557618 0.955543 0.898268 0.829945 0.782739 0.800110 0.877036 0.821142 0.830121 0.648664 0.629845 0.929847 0.962143 0.622468 0.524497 0.846565 0.969465 0.801896 0.915934 0.815226 0.969326 0.703464 0.858844 0.952596 0.912043 0.753524 0.686573 0.742446 0.689284 0.683287 0.786474 0.884315 0.897948 0.989125 0.828993 0.673174 0.660321 0.547271 0.575346 0.468491 0.515009 0.545689 0.554002 0.471114 0.402743 0.717379 0.806025 0.656582 0.687918 0.774211 0.647116 0.847368 0.989132 0.876235 0.959311 0.810914 0.930278 0.993451 0.773018 0.882829 0.933381 0.474593 0.482545 0.948650 0.608828 0.835787 0.971602 0.903667 0.983502 0.831225 0.646669 0.838991 0.882779 0.935896 0.853709 0.714418 0.828478 0.708624 0.869259 0.591418 0.667040 0.777653 0.950976 0.514133 0.617650 0.845051 0.687973 0.934221 0.904784 0.949917 0.758638 0.965375 0.767392 0.761588 0.830630 0.928033 0.977673
0.339229 0.503031 0.811056 0.608442 0.987697 0.881976 0.553904 0.497975 0.999494 0.552915 0.482268 0.556347 0.914003 0.903579 0.880946 0.933905 0.412647 0.000000 0.540596 0.477270 0.939508 0.966855 0.876484 0.800420 0.813567 0.896558 0.933329 0.818406 0.594588 0.547686 0.907392 0.922429 0.516556 0.472135 0.813064 0.944052 0.668219 0.837250 0.929823 0.844386 0.753985 0.717506 0.806712 0.805808 0.669201 0.553940 0.580983 0.517699 0.585428 0.675927 0.781999 0.798697 0.859624 0.894449 0.683272 0.602190 0.395525 0.467282 0.387299 0.468433 0.568745 0.600964 0.435342 0.368870 0.715990 0.931724 0.583903 0.674508 0.669752 0.490643 0.867410 0.925549 0.932381 0.981374 0.818046 0.931872 0.914128 0.728887 0.798202 0.964188 0.335906 0.366948 0.810990 0.442860 0.728407 0.973052 0.890247 0.986189 0.857292 0.538892 0.802778 0.916259 0.852110 0.832387 0.704152 0.794613 0.700934 0.848008 0.554712 0.624270 0.752490 0.954845 0.411435 0.578727 0.802406 0.648456 0.989216 0.919447 0.928327 0.747617 0.959978 0.649982 0.689559 0.843665 0.919744 0.952820
0.523545 0.513128 0.884490 0.515125 0.930060 0.879354 0.663415 0.605805 0.891035 0.675226 0.677965 0.605733 0.972225 0.700557 0.878457 0.860921 0.609309 0.540596 0.000000 0.451422 0.859131 0.859792 0.750012 0.844474 0.895378 0.868648 0.921087 0.809215 0.647021 0.592535 0.762652 0.577384 0.651291 0.573983 0.862916 0.869173 0.918066 0.918608 0.756978 0.857451 0.739915 0.813915 0.876404 0.883872 0.643783 0.572742 0.672640 0.594250 0.606438 0.623911 0.795054 0.756379 0.693030 0.943545 0.705484 0.648598 0.596342 0.630332 0.715849 0.645563 0.739094 0.737583 0.577708 0.570175 0.846042 0.986350 0.861487 0.819174 0.733526 0.622839 0.620866 0.682172 0.765136 0.698313 0.965413 0.971432 0.817621 0.714015 0.989736 0.799522 0.665688 0.536221 0.708532 0.735528 0.609153 0.895808 0.953060 0.818804 0.964404 0.674021 0.673697 0.863995 0.669593 0.991347 0.655660 0.932538 0.719510 0.999781 0.579861 0.547172 0.827540 0.992752 0.571289 0.657151 0.699896 0.582994 0.930865 0.861937 0.999829 0.862536 0.886992 0.693334 0.650619 0.910793 0.866043 0.875831
0.489770 0.438745 0.809981 0.453271 0.931685 0.921446 0.682143 0.575839 0.992780 0.720067 0.598566 0.611352 0.991926 0.724535 0.887115 0.870039 0.557618 0.477270 0.451422 0.000000 0.984731 0.940972 0.808917 0.855628 0.972267 0.987025 0.997941 0.777273 0.549366 0.527691 0.654451 0.708484 0.547831 0.556154 0.860060 0.963304 0.750246 0.766273 0.940043 0.977725 0.667948 0.868864 0.855599 0.858385 0.733504 0.635699 0.642408 0.583152 0.667985 0.611453 0.708884 0.647145 0.722094 0.954686 0.828613 0.702664 0.481372 0.549047 0.585491 0.504349 0.754013 0.641885 0.592544 0.553183 0.896688 0.822927 0.688927 0.686124 0.738178 0.652690 0.648313 0.682630 0.712548 0.666933 0.936218 0.972998 0.850370 0.798158 0.907472 0.760821 0.657030 0.542262 0.689443 0.661762 0.674970 0.821415 0.938936 0.864604 0.893808 0.595750 0.699717 0.947082 0.795928 0.994674 0.725458 0.859974 0.669462 0.982725 0.570817 0.608933 0.688874 0.948491 0.564656 0.601392 0.684779 0.587329 0.974818 0.890054 0.899096 0.714378 0.959307 0.628212 0.637192 0.829165 0.776382 0.868003
0.942668 0.950035 0.938603 0.962726 0.742562 0.978729 0.841258 0.824889 0.953019 0.876835 0.958177 0.870180 0.792133 0.925117 0.965815 0.941571 0.955543 0.939508 0.859131 0.984731 0.000000 0.895587 0.781358 0.792630 0.835789 0.743198 0.990880 0.807547 0.902818 0.913431 0.971794 0.877685 0.911770 0.956062 0.936816 0.983061 0.904883 0.872567 0.829839 0.919565 0.955941 0.870190 0.826034 0.911072 0.812138 0.921506 0.769364 0.979578 0.927989 0.963036 0.866939 0.859698 0.969355 0.967160 0.819520 0.967010 0.798632 0.855844 0.774116 0.851997 0.909680 0.938165 0.911537 0.901646 0.889857 0.874893 0.829225 0.850481 0.909781 0.901826 0.917035 0.962049 0.898170 0.788608 0.946523 0.841593 0.999708 0.987131 0.835946 0.894968 0.910431 0.968507 0.950371 0.942328 0.884323 0.934085 0.994189 0.936165 0.809495 0.915733 0.815048 0.904424 0.738101 0.992114 0.853973 0.760930 0.980896 0.923858 0.790222 0.902826 0.941741 0.993299 0.974687 0.967948 0.867465 0.919779 0.907409 0.985660 0.925597 0.971676 0.942787 0.935066 0.975438 0.951997 0.882053 0.763072
0.938059 0.872374 0.944912 0.992648 0.961764 0.877441 0.945573 0.891893 0.842216 0.978420 0.734397 0.853753 0.963777 0.932433 0.883744 0.937290 0.898268 0.966855 0.859792 0.940972 0.895587 0.000000 0.983447 0.958517 0.989513 0.966484 0.979810 0.778921 0.781083 0.862313 0.934143 0.777220 0.995637 0.817401 0.950112 0.850453 0.822621 0.784905 0.982066 0.869638 0.852572 0.925090 0.987652 0.943439 0.876851 0.962534 0.975763 0.925549 0.985447 0.933654 0.816377 0.857951 0.902755 0.845056 0.980645 0.970633 0.899009 0.878116 0.904952 0.962304 0.878414 0.925684 0.775944 0.831953 0.840381 0.934445 0.938177 0.937020 0.861543 0.948606 0.939029 0.940576 0.907476 0.902344 0.977277 0.898970 0.894067 0.898941 0.905121 0.777092 0.981578 0.879300 0.892191 0.961289 0.961649 0.995851 0.969811 0.963767 0.896816 0.982893 0.975550 0.942279 0.939710 0.939579 0.860864 0.824970 0.933861 0.864755 0.992212 0.924554 0.895888 0.946458 0.982316 0.958091 0.859639 0.968352 0.770027 0.687002 0.991250 0.964553 0.898070 0.950372 0.943061 0.925831 0.850562 0.883379
0.892216 0.874153 0.926268 0.761466 0.697373 0.963891 0.947083 0.865054 0.869205 0.802922 0.767365 0.926677 0.702698 0.643554 0.490560 0.458850 0.829945 0.876484 0.750012 0.808917 0.781358 0.983447 0.000000 0.350499 0.788285 0.870226 0.713352 0.996243 0.950263 0.914517 0.687338 0.563105 0.906809 0.922473 0.920246 0.969010 0.954612 0.888650 0.877725 0.762070 0.938558 0.978614 0.916705 0.930297 0.999092 0.951253 0.851534 0.964001 0.892974 0.799772 0.779607 0.690257 0.588510 0.559169 0.928098 0.871154 0.964984 0.968541 0.693051 0.877250 0.827562 0.804184 0.869154 0.823094 0.625915 0.925521 0.933005 0.842076 0.850923 0.975969 0.681523 0.684084 0.638891 0.589731 0.914826 0.995687 0.868835 0.830725 0.761088 0.827393 0.754577 0.908701 0.604970 0.921330 0.598837 0.738076 0.671836 0.555259 0.982930 0.896349 0.743964 0.636965 0.701428 0.699823 0.933067 0.970532 0.929788 0.783827 0.963877 0.901841 0.919164 0.787455 0.943523 0.970373 0.706278 0.890609 0.915112 0.834573 0.904110 0.923096 0.910186 0.912748 0.869047 0.984693 0.817363 0.998359
0.825181 0.950618 0.989523 0.831872 0.717155 0.955996 0.783459 0.850734 0.916060 0.737339 0.747163 0.982659 0.606475 0.521964 0.465565 0.401010 0.782739 0.800420 0.844474 0.855628 0.792630 0.958517 0.350499 0.000000 0.722714 0.854678 0.652525 0.931976 0.981971 0.918575 0.769431 0.588031 0.956617 0.865538 0.973875 0.983805 0.892886 0.960458 0.989392 0.798256 0.950766 0.977070 0.961552 0.992070 0.860345 0.846378 0.886858 0.951800 0.774498 0.962088 0.916516 0.798781 0.780933 0.728313 0.995683 0.953787 0.990761 0.937082 0.629310 0.865289 0.846735 0.889179 0.831547 0.765633 0.584970 0.832606 0.857845 0.877252 0.992746 0.835603 0.801950 0.802676 0.670186 0.589440 0.860679 0.963193 0.850985 0.940096 0.739865 0.864044 0.735302 0.863591 0.687312 0.860100 0.602870 0.559278 0.755002 0.553456 0.891472 0.953057 0.959106 0.831725 0.884581 0.881878 0.953978 0.998841 0.941296 0.830299 0.881092 0.939705 0.922263 0.945066 0.845182 0.866117 0.770549 0.997292 0.969847 0.860001 0.963464 0.971695 0.790422 0.970851 0.959189 0.966210 0.753791 0.991663
0.920419 0.985284 0.812724 0.877310 0.932642 0.864418 0.603356 0.552214 0.917902 0.433763 0.751886 0.688232 0.973724 0.952491 0.728100 0.895111 0.800110 0.813567 0.895378 0.972267 0.835789 0.989513 0.788285 0.722714 0.000000 0.391834 0.685789 0.637753 0.727754 0.722789 0.835050 0.918898 0.956346 0.673205 0.903319 0.844771 0.799443 0.716290 0.814353 0.979003 0.959370 0.901415 0.808588 0.740015 0.736004 0.775451 0.981964 0.935018 0.881792 0.850405 0.790730 0.689788 0.813533 0.752500 0.975681 0.998136 0.812030 0.905926 0.946091 0.920539 0.500607 0.582790 0.674164 0.626536 0.437628 0.959177 0.970493 0.904897 0.920509 0.946157 0.925857 0.962733 0.935087 0.985143 0.790827 0.995219 0.912448 0.931534 0.975729 0.730269 0.780227 0.821368 0.730075 0.926472 0.825913 0.726623 0.745376 0.778180 0.735270 0.872701 0.884398 0.899036 0.978137 0.747425 0.989662 0.892732 0.980872 0.972263 0.707594 0.906284 0.870960 0.882044 0.847755 0.871769 0.864167 0.958852 0.948687 0.821813 0.920932 0.997766 0.974939 0.926768 0.931363 0.724929 0.702163 0.765831
0.994772 0.936183 0.819111 0.825624 0.836909 0.928528 0.688835 0.673055 0.912479 0.520165 0.780657 0.679862 0.867840 0.994326 0.828440 0.983042 0.877036 0.896558 0.868648 0.987025 0.743198 0.966484 0.870226 0.854678 0.391834 0.000000 0.727415 0.686739 0.832685 0.767881 0.699219 0.912844 0.990735 0.779500 0.882693 0.826072 0.805204 0.649304 0.824691 0.978800 0.960376 0.960073 0.760374 0.741250 0.769052 0.851771 0.984114 0.981574 0.926328 0.780947 0.717244 0.638740 0.813174 0.730526 0.939432 0.947472 0.809588 0.829168 0.950046 0.914173 0.617957 0.738390 0.725725 0.729274 0.538450 0.953968 0.857056 0.919761 0.968242 0.881261 0.889885 0.971861 0.875378 0.954095 0.874472 0.938649 0.944888 0.846677 0.970051 0.668425 0.855068 0.866171 0.835760 0.963300 0.961654 0.799728 0.809770 0.886397 0.739809 0.899948 0.933174 0.913159 0.974482 0.732307 0.954702 0.923890 0.964359 0.978199 0.830202 0.941089 0.958296 0.771232 0.923625 0.985098 0.895895 0.976759 0.861781 0.897572 0.931243 0.975265 0.993518 0.981431 0.974648 0.792923 0.782367 0.778353
0.915912 0.912323 0.904754 0.986995 0.820654 0.989490 0.700463 0.684393 0.978359 0.672304 0.820261 0.887232 0.684255 0.667663 0.540521 0.629811 0.821142 0.933329 0.921087 0.997941 0.990880 0.979810 0.713352 0.652525 0.685789 0.727415 0.000000 0.701935 0.964101 0.897995 0.946699 0.955099 0.966984 0.706027 0.928903 0.981396 0.938304 0.982043 0.945721 0.986167 0.978486 0.960095 0.913979 0.943461 0.696808 0.732086 0.969640 0.843429 0.810296 0.948016 0.937610 0.870453 0.895432 0.880749 0.992224 0.905946 0.996946 0.991936 0.849242 0.824856 0.815091 0.751683 0.952022 0.845789 0.608537 0.939478 0.938521 0.727238 0.950966 0.894394 0.972336 0.942346 0.968708 0.952308 0.936407 0.882318 0.911283 0.875335 0.951548 0.979582 0.982558 0.983429 0.686084 0.918624 0.696500 0.648420 0.872255 0.669230 0.920070 0.935772 0.829365 0.968764 0.920690 0.934480 0.943495 0.966778 0.849313 0.835323 0.779937 0.794488 0.805354 0.963534 0.883515 0.972745 0.896727 0.934548 0.864640 0.972136 0.940816 0.956965 0.949546 0.954823 0.881754 0.729079 0.847798 0.894946
0.999435 0.888978 0.980319 0.911890 0.913802 0.903446 0.627886 0.622278 0.904364 0.608710 0.779969 0.786239 0.817559 0.875059 0.788486 0.865177 0.830121 0.818406 0.809215 0.777273 0.807547 0.778921 0.996243 0.931976 0.637753 0.686739 0.701935 0.000000 0.751889 0.736692 0.908461 0.877675 0.965513 0.681427 0.956867 0.993163 0.824071 0.774686 0.838694 0.921871 0.985281 0.976626 0.980541 0.991247 0.640134 0.683596 0.973975 0.960074 0.838987 0.927093 0.979070 0.975587 0.956677 0.990909 0.892655 0.921796 0.895243 0.970724 0.913756 0.777441 0.700044 0.674791 0.855267 0.757010 0.657997 0.924399 0.913647 0.695855 0.823573 0.878202 0.951166 0.807106 0.870213 0.734106 0.905516 0.906651 0.954235 0.921814 0.992681 0.994946 0.976839 0.924468 0.952498 0.989255 0.806770 0.741221 0.930596 0.862188 0.785937 0.899972 0.807278 0.897976 0.903440 0.978602 0.852486 0.938473 0.870073 0.911433 0.703815 0.739626 0.715444 0.989833 0.968515 0.905947 0.966906 0.937417 0.811915 0.772588 0.969564 0.842759 0.995383 0.778039 0.731290 0.813665 0.831931 0.864572
0.694203 0.786533 0.969037 0.710549 0.949656 0.857749 0.615884 0.484255 0.944908 0.578007 0.551480 0.536062 0.959750 0.752273 0.922206 0.913362 0.648664 0.594588 0.647021 0.549366 0.902818 0.781083 0.950263 0.981971 0.727754 0.832685 0.964101 0.751889 0.000000 0.379984 0.737829 0.701969 0.679981 0.455435 0.973925 0.876379 0.906380 0.994372 0.848067 0.829039 0.901555 0.986233 0.909459 0.957143 0.703988 0.711758 0.796432 0.703791 0.829441 0.943735 0.994917 0.994253 0.982402 0.847658 0.915004 0.852500 0.798213 0.917942 0.820147 0.742926 0.570562 0.537701 0.503557 0.546162 0.645654 0.820355 0.697687 0.691117 0.932233 0.841150 0.807499 0.848586 0.815199 0.667069 0.763611 0.925314 0.886041 0.802381 0.922092 0.899889 0.692536 0.695580 0.947361 0.759591 0.914254 0.950090 0.837756 0.977033 0.912535 0.889131 0.795744 0.884482 0.942843 0.792720 0.670317 0.895251 0.854734 0.964417 0.633264 0.737593 0.595459 0.880732 0.689260 0.708249 0.969376 0.839618 0.916691 0.827863 0.957945 0.761845 0.763485 0.747085 0.709372 0.776944 0.953771 0.854382
0.692122 0.687436 0.988838 0.663885 0.878708 0.803963 0.575150 0.409368 0.921960 0.496767 0.499368 0.478655 0.965884 0.689741 0.887426 0.845391 0.629845 0.547686 0.592535 0.527691 0.913431 0.862313 0.914517 0.918575 0.722789 0.767881 0.897995 0.736692 0.379984 0.000000 0.695444 0.675800 0.571747 0.391659 0.875577 0.948280 0.891696 0.909267 0.881897 0.939958 0.833006 0.998684 0.934569 0.928071 0.632526 0.632666 0.834356 0.686359 0.812944 0.926017 0.982473 0.987313 0.988287 0.860099 0.943708 0.839325 0.735652 0.889555 0.802001 0.661954 0.507250 0.466170 0.476812 0.475416 0.617993 0.751117 0.663820 0.578611 0.952443 0.756378 0.809241 0.824255 0.701663 0.649242 0.874200 0.913209 0.888990 0.740100 0.947691 0.955285 0.636868 0.667389 0.857883 0.775044 0.905734 0.945064 0.858795 0.953173 0.889268 0.900408 0.733952 0.915655 0.878636 0.782011 0.706813 0.885131 0.772032 0.994899 0.624671 0.656087 0.626328 0.949508 0.669897 0.682311 0.867522 0.825763 0.926593 0.913012 0.918210 0.771573 0.835259 0.711273 0.707446 0.832810 0.964658 0.898230
0.917130 0.801458 0.830311 0.689181 0.922019 0.897835 0.798378 0.870655 0.958012 0.955955 0.925352 0.894016 0.757784 0.922759 0.968132 0.928519 0.929847 0.907392 0.762652 0.654451 0.971794 0.934143 0.687338 0.769431 0.835050 0.699219 0.946699 0.908461 0.737829 0.695444 0.000000 0.500503 0.733462 0.799264 0.955536 0.796777 0.950277 0.671435 0.839830 0.767275 0.932660 0.962663 0.868562 0.817816 0.786947 0.792678 0.971324 0.838997 0.931756 0.680145 0.628629 0.533295 0.591060 0.554166 0.738370 0.899556 0.834221 0.838092 0.925010 0.709796 0.995413 0.894364 0.947245 0.926727 0.994723 0.884761 0.696595 0.607583 0.943019 0.980584 0.583005 0.645876 0.614070 0.531664 0.862448 0.771996 0.903838 0.793558 0.906478 0.685509 0.982940 0.968609 0.885226 0.955674 0.950670 0.947200 0.989084 0.971893 0.840729 0.910118 0.600116 0.698930 0.704690 0.673066 0.846954 0.849673 0.946932 0.912025 0.683043 0.647380 0.774886 0.815945 0.857334 0.773342 0.706746 0.804931 0.797205 0.843458 0.951011 0.828969 0.887125 0.817446 0.720600 0.929595 0.758252 0.976428
0.945803 0.823820 0.918670 0.720073 0.911593 0.989637 0.870791 0.870818 0.950878 0.961821 0.980508 0.974220 0.949410 0.708573 0.880277 0.749059 0.962143 0.922429 0.577384 0.708484 0.877685 0.777220 0.563105 0.588031 0.918898 0.912844 0.955099 0.877675 0.701969 0.675800 0.500503 0.000000 0.737946 0.837476 0.858570 0.728889 0.839765 0.936870 0.806921 0.693503 0.973682 0.938592 0.847993 0.806858 0.699811 0.752550 0.963282 0.713083 0.871233 0.714025 0.775079 0.708884 0.632163 0.685315 0.932948 0.924640 0.891488 0.974022 0.882656 0.870085 0.976594 0.962869 0.948953 0.969968 0.983501 0.958076 0.966339 0.760980 0.973071 0.993294 0.585632 0.666570 0.610642 0.529615 0.983018 0.855208 0.763114 0.769186 0.917821 0.667366 0.926465 0.990833 0.805521 0.866333 0.839489 0.957552 0.886596 0.750135 0.784252 0.971249 0.669809 0.745852 0.723412 0.787136 0.850105 0.850417 0.938311 0.856450 0.762530 0.641575 0.780256 0.905977 0.881577 0.841668 0.773627 0.834290 0.953716 0.952317 0.904249 0.919971 0.813226 0.915707 0.681980 0.935487 0.815003 0.971047
0.506454 0.609265 0.750013 0.615155 0.950182 0.866895 0.635907 0.634633 0.892944 0.730377 0.634692 0.766840 0.869852 0.923633 0.912899 0.934793 0.622468 0.516556 0.651291 0.547831 0.911770 0.995637 0.906809 0.956617 0.956346 0.990735 0.966984 0.965513 0.679981 0.571747 0.733462 0.737946 0.000000 0.585372 0.837648 0.946939 0.709184 0.754208 0.916597 0.913116 0.832957 0.840191 0.906974 0.836370 0.793539 0.704756 0.694845 0.649483 0.784293 0.718292 0.767558 0.727451 0.812163 0.933418 0.826482 0.807373 0.500364 0.612982 0.587813 0.540192 0.696979 0.691543 0.660850 0.609495 0.897307 0.844037 0.629969 0.662332 0.765539 0.687984 0.816514 0.835666 0.764617 0.777949 0.913558 0.942987 0.834357 0.705556 0.792180 0.847614 0.629026 0.602709 0.786918 0.630668 0.788231 0.928480 0.939941 0.935608 0.998560 0.665712 0.634754 0.919432 0.802843 0.991875 0.918853 0.811660 0.627642 0.913381 0.674208 0.664432 0.761456 0.989618 0.651881 0.689407 0.709974 0.719844 0.914561 0.818558 0.851192 0.666890 0.927403 0.719277 0.628566 0.843321 0.811163 0.944305
0.532260 0.649990 0.949635 0.695128 0.973976 0.909171 0.474429 0.345792 0.985968 0.456721 0.406615 0.458848 0.928173 0.927634 0.755100 0.974762 0.524497 0.472135 0.573983 0.556154 0.956062 0.817401 0.922473 0.865538 0.673205 0.779500 0.706027 0.681427 0.455435 0.391659 0.799264 0.837476 0.585372 0.000000 0.865595 0.920238 0.919773 0.950578 0.901348 0.958098 0.795986 0.919619 0.881401 0.923938 0.621606 0.597609 0.827203 0.667347 0.733831 0.925245 0.965944 0.954728 0.942483 0.767432 0.776543 0.800665 0.683764 0.771955 0.648747 0.614537 0.426277 0.424174 0.410100 0.374989 0.568880 0.819240 0.683276 0.581579 0.937080 0.702855 0.875147 0.894509 0.878171 0.802139 0.899763 0.951573 0.966123 0.718026 0.957394 0.932265 0.579725 0.580040 0.911576 0.655760 0.931111 0.930971 0.900240 0.918564 0.949772 0.784985 0.710904 0.903843 0.851209 0.754242 0.665707 0.923932 0.826990 0.933692 0.565955 0.617606 0.642792 0.927245 0.563054 0.690501 0.893007 0.749934 0.916862 0.961015 0.908362 0.753831 0.843295 0.645057 0.707080 0.728732 0.952908 0.844400
0.779185 0.865523 0.776263 0.877079 0.999678 0.898734 0.983669 0.963856 0.948658 0.995644 0.870789 0.893208 0.926740 0.901328 0.926045 0.994749 0.846565 0.813064 0.862916 0.860060 0.936816 0.950112 0.920246 0.973875 0.903319 0.882693 0.928903 0.956867 0.973925 0.875577 0.955536 0.858570 0.837648 0.865595 0.000000 0.976994 0.898723 0.872940 0.863436 0.945740 0.763586 0.786586 0.976565 0.952062 0.958892 0.940551 0.970094 0.869914 0.897182 0.890308 0.885336 0.896033 0.966595 0.964248 0.931384 0.892339 0.793102 0.795485 0.856545 0.904526 0.972389 0.991473 0.821180 0.812648 0.851794 0.973088 0.852803 0.924416 0.867499 0.899068 0.968100 0.913727 0.952775 0.934837 0.932192 0.820912 0.920087 0.924497 0.969258 0.841129 0.880337 0.931268 0.831939 0.853996 0.883429 0.904679 0.801073 0.986610 0.940912 0.773772 0.921680 0.918090 0.941604 0.956038 0.894961 0.991850 0.989095 0.925336 0.915894 0.892076 0.965733 0.954215 0.889118 0.983007 0.851479 0.754141 0.951856 0.843421 0.984960 0.971325 0.883361 0.973631 0.987017 0.902704 0.998424 0.981916
0.986509 0.934466 0.972288 0.931980 0.996240 0.915180 0.940722 0.982641 0.827763 0.923399 0.965862 0.946673 0.853903 0.997071 0.947947 0.967904 0.969465 0.944052 0.869173 0.963304 0.983061 0.850453 0.969010 0.983805 0.844771 0.826072 0.981396 0.993163 0.876379 0.948280 0.796777 0.728889 0.946939 0.920238 0.976994 0.000000 0.957543 0.947129 0.869605 0.803388 0.938376 0.943227 0.712804 0.776987 0.737408 0.749760 0.968429 0.790007 0.799367 0.787572 0.891765 0.879963 0.828301 0.827727 0.981627 0.965600 0.946290 0.965854 0.996891 0.961525 0.900517 0.903811 0.996841 0.954554 0.993185 0.903849 0.908221 0.802082 0.899321 0.959031 0.879268 0.929071 0.990049 0.916545 0.957916 0.893991 0.910407 0.843298 0.887237 0.848054 0.963564 0.943724 0.936058 0.959721 0.981564 0.868430 0.907613 0.935141 0.804278 0.996741 0.845676 0.861169 0.823178 0.866915 0.885421 0.985294 0.993607 0.874145 0.873079 0.831381 0.850382 0.952582 0.875273 0.878734 0.925176 0.942209 0.998649 0.891429 0.994636 0.943172 0.975706 0.952694 0.828759 0.988898 0.917506 0.997428
0.580233 0.723535 0.635613 0.727221 0.935998 0.929527 0.848616 0.991283 0.978831 0.949545 0.886016 0.920723 0.901543 0.825117 0.957892 0.873383 0.801896 0.668219 0.918066 0.750246 0.904883 0.822621 0.954612 0.892886 0.799443 0.805204 0.938304 0.824071 0.906380 0.891696 0.950277 0.839765 0.709184 0.919773 0.898723 0.957543 0.000000 0.485459 0.834470 0.746049 0.781694 0.693219 0.839031 0.853212 0.995598 0.932352 0.796992 0.808383 0.802374 0.714566 0.640506 0.634427 0.765172 0.835095 0.707950 0.650959 0.520429 0.503169 0.582326 0.711377 0.957657 0.939963 0.931123 0.859023 0.859054 0.889099 0.732411 0.955918 0.560163 0.694361 0.930544 0.836111 0.975214 0.871626 0.924547 0.851355 0.966009 0.808486 0.796737 0.864743 0.732198 0.709776 0.794453 0.662012 0.702569 0.937345 0.945742 0.948671 0.796264 0.581724 0.796663 0.851339 0.776081 0.819034 0.937297 0.878847 0.708441 0.840382 0.823926 0.859816 0.945481 0.910614 0.643848 0.794211 0.711775 0.673797 0.843289 0.675985 0.925400 0.731350 0.936859 0.915010 0.893709 0.919722 0.759961 0.848511
0.737027 0.691703 0.725711 0.795425 0.744761 0.997191 0.947292 0.915686 0.976739 0.837092 0.970759 0.820937 0.848872 0.924435 0.936539 0.956046 0.915934 0.837250 0.918608 0.766273 0.872567 0.784905 0.888650 0.960458 0.716290 0.649304 0.982043 0.774686 0.994372 0.909267 0.671435 0.936870 0.754208 0.950578 0.872940 0.947129 0.485459 0.000000 0.979191 0.897263 0.835274 0.777837 0.847428 0.827868 0.977394 0.975615 0.873232 0.831574 0.890211 0.688783 0.605885 0.560913 0.683415 0.682670 0.923607 0.879156 0.580015 0.616919 0.735765 0.746340 0.844310 0.901636 0.911148 0.957197 0.786359 0.991068 0.759214 0.899963 0.708429 0.859596 0.780172 0.717090 0.956116 0.905791 0.814239 0.987257 0.952609 0.830167 0.849547 0.699844 0.939496 0.911064 0.927639 0.837437 0.873126 0.924058 0.924518 0.994803 0.839333 0.785195 0.832819 0.782385 0.709284 0.729503 0.929022 0.803538 0.745379 0.931088 0.859756 0.838802 0.977231 0.849227 0.859292 0.840873 0.694595 0.671266 0.735861 0.638167 0.999641 0.672328 0.943215 0.972291 0.882488 0.871039 0.723473 0.891146
