0.000000 0.321755 0.742416 0.856408 0.833510 0.648567 0.804861 0.645545 0.809380 0.705945 0.512103 0.496678 0.760539 0.696010 0.970302 0.768832 0.317096 0.329535 0.480939 0.416567 0.981084 0.936444 0.663870 0.835634 0.800283 0.754934 0.976083 0.876987 0.510099 0.473903 0.909457 0.747748 0.602616 0.567031 0.884845 0.847541 0.906599 0.921037 0.991242 0.893728 0.839447 0.854125 0.576746 0.470529 0.521588 0.510953 0.729289 0.606732 0.572240 0.507524 0.725066 0.685667 0.854281 0.893788 0.943736 0.769065 0.291867 0.360424 0.625959 0.993527 0.672176 0.816156 0.487701 0.411868 0.673060 0.908533 0.786162 0.774188 0.657254 0.622009 0.894027 0.847374 0.829367 0.675877 0.940550 0.709452 0.701175 0.714023 0.693999 0.618890 0.407385 0.498187 0.751849 0.726917 0.857426 0.893351 0.954466 0.728903 0.831292 0.909352 0.649392 0.794921 0.786380 0.976868 0.826317 0.841923 0.726566 0.891019 0.483811 0.545910 0.688376 0.847083 0.471166 0.566818 0.794581 0.896162 0.823925 0.908241 0.874202 0.870704 0.758145 0.652064 0.742435 0.879962 0.814011 0.920935
0.321755 0.000000 0.636739 0.791313 0.857898 0.697237 0.904797 0.704250 0.942973 0.712032 0.604093 0.440636 0.915306 0.779710 0.911920 0.875744 0.335257 0.298008 0.561335 0.482270 0.971885 0.825816 0.642021 0.800941 0.810687 0.710464 0.984863 0.857308 0.522618 0.425916 0.895428 0.802744 0.591491 0.564493 0.889173 0.903331 0.939135 0.865757 0.979224 0.880390 0.833105 0.816606 0.635991 0.517744 0.540379 0.483191 0.812655 0.650467 0.591625 0.519238 0.788466 0.720212 0.963215 0.938733 0.926102 0.739773 0.254551 0.270382 0.686775 0.923254 0.786246 0.759777 0.591708 0.377456 0.631589 0.913086 0.770375 0.757542 0.696572 0.548460 0.847824 0.913439 0.815226 0.652940 0.925205 0.759704 0.725273 0.705020 0.606713 0.564862 0.363970 0.496980 0.766499 0.739575 0.766474 0.901464 0.833088 0.748583 0.749365 0.876862 0.693722 0.833234 0.798655 0.947441 0.785020 0.861746 0.716889 0.917640 0.549969 0.653926 0.716723 0.818476 0.484598 0.562808 0.844738 0.950445 0.889677 0.999352 0.865075 0.900461 0.752825 0.617109 0.702652 0.925896 0.851412 0.893746
0.742416 0.636739 0.000000 0.366320 0.935439 0.838853 0.624686 0.809037 0.674177 0.918356 0.911123 0.613615 0.857747 0.943748 0.714779 0.904264 0.678486 0.605314 0.870260 0.896505 0.973875 0.895238 0.492527 0.738587 0.708338 0.623222 0.934519 0.904125 0.835667 0.664036 0.544201 0.698166 0.804244 0.944042 0.767807 0.886435 0.823852 0.971463 0.807381 0.938542 0.978898 0.808844 0.834984 0.979553 0.896031 0.805516 0.786832 0.875847 0.774149 0.906108 0.938656 0.911395 0.829662 0.754645 0.841919 0.916276 0.682540 0.592957 0.807551 0.713438 0.766632 0.970196 0.863446 0.594590 0.374615 0.493517 0.695602 0.796075 0.873295 0.774477 0.836486 0.810111 0.959644 0.991167 0.967457 0.894991 0.774947 0.796488 0.892278 0.795071 0.608904 0.591737 0.835312 0.687646 0.705225 0.854114 0.963575 0.966940 0.765920 0.853337 0.870696 0.702845 0.901986 0.646262 0.988627 0.981302 0.868881 0.995328 0.982476 0.897234 0.965566 0.778861 0.881454 0.808914 0.898703 0.744892 0.960293 0.691067 0.897160 0.988833 0.905250 0.922581 0.909508 0.978110 0.927799 0.816984
0.856408 0.791313 0.366320 0.000000 0.995834 0.844516 0.784794 0.858941 0.743724 0.773195 0.814387 0.683116 0.915517 0.831663 0.740907 0.954345 0.769096 0.715154 0.887205 0.988798 0.933439 0.906389 0.480929 0.558342 0.549188 0.542617 0.819583 0.717750 0.864010 0.723904 0.512371 0.647799 0.794764 0.963293 0.690123 0.901124 0.689489 0.831838 0.765194 0.878033 0.932022 0.907039 0.840629 0.985730 0.779608 0.715586 0.838570 0.903713 0.646193 0.894581 0.988326 0.917559 0.924893 0.790124 0.736587 0.964400 0.811474 0.731094 0.804001 0.738638 0.895074 0.966934 0.871140 0.669751 0.382096 0.441150 0.715083 0.822257 0.970890 0.863531 0.864002 0.759142 0.853055 0.931358 0.885776 0.833352 0.805247 0.860634 0.958936 0.867145 0.802803 0.765351 0.976275 0.864380 0.669762 0.667503 0.984266 0.972245 0.770708 0.691425 0.910700 0.841645 0.861975 0.727505 0.930479 0.909030 0.892307 0.990568 0.930192 0.996024 0.998625 0.810611 0.910578 0.837911 0.804469 0.776792 0.932156 0.749807 0.821292 0.951219 0.940392 0.834948 0.837046 0.870738 0.958846 0.801859
0.833510 0.857898 0.935439 0.995834 0.000000 0.742467 0.830835 0.850502 0.988586 0.800908 0.712545 0.763356 0.793306 0.811686 0.987493 0.935452 0.921096 0.832061 0.710606 0.710647 0.864466 0.947568 0.910565 0.973431 0.924020 0.846082 0.989004 0.894228 0.847720 0.860840 0.888471 0.796044 0.720732 0.790439 0.936983 0.747496 0.984464 0.877144 0.915137 0.846480 0.961752 0.832331 0.911801 0.879088 0.814682 0.824953 0.993496 0.825968 0.945690 0.942171 0.933058 0.967252 0.905987 0.919771 0.858163 0.986927 0.872396 0.859908 0.941326 0.973766 0.817308 0.959107 0.822095 0.964644 0.929697 0.980561 0.749776 0.747870 0.981454 0.880968 0.887569 0.962788 0.838084 0.741162 0.933899 0.895573 0.873895 0.820359 0.930028 0.981921 0.851785 0.803416 0.996864 0.982544 0.872685 0.936044 0.965361 0.940897 0.889315 0.682357 0.895428 0.854427 0.952421 0.884532 0.968805 0.943697 0.932279 0.962116 0.872108 0.898811 0.901013 0.907612 0.929023 0.969076 0.962151 0.877375 0.840643 0.974321 0.960982 0.899276 0.822834 0.972616 0.916688 0.946267 0.961845 0.832982
0.648567 0.697237 0.838853 0.844516 0.742467 0.000000 0.731784 0.650841 0.771350 0.607273 0.634255 0.588308 0.716692 0.774143 0.996605 0.750389 0.705670 0.695445 0.705704 0.735236 0.997849 0.973256 0.762111 0.820669 0.762183 0.726371 0.760069 0.989561 0.744078 0.659699 0.993034 0.822880 0.821215 0.705551 0.783642 0.876358 0.953996 0.987280 0.999459 0.897892 0.976990 0.882995 0.740801 0.677204 0.665769 0.639804 0.880605 0.742318 0.743351 0.793667 0.906236 0.902806 0.891325 0.840360 0.824507 0.872119 0.682049 0.792577 0.835411 0.980734 0.736757 0.837531 0.722310 0.747802 0.697647 0.855814 0.892335 0.824844 0.957549 0.906172 0.902416 0.874087 0.939852 0.865344 0.897539 0.680720 0.789939 0.824156 0.860651 0.802795 0.872612 0.779300 0.975948 0.978160 0.818018 0.782520 0.977223 0.969084 0.923830 0.693897 0.758396 0.850882 0.845073 0.869321 0.899027 0.958182 0.742352 0.772826 0.584078 0.763218 0.695166 0.741902 0.765310 0.747428 0.941768 0.941029 0.663509 0.971792 0.890057 0.986749 0.853685 0.796437 0.803472 0.856889 0.999251 0.733494
0.804861 0.904797 0.624686 0.784794 0.830835 0.731784 0.000000 0.366839 0.544461 0.451793 0.518984 0.824641 0.594223 0.772231 0.848800 0.988299 0.824303 0.860792 0.478744 0.793225 0.901482 0.960987 0.998052 0.771514 0.668632 0.814557 0.663341 0.788443 0.765318 0.789994 0.873645 0.700940 0.614473 0.526911 0.871440 0.963708 0.917113 0.937197 0.949864 0.950405 0.975581 0.830590 0.529902 0.593845 0.469002 0.574277 0.652636 0.571258 0.669075 0.716235 0.588775 0.613368 0.653641 0.542935 0.877320 0.950873 0.846620 0.987432 0.485876 0.685809 0.358806 0.697099 0.609793 0.831617 0.986411 0.808912 0.519892 0.528790 0.917763 0.972956 0.712797 0.751338 0.950026 0.839580 0.956345 0.680343 0.559123 0.684851 0.932069 0.926692 0.927402 0.903473 0.809613 0.931846 0.926597 0.772227 0.907197 0.751330 0.949484 0.853571 0.445861 0.399730 0.637978 0.565789 0.755665 0.873199 0.755054 0.861602 0.503299 0.484376 0.644095 0.577032 0.766379 0.763740 0.941874 0.688182 0.779787 0.667083 0.905261 0.930397 0.635895 0.704730 0.638150 0.824335 0.889827 0.992748
0.645545 0.704250 0.809037 0.858941 0.850502 0.650841 0.366839 0.000000 0.580336 0.427298 0.460727 0.582878 0.554099 0.550794 0.898961 0.813560 0.673542 0.705750 0.388318 0.656861 0.779605 0.904246 0.820724 0.694901 0.647227 0.809758 0.676885 0.815624 0.595856 0.577941 0.917991 0.682117 0.585022 0.479917 0.789162 0.876632 0.882010 0.998980 0.932513 0.940945 0.919761 0.929363 0.443625 0.482916 0.435861 0.490486 0.715967 0.537171 0.561214 0.632299 0.553861 0.595760 0.669857 0.551905 0.840675 0.913635 0.687530 0.856414 0.555619 0.673794 0.403471 0.534501 0.604901 0.655009 0.858251 0.866862 0.724425 0.603729 0.983539 0.947210 0.786391 0.844300 0.923371 0.863976 0.973618 0.711825 0.607829 0.743296 0.875811 0.797684 0.952441 0.973396 0.870706 0.974340 0.667583 0.630252 0.881946 0.709222 0.899624 0.817072 0.404392 0.490748 0.713351 0.676504 0.699835 0.865249 0.778872 0.788071 0.458928 0.519088 0.539464 0.513142 0.626101 0.657472 0.995707 0.717305 0.796124 0.762567 0.896978 0.973133 0.729815 0.672628 0.608279 0.751067 0.849371 0.966117
0.809380 0.942973 0.674177 0.743724 0.988586 0.771350 0.544461 0.580336 0.000000 0.689799 0.771606 0.902537 0.797409 0.868114 0.851248 0.745999 0.825006 0.906419 0.688595 0.853372 0.903693 0.878523 0.928687 0.958233 0.974415 0.860120 0.880141 0.936931 0.882443 0.962620 0.779107 0.737696 0.752944 0.770687 0.956872 0.782532 0.668964 0.812946 0.857174 0.831269 0.930622 0.992975 0.609452 0.708987 0.721390 0.798352 0.641434 0.680576 0.759196 0.687897 0.579372 0.624899 0.602823 0.584912 0.924552 0.985871 0.856591 0.960279 0.618374 0.647329 0.568373 0.705311 0.906528 0.883511 0.800832 0.746577 0.833096 0.886710 0.939552 0.937759 0.765676 0.705847 0.964045 0.921687 0.857686 0.821324 0.648425 0.836492 0.954725 0.949167 0.964434 0.878288 0.866683 0.969748 0.959144 0.806379 0.897406 0.848870 0.894216 0.934272 0.642422 0.687325 0.779171 0.782090 0.878155 0.956677 0.827182 0.927692 0.649042 0.635787 0.763772 0.840763 0.731376 0.873657 0.962285 0.667613 0.782788 0.726697 0.932469 0.998235 0.832765 0.826830 0.888712 0.916003 0.810291 0.997275
0.705945 0.712032 0.918356 0.773195 0.800908 0.607273 0.451793 0.427298 0.689799 0.000000 0.451856 0.593872 0.640060 0.757257 0.973551 0.885642 0.641254 0.639575 0.520479 0.743496 0.802370 0.877788 0.634681 0.514400 0.423639 0.517213 0.630882 0.744153 0.623784 0.593192 0.845306 0.876471 0.806107 0.558313 0.701639 0.867603 0.943463 0.890711 0.880486 0.886714 0.907654 0.900837 0.555332 0.548636 0.371620 0.384305 0.786171 0.595980 0.428497 0.649045 0.606441 0.747926 0.795359 0.752095 0.700435 0.925725 0.670571 0.809429 0.678648 0.848343 0.520234 0.719879 0.562691 0.597622 0.575069 0.798219 0.799559 0.766748 0.896478 0.964146 0.734040 0.816980 0.940616 0.922345 0.955577 0.766968 0.636750 0.836602 0.924084 0.865128 0.927121 0.989918 0.804415 0.942426 0.607059 0.527541 0.943556 0.818276 0.796495 0.631867 0.459276 0.500928 0.706456 0.789780 0.747566 0.940857 0.722286 0.740690 0.447096 0.469758 0.575426 0.705761 0.613855 0.589549 0.897883 0.889387 0.884268 0.813590 0.981517 0.943246 0.659006 0.517381 0.570767 0.781661 0.902846 0.899695
0.512103 0.604093 0.911123 0.814387 0.712545 0.634255 0.518984 0.460727 0.771606 0.451856 0.000000 0.509842 0.527510 0.587479 0.888017 0.862411 0.512319 0.497847 0.434015 0.515135 0.854904 0.905856 0.631702 0.603384 0.482200 0.586069 0.755708 0.713999 0.435551 0.462076 0.945047 0.820260 0.650864 0.479992 0.746269 0.866733 0.976680 0.787578 0.969881 0.960809 0.925861 0.956494 0.594500 0.514549 0.373090 0.398930 0.765787 0.568682 0.457061 0.557490 0.618476 0.653368 0.753734 0.759190 0.814205 0.873701 0.543748 0.657920 0.608485 0.890568 0.452567 0.740068 0.450957 0.563096 0.609508 0.889988 0.763305 0.692750 0.908827 0.805793 0.858007 0.925733 0.890070 0.739783 0.983167 0.703595 0.748685 0.713627 0.953954 0.791337 0.741930 0.762788 0.988405 0.859470 0.765975 0.738027 0.921140 0.820248 0.833520 0.619610 0.531718 0.608261 0.822042 0.868782 0.816154 0.890955 0.777080 0.880912 0.461326 0.448211 0.612810 0.774109 0.675170 0.721488 0.916930 0.900966 0.815938 0.837634 0.993754 0.874762 0.705911 0.639701 0.536087 0.838587 0.877638 0.984958
0.496678 0.440636 0.613615 0.683116 0.763356 0.588308 0.824641 0.582878 0.902537 0.593872 0.509842 0.000000 0.773383 0.626965 0.915980 0.655435 0.469350 0.401424 0.617469 0.543984 0.865631 0.867716 0.551629 0.691192 0.602183 0.603891 0.771056 0.749040 0.504330 0.360376 0.805628 0.888396 0.721285 0.616224 0.692657 0.871420 0.887820 0.996447 0.965758 0.967049 0.886010 0.902805 0.721458 0.619248 0.509618 0.478423 0.860738 0.603390 0.472862 0.590907 0.693766 0.692478 0.837523 0.828813 0.758753 0.918553 0.462955 0.488007 0.744850 0.854067 0.687891 0.613329 0.583270 0.388874 0.494509 0.833047 0.998957 0.819554 0.754306 0.613640 0.928452 0.921340 0.884371 0.780455 0.975083 0.829580 0.878656 0.955752 0.750633 0.640675 0.557854 0.587779 0.872468 0.636632 0.641406 0.722396 0.899302 0.833228 0.813779 0.737981 0.747912 0.950267 0.995204 0.919344 0.676821 0.873684 0.812986 0.900115 0.627545 0.778173 0.689847 0.857083 0.665098 0.672538 0.878503 0.999907 0.769723 0.923690 0.933056 0.869754 0.802601 0.791053 0.706618 0.804235 0.859677 0.809034
0.760539 0.915306 0.857747 0.915517 0.793306 0.716692 0.594223 0.554099 0.797409 0.640060 0.527510 0.773383 0.000000 0.439515 0.633253 0.662273 0.855115 0.834238 0.591825 0.710531 0.872191 0.918281 0.901631 0.944474 0.742255 0.806708 0.803306 0.955667 0.721831 0.693243 0.941539 0.783974 0.807403 0.716834 0.730835 0.873992 0.925719 0.695897 0.897046 0.996724 0.809884 0.882324 0.597061 0.581767 0.724319 0.668595 0.687802 0.682671 0.793032 0.836954 0.821407 0.928043 0.878047 0.868301 0.823449 0.980803 0.852524 0.993190 0.765618 0.897861 0.653884 0.979745 0.567239 0.865597 0.860532 0.845510 0.884284 0.955760 0.940353 0.988517 0.777513 0.747621 0.932423 0.878979 0.947265 0.693324 0.778456 0.812238 0.980734 0.983506 0.960094 0.949337 0.986337 0.981118 0.928968 0.862399 0.936262 0.994776 0.985370 0.753387 0.524896 0.596934 0.734554 0.774525 0.827518 0.837370 0.873057 0.904616 0.611649 0.622888 0.672373 0.745191 0.751353 0.758516 0.895606 0.987500 0.876163 0.742030 0.882333 0.956674 0.757744 0.880775 0.759466 0.755417 0.969899 0.971209
0.696010 0.779710 0.943748 0.831663 0.811686 0.774143 0.772231 0.550794 0.868114 0.757257 0.587479 0.626965 0.439515 0.000000 0.713710 0.596376 0.752954 0.729062 0.537630 0.571291 0.798912 0.881360 0.907123 0.963670 0.858683 0.820961 0.887237 0.998623 0.586582 0.601525 0.845033 0.773611 0.738739 0.666404 0.812773 0.879549 0.930865 0.849621 0.996101 0.988568 0.890274 0.995500 0.583533 0.575273 0.773326 0.732581 0.791704 0.660372 0.848875 0.855803 0.884702 0.897895 0.899068 0.883268 0.872285 0.990339 0.771514 0.897628 0.868732 0.960557 0.807671 0.913509 0.666463 0.821603 0.902705 0.998011 0.944356 0.929095 0.960570 0.877463 0.881140 0.884169 0.905338 0.733110 0.998832 0.678483 0.779432 0.869252 0.912741 0.943774 0.909705 0.933816 0.959788 0.912235 0.838980 0.956306 0.984512 0.955124 0.942292 0.784420 0.592566 0.760734 0.876070 0.924631 0.861923 0.765909 0.956067 0.902895 0.667487 0.702710 0.633491 0.756117 0.782458 0.802968 0.960583 0.964656 0.877554 0.851117 0.867557 0.901522 0.881160 0.884151 0.724650 0.897672 0.912493 0.957023
0.970302 0.911920 0.714779 0.740907 0.987493 0.996605 0.848800 0.898961 0.851248 0.973551 0.888017 0.915980 0.633253 0.713710 0.000000 0.633061 0.985963 0.932828 0.879062 0.876843 0.827687 0.904522 0.797781 0.724768 0.860822 0.874790 0.830670 0.773148 0.883650 0.985955 0.821426 0.799366 0.965328 0.970826 0.883662 0.920809 0.953968 0.741941 0.860475 0.975632 0.988032 0.957806 0.694233 0.747122 0.981000 0.978720 0.665936 0.759987 0.992927 0.966059 0.999364 0.994897 0.936407 0.981379 0.956257 0.897393 0.999356 0.915404 0.957559 0.802144 0.946671 0.822475 0.922504 0.855436 0.741365 0.949271 0.966831 0.845664 0.946848 0.897976 0.861761 0.835485 0.886692 0.930140 0.990060 0.919239 0.839974 0.937235 0.926041 0.877676 0.901619 0.830662 0.899945 0.895788 0.803651 0.917342 0.870596 0.950145 0.848846 0.997405 0.867676 0.840807 0.957774 0.949752 0.940601 0.967950 0.976761 0.930313 0.863001 0.792561 0.996363 0.935452 0.954728 0.904499 0.979862 0.995779 0.918895 0.641826 0.997758 0.994894 0.817071 0.904432 0.997982 0.941647 0.963796 0.933013
0.768832 0.875744 0.904264 0.954345 0.935452 0.750389 0.988299 0.813560 0.745999 0.885642 0.862411 0.655435 0.662273 0.596376 0.633061 0.000000 0.852009 0.876276 0.909760 0.740211 0.935901 0.960211 0.935794 0.814187 0.980108 0.974934 0.955518 0.883587 0.842146 0.782383 0.935411 0.852656 0.983976 0.990255 0.787437 0.769084 0.788167 0.997935 0.883710 0.864473 0.991282 0.913452 0.752726 0.797497 0.938209 0.881743 0.795334 0.763291 0.823807 0.920616 0.814503 0.897478 0.801287 0.885179 0.905127 0.967512 0.876272 0.897849 0.916579 0.908653 0.938167 0.928768 0.893333 0.833150 0.916329 0.908600 0.723064 0.798555 0.912659 0.934497 0.980896 0.868825 0.911601 0.931216 0.931115 0.893293 0.992869 0.907740 0.989927 0.956642 0.857479 0.853620 0.745134 0.709194 0.991928 0.995169 0.973948 0.945284 0.843037 0.896206 0.866994 0.914364 0.993983 0.824991 0.918827 0.923625 0.973114 0.943724 0.838614 0.938293 0.830145 0.998169 0.875188 0.855634 0.893639 0.903752 0.795576 0.933943 0.978729 0.982757 0.982344 0.973924 0.994458 0.977360 0.932005 0.988253
0.317096 0.335257 0.678486 0.769096 0.921096 0.705670 0.824303 0.673542 0.825006 0.641254 0.512319 0.469350 0.855115 0.752954 0.985963 0.852009 0.000000 0.269561 0.522110 0.481632 0.999230 0.893441 0.627653 0.727248 0.730042 0.661910 0.904338 0.857434 0.389212 0.391748 0.895824 0.840611 0.638006 0.575887 0.806938 0.862479 0.897588 0.884494 0.978953 0.825007 0.830136 0.897163 0.594366 0.517223 0.513022 0.516074 0.773707 0.628113 0.531552 0.513916 0.699764 0.675617 0.883939 0.904829 0.821251 0.795384 0.282341 0.339999 0.682404 0.937943 0.735078 0.803433 0.554817 0.374768 0.595297 0.879494 0.849158 0.829333 0.632303 0.571892 0.880986 0.846010 0.795153 0.688708 0.913131 0.738107 0.736334 0.806282 0.622598 0.561100 0.378469 0.541291 0.846320 0.706242 0.743906 0.855963 0.801307 0.692909 0.750414 0.863059 0.666322 0.826323 0.797249 0.961500 0.790134 0.868636 0.742485 0.972865 0.519459 0.524611 0.702544 0.878993 0.526459 0.606145 0.884493 0.977854 0.840224 0.973875 0.900219 0.869205 0.703120 0.639742 0.686388 0.901708 0.823111 0.885266
0.329535 0.298008 0.605314 0.715154 0.832061 0.695445 0.860792 0.705750 0.906419 0.639575 0.497847 0.401424 0.834238 0.729062 0.932828 0.876276 0.269561 0.000000 0.549588 0.467769 0.980402 0.933110 0.563695 0.741214 0.667050 0.573239 0.908186 0.798450 0.419955 0.368614 0.839269 0.859864 0.638455 0.579884 0.787033 0.830984 0.951644 0.953380 0.957606 0.926440 0.875733 0.887576 0.648106 0.535786 0.504327 0.465856 0.797200 0.600706 0.531536 0.509960 0.761578 0.694815 0.938594 0.952922 0.790424 0.819766 0.266936 0.308946 0.739112 0.977703 0.755974 0.816813 0.526656 0.366195 0.534219 0.821195 0.843211 0.842381 0.654782 0.520655 0.881165 0.921360 0.850229 0.662856 0.936691 0.789593 0.751233 0.778394 0.630866 0.579796 0.388360 0.507405 0.881314 0.700796 0.717791 0.824147 0.817187 0.715605 0.705057 0.820112 0.686089 0.823046 0.808124 0.994464 0.801008 0.834832 0.724954 0.989375 0.526487 0.559848 0.696647 0.904508 0.534756 0.608306 0.929114 0.982535 0.881902 0.995051 0.890133 0.896026 0.733425 0.621084 0.654683 0.880228 0.830316 0.887827
0.480939 0.561335 0.870260 0.887205 0.710606 0.705704 0.478744 0.388318 0.688595 0.520479 0.434015 0.617469 0.591825 0.537630 0.879062 0.909760 0.522110 0.549588 0.000000 0.482954 0.912919 0.973335 0.863061 0.786144 0.727675 0.733380 0.854860 0.864028 0.529673 0.533032 0.907206 0.647701 0.505060 0.441023 0.908767 0.911805 0.920628 0.927176 0.963828 0.943046 0.949939 0.979728 0.432216 0.418199 0.456782 0.491633 0.776240 0.498776 0.624436 0.557903 0.671888 0.658610 0.769464 0.742470 0.943701 0.815922 0.513239 0.669067 0.546941 0.802733 0.495638 0.816887 0.494022 0.623531 0.865965 0.936716 0.561883 0.575825 0.879854 0.800321 0.726463 0.849301 0.837774 0.701967 0.992855 0.667378 0.589178 0.632067 0.750215 0.808318 0.732513 0.826281 0.962897 0.923426 0.833099 0.829503 0.883593 0.743559 0.929794 0.850463 0.439356 0.484924 0.667943 0.724943 0.803456 0.811130 0.761765 0.868455 0.420384 0.421609 0.543497 0.628748 0.549533 0.649255 0.832388 0.837207 0.756312 0.801690 0.946528 0.900014 0.747900 0.621954 0.674955 0.828921 0.808142 0.914633
0.416567 0.482270 0.896505 0.988798 0.710647 0.735236 0.793225 0.656861 0.853372 0.743496 0.515135 0.543984 0.710531 0.571291 0.876843 0.740211 0.481632 0.467769 0.482954 0.000000 0.954753 0.956685 0.811602 0.966231 0.863503 0.775570 0.982323 0.906817 0.520132 0.564750 0.956374 0.703935 0.502789 0.530696 0.994880 0.963039 0.741929 0.985330 0.979682 0.897267 0.824127 0.781639 0.613044 0.559425 0.604155 0.649169 0.719788 0.583711 0.716242 0.609367 0.774492 0.764641 0.847642 0.924375 0.994200 0.870285 0.454774 0.494270 0.603538 0.885056 0.674132 0.854355 0.550462 0.578338 0.807117 0.982594 0.744856 0.732795 0.681171 0.608034 0.878148 0.885962 0.693177 0.611794 0.931007 0.805291 0.743257 0.766510 0.795901 0.753276 0.519418 0.572680 0.777866 0.731027 0.979286 0.958790 0.982546 0.823565 0.873001 0.918271 0.685563 0.755595 0.807834 0.999725 0.772666 0.753957 0.908984 0.948763 0.601416 0.614699 0.727755 0.952983 0.647929 0.674294 0.852697 0.949471 0.871928 0.845473 0.935557 0.930484 0.793078 0.783590 0.798540 0.881764 0.891548 0.957138
0.981084 0.971885 0.973875 0.933439 0.864466 0.997849 0.901482 0.779605 0.903693 0.802370 0.854904 0.865631 0.872191 0.798912 0.827687 0.935901 0.999230 0.980402 0.912919 0.954753 0.000000 0.937609 0.806510 0.779426 0.828796 0.920499 0.990075 0.893669 0.798887 0.916205 0.875152 0.927732 0.921855 0.981281 0.818096 0.862068 0.967661 0.983233 0.993188 0.842683 0.907370 0.966733 0.898346 0.956148 0.894001 0.895643 0.850660 0.982197 0.843688 0.913973 0.987195 0.991686 0.986058 0.994453 0.919475 0.875323 0.971763 0.994231 0.967371 0.940463 0.883649 0.764351 0.985096 0.871322 0.963875 0.988228 0.813328 0.924242 0.931618 0.901806 0.942429 0.849626 0.632341 0.793273 0.847763 0.855815 0.931035 0.947553 0.921180 0.967265 0.830171 0.838658 0.926222 0.913148 0.688075 0.633536 0.912657 0.841294 0.990433 0.950659 0.962761 0.910298 0.896064 0.953590 0.822947 0.984958 0.938658 0.916189 0.886652 0.932784 0.983578 0.947866 0.869958 0.913764 0.947944 0.914859 0.935225 0.923771 0.824920 0.892821 0.995901 0.843145 0.886343 0.869431 0.975971 0.798652
0.936444 0.825816 0.895238 0.906389 0.947568 0.973256 0.960987 0.904246 0.878523 0.877788 0.905856 0.867716 0.918281 0.881360 0.904522 0.960211 0.893441 0.933110 0.973335 0.956685 0.937609 0.000000 0.846181 0.796127 0.843926 0.998537 0.961877 0.840872 0.981818 0.885960 0.807287 0.803907 0.936119 0.911241 0.955531 0.957836 0.893678 0.970917 0.995411 0.988711 0.875774 0.964748 0.961022 0.977776 0.891513 0.918027 0.932785 0.864887 0.860709 0.910884 0.869879 0.973231 0.982455 0.940210 0.938416 0.957203 0.891701 0.873802 0.919080 0.885196 0.899377 0.782122 0.980495 0.850513 0.870204 0.955481 0.965847 0.907634 0.924973 0.894837 0.922883 0.936756 0.844728 0.970140 0.840515 0.943006 0.884440 0.935465 0.993201 0.917805 0.870361 0.944627 0.988126 0.928714 0.914335 0.917292 0.921061 0.963041 0.846177 0.889134 0.931010 0.970983 0.890255 0.898519 0.854407 0.846089 0.840860 0.994132 0.980094 0.990256 0.962788 0.925533 0.874812 0.982933 0.838627 0.983074 0.945285 0.745766 0.899620 0.818709 0.955727 0.933237 0.963516 0.978725 0.892873 0.905023
0.663870 0.642021 0.492527 0.480929 0.910565 0.762111 0.998052 0.820724 0.928687 0.634681 0.631702 0.551629 0.901631 0.907123 0.797781 0.935794 0.627653 0.563695 0.863061 0.811602 0.806510 0.846181 0.000000 0.414254 0.447136 0.595657 0.715773 0.720469 0.717844 0.631788 0.575305 0.867842 0.892792 0.817900 0.607474 0.776326 0.877674 0.869458 0.765427 0.935478 0.804755 0.986132 0.910177 0.782854 0.678059 0.619559 0.997599 0.934342 0.572109 0.745979 0.954896 0.958276 0.891736 0.872492 0.820320 0.940201 0.636466 0.686182 0.998192 0.876127 0.866088 0.841051 0.753992 0.523353 0.402041 0.552320 0.770524 0.892969 0.984881 0.786789 0.894103 0.865665 0.781546 0.901560 0.830838 0.963210 0.938702 0.965104 0.996131 0.852261 0.794825 0.841195 0.909802 0.801486 0.416944 0.495233 0.950159 0.798817 0.713198 0.785112 0.831710 0.933247 0.989757 0.847361 0.820758 0.972371 0.898848 0.843641 0.656688 0.812768 0.706872 0.980939 0.765700 0.701072 0.882897 0.962625 0.989205 0.791192 0.981173 0.894868 0.955047 0.675082 0.657259 0.985537 0.958744 0.922328
0.835634 0.800941 0.738587 0.558342 0.973431 0.820669 0.771514 0.694901 0.958233 0.514400 0.603384 0.691192 0.944474 0.963670 0.724768 0.814187 0.727248 0.741214 0.786144 0.966231 0.779426 0.796127 0.414254 0.000000 0.418751 0.651433 0.640361 0.652305 0.782584 0.749738 0.640630 0.834926 0.958190 0.801815 0.672731 0.935618 0.864592 0.921121 0.734460 0.923313 0.817296 0.910164 0.868879 0.835966 0.591999 0.588267 0.923999 0.912714 0.521012 0.720277 0.814400 0.885264 0.918225 0.957533 0.743108 0.977406 0.776295 0.826764 0.890078 0.899410 0.684167 0.726660 0.797419 0.640416 0.520492 0.744582 0.964878 0.903755 0.877747 0.927631 0.969385 0.885126 0.787491 0.816272 0.915744 0.979047 0.927151 0.969720 0.992640 0.914539 0.971122 0.958450 0.775079 0.966319 0.424118 0.407393 0.923565 0.726658 0.725050 0.704554 0.762512 0.777773 0.947353 0.925864 0.777323 0.953140 0.859255 0.856206 0.658527 0.709967 0.808130 0.836266 0.808333 0.758454 0.879980 0.869839 0.974638 0.845132 0.945158 0.994805 0.929385 0.627641 0.565123 0.937601 0.953566 0.925101
0.800283 0.810687 0.708338 0.549188 0.924020 0.762183 0.668632 0.647227 0.974415 0.423639 0.482200 0.602183 0.742255 0.858683 0.860822 0.980108 0.730042 0.667050 0.727675 0.863503 0.828796 0.843926 0.447136 0.418751 0.000000 0.470133 0.554750 0.657241 0.686976 0.628299 0.602863 0.859726 0.990891 0.721986 0.596679 0.839394 0.818508 0.754717 0.810612 0.887926 0.792135 0.940768 0.841267 0.767225 0.474418 0.480588 0.965581 0.811920 0.459594 0.751524 0.733173 0.821118 0.876554 0.904282 0.802736 0.914383 0.760686 0.856388 0.837668 0.966871 0.664007 0.853925 0.537148 0.582224 0.383985 0.569127 0.972941 0.909297 0.933152 0.951130 0.981926 0.959703 0.827151 0.982594 0.887911 0.974617 0.926366 0.862816 0.988171 0.962512 0.942425 0.920692 0.791003 0.910293 0.502776 0.522650 0.919261 0.925725 0.741983 0.692503 0.666628 0.709817 0.881737 0.903970 0.723535 0.904655 0.802019 0.894600 0.609539 0.666310 0.648572 0.899038 0.757148 0.678499 0.871750 0.968560 0.961343 0.968933 0.990737 0.905533 0.854655 0.656693 0.577017 0.844445 0.984358 0.897554
0.754934 0.710464 0.623222 0.542617 0.846082 0.726371 0.814557 0.809758 0.860120 0.517213 0.586069 0.603891 0.806708 0.820961 0.874790 0.974934 0.661910 0.573239 0.733380 0.775570 0.920499 0.998537 0.595657 0.651433 0.470133 0.000000 0.706672 0.672027 0.666156 0.531346 0.758925 0.987297 0.914023 0.764974 0.811608 0.904299 0.758792 0.777766 0.753054 0.857603 0.844297 0.988107 0.887942 0.785165 0.555290 0.538683 0.958877 0.795587 0.622337 0.762635 0.902209 0.920012 0.983981 0.964908 0.739655 0.929831 0.703657 0.707152 0.943829 0.899382 0.884948 0.957708 0.584138 0.625128 0.402533 0.566080 0.904446 0.902909 0.996531 0.890032 0.878512 0.972388 0.929980 0.827633 0.833435 0.866897 0.806596 0.877623 0.873740 0.845463 0.813295 0.722263 0.971927 0.848044 0.707693 0.784142 0.917376 0.971082 0.707311 0.708200 0.720098 0.749689 0.843169 0.950818 0.784241 0.900663 0.772998 0.923160 0.662455 0.713971 0.827569 0.899898 0.849841 0.699741 0.862631 0.818807 0.985664 0.926982 0.898242 0.890628 0.802253 0.718815 0.676483 0.816204 0.976675 0.836442
0.976083 0.984863 0.934519 0.819583 0.989004 0.760069 0.663341 0.676885 0.880141 0.630882 0.755708 0.771056 0.803306 0.887237 0.830670 0.955518 0.904338 0.908186 0.854860 0.982323 0.990075 0.961877 0.715773 0.640361 0.554750 0.706672 0.000000 0.745746 0.911208 0.773668 0.864392 0.932403 0.908484 0.882145 0.687351 0.877171 0.893623 0.975404 0.915688 0.946213 0.772887 0.942572 0.798771 0.850613 0.726898 0.779409 0.833125 0.920709 0.718043 0.966777 0.843405 0.918505 0.820727 0.887355 0.866282 0.988908 0.980358 0.947323 0.855126 0.938537 0.700288 0.862487 0.714810 0.727187 0.672381 0.794510 0.993247 0.880423 0.885424 0.887770 0.929957 0.967785 0.835779 0.867705 0.941409 0.965131 0.951611 0.994311 0.956696 0.926622 0.948247 0.998026 0.731779 0.867925 0.670289 0.688046 0.946968 0.958482 0.908572 0.867866 0.757561 0.816042 0.892712 0.998673 0.874640 0.924248 0.853510 0.995190 0.789287 0.841865 0.696623 0.850871 0.933925 0.834234 0.849138 0.902806 0.927676 0.877624 0.885912 0.992506 0.970469 0.900792 0.743822 0.950288 0.987253 0.962236
0.876987 0.857308 0.904125 0.717750 0.894228 0.989561 0.788443 0.815624 0.936931 0.744153 0.713999 0.749040 0.955667 0.998623 0.773148 0.883587 0.857434 0.798450 0.864028 0.906817 0.893669 0.840872 0.720469 0.652305 0.657241 0.672027 0.745746 0.000000 0.824745 0.734520 0.720044 0.856092 0.860324 0.854119 0.724722 0.972274 0.938157 0.996158 0.907573 0.924733 0.937306 0.990079 0.959827 0.912249 0.678803 0.707170 0.942933 0.919275 0.683363 0.833987 0.859191 0.847758 0.931301 0.928464 0.776532 0.973896 0.940448 0.894512 0.925342 0.868225 0.787026 0.780674 0.785293 0.779134 0.715798 0.925197 0.948519 0.821160 0.983357 0.914489 0.938164 0.866106 0.946456 0.899644 0.841449 0.949450 0.971058 0.919766 0.934259 0.796908 0.896500 0.849866 0.783035 0.913410 0.809415 0.770543 0.830817 0.876196 0.868984 0.728981 0.911883 0.888255 0.955292 0.888840 0.849643 0.890168 0.969499 0.998747 0.863556 0.858302 0.963499 0.945093 0.981207 0.979194 0.963453 0.940215 0.905300 0.794972 0.982199 0.873409 0.907817 0.841414 0.760253 0.874968 0.997719 0.994999
0.510099 0.522618 0.835667 0.864010 0.847720 0.744078 0.765318 0.595856 0.882443 0.623784 0.435551 0.504330 0.721831 0.586582 0.883650 0.842146 0.389212 0.419955 0.529673 0.520132 0.798887 0.981818 0.717844 0.782584 0.686976 0.666156 0.911208 0.824745 0.000000 0.375019 0.979332 0.911877 0.706936 0.640009 0.756477 0.830479 0.970976 0.979415 0.947526 0.836758 0.953344 0.981422 0.612076 0.560163 0.522991 0.530935 0.761105 0.615935 0.562984 0.601280 0.722715 0.695341 0.858003 0.871342 0.837867 0.797673 0.476662 0.549819 0.785805 0.942174 0.731547 0.803353 0.575451 0.543801 0.659245 0.892805 0.932698 0.858146 0.759126 0.685228 0.984243 0.988410 0.825028 0.721331 0.939559 0.791668 0.781540 0.782059 0.757897 0.709026 0.595756 0.712652 0.905310 0.753762 0.762080 0.841086 0.886115 0.775904 0.814586 0.748242 0.712618 0.843782 0.917048 0.953329 0.775237 0.794798 0.892831 0.945874 0.585756 0.583426 0.711347 0.851105 0.633059 0.732167 0.976704 0.963663 0.820405 0.875396 0.994577 0.991399 0.675074 0.779606 0.677675 0.814493 0.803897 0.885000
0.473903 0.425916 0.664036 0.723904 0.860840 0.659699 0.789994 0.577941 0.962620 0.593192 0.462076 0.360376 0.693243 0.601525 0.985955 0.782383 0.391748 0.368614 0.533032 0.564750 0.916205 0.885960 0.631788 0.749738 0.628299 0.531346 0.773668 0.734520 0.375019 0.000000 0.880432 0.908701 0.657205 0.620395 0.652043 0.789670 0.908814 0.947404 0.954789 0.909783 0.986214 0.976291 0.640531 0.535626 0.503792 0.456477 0.866242 0.610852 0.518465 0.612476 0.713224 0.720811 0.872965 0.835687 0.769052 0.831111 0.431012 0.470259 0.768530 0.926251 0.717363 0.788434 0.510664 0.431350 0.506076 0.799565 0.947561 0.827679 0.723637 0.686698 0.949157 0.983719 0.840818 0.714644 0.989155 0.809595 0.852926 0.872714 0.688380 0.534587 0.514911 0.587550 0.875332 0.719824 0.678992 0.796761 0.923996 0.862754 0.773078 0.691946 0.686965 0.843602 0.897364 0.961077 0.794196 0.882889 0.785538 0.957673 0.580819 0.673170 0.665730 0.777548 0.623512 0.648391 0.927258 0.937174 0.791206 0.930716 0.936432 0.883164 0.763737 0.760417 0.710152 0.776248 0.877963 0.906863
0.909457 0.895428 0.544201 0.512371 0.888471 0.993034 0.873645 0.917991 0.779107 0.845306 0.945047 0.805628 0.941539 0.845033 0.821426 0.935411 0.895824 0.839269 0.907206 0.956374 0.875152 0.807287 0.575305 0.640630 0.602863 0.758925 0.864392 0.720044 0.979332 0.880432 0.000000 0.686374 0.773387 0.910356 0.710325 0.958433 0.820788 0.911082 0.688222 0.857892 0.862023 0.803973 0.866129 0.981081 0.879681 0.826668 0.963983 0.945827 0.750052 0.918052 0.990302 0.952967 0.914292 0.811199 0.853980 0.965550 0.889165 0.856386 0.951197 0.841275 0.951302 0.999353 0.793488 0.731154 0.534919 0.581626 0.828090 0.861754 0.982279 0.985712 0.649166 0.711700 0.790565 0.735411 0.792114 0.714696 0.776634 0.847927 0.997627 0.985368 0.923391 0.891399 0.883449 0.956633 0.709617 0.670603 0.843229 0.946849 0.750536 0.940440 0.963943 0.923365 0.843117 0.819948 0.852281 0.969616 0.945809 0.895131 0.962748 0.996808 0.920329 0.867409 0.927927 0.851150 0.902333 0.852074 0.994221 0.746914 0.967850 0.962918 0.967939 0.870407 0.894682 0.946424 0.907724 0.855356
0.747748 0.802744 0.698166 0.647799 0.796044 0.822880 0.700940 0.682117 0.737696 0.876471 0.820260 0.888396 0.783974 0.773611 0.799366 0.852656 0.840611 0.859864 0.647701 0.703935 0.927732 0.803907 0.867842 0.834926 0.859726 0.987297 0.932403 0.856092 0.911877 0.908701 0.686374 0.000000 0.641725 0.667585 0.846264 0.971608 0.744075 0.949800 0.736869 0.789414 0.834982 0.935847 0.711632 0.742315 0.796088 0.804742 0.708311 0.586319 0.914969 0.695354 0.750059 0.681841 0.782885 0.708989 0.821411 0.867962 0.755409 0.833751 0.593699 0.726045 0.669561 0.815629 0.801489 0.902061 0.819293 0.716290 0.622513 0.687491 0.989115 0.991171 0.741483 0.754449 0.862668 0.693059 0.951620 0.678596 0.624927 0.645532 0.836448 0.826590 0.903141 0.910651 0.809121 0.973848 0.897601 0.881788 0.990950 0.861020 0.948861 0.841325 0.652293 0.683020 0.751941 0.687377 0.858539 0.944262 0.877043 0.824584 0.801144 0.751733 0.887891 0.822765 0.846704 0.770964 0.806686 0.781030 0.914119 0.674377 0.975552 0.942917 0.776211 0.817974 0.923653 0.926957 0.910308 0.885940
0.602616 0.591491 0.804244 0.794764 0.720732 0.821215 0.614473 0.585022 0.752944 0.806107 0.650864 0.721285 0.807403 0.738739 0.965328 0.983976 0.638006 0.638455 0.505060 0.502789 0.921855 0.936119 0.892792 0.958190 0.990891 0.914023 0.908484 0.860324 0.706936 0.657205 0.773387 0.641725 0.000000 0.481587 0.937802 0.918227 0.779964 0.807173 0.877132 0.899948 0.797771 0.962771 0.610255 0.652186 0.599218 0.688394 0.739425 0.641501 0.840971 0.669848 0.723692 0.699412 0.772835 0.728809 0.984575 0.857502 0.590541 0.663716 0.491271 0.631021 0.551346 0.724434 0.629619 0.689342 0.978087 0.690886 0.478595 0.465772 0.754077 0.737057 0.727711 0.835164 0.692967 0.604530 0.869336 0.722264 0.668002 0.682370 0.709461 0.698210 0.661673 0.730927 0.937744 0.975839 0.943275 0.888082 0.908054 0.799213 0.845224 0.913871 0.662933 0.664080 0.781167 0.784321 0.821855 0.843028 0.774129 0.939583 0.680253 0.680567 0.729747 0.709720 0.672664 0.806948 0.835458 0.858134 0.953110 0.850080 0.907206 0.827990 0.776373 0.869091 0.807465 0.854381 0.912881 0.937869
0.567031 0.564493 0.944042 0.963293 0.790439 0.705551 0.526911 0.479917 0.770687 0.558313 0.479992 0.616224 0.716834 0.666404 0.970826 0.990255 0.575887 0.579884 0.441023 0.530696 0.981281 0.911241 0.817900 0.801815 0.721986 0.764974 0.882145 0.854119 0.640009 0.620395 0.910356 0.667585 0.481587 0.000000 0.919201 0.904343 0.852585 0.980733 0.912185 0.943094 0.956521 0.941963 0.639031 0.569423 0.430785 0.511911 0.733573 0.573422 0.627412 0.554470 0.603954 0.563636 0.789416 0.628439 0.967812 0.936108 0.549250 0.673990 0.526740 0.719516 0.469700 0.669748 0.547711 0.617244 0.844719 0.843766 0.527048 0.482385 0.769383 0.688653 0.774319 0.867753 0.713271 0.600920 0.876408 0.609420 0.643539 0.660890 0.822340 0.779097 0.746167 0.793870 0.991512 0.845473 0.912823 0.928627 0.928161 0.855788 0.859140 0.828257 0.537400 0.602355 0.735610 0.739072 0.805846 0.840100 0.772031 0.833908 0.538096 0.575825 0.604498 0.730345 0.711425 0.759922 0.874923 0.818077 0.819830 0.778897 0.955575 0.914514 0.778269 0.635964 0.589000 0.857915 0.913643 0.936249
0.884845 0.889173 0.767807 0.690123 0.936983 0.783642 0.871440 0.789162 0.956872 0.701639 0.746269 0.692657 0.730835 0.812773 0.883662 0.787437 0.806938 0.787033 0.908767 0.994880 0.818096 0.955531 0.607474 0.672731 0.596679 0.811608 0.687351 0.724722 0.756477 0.652043 0.710325 0.846264 0.937802 0.919201 0.000000 0.848769 0.854899 0.923272 0.979129 0.990119 0.896133 0.853978 0.816672 0.782084 0.740463 0.671754 0.862150 0.882357 0.656512 0.843577 0.830582 0.884244 0.822444 0.925665 0.709109 0.881847 0.860150 0.950888 0.991014 0.888163 0.864066 0.862471 0.808814 0.810944 0.643204 0.734194 0.779298 0.873238 0.943293 0.914694 0.915697 0.981249 0.850762 0.931952 0.992216 0.912148 0.913146 0.978734 0.910906 0.859333 0.999744 0.970894 0.941093 0.945359 0.631351 0.621066 0.979032 0.912086 0.886404 0.698381 0.887166 0.986356 0.953122 0.910138 0.905195 0.877080 0.924293 0.879611 0.737152 0.890594 0.681449 0.930799 0.858576 0.740338 0.877262 0.983579 0.910853 0.942199 0.964392 0.937487 0.949941 0.737134 0.625167 0.804951 0.967265 0.893420
0.847541 0.903331 0.886435 0.901124 0.747496 0.876358 0.963708 0.876632 0.782532 0.867603 0.866733 0.871420 0.873992 0.879549 0.920809 0.769084 0.862479 0.830984 0.911805 0.963039 0.862068 0.957836 0.776326 0.935618 0.839394 0.904299 0.877171 0.972274 0.830479 0.789670 0.958433 0.971608 0.918227 0.904343 0.848769 0.000000 0.979468 0.867767 0.928863 0.873448 0.795312 0.870483 0.773682 0.815588 0.943936 0.859927 0.978343 0.863783 0.842728 0.937041 0.965906 0.986516 0.946439 0.972390 0.857252 0.954851 0.838166 0.927247 0.988457 0.828423 0.963677 0.899005 0.945583 0.893744 0.863618 0.790714 0.739177 0.734455 0.973842 0.962988 0.916686 0.941623 0.862338 0.879796 0.877842 0.969645 0.958964 0.951217 0.923364 0.897078 0.955202 0.974334 0.914509 0.920196 0.750916 0.716158 0.970777 0.922078 0.960035 0.991738 0.833905 0.863843 0.959673 0.972090 0.986350 0.979409 0.895501 0.982761 0.764517 0.798674 0.757369 0.994292 0.770102 0.879843 0.843409 0.991330 0.918906 0.907362 0.953484 0.913074 0.991871 0.917300 0.974265 0.934557 0.868816 0.865120
0.906599 0.939135 0.823852 0.689489 0.984464 0.953996 0.917113 0.882010 0.668964 0.943463 0.976680 0.887820 0.925719 0.930865 0.953968 0.788167 0.897588 0.951644 0.920628 0.741929 0.967661 0.893678 0.877674 0.864592 0.818508 0.758792 0.893623 0.938157 0.970976 0.908814 0.820788 0.744075 0.779964 0.852585 0.854899 0.979468 0.000000 0.817257 0.858653 0.733847 0.710614 0.797761 0.933267 0.969995 0.972872 0.844857 0.866163 0.972313 0.986480 0.884175 0.750986 0.790833 0.782934 0.777815 0.836006 0.989762 0.899604 0.907752 0.697419 0.669672 0.847645 0.738594 0.917365 0.933231 0.781327 0.675757 0.925029 0.853043 0.785835 0.790836 0.985305 0.802897 0.750151 0.843385 0.963400 0.882880 0.893850 0.993542 0.846649 0.916246 0.853590 0.930970 0.884666 0.797454 0.919343 0.899601 0.876751 0.913879 0.812221 0.763939 0.982690 0.963269 0.956744 0.982762 0.766108 0.895946 0.998413 0.905412 0.985494 0.989648 0.979712 0.929643 0.955337 0.939153 0.994108 0.827149 0.989598 0.905700 0.789449 0.955681 0.973416 0.915166 0.937148 0.999381 0.980001 0.929173
0.921037 0.865757 0.971463 0.831838 0.877144 0.987280 0.937197 0.998980 0.812946 0.890711 0.787578 0.996447 0.695897 0.849621 0.741941 0.997935 0.884494 0.953380 0.927176 0.985330 0.983233 0.970917 0.869458 0.921121 0.754717 0.777766 0.975404 0.996158 0.979415 0.947404 0.911082 0.949800 0.807173 0.980733 0.923272 0.867767 0.817257 0.000000 0.875420 0.945090 0.794277 0.955278 0.990397 0.931394 0.976416 0.948585 0.912479 0.987525 0.974225 0.905971 0.918578 0.900805 0.896773 0.946929 0.954634 0.847176 0.919748 0.866641 0.860826 0.671537 0.991798 0.750635 0.877904 0.888775 0.859186 0.682356 0.919982 0.870341 0.767494 0.880796 0.930387 0.912276 0.862726 0.969974 0.780632 0.978799 0.952081 0.999960 0.841282 0.837508 0.830891 0.827314 0.929920 0.902771 0.943095 0.878147 0.919495 0.884083 0.887653 0.855963 0.875641 0.791792 0.978761 0.930226 0.983645 0.888276 0.948062 0.916435 0.948453 0.892950 0.983314 0.965053 0.894594 0.960533 0.761537 0.842744 0.978577 0.879628 0.977342 0.973675 0.898975 0.973475 0.975784 0.957447 0.869769 0.920017
