0.000000 0.358100 0.716993 0.929455 0.853624 0.892108 0.713899 0.936366 0.727903 0.951608 0.574423 0.463416 0.903342 0.762690 0.814038 0.922404 0.576887 0.585885 0.596210 0.428222 0.996919 0.890915 0.689617 0.982405 0.915880 0.809171 0.978059 0.970525 0.650568 0.859252 0.656250 0.669983 0.986587 0.821486 0.893972 0.782891 0.941508 0.807981 0.980841 0.943470 0.779562 0.759373 0.815659 0.934034 0.792082 0.883855 0.821918 0.845473 0.434683 0.456498 0.471905 0.542462 0.658188 0.928533 0.590438 0.481371 0.450563 0.381969 0.323070 0.337985 0.821177 0.554240 0.706644 0.564270 0.860421 0.988906 0.826427 0.850096 0.419916 0.474129 0.856499 0.944586 0.688714 0.727813 0.946510 0.854017 0.695622 0.929708 0.892313 0.810153 0.507065 0.497903 0.815043 0.709383 0.805937 0.873275 0.731269 0.997388 0.917620 0.597870 0.602242 0.532511 0.588702 0.592586 0.992344 0.897750 0.777350 0.959214 0.975735 0.937071 0.935907 0.831281 0.787866 0.674393 0.911381 0.988238 0.946815 0.958992 0.967248 0.850107 0.988428 0.943927 0.805662 0.988670 0.946668 0.893122
0.358100 0.000000 0.752858 0.765465 0.839450 0.816530 0.737787 0.775969 0.677872 0.898462 0.673455 0.407998 0.880629 0.680851 0.932217 0.754393 0.516093 0.504303 0.576181 0.411172 0.875586 0.921938 0.793416 0.933395 0.947376 0.867739 0.955687 0.966428 0.618951 0.759462 0.855812 0.809368 0.797891 0.649923 0.925609 0.751813 0.949780 0.754405 0.965072 0.960389 0.857317 0.805054 0.950403 0.786403 0.941002 0.730058 0.684664 0.647849 0.475687 0.458775 0.440373 0.505489 0.637911 0.881769 0.548980 0.533420 0.353726 0.283146 0.369377 0.407043 0.770035 0.497768 0.584247 0.420990 0.929514 0.921699 0.890428 0.981481 0.540021 0.415322 0.884711 0.804738 0.759288 0.777235 0.839389 0.863704 0.595662 0.803690 0.716008 0.697794 0.362775 0.411841 0.739539 0.593733 0.810380 0.830054 0.737723 0.947293 0.994951 0.626868 0.649405 0.560597 0.615507 0.606141 0.838064 0.816916 0.716425 0.873853 0.832128 0.872443 0.877164 0.918805 0.716380 0.692363 0.832683 0.891087 0.998090 0.995026 0.947105 0.800630 0.906153 0.970273 0.754062 0.870447 0.880446 0.857301
0.716993 0.752858 0.000000 0.617155 0.682023 0.985425 0.453396 0.956576 0.605592 0.988552 0.803450 0.667593 0.672093 0.936510 0.675239 0.970840 0.836863 0.778484 0.885107 0.754622 0.814934 0.962071 0.512816 0.696441 0.528924 0.473824 0.830907 0.927537 0.790971 0.785658 0.558142 0.717170 0.717884 0.888572 0.641349 0.718962 0.685299 0.890644 0.956101 0.978776 0.870959 0.954795 0.664840 0.816860 0.714910 0.895021 0.704752 0.788377 0.829569 0.816934 0.863370 0.883092 0.981008 0.823341 0.876048 0.794447 0.729032 0.691842 0.798630 0.657827 0.789041 0.774293 0.839881 0.657836 0.377781 0.637136 0.534923 0.588089 0.720969 0.654449 0.870958 0.979112 0.894209 0.897346 0.974554 0.969091 0.798499 0.988849 0.989339 0.979909 0.873078 0.947460 0.888618 0.948462 0.645008 0.634258 0.994698 0.755334 0.824130 0.967955 0.634439 0.679778 0.632015 0.664021 0.846858 0.932362 0.891922 1.000000 0.982631 0.926761 0.911040 0.773755 0.863057 0.902042 0.849824 0.925769 0.845848 0.803163 0.984889 0.852314 0.951985 0.908385 0.794666 0.936294 0.721107 0.857166
0.929455 0.765465 0.617155 0.000000 0.824677 0.729677 0.627625 0.554746 0.833666 0.893171 0.953736 0.772819 0.532457 0.604260 0.614533 0.658165 0.926620 0.956295 0.776628 0.869582 0.964806 0.996617 0.553106 0.527259 0.899666 0.768759 0.920546 0.839680 0.999448 0.952439 0.815917 0.897790 0.650693 0.751528 0.758849 0.972778 0.902547 0.893799 0.879830 0.933002 0.877185 0.963140 0.939618 0.854279 0.826820 0.777462 0.682406 0.648995 0.887492 0.790887 0.658321 0.631595 0.661105 0.597212 0.864056 0.888268 0.943687 0.850011 0.850952 0.875805 0.507919 0.674679 0.796975 0.777850 0.480457 0.404582 0.747823 0.596646 0.868747 0.935065 0.971294 0.879136 0.810220 0.761992 0.802256 0.920895 0.949285 0.829125 0.786316 0.847690 0.679985 0.697566 0.620781 0.760658 0.458113 0.455342 0.920862 0.662175 0.770701 0.691659 0.718857 0.930401 0.912196 0.960646 0.999325 0.853853 0.905925 0.981750 0.757870 0.699691 0.799061 0.682108 0.983604 0.953816 0.691886 0.802479 0.870918 0.987402 0.985327 0.995551 0.860368 0.883347 0.904495 0.939428 0.712300 0.942003
0.853624 0.839450 0.682023 0.824677 0.000000 0.919531 0.549242 0.746162 0.650168 0.970278 0.920066 0.983729 0.684099 0.941579 0.839908 0.950914 0.892573 0.998850 0.941915 0.956435 0.812635 0.795600 0.725825 0.851328 0.941683 0.899944 0.918230 0.989959 0.961867 0.980459 0.918543 0.942178 0.877882 0.808444 0.864901 0.813140 0.956976 0.900558 0.987047 0.900335 0.927954 0.995844 0.875435 0.952576 0.776379 0.999392 0.982435 0.984055 0.775407 0.687629 0.839437 0.818667 0.830099 0.914935 0.761788 0.800717 0.845291 0.759386 0.840993 0.856999 0.643079 0.916255 0.873800 0.959782 0.715260 0.618305 0.632813 0.641527 0.809244 0.786555 0.960448 0.913098 0.980149 0.992732 0.976014 0.851755 0.896040 0.961295 0.954092 0.998936 0.965829 0.943496 0.839419 0.808452 0.729952 0.669235 0.874391 0.794949 0.912087 0.954053 0.662110 0.782099 0.772017 0.802789 0.968277 0.991087 0.966015 0.891724 0.904001 0.795569 0.772579 0.756721 0.974503 0.942574 0.782458 0.917445 0.990282 0.947751 0.954342 0.933789 0.826353 0.976232 0.996032 0.969353 0.890176 0.996727
0.892108 0.816530 0.985425 0.729677 0.919531 0.000000 0.839920 0.565325 0.903071 0.718643 0.949473 0.752452 0.784649 0.716402 0.865661 0.619684 0.997414 0.938374 0.933569 0.887730 0.861933 0.888310 0.832012 0.888931 0.866929 0.972457 0.953109 0.772752 0.878612 0.958912 0.929826 0.964755 0.854258 0.774506 0.870718 0.921160 0.944435 0.898875 0.938049 0.902880 0.894406 0.873173 0.993989 0.873589 0.853450 0.785213 0.972086 0.760411 0.855919 0.941013 0.811759 0.782040 0.898850 0.834324 0.946356 0.919506 0.922311 0.925336 0.908170 0.846938 0.701921 0.647991 0.778349 0.740439 0.835715 0.688188 0.772794 0.776803 0.876668 0.980510 0.931112 0.835463 0.896241 0.764430 0.752945 0.845911 0.819687 0.719378 0.955747 0.904707 0.866359 0.911620 0.863837 0.998927 0.807930 0.779174 0.885597 0.859004 0.974208 0.882660 0.808422 0.958029 0.859078 0.951680 0.750013 0.899719 0.773867 0.894098 0.645181 0.734606 0.736117 0.874709 0.831250 0.931891 0.766443 0.999966 0.919591 0.809927 0.905428 0.976354 0.923934 0.874310 0.998792 0.885931 0.862886 0.997739
0.713899 0.737787 0.453396 0.627625 0.549242 0.839920 0.000000 0.590333 0.445206 0.722358 0.949500 0.898713 0.555166 0.928396 0.608318 0.860482 0.931221 0.895776 0.926877 0.807223 0.997391 0.899056 0.577206 0.849636 0.928887 0.792609 0.972583 0.873702 0.984244 0.999663 0.685575 0.758340 0.672619 0.747806 0.732162 0.755723 0.906515 0.969068 0.850289 0.890848 0.668315 0.809072 0.647011 0.704983 0.473553 0.708852 0.857162 0.789755 0.799874 0.673046 0.786572 0.766197 0.840168 0.981503 0.646560 0.701272 0.779655 0.654096 0.808431 0.664825 0.527682 0.971454 0.914986 0.868438 0.503614 0.506967 0.405548 0.443708 0.614902 0.614472 0.981960 0.954195 0.893014 0.870721 0.864686 0.975452 0.893799 0.984695 0.941894 0.904846 0.895904 0.884867 0.903376 0.979108 0.677082 0.677201 0.814234 0.713432 0.884884 0.860198 0.509134 0.572310 0.581945 0.521592 0.947196 0.884188 0.946848 0.942894 0.752532 0.645752 0.792348 0.570865 0.879767 0.990480 0.789121 0.959286 0.877006 0.960577 0.913528 0.914395 0.795447 0.712009 0.970280 0.984477 0.769967 0.984010
0.936366 0.775969 0.956576 0.554746 0.746162 0.565325 0.590333 0.000000 0.775507 0.513651 0.753765 0.577837 0.545218 0.607365 0.732850 0.577919 0.811813 0.783732 0.886640 0.780829 0.732176 0.880042 0.817712 0.888318 0.649082 0.776218 0.884335 0.952807 0.712477 0.709009 0.975842 0.948320 0.669810 0.609795 0.933174 0.950379 0.958340 0.928679 0.821803 0.853696 0.748540 0.981396 0.912534 0.759943 0.591432 0.583287 0.881280 0.679306 0.852173 0.930128 0.758034 0.785472 0.851051 0.838651 0.993088 0.982150 0.836588 0.841954 0.845797 0.877054 0.388266 0.424993 0.516897 0.534747 0.811969 0.536579 0.687203 0.577064 0.781224 0.978152 0.995985 0.812303 0.814131 0.774460 0.754778 0.948853 0.780493 0.834685 0.743921 0.971040 0.697277 0.848761 0.787441 0.868690 0.733084 0.750015 0.881227 0.758332 0.990102 0.965367 0.664046 0.849388 0.820021 0.805173 0.808883 0.841324 0.767063 0.829961 0.467394 0.527649 0.629719 0.664833 0.819425 0.827483 0.635792 0.832439 0.964586 0.827569 0.964494 0.867630 0.739771 0.671602 0.703892 0.909622 0.738384 0.831642
0.727903 0.677872 0.605592 0.833666 0.650168 0.903071 0.445206 0.775507 0.000000 0.846605 0.974004 0.765692 0.801129 0.882261 0.799367 0.935427 0.727314 0.697539 0.877249 0.688000 0.912224 0.966200 0.749968 0.971667 0.948269 0.801147 0.929151 0.891463 0.824038 0.795824 0.853968 0.978433 0.927443 0.951240 0.717092 0.871178 0.914467 0.979388 0.889892 0.934274 0.798245 0.775623 0.804590 0.940739 0.675524 0.871676 0.945182 0.983245 0.890718 0.787421 0.826853 0.892911 0.947843 0.890171 0.705543 0.884517 0.704093 0.628606 0.794719 0.767119 0.776008 0.941842 0.839856 0.699767 0.634361 0.691651 0.578836 0.670164 0.717453 0.536935 0.905596 0.748903 0.796261 0.854817 0.994388 0.974966 0.883952 0.920910 0.758058 0.687703 0.726304 0.766479 0.925768 0.905980 0.779085 0.811089 0.847669 0.856696 0.844598 0.931017 0.549739 0.500926 0.557248 0.529105 0.975075 0.912987 0.896260 0.960576 0.832943 0.820877 0.891282 0.748228 0.715911 0.987051 0.865319 0.896344 0.884514 0.994109 0.954391 0.689572 0.931789 0.968888 0.989001 0.897786 0.897884 0.987195
0.951608 0.898462 0.988552 0.893171 0.970278 0.718643 0.722358 0.513651 0.846605 0.000000 0.738441 0.811772 0.883773 0.937616 0.951068 0.860725 0.754647 0.802501 0.975602 0.837701 0.677709 0.986229 0.904369 0.801612 0.812611 0.773661 0.780200 0.855613 0.638473 0.593664 0.792194 0.843087 0.690018 0.690123 0.996309 0.977103 0.942757 0.820598 0.957775 0.971544 0.801887 0.977785 0.683775 0.530052 0.511066 0.475884 0.827790 0.687295 0.784841 0.922368 0.918861 0.991985 0.996508 0.904925 0.996339 0.971778 0.818068 0.943779 0.925687 0.995501 0.775644 0.762352 0.752869 0.776494 0.940609 0.980531 0.804065 0.825249 0.859511 0.916591 0.856129 0.700479 0.946577 0.993016 0.824710 0.912668 0.883168 0.851088 0.931435 0.943673 0.909782 0.955533 0.948390 0.978668 0.817612 0.799522 0.956347 0.998637 0.843162 0.817011 0.867720 0.856967 0.868967 0.781889 0.797164 0.840585 0.813439 0.756640 0.567184 0.662519 0.709980 0.763917 0.770992 0.757988 0.936840 0.984948 0.853617 0.899241 0.972338 0.916413 0.793303 0.679139 0.784642 0.796939 0.944190 0.828576
0.574423 0.673455 0.803450 0.953736 0.920066 0.949473 0.949500 0.753765 0.974004 0.738441 0.000000 0.570221 0.809613 0.865961 0.867857 0.984768 0.468361 0.556325 0.654827 0.546243 0.987220 0.942848 0.588965 0.682877 0.689206 0.706099 0.820996 0.898332 0.482788 0.606248 0.799083 0.833924 0.886826 0.743883 0.776173 0.716802 0.850811 0.937661 0.966154 0.945369 0.944977 0.854132 0.928064 0.825911 0.932092 0.796882 0.937975 0.927833 0.686609 0.782688 0.751223 0.887112 0.934213 0.977008 0.899580 0.795713 0.570395 0.681678 0.578412 0.696026 0.746034 0.711709 0.575896 0.659707 0.719811 0.916700 0.925575 0.946337 0.738797 0.663340 0.822652 0.963939 0.670306 0.684836 0.836157 0.890785 0.881878 0.988315 0.841049 0.824969 0.724116 0.789573 0.945588 0.888925 0.904831 0.900353 0.733887 0.883081 0.948262 0.957887 0.694962 0.726929 0.731039 0.840919 0.963379 0.857364 0.887281 0.993755 0.887943 0.805003 0.913547 0.944367 0.917809 0.650846 0.920145 0.891589 0.870886 0.932142 0.960874 0.876292 0.938627 0.940004 0.886593 0.903066 0.992724 0.846929
0.463416 0.407998 0.667593 0.772819 0.983729 0.752452 0.898713 0.577837 0.765692 0.811772 0.570221 0.000000 0.641081 0.428517 0.875554 0.558173 0.472585 0.477630 0.610007 0.391169 0.893163 0.965750 0.857869 0.927259 0.635690 0.635399 0.920309 0.973184 0.481676 0.561964 0.722573 0.875021 0.794231 0.596159 0.824359 0.722753 0.848640 0.902647 0.895649 0.969548 0.977437 0.888827 0.844728 0.839111 0.985057 0.720491 0.869532 0.775855 0.679516 0.645154 0.516845 0.643941 0.774184 0.972165 0.750389 0.710682 0.468206 0.440021 0.484107 0.496580 0.531490 0.343603 0.409027 0.294783 0.864926 0.786059 0.910878 0.940680 0.683823 0.549304 0.936479 0.802605 0.843056 0.871841 0.830528 0.817734 0.626235 0.806759 0.710243 0.708591 0.420173 0.467362 0.673952 0.714093 0.799848 0.817378 0.957567 0.869380 0.951299 0.817235 0.749790 0.563984 0.595556 0.629281 0.853487 0.825290 0.803144 0.862529 0.773069 0.776036 0.809475 0.987020 0.720166 0.739051 0.841329 0.968289 0.974714 0.892889 0.982095 0.790270 0.809495 0.853518 0.706467 0.816495 0.877516 0.746552
0.903342 0.880629 0.672093 0.532457 0.684099 0.784649 0.555166 0.545218 0.801129 0.883773 0.809613 0.641081 0.000000 0.430759 0.492187 0.528847 0.777893 0.839461 0.642436 0.765972 0.988807 0.976548 0.618503 0.636367 0.923927 0.974434 0.883295 0.957528 0.735120 0.800496 0.939403 0.893336 0.654801 0.632913 0.922378 0.976932 0.996896 0.935179 0.763615 0.947928 0.803823 0.904907 0.987697 0.882255 0.825751 0.832727 0.843695 0.813789 0.965394 0.992250 0.746035 0.862865 0.827166 0.778484 0.935141 0.907154 0.958382 0.970735 0.894192 0.954028 0.351321 0.657627 0.619531 0.725852 0.597039 0.486219 0.721419 0.601793 0.800006 0.952024 0.883970 0.957073 0.859183 0.894779 0.853628 0.886957 0.878814 0.916609 0.830388 0.919881 0.742732 0.755035 0.664026 0.876791 0.516010 0.571172 0.855586 0.704516 0.869630 0.940108 0.798211 0.924141 0.995812 0.981711 0.902198 0.975911 0.970357 0.963083 0.798871 0.766310 0.789748 0.801190 0.934168 0.947238 0.764407 0.916557 0.939541 0.969703 0.967852 0.978473 0.818001 0.776820 0.902506 0.952799 0.733482 0.865649
0.762690 0.680851 0.936510 0.604260 0.941579 0.716402 0.928396 0.607365 0.882261 0.937616 0.865961 0.428517 0.430759 0.000000 0.547255 0.396518 0.662754 0.678399 0.652560 0.591232 0.924469 0.999459 0.758031 0.641068 0.787417 0.793363 0.868299 0.900050 0.655217 0.685174 0.907483 0.962571 0.724067 0.659571 0.909619 0.850937 0.772488 0.924338 0.702782 0.976331 0.834736 0.893129 0.808556 0.960716 0.958412 0.863958 0.956972 0.812721 0.968648 0.823659 0.605290 0.727546 0.784943 0.793448 0.944169 0.991491 0.786366 0.727203 0.761941 0.731961 0.488346 0.556136 0.546964 0.497424 0.851640 0.616933 0.979354 0.857985 0.974363 0.811687 0.849653 0.863177 0.894158 0.889681 0.834858 0.845408 0.782575 0.833050 0.723997 0.765918 0.590674 0.615110 0.620490 0.872712 0.634156 0.662894 0.820422 0.811581 0.947242 0.902804 0.944103 0.645552 0.700120 0.673638 0.964327 0.940330 0.957498 0.987071 0.879400 0.831775 0.892971 0.958916 0.812136 0.962489 0.787828 0.936676 0.918904 0.950819 0.934785 0.916862 0.806316 0.857337 0.881143 0.924497 0.808105 0.862999
0.814038 0.932217 0.675239 0.614533 0.839908 0.865661 0.608318 0.732850 0.799367 0.951068 0.867857 0.875554 0.492187 0.547255 0.000000 0.518117 0.915346 0.915218 0.814883 0.955979 0.975471 0.950299 0.452281 0.610092 0.891162 0.860942 0.792559 0.952915 0.895174 0.891319 0.705833 0.646429 0.588971 0.735483 0.790383 0.940956 0.953244 0.935271 0.754449 0.838806 0.719350 0.810395 0.867247 0.850757 0.766828 0.861559 0.876724 0.791637 0.745449 0.790283 0.957476 0.915807 0.900084 0.931759 0.811036 0.733557 0.917650 0.913135 0.827493 0.801332 0.602601 0.889163 0.856086 0.909210 0.540051 0.527067 0.667421 0.579246 0.696702 0.843025 0.996585 0.809444 0.855527 0.873645 0.882887 0.961469 0.918365 0.956353 0.767678 0.920915 0.929361 0.872542 0.665295 0.909402 0.589007 0.587031 0.762958 0.753647 0.924267 0.948824 0.754926 0.939158 0.887798 0.915875 0.999960 0.942301 0.983793 0.972496 0.894171 0.722297 0.864507 0.819590 0.942084 0.905662 0.785467 0.900196 0.885850 0.917452 0.943232 0.942395 0.836956 0.756904 0.939626 0.961820 0.688788 0.864393
0.922404 0.754393 0.970840 0.658165 0.950914 0.619684 0.860482 0.577919 0.935427 0.860725 0.984768 0.558173 0.528847 0.396518 0.518117 0.000000 0.800722 0.740234 0.734647 0.701381 0.893666 0.930111 0.645808 0.621740 0.914760 0.956588 0.906053 0.974710 0.707512 0.756555 0.902760 0.808367 0.679076 0.634466 0.966648 0.912050 0.967844 0.989811 0.773962 0.963543 0.809886 0.861683 0.987103 0.842849 0.883144 0.772891 0.913767 0.753853 0.933752 0.972190 0.777610 0.846246 0.930467 0.900104 0.961412 0.867745 0.794378 0.831279 0.949060 0.902523 0.567458 0.592565 0.594356 0.533912 0.759520 0.572964 0.828646 0.663649 0.864203 0.867390 0.923416 0.717933 0.867592 0.799742 0.871084 0.882972 0.763997 0.775327 0.625154 0.832623 0.644181 0.660412 0.569557 0.898267 0.643790 0.638693 0.812861 0.680438 0.989437 0.936422 0.930626 0.856384 0.892618 0.887669 0.902754 0.900670 0.892683 0.849849 0.766409 0.763077 0.725981 0.907129 0.821450 0.982770 0.748629 0.834860 0.972944 0.949808 0.984723 0.873767 0.726844 0.785146 0.898177 0.906417 0.725270 0.903523
0.576887 0.516093 0.836863 0.926620 0.892573 0.997414 0.931221 0.811813 0.727314 0.754647 0.468361 0.472585 0.777893 0.662754 0.915346 0.800722 0.000000 0.326073 0.441063 0.386145 0.889420 0.874996 0.757046 0.862572 0.849840 0.773604 0.895161 0.901959 0.369404 0.420646 0.976996 0.890221 0.616255 0.551182 0.836865 0.736210 0.907939 0.850706 0.929995 0.960364 0.929382 0.788546 0.915629 0.641987 0.894620 0.669106 0.679041 0.672849 0.726039 0.730711 0.696460 0.880786 0.947674 0.974275 0.804906 0.856145 0.390568 0.465680 0.540403 0.715309 0.732789 0.690568 0.457343 0.469455 0.826607 0.976005 0.924388 0.962129 0.689505 0.438112 0.922306 0.740503 0.599664 0.605067 0.796342 0.870854 0.729390 0.904352 0.661669 0.582515 0.468317 0.528271 0.789961 0.755028 0.994455 0.990097 0.806483 0.965410 0.792978 0.953588 0.565371 0.514361 0.543918 0.631769 0.891786 0.814338 0.845591 0.915965 0.894913 0.884819 0.892268 0.963380 0.696140 0.643260 0.977216 0.935438 0.928430 0.849820 0.915465 0.728773 0.774138 0.783008 0.841964 0.799773 0.912359 0.777323
0.585885 0.504303 0.778484 0.956295 0.998850 0.938374 0.895776 0.783732 0.697539 0.802501 0.556325 0.477630 0.839461 0.678399 0.915218 0.740234 0.326073 0.000000 0.486198 0.399099 0.930068 0.948578 0.835916 0.899527 0.803172 0.770993 0.909109 0.839155 0.387668 0.414297 0.937077 0.812259 0.626606 0.510852 0.836818 0.812071 0.973095 0.828665 0.975893 0.977622 0.968461 0.770909 0.882973 0.633974 0.843203 0.678194 0.707118 0.655916 0.802639 0.828528 0.804590 0.950018 0.935273 0.811957 0.824299 0.855555 0.363009 0.457578 0.631618 0.737755 0.742326 0.659473 0.434147 0.410957 0.842742 0.978425 0.976114 0.887201 0.688060 0.393482 0.791709 0.669588 0.546502 0.595606 0.816223 0.807379 0.695458 0.802391 0.540918 0.542229 0.425385 0.522842 0.680641 0.696004 0.986241 0.932364 0.895409 0.989586 0.744366 0.962030 0.609342 0.515341 0.574746 0.613398 0.828733 0.835777 0.705033 0.753422 0.873260 0.847461 0.845372 0.977965 0.671919 0.642650 0.913957 0.966074 0.986675 0.879956 0.887186 0.625305 0.637164 0.797085 0.834245 0.781690 0.844382 0.848876
0.596210 0.576181 0.885107 0.776628 0.941915 0.933569 0.926877 0.886640 0.877249 0.975602 0.654827 0.610007 0.642436 0.652560 0.814883 0.734647 0.441063 0.486198 0.000000 0.499821 0.939921 0.955130 0.921405 0.854017 0.912867 0.920641 0.905924 0.978467 0.533356 0.638828 0.856113 0.833994 0.577709 0.532131 0.997112 0.923363 0.958043 0.772500 0.869269 0.974061 0.920529 0.883408 0.865070 0.689502 0.867980 0.732828 0.623922 0.643331 0.788395 0.769000 0.716152 0.853990 0.861976 0.893068 0.761281 0.942548 0.532926 0.615288 0.609402 0.768005 0.671600 0.784521 0.605521 0.663317 0.847049 0.837904 0.933057 0.861725 0.724011 0.561547 0.929497 0.837856 0.679427 0.662931 0.857572 0.841726 0.796390 0.846102 0.711764 0.608602 0.542882 0.554425 0.719432 0.716226 0.738858 0.729727 0.847346 0.862644 0.973586 0.861561 0.699914 0.615904 0.656655 0.715860 0.990480 0.874203 0.877819 0.846521 0.996722 0.910445 0.817142 0.928763 0.756543 0.731558 0.911797 0.989019 0.900737 0.774806 0.942361 0.884227 0.746915 0.924513 0.917012 0.919719 0.894343 0.995352
0.428222 0.411172 0.754622 0.869582 0.956435 0.887730 0.807223 0.780829 0.688000 0.837701 0.546243 0.391169 0.765972 0.591232 0.955979 0.701381 0.386145 0.399099 0.499821 0.000000 0.915945 0.941773 0.836571 0.939736 0.865985 0.740437 0.953432 0.938300 0.456581 0.570174 0.857131 0.968339 0.706495 0.625647 0.917990 0.714587 0.978913 0.835054 0.895328 0.977121 0.977512 0.784253 0.940549 0.793551 0.936784 0.766466 0.804356 0.733068 0.594862 0.559371 0.524734 0.670409 0.790785 0.914099 0.683776 0.710623 0.397559 0.380045 0.487432 0.489462 0.731394 0.563919 0.517765 0.433865 0.845312 0.967254 0.886941 0.995299 0.593698 0.408022 0.982715 0.784338 0.675763 0.737202 0.865281 0.834769 0.685499 0.794068 0.690543 0.623830 0.425507 0.474121 0.755507 0.699273 0.863665 0.887381 0.719975 0.984625 0.900091 0.784222 0.609245 0.506558 0.541904 0.551771 0.879559 0.900664 0.827901 0.919580 0.916720 0.880612 0.736844 0.886929 0.656106 0.726257 0.817983 0.983656 0.969125 0.981001 0.865154 0.796284 0.789063 0.917236 0.883331 0.814818 0.840144 0.785069
0.996919 0.875586 0.814934 0.964806 0.812635 0.861933 0.997391 0.732176 0.912224 0.677709 0.987220 0.893163 0.988807 0.924469 0.975471 0.893666 0.889420 0.930068 0.939921 0.915945 0.000000 0.981976 0.973010 0.952619 0.869415 0.759593 0.944458 0.880395 0.945966 0.898312 0.987074 0.978378 0.928528 0.913557 0.922366 0.951955 0.908139 0.956332 0.876646 0.998230 0.867359 0.950118 0.894801 0.868824 0.817511 0.764977 0.979542 0.793465 0.834606 0.866933 0.900896 0.921431 0.872040 0.946315 0.946637 0.967457 0.892766 0.874295 0.897887 0.901043 0.967024 0.825710 0.906004 0.825853 0.899207 0.940593 0.980707 0.973206 0.913958 0.923049 0.912373 0.831695 0.866319 0.893071 0.824934 0.806686 0.933954 0.988433 0.969026 0.965570 0.916726 0.995575 0.995922 0.950418 0.942850 0.854048 0.978504 0.998131 0.927948 0.943127 0.843312 0.924800 0.950075 0.963802 0.861077 0.854081 0.840666 0.943841 0.642369 0.835212 0.959211 0.859040 0.755615 0.842590 0.913720 0.882378 0.983272 0.885030 0.894157 0.942950 0.872437 0.744669 0.830754 0.853305 0.990465 0.927336
0.890915 0.921938 0.962071 0.996617 0.795600 0.888310 0.899056 0.880042 0.966200 0.986229 0.942848 0.965750 0.976548 0.999459 0.950299 0.930111 0.874996 0.948578 0.955130 0.941773 0.981976 0.000000 0.858163 0.985602 0.923582 0.986984 0.980117 0.934941 0.896820 0.935752 0.933684 0.988122 0.967463 0.946186 0.907642 0.930888 0.916305 0.762976 0.993517 0.761571 0.918656 0.950308 0.990711 0.985695 0.932892 0.955252 0.812829 0.996600 0.917666 0.837686 0.876423 0.896921 0.838473 0.922801 0.917296 0.933812 0.920549 0.905582 0.917373 0.954048 0.870666 0.897645 0.978213 0.984638 0.917037 0.821559 0.889397 0.945338 0.992903 0.977924 0.986281 0.946844 0.993413 0.905599 0.883352 0.879808 0.991884 0.982837 0.982726 0.940630 0.952887 0.922131 0.987174 0.990542 0.900827 0.859547 0.852700 0.929091 0.960767 0.969771 0.811543 0.921248 0.924657 0.948209 0.995237 0.944127 0.943307 0.964359 0.910429 0.878204 0.896193 0.804669 0.994857 0.909447 0.820382 0.874419 0.930167 0.949087 0.941412 0.934857 0.950107 0.959916 0.992888 0.919256 0.914948 0.942502
0.689617 0.793416 0.512816 0.553106 0.725825 0.832012 0.577206 0.817712 0.749968 0.904369 0.588965 0.857869 0.618503 0.758031 0.452281 0.645808 0.757046 0.835916 0.921405 0.836571 0.973010 0.858163 0.000000 0.427831 0.707067 0.600404 0.747645 0.940682 0.766638 0.795364 0.662714 0.673312 0.682350 0.861083 0.692344 0.668301 0.800542 0.996399 0.798894 0.917449 0.754642 0.810560 0.850767 0.974429 0.780771 0.964359 0.901555 0.798152 0.719435 0.753163 0.892460 0.944973 0.994765 0.840452 0.828100 0.744815 0.710494 0.737082 0.714204 0.747463 0.712351 0.983469 0.906513 0.877036 0.352057 0.454715 0.594989 0.515660 0.647846 0.694796 0.910922 0.876843 0.743276 0.712876 0.908939 0.988024 0.860067 0.862217 0.908587 0.985430 0.979532 0.986316 0.654292 0.999764 0.460231 0.487122 0.736080 0.578857 0.863271 0.878321 0.550478 0.748645 0.692863 0.825253 0.925683 0.997042 0.954636 0.942504 0.899464 0.760064 0.772924 0.762713 0.953156 0.759688 0.684908 0.785952 0.848178 0.927071 0.999483 0.942885 0.817842 0.831671 0.889992 0.994110 0.716184 0.904979
0.982405 0.933395 0.696441 0.527259 0.851328 0.888931 0.849636 0.888318 0.971667 0.801612 0.682877 0.927259 0.636367 0.641068 0.610092 0.621740 0.862572 0.899527 0.854017 0.939736 0.952619 0.985602 0.427831 0.000000 0.726436 0.752299 0.671196 0.872967 0.844175 0.796361 0.878529 0.842746 0.822206 0.904855 0.868407 0.791012 0.918090 0.907871 0.797002 0.990873 0.988567 0.923168 0.955809 0.937140 0.925726 0.963309 0.830879 0.834009 0.915280 0.930163 0.816110 0.783581 0.776881 0.797415 0.914640 0.973993 0.929499 0.974390 0.997462 0.912251 0.754236 0.860693 0.994756 0.943449 0.534684 0.559078 0.869028 0.754664 0.925486 0.911819 0.945225 0.894810 0.767326 0.744726 0.956060 0.925148 0.942973 0.916578 0.871894 0.848930 0.811792 0.753410 0.620684 0.843209 0.436853 0.467889 0.832708 0.535515 0.729411 0.681879 0.781610 0.979842 0.929730 0.955901 0.866440 0.993508 0.948457 0.894518 0.940376 0.881187 0.805013 0.919152 0.863869 0.811906 0.737426 0.734403 0.873734 0.960388 0.966164 0.987988 0.869337 0.984917 0.976120 0.917942 0.799577 0.833567
0.915880 0.947376 0.528924 0.899666 0.941683 0.866929 0.928887 0.649082 0.948269 0.812611 0.689206 0.635690 0.923927 0.787417 0.891162 0.914760 0.849840 0.803172 0.912867 0.865985 0.869415 0.923582 0.707067 0.726436 0.000000 0.431004 0.691144 0.916941 0.733930 0.653041 0.638854 0.854737 0.895448 0.967845 0.721198 0.828438 0.647114 0.803459 0.967271 0.865400 0.938596 0.984649 0.704999 0.862341 0.989617 0.994052 0.730033 0.809737 0.998716 0.972601 0.913701 0.964469 0.970263 0.903002 0.895729 0.960650 0.934813 0.907671 0.921103 0.862062 0.782122 0.642121 0.630910 0.617421 0.563820 0.946086 0.762774 0.882283 0.958736 0.943910 0.716690 0.917410 0.930592 0.969143 0.870391 0.936652 0.876847 0.986220 0.987642 0.986022 0.904282 0.948843 0.969988 0.987507 0.770726 0.784322 0.815563 0.889518 0.854062 0.856135 0.957492 0.889170 0.815720 0.928756 0.954326 0.926660 0.993385 0.959113 0.790532 0.853562 0.962218 0.968999 0.924366 0.918154 0.991502 0.978544 0.860362 0.767576 0.956609 0.878740 0.967177 0.963973 0.747108 0.959089 0.828891 0.774309
0.809171 0.867739 0.473824 0.768759 0.899944 0.972457 0.792609 0.776218 0.801147 0.773661 0.706099 0.635399 0.974434 0.793363 0.860942 0.956588 0.773604 0.770993 0.920641 0.740437 0.759593 0.986984 0.600404 0.752299 0.431004 0.000000 0.772629 0.834613 0.677812 0.599426 0.587853 0.838127 0.857518 0.989580 0.726409 0.772318 0.605303 0.857495 0.904247 0.921404 0.985385 0.944973 0.759288 0.928678 0.960884 0.912186 0.740717 0.860612 0.892439 0.902302 0.846138 0.989304 0.994740 0.858685 0.991395 0.954086 0.813619 0.804318 0.789175 0.765509 0.873742 0.664823 0.664950 0.634173 0.482929 0.771549 0.701063 0.737094 0.927057 0.796705 0.734728 0.979633 0.975118 0.970493 0.952191 0.938478 0.760879 0.931491 0.984880 0.988043 0.924556 0.969382 0.889754 0.926832 0.702227 0.625514 0.937462 0.805940 0.834217 0.795991 0.801827 0.746950 0.730607 0.817087 0.907673 0.966245 0.932122 0.949592 0.907255 0.957907 0.988209 0.882584 0.787387 0.857467 0.961071 0.805237 0.953431 0.805199 0.996702 0.828130 0.918670 0.980843 0.772305 0.945561 0.810577 0.831098
0.978059 0.955687 0.830907 0.920546 0.918230 0.953109 0.972583 0.884335 0.929151 0.780200 0.820996 0.920309 0.883295 0.868299 0.792559 0.906053 0.895161 0.909109 0.905924 0.953432 0.944458 0.980117 0.747645 0.671196 0.691144 0.772629 0.000000 0.835099 0.780687 0.883717 0.923087 0.939222 0.886906 0.936064 0.906674 0.956567 0.985446 0.888214 0.899552 0.997089 0.995444 0.939374 0.908475 0.842954 0.828830 0.845040 0.950051 0.996537 0.890694 0.944314 0.999555 0.961711 0.955685 0.933434 0.981351 0.970122 0.932480 0.981130 0.902639 0.984615 0.910093 0.885774 0.857600 0.892953 0.808112 0.912088 0.910262 0.900561 0.997842 0.963531 0.968511 0.888467 0.812606 0.895600 0.986946 0.962667 0.841010 0.917230 0.908493 0.915420 0.984885 0.882573 0.893333 0.940050 0.762731 0.745094 0.907031 0.745904 0.845368 0.919904 0.922369 0.947857 0.995196 0.990724 0.996824 0.969768 0.778208 0.845524 0.871189 0.988707 0.978719 0.915542 0.951754 0.944534 0.941586 0.833315 0.948782 0.821481 0.906825 0.966845 0.997836 0.891930 0.873839 0.999369 0.896813 0.949695
0.970525 0.966428 0.927537 0.839680 0.989959 0.772752 0.873702 0.952807 0.891463 0.855613 0.898332 0.973184 0.957528 0.900050 0.952915 0.974710 0.901959 0.839155 0.978467 0.938300 0.880395 0.934941 0.940682 0.872967 0.916941 0.834613 0.835099 0.000000 0.869984 0.873937 0.990146 0.832533 0.903969 0.910791 0.917625 0.972083 0.975521 0.928379 0.925985 0.850258 0.941676 0.982780 0.719272 0.779761 0.717139 0.800186 0.987722 0.927561 0.964075 0.844322 0.824449 0.752574 0.822351 0.666115 0.833487 0.910637 0.886199 0.997741 0.975993 0.913553 0.917648 0.978337 0.959740 0.953269 0.923696 0.961422 0.888873 0.863156 0.863015 0.957826 0.900194 0.938639 0.794994 0.868256 0.933894 0.999974 0.989530 0.967920 0.909104 0.983464 0.991752 0.997049 0.997341 0.972859 0.914683 0.881837 0.938031 0.993229 0.780854 0.890607 0.993589 0.939863 0.990465 0.911645 0.954868 0.979492 0.995226 0.907776 0.996324 0.896218 0.982260 0.951858 0.957668 0.786418 0.969174 0.959413 0.988216 0.932611 0.901991 0.992717 0.718224 0.907068 0.853141 0.800254 0.953095 0.964896
0.650568 0.618951 0.790971 0.999448 0.961867 0.878612 0.984244 0.712477 0.824038 0.638473 0.482788 0.481676 0.735120 0.655217 0.895174 0.707512 0.369404 0.387668 0.533356 0.456581 0.945966 0.896820 0.766638 0.844175 0.733930 0.677812 0.780687 0.869984 0.000000 0.373215 0.954367 0.843335 0.590933 0.530731 0.830399 0.723531 0.933648 0.893034 0.886438 0.987088 0.916117 0.837714 0.875752 0.636452 0.771545 0.582079 0.745091 0.712007 0.780612 0.827324 0.780615 0.954352 0.986871 0.945383 0.867905 0.950483 0.482831 0.601620 0.649914 0.766994 0.681907 0.665282 0.434299 0.483046 0.790275 0.952282 0.998200 0.908364 0.862739 0.561560 0.960639 0.779041 0.638622 0.663462 0.924958 0.829736 0.654082 0.909334 0.690233 0.682323 0.573209 0.718172 0.875344 0.903342 0.908552 0.891639 0.899498 0.942341 0.763346 0.880445 0.667363 0.636492 0.685160 0.754570 0.889189 0.843406 0.828699 0.818371 0.823913 0.871620 0.773781 0.980928 0.701430 0.661578 0.999966 0.932294 0.971074 0.920528 0.943234 0.721458 0.738469 0.770390 0.813615 0.802532 0.923780 0.845048
0.859252 0.759462 0.785658 0.952439 0.980459 0.958912 0.999663 0.709009 0.795824 0.593664 0.606248 0.561964 0.800496 0.685174 0.891319 0.756555 0.420646 0.414297 0.638828 0.570174 0.898312 0.935752 0.795364 0.796361 0.653041 0.599426 0.883717 0.873937 0.373215 0.000000 0.901171 0.778437 0.680330 0.524636 0.755810 0.757838 0.898629 0.932809 0.918158 0.960868 0.901931 0.888548 0.891800 0.666146 0.752830 0.631675 0.828320 0.792601 0.964588 0.976277 0.927466 0.892030 0.859644 0.870534 0.996486 0.896604 0.579002 0.713528 0.841236 0.949331 0.745588 0.750925 0.451376 0.509091 0.701024 0.883728 0.917235 0.948096 0.991914 0.625241 0.915104 0.703299 0.751036 0.722298 0.872428 0.866009 0.804164 0.868072 0.722382 0.676894 0.664129 0.799286 0.900715 0.890363 0.773440 0.810978 0.985688 0.963568 0.678258 0.737579 0.712806 0.635246 0.674595 0.777828 0.796181 0.822219 0.830661 0.748971 0.845552 0.950476 0.830147 0.976799 0.662079 0.729987 0.979590 0.906433 0.994722 0.907326 0.898558 0.633138 0.665421 0.771264 0.756942 0.780154 0.971714 0.789814
0.656250 0.855812 0.558142 0.815917 0.918543 0.929826 0.685575 0.975842 0.853968 0.792194 0.799083 0.722573 0.939403 0.907483 0.705833 0.902760 0.976996 0.937077 0.856113 0.857131 0.987074 0.933684 0.662714 0.878529 0.638854 0.587853 0.923087 0.990146 0.954367 0.901171 0.000000 0.518563 0.582934 0.729912 0.782320 0.826931 0.656913 0.785733 0.975945 0.979256 0.846664 0.877314 0.462451 0.588965 0.569619 0.740902 0.631053 0.617651 0.808746 0.746246 0.716685 0.725016 0.773615 0.996539 0.903581 0.665383 0.999151 0.853457 0.681689 0.616478 0.979928 0.718872 0.966295 0.849155 0.687398 0.921270 0.655699 0.636084 0.686901 0.908072 0.606690 0.700307 0.957108 0.958037 0.927045 0.953783 0.930147 0.858579 0.823427 0.849148 0.997310 0.967923 0.919119 0.986525 0.986439 0.895806 0.935440 0.839691 0.858531 0.888112 0.850239 0.811764 0.771013 0.793301 0.887255 0.849061 0.871613 0.773934 0.905354 0.895910 0.878373 0.793358 0.956109 0.996046 0.965568 0.839643 0.889396 0.831663 0.912803 0.940822 0.761505 0.824389 0.828422 0.926994 0.809939 0.837986
0.669983 0.809368 0.717170 0.897790 0.942178 0.964755 0.758340 0.948320 0.978433 0.843087 0.833924 0.875021 0.893336 0.962571 0.646429 0.808367 0.890221 0.812259 0.833994 0.968339 0.978378 0.988122 0.673312 0.842746 0.854737 0.838127 0.939222 0.832533 0.843335 0.778437 0.518563 0.000000 0.561256 0.744526 0.882706 0.955133 0.812896 0.930492 0.907531 0.957900 0.805921 0.989203 0.650417 0.730144 0.674432 0.804641 0.760841 0.755105 0.700340 0.725705 0.744189 0.685301 0.687523 0.878483 0.926125 0.679463 0.999170 0.902530 0.660402 0.651732 0.944039 0.819607 0.885643 0.991950 0.810395 0.908854 0.803826 0.689574 0.781588 0.985128 0.734349 0.649543 0.939133 0.969138 0.945661 0.979631 0.957171 0.883609 0.694255 0.697592 0.905821 0.948014 0.803992 0.921077 0.971866 0.888791 0.940048 0.810169 0.798655 0.806044 0.945015 0.890367 0.969768 0.903535 0.912152 0.986194 0.973501 0.771256 0.988439 0.952271 0.855602 0.830246 0.887258 0.925653 0.927725 0.839648 0.878539 0.851943 0.907259 0.865578 0.727640 0.795925 0.787776 0.862168 0.844590 0.930137
0.986587 0.797891 0.717884 0.650693 0.877882 0.854258 0.672619 0.669810 0.927443 0.690018 0.886826 0.794231 0.654801 0.724067 0.588971 0.679076 0.616255 0.626606 0.577709 0.706495 0.928528 0.967463 0.682350 0.822206 0.895448 0.857518 0.886906 0.903969 0.590933 0.680330 0.582934 0.561256 0.000000 0.489789 0.779685 0.935268 0.760919 0.913979 0.837461 0.903846 0.757868 0.890943 0.632997 0.553131 0.575556 0.591376 0.575193 0.545011 0.964615 0.990075 0.895316 0.963488 0.976961 0.871764 0.951743 0.892620 0.728506 0.811889 0.872266 0.990331 0.624444 0.828340 0.652020 0.728002 0.680550 0.686762 0.651687 0.528941 0.886075 0.866537 0.797077 0.692476 0.866949 0.958080 0.853878 0.879830 0.784445 0.806070 0.686976 0.686784 0.647844 0.775659 0.723676 0.866158 0.729330 0.746166 0.961756 0.788482 0.862422 0.941901 0.932292 0.981261 0.997622 0.986740 0.854864 0.863520 0.960051 0.824633 0.737746 0.670892 0.760798 0.755741 0.840892 0.840654 0.764415 0.880154 0.847909 0.846196 0.865393 0.833961 0.759017 0.713179 0.947230 0.824654 0.710042 0.970218
0.821486 0.649923 0.888572 0.751528 0.808444 0.774506 0.747806 0.609795 0.951240 0.690123 0.743883 0.596159 0.632913 0.659571 0.735483 0.634466 0.551182 0.510852 0.532131 0.625647 0.913557 0.946186 0.861083 0.904855 0.967845 0.989580 0.936064 0.910791 0.530731 0.524636 0.729912 0.744526 0.489789 0.000000 0.874491 0.942831 0.816964 0.787244 0.929245 0.917313 0.847204 0.933258 0.648671 0.504883 0.608559 0.552987 0.616378 0.552568 0.901012 0.981787 0.880401 0.989028 0.922608 0.928044 0.954588 0.940583 0.579759 0.726219 0.813244 0.914162 0.591125 0.681116 0.523517 0.583224 0.858316 0.738421 0.704038 0.601963 0.996539 0.777591 0.733058 0.652845 0.793468 0.783910 0.818631 0.877087 0.662313 0.705500 0.636510 0.760546 0.584906 0.683745 0.749101 0.796457 0.811584 0.764771 0.954224 0.811355 0.784042 0.939984 0.950221 0.825983 0.880266 0.932876 0.832561 0.763215 0.825418 0.743713 0.692307 0.741490 0.747319 0.904910 0.717678 0.783372 0.791493 0.909075 0.961140 0.826741 0.981462 0.700209 0.701569 0.635381 0.808506 0.840978 0.688694 0.971139
0.893972 0.925609 0.641349 0.758849 0.864901 0.870718 0.732162 0.933174 0.717092 0.996309 0.776173 0.824359 0.922378 0.909619 0.790383 0.966648 0.836865 0.836818 0.997112 0.917990 0.922366 0.907642 0.692344 0.868407 0.721198 0.726409 0.906674 0.917625 0.830399 0.755810 0.782320 0.882706 0.779685 0.874491 0.000000 0.822450 0.660814 0.932730 0.955113 0.849534 0.778284 0.904760 0.702847 0.769612 0.777781 0.849547 0.890252 0.824758 0.984943 0.950344 0.922945 0.980125 0.987924 0.860904 0.977484 0.929691 0.913583 0.897967 0.941472 0.879662 0.865442 0.975981 0.828167 0.809285 0.591034 0.660033 0.580409 0.608171 0.853610 0.771727 0.859330 0.990681 0.908006 0.930441 0.952145 0.956260 0.761534 0.928230 0.948180 0.811968 0.910038 0.949983 0.999702 0.992406 0.738030 0.736446 0.987018 0.969217 0.978266 0.911415 0.701474 0.701591 0.710216 0.704807 0.984624 0.991975 0.909861 0.890705 0.912766 0.933738 0.871746 0.862732 0.906912 0.978547 0.847792 0.946844 0.845840 0.961128 0.940089 0.926757 0.919176 0.954066 0.953169 0.896978 0.638920 0.940009
0.782891 0.751813 0.718962 0.972778 0.813140 0.921160 0.755723 0.950379 0.871178 0.977103 0.716802 0.722753 0.976932 0.850937 0.940956 0.912050 0.736210 0.812071 0.923363 0.714587 0.951955 0.930888 0.668301 0.791012 0.828438 0.772318 0.956567 0.972083 0.723531 0.757838 0.826931 0.955133 0.935268 0.942831 0.822450 0.000000 0.893163 0.941337 0.968373 0.879413 0.939485 0.888936 0.774578 0.868122 0.792337 0.969105 0.916476 0.964259 0.823959 0.714481 0.692100 0.733635 0.817590 0.849105 0.758383 0.832963 0.755089 0.679129 0.827500 0.725522 0.998291 0.831816 0.744545 0.707961 0.725525 0.839039 0.679142 0.784933 0.839147 0.799874 0.910504 0.984496 0.926779 0.906297 0.974485 0.906079 0.815774 0.946023 0.852195 0.993265 0.774167 0.816222 0.921626 0.878688 0.858105 0.866709 0.800513 0.820395 0.897961 0.991531 0.682135 0.740858 0.668173 0.744747 0.945261 0.908803 0.922997 0.811504 0.959132 0.880577 0.953352 0.915276 0.997286 0.794940 0.978914 0.987539 0.751867 0.959567 0.919057 0.996380 0.959313 0.865598 0.992810 0.925026 0.997221 0.821196
0.941508 0.949780 0.685299 0.902547 0.956976 0.944435 0.906515 0.958340 0.914467 0.942757 0.850811 0.848640 0.996896 0.772488 0.953244 0.967844 0.907939 0.973095 0.958043 0.978913 0.908139 0.916305 0.800542 0.918090 0.647114 0.605303 0.985446 0.975521 0.933648 0.898629 0.656913 0.812896 0.760919 0.816964 0.660814 0.893163 0.000000 0.760912 0.657933 0.922469 0.929763 0.886633 0.674042 0.770132 0.801100 0.796355 0.699283 0.743863 0.903582 0.938754 0.970205 0.972509 0.987480 0.934088 0.860269 0.928105 0.938384 0.979614 0.935160 0.913867 0.946505 0.944396 0.916664 0.927106 0.754118 0.951258 0.723298 0.670216 0.951190 0.973239 0.630808 0.817913 0.998109 0.997477 0.937677 0.939408 0.988340 0.732206 0.959807 0.988155 0.949427 0.950175 0.954608 0.860783 0.907523 0.912702 0.832058 0.828984 0.845444 0.856787 0.912069 0.823832 0.808111 0.914614 0.909910 0.865903 0.966368 0.799978 0.768282 0.953757 0.801503 0.979212 0.943255 0.949494 0.893697 0.820000 0.971810 0.937727 0.893803 0.892829 0.952792 0.935452 0.948695 0.936909 0.766381 0.987977
0.807981 0.754405 0.890644 0.893799 0.900558 0.898875 0.969068 0.928679 0.979388 0.820598 0.937661 0.902647 0.935179 0.924338 0.935271 0.989811 0.850706 0.828665 0.772500 0.835054 0.956332 0.762976 0.996399 0.907871 0.803459 0.857495 0.888214 0.928379 0.893034 0.932809 0.785733 0.930492 0.913979 0.787244 0.932730 0.941337 0.760912 0.000000 0.918672 0.994932 0.972496 0.865904 0.714915 0.761298 0.789556 0.678097 0.634461 0.605420 0.739571 0.772279 0.895744 0.849687 0.846915 0.991134 0.785647 0.865727 0.706377 0.712005 0.801178 0.862096 0.992633 0.854927 0.976512 0.872302 0.899367 0.999641 0.883539 0.920969 0.731119 0.835859 0.735501 0.692845 0.789787 0.829848 0.870064 0.916236 0.926854 0.802500 0.870149 0.865988 0.815270 0.742151 0.972179 0.782517 0.952785 0.906946 0.741164 0.897483 0.877280 0.861348 0.875147 0.975793 0.988224 0.980529 0.925704 0.730123 0.650205 0.752926 0.886047 0.846284 0.758928 0.929834 0.770463 0.629483 0.892085 0.702802 0.856072 0.922713 0.985658 0.921572 0.781245 0.961780 0.915243 0.857029 0.860283 0.889588
