0.000000 0.328283 0.786907 0.861678 0.787354 0.660711 0.705180 0.575508 0.729426 0.591320 0.440028 0.508942 0.734429 0.741128 0.997979 0.822604 0.339793 0.359140 0.491156 0.409517 0.913830 0.902630 0.676881 0.738112 0.728326 0.728940 0.925082 0.815114 0.527036 0.503222 0.894273 0.842066 0.593423 0.610022 0.860505 0.842139 0.878163 0.903708 0.996254 0.991548 0.763297 0.910948 0.654392 0.553237 0.521008 0.491012 0.764995 0.608648 0.489537 0.503783 0.638359 0.679027 0.775043 0.791129 0.845708 0.810428 0.308427 0.352874 0.517643 0.822703 0.509601 0.694237 0.479013 0.405483 0.656837 0.968594 0.751360 0.709600 0.706880 0.640422 0.787859 0.794883 0.844151 0.720644 0.919782 0.750095 0.621067 0.742841 0.777788 0.641837 0.437793 0.554744 0.886028 0.768559 0.822008 0.763639 0.898691 0.643469 0.820423 0.805572 0.624979 0.706734 0.780273 0.896711 0.809595 0.900339 0.658158 0.859052 0.473360 0.504717 0.673050 0.839609 0.473473 0.576102 0.880522 0.897897 0.884951 0.820501 0.880448 0.850475 0.687052 0.612998 0.732623 0.837800 0.836508 0.990965
0.328283 0.000000 0.709944 0.837101 0.791335 0.700976 0.784271 0.596305 0.856787 0.600604 0.500206 0.461256 0.846006 0.745921 0.916667 0.911486 0.367066 0.351937 0.517353 0.430464 0.910440 0.772207 0.660868 0.695191 0.735924 0.721015 0.961906 0.802880 0.532154 0.474066 0.932702 0.870484 0.556231 0.567239 0.874714 0.901149 0.905714 0.875695 0.987863 0.988013 0.775415 0.863078 0.679117 0.574575 0.519971 0.463644 0.831037 0.653743 0.521111 0.516002 0.682443 0.721355 0.859487 0.826005 0.831632 0.755506 0.270847 0.280552 0.590081 0.779790 0.593464 0.658597 0.568663 0.398866 0.654194 0.998188 0.714786 0.656732 0.744967 0.581409 0.724179 0.825031 0.807477 0.685382 0.881301 0.745750 0.635589 0.710655 0.697325 0.644925 0.428738 0.580119 0.938984 0.782028 0.774639 0.809916 0.809618 0.712346 0.744807 0.754218 0.645863 0.727260 0.782887 0.873684 0.789793 0.884121 0.659124 0.866206 0.527254 0.580756 0.650121 0.813660 0.475307 0.587227 0.943390 0.951898 0.973873 0.883695 0.904296 0.862595 0.690669 0.576594 0.690588 0.884037 0.872209 0.999296
0.786907 0.709944 0.000000 0.420560 0.928393 0.773275 0.675775 0.950245 0.763066 0.838231 0.813224 0.536704 0.987198 0.999387 0.730766 0.837030 0.795854 0.747479 0.873244 0.834550 0.952782 0.854307 0.472509 0.619397 0.586938 0.595805 0.892709 0.884849 0.884708 0.718932 0.537378 0.595353 0.784717 0.904998 0.739771 0.868531 0.865269 0.907056 0.789730 0.792560 0.935369 0.850078 0.759905 0.877200 0.935032 0.846928 0.729174 0.845490 0.757224 0.973345 0.960817 0.835517 0.957755 0.886282 0.799110 0.878840 0.744379 0.652511 0.948661 0.943892 0.965475 0.813353 0.813282 0.587326 0.378351 0.592362 0.714832 0.872745 0.848425 0.773785 0.958738 0.893677 0.949263 0.979127 0.943500 0.916606 0.834564 0.740175 0.952835 0.975767 0.711960 0.737149 0.998397 0.691069 0.666858 0.783277 0.981178 0.949750 0.855409 0.794990 0.947877 0.838380 0.971711 0.733145 0.958576 0.964374 0.776157 0.883215 0.967678 0.906934 0.828425 0.821050 0.854646 0.798676 0.789461 0.729190 0.893164 0.837634 0.928175 0.891004 0.978477 0.919246 0.962327 0.908760 0.916112 0.880984
0.861678 0.837101 0.420560 0.000000 0.896159 0.823510 0.817949 0.904782 0.754426 0.793489 0.766227 0.715031 0.953707 0.933350 0.835998 0.991503 0.801164 0.760105 0.948454 0.973086 0.998691 0.973781 0.536847 0.541879 0.552896 0.574450 0.820765 0.765773 0.891247 0.748186 0.574166 0.718412 0.877995 0.984220 0.707585 0.937346 0.688097 0.740633 0.779957 0.834253 0.883702 0.936350 0.909694 0.979715 0.769768 0.723645 0.859958 0.947520 0.669867 0.917047 0.966441 0.897289 0.971121 0.820832 0.745032 0.976168 0.825671 0.793253 0.849455 0.776951 0.990416 0.947738 0.828008 0.747363 0.466628 0.475681 0.770668 0.901840 0.993292 0.871465 0.851236 0.782033 0.877496 0.927287 0.942517 0.877128 0.820236 0.858613 0.875341 0.949801 0.876014 0.806669 0.987963 0.865906 0.758811 0.739291 0.887605 0.899496 0.831637 0.717541 0.929622 0.888389 0.889846 0.755425 0.905378 0.966818 0.909012 0.997954 0.897984 0.982247 0.920907 0.816370 0.892851 0.879306 0.779161 0.822853 0.898839 0.818773 0.834536 0.925487 0.995985 0.866281 0.829747 0.807086 0.991084 0.867683
0.787354 0.791335 0.928393 0.896159 0.000000 0.759815 0.912508 0.914534 0.959736 0.827470 0.740992 0.745677 0.847836 0.868450 0.923173 0.960919 0.866747 0.761372 0.762112 0.744302 0.871670 0.989373 0.983597 0.983104 0.901052 0.779154 0.963198 0.862987 0.845830 0.832239 0.987489 0.888361 0.796856 0.862422 0.952792 0.743345 0.960745 0.902876 0.859072 0.897622 0.931224 0.866377 0.992656 0.902560 0.845241 0.853419 0.915342 0.875574 0.981754 0.947422 0.995808 0.986479 0.969135 0.962576 0.836716 0.970190 0.822440 0.798370 0.992488 0.983577 0.879059 0.953906 0.832825 0.920913 0.847391 0.968739 0.799214 0.795486 0.987978 0.861361 0.927249 0.958358 0.861898 0.749978 0.977074 0.966100 0.921740 0.849863 0.903372 0.957433 0.767058 0.720274 0.996298 0.979496 0.945341 0.981738 0.965952 0.995883 0.880714 0.706559 0.951183 0.922877 0.990835 0.931362 0.982922 0.960770 0.899071 0.934429 0.899277 0.908894 0.960542 0.947531 0.944913 0.979274 0.954309 0.824319 0.803536 0.926242 0.947807 0.869801 0.828738 0.956069 0.895969 0.971080 0.950669 0.781761
0.660711 0.700976 0.773275 0.823510 0.759815 0.000000 0.728508 0.632609 0.733281 0.595466 0.619719 0.600035 0.743781 0.791830 0.955241 0.712988 0.709881 0.712039 0.753607 0.751497 0.971057 0.935254 0.728705 0.749291 0.710871 0.710585 0.772950 0.969012 0.739271 0.691439 0.949939 0.938375 0.900958 0.771571 0.790526 0.829775 0.975312 0.978937 0.974898 0.846987 0.936088 0.885251 0.862365 0.768931 0.708599 0.671213 0.932781 0.817434 0.728710 0.816476 0.876795 0.925898 0.842977 0.810474 0.787903 0.871758 0.683015 0.764493 0.804390 0.919912 0.679381 0.770235 0.716794 0.699442 0.648796 0.872737 0.916734 0.855237 0.953714 0.857113 0.842246 0.862546 0.901758 0.879578 0.892244 0.717257 0.816037 0.864548 0.834054 0.814883 0.861181 0.803089 0.976294 0.936347 0.767157 0.711671 0.900716 0.972793 0.884750 0.704897 0.735398 0.799764 0.763210 0.830645 0.901423 0.948688 0.680712 0.731528 0.589690 0.756209 0.679705 0.723233 0.805313 0.732858 0.874427 0.978002 0.704263 0.944627 0.878169 0.945673 0.782719 0.774887 0.762546 0.890526 0.991318 0.757039
0.705180 0.784271 0.675775 0.817949 0.912508 0.728508 0.000000 0.418949 0.580432 0.468592 0.525062 0.865240 0.656708 0.720347 0.857146 0.971251 0.691800 0.699602 0.427960 0.745658 0.877454 0.979857 0.988639 0.858602 0.737343 0.831793 0.691535 0.818317 0.682341 0.683558 0.834421 0.626284 0.594503 0.478215 0.878236 0.903946 0.922281 0.963604 0.911753 0.879714 0.930394 0.862262 0.477288 0.504021 0.438267 0.522251 0.599032 0.537798 0.637549 0.646428 0.612080 0.556455 0.708849 0.606590 0.882400 0.990522 0.741706 0.915625 0.532768 0.840343 0.510064 0.870789 0.587345 0.800951 0.932805 0.920153 0.533434 0.586393 0.973692 0.994122 0.769818 0.767010 0.947447 0.800769 0.993206 0.659735 0.592767 0.641123 0.765338 0.721274 0.931624 0.912361 0.927662 0.972437 0.957226 0.799010 0.847322 0.773429 0.951832 0.866599 0.444616 0.450820 0.635281 0.616624 0.794250 0.857566 0.790596 0.925184 0.471475 0.469695 0.685139 0.574767 0.730419 0.721610 0.895550 0.700294 0.720597 0.727761 0.919935 0.984728 0.695412 0.689230 0.589835 0.890235 0.918069 0.941130
0.575508 0.596305 0.950245 0.904782 0.914534 0.632609 0.418949 0.000000 0.594986 0.418352 0.462869 0.520265 0.598117 0.553602 0.986346 0.814244 0.613064 0.653770 0.450221 0.650056 0.750781 0.864946 0.725600 0.641761 0.604426 0.734242 0.681567 0.761475 0.598737 0.539885 0.979676 0.812195 0.677429 0.581523 0.764131 0.836836 0.875185 0.951365 0.932418 0.972697 0.985576 0.980895 0.593710 0.550649 0.507296 0.527404 0.803750 0.606384 0.560597 0.645643 0.572846 0.628653 0.677086 0.540600 0.796183 0.917792 0.623366 0.736909 0.535987 0.603756 0.394727 0.495589 0.600652 0.549565 0.733735 0.908453 0.787307 0.664773 0.918510 0.873478 0.725845 0.845793 0.875544 0.807768 0.991448 0.771302 0.629080 0.804025 0.826819 0.727352 0.866495 0.966512 0.846962 0.923265 0.585932 0.528165 0.787422 0.659336 0.883978 0.800428 0.390589 0.475559 0.658568 0.668273 0.710259 0.920802 0.706817 0.763739 0.461990 0.534597 0.540010 0.490197 0.638731 0.579099 0.974196 0.759066 0.804088 0.812584 0.905105 0.934030 0.728574 0.634133 0.620390 0.765030 0.897255 0.999134
0.729426 0.856787 0.763066 0.754426 0.959736 0.733281 0.580432 0.594986 0.000000 0.690549 0.782630 0.859995 0.846021 0.855273 0.895063 0.688591 0.742943 0.815252 0.702004 0.819910 0.896122 0.877259 0.977557 0.978644 0.976323 0.901591 0.930285 0.935568 0.847160 0.889915 0.822297 0.781610 0.826564 0.803190 0.946818 0.748686 0.653580 0.786615 0.871057 0.837843 0.884382 0.955787 0.655742 0.694493 0.746493 0.810735 0.683161 0.691379 0.754272 0.671835 0.590569 0.632208 0.620219 0.596055 0.942504 0.979980 0.772512 0.868578 0.619162 0.681396 0.618555 0.735092 0.889315 0.806439 0.895448 0.789886 0.873502 0.962716 0.843784 0.874320 0.758307 0.717410 0.922148 0.831287 0.871348 0.824864 0.688448 0.858991 0.888063 0.876577 0.911183 0.974376 0.923034 0.920399 0.892821 0.786383 0.843843 0.852237 0.924545 0.917587 0.618938 0.692202 0.734031 0.781116 0.868864 0.990402 0.803434 0.933017 0.645724 0.660946 0.769085 0.800127 0.697733 0.793671 0.914952 0.690507 0.729453 0.743847 0.946966 0.990427 0.857289 0.796891 0.873099 0.951260 0.829636 0.897665
0.591320 0.600604 0.838231 0.793489 0.827470 0.595466 0.468592 0.418352 0.690549 0.000000 0.427534 0.583841 0.632025 0.668299 0.996459 0.848501 0.555089 0.540820 0.486696 0.650488 0.772058 0.869964 0.628369 0.566650 0.452615 0.520126 0.678740 0.775602 0.580273 0.503017 0.883806 0.869715 0.835536 0.568100 0.693884 0.828199 0.971695 0.919040 0.920872 0.890048 0.916623 0.950469 0.557594 0.507681 0.402746 0.402008 0.796142 0.596554 0.427681 0.624337 0.611771 0.742006 0.810465 0.758596 0.707470 0.994611 0.575019 0.719879 0.668774 0.897603 0.570996 0.768900 0.527477 0.550642 0.512113 0.717434 0.834108 0.825478 0.975536 0.919010 0.720905 0.782690 0.998109 0.797876 0.947064 0.756820 0.640849 0.829186 0.853770 0.791941 0.800946 0.851573 0.839819 0.911744 0.602306 0.519929 0.872359 0.814649 0.768452 0.631163 0.406230 0.497781 0.669390 0.786007 0.760318 0.970548 0.733338 0.771746 0.431253 0.482176 0.558330 0.679232 0.540468 0.498872 0.951241 0.911556 0.837826 0.800203 0.944560 0.992528 0.742046 0.504566 0.591559 0.795370 0.956528 0.818070
0.440028 0.500206 0.813224 0.766227 0.740992 0.619719 0.525062 0.462869 0.782630 0.427534 0.000000 0.486394 0.570452 0.586789 0.947923 0.879213 0.439780 0.409605 0.460881 0.488539 0.824858 0.917024 0.607018 0.586319 0.492226 0.541446 0.750451 0.676793 0.434011 0.404497 0.901216 0.855881 0.677060 0.526588 0.730379 0.854730 0.980903 0.829144 0.996333 0.998025 0.963705 0.976197 0.659451 0.535418 0.404959 0.392653 0.785762 0.571826 0.418003 0.529452 0.622994 0.636569 0.761823 0.751147 0.750369 0.928253 0.475041 0.548549 0.578609 0.830554 0.462999 0.722814 0.443839 0.497276 0.532026 0.833074 0.783349 0.721849 0.865944 0.741895 0.820218 0.929438 0.877608 0.703780 0.985520 0.749676 0.747990 0.762670 0.896578 0.683916 0.648017 0.642806 0.995118 0.833169 0.733692 0.674870 0.842999 0.763074 0.795632 0.614865 0.528855 0.595695 0.800084 0.861104 0.814719 0.927910 0.756931 0.870171 0.458927 0.471467 0.637434 0.742380 0.680503 0.651977 0.907308 0.914848 0.796344 0.876467 0.980332 0.892582 0.722313 0.624552 0.545178 0.841638 0.932970 0.929841
0.508942 0.461256 0.536704 0.715031 0.745677 0.600035 0.865240 0.520265 0.859995 0.583841 0.486394 0.000000 0.722162 0.617360 0.825042 0.652786 0.540912 0.519855 0.715626 0.555464 0.851871 0.807193 0.470921 0.573678 0.500696 0.559416 0.753514 0.716856 0.588387 0.461244 0.719974 0.892827 0.852232 0.776032 0.681981 0.863181 0.874307 0.977643 0.989955 0.917312 0.826181 0.894008 0.931928 0.791386 0.645780 0.607522 0.995667 0.752839 0.543880 0.708224 0.684248 0.809843 0.766530 0.751672 0.717580 0.888727 0.505039 0.484805 0.690027 0.671587 0.530843 0.465121 0.592639 0.356799 0.450983 0.893687 0.946192 0.839365 0.707649 0.602233 0.921960 0.995271 0.816243 0.745729 0.938580 0.904490 0.861359 0.973289 0.863197 0.804026 0.605647 0.688560 0.954406 0.629070 0.547358 0.607364 0.815359 0.787993 0.875986 0.709822 0.690226 0.852364 0.886628 0.993935 0.698569 0.916489 0.704752 0.830795 0.652585 0.776644 0.620196 0.842066 0.708524 0.633883 0.819824 0.961274 0.875340 0.983645 0.998796 0.794214 0.753054 0.773550 0.750288 0.784749 0.896407 0.894271
0.734429 0.846006 0.987198 0.953707 0.847836 0.743781 0.656708 0.598117 0.846021 0.632025 0.570452 0.722162 0.000000 0.500327 0.753937 0.729749 0.787645 0.767841 0.694464 0.809394 0.864665 0.977989 0.786507 0.834653 0.690306 0.686474 0.791356 0.829657 0.734834 0.653733 0.902709 0.907802 0.912557 0.827739 0.684917 0.917055 0.868450 0.761205 0.854550 0.978258 0.825917 0.915573 0.736432 0.638159 0.765901 0.690820 0.752492 0.729126 0.789967 0.840701 0.889554 0.943015 0.928693 0.911950 0.766069 0.962943 0.816653 0.909802 0.805806 0.958167 0.688114 0.898297 0.591904 0.774641 0.752541 0.762067 0.950608 0.979399 0.942476 0.974910 0.759900 0.812500 0.989649 0.919150 0.959947 0.790791 0.803793 0.863536 0.955544 0.907136 0.991770 0.970634 0.977082 0.974279 0.831046 0.727431 0.944000 0.861230 0.986552 0.762817 0.578492 0.653809 0.759580 0.787284 0.788696 0.839422 0.830937 0.859384 0.631649 0.638467 0.736551 0.746105 0.809080 0.718484 0.889043 0.957020 0.882550 0.868421 0.943705 0.909377 0.720510 0.834807 0.726385 0.794706 0.955559 0.955495
0.741128 0.745921 0.999387 0.933350 0.868450 0.791830 0.720347 0.553602 0.855273 0.668299 0.586789 0.617360 0.500327 0.000000 0.816885 0.705736 0.698678 0.672639 0.580731 0.673919 0.711476 0.930862 0.863130 0.902833 0.800737 0.751879 0.925636 0.823086 0.529433 0.549312 0.926946 0.861650 0.804360 0.738697 0.777622 0.900542 0.948924 0.897984 0.966219 0.982051 0.967331 0.974767 0.694242 0.619930 0.743653 0.688386 0.821165 0.651378 0.749343 0.804766 0.891188 0.867549 0.926299 0.901022 0.780556 0.980234 0.770127 0.830445 0.880445 0.920760 0.811281 0.825216 0.703623 0.767191 0.831031 0.986122 0.963771 0.947986 0.979235 0.867104 0.832420 0.960398 0.973256 0.823068 0.951967 0.727767 0.781836 0.912437 0.929104 0.802690 0.913595 0.960659 0.961762 0.989431 0.763398 0.776454 0.891444 0.849103 0.844510 0.700796 0.649153 0.781806 0.966824 0.898763 0.798366 0.768088 0.950875 0.818876 0.691581 0.701404 0.701918 0.738039 0.867649 0.791070 0.871920 0.931739 0.869125 0.902724 0.949858 0.832649 0.806712 0.811280 0.651161 0.940128 0.899321 0.996536
0.997979 0.916667 0.730766 0.835998 0.923173 0.955241 0.857146 0.986346 0.895063 0.996459 0.947923 0.825042 0.753937 0.816885 0.000000 0.700319 0.955634 0.988730 0.907644 0.974838 0.793625 0.862546 0.773340 0.705416 0.815618 0.857520 0.806100 0.779610 0.835409 0.957028 0.846574 0.774042 0.949521 0.969388 0.892733 0.899460 0.908330 0.776812 0.877817 0.883368 0.962710 0.954018 0.696186 0.725452 0.979616 0.930659 0.631369 0.752687 0.955770 0.981448 0.951394 0.950795 0.987560 0.879312 0.956616 0.887205 0.990285 0.931609 0.954185 0.710620 0.893220 0.731121 0.974102 0.835577 0.748694 0.978951 0.948785 0.789117 0.913523 0.873187 0.950362 0.917151 0.781252 0.814051 0.921378 0.969603 0.885808 0.899537 0.967914 0.967752 0.947435 0.868551 0.840777 0.872801 0.787593 0.934721 0.918494 0.926418 0.949608 0.970407 0.960880 0.939586 0.969056 0.998470 0.951856 0.979229 0.924912 0.971917 0.884983 0.796798 0.865430 0.989712 0.996559 0.949570 0.968447 0.995695 0.869456 0.736078 0.912583 0.943175 0.807778 0.893040 0.941025 0.987950 0.947745 0.970633
0.822604 0.911486 0.837030 0.991503 0.960919 0.712988 0.971251 0.814244 0.688591 0.848501 0.879213 0.652786 0.729749 0.705736 0.700319 0.000000 0.866515 0.910398 0.971744 0.819337 0.864472 0.977172 0.889862 0.937685 0.955478 0.998023 0.999332 0.961936 0.825292 0.800629 0.962085 0.986171 0.842013 0.916218 0.782814 0.738009 0.778572 0.971334 0.935010 0.884076 0.857123 0.895230 0.900519 0.897673 0.959512 0.899359 0.843594 0.826774 0.769590 0.902412 0.793144 0.910241 0.751952 0.874102 0.875155 0.970689 0.905617 0.882762 0.895215 0.960182 0.883098 0.812353 0.924714 0.786096 0.867486 0.934748 0.686083 0.765504 0.862171 0.910766 0.982564 0.909075 0.937493 0.994955 0.941550 0.944900 0.979808 0.873356 0.982742 0.982093 0.849983 0.909124 0.830675 0.726213 0.916375 0.865610 0.939086 0.998423 0.883530 0.937764 0.904281 0.911128 0.992416 0.850758 0.839993 0.960764 0.953969 0.816985 0.870635 0.965107 0.879320 0.982573 0.919963 0.838493 0.863969 0.875388 0.752190 0.948747 0.910438 0.958018 0.919926 0.992471 0.996566 0.988185 0.933968 0.921126
0.339793 0.367066 0.795854 0.801164 0.866747 0.709881 0.691800 0.613064 0.742943 0.555089 0.439780 0.540912 0.787645 0.698678 0.955634 0.866515 0.000000 0.277038 0.455016 0.449544 0.959449 0.904281 0.718568 0.688519 0.711492 0.702423 0.886459 0.826038 0.364153 0.392903 0.971915 0.823432 0.568066 0.529556 0.817050 0.856044 0.860495 0.926095 0.941145 0.889377 0.791281 0.957145 0.564418 0.518987 0.466265 0.479173 0.740616 0.569562 0.460890 0.486972 0.599983 0.651172 0.813078 0.825315 0.765683 0.829167 0.291370 0.376854 0.597137 0.872612 0.613742 0.801364 0.530276 0.442804 0.656408 0.943993 0.775634 0.742623 0.699755 0.624308 0.842650 0.807118 0.811843 0.741603 0.862584 0.692562 0.676779 0.791941 0.706603 0.565645 0.419441 0.582433 0.908293 0.769959 0.814236 0.819537 0.819192 0.688746 0.731400 0.790130 0.656912 0.769798 0.836815 0.990699 0.790724 0.881862 0.737119 0.949530 0.496667 0.465073 0.673210 0.867872 0.505313 0.669632 0.977854 0.977721 0.882771 0.855549 0.911732 0.866068 0.648778 0.618534 0.657292 0.878042 0.812948 0.938730
0.359140 0.351937 0.747479 0.760105 0.761372 0.712039 0.699602 0.653770 0.815252 0.540820 0.409605 0.519855 0.767841 0.672639 0.988730 0.910398 0.277038 0.000000 0.449810 0.430682 0.923443 0.934356 0.678968 0.693743 0.656172 0.632319 0.915757 0.791644 0.383441 0.368096 0.952635 0.825017 0.583316 0.520068 0.795276 0.832876 0.919940 0.998959 0.977047 0.973217 0.839101 0.960150 0.588392 0.514549 0.435862 0.421205 0.751869 0.533819 0.447367 0.463379 0.652539 0.654704 0.860889 0.881279 0.747763 0.879208 0.286329 0.380286 0.680197 0.958643 0.646175 0.844675 0.507810 0.470626 0.615892 0.889934 0.758493 0.745517 0.748611 0.604713 0.846627 0.878149 0.892611 0.718178 0.917718 0.733949 0.681967 0.734049 0.706034 0.625562 0.433788 0.562976 0.970560 0.779281 0.809801 0.798404 0.844899 0.719765 0.668995 0.749208 0.679940 0.773977 0.855173 0.946291 0.775516 0.848518 0.745244 0.980769 0.510528 0.489848 0.683173 0.913985 0.498998 0.688305 0.999585 0.998947 0.895781 0.873711 0.883384 0.912117 0.693836 0.589457 0.596108 0.872876 0.816740 0.911674
0.491156 0.517353 0.873244 0.948454 0.762112 0.753607 0.427960 0.450221 0.702004 0.486696 0.460881 0.715626 0.694464 0.580731 0.907644 0.971744 0.455016 0.449810 0.000000 0.527886 0.869788 0.986841 0.914866 0.781047 0.771757 0.732201 0.815384 0.820675 0.504011 0.496373 0.884604 0.624186 0.476006 0.428318 0.906559 0.888390 0.946771 0.973603 0.946880 0.901039 0.966897 0.967720 0.440433 0.415768 0.419172 0.432722 0.720551 0.464720 0.558980 0.512336 0.670560 0.589530 0.797180 0.769097 0.885110 0.863119 0.498224 0.633780 0.588090 0.855085 0.578297 0.906367 0.534215 0.648202 0.857814 0.978930 0.544857 0.579455 0.917424 0.834194 0.741448 0.886753 0.924127 0.806767 0.945911 0.690817 0.589255 0.613793 0.671594 0.654811 0.687800 0.772065 0.974222 0.936299 0.890182 0.782362 0.847780 0.711680 0.824171 0.805167 0.510065 0.530326 0.723578 0.763898 0.849310 0.835625 0.749599 0.911708 0.427255 0.391883 0.632618 0.655032 0.597273 0.718945 0.902337 0.849150 0.758495 0.882835 0.872590 0.926840 0.732040 0.587718 0.589698 0.896835 0.829016 0.910821
0.409517 0.430464 0.834550 0.973086 0.744302 0.751497 0.745658 0.650056 0.819910 0.650488 0.488539 0.555464 0.809394 0.673919 0.974838 0.819337 0.449544 0.430682 0.527886 0.000000 0.866695 0.900708 0.784116 0.880852 0.812222 0.729533 0.992620 0.827542 0.508915 0.553456 0.997735 0.809625 0.559903 0.606594 0.963428 0.930344 0.728765 0.917294 0.993109 0.938628 0.716777 0.790708 0.732459 0.643485 0.611183 0.625616 0.760627 0.617961 0.630723 0.584843 0.742350 0.740700 0.825678 0.893467 0.914461 0.912962 0.444094 0.423795 0.565687 0.773390 0.632908 0.758149 0.577169 0.527749 0.726684 0.984278 0.760186 0.743940 0.665027 0.608244 0.782584 0.871992 0.713234 0.638387 0.995939 0.869103 0.710702 0.792871 0.757346 0.686298 0.463158 0.542482 0.895276 0.741769 0.905528 0.899712 0.883032 0.744830 0.805831 0.825970 0.689873 0.714906 0.799862 0.965304 0.763747 0.840832 0.846289 0.931152 0.617405 0.600373 0.779771 0.949826 0.684013 0.652748 0.923680 0.975753 0.881760 0.864659 0.979373 0.907437 0.759900 0.723631 0.776065 0.896127 0.942423 0.946730
0.913830 0.910440 0.952782 0.998691 0.871670 0.971057 0.877454 0.750781 0.896122 0.772058 0.824858 0.851871 0.864665 0.711476 0.793625 0.864472 0.959449 0.923443 0.869788 0.866695 0.000000 0.967952 0.824868 0.838083 0.861940 0.888448 0.932552 0.951287 0.785930 0.839623 0.964297 0.990203 0.938923 0.984884 0.790727 0.829751 0.955786 0.993562 0.993845 0.858893 0.935749 0.990522 0.859781 0.916870 0.902340 0.873155 0.813932 0.944701 0.816176 0.904817 0.987792 0.953253 0.953839 0.976470 0.943882 0.840869 0.938519 0.966843 0.928329 0.946175 0.891130 0.795449 0.975323 0.841656 0.930541 0.974246 0.812590 0.905343 0.975719 0.914918 0.985090 0.922771 0.711760 0.910479 0.800319 0.903775 0.878429 0.916601 0.974066 0.993526 0.908393 0.879180 0.972504 0.967325 0.713321 0.658177 0.930622 0.869256 0.989644 0.932703 0.886598 0.843476 0.983739 0.969205 0.839984 0.920800 0.990895 0.955359 0.846366 0.920769 0.964195 0.883157 0.825961 0.857704 0.957473 0.882386 0.966818 0.961262 0.888213 0.900151 0.990319 0.800972 0.857357 0.882516 0.920813 0.869033
0.902630 0.772207 0.854307 0.973781 0.989373 0.935254 0.979857 0.864946 0.877259 0.869964 0.917024 0.807193 0.977989 0.930862 0.862546 0.977172 0.904281 0.934356 0.986841 0.900708 0.967952 0.000000 0.807926 0.830457 0.835673 0.967317 0.980010 0.823793 0.977164 0.868525 0.855224 0.804588 0.931582 0.947823 0.913309 0.936075 0.909677 0.870903 0.974562 0.996181 0.939174 0.968225 0.958735 0.991977 0.938717 0.965840 0.945565 0.878118 0.911346 0.985645 0.899772 0.989141 0.994144 0.927672 0.950000 0.971246 0.886797 0.845291 0.926620 0.867735 0.886336 0.757290 0.990357 0.817963 0.854441 0.971920 0.925933 0.938065 0.905464 0.908234 0.989785 0.991422 0.837337 0.939364 0.931533 0.935346 0.923957 0.932475 0.919596 0.975637 0.858298 0.926052 0.911032 0.929203 0.867237 0.899524 0.902284 0.934350 0.884289 0.807084 0.984352 0.981774 0.906502 0.910193 0.927776 0.828601 0.896071 0.974198 0.991434 0.965353 0.898257 0.937338 0.850781 0.952398 0.852303 0.976049 0.905213 0.768113 0.812370 0.852203 0.977816 0.940811 0.902386 0.971592 0.846006 0.952106
0.676881 0.660868 0.472509 0.536847 0.983597 0.728705 0.988639 0.725600 0.977557 0.628369 0.607018 0.470921 0.786507 0.863130 0.773340 0.889862 0.718568 0.678968 0.914866 0.784116 0.824868 0.807926 0.000000 0.352426 0.391437 0.560949 0.710244 0.699231 0.806189 0.691698 0.530254 0.753263 0.872937 0.914987 0.606363 0.777137 0.918946 0.853631 0.785478 0.820549 0.879427 0.985705 0.966159 0.892609 0.781484 0.712999 0.906814 0.978091 0.630773 0.838760 0.921325 0.957951 0.959849 0.981298 0.787395 0.887741 0.670203 0.695320 0.881104 0.889467 0.666155 0.663378 0.730763 0.502712 0.403707 0.643215 0.774888 0.928670 0.935325 0.750681 0.997307 0.918307 0.889465 0.959520 0.888535 0.936081 0.970888 0.876413 0.884004 0.997084 0.869538 0.947050 0.809433 0.790036 0.400024 0.441004 0.987500 0.789830 0.836744 0.770283 0.785279 0.830208 0.941025 0.930766 0.813165 0.975250 0.803725 0.775145 0.668312 0.835109 0.613620 0.969308 0.774203 0.677921 0.812683 0.951326 0.936131 0.883040 0.929939 0.998545 0.900501 0.695558 0.748464 0.901810 0.947367 0.995123
0.738112 0.695191 0.619397 0.541879 0.983104 0.749291 0.858602 0.641761 0.978644 0.566650 0.586319 0.573678 0.834653 0.902833 0.705416 0.937685 0.688519 0.693743 0.781047 0.880852 0.838083 0.830457 0.352426 0.000000 0.390602 0.600917 0.647361 0.688102 0.795303 0.683134 0.575268 0.818779 0.984400 0.823295 0.651818 0.870473 0.874055 0.902914 0.739092 0.906657 0.782712 0.945411 0.888517 0.811262 0.650847 0.630109 0.889804 0.896616 0.593056 0.775331 0.831913 0.949020 0.943116 0.947582 0.768925 0.883817 0.683609 0.754851 0.826945 0.840932 0.619577 0.713828 0.720139 0.570635 0.458370 0.720856 0.941808 0.927723 0.991755 0.834974 0.949690 0.881591 0.907296 0.914749 0.935275 0.977643 0.969202 0.977386 0.997347 0.916545 0.914077 0.982760 0.835615 0.938674 0.394960 0.417900 0.975250 0.783966 0.799387 0.742136 0.710219 0.735424 0.872060 0.919214 0.779940 0.951843 0.781383 0.855249 0.610510 0.725595 0.693334 0.799147 0.745854 0.692108 0.876788 0.871258 0.995108 0.855501 0.994615 0.948483 0.909510 0.650258 0.602816 0.824189 0.942515 0.974217
0.728326 0.735924 0.586938 0.552896 0.901052 0.710871 0.737343 0.604426 0.976323 0.452615 0.492226 0.500696 0.690306 0.800737 0.815618 0.955478 0.711492 0.656172 0.771757 0.812222 0.861940 0.835673 0.391437 0.390602 0.000000 0.410586 0.580471 0.640833 0.736398 0.606640 0.547467 0.793623 0.953354 0.799296 0.591703 0.859188 0.843504 0.767792 0.818435 0.823684 0.846063 0.987779 0.932454 0.811172 0.574615 0.562910 0.964696 0.843095 0.513656 0.793224 0.749180 0.877690 0.856089 0.862499 0.787044 0.912648 0.704972 0.772229 0.779721 0.909893 0.592231 0.744744 0.509094 0.506145 0.330802 0.563767 0.994492 0.932874 0.973512 0.853291 0.955346 0.975019 0.915796 0.907153 0.949355 0.997896 0.933270 0.950652 0.969930 0.990156 0.889574 0.873509 0.809066 0.855257 0.467341 0.498830 0.897681 0.890628 0.810165 0.742056 0.632951 0.675067 0.811122 0.880456 0.710637 0.928258 0.749435 0.836544 0.611782 0.713025 0.592301 0.836691 0.743766 0.595578 0.902821 0.983542 0.961999 0.969564 0.977781 0.856751 0.860415 0.662050 0.636476 0.810241 0.985679 0.841760
0.728940 0.721015 0.595805 0.574450 0.779154 0.710585 0.831793 0.734242 0.901591 0.520126 0.541446 0.559416 0.686474 0.751879 0.857520 0.998023 0.702423 0.632319 0.732201 0.729533 0.888448 0.967317 0.560949 0.600917 0.410586 0.000000 0.697867 0.683884 0.682310 0.551892 0.709633 0.915082 0.956129 0.816775 0.804676 0.881678 0.787636 0.770598 0.728112 0.808686 0.860676 0.992810 0.952733 0.844878 0.627706 0.609748 0.912337 0.850252 0.665972 0.811882 0.887978 0.983437 0.958756 0.978554 0.725689 0.939909 0.704800 0.716021 0.873835 0.993099 0.759890 0.912351 0.543785 0.602464 0.401295 0.585243 0.923608 0.885743 0.988791 0.871096 0.851623 0.988135 0.996734 0.782640 0.893414 0.897656 0.782015 0.894155 0.960486 0.976073 0.836721 0.756116 0.891007 0.845423 0.670247 0.727749 0.886227 0.914281 0.765424 0.746266 0.668286 0.712296 0.804066 0.910185 0.760487 0.896727 0.748259 0.857617 0.647568 0.708091 0.754450 0.888826 0.804629 0.664275 0.874070 0.798382 0.990556 0.998710 0.960136 0.890388 0.802850 0.738975 0.736791 0.761290 0.957986 0.857757
0.925082 0.961906 0.892709 0.820765 0.963198 0.772950 0.691535 0.681567 0.930285 0.678740 0.750451 0.753514 0.791356 0.925636 0.806100 0.999332 0.886459 0.915757 0.815384 0.992620 0.932552 0.980010 0.710244 0.647361 0.580471 0.697867 0.000000 0.748308 0.899288 0.750662 0.844846 0.947154 0.911990 0.885130 0.703882 0.825437 0.888271 0.979628 0.908840 0.871327 0.871780 0.945571 0.843456 0.865620 0.781437 0.788440 0.832587 0.956645 0.742488 0.943239 0.876622 0.918771 0.807074 0.895898 0.869402 0.997806 0.968415 0.987659 0.828633 0.917315 0.696601 0.858886 0.721370 0.727894 0.685564 0.770309 0.981686 0.857526 0.919136 0.881916 0.942159 0.962954 0.907290 0.897365 0.870645 0.965990 0.988419 0.954940 0.943289 0.908648 0.977821 0.963542 0.750845 0.868860 0.743372 0.670168 0.927347 0.889019 0.949574 0.951643 0.767236 0.831427 0.881430 0.954629 0.875764 0.989855 0.865711 0.925378 0.757182 0.815561 0.730987 0.831893 0.908627 0.829787 0.866970 0.900426 0.912310 0.762845 0.994700 0.948557 0.992790 0.890893 0.825792 0.943623 0.930404 0.946632
0.815114 0.802880 0.884849 0.765773 0.862987 0.969012 0.818317 0.761475 0.935568 0.775602 0.676793 0.716856 0.829657 0.823086 0.779610 0.961936 0.826038 0.791644 0.820675 0.827542 0.951287 0.823793 0.699231 0.688102 0.640833 0.683884 0.748308 0.000000 0.802302 0.699552 0.792873 0.886407 0.839467 0.824103 0.741372 0.982935 0.958906 0.958542 0.951440 0.947169 0.899479 0.939655 0.939020 0.880538 0.707430 0.758050 0.948961 0.920282 0.752626 0.882023 0.857183 0.901488 0.917337 0.920305 0.839784 0.914710 0.893736 0.859106 0.903769 0.893658 0.754914 0.814367 0.733772 0.767021 0.724879 0.915560 0.960452 0.823196 0.939833 0.913761 0.959483 0.912711 0.972233 0.792028 0.909827 0.965849 0.971501 0.894179 0.985834 0.797985 0.874839 0.790283 0.830702 0.907045 0.824848 0.809398 0.821071 0.940879 0.912940 0.715124 0.840813 0.866292 0.995421 0.902678 0.917387 0.855213 0.992242 0.975978 0.820478 0.826866 0.853246 0.897184 0.978879 0.979288 0.962960 0.918636 0.973265 0.843894 0.907825 0.836529 0.917557 0.823530 0.777183 0.881614 0.983133 0.963507
0.527036 0.532154 0.884708 0.891247 0.845830 0.739271 0.682341 0.598737 0.847160 0.580273 0.434011 0.588387 0.734834 0.529433 0.835409 0.825292 0.364153 0.383441 0.504011 0.508915 0.785930 0.977164 0.806189 0.795303 0.736398 0.682310 0.899288 0.802302 0.000000 0.347214 0.934580 0.863171 0.702556 0.607929 0.776327 0.856402 0.948878 0.950735 0.929590 0.870188 0.903960 0.934222 0.596891 0.555932 0.511846 0.519699 0.725535 0.570520 0.515598 0.573260 0.674882 0.656522 0.812889 0.831085 0.817412 0.880581 0.479934 0.555803 0.761981 0.943748 0.725720 0.846278 0.591045 0.594991 0.696078 0.911776 0.894446 0.836436 0.775262 0.718326 0.944169 0.979913 0.846756 0.727696 0.913255 0.739131 0.755867 0.782152 0.771131 0.676730 0.571322 0.690149 0.866319 0.785753 0.842821 0.849106 0.868598 0.784895 0.781329 0.739210 0.725093 0.825932 0.921475 0.967153 0.792880 0.839505 0.897764 0.931011 0.591529 0.576754 0.743130 0.799319 0.649675 0.774777 0.969451 0.960967 0.831956 0.858665 0.942048 0.984356 0.667237 0.746500 0.622126 0.884580 0.823623 0.959685
0.503222 0.474066 0.718932 0.748186 0.832239 0.691439 0.683558 0.539885 0.889915 0.503017 0.404497 0.461244 0.653733 0.549312 0.957028 0.800629 0.392903 0.368096 0.496373 0.553456 0.839623 0.868525 0.691698 0.683134 0.606640 0.551892 0.750662 0.699552 0.347214 0.000000 0.953795 0.930426 0.677615 0.599051 0.647142 0.807340 0.924970 0.941110 0.977912 0.955026 0.987388 0.958770 0.635481 0.559951 0.471001 0.447267 0.843209 0.607403 0.459225 0.590641 0.641942 0.693810 0.791909 0.770588 0.700924 0.942873 0.460025 0.516376 0.764534 0.938285 0.653904 0.790737 0.513160 0.487816 0.540978 0.821483 0.927375 0.788456 0.808592 0.755628 0.896626 0.981199 0.900698 0.769154 0.941045 0.788150 0.796458 0.841537 0.757879 0.604456 0.536493 0.631143 0.979503 0.775916 0.731856 0.732428 0.857835 0.805354 0.712355 0.633921 0.680125 0.832288 0.931992 0.981528 0.803504 0.887519 0.791343 0.935749 0.588000 0.621685 0.673568 0.787736 0.619169 0.706778 0.852538 0.905967 0.831567 0.997801 0.957050 0.921815 0.765394 0.727708 0.640795 0.838505 0.893753 0.897314
0.894273 0.932702 0.537378 0.574166 0.987489 0.949939 0.834421 0.979676 0.822297 0.883806 0.901216 0.719974 0.902709 0.926946 0.846574 0.962085 0.971915 0.952635 0.884604 0.997735 0.964297 0.855224 0.530254 0.575268 0.547467 0.709633 0.844846 0.792873 0.934580 0.953795 0.000000 0.605211 0.771934 0.843412 0.708878 0.985764 0.840733 0.883755 0.653800 0.761247 0.867940 0.837417 0.790839 0.909671 0.978160 0.924585 0.868009 0.901664 0.846663 0.969790 0.979145 0.861518 0.997654 0.907736 0.864900 0.860737 0.912321 0.891724 0.950435 0.952520 0.842065 0.834621 0.758009 0.717036 0.560449 0.700954 0.840679 0.917578 0.961763 0.915992 0.756477 0.789087 0.908950 0.815744 0.860510 0.694809 0.811428 0.786855 0.880146 0.779396 0.992510 0.976994 0.842004 0.880911 0.659115 0.690032 0.804644 0.965281 0.895506 0.983718 0.961227 0.961079 0.990966 0.912593 0.805411 0.950431 0.945129 0.863775 0.937901 0.993905 0.939147 0.900958 0.929820 0.827069 0.916951 0.903309 0.955099 0.822551 0.991430 0.935378 0.855041 0.902592 0.919663 0.840602 0.955567 0.972740
0.842066 0.870484 0.595353 0.718412 0.888361 0.938375 0.626284 0.812195 0.781610 0.869715 0.855881 0.892827 0.907802 0.861650 0.774042 0.986171 0.823432 0.825017 0.624186 0.809625 0.990203 0.804588 0.753263 0.818779 0.793623 0.915082 0.947154 0.886407 0.863171 0.930426 0.605211 0.000000 0.610874 0.612377 0.826325 0.969296 0.801407 0.949294 0.736836 0.711435 0.901315 0.994612 0.646028 0.712626 0.712898 0.737579 0.636665 0.581286 0.852269 0.641499 0.763679 0.619554 0.834262 0.800296 0.855548 0.944541 0.819338 0.911857 0.736683 0.946603 0.842903 0.942633 0.883389 0.953374 0.744871 0.772331 0.611956 0.684337 0.873251 0.865455 0.849085 0.820015 0.972978 0.893293 0.962578 0.679670 0.656401 0.585031 0.774277 0.700895 0.947694 0.906844 0.809487 0.934524 0.757771 0.870784 0.989828 0.881958 0.919547 0.900801 0.791146 0.813714 0.916172 0.787515 0.917619 0.920538 0.989059 0.906316 0.839584 0.716799 0.968157 0.917076 0.911709 0.941536 0.873759 0.793658 0.931629 0.759132 0.918677 0.976550 0.820308 0.816289 0.835742 0.949645 0.909896 0.898117
0.593423 0.556231 0.784717 0.877995 0.796856 0.900958 0.594503 0.677429 0.826564 0.835536 0.677060 0.852232 0.912557 0.804360 0.949521 0.842013 0.568066 0.583316 0.476006 0.559903 0.938923 0.931582 0.872937 0.984400 0.953354 0.956129 0.911990 0.839467 0.702556 0.677615 0.771934 0.610874 0.000000 0.480766 0.923521 0.875351 0.839495 0.786688 0.850324 0.830029 0.817110 0.954759 0.604881 0.623435 0.566998 0.649923 0.716963 0.653513 0.809887 0.609285 0.756989 0.652279 0.815544 0.807451 0.972306 0.870020 0.581450 0.651677 0.599042 0.757332 0.666159 0.892715 0.684146 0.773294 0.939808 0.734343 0.471634 0.436176 0.866378 0.795044 0.791534 0.877243 0.813024 0.723691 0.948406 0.757338 0.681969 0.659541 0.661684 0.586094 0.654730 0.657650 0.927071 0.987644 0.858034 0.876738 0.879246 0.775104 0.776106 0.923582 0.765163 0.757502 0.869824 0.859288 0.824212 0.788857 0.869629 0.913919 0.702375 0.652791 0.835372 0.794698 0.732313 0.876236 0.796319 0.823777 0.951071 0.976393 0.974362 0.862564 0.804479 0.868203 0.775287 0.924607 0.926816 0.941061
0.610022 0.567239 0.904998 0.984220 0.862422 0.771571 0.478215 0.581523 0.803190 0.568100 0.526588 0.776032 0.827739 0.738697 0.969388 0.916218 0.529556 0.520068 0.428318 0.606594 0.984884 0.947823 0.914987 0.823295 0.799296 0.816775 0.885130 0.824103 0.607929 0.599051 0.843412 0.612377 0.480766 0.000000 0.949020 0.907374 0.881347 0.977647 0.890312 0.964916 0.944009 0.914196 0.620910 0.555462 0.408362 0.481993 0.676625 0.554117 0.586045 0.508092 0.616836 0.517023 0.822740 0.690193 0.969336 0.976724 0.562847 0.683711 0.595183 0.835364 0.595323 0.850450 0.611255 0.711116 0.892886 0.883402 0.515308 0.483571 0.834505 0.779149 0.835405 0.920453 0.815295 0.706292 0.941260 0.604199 0.659979 0.616969 0.757964 0.629042 0.723131 0.737843 0.948774 0.911732 0.978802 0.929306 0.891222 0.858874 0.770916 0.835499 0.637921 0.689610 0.828158 0.795429 0.834553 0.862213 0.839439 0.859181 0.563829 0.567107 0.725394 0.756954 0.759685 0.850894 0.908723 0.816196 0.818672 0.865742 0.934967 0.941031 0.789807 0.613430 0.531235 0.961049 0.923052 0.868875
0.860505 0.874714 0.739771 0.707585 0.952792 0.790526 0.878236 0.764131 0.946818 0.693884 0.730379 0.681981 0.684917 0.777622 0.892733 0.782814 0.817050 0.795276 0.906559 0.963428 0.790727 0.913309 0.606363 0.651818 0.591703 0.804676 0.703882 0.741372 0.776327 0.647142 0.708878 0.826325 0.923521 0.949020 0.000000 0.835555 0.863811 0.948317 0.990976 0.988624 0.910898 0.854422 0.845030 0.795629 0.771050 0.699913 0.890064 0.895518 0.671426 0.854842 0.828529 0.902015 0.811279 0.902464 0.685232 0.910127 0.856817 0.951550 0.992972 0.927739 0.823818 0.833243 0.801262 0.802778 0.634708 0.732905 0.768059 0.871686 0.943999 0.910776 0.943621 0.995191 0.875777 0.958086 0.999779 0.937702 0.934654 0.994522 0.928096 0.919915 0.996477 0.952526 0.872902 0.935976 0.638945 0.592982 0.962672 0.884925 0.912065 0.699128 0.872194 0.967974 0.950025 0.917468 0.891827 0.903708 0.911976 0.877330 0.745704 0.896986 0.664308 0.944658 0.831376 0.725699 0.881018 0.981439 0.888299 0.953594 0.938569 0.946786 0.981713 0.749110 0.662282 0.762147 0.935025 0.892424
0.842139 0.901149 0.868531 0.937346 0.743345 0.829775 0.903946 0.836836 0.748686 0.828199 0.854730 0.863181 0.917055 0.900542 0.899460 0.738009 0.856044 0.832876 0.888390 0.930344 0.829751 0.936075 0.777137 0.870473 0.859188 0.881678 0.825437 0.982935 0.856402 0.807340 0.985764 0.969296 0.875351 0.907374 0.835555 0.000000 0.976033 0.887387 0.952571 0.910262 0.864210 0.918549 0.811264 0.840577 0.945885 0.844083 0.941079 0.871680 0.783027 0.902816 0.925282 0.943853 0.962459 0.980979 0.790828 0.997327 0.855820 0.915492 0.999059 0.904676 0.980232 0.989943 0.967996 0.874638 0.865183 0.824935 0.752174 0.754269 0.924078 0.992927 0.815157 0.885970 0.876249 0.879445 0.874656 0.947030 0.996184 0.968786 0.854197 0.976668 0.950243 0.988210 0.851016 0.881119 0.791977 0.696584 0.948740 0.901576 0.985141 0.968672 0.822915 0.810766 0.876927 0.978142 0.971098 0.933041 0.866133 0.937893 0.762715 0.781232 0.765207 0.946282 0.802149 0.867690 0.830492 0.979096 0.891066 0.968456 0.923144 0.966481 0.996271 0.886966 0.944680 0.979811 0.939617 0.953736
0.878163 0.905714 0.865269 0.688097 0.960745 0.975312 0.922281 0.875185 0.653580 0.971695 0.980903 0.874307 0.868450 0.948924 0.908330 0.778572 0.860495 0.919940 0.946771 0.728765 0.955786 0.909677 0.918946 0.874055 0.843504 0.787636 0.888271 0.958906 0.948878 0.924970 0.840733 0.801407 0.839495 0.881347 0.863811 0.976033 0.000000 0.791165 0.864223 0.782528 0.678171 0.772643 0.974034 0.946611 0.966006 0.850223 0.890482 0.999463 0.986361 0.877443 0.744062 0.796081 0.768452 0.773595 0.838904 0.970143 0.866603 0.850283 0.689359 0.664108 0.860393 0.741627 0.918607 0.877380 0.842923 0.691471 0.951120 0.891504 0.741014 0.759828 0.941006 0.786477 0.742945 0.795174 0.932868 0.894532 0.899007 0.985871 0.844785 0.876502 0.785769 0.880906 0.880107 0.791122 0.984519 0.938144 0.771871 0.892955 0.854171 0.785094 0.944925 0.984265 0.908687 0.985017 0.764558 0.899822 0.989834 0.922734 0.983655 0.974881 0.979574 0.967038 0.955417 0.988642 0.968553 0.842204 0.995914 0.892877 0.784249 0.975814 0.973888 0.941649 0.953357 0.957994 0.969580 0.972791
0.903708 0.875695 0.907056 0.740633 0.902876 0.978937 0.963604 0.951365 0.786615 0.919040 0.829144 0.977643 0.761205 0.897984 0.776812 0.971334 0.926095 0.998959 0.973603 0.917294 0.993562 0.870903 0.853631 0.902914 0.767792 0.770598 0.979628 0.958542 0.950735 0.941110 0.883755 0.949294 0.786688 0.977647 0.948317 0.887387 0.791165 0.000000 0.884747 0.950802 0.737748 0.973887 0.959569 0.953030 0.969647 0.932955 0.943856 0.992797 0.951528 0.926151 0.886599 0.920663 0.875595 0.886288 0.947837 0.854758 0.939510 0.923710 0.830561 0.692252 0.912762 0.756497 0.891967 0.930911 0.838621 0.609834 0.904598 0.830891 0.810062 0.934941 0.961587 0.867334 0.816682 0.920970 0.831436 0.991092 0.909421 0.999469 0.885002 0.955848 0.861458 0.863933 0.980600 0.900550 0.942280 0.856873 0.945951 0.905885 0.972432 0.912604 0.904785 0.835701 0.963304 0.930798 0.981628 0.960625 0.978918 0.952042 0.946395 0.915929 0.941185 0.949159 0.836709 0.990597 0.765374 0.834926 0.955509 0.923019 0.971765 0.994159 0.854566 0.973347 0.930502 0.965798 0.895913 0.886061
