0.000000 0.176072 0.667836 0.695120 0.673668 0.791634 0.995755 0.392677 0.743767 0.529340 0.271878 0.221944 0.339223 0.236271 0.599794 0.577963 0.274584 0.237345 0.272114 0.235400 0.921003 0.826338 0.896413 0.981677 0.699193 0.744121 0.898826 0.996985 0.280870 0.304914 0.844436 0.835010 0.559627 0.397273 0.670342 0.618450 0.976856 0.914025 0.971741 0.880029 0.638018 0.624606 0.814809 0.493645 0.821725 0.386819 0.552271 0.475664 0.178149 0.201728 0.198776 0.208584 0.254510 0.318422 0.537807 0.368054 0.254016 0.213794 0.313664 0.240092 0.580376 0.289364 0.309961 0.239218 0.465546 0.625459 0.676850 0.734685 0.432778 0.382279 0.830451 0.855365 0.435059 0.378424 0.821686 0.764243 0.393441 0.523713 0.527821 0.355758 0.256513 0.245588 0.448874 0.547784 0.711590 0.781453 0.723732 0.961226 0.957191 0.599225 0.970358 0.500487 0.554754 0.362274 0.885745 0.788397 0.835195 0.608231 0.575138 0.607889 0.721498 0.941510 0.431507 0.466943 0.700566 0.909521 0.884999 0.928565 0.811396 0.957219 0.846283 0.885417 0.484383 0.833398 0.820771 0.745315
0.176072 0.000000 0.613490 0.717361 0.652927 0.777406 0.947789 0.369146 0.757000 0.501256 0.289288 0.210832 0.416523 0.258783 0.643246 0.572749 0.257213 0.231519 0.254742 0.204519 0.961366 0.791487 0.888371 0.999906 0.680245 0.741579 0.953827 0.994432 0.255839 0.291703 0.828776 0.810247 0.563138 0.412717 0.659124 0.617529 0.966540 0.871864 0.972913 0.873663 0.680279 0.696436 0.862059 0.516208 0.849484 0.421205 0.570933 0.500870 0.186764 0.200396 0.204469 0.222342 0.282490 0.334868 0.531675 0.375380 0.218996 0.175832 0.394726 0.276257 0.652117 0.269785 0.340983 0.238897 0.403125 0.647354 0.609790 0.725472 0.425451 0.360420 0.840219 0.824741 0.387313 0.387665 0.739444 0.799510 0.398200 0.533009 0.522338 0.316915 0.236772 0.228100 0.504858 0.547244 0.737070 0.749204 0.713254 0.897655 0.956275 0.645760 0.938719 0.492342 0.536726 0.391832 0.884437 0.754785 0.856618 0.585482 0.613756 0.652415 0.704835 0.953875 0.471594 0.511187 0.716095 0.952482 0.918153 0.860284 0.829180 0.932895 0.840316 0.902368 0.512845 0.835795 0.928810 0.709215
0.667836 0.613490 0.000000 0.671650 0.720254 0.967664 0.436449 0.934473 0.619174 0.956510 0.708471 0.559768 0.898624 0.561886 0.988607 0.773685 0.729428 0.741149 0.649880 0.569154 0.939106 0.967318 0.657521 0.953041 0.560056 0.376626 0.888718 0.973663 0.720423 0.706069 0.660951 0.777698 0.798998 0.910159 0.449746 0.621355 0.764959 0.925162 0.793992 0.903324 0.966724 0.969969 0.612952 0.918160 0.653838 0.974396 0.940959 0.906912 0.702785 0.612649 0.747496 0.727222 0.782470 0.865069 0.847265 0.797184 0.652738 0.550889 0.802235 0.620046 0.815272 0.714448 0.764181 0.679682 0.278621 0.443715 0.353810 0.396752 0.595777 0.578451 0.998711 0.959623 0.778832 0.806478 0.962017 0.938482 0.796766 0.930171 0.932533 0.773062 0.768444 0.710643 0.894581 0.885262 0.741914 0.964913 0.784518 0.798509 0.708757 0.899586 0.512670 0.424574 0.310670 0.483346 0.734502 0.849667 0.791498 0.494973 0.812393 0.780087 0.915477 0.686361 0.944757 0.995923 0.845585 0.654570 0.958512 0.674338 0.991116 0.859365 0.665806 0.825872 0.907449 0.968941 0.710608 0.889781
0.695120 0.717361 0.671650 0.000000 0.980488 0.943965 0.695188 0.689058 0.983231 0.802167 0.765524 0.790640 0.723912 0.795998 0.821555 0.864668 0.729208 0.729533 0.797525 0.736652 0.997646 0.934968 0.833831 0.909712 0.863850 0.767972 0.998388 0.948539 0.792428 0.818532 0.870722 0.869312 0.624682 0.757323 0.962591 0.905323 0.962050 0.812317 0.767843 0.892553 0.841393 0.817502 0.855903 0.732258 0.781852 0.710860 0.820646 0.606616 0.708621 0.743605 0.662526 0.687144 0.648304 0.697600 0.731923 0.735976 0.692691 0.724085 0.683596 0.792782 0.655154 0.717523 0.812702 0.751834 0.822967 0.773169 0.851291 0.845779 0.715825 0.700269 0.985333 0.894203 0.840268 0.919154 0.852354 0.874700 0.855059 0.895071 0.692587 0.736166 0.740509 0.676373 0.613681 0.632356 0.611317 0.681399 0.957216 0.805944 0.714291 0.759847 0.847501 0.989919 0.894500 0.947044 0.876519 0.950185 0.680634 0.865433 0.728807 0.712712 0.958555 0.734368 0.783970 0.738328 0.683429 0.745689 0.948099 0.867661 0.952110 0.938552 0.935513 0.933504 0.686980 0.936468 0.962256 0.851790
0.673668 0.652927 0.720254 0.980488 0.000000 0.980084 0.991866 0.738555 0.897267 0.765387 0.687938 0.652165 0.774478 0.680414 0.928651 0.867243 0.646591 0.664811 0.564464 0.659630 0.969241 0.954253 0.862130 0.972561 0.939454 0.863023 0.990049 0.900530 0.733234 0.735534 0.941506 0.912246 0.857516 0.730871 0.851619 0.862405 0.930106 0.828414 0.846048 0.997444 0.895716 0.821249 0.991251 0.853738 0.867839 0.797730 0.997504 0.813140 0.735750 0.747957 0.765004 0.761586 0.770691 0.793374 0.752590 0.709406 0.690477 0.719475 0.792232 0.917197 0.942519 0.739589 0.743557 0.689118 0.657784 0.724237 0.837016 0.796548 0.715527 0.760398 0.690610 0.726863 0.792136 0.687196 0.915081 0.911141 0.634523 0.744924 0.831573 0.702073 0.651259 0.602032 0.820317 0.648801 0.993149 0.994314 0.998674 0.828351 0.931261 0.746946 0.839957 0.647432 0.717588 0.684212 0.946972 0.884100 0.902782 0.813899 0.869908 0.830131 0.896995 0.879337 0.764138 0.722147 0.983903 0.937494 0.966646 0.780901 0.957632 0.908201 0.847504 0.854234 0.936768 0.996767 0.917010 0.737347
0.791634 0.777406 0.967664 0.943965 0.980084 0.000000 0.883992 0.627383 0.899751 0.730416 0.809081 0.749623 0.729149 0.744731 0.788945 0.762178 0.857899 0.838756 0.873359 0.814134 0.875623 0.925072 0.906374 0.902950 0.822495 0.982844 0.966832 0.885840 0.729110 0.715754 0.818881 0.742553 0.747800 0.768139 0.924105 0.878574 0.972962 0.995368 0.877402 0.955018 0.973476 0.999414 0.721631 0.634707 0.909974 0.709559 0.789158 0.870079 0.761537 0.683018 0.738511 0.702046 0.838605 0.670074 0.946022 0.912718 0.824106 0.843066 0.806894 0.711474 0.863199 0.739951 0.741675 0.752913 0.829546 0.982682 0.982612 0.921255 0.875444 0.864467 0.774608 0.897770 0.933282 0.803993 0.815949 0.964635 0.684108 0.749810 0.901507 0.800844 0.771997 0.810089 0.818955 0.964503 0.890969 0.977496 0.966485 0.837792 0.794938 0.897383 0.833824 0.968485 0.915817 0.999591 0.975679 0.972513 0.894037 0.852056 0.794923 0.794188 0.755621 0.917736 0.850357 0.768293 0.733267 0.820913 0.790437 0.752463 0.714319 0.864124 0.917836 0.826653 0.927605 0.816221 0.881601 0.956385
0.995755 0.947789 0.436449 0.695188 0.991866 0.883992 0.000000 0.528352 0.553183 0.488086 0.766511 0.975724 0.713151 0.919701 0.838310 0.948743 0.787524 0.821981 0.927313 0.948756 0.895381 0.887439 0.972297 0.632939 0.993995 0.737548 0.685939 0.851228 0.830284 0.775772 0.564806 0.556289 0.490003 0.620326 0.692244 0.858726 0.833880 0.972239 0.849601 0.951846 0.969614 0.961555 0.304999 0.469667 0.316000 0.587292 0.628952 0.547808 0.968599 0.919483 0.943792 0.997301 0.974950 0.886671 0.981460 0.972981 0.933246 0.844010 0.813583 0.895159 0.406106 0.838745 0.731177 0.838927 0.661796 0.637522 0.373771 0.308215 0.662403 0.794895 0.742949 0.673742 0.945154 0.893036 0.933903 0.969231 0.836124 0.846896 0.685580 0.895299 0.813826 0.928959 0.842509 0.810734 0.933807 0.771220 0.932870 0.677248 0.954134 0.927136 0.440008 0.555307 0.506794 0.652051 0.878045 0.917661 0.644129 0.575336 0.414377 0.422854 0.570397 0.578268 0.670115 0.652045 0.745837 0.590002 0.983797 0.585766 0.717082 0.985359 0.623964 0.465697 0.657594 0.862297 0.628204 0.931412
0.392677 0.369146 0.934473 0.689058 0.738555 0.627383 0.528352 0.000000 0.856825 0.255047 0.263544 0.316426 0.385511 0.437094 0.675635 0.665016 0.296397 0.325380 0.416492 0.412818 0.861398 0.937287 0.789489 0.676012 0.558808 0.816255 0.806971 0.852514 0.291770 0.262696 0.682272 0.636180 0.422894 0.322877 0.808821 0.726680 0.985119 0.965631 0.991316 0.944262 0.891878 0.820208 0.503124 0.300470 0.487893 0.275807 0.502004 0.390631 0.362281 0.408668 0.358082 0.405807 0.516544 0.425139 0.720554 0.570900 0.373277 0.457467 0.414276 0.472179 0.350925 0.265575 0.270760 0.281126 0.628869 0.938551 0.965299 0.824321 0.817607 0.631405 0.705771 0.689757 0.536540 0.454853 0.666039 0.838732 0.431955 0.538423 0.490342 0.462589 0.325028 0.389203 0.550248 0.597070 0.935573 0.931431 0.796090 0.842008 0.861256 0.904032 0.748571 0.890033 0.897150 0.768121 0.981774 0.717828 0.743151 0.892640 0.346905 0.410505 0.495231 0.685158 0.446514 0.397627 0.651233 0.686416 0.903414 0.874731 0.692052 0.891293 0.815711 0.556990 0.436013 0.770427 0.724508 0.750712
0.743767 0.757000 0.619174 0.983231 0.897267 0.899751 0.553183 0.856825 0.000000 0.776024 0.889648 0.790578 0.904171 0.690542 0.997932 0.838338 0.915231 0.847180 0.781454 0.756666 0.940953 0.874576 0.903361 0.647733 0.958101 0.732548 0.749603 0.857293 0.937903 0.980500 0.653878 0.653415 0.940191 0.992943 0.714199 0.933603 0.878441 0.982229 0.927384 0.952848 0.760694 0.962919 0.626941 0.793157 0.614228 0.830668 0.954546 0.842821 0.847409 0.800577 0.907551 0.890920 0.867581 0.991875 0.834378 0.964724 0.830552 0.717105 0.807631 0.772028 0.822718 0.987781 0.947593 0.876534 0.687213 0.630133 0.634081 0.605423 0.660264 0.741603 0.910728 0.887426 0.800545 0.865900 0.977687 0.940486 0.992150 0.995795 0.991452 0.817311 0.918760 0.839755 0.828677 0.884453 0.872583 0.772367 0.703405 0.686390 0.975837 0.819385 0.672111 0.532668 0.576855 0.574138 0.817964 0.961889 0.959624 0.808215 0.735875 0.789092 0.717247 0.797955 0.963193 0.908936 0.800775 0.743971 0.933668 0.607013 0.946568 0.893471 0.709641 0.807814 0.872851 0.839426 0.790357 0.956685
0.529340 0.501256 0.956510 0.802167 0.765387 0.730416 0.488086 0.255047 0.776024 0.000000 0.337368 0.403591 0.422197 0.544372 0.669220 0.712690 0.317078 0.356804 0.517922 0.559179 0.969297 0.908259 0.793469 0.674559 0.624421 0.795360 0.722268 0.864257 0.350913 0.300913 0.636745 0.620013 0.435371 0.385064 0.850783 0.846524 0.869671 0.914584 0.984161 0.903370 0.916620 0.849198 0.445338 0.286992 0.420425 0.294576 0.527711 0.402185 0.476708 0.605608 0.487727 0.585596 0.636442 0.601937 0.729619 0.605069 0.444148 0.595375 0.472281 0.655781 0.333644 0.379856 0.337116 0.321954 0.719941 0.942131 0.839226 0.733120 0.893686 0.758606 0.670485 0.487824 0.577834 0.549657 0.761056 0.852525 0.524859 0.535372 0.510140 0.508377 0.361152 0.452976 0.606439 0.574494 0.985981 0.866530 0.919331 0.879221 0.856874 0.873068 0.775007 0.886945 0.889545 0.828274 0.920416 0.759456 0.686724 0.980937 0.329034 0.326368 0.528411 0.710502 0.454742 0.418409 0.703900 0.789591 0.953363 0.797376 0.630805 0.913730 0.871383 0.480161 0.498895 0.835339 0.748481 0.745008
0.271878 0.289288 0.708471 0.765524 0.687938 0.809081 0.766511 0.263544 0.889648 0.337368 0.000000 0.220289 0.298603 0.294868 0.583217 0.561751 0.206196 0.216134 0.288993 0.308310 0.889460 0.933898 0.776319 0.775839 0.516605 0.653311 0.910231 0.905269 0.218318 0.202149 0.838747 0.783827 0.449472 0.346146 0.688855 0.706432 0.990879 0.971438 0.914193 0.797563 0.772512 0.688541 0.653997 0.412115 0.669173 0.323239 0.556154 0.456027 0.295325 0.350990 0.329140 0.369064 0.443174 0.426654 0.590231 0.541101 0.306170 0.334983 0.302117 0.383612 0.391651 0.266892 0.202246 0.191758 0.468795 0.685331 0.887311 0.958828 0.653066 0.552980 0.829316 0.712820 0.416347 0.387304 0.775181 0.806122 0.434272 0.478534 0.424308 0.410012 0.260382 0.299345 0.558318 0.549181 0.898806 0.987808 0.715831 0.994095 0.880181 0.731965 0.933984 0.634262 0.637720 0.497696 0.881723 0.710533 0.760420 0.712677 0.441241 0.514624 0.593937 0.798521 0.435380 0.388720 0.721764 0.857550 0.949778 0.975426 0.704223 0.789766 0.954741 0.749461 0.475335 0.766947 0.748060 0.709960
0.221944 0.210832 0.559768 0.790640 0.652165 0.749623 0.975724 0.316426 0.790578 0.403591 0.220289 0.000000 0.309037 0.196957 0.580653 0.483447 0.217535 0.220166 0.280152 0.235364 0.945833 0.826569 0.822678 0.935347 0.513774 0.573384 0.984725 0.947419 0.249803 0.225366 0.910783 0.881833 0.567091 0.377968 0.568579 0.606524 0.993845 0.971757 0.934161 0.837659 0.776641 0.745612 0.802634 0.471287 0.810894 0.377669 0.607595 0.520128 0.240187 0.269268 0.292401 0.315766 0.396177 0.436340 0.632007 0.494852 0.246251 0.231453 0.360135 0.305736 0.546752 0.239987 0.229016 0.178921 0.366941 0.654977 0.698791 0.770089 0.518029 0.448304 0.748369 0.721444 0.434990 0.431461 0.743388 0.776713 0.385030 0.473288 0.521208 0.372700 0.267238 0.247278 0.513064 0.571832 0.868900 0.850625 0.731772 0.872020 0.861340 0.719735 0.918227 0.469839 0.481031 0.400788 0.849163 0.683550 0.876985 0.645889 0.530421 0.624042 0.692733 0.919799 0.479898 0.483949 0.779908 0.965526 0.995136 0.917995 0.739047 0.838806 0.868349 0.821743 0.498611 0.830624 0.842914 0.708451
0.339223 0.416523 0.898624 0.723912 0.774478 0.729149 0.713151 0.385511 0.904171 0.422197 0.298603 0.309037 0.000000 0.321047 0.384899 0.424370 0.328451 0.323301 0.374796 0.474341 0.956972 0.916473 0.913096 0.981728 0.699303 0.785614 0.970496 0.960889 0.347880 0.295168 0.704972 0.788401 0.439626 0.384721 0.756463 0.745322 0.931500 0.884584 0.969798 0.984921 0.789349 0.757381 0.558504 0.373518 0.723438 0.402115 0.526101 0.474327 0.399623 0.416189 0.425135 0.424849 0.496477 0.492652 0.748440 0.641447 0.386901 0.449332 0.307531 0.400327 0.412885 0.437464 0.228577 0.267824 0.719699 0.777240 0.938531 0.952868 0.789574 0.665148 0.676702 0.668263 0.574893 0.558743 0.895409 0.771671 0.447555 0.424813 0.492190 0.493017 0.367552 0.370608 0.491991 0.607134 0.799113 0.866199 0.792485 0.996368 0.977296 0.695191 0.883319 0.655919 0.750097 0.521904 0.877733 0.755493 0.722219 0.783108 0.445195 0.528499 0.582615 0.861422 0.401391 0.467628 0.648121 0.704351 0.973623 0.915059 0.621401 0.920734 0.924855 0.763203 0.496138 0.780112 0.631907 0.706404
0.236271 0.258783 0.561886 0.795998 0.680414 0.744731 0.919701 0.437094 0.690542 0.544372 0.294868 0.196957 0.321047 0.000000 0.512985 0.389627 0.304108 0.277453 0.294217 0.296798 0.999404 0.795983 0.975978 0.869252 0.635301 0.635485 0.929077 0.975704 0.323466 0.303690 0.902392 0.951282 0.610320 0.426078 0.587687 0.638783 0.989552 0.976001 0.898138 0.849993 0.740392 0.693210 0.841498 0.537977 0.926226 0.452337 0.636558 0.576331 0.288351 0.274118 0.333828 0.312993 0.405428 0.436885 0.704273 0.573190 0.331162 0.278991 0.389251 0.311880 0.643862 0.351543 0.283033 0.239891 0.427785 0.659058 0.706612 0.727131 0.541533 0.494304 0.755472 0.773350 0.484711 0.453316 0.790567 0.769356 0.453190 0.489967 0.522151 0.416163 0.326924 0.272293 0.513742 0.609509 0.796316 0.714980 0.695447 0.856257 0.919910 0.665101 0.854973 0.426261 0.446846 0.315596 0.871855 0.769276 0.974240 0.583047 0.635620 0.686481 0.775138 0.979274 0.536421 0.525634 0.772148 0.919466 0.936149 0.838927 0.753018 0.872832 0.841247 0.930224 0.553111 0.860408 0.869128 0.787534
0.599794 0.643246 0.988607 0.821555 0.928651 0.788945 0.838310 0.675635 0.997932 0.669220 0.583217 0.580653 0.384899 0.512985 0.000000 0.369562 0.586911 0.556987 0.585151 0.693260 0.906745 0.993488 0.614887 0.841419 0.953882 0.993636 0.903517 0.995352 0.612351 0.553262 0.606325 0.734120 0.522907 0.556459 0.962952 0.860448 0.838464 0.844297 0.993721 0.962363 0.882724 0.919559 0.576748 0.486773 0.827441 0.559415 0.695126 0.599006 0.633765 0.629101 0.676594 0.616533 0.695752 0.670208 0.918071 0.851655 0.614084 0.633129 0.589767 0.590202 0.646538 0.670745 0.454652 0.513248 0.991043 0.971324 0.774479 0.821633 0.973110 0.885658 0.674037 0.646087 0.731481 0.834508 0.990701 0.882900 0.584096 0.590267 0.572732 0.662748 0.601991 0.578363 0.588673 0.898675 0.699843 0.630162 0.823740 0.960543 0.874483 0.721881 0.903266 0.808051 0.829688 0.687110 0.964000 0.847401 0.846907 0.769358 0.658176 0.622471 0.661391 0.925096 0.699104 0.651469 0.773125 0.773689 0.940179 0.932910 0.766749 0.990628 0.873036 0.876332 0.742333 0.831902 0.593479 0.883426
0.577963 0.572749 0.773685 0.864668 0.867243 0.762178 0.948743 0.665016 0.838338 0.712690 0.561751 0.483447 0.424370 0.389627 0.369562 0.000000 0.563915 0.568532 0.558142 0.640805 0.929877 0.816858 0.745207 0.751153 0.822256 0.799092 0.911645 0.977654 0.611041 0.515346 0.793017 0.882703 0.670177 0.653111 0.784315 0.810673 0.910545 0.823903 0.993297 0.955736 0.930195 0.938638 0.779207 0.599126 0.946178 0.690408 0.758603 0.690672 0.629884 0.591146 0.669846 0.640637 0.779260 0.790612 0.913468 0.984396 0.558618 0.575810 0.590142 0.529509 0.791973 0.666852 0.471588 0.463203 0.785356 0.863271 0.937408 0.928610 0.829102 0.709261 0.687511 0.725839 0.763546 0.757941 0.907812 0.809685 0.683975 0.517195 0.654061 0.604329 0.577740 0.506836 0.675319 0.819417 0.743434 0.565325 0.760506 0.851476 0.940210 0.799315 0.798189 0.586733 0.592169 0.541698 0.996941 0.818855 0.908973 0.654717 0.842893 0.841097 0.758435 0.976510 0.699049 0.652617 0.814588 0.747081 0.963119 0.863683 0.753656 0.881052 0.864588 0.974328 0.746772 0.857013 0.726739 0.826953
0.274584 0.257213 0.729428 0.729208 0.646591 0.857899 0.787524 0.296397 0.915231 0.317078 0.206196 0.217535 0.328451 0.304108 0.586911 0.563915 0.000000 0.168125 0.266787 0.286858 0.959810 0.865202 0.856386 0.818573 0.583701 0.689529 0.857698 0.982341 0.231208 0.197653 0.763631 0.733427 0.417034 0.298603 0.694158 0.740433 0.873511 0.862870 0.962967 0.788940 0.761644 0.720717 0.632375 0.370642 0.629961 0.320552 0.494424 0.384579 0.276283 0.391395 0.336322 0.402654 0.443456 0.486265 0.532691 0.467966 0.244121 0.321901 0.358148 0.452762 0.458460 0.303176 0.224024 0.175537 0.491410 0.716412 0.874680 0.964835 0.604089 0.553043 0.726697 0.606750 0.381342 0.388730 0.771068 0.854628 0.402693 0.482765 0.430769 0.347057 0.201373 0.232410 0.501174 0.467722 0.768130 0.865435 0.748663 0.935468 0.899623 0.663922 0.968300 0.562116 0.610441 0.452249 0.836922 0.695538 0.810144 0.745035 0.411287 0.487547 0.666301 0.852191 0.399330 0.426554 0.767166 0.886524 0.920247 0.999550 0.743521 0.808921 0.968876 0.711845 0.446915 0.847476 0.807052 0.690226
0.237345 0.231519 0.741149 0.729533 0.664811 0.838756 0.821981 0.325380 0.847180 0.356804 0.216134 0.220166 0.323301 0.277453 0.556987 0.568532 0.168125 0.000000 0.231381 0.259095 0.924744 0.825809 0.910132 0.890808 0.631918 0.717218 0.877242 0.915388 0.206880 0.207113 0.764654 0.697260 0.390230 0.321182 0.722872 0.727943 0.888007 0.868170 0.948065 0.781134 0.651456 0.706861 0.648107 0.395103 0.659375 0.331751 0.517679 0.377689 0.255377 0.354989 0.315122 0.361865 0.409368 0.437453 0.511367 0.444285 0.246910 0.285582 0.357043 0.421864 0.470600 0.324914 0.232696 0.187460 0.501914 0.677082 0.850200 0.933777 0.575069 0.525628 0.752375 0.646678 0.345256 0.364282 0.810702 0.789056 0.387568 0.466788 0.397735 0.302694 0.196388 0.218877 0.460113 0.507479 0.747268 0.848435 0.740770 0.907871 0.931664 0.683082 0.987207 0.545549 0.593970 0.419437 0.843641 0.719054 0.797127 0.736144 0.454195 0.495902 0.665505 0.864091 0.405165 0.422159 0.702555 0.904297 0.996880 0.969705 0.794700 0.875305 0.981256 0.771596 0.438226 0.837299 0.806557 0.734750
0.272114 0.254742 0.649880 0.797525 0.564464 0.873359 0.927313 0.416492 0.781454 0.517922 0.288993 0.280152 0.374796 0.294217 0.585151 0.558142 0.266787 0.231381 0.000000 0.263019 0.919762 0.904307 0.971290 0.974050 0.707272 0.718417 0.988139 0.953673 0.292340 0.295620 0.802814 0.793032 0.463147 0.382689 0.681873 0.726383 0.948975 0.890912 0.933702 0.950520 0.668758 0.768369 0.769491 0.531333 0.802828 0.482660 0.547266 0.468857 0.328718 0.348602 0.380763 0.376858 0.453931 0.472827 0.510267 0.498748 0.275650 0.305238 0.396828 0.448446 0.640889 0.407801 0.317422 0.281446 0.475362 0.567909 0.771765 0.823585 0.527777 0.500727 0.717934 0.741188 0.375262 0.386336 0.836117 0.861615 0.352358 0.577340 0.436923 0.342275 0.256200 0.246598 0.522299 0.475115 0.782762 0.863283 0.715491 0.846544 0.929929 0.652396 0.946899 0.518848 0.587769 0.408820 0.813722 0.709719 0.827336 0.627063 0.621871 0.668570 0.694049 0.953262 0.450040 0.495567 0.785700 0.877984 0.931684 0.840264 0.786342 0.936678 0.833219 0.882510 0.551316 0.831287 0.925021 0.696497
0.235400 0.204519 0.569154 0.736652 0.659630 0.814134 0.948756 0.412818 0.756666 0.559179 0.308310 0.235364 0.474341 0.296798 0.693260 0.640805 0.286858 0.259095 0.263019 0.000000 0.959146 0.858286 0.841747 0.944435 0.689882 0.695884 0.966103 0.944175 0.304089 0.344275 0.971960 0.844050 0.617104 0.439314 0.650207 0.603783 0.990454 0.832052 0.992788 0.795595 0.689182 0.720404 0.921816 0.606769 0.906708 0.497607 0.673149 0.538614 0.251879 0.263761 0.287359 0.306756 0.367844 0.402580 0.509188 0.396629 0.274234 0.236202 0.468834 0.380788 0.732307 0.317921 0.399794 0.313835 0.387178 0.621593 0.591531 0.700720 0.410178 0.356157 0.850158 0.840063 0.352636 0.397251 0.794060 0.791421 0.348221 0.580777 0.516643 0.353920 0.267758 0.240930 0.464381 0.525293 0.798370 0.826953 0.684415 0.831225 0.872265 0.715055 0.881668 0.528405 0.546668 0.430835 0.812760 0.746510 0.938209 0.640301 0.644160 0.703510 0.779730 0.952179 0.547628 0.612120 0.777798 0.972857 0.885834 0.877702 0.886533 0.887905 0.894664 0.881843 0.568672 0.801680 0.922648 0.710193
0.921003 0.961366 0.939106 0.997646 0.969241 0.875623 0.895381 0.861398 0.940953 0.969297 0.889460 0.945833 0.956972 0.999404 0.906745 0.929877 0.959810 0.924744 0.919762 0.959146 0.000000 0.842989 0.819329 0.864062 0.868489 0.939768 0.962316 0.983822 0.988064 0.976938 0.905763 0.909608 0.969931 0.994556 0.966853 0.884730 0.677575 0.837402 0.789665 0.874368 0.661512 0.873916 0.956335 0.952083 0.993148 0.977781 0.814409 0.897277 0.889033 0.990050 0.946189 0.976011 0.979297 0.939575 0.827856 0.828098 0.964517 0.988089 0.971062 0.985365 0.907757 0.929723 0.932192 0.986899 0.915224 0.925427 0.917612 0.935267 0.835596 0.927335 0.957851 0.943400 0.858712 0.860811 0.975982 0.882073 0.991509 0.922956 0.955423 0.882522 0.873913 0.844953 0.816397 0.900718 0.687964 0.874980 0.925146 0.936792 0.868472 0.821796 0.788561 0.907198 0.932535 0.863618 0.990975 0.929810 0.949347 0.995308 0.996820 0.977894 0.958072 0.799374 0.947572 0.921165 0.967116 0.972517 0.899539 0.883885 0.931030 0.781110 0.897924 0.917795 0.963285 0.877510 0.953890 0.996049
0.826338 0.791487 0.967318 0.934968 0.954253 0.925072 0.887439 0.937287 0.874576 0.908259 0.933898 0.826569 0.916473 0.795983 0.993488 0.816858 0.865202 0.825809 0.904307 0.858286 0.842989 0.000000 0.953909 0.863708 0.969082 0.882099 0.949188 0.936605 0.872476 0.898162 0.983171 0.972470 0.999364 0.967116 0.875639 0.919786 0.951988 0.650090 0.907903 0.746249 0.776013 0.788564 0.973621 0.913099 0.971600 0.887299 0.906867 0.915488 0.787669 0.867127 0.819450 0.873926 0.919309 0.936645 0.944202 0.871386 0.896277 0.840147 0.967279 0.836643 0.981460 0.868477 0.926031 0.845183 0.900458 0.998725 0.881186 0.916958 0.928732 0.923847 0.980757 0.900827 0.856696 0.836401 0.847750 0.974963 0.921214 0.855742 0.952377 0.840635 0.832376 0.768614 0.883789 0.883941 0.769767 0.807931 0.855105 0.886831 0.956589 0.817518 0.948151 0.726284 0.843315 0.865717 0.942803 0.848684 0.998120 0.907171 0.979454 0.961001 0.939346 0.980436 0.969110 0.995359 0.948494 0.991297 0.933922 0.775094 0.910972 0.840936 0.959021 0.938721 0.894217 0.829578 0.975587 0.948616
0.896413 0.888371 0.657521 0.833831 0.862130 0.906374 0.972297 0.789489 0.903361 0.793469 0.776319 0.822678 0.913096 0.975978 0.614887 0.745207 0.856386 0.910132 0.971290 0.841747 0.819329 0.953909 0.000000 0.460134 0.580246 0.656379 0.834841 0.947536 0.828252 0.816236 0.748980 0.954351 0.849305 0.909353 0.811975 0.786742 0.775416 0.819638 0.984582 0.889372 0.936097 0.879126 0.867911 0.983357 0.907971 0.866757 0.939920 0.974808 0.882212 0.903159 0.863310 0.945317 0.959671 0.971647 0.834789 0.816768 0.855659 0.889333 0.916341 0.913966 0.867325 0.683228 0.891831 0.842801 0.592103 0.876874 0.700525 0.858708 0.847406 0.803338 0.840749 0.970240 0.993072 0.857894 0.843447 0.953430 0.918010 0.936055 0.948812 0.961155 0.877948 0.940298 0.884067 0.850414 0.669531 0.604645 0.998109 0.851885 0.759279 0.868016 0.945952 0.903693 0.829371 0.997842 0.895411 0.906952 0.931866 0.991615 0.906070 0.967497 0.938554 0.915335 0.948513 0.880309 0.980345 0.773207 0.883127 0.839554 0.961413 0.955941 0.973086 0.852782 0.952972 0.963322 0.874357 0.908415
0.981677 0.999906 0.953041 0.909712 0.972561 0.902950 0.632939 0.676012 0.647733 0.674559 0.775839 0.935347 0.981728 0.869252 0.841419 0.751153 0.818573 0.890808 0.974050 0.944435 0.864062 0.863708 0.460134 0.000000 0.690569 0.917578 0.713387 0.920817 0.797290 0.790944 0.930633 0.753464 0.839421 0.750814 0.949778 0.945648 0.958705 0.877485 0.878929 0.949617 0.935278 0.882633 0.787418 0.771450 0.639013 0.764565 0.901421 0.862260 0.950392 0.967737 0.945080 0.965460 0.929317 0.986360 0.860342 0.906668 0.867835 0.987525 0.910967 0.938418 0.686870 0.748766 0.811244 0.872095 0.891188 0.954824 0.877344 0.677781 0.879795 0.971157 0.974161 0.938183 0.912019 0.894895 0.795585 0.987078 0.841711 0.942568 0.885989 0.990281 0.881399 0.992253 0.878595 0.936000 0.767510 0.531157 0.968618 0.667272 0.836375 0.867882 0.787926 0.807649 0.815072 0.792946 0.988507 0.974508 0.936026 0.854254 0.633905 0.799942 0.765789 0.742256 0.915402 0.847560 0.937208 0.977756 0.977918 0.701142 0.896518 0.992273 0.778722 0.742644 0.901394 0.953975 0.893961 0.885151
0.699193 0.680245 0.560056 0.863850 0.939454 0.822495 0.993995 0.558808 0.958101 0.624421 0.516605 0.513774 0.699303 0.635301 0.953882 0.822256 0.583701 0.631918 0.707272 0.689882 0.868489 0.969082 0.580246 0.690569 0.000000 0.377960 0.681091 0.827320 0.574097 0.494932 0.823102 0.970998 0.890059 0.731260 0.629819 0.741712 0.773812 0.790129 0.933205 0.977386 0.999095 0.992273 0.935412 0.757604 0.941904 0.704612 0.748220 0.848804 0.669425 0.701360 0.745630 0.785437 0.862994 0.850351 0.871772 0.854582 0.647771 0.661280 0.632283 0.615210 0.639457 0.548973 0.493558 0.532945 0.426689 0.661636 0.769055 0.843387 0.914751 0.798442 0.952931 0.980200 0.771083 0.704362 0.820262 0.800665 0.796543 0.809256 0.930558 0.767482 0.709129 0.764495 0.945314 0.931541 0.655429 0.735601 0.914602 0.826397 0.585898 0.926321 0.866528 0.744351 0.668383 0.708763 0.913784 0.817543 0.916871 0.812754 0.713523 0.907182 0.854368 0.982787 0.780483 0.711021 0.998197 0.911317 0.981962 0.972117 0.866117 0.772097 0.968130 0.878714 0.788987 0.981774 0.976051 0.851165
0.744121 0.741579 0.376626 0.767972 0.863023 0.982844 0.737548 0.816255 0.732548 0.795360 0.653311 0.573384 0.785614 0.635485 0.993636 0.799092 0.689529 0.717218 0.718417 0.695884 0.939768 0.882099 0.656379 0.917578 0.377960 0.000000 0.901304 0.937847 0.726882 0.645815 0.577592 0.721457 0.893881 0.884721 0.513656 0.722918 0.732383 0.884740 0.761592 0.921510 0.985862 0.897361 0.762663 0.994225 0.835129 0.946187 0.916540 0.953866 0.780260 0.800619 0.860703 0.928231 0.981609 0.957360 0.851810 0.873276 0.682370 0.695090 0.678780 0.714930 0.897539 0.726390 0.670737 0.656969 0.413117 0.480887 0.620521 0.602941 0.786772 0.774008 0.912468 0.929182 0.793663 0.806300 0.902023 0.924510 0.850927 0.932616 0.906269 0.865484 0.828293 0.794657 0.913138 0.893929 0.675060 0.756037 0.805373 0.869808 0.709268 0.964283 0.556242 0.513146 0.438478 0.610353 0.752241 0.782201 0.907694 0.651469 0.991444 0.931466 0.883882 0.719577 0.926015 0.901031 0.897381 0.754400 0.971735 0.748917 0.908666 0.748228 0.889562 0.929086 0.947506 0.891246 0.866958 0.829662
0.898826 0.953827 0.888718 0.998388 0.990049 0.966832 0.685939 0.806971 0.749603 0.722268 0.910231 0.984725 0.970496 0.929077 0.903517 0.911645 0.857698 0.877242 0.988139 0.966103 0.962316 0.949188 0.834841 0.713387 0.681091 0.901304 0.000000 0.730922 0.851627 0.866930 0.985228 0.758899 0.814666 0.859947 0.708256 0.974025 0.960349 0.926453 0.913893 0.968471 0.984793 0.970226 0.721371 0.830000 0.687382 0.837911 0.912068 0.830687 0.997343 0.807172 0.970767 0.849271 0.854668 0.924929 0.864692 0.999692 0.971633 0.854916 0.993814 0.855883 0.711943 0.897844 0.857478 0.902712 0.938516 0.932582 0.762087 0.695753 0.806295 0.759259 0.986701 0.901105 0.902680 0.892030 0.938648 0.900581 0.938683 0.933981 0.980037 0.966043 0.922218 0.999399 0.875145 0.937077 0.867519 0.759392 0.947147 0.812406 0.712577 0.835583 0.886680 0.868124 0.867081 0.917928 0.851728 0.875050 0.919290 0.822724 0.688114 0.773756 0.849687 0.790504 0.925539 0.817843 0.890612 0.965191 0.978352 0.841175 0.905849 0.915723 0.804503 0.791887 0.814128 0.760759 0.991035 0.873913
0.996985 0.994432 0.973663 0.948539 0.900530 0.885840 0.851228 0.852514 0.857293 0.864257 0.905269 0.947419 0.960889 0.975704 0.995352 0.977654 0.982341 0.915388 0.953673 0.944175 0.983822 0.936605 0.947536 0.920817 0.827320 0.937847 0.730922 0.000000 0.884168 0.864332 0.999738 0.816335 0.939289 0.995152 0.959372 0.677577 0.765443 0.945062 0.963000 0.966277 0.943851 0.864393 0.859998 0.952630 0.888291 0.860960 0.919041 0.841715 0.992501 0.963055 0.979760 0.964267 0.976556 0.974449 0.928259 0.874421 0.969727 0.987484 0.977390 0.963909 0.860362 0.882818 0.931044 0.942000 0.970293 0.963503 0.961267 0.924884 0.970395 0.946266 0.950466 0.940261 0.822309 0.932489 0.999454 0.908736 0.938173 0.918924 0.945319 0.998462 0.985890 0.982944 0.962550 0.992730 0.779009 0.797198 0.905828 0.811165 0.863903 0.686520 0.899097 0.937356 0.913054 0.965924 0.980635 0.797394 0.956450 0.969059 0.959008 0.972382 0.948739 0.919921 0.983500 0.897920 0.994349 0.916565 0.827228 0.856043 0.825260 0.918506 0.828092 0.945558 0.947182 0.943652 0.981036 0.944579
0.280870 0.255839 0.720423 0.792428 0.733234 0.729110 0.830284 0.291770 0.937903 0.350913 0.218318 0.249803 0.347880 0.323466 0.612351 0.611041 0.231208 0.206880 0.292340 0.304089 0.988064 0.872476 0.828252 0.797290 0.574097 0.726882 0.851627 0.884168 0.000000 0.202403 0.789253 0.658881 0.417621 0.318314 0.731465 0.724037 0.945486 0.906909 0.914322 0.801988 0.722370 0.703985 0.657007 0.411092 0.661849 0.305549 0.552099 0.430779 0.271027 0.315938 0.280255 0.328372 0.391490 0.374312 0.567808 0.457099 0.307921 0.310629 0.346348 0.388751 0.445720 0.263725 0.238909 0.213304 0.466186 0.705498 0.838624 0.935372 0.669105 0.551008 0.796021 0.748695 0.361390 0.398061 0.772625 0.757119 0.377461 0.481489 0.442243 0.333641 0.254653 0.298904 0.522027 0.548061 0.845996 0.960861 0.791242 0.978343 0.868203 0.743651 0.905604 0.613357 0.675002 0.500767 0.782442 0.715110 0.809847 0.720427 0.439906 0.544060 0.601264 0.787799 0.423981 0.416382 0.646692 0.889129 0.973105 0.991149 0.732445 0.973522 0.961021 0.754821 0.435501 0.804273 0.878444 0.724513
0.304914 0.291703 0.706069 0.818532 0.735534 0.715754 0.775772 0.262696 0.980500 0.300913 0.202149 0.225366 0.295168 0.303690 0.553262 0.515346 0.197653 0.207113 0.295620 0.344275 0.976938 0.898162 0.816236 0.790944 0.494932 0.645815 0.866930 0.864332 0.202403 0.000000 0.711619 0.695604 0.424298 0.306698 0.660508 0.686484 0.927032 0.955662 0.949578 0.828671 0.744251 0.745095 0.571090 0.329836 0.617590 0.285197 0.495607 0.389421 0.293983 0.363579 0.347540 0.385244 0.457705 0.467652 0.633802 0.563676 0.283322 0.324706 0.328501 0.394932 0.406136 0.279261 0.186523 0.162033 0.478580 0.692432 0.867407 0.989637 0.718826 0.579796 0.752763 0.652288 0.443187 0.438211 0.791957 0.807966 0.413471 0.464206 0.446888 0.369608 0.243173 0.307356 0.562861 0.537155 0.919785 0.975410 0.753982 0.968541 0.852795 0.776258 0.999312 0.583235 0.620975 0.471919 0.859967 0.687943 0.780404 0.701569 0.450184 0.543093 0.556687 0.795402 0.416679 0.373442 0.706465 0.869812 0.987109 0.970584 0.660003 0.841506 0.985460 0.699451 0.443247 0.783577 0.800425 0.727869
0.844436 0.828776 0.660951 0.870722 0.941506 0.818881 0.564806 0.682272 0.653878 0.636745 0.838747 0.910783 0.704972 0.902392 0.606325 0.793017 0.763631 0.764654 0.802814 0.971960 0.905763 0.983171 0.748980 0.930633 0.823102 0.577592 0.985228 0.999738 0.789253 0.711619 0.000000 0.434339 0.528654 0.599507 0.831483 0.944875 0.688750 0.963396 0.889108 0.915661 0.914396 0.987633 0.347637 0.406501 0.482734 0.519439 0.626872 0.513230 0.775000 0.852256 0.798096 0.754738 0.771909 0.717384 0.992405 0.928150 0.811420 0.897275 0.929223 0.896038 0.696435 0.834064 0.730706 0.758819 0.810508 0.747650 0.704760 0.496802 0.790309 0.899414 0.653734 0.682831 0.951958 0.844291 0.859995 0.903465 0.712126 0.668653 0.766403 0.712678 0.703286 0.814793 0.875741 0.915275 0.779290 0.838394 0.958540 0.667550 0.803833 0.814519 0.662040 0.861744 0.788444 0.995312 0.856037 0.972016 0.807477 0.980523 0.641079 0.601625 0.508673 0.676622 0.641191 0.693672 0.733172 0.669207 0.929065 0.800081 0.759671 0.825661 0.796023 0.639138 0.656480 0.938274 0.665930 0.909962
0.835010 0.810247 0.777698 0.869312 0.912246 0.742553 0.556289 0.636180 0.653415 0.620013 0.783827 0.881833 0.788401 0.951282 0.734120 0.882703 0.733427 0.697260 0.793032 0.844050 0.909608 0.972470 0.954351 0.753464 0.970998 0.721457 0.758899 0.816335 0.658881 0.695604 0.434339 0.000000 0.465725 0.574841 0.833023 0.970430 0.744136 0.888771 0.793725 0.921496 0.938306 0.975829 0.408217 0.456450 0.471159 0.520636 0.634650 0.453719 0.761287 0.831862 0.767942 0.769584 0.828293 0.706479 0.875583 0.805872 0.774739 0.899020 0.904833 0.905053 0.716882 0.780651 0.729163 0.751784 0.928000 0.850511 0.802014 0.562094 0.810756 0.938499 0.586806 0.692284 0.816188 0.867863 0.923437 0.879344 0.670520 0.722735 0.671097 0.636741 0.665511 0.810576 0.806897 0.916167 0.865606 0.948501 0.954066 0.673605 0.871997 0.929517 0.685866 0.850050 0.765531 0.967649 0.964446 0.991791 0.799954 0.912036 0.628716 0.672168 0.572829 0.773998 0.658125 0.734697 0.687973 0.845209 0.924589 0.809444 0.793181 0.797565 0.707241 0.601780 0.698017 0.859704 0.780593 0.982106
0.559627 0.563138 0.798998 0.624682 0.857516 0.747800 0.490003 0.422894 0.940191 0.435371 0.449472 0.567091 0.439626 0.610320 0.522907 0.670177 0.417034 0.390230 0.463147 0.617104 0.969931 0.999364 0.849305 0.839421 0.890059 0.893881 0.814666 0.939289 0.417621 0.424298 0.528654 0.465725 0.000000 0.368630 0.905988 0.981269 0.660008 0.893874 0.904463 0.904728 0.816965 0.877145 0.379254 0.341833 0.451564 0.370199 0.565626 0.395926 0.557329 0.661121 0.593425 0.613149 0.678173 0.591311 0.707508 0.741546 0.504757 0.629131 0.532955 0.710218 0.423944 0.558809 0.404914 0.434822 0.950025 0.964274 0.697072 0.636344 0.957668 0.818489 0.681950 0.638273 0.602076 0.600596 0.820033 0.933807 0.511021 0.566532 0.438021 0.461314 0.416266 0.512747 0.611934 0.592452 0.677337 0.875093 0.937933 0.960462 0.967269 0.759069 0.762111 0.908328 0.967933 0.796959 0.949625 0.851490 0.715437 0.957337 0.450818 0.444638 0.595394 0.697505 0.497899 0.467294 0.584351 0.699152 0.995787 0.828975 0.724329 0.992006 0.873316 0.627326 0.499558 0.701789 0.744539 0.818725
0.397273 0.412717 0.910159 0.757323 0.730871 0.768139 0.620326 0.322877 0.992943 0.385064 0.346146 0.377968 0.384721 0.426078 0.556459 0.653111 0.298603 0.321182 0.382689 0.439314 0.994556 0.967116 0.909353 0.750814 0.731260 0.884721 0.859947 0.995152 0.318314 0.306698 0.599507 0.574841 0.368630 0.000000 0.896658 0.816924 0.823415 0.872978 0.933732 0.870697 0.823837 0.799801 0.456877 0.286419 0.487670 0.298180 0.516936 0.401325 0.387854 0.478525 0.446124 0.473772 0.548358 0.522697 0.734735 0.605656 0.408488 0.473786 0.470465 0.552562 0.442812 0.373090 0.286164 0.310313 0.668537 0.927206 0.946258 0.778841 0.842506 0.738006 0.636190 0.595573 0.536039 0.552379 0.762504 0.902013 0.342120 0.537149 0.459985 0.442496 0.347561 0.414488 0.544832 0.569293 0.790031 0.898772 0.849291 0.854486 0.920259 0.753977 0.865975 0.725927 0.809045 0.641840 0.893788 0.693024 0.863155 0.939804 0.376040 0.508345 0.625676 0.752499 0.417403 0.476147 0.711845 0.863540 0.895785 0.923491 0.666718 0.976897 0.954665 0.601114 0.493361 0.869056 0.782543 0.825411
0.670342 0.659124 0.449746 0.962591 0.851619 0.924105 0.692244 0.808821 0.714199 0.850783 0.688855 0.568579 0.756463 0.587687 0.962952 0.784315 0.694158 0.722872 0.681873 0.650207 0.966853 0.875639 0.811975 0.949778 0.629819 0.513656 0.708256 0.959372 0.731465 0.660508 0.831483 0.833023 0.905988 0.896658 0.000000 0.825677 0.733533 0.939768 0.946755 0.798671 0.955971 0.936105 0.789346 0.944805 0.851086 0.864189 0.887479 0.916290 0.679388 0.628718 0.768023 0.744506 0.794079 0.893167 0.956391 0.828095 0.666358 0.572273 0.773237 0.632612 0.984644 0.728462 0.713483 0.646165 0.521840 0.606978 0.520207 0.574193 0.718656 0.588034 0.862926 0.924842 0.771943 0.886329 0.903819 0.999148 0.925169 0.878605 0.818806 0.777851 0.745522 0.721377 0.735820 0.853311 0.816077 0.954572 0.835659 0.796276 0.894933 0.909182 0.657386 0.518017 0.560350 0.527149 0.857807 0.775275 0.973199 0.661452 0.933604 0.812990 0.938685 0.796594 0.913743 0.928605 0.790396 0.848968 0.919590 0.773651 0.936807 0.904613 0.895762 0.894595 0.954442 0.868005 0.731613 0.812212
0.618450 0.617529 0.621355 0.905323 0.862405 0.878574 0.858726 0.726680 0.933603 0.846524 0.706432 0.606524 0.745322 0.638783 0.860448 0.810673 0.740433 0.727943 0.726383 0.603783 0.884730 0.919786 0.786742 0.945648 0.741712 0.722918 0.974025 0.677577 0.724037 0.686484 0.944875 0.970430 0.981269 0.816924 0.825677 0.000000 0.740495 0.991001 0.958324 0.881316 0.955136 0.998815 0.913004 0.901189 0.942841 0.767494 0.872116 0.825154 0.662198 0.565236 0.595442 0.577855 0.622093 0.631446 0.698862 0.711419 0.587218 0.562008 0.690636 0.544864 0.856942 0.587109 0.728740 0.669803 0.645865 0.817515 0.632867 0.758909 0.638713 0.598223 0.952850 0.980920 0.797459 0.849997 0.934500 0.830741 0.639800 0.944202 0.875191 0.854469 0.774790 0.724246 0.793099 0.855265 0.933652 0.911264 0.686731 0.916004 0.997401 0.932605 0.824855 0.692786 0.593706 0.656165 0.902821 0.927282 0.988398 0.634176 0.914353 0.981582 0.905883 0.943028 0.817431 0.785468 0.865260 0.977266 0.937434 0.919155 0.911954 0.969987 0.936552 0.925196 0.883512 0.921683 0.890890 0.817046
0.976856 0.966540 0.764959 0.962050 0.930106 0.972962 0.833880 0.985119 0.878441 0.869671 0.990879 0.993845 0.931500 0.989552 0.838464 0.910545 0.873511 0.888007 0.948975 0.990454 0.677575 0.951988 0.775416 0.958705 0.773812 0.732383 0.960349 0.765443 0.945486 0.927032 0.688750 0.744136 0.660008 0.823415 0.733533 0.740495 0.000000 0.785891 0.866673 0.778818 0.889360 0.826102 0.741063 0.771063 0.705846 0.850369 0.922052 0.933764 0.929634 0.938221 0.973085 0.997122 0.984901 0.964583 0.957300 0.896964 0.981874 0.996493 0.920543 0.854586 0.936687 0.989267 0.974883 0.935781 0.853390 0.833595 0.799952 0.805853 0.975392 0.986482 0.811061 0.724849 0.960672 0.891118 0.951522 0.943460 0.973685 0.689053 0.901229 0.813634 0.820465 0.842583 0.867078 0.795983 0.666375 0.793794 0.829422 0.900383 0.883042 0.749589 0.993701 0.997348 0.972208 0.967747 0.976515 0.873194 0.907072 0.888833 0.866713 0.818298 0.888230 0.979286 0.871233 0.805341 0.857135 0.925115 0.818118 0.993314 0.848365 0.993672 0.972256 0.830824 0.818162 0.889942 0.964693 0.936837
0.914025 0.871864 0.925162 0.812317 0.828414 0.995368 0.972239 0.965631 0.982229 0.914584 0.971438 0.971757 0.884584 0.976001 0.844297 0.823903 0.862870 0.868170 0.890912 0.832052 0.837402 0.650090 0.819638 0.877485 0.790129 0.884740 0.926453 0.945062 0.906909 0.955662 0.963396 0.888771 0.893874 0.872978 0.939768 0.991001 0.785891 0.000000 0.856692 0.772782 0.635510 0.823292 0.973358 0.994239 0.781284 0.851802 0.918046 0.902457 0.875785 0.960831 0.879856 0.930042 0.872797 0.905344 0.826921 0.740025 0.909009 0.896098 0.975228 0.881785 0.974351 0.876281 0.918254 0.933180 0.978882 0.913898 0.955745 0.942580 0.831607 0.839728 0.973058 0.844022 0.732704 0.807047 0.921014 0.983284 0.805101 0.985816 0.912397 0.826905 0.784860 0.772443 0.818209 0.611252 0.742642 0.866359 0.988217 0.820289 0.938752 0.694531 0.974088 0.883504 0.958364 0.972328 0.952556 0.789930 0.838569 0.902719 0.973478 0.887288 0.940092 0.965454 0.945208 0.914742 0.996407 0.978126 0.929972 0.898292 0.889167 0.924274 0.977638 0.857855 0.949076 0.991656 0.901655 0.862681
