0.000000 0.332704 0.664463 0.676230 0.868545 0.634961 0.347315 0.362921 0.470259 0.497436 0.370384 0.279872 0.386605 0.433774 0.574341 0.647719 0.398479 0.419696 0.407191 0.416864 0.978707 0.854282 0.769248 0.996516 0.819346 0.977770 0.725857 0.876290 0.422089 0.498960 0.896611 0.965248 0.443709 0.372279 0.651466 0.958577 0.863078 0.962120 0.780626 0.964785 0.821710 0.802828 0.611726 0.611777 0.614197 0.584073 0.595068 0.565174 0.905239 0.831881 0.703368 0.605451 0.788269 0.878307 0.816962 0.719572 0.398085 0.349640 0.234185 0.295033 0.256730 0.332320 0.394305 0.352616 0.759495 0.632104 0.493776 0.530718 0.535389 0.648637 0.569809 0.719263 0.864108 0.852169 0.909478 0.905364 0.578177 0.799218 0.593424 0.866161 0.412739 0.656482 0.899894 0.744078 0.691788 0.826263 0.967336 0.805528 0.638133 0.649545 0.611749 0.657375 0.696384 0.641625 0.781879 0.848430 0.573857 0.727256 0.425611 0.402488 0.619475 0.657479 0.543361 0.640314 0.492610 0.440556 0.788687 0.573558 0.688126 0.686573 0.611800 0.689898 0.599835 0.863218 0.605880 0.847026
0.332704 0.000000 0.573269 0.505684 0.982033 0.676297 0.354005 0.321099 0.630142 0.673313 0.633585 0.443160 0.649891 0.554342 0.777057 0.722579 0.510768 0.517566 0.392101 0.304919 0.772315 0.761046 0.689974 0.790441 0.910268 0.771404 0.893621 0.912435 0.606701 0.660925 0.656061 0.733928 0.386788 0.324394 0.550543 0.796371 0.758536 0.872517 0.963512 0.887614 0.641923 0.853900 0.408293 0.424887 0.526306 0.534752 0.526238 0.467822 0.966612 0.758694 0.585480 0.506798 0.723190 0.757458 0.771485 0.692823 0.346447 0.316365 0.408226 0.345132 0.415147 0.318528 0.643279 0.586029 0.672765 0.449905 0.337981 0.370168 0.462063 0.504689 0.458963 0.571493 0.608386 0.624422 0.816418 0.796799 0.588729 0.702885 0.687053 0.794739 0.471403 0.617213 0.797514 0.792697 0.663062 0.599235 0.943112 0.878948 0.687275 0.608887 0.529244 0.734422 0.598957 0.695507 0.716646 0.919852 0.510449 0.719787 0.440720 0.462169 0.613060 0.655033 0.535265 0.766916 0.425144 0.410291 0.849116 0.527293 0.705859 0.676943 0.601578 0.649497 0.661578 0.736005 0.540236 0.944589
0.664463 0.573269 0.000000 0.211222 0.960006 0.833428 0.395778 0.493777 0.639156 0.967708 0.976845 0.769607 0.793855 0.739127 0.781404 0.641611 0.974951 0.967970 0.571541 0.548586 0.513560 0.860344 0.339844 0.420022 0.389513 0.304676 0.902120 0.887427 0.964253 0.931552 0.402038 0.574650 0.457281 0.460726 0.490568 0.790910 0.474230 0.653624 0.833907 0.742157 0.837160 0.952749 0.440270 0.592737 0.770194 0.849244 0.398380 0.483009 0.850353 0.891952 0.743659 0.780818 0.867370 0.851063 0.636684 0.690820 0.909106 0.857924 0.711751 0.697183 0.576501 0.517232 0.960826 0.972507 0.231805 0.299887 0.378083 0.393471 0.605293 0.780003 0.459475 0.504970 0.533132 0.614021 0.792289 0.956541 0.597970 0.524860 0.949130 0.718584 0.778581 0.605709 0.737075 0.811318 0.382732 0.321077 0.914532 0.926657 0.571489 0.562209 0.682207 0.815854 0.679864 0.705862 0.638724 0.719456 0.678864 0.937531 0.745513 0.688506 0.832841 0.977734 0.915827 0.953391 0.602161 0.503689 0.752328 0.888662 0.790661 0.782121 0.697164 0.901186 0.869815 0.903827 0.794794 0.906431
0.676230 0.505684 0.211222 0.000000 0.898933 0.765907 0.376437 0.437067 0.697879 0.965651 0.985235 0.723388 0.902091 0.732141 0.888882 0.717596 0.959487 0.975919 0.571615 0.483784 0.462036 0.813856 0.387519 0.388592 0.402132 0.308955 0.941555 0.903874 0.956704 0.979962 0.401506 0.539525 0.453958 0.443400 0.479928 0.698556 0.536375 0.618120 0.768466 0.767215 0.738105 0.936902 0.402830 0.521392 0.754197 0.858626 0.368452 0.441665 0.779396 0.920389 0.687525 0.736811 0.845940 0.789637 0.706453 0.692989 0.854726 0.839730 0.690081 0.626758 0.605148 0.462290 0.918291 0.938858 0.294460 0.226559 0.292542 0.300585 0.615717 0.760422 0.380325 0.397035 0.465704 0.573350 0.708227 0.838886 0.586755 0.494290 0.981681 0.695941 0.834163 0.694308 0.760471 0.869196 0.473116 0.340027 0.865234 0.969502 0.637383 0.623095 0.577396 0.797400 0.585151 0.669987 0.676218 0.679109 0.572610 0.825425 0.682270 0.673534 0.729213 0.892475 0.856537 0.998268 0.535164 0.480296 0.764641 0.795659 0.727181 0.734297 0.665520 0.843710 0.883621 0.848335 0.673638 0.864748
0.868545 0.982033 0.960006 0.898933 0.000000 0.971634 0.984661 0.952387 0.739171 0.755640 0.804729 0.879629 0.611548 0.827913 0.575160 0.783435 0.802039 0.853375 0.818337 0.975362 0.872142 0.772148 0.873442 0.868743 0.914465 0.832871 0.740219 0.964640 0.783043 0.831891 0.842291 0.731648 0.923607 0.988092 0.881759 0.868298 0.940504 0.889647 0.992441 0.627745 0.858396 0.958842 0.912932 0.860404 0.962208 0.971547 0.952943 0.906781 0.814125 0.821063 0.805017 0.782777 0.860326 0.667350 0.889156 0.998266 0.864083 0.761258 0.827101 0.995543 0.804220 0.981022 0.691660 0.766757 0.808269 0.920004 0.932411 0.883498 0.994464 0.989697 0.982312 0.805582 0.774995 0.762796 0.913264 0.880705 0.940984 0.952222 0.948170 0.934928 0.730089 0.884567 0.877318 0.611589 0.664977 0.960708 0.925695 0.874732 0.726349 0.858823 0.843523 0.970103 0.827485 0.978723 0.968332 0.958390 0.815699 0.837657 0.996028 0.997195 0.738866 0.816286 0.929387 0.895698 0.873417 0.879977 0.861102 0.900456 0.959675 0.923328 0.907036 0.860041 0.904448 0.889764 0.828271 0.967828
0.634961 0.676297 0.833428 0.765907 0.971634 0.000000 0.565255 0.498942 0.583227 0.604382 0.731638 0.643489 0.877909 0.931670 0.992215 0.987630 0.822931 0.791789 0.783692 0.690422 0.997169 0.798456 0.952269 0.885536 0.864067 0.960920 0.653673 0.878980 0.807177 0.968635 0.985491 0.933242 0.720494 0.690604 0.823074 0.985547 0.981119 0.922111 0.871284 0.978743 0.780289 0.925774 0.673412 0.617270 0.725617 0.734467 0.695378 0.737059 0.925192 0.819822 0.737478 0.704297 0.805544 0.800716 0.794348 0.729376 0.792278 0.771564 0.643652 0.544402 0.653456 0.531029 0.895412 0.854777 0.950702 0.700088 0.637742 0.610681 0.728284 0.622339 0.727801 0.755508 0.826158 0.886473 0.853379 0.850490 0.744279 0.836182 0.996829 0.900242 0.855040 0.902977 0.823753 0.988670 0.977366 0.995483 0.950429 0.891406 0.856368 0.963651 0.555484 0.598099 0.571238 0.604893 0.932234 0.820165 0.710412 0.780130 0.537769 0.601746 0.696208 0.693779 0.726268 0.673768 0.748226 0.708440 0.813002 0.702185 0.911562 0.829486 0.680893 0.673810 0.672844 0.816237 0.546100 0.822839
0.347315 0.354005 0.395778 0.376437 0.984661 0.565255 0.000000 0.198382 0.358878 0.544263 0.583534 0.414243 0.663502 0.671878 0.782350 0.738655 0.580618 0.599730 0.452382 0.423170 0.788424 0.795802 0.672243 0.830171 0.849213 0.676793 0.728396 0.877242 0.604810 0.651315 0.637618 0.802065 0.413042 0.301419 0.454808 0.868190 0.774997 0.847581 0.928120 0.886976 0.709733 0.860839 0.363821 0.357430 0.453257 0.486901 0.437370 0.420797 0.885367 0.669079 0.462769 0.442287 0.556558 0.581398 0.646632 0.615135 0.631811 0.568466 0.355143 0.399950 0.364400 0.303354 0.691372 0.617079 0.592414 0.439964 0.254588 0.328941 0.539727 0.650165 0.356779 0.483846 0.567519 0.650511 0.800111 0.952439 0.419018 0.610322 0.717166 0.852568 0.534388 0.670572 0.892461 0.816373 0.687339 0.681803 0.920625 0.794435 0.637530 0.641709 0.347570 0.499177 0.407079 0.435096 0.631702 0.696584 0.374296 0.637519 0.328561 0.360598 0.568204 0.601392 0.580329 0.667022 0.403237 0.340226 0.660237 0.562526 0.649561 0.611784 0.483933 0.628757 0.612536 0.752805 0.524484 0.828147
0.362921 0.321099 0.493777 0.437067 0.952387 0.498942 0.198382 0.000000 0.446789 0.512413 0.572112 0.370744 0.703974 0.636306 0.865066 0.844195 0.625514 0.621923 0.516904 0.415435 0.806988 0.768887 0.777401 0.895653 0.928303 0.729964 0.672544 0.837866 0.617881 0.701346 0.664198 0.785482 0.430092 0.329184 0.478062 0.845014 0.874448 0.883153 0.929274 0.890285 0.637271 0.821774 0.374935 0.374294 0.558805 0.575721 0.493672 0.495659 0.995576 0.760017 0.540876 0.503154 0.653885 0.655550 0.762898 0.650336 0.571175 0.547884 0.375700 0.343332 0.360113 0.226693 0.711133 0.619855 0.686270 0.399124 0.253614 0.290440 0.576673 0.595109 0.377657 0.439938 0.610215 0.635332 0.809920 0.853049 0.509252 0.693811 0.815442 0.869251 0.592620 0.759548 0.950577 0.934479 0.767557 0.737152 0.989824 0.736140 0.660463 0.721439 0.312939 0.539874 0.368149 0.451443 0.676020 0.691180 0.385064 0.578095 0.328662 0.384568 0.471191 0.559657 0.570235 0.683603 0.384462 0.327586 0.621827 0.526693 0.648806 0.572593 0.451169 0.587449 0.569643 0.778722 0.446180 0.850072
0.470259 0.630142 0.639156 0.697879 0.739171 0.583227 0.358878 0.446789 0.000000 0.463103 0.431858 0.492316 0.595027 0.763359 0.707696 0.737103 0.613303 0.633792 0.667940 0.679672 0.973438 0.920986 0.851808 0.907435 0.905813 0.949680 0.737240 0.760851 0.543390 0.639476 0.916691 0.958160 0.610748 0.524463 0.672081 0.981136 0.885316 0.985936 0.840829 0.888476 0.798907 0.813559 0.657446 0.600054 0.565115 0.597544 0.698867 0.726543 0.707432 0.805815 0.666142 0.678579 0.663546 0.813166 0.584320 0.724238 0.835537 0.695609 0.436010 0.584205 0.429990 0.483306 0.629611 0.560742 0.757660 0.762403 0.558073 0.630855 0.685076 0.720439 0.583653 0.767992 0.821407 0.904682 0.865699 0.973537 0.586003 0.812573 0.672765 0.994899 0.567082 0.716340 0.943940 0.651498 0.764221 0.901799 0.858938 0.894371 0.573291 0.743423 0.588250 0.519647 0.609130 0.489458 0.743989 0.885826 0.672941 0.731970 0.467292 0.493245 0.732949 0.746381 0.702872 0.749040 0.626931 0.544038 0.776045 0.668481 0.754592 0.823972 0.624668 0.759902 0.644499 0.856903 0.720888 0.943628
0.497436 0.673313 0.967708 0.965651 0.755640 0.604382 0.544263 0.512413 0.463103 0.000000 0.403726 0.469839 0.684161 0.871052 0.773209 0.916413 0.455793 0.449339 0.691868 0.752126 0.730470 0.928003 0.777508 0.491592 0.580204 0.695078 0.664437 0.792518 0.392495 0.547559 0.793486 0.693216 0.817783 0.669467 0.780874 0.905258 0.839012 0.873457 0.744783 0.935735 0.831764 0.751853 0.799480 0.679671 0.574280 0.551704 0.870944 0.886353 0.619224 0.773117 0.647960 0.635849 0.706205 0.806827 0.899281 0.796116 0.669693 0.600774 0.449332 0.653187 0.610258 0.616094 0.511717 0.420272 0.836276 0.961034 0.713403 0.830733 0.811198 0.762708 0.623995 0.843052 0.981091 0.922096 0.983801 0.985512 0.631245 0.950869 0.797227 0.859890 0.517477 0.837005 0.955171 0.778256 0.912953 0.712875 0.793669 0.673241 0.778873 0.985010 0.498580 0.476225 0.548403 0.466141 0.872042 0.779647 0.641329 0.643106 0.385679 0.476659 0.651115 0.603377 0.469131 0.562579 0.678462 0.682860 0.833571 0.610349 0.829279 0.761131 0.624510 0.681969 0.455028 0.797862 0.743906 0.874594
0.370384 0.633585 0.976845 0.985235 0.804729 0.731638 0.583534 0.572112 0.431858 0.403726 0.000000 0.324437 0.409986 0.527228 0.648113 0.749167 0.414828 0.435480 0.657159 0.665027 0.746905 0.944349 0.915102 0.705367 0.556462 0.700183 0.682122 0.711403 0.339308 0.402291 0.873720 0.852761 0.693803 0.606446 0.909309 0.792967 0.884675 0.877852 0.815043 0.943221 0.948117 0.746043 0.985116 0.867356 0.744212 0.699821 0.955847 0.901727 0.797197 0.948556 0.905762 0.855337 0.880506 0.964083 0.846947 0.884399 0.639550 0.530815 0.404332 0.517291 0.376418 0.490986 0.324936 0.271960 0.933381 0.970576 0.816388 0.865093 0.766669 0.768822 0.853131 0.994529 0.841580 0.910809 0.900059 0.974690 0.842144 0.883618 0.619806 0.967876 0.440289 0.725458 0.983172 0.710897 0.937526 0.871868 0.874947 0.848689 0.755655 0.839011 0.833844 0.784401 0.899948 0.786988 0.861269 0.991062 0.791819 0.811014 0.617809 0.635073 0.736012 0.792588 0.695485 0.769866 0.720275 0.697590 0.854802 0.761645 0.791227 0.822942 0.718802 0.858771 0.712723 0.965688 0.731744 0.897753
0.279872 0.443160 0.769607 0.723388 0.879629 0.643489 0.414243 0.370744 0.492316 0.469839 0.324437 0.000000 0.385005 0.401360 0.640574 0.650108 0.438214 0.412532 0.517315 0.450060 0.991425 0.884545 0.866737 0.955397 0.746515 0.916524 0.748969 0.825735 0.384328 0.422064 0.972501 0.982232 0.492468 0.418119 0.731840 0.968949 0.955006 0.927766 0.870216 0.896617 0.800207 0.838587 0.772819 0.718907 0.707698 0.710683 0.709256 0.669714 0.973126 0.983614 0.836981 0.759036 0.886479 0.982319 0.886784 0.825212 0.501216 0.467132 0.304362 0.368119 0.274519 0.283982 0.384674 0.311093 0.840452 0.623554 0.525562 0.551885 0.756660 0.710189 0.633004 0.769545 0.978904 0.925643 0.831701 0.946930 0.634313 0.870070 0.674279 0.853349 0.448924 0.695086 0.928256 0.757937 0.788584 0.888659 0.921585 0.793745 0.691030 0.783966 0.632276 0.743427 0.712282 0.669176 0.791447 0.854465 0.635935 0.706943 0.470502 0.514933 0.599173 0.696896 0.591294 0.672941 0.531995 0.480398 0.784465 0.685410 0.741942 0.755266 0.635213 0.663854 0.680376 0.940876 0.644777 0.886612
0.386605 0.649891 0.793855 0.902091 0.611548 0.877909 0.663502 0.703974 0.595027 0.684161 0.409986 0.385005 0.000000 0.384909 0.376658 0.438948 0.591877 0.594801 0.559954 0.684430 0.912062 0.934510 0.695570 0.988122 0.756966 0.859979 0.923569 0.875597 0.460293 0.493230 0.945171 0.854490 0.619405 0.672051 0.942004 0.730191 0.960512 0.849125 0.826958 0.851907 0.889905 0.980559 0.946748 0.976334 0.931701 0.871581 0.805640 0.783438 0.939381 0.875856 0.864936 0.980532 0.893137 0.726520 0.889387 0.981253 0.607934 0.535512 0.435807 0.570462 0.333014 0.545868 0.386743 0.418571 0.714474 0.803981 0.880442 0.902621 0.847157 0.796171 0.928805 0.886423 0.825489 0.801824 0.861323 0.930239 0.837044 0.970842 0.723592 0.793084 0.541923 0.692988 0.882156 0.691391 0.577143 0.845371 0.906309 0.833526 0.758188 0.798124 0.989155 0.914629 0.878208 0.934570 0.881311 0.939145 0.978400 0.992636 0.777520 0.687768 0.985524 0.909388 0.858946 0.908578 0.783886 0.589409 0.965978 0.946897 0.910313 0.935996 0.829414 0.844157 0.803779 0.939320 0.855709 0.938717
0.433774 0.554342 0.739127 0.732141 0.827913 0.931670 0.671878 0.636306 0.763359 0.871052 0.527228 0.401360 0.384909 0.000000 0.588664 0.538206 0.668607 0.642900 0.527760 0.607379 0.921962 0.966802 0.589870 0.765419 0.955593 0.985471 0.960272 0.957160 0.609009 0.487985 0.767166 0.839540 0.435050 0.530977 0.762006 0.963014 0.799616 0.896914 0.999080 0.823033 0.885091 0.957601 0.924106 0.939192 0.960572 0.969782 0.839948 0.792855 0.697836 0.723574 0.885503 0.954936 0.840161 0.757077 0.994880 0.961727 0.491078 0.525629 0.461052 0.438816 0.353713 0.457197 0.447836 0.479915 0.735479 0.603269 0.687760 0.636790 0.866159 0.754379 0.842144 0.796149 0.988905 0.994868 0.806551 0.948561 0.905876 0.845161 0.782572 0.755174 0.634549 0.869394 0.713199 0.789332 0.579926 0.666425 0.810852 0.914111 0.707337 0.687816 0.966942 0.829508 0.909160 0.908751 0.909836 0.874000 0.852981 0.922696 0.851525 0.842289 0.801095 0.937868 0.930517 0.965423 0.702521 0.661958 0.932582 0.912740 0.806046 0.784971 0.820434 0.905644 0.992856 0.864354 0.773607 0.985499
0.574341 0.777057 0.781404 0.888882 0.575160 0.992215 0.782350 0.865066 0.707696 0.773209 0.648113 0.640574 0.376658 0.588664 0.000000 0.434622 0.684697 0.718846 0.635781 0.816019 0.882674 0.996045 0.579205 0.937208 0.962167 0.983519 0.908535 0.965302 0.557857 0.626002 0.928659 0.884543 0.640416 0.750381 0.825154 0.849330 0.790354 0.946045 0.845016 0.824681 0.989222 0.923225 0.938049 0.961842 0.848150 0.850101 0.748660 0.760070 0.842587 0.967811 0.975723 0.966515 0.982635 0.815596 0.731687 0.796188 0.730150 0.669951 0.546999 0.737236 0.505681 0.729143 0.564911 0.586312 0.653222 0.887733 0.885495 0.950309 0.827523 0.703500 0.872603 0.976662 0.977709 0.961953 0.815835 0.995003 0.894233 0.984112 0.799450 0.939516 0.664920 0.733833 0.630442 0.630908 0.478285 0.772444 0.790735 0.982460 0.691769 0.678127 0.953225 0.961488 0.822556 0.957949 0.861089 0.818242 0.991526 0.935180 0.833385 0.749361 0.853647 0.955620 0.971605 0.995465 0.842729 0.668321 0.972351 0.954612 0.978757 0.945622 0.773132 0.905419 0.838907 0.941323 0.958520 0.981217
0.647719 0.722579 0.641611 0.717596 0.783435 0.987630 0.738655 0.844195 0.737103 0.916413 0.749167 0.650108 0.438948 0.538206 0.434622 0.000000 0.786881 0.716232 0.546011 0.681688 0.849825 0.971848 0.429151 0.663927 0.878639 0.838925 0.886558 0.981777 0.626690 0.657628 0.777902 0.888055 0.595904 0.677632 0.837992 0.939392 0.645896 0.935210 0.925155 0.815571 0.995722 0.836066 0.822472 0.862882 0.843753 0.831369 0.559226 0.671682 0.938541 0.987402 0.988191 0.932412 0.951544 0.867883 0.660278 0.922852 0.761363 0.720722 0.684548 0.815277 0.577117 0.697225 0.702228 0.719857 0.562220 0.713079 0.843551 0.857722 0.811167 0.821303 0.810897 0.914613 0.949546 0.919541 0.785165 0.880041 0.827156 0.767847 0.713079 0.755748 0.701048 0.630285 0.635796 0.614716 0.440052 0.586098 0.826907 0.918138 0.739981 0.739930 0.967831 0.994440 0.877673 0.971985 0.700335 0.841124 0.924270 0.932285 0.875811 0.791165 0.862280 0.884543 0.961909 0.969564 0.755628 0.735312 0.970857 0.973965 0.927678 0.993691 0.958902 0.872087 0.937378 0.972373 0.958736 0.997141
0.398479 0.510768 0.974951 0.959487 0.802039 0.822931 0.580618 0.625514 0.613303 0.455793 0.414828 0.438214 0.591877 0.668607 0.684697 0.786881 0.000000 0.267966 0.485451 0.527156 0.837704 0.869674 0.985658 0.802278 0.721273 0.788684 0.856348 0.882213 0.337741 0.393373 0.999009 0.894552 0.627128 0.580885 0.729150 0.982883 0.939717 0.979874 0.887904 0.932548 0.750989 0.793866 0.848108 0.728912 0.504126 0.471523 0.832228 0.761827 0.661479 0.703734 0.658928 0.642922 0.690721 0.834799 0.765019 0.784523 0.413038 0.329051 0.441862 0.602766 0.542660 0.624980 0.353871 0.305465 0.954132 0.984128 0.712511 0.779454 0.611008 0.732662 0.706038 0.981870 0.904484 0.860733 0.961640 0.900906 0.760206 0.957529 0.605700 0.923580 0.292300 0.568742 0.770177 0.583191 0.855706 0.993887 0.898174 0.898731 0.800383 0.728312 0.759085 0.798115 0.866819 0.794373 0.773345 0.981770 0.641355 0.761403 0.536787 0.655688 0.790672 0.800417 0.537651 0.611913 0.714643 0.703276 0.991383 0.755744 0.747216 0.769244 0.753189 0.752620 0.750753 0.799989 0.791299 0.995165
0.419696 0.517566 0.967970 0.975919 0.853375 0.791789 0.599730 0.621923 0.633792 0.449339 0.435480 0.412532 0.594801 0.642900 0.718846 0.716232 0.267966 0.000000 0.498438 0.488459 0.897216 0.831647 0.961114 0.784531 0.729204 0.809957 0.865727 0.930082 0.276889 0.328892 0.991303 0.957071 0.597602 0.556312 0.785869 0.952453 0.906012 0.990415 0.863735 0.939487 0.799042 0.740748 0.879192 0.757210 0.526016 0.487921 0.826069 0.794600 0.689677 0.713389 0.655253 0.657221 0.750724 0.838910 0.754360 0.809234 0.414067 0.343448 0.472249 0.628707 0.558717 0.603929 0.350283 0.273887 0.918061 0.981438 0.707274 0.770010 0.592456 0.722882 0.725057 0.953894 0.897542 0.839574 0.968968 0.923410 0.769348 0.902627 0.574095 0.940282 0.263120 0.506152 0.849211 0.574852 0.903884 0.997260 0.857579 0.842617 0.788332 0.820829 0.777043 0.802537 0.840164 0.816451 0.797712 0.944832 0.652517 0.749690 0.526066 0.629812 0.748751 0.805176 0.484102 0.524770 0.633301 0.737757 0.901029 0.769042 0.832844 0.742808 0.750332 0.733283 0.703734 0.783090 0.803216 0.986223
0.407191 0.392101 0.571541 0.571615 0.818337 0.783692 0.452382 0.516904 0.667940 0.691868 0.657159 0.517315 0.559954 0.527760 0.635781 0.546011 0.485451 0.498438 0.000000 0.430694 0.865882 0.892339 0.576681 0.784734 0.935476 0.841034 0.974769 0.988929 0.569585 0.639168 0.740175 0.905427 0.412604 0.413344 0.554377 0.851238 0.732665 0.943402 0.952910 0.909090 0.830520 0.941000 0.591236 0.607168 0.528861 0.516727 0.508005 0.499213 0.819117 0.747372 0.615859 0.599989 0.725546 0.773764 0.683638 0.691509 0.483669 0.391284 0.433342 0.487008 0.450745 0.505235 0.562550 0.586611 0.601483 0.609983 0.529830 0.545511 0.527295 0.680380 0.535443 0.729332 0.798679 0.786977 0.829734 0.859707 0.632426 0.637455 0.736123 0.755271 0.496548 0.619239 0.719078 0.685710 0.549388 0.658658 0.975508 0.909316 0.713385 0.655118 0.666106 0.781533 0.776624 0.729719 0.744776 0.802102 0.570464 0.821246 0.542806 0.555581 0.817143 0.886512 0.637895 0.778013 0.651044 0.504616 0.855825 0.693861 0.680299 0.699645 0.675717 0.697737 0.723627 0.823113 0.806376 0.893808
0.416864 0.304919 0.548586 0.483784 0.975362 0.690422 0.423170 0.415435 0.679672 0.752126 0.665027 0.450060 0.684430 0.607379 0.816019 0.681688 0.527156 0.488459 0.430694 0.000000 0.692397 0.796030 0.666207 0.699444 0.824287 0.722630 0.960423 0.909669 0.604943 0.648317 0.662630 0.633264 0.394228 0.394836 0.584726 0.797525 0.725627 0.840957 0.947109 0.870811 0.626197 0.865426 0.497246 0.498585 0.604078 0.614658 0.491856 0.450586 0.968802 0.774101 0.685261 0.655278 0.836923 0.818369 0.636364 0.681898 0.458795 0.449163 0.533217 0.456408 0.496031 0.375816 0.676040 0.631669 0.633722 0.438794 0.395901 0.410093 0.465115 0.592354 0.525526 0.658823 0.607309 0.631099 0.721984 0.727833 0.678179 0.740952 0.742484 0.760771 0.446318 0.469889 0.742410 0.730854 0.607025 0.555339 0.921233 0.920485 0.759808 0.636841 0.627114 0.839496 0.670609 0.756270 0.674321 0.914710 0.550261 0.750651 0.555970 0.579907 0.729551 0.741409 0.576306 0.809461 0.460653 0.534721 0.797200 0.729438 0.787207 0.758689 0.763090 0.768600 0.738465 0.722668 0.586205 0.962647
0.978707 0.772315 0.513560 0.462036 0.872142 0.997169 0.788424 0.806988 0.973438 0.730470 0.746905 0.991425 0.912062 0.921962 0.882674 0.849825 0.837704 0.897216 0.865882 0.692397 0.000000 0.775137 0.483122 0.446333 0.387683 0.395107 0.753200 0.866839 0.838478 0.980596 0.472281 0.540213 0.640053 0.699683 0.725555 0.787815 0.668556 0.695802 0.807752 0.800828 0.760722 0.728949 0.659019 0.764928 0.987543 0.925675 0.631846 0.748685 0.713808 0.929611 0.946133 0.998492 0.962488 0.969431 0.884718 0.891464 0.930077 0.961190 0.979874 0.930650 0.920139 0.759811 0.753311 0.777031 0.479259 0.462294 0.593032 0.574076 0.814893 0.835845 0.682921 0.615458 0.585975 0.625067 0.722005 0.757199 0.894633 0.714672 0.874344 0.774133 0.980159 0.795447 0.625743 0.986777 0.586326 0.436236 0.677783 0.953626 0.881837 0.752899 0.850228 0.899534 0.903698 0.983914 0.782762 0.803277 0.887599 0.877556 0.993097 0.948920 0.994734 0.935110 0.818011 0.732533 0.699327 0.756919 0.857132 0.925968 0.822737 0.898967 0.983879 0.991566 0.989211 0.946979 0.801140 0.985590
0.854282 0.761046 0.860344 0.813856 0.772148 0.798456 0.795802 0.768887 0.920986 0.928003 0.944349 0.884545 0.934510 0.966802 0.996045 0.971848 0.869674 0.831647 0.892339 0.796030 0.775137 0.000000 0.931081 0.927428 0.875128 0.895115 0.917027 0.931436 0.844663 0.890640 0.834751 0.977075 0.821914 0.821659 0.780963 0.915227 0.838824 0.797436 0.995748 0.919903 0.762109 0.725055 0.837291 0.819054 0.706053 0.831742 0.888748 0.794283 0.865600 0.775218 0.760485 0.791238 0.806019 0.759519 0.877676 0.700499 0.827323 0.891540 0.937824 0.848131 0.898969 0.822046 0.926293 0.877277 0.938798 0.891638 0.727715 0.770122 0.737242 0.846260 0.781905 0.795805 0.836723 0.696918 0.745693 0.925398 0.750806 0.734135 0.829446 0.942879 0.821782 0.828869 0.854626 0.867018 0.969184 0.809537 0.934468 0.921881 0.914166 0.668088 0.767857 0.897502 0.775108 0.907221 0.738741 0.836298 0.810641 0.956748 0.731667 0.829020 0.829530 0.986015 0.805553 0.841286 0.831794 0.830975 0.956245 0.962108 0.908617 0.756223 0.791344 0.879572 0.951043 0.784263 0.803865 0.974194
0.769248 0.689974 0.339844 0.387519 0.873442 0.952269 0.672243 0.777401 0.851808 0.777508 0.915102 0.866737 0.695570 0.589870 0.579205 0.429151 0.985658 0.961114 0.576681 0.666207 0.483122 0.931081 0.000000 0.297376 0.409548 0.425505 0.720504 0.834570 0.998797 0.898343 0.398931 0.538696 0.432213 0.576193 0.603905 0.832441 0.454056 0.703357 0.845542 0.724194 0.894704 0.807901 0.647178 0.820018 0.981916 0.968196 0.517288 0.621932 0.734446 0.843415 0.988643 0.983669 0.909538 0.870045 0.719576 0.849952 0.846042 0.858663 0.797633 0.800928 0.611242 0.667045 0.970195 0.968714 0.254586 0.416290 0.607407 0.588313 0.785654 0.811952 0.675764 0.653140 0.691730 0.738458 0.667643 0.864863 0.826638 0.555793 0.997833 0.672814 0.845197 0.725092 0.550345 0.797548 0.236185 0.262898 0.750831 0.908013 0.657173 0.551528 0.993753 0.863321 0.970783 0.967650 0.708436 0.704797 0.902267 0.929789 0.972638 0.897006 0.903663 0.823918 0.861790 0.745312 0.714723 0.625817 0.985282 0.973684 0.964511 0.933167 0.893288 0.965468 0.940914 0.976380 0.930264 0.912269
0.996516 0.790441 0.420022 0.388592 0.868743 0.885536 0.830171 0.895653 0.907435 0.491592 0.705367 0.955397 0.988122 0.765419 0.937208 0.663927 0.802278 0.784531 0.784734 0.699444 0.446333 0.927428 0.297376 0.000000 0.324234 0.358802 0.682892 0.809093 0.717284 0.878039 0.392719 0.404376 0.617543 0.751520 0.675897 0.757770 0.547751 0.660859 0.732940 0.862839 0.906685 0.792733 0.689911 0.853940 0.930262 0.871417 0.609604 0.643088 0.615460 0.889811 0.975166 0.945848 0.890939 0.943413 0.778099 0.882717 0.981172 0.962302 0.926885 0.952274 0.848957 0.788733 0.787687 0.729668 0.354365 0.419990 0.689137 0.624189 0.817537 0.920318 0.817363 0.718912 0.675936 0.737550 0.754843 0.836716 0.953014 0.678062 0.935530 0.634534 0.951137 0.788715 0.663536 0.945131 0.415272 0.264825 0.707373 0.780448 0.871899 0.617566 0.905043 0.729121 0.896709 0.808939 0.763265 0.876124 0.920979 0.910630 0.828151 0.916936 0.880840 0.750828 0.769692 0.660354 0.854121 0.780574 0.934404 0.876756 0.987123 0.976252 0.976042 0.856423 0.762215 0.975195 0.939446 0.992863
0.819346 0.910268 0.389513 0.402132 0.914465 0.864067 0.849213 0.928303 0.905813 0.580204 0.556462 0.746515 0.756966 0.955593 0.962167 0.878639 0.721273 0.729204 0.935476 0.824287 0.387683 0.875128 0.409548 0.324234 0.000000 0.229213 0.647855 0.760360 0.669132 0.829308 0.316123 0.434623 0.686890 0.783187 0.639460 0.677241 0.441062 0.484841 0.637390 0.745717 0.862814 0.835670 0.680748 0.865500 0.980811 0.849660 0.651513 0.774753 0.680752 0.931460 0.918400 0.933519 0.920364 0.965349 0.800670 0.824698 0.870517 0.828491 0.793388 0.856486 0.934236 0.950141 0.619727 0.601900 0.392398 0.504597 0.655007 0.637550 0.832555 0.956273 0.679965 0.618627 0.514609 0.576400 0.806130 0.896858 0.874724 0.603046 0.813441 0.746733 0.932766 0.778621 0.659290 0.936468 0.510415 0.317985 0.841684 0.876835 0.856343 0.673025 0.996252 0.834366 0.902067 0.923512 0.783084 0.767297 0.919064 0.907163 0.866540 0.889796 0.915141 0.769328 0.839442 0.713413 0.874654 0.886270 0.899814 0.882119 0.954824 0.938976 0.977871 0.809300 0.781017 0.961540 0.982049 0.966627
0.977770 0.771404 0.304676 0.308955 0.832871 0.960920 0.676793 0.729964 0.949680 0.695078 0.700183 0.916524 0.859979 0.985471 0.983519 0.838925 0.788684 0.809957 0.841034 0.722630 0.395107 0.895115 0.425505 0.358802 0.229213 0.000000 0.834241 0.839681 0.766312 0.853235 0.304875 0.411406 0.610642 0.686277 0.665051 0.636701 0.429349 0.510088 0.683524 0.754512 0.800837 0.855305 0.531415 0.713679 0.921310 0.986735 0.513882 0.675551 0.751090 0.987152 0.797021 0.908791 0.978974 0.884673 0.719040 0.817224 0.896389 0.889996 0.923095 0.997420 0.908281 0.735732 0.615872 0.651863 0.353260 0.370239 0.537417 0.516534 0.769571 0.878154 0.566447 0.510948 0.447094 0.510899 0.853341 0.820432 0.788827 0.590673 0.831619 0.712335 0.991758 0.753537 0.733958 0.968586 0.514490 0.313137 0.777725 0.923113 0.754619 0.685177 0.803418 0.994920 0.749476 0.885126 0.745322 0.742795 0.811816 0.990857 0.963782 0.928317 0.898131 0.929956 0.917101 0.798883 0.746480 0.733195 0.781788 0.997203 0.925326 0.898768 0.885912 0.977992 0.951132 0.921617 0.882929 0.958510
0.725857 0.893621 0.902120 0.941555 0.740219 0.653673 0.728396 0.672544 0.737240 0.664437 0.682122 0.748969 0.923569 0.960272 0.908535 0.886558 0.856348 0.865727 0.974769 0.960423 0.753200 0.917027 0.720504 0.682892 0.647855 0.834241 0.000000 0.831084 0.743664 0.868343 0.871169 0.893785 0.995373 0.845509 0.988788 0.880036 0.738000 0.910600 0.761847 0.730338 0.968543 0.855808 0.903049 0.755071 0.824888 0.754676 0.916571 0.901341 0.910693 0.861123 0.811597 0.703946 0.750998 0.771842 0.973594 0.926220 0.964504 0.941090 0.722718 0.678541 0.768772 0.754055 0.879393 0.818677 0.727114 0.998851 0.895799 0.897692 0.945996 0.873396 0.926993 0.917799 0.903670 0.974826 0.857708 0.935939 0.926058 0.943823 0.962898 0.995566 0.991155 0.892027 0.784650 0.914904 0.705388 0.719572 0.894481 0.975538 0.967483 0.832579 0.661383 0.708514 0.725155 0.697783 0.878003 0.999875 0.785214 0.734921 0.767578 0.741251 0.545038 0.645232 0.837980 0.773866 0.877793 0.945248 0.766623 0.645020 0.800101 0.820545 0.896262 0.693752 0.816997 0.907884 0.777629 0.992059
0.876290 0.912435 0.887427 0.903874 0.964640 0.878980 0.877242 0.837866 0.760851 0.792518 0.711403 0.825735 0.875597 0.957160 0.965302 0.981777 0.882213 0.930082 0.988929 0.909669 0.866839 0.931436 0.834570 0.809093 0.760360 0.839681 0.831084 0.000000 0.835953 0.820079 0.856034 0.966694 0.942743 0.910593 0.951567 0.993908 0.809602 0.914391 0.978329 0.889552 0.919568 0.957043 0.991094 0.916923 0.928868 0.930635 0.886951 0.865616 0.874711 0.957869 0.925586 0.882652 0.818639 0.909432 0.862178 0.770509 0.969091 0.970827 0.891251 0.995069 0.879044 0.889316 0.875081 0.766383 0.836184 0.915052 0.987844 0.952304 0.890705 0.850978 0.928477 0.924508 0.821594 0.964943 0.969973 0.969478 0.908418 0.911983 0.765456 0.784539 0.964208 0.871598 0.798832 0.968922 0.828592 0.797096 0.886765 0.838211 0.924613 0.762570 0.807282 0.763408 0.843923 0.779619 0.927765 0.966263 0.962354 0.862717 0.804091 0.845963 0.781613 0.770661 0.925348 0.849654 0.912696 0.837848 0.933459 0.733945 0.891059 0.944862 0.930138 0.902139 0.820232 0.992858 0.803814 0.994097
0.422089 0.606701 0.964253 0.956704 0.783043 0.807177 0.604810 0.617881 0.543390 0.392495 0.339308 0.384328 0.460293 0.609009 0.557857 0.626690 0.337741 0.276889 0.569585 0.604943 0.838478 0.844663 0.998797 0.717284 0.669132 0.766312 0.743664 0.835953 0.000000 0.284231 0.990958 0.871633 0.609608 0.607962 0.800264 0.840146 0.975495 0.935188 0.746329 0.990376 0.822665 0.765924 0.923173 0.819853 0.555381 0.511801 0.882213 0.805864 0.657711 0.773430 0.765516 0.709706 0.782006 0.914637 0.749299 0.747724 0.563416 0.480658 0.468233 0.632750 0.463146 0.574762 0.313723 0.246755 0.930484 0.985266 0.782296 0.866344 0.711062 0.730268 0.779971 0.976247 0.946866 0.859621 0.961784 0.978565 0.766463 0.970632 0.554407 0.983725 0.336334 0.575173 0.782195 0.547503 0.868378 0.960526 0.955821 0.869689 0.743389 0.804504 0.794287 0.810024 0.889446 0.781831 0.800550 0.921628 0.758063 0.816316 0.552113 0.624627 0.804370 0.811814 0.578905 0.674903 0.707935 0.708764 0.855777 0.773613 0.862029 0.732489 0.780384 0.754571 0.677943 0.786111 0.782213 0.967310
0.498960 0.660925 0.931552 0.979962 0.831891 0.968635 0.651315 0.701346 0.639476 0.547559 0.402291 0.422064 0.493230 0.487985 0.626002 0.657628 0.393373 0.328892 0.639168 0.648317 0.980596 0.890640 0.898343 0.878039 0.829308 0.853235 0.868343 0.820079 0.284231 0.000000 0.898081 0.967757 0.578340 0.582229 0.830448 0.868776 0.890647 0.860106 0.888708 0.868464 0.869496 0.872485 0.972538 0.903776 0.723645 0.730013 0.970321 0.897999 0.884427 0.983334 0.876348 0.873309 0.919569 0.964013 0.886619 0.904822 0.559202 0.532462 0.527434 0.713903 0.512349 0.606984 0.312931 0.261605 0.966446 0.963586 0.795070 0.849872 0.808174 0.815793 0.824376 0.999478 0.953708 0.874477 0.947112 0.921070 0.782175 0.895034 0.649976 0.927394 0.335895 0.605783 0.680721 0.566822 0.814277 0.923626 0.896496 0.906536 0.797573 0.780026 0.950332 0.964473 0.990506 0.970428 0.878542 0.913748 0.815874 0.939706 0.717375 0.824227 0.822840 0.976452 0.715133 0.816294 0.726170 0.844577 0.942958 0.916848 0.975420 0.825659 0.904444 0.913724 0.894769 0.939030 0.850564 0.930359
0.896611 0.656061 0.402038 0.401506 0.842291 0.985491 0.637618 0.664198 0.916691 0.793486 0.873720 0.972501 0.945171 0.767166 0.928659 0.777902 0.999009 0.991303 0.740175 0.662630 0.472281 0.834751 0.398931 0.392719 0.316123 0.304875 0.871169 0.856034 0.990958 0.898081 0.000000 0.327103 0.413068 0.565455 0.547692 0.699475 0.477503 0.517896 0.784712 0.840252 0.672238 0.988826 0.578508 0.711156 0.839880 0.914115 0.615412 0.714680 0.698792 0.984102 0.765422 0.881081 0.963896 0.885269 0.726875 0.758748 0.866094 0.882430 0.932835 0.854950 0.736368 0.638608 0.919018 0.931614 0.482975 0.426899 0.491576 0.496318 0.688773 0.750798 0.614739 0.479062 0.421488 0.516221 0.762784 0.788592 0.860406 0.630818 0.982532 0.691323 0.843799 0.704753 0.563075 0.926821 0.495005 0.340129 0.865383 0.864481 0.740385 0.589940 0.884536 0.824730 0.854756 0.951345 0.725216 0.746405 0.701610 0.874331 0.939649 0.947048 0.892068 0.945172 0.957332 0.844862 0.684121 0.686672 0.790971 0.945756 0.913252 0.757921 0.865004 0.961693 0.861503 0.845373 0.790966 0.917345
0.965248 0.733928 0.574650 0.539525 0.731648 0.933242 0.802065 0.785482 0.958160 0.693216 0.852761 0.982232 0.854490 0.839540 0.884543 0.888055 0.894552 0.957071 0.905427 0.633264 0.540213 0.977075 0.538696 0.404376 0.434623 0.411406 0.893785 0.966694 0.871633 0.967757 0.327103 0.000000 0.590273 0.677261 0.738782 0.752214 0.626959 0.574253 0.736346 0.953000 0.798016 0.921630 0.698066 0.742384 0.981690 0.982450 0.698252 0.786256 0.629092 0.904599 0.884198 0.960832 0.948240 0.979306 0.830854 0.913637 0.934039 0.985315 0.931470 0.926393 0.869992 0.722321 0.833385 0.860163 0.626502 0.502053 0.646939 0.601146 0.796246 0.935816 0.776349 0.633087 0.537494 0.556450 0.850263 0.780338 0.987432 0.724970 0.921554 0.797631 0.932798 0.809541 0.709139 0.973167 0.655298 0.433631 0.901929 0.869292 0.867745 0.781757 0.995984 0.749367 0.925357 0.876738 0.749733 0.890057 0.814448 0.902645 0.957699 0.947528 0.876206 0.919633 0.926088 0.759806 0.687295 0.858090 0.899571 0.932707 0.885038 0.956099 0.961108 0.870848 0.860244 0.911210 0.840153 0.959563
0.443709 0.386788 0.457281 0.453958 0.923607 0.720494 0.413042 0.430092 0.610748 0.817783 0.693803 0.492468 0.619405 0.435050 0.640416 0.595904 0.627128 0.597602 0.412604 0.394228 0.640053 0.821914 0.432213 0.617543 0.686890 0.610642 0.995373 0.942743 0.609608 0.578340 0.413068 0.590273 0.000000 0.297651 0.456434 0.801313 0.608540 0.803435 0.963484 0.859696 0.632864 0.927419 0.585646 0.646809 0.689758 0.742484 0.576966 0.595395 0.823078 0.984121 0.764009 0.802002 0.922162 0.959366 0.683698 0.667737 0.508710 0.496188 0.477563 0.432490 0.341932 0.350108 0.597044 0.599253 0.519915 0.419923 0.375727 0.373662 0.592857 0.593514 0.518017 0.542467 0.630792 0.647164 0.734638 0.769522 0.728399 0.622985 0.784650 0.706986 0.503873 0.573627 0.631935 0.699534 0.440262 0.434308 0.865360 0.969196 0.618907 0.557348 0.757154 0.990584 0.765596 0.871343 0.729700 0.682006 0.629995 0.822709 0.615203 0.651177 0.755381 0.878627 0.786851 0.871995 0.511514 0.464641 0.793416 0.800047 0.800722 0.652683 0.723778 0.834702 0.833777 0.871474 0.599701 0.998282
0.372279 0.324394 0.460726 0.443400 0.988092 0.690604 0.301419 0.329184 0.524463 0.669467 0.606446 0.418119 0.672051 0.530977 0.750381 0.677632 0.580885 0.556312 0.413344 0.394836 0.699683 0.821659 0.576193 0.751520 0.783187 0.686277 0.845509 0.910593 0.607962 0.582229 0.565455 0.677261 0.297651 0.000000 0.486314 0.773007 0.758815 0.818496 0.989084 0.807130 0.734573 0.865019 0.504981 0.511648 0.612958 0.646975 0.527521 0.546413 0.951367 0.854052 0.647194 0.635860 0.755321 0.779630 0.737819 0.710625 0.545027 0.508600 0.421338 0.418323 0.365258 0.322053 0.628743 0.573556 0.603051 0.436248 0.309254 0.344657 0.572632 0.636682 0.404039 0.491065 0.654846 0.622072 0.787898 0.825694 0.587920 0.636431 0.714533 0.786659 0.500614 0.623936 0.727713 0.759876 0.588196 0.577619 0.952599 0.966558 0.610917 0.608070 0.563966 0.773989 0.554904 0.670212 0.693134 0.784348 0.525585 0.770362 0.491220 0.531322 0.576547 0.739457 0.655683 0.749539 0.462314 0.456903 0.651666 0.593719 0.751838 0.652435 0.658780 0.772498 0.682501 0.858468 0.625445 0.943272
0.651466 0.550543 0.490568 0.479928 0.881759 0.823074 0.454808 0.478062 0.672081 0.780874 0.909309 0.731840 0.942004 0.762006 0.825154 0.837992 0.729150 0.785869 0.554377 0.584726 0.725555 0.780963 0.603905 0.675897 0.639460 0.665051 0.988788 0.951567 0.800264 0.830448 0.547692 0.738782 0.456434 0.486314 0.000000 0.778106 0.735015 0.790055 0.929425 0.838759 0.654112 0.821276 0.515463 0.582121 0.579559 0.673912 0.645005 0.575457 0.984206 0.787913 0.601000 0.684637 0.659780 0.730569 0.610005 0.558528 0.688040 0.706706 0.640453 0.616601 0.636428 0.606243 0.860033 0.836035 0.575242 0.557079 0.379473 0.447882 0.631482 0.692427 0.453010 0.532837 0.605272 0.548956 0.861896 0.822513 0.633654 0.665831 0.911497 0.854402 0.686388 0.715796 0.682017 0.744943 0.593623 0.553606 0.825601 0.983476 0.728356 0.575895 0.589825 0.793326 0.632504 0.666201 0.622635 0.718559 0.569078 0.789023 0.647353 0.638760 0.795032 0.936570 0.753920 0.906138 0.688610 0.501167 0.957238 0.775253 0.701116 0.647250 0.661823 0.904869 0.844588 0.884156 0.691875 0.993122
0.958577 0.796371 0.790910 0.698556 0.868298 0.985547 0.868190 0.845014 0.981136 0.905258 0.792967 0.968949 0.730191 0.963014 0.849330 0.939392 0.982883 0.952453 0.851238 0.797525 0.787815 0.915227 0.832441 0.757770 0.677241 0.636701 0.880036 0.993908 0.840146 0.868776 0.699475 0.752214 0.801313 0.773007 0.778106 0.000000 0.712282 0.842510 0.786378 0.890935 0.769035 0.930079 0.730310 0.821902 0.864362 0.972231 0.847081 0.874462 0.897473 0.949260 0.751102 0.855904 0.783222 0.792543 0.829814 0.922979 0.961989 0.951728 0.919299 0.978643 0.952414 0.867378 0.827137 0.850013 0.843212 0.726972 0.685462 0.672668 0.985656 0.816756 0.672100 0.697502 0.678916 0.729469 0.947377 0.871054 0.832723 0.883911 0.958666 0.953098 0.957165 0.970156 0.846121 0.985895 0.878221 0.700663 0.836990 0.940778 0.857634 0.860268 0.812160 0.988923 0.693433 0.875097 0.988555 0.883980 0.761259 0.913580 0.890740 0.991166 0.744649 0.873698 0.912512 0.983641 0.844071 0.865103 0.910808 0.888719 0.815418 0.860606 0.868435 0.931871 0.913663 0.989506 0.961980 0.913503
0.863078 0.758536 0.474230 0.536375 0.940504 0.981119 0.774997 0.874448 0.885316 0.839012 0.884675 0.955006 0.960512 0.799616 0.790354 0.645896 0.939717 0.906012 0.732665 0.725627 0.668556 0.838824 0.454056 0.547751 0.441062 0.429349 0.738000 0.809602 0.975495 0.890647 0.477503 0.626959 0.608540 0.758815 0.735015 0.712282 0.000000 0.487384 0.678465 0.698461 0.735591 0.982516 0.706847 0.875149 0.889197 0.985403 0.581760 0.769454 0.897548 0.968959 0.823372 0.901849 0.994730 0.996886 0.719403 0.840822 0.848722 0.871427 0.935407 0.988152 0.868639 0.849904 0.961680 0.955719 0.500392 0.632076 0.679365 0.643799 0.715017 0.784534 0.672626 0.653078 0.594020 0.645314 0.930469 0.936797 0.839660 0.585879 0.867180 0.869967 0.755886 0.715412 0.593483 0.736906 0.466004 0.397154 0.957057 0.964944 0.642484 0.549984 0.990384 0.969861 0.950357 0.993365 0.818514 0.760922 0.914652 0.986423 0.920275 0.912515 0.940506 0.748375 0.914197 0.904663 0.757679 0.850127 0.956063 0.947551 0.857480 0.866120 0.826185 0.980364 0.910130 0.905693 0.991880 0.966592
0.962120 0.872517 0.653624 0.618120 0.889647 0.922111 0.847581 0.883153 0.985936 0.873457 0.877852 0.927766 0.849125 0.896914 0.946045 0.935210 0.979874 0.990415 0.943402 0.840957 0.695802 0.797436 0.703357 0.660859 0.484841 0.510088 0.910600 0.914391 0.935188 0.860106 0.517896 0.574253 0.803435 0.818496 0.790055 0.842510 0.487384 0.000000 0.644888 0.720567 0.820490 0.949412 0.809463 0.871744 0.957755 0.935273 0.700927 0.834793 0.833360 0.969429 0.843542 0.969186 0.975265 0.975593 0.901532 0.927717 0.961086 0.955595 0.975941 0.934251 0.999561 0.891705 0.860217 0.921179 0.701081 0.704995 0.734925 0.711812 0.834957 0.906994 0.702031 0.709586 0.535676 0.608366 0.882067 0.986300 0.879036 0.698098 0.917125 0.823693 0.895532 0.807257 0.690416 0.815857 0.722348 0.536089 0.960469 0.900814 0.792425 0.699308 0.973426 0.896210 0.908579 0.948496 0.777504 0.819736 0.827987 0.844474 0.942861 0.915396 0.929775 0.810905 0.973621 0.849888 0.911608 0.979861 0.831394 0.904083 0.892805 0.967322 0.955509 0.834516 0.893678 0.807061 0.942280 0.842190
