0.000000 0.399154 0.870690 0.978065 0.923484 0.812418 0.789936 0.637014 0.914146 0.653674 0.587732 0.518163 0.991052 0.791972 0.953540 0.855320 0.409073 0.455258 0.575843 0.495984 0.894729 0.988743 0.820176 0.910909 0.737472 0.756222 0.843395 0.766131 0.588443 0.608913 0.941343 0.899907 0.647246 0.667087 0.952345 0.937540 0.825021 0.788283 0.965442 0.941821 0.757421 0.979607 0.750341 0.655619 0.640488 0.623965 0.813123 0.691686 0.590292 0.704758 0.669542 0.780566 0.869720 0.847687 0.996977 0.874208 0.349216 0.403945 0.580496 0.809796 0.681832 0.723806 0.517936 0.455518 0.669140 0.944644 0.862543 0.799825 0.615016 0.654998 0.804812 0.768285 0.785349 0.630646 0.946827 0.919562 0.684990 0.784848 0.837056 0.765082 0.453055 0.506198 0.897166 0.801624 0.900167 0.899832 0.995289 0.814337 0.738509 0.890331 0.663481 0.702161 0.816576 0.907782 0.832262 0.892292 0.702294 0.860430 0.474321 0.545548 0.694158 0.802826 0.569027 0.545605 0.863688 0.955560 0.995036 0.806887 0.978141 0.953202 0.716981 0.730103 0.733000 0.950831 0.984714 0.915945
0.399154 0.000000 0.666560 0.899809 0.984035 0.858752 0.996130 0.717912 0.898160 0.708576 0.706224 0.509223 0.826816 0.852824 0.768799 0.981464 0.461285 0.461134 0.696179 0.467970 0.893827 0.902724 0.700817 0.829599 0.756728 0.664486 0.918487 0.788085 0.637651 0.608246 0.914526 0.931383 0.679704 0.680242 0.941566 0.968957 0.815289 0.736393 0.916040 0.984015 0.763868 0.785108 0.835119 0.675545 0.689804 0.615848 0.961796 0.800870 0.598623 0.680077 0.722842 0.806625 0.962164 0.989917 0.925110 0.797621 0.322096 0.304169 0.718165 0.712984 0.810905 0.661841 0.696931 0.463024 0.588502 0.962353 0.946215 0.812758 0.669228 0.619995 0.757094 0.819787 0.800673 0.641943 0.980545 0.926333 0.731378 0.788893 0.848371 0.796793 0.493752 0.595676 0.912943 0.784310 0.751281 0.877500 0.949068 0.853776 0.602601 0.892856 0.745353 0.779635 0.866126 0.947330 0.806855 0.908468 0.703532 0.784152 0.529626 0.657715 0.608189 0.887207 0.679763 0.587297 0.962313 0.942619 0.976834 0.853657 0.976669 0.955016 0.726353 0.706539 0.699799 0.933455 0.960634 0.928335
0.870690 0.666560 0.000000 0.467531 0.852837 0.912730 0.510476 0.847852 0.592291 0.959681 0.987019 0.687945 0.818221 0.972047 0.687269 0.992689 0.878250 0.786933 0.737939 0.813862 0.950612 0.897739 0.424689 0.622154 0.593769 0.569327 0.975288 0.864550 0.971317 0.781085 0.523802 0.636230 0.687313 0.805429 0.645844 0.953821 0.906601 0.977903 0.658635 0.900331 0.899121 0.842324 0.731291 0.933531 0.953697 0.919974 0.668561 0.794560 0.731918 0.964173 0.991351 0.916098 0.727101 0.721086 0.755280 0.875124 0.735967 0.645478 0.769464 0.985220 0.803280 0.867474 0.975822 0.661483 0.400470 0.598395 0.529777 0.717924 0.919648 0.886114 0.955314 0.925636 0.866840 0.946098 0.852007 0.786734 0.743688 0.787586 0.847775 0.890638 0.843446 0.898694 0.984821 0.772550 0.533579 0.704112 0.954794 0.904626 0.791192 0.886801 0.860872 0.793568 0.819418 0.686576 0.970228 0.920960 0.956671 0.765916 0.943215 0.896561 0.761383 0.762109 0.991355 0.824897 0.854088 0.623023 0.983121 0.822572 0.965146 0.951488 0.961287 0.915844 0.922377 0.921699 0.868186 0.987487
0.978065 0.899809 0.467531 0.000000 0.986992 0.934557 0.628157 0.731088 0.677689 0.948247 0.879932 0.876695 0.999589 0.875699 0.845564 0.848398 0.929616 0.801913 0.744217 0.998039 0.992494 0.995252 0.491071 0.514795 0.581191 0.580401 0.983441 0.841985 0.899685 0.782102 0.518350 0.648688 0.711286 0.881806 0.674863 0.974106 0.680023 0.757205 0.686534 0.887572 0.788483 0.952221 0.804228 0.984638 0.843122 0.767600 0.801088 0.890906 0.669012 0.846670 0.974430 0.988457 0.818052 0.676685 0.742037 0.912263 0.906711 0.848691 0.729115 0.883752 0.878953 0.917268 0.937700 0.861747 0.578495 0.562420 0.677471 0.831916 0.985411 0.929271 0.767845 0.710093 0.668943 0.815037 0.895754 0.801037 0.722667 0.856673 0.763511 0.938581 0.986824 0.980071 0.930833 0.923030 0.696523 0.704396 0.889297 0.856085 0.958937 0.798071 0.794569 0.772031 0.745278 0.675134 0.883245 0.974437 0.927336 0.940696 0.957698 0.924910 0.955100 0.660506 0.932973 0.978276 0.759445 0.732951 0.954181 0.748774 0.891125 0.989147 0.984647 0.937405 0.878477 0.875241 0.934505 0.917626
0.923484 0.984035 0.852837 0.986992 0.000000 0.788190 0.869963 0.986606 0.911927 0.899428 0.780903 0.891529 0.782993 0.892797 0.887137 0.951050 0.974218 0.888654 0.856902 0.910817 0.947327 0.934957 0.875335 0.994897 0.977312 0.871620 0.899368 0.965325 0.870104 0.947673 0.948120 0.970117 0.842682 0.862277 0.866562 0.746837 0.878133 0.801229 0.936129 0.896429 0.954781 0.884324 0.959891 0.894210 0.823737 0.856138 0.957705 0.817711 0.934860 0.976206 0.925013 0.977883 0.988229 0.993625 0.900351 0.927157 0.990442 0.992056 0.930226 0.953490 0.857368 0.960273 0.896084 0.903893 0.914201 0.918259 0.716159 0.725997 0.953426 0.973857 0.993645 0.853793 0.995073 0.964703 0.991509 0.998553 0.845932 0.861605 0.906779 0.894382 0.888267 0.841407 0.925875 0.952663 0.820623 0.911194 0.909075 0.965137 0.967568 0.775435 0.962830 0.904611 0.966526 0.881770 0.996799 0.895944 0.926090 0.967998 0.914466 0.912319 0.987629 0.919615 0.949976 0.918059 0.996945 0.857978 0.913948 0.938460 0.947317 0.858336 0.788042 0.978061 0.975669 0.928597 0.988846 0.722848
0.812418 0.858752 0.912730 0.934557 0.788190 0.000000 0.785710 0.720963 0.861933 0.696300 0.671636 0.632278 0.777740 0.795513 0.952038 0.755054 0.846895 0.828877 0.854739 0.851693 0.963574 0.884642 0.857235 0.867164 0.756457 0.728960 0.772768 0.992906 0.766194 0.768918 0.972582 0.985468 0.979805 0.833257 0.921276 0.876058 0.979806 0.893720 0.963869 0.920486 0.988383 0.904295 0.986457 0.890476 0.788692 0.779941 0.950839 0.870248 0.812132 0.921420 0.933618 0.974236 0.842508 0.860560 0.894644 0.960602 0.828176 0.856659 0.847332 0.945632 0.751327 0.825780 0.776885 0.804525 0.756742 0.881576 0.925620 0.891273 0.972503 0.836513 0.935478 0.934966 0.871601 0.824468 0.909476 0.855822 0.845280 0.959855 0.915084 0.929576 0.962702 0.811166 0.933131 0.935047 0.878853 0.809565 0.948131 0.939732 0.951991 0.776511 0.776901 0.806217 0.811988 0.818365 0.897958 0.886278 0.797423 0.817634 0.653984 0.861799 0.741823 0.767453 0.971215 0.795013 0.880145 0.983457 0.690926 0.991365 0.916727 0.990858 0.749094 0.906500 0.760023 0.948873 0.953630 0.834215
0.789936 0.996130 0.510476 0.628157 0.869963 0.785710 0.000000 0.479492 0.583589 0.543320 0.590312 0.886069 0.679990 0.755885 0.826727 0.865430 0.771519 0.849809 0.440061 0.867418 0.946383 0.941371 0.693860 0.860906 0.924989 0.992839 0.710530 0.887924 0.762415 0.798370 0.671134 0.633572 0.573790 0.518227 0.885957 0.922329 0.902377 0.919773 0.758337 0.948807 0.956758 0.847487 0.591687 0.708750 0.589896 0.718863 0.615169 0.625329 0.899734 0.893147 0.709080 0.768535 0.586361 0.536635 0.919563 0.900340 0.923471 0.927621 0.519378 0.947919 0.547699 0.949736 0.543525 0.897785 0.884842 0.879867 0.484444 0.606532 0.999619 0.972804 0.838457 0.796335 0.701851 0.707292 0.897109 0.666512 0.602478 0.767163 0.743598 0.750280 0.921021 0.800874 0.928691 0.988548 0.762148 0.944475 0.989889 0.847060 0.994171 0.926355 0.517103 0.499640 0.628790 0.609303 0.885685 0.863173 0.814374 0.906052 0.642909 0.582743 0.897635 0.549700 0.766060 0.813146 0.887167 0.649836 0.893718 0.689127 0.928451 0.959303 0.813171 0.846819 0.758254 0.968593 0.952495 0.960255
0.637014 0.717912 0.847852 0.731088 0.986606 0.720963 0.479492 0.000000 0.703641 0.457412 0.573569 0.535447 0.757654 0.612375 0.910801 0.773260 0.688140 0.798817 0.482820 0.727422 0.779333 0.964875 0.961001 0.900894 0.714606 0.809120 0.635527 0.766162 0.690780 0.643291 0.882061 0.798200 0.689669 0.596659 0.945461 0.912919 0.797907 0.926146 0.859218 0.992755 0.958980 0.996017 0.691871 0.674510 0.639393 0.677937 0.825534 0.674063 0.717077 0.848211 0.597703 0.757641 0.648816 0.544615 0.955197 0.997494 0.732750 0.827543 0.543264 0.643800 0.501252 0.539783 0.595969 0.619922 0.805120 0.907663 0.790413 0.716618 0.882142 0.860413 0.722885 0.811941 0.677555 0.664782 0.981910 0.860968 0.659015 0.889208 0.854162 0.819676 0.893050 0.898889 0.858842 0.899518 0.771001 0.682027 0.907339 0.750074 0.812370 0.896931 0.407470 0.451646 0.642603 0.631436 0.757118 0.893256 0.706410 0.833855 0.511050 0.590340 0.606126 0.461208 0.724248 0.595494 0.983599 0.750733 0.869969 0.737453 0.872640 0.960513 0.795506 0.779506 0.655402 0.846835 0.986410 0.965554
0.914146 0.898160 0.592291 0.677689 0.911927 0.861933 0.583589 0.703641 0.000000 0.797309 0.813003 0.995981 0.823259 0.949715 0.855034 0.779049 0.885140 0.957799 0.767353 0.942650 0.970210 0.818810 0.805920 0.899021 0.922372 0.784313 0.993655 0.890092 0.868426 0.980798 0.751463 0.847737 0.858825 0.835638 0.857069 0.869478 0.684464 0.960802 0.816693 0.820021 0.864610 0.990786 0.710433 0.791510 0.788925 0.904030 0.657838 0.681518 0.920323 0.767663 0.722882 0.728161 0.579905 0.626425 0.915996 0.965719 0.990370 0.905776 0.604053 0.728808 0.618490 0.830421 0.950312 0.977021 0.702981 0.705265 0.715833 0.829314 0.869267 0.877108 0.905681 0.882585 0.896816 0.881977 0.835368 0.849179 0.740297 0.938078 0.894199 0.967763 0.986024 0.935276 0.961724 0.914926 0.903253 0.937621 0.897394 0.835795 0.765698 0.861355 0.666193 0.732965 0.738246 0.770161 0.846002 0.875412 0.882652 0.895072 0.768426 0.760040 0.943345 0.816403 0.804909 0.962577 0.964041 0.652425 0.808355 0.775665 0.911486 0.999894 0.870104 0.951256 0.984164 0.985790 0.841691 0.895109
0.653674 0.708576 0.959681 0.948247 0.899428 0.696300 0.543320 0.457412 0.797309 0.000000 0.493787 0.580834 0.748079 0.698990 0.939395 0.812784 0.604412 0.630366 0.534200 0.662488 0.817689 0.914572 0.812341 0.778789 0.521149 0.564309 0.642753 0.733010 0.609180 0.532529 0.974505 0.885823 0.841932 0.594477 0.838445 0.913849 0.928387 0.924543 0.943589 0.905442 0.966953 0.963426 0.641226 0.607272 0.504121 0.530689 0.823488 0.671347 0.551554 0.792452 0.622836 0.826439 0.776273 0.741827 0.822046 0.940260 0.681935 0.795182 0.677451 0.901859 0.667806 0.801590 0.550465 0.587638 0.604939 0.740705 0.846678 0.826676 0.975401 0.871517 0.762228 0.790598 0.806767 0.672351 0.888590 0.814487 0.697118 0.931182 0.886070 0.877640 0.800780 0.776144 0.847301 0.845957 0.753714 0.663388 0.905913 0.856374 0.755052 0.714069 0.435577 0.500102 0.682617 0.807101 0.730726 0.911046 0.764348 0.841780 0.461056 0.545779 0.643571 0.663952 0.620564 0.542939 0.954619 0.940973 0.909401 0.756107 0.907835 0.973382 0.785773 0.623926 0.636273 0.848257 0.948770 0.904147
0.587732 0.706224 0.987019 0.879932 0.780903 0.671636 0.590312 0.573569 0.813003 0.493787 0.000000 0.574171 0.612537 0.673583 0.913305 0.920890 0.528114 0.497176 0.547411 0.601942 0.885686 0.955067 0.763923 0.705502 0.553108 0.597486 0.775109 0.686911 0.487384 0.464781 0.962623 0.927999 0.730358 0.575030 0.840033 0.916530 0.953126 0.788730 0.945192 0.954920 0.943552 0.909868 0.724059 0.627815 0.467887 0.504638 0.831760 0.622059 0.557500 0.667614 0.717725 0.732457 0.797226 0.788660 0.818830 0.989187 0.648021 0.736252 0.637026 0.852359 0.532509 0.806183 0.527894 0.618856 0.707087 0.874164 0.794792 0.737472 0.893210 0.801616 0.947623 0.974037 0.865469 0.755994 0.991444 0.777937 0.794268 0.836170 0.908099 0.748629 0.736669 0.666814 0.994519 0.858255 0.877228 0.749344 0.876583 0.830830 0.851575 0.663829 0.614417 0.642915 0.839523 0.890777 0.851624 0.959978 0.828855 0.980510 0.501562 0.535781 0.727292 0.748096 0.806792 0.793688 0.898592 0.935410 0.881836 0.883627 0.956445 0.911165 0.799132 0.699743 0.631567 0.900986 0.990619 0.970229
0.518163 0.509223 0.687945 0.876695 0.891529 0.632278 0.886069 0.535447 0.995981 0.580834 0.574171 0.000000 0.806179 0.597360 0.861123 0.694655 0.601308 0.604198 0.713311 0.611369 0.778275 0.941540 0.580566 0.672821 0.519735 0.524937 0.694102 0.694332 0.682235 0.554009 0.769093 0.913483 0.911361 0.797589 0.732030 0.898512 0.887018 0.946448 0.925725 0.889859 0.936076 0.906371 0.934295 0.765737 0.742211 0.680865 0.978842 0.766851 0.621640 0.881016 0.772049 0.924475 0.947391 0.874525 0.806113 0.929021 0.529415 0.552625 0.739889 0.704815 0.666632 0.565965 0.592967 0.418552 0.493244 0.815720 0.904990 0.948387 0.731080 0.727750 0.880382 0.971181 0.855609 0.757924 0.963972 0.981081 0.844117 0.998797 0.946232 0.929725 0.719171 0.746316 0.970927 0.710995 0.592043 0.570477 0.964581 0.894927 0.770681 0.757887 0.656787 0.714962 0.857806 0.887256 0.753774 0.951849 0.698343 0.749865 0.528582 0.676739 0.572455 0.753350 0.798887 0.579935 0.906849 0.935060 0.902477 0.928261 0.927867 0.914431 0.752011 0.757135 0.682211 0.840099 0.958788 0.966994
0.991052 0.826816 0.818221 0.999589 0.782993 0.777740 0.679990 0.757654 0.823259 0.748079 0.612537 0.806179 0.000000 0.659788 0.749399 0.767902 0.951948 0.947527 0.847753 0.987331 0.983855 0.958699 0.960616 0.908339 0.772672 0.827113 0.829039 0.809076 0.810495 0.797122 0.957291 0.979090 0.962869 0.887239 0.827228 0.975385 0.853625 0.765610 0.987941 0.944346 0.859368 0.753651 0.875407 0.879813 0.827205 0.864108 0.833858 0.782321 0.956972 0.993056 0.985388 0.943149 0.873571 0.900763 0.807739 0.882144 0.867863 0.804547 0.830820 0.963502 0.695309 0.937474 0.730676 0.954926 0.979183 0.894628 0.902352 0.944761 0.876561 0.924650 0.939790 0.971871 0.946521 0.957233 0.900393 0.764389 0.935284 0.998425 0.980925 0.924302 0.875106 0.978531 0.957539 0.932061 0.966919 0.828144 0.954001 0.934625 0.891478 0.759269 0.754803 0.815115 0.864360 0.878164 0.875072 0.912606 0.969036 0.948684 0.834656 0.849920 0.888334 0.769111 0.993168 0.974644 0.840370 0.996409 0.996840 0.933967 0.894167 0.904894 0.852081 0.946006 0.904734 0.916332 0.905503 0.968365
0.791972 0.852824 0.972047 0.875699 0.892797 0.795513 0.755885 0.612375 0.949715 0.698990 0.673583 0.597360 0.659788 0.000000 0.851622 0.726863 0.731934 0.732106 0.612197 0.748760 0.754416 0.962029 0.949947 0.952274 0.813344 0.779281 0.867231 0.702821 0.653276 0.630651 0.901006 0.901291 0.820465 0.770554 0.779156 0.893994 0.934110 0.973121 0.902329 0.900046 0.953840 0.936466 0.715372 0.691197 0.826457 0.818373 0.904155 0.717654 0.858254 0.975162 0.980628 0.991348 0.968635 0.913291 0.818319 0.966600 0.854742 0.950249 0.921060 0.953799 0.925307 0.889330 0.721636 0.825933 0.854908 0.958144 0.978253 0.991207 0.984632 0.984940 0.955806 0.988270 0.986779 0.859550 0.905867 0.806690 0.838868 0.979218 0.870840 0.786865 0.960777 0.922992 0.952073 0.949175 0.841467 0.790597 0.946896 0.953641 0.819880 0.663768 0.744989 0.818317 0.976631 0.930093 0.911010 0.914719 0.981020 0.870474 0.714857 0.717676 0.712093 0.673374 0.928959 0.852845 0.890571 0.893372 0.995279 0.909413 0.908505 0.891257 0.917690 0.777526 0.719283 0.972763 0.955894 0.949604
0.953540 0.768799 0.687269 0.845564 0.887137 0.952038 0.826727 0.910801 0.855034 0.939395 0.913305 0.861123 0.749399 0.851622 0.000000 0.720224 0.963368 0.989672 0.913404 0.972453 0.901540 0.995177 0.719293 0.733793 0.783544 0.765092 0.827309 0.847925 0.817916 0.995577 0.824647 0.822523 0.964177 0.981087 0.944005 0.917354 0.987129 0.818458 0.761964 0.907682 0.868700 0.836394 0.714518 0.827959 0.977896 0.981597 0.654800 0.745263 0.941195 0.947076 0.878305 0.946376 0.933704 0.931005 0.988687 0.844576 0.881089 0.812992 0.986649 0.768437 0.955758 0.740671 0.968073 0.798287 0.659722 0.915566 0.948081 0.972477 0.965172 0.831730 0.815818 0.928935 0.918229 0.837542 0.972750 0.873318 0.956030 0.996595 0.838939 0.775682 0.981414 0.983028 0.820842 0.916858 0.658092 0.850411 0.903412 0.946481 0.841727 0.983978 0.904772 0.892288 0.942558 0.876548 0.895911 0.935833 0.831493 0.861297 0.958257 0.900230 0.786595 0.971685 0.964841 0.885964 0.956645 0.925944 0.984778 0.834646 0.978288 0.920067 0.937637 0.904164 0.901544 0.971375 0.881102 0.986689
0.855320 0.981464 0.992689 0.848398 0.951050 0.755054 0.865430 0.773260 0.779049 0.812784 0.920890 0.694655 0.767902 0.726863 0.720224 0.000000 0.917824 0.994068 0.878082 0.876850 0.895200 0.940727 0.980780 0.810497 0.972672 0.977001 0.910539 0.984880 0.918795 0.900422 0.948181 0.920026 0.861135 0.936177 0.880672 0.760453 0.768753 0.980930 0.905459 0.937862 0.933990 0.975102 0.888240 0.938082 0.961480 0.990375 0.863014 0.837320 0.882657 0.936189 0.880868 0.959765 0.799819 0.910043 0.983105 0.870857 0.956014 0.976894 0.892859 0.979359 0.931631 0.904891 0.846291 0.834485 0.888773 0.863724 0.790667 0.742489 0.947924 0.995690 0.935701 0.873420 0.862857 0.917594 0.992157 0.972458 0.934945 0.882441 0.957365 0.976496 0.915187 0.919400 0.887634 0.804772 0.980880 0.869196 0.998980 0.927018 0.991452 0.959609 0.859564 0.991708 0.921657 0.991908 0.921868 0.973082 0.945370 0.939351 0.867342 0.933575 0.865908 0.846431 0.913251 0.824444 0.957380 0.962754 0.805475 0.871942 0.966309 0.981533 0.987684 0.989115 0.965518 0.913466 0.995042 0.998390
0.409073 0.461285 0.878250 0.929616 0.974218 0.846895 0.771519 0.688140 0.885140 0.604412 0.528114 0.601308 0.951948 0.731934 0.963368 0.917824 0.000000 0.335015 0.515932 0.500009 0.963119 0.968941 0.814580 0.804224 0.720896 0.701478 0.846569 0.772937 0.433748 0.469820 0.986782 0.876576 0.632397 0.586060 0.879404 0.950372 0.855355 0.911663 0.995449 0.904752 0.857467 0.966918 0.576382 0.539007 0.563091 0.596326 0.782078 0.615781 0.568379 0.665587 0.700222 0.776236 0.948668 0.940074 0.875275 0.874710 0.347811 0.473007 0.665973 0.886182 0.767084 0.897349 0.570560 0.516255 0.692594 0.891099 0.857261 0.830740 0.705624 0.698124 0.885538 0.827598 0.841950 0.754254 0.948269 0.836625 0.734445 0.826712 0.769131 0.675141 0.461719 0.587470 0.897113 0.801406 0.867759 0.883311 0.909154 0.796541 0.695006 0.849591 0.670185 0.741041 0.858965 0.974369 0.808980 0.875859 0.775225 0.959697 0.454355 0.430325 0.701071 0.846695 0.586079 0.673164 0.949554 0.978041 0.945530 0.836455 0.996417 0.962780 0.687987 0.673669 0.629108 0.966457 0.901263 0.952270
0.455258 0.461134 0.786933 0.801913 0.888654 0.828877 0.849809 0.798817 0.957799 0.630366 0.497176 0.604198 0.947527 0.732106 0.989672 0.994068 0.335015 0.000000 0.585983 0.453429 0.927327 0.968600 0.730946 0.765071 0.669415 0.594599 0.943544 0.763982 0.426216 0.435998 0.928492 0.894055 0.676069 0.594326 0.845155 0.920010 0.923912 0.940946 0.907684 0.993834 0.905471 0.962968 0.651268 0.549803 0.525955 0.525410 0.818976 0.596746 0.533327 0.609878 0.754787 0.741803 0.986641 0.964198 0.810422 0.908546 0.374422 0.474560 0.767162 0.935740 0.801358 0.933095 0.616787 0.566152 0.659876 0.871906 0.884967 0.836433 0.735027 0.687656 0.982731 0.960486 0.960089 0.770119 0.973882 0.850206 0.751203 0.785516 0.818011 0.743172 0.500494 0.562198 0.938042 0.829751 0.849639 0.861746 0.987021 0.818112 0.652400 0.813228 0.784527 0.818184 0.967720 0.991823 0.811251 0.875868 0.849755 0.932954 0.498284 0.504746 0.713214 0.957545 0.669678 0.749395 0.977513 0.920015 0.974523 0.859110 0.952483 0.978137 0.721635 0.625004 0.609904 0.953722 0.936262 0.996493
0.575843 0.696179 0.737939 0.744217 0.856902 0.854739 0.440061 0.482820 0.767353 0.534200 0.547411 0.713311 0.847753 0.612197 0.913404 0.878082 0.515932 0.585983 0.000000 0.619735 0.900473 0.940113 0.825749 0.944598 0.877603 0.822938 0.750734 0.827850 0.562374 0.590813 0.762086 0.629070 0.465591 0.452186 0.899051 0.941803 0.858055 0.948931 0.829367 0.974046 0.884486 0.935498 0.541166 0.604164 0.546313 0.625943 0.746137 0.571394 0.754586 0.769224 0.688191 0.732286 0.721990 0.701914 0.940701 0.988680 0.635363 0.759926 0.579031 0.885756 0.658364 0.944914 0.502201 0.723581 0.942039 0.956492 0.584104 0.632842 0.851529 0.852710 0.794584 0.864701 0.700335 0.669704 0.981425 0.740566 0.613563 0.712838 0.679476 0.702898 0.692231 0.663735 0.973575 0.945327 0.894367 0.990065 0.986917 0.862270 0.769604 0.884276 0.567351 0.556491 0.734504 0.758121 0.898167 0.856118 0.789660 0.976010 0.538484 0.484029 0.756213 0.592491 0.689222 0.760551 0.898380 0.820656 0.925216 0.815300 0.962945 0.923921 0.824901 0.740431 0.675149 0.992030 0.943588 0.979373
0.495984 0.467970 0.813862 0.998039 0.910817 0.851693 0.867418 0.727422 0.942650 0.662488 0.601942 0.611369 0.987331 0.748760 0.972453 0.876850 0.500009 0.453429 0.619735 0.000000 0.890803 0.881559 0.788562 0.929025 0.756532 0.699532 0.975438 0.796786 0.581290 0.610009 0.989180 0.842668 0.664730 0.681212 0.936082 0.970086 0.732049 0.868490 0.935758 0.957179 0.766657 0.902911 0.752833 0.664461 0.696819 0.707693 0.877483 0.700940 0.688590 0.730950 0.805397 0.826209 0.956502 0.968420 0.928744 0.969260 0.475196 0.492849 0.734489 0.825834 0.810269 0.831224 0.661887 0.566218 0.706816 0.937812 0.930451 0.887071 0.711104 0.702539 0.819479 0.886006 0.769856 0.712662 0.893199 0.931268 0.731957 0.773691 0.757347 0.788068 0.508634 0.604086 0.934890 0.784623 0.861161 0.883718 0.885930 0.835367 0.701400 0.861319 0.765422 0.735450 0.875710 0.978404 0.790977 0.996357 0.867549 0.892494 0.598050 0.618204 0.775173 0.907639 0.744989 0.695114 0.931941 0.949435 0.983051 0.831009 0.951275 0.979402 0.844230 0.714304 0.815507 0.901922 0.992241 0.928956
0.894729 0.893827 0.950612 0.992494 0.947327 0.963574 0.946383 0.779333 0.970210 0.817689 0.885686 0.778275 0.983855 0.754416 0.901540 0.895200 0.963119 0.927327 0.900473 0.890803 0.000000 0.976356 0.856382 0.876799 0.904625 0.886025 0.881099 0.897660 0.793318 0.830063 0.996270 0.951119 0.976489 0.973578 0.815122 0.868635 0.905158 0.947366 0.989344 0.893216 0.925167 0.982322 0.916302 0.985081 0.923324 0.884158 0.885322 0.972442 0.823044 0.929368 0.946552 0.949530 0.953922 0.966688 0.942442 0.837166 0.956746 0.927913 0.941825 0.910059 0.909620 0.733008 0.998649 0.825068 0.935065 0.966875 0.829441 0.976888 0.909620 0.990441 0.987995 0.920044 0.842490 0.974550 0.814496 0.902710 0.873431 0.950646 0.938941 0.984590 0.943408 0.949634 0.958676 0.912638 0.776726 0.710945 0.998941 0.849160 0.973341 0.963224 0.925237 0.892159 0.953820 0.906143 0.857711 0.956696 0.926538 0.929792 0.822269 0.972923 0.935885 0.939461 0.875005 0.882076 0.977755 0.949210 0.988713 0.986047 0.879335 0.897647 0.999929 0.830048 0.897640 0.842779 0.950575 0.884931
0.988743 0.902724 0.897739 0.995252 0.934957 0.884642 0.941371 0.964875 0.818810 0.914572 0.955067 0.941540 0.958699 0.962029 0.995177 0.940727 0.968941 0.968600 0.940113 0.881559 0.976356 0.000000 0.846122 0.900050 0.864506 0.890541 0.943128 0.907251 0.919093 0.976530 0.872658 0.902465 0.997558 0.999274 0.965308 0.962863 0.928690 0.962515 0.922971 0.990118 0.936797 0.939066 0.906335 0.970229 0.947264 0.928184 0.908448 0.873148 0.979851 0.900994 0.953067 0.854395 0.957102 0.957375 0.965043 0.888406 0.978160 0.936072 0.958314 0.997679 0.989331 0.927248 0.972212 0.891551 0.914406 0.914589 0.904266 0.947355 0.922515 0.987423 0.902579 0.985274 0.847234 0.960986 0.778504 0.978665 0.942180 0.969868 0.884152 0.916082 0.995267 0.955941 0.879589 0.911684 0.917679 0.928906 0.944497 0.956913 0.841830 0.905855 0.937358 0.989430 0.897749 0.964940 0.971833 0.727454 0.904129 0.902329 0.969281 0.941109 0.983550 0.943921 0.978495 0.995490 0.938163 0.976540 0.898468 0.878867 0.881629 0.926619 0.916551 0.903563 0.811438 0.920191 0.848183 0.902927
0.820176 0.700817 0.424689 0.491071 0.875335 0.857235 0.693860 0.961001 0.805920 0.812341 0.763923 0.580566 0.960616 0.949947 0.719293 0.980780 0.814580 0.730946 0.825749 0.788562 0.856382 0.846122 0.000000 0.382249 0.442435 0.550537 0.862437 0.752741 0.831546 0.729103 0.478120 0.669576 0.735459 0.931829 0.591777 0.919546 0.958370 0.941709 0.693417 0.878729 0.873989 0.939959 0.801248 0.985621 0.896274 0.808070 0.790264 0.910044 0.643629 0.831582 0.940764 0.996740 0.824039 0.839962 0.757257 0.874453 0.735557 0.701054 0.927706 0.826738 0.890130 0.694101 0.958981 0.577798 0.461070 0.686659 0.617979 0.841959 0.905856 0.796564 0.895968 0.852959 0.795256 0.905472 0.831476 0.858329 0.835291 0.838792 0.789855 0.891373 0.934523 0.983928 0.930272 0.752499 0.406314 0.456401 0.959893 0.902794 0.859770 0.865249 0.978478 0.963320 0.879242 0.764291 0.795874 0.954221 0.939741 0.716442 0.774749 0.984403 0.701785 0.829913 0.963308 0.789811 0.797717 0.799291 0.947142 0.825083 0.897930 0.953424 0.944271 0.804493 0.831173 0.894569 0.888983 0.957293
0.910909 0.829599 0.622154 0.514795 0.994897 0.867164 0.860906 0.900894 0.899021 0.778789 0.705502 0.672821 0.908339 0.952274 0.733793 0.810497 0.804224 0.765071 0.944598 0.929025 0.876799 0.900050 0.382249 0.000000 0.454705 0.562532 0.810904 0.758223 0.784312 0.709998 0.542850 0.671152 0.843744 0.959182 0.671182 0.998477 0.865288 0.878897 0.656809 0.968510 0.799581 0.976351 0.930767 0.918707 0.739266 0.715670 0.815086 0.994079 0.647227 0.773074 0.879315 0.922611 0.931369 0.925800 0.761662 0.850818 0.823977 0.821656 0.973905 0.772862 0.776001 0.762848 0.921160 0.675842 0.593665 0.792133 0.831274 0.958224 0.936550 0.842241 0.803011 0.735128 0.804288 0.825349 0.901002 0.910067 0.943813 0.889513 0.915489 0.934584 0.999378 0.934272 0.970816 0.852279 0.482122 0.487178 0.968983 0.870573 0.919364 0.852129 0.903534 0.945963 0.970292 0.892772 0.742220 0.983921 0.895800 0.802067 0.703694 0.883097 0.803128 0.964236 0.976975 0.854804 0.823186 0.944335 0.960490 0.781138 0.922165 0.950734 0.912083 0.777802 0.734954 0.791726 0.994176 0.993993
0.737472 0.756728 0.593769 0.581191 0.977312 0.756457 0.924989 0.714606 0.922372 0.521149 0.553108 0.519735 0.772672 0.813344 0.783544 0.972672 0.720896 0.669415 0.877603 0.756532 0.904625 0.864506 0.442435 0.454705 0.000000 0.404235 0.666697 0.640832 0.751750 0.584910 0.572953 0.793793 0.905877 0.853300 0.609924 0.916259 0.880747 0.821026 0.766973 0.846705 0.835670 0.973019 0.968082 0.844116 0.659938 0.633882 0.913598 0.889519 0.554782 0.845152 0.771048 0.912885 0.921031 0.920680 0.782198 0.934937 0.728057 0.764658 0.859325 0.877993 0.730213 0.764870 0.610203 0.489488 0.403216 0.580062 0.895130 0.989437 0.946775 0.866056 0.994772 0.955373 0.952614 0.911565 0.861464 0.999197 0.974249 0.982607 0.935392 0.963965 0.884985 0.831831 0.889653 0.783514 0.513899 0.518976 0.895454 0.928774 0.804217 0.808880 0.724646 0.770671 0.914418 0.993913 0.732036 0.938349 0.828285 0.771485 0.640839 0.764533 0.649529 0.915248 0.826615 0.651069 0.910589 0.916986 0.993550 0.990490 0.927956 0.853043 0.925473 0.699733 0.692405 0.767674 0.924989 0.893673
0.756222 0.664486 0.569327 0.580401 0.871620 0.728960 0.992839 0.809120 0.784313 0.564309 0.597486 0.524937 0.827113 0.779281 0.765092 0.977001 0.701478 0.594599 0.822938 0.699532 0.886025 0.890541 0.550537 0.562532 0.404235 0.000000 0.729824 0.630050 0.711930 0.527443 0.700051 0.863576 0.995414 0.877040 0.724756 0.901010 0.818416 0.894546 0.727035 0.847307 0.860892 0.969362 0.989222 0.874417 0.697518 0.640889 0.823161 0.915597 0.657122 0.866570 0.886078 0.991140 0.965077 0.956333 0.697802 0.927800 0.685575 0.672472 0.974876 0.955502 0.874483 0.888960 0.657672 0.581381 0.415710 0.603819 0.912342 0.970677 0.973818 0.902941 0.951805 0.975022 0.983055 0.801006 0.857292 0.984627 0.870624 0.923038 0.999152 0.970341 0.822858 0.722339 0.894274 0.848726 0.618343 0.668794 0.914370 0.954591 0.748367 0.733288 0.784106 0.795092 0.931262 0.995490 0.823718 0.953632 0.879482 0.820141 0.654181 0.733235 0.696719 0.935110 0.860451 0.696042 0.876174 0.759491 0.997741 0.940215 0.951840 0.949576 0.867216 0.686092 0.739742 0.793795 0.963522 0.913527
0.843395 0.918487 0.975288 0.983441 0.899368 0.772768 0.710530 0.635527 0.993655 0.642753 0.775109 0.694102 0.829039 0.867231 0.827309 0.910539 0.846569 0.943544 0.750734 0.975438 0.881099 0.943128 0.862437 0.810904 0.666697 0.729824 0.000000 0.806506 0.869886 0.755971 0.923399 0.936701 0.896358 0.862846 0.838679 0.863098 0.955682 0.976776 0.938778 0.888241 0.938421 0.937150 0.885246 0.930462 0.852250 0.830446 0.866408 0.962307 0.785780 0.959909 0.818938 0.952417 0.772306 0.826757 0.978560 0.935668 0.921511 0.944096 0.812084 0.945261 0.746337 0.849374 0.637157 0.680285 0.699391 0.758094 0.997562 0.908036 0.965728 0.894246 0.853774 0.865439 0.896773 0.919458 0.990869 0.908127 0.888975 0.893082 0.954995 0.930193 0.987288 0.883865 0.840236 0.821001 0.851122 0.765086 0.978397 0.964462 0.871427 0.986871 0.719455 0.761577 0.821438 0.947257 0.891407 0.958717 0.790598 0.880846 0.755357 0.761179 0.836604 0.757620 0.887852 0.737916 0.989323 0.886321 0.963924 0.936409 0.962666 0.998239 0.990607 0.947030 0.832380 0.964859 0.831986 0.997352
0.766131 0.788085 0.864550 0.841985 0.965325 0.992906 0.887924 0.766162 0.890092 0.733010 0.686911 0.694332 0.809076 0.702821 0.847925 0.984880 0.772937 0.763982 0.827850 0.796786 0.897660 0.907251 0.752741 0.758223 0.640832 0.630050 0.806506 0.000000 0.769241 0.627086 0.819070 0.956203 0.912090 0.805035 0.742958 0.970324 0.942505 0.966452 0.969377 0.895134 0.859413 0.988466 0.985959 0.845745 0.736393 0.753545 0.966854 0.906619 0.742859 0.915856 0.811140 0.902014 0.950685 0.879568 0.882769 0.915784 0.826040 0.822625 0.943520 0.894027 0.834959 0.862416 0.682111 0.734247 0.700875 0.848535 0.977908 0.947068 0.902185 0.992551 0.950215 0.953923 0.956506 0.794079 0.984443 0.967160 0.945859 0.854613 0.984795 0.808039 0.855283 0.768951 0.961370 0.880448 0.860241 0.847547 0.950793 0.926626 0.869092 0.705665 0.836208 0.847912 0.963986 0.952368 0.943198 0.899029 0.963879 0.849720 0.833571 0.750035 0.929155 0.899049 0.964159 0.899256 0.959266 0.864455 0.964788 0.946476 0.869750 0.851613 0.932893 0.843699 0.771740 0.864931 0.927199 0.938649
0.588443 0.637651 0.971317 0.899685 0.870104 0.766194 0.762415 0.690780 0.868426 0.609180 0.487384 0.682235 0.810495 0.653276 0.817916 0.918795 0.433748 0.426216 0.562374 0.581290 0.793318 0.919093 0.831546 0.784312 0.751750 0.711930 0.869886 0.769241 0.000000 0.408043 0.955667 0.893005 0.737684 0.641272 0.835311 0.912200 0.951908 0.997585 0.987731 0.948183 0.903808 0.885565 0.538740 0.506019 0.513430 0.536203 0.743553 0.575263 0.568156 0.635094 0.759521 0.723703 0.920002 0.965567 0.854524 0.924541 0.573701 0.672142 0.786252 0.896029 0.753840 0.867226 0.716226 0.694408 0.812075 0.968965 0.911276 0.814767 0.774880 0.810749 0.972856 0.943444 0.968391 0.832609 0.992388 0.759207 0.808712 0.765898 0.820980 0.700010 0.660100 0.745491 0.872658 0.867067 0.871254 0.794220 0.948208 0.821417 0.799931 0.797953 0.763965 0.820415 0.925784 0.954237 0.822560 0.877398 0.862918 0.917033 0.513089 0.561759 0.717340 0.820734 0.784314 0.866046 0.910984 0.994650 0.887737 0.846643 0.951026 0.985647 0.678160 0.738201 0.612637 0.904135 0.881252 0.982899
0.608913 0.608246 0.781085 0.782102 0.947673 0.768918 0.798370 0.643291 0.980798 0.532529 0.464781 0.554009 0.797122 0.630651 0.995577 0.900422 0.469820 0.435998 0.590813 0.610009 0.830063 0.976530 0.729103 0.709998 0.584910 0.527443 0.755971 0.627086 0.408043 0.000000 0.909998 0.979554 0.794392 0.667633 0.696032 0.885429 0.904399 0.942792 0.970963 0.987204 0.867360 0.938555 0.664532 0.557199 0.528213 0.528656 0.897858 0.623406 0.511368 0.721565 0.771094 0.797083 0.953158 0.942676 0.761842 0.995351 0.569218 0.660031 0.819308 0.907774 0.777876 0.864408 0.622915 0.589715 0.581977 0.781370 0.991044 0.869156 0.868630 0.910584 0.958925 0.935742 0.970563 0.847862 0.929027 0.912254 0.908968 0.897513 0.857893 0.678848 0.654703 0.668290 0.950506 0.870484 0.731556 0.678645 0.981843 0.904465 0.713700 0.660592 0.738146 0.835328 0.972359 0.967678 0.841295 0.958699 0.893013 0.937953 0.574233 0.624731 0.682122 0.784477 0.780322 0.763019 0.818718 0.870654 0.877968 0.993457 0.953966 0.949222 0.799216 0.776098 0.624532 0.933861 0.948340 0.943790
0.941343 0.914526 0.523802 0.518350 0.948120 0.972582 0.671134 0.882061 0.751463 0.974505 0.962623 0.769093 0.957291 0.901006 0.824647 0.948181 0.986782 0.928492 0.762086 0.989180 0.996270 0.872658 0.478120 0.542850 0.572953 0.700051 0.923399 0.819070 0.955667 0.909998 0.000000 0.582572 0.710539 0.795893 0.644569 0.960444 0.835079 0.973349 0.607362 0.807529 0.870715 0.968671 0.719166 0.890619 0.998321 0.938914 0.774587 0.872019 0.797962 0.945594 0.977422 0.938296 0.893212 0.860880 0.789153 0.896571 0.898594 0.859333 0.885936 0.935563 0.965966 0.848246 0.928414 0.735166 0.607526 0.733285 0.722102 0.870460 0.959888 0.920436 0.755303 0.776683 0.820510 0.812063 0.878228 0.746543 0.729329 0.811601 0.862969 0.792508 0.985769 0.939503 0.918229 0.827121 0.643480 0.671742 0.940745 0.975690 0.938433 0.977846 0.929341 0.904491 0.903613 0.782746 0.818007 0.970412 0.985297 0.812645 0.963917 0.939942 0.982481 0.741931 0.989965 0.887527 0.961268 0.790953 0.999507 0.756222 0.962589 0.949846 0.918506 0.935134 0.936468 0.855503 0.940601 0.979344
0.899907 0.931383 0.636230 0.648688 0.970117 0.985468 0.633572 0.798200 0.847737 0.885823 0.927999 0.913483 0.979090 0.901291 0.822523 0.920026 0.876576 0.894055 0.629070 0.842668 0.951119 0.902465 0.669576 0.671152 0.793793 0.863576 0.936701 0.956203 0.893005 0.979554 0.582572 0.000000 0.589219 0.622825 0.783413 0.956986 0.704684 0.961351 0.682862 0.759432 0.829541 0.915269 0.674067 0.814578 0.786897 0.842645 0.659111 0.668407 0.946761 0.799605 0.753457 0.705658 0.766344 0.731449 0.787414 0.992579 0.880474 0.963136 0.768377 0.988840 0.904582 0.920591 0.855653 0.920369 0.787375 0.799283 0.683230 0.714005 0.934787 0.922164 0.859346 0.789853 0.830890 0.743438 0.937288 0.735198 0.743046 0.605402 0.745304 0.735381 0.936195 0.830146 0.908008 0.903084 0.700663 0.712978 0.997097 0.947936 0.838511 0.876348 0.836927 0.811344 0.896942 0.786191 0.907749 0.946813 0.974585 0.993147 0.885672 0.798508 0.967767 0.835511 0.938081 0.941007 0.894693 0.784836 0.977598 0.763837 0.932923 0.975244 0.899880 0.881429 0.864531 0.901933 0.964385 0.985799
0.647246 0.679704 0.687313 0.711286 0.842682 0.979805 0.573790 0.689669 0.858825 0.841932 0.730358 0.911361 0.962869 0.820465 0.964177 0.861135 0.632397 0.676069 0.465591 0.664730 0.976489 0.997558 0.735459 0.843744 0.905877 0.995414 0.896358 0.912090 0.737684 0.794392 0.710539 0.589219 0.000000 0.503769 0.774549 0.866625 0.848846 0.813743 0.838146 0.870256 0.826326 0.982151 0.605092 0.687402 0.644097 0.740729 0.729335 0.664328 0.939727 0.780075 0.825391 0.779351 0.825488 0.812709 0.886159 0.993084 0.673285 0.761167 0.614566 0.836295 0.721440 0.956163 0.645176 0.846353 0.883368 0.764737 0.509850 0.511818 0.874877 0.855122 0.822066 0.851003 0.750956 0.707092 0.916134 0.761570 0.598755 0.658262 0.681370 0.643678 0.710836 0.659831 0.956891 0.934410 0.752128 0.749137 0.961928 0.853167 0.783444 0.993404 0.751026 0.700301 0.828455 0.791309 0.877121 0.798848 0.885966 0.889727 0.741825 0.647201 0.921609 0.702187 0.780221 0.883376 0.763623 0.791238 0.940402 0.898683 0.895361 0.926049 0.815777 0.930875 0.832985 0.974015 0.996964 0.901747
0.667087 0.680242 0.805429 0.881806 0.862277 0.833257 0.518227 0.596659 0.835638 0.594477 0.575030 0.797589 0.887239 0.770554 0.981087 0.936177 0.586060 0.594326 0.452186 0.681212 0.973578 0.999274 0.931829 0.959182 0.853300 0.877040 0.862846 0.805035 0.641272 0.667633 0.795893 0.622825 0.503769 0.000000 0.911807 0.855829 0.807884 0.947455 0.866607 0.986845 0.916722 0.960729 0.635352 0.604456 0.456892 0.547547 0.649280 0.585205 0.688776 0.648361 0.637885 0.609330 0.797973 0.685796 0.917070 0.999328 0.648455 0.773378 0.580504 0.849758 0.643579 0.879822 0.614529 0.771864 0.973954 0.879781 0.534163 0.498943 0.832261 0.784038 0.863873 0.921591 0.745772 0.693379 0.949375 0.675421 0.629210 0.627148 0.758610 0.738337 0.743134 0.717957 0.935677 0.910367 0.881030 0.960112 0.925250 0.912081 0.810914 0.913154 0.621557 0.646989 0.794274 0.732602 0.790170 0.840030 0.796067 0.926420 0.574965 0.581922 0.806133 0.689818 0.816389 0.875935 0.933327 0.798143 0.904985 0.799770 0.991334 0.963351 0.782537 0.687612 0.569318 0.974788 0.986015 0.895907
0.952345 0.941566 0.645844 0.674863 0.866562 0.921276 0.885957 0.945461 0.857069 0.838445 0.840033 0.732030 0.827228 0.779156 0.944005 0.880672 0.879404 0.845155 0.899051 0.936082 0.815122 0.965308 0.591777 0.671182 0.609924 0.724756 0.838679 0.742958 0.835311 0.696032 0.644569 0.783413 0.774549 0.911807 0.000000 0.901084 0.909868 0.922786 0.910985 0.972929 0.831904 0.931728 0.992777 0.884794 0.902235 0.835670 0.965979 0.989505 0.713714 0.947125 0.898255 0.939756 0.965768 0.981836 0.711648 0.934424 0.932790 0.976300 0.878294 0.942026 0.978182 0.888328 0.935764 0.842663 0.624286 0.696691 0.642538 0.753675 0.910052 0.984405 0.799487 0.921200 0.787832 0.880079 0.897776 0.967826 0.869832 0.874827 0.968747 0.981520 0.925985 0.907532 0.964354 0.884710 0.632210 0.594694 0.919472 0.958754 0.943669 0.758739 0.973800 0.876564 0.848609 0.782552 0.906389 0.924263 0.890454 0.826887 0.873396 0.998380 0.784564 0.912292 0.998963 0.814649 0.859706 0.837352 0.950419 0.933265 0.917877 0.967922 0.996409 0.833117 0.755029 0.804429 0.851751 0.996528
0.937540 0.968957 0.953821 0.974106 0.746837 0.876058 0.922329 0.912919 0.869478 0.913849 0.916530 0.898512 0.975385 0.893994 0.917354 0.760453 0.950372 0.920010 0.941803 0.970086 0.868635 0.962863 0.919546 0.998477 0.916259 0.901010 0.863098 0.970324 0.912200 0.885429 0.960444 0.956986 0.866625 0.855829 0.901084 0.000000 0.994704 0.889222 0.923274 0.883429 0.830072 0.960487 0.946083 0.993889 0.922584 0.999712 0.974611 0.946889 0.923741 0.942637 0.986637 0.947208 0.949402 0.995296 0.891278 0.935627 0.987828 0.998790 0.974690 0.856638 0.945733 0.913162 0.937485 0.936831 0.916346 0.803650 0.788274 0.733047 0.954619 0.989062 0.963137 0.915019 0.986543 0.998649 0.863127 0.991114 0.913949 0.938352 0.891477 0.985059 0.996478 0.936018 0.817019 0.903460 0.916869 0.828321 0.974986 0.974726 0.977225 0.925296 0.932016 0.867986 0.956303 0.978220 0.929760 0.900360 0.984306 0.997805 0.882642 0.877994 0.853893 0.949121 0.899547 0.907431 0.863727 0.998761 0.962152 0.990061 0.923546 0.910808 0.929030 0.953419 0.932618 0.966528 0.986093 0.887297
0.825021 0.815289 0.906601 0.680023 0.878133 0.979806 0.902377 0.797907 0.684464 0.928387 0.953126 0.887018 0.853625 0.934110 0.987129 0.768753 0.855355 0.923912 0.858055 0.732049 0.905158 0.928690 0.958370 0.865288 0.880747 0.818416 0.955682 0.942505 0.951908 0.904399 0.835079 0.704684 0.848846 0.807884 0.909868 0.994704 0.000000 0.702891 0.908603 0.827128 0.739668 0.970956 0.859148 0.943413 0.971981 0.916442 0.888696 0.916359 0.941358 0.903026 0.713182 0.802862 0.809828 0.770016 0.865041 0.928810 0.783924 0.801584 0.750193 0.719359 0.889337 0.777480 0.967688 0.858285 0.915350 0.774386 0.985370 0.960643 0.790723 0.779159 0.784498 0.734316 0.724657 0.747523 0.925989 0.857272 0.815818 0.815598 0.822659 0.949469 0.815979 0.909212 0.919046 0.840358 0.966970 0.967891 0.751384 0.918601 0.982598 0.792513 0.845275 0.844197 0.814232 0.825753 0.828036 0.988113 0.818300 0.895967 0.804340 0.891981 0.927412 0.891853 0.905476 0.869614 0.822721 0.826430 0.942856 0.757820 0.829178 0.891137 0.986580 0.940899 0.934993 0.969115 0.940486 0.915132
0.788283 0.736393 0.977903 0.757205 0.801229 0.893720 0.919773 0.926146 0.960802 0.924543 0.788730 0.946448 0.765610 0.973121 0.818458 0.980930 0.911663 0.940946 0.948931 0.868490 0.947366 0.962515 0.941709 0.878897 0.821026 0.894546 0.976776 0.966452 0.997585 0.942792 0.973349 0.961351 0.813743 0.947455 0.922786 0.889222 0.702891 0.000000 0.872339 0.938012 0.788116 0.938140 0.934208 0.985219 0.931434 0.926807 0.969559 0.952788 0.994753 0.930828 0.861643 0.903017 0.974896 0.956496 0.857422 0.912416 0.814253 0.770006 0.896606 0.804296 0.991204 0.754926 0.970291 0.825792 0.983437 0.773638 0.997791 0.953198 0.833815 0.906281 0.922278 0.762862 0.902993 0.883892 0.884239 0.981519 0.788641 0.904687 0.933547 0.960942 0.855893 0.914221 0.965031 0.886359 0.963314 0.883504 0.956726 0.941812 0.915838 0.809707 0.992498 0.908952 0.994570 0.965413 0.944869 0.948255 0.925529 0.942369 0.979587 0.980333 0.970606 0.957395 0.799174 0.880690 0.750770 0.870545 0.979173 0.986694 0.915756 0.903488 0.965011 0.946284 0.970817 0.974742 0.955128 0.771172
