0.000000 0.676082 0.873168 0.949048 0.916105 0.972603 0.971384 0.997820 0.822280 0.892420 0.622109 0.826593 0.902325 0.953080 0.967368 0.913265 0.745073 0.645661 0.856355 0.895099 0.870842 0.987328 0.889049 0.905726 0.992890 0.917824 0.845536 0.825569 0.853944 0.791639 0.911892 0.788233 0.852338 0.662391 0.996953 0.854071 0.977267 0.928099 0.925332 0.922690 0.873016 0.737950 0.771118 0.760941 0.790656 0.674881 0.807755 0.655467 0.706962 0.730573 0.657382 0.621252 0.825122 0.967190 0.835578 0.692834 0.624985 0.627657 0.671932 0.648399 0.730930 0.923807 0.675259 0.602767 0.865179 0.982628 0.740032 0.790875 0.844160 0.746449 0.983805 0.974967 0.999295 0.989700 0.890539 0.984657 0.953066 0.975729 0.761176 0.937114 0.493830 0.638815 0.834772 0.705222 0.970015 0.921844 0.901125 0.973919 0.959655 0.844374 0.921736 0.839071 0.880814 0.872114 0.878393 0.892605 0.883152 0.777844 0.750220 0.933331 0.880869 0.933906 0.771054 0.757125 0.962858 0.839963 0.979503 0.806811 0.961220 0.965863 0.935787 0.947779 0.888837 0.885235 0.907866 0.976764
0.676082 0.000000 0.921674 0.833300 0.823718 0.827654 0.835082 0.976764 0.674497 0.614313 0.998890 0.809517 0.927625 0.996584 0.883181 0.963772 0.756626 0.734452 0.916751 0.936922 0.832237 0.976781 0.807708 0.980164 0.776976 0.656206 0.952877 0.698439 0.898253 0.937140 0.961700 0.943931 0.932930 0.855336 0.808054 0.774978 0.841223 0.952328 0.840151 0.703558 0.747512 0.752771 0.613243 0.661008 0.948123 0.783003 0.601749 0.781473 0.939352 0.869697 0.714856 0.641832 0.976424 0.899427 0.753216 0.705721 0.613110 0.530918 0.685511 0.706184 0.994120 0.862582 0.812267 0.818075 0.972428 0.785534 0.658809 0.627186 0.802700 0.742784 0.974042 0.880147 0.942397 0.970968 0.881763 0.889910 0.910715 0.807145 0.876398 0.838838 0.724080 0.634649 0.809478 0.654748 0.905877 0.675292 0.980273 0.966259 0.972104 0.810013 0.993859 0.864149 0.727393 0.934697 0.937765 0.970727 0.911781 0.896643 0.978304 0.921348 0.909394 0.896828 0.948675 0.877122 0.864802 0.765361 0.987040 0.878575 0.883091 0.881687 0.979879 0.948658 0.980908 0.970485 0.782009 0.966204
0.873168 0.921674 0.000000 0.527320 0.922493 0.848148 0.596217 0.545470 0.805799 0.872133 0.972190 0.767489 0.794996 0.870039 0.922859 0.768431 0.763676 0.766074 0.852148 0.896975 0.829796 0.862155 0.763582 0.630024 0.641425 0.860659 0.915525 0.897789 0.922852 0.999282 0.842254 0.942798 0.918058 0.965726 0.966795 0.937450 0.826877 0.874436 0.745106 0.973063 0.941846 0.921990 0.964367 0.862819 0.735804 0.655276 0.982015 0.971953 0.638253 0.666090 0.692230 0.713646 0.823576 0.724754 0.981857 0.839244 0.837541 0.733783 0.677888 0.833543 0.861531 0.608907 0.609489 0.699805 0.556263 0.639439 0.958656 0.901186 0.942875 0.905472 0.907099 0.845843 0.893012 0.932406 0.983279 0.833141 0.981136 0.990465 0.903389 0.963183 0.831103 0.863443 0.956714 0.904237 0.801608 0.724493 0.855203 0.938118 0.668172 0.908740 0.841855 0.721969 0.829049 0.611161 0.886121 0.751600 0.995359 0.940854 0.944762 0.907838 0.927019 0.953693 0.698120 0.754565 0.926167 0.920751 0.823305 0.985532 0.958975 0.892081 0.891775 0.892901 0.895479 0.803053 0.979572 0.914491
0.949048 0.833300 0.527320 0.000000 0.881811 0.851980 0.828151 0.424057 0.969040 0.948589 0.917045 0.818126 0.912064 0.960160 0.703412 0.986961 0.789132 0.811861 0.984643 0.922144 0.894348 0.982859 0.910602 0.761697 0.590005 0.670295 0.908907 0.977101 0.650744 0.838630 0.949562 0.961372 0.845159 0.903807 0.874677 0.978490 0.819595 0.837353 0.653493 0.779562 0.976139 0.959728 0.954378 0.897216 0.535365 0.591553 0.963653 0.999529 0.568768 0.679107 0.696534 0.785986 0.666587 0.583717 0.950506 0.958040 0.970351 0.938658 0.860267 0.900732 0.854120 0.821165 0.603174 0.651170 0.739004 0.541805 0.864010 0.900942 0.740046 0.928191 0.928443 0.970413 0.957319 0.992211 0.973004 0.938628 0.999749 0.945879 0.921059 0.934051 0.850023 0.754480 0.831333 0.941497 0.992398 0.713054 0.952746 0.809436 0.757377 0.914503 0.955519 0.815051 0.764204 0.671239 0.960734 0.835558 0.926379 0.848230 0.670262 0.861726 0.927429 0.950716 0.756431 0.814671 0.838556 0.790643 0.839917 0.985093 0.834001 0.863208 0.991435 0.730386 0.947376 0.888243 0.991276 0.790991
0.916105 0.823718 0.922493 0.881811 0.000000 0.978530 0.784075 0.872070 0.678162 0.828322 0.970822 0.915282 0.655105 0.688916 0.678098 0.604257 0.986433 0.940177 0.815830 0.992019 0.826799 0.985521 0.593238 0.712047 0.947948 0.802017 0.883625 0.863089 0.889992 0.961084 0.964445 0.955090 0.904089 0.953739 0.887171 0.988288 0.828865 0.942563 0.873417 0.779048 0.920272 0.814060 0.990765 0.846555 0.847358 0.972347 0.910745 0.955626 0.997576 0.950865 0.926087 0.987167 0.926469 0.793711 0.855304 0.996632 0.748924 0.761177 0.864245 0.740024 0.761352 0.797405 0.914018 0.976175 0.693261 0.962945 0.901713 0.805445 0.836194 0.760337 0.844143 0.996862 0.953994 0.972431 0.935636 0.855197 0.914533 0.935572 0.997758 0.922586 0.750456 0.866104 0.822392 0.843720 0.622092 0.947862 0.785950 0.786942 0.956549 0.850426 0.723228 0.709480 0.961060 0.759894 0.882627 0.962841 0.855441 0.720053 0.820353 0.668569 0.870582 0.826697 0.915504 0.932267 0.929482 0.939186 0.996089 0.839421 0.971889 0.810360 0.812421 0.919487 0.951480 0.987383 0.953299 0.824601
0.972603 0.827654 0.848148 0.851980 0.978530 0.000000 0.953657 0.960297 0.898300 0.802180 0.987521 0.826851 0.945234 0.900770 0.904123 0.833980 0.910549 0.932720 0.905560 0.944754 0.842468 0.916359 0.925976 0.797008 0.589216 0.587321 0.856618 0.671009 0.880333 0.840499 0.954684 0.878064 0.883761 0.898332 0.658944 0.827508 0.883280 0.926978 0.796488 0.754798 0.768871 0.994399 0.897738 0.917963 0.897834 0.848723 0.862623 0.948574 0.786608 0.769348 0.954794 0.944474 0.875908 0.798984 0.937597 0.860210 0.930060 0.873179 0.899019 0.956369 0.914687 0.867058 0.931707 0.975245 0.623084 0.625340 0.646396 0.703011 0.967975 0.981732 0.960739 0.721926 0.958900 0.965139 0.796605 0.998141 0.995418 0.786464 0.900889 0.961114 0.938554 0.805302 0.797138 0.893850 0.718953 0.567248 0.794423 0.951920 0.918940 0.794806 0.800555 0.943979 0.709529 0.875156 0.950129 0.774653 0.936618 0.959317 0.939262 0.913073 0.891808 0.935875 0.876054 0.867146 0.793053 0.776153 0.798519 0.948393 0.976279 0.918920 0.961492 0.914958 0.913020 0.995981 0.876806 0.749947
0.971384 0.835082 0.596217 0.828151 0.784075 0.953657 0.000000 0.627652 0.626456 0.513632 0.837312 0.874807 0.497725 0.634693 0.623803 0.643765 0.996147 0.991664 0.467477 0.692898 0.682700 0.896194 0.484070 0.702194 0.988052 0.686280 0.968148 0.782578 0.713082 0.617324 0.722923 0.614704 0.704479 0.838076 0.835811 0.918298 0.840564 0.917834 0.868475 0.660791 0.880227 0.908569 0.895154 0.896792 0.987270 0.890909 0.799488 0.987692 0.907015 0.990472 0.732617 0.795324 0.951567 0.989781 0.914255 0.804764 0.840906 0.675335 0.726225 0.806489 0.669346 0.697049 0.894761 0.947969 0.736220 0.944992 0.869167 0.653178 0.854134 0.778975 0.851521 0.677203 0.736788 0.776211 0.877862 0.806493 0.891451 0.964633 0.916625 0.933556 0.967259 0.989918 0.987524 0.871365 0.705938 0.939340 0.965619 0.733529 0.697807 0.885265 0.675123 0.588516 0.880125 0.665266 0.954289 0.995010 0.946037 0.882711 0.848585 0.642833 0.982228 0.700660 0.854690 0.868896 0.992454 0.876211 0.845479 0.900927 0.982915 0.978383 0.878248 0.973385 0.991729 0.872756 0.851527 0.874726
0.997820 0.976764 0.545470 0.424057 0.872070 0.960297 0.627652 0.000000 0.922618 0.772960 0.890023 0.753779 0.969187 0.997342 0.811469 0.999201 0.883630 0.850347 0.793630 0.799936 0.805590 0.992919 0.997271 0.831482 0.753029 0.857491 0.990788 0.887155 0.892924 0.869887 0.965877 0.799489 0.992699 0.920545 0.741733 0.963653 0.900996 0.925771 0.825792 0.988844 0.943535 0.954951 0.915806 0.904122 0.593099 0.655279 0.897077 0.981554 0.680924 0.842871 0.696647 0.754912 0.762955 0.662896 0.897924 0.948017 0.950876 0.857844 0.872373 0.858810 0.994620 0.730570 0.723375 0.784367 0.873080 0.731427 0.935981 0.933100 0.810069 0.957424 0.981644 0.768902 0.799409 0.929596 0.888351 0.941704 0.968938 0.965384 0.878445 0.915606 0.972497 0.781216 0.765775 0.809511 0.942091 0.942822 0.866820 0.902764 0.809470 0.886542 0.837228 0.808567 0.769439 0.699604 0.842749 0.893694 0.885029 0.862859 0.828529 0.984654 0.812544 0.905463 0.914944 0.862821 0.978935 0.850527 0.834479 0.907947 0.938154 0.919177 0.882626 0.818128 0.881274 0.862516 0.898817 0.975451
0.822280 0.674497 0.805799 0.969040 0.678162 0.898300 0.626456 0.922618 0.000000 0.472016 0.895071 0.961925 0.648960 0.786656 0.643916 0.599090 0.938164 0.853803 0.596302 0.924622 0.818077 0.935253 0.543164 0.716441 0.849197 0.695966 0.909944 0.745197 0.787629 0.762940 0.740926 0.866278 0.954675 0.966084 0.931606 0.857473 0.822883 0.821874 0.765087 0.695280 0.835265 0.871753 0.857814 0.864297 0.914241 0.943105 0.757081 0.826571 0.950863 0.931703 0.813128 0.865565 0.795467 0.733370 0.782954 0.773371 0.665974 0.627203 0.683527 0.680911 0.885017 0.773034 0.870359 0.930297 0.809461 0.808106 0.739420 0.584913 0.725340 0.750110 0.768231 0.833224 0.916764 0.997688 0.859011 0.978309 0.987194 0.986352 0.913985 0.962737 0.873419 0.822160 0.978698 0.718414 0.825674 0.797272 0.854712 0.772524 0.918749 0.967655 0.755508 0.576226 0.841693 0.729428 0.998139 0.991252 0.835029 0.789966 0.848708 0.759372 0.838744 0.751114 0.888093 0.917036 0.767419 0.856691 0.886268 0.999701 0.996076 0.831278 0.975740 0.899126 0.905536 0.993015 0.853679 0.964793
0.892420 0.614313 0.872133 0.948589 0.828322 0.802180 0.513632 0.772960 0.472016 0.000000 0.780471 0.932959 0.684033 0.808283 0.687923 0.758165 0.943191 0.923360 0.522761 0.840310 0.782391 0.979003 0.607645 0.896063 0.728637 0.592454 0.998250 0.676306 0.654748 0.580404 0.705543 0.675963 0.900879 0.862459 0.739087 0.834203 0.847084 0.841668 0.721789 0.571324 0.814941 0.839120 0.745115 0.900628 0.915212 0.999564 0.661177 0.917297 0.863991 0.821103 0.788625 0.822878 0.800109 0.753252 0.865513 0.754025 0.773247 0.659778 0.749272 0.811258 0.844676 0.815957 0.981083 0.957157 0.977145 0.653273 0.675330 0.521186 0.777465 0.792360 0.863943 0.708839 0.782846 0.913356 0.951511 0.957091 0.867043 0.964234 0.960646 0.996892 0.995696 0.825870 0.933062 0.688427 0.969377 0.618391 0.984187 0.757680 0.897549 0.968759 0.783901 0.628015 0.856740 0.760096 0.939277 0.938192 0.857448 0.882602 0.862929 0.737424 0.933508 0.713494 0.996928 0.927638 0.799690 0.771749 0.951264 0.928967 0.926437 0.898088 0.909620 0.963976 0.915953 0.947812 0.740057 0.883427
0.622109 0.998890 0.972190 0.917045 0.970822 0.987521 0.837312 0.890023 0.895071 0.780471 0.000000 0.778615 0.740609 0.825124 0.867514 0.889385 0.752893 0.657763 0.706891 0.778206 0.929237 0.976796 0.945234 0.993047 0.938290 0.922498 0.869030 0.971615 0.690051 0.626012 0.739449 0.740619 0.676120 0.676695 0.890981 0.971334 0.948517 0.945521 0.829984 0.985590 0.968750 0.827385 0.960153 0.869928 0.903102 0.862822 0.869922 0.901846 0.814600 0.817696 0.841069 0.848065 0.789275 0.941446 0.978844 0.782729 0.871096 0.902432 0.857089 0.808206 0.732602 0.777869 0.792669 0.618756 0.897410 0.863671 0.854350 0.992152 0.992781 0.928389 0.913785 0.902543 0.996282 0.980930 0.994801 0.960686 0.973700 0.996878 0.865064 0.914856 0.716693 0.712443 0.980535 0.866055 0.950179 0.884408 0.805065 0.981846 0.922762 0.831333 0.921392 0.900415 0.974532 0.874370 0.886768 0.998044 0.907710 0.890991 0.825417 0.881034 0.862783 0.929126 0.787337 0.905483 0.921089 0.956427 0.984279 0.982161 0.888590 0.974402 0.984612 0.955553 0.979075 0.856298 0.987676 0.965850
0.826593 0.809517 0.767489 0.818126 0.915282 0.826851 0.874807 0.753779 0.961925 0.932959 0.778615 0.000000 0.834199 0.712333 0.972505 0.840131 0.908680 0.929158 0.935802 0.884436 0.875400 0.944860 0.985709 0.803975 0.741669 0.766781 0.893428 0.959573 0.951543 0.992941 0.906061 0.977338 0.739039 0.782984 0.823867 0.840838 0.807040 0.904008 0.917321 0.866108 0.990031 0.976418 0.892019 0.948399 0.962141 0.947965 0.882878 0.981392 0.892556 0.999602 0.853472 0.830423 0.972091 0.905301 0.847060 0.710366 0.896361 0.935730 0.852680 0.851217 0.748584 0.593709 0.989286 0.856439 0.856558 0.688879 0.620817 0.759163 0.938562 0.950843 0.956259 0.938345 0.920912 0.883511 0.919213 0.842060 0.969418 0.950572 0.955859 0.900240 0.963661 0.665936 0.910647 0.913784 0.861577 0.743322 0.961549 0.995027 0.932877 0.774794 0.799706 0.952843 0.708737 0.931290 0.908401 0.892170 0.784534 0.914358 0.949052 0.888228 0.762141 0.870197 0.898567 0.949591 0.928526 0.770774 0.964861 0.981007 0.979607 0.951411 0.922566 0.998559 0.863165 0.980761 0.916856 0.903864
0.902325 0.927625 0.794996 0.912064 0.655105 0.945234 0.497725 0.969187 0.648960 0.684033 0.740609 0.834199 0.000000 0.508495 0.429389 0.447964 0.885530 0.800517 0.490087 0.707546 0.823773 0.930391 0.425342 0.622809 0.992256 0.729368 0.986534 0.891128 0.650108 0.674467 0.714243 0.702658 0.606249 0.757496 0.937673 0.971028 0.865748 0.959608 0.863346 0.797232 0.962367 0.974733 0.922033 0.919272 0.704878 0.881490 0.989670 0.974665 0.908547 0.924059 0.997984 0.932942 0.733525 0.812917 0.832862 0.967807 0.968925 0.824044 0.845517 0.715957 0.505514 0.713468 0.917123 0.832480 0.654908 0.939687 0.959104 0.804610 0.808421 0.751083 0.779806 0.853133 0.842230 0.777272 0.926374 0.824351 0.827292 0.874940 0.942611 0.957618 0.983012 0.956832 0.797734 0.963440 0.535540 0.935866 0.852025 0.637208 0.757527 0.835597 0.729122 0.697677 0.927593 0.820886 0.979542 0.970388 0.877981 0.841965 0.707160 0.565165 0.971907 0.695895 0.882560 0.979482 0.909223 0.905021 0.966531 0.999032 0.972748 0.881254 0.983771 0.859775 0.868811 0.997125 0.973481 0.932150
0.953080 0.996584 0.870039 0.960160 0.688916 0.900770 0.634693 0.997342 0.786656 0.808283 0.825124 0.712333 0.508495 0.000000 0.605588 0.567561 0.929847 0.921913 0.655907 0.755160 0.842671 0.795506 0.553682 0.592680 0.974716 0.853759 0.996938 0.937167 0.721226 0.883857 0.881188 0.789874 0.668692 0.788288 0.761008 0.834509 0.856250 0.965929 0.906340 0.792891 0.966031 0.958544 0.966375 0.984795 0.815448 0.941167 0.987172 0.931916 0.993120 0.935964 0.979627 0.881459 0.837017 0.830854 0.910962 0.993464 0.984967 0.920857 0.979736 0.853454 0.570374 0.699214 0.830424 0.801229 0.708868 0.948114 0.902070 0.999170 0.773863 0.828276 0.927777 0.947258 0.967676 0.868242 0.979101 0.738946 0.919203 0.939163 0.991870 0.965051 0.959741 0.896363 0.713682 0.844965 0.539785 0.804559 0.911555 0.594237 0.766949 0.757118 0.781886 0.846271 0.874028 0.913367 0.958415 0.937948 0.918745 0.813394 0.892199 0.721566 0.987838 0.878158 0.927147 0.875085 0.911405 0.973278 0.949707 0.992410 0.990454 0.972195 0.880155 0.942938 0.951517 0.961760 0.976764 0.961398
0.967368 0.883181 0.922859 0.703412 0.678098 0.904123 0.623803 0.811469 0.643916 0.687923 0.867514 0.972505 0.429389 0.605588 0.000000 0.455174 0.892111 0.834505 0.611430 0.851066 0.895441 0.915474 0.398718 0.729903 0.911189 0.712504 0.923536 0.944749 0.568079 0.686908 0.737760 0.764857 0.647919 0.843103 0.890038 0.935556 0.818202 0.829192 0.747470 0.731501 0.946871 0.946716 0.972596 0.970119 0.663206 0.831338 0.941904 0.953022 0.818289 0.871561 0.956653 0.959364 0.733321 0.728485 0.844232 0.848181 0.879697 0.866504 0.816540 0.647440 0.642835 0.903470 0.899252 0.838843 0.687195 0.782044 0.848113 0.701443 0.626741 0.698394 0.905105 0.932903 0.835158 0.874403 0.947403 0.871047 0.892914 0.919553 0.967170 0.993193 0.992518 0.903775 0.730480 0.973647 0.561066 0.993304 0.828531 0.617998 0.895070 0.916023 0.791426 0.685829 0.956061 0.853678 0.995021 0.903990 0.791545 0.718836 0.738920 0.628791 0.869637 0.834480 0.866448 0.930859 0.995151 0.817470 0.912172 0.987676 0.971604 0.900998 0.968524 0.771351 0.848468 0.974874 0.997730 0.908022
0.913265 0.963772 0.768431 0.986961 0.604257 0.833980 0.643765 0.999201 0.599090 0.758165 0.889385 0.840131 0.447964 0.567561 0.455174 0.000000 0.971417 0.889208 0.655863 0.795814 0.878217 0.959652 0.426281 0.525581 0.865924 0.899134 0.820207 0.982490 0.728771 0.818692 0.756554 0.861019 0.750513 0.949089 0.891254 0.985077 0.968007 0.994383 0.929670 0.871057 0.987254 0.944499 0.905104 0.995185 0.866429 0.985945 0.994223 0.904622 0.979146 0.936130 0.868854 0.971305 0.847960 0.873515 0.854695 0.914583 0.885081 0.842987 0.730658 0.632030 0.750825 0.795802 0.934333 0.992778 0.514304 0.971093 0.896138 0.748309 0.724558 0.715974 0.815523 0.957048 0.895422 0.854169 0.930882 0.836423 0.928157 0.895574 0.942791 0.983089 0.858380 0.941238 0.702733 0.970843 0.499699 0.810710 0.805320 0.658474 0.834849 0.800396 0.739897 0.603318 0.948841 0.663714 0.969439 0.978223 0.779826 0.671379 0.879265 0.678916 0.921598 0.826905 0.747794 0.833887 0.936099 0.928204 0.892064 0.936702 0.968461 0.905923 0.856225 0.852224 0.873947 0.934449 0.905178 0.908863
0.745073 0.756626 0.763676 0.789132 0.986433 0.910549 0.996147 0.883630 0.938164 0.943191 0.752893 0.908680 0.885530 0.929847 0.892111 0.971417 0.000000 0.534586 0.862418 0.930713 0.995392 0.976850 0.977905 0.832965 0.817873 0.879642 0.837736 0.932819 0.732010 0.646520 0.813848 0.755738 0.754612 0.706580 0.912784 0.920023 0.951501 0.972140 0.808416 0.981637 0.950851 0.838387 0.950764 0.690439 0.742576 0.649934 0.908101 0.932924 0.775777 0.675792 0.729764 0.721180 0.758199 0.810062 0.974344 0.835904 0.691680 0.708143 0.784560 0.899508 0.860518 0.873187 0.568092 0.561376 0.762750 0.743698 0.991861 0.925088 0.979050 0.922379 0.970856 0.945065 0.968806 0.930529 0.906590 0.858106 0.857275 0.920696 0.674292 0.735327 0.641441 0.932934 0.927782 0.871377 0.938364 0.874972 0.883018 0.886105 0.947460 0.898516 0.965682 0.886395 0.869432 0.770842 0.920742 0.861987 0.935319 0.898602 0.845976 0.908218 0.933639 0.904928 0.719783 0.757106 0.984073 0.977271 0.930437 0.998576 0.957127 0.952126 0.883470 0.865798 0.938171 0.815905 0.906262 0.917757
0.645661 0.734452 0.766074 0.811861 0.940177 0.932720 0.991664 0.850347 0.853803 0.923360 0.657763 0.929158 0.800517 0.921913 0.834505 0.889208 0.534586 0.000000 0.878263 0.807746 0.979971 0.938415 0.957887 0.896643 0.975507 0.927650 0.893313 0.772932 0.739115 0.701396 0.785312 0.826416 0.678380 0.780652 0.905294 0.868133 0.940463 0.977201 0.879104 0.924898 0.876071 0.720464 0.876155 0.664975 0.754532 0.679555 0.814040 0.831970 0.772114 0.761104 0.728646 0.732559 0.804905 0.892846 0.948815 0.757572 0.640235 0.644728 0.791603 0.873191 0.833797 0.845967 0.596312 0.555268 0.876926 0.799082 0.902561 0.871214 0.976021 0.955629 0.958106 0.985468 0.900250 0.858483 0.997954 0.966701 0.802962 0.844855 0.670916 0.835838 0.685031 0.730918 0.844075 0.688636 0.928500 0.990324 0.917864 0.821424 0.986610 0.859049 0.955011 0.880183 0.959339 0.833727 0.935541 0.852480 0.924971 0.911901 0.809234 0.902978 0.951137 0.927513 0.826246 0.817001 0.922365 0.968765 0.819570 0.952609 0.868549 0.999687 0.988786 0.949378 0.980930 0.807752 0.846069 0.981653
0.856355 0.916751 0.852148 0.984643 0.815830 0.905560 0.467477 0.793630 0.596302 0.522761 0.706891 0.935802 0.490087 0.655907 0.611430 0.655863 0.862418 0.878263 0.000000 0.659273 0.799250 0.927894 0.532142 0.803725 0.800593 0.644814 0.949921 0.787912 0.656919 0.552390 0.678193 0.638114 0.760385 0.703503 0.829787 0.970208 0.784350 0.885341 0.708832 0.666447 0.927712 0.988987 0.971762 0.976276 0.842431 0.910478 0.798941 0.932192 0.855889 0.757184 0.926122 0.961623 0.751653 0.825862 0.862218 0.875388 0.957623 0.837973 0.892563 0.931075 0.640240 0.777472 0.875422 0.847121 0.878458 0.797995 0.897647 0.702238 0.929102 0.821611 0.808027 0.829488 0.788072 0.854103 0.970033 0.953079 0.811732 0.988425 0.979347 0.943665 0.882801 0.966959 0.906156 0.901249 0.739079 0.862290 0.965082 0.671561 0.810686 0.879331 0.663111 0.645805 0.896526 0.792519 0.952876 0.872827 0.956459 0.878269 0.800885 0.661620 0.964930 0.698550 0.970781 0.957107 0.917872 0.896505 0.921775 0.786395 0.973546 0.921414 0.956475 0.839786 0.878993 0.959280 0.909188 0.886781
0.895099 0.936922 0.896975 0.922144 0.992019 0.944754 0.692898 0.799936 0.924622 0.840310 0.778206 0.884436 0.707546 0.755160 0.851066 0.795814 0.930713 0.807746 0.659273 0.000000 0.747334 0.850646 0.792188 0.847363 0.972608 0.906169 0.978027 0.883022 0.827559 0.705458 0.894326 0.781922 0.865973 0.857354 0.823063 0.914161 0.909481 0.931595 0.928056 0.891546 0.957094 0.965439 0.987259 0.907136 0.936277 0.969097 0.903572 0.987823 0.936859 0.985132 0.907591 0.927910 0.925625 0.936068 0.973048 0.855759 0.917255 0.955164 0.940357 0.976740 0.857266 0.903919 0.977419 0.975637 0.896646 0.996445 0.972014 0.851235 0.996614 0.903410 0.782472 0.813547 0.887838 0.838163 0.745000 0.943753 0.834722 0.985526 0.892071 0.937633 0.940862 0.822015 0.901760 0.871988 0.853342 0.991646 0.969852 0.772977 0.776290 0.847459 0.950195 0.871788 0.855147 0.865132 0.972843 0.895903 0.983755 0.999356 0.867296 0.872861 0.975257 0.835237 0.903693 0.976355 0.959855 0.972971 0.907639 0.867773 0.978209 0.970554 0.986047 0.937380 0.979497 0.913548 0.943332 0.974227
0.870842 0.832237 0.829796 0.894348 0.826799 0.842468 0.682700 0.805590 0.818077 0.782391 0.929237 0.875400 0.823773 0.842671 0.895441 0.878217 0.995392 0.979971 0.799250 0.747334 0.000000 0.943344 0.744118 0.893722 0.893605 0.831472 0.942092 0.849420 0.948704 0.870860 0.974518 0.777552 0.925575 0.951959 0.966519 0.958207 0.869357 0.834062 0.888920 0.733684 0.905037 0.812501 0.815664 0.862466 0.880943 0.798336 0.850469 0.941882 0.837609 0.959050 0.813202 0.852367 0.969648 0.962445 0.925068 0.953881 0.767458 0.696094 0.844650 0.883291 0.900062 0.800208 0.856719 0.881815 0.906741 0.973829 0.872779 0.795932 0.894207 0.722224 0.821487 0.850432 0.783063 0.809982 0.924272 0.973436 0.931410 0.987419 0.949839 0.994174 0.784755 0.942500 0.945069 0.819670 0.877613 0.921971 0.981986 0.867958 0.964571 0.998801 0.882777 0.756668 0.951520 0.815664 0.907339 0.841214 0.945565 0.984435 0.957670 0.938474 0.867433 0.741398 0.974022 0.843166 0.970119 0.984859 0.887977 0.940038 0.979964 0.943180 0.998989 0.937723 0.912790 0.921878 0.866237 0.920492
0.987328 0.976781 0.862155 0.982859 0.985521 0.916359 0.896194 0.992919 0.935253 0.979003 0.976796 0.944860 0.930391 0.795506 0.915474 0.959652 0.976850 0.938415 0.927894 0.850646 0.943344 0.000000 0.945604 0.930813 0.999355 0.945386 0.981674 0.969422 0.972353 0.967362 0.929820 0.932961 0.897351 0.974304 0.937969 0.957989 0.893300 0.891573 0.983255 0.990796 0.983891 0.918272 0.926452 0.960035 0.947538 0.969103 0.972511 0.983283 0.920788 0.987162 0.896289 0.929346 0.831066 0.954953 0.929220 0.997355 0.973744 0.986670 0.966941 0.979930 0.959931 0.886354 0.930963 0.952760 0.955204 0.959737 0.987099 0.950725 0.902936 0.960300 0.906507 0.958360 0.949499 0.989788 0.953074 0.900359 0.873967 0.954088 0.954288 0.861218 0.936487 0.916976 0.967101 0.900490 0.894134 0.981963 0.900389 0.835453 0.837024 0.907591 0.983866 0.931579 0.983076 0.930258 0.866740 0.778846 0.968672 0.935939 0.886800 0.942685 0.958557 0.843032 0.957393 0.912353 0.896661 0.959523 0.963081 0.965426 0.890280 0.984163 0.973547 0.935231 0.901486 0.939799 0.953258 0.977068
0.889049 0.807708 0.763582 0.910602 0.593238 0.925976 0.484070 0.997271 0.543164 0.607645 0.945234 0.985709 0.425342 0.553682 0.398718 0.426281 0.977905 0.957887 0.532142 0.792188 0.744118 0.945604 0.000000 0.569432 0.978337 0.665172 0.852213 0.892212 0.698417 0.736459 0.756134 0.786400 0.715464 0.944933 0.939730 0.956944 0.805484 0.880734 0.793168 0.642743 0.933575 0.889549 0.953266 0.894256 0.800692 0.990232 0.854823 0.930485 0.960165 0.962257 0.827250 0.979103 0.800029 0.768967 0.779342 0.809521 0.790477 0.775605 0.763014 0.669401 0.640950 0.780256 0.974449 0.970726 0.573253 0.913137 0.827123 0.658794 0.689447 0.689694 0.858242 0.910079 0.806419 0.844941 0.949893 0.886046 0.879522 0.924435 0.987415 0.934204 0.883807 0.934613 0.719837 0.972300 0.468655 0.915120 0.809189 0.582623 0.814224 0.871766 0.669955 0.526917 0.965954 0.689036 0.997803 0.998509 0.827926 0.732956 0.826534 0.609075 0.931417 0.730584 0.772980 0.868431 0.964700 0.858182 0.960365 0.972041 0.998890 0.933170 0.999875 0.845602 0.848810 0.959263 0.992609 0.967033
0.905726 0.980164 0.630024 0.761697 0.712047 0.797008 0.702194 0.831482 0.716441 0.896063 0.993047 0.803975 0.622809 0.592680 0.729903 0.525581 0.832965 0.896643 0.803725 0.847363 0.893722 0.930813 0.569432 0.000000 0.686544 0.989728 0.786234 0.944256 0.972962 0.977978 0.918335 0.958378 0.871484 0.988829 0.861650 0.989223 0.954835 0.825244 0.879610 0.944046 0.905563 0.966799 0.980626 0.849679 0.924538 0.762908 0.991141 0.926969 0.731283 0.785280 0.824472 0.969933 0.949230 0.965139 0.873872 0.949078 0.838975 0.878691 0.832830 0.825571 0.791304 0.691875 0.834948 0.878777 0.483009 0.696957 0.941215 0.943283 0.869031 0.839103 0.839380 0.987746 0.962848 0.970080 0.917359 0.855357 0.998837 0.834333 0.968880 0.871684 0.758421 0.918556 0.812263 0.974492 0.512477 0.623317 0.744952 0.749754 0.708209 0.833042 0.821510 0.754423 0.904023 0.701662 0.936007 0.854142 0.868535 0.945424 0.956000 0.778965 0.993159 0.919685 0.596188 0.813753 0.825433 0.820464 0.954716 0.971980 0.888324 0.963410 0.926595 0.989146 0.947077 0.912830 0.898401 0.820561
0.992890 0.776976 0.641425 0.590005 0.947948 0.589216 0.988052 0.753029 0.849197 0.728637 0.938290 0.741669 0.992256 0.974716 0.911189 0.865924 0.817873 0.975507 0.800593 0.972608 0.893605 0.999355 0.978337 0.686544 0.000000 0.536383 0.749000 0.821355 0.756190 0.760882 0.996270 0.758977 0.934476 0.996659 0.813247 0.888902 0.735153 0.692893 0.582977 0.674847 0.901313 0.945256 0.847065 0.933464 0.713200 0.726373 0.792472 0.919781 0.631328 0.584065 0.858855 0.943906 0.677113 0.603512 0.845187 0.892707 0.996092 0.912435 0.967061 0.983951 0.980742 0.787026 0.756659 0.820359 0.567664 0.454361 0.680287 0.698387 0.865501 0.960666 0.969600 0.906671 0.928287 0.924919 0.985789 0.984355 0.985895 0.799741 0.929497 0.997114 0.902943 0.736484 0.942858 0.781099 0.811820 0.476104 0.721471 0.844350 0.781760 0.879565 0.977949 0.996820 0.706866 0.792203 0.880689 0.763451 0.913213 0.929946 0.808590 0.973629 0.789176 0.880755 0.743912 0.801368 0.735574 0.672443 0.989556 0.854158 0.932261 0.825853 0.997473 0.879551 0.929786 0.987057 0.816336 0.720936
0.917824 0.656206 0.860659 0.670295 0.802017 0.587321 0.686280 0.857491 0.695966 0.592454 0.922498 0.766781 0.729368 0.853759 0.712504 0.899134 0.879642 0.927650 0.644814 0.906169 0.831472 0.945386 0.665172 0.989728 0.536383 0.000000 0.905399 0.656008 0.706440 0.629345 0.859945 0.778684 0.886570 0.969230 0.822317 0.876831 0.717030 0.817834 0.615280 0.557602 0.862029 0.965630 0.763386 0.974631 0.720564 0.821520 0.738162 0.970426 0.762300 0.708956 0.977384 0.942417 0.735497 0.679047 0.735151 0.766069 0.916539 0.766127 0.849110 0.831425 0.860661 0.905237 0.800448 0.873630 0.798614 0.487842 0.592449 0.562547 0.777275 0.857573 0.921587 0.804856 0.854645 0.940345 0.882039 0.965516 0.960959 0.875082 0.943505 0.940584 0.984781 0.708975 0.939867 0.828629 0.976689 0.564584 0.918864 0.688442 0.994337 0.831176 0.904822 0.858074 0.761156 0.934753 0.980257 0.777638 0.864351 0.836340 0.796599 0.770710 0.876092 0.771267 0.954839 0.905110 0.823420 0.698845 0.941976 0.933938 0.944934 0.896115 0.935918 0.938386 0.972104 0.999465 0.888847 0.729115
0.845536 0.952877 0.915525 0.908907 0.883625 0.856618 0.968148 0.990788 0.909944 0.998250 0.869030 0.893428 0.986534 0.996938 0.923536 0.820207 0.837736 0.893313 0.949921 0.978027 0.942092 0.981674 0.852213 0.786234 0.749000 0.905399 0.000000 0.955557 0.936197 0.817202 0.979969 0.802259 0.905497 0.844124 0.991201 0.849163 0.943051 0.840879 0.849711 0.953677 0.961953 0.930817 0.908997 0.803711 0.839050 0.799216 0.970714 0.899127 0.796114 0.745629 0.807007 0.885220 0.888555 0.912486 0.951857 0.883148 0.819557 0.921222 0.843967 0.834795 0.896734 0.992804 0.817418 0.767946 0.691722 0.813642 0.912907 0.930506 0.972333 0.936560 0.965931 0.896550 0.958766 0.873211 0.957013 0.932962 0.923088 0.972501 0.869280 0.917525 0.876304 0.964823 0.856831 0.940461 0.796615 0.779208 0.786319 0.960554 0.867677 0.973301 0.997673 0.802265 0.954237 0.845559 0.974577 0.926167 0.981662 0.972834 0.883102 0.952608 0.932927 0.908752 0.657704 0.740495 0.974635 0.892596 0.876122 0.943953 0.985703 0.961928 0.942238 0.984787 0.959012 0.953178 0.850320 0.786258
0.825569 0.698439 0.897789 0.977101 0.863089 0.671009 0.782578 0.887155 0.745197 0.676306 0.971615 0.959573 0.891128 0.937167 0.944749 0.982490 0.932819 0.772932 0.787912 0.883022 0.849420 0.969422 0.892212 0.944256 0.821355 0.656008 0.955557 0.000000 0.919747 0.823302 0.926105 0.983881 0.882709 0.988537 0.737060 0.853129 0.925786 0.998785 0.857155 0.774266 0.844046 0.861190 0.810351 0.877392 0.975416 0.962665 0.841427 0.960951 0.989908 0.934641 0.868539 0.818846 0.991617 0.897638 0.812855 0.873359 0.857372 0.701378 0.822686 0.932896 0.995359 0.874695 0.919866 0.861586 0.886730 0.832917 0.756025 0.699374 0.988049 0.946081 0.841644 0.746856 0.884059 0.996386 0.830971 0.971633 0.965363 0.889385 0.893212 0.939383 0.872576 0.854921 0.849948 0.741805 0.916398 0.740304 0.982819 0.914503 0.818252 0.874967 0.957484 0.843235 0.872164 0.985707 0.990203 0.921723 0.965974 0.974324 0.974081 0.895938 0.971698 0.893265 0.898392 0.971348 0.797328 0.802850 0.864157 0.962156 0.962986 0.897096 0.990641 0.957714 0.975267 0.962072 0.891186 0.905824
0.853944 0.898253 0.922852 0.650744 0.889992 0.880333 0.713082 0.892924 0.787629 0.654748 0.690051 0.951543 0.650108 0.721226 0.568079 0.728771 0.732010 0.739115 0.656919 0.827559 0.948704 0.972353 0.698417 0.972962 0.756190 0.706440 0.936197 0.919747 0.000000 0.546476 0.690993 0.671611 0.614940 0.708352 0.946021 0.953980 0.891021 0.825935 0.693442 0.678913 0.943358 0.838715 0.929155 0.905143 0.703135 0.717234 0.848078 0.948358 0.699853 0.713670 0.959251 0.977226 0.675532 0.751734 0.998715 0.882133 0.927523 0.919136 0.923488 0.837833 0.750445 0.996024 0.700035 0.679243 0.918306 0.597051 0.844356 0.750862 0.702235 0.793135 0.976629 0.781384 0.865694 0.894377 0.930118 0.900439 0.983314 0.877373 0.871876 0.974089 0.739894 0.967686 0.836012 0.984019 0.888095 0.752583 0.862328 0.719581 0.986869 0.862948 0.931746 0.920504 0.916020 0.950527 0.980298 0.795072 0.893437 0.778608 0.697764 0.809901 0.944171 0.877015 0.890702 0.960902 0.802469 0.689052 0.920475 0.895580 0.734596 0.784479 0.957500 0.864647 0.952056 0.851037 0.939535 0.793772
0.791639 0.937140 0.999282 0.838630 0.961084 0.840499 0.617324 0.869887 0.762940 0.580404 0.626012 0.992941 0.674467 0.883857 0.686908 0.818692 0.646520 0.701396 0.552390 0.705458 0.870860 0.967362 0.736459 0.977978 0.760882 0.629345 0.817202 0.823302 0.546476 0.000000 0.650476 0.573946 0.741264 0.721362 0.746359 0.951824 0.917699 0.871512 0.645449 0.698321 0.971138 0.874356 0.938309 0.843228 0.797731 0.783601 0.848141 0.925179 0.759248 0.687352 0.959471 0.972137 0.751856 0.859434 0.963654 0.970636 0.883182 0.993312 0.977090 0.935135 0.768413 0.995790 0.780072 0.699915 0.843313 0.628318 0.857219 0.710304 0.891206 0.990423 0.892831 0.742209 0.718463 0.818956 0.962331 0.914977 0.913652 0.982324 0.793099 0.852768 0.685879 0.897743 0.955356 0.939212 0.974901 0.733041 0.868997 0.789772 0.907024 0.984705 0.774153 0.871121 0.930971 0.973333 0.922016 0.887125 0.946499 0.973806 0.700414 0.743799 0.982835 0.683610 0.820562 0.822615 0.876002 0.837665 0.993028 0.895819 0.893648 0.961681 0.832644 0.878076 0.943853 0.917888 0.935468 0.803230
0.911892 0.961700 0.842254 0.949562 0.964445 0.954684 0.722923 0.965877 0.740926 0.705543 0.739449 0.906061 0.714243 0.881188 0.737760 0.756554 0.813848 0.785312 0.678193 0.894326 0.974518 0.929820 0.756134 0.918335 0.996270 0.859945 0.979969 0.926105 0.690993 0.650476 0.000000 0.850530 0.736237 0.724234 0.907291 0.930705 0.909532 0.942491 0.891604 0.947715 0.965286 0.928713 0.974099 0.919145 0.785713 0.843906 0.898776 0.976493 0.847371 0.814871 0.921387 0.944983 0.790199 0.865734 0.987326 0.928628 0.966603 0.974215 0.853157 0.888670 0.817077 0.887714 0.886606 0.825926 0.955422 0.806249 0.998120 0.844800 0.893889 0.856641 0.857739 0.941813 0.912208 0.972660 0.885036 0.996264 0.786740 0.983636 0.908115 0.781257 0.769842 0.896893 0.867771 0.991277 0.881777 0.947011 0.966382 0.886160 0.826568 0.851250 0.866259 0.839697 0.990109 0.798354 0.966775 0.996502 0.982958 0.970269 0.849787 0.780748 0.930052 0.818223 0.948725 0.973455 0.947602 0.903133 0.832400 0.950783 0.885782 0.911044 0.941449 0.944285 0.994656 0.920862 0.963610 0.961779
0.788233 0.943931 0.942798 0.961372 0.955090 0.878064 0.614704 0.799489 0.866278 0.675963 0.740619 0.977338 0.702658 0.789874 0.764857 0.861019 0.755738 0.826416 0.638114 0.781922 0.777552 0.932961 0.786400 0.958378 0.758977 0.778684 0.802259 0.983881 0.671611 0.573946 0.850530 0.000000 0.700695 0.755766 0.873690 0.928293 0.840533 0.825292 0.840002 0.712085 0.890803 0.882711 0.956973 0.887050 0.852350 0.867857 0.950229 0.858613 0.891283 0.740224 0.977193 0.954544 0.741727 0.880031 0.998241 0.973289 0.948732 0.930130 0.953157 0.939935 0.716299 0.949341 0.768482 0.771848 0.913928 0.753783 0.925104 0.826408 0.824720 0.926719 0.941443 0.761975 0.771677 0.813980 0.906536 0.845423 0.958346 0.970870 0.913224 0.889476 0.784861 0.960991 0.988414 0.974484 0.910949 0.811778 0.794703 0.785382 0.969538 0.947370 0.809804 0.891843 0.979093 0.997820 0.989108 0.878776 0.938946 0.953377 0.730051 0.729773 0.963870 0.803849 0.816386 0.940185 0.970229 0.970685 0.916083 0.842460 0.962405 0.917970 0.855509 0.923198 0.955527 0.973004 0.925610 0.759056
0.852338 0.932930 0.918058 0.845159 0.904089 0.883761 0.704479 0.992699 0.954675 0.900879 0.676120 0.739039 0.606249 0.668692 0.647919 0.750513 0.754612 0.678380 0.760385 0.865973 0.925575 0.897351 0.715464 0.871484 0.934476 0.886570 0.905497 0.882709 0.614940 0.741264 0.736237 0.700695 0.000000 0.638766 0.792260 0.858508 0.966868 0.972206 0.861804 0.939096 0.916279 0.855926 0.930992 0.865546 0.730109 0.820269 0.914316 0.937488 0.911513 0.875484 0.832563 0.815037 0.746501 0.890850 0.995444 0.865502 0.886434 0.969173 0.880483 0.996417 0.553354 0.776638 0.707870 0.623968 0.874543 0.950218 0.788730 0.909719 0.783015 0.858806 0.975285 0.875562 0.927058 0.952718 0.977257 0.814452 0.989288 0.930137 0.937074 0.868704 0.809753 0.856272 0.875620 0.783770 0.741827 0.920069 0.961518 0.751286 0.953569 0.852791 0.814881 0.975643 0.827044 0.936429 0.967483 0.939125 0.824258 0.998015 0.749266 0.682604 0.794286 0.880321 0.858030 0.994865 0.921796 0.925561 0.964264 0.957427 0.960764 0.996613 0.795486 0.944422 0.989866 0.956556 0.873109 0.875628
0.662391 0.855336 0.965726 0.903807 0.953739 0.898332 0.838076 0.920545 0.966084 0.862459 0.676695 0.782984 0.757496 0.788288 0.843103 0.949089 0.706580 0.780652 0.703503 0.857354 0.951959 0.974304 0.944933 0.988829 0.996659 0.969230 0.844124 0.988537 0.708352 0.721362 0.724234 0.755766 0.638766 0.000000 0.865116 0.835644 0.996512 0.985956 0.892453 0.949331 0.921972 0.862876 0.820948 0.734053 0.729151 0.695401 0.849555 0.785488 0.773133 0.757100 0.739387 0.726821 0.718958 0.872675 0.803730 0.856018 0.790040 0.891649 0.774149 0.806707 0.592320 0.755366 0.710580 0.652147 0.939423 0.963741 0.748898 0.822958 0.952832 0.948060 0.927740 0.814827 0.981977 0.899166 0.888357 0.856698 0.815480 0.871386 0.912286 0.694561 0.655286 0.828907 0.971285 0.933772 0.930941 0.969769 0.894185 0.909561 0.929739 0.797743 0.780461 0.934808 0.802318 0.931377 0.908371 0.968699 0.928373 0.833484 0.718974 0.767526 0.762999 0.852459 0.745541 0.903667 0.949075 0.887377 0.989118 0.903581 0.983269 0.977866 0.755745 0.764820 0.935560 0.806016 0.932018 0.970900
0.996953 0.808054 0.966795 0.874677 0.887171 0.658944 0.835811 0.741733 0.931606 0.739087 0.890981 0.823867 0.937673 0.761008 0.890038 0.891254 0.912784 0.905294 0.829787 0.823063 0.966519 0.937969 0.939730 0.861650 0.813247 0.822317 0.991201 0.737060 0.946021 0.746359 0.907291 0.873690 0.792260 0.865116 0.000000 0.772088 0.892737 0.994508 0.788342 0.905279 0.853876 0.997817 0.794301 0.932795 0.786629 0.888118 0.724351 0.930535 0.979660 0.976228 0.775043 0.707713 0.856675 0.851197 0.891751 0.800675 0.988799 0.870142 0.795882 0.997581 0.805577 0.904912 0.822526 0.826027 0.805256 0.784240 0.630432 0.604235 0.875656 0.970034 0.994355 0.859976 0.841283 0.988921 0.817035 0.885171 0.984036 0.730198 0.965704 0.874564 0.920034 0.986356 0.856576 0.879521 0.771820 0.694784 0.838348 0.918017 0.931625 0.934941 0.880431 0.878165 0.831992 0.880210 0.886783 0.951595 0.940866 0.959884 0.892402 0.913317 0.997793 0.966340 0.917952 0.979226 0.866349 0.828632 0.899421 0.974287 0.848049 0.993408 0.959964 0.924022 0.943565 0.874324 0.820158 0.921366
0.854071 0.774978 0.937450 0.978490 0.988288 0.827508 0.918298 0.963653 0.857473 0.834203 0.971334 0.840838 0.971028 0.834509 0.935556 0.985077 0.920023 0.868133 0.970208 0.914161 0.958207 0.957989 0.956944 0.989223 0.888902 0.876831 0.849163 0.853129 0.953980 0.951824 0.930705 0.928293 0.858508 0.835644 0.772088 0.000000 0.870681 0.952962 0.894324 0.901431 0.824819 0.892470 0.900848 0.922626 0.928224 0.959848 0.827357 0.867464 0.972072 0.945909 0.836140 0.774229 0.922466 0.974558 0.904035 0.825675 0.862556 0.841146 0.729617 0.798610 0.837526 0.944371 0.804254 0.841363 0.954596 0.851117 0.714573 0.670966 0.982620 0.976779 0.964939 0.784280 0.930062 0.951659 0.965240 0.992816 0.922936 0.976177 0.969758 0.843321 0.959973 0.884636 0.776529 0.877948 0.871102 0.800994 0.998225 0.935158 0.941342 0.935328 0.887088 0.922340 0.761512 0.952070 0.989093 0.965810 0.805350 0.901971 0.930045 0.951684 0.865573 0.957143 0.912138 0.852030 0.826011 0.796106 0.971080 0.997859 0.876196 0.914778 0.927488 0.921170 0.977065 0.961003 0.768632 0.981191
0.977267 0.841223 0.826877 0.819595 0.828865 0.883280 0.840564 0.900996 0.822883 0.847084 0.948517 0.807040 0.865748 0.856250 0.818202 0.968007 0.951501 0.940463 0.784350 0.909481 0.869357 0.893300 0.805484 0.954835 0.735153 0.717030 0.943051 0.925786 0.891021 0.917699 0.909532 0.840533 0.966868 0.996512 0.892737 0.870681 0.000000 0.853079 0.661339 0.773893 0.896654 0.941581 0.768717 0.821988 0.968649 0.976387 0.724724 0.840590 0.980422 0.892930 0.878015 0.962380 0.957941 0.859869 0.744128 0.895589 0.806715 0.816847 0.981431 0.896304 0.917872 0.999913 0.942634 0.959917 0.994493 0.817135 0.794952 0.789550 0.762340 0.819775 0.985983 0.965599 0.861348 0.952421 0.970185 0.914966 0.889363 0.943306 0.915767 0.898830 0.997585 0.741304 0.921522 0.947337 0.910022 0.829286 0.861561 0.816030 0.963412 0.946113 0.954091 0.930914 0.861709 0.895100 0.957906 0.863241 0.970418 0.840174 0.988867 0.959381 0.880685 0.925087 0.987027 0.988195 0.835440 0.924979 0.926345 0.951680 0.985591 0.997807 0.961698 0.925140 0.991403 0.921102 0.853026 0.879137
0.928099 0.952328 0.874436 0.837353 0.942563 0.926978 0.917834 0.925771 0.821874 0.841668 0.945521 0.904008 0.959608 0.965929 0.829192 0.994383 0.972140 0.977201 0.885341 0.931595 0.834062 0.891573 0.880734 0.825244 0.692893 0.817834 0.840879 0.998785 0.825935 0.871512 0.942491 0.825292 0.972206 0.985956 0.994508 0.952962 0.853079 0.000000 0.805532 0.688522 0.952319 0.958481 0.910356 0.952783 0.883871 0.928636 0.886258 0.981927 0.842069 0.770433 0.965530 0.972662 0.848644 0.860725 0.939170 0.893155 0.930034 0.933135 0.957559 0.915827 0.957535 0.903259 0.928172 0.916145 0.859533 0.742718 0.822396 0.877776 0.815802 0.817802 0.885726 0.994405 0.893847 0.966207 0.977502 0.945993 0.962795 0.861514 0.985656 0.920469 0.993376 0.869470 0.897433 0.816318 0.950168 0.756278 0.840890 0.968427 0.699878 0.882230 0.921557 0.934685 0.918444 0.884133 0.910346 0.840278 0.937549 0.820198 0.889024 0.932847 0.750303 0.949781 0.910495 0.967963 0.736016 0.768271 0.989528 0.950553 0.984246 0.906172 0.963665 0.910783 0.997348 0.984520 0.969260 0.826069
