0.000000 0.221063 0.461563 0.473683 0.803589 0.733784 0.437194 0.540630 0.911314 0.512665 0.448865 0.412735 0.292786 0.398639 0.563798 0.570642 0.442299 0.397809 0.319493 0.331066 0.591093 0.900668 0.677359 0.522431 0.520957 0.635778 0.700182 0.754560 0.938078 0.928934 0.903771 0.915593 0.452761 0.398620 0.503288 0.822277 0.468347 0.561935 0.552297 0.617184 0.590088 0.937495 0.746722 0.667513 0.926953 0.842964 0.436163 0.486977 0.861539 0.587861 0.853529 0.648888 0.900297 0.617201 0.335775 0.463921 0.321413 0.235366 0.261319 0.342229 0.399937 0.708581 0.414567 0.494437 0.462304 0.426886 0.383822 0.519393 0.244464 0.302575 0.780537 0.991556 0.833173 0.766778 0.723340 0.906800 0.703735 0.895897 0.664597 0.548512 0.331825 0.241152 0.507911 0.326459 0.317390 0.343448 0.497184 0.572655 0.425746 0.376904 0.974593 0.925250 0.757471 0.735788 0.662576 0.989852 0.526560 0.879855 0.909474 0.953754 0.605514 0.990640 0.956235 0.875432 0.702382 0.650680 0.937478 0.876194 0.923990 0.759884 0.921068 0.913404 0.976828 0.985476 0.817375 0.890272
0.221063 0.000000 0.408217 0.384689 0.739756 0.717896 0.383543 0.435645 0.835980 0.593283 0.514419 0.393138 0.302752 0.366470 0.509208 0.507631 0.398912 0.354599 0.289738 0.268754 0.577373 0.903700 0.558878 0.449063 0.505798 0.630282 0.648785 0.793879 0.833535 0.818232 0.986355 0.961586 0.398213 0.388754 0.493766 0.856778 0.470603 0.476014 0.543310 0.619903 0.606520 0.834538 0.576937 0.554777 0.812235 0.779059 0.369756 0.425141 0.812201 0.582227 0.806692 0.632057 0.933394 0.631032 0.369277 0.506138 0.262126 0.177028 0.294626 0.369068 0.385681 0.632088 0.401556 0.421797 0.447041 0.379345 0.323030 0.411097 0.298787 0.359414 0.653408 0.820004 0.791074 0.711982 0.795749 0.958386 0.644973 0.948919 0.513722 0.566343 0.307095 0.242665 0.471415 0.380929 0.304217 0.318334 0.525119 0.483285 0.448215 0.364730 0.888414 0.872971 0.630312 0.697916 0.602917 0.989949 0.515407 0.908490 0.813129 0.866040 0.646060 0.965003 0.878117 0.845505 0.605236 0.552738 0.914421 0.988062 0.857018 0.722503 0.965592 0.838943 0.936597 0.952017 0.671225 0.929579
0.461563 0.408217 0.000000 0.224251 0.626983 0.783395 0.297604 0.442011 0.611047 0.636754 0.846969 0.622434 0.323560 0.640969 0.409678 0.457498 0.778859 0.811384 0.552263 0.563230 0.574098 0.825401 0.336677 0.333579 0.284710 0.315897 0.590003 0.731937 0.817876 0.781665 0.699782 0.889309 0.456282 0.553857 0.362609 0.882766 0.336652 0.491842 0.423406 0.662643 0.689610 0.929448 0.819081 0.825999 0.892750 0.901682 0.575419 0.569638 0.982656 0.678325 0.844074 0.622290 0.949007 0.783534 0.345583 0.515361 0.652950 0.478002 0.372773 0.372186 0.230788 0.344475 0.731847 0.694016 0.183402 0.218872 0.276667 0.345602 0.386413 0.457105 0.667402 0.811954 0.625139 0.679362 0.955470 0.896795 0.712069 0.957511 0.698313 0.858445 0.705531 0.590827 0.634957 0.572586 0.225251 0.243797 0.594746 0.666491 0.340788 0.350940 0.936564 0.904762 0.812220 0.856240 0.629819 0.995551 0.603787 0.861633 0.912654 0.925176 0.667625 0.845613 0.794467 0.737496 0.577385 0.523389 0.821692 0.956186 0.795435 0.786263 0.974250 0.924412 0.981580 0.888343 0.670055 0.840068
0.473683 0.384689 0.224251 0.000000 0.605827 0.744926 0.331418 0.362771 0.726900 0.607491 0.912399 0.537270 0.325328 0.543580 0.367996 0.402313 0.775604 0.731999 0.486340 0.489030 0.616065 0.874465 0.285826 0.251633 0.303355 0.403439 0.490182 0.774691 0.881045 0.829418 0.800855 0.993909 0.503072 0.567316 0.422869 0.818100 0.417240 0.481232 0.417515 0.621369 0.709850 0.848005 0.766396 0.793974 0.916850 0.901437 0.571205 0.527096 0.988252 0.714866 0.888150 0.663943 0.980333 0.717432 0.373334 0.527427 0.607560 0.434438 0.430612 0.412547 0.329337 0.423530 0.750610 0.680038 0.214717 0.253602 0.288324 0.368428 0.456714 0.522248 0.622446 0.762085 0.769640 0.793664 0.997413 0.890311 0.680888 0.971793 0.654267 0.822508 0.637785 0.547940 0.628273 0.526403 0.218873 0.244429 0.537867 0.614558 0.377265 0.326190 0.911083 0.983303 0.657605 0.755366 0.626924 0.888612 0.567374 0.891393 0.988571 0.952044 0.689893 0.859609 0.882690 0.774124 0.532301 0.434247 0.818628 0.877922 0.784154 0.739256 0.969940 0.842033 0.959903 0.887828 0.698274 0.834777
0.803589 0.739756 0.626983 0.605827 0.000000 0.878144 0.687723 0.675448 0.864488 0.848042 0.993124 0.847327 0.619504 0.844873 0.617748 0.603466 0.899765 0.933494 0.808651 0.820021 0.805862 0.925490 0.506895 0.552304 0.543988 0.585874 0.680227 0.790565 0.960881 0.873333 0.758909 0.979657 0.794024 0.780113 0.828135 0.844419 0.671980 0.833826 0.866123 0.765052 0.837947 0.920985 0.820040 0.878664 0.959809 0.985888 0.862717 0.742005 0.902090 0.960762 0.994942 0.901765 0.960627 0.797461 0.773739 0.830877 0.802036 0.748562 0.807821 0.767515 0.682588 0.657242 0.936432 0.848953 0.588894 0.602559 0.710213 0.703061 0.711247 0.661951 0.848574 0.845115 0.846614 0.987671 0.983037 0.940114 0.987795 0.991943 0.916772 0.866620 0.842366 0.871679 0.692202 0.832599 0.609901 0.603186 0.797942 0.744983 0.762589 0.682689 0.962242 0.999730 0.787862 0.989486 0.800375 0.995526 0.883549 0.939574 0.971432 0.977594 0.907125 0.856299 0.987546 0.890856 0.893337 0.700588 0.971624 0.934312 0.933725 0.894558 0.998579 0.926642 0.930812 0.809680 0.839646 0.838278
0.733784 0.717896 0.783395 0.744926 0.878144 0.000000 0.677962 0.660059 0.974274 0.972914 0.775128 0.643886 0.803344 0.741366 0.767308 0.756374 0.761555 0.682139 0.676344 0.742595 0.718307 0.904593 0.831813 0.796611 0.920740 0.874722 0.840224 0.801572 0.720608 0.744731 0.931584 0.825414 0.773852 0.690516 0.895879 0.655732 0.876586 0.845726 0.905230 0.745503 0.792604 0.914847 0.759034 0.771580 0.837189 0.864730 0.829839 0.930767 0.936041 0.895509 0.906030 0.890269 0.912511 0.693461 0.846386 0.881018 0.667813 0.742844 0.840921 0.872020 0.793102 0.818465 0.834372 0.879991 0.795610 0.706664 0.667920 0.727844 0.811653 0.902328 0.792747 0.889943 0.995432 0.987226 0.716540 0.932858 0.908284 0.930938 0.838517 0.813059 0.710057 0.705086 0.876307 0.828303 0.788085 0.751367 0.775535 0.868294 0.937026 0.850418 0.733155 0.829891 0.673955 0.735503 0.825041 0.935951 0.617806 0.731996 0.722555 0.699438 0.972048 0.952582 0.915857 0.958144 0.813739 0.710982 0.910960 0.979957 0.969809 0.729385 0.844553 0.814124 0.922503 0.904714 0.950751 0.731507
0.437194 0.383543 0.297604 0.331418 0.687723 0.677962 0.000000 0.232843 0.610415 0.831626 0.707583 0.549353 0.338840 0.463660 0.349185 0.475580 0.553360 0.559416 0.385857 0.418788 0.732123 0.883536 0.420110 0.429980 0.521798 0.514097 0.704697 0.864710 0.863440 0.944576 0.722209 0.830660 0.312498 0.362131 0.456272 0.824221 0.399114 0.484246 0.587533 0.797601 0.700383 0.827231 0.492180 0.492864 0.604700 0.618711 0.459978 0.462636 0.818069 0.642506 0.787228 0.621811 0.806943 0.883879 0.411503 0.434084 0.463334 0.382424 0.424471 0.536617 0.293591 0.430251 0.566045 0.512289 0.338661 0.310640 0.237217 0.274902 0.489840 0.578267 0.440634 0.645113 0.696561 0.664957 0.951605 0.802717 0.550321 0.818318 0.518444 0.674710 0.488389 0.454928 0.541404 0.497707 0.301105 0.358358 0.623198 0.582238 0.502929 0.485667 0.758389 0.843208 0.619926 0.671462 0.656828 0.880070 0.449630 0.801921 0.738446 0.692206 0.853527 0.840944 0.962558 0.997561 0.434213 0.533712 0.814750 0.885669 0.710145 0.671022 0.859204 0.727246 0.862238 0.900669 0.707402 0.869111
0.540630 0.435645 0.442011 0.362771 0.675448 0.660059 0.232843 0.000000 0.693828 0.926082 0.791548 0.558840 0.482409 0.434969 0.426751 0.491377 0.601157 0.557831 0.444551 0.435468 0.785603 0.862007 0.492064 0.445008 0.609135 0.583381 0.709705 0.917425 0.832682 0.891742 0.826452 0.724451 0.421650 0.422109 0.514159 0.734861 0.529631 0.487061 0.640583 0.755789 0.805317 0.714559 0.477424 0.487129 0.609449 0.620803 0.457732 0.510536 0.798803 0.728909 0.821861 0.702667 0.810140 0.861403 0.436346 0.462840 0.471659 0.426805 0.538316 0.650176 0.440023 0.490178 0.675537 0.541429 0.472548 0.405569 0.330158 0.342165 0.632720 0.684011 0.489122 0.616723 0.856991 0.790245 0.977101 0.814897 0.607803 0.814344 0.529494 0.687766 0.481642 0.487227 0.523853 0.501848 0.406458 0.442396 0.673648 0.522833 0.598402 0.525490 0.596523 0.796077 0.515583 0.635412 0.746893 0.814141 0.473074 0.810262 0.618052 0.552453 0.994111 0.789513 0.826963 0.991138 0.483238 0.578108 0.845617 0.874645 0.723340 0.777101 0.866110 0.690264 0.893001 0.899996 0.761986 0.923698
0.911314 0.835980 0.611047 0.726900 0.864488 0.974274 0.610415 0.693828 0.000000 0.906816 0.874565 0.981475 0.767113 0.955785 0.815902 0.973017 0.878514 0.988607 0.882735 0.863960 0.926299 0.985442 0.719442 0.769385 0.698008 0.571572 0.908639 0.963525 0.987256 0.933473 0.582565 0.979676 0.582651 0.789970 0.664451 0.911670 0.680884 0.719744 0.833697 0.860907 0.974161 0.813247 0.792827 0.825825 0.646218 0.740688 0.828627 0.781937 0.851473 0.748437 0.681955 0.738740 0.738088 0.847888 0.681524 0.658260 0.902416 0.876104 0.824094 0.945472 0.615205 0.611778 0.905916 0.850266 0.662307 0.707844 0.652745 0.573963 0.787914 0.878125 0.716971 0.727515 0.707025 0.757823 0.955828 0.914834 0.778621 0.855034 0.822674 0.999824 0.962782 0.998486 0.787825 0.903545 0.711080 0.743298 0.930008 0.721912 0.755705 0.776664 0.947742 0.884734 0.987457 0.986592 0.863623 0.895697 0.926142 0.892765 0.950681 0.949664 0.976251 0.993135 0.915670 0.995449 0.786962 0.822306 0.852495 0.961245 0.919749 0.921549 0.796719 0.770389 0.976723 0.901261 0.802425 0.964016
0.512665 0.593283 0.636754 0.607491 0.848042 0.972914 0.831626 0.926082 0.906816 0.000000 0.818927 0.729750 0.500396 0.682582 0.738399 0.642709 0.871443 0.842604 0.611137 0.686208 0.767598 0.908352 0.705211 0.554339 0.570983 0.730459 0.602195 0.819848 0.737960 0.771922 0.912665 0.718556 0.850385 0.906352 0.713697 0.995493 0.651859 0.933278 0.528703 0.673655 0.761145 0.853600 0.785771 0.859255 0.558981 0.611103 0.794117 0.872193 0.688108 0.937246 0.799220 0.880311 0.706239 0.585544 0.601764 0.792245 0.753132 0.613861 0.617392 0.528155 0.709454 0.954391 0.817424 0.936057 0.589026 0.628892 0.727937 0.890629 0.511779 0.591588 0.971367 0.819179 0.915878 0.930640 0.879205 0.853101 0.989827 0.713982 0.890458 0.887124 0.750684 0.592253 0.768467 0.584502 0.513405 0.528625 0.735815 0.817177 0.595205 0.509187 0.723592 0.954790 0.989948 0.964978 0.828531 0.891177 0.866477 0.841022 0.686416 0.724757 0.526767 0.794960 0.722082 0.741116 0.976560 0.822585 0.993838 0.889436 0.928831 0.915165 0.716627 0.919425 0.835283 0.854477 0.912484 0.963580
0.448865 0.514419 0.846969 0.912399 0.993124 0.775128 0.707583 0.791548 0.874565 0.818927 0.000000 0.486706 0.710113 0.592381 0.904050 0.902558 0.523182 0.408092 0.515919 0.496975 0.790040 0.916325 0.906615 0.937363 0.967585 0.927927 0.971325 0.916452 0.715295 0.598328 0.722975 0.913605 0.678450 0.498917 0.870736 0.834309 0.824246 0.831126 0.946735 0.947963 0.695095 0.969395 0.771787 0.710255 0.825856 0.849887 0.681888 0.776514 0.786105 0.780681 0.962050 0.939477 0.833402 0.711645 0.717732 0.753881 0.466091 0.519011 0.634870 0.735294 0.772612 0.943033 0.532062 0.646161 0.928515 0.812536 0.674119 0.709089 0.550094 0.642554 0.888716 0.990894 0.893194 0.740005 0.719038 0.931691 0.850836 0.971114 0.755260 0.588459 0.404365 0.420563 0.803966 0.610487 0.794140 0.807553 0.717310 0.844149 0.823307 0.820941 0.848786 0.776130 0.684574 0.715364 0.752501 0.929039 0.704968 0.829285 0.708011 0.847338 0.931919 0.807902 0.760745 0.751913 0.826414 0.913401 0.796657 0.858416 0.868981 0.806990 0.986140 0.962309 0.957627 0.922072 0.989449 0.899957
0.412735 0.393138 0.622434 0.537270 0.847327 0.643886 0.549353 0.558840 0.981475 0.729750 0.486706 0.000000 0.496355 0.372864 0.515714 0.494334 0.556038 0.340264 0.394377 0.342072 0.590189 0.942510 0.656635 0.493932 0.688180 0.879416 0.650445 0.987021 0.731261 0.670456 0.860791 0.844839 0.559688 0.449269 0.636946 0.675790 0.637800 0.501798 0.781810 0.761403 0.768923 0.887277 0.712802 0.725139 0.882270 0.950224 0.646259 0.722105 0.972968 0.913441 0.830772 0.948383 0.708880 0.474708 0.600918 0.687146 0.363625 0.394475 0.623411 0.711641 0.556297 0.686935 0.595072 0.483042 0.611788 0.515399 0.556598 0.556360 0.518917 0.579859 0.740503 0.816549 0.804862 0.717348 0.893117 0.976680 0.842969 0.888470 0.626332 0.512402 0.372570 0.343709 0.698826 0.489197 0.506887 0.470256 0.605806 0.620304 0.628519 0.543135 0.836378 0.886446 0.618413 0.783030 0.817821 0.863529 0.619031 0.824158 0.795913 0.798246 0.824119 0.927349 0.768690 0.857447 0.613995 0.628315 0.852765 0.958628 0.896782 0.754823 0.975177 0.877311 0.937833 0.912292 0.848196 0.881722
0.292786 0.302752 0.323560 0.325328 0.619504 0.803344 0.338840 0.482409 0.767113 0.500396 0.710113 0.496355 0.000000 0.411325 0.321410 0.349079 0.511576 0.550742 0.315511 0.370953 0.633456 0.840566 0.341235 0.323312 0.409007 0.555024 0.573285 0.762638 0.973761 0.980156 0.847892 0.959992 0.431883 0.489132 0.521327 0.915985 0.362002 0.565845 0.526015 0.642797 0.583509 0.999887 0.720128 0.680778 0.996369 0.948211 0.506598 0.490991 0.968104 0.654286 0.900660 0.604056 0.996771 0.766427 0.408059 0.475671 0.434671 0.305863 0.348907 0.355389 0.321172 0.530711 0.482249 0.477906 0.309705 0.326371 0.362419 0.506456 0.337308 0.393684 0.542646 0.793392 0.691022 0.726901 0.825001 0.840551 0.624658 0.965668 0.598708 0.566799 0.451922 0.357422 0.550233 0.430762 0.230536 0.286826 0.472099 0.523860 0.412774 0.372306 0.970737 0.840080 0.760313 0.714610 0.660262 0.981706 0.521482 0.955365 0.965933 0.902599 0.635445 0.987011 0.980150 0.986826 0.618728 0.527914 0.859844 0.968133 0.876158 0.739035 0.955722 0.831788 0.947108 0.972985 0.713265 0.870589
0.398639 0.366470 0.640969 0.543580 0.844873 0.741366 0.463660 0.434969 0.955785 0.682582 0.592381 0.372864 0.411325 0.000000 0.481870 0.446027 0.415580 0.328972 0.264099 0.316108 0.810111 0.927723 0.614659 0.459836 0.757287 0.861776 0.640353 0.991303 0.690737 0.654175 0.914779 0.780782 0.536835 0.465112 0.619383 0.784365 0.688340 0.512419 0.726224 0.696259 0.824108 0.827896 0.609161 0.586740 0.862890 0.844063 0.540763 0.629397 0.951468 0.854581 0.956495 0.864232 0.896146 0.655342 0.612589 0.556719 0.313770 0.362811 0.582343 0.675320 0.589913 0.749854 0.539607 0.449191 0.653184 0.556430 0.515059 0.607614 0.604181 0.664399 0.619503 0.744008 0.880542 0.833524 0.844027 0.930824 0.751769 0.811594 0.533389 0.466852 0.324691 0.296403 0.570956 0.444706 0.497288 0.504458 0.619361 0.520207 0.685663 0.605537 0.795863 0.748514 0.676659 0.644940 0.864210 0.893018 0.560212 0.808133 0.710153 0.645976 0.822202 0.763767 0.715245 0.789472 0.639810 0.682559 0.997667 0.907676 0.834457 0.712845 0.970798 0.721059 0.848102 0.932100 0.875978 0.906762
0.563798 0.509208 0.409678 0.367996 0.617748 0.767308 0.349185 0.426751 0.815902 0.738399 0.904050 0.515714 0.321410 0.481870 0.000000 0.260683 0.659384 0.650814 0.458086 0.519442 0.693375 0.835536 0.310878 0.339908 0.517221 0.654584 0.660382 0.817958 0.859115 0.948770 0.725832 0.836520 0.480861 0.519250 0.628036 0.832472 0.508173 0.549978 0.660219 0.837648 0.716229 0.866188 0.640382 0.680827 0.840610 0.847178 0.590463 0.569212 0.995283 0.819249 0.960688 0.762450 0.875253 0.824362 0.592888 0.665198 0.558982 0.486003 0.581112 0.592669 0.379978 0.418670 0.591723 0.481250 0.398270 0.388064 0.492378 0.515643 0.626970 0.659065 0.507977 0.754149 0.764831 0.757572 0.943788 0.714741 0.685365 0.772171 0.616485 0.641062 0.558549 0.526689 0.645144 0.564118 0.375744 0.404376 0.581886 0.544190 0.595332 0.519795 0.923011 0.878331 0.790257 0.827310 0.747307 0.987500 0.529375 0.912998 0.856298 0.735969 0.880545 0.956581 0.966792 0.974113 0.609437 0.578194 0.919065 0.884130 0.767315 0.818406 0.996119 0.770015 0.824960 0.967292 0.779893 0.823362
0.570642 0.507631 0.457498 0.402313 0.603466 0.756374 0.475580 0.491377 0.973017 0.642709 0.902558 0.494334 0.349079 0.446027 0.260683 0.000000 0.683540 0.661216 0.497233 0.535585 0.682274 0.806400 0.325819 0.313899 0.482039 0.663542 0.584274 0.813409 0.921095 0.984949 0.796677 0.854874 0.549743 0.575456 0.643477 0.876200 0.516991 0.617809 0.639610 0.693516 0.665783 0.968510 0.725943 0.743859 0.948275 0.985946 0.580870 0.650395 0.842143 0.984293 0.877501 0.918490 0.963409 0.666430 0.616904 0.689400 0.535495 0.479764 0.622564 0.592008 0.436601 0.462655 0.668493 0.526085 0.442523 0.404572 0.582338 0.642308 0.617748 0.605289 0.644915 0.805346 0.819832 0.801064 0.971160 0.672806 0.810656 0.847778 0.648504 0.689732 0.563576 0.500979 0.611333 0.518878 0.382752 0.364818 0.599213 0.564772 0.559734 0.480434 0.958494 0.937004 0.760754 0.888373 0.849060 0.987631 0.612689 0.930355 0.943571 0.816415 0.835140 0.969216 0.931449 0.916688 0.675416 0.555826 0.918441 0.978471 0.801357 0.874102 0.958422 0.735597 0.818921 0.971886 0.776188 0.838942
0.442299 0.398912 0.778859 0.775604 0.899765 0.761555 0.553360 0.601157 0.878514 0.871443 0.523182 0.556038 0.511576 0.415580 0.659384 0.683540 0.000000 0.292844 0.339827 0.361658 0.843407 0.993666 0.798242 0.721394 0.900760 0.978894 0.838023 0.850379 0.484450 0.498745 0.926799 0.672025 0.458599 0.454592 0.818839 0.910352 0.695919 0.665593 0.931886 0.774153 0.660549 0.818952 0.426497 0.337232 0.706861 0.656199 0.503826 0.551654 0.746968 0.709856 0.833322 0.775490 0.967993 0.858629 0.684776 0.672065 0.260164 0.354523 0.593609 0.667520 0.696981 0.936026 0.311620 0.336399 0.852981 0.758326 0.622217 0.665511 0.537345 0.637628 0.569624 0.713353 0.844386 0.743570 0.791310 0.813805 0.614076 0.663403 0.500234 0.432317 0.249559 0.308643 0.548032 0.497715 0.661277 0.689911 0.824057 0.517559 0.770303 0.716202 0.793686 0.674298 0.760950 0.711961 0.753008 0.944733 0.637103 0.866052 0.609384 0.685510 0.882416 0.682206 0.589833 0.488795 0.717861 0.805206 0.951725 0.899508 0.939718 0.768942 0.923217 0.773405 0.819387 0.897037 0.779207 0.917291
0.397809 0.354599 0.811384 0.731999 0.933494 0.682139 0.559416 0.557831 0.988607 0.842604 0.408092 0.340264 0.550742 0.328972 0.650814 0.661216 0.292844 0.000000 0.316238 0.253057 0.772336 0.935714 0.842926 0.689507 0.918641 0.965138 0.828288 0.993436 0.483772 0.433726 0.907991 0.678712 0.482303 0.382700 0.784663 0.759532 0.741450 0.553916 0.871455 0.811436 0.682772 0.762106 0.462896 0.436882 0.705548 0.713795 0.532797 0.614195 0.775405 0.805106 0.984916 0.964990 0.796977 0.614470 0.699163 0.680703 0.200701 0.310119 0.603276 0.753460 0.724532 0.961039 0.395855 0.363171 0.847928 0.730995 0.584425 0.625426 0.531305 0.613127 0.628449 0.714067 0.883370 0.730099 0.799409 0.945698 0.713598 0.691052 0.472695 0.356847 0.211895 0.243137 0.592834 0.508681 0.653773 0.656036 0.720983 0.586129 0.770453 0.693585 0.708927 0.682522 0.588449 0.615758 0.816150 0.845526 0.544940 0.800263 0.585464 0.614655 0.939848 0.751982 0.528404 0.549076 0.618844 0.738837 0.987199 0.910031 0.930513 0.690575 0.882614 0.762455 0.894928 0.849114 0.886249 0.947078
0.319493 0.289738 0.552263 0.486340 0.808651 0.676344 0.385857 0.444551 0.882735 0.611137 0.515919 0.394377 0.315511 0.264099 0.458086 0.497233 0.339827 0.316238 0.000000 0.277160 0.762993 0.918739 0.594569 0.489652 0.717756 0.819780 0.642087 0.941551 0.684355 0.697805 0.947725 0.822458 0.473835 0.422035 0.614290 0.861424 0.602463 0.593675 0.688095 0.640038 0.645819 0.887922 0.580855 0.540309 0.846111 0.837352 0.487718 0.516582 0.913147 0.752168 0.979291 0.734805 0.916608 0.720128 0.508916 0.519910 0.280548 0.291982 0.469045 0.537014 0.524689 0.780186 0.418704 0.465911 0.572929 0.497159 0.392663 0.521825 0.467899 0.590724 0.495157 0.741739 0.833245 0.808527 0.873375 0.899540 0.642391 0.845484 0.502019 0.442842 0.285382 0.259190 0.627342 0.442837 0.429350 0.476581 0.612246 0.492061 0.618364 0.592415 0.769994 0.655422 0.622784 0.593900 0.727941 0.903996 0.456383 0.822097 0.709929 0.643217 0.760949 0.764697 0.782518 0.765105 0.597205 0.599246 0.981518 0.963247 0.835477 0.626569 0.982954 0.744538 0.885910 0.949377 0.731417 0.832071
0.331066 0.268754 0.563230 0.489030 0.820021 0.742595 0.418788 0.435468 0.863960 0.686208 0.496975 0.342072 0.370953 0.316108 0.519442 0.535585 0.361658 0.253057 0.277160 0.000000 0.682296 0.972249 0.621224 0.491916 0.677685 0.787687 0.627236 0.953681 0.691125 0.641019 0.958775 0.801136 0.404679 0.390914 0.651509 0.786718 0.553839 0.456839 0.686895 0.721122 0.667927 0.752216 0.528235 0.496018 0.825717 0.852188 0.485138 0.575318 0.917127 0.710001 0.972133 0.801332 0.864329 0.655055 0.533477 0.597373 0.228365 0.243366 0.479728 0.593504 0.535813 0.767325 0.450412 0.391133 0.590154 0.508055 0.422614 0.512604 0.369602 0.476596 0.511313 0.657528 0.789032 0.693032 0.815612 0.910444 0.561046 0.749338 0.510563 0.438224 0.257933 0.236506 0.560947 0.438870 0.427768 0.457189 0.604337 0.565647 0.604812 0.518035 0.771070 0.711505 0.597808 0.580230 0.761278 0.876791 0.481165 0.879018 0.731137 0.705720 0.828638 0.791493 0.677940 0.756386 0.516777 0.603918 0.999298 0.982323 0.858148 0.732010 0.938553 0.802160 0.992673 0.883217 0.778871 0.947034
0.591093 0.577373 0.574098 0.616065 0.805862 0.718307 0.732123 0.785603 0.926299 0.767598 0.790040 0.590189 0.633456 0.810111 0.693375 0.682274 0.843407 0.772336 0.762993 0.682296 0.000000 0.903608 0.740459 0.636331 0.613343 0.679049 0.836101 0.633032 0.992615 0.977751 0.871058 0.978172 0.680917 0.628688 0.585656 0.749695 0.636475 0.637082 0.568800 0.754377 0.778061 0.973360 0.978801 0.905284 0.944864 0.957716 0.755787 0.932311 0.989853 0.901675 0.988675 0.987976 0.765022 0.576576 0.616899 0.892919 0.685593 0.619952 0.608917 0.661280 0.500889 0.564254 0.798888 0.754615 0.548429 0.511075 0.642965 0.712855 0.549112 0.630193 0.942229 0.985861 0.811732 0.932233 0.945147 0.978225 0.855318 0.979213 0.997580 0.810584 0.729617 0.658675 0.656511 0.727214 0.557069 0.489139 0.697753 0.776075 0.610795 0.583577 0.779568 0.679537 0.974016 0.876710 0.841649 0.899978 0.821371 0.918274 0.847977 0.854203 0.737922 0.796686 0.950210 0.842865 0.944027 0.793327 0.960989 0.913704 0.996844 0.939973 0.943713 0.894822 0.889621 0.930746 0.834272 0.995837
0.900668 0.903700 0.825401 0.874465 0.925490 0.904593 0.883536 0.862007 0.985442 0.908352 0.916325 0.942510 0.840566 0.927723 0.835536 0.806400 0.993666 0.935714 0.918739 0.972249 0.903608 0.000000 0.933133 0.952995 0.963112 0.918989 0.947944 0.966465 0.822671 0.785237 0.850145 0.807567 0.978201 0.990628 0.918155 0.824014 0.879583 0.989989 0.861919 0.964876 0.935487 0.883498 0.968441 0.990233 0.923774 0.972953 0.870510 0.916116 0.913408 0.763787 0.750312 0.672628 0.684703 0.847193 0.746363 0.776843 0.995728 0.890093 0.803533 0.705539 0.824888 0.800301 0.852782 0.890461 0.913140 0.905398 0.949346 0.895634 0.992383 0.961251 0.977138 0.977869 0.889707 0.844960 0.857145 0.984609 0.976103 0.784499 0.986907 0.895378 0.984014 0.904141 0.901588 0.877230 0.894239 0.905668 0.872072 0.798475 0.896404 0.940527 0.942811 0.901661 0.995001 0.995233 0.932619 0.978743 0.819452 0.898404 0.942453 0.905926 0.893610 0.923280 0.996099 0.973327 0.933888 0.925552 0.963118 0.800458 0.994995 0.864740 0.868259 0.935608 0.932961 0.977461 0.665125 0.889904
0.677359 0.558878 0.336677 0.285826 0.506895 0.831813 0.420110 0.492064 0.719442 0.705211 0.906615 0.656635 0.341235 0.614659 0.310878 0.325819 0.798242 0.842926 0.594569 0.621224 0.740459 0.933133 0.000000 0.245688 0.350458 0.475041 0.494242 0.803386 0.971571 0.882868 0.615111 0.938720 0.573676 0.693763 0.568084 0.895945 0.443774 0.563231 0.591066 0.733607 0.754969 0.916799 0.749444 0.817296 0.974901 0.990051 0.706887 0.671286 0.835200 0.894659 0.982993 0.793729 0.992270 0.811749 0.640173 0.726647 0.705827 0.595670 0.666933 0.612944 0.414034 0.410982 0.822751 0.668268 0.287195 0.328838 0.459913 0.515307 0.613907 0.655518 0.530950 0.629174 0.726836 0.811213 0.936221 0.748349 0.766517 0.855189 0.686965 0.830906 0.767953 0.714463 0.682651 0.719034 0.314203 0.334654 0.606015 0.669690 0.503192 0.460930 0.951443 0.959431 0.746474 0.836958 0.692201 0.973863 0.684995 0.946841 0.973451 0.924717 0.707929 0.886109 0.922260 0.798259 0.588965 0.497842 0.850654 0.914775 0.824977 0.793365 0.956186 0.841874 0.950254 0.872381 0.724620 0.852647
0.522431 0.449063 0.333579 0.251633 0.552304 0.796611 0.429980 0.445008 0.769385 0.554339 0.937363 0.493932 0.323312 0.459836 0.339908 0.313899 0.721394 0.689507 0.489652 0.491916 0.636331 0.952995 0.245688 0.000000 0.324056 0.481283 0.445328 0.747356 0.995131 0.926416 0.766244 0.955047 0.556429 0.592630 0.480678 0.777769 0.472019 0.486738 0.477987 0.636355 0.739351 0.841640 0.836821 0.848208 0.947578 0.937583 0.636258 0.645120 0.813928 0.920377 0.864287 0.877085 0.820223 0.595089 0.491493 0.611160 0.571698 0.469678 0.586991 0.561657 0.420709 0.486878 0.769898 0.642968 0.295774 0.315991 0.457933 0.521660 0.493546 0.582214 0.620437 0.733661 0.843764 0.867709 0.973296 0.893102 0.773724 0.876512 0.641307 0.743657 0.610800 0.526923 0.608295 0.518106 0.263228 0.255899 0.586461 0.617181 0.398835 0.355827 0.984993 0.988548 0.745530 0.868406 0.718529 0.931888 0.629385 0.921472 0.968864 0.963628 0.671314 0.899014 0.934608 0.811142 0.619902 0.530858 0.904491 0.990787 0.915853 0.859891 0.947503 0.861376 0.978958 0.841574 0.805238 0.908534
0.520957 0.505798 0.284710 0.303355 0.543988 0.920740 0.521798 0.609135 0.698008 0.570983 0.967585 0.688180 0.409007 0.757287 0.517221 0.482039 0.900760 0.918641 0.717756 0.677685 0.613343 0.963112 0.350458 0.324056 0.000000 0.261988 0.512602 0.659077 0.703394 0.641577 0.671666 0.850169 0.576217 0.683774 0.426984 0.819956 0.366425 0.566027 0.441584 0.577646 0.706499 0.952909 0.973312 0.963352 0.891614 0.921048 0.674286 0.648304 0.827977 0.845605 0.980869 0.787038 0.892064 0.642452 0.413192 0.620450 0.742399 0.572374 0.504103 0.451042 0.359031 0.422069 0.911175 0.800274 0.229950 0.297935 0.485413 0.555388 0.402043 0.405055 0.861819 0.896144 0.770584 0.807981 0.978284 0.999829 0.875821 0.900665 0.838505 0.936391 0.814061 0.684209 0.618368 0.567858 0.252914 0.242439 0.619346 0.733225 0.312391 0.293575 0.832888 0.738243 0.897201 0.958256 0.692905 0.981949 0.780556 0.997406 0.752520 0.739070 0.581114 0.696890 0.708416 0.685867 0.732732 0.597933 0.805466 0.944436 0.878068 0.926791 0.871136 0.953342 0.877858 0.766026 0.784727 0.899348
0.635778 0.630282 0.315897 0.403439 0.585874 0.874722 0.514097 0.583381 0.571572 0.730459 0.927927 0.879416 0.555024 0.861776 0.654584 0.663542 0.978894 0.965138 0.819780 0.787687 0.679049 0.918989 0.475041 0.481283 0.261988 0.000000 0.624022 0.689167 0.656572 0.606578 0.612619 0.902776 0.595287 0.725226 0.507974 0.774119 0.427591 0.635794 0.482946 0.601898 0.808630 0.932561 0.960237 0.963759 0.994259 0.982591 0.686761 0.730532 0.887154 0.796864 0.865809 0.710025 0.964453 0.824766 0.423041 0.646070 0.848216 0.699220 0.556329 0.547460 0.404127 0.462481 0.999260 0.941063 0.302444 0.357137 0.468567 0.528637 0.494425 0.516105 0.889827 0.880221 0.719670 0.834342 0.910076 0.966873 0.928699 0.832724 0.947886 0.943757 0.951235 0.839516 0.644789 0.720478 0.361638 0.341569 0.735261 0.805619 0.421450 0.418116 0.891591 0.710384 0.968747 0.948779 0.741065 0.974046 0.866606 0.999697 0.775691 0.775115 0.691887 0.743726 0.689090 0.642088 0.796376 0.645164 0.843963 0.939490 0.875543 0.872380 0.980665 0.949007 0.819826 0.835732 0.802467 0.837594
0.700182 0.648785 0.590003 0.490182 0.680227 0.840224 0.704697 0.709705 0.908639 0.602195 0.971325 0.650445 0.573285 0.640353 0.660382 0.584274 0.838023 0.828288 0.642087 0.627236 0.836101 0.947944 0.494242 0.445328 0.512602 0.624022 0.000000 0.791772 0.866236 0.867345 0.957911 0.935350 0.802259 0.866561 0.713935 0.828538 0.710870 0.649621 0.727549 0.765240 0.895089 0.962975 0.981348 0.994992 0.718776 0.737512 0.861342 0.884785 0.636630 0.947163 0.813085 0.974504 0.749823 0.672470 0.741678 0.841322 0.748298 0.715753 0.824089 0.717285 0.734634 0.762222 0.943898 0.891719 0.534747 0.549200 0.677070 0.758598 0.657035 0.700252 0.761725 0.847796 0.845009 0.948597 0.890848 0.936834 0.889652 0.938595 0.748813 0.883554 0.832752 0.728180 0.828978 0.796947 0.531791 0.509478 0.752965 0.848993 0.661147 0.608713 0.945199 0.936612 0.825518 0.841959 0.905576 0.995085 0.884564 0.915945 0.921724 0.957056 0.720746 0.941598 0.915525 0.861261 0.746860 0.715528 0.956399 0.946652 0.995760 0.870152 0.981550 0.965706 0.896002 0.796627 0.855802 0.820165
0.754560 0.793879 0.731937 0.774691 0.790565 0.801572 0.864710 0.917425 0.963525 0.819848 0.916452 0.987021 0.762638 0.991303 0.817958 0.813409 0.850379 0.993436 0.941551 0.953681 0.633032 0.966465 0.803386 0.747356 0.659077 0.689167 0.791772 0.000000 0.987887 0.835330 0.785725 0.932764 0.851208 0.946545 0.826427 0.749272 0.752646 0.927798 0.753714 0.835029 0.882899 0.912412 0.920747 0.898367 0.882557 0.983422 0.834786 0.826749 0.929428 0.953044 0.936749 0.918249 0.944180 0.816421 0.756213 0.946954 0.859975 0.815922 0.738400 0.689250 0.793141 0.850681 0.939131 0.955754 0.728932 0.770336 0.857668 0.990525 0.733691 0.638516 0.896985 0.860526 0.957948 0.887437 0.920783 0.965265 0.822592 0.942816 0.958639 0.986621 0.917124 0.884802 0.821502 0.896682 0.738904 0.708098 0.974454 0.963025 0.760020 0.680910 0.836164 0.822854 0.862916 0.874767 0.817289 0.804087 0.908363 0.873798 0.836854 0.795400 0.698646 0.816787 0.827956 0.854443 0.961574 0.996628 0.791008 0.966983 0.879941 0.854438 0.794392 0.869112 0.971953 0.905014 0.946172 0.862740
0.938078 0.833535 0.817876 0.881045 0.960881 0.720608 0.863440 0.832682 0.987256 0.737960 0.715295 0.731261 0.973761 0.690737 0.859115 0.921095 0.484450 0.483772 0.684355 0.691125 0.992615 0.822671 0.971571 0.995131 0.703394 0.656572 0.866236 0.987887 0.000000 0.247437 0.886380 0.437299 0.744195 0.654305 0.886120 0.908359 0.950956 0.923590 0.765789 0.925476 0.943471 0.810454 0.465788 0.474870 0.574660 0.634105 0.880859 0.847867 0.810524 0.947876 0.997213 0.846063 0.960589 0.979975 0.860916 0.940044 0.555209 0.804309 0.946932 0.789425 0.950003 0.894578 0.581142 0.537933 0.765197 0.904119 0.943830 0.896227 0.929103 0.827487 0.671608 0.676201 0.983149 0.832162 0.944050 0.860086 0.844237 0.470113 0.588460 0.509306 0.528129 0.721848 0.898221 0.915147 0.882297 0.885786 0.994916 0.832063 0.802908 0.783291 0.785550 0.732958 0.853553 0.898234 0.875463 0.971343 0.732022 0.989739 0.614388 0.567838 0.800965 0.643290 0.541385 0.437221 0.831279 0.982834 0.881964 0.942484 0.943481 0.890017 0.825788 0.750446 0.766391 0.834800 0.985622 0.976754
0.928934 0.818232 0.781665 0.829418 0.873333 0.744731 0.944576 0.891742 0.933473 0.771922 0.598328 0.670456 0.980156 0.654175 0.948770 0.984949 0.498745 0.433726 0.697805 0.641019 0.977751 0.785237 0.882868 0.926416 0.641577 0.606578 0.867345 0.835330 0.247437 0.000000 0.995503 0.478343 0.794022 0.679002 0.875641 0.853151 0.883829 0.886354 0.715238 0.932743 0.910944 0.855000 0.538029 0.526253 0.612988 0.713683 0.916437 0.961151 0.780837 0.946907 0.939872 0.777496 0.926356 0.877303 0.789359 0.893374 0.547701 0.797180 0.931363 0.810124 0.909943 0.842861 0.612797 0.543492 0.712395 0.863829 0.963612 0.920053 0.959186 0.858453 0.744911 0.719661 0.905956 0.789476 0.976675 0.833607 0.938828 0.489964 0.629803 0.496913 0.525914 0.686731 0.887678 0.923029 0.830710 0.835596 0.999311 0.804076 0.744555 0.772019 0.792503 0.748134 0.846039 0.844889 0.937219 0.980737 0.801631 0.915404 0.604492 0.626406 0.775806 0.710945 0.467378 0.462345 0.858656 0.957630 0.812849 0.855735 0.973870 0.898359 0.798226 0.824156 0.874866 0.838572 0.955688 0.972220
0.903771 0.986355 0.699782 0.800855 0.758909 0.931584 0.722209 0.826452 0.582565 0.912665 0.722975 0.860791 0.847892 0.914779 0.725832 0.796677 0.926799 0.907991 0.947725 0.958775 0.871058 0.850145 0.615111 0.766244 0.671666 0.612619 0.957911 0.785725 0.886380 0.995503 0.000000 0.663467 0.638219 0.860973 0.833017 0.940101 0.678105 0.828144 0.795289 0.925812 0.898998 0.841404 0.745840 0.731928 0.770208 0.830439 0.963532 0.967569 0.934191 0.971932 0.896517 0.960534 0.827074 0.907183 0.910204 0.988437 0.975414 0.996555 0.974115 0.994490 0.708667 0.643838 0.994762 0.819700 0.722734 0.756838 0.843575 0.753915 0.890660 0.960598 0.754029 0.731473 0.669007 0.768307 0.852876 0.787924 0.848731 0.634143 0.865689 0.960977 0.989201 0.923865 0.853361 0.988344 0.796398 0.792332 0.926586 0.970428 0.845276 0.888628 0.829559 0.731784 0.796167 0.753226 0.899422 0.918663 0.999745 0.831551 0.844101 0.923682 0.957086 0.916752 0.969967 0.924478 0.832195 0.899477 0.821987 0.982055 0.929038 0.954518 0.929126 0.997456 0.950369 0.953563 0.921198 0.972482
0.915593 0.961586 0.889309 0.993909 0.979657 0.825414 0.830660 0.724451 0.979676 0.718556 0.913605 0.844839 0.959992 0.780782 0.836520 0.854874 0.672025 0.678712 0.822458 0.801136 0.978172 0.807567 0.938720 0.955047 0.850169 0.902776 0.935350 0.932764 0.437299 0.478343 0.663467 0.000000 0.710296 0.684149 0.877975 0.830287 0.976728 0.899183 0.899942 0.947376 0.955396 0.799053 0.514524 0.472973 0.624559 0.669516 0.872712 0.972022 0.877042 0.939638 0.950198 0.846046 0.976967 0.984353 0.953489 0.941268 0.701470 0.910645 0.870152 0.762198 0.967964 0.999603 0.820767 0.678437 0.844764 0.966975 0.956979 0.880662 0.862865 0.759030 0.759501 0.707467 0.984344 0.905353 0.970919 0.845051 0.893468 0.523357 0.700632 0.763075 0.656894 0.835787 0.846764 0.850710 0.926955 0.942086 0.890296 0.842991 0.861450 0.902759 0.714653 0.889505 0.871226 0.959588 0.969275 0.890305 0.896687 0.927680 0.640503 0.563923 0.716371 0.752543 0.598400 0.665694 0.882386 0.980299 0.944472 0.922644 0.845288 0.926432 0.822285 0.775594 0.850085 0.892100 0.956789 0.928382
0.452761 0.398213 0.456282 0.503072 0.794024 0.773852 0.312498 0.421650 0.582651 0.850385 0.678450 0.559688 0.431883 0.536835 0.480861 0.549743 0.458599 0.482303 0.473835 0.404679 0.680917 0.978201 0.573676 0.556429 0.576217 0.595287 0.802259 0.851208 0.744195 0.794022 0.638219 0.710296 0.000000 0.346866 0.568769 0.871708 0.450756 0.485789 0.640684 0.787860 0.625259 0.720456 0.439417 0.419475 0.582653 0.613088 0.465963 0.557715 0.806904 0.689058 0.816287 0.758764 0.940571 0.810313 0.488484 0.564039 0.395875 0.387489 0.500374 0.658564 0.399337 0.594044 0.456287 0.452202 0.502775 0.456978 0.377672 0.380712 0.457932 0.581738 0.528356 0.665538 0.728653 0.673909 0.794391 0.766802 0.561527 0.778840 0.520618 0.581044 0.424310 0.450181 0.519801 0.496644 0.426256 0.429788 0.745197 0.565104 0.559306 0.539380 0.832169 0.948606 0.728592 0.801805 0.770014 0.996913 0.635922 0.912838 0.799369 0.788759 0.864846 0.859574 0.866849 0.797932 0.595449 0.654521 0.908199 0.907481 0.914063 0.779753 0.888639 0.755905 0.895188 0.867917 0.773649 0.924320
0.398620 0.388754 0.553857 0.567316 0.780113 0.690516 0.362131 0.422109 0.789970 0.906352 0.498917 0.449269 0.489132 0.465112 0.519250 0.575456 0.454592 0.382700 0.422035 0.390914 0.628688 0.990628 0.693763 0.592630 0.683774 0.725226 0.866561 0.946545 0.654305 0.679002 0.860973 0.684149 0.346866 0.000000 0.548964 0.783725 0.523035 0.505208 0.706387 0.804856 0.583317 0.798590 0.554410 0.470764 0.581923 0.610832 0.453763 0.556310 0.747556 0.728368 0.864033 0.837809 0.990692 0.703524 0.468447 0.506588 0.346718 0.340730 0.477078 0.619578 0.414251 0.594739 0.413865 0.368672 0.587284 0.511370 0.424025 0.442066 0.468155 0.572405 0.685413 0.784372 0.772424 0.623794 0.858664 0.907790 0.770747 0.777134 0.658214 0.555259 0.317006 0.352311 0.444543 0.394620 0.466071 0.478543 0.608278 0.539103 0.553788 0.616259 0.906591 0.998154 0.771750 0.818656 0.852130 0.940719 0.518925 0.958376 0.730693 0.800649 0.927717 0.860480 0.855728 0.781970 0.613238 0.688384 0.954862 0.866793 0.894637 0.742564 0.922992 0.796675 0.953076 0.963714 0.857172 0.915833
0.503288 0.493766 0.362609 0.422869 0.828135 0.895879 0.456272 0.514159 0.664451 0.713697 0.870736 0.636946 0.521327 0.619383 0.628036 0.643477 0.818839 0.784663 0.614290 0.651509 0.585656 0.918155 0.568084 0.480678 0.426984 0.507974 0.713935 0.826427 0.886120 0.875641 0.833017 0.877975 0.568769 0.548964 0.000000 0.889313 0.507082 0.495573 0.450096 0.690822 0.847694 0.928904 0.933965 0.870915 0.857663 0.897155 0.641314 0.673479 0.988511 0.809431 0.903457 0.793232 0.895187 0.706814 0.416400 0.470975 0.694907 0.558385 0.452558 0.542510 0.351698 0.443995 0.795861 0.708502 0.342880 0.345103 0.370324 0.457923 0.513854 0.589749 0.797852 0.891503 0.747307 0.850679 0.972525 0.983573 0.857816 0.968876 0.755492 0.803995 0.717709 0.605750 0.538871 0.589127 0.367994 0.354396 0.718271 0.694137 0.409518 0.457635 0.801364 0.729810 0.929917 0.978378 0.765535 0.970497 0.702141 0.842169 0.859971 0.854110 0.604368 0.800930 0.761336 0.791392 0.709458 0.752771 0.804665 0.889389 0.921590 0.911526 0.861467 0.984174 0.849235 0.864740 0.772660 0.967843
0.822277 0.856778 0.882766 0.818100 0.844419 0.655732 0.824221 0.734861 0.911670 0.995493 0.834309 0.675790 0.915985 0.784365 0.832472 0.876200 0.910352 0.759532 0.861424 0.786718 0.749695 0.824014 0.895945 0.777769 0.819956 0.774119 0.828538 0.749272 0.908359 0.853151 0.940101 0.830287 0.871708 0.783725 0.889313 0.000000 0.916914 0.715692 0.858758 0.898226 0.901298 0.811008 0.943560 0.895995 0.996202 0.971149 0.905477 0.874322 0.899920 0.806926 0.765217 0.784664 0.709442 0.625727 0.842266 0.975853 0.790564 0.843917 0.971986 0.966719 0.888040 0.891758 0.886030 0.980553 0.820418 0.769861 0.878215 0.865476 0.850137 0.792291 0.939332 0.930349 0.980138 0.975068 0.865220 0.984904 0.914805 0.996986 0.921184 0.777866 0.813096 0.818989 0.883409 0.909926 0.836443 0.780801 0.923914 0.901582 0.903044 0.849540 0.855157 0.925796 0.910890 0.973579 0.966547 0.955313 0.870619 0.985604 0.969099 0.980113 0.997342 0.978963 0.939369 0.890382 0.857348 0.901228 0.932228 0.827167 0.931023 0.899106 0.998072 0.902307 0.866558 0.765529 0.733297 0.889539
0.468347 0.470603 0.336652 0.417240 0.671980 0.876586 0.399114 0.529631 0.680884 0.651859 0.824246 0.637800 0.362002 0.688340 0.508173 0.516991 0.695919 0.741450 0.602463 0.553839 0.636475 0.879583 0.443774 0.472019 0.366425 0.427591 0.710870 0.752646 0.950956 0.883829 0.678105 0.976728 0.450756 0.523035 0.507082 0.916914 0.000000 0.563998 0.620860 0.729062 0.631781 0.950914 0.813265 0.735815 0.885351 0.881747 0.615474 0.574216 0.970394 0.696597 0.867826 0.699631 0.954796 0.839425 0.399285 0.606525 0.597508 0.468708 0.436652 0.512538 0.322092 0.499835 0.672532 0.588385 0.343584 0.373380 0.423522 0.518170 0.384847 0.432312 0.705039 0.732917 0.679368 0.581108 0.879637 0.937344 0.742651 0.960339 0.726823 0.753379 0.619025 0.532402 0.553713 0.501326 0.314132 0.342151 0.719605 0.604696 0.435619 0.450849 0.881408 0.891715 0.921769 0.881729 0.705415 0.907771 0.662464 0.908610 0.912146 0.913968 0.640908 0.872885 0.936355 0.850046 0.677172 0.632245 0.923428 0.869183 0.881796 0.794665 0.873933 0.997714 0.933849 0.984836 0.738490 0.971176
0.561935 0.476014 0.491842 0.481232 0.833826 0.845726 0.484246 0.487061 0.719744 0.933278 0.831126 0.501798 0.565845 0.512419 0.549978 0.617809 0.665593 0.553916 0.593675 0.456839 0.637082 0.989989 0.563231 0.486738 0.566027 0.635794 0.649621 0.927798 0.923590 0.886354 0.828144 0.899183 0.485789 0.505208 0.495573 0.715692 0.563998 0.000000 0.651698 0.689492 0.863145 0.603226 0.716131 0.729020 0.766307 0.818565 0.623607 0.719355 0.946161 0.804677 0.911878 0.853105 0.815563 0.678240 0.577753 0.677041 0.525061 0.482111 0.635119 0.741654 0.513225 0.570491 0.737943 0.538470 0.512579 0.491571 0.509488 0.501626 0.544691 0.575676 0.669686 0.671039 0.745831 0.735110 0.941106 0.965150 0.667233 0.835186 0.694683 0.694657 0.578825 0.546909 0.682633 0.652600 0.477695 0.456682 0.731952 0.686542 0.588911 0.546157 0.901581 0.945021 0.764747 0.786576 0.993470 0.910440 0.721186 0.801250 0.827327 0.867692 0.818646 0.920128 0.861450 0.917979 0.568318 0.693044 0.823622 0.990705 0.963037 0.859250 0.898130 0.919453 0.880925 0.967474 0.840086 0.961964
