0.000000 0.542676 0.807970 0.841963 0.918700 0.996893 0.690723 0.705900 0.896950 0.962781 0.807019 0.710200 0.704754 0.795849 0.820508 0.813682 0.616282 0.631404 0.610446 0.809103 0.918118 0.958827 0.943763 0.988807 0.843256 0.834143 0.970788 0.940807 0.729663 0.770554 0.940208 0.979014 0.751085 0.680279 0.826939 0.989465 0.926916 0.719989 0.884551 0.896872 0.970325 0.995926 0.876403 0.781508 0.982403 0.917135 0.740502 0.870867 0.935362 0.932974 0.896350 0.938356 0.880115 0.996090 0.870799 0.984086 0.526429 0.582970 0.678881 0.837250 0.599180 0.680484 0.574832 0.583658 0.769975 0.809858 0.927834 0.900712 0.927225 0.911879 0.993754 0.995534 0.960658 0.987029 0.985317 0.989120 0.767186 0.758216 0.905063 0.899643 0.573076 0.656208 0.859939 0.699315 0.703833 0.784200 0.944200 0.910543 0.857753 0.721776 0.974033 0.986582 0.921283 0.985680 0.947398 0.877343 0.940974 0.925861 0.842433 0.811914 0.953577 0.964615 0.909671 0.877270 0.992273 0.973539 0.812096 0.959567 0.812959 0.874923 0.969888 0.945865 0.879207 0.895632 0.867483 0.872251
0.542676 0.000000 0.792677 0.784019 0.865540 0.992789 0.783304 0.659162 0.878519 0.924580 0.868776 0.674464 0.686837 0.726195 0.757211 0.743322 0.635609 0.641245 0.652387 0.812030 0.979174 0.945537 0.862929 0.993516 0.745213 0.828731 0.967980 0.821592 0.728308 0.791566 0.871825 0.996172 0.624615 0.673698 0.767719 0.931338 0.855838 0.936962 0.980945 0.794570 0.999300 0.965658 0.766555 0.664621 0.843444 0.802817 0.646125 0.709772 0.848846 0.826663 0.854655 0.734954 0.746807 0.874937 0.824808 0.987085 0.591334 0.522310 0.700180 0.840438 0.608847 0.644624 0.632653 0.600231 0.710588 0.782746 0.861279 0.818077 0.943453 0.864705 0.818413 0.946874 0.992217 0.984920 0.961210 0.956342 0.777084 0.928288 0.743820 0.952688 0.553905 0.682623 0.858614 0.722930 0.767897 0.756868 0.997313 0.998528 0.844827 0.740521 0.984868 0.941307 0.947414 0.998189 0.908148 0.778779 0.944769 0.900381 0.737368 0.813070 0.941496 0.998731 0.957871 0.900756 0.914096 0.931024 0.999632 0.918338 0.818863 0.974166 0.991837 0.987110 0.956766 0.941353 0.712480 0.981038
0.807970 0.792677 0.000000 0.470849 0.908331 0.951049 0.401966 0.449950 0.779011 0.944297 0.932129 0.985818 0.703324 0.990028 0.990231 0.991084 0.915695 0.970861 0.772752 0.765653 0.860742 0.869963 0.699176 0.734738 0.594436 0.721781 0.947063 0.934381 0.888240 0.812307 0.863717 0.954937 0.648616 0.659434 0.698357 0.902681 0.796831 0.975430 0.926922 0.805354 0.971847 0.738589 0.642950 0.760658 0.925036 0.949645 0.684182 0.740669 0.830453 0.923216 0.691959 0.637264 0.932705 0.902917 0.831747 0.877588 0.907539 0.919871 0.540550 0.652041 0.536494 0.708436 0.930063 0.995820 0.429368 0.548033 0.524549 0.514859 0.823114 0.871141 0.885928 0.813910 0.844282 0.839113 0.908947 0.903726 0.658701 0.840835 0.995721 0.899163 0.753531 0.851858 0.988289 0.930567 0.557586 0.694659 0.779702 0.877824 0.797435 0.665665 0.594441 0.678494 0.591476 0.569847 0.861809 0.840530 0.813845 0.948096 0.589461 0.631432 0.599641 0.809934 0.838867 0.867387 0.552965 0.629777 0.927712 0.789614 0.815144 0.849830 0.823092 0.845493 0.928091 0.923314 0.680815 0.774825
0.841963 0.784019 0.470849 0.000000 0.956447 0.915765 0.626223 0.414594 0.983701 0.813096 0.994889 0.877740 0.934589 0.951626 0.827107 0.977401 0.816772 0.933031 0.934192 0.787685 0.768200 0.887856 0.767252 0.638030 0.576569 0.630506 0.921610 0.796034 0.728282 0.699225 0.954700 0.990166 0.779927 0.664674 0.665381 0.855347 0.791862 0.888137 0.746112 0.723342 0.905483 0.737802 0.743852 0.784495 0.821996 0.835672 0.802457 0.787295 0.725240 0.875647 0.822982 0.740060 0.911185 0.796168 0.920055 0.860972 0.982455 0.982303 0.709323 0.650604 0.761882 0.693101 0.954788 0.952690 0.436535 0.386885 0.455951 0.402088 0.670498 0.851515 0.676366 0.633051 0.776584 0.803801 0.915985 0.833186 0.615754 0.782367 0.948639 0.898829 0.808570 0.903978 0.921921 0.983448 0.689652 0.609239 0.815970 0.749099 0.987170 0.608468 0.670964 0.749500 0.570957 0.632862 0.842438 0.784706 0.814011 0.993129 0.660324 0.756525 0.644671 0.839998 0.853561 0.887559 0.511533 0.613818 0.971476 0.717142 0.805563 0.846770 0.801151 0.935317 0.960983 0.898894 0.707683 0.745837
0.918700 0.865540 0.908331 0.956447 0.000000 0.793827 0.862489 0.982407 0.830230 0.915963 0.822935 0.981074 0.783110 0.986197 0.834674 0.918187 0.760283 0.830715 0.823868 0.896551 0.801217 0.777159 0.776159 0.914567 0.848859 0.787964 0.973303 0.970551 0.988400 0.848622 0.794837 0.996730 0.862087 0.960850 0.981459 0.844294 0.803079 0.902378 0.977110 0.950823 0.912092 0.911648 0.968944 0.977594 0.808162 0.879607 0.897460 0.903296 0.787872 0.838650 0.874104 0.942442 0.831209 0.802948 0.905061 0.912043 0.745035 0.821251 0.948132 0.846977 0.797895 0.946123 0.784489 0.933002 0.920086 0.980471 0.961040 0.967390 0.985403 0.941070 0.851888 0.976316 0.844410 0.992369 0.899306 0.931648 0.923941 0.977830 0.889166 0.880863 0.755941 0.759902 0.807711 0.760220 0.732712 0.734129 0.974901 0.739481 0.812903 0.932159 0.925959 0.979752 0.961575 0.962497 0.834595 0.980157 0.982571 0.976714 0.972299 0.928975 0.863034 0.876232 0.922704 0.901983 0.998301 0.889248 0.979193 0.943898 0.979715 0.880541 0.991600 0.903525 0.988391 0.938636 0.849914 0.954206
0.996893 0.992789 0.951049 0.915765 0.793827 0.000000 0.982229 0.929860 0.895868 0.877736 0.989314 0.906504 0.949046 0.890884 0.930369 0.746794 0.929234 0.910165 0.970912 0.848473 0.780554 0.987534 0.866068 0.836784 0.836179 0.778739 0.810627 0.817705 0.921918 0.928184 0.855112 0.958532 0.950635 0.903730 0.862239 0.908507 0.732114 0.983872 0.899363 0.980357 0.740081 0.944227 0.927032 0.842007 0.957053 0.910855 0.922888 0.985043 0.935715 0.990569 0.901321 0.962117 0.798512 0.802527 0.894741 0.852427 0.939493 0.941687 0.779261 0.773465 0.981771 0.899555 0.928489 0.782246 0.887916 0.967437 0.986928 0.953278 0.848399 0.797192 0.746674 0.871505 0.910301 0.799283 0.945205 0.936151 0.964588 0.865867 0.995410 0.930673 0.994689 0.983393 0.937023 0.939821 0.848231 0.733938 0.890455 0.838675 0.887384 0.971563 0.814559 0.828546 0.744750 0.845856 0.937099 0.871282 0.832972 0.974712 0.981399 0.998813 0.977549 0.927157 0.888211 0.962783 0.913478 0.997834 0.967025 0.957800 0.905459 0.895630 0.876845 0.997269 0.907050 0.975672 0.987061 0.938033
0.690723 0.783304 0.401966 0.626223 0.862489 0.982229 0.000000 0.570983 0.709516 0.851551 0.887104 0.987098 0.616832 0.940737 0.911499 0.995066 0.929875 0.914865 0.648633 0.706485 0.907062 0.945097 0.723817 0.860025 0.699872 0.777789 0.914101 0.949481 0.986909 0.973009 0.863559 0.931848 0.615741 0.642840 0.742741 0.984553 0.861149 0.914059 0.959432 0.921283 0.987400 0.857739 0.670766 0.723653 0.964382 0.960585 0.738082 0.747825 0.926712 0.817912 0.667729 0.647573 0.912867 0.924218 0.865855 0.975976 0.793780 0.811057 0.481551 0.676665 0.421722 0.745617 0.724365 0.860267 0.527554 0.685980 0.617583 0.666732 0.918796 0.945959 0.965405 0.974116 0.925141 0.914907 0.898037 0.990204 0.710910 0.908771 0.977674 0.939729 0.641967 0.735084 0.906267 0.835489 0.483018 0.764568 0.839461 0.984849 0.747083 0.746299 0.664640 0.675185 0.739064 0.692039 0.848000 0.885976 0.855323 0.981933 0.623667 0.625750 0.687714 0.796014 0.904520 0.864488 0.661212 0.752658 0.991558 0.891122 0.736405 0.859999 0.763434 0.889027 0.932075 0.928648 0.745354 0.772864
0.705900 0.659162 0.449950 0.414594 0.982407 0.929860 0.570983 0.000000 0.953483 0.978054 0.872275 0.728907 0.800800 0.880340 0.866207 0.994540 0.953639 0.961905 0.818218 0.660046 0.909972 0.981151 0.836008 0.835817 0.677727 0.788263 0.951840 0.931273 0.907268 0.820176 0.985448 0.958347 0.755342 0.565940 0.685202 0.908906 0.877424 0.983594 0.934122 0.712357 0.990986 0.776455 0.733242 0.758671 0.784943 0.852671 0.755074 0.836426 0.723624 0.890486 0.874738 0.722178 0.926690 0.771294 0.904070 0.970894 0.934946 0.837706 0.528022 0.499268 0.593879 0.470198 0.948999 0.836443 0.518967 0.436430 0.549614 0.478848 0.813628 0.975014 0.753494 0.713705 0.865756 0.899368 0.945854 0.881698 0.585610 0.764726 0.916501 0.929538 0.735426 0.925473 0.832129 0.983070 0.752065 0.777488 0.727703 0.707638 0.862349 0.553183 0.692206 0.835187 0.651074 0.753579 0.888152 0.770032 0.742111 0.992396 0.626337 0.655114 0.690276 0.898631 0.762195 0.902611 0.535152 0.609687 0.960552 0.754803 0.767324 0.835166 0.734162 0.921267 0.994222 0.948307 0.695795 0.767036
0.896950 0.878519 0.779011 0.983701 0.830230 0.895868 0.709516 0.953483 0.000000 0.676102 0.960997 0.940004 0.746163 0.881616 0.809312 0.977877 0.932443 0.975448 0.912601 0.993501 0.970602 0.948398 0.641614 0.977565 0.947105 0.931407 0.904529 0.934526 0.971775 0.987587 0.845395 0.938709 0.768310 0.990835 0.945520 0.944705 0.828182 0.989237 0.827954 0.801255 0.974395 0.943558 0.886557 0.976372 0.784346 0.857506 0.887929 0.907599 0.743655 0.726851 0.739497 0.760219 0.705229 0.796747 0.896573 0.962128 0.720555 0.789207 0.797757 0.988537 0.673483 0.986070 0.794363 0.861412 0.811100 0.913142 0.933011 0.927354 0.848995 0.928157 0.936834 0.813038 0.869841 0.857536 0.987069 0.964065 0.993706 0.981454 0.972362 0.952603 0.871830 0.881781 0.779195 0.827653 0.680356 0.935629 0.817699 0.787128 0.865794 0.849246 0.914593 0.852947 0.820722 0.899440 0.929411 0.993149 0.880526 0.859088 0.857544 0.800619 0.848942 0.866759 0.988111 0.922423 0.915541 0.940067 0.906078 0.944102 0.903359 0.880101 0.950028 0.983398 0.990445 0.797272 0.898796 0.995519
0.962781 0.924580 0.944297 0.813096 0.915963 0.877736 0.851551 0.978054 0.676102 0.000000 0.751708 0.995371 0.917595 0.873152 0.969365 0.806581 0.776043 0.879395 0.715433 0.821272 0.893629 0.973127 0.860998 0.845863 0.897600 0.824125 0.773511 0.776883 0.658054 0.779409 0.783575 0.999719 0.755187 0.823359 0.914405 0.884333 0.955483 0.932429 0.657279 0.901224 0.795998 0.986599 0.835296 0.819431 0.726281 0.706739 0.840488 0.908548 0.659976 0.665408 0.742191 0.776614 0.784631 0.872770 0.863494 0.912884 0.783579 0.806523 0.791010 0.935308 0.805476 0.936349 0.713590 0.693857 0.838828 0.730995 0.989490 0.901842 0.727884 0.860782 0.765502 0.786492 0.854103 0.840559 0.858658 0.965036 0.927634 0.981344 0.931216 0.970902 0.812359 0.921542 0.946502 0.827317 0.968951 0.763075 0.951855 0.797751 0.844545 0.887452 0.988216 0.975747 0.974873 0.904380 0.935419 0.795575 0.765469 0.886744 0.863263 0.876284 0.794904 0.994042 0.726988 0.821630 0.952670 0.951138 0.862670 0.910632 0.940222 0.899901 0.863778 0.965322 0.975114 0.806970 0.956927 0.972362
0.807019 0.868776 0.932129 0.994889 0.822935 0.989314 0.887104 0.872275 0.960997 0.751708 0.000000 0.764689 0.830313 0.976961 0.935997 0.938947 0.698722 0.693083 0.744851 0.735660 0.849090 0.931559 0.950670 0.834059 0.906157 0.948655 0.842176 0.829405 0.748110 0.743265 0.870522 0.955109 0.860871 0.675418 0.903582 0.858828 0.965683 0.784671 0.920534 0.973598 0.952702 0.890249 0.854877 0.983440 0.939293 0.992327 0.985593 0.925257 0.988911 0.898777 0.993056 0.851153 0.984032 0.964034 0.968552 0.993504 0.831115 0.876402 0.918614 0.956934 0.800544 0.868630 0.678815 0.710301 0.884086 0.942030 0.996444 0.959838 0.984608 0.928947 0.966244 0.815340 0.716557 0.889829 0.944786 0.836114 0.904662 0.834453 0.915446 0.922571 0.756595 0.784634 0.999327 0.884090 0.995351 0.929580 0.792494 0.946700 0.988380 0.941802 0.786170 0.716764 0.853343 0.785006 0.999428 0.784204 0.911230 0.783924 0.997323 0.891692 0.959607 0.933013 0.956200 0.913571 0.975614 0.781808 0.893197 0.870095 0.946654 0.915805 0.958306 0.884506 0.908057 0.890183 0.995085 0.976820
0.710200 0.674464 0.985818 0.877740 0.981074 0.906504 0.987098 0.728907 0.940004 0.995371 0.764689 0.000000 0.785117 0.692913 0.904954 0.845944 0.718864 0.704414 0.857157 0.694103 0.955833 0.861943 0.972404 0.881597 0.998733 0.958556 0.885565 0.968361 0.818628 0.774117 0.914013 0.990852 0.882591 0.749780 0.767387 0.930786 0.982059 0.862938 0.994090 0.879733 0.911255 0.988658 0.994387 0.871955 0.895009 0.968712 0.961107 0.943748 0.959392 0.921875 0.915281 0.953154 0.968782 0.955985 0.929878 0.972070 0.810599 0.645851 0.841637 0.782755 0.777270 0.622048 0.769987 0.600605 0.932062 0.852453 0.980747 0.928704 0.985071 0.917205 0.889011 0.859607 0.909615 0.955734 0.968911 0.873006 0.786515 0.777414 0.769419 0.922390 0.739050 0.811671 0.988419 0.841536 0.978869 0.980184 0.973066 0.898965 0.968128 0.850429 0.928718 0.834589 0.932141 0.782562 0.858399 0.790430 0.932141 0.868524 0.926351 0.964456 0.868842 0.986564 0.956613 0.899492 0.922763 0.991923 0.810782 0.963546 0.920909 0.998822 0.983259 0.918052 0.980278 0.962155 0.934877 0.992908
0.704754 0.686837 0.703324 0.934589 0.783110 0.949046 0.616832 0.800800 0.746163 0.917595 0.830313 0.785117 0.000000 0.640054 0.568908 0.657817 0.781260 0.777580 0.752478 0.714468 0.967829 0.881832 0.731590 0.951704 0.831549 0.936509 0.844589 0.961885 0.823826 0.813965 0.854403 0.915566 0.745058 0.800308 0.791772 0.991362 0.835718 0.836979 0.945408 0.991246 0.975606 0.913475 0.919991 0.876880 0.991144 0.891416 0.779526 0.801585 0.975785 0.812659 0.952952 0.846052 0.893839 0.912801 0.835162 0.917591 0.760972 0.680698 0.784247 0.834165 0.465651 0.697525 0.726176 0.765854 0.757137 0.915791 0.942510 0.992278 0.859608 0.971308 0.961401 0.934045 0.994669 0.900580 0.960575 0.807198 0.913022 0.927313 0.834152 0.902912 0.677201 0.670214 0.835303 0.777638 0.606481 0.886862 0.944433 0.832615 0.790960 0.928036 0.987321 0.937624 0.920950 0.925149 0.971953 0.885934 0.944597 0.836586 0.846901 0.918870 0.951412 0.971966 0.918716 0.793289 0.935157 0.959148 0.937950 0.804808 0.986993 0.960913 0.952017 0.940122 0.968903 0.951473 0.768176 0.941756
0.795849 0.726195 0.990028 0.951626 0.986197 0.890884 0.940737 0.880340 0.881616 0.873152 0.976961 0.692913 0.640054 0.000000 0.600166 0.534059 0.807963 0.750030 0.959878 0.794249 0.975273 0.886233 0.947295 0.967153 0.817837 0.996641 0.905946 0.969183 0.832319 0.690358 0.870295 0.761481 0.832361 0.789352 0.768256 0.991413 0.959298 0.982121 0.981633 0.814751 0.927949 0.914710 0.837629 0.725901 0.951008 0.821351 0.748285 0.724664 0.973190 0.955872 0.948148 0.957399 0.957592 0.889222 0.929443 0.863997 0.933000 0.835865 0.976338 0.920686 0.757965 0.713023 0.874536 0.783787 0.882106 0.855185 0.971731 0.977501 0.833163 0.882749 0.962555 0.828366 0.887396 0.918401 0.908966 0.826069 0.994306 0.954288 0.777881 0.817684 0.789484 0.715326 0.774180 0.805908 0.842147 0.841952 0.865486 0.964536 0.951741 0.999079 0.853437 0.793947 0.776981 0.823336 0.967495 0.813708 0.851247 0.761956 0.967001 0.963188 0.830698 0.966502 0.895898 0.851541 0.927740 0.974511 0.963318 0.758095 0.891195 0.968166 0.951632 0.878885 0.972286 0.966590 0.875022 0.885275
0.820508 0.757211 0.990231 0.827107 0.834674 0.930369 0.911499 0.866207 0.809312 0.969365 0.935997 0.904954 0.568908 0.600166 0.000000 0.563014 0.716647 0.685872 0.806886 0.975312 0.999264 0.897223 0.692922 0.937892 0.882408 0.985584 0.897923 0.967103 0.695480 0.616813 0.731101 0.684862 0.723266 0.942904 0.922944 0.913747 0.871180 0.996276 0.923500 0.980038 0.957487 0.925705 0.844973 0.769703 0.731814 0.662196 0.711212 0.702593 0.761240 0.671090 0.953977 0.892842 0.745187 0.688969 0.860013 0.902264 0.665965 0.729567 0.976959 0.828234 0.753687 0.934496 0.724720 0.807675 0.905903 0.918421 0.808538 0.826607 0.974030 0.901305 0.910848 0.954590 0.880808 0.908644 0.957734 0.819274 0.945936 0.933511 0.774578 0.938495 0.724846 0.648525 0.613446 0.639325 0.701555 0.793443 0.627335 0.657895 0.842866 0.970882 0.829273 0.856495 0.759291 0.816522 0.949250 0.946886 0.850576 0.975712 0.996475 0.992565 0.886983 0.897442 0.817863 0.890771 0.854150 0.863190 0.969476 0.718629 0.963024 0.898891 0.905893 0.837882 0.811426 0.898519 0.904556 0.920130
0.813682 0.743322 0.991084 0.977401 0.918187 0.746794 0.995066 0.994540 0.977877 0.806581 0.938947 0.845944 0.657817 0.534059 0.563014 0.000000 0.926363 0.875790 0.964074 0.984377 0.993570 0.883768 0.766046 0.754057 0.775096 0.857637 0.876812 0.843200 0.937476 0.844293 0.798947 0.724608 0.901564 0.932854 0.900270 0.939424 0.826921 0.912996 0.938816 0.892854 0.891609 0.852055 0.958081 0.928573 0.902282 0.818753 0.828277 0.747034 0.926586 0.923498 0.975735 0.955102 0.860841 0.790138 0.937669 0.880216 0.860110 0.818774 0.813941 0.858845 0.882866 0.894667 0.912222 0.950681 0.856254 0.889082 0.901665 0.976039 0.804028 0.968774 0.890781 0.836752 0.986969 0.897159 0.942787 0.920185 0.986860 0.952075 0.818589 0.831099 0.859920 0.719216 0.688019 0.730419 0.730221 0.698091 0.774972 0.781388 0.976056 0.990179 0.933615 0.903084 0.868420 0.913740 0.919573 0.948916 0.740432 0.904108 0.984655 0.907107 0.891251 0.867199 0.785193 0.798042 0.929098 0.977449 0.951810 0.771912 0.992460 0.958484 0.778355 0.926049 0.952206 0.994441 0.885208 0.932391
0.616282 0.635609 0.915695 0.816772 0.760283 0.929234 0.929875 0.953639 0.932443 0.776043 0.698722 0.718864 0.781260 0.807963 0.716647 0.926363 0.000000 0.474205 0.635739 0.806964 0.967445 0.990543 0.986561 0.816938 0.972953 0.958709 0.958457 0.908348 0.518339 0.464694 0.853621 0.982622 0.734523 0.823689 0.921297 0.980981 0.971439 0.823120 0.944123 0.937639 0.903096 0.951600 0.916634 0.708900 0.758242 0.662131 0.765797 0.797855 0.669212 0.716142 0.829257 0.956680 0.747159 0.759051 0.849545 0.979633 0.526598 0.606985 0.884587 0.878465 0.764889 0.869595 0.494311 0.519240 0.927395 0.850536 0.842492 0.840553 0.845939 0.773549 0.961408 0.849517 0.702740 0.740568 0.990424 0.846555 0.975620 0.946111 0.819296 0.876167 0.518563 0.624867 0.766155 0.672262 0.891604 0.955281 0.990957 0.793000 0.877089 0.990788 0.827384 0.786538 0.740113 0.770880 0.920050 0.878961 0.956332 0.866423 0.985192 0.937223 0.883835 0.822457 0.986784 0.997480 0.794836 0.719668 0.935079 0.721725 0.936039 0.919323 0.963703 0.979796 0.860443 0.988169 0.923402 0.942372
0.631404 0.641245 0.970861 0.933031 0.830715 0.910165 0.914865 0.961905 0.975448 0.879395 0.693083 0.704414 0.777580 0.750030 0.685872 0.875790 0.474205 0.000000 0.684284 0.767631 0.955650 0.849955 0.994273 0.845485 0.983618 0.950213 0.921042 0.979737 0.611915 0.491775 0.875762 0.938360 0.695281 0.755791 0.962048 0.958570 0.952728 0.811604 0.944712 0.879161 0.894456 0.889982 0.923083 0.702151 0.841002 0.765140 0.801323 0.835336 0.837277 0.830346 0.948632 0.983871 0.865152 0.848294 0.894525 0.993829 0.505460 0.639405 0.849158 0.976042 0.744231 0.858222 0.515095 0.529098 0.954763 0.937420 0.904214 0.932705 0.876838 0.710826 0.939657 0.954065 0.632984 0.784712 0.972630 0.883967 0.978364 0.977461 0.773026 0.865093 0.521224 0.561315 0.788256 0.683091 0.908934 0.884138 0.891017 0.859983 0.931023 0.948080 0.783237 0.721414 0.715163 0.737741 0.897437 0.885347 0.957003 0.854709 0.945801 0.976051 0.939655 0.800610 0.967664 0.914655 0.907782 0.822246 0.884396 0.749887 0.921109 0.855469 0.995564 0.998431 0.955625 0.929774 0.939334 0.987411
0.610446 0.652387 0.772752 0.934192 0.823868 0.970912 0.648633 0.818218 0.912601 0.715433 0.744851 0.857157 0.752478 0.959878 0.806886 0.964074 0.635739 0.684284 0.000000 0.675214 0.983672 0.958165 0.804469 0.961344 0.918405 0.842952 0.854374 0.997918 0.662575 0.721000 0.761852 0.983480 0.601342 0.672932 0.804726 0.971284 0.805411 0.904365 0.983042 0.974084 0.920641 0.940428 0.792852 0.752783 0.874279 0.739206 0.635631 0.774749 0.797618 0.726092 0.803605 0.775021 0.893025 0.967628 0.807542 0.909732 0.605642 0.655354 0.715051 0.931323 0.675450 0.825418 0.515568 0.683028 0.896115 0.932692 0.813966 0.844025 0.866274 0.897673 0.964511 0.983942 0.907793 0.805889 0.978327 0.982015 0.806969 0.935041 0.917390 0.942171 0.576894 0.645204 0.832879 0.690846 0.733802 0.876065 0.845719 0.835428 0.750414 0.836777 0.843897 0.915975 0.958263 0.977891 0.937409 0.830219 0.838764 0.972680 0.712597 0.830201 0.801357 0.993641 0.836619 0.872899 0.948227 0.950249 0.971919 0.945257 0.792896 0.940424 0.909994 0.952959 0.858848 0.961671 0.880580 0.980312
0.809103 0.812030 0.765653 0.787685 0.896551 0.848473 0.706485 0.660046 0.993501 0.821272 0.735660 0.694103 0.714468 0.794249 0.975312 0.984377 0.806964 0.767631 0.675214 0.000000 0.925364 0.903733 0.854214 0.962002 0.972734 0.939006 0.913292 0.810101 0.899079 0.849703 0.995782 0.960856 0.716837 0.710033 0.792558 0.980930 0.973736 0.846409 0.998687 0.920901 0.936900 0.990852 0.923252 0.837912 0.795465 0.965481 0.947057 0.869667 0.840163 0.961513 0.959049 0.937488 0.803858 0.745782 0.960602 0.945095 0.879938 0.706058 0.705063 0.643856 0.674539 0.626369 0.748937 0.664086 0.935734 0.803640 0.874085 0.820162 0.933776 0.961311 0.993981 0.959688 0.897906 0.968454 0.896329 0.971137 0.824885 0.880583 0.871784 0.834719 0.646856 0.724039 0.997759 0.873781 0.866794 0.978795 0.826961 0.930432 0.917967 0.783468 0.954188 0.928760 0.980987 0.860655 0.894594 0.789846 0.847740 0.824396 0.880095 0.938345 0.863491 0.884013 0.814616 0.958715 0.700676 0.859293 0.969892 0.935193 0.913619 0.838262 0.727969 0.918965 0.899471 0.864671 0.843632 0.881291
0.918118 0.979174 0.860742 0.768200 0.801217 0.780554 0.907062 0.909972 0.970602 0.893629 0.849090 0.955833 0.967829 0.975273 0.999264 0.993570 0.967445 0.955650 0.983672 0.925364 0.000000 0.983388 0.869640 0.841398 0.919266 0.782290 0.998290 0.901312 0.928363 0.935049 0.946576 0.947681 0.922899 0.933018 0.824078 0.938021 0.890625 0.912976 0.849381 0.995998 0.977116 0.863858 0.963678 0.959306 0.874062 0.797949 0.919721 0.958268 0.836943 0.786637 0.929193 0.901780 0.810020 0.866424 0.988170 0.878833 0.992649 0.914904 0.988493 0.928129 0.965823 0.981816 0.971271 0.974403 0.846099 0.783530 0.803577 0.786837 0.874977 0.966854 0.913284 0.918162 0.977888 0.957058 0.977187 0.928545 0.858001 0.882860 0.982022 0.815184 0.952201 0.991433 0.958907 0.936425 0.882085 0.753238 0.927749 0.948107 0.912685 0.932762 0.939483 0.896575 0.987374 0.974963 0.975896 0.859471 0.967715 0.897717 0.994680 0.952343 0.877256 0.900514 0.915542 0.917899 0.799498 0.961204 0.965620 0.981340 0.867486 0.990342 0.927074 0.872305 0.985674 0.931752 0.938636 0.999477
0.958827 0.945537 0.869963 0.887856 0.777159 0.987534 0.945097 0.981151 0.948398 0.973127 0.931559 0.861943 0.881832 0.886233 0.897223 0.883768 0.990543 0.849955 0.958165 0.903733 0.983388 0.000000 0.957047 0.996322 0.875425 0.920621 0.916507 0.850911 0.898738 0.957160 0.985841 0.988771 0.895164 0.930347 0.847627 0.895846 0.912009 0.892961 0.935721 0.975067 0.923754 0.964538 0.756019 0.884893 0.910273 0.936387 0.863601 0.895082 0.907363 0.885812 0.800503 0.855041 0.859237 0.951591 0.913377 0.849984 0.872161 0.935312 0.912875 0.977719 0.954165 0.920400 0.999075 0.912628 0.869369 0.941668 0.844314 0.835321 0.991069 0.915255 0.930839 0.990051 0.848611 0.888712 0.926019 0.901942 0.944940 0.945560 0.941921 0.944813 0.989096 0.981977 0.999976 0.964732 0.986936 0.960458 0.737630 0.868478 0.945087 0.956497 0.888775 0.928539 0.816177 0.777918 0.899820 0.968834 0.907323 0.997324 0.812641 0.938660 0.865718 0.765715 0.933269 0.713670 0.953571 0.883953 0.840282 0.868389 0.997407 0.904500 0.964995 0.883829 0.930657 0.904636 0.990595 0.877872
0.943763 0.862929 0.699176 0.767252 0.776159 0.866068 0.723817 0.836008 0.641614 0.860998 0.950670 0.972404 0.731590 0.947295 0.692922 0.766046 0.986561 0.994273 0.804469 0.854214 0.869640 0.957047 0.000000 0.533195 0.654406 0.774274 0.977447 0.947796 0.938173 0.998247 0.603053 0.794023 0.703677 0.840660 0.787854 0.972118 0.572021 0.839081 0.978073 0.976872 0.996062 0.913539 0.721056 0.821192 0.785602 0.764786 0.716278 0.708332 0.821571 0.680428 0.765339 0.736467 0.865174 0.879040 0.819469 0.822309 0.769536 0.805888 0.921716 0.991741 0.763013 0.933089 0.809355 0.940805 0.679226 0.814182 0.848373 0.810348 0.968423 0.977766 0.956564 0.867660 0.886875 0.885787 0.931391 0.934270 0.932966 0.936380 0.909290 0.977044 0.706795 0.644823 0.643105 0.685783 0.478856 0.613831 0.863336 0.712182 0.833705 0.715359 0.896497 0.895917 0.809387 0.967903 0.983129 0.822177 0.858477 0.854329 0.781292 0.797089 0.699754 0.965194 0.982479 0.933015 0.723207 0.803510 0.914010 0.951610 0.829683 0.935310 0.930710 0.904795 0.988529 0.787827 0.754695 0.988883
0.988807 0.993516 0.734738 0.638030 0.914567 0.836784 0.860025 0.835817 0.977565 0.845863 0.834059 0.881597 0.951704 0.967153 0.937892 0.754057 0.816938 0.845485 0.961344 0.962002 0.841398 0.996322 0.533195 0.000000 0.600774 0.676547 0.727736 0.878146 0.732615 0.783031 0.771897 0.783194 0.909088 0.869965 0.876055 0.847163 0.673049 0.748149 0.853970 0.866653 0.937820 0.840611 0.837208 0.915481 0.964194 0.922540 0.774837 0.762248 0.986599 0.894381 0.823534 0.871199 0.969198 0.983062 0.797999 0.816313 0.976889 0.917326 0.923154 0.973045 0.979192 0.996109 0.946620 0.785785 0.632163 0.641020 0.694765 0.654677 0.809760 0.861223 0.855449 0.737998 0.739474 0.764289 0.964735 0.831380 0.927144 0.935414 0.955143 0.905654 0.876881 0.811981 0.833509 0.908083 0.579757 0.527474 0.963100 0.787829 0.995673 0.798551 0.783512 0.796997 0.752080 0.753463 0.924913 0.936427 0.928695 0.896966 0.897972 0.934613 0.670216 0.937690 0.986818 0.925417 0.702578 0.732950 0.980131 0.881709 0.862228 0.949659 0.926946 0.959557 0.947412 0.947236 0.842983 0.738523
0.843256 0.745213 0.594436 0.576569 0.848859 0.836179 0.699872 0.677727 0.947105 0.897600 0.906157 0.998733 0.831549 0.817837 0.882408 0.775096 0.972953 0.983618 0.918405 0.972734 0.919266 0.875425 0.654406 0.600774 0.000000 0.637350 0.786104 0.815941 0.889218 0.932687 0.693253 0.825977 0.743514 0.741048 0.657615 0.904538 0.713150 0.819847 0.802032 0.827285 0.884119 0.875805 0.550362 0.651318 0.842621 0.810409 0.635054 0.566928 0.929291 0.809907 0.672862 0.723734 0.782142 0.836946 0.858837 0.761931 0.908513 0.955527 0.851041 0.923081 0.758205 0.815534 0.987668 0.875564 0.481087 0.573815 0.610567 0.599192 0.670303 0.973691 0.744880 0.709070 0.894951 0.854812 0.909404 0.918858 0.775096 0.841966 0.864947 0.914285 0.700932 0.737808 0.853945 0.828887 0.567931 0.483663 0.948873 0.963514 0.890788 0.688056 0.729073 0.807573 0.718560 0.678663 0.876823 0.815786 0.981803 0.959113 0.806884 0.836876 0.691898 0.895912 0.946345 0.845692 0.741969 0.822456 0.844326 0.933096 0.914317 0.983066 0.981467 0.942047 0.877718 0.988202 0.750189 0.819982
0.834143 0.828731 0.721781 0.630506 0.787964 0.778739 0.777789 0.788263 0.931407 0.824125 0.948655 0.958556 0.936509 0.996641 0.985584 0.857637 0.958709 0.950213 0.842952 0.939006 0.782290 0.920621 0.774274 0.676547 0.637350 0.000000 0.866377 0.715840 0.885815 0.901948 0.734495 0.931003 0.780895 0.789070 0.814677 0.876837 0.694831 0.947296 0.690877 0.877779 0.830633 0.757533 0.796082 0.852586 0.925812 0.976542 0.730127 0.806590 0.884540 0.980248 0.744386 0.890490 0.826930 0.845101 0.802075 0.810640 0.885261 0.988448 0.964171 0.865713 0.888213 0.998089 0.956065 0.830263 0.610145 0.703442 0.618873 0.671483 0.719718 0.797947 0.631167 0.677363 0.882161 0.955929 0.802600 0.861061 0.796771 0.795878 0.968923 0.974762 0.893129 0.869918 0.858462 0.899005 0.704326 0.530047 0.856935 0.967871 0.986541 0.771892 0.732584 0.722195 0.732443 0.699033 0.933409 0.999378 0.954317 0.931826 0.752645 0.870342 0.794488 0.908754 0.886234 0.997268 0.884914 0.867512 0.959845 0.845767 0.873532 0.993706 0.910145 0.968112 0.977775 0.949895 0.742456 0.885356
0.970788 0.967980 0.947063 0.921610 0.973303 0.810627 0.914101 0.951840 0.904529 0.773511 0.842176 0.885565 0.844589 0.905946 0.897923 0.876812 0.958457 0.921042 0.854374 0.913292 0.998290 0.916507 0.977447 0.727736 0.786104 0.866377 0.000000 0.953824 0.774316 0.883434 0.968008 0.904283 0.891909 0.891770 0.921623 0.837819 0.968887 0.928372 0.751447 0.890367 0.792379 0.949532 0.960721 0.988426 0.998430 0.983158 0.917669 0.930471 0.996377 0.991380 0.985015 0.885956 0.983029 0.989002 0.908736 0.885704 0.943289 0.849815 0.842245 0.867929 0.830437 0.968358 0.824029 0.763790 0.926410 0.855628 0.991482 0.930401 0.918356 0.995108 0.861505 0.858355 0.871919 0.899759 0.961628 0.760692 0.952684 0.984417 0.962444 0.823746 0.976322 0.932234 0.994442 0.980430 0.921996 0.757044 0.967059 0.945459 0.782770 0.909286 0.904206 0.904269 0.933274 0.830196 0.878601 0.828190 0.986108 0.881320 0.980773 0.941811 0.891028 0.873712 0.975936 0.998417 0.935430 0.943558 0.966703 0.963454 0.875196 0.972738 0.908170 0.857852 0.983173 0.991156 0.872422 0.848411
0.940807 0.821592 0.934381 0.796034 0.970551 0.817705 0.949481 0.931273 0.934526 0.776883 0.829405 0.968361 0.961885 0.969183 0.967103 0.843200 0.908348 0.979737 0.997918 0.810101 0.901312 0.850911 0.947796 0.878146 0.815941 0.715840 0.953824 0.000000 0.983861 0.878224 0.958045 0.903350 0.970784 0.993995 0.821061 0.946157 0.903704 0.944640 0.921217 0.893582 0.891783 0.959997 0.811401 0.926319 0.875975 0.950692 0.799975 0.867203 0.966000 0.993052 0.919588 0.921773 0.850287 0.878506 0.930720 0.828871 0.954742 0.982967 0.892021 0.904916 0.926356 0.998321 0.974948 0.890445 0.763200 0.824924 0.786618 0.842202 0.828289 0.999140 0.705740 0.712220 0.993734 0.957081 0.889823 0.984021 0.895789 0.900829 0.974494 0.952545 0.973185 0.982322 0.924787 0.993875 0.929313 0.695714 0.996651 0.908097 0.975153 0.827795 0.897560 0.928915 0.875473 0.884532 0.930512 0.967487 0.904882 0.867926 0.861346 0.985476 0.862547 0.831166 0.923776 0.947616 0.994733 0.900341 0.985013 0.920748 0.943253 0.969427 0.907643 0.950803 0.947729 0.958195 0.914551 0.957214
0.729663 0.728308 0.888240 0.728282 0.988400 0.921918 0.986909 0.907268 0.971775 0.658054 0.748110 0.818628 0.823826 0.832319 0.695480 0.937476 0.518339 0.611915 0.662575 0.899079 0.928363 0.898738 0.938173 0.732615 0.889218 0.885815 0.774316 0.983861 0.000000 0.470339 0.776533 0.912233 0.742303 0.788108 0.922312 0.828772 0.972246 0.946052 0.801022 0.918504 0.860590 0.895842 0.843072 0.688847 0.689292 0.601751 0.720285 0.809714 0.640931 0.722608 0.836768 0.941292 0.679709 0.671643 0.953059 0.973969 0.676097 0.766684 0.936752 0.846085 0.852359 0.916972 0.609710 0.601236 0.809066 0.725823 0.866513 0.842282 0.878289 0.764207 0.851960 0.820589 0.627009 0.664357 0.935001 0.803662 0.973836 0.973391 0.933879 0.992771 0.691283 0.811217 0.884028 0.749123 0.922975 0.866987 0.996110 0.850708 0.990779 0.880163 0.751687 0.757407 0.703251 0.706860 0.979963 0.849732 0.947117 0.871386 0.966455 0.967711 0.881985 0.906774 0.908291 0.967002 0.756088 0.734497 0.978310 0.704229 0.943173 0.953555 0.991460 0.876047 0.800631 0.977002 0.994836 0.875252
0.770554 0.791566 0.812307 0.699225 0.848622 0.928184 0.973009 0.820176 0.987587 0.779409 0.743265 0.774117 0.813965 0.690358 0.616813 0.844293 0.464694 0.491775 0.721000 0.849703 0.935049 0.957160 0.998247 0.783031 0.932687 0.901948 0.883434 0.878224 0.470339 0.000000 0.741268 0.828624 0.716465 0.863686 0.933443 0.971024 0.980108 0.916435 0.915962 0.989969 0.865162 0.840320 0.856512 0.682819 0.691890 0.608737 0.802867 0.791587 0.627812 0.716218 0.890855 0.936646 0.748795 0.663263 0.923590 0.997526 0.642224 0.741875 0.967708 0.774853 0.858143 0.991370 0.558522 0.601321 0.786430 0.706540 0.767754 0.744372 0.859179 0.786723 0.870141 0.924512 0.626695 0.700253 0.999360 0.765257 0.860843 0.945812 0.755909 0.808830 0.597991 0.596321 0.685955 0.598977 0.972905 0.995189 0.876994 0.732658 0.972107 0.884472 0.672256 0.689209 0.598750 0.664910 0.933982 0.924532 0.912502 0.858726 0.943021 0.886243 0.783599 0.849923 0.993855 0.972989 0.716922 0.733951 0.982955 0.619028 0.929650 0.968576 0.965280 0.990766 0.899154 0.930288 0.940668 0.889950
0.940208 0.871825 0.863717 0.954700 0.794837 0.855112 0.863559 0.985448 0.845395 0.783575 0.870522 0.914013 0.854403 0.870295 0.731101 0.798947 0.853621 0.875762 0.761852 0.995782 0.946576 0.985841 0.603053 0.771897 0.693253 0.734495 0.968008 0.958045 0.776533 0.741268 0.000000 0.653219 0.610286 0.768270 0.770045 0.937856 0.672478 0.853452 0.984311 0.902056 0.972394 0.971078 0.664530 0.676209 0.556017 0.598464 0.631445 0.573452 0.613993 0.696239 0.655840 0.791924 0.704012 0.639096 0.783948 0.826308 0.769757 0.877465 0.902964 0.828870 0.850870 0.965021 0.734627 0.937408 0.918777 0.981476 0.850045 0.871899 0.826205 0.883173 0.896479 0.902632 0.882275 0.857508 0.967832 0.943387 0.976574 0.900496 0.939170 0.919575 0.708373 0.691366 0.648802 0.640234 0.697303 0.686463 0.963733 0.666441 0.959618 0.955070 0.989184 0.998516 0.967921 0.966593 0.990682 0.902227 0.958125 0.947592 0.766540 0.955713 0.881322 0.970379 0.992050 0.920584 0.996221 0.922410 0.851210 0.920566 0.981486 0.921542 0.976242 0.806021 0.914783 0.902601 0.974177 0.907667
0.979014 0.996172 0.954937 0.990166 0.996730 0.958532 0.931848 0.958347 0.938709 0.999719 0.955109 0.990852 0.915566 0.761481 0.684862 0.724608 0.982622 0.938360 0.983480 0.960856 0.947681 0.988771 0.794023 0.783194 0.825977 0.931003 0.904283 0.903350 0.912233 0.828624 0.653219 0.000000 0.803327 0.881062 0.874111 0.899637 0.902982 0.819290 0.980719 0.726899 0.940613 0.907835 0.793081 0.801816 0.758326 0.789258 0.710207 0.751563 0.879557 0.928327 0.971355 0.965387 0.907970 0.875383 0.826297 0.791493 0.935113 0.977214 0.782612 0.869968 0.935233 0.952210 0.959612 0.985995 0.962258 0.959287 0.910914 0.885684 0.910102 0.998647 0.990824 0.782695 0.986881 0.892159 0.859256 0.918481 0.952995 0.908277 0.872522 0.790638 0.898828 0.787992 0.764458 0.725839 0.871446 0.774599 0.827902 0.762248 0.947349 0.922758 0.916129 0.905866 0.878057 0.986912 0.885497 0.924615 0.958611 0.840642 0.884880 0.950338 0.908409 0.896206 0.965071 0.921624 0.949750 0.971803 0.957856 0.971839 0.939921 0.957729 0.990326 0.792112 0.943911 0.953063 0.930761 0.909081
0.751085 0.624615 0.648616 0.779927 0.862087 0.950635 0.615741 0.755342 0.768310 0.755187 0.860871 0.882591 0.745058 0.832361 0.723266 0.901564 0.734523 0.695281 0.601342 0.716837 0.922899 0.895164 0.703677 0.909088 0.743514 0.780895 0.891909 0.970784 0.742303 0.716465 0.610286 0.803327 0.000000 0.614129 0.707031 0.976383 0.806373 0.956372 0.947549 0.914048 0.964209 0.908688 0.625666 0.536648 0.715066 0.664407 0.643514 0.581268 0.759716 0.681246 0.700738 0.660885 0.745534 0.853117 0.856044 0.967228 0.622500 0.609468 0.690589 0.891073 0.608188 0.826987 0.581771 0.704620 0.763741 0.887914 0.732938 0.746261 0.996083 0.994805 0.934497 0.950882 0.966928 0.939558 0.858226 0.993467 0.836093 0.863016 0.939215 0.902142 0.540309 0.629170 0.747073 0.648816 0.669939 0.755750 0.919864 0.877874 0.841703 0.818322 0.936785 0.952365 0.903511 0.957161 0.836897 0.832190 0.917201 0.991919 0.662394 0.771669 0.777338 0.947849 0.927718 0.900269 0.799656 0.945919 0.831197 0.944773 0.911188 0.898748 0.882412 0.918321 0.898457 0.966263 0.728195 0.924859
0.680279 0.673698 0.659434 0.664674 0.960850 0.903730 0.642840 0.565940 0.990835 0.823359 0.675418 0.749780 0.800308 0.789352 0.942904 0.932854 0.823689 0.755791 0.672932 0.710033 0.933018 0.930347 0.840660 0.869965 0.741048 0.789070 0.891770 0.993995 0.788108 0.863686 0.768270 0.881062 0.614129 0.000000 0.693263 0.922718 0.833901 0.984314 0.921359 0.709095 0.973489 0.936199 0.697518 0.626385 0.931906 0.819559 0.677951 0.650514 0.977106 0.870465 0.769410 0.726342 0.930334 0.963194 0.953795 0.829561 0.806135 0.768535 0.689534 0.716427 0.695955 0.662481 0.725213 0.704645 0.748979 0.705551 0.613692 0.588569 0.887013 0.913488 0.925767 0.875661 0.880225 0.832491 0.971581 0.997594 0.801494 0.761668 0.926061 0.940072 0.646962 0.751317 0.995684 0.845251 0.763161 0.807968 0.829058 0.923407 0.881536 0.757481 0.910009 0.999707 0.881738 0.915444 0.912644 0.698489 0.840429 0.871473 0.640116 0.725797 0.723962 0.995805 0.812544 0.907147 0.749781 0.920306 0.940555 0.953745 0.808903 0.871282 0.906730 0.867414 0.906795 0.896554 0.729253 0.919214
0.826939 0.767719 0.698357 0.665381 0.981459 0.862239 0.742741 0.685202 0.945520 0.914405 0.903582 0.767387 0.791772 0.768256 0.922944 0.900270 0.921297 0.962048 0.804726 0.792558 0.824078 0.847627 0.787854 0.876055 0.657615 0.814677 0.921623 0.821061 0.922312 0.933443 0.770045 0.874111 0.707031 0.693263 0.000000 0.897756 0.694341 0.910991 0.907738 0.863171 0.993719 0.846788 0.656856 0.714811 0.880439 0.829102 0.693257 0.700642 0.939395 0.825064 0.747164 0.659424 0.861466 0.937329 0.794963 0.723967 0.909694 0.812657 0.799928 0.798394 0.732007 0.694143 0.869726 0.862243 0.705268 0.732076 0.716580 0.671508 0.852020 0.988301 0.779976 0.770494 0.933796 0.963146 0.963450 0.985926 0.765122 0.722966 0.798929 0.922414 0.767567 0.842380 0.873203 0.823960 0.755800 0.783843 0.897742 0.986953 0.887676 0.753041 0.827219 0.919664 0.767925 0.875670 0.827227 0.741427 0.913301 0.967712 0.708316 0.910708 0.874920 0.752492 0.839519 0.845069 0.791372 0.854460 0.848957 0.988363 0.871765 0.903614 0.956493 0.837301 0.903898 0.972806 0.854684 0.939963
0.989465 0.931338 0.902681 0.855347 0.844294 0.908507 0.984553 0.908906 0.944705 0.884333 0.858828 0.930786 0.991362 0.991413 0.913747 0.939424 0.980981 0.958570 0.971284 0.980930 0.938021 0.895846 0.972118 0.847163 0.904538 0.876837 0.837819 0.946157 0.828772 0.971024 0.937856 0.899637 0.976383 0.922718 0.897756 0.000000 0.759260 0.990474 0.917354 0.837434 0.934443 0.882283 0.967393 0.955426 0.960525 0.976518 0.940519 0.990266 0.998908 0.982949 0.927374 0.972472 0.935721 0.888284 0.800674 0.886540 0.941237 0.971629 0.917210 0.988762 0.988703 0.916505 0.947243 0.894001 0.878516 0.911429 0.980554 0.902233 0.882119 0.952633 0.762914 0.899688 0.979653 0.967747 0.833559 0.980818 0.999396 0.815376 0.987481 0.909977 0.985539 0.941498 0.980532 0.999549 0.934647 0.855083 0.977715 0.947353 0.928726 0.798056 0.936522 0.966728 0.873181 0.920115 0.839335 0.883490 0.894007 0.891264 0.948477 0.994957 0.953199 0.868840 0.908445 0.939768 0.943641 0.980269 0.928221 0.979394 0.968571 0.971599 0.921085 0.893445 0.976832 0.991482 0.927138 0.884301
0.926916 0.855838 0.796831 0.791862 0.803079 0.732114 0.861149 0.877424 0.828182 0.955483 0.965683 0.982059 0.835718 0.959298 0.871180 0.826921 0.971439 0.952728 0.805411 0.973736 0.890625 0.912009 0.572021 0.673049 0.713150 0.694831 0.968887 0.903704 0.972246 0.980108 0.672478 0.902982 0.806373 0.833901 0.694341 0.759260 0.000000 0.728959 0.949183 0.996546 0.980871 0.822700 0.730807 0.812985 0.766473 0.750712 0.732090 0.708874 0.759948 0.703477 0.695942 0.702811 0.739467 0.702798 0.760140 0.753444 0.876845 0.862328 0.972402 0.908156 0.864067 0.970092 0.907740 0.974883 0.735056 0.895723 0.836597 0.775185 0.820380 0.906251 0.742363 0.794678 0.857464 0.958635 0.929940 0.937743 0.929024 0.744672 0.917766 0.966389 0.874548 0.834987 0.826696 0.783970 0.731425 0.734002 0.992253 0.857710 0.958277 0.853322 0.830489 0.878209 0.713834 0.894923 0.959940 0.973285 0.910980 0.897831 0.712168 0.816094 0.843886 0.867351 0.907477 0.996205 0.859496 0.838940 0.793253 0.985694 0.895954 0.963715 0.947699 0.835477 0.956203 0.812041 0.708170 0.991059
0.719989 0.936962 0.975430 0.888137 0.902378 0.983872 0.914059 0.983594 0.989237 0.932429 0.784671 0.862938 0.836979 0.982121 0.996276 0.912996 0.823120 0.811604 0.904365 0.846409 0.912976 0.892961 0.839081 0.748149 0.819847 0.947296 0.928372 0.944640 0.946052 0.916435 0.853452 0.819290 0.956372 0.984314 0.910991 0.990474 0.728959 0.000000 0.997808 0.972404 0.982829 0.821263 0.689336 0.749022 0.695287 0.687651 0.765999 0.723496 0.810371 0.807371 0.722857 0.771104 0.811233 0.787834 0.916054 0.875187 0.797749 0.778832 0.850513 0.834803 0.815539 0.890739 0.845253 0.788365 0.892975 0.953521 0.795679 0.787972 0.791376 0.966315 0.893214 0.758905 0.885733 0.899592 0.989060 0.914847 0.914776 0.923594 0.913880 0.943174 0.905317 0.941691 0.907273 0.909710 0.995460 0.888322 0.989270 0.931123 0.870258 0.935939 0.909308 0.846311 0.807775 0.822444 0.842643 0.923591 0.937842 0.843743 0.853093 0.939126 0.821294 0.882661 0.909823 0.868544 0.919202 0.843813 0.820077 0.976710 0.922106 0.926222 0.992266 0.887604 0.992376 0.809587 0.905165 0.938967
