0.000000 0.154841 0.415851 0.504809 0.680540 0.822610 0.820020 0.736280 0.497848 0.603423 0.384698 0.291162 0.305184 0.340551 0.491952 0.653133 0.260889 0.241130 0.268144 0.224324 0.509256 0.984813 0.602431 0.391969 0.402519 0.586382 0.485336 0.736170 0.508312 0.518172 0.930788 0.644305 0.393514 0.485458 0.757168 0.837480 0.735172 0.779336 0.910914 0.802533 0.668046 0.687554 0.954197 0.802221 0.835148 0.990180 0.550259 0.640637 0.883647 0.769170 0.916901 0.830523 0.889383 0.603271 0.371006 0.479335 0.156142 0.159086 0.458909 0.416043 0.479051 0.654075 0.301704 0.310323 0.304795 0.430658 0.745344 0.882654 0.288774 0.350471 0.588517 0.499709 0.975506 0.907016 0.868552 0.954108 0.977415 0.861304 0.494624 0.345976 0.211635 0.230783 0.359326 0.237742 0.205994 0.184892 0.872125 0.546368 0.511775 0.270394 0.395618 0.511176 0.443967 0.516573 0.925190 0.923901 0.910935 0.903225 0.843954 0.959100 0.674796 0.797817 0.997701 0.690498 0.852600 0.806679 0.936982 0.931503 0.663879 0.863693 0.842344 0.955042 0.810671 0.979933 0.721417 0.569446
0.154841 0.000000 0.382667 0.432590 0.687296 0.818351 0.799136 0.682271 0.515076 0.653886 0.451958 0.315862 0.348210 0.337961 0.478196 0.610465 0.265445 0.258168 0.267520 0.228202 0.531339 0.961731 0.551859 0.367471 0.392472 0.558408 0.475234 0.758068 0.513931 0.532587 0.846926 0.604749 0.388841 0.421201 0.708510 0.860568 0.714168 0.758302 0.829739 0.833562 0.712569 0.641082 0.885929 0.737887 0.860628 0.949282 0.520841 0.609957 0.848227 0.728219 0.865075 0.772702 0.928216 0.657486 0.405022 0.461378 0.154333 0.154337 0.434181 0.411353 0.506943 0.648407 0.334436 0.318114 0.319882 0.456885 0.721127 0.866642 0.307815 0.337844 0.664101 0.508280 0.994416 0.941831 0.823228 0.939296 0.881734 0.879536 0.463524 0.337764 0.224208 0.266579 0.391615 0.264313 0.251659 0.198839 0.919326 0.596336 0.531569 0.283471 0.382124 0.500542 0.435440 0.482810 0.963725 0.967400 0.945224 0.929728 0.863042 0.990774 0.588031 0.801905 0.996898 0.728502 0.869657 0.767035 0.838141 0.934743 0.717200 0.832913 0.844005 0.969077 0.855692 0.945395 0.704474 0.576813
0.415851 0.382667 0.000000 0.246378 0.736518 0.945673 0.672805 0.518292 0.761685 0.843138 0.704336 0.547227 0.463266 0.527438 0.623145 0.616905 0.550343 0.541519 0.442815 0.502443 0.508046 0.948352 0.587309 0.444406 0.372898 0.445894 0.566333 0.889183 0.699675 0.751914 0.740488 0.555095 0.537794 0.527918 0.683647 0.839105 0.602186 0.713084 0.805204 0.694061 0.855907 0.605905 0.783393 0.677578 0.939063 0.923543 0.619245 0.695554 0.898348 0.733722 0.829612 0.766099 0.984164 0.849284 0.513559 0.616107 0.362915 0.377267 0.551391 0.504985 0.597241 0.576985 0.585742 0.547497 0.415193 0.461464 0.683686 0.815817 0.493978 0.478827 0.936404 0.799069 0.866578 0.862075 0.955641 0.784589 0.730110 0.888653 0.581612 0.542669 0.559245 0.576168 0.633019 0.597982 0.556730 0.398924 0.960272 0.947710 0.575429 0.486138 0.644070 0.740305 0.696837 0.689024 0.905707 0.935777 0.778130 0.842546 0.909496 0.816348 0.670778 0.947684 0.953018 0.765402 0.789368 0.703599 0.674485 0.992552 0.880697 0.833755 0.793695 0.987851 0.906751 0.825159 0.580471 0.715135
0.504809 0.432590 0.246378 0.000000 0.784900 0.918799 0.566708 0.351312 0.860231 0.969228 0.916602 0.664618 0.581045 0.570922 0.709383 0.567550 0.666225 0.680184 0.526551 0.672920 0.619779 0.990690 0.528224 0.430640 0.468818 0.440979 0.661322 0.924258 0.859860 0.874076 0.612482 0.505184 0.518528 0.502379 0.597340 0.873260 0.546058 0.734828 0.800614 0.679915 0.944463 0.576884 0.655185 0.584258 0.942496 0.811861 0.588309 0.639389 0.788392 0.623796 0.650888 0.568199 0.772287 0.912603 0.566890 0.589060 0.418411 0.447032 0.432977 0.397248 0.634070 0.534423 0.619188 0.566364 0.605155 0.513436 0.592535 0.665691 0.650747 0.440237 0.935086 0.849867 0.788568 0.818029 0.891250 0.769015 0.601026 0.830300 0.538175 0.558975 0.635287 0.720700 0.731636 0.673077 0.664847 0.442299 0.823136 0.995661 0.584465 0.515998 0.739309 0.836966 0.766429 0.734666 0.839349 0.973733 0.737720 0.744160 0.782869 0.684149 0.722204 0.936877 0.941048 0.693885 0.759495 0.618627 0.578070 0.843622 0.918435 0.803277 0.805572 0.885467 0.818401 0.725053 0.497522 0.817730
0.680540 0.687296 0.736518 0.784900 0.000000 0.673490 0.789515 0.920465 0.660973 0.628449 0.897664 0.871070 0.964751 0.920554 0.897603 0.896701 0.819916 0.796872 0.778019 0.668374 0.739779 0.925497 0.933499 0.929672 0.709260 0.796759 0.927711 0.976826 0.932978 0.992017 0.904631 0.995618 0.908802 0.988185 0.913281 0.743662 0.786999 0.800095 0.751042 0.950123 0.884912 0.839335 0.907826 0.963907 0.737540 0.852076 0.917797 0.933332 0.855571 0.899233 0.795677 0.832736 0.645689 0.561052 0.957834 0.979835 0.687675 0.719645 0.879429 0.862725 0.903968 0.842678 0.960278 0.916266 0.770112 0.981631 0.986100 0.905646 0.549509 0.607014 0.768000 0.714318 0.777076 0.694458 0.904221 0.903842 0.979245 0.783059 0.853782 0.817074 0.744316 0.710534 0.848208 0.730767 0.856809 0.774002 0.925327 0.953559 0.884865 0.793300 0.707905 0.677088 0.852630 0.687354 0.947816 0.988324 0.807072 0.966744 0.822117 0.854219 0.681699 0.621955 0.783792 0.973823 0.959616 0.908414 0.935249 0.980455 0.880220 0.863378 0.880763 0.778977 0.855789 0.952659 0.961085 0.794436
0.822610 0.818351 0.945673 0.918799 0.673490 0.000000 0.688401 0.647855 0.613414 0.622429 0.773465 0.855995 0.999679 0.921156 0.977655 0.831346 0.820740 0.800466 0.834244 0.760595 0.928573 0.993322 0.868971 0.951493 0.862848 0.956139 0.903555 0.934319 0.943118 0.950713 0.717173 0.818850 0.976028 0.904864 0.979744 0.920406 0.877219 0.788142 0.989414 0.818170 0.745873 0.808191 0.785241 0.771147 0.761096 0.851511 0.969268 0.974240 0.889151 0.849958 0.741002 0.736521 0.643950 0.580751 0.988122 0.933654 0.816607 0.818260 0.992214 0.967700 0.893255 0.729962 0.982078 0.987965 0.780870 0.924857 0.921097 0.800060 0.683127 0.874898 0.691743 0.717740 0.616733 0.694327 0.918400 0.849209 0.787058 0.671382 0.980234 0.943632 0.824182 0.709936 0.858509 0.720258 0.819073 0.866263 0.815116 0.878716 0.936022 0.885585 0.700057 0.843427 0.848312 0.897092 0.989111 0.847563 0.935358 0.976179 0.769351 0.765148 0.768867 0.818471 0.897358 0.940554 0.822856 0.808403 0.842628 0.817986 0.724399 0.905662 0.935045 0.909345 0.784711 0.802358 0.818547 0.808271
0.820020 0.799136 0.672805 0.566708 0.789515 0.688401 0.000000 0.217036 0.797837 0.461366 0.920553 0.834279 0.710374 0.809135 0.725046 0.742682 0.856121 0.904498 0.634074 0.935577 0.873217 0.965712 0.363136 0.782049 0.948395 0.939557 0.967271 0.995401 0.655251 0.857023 0.428048 0.490223 0.476225 0.427666 0.727821 0.963278 0.861864 0.927757 0.710199 0.912791 0.930596 0.808439 0.332392 0.351117 0.374295 0.379417 0.456086 0.507279 0.350999 0.298382 0.247741 0.263100 0.312820 0.416713 0.577866 0.518739 0.735494 0.779506 0.414450 0.446128 0.419907 0.358415 0.521102 0.525581 0.908117 0.735923 0.343529 0.348928 0.867874 0.866976 0.599389 0.795765 0.478349 0.443887 0.848053 0.497583 0.473017 0.526239 0.550045 0.727540 0.834525 0.933828 0.852933 0.973720 0.775717 0.800015 0.668762 0.972744 0.713539 0.795244 0.759950 0.664403 0.934648 0.881494 0.670900 0.722029 0.624509 0.732429 0.383258 0.347813 0.752442 0.515870 0.641432 0.598032 0.488015 0.447598 0.548397 0.683177 0.901318 0.898068 0.646007 0.495848 0.455605 0.601109 0.365422 0.918970
0.736280 0.682271 0.518292 0.351312 0.920465 0.647855 0.217036 0.000000 0.804005 0.541214 0.947725 0.748233 0.615052 0.690050 0.674918 0.539926 0.822089 0.862802 0.649845 0.908387 0.803941 0.986898 0.396673 0.607179 0.866740 0.758902 0.875906 0.941349 0.743170 0.871891 0.468480 0.495009 0.498523 0.434792 0.666799 0.899587 0.761521 0.825951 0.878679 0.837848 0.962256 0.712152 0.440322 0.442597 0.580668 0.560954 0.535752 0.617155 0.532328 0.426910 0.352377 0.323367 0.410909 0.507801 0.600435 0.607074 0.632573 0.666578 0.435210 0.433639 0.410253 0.294438 0.541785 0.503660 0.806650 0.563872 0.463735 0.460489 0.961123 0.710257 0.682089 0.876866 0.540461 0.536719 0.810683 0.573870 0.502523 0.605769 0.551991 0.696111 0.807866 0.990478 0.846709 0.957858 0.784913 0.686148 0.707460 0.921275 0.623053 0.763740 0.934826 0.882577 0.933845 0.940398 0.788986 0.869246 0.714860 0.783445 0.543658 0.471381 0.959514 0.653737 0.807390 0.688954 0.583019 0.557249 0.518783 0.729735 0.953074 0.868597 0.740173 0.698533 0.590596 0.635633 0.387768 0.948353
0.497848 0.515076 0.761685 0.860231 0.660973 0.613414 0.797837 0.804005 0.000000 0.507265 0.621311 0.639569 0.789729 0.593571 0.873155 0.993095 0.500806 0.476271 0.573011 0.467141 0.730168 0.852820 0.941612 0.640207 0.545237 0.645220 0.672680 0.899264 0.793971 0.707955 0.906276 0.868896 0.741213 0.780774 0.933358 0.955756 0.763362 0.851071 0.814349 0.993916 0.839232 0.989629 0.944563 0.931941 0.815681 0.958830 0.741167 0.721191 0.987206 0.956365 0.871633 0.924238 0.779361 0.600500 0.664698 0.626657 0.529164 0.532535 0.717173 0.758882 0.999898 0.887159 0.737556 0.711941 0.706709 0.832315 0.908713 0.980220 0.450930 0.555119 0.626157 0.647262 0.858159 0.828599 0.997110 0.971536 0.918158 0.725698 0.709722 0.583187 0.463529 0.405358 0.553322 0.377343 0.566152 0.520993 0.792169 0.579765 0.699423 0.468903 0.519670 0.669914 0.650759 0.731367 0.975112 0.865188 0.948918 0.923533 0.798518 0.940844 0.785080 0.803036 0.891471 0.729005 0.931230 0.904309 0.971214 0.956014 0.742689 0.831852 0.864800 0.978358 0.749937 0.955917 0.963948 0.725929
0.603423 0.653886 0.843138 0.969228 0.628449 0.622429 0.461366 0.541214 0.507265 0.000000 0.551817 0.756724 0.805674 0.781179 0.950841 0.880796 0.717404 0.631266 0.872309 0.578487 0.771864 0.981835 0.706617 0.760139 0.585534 0.786852 0.681627 0.770189 0.940196 0.883246 0.471641 0.725387 0.871730 0.798177 0.919011 0.964347 0.928084 0.807553 0.772505 0.961399 0.774001 0.990160 0.463703 0.563702 0.311061 0.405444 0.771835 0.768548 0.480725 0.522370 0.393735 0.451494 0.343178 0.259686 0.949954 0.937909 0.709081 0.671686 0.844504 0.935022 0.843527 0.685153 0.982883 0.995110 0.607500 0.762260 0.626132 0.486424 0.439852 0.716109 0.398782 0.532786 0.602599 0.543453 0.876271 0.658952 0.560483 0.508632 0.921396 0.847235 0.660739 0.432987 0.738920 0.502765 0.657275 0.602482 0.639915 0.582421 0.866909 0.671815 0.524608 0.526704 0.771679 0.777965 0.722784 0.921086 0.767543 0.735128 0.412176 0.491471 0.626444 0.517897 0.699082 0.825294 0.729829 0.746694 0.751011 0.711030 0.668242 0.931529 0.842026 0.581595 0.408028 0.733639 0.654491 0.686346
0.384698 0.451958 0.704336 0.916602 0.897664 0.773465 0.920553 0.947725 0.621311 0.551817 0.000000 0.284672 0.317816 0.352651 0.417575 0.636496 0.328776 0.262415 0.518605 0.352479 0.692305 0.897814 0.922520 0.613988 0.621940 0.880848 0.575537 0.709797 0.446862 0.372788 0.783239 0.936178 0.712004 0.730763 0.938446 0.946057 0.938022 0.905604 0.996604 0.929946 0.628918 0.973967 0.664582 0.783897 0.624383 0.698872 0.928387 0.957385 0.777179 0.853161 0.718124 0.762631 0.657977 0.451075 0.588874 0.761992 0.437340 0.397545 0.959385 0.923670 0.480720 0.668572 0.479376 0.469744 0.275046 0.411045 0.846226 0.766908 0.481244 0.754981 0.487179 0.591583 0.871864 0.855558 0.834992 0.914669 0.619153 0.742317 0.802067 0.601406 0.395030 0.331238 0.445558 0.372459 0.370476 0.432525 0.534294 0.606825 0.674630 0.629375 0.374918 0.419783 0.357812 0.556146 0.767354 0.950613 0.724966 0.638389 0.489305 0.600762 0.641937 0.691832 0.809562 0.953080 0.827259 0.848278 0.761509 0.716367 0.669239 0.880939 0.944992 0.727205 0.573387 0.699012 0.993245 0.561257
0.291162 0.315862 0.547227 0.664618 0.871070 0.855995 0.834279 0.748233 0.639569 0.756724 0.284672 0.000000 0.203890 0.208364 0.282546 0.412267 0.220398 0.218821 0.341075 0.295266 0.588451 0.968554 0.590198 0.437174 0.488743 0.702386 0.480068 0.775910 0.360521 0.316622 0.894061 0.653987 0.461120 0.453229 0.767945 0.899246 0.770514 0.797458 0.907004 0.777892 0.653709 0.864013 0.932752 0.914681 0.848559 0.955859 0.653822 0.783555 0.975946 0.860650 0.977193 0.910034 0.915186 0.678016 0.372940 0.555154 0.308808 0.256483 0.709580 0.677032 0.330689 0.466184 0.271598 0.234552 0.291378 0.349010 0.918062 0.987264 0.428595 0.545319 0.675536 0.658019 0.965835 0.963815 0.719808 0.951138 0.927147 0.884590 0.574892 0.400181 0.280441 0.310323 0.330040 0.321918 0.283624 0.302159 0.709247 0.595454 0.498711 0.484817 0.358094 0.451917 0.311741 0.420800 0.851869 0.942906 0.840672 0.745235 0.719674 0.823482 0.657888 0.827174 0.979076 0.793748 0.957604 0.940923 0.977592 0.777245 0.654408 0.878619 0.890093 0.854858 0.736040 0.829669 0.734313 0.567236
0.305184 0.348210 0.463266 0.581045 0.964751 0.999679 0.710374 0.615052 0.789729 0.805674 0.317816 0.203890 0.000000 0.254116 0.301517 0.399907 0.341351 0.305737 0.392891 0.394432 0.626503 0.968114 0.564354 0.391809 0.525971 0.692504 0.488002 0.793435 0.433034 0.420473 0.888762 0.615848 0.505732 0.491108 0.812904 0.880086 0.838609 0.826569 0.997229 0.798815 0.641744 0.856289 0.940225 0.936338 0.831225 0.928641 0.689772 0.846040 0.994170 0.845917 0.921502 0.848690 0.982813 0.765092 0.384775 0.583703 0.322266 0.288558 0.672463 0.595566 0.256266 0.387267 0.281792 0.274465 0.286564 0.270683 0.873473 0.931694 0.522459 0.591164 0.690598 0.689112 0.951313 0.948230 0.778313 0.938026 0.942687 0.888155 0.624913 0.449686 0.363104 0.399205 0.426680 0.418401 0.302154 0.288686 0.702333 0.626986 0.495182 0.500039 0.454086 0.549046 0.420399 0.529669 0.839117 0.948711 0.923165 0.771876 0.792685 0.876121 0.732680 0.932439 0.990610 0.877134 0.933873 0.930875 0.966110 0.795133 0.725803 0.970637 0.863337 0.838328 0.803536 0.866848 0.697612 0.603000
0.340551 0.337961 0.527438 0.570922 0.920554 0.921156 0.809135 0.690050 0.593571 0.781179 0.352651 0.208364 0.254116 0.000000 0.309986 0.333825 0.246336 0.223135 0.361444 0.344833 0.616514 0.935609 0.572001 0.327719 0.473968 0.592402 0.501613 0.852120 0.434121 0.304664 0.843676 0.591709 0.469322 0.425189 0.805838 0.949381 0.698487 0.769974 0.850888 0.778080 0.714891 0.856236 0.979100 0.885609 0.863695 0.976389 0.659766 0.752510 0.971210 0.820129 0.934001 0.849764 0.997638 0.801526 0.367111 0.496475 0.323019 0.281983 0.672985 0.644003 0.394696 0.440037 0.316167 0.274020 0.395002 0.295326 0.864705 0.905439 0.494615 0.526584 0.749968 0.697172 0.862705 0.865102 0.755908 0.878368 0.974060 0.911412 0.554324 0.383261 0.283693 0.315782 0.323311 0.283787 0.350715 0.290895 0.696063 0.542902 0.488386 0.487947 0.383798 0.474739 0.354977 0.469132 0.962696 0.921453 0.876762 0.826158 0.762427 0.918002 0.643999 0.882065 0.993568 0.797367 0.969456 0.862063 0.918900 0.854369 0.669730 0.963173 0.857557 0.893490 0.785179 0.894773 0.729199 0.626247
0.491952 0.478196 0.623145 0.709383 0.897603 0.977655 0.725046 0.674918 0.873155 0.950841 0.417575 0.282546 0.301517 0.309986 0.000000 0.361429 0.383137 0.372610 0.490298 0.477125 0.725534 0.832059 0.565898 0.458302 0.709059 0.837941 0.604076 0.808241 0.379671 0.344654 0.804028 0.685305 0.559315 0.469096 0.873856 0.886814 0.904396 0.955785 0.953811 0.800745 0.730471 0.936440 0.956818 0.866606 0.997645 0.944284 0.716527 0.793975 0.873715 0.793194 0.836897 0.794848 0.922111 0.896654 0.424985 0.558468 0.460242 0.435440 0.754803 0.745599 0.313764 0.410411 0.376503 0.352773 0.416704 0.408512 0.890594 0.954405 0.712403 0.799932 0.760563 0.782445 0.876466 0.896287 0.726554 0.842628 0.983368 0.997257 0.623778 0.559520 0.436066 0.520121 0.496494 0.517746 0.421447 0.485414 0.741817 0.693823 0.685766 0.660730 0.553070 0.593856 0.416867 0.529249 0.919887 0.947777 0.758358 0.765940 0.852808 0.922467 0.702138 0.912333 0.973159 0.878446 0.946504 0.915353 0.894503 0.737861 0.752065 0.992615 0.907402 0.905946 0.895788 0.914096 0.730032 0.714363
0.653133 0.610465 0.616905 0.567550 0.896701 0.831346 0.742682 0.539926 0.993095 0.880796 0.636496 0.412267 0.399907 0.333825 0.361429 0.000000 0.519142 0.551333 0.673083 0.698197 0.717936 0.883873 0.610602 0.465349 0.676943 0.707550 0.735046 0.882257 0.571894 0.468119 0.726076 0.585183 0.651772 0.524503 0.891827 0.925510 0.766151 0.777943 0.901216 0.704692 0.872183 0.857789 0.992689 0.918213 0.939669 0.989882 0.836124 0.894484 0.994731 0.857539 0.831679 0.754850 0.805966 0.922452 0.573586 0.771616 0.575290 0.540102 0.792289 0.796828 0.437432 0.372236 0.507778 0.447426 0.622569 0.397514 0.970099 0.888132 0.859575 0.717477 0.962485 0.933702 0.783164 0.826799 0.653763 0.817065 0.945939 0.978024 0.698888 0.597558 0.616372 0.707318 0.574569 0.695665 0.695079 0.591808 0.823808 0.935167 0.710337 0.802827 0.564304 0.566497 0.457180 0.493091 0.917549 0.841463 0.755616 0.834244 0.854937 0.950138 0.725711 0.990901 0.964471 0.935891 0.896460 0.968149 0.846925 0.835545 0.871242 0.966766 0.997550 0.858857 0.911958 0.926340 0.721283 0.701285
0.260889 0.265445 0.550343 0.666225 0.819916 0.820740 0.856121 0.822089 0.500806 0.717404 0.328776 0.220398 0.341351 0.246336 0.383137 0.519142 0.000000 0.173588 0.278059 0.238235 0.602631 0.958953 0.601073 0.459823 0.477674 0.685595 0.532725 0.736675 0.318176 0.283596 0.851150 0.641517 0.400468 0.412121 0.809163 0.925668 0.688021 0.812627 0.889968 0.782427 0.715626 0.786936 0.973832 0.803428 0.907215 0.937629 0.547071 0.624795 0.875043 0.768086 0.923218 0.860655 0.937447 0.679544 0.372686 0.461710 0.262791 0.228887 0.609796 0.610723 0.454967 0.582617 0.299393 0.270978 0.348940 0.449063 0.814777 0.879626 0.397377 0.513179 0.713141 0.580949 0.921580 0.962740 0.779483 0.877750 0.998810 0.924656 0.500132 0.382719 0.207550 0.265324 0.287936 0.272415 0.270043 0.284839 0.774151 0.514935 0.572304 0.407788 0.363870 0.479219 0.325872 0.450842 0.995814 0.991278 0.915604 0.823202 0.790071 0.921657 0.692252 0.801918 0.923212 0.717583 0.916533 0.827198 0.946290 0.873380 0.695842 0.913189 0.880433 0.974188 0.818623 0.884419 0.782201 0.627960
0.241130 0.258168 0.541519 0.680184 0.796872 0.800466 0.904498 0.862802 0.476271 0.631266 0.262415 0.218821 0.305737 0.223135 0.372610 0.551333 0.173588 0.000000 0.280984 0.204443 0.582120 0.981353 0.652082 0.427182 0.474449 0.670872 0.542688 0.720154 0.359080 0.310759 0.959781 0.671023 0.443874 0.455221 0.838701 0.936453 0.739930 0.791258 0.891823 0.802145 0.669278 0.801284 0.947222 0.893744 0.828263 0.961814 0.636040 0.721037 0.958712 0.844074 0.972481 0.957505 0.859729 0.597265 0.369949 0.488621 0.251077 0.221735 0.659135 0.653762 0.474679 0.608185 0.309225 0.290559 0.311870 0.413441 0.868461 0.960417 0.360619 0.497324 0.640068 0.557865 0.966605 0.995477 0.813454 0.931615 0.898914 0.853810 0.514905 0.369083 0.181923 0.200944 0.312868 0.218058 0.246547 0.272567 0.698863 0.494832 0.598922 0.401804 0.349163 0.427155 0.326841 0.454916 0.990694 0.992202 0.879586 0.830264 0.715884 0.873207 0.625390 0.730476 0.989789 0.800255 0.945770 0.879175 0.984481 0.843882 0.657919 0.949230 0.905358 0.915664 0.753700 0.914628 0.801050 0.604523
0.268144 0.267520 0.442815 0.526551 0.778019 0.834244 0.634074 0.649845 0.573011 0.872309 0.518605 0.341075 0.392891 0.361444 0.490298 0.673083 0.278059 0.280984 0.000000 0.263357 0.544102 0.896754 0.368841 0.465517 0.487931 0.656136 0.543396 0.888554 0.388307 0.463310 0.639045 0.464366 0.248244 0.323998 0.644944 0.924715 0.677213 0.842722 0.926328 0.803940 0.703523 0.717755 0.703450 0.552280 0.851051 0.681612 0.354964 0.423523 0.635995 0.505689 0.700695 0.637341 0.893894 0.845797 0.319398 0.333575 0.255634 0.258361 0.408545 0.421190 0.443907 0.572237 0.248145 0.246140 0.440373 0.570181 0.530063 0.653088 0.428716 0.461801 0.882786 0.691306 0.848379 0.857648 0.835449 0.794708 0.750658 0.933719 0.392305 0.337067 0.259268 0.360106 0.350206 0.340471 0.273777 0.291283 0.900702 0.623315 0.581915 0.343470 0.563721 0.705126 0.528091 0.586076 0.790118 0.839852 0.838569 0.908207 0.899175 0.787405 0.846268 0.907152 0.746963 0.581210 0.691481 0.586635 0.794759 0.974227 0.785729 0.754544 0.691432 0.865815 0.960007 0.838108 0.580446 0.681589
0.224324 0.228202 0.502443 0.672920 0.668374 0.760595 0.935577 0.908387 0.467141 0.578487 0.352479 0.295266 0.394432 0.344833 0.477125 0.698197 0.238235 0.204443 0.263357 0.000000 0.529897 0.943063 0.638659 0.508392 0.456658 0.634952 0.490051 0.785267 0.438418 0.428749 0.909867 0.722574 0.438175 0.484566 0.819369 0.963281 0.728848 0.726262 0.848912 0.855837 0.664275 0.759523 0.993124 0.835115 0.839962 0.993228 0.600493 0.676316 0.932146 0.827632 0.984725 0.952281 0.807800 0.545730 0.415360 0.505886 0.256108 0.236513 0.633737 0.620918 0.581750 0.734493 0.366153 0.353757 0.339246 0.531887 0.839366 0.979874 0.295281 0.438153 0.635744 0.550131 0.990916 0.969788 0.825598 0.964464 0.997497 0.849618 0.529314 0.402722 0.217877 0.216980 0.370706 0.243438 0.266455 0.289774 0.815899 0.555735 0.622350 0.355245 0.392880 0.504978 0.430280 0.476324 0.999314 0.874218 0.959725 0.876008 0.771610 0.894896 0.630927 0.694432 0.999880 0.757661 0.902064 0.844074 0.961899 0.865133 0.781471 0.877577 0.909813 0.921542 0.753973 0.959782 0.818164 0.597359
0.509256 0.531339 0.508046 0.619779 0.739779 0.928573 0.873217 0.803941 0.730168 0.771864 0.692305 0.588451 0.626503 0.616514 0.725534 0.717936 0.602631 0.582120 0.544102 0.529897 0.000000 0.951294 0.727095 0.661171 0.521012 0.550887 0.664563 0.954686 0.724346 0.744842 0.817117 0.612384 0.558436 0.632387 0.964703 0.889853 0.752422 0.750516 0.870550 0.769299 0.929031 0.766835 0.874034 0.760375 0.996957 0.903664 0.678336 0.656973 0.899944 0.772653 0.926288 0.855726 0.999523 0.804249 0.540421 0.703047 0.500746 0.521123 0.651778 0.643155 0.716139 0.760931 0.605736 0.608123 0.584009 0.671692 0.779096 0.886682 0.541835 0.618794 0.873112 0.729965 0.975994 0.962404 0.934740 0.833758 0.882070 0.983533 0.680076 0.495368 0.569429 0.579860 0.532841 0.615338 0.600376 0.537805 0.939982 0.943720 0.709631 0.617549 0.665460 0.725499 0.785763 0.784754 0.969222 0.831140 0.883069 0.990551 0.981910 0.926476 0.783168 0.876498 0.933701 0.686925 0.894381 0.742128 0.887690 0.948219 0.738511 0.757575 0.906935 0.941010 0.961952 0.669102 0.656579 0.658790
0.984813 0.961731 0.948352 0.990690 0.925497 0.993322 0.965712 0.986898 0.852820 0.981835 0.897814 0.968554 0.968114 0.935609 0.832059 0.883873 0.958953 0.981353 0.896754 0.943063 0.951294 0.000000 0.813308 0.961432 0.932038 0.885367 0.860878 0.964859 0.925492 0.947824 0.881817 0.906851 0.954433 0.890174 0.966806 0.973218 0.852588 0.987075 0.907781 0.924706 0.928263 0.837479 0.837888 0.845631 0.923277 0.866600 0.790596 0.808292 0.856329 0.879563 0.906017 0.888527 0.964495 0.977851 0.974689 0.969246 0.997682 0.994262 0.919336 0.918828 0.914064 0.909681 0.985699 0.973586 0.947000 0.842039 0.861422 0.981266 0.878628 0.900068 0.914476 0.937643 0.927903 0.931096 0.912340 0.973122 0.783458 0.894978 0.909999 0.894900 0.894826 0.977354 0.972317 0.986537 0.962825 0.966569 0.993809 0.917520 0.956842 0.890246 0.990409 0.861792 0.910960 0.933261 0.840082 0.837474 0.875465 0.928717 0.838532 0.996414 0.928920 0.957900 0.944110 0.935798 0.833547 0.804058 0.905993 0.999500 0.887328 0.735052 0.993623 0.852524 0.874674 0.859285 0.960095 0.870588
0.602431 0.551859 0.587309 0.528224 0.933499 0.868971 0.363136 0.396673 0.941612 0.706617 0.922520 0.590198 0.564354 0.572001 0.565898 0.610602 0.601073 0.652082 0.368841 0.638659 0.727095 0.813308 0.000000 0.556685 0.754083 0.756462 0.767382 0.955702 0.564828 0.701702 0.364444 0.338113 0.335414 0.334452 0.592260 0.951690 0.746093 0.926636 0.962556 0.870871 0.857606 0.731877 0.403924 0.338490 0.510241 0.405756 0.282025 0.364803 0.387611 0.291907 0.354601 0.306108 0.492110 0.638302 0.389105 0.363941 0.565168 0.557277 0.379643 0.415978 0.474164 0.504146 0.367622 0.354813 0.778164 0.753236 0.389076 0.452356 0.819208 0.634292 0.765088 0.969945 0.584052 0.595705 0.778095 0.614073 0.466850 0.784163 0.447258 0.510835 0.554922 0.760481 0.631045 0.717825 0.516285 0.556282 0.867550 0.771793 0.693851 0.546764 0.919951 0.966470 0.805495 0.787645 0.749026 0.854265 0.833258 0.777905 0.573188 0.509317 0.890003 0.739853 0.582740 0.538036 0.574668 0.425410 0.649355 0.912878 0.895831 0.698085 0.686084 0.687529 0.640879 0.717552 0.405347 0.850806
0.391969 0.367471 0.444406 0.430640 0.929672 0.951493 0.782049 0.607179 0.640207 0.760139 0.613988 0.437174 0.391809 0.327719 0.458302 0.465349 0.459823 0.427182 0.465517 0.508392 0.661171 0.961432 0.556685 0.000000 0.475941 0.522112 0.607747 0.812198 0.692010 0.611338 0.888201 0.592681 0.540256 0.546403 0.764859 0.890304 0.748920 0.801957 0.827583 0.861580 0.810394 0.736898 0.964302 0.850959 0.844975 0.979759 0.649527 0.745313 0.945067 0.777986 0.851791 0.743881 0.933474 0.894552 0.441296 0.548286 0.350635 0.329096 0.536163 0.522926 0.534705 0.574754 0.455252 0.443206 0.495543 0.396951 0.769562 0.869199 0.519537 0.459641 0.736083 0.722204 0.991937 0.998861 0.905415 0.971574 0.934447 0.821831 0.635629 0.530814 0.425759 0.448655 0.486334 0.400629 0.429359 0.295898 0.867806 0.596209 0.522851 0.433697 0.500221 0.566743 0.512381 0.579233 0.939641 0.959590 0.945718 0.964324 0.903238 0.974634 0.695145 0.929781 0.972631 0.799016 0.944065 0.796966 0.909833 0.827447 0.603420 0.921652 0.827191 0.850843 0.861310 0.974364 0.798523 0.664174
0.402519 0.392472 0.372898 0.468818 0.709260 0.862848 0.948395 0.866740 0.545237 0.585534 0.621940 0.488743 0.525971 0.473968 0.709059 0.676943 0.477674 0.474449 0.487931 0.456658 0.521012 0.932038 0.754083 0.475941 0.000000 0.265919 0.452692 0.846002 0.832102 0.720184 0.903442 0.675156 0.618057 0.655099 0.627873 0.945166 0.527098 0.656883 0.566992 0.736628 0.917829 0.663774 0.950087 0.877833 0.701582 0.868427 0.702103 0.763852 0.863071 0.936434 0.886772 0.989290 0.785753 0.634990 0.612307 0.681863 0.416986 0.366990 0.711745 0.648487 0.797908 0.812932 0.674015 0.600795 0.437234 0.527766 0.899479 0.994395 0.359399 0.457596 0.782124 0.646086 0.917861 0.935941 0.882046 0.949567 0.937061 0.881268 0.715006 0.560919 0.524279 0.451488 0.576821 0.407210 0.542943 0.354537 0.873480 0.795910 0.554458 0.414929 0.396233 0.514685 0.566238 0.557432 0.914035 0.985464 0.961330 0.979704 0.802439 0.946812 0.632035 0.732794 0.940414 0.761106 0.885034 0.822411 0.900325 0.755939 0.788008 0.792914 0.907454 0.788873 0.831336 0.989949 0.782381 0.651874
0.586382 0.558408 0.445894 0.440979 0.796759 0.956139 0.939557 0.758902 0.645220 0.786852 0.880848 0.702386 0.692504 0.592402 0.837941 0.707550 0.685595 0.670872 0.656136 0.634952 0.550887 0.885367 0.756462 0.522112 0.265919 0.000000 0.569467 0.911916 0.985108 0.848637 0.773856 0.669093 0.683785 0.640522 0.663970 0.951187 0.491595 0.589209 0.563030 0.791580 0.980357 0.537949 0.899543 0.769083 0.858429 0.981311 0.687165 0.737657 0.958975 0.844618 0.961329 0.869442 0.999304 0.899087 0.653455 0.651727 0.579050 0.537828 0.693560 0.635804 0.909830 0.791114 0.782768 0.730824 0.651938 0.608382 0.815428 0.876184 0.527993 0.481731 0.983005 0.783459 0.959758 0.924241 0.944738 0.955836 0.817334 0.983819 0.705722 0.613278 0.671898 0.640534 0.746423 0.554721 0.717917 0.492640 0.994738 0.878695 0.556978 0.487409 0.613926 0.725562 0.777815 0.696048 0.986676 0.888366 0.798840 0.886144 0.960430 0.897918 0.721361 0.907711 0.944577 0.732866 0.748513 0.757534 0.815893 0.942855 0.897842 0.796594 0.940392 0.931142 0.988570 0.841257 0.728558 0.801850
0.485336 0.475234 0.566333 0.661322 0.927711 0.903555 0.967271 0.875906 0.672680 0.681627 0.575537 0.480068 0.488002 0.501613 0.604076 0.735046 0.532725 0.542688 0.543396 0.490051 0.664563 0.860878 0.767382 0.607747 0.452692 0.569467 0.000000 0.762848 0.744977 0.693866 0.899961 0.799503 0.724424 0.651887 0.831334 0.889421 0.677241 0.866385 0.796939 0.804091 0.882978 0.915646 0.961800 0.927628 0.800731 0.903524 0.767550 0.810428 0.924464 0.959147 0.964760 0.949735 0.880514 0.726876 0.585865 0.729790 0.510027 0.482380 0.796620 0.693246 0.655354 0.725374 0.635680 0.586303 0.479241 0.514226 0.902696 0.988979 0.574611 0.707348 0.765322 0.723169 0.976503 0.989145 0.713907 0.927065 0.966229 0.904357 0.781232 0.635175 0.593499 0.504595 0.628264 0.538926 0.500589 0.408589 0.791820 0.756049 0.609765 0.556821 0.528149 0.711857 0.630101 0.761201 0.893561 0.985087 0.958119 0.879574 0.847410 0.888163 0.649299 0.866942 0.964747 0.793084 0.915078 0.829668 0.975541 0.783929 0.933565 0.945847 0.756419 0.875091 0.799942 0.939486 0.767317 0.838065
0.736170 0.758068 0.889183 0.924258 0.976826 0.934319 0.995401 0.941349 0.899264 0.770189 0.709797 0.775910 0.793435 0.852120 0.808241 0.882257 0.736675 0.720154 0.888554 0.785267 0.954686 0.964859 0.955702 0.812198 0.846002 0.911916 0.762848 0.000000 0.832409 0.819313 0.772067 0.871052 0.986595 0.924992 0.871298 0.981269 0.859994 0.866992 0.884475 0.881857 0.865988 0.804299 0.920979 0.962804 0.814769 0.823446 0.974548 0.949166 0.882794 0.885510 0.886141 0.905171 0.944169 0.806761 0.896186 0.982288 0.744277 0.726035 0.974158 0.961011 0.817218 0.814076 0.884480 0.817279 0.639683 0.646465 0.924766 0.870084 0.830739 0.809822 0.908655 0.933856 0.998870 0.965523 0.871181 0.945994 0.802824 0.904881 0.913653 0.918745 0.795494 0.721987 0.923618 0.789282 0.757048 0.739064 0.881927 0.843894 0.909558 0.748330 0.786762 0.773530 0.749688 0.893921 0.895712 0.949324 0.795740 0.859730 0.798175 0.872189 0.807091 0.818192 0.986232 0.996517 0.934886 0.905344 0.825098 0.946850 0.906989 0.865127 0.968192 0.891903 0.873301 0.928069 0.997036 0.879405
0.508312 0.513931 0.699675 0.859860 0.932978 0.943118 0.655251 0.743170 0.793971 0.940196 0.446862 0.360521 0.433034 0.434121 0.379671 0.571894 0.318176 0.359080 0.388307 0.438418 0.724346 0.925492 0.564828 0.692010 0.832102 0.985108 0.744977 0.832409 0.000000 0.251750 0.761157 0.660213 0.434469 0.378938 0.941203 0.977757 0.893954 0.892926 0.919893 0.846297 0.756329 0.849571 0.833359 0.727280 0.823382 0.758497 0.564093 0.630574 0.709149 0.677943 0.775404 0.778039 0.873213 0.939546 0.443595 0.526134 0.498701 0.479386 0.702532 0.764029 0.360691 0.476644 0.340503 0.333812 0.517060 0.591628 0.736749 0.787114 0.719268 0.739418 0.962250 0.880897 0.758951 0.726319 0.782677 0.811659 0.915753 0.875846 0.567662 0.513016 0.402548 0.557669 0.406797 0.579126 0.475985 0.600247 0.838718 0.700896 0.717899 0.674043 0.664674 0.738839 0.463832 0.622304 0.949505 0.910883 0.961895 0.882253 0.968029 0.959291 0.973952 0.994198 0.849270 0.805393 0.865871 0.790906 0.846244 0.985562 0.807563 0.898047 0.858593 0.885051 0.989848 0.993741 0.707486 0.784054
0.518172 0.532587 0.751914 0.874076 0.992017 0.950713 0.857023 0.871891 0.707955 0.883246 0.372788 0.316622 0.420473 0.304664 0.344654 0.468119 0.283596 0.310759 0.463310 0.428749 0.744842 0.947824 0.701702 0.611338 0.720184 0.848637 0.693866 0.819313 0.251750 0.000000 0.843393 0.719266 0.545210 0.452894 0.956617 0.951303 0.750767 0.781636 0.914364 0.849473 0.790712 0.870945 0.944380 0.901242 0.957298 0.965068 0.709013 0.773623 0.951196 0.872396 0.984720 0.949367 0.962700 0.810763 0.470429 0.572391 0.533890 0.480019 0.852036 0.900398 0.432509 0.497900 0.409880 0.370190 0.510657 0.486838 0.943131 0.938833 0.653028 0.739291 0.821599 0.825306 0.826409 0.807920 0.799303 0.850559 0.911246 0.984086 0.625471 0.485856 0.390706 0.492586 0.385620 0.474708 0.520804 0.559741 0.687708 0.647292 0.654410 0.677562 0.501574 0.534283 0.376792 0.508445 0.941869 0.988758 0.829385 0.808614 0.746958 0.856141 0.847379 0.859037 0.969399 0.878277 0.983638 0.917394 0.954115 0.830181 0.746282 0.981018 0.966161 0.961634 0.817913 0.856829 0.854481 0.804769
0.930788 0.846926 0.740488 0.612482 0.904631 0.717173 0.428048 0.468480 0.906276 0.471641 0.783239 0.894061 0.888762 0.843676 0.804028 0.726076 0.851150 0.959781 0.639045 0.909867 0.817117 0.881817 0.364444 0.888201 0.903442 0.773856 0.899961 0.772067 0.761157 0.843393 0.000000 0.379556 0.458252 0.389560 0.638182 0.888134 0.630584 0.906208 0.981135 0.870080 0.912706 0.790170 0.342785 0.293649 0.387582 0.321041 0.353872 0.374133 0.404083 0.314870 0.317167 0.302057 0.401365 0.457432 0.619480 0.529253 0.856559 0.869068 0.517535 0.596397 0.702299 0.603255 0.633211 0.611376 0.923214 0.990335 0.409470 0.370603 0.876144 0.873726 0.543219 0.769221 0.551166 0.532431 0.856071 0.554685 0.368939 0.548548 0.513546 0.706509 0.862731 0.861429 0.903441 0.956562 0.910293 0.883063 0.668884 0.907088 0.852935 0.825337 0.911493 0.801744 0.996708 0.920220 0.645539 0.807268 0.699782 0.723309 0.418530 0.388968 0.862809 0.685631 0.542875 0.581563 0.594485 0.430499 0.575979 0.783987 0.770233 0.749849 0.714439 0.556845 0.513378 0.641178 0.445602 0.876560
0.644305 0.604749 0.555095 0.505184 0.995618 0.818850 0.490223 0.495009 0.868896 0.725387 0.936178 0.653987 0.615848 0.591709 0.685305 0.585183 0.641517 0.671023 0.464366 0.722574 0.612384 0.906851 0.338113 0.592681 0.675156 0.669093 0.799503 0.871052 0.660213 0.719266 0.379556 0.000000 0.387416 0.370756 0.683658 0.983132 0.672207 0.822215 0.933753 0.772429 0.999128 0.762066 0.550523 0.443738 0.592530 0.481826 0.338761 0.396550 0.514929 0.398945 0.464420 0.402982 0.552654 0.710560 0.475898 0.477825 0.570774 0.582963 0.409352 0.472821 0.582399 0.565471 0.457995 0.458631 0.836436 0.779151 0.467203 0.437962 0.805540 0.650373 0.831953 0.964110 0.666646 0.697390 0.833927 0.684998 0.580007 0.852981 0.481956 0.471469 0.602321 0.811899 0.589786 0.760087 0.654208 0.613933 0.802603 0.964242 0.717034 0.600965 0.848865 0.911055 0.789304 0.775411 0.756657 0.922916 0.750212 0.804724 0.626158 0.546497 0.991694 0.817863 0.584977 0.531271 0.736017 0.443691 0.743337 0.905067 0.963866 0.736799 0.648098 0.754811 0.627450 0.679155 0.456211 0.918513
0.393514 0.388841 0.537794 0.518528 0.908802 0.976028 0.476225 0.498523 0.741213 0.871730 0.712004 0.461120 0.505732 0.469322 0.559315 0.651772 0.400468 0.443874 0.248244 0.438175 0.558436 0.954433 0.335414 0.540256 0.618057 0.683785 0.724424 0.986595 0.434469 0.545210 0.458252 0.387416 0.000000 0.268393 0.634462 0.905723 0.689176 0.849895 0.980296 0.812891 0.878664 0.684869 0.525557 0.403169 0.649440 0.502734 0.286158 0.343911 0.476816 0.370864 0.483593 0.434514 0.658888 0.879888 0.358424 0.327400 0.346037 0.365237 0.331125 0.364696 0.437880 0.496099 0.277442 0.273758 0.600031 0.655943 0.430128 0.505980 0.606065 0.494337 0.984111 0.828686 0.694136 0.715180 0.832881 0.635524 0.663893 0.759594 0.327971 0.373509 0.368401 0.565759 0.442426 0.492425 0.408917 0.417783 0.872205 0.716753 0.624088 0.453579 0.692853 0.856684 0.638196 0.677216 0.771449 0.833290 0.754245 0.885982 0.715589 0.617744 0.953632 0.903912 0.687361 0.508533 0.574317 0.488993 0.731759 0.900140 0.829393 0.731114 0.701266 0.710996 0.794197 0.691461 0.525163 0.823320
0.485458 0.421201 0.527918 0.502379 0.988185 0.904864 0.427666 0.434792 0.780774 0.798177 0.730763 0.453229 0.491108 0.425189 0.469096 0.524503 0.412121 0.455221 0.323998 0.484566 0.632387 0.890174 0.334452 0.546403 0.655099 0.640522 0.651887 0.924992 0.378938 0.452894 0.389560 0.370756 0.268393 0.000000 0.606830 0.916250 0.590697 0.750291 0.918908 0.856181 0.915682 0.643471 0.514096 0.390174 0.639015 0.525400 0.305945 0.387889 0.519583 0.406188 0.481949 0.439064 0.598228 0.796453 0.381340 0.327378 0.427033 0.439008 0.413527 0.486332 0.402612 0.386587 0.298703 0.260152 0.635202 0.588225 0.461887 0.522961 0.735447 0.583766 0.853132 0.939437 0.637214 0.608654 0.786771 0.635552 0.593114 0.705156 0.367152 0.400551 0.427056 0.648072 0.486809 0.579299 0.508667 0.492494 0.867634 0.787940 0.593465 0.504067 0.697826 0.825701 0.623114 0.634533 0.787825 0.809137 0.827007 0.875705 0.710660 0.606765 0.905523 0.884846 0.713762 0.577882 0.651351 0.512548 0.603616 0.908034 0.931833 0.762575 0.749470 0.715851 0.774813 0.750000 0.426334 0.903302
0.757168 0.708510 0.683647 0.597340 0.913281 0.979744 0.727821 0.666799 0.933358 0.919011 0.938446 0.767945 0.812904 0.805838 0.873856 0.891827 0.809163 0.838701 0.644944 0.819369 0.964703 0.966806 0.592260 0.764859 0.627873 0.663970 0.831334 0.871298 0.941203 0.956617 0.638182 0.683658 0.634462 0.606830 0.000000 0.997853 0.588725 0.896888 0.743810 0.842032 0.877188 0.715363 0.664936 0.575085 0.812814 0.733986 0.575329 0.639803 0.785228 0.647998 0.707750 0.699221 0.768177 0.873773 0.694364 0.593911 0.733403 0.716542 0.655129 0.655151 0.813923 0.773456 0.709686 0.655611 0.839602 0.855332 0.631157 0.687757 0.839552 0.734965 0.844238 0.983281 0.867152 0.758394 0.986436 0.826103 0.639836 0.784124 0.750545 0.769028 0.782560 0.875394 0.905288 0.785483 0.783421 0.706518 0.851601 0.981770 0.585269 0.664114 0.870045 0.919477 0.873521 0.778526 0.815979 0.981822 0.768838 0.871476 0.776897 0.678203 0.971573 0.990281 0.623789 0.633016 0.596722 0.720818 0.744854 0.996362 0.958872 0.687330 0.688496 0.816117 0.815814 0.915730 0.561848 0.968851
0.837480 0.860568 0.839105 0.873260 0.743662 0.920406 0.963278 0.899587 0.955756 0.964347 0.946057 0.899246 0.880086 0.949381 0.886814 0.925510 0.925668 0.936453 0.924715 0.963281 0.889853 0.973218 0.951690 0.890304 0.945166 0.951187 0.889421 0.981269 0.977757 0.951303 0.888134 0.983132 0.905723 0.916250 0.997853 0.000000 0.782131 0.850154 0.969072 0.853611 0.787987 0.856010 0.994255 0.960845 0.944334 0.999230 0.983111 0.936583 0.919404 0.957092 0.971244 0.955932 0.934635 0.855919 0.954102 0.936282 0.794578 0.823636 0.887019 0.824921 0.881361 0.962813 0.925083 0.925532 0.813639 0.925132 0.992364 0.936828 0.805162 0.902687 0.873691 0.752050 0.839900 0.880319 0.876658 0.985652 0.989432 0.866490 0.988788 0.976576 0.856545 0.876868 0.910576 0.918131 0.866623 0.919609 0.923640 0.966488 0.901221 0.959313 0.899249 0.882093 0.877553 0.863127 0.886010 0.742095 0.860589 0.721194 0.937331 0.893481 0.778229 0.898370 0.823816 0.812098 0.946203 0.890468 0.914928 0.997195 0.867854 0.949632 0.974494 0.943413 0.988548 0.975007 0.957384 0.756098
0.735172 0.714168 0.602186 0.546058 0.786999 0.877219 0.861864 0.761521 0.763362 0.928084 0.938022 0.770514 0.838609 0.698487 0.904396 0.766151 0.688021 0.739930 0.677213 0.728848 0.752422 0.852588 0.746093 0.748920 0.527098 0.491595 0.677241 0.859994 0.893954 0.750767 0.630584 0.672207 0.689176 0.590697 0.588725 0.782131 0.000000 0.590074 0.616566 0.727688 0.958291 0.718340 0.818477 0.685510 0.985206 0.894049 0.681036 0.668426 0.997189 0.831328 0.912734 0.848288 0.948227 0.968397 0.684904 0.679390 0.732433 0.709331 0.780575 0.813614 0.904041 0.798231 0.779805 0.698265 0.827478 0.741243 0.756976 0.761715 0.745621 0.610231 0.851137 0.869816 0.662263 0.721317 0.951303 0.851697 0.769562 0.855338 0.698590 0.730490 0.731040 0.775511 0.735979 0.739753 0.823955 0.645449 0.956070 0.933143 0.620926 0.657172 0.749555 0.771340 0.758756 0.727980 0.895757 0.858459 0.915494 0.849829 0.928939 0.832909 0.877738 0.979571 0.789519 0.597555 0.754059 0.654634 0.776761 0.926483 0.973309 0.869330 0.949284 0.925731 0.971544 0.857429 0.643624 0.996134
0.779336 0.758302 0.713084 0.734828 0.800095 0.788142 0.927757 0.825951 0.851071 0.807553 0.905604 0.797458 0.826569 0.769974 0.955785 0.777943 0.812627 0.791258 0.842722 0.726262 0.750516 0.987075 0.926636 0.801957 0.656883 0.589209 0.866385 0.866992 0.892926 0.781636 0.906208 0.822215 0.849895 0.750291 0.896888 0.850154 0.590074 0.000000 0.753511 0.947540 0.900032 0.586415 0.957359 0.949369 0.822977 0.848719 0.953521 0.996569 0.825045 0.917502 0.884455 0.924287 0.939941 0.891512 0.885651 0.914643 0.799131 0.744661 0.981399 0.970852 0.917590 0.799099 0.859631 0.775447 0.822804 0.688392 0.940552 0.971281 0.703203 0.571229 0.913377 0.992057 0.840589 0.822191 0.810332 0.998381 0.936778 0.972060 0.788936 0.740863 0.793379 0.752000 0.750665 0.783671 0.902916 0.772476 0.941993 0.950052 0.652020 0.752136 0.805793 0.718848 0.846721 0.701170 0.895803 0.896309 0.972958 0.983078 0.901730 0.995950 0.914588 0.901236 0.922112 0.891589 0.934213 0.844138 0.886053 0.895898 0.877607 0.905698 0.825440 0.799486 0.766468 0.883457 0.889089 0.765195
