0.000000 0.322357 0.866732 0.915238 0.834425 0.808755 0.994306 0.643609 0.720161 0.645673 0.432283 0.315753 0.473931 0.420082 0.573313 0.606713 0.380157 0.338632 0.335850 0.278028 0.788488 0.971780 0.523982 0.637819 0.988677 0.598486 0.791667 0.833105 0.427454 0.469714 0.852222 0.838559 0.671390 0.761871 0.888715 0.808312 0.666400 0.988499 0.793471 0.795650 0.893921 0.800362 0.855528 0.801890 0.894929 0.687829 0.601232 0.681291 0.503996 0.613034 0.892087 0.969497 0.931482 0.681932 0.789840 0.893191 0.294234 0.384681 0.522601 0.646559 0.872150 0.728741 0.453215 0.370857 0.792533 0.745680 0.843188 0.767247 0.457318 0.536662 0.864439 0.959529 0.840051 0.959126 0.925126 0.900215 0.774620 0.995648 0.849311 0.701188 0.409836 0.345446 0.457326 0.543872 0.372760 0.603578 0.996824 0.599116 0.760119 0.496341 0.755831 0.607290 0.657166 0.524130 0.949342 0.938534 0.861831 0.878079 0.893072 0.908715 0.855062 0.699335 0.946496 0.937802 0.964811 0.917987 0.969615 0.663014 0.794438 0.912888 0.950062 0.849254 0.800515 0.975181 0.973548 0.853862
0.322357 0.000000 0.588941 0.858635 0.865114 0.679804 0.733856 0.759158 0.609138 0.723217 0.672741 0.355900 0.685522 0.466780 0.693174 0.610158 0.366083 0.363354 0.468111 0.333014 0.935451 0.994707 0.640515 0.670505 0.917218 0.535515 0.792603 0.696962 0.460164 0.499888 0.912879 0.975587 0.908035 0.887216 0.691650 0.796364 0.807497 0.794843 0.799371 0.739740 0.936915 0.886233 0.964219 0.823511 0.872632 0.628357 0.667915 0.797264 0.311916 0.499835 0.943935 0.991602 0.849655 0.561449 0.820871 0.972474 0.249672 0.234123 0.796935 0.757697 0.863310 0.731282 0.670294 0.481373 0.610710 0.630389 0.576944 0.621864 0.585445 0.461799 0.838165 0.726946 0.903980 0.761119 0.928133 0.981198 0.907463 0.865482 0.837342 0.728701 0.430096 0.324196 0.406195 0.440726 0.387847 0.604569 0.961408 0.552444 0.965075 0.648406 0.486218 0.431637 0.462678 0.369888 0.866343 0.935006 0.972669 0.878001 0.898257 0.886491 0.693335 0.501800 0.836050 0.826986 0.768977 0.813862 0.843648 0.551112 0.832304 0.984056 0.888793 0.985554 0.820280 0.959190 0.845100 0.828233
0.866732 0.588941 0.000000 0.422989 0.995209 0.491188 0.304522 0.588126 0.725185 0.851281 0.829134 0.884621 0.688439 0.961193 0.858005 0.998209 0.869646 0.833783 0.982265 0.784685 0.839500 0.960920 0.931763 0.960885 0.911493 0.517620 0.716380 0.865958 0.917371 0.989521 0.478354 0.522857 0.486938 0.572846 0.459545 0.787423 0.915071 0.719234 0.904975 0.835647 0.964602 0.897152 0.475132 0.571197 0.576253 0.768659 0.640188 0.567685 0.695342 0.996774 0.564543 0.587169 0.539452 0.390420 0.800693 0.918087 0.723777 0.559098 0.746295 0.953617 0.386974 0.878726 0.715544 0.909425 0.352421 0.512197 0.247733 0.327807 0.716849 0.789611 0.571567 0.525732 0.626373 0.522693 0.853983 0.950440 0.709609 0.583627 0.938750 0.969740 0.940925 0.745606 0.754314 0.779273 0.832575 0.905540 0.994423 0.914635 0.804471 0.960610 0.423067 0.559093 0.538664 0.605523 0.737140 0.894927 0.678763 0.891479 0.484173 0.445885 0.500640 0.502039 0.483023 0.503334 0.488978 0.481857 0.990251 0.724286 0.862932 0.673649 0.681975 0.590077 0.704409 0.681678 0.490746 0.987605
0.915238 0.858635 0.422989 0.000000 0.952038 0.583162 0.375835 0.396090 0.801673 0.689258 0.741234 0.786736 0.609840 0.716232 0.712916 0.734801 0.986497 0.980338 0.848461 0.953401 0.776030 0.853973 0.775424 0.782233 0.922208 0.612849 0.800773 0.911342 0.899474 0.854911 0.412389 0.511366 0.513651 0.574500 0.644957 0.931690 0.803591 0.686273 0.797045 0.996542 0.947973 0.937607 0.443147 0.502029 0.526392 0.622278 0.595622 0.563158 0.955921 0.816277 0.497271 0.488269 0.583468 0.533081 0.789898 0.977094 0.850408 0.743843 0.670785 0.816724 0.421027 0.619621 0.588500 0.750276 0.490557 0.441594 0.398821 0.441404 0.811753 0.895529 0.613064 0.486950 0.583049 0.539036 0.700844 0.975183 0.505974 0.568050 0.845697 0.890114 0.890306 0.944282 0.952404 0.876139 0.929990 0.818451 0.962788 0.956809 0.910538 0.766699 0.551567 0.689893 0.670688 0.779717 0.738905 0.812775 0.690148 0.831149 0.464291 0.463578 0.564090 0.577562 0.527301 0.637960 0.537809 0.497610 0.942949 0.799466 0.834131 0.740842 0.649238 0.538295 0.676288 0.788606 0.671598 0.883730
0.834425 0.865114 0.995209 0.952038 0.000000 0.943423 0.960811 0.910407 0.891081 0.962761 0.915088 0.835227 0.835083 0.763274 0.729614 0.753134 0.923958 0.934620 0.827930 0.794881 0.855551 0.982718 0.693477 0.643119 0.931722 0.856696 0.775847 0.763028 0.893064 0.898313 0.943945 0.967964 0.903319 0.985640 0.957497 0.892551 0.926207 0.812823 0.932065 0.953461 0.985807 0.932653 0.911740 0.903445 0.901512 0.938736 0.952888 0.856350 0.759885 0.769680 0.793127 0.828343 0.773267 0.972885 0.766993 0.950146 0.889065 0.976609 0.999031 0.958379 0.978252 0.719425 0.954684 0.982965 0.967933 0.959637 0.947940 0.895857 0.816944 0.821589 0.988238 0.920480 0.876884 0.950058 0.929621 0.947945 0.937025 0.796107 0.850405 0.996433 0.937026 0.939280 0.809428 0.837536 0.679337 0.796508 0.842605 0.713277 0.810472 0.929346 0.949466 0.958759 0.948642 0.999910 0.883971 0.998950 0.967906 0.961706 0.985680 0.907883 0.957608 0.969630 0.861413 0.969669 0.816768 0.952047 0.848335 0.995487 0.874824 0.806372 0.986828 0.887763 0.957051 0.975600 0.943998 0.863399
0.808755 0.679804 0.491188 0.583162 0.943423 0.000000 0.471799 0.681392 0.689536 0.822954 0.904945 0.856123 0.904022 0.995491 0.880298 0.926769 0.867171 0.853822 0.932136 0.817917 0.761256 0.951176 0.948323 0.990601 0.857539 0.611835 0.736795 0.945584 0.851627 0.960558 0.638911 0.650977 0.684526 0.758121 0.674618 0.981698 0.983166 0.831115 0.832426 0.967231 0.987086 0.911869 0.535921 0.655356 0.693251 0.851655 0.803890 0.716282 0.813918 0.989314 0.613990 0.643486 0.638341 0.507582 0.824163 0.793257 0.690826 0.540860 0.900594 0.958481 0.585510 0.892025 0.842145 0.983095 0.575131 0.512270 0.512900 0.527508 0.629932 0.729878 0.647017 0.632226 0.821420 0.628508 0.735946 0.785402 0.727838 0.740388 0.878028 0.820228 0.989682 0.816264 0.868933 0.814983 0.851452 0.909627 0.852950 0.853437 0.997304 0.964474 0.592163 0.625588 0.669409 0.685240 0.842378 0.932688 0.754817 0.859363 0.691255 0.573809 0.674044 0.678651 0.684829 0.758556 0.692463 0.700340 0.998754 0.797040 0.859177 0.941152 0.825514 0.708886 0.837917 0.852284 0.609282 0.960484
0.994306 0.733856 0.304522 0.375835 0.960811 0.471799 0.000000 0.431518 0.689529 0.609333 0.683114 0.960388 0.527050 0.790064 0.686104 0.766600 0.962112 0.973670 0.770414 0.895354 0.702798 0.933805 0.788770 0.940027 0.939474 0.651597 0.807012 0.950618 0.873503 0.774505 0.314678 0.404293 0.392657 0.433929 0.577884 0.890488 0.915304 0.704743 0.793388 0.901278 0.982130 0.947336 0.313979 0.412419 0.436782 0.608814 0.590424 0.464266 0.879064 0.862958 0.423281 0.452438 0.476773 0.348076 0.806049 0.872325 0.797176 0.620665 0.704389 0.941721 0.297855 0.813779 0.540790 0.729731 0.516383 0.524793 0.254307 0.331072 0.701151 0.810008 0.426702 0.395257 0.467792 0.396990 0.786907 0.817678 0.532075 0.463543 0.711012 0.756694 0.861589 0.859064 0.925823 0.894661 0.909443 0.995725 0.962444 0.953220 0.892275 0.909911 0.448149 0.561655 0.611561 0.666788 0.755744 0.684804 0.673220 0.826628 0.387113 0.329070 0.403346 0.449332 0.430289 0.421705 0.531244 0.465060 0.951384 0.737348 0.750473 0.747681 0.674652 0.533831 0.655598 0.667759 0.564784 0.923538
0.643609 0.759158 0.588126 0.396090 0.910407 0.681392 0.431518 0.000000 0.918477 0.482395 0.609487 0.504342 0.404455 0.411406 0.576343 0.534890 0.729527 0.753671 0.619944 0.726259 0.776691 0.953977 0.616406 0.714799 0.928254 0.855054 0.897622 0.767435 0.630814 0.657934 0.497390 0.483966 0.483317 0.490119 0.727444 0.906306 0.821219 0.828530 0.744771 0.989924 0.845306 0.997642 0.316816 0.359479 0.359743 0.376061 0.424972 0.383903 0.624596 0.462669 0.404966 0.417611 0.626022 0.685913 0.741598 0.914688 0.825681 0.923459 0.488470 0.647131 0.383400 0.390264 0.430625 0.490834 0.618638 0.567118 0.539499 0.549746 0.907211 0.819846 0.627877 0.656720 0.601929 0.625594 0.716945 0.851711 0.485799 0.644974 0.856040 0.776094 0.662712 0.835800 0.797559 0.929339 0.680297 0.669983 0.988990 0.790134 0.861059 0.640375 0.739593 0.893977 0.838858 0.982989 0.703202 0.740238 0.712936 0.866320 0.414407 0.370400 0.578163 0.800199 0.535502 0.667644 0.600400 0.635289 0.876984 0.931483 0.675155 0.771616 0.660053 0.464470 0.588878 0.702875 0.702864 0.792569
0.720161 0.609138 0.725185 0.801673 0.891081 0.689536 0.689529 0.918477 0.000000 0.920174 0.861106 0.750790 0.968942 0.805452 0.899856 0.984363 0.754496 0.656602 0.856176 0.679120 0.874960 0.966595 0.970940 0.907784 0.963757 0.788995 0.991125 0.989360 0.744298 0.810200 0.869862 0.891472 0.914580 0.936489 0.659511 0.977882 0.975733 0.768796 0.825519 0.862971 0.943333 0.952804 0.855758 0.976938 0.899145 0.942411 0.985557 0.923466 0.761312 0.994155 0.786871 0.700710 0.701841 0.607122 0.959727 0.960684 0.621855 0.543855 0.949322 0.870775 0.871233 0.950889 0.829031 0.756609 0.662956 0.758367 0.668778 0.788831 0.779731 0.829365 0.764203 0.676608 0.738020 0.643014 0.922203 0.914287 0.672428 0.873451 0.911252 0.890983 0.743919 0.617283 0.665874 0.640697 0.753767 0.872614 0.721319 0.782056 0.801646 0.872345 0.501221 0.436499 0.465004 0.517304 0.751431 0.853299 0.784520 0.765835 0.682870 0.680032 0.608565 0.700909 0.751793 0.702215 0.815423 0.790594 0.801085 0.650341 0.925563 0.904944 0.901706 0.726821 0.915555 0.799493 0.906856 0.849811
0.645673 0.723217 0.851281 0.689258 0.962761 0.822954 0.609333 0.482395 0.920174 0.000000 0.485751 0.549693 0.527775 0.556674 0.403312 0.439757 0.535705 0.549105 0.528730 0.650786 0.802841 0.956581 0.434144 0.615384 0.996589 0.929283 0.967730 0.945679 0.500678 0.437373 0.529685 0.554454 0.507682 0.541347 0.910267 0.821801 0.795627 0.968804 0.906013 0.871789 0.986425 0.875027 0.592538 0.583704 0.560314 0.477433 0.591757 0.539672 0.587201 0.504241 0.631683 0.632597 0.807647 0.924500 0.983756 0.995436 0.757634 0.842008 0.644850 0.959463 0.738040 0.644823 0.491329 0.443148 0.962283 0.976652 0.809080 0.890255 0.942800 0.801020 0.648718 0.723698 0.673420 0.660727 0.765966 0.893794 0.605194 0.671253 0.734513 0.550680 0.488695 0.653347 0.618447 0.729678 0.654669 0.674340 0.933093 0.840910 0.978601 0.697897 0.992041 0.955462 0.969406 0.818399 0.927881 0.859715 0.747785 0.877841 0.722525 0.632899 0.813846 0.991873 0.730951 0.623080 0.766166 0.757422 0.909901 0.976062 0.578246 0.971811 0.848666 0.730983 0.809196 0.796753 0.925879 0.680406
0.432283 0.672741 0.829134 0.741234 0.915088 0.904945 0.683114 0.609487 0.861106 0.485751 0.000000 0.486066 0.387979 0.512268 0.491560 0.527310 0.432264 0.408035 0.412233 0.529778 0.701413 0.902413 0.535427 0.647021 0.944126 0.896033 0.917676 0.971239 0.449543 0.390955 0.563387 0.647559 0.455255 0.557180 0.951577 0.938382 0.695784 0.977261 0.861281 0.920689 0.861354 0.867975 0.687118 0.666627 0.830656 0.701577 0.606520 0.639975 0.772542 0.753027 0.828178 0.895708 0.999170 0.915695 0.923676 0.917689 0.643037 0.753894 0.501220 0.681470 0.600625 0.824377 0.330485 0.315506 0.994488 0.970042 0.815103 0.924560 0.833319 0.855425 0.636495 0.691868 0.617495 0.734866 0.875488 0.894546 0.696020 0.737077 0.701314 0.534774 0.465125 0.502309 0.614428 0.710561 0.621091 0.585906 0.910002 0.705938 0.826369 0.592211 0.941927 0.780629 0.795826 0.676480 0.951030 0.879249 0.776870 0.728295 0.821470 0.763219 0.930889 0.966455 0.698681 0.673074 0.804181 0.823867 0.902978 0.783766 0.744968 0.843057 0.965008 0.818740 0.859580 0.914557 0.876610 0.837080
0.315753 0.355900 0.884621 0.786736 0.835227 0.856123 0.960388 0.504342 0.750790 0.549693 0.486066 0.000000 0.432475 0.261533 0.450364 0.387448 0.398528 0.397394 0.382954 0.316205 0.890043 0.951925 0.390628 0.422795 0.944661 0.644971 0.802346 0.765324 0.388432 0.443143 0.787246 0.773069 0.689117 0.682155 0.848940 0.731387 0.686548 0.984399 0.887213 0.781821 0.953500 0.873803 0.765031 0.731556 0.755547 0.557426 0.603671 0.642812 0.359541 0.471120 0.783458 0.861154 0.974405 0.715348 0.866900 0.907669 0.433232 0.455453 0.609437 0.666930 0.839534 0.468513 0.476940 0.360449 0.870189 0.981812 0.867276 0.847306 0.605717 0.570456 0.886605 0.919095 0.842430 0.977307 0.873155 0.977308 0.727068 0.987848 0.861029 0.745161 0.471773 0.420944 0.469085 0.622140 0.310742 0.368216 0.918994 0.464765 0.839343 0.518969 0.722191 0.578040 0.637628 0.482135 0.962424 0.841625 0.979718 0.855965 0.894128 0.870672 0.890895 0.693491 0.982512 0.975300 0.980622 0.990422 0.804258 0.665559 0.809217 0.909770 0.904197 0.861482 0.870010 0.954148 0.950253 0.746423
0.473931 0.685522 0.688439 0.609840 0.835083 0.904022 0.527050 0.404455 0.968942 0.527775 0.387979 0.432475 0.000000 0.366087 0.369829 0.426949 0.537318 0.555636 0.383388 0.545429 0.837168 0.944227 0.409337 0.650904 0.943236 0.912177 0.940723 0.972960 0.470326 0.447136 0.487958 0.525338 0.401581 0.513238 0.827616 0.967315 0.718169 0.913186 0.803445 0.962256 0.973021 0.914123 0.446715 0.477591 0.539897 0.501175 0.426905 0.413680 0.643010 0.554473 0.498947 0.564178 0.674369 0.813596 0.667159 0.993272 0.628025 0.776104 0.487234 0.724825 0.493542 0.599180 0.389802 0.376603 0.808889 0.881127 0.666705 0.769783 0.800567 0.810177 0.570773 0.682451 0.557245 0.649646 0.840592 0.902736 0.552197 0.641147 0.708671 0.744354 0.587834 0.664593 0.568775 0.799628 0.570003 0.658143 0.809794 0.659070 0.694077 0.624435 0.871951 0.958583 0.989649 0.799701 0.884476 0.761317 0.724745 0.921448 0.549071 0.501455 0.736257 0.899155 0.571760 0.618088 0.620098 0.691282 0.906397 0.905204 0.813440 0.671716 0.698364 0.598443 0.666107 0.719165 0.698775 0.860254
0.420082 0.466780 0.961193 0.716232 0.763274 0.995491 0.790064 0.411406 0.805452 0.556674 0.512268 0.261533 0.366087 0.000000 0.410363 0.337965 0.494243 0.469901 0.371994 0.397572 0.824812 0.963795 0.371235 0.406660 0.993895 0.691618 0.854277 0.790230 0.386304 0.429080 0.679886 0.580888 0.580127 0.566471 0.926403 0.827548 0.752321 0.911453 0.820530 0.770462 0.896479 0.921397 0.540861 0.536409 0.569820 0.467944 0.497582 0.519763 0.386570 0.437615 0.542063 0.672871 0.821275 0.946908 0.688175 0.927561 0.556611 0.634186 0.679187 0.774429 0.722101 0.442896 0.445106 0.398058 0.942891 0.846359 0.974910 0.989143 0.763264 0.666180 0.786747 0.892571 0.704587 0.794946 0.762920 0.881567 0.712021 0.873104 0.839395 0.713395 0.507749 0.517888 0.485234 0.722132 0.339788 0.349424 0.878071 0.473323 0.898275 0.544307 0.834819 0.659355 0.695226 0.546109 0.986566 0.792255 0.978629 0.908504 0.817063 0.682842 0.983287 0.858419 0.911507 0.920179 0.922633 0.956131 0.794949 0.756813 0.834448 0.824754 0.907782 0.731516 0.763827 0.930834 0.937247 0.736995
0.573313 0.693174 0.858005 0.712916 0.729614 0.880298 0.686104 0.576343 0.899856 0.403312 0.491560 0.450364 0.369829 0.410363 0.000000 0.299152 0.474911 0.483481 0.388629 0.518551 0.853802 0.957759 0.242189 0.446931 0.946279 0.802129 0.876978 0.924993 0.463720 0.395906 0.533661 0.539483 0.440250 0.521493 0.968369 0.881574 0.740211 0.882350 0.894093 0.999083 0.962079 0.843437 0.585763 0.587418 0.590922 0.499282 0.602797 0.499231 0.564091 0.521515 0.555834 0.585783 0.657473 0.880813 0.786902 0.992653 0.666428 0.798563 0.778247 0.945145 0.816329 0.669586 0.500362 0.453571 0.964251 0.977850 0.852848 0.990756 0.758967 0.801579 0.607531 0.701340 0.554525 0.622917 0.776682 0.926102 0.588099 0.731283 0.763607 0.637664 0.521208 0.609862 0.538650 0.746080 0.448145 0.526155 0.784384 0.603136 0.794319 0.698903 0.954469 0.918728 0.877205 0.739154 0.919155 0.844741 0.780416 0.984796 0.784643 0.661440 0.876359 0.962069 0.831816 0.644243 0.811188 0.852284 0.988376 0.876478 0.777066 0.791936 0.837014 0.748243 0.746057 0.793905 0.733950 0.850595
0.606713 0.610158 0.998209 0.734801 0.753134 0.926769 0.766600 0.534890 0.984363 0.439757 0.527310 0.387448 0.426949 0.337965 0.299152 0.000000 0.542023 0.516135 0.433884 0.578469 0.842969 0.926860 0.295754 0.386451 0.928670 0.720867 0.897934 0.816680 0.375864 0.392139 0.655924 0.605729 0.571945 0.647014 0.873203 0.824063 0.810491 0.925459 0.897151 0.914415 0.992111 0.887275 0.589868 0.554017 0.607417 0.498947 0.633672 0.578367 0.426087 0.528696 0.586641 0.659211 0.798485 0.976547 0.775381 0.952073 0.712778 0.761742 0.786100 0.986272 0.821969 0.550440 0.535807 0.473871 0.920311 0.942489 0.955293 0.990693 0.882973 0.760576 0.804863 0.785955 0.711501 0.732750 0.758738 0.909327 0.704664 0.773850 0.713011 0.661566 0.576753 0.651873 0.506056 0.777977 0.463154 0.417554 0.813259 0.522776 0.951337 0.708113 0.819893 0.786973 0.752419 0.605236 0.989349 0.737890 0.885937 0.985428 0.870269 0.742141 0.995283 0.916645 0.980502 0.825329 0.902540 0.995385 0.884769 0.822666 0.789473 0.921153 0.948668 0.871534 0.813420 0.867996 0.940117 0.776974
0.380157 0.366083 0.869646 0.986497 0.923958 0.867171 0.962112 0.729527 0.754496 0.535705 0.432264 0.398528 0.537318 0.494243 0.474911 0.542023 0.000000 0.254701 0.388603 0.355726 0.834418 0.921849 0.529636 0.620914 0.897163 0.640232 0.821724 0.969756 0.343963 0.283261 0.743365 0.725487 0.613526 0.604493 0.852865 0.858814 0.739789 0.917192 0.839499 0.772264 0.799351 0.845531 0.821682 0.706605 0.757931 0.526919 0.638274 0.633608 0.507899 0.555512 0.884845 0.992798 0.959257 0.735499 0.870408 0.984614 0.330315 0.388416 0.764727 0.824720 0.927836 0.832767 0.444023 0.300548 0.710026 0.662616 0.867517 0.837396 0.699121 0.565431 0.878882 0.959513 0.850863 0.993840 0.881212 0.983863 0.782915 0.882416 0.617586 0.582873 0.269195 0.305147 0.460716 0.402920 0.465351 0.590781 0.994698 0.572492 0.948181 0.673458 0.572319 0.505561 0.505006 0.437876 0.918468 0.886025 0.956196 0.704358 0.964894 0.978121 0.840102 0.661322 0.968702 0.834537 0.929566 0.940001 0.799333 0.563054 0.752863 0.913066 0.915317 0.965973 0.788109 0.925865 0.937180 0.802006
0.338632 0.363354 0.833783 0.980338 0.934620 0.853822 0.973670 0.753671 0.656602 0.549105 0.408035 0.397394 0.555636 0.469901 0.483481 0.516135 0.254701 0.000000 0.318018 0.355412 0.766291 0.876025 0.518075 0.602886 0.877394 0.604236 0.792833 0.903127 0.353513 0.257929 0.769495 0.739238 0.633573 0.625505 0.693904 0.822807 0.748299 0.924933 0.790637 0.828187 0.795496 0.812126 0.838911 0.705561 0.815960 0.579509 0.662500 0.648206 0.508980 0.612959 0.905085 0.983770 0.986114 0.756855 0.907897 0.991480 0.341904 0.417031 0.812587 0.888568 0.970611 0.948065 0.415526 0.319755 0.651646 0.650508 0.819022 0.771850 0.688159 0.677923 0.871351 0.903932 0.827732 0.949172 0.933056 0.976567 0.789166 0.873415 0.609990 0.495343 0.267859 0.278868 0.379016 0.446279 0.463771 0.588250 0.964683 0.570211 0.995852 0.694910 0.563696 0.518889 0.469311 0.418854 0.891742 0.846591 0.985336 0.758335 0.938344 0.997135 0.774522 0.657974 0.947136 0.904524 0.905403 0.926766 0.894051 0.580765 0.766629 0.919185 0.918556 0.997205 0.772168 0.945452 0.980735 0.866892
0.335850 0.468111 0.982265 0.848461 0.827930 0.932136 0.770414 0.619944 0.856176 0.528730 0.412233 0.382954 0.383388 0.371994 0.388629 0.433884 0.388603 0.318018 0.000000 0.372984 0.750046 0.949406 0.366933 0.499363 0.961224 0.594523 0.840379 0.934604 0.391225 0.353031 0.689334 0.601196 0.515372 0.606652 0.892079 0.864807 0.664948 0.929521 0.783516 0.856255 0.936449 0.863445 0.655931 0.608506 0.680203 0.532211 0.514970 0.546633 0.498527 0.558328 0.683626 0.807833 0.848017 0.933332 0.747078 0.956192 0.414593 0.557449 0.722671 0.927542 0.814855 0.770207 0.424465 0.371103 0.865218 0.816306 0.998658 0.910495 0.617727 0.664166 0.720723 0.812127 0.697050 0.815790 0.913537 0.919394 0.676864 0.857336 0.714386 0.586205 0.410589 0.429931 0.421979 0.571154 0.402208 0.578537 0.854768 0.546373 0.824346 0.553852 0.824198 0.738172 0.679466 0.631104 0.891982 0.722425 0.879515 0.973516 0.852225 0.761898 0.998950 0.819098 0.882247 0.773913 0.954239 0.857788 0.974393 0.668761 0.736595 0.852156 0.929116 0.761253 0.698004 0.822866 0.947258 0.870301
0.278028 0.333014 0.784685 0.953401 0.794881 0.817917 0.895354 0.726259 0.679120 0.650786 0.529778 0.316205 0.545429 0.397572 0.518551 0.578469 0.355726 0.355412 0.372984 0.000000 0.854497 0.906259 0.468365 0.506778 0.990496 0.584234 0.799163 0.872659 0.438239 0.461369 0.885285 0.860791 0.724479 0.796829 0.804692 0.747516 0.708707 0.919376 0.848257 0.732170 0.905448 0.761094 0.903012 0.836921 0.832488 0.606002 0.642048 0.679272 0.424571 0.485264 0.864494 0.967097 0.957461 0.665345 0.732914 0.917610 0.298656 0.373762 0.718014 0.781534 0.970696 0.660954 0.601466 0.456591 0.734076 0.724815 0.739533 0.712317 0.423379 0.502200 0.917363 0.869497 0.921523 0.919822 0.879394 0.911022 0.808483 0.901543 0.883527 0.787242 0.429038 0.323474 0.413329 0.456871 0.327009 0.550582 0.926726 0.527426 0.851779 0.465363 0.615861 0.520251 0.580708 0.482246 0.938591 0.979535 0.983235 0.859987 0.914961 0.989263 0.828227 0.594875 0.929026 0.954938 0.954895 0.938858 0.919801 0.632100 0.856815 0.937005 0.929891 0.900444 0.868881 0.977091 0.957316 0.842707
0.788488 0.935451 0.839500 0.776030 0.855551 0.761256 0.702798 0.776691 0.874960 0.802841 0.701413 0.890043 0.837168 0.824812 0.853802 0.842969 0.834418 0.766291 0.750046 0.854497 0.000000 0.912830 0.925276 0.894750 0.880812 0.908022 0.990664 0.904767 0.843751 0.823839 0.562692 0.640057 0.726886 0.710786 0.992968 0.900655 0.982957 0.938104 0.768779 0.806142 0.962687 0.830546 0.697908 0.719714 0.875159 0.831133 0.807285 0.803979 0.987036 0.926603 0.809536 0.793837 0.852329 0.781424 0.924395 0.874560 0.993871 0.959395 0.906819 0.938147 0.766195 0.910150 0.618995 0.748555 0.937215 0.912960 0.875345 0.842269 0.947595 0.927329 0.665263 0.748424 0.712065 0.619995 0.804357 0.792948 0.898011 0.812717 0.739785 0.676475 0.743378 0.807790 0.899276 0.963258 0.993989 0.917877 0.748649 0.870692 0.937669 0.766079 0.925755 0.973150 0.962793 0.870554 0.952520 0.818592 0.883309 0.980526 0.824757 0.897403 0.901128 0.904698 0.791740 0.765994 0.922989 0.873084 0.934391 0.988009 0.821507 0.952707 0.975909 0.911170 0.892439 0.974662 0.860678 0.818218
0.971780 0.994707 0.960920 0.853973 0.982718 0.951176 0.933805 0.953977 0.966595 0.956581 0.902413 0.951925 0.944227 0.963795 0.957759 0.926860 0.921849 0.876025 0.949406 0.906259 0.912830 0.000000 0.988950 0.974869 0.997414 0.851139 0.835058 0.925468 0.989526 0.856160 0.879694 0.995569 0.853513 0.803859 0.973580 0.718301 0.870981 0.728002 0.973090 0.903821 0.966819 0.964224 0.981192 0.993029 0.957149 0.992955 0.906141 0.894968 0.905135 0.919377 0.930455 0.993190 0.898856 0.924591 0.931482 0.848795 0.990004 0.986759 0.929665 0.996290 0.977176 0.968120 0.918889 0.927159 0.954010 0.985069 0.907916 0.926447 0.914663 0.939299 0.882121 0.925763 0.938067 0.981900 0.820802 0.949213 0.841070 0.908870 0.964067 0.985717 0.918252 0.899959 0.953550 0.870047 0.983943 0.986373 0.938412 0.936083 0.982299 0.929435 0.995600 0.975985 0.978501 0.975579 0.916834 0.954273 0.964182 0.945189 0.981791 0.933400 0.973947 0.943870 0.960132 0.956734 0.961970 0.878153 0.940935 0.998827 0.994037 0.822453 0.895270 0.935703 0.959436 0.974069 0.850947 0.950521
0.523982 0.640515 0.931763 0.775424 0.693477 0.948323 0.788770 0.616406 0.970940 0.434144 0.535427 0.390628 0.409337 0.371235 0.242189 0.295754 0.529636 0.518075 0.366933 0.468365 0.925276 0.988950 0.000000 0.368464 0.917789 0.667321 0.780599 0.939975 0.450700 0.442664 0.668422 0.662803 0.533502 0.663882 0.873860 0.823345 0.691622 0.871721 0.958537 0.983900 0.974581 0.785935 0.719035 0.703496 0.682970 0.582137 0.645726 0.599006 0.503471 0.494760 0.607842 0.687417 0.764445 0.995001 0.794586 0.899869 0.638993 0.756374 0.769349 0.925255 0.910857 0.597495 0.600003 0.506507 0.960436 0.921234 0.955758 0.880106 0.639474 0.706833 0.694809 0.811093 0.621891 0.703008 0.795621 0.946185 0.662019 0.845881 0.888873 0.773006 0.602568 0.596035 0.521825 0.743214 0.397672 0.492588 0.720711 0.544688 0.772003 0.638420 0.920750 0.879686 0.844956 0.711020 0.962603 0.787340 0.826738 0.921676 0.846586 0.744574 0.939709 0.904823 0.947477 0.721743 0.908813 0.867931 0.981492 0.883119 0.753370 0.873321 0.878425 0.798110 0.835323 0.877228 0.918869 0.828068
0.637819 0.670505 0.960885 0.782233 0.643119 0.990601 0.940027 0.714799 0.907784 0.615384 0.647021 0.422795 0.650904 0.406660 0.446931 0.386451 0.620914 0.602886 0.499363 0.506778 0.894750 0.974869 0.368464 0.000000 0.928808 0.730433 0.912724 0.926839 0.511727 0.552797 0.800129 0.730407 0.722948 0.765108 0.827948 0.721270 0.813243 0.908356 0.941664 0.787327 0.926646 0.927519 0.826543 0.778449 0.781821 0.664421 0.797966 0.723318 0.523878 0.599155 0.735780 0.846734 0.912570 0.906298 0.822127 0.873207 0.759072 0.808593 0.931944 0.959818 0.997309 0.580345 0.691347 0.627362 0.864256 0.982394 0.910900 0.849722 0.776681 0.722129 0.843772 0.916039 0.871966 0.872542 0.779674 0.949574 0.798882 0.973998 0.898657 0.760313 0.632351 0.630203 0.631021 0.707793 0.414228 0.396911 0.788035 0.499727 0.897898 0.616310 0.768196 0.724180 0.673079 0.620005 0.832084 0.837970 0.903501 0.832347 0.946212 0.913738 0.860709 0.816825 0.881440 0.998492 0.949492 0.940867 0.975786 0.806339 0.910431 0.953069 0.971508 0.904964 0.986120 0.962699 0.883483 0.751499
0.988677 0.917218 0.911493 0.922208 0.931722 0.857539 0.939474 0.928254 0.963757 0.996589 0.944126 0.944661 0.943236 0.993895 0.946279 0.928670 0.897163 0.877394 0.961224 0.990496 0.880812 0.997414 0.917789 0.928808 0.000000 0.732512 0.923574 0.876843 0.904972 0.948646 0.897258 0.818036 0.954528 0.871085 0.925266 0.920076 0.953777 0.967777 0.725095 0.960211 0.937970 0.873917 0.869635 0.788199 0.889274 0.863082 0.757391 0.783149 0.939109 0.930185 0.877562 0.735236 0.735280 0.869873 0.885162 0.692656 0.911567 0.984123 0.975675 0.977813 0.959364 0.882470 0.863086 0.899841 0.907366 0.999066 0.944925 0.970771 0.789718 0.985555 0.878488 0.925488 0.944434 0.893200 0.954206 0.874122 0.789149 0.924540 0.865554 0.773944 0.781635 0.798180 0.934350 0.958531 0.980778 0.988014 0.924190 0.985444 0.895248 0.904621 0.970372 0.962599 0.953149 0.994102 0.963818 0.965752 0.992526 0.878579 0.863269 0.934048 0.984647 0.974170 0.817496 0.998631 0.973884 0.989756 0.979865 0.952723 0.957652 0.824938 0.976305 0.850745 0.742560 0.812937 0.776212 0.824595
0.598486 0.535515 0.517620 0.612849 0.856696 0.611835 0.651597 0.855054 0.788995 0.929283 0.896033 0.644971 0.912177 0.691618 0.802129 0.720867 0.640232 0.604236 0.594523 0.584234 0.908022 0.851139 0.667321 0.730433 0.732512 0.000000 0.703539 0.997916 0.661052 0.694244 0.714498 0.850620 0.878657 0.848346 0.581427 0.735627 0.884288 0.828396 0.935530 0.771474 0.908035 0.899831 0.793336 0.864175 0.839688 0.995263 0.933516 0.853153 0.573204 0.809673 0.812959 0.709132 0.748567 0.532414 0.972804 0.910316 0.516907 0.507524 0.901352 0.926669 0.652633 0.946797 0.991418 0.800226 0.502005 0.589202 0.501397 0.475866 0.581674 0.693897 0.778323 0.816831 0.861573 0.761123 0.933339 0.889852 0.866044 0.728174 0.955961 0.996445 0.776675 0.642735 0.597645 0.733484 0.618941 0.703506 0.850739 0.647708 0.910090 0.777848 0.508340 0.567122 0.523863 0.548974 0.733538 0.941964 0.821668 0.761353 0.679346 0.712737 0.638383 0.535805 0.614942 0.830637 0.600451 0.649382 0.893891 0.649674 0.972801 0.921906 0.743552 0.713256 0.897403 0.846155 0.625189 0.933900
0.791667 0.792603 0.716380 0.800773 0.775847 0.736795 0.807012 0.897622 0.991125 0.967730 0.917676 0.802346 0.940723 0.854277 0.876978 0.897934 0.821724 0.792833 0.840379 0.799163 0.990664 0.835058 0.780599 0.912724 0.923574 0.703539 0.000000 0.911259 0.924770 0.886525 0.858698 0.860593 0.882591 0.828551 0.681999 0.879875 0.983832 0.965204 0.964520 0.907339 0.980862 0.882270 0.762811 0.760514 0.771376 0.858048 0.867134 0.813017 0.843288 0.867945 0.873730 0.904007 0.882308 0.776300 0.910156 0.819880 0.774332 0.850576 0.915565 0.923266 0.726735 0.973981 0.930544 0.997523 0.704310 0.759901 0.640092 0.566620 0.772420 0.862142 0.903697 0.875583 0.972033 0.962530 0.891046 0.998049 0.958065 0.864813 0.990786 0.913412 0.866949 0.766079 0.741846 0.877806 0.823598 0.887762 0.864212 0.813750 0.891536 0.994739 0.892282 0.883451 0.812755 0.873868 0.854355 0.959783 0.899971 0.951715 0.824000 0.839794 0.868359 0.853252 0.798711 0.976316 0.765089 0.841589 0.983209 0.820106 0.818386 0.905619 0.901762 0.909730 0.903985 0.755222 0.806645 0.984556
0.833105 0.696962 0.865958 0.911342 0.763028 0.945584 0.950618 0.767435 0.989360 0.945679 0.971239 0.765324 0.972960 0.790230 0.924993 0.816680 0.969756 0.903127 0.934604 0.872659 0.904767 0.925468 0.939975 0.926839 0.876843 0.997916 0.911259 0.000000 0.971949 0.979653 0.918526 0.930524 0.973070 0.984538 0.919985 0.875613 0.949674 0.948026 0.951317 0.963128 0.926640 0.920640 0.884897 0.864731 0.861952 0.841883 0.941625 0.807579 0.685546 0.754180 0.822805 0.758477 0.888094 0.990692 0.898820 0.885250 0.850806 0.847701 0.989667 0.898724 0.987488 0.779505 0.955690 0.967329 0.979104 0.892636 0.892857 0.908207 0.990530 0.860514 0.917010 0.913516 0.990411 0.896035 0.971646 0.907820 0.895512 0.919502 0.986546 0.862417 0.928944 0.960041 0.920882 0.996296 0.756287 0.793757 0.876234 0.925424 0.861877 0.958563 0.974293 0.973803 0.967198 0.935909 0.836302 0.932895 0.952950 0.747738 0.887605 0.906217 0.928745 0.920473 0.884357 0.832290 0.893341 0.880533 0.945080 0.904177 0.960995 0.977081 0.932646 0.882863 0.807965 0.978261 0.969432 0.970411
0.427454 0.460164 0.917371 0.899474 0.893064 0.851627 0.873503 0.630814 0.744298 0.500678 0.449543 0.388432 0.470326 0.386304 0.463720 0.375864 0.343963 0.353513 0.391225 0.438239 0.843751 0.989526 0.450700 0.511727 0.904972 0.661052 0.924770 0.971949 0.000000 0.275863 0.666611 0.650361 0.553142 0.562320 0.847762 0.890514 0.738985 0.878182 0.903489 0.827091 0.894498 0.882278 0.705540 0.608408 0.692867 0.488471 0.666111 0.574208 0.475356 0.564707 0.766000 0.891589 0.979440 0.831669 0.830589 0.930123 0.481296 0.514155 0.669740 0.818753 0.836455 0.702903 0.433923 0.322689 0.781332 0.814163 0.955149 0.930463 0.711907 0.583624 0.877781 0.907725 0.794400 0.903899 0.870148 0.947917 0.809653 0.791132 0.591270 0.619564 0.346828 0.407965 0.437380 0.477023 0.431732 0.559865 0.910118 0.512546 0.958284 0.719744 0.683438 0.578939 0.572895 0.467727 0.949971 0.808628 0.967957 0.795621 0.972758 0.853446 0.899351 0.822630 0.960454 0.873962 0.959504 0.983843 0.900115 0.685906 0.776087 0.963511 0.960850 0.967769 0.792198 0.895959 0.979032 0.722867
0.469714 0.499888 0.989521 0.854911 0.898313 0.960558 0.774505 0.657934 0.810200 0.437373 0.390955 0.443143 0.447136 0.429080 0.395906 0.392139 0.283261 0.257929 0.353031 0.461369 0.823839 0.856160 0.442664 0.552797 0.948646 0.694244 0.886525 0.979653 0.275863 0.000000 0.610728 0.574981 0.461188 0.462571 0.808723 0.946896 0.771245 0.965643 0.852739 0.828434 0.812569 0.862995 0.677437 0.558635 0.634723 0.473084 0.591960 0.526308 0.537462 0.588852 0.727096 0.859703 0.909482 0.916812 0.811845 0.929517 0.493205 0.574464 0.776037 0.930038 0.813376 0.826205 0.372988 0.277802 0.781886 0.790760 0.987581 0.987564 0.835299 0.682188 0.810654 0.824969 0.748652 0.819342 0.899050 0.998353 0.745875 0.724672 0.483984 0.484425 0.273928 0.380200 0.412115 0.455858 0.502932 0.569898 0.910468 0.554524 0.973655 0.753408 0.651417 0.586540 0.533460 0.468533 0.877677 0.825294 0.939702 0.769938 0.978425 0.879248 0.927745 0.810540 0.939427 0.784042 0.977444 0.979425 0.907431 0.687341 0.724651 0.845841 0.943567 0.919597 0.736392 0.841690 0.920706 0.790567
0.852222 0.912879 0.478354 0.412389 0.943945 0.638911 0.314678 0.497390 0.869862 0.529685 0.563387 0.787246 0.487958 0.679886 0.533661 0.655924 0.743365 0.769495 0.689334 0.885285 0.562692 0.879694 0.668422 0.800129 0.897258 0.714498 0.858698 0.918526 0.666611 0.610728 0.000000 0.368377 0.361284 0.316734 0.732053 0.908217 0.894870 0.728215 0.769364 0.998726 0.923882 0.924707 0.363171 0.422092 0.494727 0.529934 0.596402 0.451913 0.969377 0.840178 0.504697 0.499926 0.544083 0.511446 0.846107 0.903399 0.944815 0.833003 0.724767 0.950541 0.432619 0.845321 0.408726 0.554965 0.731841 0.701539 0.433367 0.480438 0.872051 0.848536 0.366302 0.437639 0.411882 0.375507 0.793272 0.870325 0.540846 0.397773 0.601433 0.617154 0.668881 0.891172 0.918439 0.939180 0.925677 0.835914 0.928135 0.898577 0.927078 0.874079 0.663982 0.832885 0.823063 0.957789 0.781411 0.755126 0.716365 0.935120 0.517806 0.480748 0.565275 0.560630 0.454667 0.482778 0.580155 0.608793 0.856664 0.874523 0.784879 0.803035 0.735183 0.674448 0.671009 0.727014 0.586225 0.795784
0.838559 0.975587 0.522857 0.511366 0.967964 0.650977 0.404293 0.483966 0.891472 0.554454 0.647559 0.773069 0.525338 0.580888 0.539483 0.605729 0.725487 0.739238 0.601196 0.860791 0.640057 0.995569 0.662803 0.730407 0.818036 0.850620 0.860593 0.930524 0.650361 0.574981 0.368377 0.000000 0.387431 0.364124 0.710756 0.858438 0.894929 0.826150 0.739777 0.927880 0.931500 0.941980 0.339443 0.366989 0.431568 0.477017 0.484727 0.414773 0.873102 0.760378 0.453569 0.503801 0.546043 0.579355 0.782530 0.738698 0.968818 0.901112 0.859113 0.939341 0.543587 0.765497 0.471188 0.570347 0.772414 0.735389 0.532017 0.579441 0.806299 0.994524 0.495612 0.596896 0.528629 0.503307 0.686929 0.893811 0.592363 0.478320 0.656429 0.599465 0.595242 0.808964 0.762663 0.928472 0.804643 0.734003 0.906206 0.780596 0.955344 0.855651 0.814610 0.946499 0.942433 0.962081 0.890834 0.678747 0.765310 0.956097 0.615263 0.470014 0.710427 0.701672 0.593743 0.573573 0.671768 0.705141 0.897315 0.966764 0.771249 0.791912 0.829832 0.574908 0.620191 0.693475 0.571200 0.701877
0.671390 0.908035 0.486938 0.513651 0.903319 0.684526 0.392657 0.483317 0.914580 0.507682 0.455255 0.689117 0.401581 0.580127 0.440250 0.571945 0.613526 0.633573 0.515372 0.724479 0.726886 0.853513 0.533502 0.722948 0.954528 0.878657 0.882591 0.973070 0.553142 0.461188 0.361284 0.387431 0.000000 0.360207 0.774110 0.859005 0.670942 0.771649 0.731300 0.933743 0.915533 0.906643 0.432946 0.408383 0.458455 0.456047 0.528507 0.375969 0.878512 0.684827 0.462939 0.565605 0.604924 0.651708 0.737153 0.972606 0.838010 0.991418 0.651244 0.958737 0.487135 0.756473 0.389153 0.441376 0.704877 0.851113 0.486916 0.582296 0.968540 0.837676 0.480598 0.533814 0.502378 0.579486 0.781125 0.940681 0.583823 0.484896 0.696159 0.621061 0.552657 0.736694 0.780251 0.767152 0.711651 0.752597 0.966431 0.750571 0.808242 0.738704 0.831450 0.943619 0.973219 0.923091 0.838481 0.800806 0.636980 0.962739 0.609799 0.537137 0.670582 0.754642 0.534866 0.490184 0.651207 0.564942 0.957162 0.978975 0.711454 0.760149 0.715773 0.547262 0.579816 0.721034 0.582283 0.835572
0.761871 0.887216 0.572846 0.574500 0.985640 0.758121 0.433929 0.490119 0.936489 0.541347 0.557180 0.682155 0.513238 0.566471 0.521493 0.647014 0.604493 0.625505 0.606652 0.796829 0.710786 0.803859 0.663882 0.765108 0.871085 0.848346 0.828551 0.984538 0.562320 0.462571 0.316734 0.364124 0.360207 0.000000 0.787594 0.797228 0.850986 0.775036 0.784152 0.923717 0.984042 0.989857 0.408963 0.379170 0.436245 0.427638 0.519268 0.423071 0.866469 0.739815 0.556705 0.625462 0.656162 0.709684 0.810273 0.878042 0.860167 0.939865 0.739997 0.897498 0.471201 0.777219 0.343051 0.421148 0.813230 0.785170 0.533797 0.527209 0.932342 0.997585 0.520455 0.591994 0.558895 0.554021 0.826805 0.918562 0.666358 0.496038 0.583036 0.602594 0.515667 0.715772 0.791926 0.725578 0.765680 0.725202 0.964033 0.739978 0.988214 0.838068 0.921635 0.919682 0.924902 0.852475 0.846083 0.773690 0.815989 0.943616 0.654149 0.592201 0.706251 0.796458 0.602579 0.597208 0.728142 0.707989 0.836211 0.920021 0.767225 0.752388 0.860828 0.696876 0.618086 0.783205 0.593447 0.756956
0.888715 0.691650 0.459545 0.644957 0.957497 0.674618 0.577884 0.727444 0.659511 0.910267 0.951577 0.848940 0.827616 0.926403 0.968369 0.873203 0.852865 0.693904 0.892079 0.804692 0.992968 0.973580 0.873860 0.827948 0.925266 0.581427 0.681999 0.919985 0.847762 0.808723 0.732053 0.710756 0.774110 0.787594 0.000000 0.921530 0.945548 0.792631 0.896735 0.998711 0.910127 0.876950 0.634120 0.756002 0.705974 0.840219 0.731358 0.675596 0.710254 0.964606 0.684498 0.710703 0.644981 0.594901 0.757354 0.849402 0.821402 0.746342 0.738637 0.806274 0.517715 0.843503 0.876296 0.959165 0.469538 0.604713 0.421865 0.453232 0.858693 0.935153 0.809040 0.737910 0.841376 0.839002 0.921688 0.901456 0.791715 0.810366 0.999169 0.811327 0.866854 0.699085 0.703296 0.835515 0.871673 0.833676 0.827671 0.843863 0.758361 0.953642 0.540457 0.642068 0.578417 0.619804 0.664135 0.911306 0.778296 0.652124 0.584093 0.563757 0.574902 0.621174 0.576132 0.699695 0.527473 0.591681 0.982726 0.748188 0.912003 0.868284 0.737143 0.655874 0.825643 0.718459 0.532092 0.865303
0.808312 0.796364 0.787423 0.931690 0.892551 0.981698 0.890488 0.906306 0.977882 0.821801 0.938382 0.731387 0.967315 0.827548 0.881574 0.824063 0.858814 0.822807 0.864807 0.747516 0.900655 0.718301 0.823345 0.721270 0.920076 0.735627 0.879875 0.875613 0.890514 0.946896 0.908217 0.858438 0.859005 0.797228 0.921530 0.000000 0.959122 0.840864 0.997533 0.937740 0.910842 0.990273 0.948105 0.954200 0.943985 0.958542 0.919911 0.967961 0.753759 0.753349 0.968281 0.976695 0.935376 0.853204 0.986813 0.961022 0.846358 0.873033 0.958605 0.926788 0.904809 0.853012 0.986294 0.936980 0.905774 0.971847 0.763592 0.775092 0.911301 0.813847 0.971061 0.900652 0.911448 0.913756 0.896254 0.854253 0.869276 0.725450 0.981293 0.994767 0.898648 0.883198 0.888205 0.910756 0.758001 0.778061 0.937418 0.940328 0.858833 0.842524 0.871081 0.938761 0.880743 0.878348 0.887060 0.912084 0.862686 0.978335 0.972768 0.988086 0.921156 0.788417 0.858430 0.919258 0.910445 0.851689 0.964763 0.982027 0.833197 0.828340 0.987357 0.933099 0.793900 0.860494 0.764697 0.983164
0.666400 0.807497 0.915071 0.803591 0.926207 0.983166 0.915304 0.821219 0.975733 0.795627 0.695784 0.686548 0.718169 0.752321 0.740211 0.810491 0.739789 0.748299 0.664948 0.708707 0.982957 0.870981 0.691622 0.813243 0.953777 0.884288 0.983832 0.949674 0.738985 0.771245 0.894870 0.894929 0.670942 0.850986 0.945548 0.959122 0.000000 0.950312 0.961886 0.876102 0.954934 0.984041 0.980327 0.924374 0.997799 0.880390 0.783542 0.898977 0.944331 0.870671 0.846261 0.956289 0.989868 0.885813 0.868290 0.790215 0.709258 0.798322 0.684311 0.809147 0.917550 0.875219 0.708506 0.674486 0.865718 0.935397 0.950562 0.927172 0.712055 0.720555 0.803431 0.901636 0.934912 0.939509 0.850895 0.956985 0.782468 0.892821 0.907386 0.918603 0.757096 0.667749 0.878543 0.909331 0.679251 0.726395 0.896200 0.806786 0.751865 0.648622 0.978662 0.939323 0.993995 0.893062 0.850524 0.895858 0.685688 0.886252 0.882159 0.898040 0.988628 0.852919 0.812162 0.860401 0.975626 0.711488 0.921453 0.920310 0.807394 0.840057 0.790670 0.734007 0.927810 0.979637 0.962715 0.795981
0.988499 0.794843 0.719234 0.686273 0.812823 0.831115 0.704743 0.828530 0.768796 0.968804 0.977261 0.984399 0.913186 0.911453 0.882350 0.925459 0.917192 0.924933 0.929521 0.919376 0.938104 0.728002 0.871721 0.908356 0.967777 0.828396 0.965204 0.948026 0.878182 0.965643 0.728215 0.826150 0.771649 0.775036 0.792631 0.840864 0.950312 0.000000 0.999794 0.950080 0.955534 0.755159 0.785553 0.891054 0.819445 0.923128 0.879269 0.844057 0.827076 0.970646 0.723443 0.791767 0.674659 0.695937 0.846248 0.903299 0.889340 0.765615 0.983934 0.893055 0.816930 0.885377 0.902115 0.974279 0.780507 0.758157 0.718684 0.763171 0.837458 0.891588 0.647893 0.707801 0.594355 0.675553 0.996551 0.885083 0.837771 0.819628 0.894361 0.881089 0.989696 0.931583 0.817869 0.914272 0.959717 0.974603 0.960484 0.945470 0.872847 0.931216 0.641967 0.733337 0.729365 0.704282 0.824988 0.872384 0.755512 0.841185 0.803056 0.759218 0.666223 0.739736 0.775947 0.862624 0.892271 0.727076 0.983083 0.794611 0.960232 0.814443 0.718091 0.751494 0.873611 0.800698 0.757206 0.917095
