0.000000 0.271196 0.602825 0.720560 0.923532 0.886317 0.579559 0.528405 0.904952 0.771559 0.317955 0.317946 0.507163 0.522580 0.564834 0.561114 0.306913 0.240597 0.396060 0.305014 0.792033 0.872176 0.548657 0.770940 0.782999 0.732439 0.922354 0.973710 0.284437 0.283780 0.494916 0.502079 0.427081 0.383857 0.725021 0.779904 0.537948 0.681504 0.759086 0.703058 0.666667 0.775539 0.604734 0.510609 0.615285 0.546973 0.566986 0.438285 0.798970 0.706020 0.727412 0.774100 0.768782 0.915873 0.675516 0.802969 0.344885 0.332016 0.520478 0.459561 0.353943 0.453283 0.281695 0.303560 0.666412 0.624235 0.591922 0.456941 0.371519 0.358052 0.526629 0.547177 0.502379 0.547080 0.801941 0.869802 0.547722 0.619459 0.535201 0.385525 0.289187 0.320435 0.474283 0.473409 0.590573 0.606909 0.850453 0.891818 0.873900 0.651081 0.959592 0.950552 0.874234 0.953538 0.530938 0.649829 0.592130 0.750630 0.594906 0.615955 0.783764 0.666168 0.569982 0.633375 0.557379 0.590226 0.845160 0.890300 0.953406 0.716612 0.789526 0.677779 0.704244 0.685604 0.816636 0.910161
0.271196 0.000000 0.791372 0.831014 0.913876 0.986603 0.676893 0.576883 0.887824 0.704928 0.382664 0.383240 0.734363 0.694071 0.711403 0.681404 0.192200 0.210015 0.460662 0.358753 0.870599 0.823573 0.666674 0.907694 0.973268 0.904843 0.836155 0.955005 0.311831 0.295180 0.576627 0.608075 0.477977 0.447282 0.824477 0.655968 0.707781 0.614201 0.894644 0.885322 0.754084 0.642693 0.588245 0.501679 0.572188 0.536818 0.637549 0.474986 0.655646 0.681965 0.692134 0.757967 0.786372 0.872160 0.855603 0.920302 0.194045 0.185722 0.538782 0.483588 0.517206 0.564938 0.236739 0.214766 0.900497 0.806580 0.634071 0.490298 0.471550 0.364447 0.458652 0.460736 0.543547 0.537067 0.872605 0.816302 0.560689 0.410796 0.523586 0.476658 0.269933 0.428199 0.434874 0.472252 0.759485 0.824882 0.731750 0.787941 0.978784 0.777002 0.875755 0.886937 0.811536 0.956262 0.595434 0.718928 0.652997 0.617517 0.547137 0.539899 0.732957 0.643478 0.490095 0.538488 0.544880 0.543608 0.725573 0.834356 0.953099 0.797905 0.706423 0.646503 0.730119 0.731527 0.796844 0.956147
0.602825 0.791372 0.000000 0.236823 0.929976 0.586625 0.225438 0.327532 0.626887 0.549737 0.603487 0.669878 0.496247 0.579046 0.600791 0.558881 0.812979 0.688912 0.462466 0.550678 0.677803 0.809438 0.373369 0.397264 0.577234 0.343983 0.863111 0.980066 0.790748 0.657173 0.354494 0.437472 0.378287 0.374512 0.581782 0.677341 0.640045 0.756132 0.484281 0.717962 0.950946 0.889343 0.368580 0.392996 0.431124 0.435375 0.404019 0.414055 0.668812 0.603246 0.579355 0.570977 0.588024 0.775414 0.638088 0.625727 0.909475 0.893209 0.530366 0.600125 0.470037 0.539696 0.752389 0.841991 0.333986 0.330375 0.301236 0.375358 0.795847 0.665654 0.487356 0.492177 0.623723 0.563032 0.747955 0.860020 0.502199 0.849837 0.597127 0.502017 0.722608 0.575446 0.879039 0.832300 0.620281 0.506523 0.854279 0.998050 0.855102 0.655290 0.553823 0.606273 0.560994 0.512202 0.651725 0.710469 0.376830 0.758047 0.499125 0.488357 0.584970 0.548378 0.651394 0.656231 0.471017 0.555889 0.681165 0.620439 0.958788 0.814225 0.805638 0.666178 0.522714 0.652238 0.677343 0.861453
0.720560 0.831014 0.236823 0.000000 0.967532 0.624888 0.300762 0.327058 0.669499 0.558449 0.682254 0.758015 0.624022 0.575252 0.625970 0.569397 0.875776 0.744475 0.493556 0.587130 0.673860 0.759606 0.416088 0.423476 0.624379 0.352091 0.813489 0.943706 0.802677 0.722853 0.439183 0.484892 0.408930 0.432228 0.607331 0.594976 0.673993 0.775328 0.586124 0.818496 0.970252 0.816269 0.414494 0.435408 0.495512 0.493750 0.424200 0.466698 0.653574 0.609095 0.634411 0.605797 0.650711 0.788689 0.689905 0.659885 0.940988 0.935442 0.542480 0.645602 0.631991 0.591729 0.851042 0.934434 0.380914 0.315371 0.328925 0.411134 0.854751 0.725401 0.468921 0.477187 0.715307 0.610044 0.853737 0.870357 0.471501 0.812684 0.627575 0.569391 0.810164 0.599408 0.921380 0.839330 0.665559 0.480101 0.900632 0.941542 0.857690 0.590698 0.503689 0.537505 0.505901 0.436193 0.780328 0.652881 0.428277 0.655549 0.526674 0.452991 0.529115 0.605039 0.695052 0.627138 0.509673 0.645250 0.714002 0.653759 0.972516 0.845175 0.797665 0.674298 0.515305 0.599629 0.752129 0.813856
0.923532 0.913876 0.929976 0.967532 0.000000 0.972420 0.957437 0.884839 0.945956 0.939923 0.986029 0.985120 0.966410 0.858965 0.926359 0.980278 0.859791 0.920685 0.978394 0.927285 0.881204 0.962457 0.948620 0.992845 0.918566 0.954487 0.946774 0.934946 0.955924 0.971555 0.946255 0.919263 0.989369 0.988591 0.995628 0.938693 0.762342 0.991743 0.873078 0.943406 0.872727 0.944282 0.867361 0.908931 0.854229 0.823020 0.977763 0.905563 0.696736 0.771387 0.828402 0.801852 0.826950 0.754800 0.986688 0.904220 0.875253 0.854268 0.843531 0.855681 0.923527 0.874052 0.835481 0.846395 0.989262 0.909189 0.904611 0.900041 0.994965 0.994810 0.828508 0.851850 0.978381 0.991281 0.965606 0.996058 0.939540 0.991066 0.804984 0.973131 0.832639 0.927205 0.885932 0.961294 0.987487 0.986122 0.940326 0.930354 0.988159 0.962539 0.840557 0.876561 0.841875 0.952644 0.954247 0.981530 0.948673 0.731208 0.889988 0.756935 0.858978 0.985731 0.978429 0.836747 0.908344 0.954681 0.784346 0.914360 0.699081 0.950972 0.891641 0.753424 0.738105 0.884793 0.909740 0.965050
0.886317 0.986603 0.586625 0.624888 0.972420 0.000000 0.594133 0.784574 0.781966 0.728389 0.931494 0.773440 0.586197 0.746478 0.680217 0.506003 0.948305 0.928007 0.704493 0.811316 0.794043 0.782080 0.615276 0.558624 0.771848 0.556586 0.779191 0.662155 0.965017 0.904271 0.742294 0.752089 0.677192 0.615403 0.764541 0.955178 0.970847 0.925143 0.761112 0.868918 0.992662 0.929909 0.654790 0.623701 0.838805 0.857965 0.839446 0.712724 0.985809 0.819011 0.867063 0.774731 0.809857 0.858289 0.859290 0.883705 0.887679 0.924770 0.908646 0.934301 0.830218 0.952309 0.967591 0.956321 0.671175 0.713105 0.736829 0.817143 0.993290 0.814137 0.835274 0.767460 0.858619 0.696514 0.770759 0.772316 0.812757 0.905279 0.830917 0.625355 0.918152 0.773587 0.944598 0.976516 0.721759 0.628282 0.871823 0.740098 0.983519 0.897494 0.706174 0.687465 0.733526 0.658059 0.769419 0.698178 0.730441 0.881978 0.790993 0.777909 0.982170 0.788241 0.908262 0.854821 0.717710 0.816136 0.918272 0.846458 0.986137 0.796341 0.923665 0.902088 0.746054 0.927015 0.877333 0.981899
0.579559 0.676893 0.225438 0.300762 0.957437 0.594133 0.000000 0.230114 0.556507 0.352371 0.623343 0.672433 0.536240 0.696955 0.642218 0.589555 0.712924 0.607342 0.409392 0.498984 0.725421 0.817575 0.308247 0.506488 0.762584 0.503182 0.975096 0.908747 0.731125 0.601761 0.331594 0.473508 0.314759 0.268028 0.550472 0.595050 0.649561 0.784981 0.703390 0.780358 0.950578 0.853739 0.219532 0.245364 0.269024 0.286817 0.393194 0.327493 0.493482 0.444351 0.437974 0.410556 0.453449 0.608536 0.692312 0.625993 0.755232 0.749440 0.376096 0.475370 0.413941 0.504509 0.616551 0.684039 0.465724 0.440017 0.233899 0.303887 0.890381 0.632790 0.344190 0.327825 0.689922 0.536346 0.834023 0.764746 0.388714 0.722819 0.508835 0.499094 0.660659 0.623993 0.871513 0.823516 0.732795 0.666473 0.959279 0.898590 0.864894 0.808225 0.375972 0.421125 0.403418 0.390970 0.608829 0.615632 0.325004 0.654437 0.293037 0.311634 0.458626 0.441658 0.494675 0.495119 0.356621 0.394194 0.524956 0.535523 0.841470 0.823412 0.692751 0.515987 0.439731 0.569529 0.594739 0.871699
0.528405 0.576883 0.327532 0.327058 0.884839 0.784574 0.230114 0.000000 0.583832 0.335515 0.498262 0.615959 0.619793 0.670059 0.729363 0.678039 0.611713 0.532097 0.441441 0.427206 0.841259 0.824238 0.431308 0.637106 0.927652 0.629571 0.880953 0.852188 0.614529 0.561485 0.457225 0.506420 0.369161 0.343931 0.658827 0.562202 0.677586 0.789087 0.822664 0.870778 0.860236 0.721471 0.339673 0.373242 0.341528 0.367006 0.497399 0.421298 0.510022 0.507442 0.530224 0.516295 0.567018 0.671471 0.781352 0.672903 0.636640 0.618561 0.366675 0.450177 0.440945 0.397823 0.555950 0.574212 0.582166 0.458740 0.301483 0.338136 0.802711 0.568465 0.326860 0.354291 0.731223 0.637988 0.887926 0.872971 0.412683 0.684023 0.571523 0.572019 0.613060 0.577814 0.830563 0.788294 0.817730 0.738931 0.974391 0.866574 0.812188 0.725855 0.375031 0.443953 0.383533 0.415156 0.582948 0.635177 0.327622 0.548976 0.275455 0.279114 0.374908 0.443135 0.436487 0.438531 0.367355 0.421540 0.520839 0.567700 0.877485 0.789372 0.631696 0.476411 0.402609 0.536056 0.632730 0.895433
0.904952 0.887824 0.626887 0.669499 0.945956 0.781966 0.556507 0.583832 0.000000 0.407497 0.990124 0.977970 0.832446 0.953591 0.986108 0.927960 0.840891 0.834936 0.973146 0.982600 0.992431 0.897535 0.819991 0.896679 0.911199 0.906129 0.892586 0.853929 0.830460 0.843841 0.790997 0.944219 0.892894 0.776173 0.889394 0.842348 0.976284 0.995599 0.990435 0.852463 0.804271 0.939915 0.632051 0.684032 0.656033 0.641661 0.841704 0.822687 0.593567 0.557158 0.555439 0.535758 0.512608 0.550488 0.979090 0.914351 0.784533 0.846060 0.580603 0.749981 0.769321 0.755844 0.965055 0.966397 0.900890 0.823415 0.726461 0.823206 0.767496 0.984380 0.775025 0.776880 0.856800 0.958550 0.981173 0.947508 0.825981 0.910219 0.932040 0.901641 0.784993 0.734609 0.721273 0.745984 0.762426 0.869307 0.968989 0.883358 0.838075 0.974836 0.524862 0.598735 0.654094 0.525002 0.806905 0.914922 0.692236 0.877542 0.596242 0.616125 0.747824 0.639705 0.731556 0.748690 0.744534 0.714651 0.620939 0.572751 0.964349 0.898927 0.839480 0.774095 0.679133 0.900561 0.630857 0.829765
0.771559 0.704928 0.549737 0.558449 0.939923 0.728389 0.352371 0.335515 0.407497 0.000000 0.762956 0.726194 0.633852 0.837400 0.782152 0.706963 0.764545 0.760407 0.620085 0.633056 0.905893 0.874909 0.540114 0.720087 0.832888 0.906400 0.844951 0.824489 0.792644 0.719006 0.656151 0.683173 0.588175 0.499800 0.843081 0.642764 0.860343 0.995545 0.956121 0.976576 0.911092 0.854723 0.404561 0.446103 0.475097 0.489715 0.664542 0.533544 0.466431 0.496290 0.538480 0.517782 0.560377 0.607093 0.909456 0.855214 0.803981 0.761738 0.463914 0.613033 0.610509 0.625618 0.701728 0.686299 0.891652 0.762647 0.565948 0.637014 0.997911 0.724879 0.475657 0.476371 0.913060 0.784251 0.902173 0.741583 0.558366 0.625225 0.653452 0.689310 0.797531 0.875621 0.993603 0.876062 0.932708 0.957231 0.913128 0.904551 0.848730 0.985811 0.386775 0.409760 0.477512 0.461563 0.597021 0.717712 0.432718 0.629396 0.328764 0.343934 0.512187 0.472977 0.471027 0.537515 0.561954 0.457030 0.552924 0.551200 0.854357 0.866588 0.796273 0.599133 0.543991 0.813153 0.647883 0.787998
0.317955 0.382664 0.603487 0.682254 0.986029 0.931494 0.623343 0.498262 0.990124 0.762956 0.000000 0.428204 0.551810 0.591933 0.688548 0.647729 0.467784 0.390928 0.461116 0.353671 0.942225 0.906574 0.704803 0.824778 0.878102 0.794494 0.930382 0.969605 0.427912 0.393972 0.622388 0.635184 0.542913 0.534939 0.820570 0.746441 0.634671 0.731535 0.818568 0.749720 0.685811 0.867117 0.703479 0.632118 0.691599 0.639155 0.741955 0.626350 0.870589 0.761718 0.803256 0.827047 0.799267 0.920037 0.747421 0.816833 0.490159 0.431393 0.587462 0.555352 0.466719 0.477116 0.422951 0.441321 0.746215 0.657667 0.655507 0.506029 0.420871 0.537699 0.586755 0.546026 0.590765 0.681887 0.831478 0.932491 0.560199 0.643241 0.627427 0.502531 0.457634 0.433106 0.702108 0.602184 0.781595 0.770241 0.927520 0.823926 0.877634 0.698310 0.885397 0.915937 0.821294 0.899337 0.643806 0.719805 0.656294 0.796665 0.645290 0.625466 0.769855 0.611669 0.576519 0.668850 0.569497 0.644913 0.816520 0.866551 0.994608 0.788827 0.771937 0.729626 0.719940 0.627866 0.806721 0.928641
0.317946 0.383240 0.669878 0.758015 0.985120 0.773440 0.672433 0.615959 0.977970 0.726194 0.428204 0.000000 0.396311 0.444857 0.450733 0.346100 0.391925 0.336942 0.483391 0.455167 0.822257 0.841098 0.480104 0.642088 0.807243 0.749537 0.989608 0.924430 0.331638 0.315000 0.598327 0.535376 0.478594 0.462087 0.883005 0.942931 0.724637 0.879661 0.842572 0.822516 0.849681 0.848670 0.652452 0.567329 0.763246 0.633783 0.705572 0.498302 0.861435 0.708108 0.745342 0.720285 0.769983 0.782120 0.800563 0.912900 0.532887 0.475490 0.652672 0.595531 0.369525 0.460597 0.308864 0.353500 0.704570 0.627846 0.750489 0.621202 0.579304 0.457310 0.636344 0.597456 0.455070 0.482508 0.683699 0.740102 0.622509 0.559735 0.573474 0.425626 0.382951 0.390356 0.548790 0.539440 0.546727 0.578660 0.831140 0.974451 0.931614 0.704747 0.957007 0.996706 0.936764 0.920833 0.579210 0.746502 0.659405 0.767706 0.713800 0.647057 0.864937 0.727064 0.695552 0.821174 0.539627 0.600899 0.886820 0.959706 0.887344 0.685126 0.899425 0.718016 0.722531 0.809584 0.742844 0.982999
0.507163 0.734363 0.496247 0.624022 0.966410 0.586197 0.536240 0.619793 0.832446 0.633852 0.551810 0.396311 0.000000 0.437593 0.454963 0.338016 0.792008 0.684430 0.510664 0.619495 0.779134 0.963984 0.478376 0.495760 0.794110 0.642950 0.867780 0.952893 0.616988 0.513462 0.646631 0.620262 0.571967 0.549107 0.925850 0.955586 0.741393 0.983676 0.679272 0.691953 0.954190 0.898296 0.639356 0.567423 0.814572 0.660801 0.675469 0.543506 0.907769 0.627115 0.710080 0.656384 0.679202 0.731226 0.723151 0.803895 0.926333 0.795827 0.645077 0.659767 0.379499 0.542420 0.596910 0.679227 0.586799 0.598647 0.778347 0.712150 0.661156 0.657129 0.746701 0.676571 0.579232 0.634331 0.815208 0.723287 0.685820 0.811585 0.632625 0.492034 0.716451 0.536109 0.830815 0.704708 0.635748 0.570653 0.927446 0.802027 0.729135 0.773331 0.907314 0.891174 0.977734 0.885234 0.639138 0.763596 0.598921 0.873018 0.740550 0.697181 0.851722 0.650119 0.741329 0.873890 0.666366 0.719177 0.928256 0.974753 0.883775 0.659356 0.965424 0.880586 0.737751 0.810337 0.802709 0.866226
0.522580 0.694071 0.579046 0.575252 0.858965 0.746478 0.696955 0.670059 0.953591 0.837400 0.591933 0.444857 0.437593 0.000000 0.320906 0.339624 0.760439 0.591817 0.445761 0.482453 0.702451 0.773986 0.491152 0.461397 0.725597 0.632006 0.927726 0.867416 0.505705 0.463790 0.590067 0.509543 0.523123 0.548541 0.994987 0.948578 0.795943 0.989682 0.679556 0.759939 0.924953 0.889967 0.744081 0.710063 0.977485 0.853009 0.643219 0.676386 0.893378 0.994788 0.943087 0.980051 0.989293 0.900692 0.685251 0.894652 0.859038 0.833357 0.864836 0.906994 0.620652 0.675061 0.727463 0.762137 0.562543 0.547677 0.821546 0.781712 0.633869 0.586230 0.777014 0.779527 0.585275 0.670929 0.823787 0.741339 0.657521 0.809733 0.696298 0.523882 0.682672 0.420751 0.608914 0.450600 0.499184 0.419600 0.992806 0.815108 0.867240 0.599439 0.996170 0.986858 0.994462 0.992470 0.698339 0.771685 0.737486 0.755583 0.876021 0.788590 0.805381 0.775333 0.877120 0.926910 0.763519 0.796901 0.919442 0.914652 0.878016 0.751052 0.935517 0.901717 0.818210 0.826690 0.884717 0.954780
0.564834 0.711403 0.600791 0.625970 0.926359 0.680217 0.642218 0.729363 0.986108 0.782152 0.688548 0.450733 0.454963 0.320906 0.000000 0.323870 0.707179 0.563134 0.450936 0.548012 0.720899 0.758057 0.367860 0.411919 0.659750 0.620501 0.826287 0.827503 0.537400 0.432840 0.473053 0.408729 0.468011 0.479971 0.887296 0.990643 0.786979 0.952369 0.734169 0.807899 0.952868 0.987929 0.648661 0.628690 0.890760 0.783837 0.646417 0.609536 0.991264 0.931182 0.999376 0.895452 0.948257 0.954234 0.766553 0.890404 0.886348 0.889474 0.834862 0.920063 0.635071 0.824611 0.704314 0.773367 0.654843 0.676095 0.787724 0.771590 0.694661 0.694016 0.714600 0.755023 0.536011 0.611290 0.814119 0.738610 0.664381 0.737847 0.523074 0.544560 0.643878 0.502913 0.608078 0.508633 0.559586 0.487786 0.991424 0.840235 0.971011 0.821214 0.996561 0.983176 0.952412 0.959717 0.729402 0.788646 0.721423 0.775043 0.835387 0.750662 0.935935 0.859127 0.908862 0.920750 0.723156 0.787302 0.975091 0.878456 0.935057 0.769972 0.934229 0.854603 0.778561 0.876938 0.870923 0.926547
0.561114 0.681404 0.558881 0.569397 0.980278 0.506003 0.589555 0.678039 0.927960 0.706963 0.647729 0.346100 0.338016 0.339624 0.323870 0.000000 0.692740 0.592255 0.404879 0.538406 0.698112 0.709583 0.352484 0.363068 0.644097 0.594460 0.865008 0.751253 0.539752 0.439410 0.543847 0.469315 0.443530 0.413959 0.918637 0.964632 0.798706 0.999773 0.724256 0.804613 0.945273 0.986375 0.570401 0.504010 0.826270 0.678078 0.605498 0.520344 0.917638 0.724068 0.806381 0.700653 0.779983 0.815687 0.693608 0.883908 0.884747 0.827237 0.706158 0.800090 0.536332 0.680760 0.629429 0.708781 0.565444 0.562175 0.744856 0.735107 0.735901 0.566918 0.684323 0.662181 0.535217 0.532056 0.706445 0.713098 0.636829 0.742417 0.586929 0.464414 0.658691 0.484023 0.738524 0.616638 0.520979 0.433395 0.800821 0.870664 0.978469 0.750583 0.910676 0.881962 0.974657 0.973801 0.710200 0.687958 0.655078 0.743259 0.758243 0.646333 0.914437 0.716311 0.811328 0.864792 0.625582 0.693030 0.971604 0.992883 0.897783 0.684966 0.980897 0.789611 0.679721 0.823541 0.834450 0.927525
0.306913 0.192200 0.812979 0.875776 0.859791 0.948305 0.712924 0.611713 0.840891 0.764545 0.467784 0.391925 0.792008 0.760439 0.707179 0.692740 0.000000 0.208127 0.492667 0.385227 0.870893 0.805599 0.663332 0.905662 0.885465 0.914412 0.859831 0.945149 0.342658 0.313410 0.592826 0.572406 0.496330 0.477014 0.847684 0.724249 0.740279 0.631357 0.931263 0.933773 0.760584 0.649631 0.600023 0.562341 0.597915 0.574496 0.656049 0.480495 0.686644 0.718038 0.731287 0.796927 0.841709 0.908681 0.883974 0.957953 0.217503 0.242003 0.557597 0.557603 0.553824 0.614528 0.258862 0.262067 0.896306 0.815482 0.661387 0.538098 0.480196 0.406958 0.533390 0.542574 0.528702 0.552243 0.813351 0.837643 0.613120 0.497416 0.509107 0.563150 0.246470 0.446809 0.416549 0.552100 0.728213 0.822176 0.751434 0.734117 0.984449 0.846662 0.955373 0.951857 0.888780 0.955255 0.672197 0.749309 0.679690 0.661570 0.628780 0.593808 0.794576 0.733517 0.539471 0.594409 0.556139 0.545564 0.792676 0.877189 0.985988 0.793379 0.783765 0.654881 0.746888 0.712847 0.804200 0.941866
0.240597 0.210015 0.688912 0.744475 0.920685 0.928007 0.607342 0.532097 0.834936 0.760407 0.390928 0.336942 0.684430 0.591817 0.563134 0.592255 0.208127 0.000000 0.364635 0.261934 0.819079 0.774978 0.525656 0.767451 0.823484 0.788969 0.924130 0.937888 0.255662 0.222464 0.500504 0.503147 0.408044 0.355772 0.739653 0.781336 0.654371 0.652547 0.828522 0.889214 0.681372 0.703347 0.546880 0.483407 0.583497 0.557768 0.642445 0.429430 0.739157 0.717661 0.768665 0.796975 0.823374 0.911500 0.826259 0.900453 0.243176 0.263722 0.574273 0.543395 0.494054 0.584603 0.261496 0.262045 0.798808 0.729831 0.596149 0.460760 0.492494 0.420604 0.472375 0.485411 0.489835 0.484570 0.853301 0.734991 0.531176 0.482182 0.505408 0.432328 0.249469 0.324331 0.419913 0.474562 0.631072 0.688136 0.823444 0.843523 0.972048 0.755912 0.855347 0.862004 0.780285 0.945652 0.573604 0.728962 0.655232 0.624432 0.569442 0.543647 0.762569 0.655411 0.528618 0.577104 0.488735 0.528575 0.758914 0.907638 0.967674 0.773298 0.787611 0.576701 0.681514 0.634439 0.823913 0.892103
0.396060 0.460662 0.462466 0.493556 0.978394 0.704493 0.409392 0.441441 0.973146 0.620085 0.461116 0.483391 0.510664 0.445761 0.450936 0.404879 0.492667 0.364635 0.000000 0.292194 0.680232 0.713966 0.394976 0.512567 0.689976 0.647838 0.970629 0.917507 0.393064 0.334893 0.406102 0.377446 0.331731 0.294495 0.787159 0.670826 0.623357 0.799100 0.703031 0.872914 0.874071 0.778452 0.436862 0.410820 0.572303 0.539265 0.498039 0.396735 0.746959 0.683042 0.781699 0.759539 0.829885 0.937642 0.826299 0.837580 0.538832 0.555102 0.527676 0.618112 0.559079 0.710774 0.498106 0.579179 0.652758 0.639512 0.517314 0.549117 0.592578 0.470849 0.464285 0.468526 0.579534 0.541423 0.806972 0.750655 0.501062 0.574304 0.546906 0.460783 0.531133 0.436792 0.700883 0.598913 0.698894 0.615213 0.885428 0.999436 0.916573 0.810970 0.743053 0.719451 0.735992 0.762992 0.710876 0.586647 0.555172 0.608461 0.529472 0.461266 0.651563 0.571081 0.545829 0.568118 0.530569 0.570770 0.842813 0.840569 0.970939 0.795318 0.824332 0.643515 0.581647 0.608159 0.814787 0.997245
0.305014 0.358753 0.550678 0.587130 0.927285 0.811316 0.498984 0.427206 0.982600 0.633056 0.353671 0.455167 0.619495 0.482453 0.548012 0.538406 0.385227 0.261934 0.292194 0.000000 0.756714 0.723634 0.489861 0.636697 0.814648 0.717122 0.879979 0.898860 0.365862 0.292893 0.459608 0.409649 0.384534 0.320651 0.710978 0.706586 0.641539 0.709402 0.744160 0.880444 0.717787 0.776632 0.511196 0.469611 0.597572 0.604931 0.582563 0.466785 0.799368 0.775381 0.853964 0.859925 0.858005 0.993555 0.818316 0.889789 0.413236 0.424925 0.568767 0.638441 0.571559 0.655441 0.439037 0.445616 0.740942 0.677119 0.560626 0.513531 0.536232 0.448254 0.490506 0.475057 0.590376 0.560777 0.780403 0.791053 0.501154 0.579777 0.567890 0.446670 0.430591 0.366349 0.595054 0.568241 0.726253 0.687003 0.836639 0.901263 0.920209 0.712275 0.754628 0.717132 0.706610 0.786547 0.570098 0.658543 0.596073 0.599997 0.511729 0.502511 0.661573 0.576672 0.493515 0.521982 0.519395 0.550873 0.818112 0.853472 0.993176 0.792246 0.743150 0.641525 0.648005 0.620661 0.799204 0.986658
0.792033 0.870599 0.677803 0.673860 0.881204 0.794043 0.725421 0.841259 0.992431 0.905893 0.942225 0.822257 0.779134 0.702451 0.720899 0.698112 0.870893 0.819079 0.680232 0.756714 0.000000 0.835290 0.639174 0.638432 0.624442 0.678469 0.815213 0.867043 0.926734 0.794901 0.680737 0.654188 0.719744 0.672227 0.807822 0.889611 0.790313 0.874260 0.624642 0.865405 0.888118 0.976503 0.745968 0.754991 0.842159 0.807643 0.592792 0.670547 0.949966 0.955463 0.948327 0.964494 0.974220 0.895937 0.887340 0.845787 0.848961 0.923558 0.828108 0.867917 0.812462 0.913446 0.814823 0.934986 0.661692 0.746608 0.732929 0.785117 0.904772 0.757177 0.907897 0.878497 0.771704 0.783632 0.787430 0.793687 0.846795 0.973437 0.791707 0.758417 0.883322 0.740923 0.816200 0.723344 0.724179 0.652833 0.979675 0.980254 0.938446 0.835271 0.960236 0.985686 0.958558 0.980315 0.985253 0.686586 0.794979 0.983116 0.970004 0.820654 0.998361 0.989669 0.829357 0.971149 0.991483 0.911392 0.936672 0.968936 0.948149 0.853320 0.919952 0.959348 0.966089 0.947511 0.897425 0.895162
0.872176 0.823573 0.809438 0.759606 0.962457 0.782080 0.817575 0.824238 0.897535 0.874909 0.906574 0.841098 0.963984 0.773986 0.758057 0.709583 0.805599 0.774978 0.713966 0.723634 0.835290 0.000000 0.784581 0.773538 0.821084 0.840322 0.886253 0.818652 0.833114 0.786351 0.717876 0.706957 0.726163 0.727535 0.742122 0.796759 0.932695 0.696471 0.931252 0.991846 0.924144 0.951135 0.747743 0.767321 0.829386 0.850319 0.872458 0.782253 0.932165 0.925047 0.991150 0.917577 0.952821 0.972525 0.975406 0.943598 0.915735 0.916674 0.857030 0.977076 0.999251 0.982507 0.918862 0.941163 0.869167 0.841189 0.806905 0.834932 0.932858 0.812617 0.753760 0.754222 0.827375 0.794081 0.946620 0.920856 0.870796 0.812693 0.931581 0.766337 0.877170 0.846183 0.888028 0.941254 0.939896 0.845347 0.965343 0.932900 0.978590 0.986817 0.792660 0.879032 0.850274 0.852190 0.867873 0.831709 0.905739 0.681367 0.805208 0.783776 0.892717 0.813608 0.787914 0.665357 0.781318 0.853140 0.985431 0.933123 0.864529 0.889119 0.909615 0.860013 0.889598 0.861006 0.974819 0.920493
0.548657 0.666674 0.373369 0.416088 0.948620 0.615276 0.308247 0.431308 0.819991 0.540114 0.704803 0.480104 0.478376 0.491152 0.367860 0.352484 0.663332 0.525656 0.394976 0.489861 0.639174 0.784581 0.000000 0.346395 0.617486 0.482524 0.950929 0.978893 0.591119 0.432041 0.300992 0.323052 0.277490 0.268106 0.630632 0.820481 0.646773 0.939755 0.673428 0.828957 0.982728 0.879159 0.318574 0.317965 0.472530 0.417265 0.403679 0.349609 0.655033 0.634068 0.642167 0.562117 0.633107 0.769013 0.632294 0.709571 0.770295 0.775693 0.564935 0.638934 0.430530 0.601157 0.579823 0.638290 0.473682 0.492565 0.413032 0.456115 0.832934 0.572959 0.443093 0.444283 0.529889 0.432259 0.741824 0.729229 0.421599 0.711679 0.481865 0.479041 0.576562 0.498744 0.654786 0.631223 0.532071 0.497404 0.973673 0.968912 0.990470 0.802056 0.640688 0.696263 0.678875 0.773750 0.578529 0.653846 0.419704 0.665500 0.515818 0.460090 0.699993 0.639139 0.627369 0.674909 0.422685 0.466492 0.676549 0.831138 0.905565 0.754684 0.752958 0.607071 0.531278 0.728006 0.665523 0.948012
0.770940 0.907694 0.397264 0.423476 0.992845 0.558624 0.506488 0.637106 0.896679 0.720087 0.824778 0.642088 0.495760 0.461397 0.411919 0.363068 0.905662 0.767451 0.512567 0.636697 0.638432 0.773538 0.346395 0.000000 0.564579 0.473873 0.870329 0.928048 0.819510 0.593599 0.492969 0.429020 0.478134 0.495270 0.814186 0.937452 0.816989 0.981831 0.530291 0.834436 0.962413 0.991214 0.588250 0.593726 0.788440 0.745214 0.563039 0.571554 0.935163 0.883635 0.914402 0.836616 0.907611 0.972236 0.798242 0.772594 0.946087 0.928578 0.873941 0.956967 0.689455 0.844703 0.913908 0.971170 0.489930 0.511666 0.640695 0.708661 0.888613 0.770824 0.704368 0.697376 0.595387 0.582945 0.802259 0.782060 0.630999 0.885596 0.655306 0.601338 0.808427 0.573309 0.850203 0.725332 0.564742 0.468812 0.937274 0.818062 0.940737 0.822130 0.780089 0.765227 0.846279 0.834749 0.774329 0.833888 0.591616 0.692188 0.785781 0.695719 0.792968 0.837754 0.871766 0.937539 0.769798 0.777126 0.884259 0.927278 0.986803 0.788327 0.943068 0.853425 0.736889 0.828523 0.925057 0.920627
0.782999 0.973268 0.577234 0.624379 0.918566 0.771848 0.762584 0.927652 0.911199 0.832888 0.878102 0.807243 0.794110 0.725597 0.659750 0.644097 0.885465 0.823484 0.689976 0.814648 0.624442 0.821084 0.617486 0.564579 0.000000 0.413254 0.620711 0.765132 0.876715 0.799563 0.546019 0.554977 0.628256 0.709697 0.598408 0.943066 0.760133 0.773554 0.520854 0.767954 0.965263 0.928608 0.788336 0.756060 0.815746 0.785929 0.618914 0.656318 0.986681 0.971798 0.933617 0.940747 0.973428 0.853908 0.746073 0.847258 0.984729 0.947391 0.901798 0.882953 0.784487 0.869252 0.897811 0.960704 0.423852 0.530642 0.645327 0.712672 0.756463 0.821165 0.954516 0.943897 0.566687 0.668960 0.676362 0.912665 0.806376 0.968065 0.797844 0.667684 0.813926 0.657721 0.731138 0.863489 0.479933 0.427441 0.871106 0.902863 0.886345 0.687866 0.805347 0.755668 0.868324 0.879136 0.913350 0.882288 0.795830 0.947364 0.907661 0.998226 0.964678 0.991308 0.901954 0.900862 0.858993 0.941632 0.906964 0.955848 0.913476 0.986189 0.940150 0.939682 0.979545 0.818888 0.906138 0.919616
0.732439 0.904843 0.343983 0.352091 0.954487 0.556586 0.503182 0.629571 0.906129 0.906400 0.794494 0.749537 0.642950 0.632006 0.620501 0.594460 0.914412 0.788969 0.647838 0.717122 0.678469 0.840322 0.482524 0.473873 0.413254 0.000000 0.632998 0.823549 0.897607 0.784284 0.462830 0.506742 0.485804 0.551717 0.595917 0.789843 0.794737 0.780867 0.472018 0.676019 0.971351 0.789802 0.562408 0.537739 0.662143 0.656139 0.524135 0.552627 0.845465 0.758317 0.728150 0.714704 0.750205 0.902156 0.641804 0.682793 0.987413 0.986358 0.740218 0.749953 0.666291 0.713197 0.876955 0.999532 0.290919 0.322607 0.429284 0.490664 0.864422 0.743928 0.708446 0.605579 0.595132 0.529840 0.746437 0.996896 0.688096 0.960030 0.687745 0.575487 0.786268 0.538268 0.788337 0.834429 0.480268 0.320896 0.883143 0.774812 0.933665 0.564472 0.792117 0.838232 0.772793 0.675525 0.853697 0.800346 0.588945 0.863120 0.815850 0.721247 0.783941 0.713595 0.898713 0.872791 0.570524 0.790052 0.842548 0.891875 0.890904 0.836559 0.934529 0.897452 0.685291 0.756050 0.869873 0.902621
0.922354 0.836155 0.863111 0.813489 0.946774 0.779191 0.975096 0.880953 0.892586 0.844951 0.930382 0.989608 0.867780 0.927726 0.826287 0.865008 0.859831 0.924130 0.970629 0.879979 0.815213 0.886253 0.950929 0.870329 0.620711 0.632998 0.000000 0.707300 0.963578 0.874543 0.891543 0.998607 0.987002 0.924945 0.975676 0.833109 0.903927 0.978964 0.788824 0.858264 0.868932 0.986155 0.945748 0.955948 0.890441 0.937407 0.953233 0.975329 0.995256 0.969560 0.971425 0.963183 0.984997 0.900129 0.820843 0.835260 0.792333 0.790931 0.938033 0.976314 0.973953 0.964295 0.879346 0.761379 0.668286 0.728667 0.960109 0.963492 0.953538 0.965804 0.823456 0.829408 0.965538 0.969382 0.746764 0.947391 0.982907 0.819013 0.984411 0.917620 0.948654 0.830952 0.960096 0.999241 0.586797 0.579268 0.949181 0.694000 0.909918 0.745012 0.839344 0.922350 0.919077 0.945839 0.852875 0.989512 0.881824 0.716005 0.734695 0.857800 0.867108 0.922373 0.671307 0.759700 0.919091 0.740108 0.815886 0.810492 0.834648 0.991516 0.770383 0.833032 0.868223 0.986092 0.914974 0.972351
0.973710 0.955005 0.980066 0.943706 0.934946 0.662155 0.908747 0.852188 0.853929 0.824489 0.969605 0.924430 0.952893 0.867416 0.827503 0.751253 0.945149 0.937888 0.917507 0.898860 0.867043 0.818652 0.978893 0.928048 0.765132 0.823549 0.707300 0.000000 0.992637 0.958695 0.986354 0.916889 0.937450 0.957758 0.882531 0.981743 0.907414 0.987505 0.868670 0.908799 0.918614 0.974489 0.970036 0.974255 0.874068 0.944636 0.992302 0.995791 0.891990 0.967294 0.926224 0.951343 0.950973 0.921309 0.986142 0.827696 0.975343 0.949789 0.971128 0.932365 0.907148 0.868430 0.972562 0.970010 0.925822 0.999725 0.956160 0.945741 0.864122 0.916778 0.970780 0.864401 0.960222 0.897014 0.845297 0.951548 0.950108 0.994088 0.988968 0.873307 0.976058 0.882527 0.894476 0.983623 0.845142 0.768693 0.759908 0.881117 0.756248 0.818495 0.846924 0.879838 0.828556 0.900146 0.811333 0.836940 0.938293 0.960880 0.902599 0.930461 0.758094 0.879685 0.884739 0.988303 0.990689 0.903224 0.828746 0.735112 0.858124 0.929884 0.903092 0.823706 0.928450 0.916591 0.982725 0.944811
0.284437 0.311831 0.790748 0.802677 0.955924 0.965017 0.731125 0.614529 0.830460 0.792644 0.427912 0.331638 0.616988 0.505705 0.537400 0.539752 0.342658 0.255662 0.393064 0.365862 0.926734 0.833114 0.591119 0.819510 0.876715 0.897607 0.963578 0.992637 0.000000 0.258977 0.608587 0.536195 0.535535 0.460931 0.862085 0.877340 0.622511 0.768036 0.902290 0.940318 0.686088 0.743563 0.682946 0.618097 0.761358 0.684771 0.731293 0.541462 0.811906 0.801762 0.879327 0.876444 0.924770 0.963853 0.769933 0.837813 0.382666 0.389861 0.669637 0.605500 0.540291 0.614822 0.353800 0.338108 0.877667 0.790585 0.761804 0.665487 0.465347 0.409451 0.562926 0.621841 0.520767 0.616883 0.813945 0.821329 0.592797 0.481622 0.686566 0.483689 0.329728 0.382856 0.513834 0.473651 0.665071 0.702749 0.798283 0.942948 0.968876 0.721781 0.982735 0.946323 0.939594 0.971896 0.627942 0.743812 0.709741 0.711469 0.682804 0.664613 0.821633 0.695269 0.658629 0.691254 0.623640 0.658351 0.942209 0.998933 0.939366 0.672741 0.788032 0.635043 0.741760 0.663953 0.865437 0.864725
0.283780 0.295180 0.657173 0.722853 0.971555 0.904271 0.601761 0.561485 0.843841 0.719006 0.393972 0.315000 0.513462 0.463790 0.432840 0.439410 0.313410 0.222464 0.334893 0.292893 0.794901 0.786351 0.432041 0.593599 0.799563 0.784284 0.874543 0.958695 0.258977 0.000000 0.446609 0.413168 0.367053 0.354585 0.802778 0.797732 0.625293 0.741768 0.721941 0.911434 0.741754 0.791973 0.531724 0.473522 0.654477 0.592057 0.637976 0.449704 0.808573 0.738319 0.816443 0.795369 0.854995 0.927702 0.760025 0.871012 0.393884 0.375726 0.663522 0.612980 0.471542 0.605495 0.335925 0.322440 0.784656 0.719259 0.662528 0.542670 0.464602 0.412168 0.485231 0.505952 0.415143 0.420735 0.851683 0.720121 0.546750 0.485604 0.522127 0.448989 0.330141 0.331406 0.467276 0.406164 0.664024 0.671340 0.844371 0.897324 0.981817 0.788526 0.899611 0.903333 0.899001 0.967768 0.558022 0.709294 0.583115 0.615327 0.601015 0.548939 0.750252 0.641766 0.564798 0.662030 0.584196 0.527418 0.843874 0.942886 0.975996 0.703419 0.797939 0.602440 0.662535 0.640609 0.839472 0.971121
0.494916 0.576627 0.354494 0.439183 0.946255 0.742294 0.331594 0.457225 0.790997 0.656151 0.622388 0.598327 0.646631 0.590067 0.473053 0.543847 0.592826 0.500504 0.406102 0.459608 0.680737 0.717876 0.300992 0.492969 0.546019 0.462830 0.891543 0.986354 0.608587 0.446609 0.000000 0.289076 0.254571 0.287826 0.546389 0.664514 0.587591 0.700501 0.600128 0.745493 0.889112 0.816382 0.296085 0.289637 0.370854 0.371135 0.388812 0.339228 0.638069 0.646941 0.590990 0.574712 0.626781 0.805191 0.696019 0.744335 0.677440 0.701610 0.534458 0.585339 0.474665 0.631259 0.568377 0.615948 0.527431 0.546019 0.351654 0.380358 0.787400 0.562922 0.412052 0.398487 0.453209 0.394587 0.755570 0.783499 0.444599 0.660028 0.475471 0.445249 0.587944 0.589060 0.599213 0.657802 0.707953 0.619280 0.915031 0.851356 0.963044 0.781482 0.709819 0.801536 0.744939 0.782448 0.669884 0.697142 0.421329 0.666785 0.474665 0.504437 0.679633 0.602807 0.585341 0.584400 0.457006 0.503152 0.639123 0.682773 0.947969 0.820217 0.645877 0.626607 0.535360 0.621056 0.580408 0.971134
0.502079 0.608075 0.437472 0.484892 0.919263 0.752089 0.473508 0.506420 0.944219 0.683173 0.635184 0.535376 0.620262 0.509543 0.408729 0.469315 0.572406 0.503147 0.377446 0.409649 0.654188 0.706957 0.323052 0.429020 0.554977 0.506742 0.998607 0.916889 0.536195 0.413168 0.289076 0.000000 0.340418 0.373110 0.617281 0.781162 0.610505 0.837696 0.613328 0.855135 0.946693 0.744218 0.470417 0.492293 0.589277 0.621586 0.500382 0.494385 0.808662 0.893481 0.872892 0.856678 0.921170 0.938307 0.741968 0.820162 0.695053 0.751417 0.692735 0.804737 0.601193 0.759416 0.625707 0.679615 0.599334 0.612635 0.530563 0.590267 0.709033 0.548985 0.562887 0.558796 0.459666 0.503878 0.702724 0.901787 0.587927 0.684648 0.584316 0.555055 0.558470 0.500120 0.636026 0.690975 0.670201 0.597658 0.983225 0.981738 0.965546 0.823720 0.843574 0.891015 0.860001 0.877048 0.725018 0.729012 0.473939 0.665061 0.619865 0.627443 0.753355 0.730721 0.641284 0.615301 0.580155 0.647267 0.843065 0.853248 0.938350 0.717638 0.779846 0.680391 0.652473 0.731105 0.715715 0.914386
0.427081 0.477977 0.378287 0.408930 0.989369 0.677192 0.314759 0.369161 0.892894 0.588175 0.542913 0.478594 0.571967 0.523123 0.468011 0.443530 0.496330 0.408044 0.331731 0.384534 0.719744 0.726163 0.277490 0.478134 0.628256 0.485804 0.987002 0.937450 0.535535 0.367053 0.254571 0.340418 0.000000 0.232518 0.609153 0.602867 0.606687 0.703942 0.682026 0.824358 0.938196 0.772018 0.272371 0.253960 0.353137 0.340840 0.344550 0.314063 0.600075 0.582940 0.568469 0.530442 0.618125 0.765946 0.644519 0.679115 0.591763 0.576359 0.489513 0.511131 0.412188 0.484387 0.462527 0.538909 0.454233 0.433818 0.307553 0.322187 0.737089 0.460543 0.349586 0.359514 0.492870 0.370956 0.799133 0.767647 0.380904 0.649557 0.436451 0.440678 0.490828 0.441280 0.580461 0.601234 0.561763 0.506612 0.960352 0.899382 0.998324 0.725329 0.615163 0.686380 0.611001 0.713871 0.621543 0.635875 0.401959 0.580366 0.420930 0.398605 0.536633 0.530573 0.564685 0.576893 0.340124 0.399514 0.679099 0.679824 0.986829 0.766731 0.658152 0.585992 0.472722 0.632890 0.596035 0.886458
0.383857 0.447282 0.374512 0.432228 0.988591 0.615403 0.268028 0.343931 0.776173 0.499800 0.534939 0.462087 0.549107 0.548541 0.479971 0.413959 0.477014 0.355772 0.294495 0.320651 0.672227 0.727535 0.268106 0.495270 0.709697 0.551717 0.924945 0.957758 0.460931 0.354585 0.287826 0.373110 0.232518 0.000000 0.596158 0.685132 0.594549 0.706731 0.703627 0.845159 0.837085 0.824144 0.276553 0.237486 0.376397 0.352933 0.410700 0.302777 0.579595 0.533822 0.562459 0.540296 0.608961 0.747568 0.679138 0.696438 0.546439 0.552564 0.426157 0.503744 0.417279 0.555660 0.432476 0.489458 0.557282 0.535949 0.351963 0.345058 0.728855 0.453272 0.365410 0.365301 0.569780 0.458253 0.821228 0.727487 0.403394 0.580757 0.436637 0.380793 0.460827 0.443564 0.635346 0.593133 0.623451 0.571715 0.845201 0.847289 0.985461 0.805696 0.602952 0.590270 0.609505 0.657433 0.528142 0.596161 0.442945 0.561305 0.388570 0.374729 0.640947 0.517823 0.506771 0.516291 0.361951 0.397655 0.656826 0.660798 0.969814 0.712705 0.665768 0.516481 0.489581 0.580995 0.644610 0.990718
0.725021 0.824477 0.581782 0.607331 0.995628 0.764541 0.550472 0.658827 0.889394 0.843081 0.820570 0.883005 0.925850 0.994987 0.887296 0.918637 0.847684 0.739653 0.787159 0.710978 0.807822 0.742122 0.630632 0.814186 0.598408 0.595917 0.975676 0.882531 0.862085 0.802778 0.546389 0.617281 0.609153 0.596158 0.000000 0.747777 0.659428 0.685091 0.738500 0.884051 0.973906 0.955369 0.573839 0.590960 0.474618 0.572122 0.644195 0.587667 0.742517 0.715643 0.695445 0.693042 0.740876 0.856269 0.770884 0.750280 0.795650 0.805491 0.695015 0.642975 0.692916 0.734827 0.730640 0.779891 0.662227 0.663023 0.462544 0.478709 0.870425 0.822306 0.633471 0.617222 0.761186 0.650806 0.907429 0.986935 0.697645 0.839296 0.737422 0.681262 0.700204 0.751492 0.916135 0.989233 0.795120 0.780158 0.848610 0.815947 0.966410 0.781242 0.700327 0.843635 0.675936 0.695783 0.764145 0.821231 0.642516 0.839801 0.615532 0.699471 0.750145 0.825805 0.806173 0.677431 0.589258 0.641796 0.748886 0.738243 0.818514 0.905439 0.614712 0.691904 0.773134 0.749705 0.861274 0.844110
0.779904 0.655968 0.677341 0.594976 0.938693 0.955178 0.595050 0.562202 0.842348 0.642764 0.746441 0.942931 0.955586 0.948578 0.990643 0.964632 0.724249 0.781336 0.670826 0.706586 0.889611 0.796759 0.820481 0.937452 0.943066 0.789843 0.833109 0.981743 0.877340 0.797732 0.664514 0.781162 0.602867 0.685132 0.747777 0.000000 0.791788 0.525003 0.875860 0.912550 0.983172 0.824167 0.583081 0.587661 0.481820 0.592999 0.589354 0.629061 0.632285 0.640143 0.680090 0.709043 0.802103 0.863622 0.850603 0.920245 0.690500 0.647534 0.599846 0.629941 0.837303 0.705899 0.754544 0.757257 0.767893 0.706549 0.462220 0.491600 0.860530 0.725218 0.477907 0.492106 0.869874 0.771584 0.945849 0.858540 0.570217 0.676194 0.727001 0.872908 0.739900 0.806231 0.848517 0.842699 0.975217 0.911295 0.800393 0.868407 0.901783 0.805874 0.599724 0.650444 0.574587 0.607952 0.936231 0.647178 0.685206 0.623745 0.522375 0.480778 0.523471 0.599148 0.659637 0.545997 0.643416 0.629359 0.684803 0.640712 0.938218 0.994253 0.693636 0.696572 0.628242 0.633625 0.715917 0.790243
0.537948 0.707781 0.640045 0.673993 0.762342 0.970847 0.649561 0.677586 0.976284 0.860343 0.634671 0.724637 0.741393 0.795943 0.786979 0.798706 0.740279 0.654371 0.623357 0.641539 0.790313 0.932695 0.646773 0.816989 0.760133 0.794737 0.903927 0.907414 0.622511 0.625293 0.587591 0.610505 0.606687 0.594549 0.659428 0.791788 0.000000 0.742689 0.692965 0.865779 0.831147 0.942453 0.715079 0.650018 0.663247 0.656807 0.640921 0.604779 0.862942 0.766293 0.798651 0.834042 0.873454 0.962907 0.787245 0.824457 0.725321 0.751447 0.685404 0.673345 0.633354 0.694879 0.672438 0.716623 0.740881 0.742635 0.648444 0.607888 0.750065 0.684840 0.634184 0.732656 0.695164 0.680977 0.914759 0.912824 0.596227 0.774675 0.746535 0.704275 0.706510 0.693377 0.831692 0.836191 0.837012 0.807893 0.941110 0.762101 0.937845 0.789098 0.945480 0.897764 0.886610 0.918139 0.799149 0.707292 0.732429 0.878243 0.697850 0.752620 0.940722 0.771985 0.624166 0.754316 0.628871 0.705197 0.931607 0.841220 0.910727 0.781926 0.764345 0.708371 0.741670 0.819582 0.766186 0.806112
0.681504 0.614201 0.756132 0.775328 0.991743 0.925143 0.784981 0.789087 0.995599 0.995545 0.731535 0.879661 0.983676 0.989682 0.952369 0.999773 0.631357 0.652547 0.799100 0.709402 0.874260 0.696471 0.939755 0.981831 0.773554 0.780867 0.978964 0.987505 0.768036 0.741768 0.700501 0.837696 0.703942 0.706731 0.685091 0.525003 0.742689 0.000000 0.735734 0.900977 0.804131 0.910838 0.718428 0.667676 0.574238 0.637668 0.679764 0.680778 0.747746 0.644531 0.645773 0.707712 0.739573 0.806945 0.816686 0.786229 0.616961 0.619813 0.706970 0.640596 0.781919 0.760869 0.649673 0.691896 0.768393 0.735188 0.590581 0.508097 0.749151 0.683541 0.611213 0.649209 0.695909 0.674958 0.973069 0.906113 0.813882 0.716987 0.837314 0.803662 0.678907 0.751499 0.762516 0.884615 0.862763 0.833261 0.873609 0.869692 0.967564 0.865946 0.866009 0.879017 0.823339 0.832598 0.913917 0.742217 0.821237 0.763568 0.747615 0.735383 0.784514 0.709716 0.733121 0.706635 0.744247 0.700978 0.794888 0.801550 0.850050 0.977352 0.645437 0.749756 0.846341 0.655709 0.839459 0.842306
