0.000000 0.381907 0.875012 0.704223 0.865670 0.532827 0.558479 0.412564 0.783543 0.715993 0.411996 0.359570 0.541561 0.487654 0.874752 0.545725 0.373936 0.360185 0.411850 0.375287 0.921588 0.921798 0.880850 0.847311 0.950228 0.853594 0.987728 0.905725 0.508641 0.471499 0.679468 0.562261 0.442592 0.418270 0.787186 0.906214 0.708415 0.842528 0.999541 0.886423 0.855424 0.888457 0.532638 0.486336 0.543202 0.572260 0.586212 0.638699 0.778668 0.729202 0.743956 0.799544 0.890685 0.883094 0.928596 0.849337 0.320041 0.480072 0.495354 0.890524 0.520451 0.625896 0.443347 0.484284 0.999925 0.703954 0.535777 0.588493 0.750389 0.668237 0.617394 0.628896 0.752174 0.640032 0.918195 0.696810 0.625838 0.741228 0.710544 0.619084 0.400384 0.456006 0.622135 0.734203 0.801391 0.803310 0.993876 0.904714 0.950684 0.935747 0.556172 0.795926 0.615377 0.813019 0.752700 0.764022 0.713899 0.716002 0.436157 0.485230 0.585790 0.608564 0.504705 0.543935 0.655355 0.792952 0.921565 0.839650 0.952175 0.929937 0.927368 0.607778 0.733530 0.854927 0.800637 0.972142
0.381907 0.000000 0.861098 0.947888 0.986815 0.717874 0.800528 0.570539 0.960816 0.713637 0.723716 0.430925 0.880667 0.753054 0.909551 0.684746 0.273002 0.284012 0.648949 0.512830 0.980612 0.934351 0.862853 0.982563 0.990746 0.936647 0.991132 0.918365 0.470927 0.405716 0.896237 0.745060 0.649335 0.637333 0.913369 0.960093 0.851280 0.894621 0.941546 0.792041 0.774851 0.873182 0.614461 0.554074 0.486489 0.438830 0.712124 0.684255 0.547566 0.572355 0.541888 0.627251 0.839474 0.832862 0.861089 0.796380 0.237755 0.238178 0.708739 0.737430 0.814852 0.503398 0.698912 0.434905 0.758876 0.783165 0.758447 0.731641 0.549765 0.539929 0.811566 0.844577 0.729470 0.672322 0.743521 0.698587 0.744191 0.803155 0.575678 0.525854 0.276838 0.367614 0.624183 0.561088 0.951862 0.873614 0.925067 0.956000 0.998433 0.941525 0.758527 0.965147 0.791101 0.968181 0.617994 0.922710 0.570659 0.768389 0.521710 0.603287 0.773222 0.791646 0.517194 0.679499 0.755532 0.871481 0.982381 0.941820 0.974780 0.832647 0.757915 0.505124 0.788445 0.785767 0.654240 0.898417
0.875012 0.861098 0.000000 0.258053 0.899191 0.860959 0.295862 0.450047 0.691566 0.817009 0.540639 0.921097 0.408387 0.505138 0.495235 0.588072 0.809642 0.946127 0.445508 0.655231 0.873111 0.999149 0.306390 0.422870 0.627613 0.446906 0.967832 0.887572 0.872842 0.990381 0.372909 0.429721 0.527617 0.461940 0.599520 0.781027 0.845869 0.969831 0.847359 0.860724 0.893743 0.717052 0.603262 0.653336 0.766275 0.833941 0.640692 0.599161 0.965223 0.978009 0.950203 0.965797 0.904642 0.854501 0.712079 0.921962 0.852750 0.729380 0.695022 0.946129 0.487787 0.953611 0.736834 0.743217 0.316207 0.528292 0.424421 0.512186 0.777339 0.779759 0.638379 0.573172 0.984937 0.846946 0.931390 0.886183 0.666075 0.691025 0.939742 0.888938 0.773338 0.988125 0.838331 0.773642 0.419878 0.573267 0.689451 0.730101 0.931153 0.950510 0.597595 0.628334 0.685822 0.631741 0.897739 0.912272 0.998368 0.982865 0.726809 0.644045 0.656818 0.635786 0.923722 0.848673 0.775945 0.777797 0.999745 0.818519 0.884007 0.782240 0.935926 0.933599 0.844293 0.973371 0.997311 0.804110
0.704223 0.947888 0.258053 0.000000 0.956683 0.739628 0.258579 0.321410 0.705757 0.813117 0.417017 0.724603 0.369731 0.379523 0.560803 0.558209 0.995641 0.850479 0.328053 0.471603 0.951493 0.961986 0.340358 0.308840 0.597329 0.480718 0.950983 0.756802 0.742118 0.859796 0.324119 0.355236 0.402263 0.351821 0.560048 0.743034 0.820081 0.971214 0.814002 0.901833 0.936209 0.745017 0.523381 0.559292 0.692471 0.769927 0.545017 0.528925 0.979624 0.935236 0.896654 0.953004 0.903476 0.880719 0.713208 0.852257 0.931455 0.890683 0.639713 0.981840 0.446626 0.925985 0.603271 0.902704 0.398340 0.437768 0.346461 0.403099 0.893402 0.872539 0.601266 0.542117 0.880251 0.745596 0.832595 0.834445 0.621027 0.648420 0.891273 0.836363 0.976713 0.790261 0.720915 0.880578 0.406975 0.475347 0.728942 0.679750 0.850521 0.825508 0.550409 0.649244 0.646530 0.682816 0.878694 0.839091 0.936881 0.911301 0.631553 0.521458 0.555632 0.532669 0.789197 0.690074 0.707709 0.736102 0.939449 0.866768 0.819178 0.792655 0.883201 0.877197 0.808099 0.965658 0.971551 0.776073
0.865670 0.986815 0.899191 0.956683 0.000000 0.892654 0.880282 0.880539 0.797948 0.777429 0.906653 0.891642 0.811055 0.827754 0.743555 0.819534 0.966206 0.915288 0.888565 0.899461 0.838970 0.905714 0.863520 0.910466 0.985993 0.992268 0.968167 0.964051 0.938037 0.922451 0.890178 0.934605 0.826368 0.819133 0.858837 0.918329 0.780677 0.835023 0.898916 0.975439 0.873589 0.984930 0.823561 0.882842 0.899347 0.935991 0.908791 0.845052 0.987854 0.980667 0.842948 0.794760 0.793201 0.780113 0.967836 0.957188 0.949205 0.968156 0.692916 0.853477 0.763306 0.952473 0.775792 0.863205 0.891834 0.941919 0.771786 0.805985 0.795890 0.895420 0.818993 0.738309 0.901232 0.923332 0.874649 0.910176 0.970521 0.977065 0.962790 0.972953 0.946947 0.908903 0.915668 0.976045 0.970321 0.949191 0.958625 0.787188 0.786938 0.813669 0.701409 0.728030 0.716924 0.692737 0.935211 0.971156 0.880161 0.983237 0.771272 0.870609 0.945086 0.935659 0.724214 0.774596 0.950583 0.680185 0.807725 0.688887 0.924410 0.996032 0.964439 0.841095 0.817171 0.841545 0.762424 0.836253
0.532827 0.717874 0.860959 0.739628 0.892654 0.000000 0.605852 0.537324 0.621944 0.675221 0.574769 0.600297 0.691373 0.748946 0.922211 0.695210 0.664653 0.605567 0.560614 0.595366 0.833389 0.891020 0.920468 0.874790 0.986153 0.813688 0.982598 0.831247 0.778717 0.727079 0.822185 0.667487 0.630784 0.565330 0.924579 0.966739 0.937539 0.887510 0.969822 0.987344 0.948909 0.936194 0.517201 0.556077 0.583722 0.597082 0.670665 0.629619 0.809833 0.739764 0.804779 0.805126 0.876616 0.798120 0.998326 0.911662 0.630999 0.855410 0.754672 0.873876 0.617101 0.716415 0.757303 0.792801 0.936717 0.674470 0.645655 0.596149 0.925398 0.984248 0.734962 0.787921 0.818960 0.696719 0.951986 0.767062 0.663497 0.682711 0.653521 0.735124 0.713818 0.657145 0.969280 0.982990 0.948824 0.911280 0.922801 0.947058 0.992507 0.976573 0.593527 0.729042 0.689977 0.733089 0.958312 0.903605 0.777147 0.897365 0.532154 0.621560 0.688032 0.606200 0.575099 0.549458 0.881824 0.856392 0.871717 0.920625 0.941895 0.914211 0.896867 0.686346 0.854924 0.751342 0.941381 0.869773
0.558479 0.800528 0.295862 0.258579 0.880282 0.605852 0.000000 0.223320 0.567044 0.563532 0.376941 0.626776 0.352187 0.403596 0.530374 0.460704 0.847543 0.693644 0.277422 0.438222 0.876794 0.871805 0.384402 0.505424 0.767526 0.498553 0.976754 0.867782 0.641985 0.746401 0.382690 0.368968 0.357482 0.309437 0.661074 0.784533 0.765492 0.952967 0.918955 0.917277 0.986072 0.807799 0.359569 0.426530 0.478399 0.554355 0.500971 0.431698 0.858209 0.767134 0.739556 0.743641 0.757010 0.679893 0.783613 0.807954 0.800013 0.969834 0.534767 0.955762 0.379212 0.825812 0.608250 0.979529 0.468103 0.439485 0.294204 0.375849 0.921613 0.985006 0.466693 0.434465 0.832413 0.706072 0.901135 0.778269 0.464583 0.586098 0.803234 0.722655 0.910779 0.772883 0.752246 0.899193 0.496346 0.634280 0.786832 0.841858 0.986595 0.970188 0.380849 0.489921 0.497347 0.518310 0.777783 0.812509 0.784365 0.847159 0.433158 0.384562 0.493019 0.427714 0.642634 0.601197 0.708691 0.618503 0.933701 0.787420 0.902078 0.847667 0.862063 0.712413 0.649674 0.899948 0.843341 0.901771
0.412564 0.570539 0.450047 0.321410 0.880539 0.537324 0.223320 0.000000 0.590725 0.538521 0.329987 0.454643 0.413152 0.370499 0.678060 0.456362 0.623755 0.500174 0.242343 0.307847 0.947445 0.883990 0.521798 0.540625 0.803585 0.546280 0.924839 0.876284 0.486746 0.592515 0.407664 0.356494 0.292805 0.265252 0.705758 0.802570 0.704725 0.938813 0.888174 0.958681 0.916111 0.886829 0.330542 0.381623 0.395724 0.459914 0.481110 0.445572 0.740752 0.683894 0.642194 0.703693 0.731438 0.699521 0.794929 0.776510 0.572865 0.731044 0.515409 0.901822 0.402167 0.663390 0.522239 0.779003 0.652053 0.451950 0.333510 0.349693 0.927206 0.869749 0.486580 0.428795 0.732851 0.572615 0.782530 0.695222 0.458085 0.582143 0.693066 0.651900 0.694078 0.584242 0.665695 0.913473 0.612443 0.655592 0.860540 0.856096 0.971094 0.928097 0.401326 0.582093 0.494807 0.645153 0.738264 0.815876 0.664057 0.793412 0.371507 0.342922 0.450931 0.442059 0.518987 0.513756 0.673169 0.660568 0.972332 0.781692 0.847555 0.914420 0.822107 0.660584 0.634406 0.849257 0.795830 0.949926
0.783543 0.960816 0.691566 0.705757 0.797948 0.621944 0.567044 0.590725 0.000000 0.476526 0.676632 0.795565 0.655131 0.755953 0.701916 0.629824 0.863243 0.829188 0.738652 0.732157 0.864049 0.902324 0.761759 0.940660 0.920234 0.792838 0.951888 0.769029 0.738019 0.782818 0.764301 0.785211 0.699420 0.651761 0.971470 0.862393 0.844361 0.777177 0.950650 0.864375 0.972860 0.912139 0.599950 0.619090 0.648080 0.704281 0.811386 0.733237 0.893342 0.852630 0.764587 0.700069 0.643884 0.554928 0.919518 0.922484 0.926456 0.963759 0.622770 0.920596 0.611726 0.919585 0.786910 0.948368 0.797871 0.849219 0.690471 0.766229 0.900078 0.984201 0.648825 0.544387 0.780880 0.802132 0.938499 0.920821 0.559072 0.709786 0.826491 0.832557 0.989503 0.942984 0.980281 0.809089 0.996804 0.872789 0.895194 0.918828 0.849661 0.814315 0.491257 0.510939 0.573288 0.480625 0.981851 0.842279 0.799133 0.919608 0.610762 0.588155 0.654405 0.560156 0.670872 0.657392 0.832604 0.585541 0.704214 0.775293 0.935230 0.949925 0.973811 0.756528 0.667274 0.720341 0.828319 0.894275
0.715993 0.713637 0.817009 0.813117 0.777429 0.675221 0.563532 0.538521 0.476526 0.000000 0.742205 0.776728 0.760604 0.765755 0.674314 0.625824 0.668851 0.595182 0.679735 0.730744 0.985316 0.903534 0.809801 0.908838 0.799704 0.953397 0.940861 0.911749 0.651032 0.686584 0.771341 0.745864 0.743316 0.638695 0.970321 0.973782 0.826536 0.916504 0.994201 0.872223 0.819022 0.942593 0.480399 0.540136 0.490961 0.497639 0.858485 0.667066 0.769762 0.694988 0.589258 0.549304 0.595928 0.510499 0.877417 0.938546 0.689677 0.759032 0.645112 0.962604 0.697868 0.864449 0.804821 0.779403 0.993352 0.889781 0.654193 0.736661 0.997428 0.881674 0.471905 0.473211 0.762096 0.710103 0.898735 0.799661 0.510159 0.598936 0.722821 0.787445 0.832319 0.997297 0.909688 0.956221 0.952536 0.788033 0.875132 0.815010 0.789675 0.657850 0.393088 0.434745 0.435526 0.451091 0.833980 0.935869 0.590540 0.805748 0.482572 0.481027 0.598920 0.550499 0.455056 0.635132 0.815412 0.535136 0.868916 0.582430 0.971841 0.966790 0.828638 0.630317 0.543858 0.658673 0.647655 0.788105
0.411996 0.723716 0.540639 0.417017 0.906653 0.574769 0.376941 0.329987 0.676632 0.742205 0.000000 0.450504 0.335861 0.340684 0.724314 0.525316 0.677981 0.606603 0.286893 0.395536 0.966982 0.806511 0.574062 0.586044 0.876709 0.623515 0.932486 0.850443 0.566845 0.590842 0.463704 0.441366 0.370831 0.325116 0.643533 0.837375 0.719302 0.954935 0.867869 0.945394 0.918765 0.974729 0.548772 0.569075 0.619646 0.685220 0.562831 0.579974 0.942418 0.863317 0.849047 0.955754 0.856688 0.869682 0.811289 0.830463 0.651255 0.837016 0.592794 0.977657 0.320349 0.683515 0.403490 0.703378 0.674810 0.508862 0.411557 0.425873 0.983916 0.996426 0.560001 0.603684 0.834034 0.727902 0.911388 0.762453 0.625043 0.657342 0.847723 0.732448 0.668477 0.612862 0.809294 0.910395 0.599265 0.639270 0.878116 0.830226 0.886087 0.906061 0.562952 0.752179 0.669691 0.744173 0.862691 0.711957 0.879296 0.887006 0.560004 0.524988 0.511508 0.607243 0.650471 0.588391 0.777929 0.772452 0.975704 0.867381 0.903947 0.898236 0.909674 0.757943 0.761227 0.972081 0.900201 0.836004
0.359570 0.430925 0.921097 0.724603 0.891642 0.600297 0.626776 0.454643 0.795565 0.776728 0.450504 0.000000 0.651346 0.547811 0.966738 0.579815 0.412299 0.330169 0.514403 0.412902 0.865193 0.851331 0.851122 0.813228 0.966240 0.816052 0.960422 0.972749 0.451707 0.367653 0.694959 0.651033 0.423400 0.472724 0.841586 0.843649 0.650903 0.781641 0.899301 0.867103 0.736894 0.861025 0.691823 0.657202 0.516946 0.579241 0.731893 0.653493 0.758258 0.750086 0.740545 0.790601 0.838739 0.822732 0.903446 0.865260 0.406799 0.465264 0.554346 0.705756 0.444133 0.363349 0.469094 0.373953 0.999944 0.563696 0.576119 0.513546 0.741032 0.575428 0.760497 0.714531 0.729204 0.630295 0.831725 0.793217 0.742062 0.818250 0.648175 0.580419 0.349558 0.421784 0.683340 0.642630 0.848164 0.757262 0.991012 0.982098 0.939138 0.884953 0.671210 0.937440 0.734290 0.897821 0.757680 0.903058 0.761480 0.851097 0.586443 0.642421 0.644589 0.697324 0.576632 0.635123 0.764769 0.826478 0.961403 0.943841 0.920431 0.955665 0.906757 0.711019 0.895770 0.904995 0.770293 0.968413
0.541561 0.880667 0.408387 0.369731 0.811055 0.691373 0.352187 0.413152 0.655131 0.760604 0.335861 0.651346 0.000000 0.300280 0.445259 0.441772 0.891606 0.746035 0.342276 0.470329 0.800468 0.952370 0.380787 0.466845 0.772174 0.632429 0.879657 0.796898 0.709420 0.694676 0.473068 0.442719 0.398829 0.350512 0.631894 0.797305 0.836324 0.988157 0.896842 0.992694 0.984965 0.870048 0.557995 0.578624 0.780293 0.837996 0.574896 0.620998 0.844802 0.963894 0.967976 0.976929 0.953316 0.843992 0.775432 0.951982 0.813702 0.997856 0.551934 0.988296 0.324502 0.941570 0.367373 0.844741 0.485789 0.546268 0.386300 0.534473 0.928297 0.955712 0.486971 0.565902 0.966389 0.883166 0.920215 0.737979 0.618305 0.582081 0.992635 0.822668 0.860556 0.830292 0.741855 0.817239 0.473741 0.559883 0.758540 0.858376 0.827879 0.929353 0.537680 0.653083 0.685534 0.613825 0.933061 0.764290 0.934716 0.921244 0.568326 0.561843 0.591702 0.625165 0.705260 0.637936 0.759852 0.727045 0.919305 0.783736 0.858985 0.865453 0.961577 0.780662 0.845229 0.949711 0.958032 0.823284
0.487654 0.753054 0.505138 0.379523 0.827754 0.748946 0.403596 0.370499 0.755953 0.765755 0.340684 0.547811 0.300280 0.000000 0.516196 0.394337 0.810205 0.627854 0.340733 0.399696 0.898030 0.986462 0.436289 0.445503 0.726569 0.670227 0.915538 0.755811 0.635343 0.564870 0.400457 0.380958 0.309685 0.314957 0.616081 0.696182 0.665994 0.995969 0.792995 0.914220 0.977848 0.882034 0.587420 0.629128 0.747615 0.820544 0.671309 0.642568 0.857202 0.961253 0.901304 0.993295 0.947103 0.899171 0.938333 0.995317 0.679721 0.847287 0.575117 0.996807 0.354168 0.817028 0.341739 0.707779 0.581375 0.481623 0.396538 0.429320 0.908191 0.976852 0.568739 0.500260 0.933550 0.787490 0.812708 0.727809 0.655448 0.673062 0.839823 0.755281 0.729182 0.719128 0.606331 0.950237 0.487148 0.479737 0.817371 0.810066 0.786396 0.839059 0.550927 0.787441 0.649025 0.765574 0.905581 0.687652 0.894891 0.914726 0.564711 0.588276 0.520766 0.649262 0.697841 0.713480 0.730475 0.775523 0.984969 0.831427 0.798021 0.874472 0.873681 0.836282 0.878303 0.982060 0.922466 0.843076
0.874752 0.909551 0.495235 0.560803 0.743555 0.922211 0.530374 0.678060 0.701916 0.674314 0.724314 0.966738 0.445259 0.516196 0.000000 0.502616 0.908597 0.954719 0.685058 0.800922 0.833331 0.934290 0.421636 0.656098 0.788744 0.765295 0.765130 0.748628 0.903496 0.878283 0.579865 0.636284 0.673320 0.633160 0.745131 0.832077 0.905948 0.996268 0.873256 0.992219 0.885380 0.804873 0.712704 0.785824 0.877362 0.931709 0.861992 0.805844 0.777863 0.890345 0.965326 0.892038 0.898595 0.772829 0.987332 0.887176 0.971087 0.878781 0.686228 0.929940 0.547887 0.841063 0.639140 0.987461 0.497678 0.749743 0.564498 0.731013 0.746924 0.867290 0.578040 0.539879 0.893497 0.958800 0.991635 0.867739 0.682632 0.714823 0.997331 0.997153 0.878486 0.826054 0.774229 0.811809 0.545673 0.711483 0.684989 0.926612 0.949105 0.991738 0.582301 0.593682 0.683830 0.535252 0.921326 0.932396 0.973195 0.891105 0.694632 0.734049 0.812790 0.722250 0.801564 0.822586 0.768670 0.701992 0.811239 0.711154 0.908161 0.754798 0.945990 0.827742 0.934792 0.935617 0.969534 0.887737
0.545725 0.684746 0.588072 0.558209 0.819534 0.695210 0.460704 0.456362 0.629824 0.625824 0.525316 0.579815 0.441772 0.394337 0.502616 0.000000 0.721543 0.563550 0.505289 0.513182 0.780405 0.902915 0.503340 0.633793 0.794140 0.584797 0.935114 0.911410 0.561634 0.486654 0.497926 0.457742 0.407630 0.428856 0.763627 0.746079 0.673177 0.842550 0.947519 0.885385 0.961719 0.897493 0.589007 0.621205 0.649905 0.677845 0.741386 0.671982 0.972685 0.902496 0.754506 0.752400 0.823385 0.716690 0.985227 0.992804 0.668703 0.768768 0.580394 0.852819 0.388561 0.682456 0.546953 0.687161 0.669130 0.529865 0.529807 0.563107 0.930801 0.909308 0.637302 0.554088 0.913863 0.785242 0.824874 0.789298 0.656450 0.758493 0.736061 0.612303 0.654564 0.750043 0.689876 0.940300 0.580854 0.628243 0.835723 0.997548 0.979465 0.931584 0.504775 0.745841 0.617240 0.646658 0.822702 0.895763 0.737157 0.860975 0.538110 0.648723 0.571511 0.647612 0.682437 0.788159 0.766357 0.831880 0.836073 0.828553 0.888062 0.913917 0.839451 0.649839 0.822481 0.962851 0.877738 0.885324
0.373936 0.273002 0.809642 0.995641 0.966206 0.664653 0.847543 0.623755 0.863243 0.668851 0.677981 0.412299 0.891606 0.810205 0.908597 0.721543 0.000000 0.280697 0.703190 0.574886 0.947437 0.864838 0.851354 0.917826 0.890773 0.918437 0.948947 0.973799 0.465051 0.400156 0.889116 0.798964 0.696374 0.641173 0.954268 0.980972 0.781737 0.781800 0.954557 0.738959 0.724210 0.782053 0.690713 0.597777 0.532626 0.517579 0.809544 0.771739 0.633530 0.648532 0.624291 0.668758 0.823259 0.819780 0.984356 0.795816 0.271691 0.284852 0.730195 0.763673 0.768096 0.493237 0.666715 0.371053 0.689652 0.832527 0.791980 0.741036 0.579840 0.566770 0.790345 0.784533 0.730656 0.641249 0.873113 0.677959 0.781219 0.849980 0.646227 0.626506 0.287630 0.479310 0.747964 0.559869 0.873534 0.994693 0.922255 0.855472 0.912107 0.978702 0.741271 0.927707 0.761468 0.959330 0.641524 0.965086 0.645726 0.708426 0.590270 0.611750 0.739613 0.768829 0.544382 0.607519 0.748647 0.867882 0.931057 0.869060 0.979901 0.837606 0.799243 0.542060 0.778803 0.816530 0.725830 0.820526
0.360185 0.284012 0.946127 0.850479 0.915288 0.605567 0.693644 0.500174 0.829188 0.595182 0.606603 0.330169 0.746035 0.627854 0.954719 0.563550 0.280697 0.000000 0.571246 0.507516 0.922315 0.943317 0.978655 0.934336 0.925533 0.923810 0.965387 0.963438 0.434375 0.309404 0.748868 0.623857 0.531786 0.551347 0.987813 0.856837 0.726095 0.836045 0.998962 0.804486 0.805713 0.875122 0.606640 0.547375 0.473141 0.463978 0.761683 0.667289 0.709835 0.684832 0.650202 0.657086 0.820854 0.803607 0.970443 0.885119 0.256578 0.311607 0.694650 0.797548 0.621696 0.473692 0.565241 0.326380 0.837102 0.698612 0.646292 0.626843 0.681527 0.578744 0.693119 0.665628 0.746977 0.619662 0.852782 0.717966 0.699769 0.739322 0.490223 0.493768 0.266483 0.465270 0.665602 0.636982 0.976355 0.885551 0.966492 0.873265 0.986469 0.983551 0.610458 0.855909 0.637169 0.863013 0.744720 0.899632 0.600185 0.828522 0.503436 0.553322 0.624853 0.682860 0.496688 0.613016 0.711387 0.793232 0.884804 0.914780 0.982933 0.873706 0.818128 0.538975 0.782802 0.819031 0.719452 0.884090
0.411850 0.648949 0.445508 0.328053 0.888565 0.560614 0.277422 0.242343 0.738652 0.679735 0.286893 0.514403 0.342276 0.340733 0.685058 0.505289 0.703190 0.571246 0.000000 0.337663 0.968783 0.873443 0.512321 0.494825 0.773418 0.596361 0.965222 0.856309 0.573922 0.634229 0.401337 0.357495 0.319103 0.270994 0.639417 0.824786 0.792013 0.995382 0.889383 0.969105 0.929491 0.865545 0.409737 0.440371 0.550813 0.594431 0.494892 0.474358 0.898409 0.801850 0.834084 0.880143 0.896245 0.891746 0.765274 0.839831 0.614495 0.819029 0.590368 0.995262 0.417650 0.778951 0.481496 0.806109 0.641408 0.478672 0.353373 0.384843 0.978526 0.933185 0.503897 0.564807 0.836445 0.683611 0.798172 0.679952 0.567564 0.626194 0.759651 0.689088 0.721846 0.579537 0.723448 0.988891 0.553469 0.601206 0.842418 0.836153 0.840340 0.913932 0.483305 0.664423 0.596924 0.733220 0.838030 0.759397 0.776833 0.861167 0.433990 0.420792 0.504858 0.516805 0.602136 0.565867 0.692133 0.742667 0.967565 0.810270 0.908129 0.860807 0.945324 0.659838 0.670904 0.920516 0.904079 0.904493
0.375287 0.512830 0.655231 0.471603 0.899461 0.595366 0.438222 0.307847 0.732157 0.730744 0.395536 0.412902 0.470329 0.399696 0.800922 0.513182 0.574886 0.507516 0.337663 0.000000 0.887492 0.977504 0.689840 0.610584 0.809478 0.681398 0.917260 0.863768 0.451214 0.592887 0.559857 0.464915 0.322565 0.347739 0.749012 0.811197 0.717006 0.964585 0.903585 0.929223 0.878382 0.964776 0.481261 0.490927 0.533223 0.566728 0.510993 0.541028 0.751371 0.710084 0.699640 0.792560 0.802666 0.830709 0.811905 0.817265 0.517799 0.621499 0.521845 0.800479 0.488956 0.596081 0.504141 0.705798 0.762725 0.519669 0.477487 0.464159 0.731050 0.767656 0.587407 0.634025 0.712979 0.598553 0.780587 0.634469 0.588488 0.668030 0.784892 0.674702 0.571017 0.438349 0.612257 0.816672 0.629267 0.611015 0.776016 0.803014 0.903827 0.871356 0.564969 0.788962 0.689358 0.844104 0.755827 0.874088 0.785172 0.806945 0.482633 0.450782 0.590286 0.609795 0.554031 0.573497 0.647632 0.754405 0.978510 0.868206 0.806678 0.998573 0.898421 0.656312 0.717926 0.898792 0.869362 0.998906
0.921588 0.980612 0.873111 0.951493 0.838970 0.833389 0.876794 0.947445 0.864049 0.985316 0.966982 0.865193 0.800468 0.898030 0.833331 0.780405 0.947437 0.922315 0.968783 0.887492 0.000000 0.959083 0.859395 0.906881 0.928913 0.931449 0.913845 0.899742 0.970344 0.897246 0.895452 0.960364 0.815796 0.862872 0.997466 0.775389 0.900991 0.794663 0.996931 0.784531 0.881487 0.946141 0.961405 0.989746 0.989982 0.972693 0.976934 0.951817 0.897523 0.882374 0.997779 0.967699 0.945936 0.871023 0.959483 0.997705 0.970068 0.971281 0.747751 0.722621 0.736068 0.897804 0.902664 0.927230 0.780505 0.777456 0.828528 0.824139 0.925465 0.952443 0.806904 0.926808 0.981377 0.934806 0.908996 0.872794 0.909413 0.846974 0.976557 0.827682 0.886197 0.992765 0.962621 0.962985 0.880617 0.830377 0.853305 0.841276 0.951034 0.922151 0.877041 0.902799 0.914039 0.802608 0.977472 0.862935 0.942486 0.927720 0.833070 0.971819 0.902212 0.955957 0.984952 0.933322 0.942198 0.820936 0.869959 0.992167 0.969486 0.983363 0.860643 0.788247 0.916605 0.973646 0.870159 0.903874
0.921798 0.934351 0.999149 0.961986 0.905714 0.891020 0.871805 0.883990 0.902324 0.903534 0.806511 0.851331 0.952370 0.986462 0.934290 0.902915 0.864838 0.943317 0.873443 0.977504 0.959083 0.000000 0.979010 0.919238 0.847111 0.826495 0.787340 0.841237 0.854711 0.888091 0.964929 0.973434 0.909940 0.911077 0.999738 0.995517 0.862341 0.830128 0.923315 0.852224 0.906131 0.970389 0.893154 0.965375 0.925364 0.914506 0.950798 0.966847 0.891616 0.875152 0.987849 0.979356 0.908939 0.951368 0.964053 0.831262 0.962975 0.986422 0.937397 0.999046 0.910266 0.865605 0.968076 0.978262 0.983382 0.947063 0.929658 0.885983 0.950630 0.975637 0.971732 0.969568 0.834320 0.980101 0.909503 0.992515 0.996089 0.878763 0.924695 0.969895 0.905028 0.982358 0.848675 0.978426 0.968088 0.878003 0.943833 0.936061 0.935740 0.842718 0.981900 0.985254 0.981348 0.925485 0.934611 0.891435 0.993219 0.978348 0.958803 0.988932 0.881231 0.856087 0.962785 0.954073 0.818352 0.982885 0.904659 0.952262 0.981607 0.890205 0.961358 0.899549 0.881524 0.983340 0.903363 0.936166
0.880850 0.862853 0.306390 0.340358 0.863520 0.920468 0.384402 0.521798 0.761759 0.809801 0.574062 0.851122 0.380787 0.436289 0.421636 0.503340 0.851354 0.978655 0.512321 0.689840 0.859395 0.979010 0.000000 0.378252 0.560477 0.584116 0.832900 0.897889 0.928326 0.841938 0.384266 0.423004 0.474085 0.443027 0.576164 0.671014 0.808440 0.985592 0.789774 0.917537 0.944710 0.681162 0.755643 0.804005 0.953092 0.990933 0.754388 0.732035 0.706185 0.796278 0.964310 0.994003 0.992424 0.862155 0.907400 0.920722 0.884395 0.801774 0.713076 0.938973 0.434528 0.987325 0.583761 0.965186 0.362197 0.455702 0.460077 0.501520 0.748193 0.770562 0.628380 0.603734 0.877756 0.988597 0.891063 0.858370 0.756282 0.711896 0.938214 0.866701 0.901526 0.982760 0.745292 0.736900 0.358585 0.489721 0.750914 0.801868 0.811328 0.812963 0.667488 0.731196 0.742228 0.668559 0.934150 0.865715 0.972282 0.936376 0.791147 0.741034 0.694894 0.677527 0.972159 0.854635 0.832493 0.763022 0.987661 0.837598 0.989855 0.754568 0.962129 0.983147 0.986570 0.931936 0.989990 0.842513
0.847311 0.982563 0.422870 0.308840 0.910466 0.874790 0.505424 0.540625 0.940660 0.908838 0.586044 0.813228 0.466845 0.445503 0.656098 0.633793 0.917826 0.934336 0.494825 0.610584 0.906881 0.919238 0.378252 0.000000 0.448123 0.591700 0.884926 0.815634 0.907918 0.816652 0.438297 0.408766 0.485620 0.468305 0.664776 0.771586 0.943764 0.957768 0.740430 0.995862 0.830270 0.670037 0.774000 0.789500 0.938857 0.991556 0.721479 0.726132 0.827602 0.862569 0.959453 0.867781 0.854607 0.930136 0.749707 0.996536 0.990138 0.882024 0.843396 0.972491 0.570899 0.924135 0.661037 0.945210 0.467793 0.443580 0.570642 0.539209 0.908013 0.765548 0.796991 0.827491 0.893239 0.956419 0.829874 0.852090 0.870076 0.794486 0.964214 0.821090 0.999758 0.774938 0.635033 0.944344 0.410973 0.331459 0.766599 0.556616 0.710380 0.689987 0.863445 0.962015 0.953752 0.997295 0.952052 0.863475 0.980552 0.946713 0.841510 0.806538 0.746590 0.832511 0.977702 0.897553 0.842380 0.998368 0.878886 0.895317 0.874583 0.806702 0.916005 0.970300 0.927932 0.890943 0.945060 0.749240
0.950228 0.990746 0.627613 0.597329 0.985993 0.986153 0.767526 0.803585 0.920234 0.799704 0.876709 0.966240 0.772174 0.726569 0.788744 0.794140 0.890773 0.925533 0.773418 0.809478 0.928913 0.847111 0.560477 0.448123 0.000000 0.662111 0.776343 0.923105 0.859184 0.957919 0.590173 0.535840 0.714790 0.703396 0.814624 0.749627 0.945984 0.997014 0.708507 0.947457 0.925134 0.681784 0.996395 0.988396 0.839387 0.844156 0.844683 0.921521 0.834246 0.809674 0.900638 0.784041 0.713832 0.775288 0.918732 0.885044 0.960509 0.963636 0.999120 0.856204 0.785956 0.959205 0.849086 0.891370 0.573658 0.616139 0.794060 0.737258 0.968244 0.755975 0.974112 0.960925 0.804655 0.852631 0.853544 0.874552 0.996084 0.946913 0.896186 0.848070 0.970242 0.813019 0.636078 0.998540 0.486845 0.465630 0.829640 0.766940 0.688921 0.601248 0.855344 0.811524 0.865454 0.776445 0.997764 0.907416 0.979899 0.921124 0.977687 0.991165 0.973309 0.971840 0.768273 0.852590 0.881392 0.889029 0.936715 0.907946 0.899424 0.963252 0.899910 0.987274 0.804122 0.791845 0.871027 0.793395
0.853594 0.936647 0.446906 0.480718 0.992268 0.813688 0.498553 0.546280 0.792838 0.953397 0.623515 0.816052 0.632429 0.670227 0.765295 0.584797 0.918437 0.923810 0.596361 0.681398 0.931449 0.826495 0.584116 0.591700 0.662111 0.000000 0.984346 0.907585 0.804491 0.908051 0.560983 0.551657 0.604386 0.630644 0.850980 0.730454 0.851319 0.911305 0.929710 0.993602 0.889012 0.811573 0.706719 0.786915 0.746731 0.762708 0.671500 0.721085 0.834545 0.878704 0.847959 0.951305 0.909794 0.942407 0.686120 0.942427 0.981025 0.929558 0.791456 0.887010 0.575900 0.807738 0.852761 0.874102 0.506401 0.525823 0.624379 0.613335 0.950630 0.823311 0.884106 0.790420 0.953190 0.876238 0.886637 0.969102 0.832738 0.757043 0.861485 0.803323 0.980936 0.779538 0.813498 0.965911 0.557430 0.619513 0.795119 0.764199 0.890120 0.967136 0.789156 0.895471 0.841437 0.860197 0.943405 0.856946 0.933263 0.915137 0.825332 0.784388 0.725251 0.823715 0.971328 0.958489 0.834103 0.903415 0.949656 0.978166 0.869141 0.976407 0.966374 0.858841 0.961577 0.894377 0.962913 0.840178
0.987728 0.991132 0.967832 0.950983 0.968167 0.982598 0.976754 0.924839 0.951888 0.940861 0.932486 0.960422 0.879657 0.915538 0.765130 0.935114 0.948947 0.965387 0.965222 0.917260 0.913845 0.787340 0.832900 0.884926 0.776343 0.984346 0.000000 0.761379 0.932139 0.996710 0.996502 0.997716 0.978654 0.968583 0.901123 0.827106 0.991635 0.891936 0.865364 0.960208 0.885690 0.983651 0.844183 0.891418 0.839870 0.809470 0.918967 0.879953 0.715772 0.784614 0.982707 0.901279 0.789875 0.957949 0.959658 0.892302 0.970438 0.983106 0.882583 0.710203 0.863017 0.996164 0.834170 0.912603 0.881827 0.819881 0.890071 0.886831 0.964217 0.937525 0.947241 0.923587 0.802150 0.797392 0.899395 0.982844 0.975583 0.887303 0.976391 0.982341 0.958203 0.946902 0.763813 0.817769 0.800673 0.743925 0.830869 0.958378 0.689065 0.810383 0.901675 0.904882 0.905294 0.989643 0.922999 0.897907 0.943563 0.814676 0.998851 0.997864 0.884768 0.914757 0.994303 0.953883 0.927195 0.976533 0.928155 0.816749 0.979505 0.854681 0.976958 0.953449 0.763128 0.898841 0.927783 0.884161
0.905725 0.918365 0.887572 0.756802 0.964051 0.831247 0.867782 0.876284 0.769029 0.911749 0.850443 0.972749 0.796898 0.755811 0.748628 0.911410 0.973799 0.963438 0.856309 0.863768 0.899742 0.841237 0.897889 0.815634 0.923105 0.907585 0.761379 0.000000 0.872119 0.998050 0.812228 0.921237 0.872786 0.869239 0.768619 0.881532 0.960871 0.957009 0.873252 0.949157 0.937203 0.998284 0.930159 0.889115 0.965363 0.974525 0.950925 0.945368 0.863406 0.918508 0.994082 0.950936 0.969099 0.963098 0.975620 0.982814 0.980565 0.838851 0.786313 0.958849 0.896406 0.838401 0.829883 0.925313 0.913860 0.949800 0.825755 0.908305 0.906196 0.978279 0.892213 0.828930 0.886593 0.875430 0.823822 0.975803 0.791480 0.948316 0.889234 0.904467 0.903694 0.928603 0.936553 0.873411 0.895177 0.860737 0.905760 0.900989 0.970971 0.988456 0.797527 0.831084 0.866675 0.808919 0.887261 0.941108 0.916914 0.851208 0.883874 0.876059 0.879091 0.825176 0.832330 0.777142 0.848407 0.942910 0.940482 0.834542 0.859227 0.759321 0.942740 0.894000 0.969577 0.858087 0.859606 0.932658
0.508641 0.470927 0.872842 0.742118 0.938037 0.778717 0.641985 0.486746 0.738019 0.651032 0.566845 0.451707 0.709420 0.635343 0.903496 0.561634 0.465051 0.434375 0.573922 0.451214 0.970344 0.854711 0.928326 0.907918 0.859184 0.804491 0.932139 0.872119 0.000000 0.487369 0.713396 0.715897 0.558943 0.602019 0.844530 0.947361 0.695884 0.903795 0.981074 0.802853 0.825158 0.928564 0.628383 0.586552 0.471269 0.458449 0.762740 0.638446 0.604622 0.600025 0.570599 0.616166 0.641588 0.699725 0.835095 0.719143 0.472582 0.499579 0.572560 0.825970 0.613768 0.540897 0.623443 0.579100 0.968103 0.753212 0.663127 0.677998 0.770917 0.547878 0.750894 0.663227 0.563661 0.529377 0.793411 0.683844 0.671366 0.781300 0.639842 0.747822 0.523366 0.599912 0.703421 0.686527 0.895744 0.889410 0.881501 0.949508 0.959003 0.883813 0.601791 0.860128 0.705760 0.794454 0.690036 0.901042 0.627969 0.881632 0.589617 0.578171 0.624606 0.749561 0.515241 0.664665 0.694530 0.876244 0.904726 0.785939 0.723436 0.946305 0.770976 0.728679 0.728489 0.758843 0.832616 0.987672
0.471499 0.405716 0.990381 0.859796 0.922451 0.727079 0.746401 0.592515 0.782818 0.686584 0.590842 0.367653 0.694676 0.564870 0.878283 0.486654 0.400156 0.309404 0.634229 0.592887 0.897246 0.888091 0.841938 0.816652 0.957919 0.908051 0.996710 0.998050 0.487369 0.000000 0.691634 0.629442 0.530480 0.553704 0.965837 0.937078 0.739624 0.803343 0.882977 0.743280 0.834553 0.877604 0.777865 0.703266 0.666707 0.648628 0.914000 0.770956 0.877318 0.876750 0.733927 0.769166 0.913531 0.843986 0.960890 0.964940 0.381854 0.409036 0.728253 0.782136 0.543733 0.473859 0.494380 0.323137 0.922707 0.675027 0.734755 0.683853 0.753877 0.675957 0.784615 0.753696 0.856403 0.756113 0.835853 0.801578 0.807162 0.781564 0.616208 0.501292 0.318766 0.577456 0.672391 0.692735 0.929962 0.785139 0.927189 0.937557 0.966393 0.927623 0.726864 0.996656 0.761611 0.930619 0.761973 0.899241 0.700446 0.942542 0.638113 0.746906 0.706108 0.805062 0.644580 0.803909 0.840553 0.897689 0.883892 0.981360 0.886243 0.877174 0.777692 0.632054 0.963761 0.866545 0.749507 0.939330
0.679468 0.896237 0.372909 0.324119 0.890178 0.822185 0.382690 0.407664 0.764301 0.771341 0.463704 0.694959 0.473068 0.400457 0.579865 0.497926 0.889116 0.748868 0.401337 0.559857 0.895452 0.964929 0.384266 0.438297 0.590173 0.560983 0.996502 0.812228 0.713396 0.691634 0.000000 0.374004 0.390432 0.383510 0.621094 0.735634 0.739314 0.965910 0.834980 0.947458 0.963333 0.769524 0.682967 0.684984 0.742198 0.814369 0.760062 0.719864 0.950335 0.975153 0.884292 0.979938 0.945781 0.927423 0.898265 0.960596 0.816640 0.934638 0.678490 0.941484 0.439852 0.831353 0.582359 0.908931 0.545608 0.493446 0.485515 0.467365 0.982394 0.991958 0.610715 0.504893 0.879180 0.675352 0.768850 0.769948 0.694940 0.762284 0.788173 0.738103 0.891846 0.816181 0.709787 0.943196 0.494652 0.530546 0.824380 0.811586 0.864316 0.862378 0.649253 0.802834 0.660604 0.816434 0.931552 0.838758 0.801628 0.913437 0.702909 0.637624 0.507007 0.655981 0.854392 0.825383 0.670297 0.848724 0.950306 0.825827 0.898042 0.901609 0.906557 0.876751 0.904506 0.910540 0.970100 0.878873
0.562261 0.745060 0.429721 0.355236 0.934605 0.667487 0.368968 0.356494 0.785211 0.745864 0.441366 0.651033 0.442719 0.380958 0.636284 0.457742 0.798964 0.623857 0.357495 0.464915 0.960364 0.973434 0.423004 0.408766 0.535840 0.551657 0.997716 0.921237 0.715897 0.629442 0.374004 0.000000 0.398654 0.344162 0.655423 0.729718 0.785530 0.893903 0.820284 0.999031 0.890033 0.795516 0.558574 0.534013 0.673931 0.697587 0.616607 0.538626 0.940524 0.896799 0.833845 0.909953 0.934422 0.913678 0.825780 0.965309 0.707413 0.857897 0.705502 0.996013 0.460987 0.772997 0.576958 0.857340 0.565287 0.466555 0.443336 0.458250 0.973410 0.908342 0.674809 0.600175 0.917060 0.759955 0.830426 0.724672 0.640732 0.638496 0.784156 0.612404 0.771902 0.654843 0.599285 0.940782 0.525480 0.512835 0.797417 0.793147 0.917565 0.822968 0.602093 0.788644 0.702058 0.796573 0.848299 0.806594 0.871690 0.892879 0.628913 0.582356 0.599099 0.633336 0.769601 0.723994 0.734533 0.835242 0.989474 0.909657 0.957378 0.935370 0.827520 0.785071 0.899436 0.956527 0.938810 0.894489
0.442592 0.649335 0.527617 0.402263 0.826368 0.630784 0.357482 0.292805 0.699420 0.743316 0.370831 0.423400 0.398829 0.309685 0.673320 0.407630 0.696374 0.531786 0.319103 0.322565 0.815796 0.909940 0.474085 0.485620 0.714790 0.604386 0.978654 0.872786 0.558943 0.530480 0.390432 0.398654 0.000000 0.308207 0.671976 0.687618 0.589315 0.818173 0.785392 0.889232 0.887818 0.871239 0.548522 0.584239 0.608484 0.688312 0.572844 0.627987 0.964478 0.922688 0.802786 0.905143 0.924204 0.877567 0.939582 0.867282 0.611645 0.729261 0.512509 0.799100 0.338970 0.620072 0.402115 0.670855 0.611769 0.371490 0.362840 0.330592 0.949859 0.858511 0.578954 0.500596 0.812012 0.687701 0.825332 0.729968 0.611297 0.726325 0.732276 0.619438 0.626810 0.579417 0.653671 0.897572 0.513304 0.510488 0.845887 0.830721 0.889390 0.874600 0.552253 0.804859 0.629715 0.814888 0.873365 0.781270 0.770348 0.858977 0.499773 0.540665 0.532683 0.597169 0.660369 0.675254 0.728685 0.792850 0.926859 0.881078 0.865021 0.968951 0.925568 0.727462 0.814233 0.900328 0.960403 0.878184
0.418270 0.637333 0.461940 0.351821 0.819133 0.565330 0.309437 0.265252 0.651761 0.638695 0.325116 0.472724 0.350512 0.314957 0.633160 0.428856 0.641173 0.551347 0.270994 0.347739 0.862872 0.911077 0.443027 0.468305 0.703396 0.630644 0.968583 0.869239 0.602019 0.553704 0.383510 0.344162 0.308207 0.000000 0.629784 0.780672 0.708187 0.840897 0.729830 0.997049 0.939099 0.793560 0.454632 0.456081 0.561450 0.620384 0.542701 0.514298 0.927017 0.830983 0.752036 0.802794 0.830687 0.778377 0.852055 0.998967 0.608247 0.775543 0.553275 0.853045 0.347927 0.690082 0.443769 0.722311 0.611760 0.388084 0.355544 0.334113 0.897556 0.955352 0.518593 0.538180 0.822080 0.687580 0.766988 0.653144 0.634528 0.632805 0.778315 0.624119 0.665958 0.577355 0.618821 0.918181 0.512666 0.533961 0.812793 0.854818 0.848533 0.883386 0.498093 0.702066 0.593001 0.714845 0.822710 0.803046 0.819012 0.826469 0.459300 0.474525 0.517221 0.556063 0.609580 0.565505 0.646315 0.712135 0.986155 0.789462 0.881977 0.898160 0.937890 0.658964 0.760907 0.956737 0.780442 0.891605
0.787186 0.913369 0.599520 0.560048 0.858837 0.924579 0.661074 0.705758 0.971470 0.970321 0.643533 0.841586 0.631894 0.616081 0.745131 0.763627 0.954268 0.987813 0.639417 0.749012 0.997466 0.999738 0.576164 0.664776 0.814624 0.850980 0.901123 0.768619 0.844530 0.965837 0.621094 0.655423 0.671976 0.629784 0.000000 0.751679 0.695395 0.968024 0.839708 0.990172 0.901464 0.978971 0.830088 0.821444 0.951709 0.994327 0.739709 0.858076 0.809652 0.939484 0.980631 0.979409 0.971173 0.983779 0.809978 0.932869 0.957447 0.897650 0.662784 0.964771 0.659695 0.997387 0.671692 0.995202 0.615212 0.663182 0.511084 0.581629 0.804564 0.917665 0.751977 0.725554 0.883399 0.798661 0.920606 0.818021 0.845518 0.904402 0.987423 0.975908 0.970229 0.920085 0.849309 0.941809 0.559844 0.662953 0.776744 0.968574 0.791213 0.881005 0.676243 0.814677 0.739250 0.714312 0.966716 0.787943 0.980386 0.849682 0.828007 0.833223 0.739421 0.742368 0.908231 0.828734 0.794376 0.796797 0.829149 0.702601 0.789011 0.900256 0.969686 0.858840 0.922285 0.938982 0.893980 0.741651
0.906214 0.960093 0.781027 0.743034 0.918329 0.966739 0.784533 0.802570 0.862393 0.973782 0.837375 0.843649 0.797305 0.696182 0.832077 0.746079 0.980972 0.856837 0.824786 0.811197 0.775389 0.995517 0.671014 0.771586 0.749627 0.730454 0.827106 0.881532 0.947361 0.937078 0.735634 0.729718 0.687618 0.780672 0.751679 0.000000 0.760322 0.874131 0.895265 0.908846 0.833499 0.956898 0.972907 0.963760 0.968308 0.960788 0.848469 0.936362 0.842930 0.917594 0.941888 0.984875 0.955967 0.992415 0.918965 0.908490 0.983101 0.917267 0.839290 0.783472 0.717334 0.834209 0.759121 0.904974 0.671051 0.586677 0.615552 0.590462 0.883440 0.978940 0.770027 0.770724 0.996961 0.864136 0.884152 0.992612 0.901073 0.975827 0.932251 0.979498 0.866840 0.848136 0.725210 0.973098 0.561573 0.573700 0.938602 0.899106 0.833905 0.896458 0.904686 0.993698 0.807717 0.936928 0.888163 0.806041 0.925653 0.730456 0.953294 0.968506 0.831863 0.850722 0.971346 0.894433 0.792660 0.847072 0.942277 0.975269 0.945811 0.979643 0.958150 0.973630 0.971404 0.776755 0.955957 0.964488
0.708415 0.851280 0.845869 0.820081 0.780677 0.937539 0.765492 0.704725 0.844361 0.826536 0.719302 0.650903 0.836324 0.665994 0.905948 0.673177 0.781737 0.726095 0.792013 0.717006 0.900991 0.862341 0.808440 0.943764 0.945984 0.851319 0.991635 0.960871 0.695884 0.739624 0.739314 0.785530 0.589315 0.708187 0.695395 0.760322 0.000000 0.776867 0.842851 0.769000 0.705035 0.827097 0.890945 0.903015 0.811324 0.911305 0.877198 0.986687 0.966228 0.984380 0.777787 0.908878 0.852373 0.875188 0.883981 0.993228 0.776131 0.776299 0.599877 0.754609 0.643242 0.712708 0.682681 0.726048 0.945751 0.720072 0.677277 0.565922 0.992672 0.937007 0.853593 0.617501 0.806429 0.770042 0.922205 0.865976 0.875278 0.902612 0.812357 0.789226 0.756857 0.918026 0.795338 0.793639 0.849356 0.882521 0.939951 0.883309 0.883069 0.972467 0.768894 0.920977 0.741244 0.890077 0.695527 0.883948 0.860723 0.908074 0.801178 0.861185 0.775133 0.861981 0.810750 0.903550 0.860438 0.864566 0.954818 0.783900 0.822490 0.836066 0.803521 0.948747 0.984468 0.926350 0.947859 0.889657
0.842528 0.894621 0.969831 0.971214 0.835023 0.887510 0.952967 0.938813 0.777177 0.916504 0.954935 0.781641 0.988157 0.995969 0.996268 0.842550 0.781800 0.836045 0.995382 0.964585 0.794663 0.830128 0.985592 0.957768 0.997014 0.911305 0.891936 0.957009 0.903795 0.803343 0.965910 0.893903 0.818173 0.840897 0.968024 0.874131 0.776867 0.000000 0.879161 0.811482 0.854159 0.945555 0.997444 0.974763 0.884051 0.960271 0.983561 0.979697 0.975978 0.934798 0.983754 0.973197 0.993381 0.990669 0.896812 0.998518 0.858466 0.851912 0.784959 0.663488 0.778331 0.757587 0.865975 0.748296 0.979391 0.824791 0.860669 0.815206 0.987237 0.896071 0.979206 0.860461 0.953453 0.984749 0.957105 0.920158 0.902625 0.870066 0.986569 0.903328 0.814726 0.940775 0.899291 0.987195 0.995785 0.969131 0.966997 0.806018 0.960781 0.756520 0.903737 0.999498 0.841305 0.926894 0.946073 0.946497 0.926665 0.889304 0.891249 0.998747 0.953242 0.983745 0.976813 0.963717 0.902339 0.894469 0.834330 0.959785 0.895596 0.935470 0.888831 0.836053 0.885692 0.886356 0.910320 0.993613
